headline,mainEntityOfPage,image,datePublished,dateModified,author,media_en,media_jp,str_count,body,images,external_links
運気アップの秘訣は日頃の邪気祓い！具体的な１日のルーティンを真似して開運を目指そう！【書評】（ダ・ヴィンチWeb）,https://news.yahoo.co.jp/articles/aa6e3f6bed1984d273d0a985433c9874e3e9a029,https://newsatcl-pctr.c.yimg.jp/t/amd-img/20241217-01478795-davincin-000-1-view.jpg?exp=10800,2024-12-17T19:00:00+09:00,2024-12-17T19:00:00+09:00,ダ・ヴィンチWeb,davincin,ダ・ヴィンチWeb,1279,『360度ぐるりと開運する！最強の邪気払い』（大木ゆきの/KADOKAWA） 今年一年、何かとうまくいかないことが続いた――心身の疲れが取れず、人間関係に悩み、仕事も思い通りに進まない。そんな不調の裏に「邪気」の存在が潜んでいるとしたら？ 『360度ぐるりと開運する！最強の邪気払い』（大木ゆきの/KADOKAWA）は、運気を下げる原因とされる「邪気」を祓い、日常生活を整えて開運へと導くための知恵が詰まった一冊だ。 著者によれば、「邪気」とは目に見えないエネルギーの一種で、私たちの心身や運気に悪影響を及ぼすものらしい。これは人のネガティブな感情や思考、あるいは環境の乱れから発生し、放置すると不調や停滞感につながるのだそう。スピリチュアルな話に抵抗がある人には、少し奇抜に感じるかもしれない。しかし、本書で紹介されている開運法の多くは、理にかなった日常的な「NG行動の改善策」として実践できる内容だ。 たとえば、仕事の忙しさにかまけて部屋を散らかしたままにしたり、掃除を怠ったりしていないだろうか。本書によれば、風通しの悪い場所や、清潔さを欠いた環境は、邪気を発しやすいという。幸運を引き寄せるためには、何よりも掃除と整理整頓が大事だと著者は説く。 とはいえ、掃除や片付けが苦手だと、何から手を付ければいいのか悩んでしまうだろう。そんな人のために本書では、「どこか1か所だけでも、寝る前に片付ける」など、著者の経験をもとにした“無理なく始められる工夫”が満載だ。また、心身が疲れ切っていると、つい入浴を後回しにして寝落ちしてしまったり、身だしなみに気を配る余裕がなくなりがち。しかし、こうした行動が知らず知らずのうちに運気の低下を招いている可能性があるという。お風呂にゆっくり浸かるだけでも、邪気祓いの効果が期待できるそうだ。 日常のNG行動を避け、ポジティブな変化を得たい人のために、「邪気祓い1日のルーティーン」も記載されている。朝・昼・夜、それぞれの時間帯で実践すべき具体的な行動が丁寧に紹介されており、実用性が高く日々の生活に役立つ内容となっている。 さらに、「運気を高めるアイテムについても知りたい！」という読者に向けて、邪気を祓うとされる場所・食べ物・香り、さらにはパワーストーンについても解説されている。パワーストーンには身につけるだけで効果がありそうなイメージを抱きがちだが、著者曰く、「パワーストーンはあくまでサブツール」。いちばん大事なのはやはり、環境整備と自分自身のあり方だ。 本書には邪気祓いの具体的な方法として、「宇宙とつながってオーダーメイドのシールドを張る」という、独特のアプローチも取り上げられている。一見特殊に思える手法だが、要は外部からの悪影響を防ぎ、自分自身を守るためのイメージトレーニングのような役割を果たしているのだ。 日々の何気ない習慣や行動が、運気を下げる原因かもしれない。本書を参考に、できることから生活に取り入れてみよう。心と環境を整えることで、新しい年をより良い気持ちで迎えられるだろう。 文＝倉本菜生,[],[]
「本命星」ごとの毎月の過ごし方や「旅行風水」も解説！風水的開運術『李家幽竹の幸せ風水　2025年版』【書評】（ダ・ヴィンチWeb）,https://news.yahoo.co.jp/articles/b349728953189eab01a1d547d807060232327f8e,https://newsatcl-pctr.c.yimg.jp/t/amd-img/20241217-01479781-davincin-000-1-view.png?fmt=jpeg&q=85&exp=10800,2024-12-17T17:42:00+09:00,2024-12-17T17:42:00+09:00,ダ・ヴィンチWeb,davincin,ダ・ヴィンチWeb,1357,『李家幽竹の幸せ風水 2025年版』（李家幽竹/世界文化社） 身の回りや心が乱れていて風水に興味があるけれど、難しそうでチャレンジできていない人や、たくさんある情報の中でどれを選んだらいいかわからないという人も多いのではないだろうか。しかし、「来年こそ幸せを引き寄せたい……」そんな人にとっての風水の入り口となるのが『李家幽竹の幸せ風水 2025年版』（李家幽竹/世界文化社）だ。 『李家幽竹の幸せ風水 2025年版』は、2025年の風水的運勢に基づくアドバイスをまとめた1冊。著者は、韓国・李王朝の風水術を継承する風水師・李家幽竹。伝統的な風水理念を現代の悩める人々につなげる風水論が人気で、インテリアや人間関係、旅行など、日常で取り入れられる開運術を伝えている。 本書の特徴は、風水の知識よりも、具体的な行動に関するアドバイスを重視していること。風水論に基づいた2025年のあり方をわかりやすく説明した上で、「日常のルーティン」「ファッション」「インテリア」などのカテゴリー別に、幸せを引き寄せるための方法を伝えている。 著者によれば、2025年は、二黒土星が中宮に位置する「土」の年。自分が今まで形作っていた地層を見直して、クリーンで豊かな地層に塗り替えていく年だという。まず取り組むべきは、自分の今の土壌を理解すること。自身のこれまでの経験や人間関係、仕事、習慣、所有物などの「持ち物」を全部出すことで、手放すべきものや、不足しているものを把握できる。その「土台」を知った上で、ほぐしたり、養分を入れたりして、豊かな土壌を再び作っていくことが大切だと著者は語る。 その具体策として挙げられているのが、ルーティンの見直しや、新しい趣味・習慣の採用、また食事やファッションを変えることによる運のベース作りだ。日常生活の中にある不便やストレスを解消して、温泉や推し活など、自分が幸せを感じられる好きなことを日常的に行ったり、心地よさを感じるアイテムを身の回りに揃えたりすることで、土壌を豊かにできるという。電子決済メインなどのライフスタイルに合った財布選びなど、トレンドに応じたアドバイスも多く紹介されていて実践的だ。 これらの開運術を実践する上でのポイントとして著者が繰り返すのは、思い込みや固定観念から自由になること。ファッションやメイクも、「自分には似合わない」と敬遠せずに新しいスタイルやカラーにチャレンジすることで、目線が変わり、入ってくる運気も変わってくるという。 本書では、生まれた年で決まる「本命星」ごとに適した1年にわたる毎月の過ごし方や、土地の運気を持ち帰る「旅行風水」のポイントも解説。ベーシックな部分から、より深掘りして風水を取り入れたい上級者にとって有益な情報も満載だ。インテリア、ファッション、パワースポットなど、目次のワードで目を引いた部分だけ読んでも理解できるので、まずは興味のあるジャンルから風水を取り入れたいという人にもおすすめ。本のデザインがかわいいので、身近に置いておくだけで気持ちも上がりそう。今年1年、運気が気になったタイミングでページを開いてみるのもいいだろう。2025年、今年こそ一歩を踏み出したい、幸せを手にしたいと思っている人の背中を押す1冊だ。 文＝川辺美希,[],[]
