headline,mainEntityOfPage,image,datePublished,dateModified,author,media_en,media_jp,str_count,body,images,external_links
ホルムズ海峡の通航確保へ多国籍部隊創設案　UAEが数十カ国に参加呼びかけ　イギリス紙報じる（FNNプライムオンライン（フジテレビ系））,https://news.yahoo.co.jp/articles/57705b9cb52ea6dc3e3c187c73d06f7dfd0a7ca5,https://newsatcl-pctr.c.yimg.jp/t/amd-img/20260327-01121830-fnn-000-2-view.jpg?exp=10800,2026-03-27T23:54:26+09:00,2026-03-28T00:00:50+09:00,FNNプライムオンライン（フジテレビ系）,fnn,FNNプライムオンライン（フジテレビ系）,367,"FNNプライムオンライン
UAE（アラブ首長国連邦）が、事実上封鎖状態となっているホルムズ海峡での通航の安全確保に向け、多国籍部隊の創設を数十カ国に働きかけていると、イギリスのフィナンシャル・タイムズが報じました。

フィナンシャル・タイムズによりますと、UAEはイランによる攻撃から商船を守るため、「ホルムズ安全保障部隊」と呼ばれる多国籍部隊の創設を目指し、数十カ国に参加を呼びかけています。

UAEはアメリカやヨーロッパ諸国に対し、自国もこの部隊に参加する意向を伝えたとされています。

一方で、湾岸諸国の中でこの構想を支持しているのは現時点でバーレーンにとどまり、実現するかは不透明です。

また、UAEは国連安全保障理事会での決議も検討していますが、ロシアや中国が反対する可能性があると伝えています。
フジテレビ,国際取材部",[],[]
北海道で最大震度2の地震　北海道・斜里町（FNNプライムオンライン（フジテレビ系））,https://news.yahoo.co.jp/articles/c0dea11442bee28b40aacd4617251c5dc8e9ffad,https://newsatcl-pctr.c.yimg.jp/t/amd-img/20260327-01121829-fnn-000-1-view.jpg?exp=10800,2026-03-27T23:30:50+09:00,2026-03-27T23:30:50+09:00,FNNプライムオンライン（フジテレビ系）,fnn,FNNプライムオンライン（フジテレビ系）,188,"FNNプライムオンライン
3月27日23時26分、網走地方の深さ10キロメートルを震源とするマグニチュード3.2の地震があり、北海道斜里町で最大震度2の地震が観測されました。
地震に備えを…減災チェックリストはこちら
この地震による津波の心配はありません。

各地の震度は以下の通り。

【震度2】
・北海道
斜里町


【震度1】
・北海道
羅臼町
プライムオンライン編集部",[],[]
熊本県で最大震度1の地震　熊本県・水俣市（FNNプライムオンライン（フジテレビ系））,https://news.yahoo.co.jp/articles/612a86443d727333d1fcd39af04f59f73dd8ec67,https://newsatcl-pctr.c.yimg.jp/t/amd-img/20260327-01121826-fnn-000-1-view.jpg?exp=10800,2026-03-27T23:03:25+09:00,2026-03-27T23:03:25+09:00,FNNプライムオンライン（フジテレビ系）,fnn,FNNプライムオンライン（フジテレビ系）,177,"FNNプライムオンライン
3月27日22時57分、熊本県天草・芦北地方の深さ10キロメートルを震源とするマグニチュード1.8の地震があり、熊本県水俣市で最大震度1の地震が観測されました。
地震に備えを…減災チェックリストはこちら
この地震による津波の心配はありません。

各地の震度は以下の通り。

【震度1】
・熊本県
水俣市
プライムオンライン編集部",[],[]
国連人権高等弁務官がアメリカに調査結果公表を要求　イラン小学校空爆で160人以上死亡　アメリカ軍による誤爆か（FNNプライムオンライン（フジテレビ系））,https://news.yahoo.co.jp/articles/9ce59bd426349abc6630a0c8b10878142db616a5,https://newsatcl-pctr.c.yimg.jp/t/amd-img/20260327-01121825-fnn-000-1-view.jpg?exp=10800,2026-03-27T22:48:26+09:00,2026-03-27T22:48:26+09:00,FNNプライムオンライン（フジテレビ系）,fnn,FNNプライムオンライン（フジテレビ系）,310,"FNNプライムオンライン
国連のターク人権高等弁務官は、イランの小学校への攻撃をめぐり、アメリカに対し、調査結果の速やかな公表を求めました。

2026年2月、イラン南部で女子小学校が空爆され、160人以上が死亡していて、アメリカ軍による「誤爆」の疑いが高まっています。

こうした中、ターク人権高等弁務官は27日、国連人権理事会でビデオ演説し「攻撃を実行した側には、迅速・公正・透明かつ徹底的に調査し、責任を明らかにする義務がある」と指摘しました。

また、「どのような対立があっても、子どもを殺すことで解決することはない」と強調しました。

アメリカ側は、この攻撃について調査中としています。
フジテレビ,国際取材部",[],[]
和歌山県で最大震度2の地震　和歌山県・湯浅町（FNNプライムオンライン（フジテレビ系））,https://news.yahoo.co.jp/articles/d7d8a9c33d3bc34c5188850e523e3343aaa0b7ee,https://newsatcl-pctr.c.yimg.jp/t/amd-img/20260327-01121816-fnn-000-1-view.jpg?exp=10800,2026-03-27T22:12:30+09:00,2026-03-27T22:12:30+09:00,FNNプライムオンライン（フジテレビ系）,fnn,FNNプライムオンライン（フジテレビ系）,174,"FNNプライムオンライン
3月27日22時8分、和歌山県北部の深さ10キロメートルを震源とするマグニチュード2.8の地震があり、和歌山県湯浅町で最大震度2の地震が観測されました。
地震に備えを…減災チェックリストはこちら
この地震による津波の心配はありません。

各地の震度は以下の通り。

【震度2】
・和歌山県
湯浅町
プライムオンライン編集部",[],[]
BSフジが2027年1月下旬で4K放送を終了　2018年から放送　今秋からWOWWOWの無料配信サービスで4K番組を提供へ（FNNプライムオンライン（フジテレビ系））,https://news.yahoo.co.jp/articles/17a50eb7e5e9dff2174164629e02193fdc8db46c,https://newsatcl-pctr.c.yimg.jp/t/amd-img/20260327-01121815-fnn-000-1-thumb.jpg?exp=10800,2026-03-27T22:12:25+09:00,2026-03-27T22:12:25+09:00,FNNプライムオンライン（フジテレビ系）,fnn,FNNプライムオンライン（フジテレビ系）,284,"FNNプライムオンライン
BSフジは2027年1月下旬以降、4K放送を終了すると発表しました。

BSフジは2018年の4K放送開始以降、4Kの特徴を生かしたより鮮明で臨場感のある番組をこれまで放送してきました。

しかしここ数年はインターネット配信の急速な拡大など、視聴環境が変化し、4K放送を取り巻く状況が厳しさを増していました。

こうした状況を受け、BSフジは、2027年1月24日以降の4K放送業務認定の更新を行わないことを決定しました。

4Kの番組については、この秋からWOWOWの無料配信サービスで引き続き提供することにしています。
フジテレビ,経済部",[],[]
アメリカとイランの停戦直接会談が近くパキスタンで開催か　すでに間接的な接触も　ドイツ外相が明らかに（FNNプライムオンライン（フジテレビ系））,https://news.yahoo.co.jp/articles/833411407202edb3e7e163422d2dccf942e6b797,https://newsatcl-pctr.c.yimg.jp/t/amd-img/20260327-01121795-fnn-000-1-view.jpg?exp=10800,2026-03-27T20:54:25+09:00,2026-03-27T20:54:25+09:00,FNNプライムオンライン（フジテレビ系）,fnn,FNNプライムオンライン（フジテレビ系）,356,"FNNプライムオンライン
ドイツのワーデフール外相は27日、アメリカとイランの戦闘終結に向けた直接会談が、近くパキスタンで開かれる見通しだと明らかにしました。

ドイツの公共ラジオに出演したワーデフール外相は27日、アメリカとイランの間で、すでに間接的な接触が行われているとしたうえで、直接会談に向けた準備が進められていると述べました。

その上で、「直接会談は近いうちにパキスタンで開かれる予定だ」と述べ、双方はすでに第三者を通じて文書で初期的な立場をやり取りしているとの認識を示しました。

そして、両国の接触をこれを戦闘終結に向けた「希望の兆しだ」と評価しました。

また、アメリカのルビオ国務長官が、直接会談について、27日により具体的に説明する可能性があるとの見方も示しました。
フジテレビ,国際取材部",[],[]
プーチン大統領が新興財閥「オリガルヒ」に資金提供求める　ウクライナ戦闘継続へ戦費確保か　ロシア独立系メディア（FNNプライムオンライン（フジテレビ系））,https://news.yahoo.co.jp/articles/16abc9c4a529416a50816e07c759971a9ab6322e,https://newsatcl-pctr.c.yimg.jp/t/amd-img/20260327-01121785-fnn-000-1-view.jpg?exp=10800,2026-03-27T20:27:23+09:00,2026-03-27T20:27:23+09:00,FNNプライムオンライン（フジテレビ系）,fnn,FNNプライムオンライン（フジテレビ系）,531,"FNNプライムオンライン
ロシアの独立系メディアなどが、プーチン大統領が国内の新興財閥「オリガルヒ」らに対し、ウクライナとの戦闘継続に向けた資金提供を求めたと報じました。

ロシアの独立系メディア「ザ・ベル」などによりますと、プーチン大統領は26日、モスクワで大手企業の経営者や投資家など、いわゆる「オリガルヒ」と非公開の会合を開きました。

会合では、ウクライナとの戦闘継続とその資金確保について協議され、プーチン大統領は国家予算への自主的な資金提供を提案したということです。

また、イギリスのフィナンシャル・タイムズは、プーチン大統領が「ウクライナ東部ドンバス地域のロシアが支配していないすべての地域を掌握するまで戦闘を続ける」と述べたと報じています。

プーチン大統領がオリガルヒに直接、資金提供を求めたのは初めてだと報じています。

さらにプーチン大統領は、「ウクライナがドンバスからの撤退を拒否したためこの決定が必要になった」と説明したということです。

提案を受け、投資家の1人は約1000億ルーブル、日本円で約2000億円の寄付を約束したとされています。

ロシアでは戦闘の長期化により財政負担が一段と強まっていて、戦費の確保が狙いとみられます。",[],[]
熊本県で最大震度2の地震　熊本県・水俣市（FNNプライムオンライン（フジテレビ系））,https://news.yahoo.co.jp/articles/02af0e58635f595c5353484b21f2bc189586ca5c,https://newsatcl-pctr.c.yimg.jp/t/amd-img/20260327-01121769-fnn-000-1-view.jpg?exp=10800,2026-03-27T19:54:28+09:00,2026-03-27T19:54:28+09:00,FNNプライムオンライン（フジテレビ系）,fnn,FNNプライムオンライン（フジテレビ系）,199,"FNNプライムオンライン
3月27日19時51分、熊本県天草・芦北地方の深さ10キロメートルを震源とするマグニチュード2.3の地震があり、熊本県水俣市で最大震度2の地震が観測されました。
地震に備えを…減災チェックリストはこちら
この地震による津波の心配はありません。

各地の震度は以下の通り。

【震度2】
・熊本県
水俣市


【震度1】
・熊本県
津奈木町　球磨村
プライムオンライン編集部",[],[]
都内で火災相次ぐ　マンション5階に取り残され緊迫の救助　住宅街では未明の火事「逃げ遅れた人がいる」住宅5棟焼ける（FNNプライムオンライン（フジテレビ系））,https://news.yahoo.co.jp/articles/c559781aaea24d2abe6411ee8fe85887a7840c98,https://newsatcl-pctr.c.yimg.jp/t/amd-img/20260327-01121762-fnn-000-1-thumb.jpg?exp=10800,2026-03-27T19:51:26+09:00,2026-03-27T19:51:26+09:00,FNNプライムオンライン（フジテレビ系）,fnn,FNNプライムオンライン（フジテレビ系）,346,"FNNプライムオンライン
東京・中央区で撮影されたのは、緊迫する救助の瞬間。

26日午後5時過ぎに撮影された映像では、マンションの5階部分から火が上がり、窓から大量の黒煙があふれ出しています。

救助に駆けつけた消防隊員。
ベランダには人影が確認できます。

警視庁によりますと、この火事で一時、70代の男性が取り残されましたが、救助に成功。
けがはなかったということです。

一方、日付が変わった27日、目黒区自由が丘の住宅街では、空が赤く染まり火の粉がまっていました。

午前0時半ごろ、住宅5棟が燃える火事が発生。
「火事で逃げ遅れた人がいます」と119番通報がありました。

この火事で、火元の家に住む70代くらいの男性と、隣接する家に住む80代くらいの女性の死亡が確認されました。",[],[]
タクシー会社敷地内で“トラブル”注意され逆上し運転手を殴打か　前歯・顎を骨折する全治2年の重傷　24歳の男逮捕　東京・板橋区（FNNプライムオンライン（フジテレビ系））,https://news.yahoo.co.jp/articles/d5f43f34d6e1cd893c000e52e178cc85fc76c2ff,https://newsatcl-pctr.c.yimg.jp/t/amd-img/20260327-01121754-fnn-000-1-thumb.jpg?exp=10800,2026-03-27T19:45:37+09:00,2026-03-27T19:45:37+09:00,FNNプライムオンライン（フジテレビ系）,fnn,FNNプライムオンライン（フジテレビ系）,393,"FNNプライムオンライン
東京・板橋警察署でカメラが捉えたのは、のしのしとゆっくり歩く男。
職業不詳の福田琉斗容疑者です。

40代のタクシー運転手の男性を殴り、大けがをさせた疑いが持たれています。

事件があったのは2025年12月。
福田容疑者ら2人は、トラブルになっていた男女3人を追いかけ、板橋区のタクシー会社の敷地内に侵入。

そこで現れたのがタクシー運転手の男性です。

「外でやってくれないか」と注意されると、福田容疑者は腹を立て、犯行に及んだとみられています。

タクシー運転手の男性は、前歯や顎などを折られたほか、神経障害となるなど全治2年の重傷です。

犯行後、福田容疑者は逃走していました。
調べに対し「相手がのびたあと、それ以上タコ殴りはしていない」と供述。

また、福田容疑者は「断片的だが殴ったことは覚えている」と供述するなど容疑を認めているということです。",[],[]
「非常に憤り」無人スイーツ店で”ドバイ餅” 総額約2万6000円分を大量窃盗か　右手に手袋のようなものつけ物色（FNNプライムオンライン（フジテレビ系））,https://news.yahoo.co.jp/articles/7db0ab32583b4587dad7ec03931dd9629f41eee3,https://newsatcl-pctr.c.yimg.jp/t/amd-img/20260327-01121748-fnn-000-1-thumb.jpg?exp=10800,2026-03-27T19:42:26+09:00,2026-03-27T19:42:26+09:00,FNNプライムオンライン（フジテレビ系）,fnn,FNNプライムオンライン（フジテレビ系）,523,"FNNプライムオンライン
神奈川・横浜市でカメラが捉えたのは、あふれんばかりの商品を袋に詰めこむ男。
人気の品薄商品ばかりを狙った“スイーツドロボー”の瞬間です。

被害者は「非常に憤りを感じている」と話します。

明け方の無人スイーツ販売店に現れた1人の男。
商品を手に取って品定めすると、レジにあった袋を1枚手に取り、商品を次々に袋の中へ。
あっという間に袋はパンパンの状態になります。

男の手元を見ると、商品をとる手の方だけ手袋のようなものが。

パンパンになった2つの袋を持ちレジへ。

ところが、会計をするそぶりは見せず、袋をもう1枚手に取り、店をあとにしました。

被害にあった店によりますと、狙われたのはある特定のスイーツだったといいます。

被害者:
よく“ドバイ餅”という名称で呼ばれている。今SNSで人気があって、入荷したとたん店の中でも売り上げNo.1になった。

人気のため品薄状態の“ドバイ餅クッキー”。
現在、入荷の見通しがたっておらず、売り切れの状態だといいます。

店によりますと、被害総額は2万6000円。
1日の売り上げに匹敵する額だといいます。

警察は窃盗事件としてスイーツドロボーの行方を追っています。",[],[]
「ポケモンセンターで働くのが夢だった」警察から勤務先変更の助言も拒否　男は別れた後もプレゼント置くなど付きまといか　池袋女性刺殺（FNNプライムオンライン（フジテレビ系））,https://news.yahoo.co.jp/articles/18423239bcae83528fb1d710eaa9333031f1e5ad,https://newsatcl-pctr.c.yimg.jp/t/amd-img/20260327-01121685-fnn-000-2-view.jpg?exp=10800,2026-03-27T19:39:32+09:00,2026-03-27T20:00:45+09:00,FNNプライムオンライン（フジテレビ系）,fnn,FNNプライムオンライン（フジテレビ系）,1528,"FNNプライムオンライン
東京・池袋の「サンシャインシティ」で26日夜、21歳女性が元交際相手の男に刺され、死亡した。男は別れた後も付きまとい行為を続け、ストーカー規制法違反の疑いで逮捕されていた。対策が取られた中で、事件が発生した。
【画像】「振り返った時に服に血が付いている人が・・・」目撃者語る現場の様子
◆目撃者が語る事故直後の現場

憧れの職場で働く夢を叶えた21歳の女性。元交際相手の男はなぜ殺害するに至ったのか。

死亡した女性について友人は、「明るかったけど、言葉の節々に男性を怖がる感じがあった」と振り返る。

事件当時、現場では警報音が鳴り響き、騒然としていた。

目撃者の女性:
ちょうど中で会計をしようと並ぼうかって時に、レジの方から、奥の方からガタガタって聞こえてたんで、最初なんだろうと思ったら、どんどん人が奥の方からパニック状態で、「助けて」とか「逃げて」とか「ヘルプ」とか言いながら出て行くのが見えました。

「中で刃物を持った人が暴れている」と通報があったのは、26日午後7時15分ごろ。

目撃者の男性:
私は逃げるタイミングだったので、振り返った時に服に血が付いている人がいて。その人が制止するような形で黒いTシャツを着た男の人が、レジのあたりで暴れているように見えた。

首などを刃物で刺され亡くなったのは、アルバイト店員の春川萌衣さん（21）。春川さんを刺した広川大起容疑者（26）も、自分の首を刺して死亡した。

春川さんの自宅の近所に住む人:
昨日そのニュース聞いてて、自分の知り合いの萌衣ちゃんだと思ってなくて。今聞いてびっくりしたんですけど。

捜査関係者によると、店に入った広川容疑者は、レジカウンターを目がけて真っ直ぐに進んだ。カウンターの中にいた春川さんの首などを、果物ナイフのような刃物で少なくとも5回刺し、その後、自らの首を刺したという。

ナイフの柄の部分には、滑り止めとして使ったのかタオルのようなものが巻かれていた。

そして、同じフロアにあるトイレの個室からは、広川容疑者名義の免許証などが入ったリュックサックが押収された。

春川さんの元交際相手だった広川容疑者は、去年12月にストーカー規制法違反の疑いで逮捕されていた。

◆男が告げた「バイト辞めろ」

2人が出会ったのは、一緒に働いていた東京・八王子市内のファストフード店。交際を始め、その後、春川さんはポケモンセンターに転職。去年7月に別れたきっかけは、広川容疑者の発言だった。

「ポケモンセンターのバイトはお前には合わない、辞めろ」

その後の捜査関係者への取材で、広川容疑者は別れた後にも、春川さんの自宅玄関にポケモンカードのプレゼントを置くなど、付きまとい行為をしていたことが新たに分かった。

去年12月には、春川さんが「つきまとわれている」などと警視庁に相談。広川容疑者が春川さんの自宅前に現れ、車から果物ナイフが発見されたことなどからストーカー規制法違反の疑いで逮捕された。

今年1月に「接近禁止命令」が出された際には、「復縁したかった。もう近づかない」と話した。その後、略式起訴され、罰金80万円を納めて釈放された。

その後、警視庁は3回にわたり春川さんと連絡を取り、今月12日にも「異常はない」との返事をしていた。

春川さんの友人は「イット!」の取材に「ポケセンで働くのが夢だったと言ってたから、働き始めて楽しそうだった」と明かす。

警視庁は、勤務先の変更などを助言したものの、春川さんは「仕事はやめられない、ポケモンセンターで働くのが夢だった」と話していたという。
（「イット!」3月27日放送より）",[],[]
トンネルでトラックが壁に激突し一回転　左右に振られる様子も…路面凍結でスリップか　北海道旭川市（FNNプライムオンライン（フジテレビ系））,https://news.yahoo.co.jp/articles/08204e98b5d23888ba1e8a24f1acae95a45b440e,https://newsatcl-pctr.c.yimg.jp/t/amd-img/20260327-01121677-fnn-000-1-thumb.jpg?exp=10800,2026-03-27T19:39:26+09:00,2026-03-27T19:39:26+09:00,FNNプライムオンライン（フジテレビ系）,fnn,FNNプライムオンライン（フジテレビ系）,294,"FNNプライムオンライン
北海道・旭川市のトンネルでカメラが捉えたのは、左右に振られるトラック。
すると次の瞬間、壁に激突し、大きく一回転しました。

一体、何が起きたのでしょうか。

目撃者によりますと、当時、雪解け水により路面がぬれていたといいます。

トンネル内の道路も凍っていたのでしょうか、目撃者の車が停車する直前、車体が左右に振られる様子も記録されていました。

目撃者は「トラックが車線変更した時点でブレーキに足を乗せ始めていたので、焦らず停車できました」と話します。

トラックの運転手がけがした様子はなく、目撃者は辺りの安全を確認した上で、その場を離れたということです。",[],[]
「長い戦いだったが有意義だった」“クマ駆除”ハンターが逆転勝訴　猟銃の「許可取り消し」めぐり　最高裁（FNNプライムオンライン（フジテレビ系））,https://news.yahoo.co.jp/articles/8e8748964d7dfb314246440b0d9a542097af18f0,https://newsatcl-pctr.c.yimg.jp/t/amd-img/20260327-01121589-fnn-000-1-thumb.jpg?exp=10800,2026-03-27T19:36:24+09:00,2026-03-27T19:36:24+09:00,FNNプライムオンライン（フジテレビ系）,fnn,FNNプライムオンライン（フジテレビ系）,1172,"FNNプライムオンライン
ヒグマ駆除のための発砲をめぐり、猟銃所持の許可を取り消されたハンターの男性が処分の撤回を求めていた裁判。
最高裁は27日午後、二審の判決を破棄し、男性の訴えを認める判決を下しました。
男性の逆転勝訴です。

3月22日には早くもヒグマが目撃された北海道。
2026年もクマによる被害が懸念される中で、今回の判決は下されました。

最高裁まで争われたのは、2018年に北海道で起きたヒグマへの発砲です。

ハンターの池上治男さんは当時、砂川市からの要請を受けて現場に向かい、警察官らが立ち会う中で1頭のヒグマを猟銃で駆除。
しかしこの発砲をめぐり、翌年、「弾丸が建物に到達する恐れがあった」として、猟銃所持の許可が取り消されたのです。

これを受け、池上さんは処分の撤回を求め北海道を提訴しました。

処分取り消しを求めた池上治男さん:
ハンターに頼んでおいて「撃ったらだめだった」と（依頼側から）言われたら何を信じていいのか。

当時の状況について池上さんは「住宅密集地ではなく、安全を確認したうえで撃った」などと主張。

一審では、「弾丸はクマの体内にとどまった」「発砲が不当であったとはいえない」などとして、池上さんの主張が支持され、取り消しは違法と認定されました。

しかし二審では、「クマの体を貫通した弾丸が障害物に当たり、軌道が変わる可能性があった」「弾丸を遮る構造物はなかった」などとして、池上さんの主張を退けたのです。

二審の判決について、北海道でハンターとして活動する男性は「活動の委縮につながる」などの懸念を口にしていました。

北海道猟友会 三笠支部・高崎梨徒支部長:
勝訴から敗訴で衝撃は大きかった。現場の動きは確かに制限されるというか、すでに制限されているという方が正しい。もし今これを撃ったら自分の（猟銃）所持許可が取り消されるかもしれないと心のブレーキがかかる人はかかるし。

そして27日、最高裁は二審の判決を破棄。
これにより池上さんが勝訴しました。

逆転勝訴の判決を勝ち取った池上さんの声です。

処分取り消しを求めた池上治男さん:
ハンターにとって当たり前のことを言ってくれた。北海道だけでなくて全国のハンターにとっても、裁判長が理解を示してくれたような話だった。

今回の最高裁判決とともに池上さんの7年に及んだ闘いは終わります。

処分取り消しを求めた池上治男さん:
長い戦いだったな、終わったなという感じ。いろいろなところでクマの被害があるので、そういった所に対しても、安心していただける判決だったので、長い戦いであったけれど、ある意味で有意義な戦いであったと思う。

27日の判決に伴い、池上さんは7年ぶりに猟銃を使用した駆除を再開できることになります。
北海道文化放送",[],[]
皇族数確保の全体会議を4月15日に開催で衆参両院が調整　中道は来週30日に党内議論の会合（FNNプライムオンライン（フジテレビ系））,https://news.yahoo.co.jp/articles/394e3266cbd1c79d453cbb0fa930c93a46da2883,https://newsatcl-pctr.c.yimg.jp/t/amd-img/20260327-01121736-fnn-000-1-view.jpg?exp=10800,2026-03-27T19:33:34+09:00,2026-03-27T19:33:34+09:00,FNNプライムオンライン（フジテレビ系）,fnn,FNNプライムオンライン（フジテレビ系）,220,"FNNプライムオンライン
皇族数の確保策を巡り、衆参両院は、全党派が参加する全体会議を4月15日に開く方向で調整に入った。

関係者が27日、明らかにしたもので、全体会議の開催は2025年4月以来、約1年ぶりとなる。

一方、中道改革連合は、党内に設置した「安定的な皇位継承に関する検討本部」（笠浩史本部長）の初会合を30日に開く。

与党は今国会での皇室典範改正に意欲を示していて、中道は党内の意見集約を進める方針だ。
フジテレビ,政治部",[],[]
脱走した「チャーリー」は飼いワラビー　SNSで話題の“有名人 ”…高速に脱走した牛　飼い主のカウボーイが投げ縄で捕獲　アメリカ（FNNプライムオンライン（フジテレビ系））,https://news.yahoo.co.jp/articles/2b4571a3e3dc2ebe342f4a9dcfd6391047ad7022,https://newsatcl-pctr.c.yimg.jp/t/amd-img/20260327-01121729-fnn-000-1-thumb.jpg?exp=10800,2026-03-27T19:33:25+09:00,2026-03-27T19:33:25+09:00,FNNプライムオンライン（フジテレビ系）,fnn,FNNプライムオンライン（フジテレビ系）,435,"FNNプライムオンライン
アメリカ・コロラド州でパトロール中の警察官が目撃したのは、ピョンピョンと飛び跳ねる動物。

警察官:
これワラビーだよ。

家に入っていくワラビー。

警察官:
「チャーリー」っていうの?

実はこの家に住んでいる“飼いワラビー”だったのです。

名前はチャーリー。
SNSで話題の“有名人”でした。

警察官:
おおぅ…モッフモフだなぁ。

飼い主の目を盗んで散歩に出ていたのでしょうか。
チャーリーは無事、自分の家に戻ってきました。

一方、フロリダ州の高速道路には、どうしても“帰りたくない”動物も。

パトカーを振り切ろうとするウシです。

するとそのとき、さっそうと現れた白馬に乗った男性。
飼い主の“カウボーイ”です。

ウシのあとを追いかけながら、何かを取り出しました。
投げ縄でウシを捕らえる作戦です。　

勢いをつけて縄を投げると、縄の輪っかがウシの首にスッポリとハマり、捕獲成功!

ウシは牧場に連れ戻されたということです。",[],[]
「聞いたことがない地響き」解体現場でがれきが崩落　けが人なし　歩道と車道の一部が通行不能に　東京・北区（FNNプライムオンライン（フジテレビ系））,https://news.yahoo.co.jp/articles/91c01c507d0d6e908ecbc232fceb2d5793f816f2,https://newsatcl-pctr.c.yimg.jp/t/amd-img/20260327-01121686-fnn-000-1-thumb.jpg?exp=10800,2026-03-27T19:30:53+09:00,2026-03-27T19:30:53+09:00,FNNプライムオンライン（フジテレビ系）,fnn,FNNプライムオンライン（フジテレビ系）,364,"FNNプライムオンライン
東京・北区のマンション解体現場でがれきが崩れ、近くの歩道や車道の通行ができなくなっています。

27日午後3時20分ごろ、北区田端新町で「解体現場が崩れて歩道ががれきで埋まっている」と目撃した人から110番通報がありました。

現場周辺にいた人:
ものすごい音がした。（今まで）聞いたことのないような地響きでババーンって。砂煙がバーッと上がっていてすごかったね。

警視庁によりますと崩れたのは、4階建てマンションの解体工事現場で歩道と車道の一部ががれきで埋まり、通行できなくなっているということです。

巻き込まれた人や車はなく、けが人はいませんでした。

また、先ほどからがれきの撤去作業が始まっていますが、建物がさらに倒壊するおそれもあることから現在も交通規制が続いています。
フジテレビ,社会部",[],[]
車とバイクの女性が衝突　負傷した女性に目もくれず…“愛車のほうが心配”男性の映像がSNSで拡散　非難の声上がる　トルコ（FNNプライムオンライン（フジテレビ系））,https://news.yahoo.co.jp/articles/936d024da91a0d118dbe7a5c2ca13aebf7416ed6,https://newsatcl-pctr.c.yimg.jp/t/amd-img/20260327-01121723-fnn-000-1-thumb.jpg?exp=10800,2026-03-27T19:30:45+09:00,2026-03-27T19:30:45+09:00,FNNプライムオンライン（フジテレビ系）,fnn,FNNプライムオンライン（フジテレビ系）,346,"FNNプライムオンライン
トルコでカメラが捉えた事故の瞬間。

混み合う幹線道路を走る1台の車。
車線変更しようとした次の瞬間、後ろから来たバイクが避けきれず、車と衝突。

運転していた女性は投げ出されてしまいますが、わずか数cmのところで車の下敷きになるのを免れました。

車を止め、外に出てきた車の運転手。
座り込む女性に駆け寄るのかと思いきや、負傷した女性には目もくれず、愛車の損傷を確認して頭を抱えています。

その後もしばらく車を見つめる男性。
目撃者が車から降りたタイミングでようやく女性の方に目を向け、声をかけました。

ところが、その後も男性は車の状態の方が気になる様子。

この映像がSNSで拡散されると、動画を見た人たちから男性運転手を非難する声が上がったということです。",[],[]
セブン銀行がファミマにATM設置で正式契約　4年間で約1万6000台設置目指し国内ATM台数トップへ（FNNプライムオンライン（フジテレビ系））,https://news.yahoo.co.jp/articles/0ace6c8f4c0b8544e07ff7dc234b9fc58bcc336b,https://newsatcl-pctr.c.yimg.jp/t/amd-img/20260327-01121696-fnn-000-1-thumb.jpg?exp=10800,2026-03-27T19:28:18+09:00,2026-03-27T19:28:18+09:00,FNNプライムオンライン（フジテレビ系）,fnn,FNNプライムオンライン（フジテレビ系）,269,"FNNプライムオンライン
この春からファミリーマートでも、セブン銀行のATMが利用できるようになります。

セブン銀行とファミリーマートはこの春から、ファミリーマートの店内にセブン銀行のATMを設置することで正式契約しました。

ファミリーマート店内のATMは独自のデザインとなり、4年間で約1万6000台の設置を目指すとしています。

セブン銀行はATMの設置台数が約4万4000台となり、ゆうちょ銀行の約3万1000台を抜き、国内トップとなります。

2社は、コンビニ業界での金融サービスの基盤を強化する狙いです。
フジテレビ,経済部",[],[]
電気代・ガス代が“補助金終了”で値上げへ　“値上げの春”に飲食店や家庭から悲鳴　夏以降さらに上昇の可能性も（FNNプライムオンライン（フジテレビ系））,https://news.yahoo.co.jp/articles/6286071b23cb85305e0f13155dcf4c4c08108ead,https://newsatcl-pctr.c.yimg.jp/t/amd-img/20260327-01121714-fnn-000-1-thumb.jpg?exp=10800,2026-03-27T19:27:51+09:00,2026-03-27T19:27:51+09:00,FNNプライムオンライン（フジテレビ系）,fnn,FNNプライムオンライン（フジテレビ系）,1382,"FNNプライムオンライン
物価高が続く中、4月分の電気・ガス料金が値上がりすると発表されました。
街や飲食店からも悲鳴の声が上がっている状況です。

アツアツの鉄板で作られるもんじゃ焼き。
光熱費の値上がりが新年度を迎える飲食店や家計を直撃です。

街の皆さんに「毎月の電気・ガス代どのくらいかかってますか?」と聞いてみました。

3人家族:
3人で電気が1万2000円。（Q.今までは）9000円くらいだったかな。

2世帯6人家族:
オール電化なのでガス代はかからないが、（電気代は）2世帯6人家族で3〜4万円。節約できている金額と値上がり幅が追いついていなくて。毎回（明細を）見てため息つく感じ。

5人家族:
5人家族で2万円くらい。節約よりは残業しっかりやろうかなと。しっかり働いてしっかり稼ごうと思う。

食品を中心に値上げの春となる中、さらに追い打ちをかけるように物価高対策で復活していた電気・ガス代の補助金が3月いっぱいで打ち切りに。

先ほど発表された4月使用分の電気料金は、東京電力管轄内の標準的な家庭で3月より458円上がり8777円となる見通し。
補助金が満額だった2月と比べると、1280円値上がりです。

ガス料金も東京ガスでは5747円に。
3月よりも193円値上がりする見込みです。

電気代の値上がりは補助金終了に加え、再生エネルギー普及のための再エネ賦課金が引き上げられたことなどが要因。

これに中東情勢の影響は反映されておらず、今後、さらに上昇するとみられます。

原油だけでなく火力発電に使われる液化天然ガスも影響を受け高騰。
燃料の調達価格は徐々に反映されるため、夏ごろの使用分から電気代を押し上げる可能性が出ています。

そうした中、電気・ガス代の高騰により大きな影響を受ける飲食店。

訪れたのは、東京・月島のもんじゃストリート。
「月島もんじゃ わらしべ 創業店」のお昼時の店内はにぎわいを見せていました。

こちらの店には客席が3階まであり、店内には数多くの照明やエアコン。
もんじゃに欠かすことのできない鉄板は30台。
全て都市ガスを使っています。

鉄板の熱で店内が暖まる寒い時期はエアコン使用量は少なめだといいますが、2025年に取材した際、補助金があった2月の電気・ガス代は合わせて約16万5000円でした。

2026年は電気代が約4万6000円でガス代が約12万3000円。

2025年より高くなっていたのは4000円ほどでしたが、落合幸輔店長は「これから夏、暑くなる時期はエアコンを使う頻度が多くなる。（夏場は）20万円前後だが補助金がある・ないで変わってくる」と話します。

これから夏にかけて光熱費が月に20万円以上かかり、さらに負担が重くのしかかってくるといいます。

しかし店では、食材高騰に加え電気・ガス代も高騰する中、この1年商品の値上げには踏み切りませんでした。

月島もんじゃ わらしべ 創業店・落合幸輔店長:
今のところ現状では値上げはすぐには考えていない。キャベツが高くなったりとか、野菜、小麦粉など全般的に値上げしてるけど、4月以降、できる限り電気をつけっぱなしにしない、エアコンを自動運転にして節約とか、企業努力を惜しまないように努力していこうと思う。
フジテレビ,経済部",[],[]
コメ価格2週連続3000円台でスーパーは「緊急値下げ」　家系ラーメン店ではライス無料も（FNNプライムオンライン（フジテレビ系））,https://news.yahoo.co.jp/articles/a479539e5dbb3d6584f274e4f1f9ff37feb5b191,https://newsatcl-pctr.c.yimg.jp/t/amd-img/20260327-01121669-fnn-000-1-thumb.jpg?exp=10800,2026-03-27T19:06:48+09:00,2026-03-27T19:06:48+09:00,FNNプライムオンライン（フジテレビ系）,fnn,FNNプライムオンライン（フジテレビ系）,803,"FNNプライムオンライン
映像に映るのは、炊きたてのホカホカつやっつやのご飯。
日本の主食、お米の価格が6週連続で下落し、2週連続で3000円台にとどまりました。

米価格の下落を受け早速反応したのが、人気の家系ラーメンチェーンです。
店頭にあったのは「ライス無料食べ放題」の看板で、麺類を注文した人を対象に、無料でのライス食べ放題を期間限定でスタートさせたのです。

壱角家 ラーメン事業部 ブロック長・村上佑介さん:
私たちは濃厚なスープに浸したのりで巻く“家系めし”があってこそが、家系ラーメンの完成形だと信じています。

ランチタイムには、お客さんのほとんどがライスをオーダーしていました。

来店者は「家系のラーメンにはライスがないとだめでしょうね」「のりをスープにつけてご飯と一緒に食べると、すごくスープの味がのりに染みてて、さらにおいしくなります」と話します。

農水省によりますと、3月22日までの1週間に、全国のスーパーで販売された米5kg当たりの平均価格は3978円で6週連続の値下がり。
最も高かった2026年1月の4416円と比べると、438円安くなりました。

27日にスーパーの米売り場を取材すると、大きく「緊急値下げ」の文字がありました。

最安値のお米は、茨城県産コシヒカリ5kgで税抜き3299円。
税込みでも3563円と3000円台半ばです。

新鮮市場 東本郷店・飯田智成店長:
これね、見て分かる通り下げた値段が4580円税抜きだったのが3980円（税抜き）。前の価格が4580円（税抜き）したものが、今もう4080円（税抜き）。

5kg3000円台の価格水準に、買い物客からは「だいぶラクになりました。ほぼほぼ、この子がお米食べてました。大人はパンとか麺類」「前よりは安くなったかなと思いますけど、まだ高いかな」などといった声が聞かれました。
フジテレビ,経済部",[],[]
花見シーズン到来か　都内は花見客でにぎわうも”満開宣言”27日以降に持ち越し　広島・大分では桜の枝が折られるなど被害（FNNプライムオンライン（フジテレビ系））,https://news.yahoo.co.jp/articles/71dadf9fcf1812d923543f0d83b89c5d7c4e1bd9,https://newsatcl-pctr.c.yimg.jp/t/amd-img/20260327-01121631-fnn-000-1-thumb.jpg?exp=10800,2026-03-27T18:57:28+09:00,2026-03-27T18:57:28+09:00,FNNプライムオンライン（フジテレビ系）,fnn,FNNプライムオンライン（フジテレビ系）,905,"FNNプライムオンライン
都内屈指の桜の名所・目黒川の桜並木。
船から見える景色が、花見に訪れた人たちを魅了していました。

19日には枝だけだった桜も満開に向けて花が一斉に開き始めています。

早くも花見シーズン真っただ中の様相で、1人5000円のクルージングも満席でした。

乗船客:
満開ではないけども満足できるクルージングだった。

早くも、春らんまんといった雰囲気で桜の下は花見客でいっぱいです。
この桜を空から見てみると、八分咲き満開といったところでしょうか。

気象庁によりますと、東京の桜は27日午前の時点で六分咲き。
しかし、その後に気温が上がり午後2時の気温は18.9度に。

桜の開花を後押しする4月中旬並みの気温です。

東京の桜は27日にも満開の予想でしたが六分咲きのまま。
待望の満開宣言は、週末に持ち越しとなりました。

しかし、満開を迎える前に東京都内の各地は花見ムード。

盛り上がりを見せる花見客も多い一方で、目黒川では立ち止まり禁止の看板の前で立ち止まり、桜をバックに撮影する人が相次いでいました。

桜が見ごろを迎える中で、各地では桜の被害も相次いでいます。

広島市の平和公園で桜の木が折られるなどの被害が。
平和の願いが込められた“次世代の桜”として、ソメイヨシノの世代交代のために育てていた若い枝でした。

2025年8月以降、折れたりちぎれたりする枝がこれまでに34本、職員により確認されていて、警察は器物損壊の疑いで調べを進めています。

更に、被害は大分・日田市でも、樹齢200年といわれていて多くの人に愛されてきた、しだれ桜に十数本の枝が切られているのが見つかりました。

切り口の形から何者かによって切られたとみられ、枝に腐食を防ぐ抗菌剤を塗る処置が行われました。

桜の被害が見つかる一方で、満開を迎えた高知県では樹齢500年のひょうたん桜。

この絶景に花見客も「すっごくキレイです!」と思わず笑顔。

この週末、関東から西日本、九州にかけて28日の日中は絶好の花見日和で29日も全国的に晴れる予報。

満開の桜が列島に春を運んできそうです。
FNN",[],[]
女性の友人「男性を怖がる感じがあった」ストーカー被害の影響か　別れた後も男は“つきまとい行為”　池袋“ポケモンセンター”女性刺殺（FNNプライムオンライン（フジテレビ系））,https://news.yahoo.co.jp/articles/ffb8ab4f201fde1043f4a32e4524c6826426a1f5,https://newsatcl-pctr.c.yimg.jp/t/amd-img/20260327-01121635-fnn-000-2-thumb.jpg?exp=10800,2026-03-27T18:51:27+09:00,2026-03-27T19:06:25+09:00,FNNプライムオンライン（フジテレビ系）,fnn,FNNプライムオンライン（フジテレビ系）,1885,"FNNプライムオンライン
憧れの職場で働く夢をかなえた21歳の女性。
元交際相手の男は、なぜ「ポケモンセンターのバイトはお前には合わない、辞めろ」という心ない言葉を浴びせ、殺害するに至ったのか。

映像に映るのは、警報音が鳴り響き騒然とする現場です。
駆け付けた警察官が立つ横にはポケモンが描かれています。

目撃者は「ちょうど中で会計をしようと並ぶときにレジの方から、奥の方からガタガタと聞こえたので、最初『なんだろう』と思ったら、どんどん人が奥の方からパニック状態で『助けて』や『逃げて』や『ヘルプ』などと言いながら出ていくのが見えた」と話します。

26日午後7時15分ごろ、「中で刃物を持った人が暴れている。男性と女性が血を流して倒れている」と通報がありました。

現場は春休みでにぎわっていた東京・池袋の「サンシャインシティ」にある「ポケモンセンター」でした。

目撃者:
逃げるタイミングだったので、振り返ると服に血がついている人がいて、その人が制止するような形で黒いTシャツを着た男の人がレジのあたりで暴れているように見えた。

首などを刃物で刺され亡くなったのは、アルバイト店員の春川萌衣さん、21歳。

春川さんを刺した広川大起容疑者、26歳も自分の首を刺して死亡しました。

春川さんを知る人:
そうなんですか?（春川）萌衣ちゃんだったんですね。うちの子も大好きで、ポケモンセンターとか行ってて。昨日そのニュースを聞いて、知り合いの萌衣ちゃんだと思っていなくて、今聞いてびっくりした。

捜査関係者によりますと、店に入った広川容疑者はレジカウンターをめがけて真っすぐに進み、カウンターの中にいた春川さんの首などを果物ナイフのような刃物で少なくとも5回にわたり刺し、その後、自らの首を刺したということです。

ナイフの柄の部分には、滑り止めとして使ったのか、タオルのようなものが巻かれていました。

そして、同じフロアにあるトイレの個室からは、広川容疑者名義の免許証などが入ったリュックサックが押収されました。

殺害された春川さんについて近所に住む人は、「家族みんなで仲良かったです。重い荷物を持ってお母さんサポートしたり。すごく背も高くて足も長い。すごいファッションの子で、モデルになればいいかと思っていた。すごくショックです」と話します。

春川さんの元交際相手だった広川容疑者は、2025年12月にストーカー規制法違反の疑いで逮捕されていました。

2人が出会ったのは、一緒に働いていた東京・八王子市内のファストフード店。
2024年10月から交際を始め、その後、春川さんはポケモンセンターに転職。

2025年7月に別れたきっかけは、広川容疑者の「ポケモンセンターのバイトはお前には合わない、辞めろ」という発言でした。

ところが、その後の捜査関係者への取材で、広川容疑者は別れたあとにも春川さんの自宅玄関にポケモンカードのプレゼントを置くなど、つきまとい行為をしていたことが新たにわかりました。

2025年12月には、春川さんが「つきまとわれている」などと警視庁に相談。
広川容疑者が春川さんの自宅前に現れ、車から果物ナイフが発見されたことなどから、ストーカー規制法違反の疑いで逮捕されました。

2026年1月に接近禁止命令が出された際には、「復縁したかった。もう近づかない」と話した広川容疑者。

その後、略式起訴され罰金80万円を納めて釈放されました。

その後、警視庁は3回にわたり春川さんと連絡を取り、3月12日にも異常はないとの返事をしていた中で起きた今回の事件。

春川さんの友人は「イット!」の取材に、「ポケセンで働くのが夢だと言ってたから、働きはじめて楽しそうだった」と話していました。

しかし、ストーカー被害の影響なのでしょうか、「会ったときは明るかったけど、言葉の節々に男性を怖がる感じがあった」などの様子もみられたといい、春川さんの友人は「本当に悲しいし、むなしい…」と話していました。

警視庁は、勤務先の変更などを助言したものの、春川さんは「仕事は辞められないポケモンセンターで働くのが夢だった」と話していたといいます。

ストーカー事件の悲劇を繰り返さないためにはどうすればいいのか。

平松英敏フジテレビ解説副委員長:
ストーカー治療については何らかの強制力を持たせることが可能だと思う。例えば執行猶予の代わりに治療を義務づけるだとか、大胆な防止策を打っていかないと、今後も同じような事件が繰り返される。",[],[]
兵庫・斎藤知事ら2人嫌疑不十分で不起訴に　元幹部職員の私的情報漏洩　当時の総務部長は起訴猶予　神戸地検（FNNプライムオンライン（フジテレビ系））,https://news.yahoo.co.jp/articles/0bd865e3a405201a988d42b75155da570848b88d,https://newsatcl-pctr.c.yimg.jp/t/amd-img/20260327-01121645-fnn-000-2-thumb.jpg?exp=10800,2026-03-27T18:51:26+09:00,2026-03-27T19:00:43+09:00,FNNプライムオンライン（フジテレビ系）,fnn,FNNプライムオンライン（フジテレビ系）,321,"FNNプライムオンライン
兵庫県の斎藤知事の疑惑を告発した元幹部職員の私的な情報が漏洩した問題で、神戸地方検察庁は斎藤知事ら2人を不起訴としました。

兵庫県の斎藤元彦知事と片山安孝元副知事は、疑惑を告発した元幹部職員の私的な情報を漏らすようそそのかした疑いで、2025年6月に刑事告発されました。

神戸地検は27日、2人について「認定に足りる証拠が得られなかった」として、嫌疑不十分で不起訴としました。

兵庫県・斎藤元彦知事:
私自身はこれまで申し上げた通り、漏えいに関する関与はしていないという認識を伝えてきた。検察側の捜査の結果として出た判断。

また、漏洩を実行したとされる当時の総務部長についても起訴猶予としました。
関西テレビ",[],[]
セブンーイレブンが出来たて総菜をスマホで注文できる新サービスを4月から開始　揚げ物やパン、おでんも対象（FNNプライムオンライン（フジテレビ系））,https://news.yahoo.co.jp/articles/24f3645c5ae98c7fefef8cddb64826101f1da9b9,https://newsatcl-pctr.c.yimg.jp/t/amd-img/20260327-01121567-fnn-000-1-thumb.jpg?exp=10800,2026-03-27T18:37:04+09:00,2026-03-27T18:37:04+09:00,FNNプライムオンライン（フジテレビ系）,fnn,FNNプライムオンライン（フジテレビ系）,323,"FNNプライムオンライン
お総菜市場が拡大する中、出来立て需要を取り込みます。

セブンーイレブンは3月27日、4月から始める新サービスを発表しました。

まず、専用アプリでコロッケや春巻きなどの中から商品を選んで注文すると、店舗では早速調理が行われます。揚げ物のほか、パンやおでんなども対象です。

子育て世代などを中心に、「タイパ」を重視するニーズや、行楽需要も取り込みたい考えです。

セブン-イレブン・ジャパン オペレーション本部長 竹井浩樹さん:
待たなくても買い物ができる、かつおいしい、かつまとめ買いニーズも応えられる。こんなニーズを取り込みたい。

「揚げたて」など付加価値を前面に打ち出し、差別化を図ります。
フジテレビ,経済部",[],[]
【解説】加害者が受診勧告拒否　強制力ない“法的限界”浮き彫りに　警察9回相談・勤務先変更指導も…池袋ストーカー殺人（FNNプライムオンライン（フジテレビ系））,https://news.yahoo.co.jp/articles/e775aec6e1d2c40f96f9661451913b3fd1f336fb,https://newsatcl-pctr.c.yimg.jp/t/amd-img/20260327-01121621-fnn-000-1-thumb.jpg?exp=10800,2026-03-27T18:36:34+09:00,2026-03-27T18:36:34+09:00,FNNプライムオンライン（フジテレビ系）,fnn,FNNプライムオンライン（フジテレビ系）,3024,"FNNプライムオンライン
東京・池袋のサンシャインシティで起きた殺人事件。
死亡したポケモンセンターの店員・春川萌衣さん（21）と広川大起容疑者（26）は元交際関係でした。

なぜ、事件を防げなかったのか。
今後、このような事件を未然に防ぐためにはどんな対策が必要なのか。

平松秀敏解説副委員長と見ていきます。

まずは事件に至るまでの経緯を改めて見ていきます。

2人は2025年7月に交際を解消していたということですが、2025年12月25日に春川さんが「元恋人に付きまとわれている」と警察に相談、その日に広川容疑者がストーカー規制法違反で逮捕されました。

そして、2026年に入り1月29日には広川容疑者に対して接近禁止命令が出ていて、1月30日に略式起訴で罰金80万円を払い釈放されました。
そして3月26日夜、事件が起こってしまったということです。

青井実キャスター:
まず、このような経緯がある中で、結果として事件が起きている。罰金80万円で釈放。この対応どう見たらいいですか。

フジテレビ・平松秀敏解説副委員長:
3つの容疑がかけられているにもかかわらず略式起訴。警察というのは過去の判例や同じような事件の相場を考慮して、恐らく略式起訴にしたんだろうと思うのですが、私の個人的な感想では軽すぎる。なぜなのかですが、実は、現場で日々ストーカー事案に向き合っている警察と、検察の間では危機意識という面では少しずれがあるんです。現場でストーカー事案をいつも扱っている警察官はそれぐらい、これは命に関わるかもしれないとそういう思いが強いですから。そこが検察とはちょっと違うんだと思います。

そして、警察の対応についても見ていきたいと思います。

警視庁は、春川さんに対して全部で9回対応をしていたということです。

防犯カメラの設置や容疑者との接触がないか複数確認した他、引っ越しやアルバイト先を変えるということも指導したということです。

仕事に関しては、ポケモンセンターで働くのが夢だったと春川さんは話をしていたということです。

更に、広川容疑者側に対しては受診やカウンセリングなどを勧めましたが拒否をされたですとか、実家に戻った容疑者の保護者に対して監護監視を依頼しましたが、結果的には食い止めることができなかった。

宮司愛海キャスター:
こうした対応は、警察側は十分だったといえるでしょうか。

フジテレビ・平松秀敏解説副委員長:
結果として亡くなっていますから、十分だとは言えないんですけれども、この対応を全部見てみると、警視庁としてはやれる範囲のことをやるべきことをやったと評価していいと思うんです。警視庁はバイト先、仕事を変えるようにそこまで指導している。ただ、ポケモンセンターで働くのが夢だったという被害者が、勤務先で亡くなるのは本当に残念でならないと思います。

青井実キャスター:
どうすれば未然に犯行を防げたのかを考えなければいけないのですが、どうですか。

フジテレビ・平松秀敏解説副委員長:
やはり医療機関への受診依頼と監護監視、この2つが非常に気になるところですね。ストーカー事案というのは内面に精神的な課題が潜んでいますから、今回実際に警視庁は広川容疑者に精神科への治療を受けてはと要請した。ところが本人に拒否されたと。そして監護監視。警視庁は釈放後、母親に対して広川容疑者の生活を監視・監督してほしいと要請している。ところが、結局は事件が起きてしまった。ストーカー治療と監護監視ですが、いずれにしても強制力がないですから、やっぱり限界があるんだと思いますね。

青井実キャスター:
強制力を持たせるような議論はしていたんでしょうか

フジテレビ・平松秀敏解説副委員長:
例えばストーカー治療受診依頼についてなんですが、強制力を持たせてはどうだという議論がずっと続けられている。ところが、憲法上の内心の自由だとか身体の自由によって、本人の同意なく治療を受けさせるというのは重大な人権侵害なんだということで強制力を持たせることができていない。ただ、例えば執行猶予の代わりに医療機関を受診させるだとか、そういう制度設計というのはできると思うんです。

宮司愛海キャスター:
現行の制度では被害者側の防御はいろいろ整備は進んでいると思いますが、加害者側へのアプローチをもう少し強められたりしないのでしょうか。

フジテレビ・平松秀敏解説副委員長:
そのとおりなんです。日本のストーカー対策は、被害者を逃がす支援に重きが置かれています。ただ、なんで被害者が逃げなきゃいけないんだという意見は根強いです。被害者を逃がすんじゃなく加害者を縛る支援にシフトすべきだというそういう意見は根強いです。

SPキャスター・柳澤秀夫氏:
強制力の話が一つポイントなのではないかと思いますが、警察の中で、直接対応している部署ではないところから、その対応の仕方が果たして本当に十分かどうかということを同じ組織であっても、第三者でもチェックして、これで本当にいいのかどうか客観的に評価できるような仕組みはできないものかなという気がしますね。

仕組みという意味では海外ではストーカーの加害者などに対して釈放後、GPSをつけたり監視をする国もありますよね。

韓国では2024年から、有罪判決が出る前の捜査段階であっても再犯の恐れが高い加害者に対して検察が電子足輪などのGPS装着を命じることが可能になりました。

このGPSの装着によって当局が24時間態勢で接近を監視していると。

更に、自動通知システムで加害者が被害者の一定範囲内に侵入すると、被害者のスマートフォンに自動的に警告テキストが送信されるということです。

この対策を行ったことで、2025年9月末時点で装着を義務付けられている人が約4600人ほどだったのですが、統計のある性犯罪では電子足輪の導入によって再犯率が9分の1にまで減少したデータがあります。

宮司愛海キャスター:
こうやって見てみると、日本でもこういう対策をしないといけないですよね。

SPキャスター・柳澤秀夫氏:
明らかに効果がありますよね。日本でもGPSについては事あるごとに議論は出てきますが、一歩踏み込んで本当にどうなのか、というところまで議論が至っていないところがあるので、そこは真剣に議論をすべき時期に来ていますよね。

宮司愛海キャスター:
何人の方が亡くなればいいんだろうと思わざるを得ないですね。

青井実キャスター:
規制を強めていく、未然に防いでいくべきこと、どんなことだと思いますか。

フジテレビ・平松秀敏解説副委員長:
柳澤さんがおっしゃったように、日本でも保釈制度で被告の海外逃亡を防ぐためにGPSを活用する制度ができたので、それをストーカー事件に活用するということが十分にできると思います。あともう一つ、日本のストーカー対策は実は現場の警察官の頑張りで成り立っています。ただそれには本当に限界がある。だから、警察の役割を補完するシステムや制度が必要、そのためのGPS監視だったり、ストーカー治療なんだと思います。いま、大胆な見直しが必要だと思います。

法律とか仕組みの話だけでなく人の命に関わる話なんだということを、我々は胸に留めなければいけないと思います。",[],[]
不法残留状態になった外国人2025年で約1万人　初統計で担当者「実態を正確に把握し効果的な対策を」（FNNプライムオンライン（フジテレビ系））,https://news.yahoo.co.jp/articles/ce5b259a7b3173546545dd8b0f3c9b2cea631066,https://newsatcl-pctr.c.yimg.jp/t/amd-img/20260327-01121599-fnn-000-1-thumb.jpg?exp=10800,2026-03-27T18:36:27+09:00,2026-03-27T18:36:27+09:00,FNNプライムオンライン（フジテレビ系）,fnn,FNNプライムオンライン（フジテレビ系）,275,"FNNプライムオンライン
2025年に在留ビザの期限が切れて不法残留の状態になった外国人は、約1万人だったことがわかりました。

出入国在留管理庁によりますと、2025年の1年間で不法残留になった外国人の数は9748人で、在留資格別では「短期滞在」が3737人で最も多く、「特定技能」が1924人、「技能実習」が1831人と続いています。

この統計を取ったのは初めてで、担当者は「実態を正確に把握して効果的な対策を検討していく」としています。

全国にいる不法残留の外国人は6万8488人で、政府はゼロにする目標を掲げています。
フジテレビ,社会部",[],[]
トランプ氏「船舶通過を許可してくれた」イランからの“プレゼント”に上機嫌?　攻撃の10日間延期も部隊の追加派遣か（FNNプライムオンライン（フジテレビ系））,https://news.yahoo.co.jp/articles/e11cfb663b148966888a352bb04065b28446c29f,https://newsatcl-pctr.c.yimg.jp/t/amd-img/20260327-01121619-fnn-000-2-thumb.jpg?exp=10800,2026-03-27T18:27:24+09:00,2026-03-27T19:27:25+09:00,FNNプライムオンライン（フジテレビ系）,fnn,FNNプライムオンライン（フジテレビ系）,727,"FNNプライムオンライン
日々、目まぐるしく変化するイラン情勢。
トランプ大統領がイラン側から届いたと明かした大きなプレゼントの中身が判明しました。

日本時間27日朝、SNSを更新したトランプ氏。
「イラン政府の要請に基づき、発電所の攻撃を10日間延期する」と投稿し、イランのエネルギー施設への攻撃を10日間延期すると表明しました。

これまでにアメリカ側は「核能力の完全解体」「ホルムズ海峡の開放」など、戦闘終結に向けた15項目の条件をイランに提示。

一方、イランメディアは「侵略・暗殺の完全停止」「ホルムズ海峡に対するイランの主権を認めること」など5つの条件を提示したと報じています。

そうした中、明らかにされた10日間の攻撃延期。
トランプ氏はこの経緯をFOXニュースで説明しました。

トランプ大統領:
イランは7日間（の延期）を求めたが10日間にした。船舶通過を許可してくれたからだ。重要なのはイラン側が非常に丁寧にもう少し時間がほしいと言ってきたことだ。

さらにトランプ氏は、イラン側から届いたと話していた“大きなプレゼント”について、イランが石油タンカー10隻のホルムズ海峡通過を認めたことだということも明らかにしました。

こうした中、ニュースサイト「アクシオス」によりますと、複数の当局者の話として、アメリカ国防総省によるイランへの最終攻撃に向けた動きが。

石油輸送の拠点占拠やイラン産の原油を輸出する船舶の拿捕などを検討していると報じています。

また、ウォールストリート・ジャーナルも、国防総省が中東地域に最大1万人の地上部隊の追加派遣を検討と報道。

トランプ政権は交渉を進める一方、イランへの圧力をさらに強めています。",[],[]
「シワ、たるみが3日で消えた」「初回限定1980円」など違法表示　美容クリーム販売会社に業務停止命令　消費者庁（FNNプライムオンライン（フジテレビ系））,https://news.yahoo.co.jp/articles/76618972dc95f4f9e878de9b03b70ea711c41786,https://newsatcl-pctr.c.yimg.jp/t/amd-img/20260327-01121601-fnn-000-2-thumb.jpg?exp=10800,2026-03-27T18:24:24+09:00,2026-03-27T21:03:24+09:00,FNNプライムオンライン（フジテレビ系）,fnn,FNNプライムオンライン（フジテレビ系）,293,"FNNプライムオンライン
「シワがたった3日で消えた」などとうたい、美容クリームを販売していた会社に行政処分です。

消費者庁は、通信販売会社3社に対し、特定商取引法違反で6カ月の業務停止命令などを出しました。

これらの会社は、通販サイトで「シワ、たるみが3日で消えた」などと、商品を塗るだけでシワなどを数日間でなくすことができるかのような表示をしていました。

また、あたかも初回に限り1980円で商品を購入でき、定期購入は義務づけられないかのような表示をしていましたが、実際には2本目以降を購入しない場合、商品1本分の代金、約1万円が請求されたということです。
フジテレビ,経済部",[],[]
ベニズワイガニ1080円→半額や黒毛和牛40％引き　「もったいなフェア」に大行列　ドジャースコラボのたこ焼き100円引きも（FNNプライムオンライン（フジテレビ系））,https://news.yahoo.co.jp/articles/b00c220aed7a2bc4ed53e640458dd0507d75ea83,https://newsatcl-pctr.c.yimg.jp/t/amd-img/20260327-01121609-fnn-000-1-thumb.jpg?exp=10800,2026-03-27T18:21:33+09:00,2026-03-27T18:21:33+09:00,FNNプライムオンライン（フジテレビ系）,fnn,FNNプライムオンライン（フジテレビ系）,847,"FNNプライムオンライン
大ぶりのベニズワイガニに国産の黒毛和牛が大特価。
さいたま市にある商業施設で超お得なセールが行われ、多くの人が詰めかけました。

年に4回のセールが開かれたのは、「武蔵浦和マーレ」。
開店前から30人ほどの大行列ができていました。

先頭に並んだ人は「毎回来ている。『もったいないフェア』を待っている」と話します。

もったいないフェアでは、フードロス削減のため賞味期限が近くなった商品をセール特価で販売。
まとめ買い目的の客が、次から次へと商品を手に取っていく様子が見られました。

中でも多くのお客さんのお目当てが、数量限定1080円で販売された北海道産の「ベニズワイガニ」です。

かごいっぱいにズワイガニを購入していた女性は、「（Q.何杯買った?）6杯。3人家族で、冷凍になっているから、2日間に分けて食べようかな」と話します。

1時間ほどすると、何とさらに半額の540円での出血大サービスというサプライズがありました。

さらに、2026年は40周年のセールも同時開催されていて、山形県産の「黒毛和牛」が40％割引になっていました。

マーレ商店会・中森福代会長:
たいへん物価高なので、40周年を迎えたので、みんなで物価高を乗り切ろうという目的。「放出」という形で特別価格、本当に今までない価格。

ベニズワイガニと黒毛和牛のセールは28日も行われる他、武蔵浦和マーレでは3月末までお得なイベントが目白押しです。

一方、「築地銀だこ」でも27日からお得なセールを開始。

アツアツのたこ焼きに、これでもかとばかりにチーズをのせたロサンゼルス・ドジャースとのコラボ商品「LAマッケンチーズ」が、ドジャースとの開幕戦に合わせ期間限定で販売され、29日の日曜までは100円引きとなっています。

本場ドジャー・スタジアムではすでに販売されている人気商品です。

物価高にもへこたれない日本人の底力を感じさせるお得なセール。
ぜひ、この週末にいかがでしょうか?",[],[]
外国人10人負傷のカプセルホテル火災　重体の50代日本人女性死亡　スプリンクラー設置義務の対象外　韓国・ソウル（FNNプライムオンライン（フジテレビ系））,https://news.yahoo.co.jp/articles/f9d9d5c7c9a6fe67b9159cf6740b5050d9a1e0af,https://newsatcl-pctr.c.yimg.jp/t/amd-img/20260327-01121597-fnn-000-1-thumb.jpg?exp=10800,2026-03-27T18:21:28+09:00,2026-03-27T18:21:28+09:00,FNNプライムオンライン（フジテレビ系）,fnn,FNNプライムオンライン（フジテレビ系）,284,"FNNプライムオンライン
韓国・ソウルのカプセルホテルで起きた火災で、意識不明の重体となっていた50代の日本人女性が死亡しました。

3月14日、ソウル中心部・明洞（ミョンドン）近くのカプセルホテルで起きた火災では、外国人10人が負傷し、日本人の50代の母親と20代の娘が病院に搬送されました。

当局によりますと、意識不明の重体となっていた50代の母親が24日に死亡したということです。

火災が起きたカプセルホテルは7階建てのビルの中にあり、スプリンクラーの設置義務の対象外で、設置されていませんでした。

出火原因はまだ分かっていません。
フジテレビ,国際取材部",[],[]
週末にかけ列島各地で桜満開ラッシュへ　都内定番スポットには多くの人…ホテル庭園など“人混み無し”穴場も（FNNプライムオンライン（フジテレビ系））,https://news.yahoo.co.jp/articles/b062d45a845c4d89c4e7a997ffdcc117b38d28cc,https://newsatcl-pctr.c.yimg.jp/t/amd-img/20260327-01121594-fnn-000-1-thumb.jpg?exp=10800,2026-03-27T18:06:26+09:00,2026-03-27T18:06:26+09:00,FNNプライムオンライン（フジテレビ系）,fnn,FNNプライムオンライン（フジテレビ系）,1443,"FNNプライムオンライン
高知・仁淀川町で満開の花を咲かせていたのは、県の天然記念物に指定されている樹齢約500年の桜です。
つぼみの形がひょうたんの形をしていることから、別名“ひょうたん桜”と言われています。

28日からの週末に向け、ソメイヨシノが東京都心などで満開の時を迎えようとしています。

花見シーズンがいよいよ到来。
人でにぎわう中での絶景もあれば、人混みを避ける穴場スポットも目白押しです。

愛媛・砥部町では、早咲きの「陽光桜」が満開となり訪れた人々を魅了していて、ランドセルを背負った女の子たちが満開の桜をバックに記念撮影をしている様子も見られました。

東京都心の「ソメイヨシノ」は見頃の状態で、満開とされる八分咲き間近となっています。

桜の名所で見ごろとなる中、にぎわっていたのが上野公園。
桜通りは多くの花見客でごった返していて、桜の木の下、手押し相撲をする人たちもいました。

27日の東京都心の気温は、桜の花が一気に咲きそうな18.9度まで上昇し、花見客も薄着で楽しむ様子が見られました。

でも、子供たちは「暑いから」と、桜より団子ならぬかき氷に夢中の様子でした。

そして、昼と夜で違った花見ができる人気スポットである千代田区の「千鳥ケ淵」もにぎわいを見せています。

日中は、桜並木をお堀のボートで下から見上げ、夕暮れ時からはライトアップ。
かわいらしさとファンタジックさ、2種類の表情を楽しめ、夜空に浮かび上がるように見える美しい姿がみられます。

オーストラリアからハネムーンで訪れた外国人観光客は、「（桜は）数週間しか咲かないけど本当に美しくて、日本の魅力のひとつ。ボートに乗っている間に日が沈んで、途中でライトアップされて良かった」と絶賛します。

ソメイヨシノがこの週末に東京で満開を迎えそうで、上野公園など桜の名所は多くの人出が予想されます。

では、人混みを避け花見が楽しめる穴場スポットの状況はどうでしょうか。

東京・文京区にある「ホテル椿山荘東京」の桜が咲く庭園は、宿泊客とレストランやショップを利用した人だけが楽しめるとあって、満開の桜の木を独り占めしたり静かに花見を楽しめる穴場スポットです。

訪れた人は「「静かに（桜が）見られるほうがいい。人混みの中よりは全然こちらの方がいい」と話し、ランチビュッフェに庭園でのんびりとお花見していた親子は「思ってたほどは混んでない。（上野公園と）比べるとすごく静かで落ち着いた感じで見られる」と話します。

もう1つ、人混みを避けて桜をぜいたくに楽しめるのが、貸し切りの船から見上げる花見「目黒川お花見 CHANDONクルーズ」です。

満開の目黒川で、桜のトンネルをくぐり抜ける“90分間の貸し切りクルーズ”は1隻11万円。

特製フィンガーフードボックスに、2人に1本のシャンパンつき。
そのうえ、白ワイン・ビール・ソフトドリンクが飲み放題となっています。

28日からの週末、東京都心は土日とも最高気温は20度の予想で、絶好のお花見日和になりそうです。

青森県の八甲田では、桜並木ではなく巨大な“雪の回廊”。

北国に春の訪れを告げる「八甲田・十和田ゴールドライン」の貫通です。

約1か月間除雪隊が掘り進めてきました。

除雪隊:
我らは栄光ある八甲田除雪隊名の下、渾身（こんしん）の力をふるいて十和田湖への道をひらかん。

一般車両の通行は4月1日から始まります。
FNN",[],[]
7年の法廷闘争に決着　要請受けヒグマ駆除後に「猟銃所持許可」取り消されたハンター　「長い戦いだった」最高裁で逆転勝訴（FNNプライムオンライン（フジテレビ系））,https://news.yahoo.co.jp/articles/ddbadae8b525d41484cbd164a4ac296a6334a6df,https://newsatcl-pctr.c.yimg.jp/t/amd-img/20260327-01121583-fnn-000-2-view.jpg?exp=10800,2026-03-27T18:00:51+09:00,2026-03-27T18:06:55+09:00,FNNプライムオンライン（フジテレビ系）,fnn,FNNプライムオンライン（フジテレビ系）,1251,"FNNプライムオンライン
ヒグマ駆除の発砲をめぐり、猟銃所持許可を取り消されたハンターの男性が、最高裁で逆転勝訴した。7年に及んだ法廷での争いの末、発砲は不当とはいえないと判断された。安全を確かめたうえでの一発が人生を左右した男性は、二審の敗訴を乗り越え、ようやく現場に戻ることができる。
【画像で見る】「終わったな、と」ハンターの男性、最高裁で逆転勝訴
◆2018年のヒグマへの発砲めぐり裁判

ヒグマ駆除のための発砲をめぐり　猟銃所持の許可を取り消されたハンターの男性が処分の撤回を求めていた裁判。最高裁は27日、二審の判決を破棄し、男性の訴えを認める判決を下した。

今年もクマによる被害が懸念される中、今回の判決は下された。

最高裁まで争われたのは、2018年に北海道で起きたヒグマへの発砲だ。

ハンターの池上治男さんは当時、砂川市からの要請を受けて現場に向かい、警察官らが立ち会う中で一頭のヒグマを猟銃で駆除した。

しかし、この発砲を巡り翌年、「弾丸が建物に到達する恐れがあった」として猟銃所持の許可が取り消された。これを受けて、池上さんは処分の撤回を求めて北海道を提訴した。

池上治男さん:
ハンターに頼んでおいて「撃ったらだめだった」と（依頼側から）言われたら、何を信用したらいいのか。

当時の状況について池上さんは　「住宅密集地ではなく　安全を確認した上で撃った」などと主張。一審では「弾丸はクマの体内にとどまった」「発砲が不当であったとはいえない」などとして、池上さんの主張が支持され、「取り消しは違法」と認定された。

しかし、二審では「クマの体を貫通した弾丸が障害物に当たり軌道が変わる可能性があった」「弾丸を遮（さえぎ）る構造物はなかった」などとして、池上さんの主張を退けた。

二審の判決について、北海道でハンターとして活動する男性は「活動の萎縮につながる」などの懸念を口にしていた。

北海道猟友会三笠支部　高崎梨徒支部長:
勝訴から敗訴で、衝撃は大きかったです。現場の動きは、確かに制限される。すでに制限されているという方が正しい。これを撃ったら猟銃所持許可を取り消されるかもしれないと、心のブレーキがかかる人はいます。

そして27日、最高裁は二審の判決を破棄。これにより、池上さんが勝訴した。

逆転勝訴の判決を勝ち取った池上さんは「ハンターにとって当たり前のことを言ってくれた。北海道だけでなくて、全国のハンターにとっても裁判長が理解を示してくれたような話しだった」と話した。

今回の最高裁判決と共に、池上さんの7年に及んだ戦いは終わる。池上さんは、7年ぶりに猟銃を使用した駆除を再開できることになる。

池上治男さん:
長い戦いだったな、終わったな、と言う感じ。色々なところでクマの被害があるので、そういった所に対しても安心していただける判決だった。長い戦いであったけれど、ある意味で有意義な戦いであったと思います。
（「イット!」3月27日放送より）",[],[]
悠仁さま「蹴鞠」体験の写真を公開　先月京都を訪問　琵琶など「雅楽」の楽器の演奏体験も（FNNプライムオンライン（フジテレビ系））,https://news.yahoo.co.jp/articles/3a28093cf098a05d1334274c09aca98cc87f1776,https://newsatcl-pctr.c.yimg.jp/t/amd-img/20260327-01121591-fnn-000-3-thumb.jpg?exp=10800,2026-03-27T17:51:25+09:00,2026-03-27T19:00:50+09:00,FNNプライムオンライン（フジテレビ系）,fnn,FNNプライムオンライン（フジテレビ系）,399,"FNNプライムオンライン
秋篠宮家の長男・悠仁さまが京都で蹴鞠を体験された際の写真が公開されました。

ワイシャツにネクタイ姿で「蹴鞠」を体験される悠仁さま。
【画像】「アリ」「ヤア」「オウ」かけ声を出しながら蹴鞠を体験された
2月、悠仁さまが明治天皇陵参拝などのため京都を私的に訪問された際の写真です。

宮内庁によりますと、悠仁さまは蹴鞠の保存会の人から説明を受け、「アリ」「ヤア」「オウ」などかけ声を出しながら体験されたということです。

また、提供された写真では琵琶を手に取られた悠仁さまの姿も。

雅楽の伝統継承を目的として活動している人たちの演奏を鑑賞した後実際に打楽器や琴の演奏などを体験されたということです。

側近によりますと、悠仁さまは伝統文化に触れたいと希望し京都訪問の際に西陣の装束の工房を視察されたほか「蹴鞠」や「雅楽」の体験も実現したということです。
フジテレビ,社会部",[],[]
トランプ大統領「非常に丁寧に頼んできた」イラン発電施設への攻撃10日間延期　米国防総省「最終攻撃を検討」報道も　“停戦”に進展は?（FNNプライムオンライン（フジテレビ系））,https://news.yahoo.co.jp/articles/87a77bbf18f692fb231f2a35d64410e1a6f6d74a,https://newsatcl-pctr.c.yimg.jp/t/amd-img/20260327-01121582-fnn-000-1-thumb.jpg?exp=10800,2026-03-27T17:33:26+09:00,2026-03-27T17:33:26+09:00,FNNプライムオンライン（フジテレビ系）,fnn,FNNプライムオンライン（フジテレビ系）,1422,"FNNプライムオンライン
イランとの停戦協議は進んでいるのでしょうか。トランプ大統領の発言を見ていきます。

トランプ大統領は、イラン政府の要請に基づきエネルギー施設の攻撃を10日間延長すると表明しました。
理由については、「ホルムズ海峡で船舶の通過を許可してくれたからだ」と説明をしています。

一方で、アメリカメディアは仲介者の話として、「イランは（延期を）要請していない」と報じているということです。

青井実キャスター:
意見の食い違いが出ているわけですが、何が本当で何が嘘なのか。

SPキャスター・柳澤秀夫氏:
少なくともトランプ大統領の言葉を額面どおりに受け止めることはできないと思いますね。
楽観論が出てきている感じがするんですが、これは原油価格の高騰を抑えたい。市場の不安を少しでも和らげたいという思惑だと思うんですよね。
それと、10日間延期したという言葉がありますが、これは時間稼ぎだと思いますね。

その一方で、アメリカは軍事力を使った圧力を強めています。
アメリカメディアによりますと、アメリカ国防総省がイランに対する最終攻撃を検討しているということです。

内容は、石油の積み出し拠点となるカーグ島の占領やホルムズ海峡にあるララク島の地上作戦。
さらに、高濃度ウラン確保に向けた地上作戦。また、核施設への大規模空爆などを対象に行うとしています。

さらにトランプ大統領は、中東地域に最大1万人の地上部隊の追加派遣を検討することにしているということです。

青井実キャスター:
報道が仮に事実であれば、和平交渉をしたり最終攻撃を同時に進めているということになりますけれども。

SPキャスター・柳澤秀夫氏:
力でたたくのと交渉という両方のダブルトラックでいくんだと思います。増派ということですが、いまホルムズ海峡やペルシャ湾の一番奥のカーグ島が出ていますが、もうひとつ、紅海の出口ですよね。
そこもフーシ派がいま攻撃はしてないですけど、フーシ派の脅威がありますから、そこも1つアメリカが気にしているところだと思います。
ただ、出口戦略をアメリカが描くとはいっても、アメリカ単独で出口を描くことができない。つまりイスラエルという国の思惑みたいなのものが、複雑に絡んできていると思います。

イスラエルの動きについて、イランの指導者らに対する攻撃を続けているイスラエル軍ですが、新たにイラン革命防衛隊のタンシリ海軍司令官を殺害したという情報があります。

ネタニヤフ首相は、“タンシリ司令官がホルムズ海峡の事実上の封鎖を主導した人物だから標的にした”というふうに明らかにしています。

宮司愛海キャスター:
このようにイスラエルが攻勢を強める中で、本当に停戦に向けた動きは進んでいくんでしょうか?

SPキャスター・柳澤秀夫氏:
イスラエルのネタニヤフ首相にしてみると、イランにとどめを刺すためには、いま絶好の機会だというふうに捉えていると思います。
この機に、とにかく一気にイランをたたきたいということですから、アメリカはできるだけ早めに終息させたいという思いがあっても、イスラエルの思惑がある限りはなかなか終戦、あるいは対立の緩和に向けた道筋は見えてこないと思います。

宮司愛海キャスター:
仲介者に関しても、ヨーロッパはこういった問題と距離を置く中で一体誰が担えるのか。
まだまだ先行きが見通せない状況が続きます。",[],[]
俳優夫婦の夫が妻を“バーチャルレイプ”か　わいせつ動画や音声をAI生成し妻になりすます「デジタル性暴力」にドイツ震撼（FNNプライムオンライン（フジテレビ系））,https://news.yahoo.co.jp/articles/320dda843ca5044b1a002b850d2b4649b4727753,https://newsatcl-pctr.c.yimg.jp/t/amd-img/20260327-01120876-fnn-000-4-view.jpg?exp=10800,2026-03-27T17:31:00+09:00,2026-03-27T20:21:26+09:00,FNNプライムオンライン（フジテレビ系）,fnn,FNNプライムオンライン（フジテレビ系）,2395,"FNNプライムオンライン
デジタル空間で“無数の自分”が勝手に使われ、性的に利用されていた——。

ドイツの著名な俳優・司会者のコリーン・フェルナンデス氏（44）が告発したのは、10年以上連れ添った夫による「デジタル性暴力」だった。
【画像】夫に“バーチャルレイプ”されたと訴えるコリーン・フェルナンデス氏
デジタル空間での性暴力は、法の不備を浮き彫りにし、ドイツ社会は怒りの声を上げた。

◆「バーチャルレイプ」

ベルリンのブランデンブルク門前に集まった群衆は、怒っていた。

日曜の午後、広場を埋めた数千人の女性たち。主催者は1万3000人が参加したと発表した（警察発表は約6700人）。

きっかけは、フェルナンデス氏が、元夫で俳優のクリスチャン・ウルメン氏（50）から長期間にわたって被害を受けてきたと告発したことだった。

報道によると、ウルメン氏はフェルナンデス氏との婚姻関係が続いていた時期に、10年以上にわたり彼女になりすました偽プロフィールを作成し、相手と性的なやり取りを重ね、ポルノ的ディープフェイクを含む性的コンテンツを流通させたとされる。

彼女はこれを「バーチャルレイプ」と呼んだ。

この事件の陰惨さを際立たせているのは、加害が疑われる人物が「見知らぬネット上の他人」ではなく、最も近しい存在だったことにある。

夫婦は2011年に結婚し娘をもうけたが、最近離婚したばかりだった。しかも2人とも著名人であり、社会的地位も高かった。だからこそ、事件は芸能スキャンダルにとどまらず、家庭内の信頼や支配、沈黙といった深い問題を突きつけている。

◆AI生成の声で性的な会話も

象徴的なのは、フェルナンデス氏自身は長くSNSアカウントを持っていなかったにもかかわらず、自分名義のプロフィールがオンライン上で独り歩きしていたと訴えている点だ。

本人によれば、何年もの間、彼女の偽プロフィールが作られ、職業上のつながりがある男性たちに接触し、やり取りはやがて口説き文句へと変わり、「彼女からの」ヌード写真や性行為動画が送られたという。

さらに、彼女の名前でメールアドレスが作られ、AIで生成した声で電話もされ、性的な会話へと発展していったという。

こうした行為は10年以上続き、何百人もの男性に「彼女の」裸の映像が送りつけられ、業界関係者の中には、本人が本当に関わっていると信じた人もいたという。

彼女が奪われたのは、外見のイメージだけではない。

声や親密さ、さらには人格そのものが、他人の欲望や支配のために切り刻まれ、運用されたという感覚だった。

フェルナンデス氏はこうした行為の背後にいるのは匿名のネット荒らしだと思っていたという。

だが2024年末、ホテルでウルメン氏本人が「自分がやった」と告白。彼女のSNSには、ウルメン氏が彼女を「所有」している感覚からこうした行為に及び、他の男たちに性的に「提供」することや、屈辱を与えること自体に興奮を覚えていたと打ち明けた、と記されている。

かつて彼女はドキュメンタリーまで制作して「加害者の追跡」を行ったが、実は加害者は「ずっと非常に近くにいた」というのだ。

ドイツを代表する調査報道誌「シュピーゲル」によれば、フェルナンデス氏は2025年末、スペイン在住のウルメン氏を告訴した。

スペインの裁判所は予備捜査を開始しているが、起訴に進むかどうかは決まっていない。

ウルメン氏はシュピーゲルの取材に応じず、弁護士側は報道に法的問題があると主張している。

◆ドイツは「加害者天国」国民怒り

フェルナンデス氏がスペインでの提訴を選んだ背景には、女性への暴力や被害者保護に関して、スペインのほうがドイツよりも制度が整っており、専門の検察や裁判所も存在するという認識がある。

彼女は、ドイツではディープフェイク・ポルノの作成そのものを直接禁じる明確な法律がなく、被害者保護が不十分だと感じている。

だからこそ、ベルリンのデモはフェルナンデス氏個人への同情にとどまらなかった。

広場には怒りと経験を書き込んだプラカードが揺れていた。

「私の身体は私のもの――デジタルでも」「オンラインにも人権を」

参加者たちが訴えていたのは、デジタル空間で起きることもまた現実の暴力であり、放置してきた法と社会の側にこそ責任がある、ということだった。

フェルナンデス氏自身も、被害の深刻さについて「私はインターネット上で、望む者すべてに性的に提供されていた」「いまでも時々、パニック発作で目が覚める」と訴えている。

その後、フェルナンデス氏はドイツメディアのインタビューで、公に語る目的は個人の告発ではなく、法的保護の穴を明らかにすることだと語った。

被害を届け出ても追及されず、立ち消えになってきた経験から、彼女はこれを「司法の機能不全」だと訴え、ドイツを「加害者天国」とまで表現した。

さらに彼女は、この件を有名人の特殊な事件ではなく、埋もれてきた被害が可視化された一例だと位置づける。

公表の意味は、自分が孤立しないためだけでなく、社会が加害者に向き合うためでもあるという。そして何より、「デジタル暴力は現実の暴力だ」と訴える。

被害は画面の中で終わらず、深いトラウマとして残る。だからこそ、沈黙を破らなければならない――それが彼女のメッセージだ。

抗議集会の会場に選ばれたのは、分断と統一の歴史を背負うドイツの象徴、ベルリンのブランデンブルク門。その広場に掲げられていた言葉のなかにはこんなメッセージがあった。

「沈黙は加害者を守る」

いまドイツで起きているのは、その沈黙の壁が、ようやく音を立てて崩れ始めたということなのかもしれない。
（FNNロンドン支局長　髙島泰明）
髙島 泰明",[],[]
「ポケモンセンターのバイト辞めろ」で女性は“別れを決意”　男は女性宅玄関にポケカ置くなど付きまといも　池袋女性刺殺（FNNプライムオンライン（フジテレビ系））,https://news.yahoo.co.jp/articles/14402ac99c0e6f6abcf64f3e70c3a5aa2ea3d8f8,https://newsatcl-pctr.c.yimg.jp/t/amd-img/20260327-01121570-fnn-000-1-view.jpg?exp=10800,2026-03-27T17:18:25+09:00,2026-03-27T17:18:25+09:00,FNNプライムオンライン（フジテレビ系）,fnn,FNNプライムオンライン（フジテレビ系）,439,"FNNプライムオンライン
東京・池袋の「サンシャインシティ」で、女性店員が元交際相手の男に刃物で刺され殺害された事件で、男が別れた後にも女性の家にプレゼントを置いていたことがわかりました。

26日夜、豊島区東池袋のサンシャインシティにある「ポケモンセンター」で、店員の春川萌衣さん（21）が首などを刃物で刺され死亡し刺した広川大起容疑者（26）も自分の首を刺して死亡しました。

2人は2024年10月から9カ月ほど交際していましたが、春川さんは広川容疑者に「ポケモンセンターのバイトはお前には合わない、辞めろ」などと言われ、別れることを決めたと警視庁に説明していたということです。

その後の捜査関係者への取材で、広川容疑者は別れた後にも春川さんの自宅玄関にポケモンカードのプレゼントを置くなど、付きまとい行為をしていたことが新たにわかりました。

警視庁は、2人が別れた後に広川容疑者が一方的に執着心を募らせていたとみて、殺人事件として捜査しています。
フジテレビ,社会部",[],[]
福岡・北九州市の基地で備蓄石油を放出　貯蔵船8隻分約560万キロリットルを備蓄可能（FNNプライムオンライン（フジテレビ系））,https://news.yahoo.co.jp/articles/4f168fbd40252b8d44db4035c42b3b34c4b08fd5,https://newsatcl-pctr.c.yimg.jp/t/amd-img/20260327-01121563-fnn-000-2-thumb.jpg?exp=10800,2026-03-27T17:06:26+09:00,2026-03-27T18:57:24+09:00,FNNプライムオンライン（フジテレビ系）,fnn,FNNプライムオンライン（フジテレビ系）,289,"FNNプライムオンライン
中東情勢が緊迫化する中、政府は、福岡・北九州市にある白島国家石油備蓄基地でも石油を放出しました。

中東情勢の悪化でホルムズ海峡が事実上封鎖され、日本への輸入量が大幅に減少する中、政府は26日から全国11の基地で、石油の国家備蓄の放出を順次始めています。

このうち、北九州市若松区の沖にある白島国家石油備蓄基地でも先ほどから放出がはじまりました。

石油の供給不足に備え1996年に完成した白島国家石油備蓄基地は、貯蔵船8隻分の約560万kLを備蓄することができます。

全国での国家備蓄の放出量は、国内利用の1カ月分だということです。
テレビ西日本",[],[]
乗用車が中央分離帯に衝突し炎上　けが人なし　運転手の男性は自力で脱出　千葉・富津館山道が一部通行止め（FNNプライムオンライン（フジテレビ系））,https://news.yahoo.co.jp/articles/ff2b41a417bbb607d588e683e4a86753bafcb48d,https://newsatcl-pctr.c.yimg.jp/t/amd-img/20260327-01121555-fnn-000-4-thumb.jpg?exp=10800,2026-03-27T17:03:26+09:00,2026-03-27T19:09:25+09:00,FNNプライムオンライン（フジテレビ系）,fnn,FNNプライムオンライン（フジテレビ系）,277,"FNNプライムオンライン
千葉県の富津館山道で、乗用車が中央分離帯に衝突して炎上しましたが、けが人はいませんでした。

午後1時半過ぎ、富津館山道上り98キロポスト付近で「車が中央分離帯にぶつかり炎上中」と110番通報がありました。

警察などによりますと、男性が運転する乗用車が中央分離帯に衝突し車から火が出ましたが、消防車など5台が出動し、およそ30分後に消し止められました。

運転手の男性は自力で避難したため、ケガはありませんでした。

この事故の影響で、富津館山道の富浦ICから鋸南富山ICの上下間で通行止めとなっています。
フジテレビ,社会部",[],[]
2025年に「不法残留」状態になった外国人は約1万人　入管庁が初統計　不法就労判明は1.3万人超、最多は茨城県（FNNプライムオンライン（フジテレビ系））,https://news.yahoo.co.jp/articles/40ebf2c92a4060966211d701f3d282f06867ffa7,https://newsatcl-pctr.c.yimg.jp/t/amd-img/20260327-01121544-fnn-000-2-view.jpg?exp=10800,2026-03-27T17:00:42+09:00,2026-03-27T17:03:25+09:00,FNNプライムオンライン（フジテレビ系）,fnn,FNNプライムオンライン（フジテレビ系）,546,"FNNプライムオンライン
2025年に在留ビザの期限が切れて、不法残留の状態になった外国人はおよそ1万人だったことがわかりました。
【動画を見る】謝礼は1万円?「外国人の不法就労」通報に報奨金　茨城県が導入検討で賛否
出入国在留管理庁によりますと、去年1年間で不法残留になった外国人の数は9748人でした。

在留資格別では「短期滞在」が3737人で最も多く、次いで、「特定技能」が1924人「技能実習」が1831人と続いています。

入管庁がこの統計を取ったのは初めてで、担当者は「実態を正確に把握して効果的な対策を検討していく」としています。

この数字を含めた全国にいる不法残留の外国人は6万8488人で、前年に比べ6375人減少していて、政府はこうした不法滞在者をゼロにする目標を掲げています。

また、去年、入管法違反で退去強制手続きや出国命令手続きが取られた外国人の数は1万8442人で、このうち不法就労が判明した外国人は全体の72.9％を占める1万3435人でした。

農業や建設作業の分野が多く、地域別では茨城県が3518人で最多。千葉県（1967人）、群馬県（1426人）、埼玉県（1366人）などが続き、関東の1都6県で全体の76.4％を占めています。
フジテレビ,社会部",[],[]
東京・北区のマンション解体現場が崩落　歩道と車道ががれきで通行止めに　ケガ人なし　安全確認でき次第撤去作業へ（FNNプライムオンライン（フジテレビ系））,https://news.yahoo.co.jp/articles/d89eab1e830ec78c591a643f1efa33fc57291626,https://newsatcl-pctr.c.yimg.jp/t/amd-img/20260327-01121560-fnn-000-1-thumb.jpg?exp=10800,2026-03-27T16:54:24+09:00,2026-03-27T16:54:24+09:00,FNNプライムオンライン（フジテレビ系）,fnn,FNNプライムオンライン（フジテレビ系）,271,"FNNプライムオンライン
東京・北区のマンションの解体現場でがれきが崩れ、近くの歩道や車道の通行ができなくなっています。

27日午後3時20分ごろ、北区田端新町で「解体現場が崩れて歩道ががれきで埋まっている」と目撃した人から110番通報がありました。

警視庁によりますと、崩れたのは4階建てマンションの解体工事現場で、歩道と車道の一部ががれきで埋まり、通行できなくなっているということです。

巻き込まれた人や車はなく、けが人はいませんでした。

警視庁などは安全確認ができ次第、がれきの撤去作業を進めるとしています。
フジテレビ,社会部",[],[]
桜満開目前!「うえの桜祭り」これからも花が咲き誇る…27日は午後5時〜9時は提灯に明かり、夜桜も満喫（FNNプライムオンライン（フジテレビ系））,https://news.yahoo.co.jp/articles/43394015724152d0dc3ff201d854548851c07fe1,https://newsatcl-pctr.c.yimg.jp/t/amd-img/20260327-01121537-fnn-000-1-thumb.jpg?exp=10800,2026-03-27T16:39:24+09:00,2026-03-27T16:39:24+09:00,FNNプライムオンライン（フジテレビ系）,fnn,FNNプライムオンライン（フジテレビ系）,488,"FNNプライムオンライン
気象庁的には27日はサクラが満開ではなかったということですが、花見が見ごろの時期を迎えています。

「うえの桜祭り」が開催されている上野公園から広瀬修一キャスターが中継でお伝えします。

サクラがすっかり咲き誇っていて、ずっと奥まで、ソメイヨシノが続いている桜並木です。
人の数もすごいです。

歩きながら一緒に花見してみましょう。

一番人が足を止める場所では、目の前まで枝が垂れ込めていて、すぐ近くで写真に収めながら、目の前で花びらを見ることができます。

ただ、少し離れて見ると枝先、まだつぼみのところが多いです。

そして、上のほうにいくと、よりつぼみで枝だけというところもあり、これだけ咲いてこんなにきれいなのに、まだまだこのあと満開に向けて花が咲き誇るということになります。
よりきれいな光景がこの後も続くことになります。

お花見のためにシートを広げている人もたくさんいます。

27日は午後5時から午後9時の間、提灯に明かりがつくということで夜桜になるとまた雰囲気が変わるということもあります。

日中も、そして夜も楽しめる状況です。",[],[]
王者マックス・フェルスタッペン苦戦の2026年序盤　相性のいい鈴鹿で復調のきっかけつかめるか（FNNプライムオンライン（フジテレビ系））,https://news.yahoo.co.jp/articles/ef691224ea8f7415bf6d3300a4c231596d9c3991,https://newsatcl-pctr.c.yimg.jp/t/amd-img/20260327-01121523-fnn-000-1-view.jpg?exp=10800,2026-03-27T16:30:41+09:00,2026-03-27T16:30:41+09:00,FNNプライムオンライン（フジテレビ系）,fnn,FNNプライムオンライン（フジテレビ系）,1163,"FNNプライムオンライン
2021年から4年連続でワールドチャンピオンとなったマックス・フェルスタッペンが、2026年F1™シーズン序盤で苦戦を強いられている。開幕2戦を終えて表彰台には届かず、レッドブルにとっても試練の立ち上がりとなった。
【画像】18歳で史上最年少優勝を果たしたフェルスタッペン（2016年）
◆史上最年少17歳でF1デビュー

史上最年少でデビューし、長年F1界を牽引してきたフェルスタッペンだが、2026年シーズン序盤は厳しい状況に直面している。

フェルスタッペンは今季これまでに2戦を消化し、ランキング8位。獲得ポイントは8にとどまっている。開幕からトップ10入りは一度のみで、第2戦の中国ではリタイアとなった。

ベネトンやアロウズなどに所属した元F1ドライバーのヨス・フェルスタッペンを父に持つマックスは2015年、トロ・ロッソから史上最年少の17歳でF1にデビュー。2016年シーズン途中でレッドブルに移籍すると、初戦となったスペインでは18歳228日の史上最年少となる優勝を果たした。

2021年にはルイス・ハミルトン（当時メルセデス）と激しい年間チャンピオン争いを演じ、最終戦アブダビでは残り1周でハミルトンを逆転し優勝。初のドライバーズタイトルを獲得した。

以降2024年まで4年連続で世界王者に輝き、現代F1を代表する存在となっている。
特に2023年にはシーズン19勝という記録的な成績を残し、圧倒的な強さを示した。

しかし、2024年後半からはレッドブルの戦闘力低下がみられ、フェルスタッペンは厳しい戦いを強いられてきた。2025年にはチームメートの角田裕毅に大きな差をつけ、終盤の追い上げでタイトル争いに食い込んだものの、ランド・ノリス（マクラーレン）に2ポイント及ばず2位でドライバーズタイトル5連覇を逃した。

◆歴代3位の通算71勝

フェルスタッペンはここまで、28歳にしてハミルトン（105勝）、ミハエル・シューマッハ（91勝）に次ぐ歴代3位の通算71勝をマーク。「勝つことへの執着」と「強気なレーススタイル」で知られる。

4度の世界王者として背負う期待も大きい。史上屈指の若さで成功を収めてきたフェルスタッペンにとって、勝てない今シーズン序盤は新たな試練となっている。

◆鈴鹿は4連覇中

シーズンはまだ始まったばかりであり、フェルスタッペンのキャリアを振り返れば、逆境から結果を残してきた例は少なくない。

迎えた日本グランプリ。フェルスタッペンは2022年から2025年まで、鈴鹿で4連覇を果たしている。相性のいいサーキットできっかけをつかみ、2026年が再び王者としての存在感を示す一年となるかどうか、その行方を見守りたい。
プライムオンライン編集部",[],[]
トランプ大統領　イランのエネルギー施設への軍事攻撃を10日間延期…一方、1万人規模の地上部隊“追加派兵”報道も（FNNプライムオンライン（フジテレビ系））,https://news.yahoo.co.jp/articles/26aaaab0a123b389b6db264019712214c5e15dc6,https://newsatcl-pctr.c.yimg.jp/t/amd-img/20260327-01121535-fnn-000-2-thumb.jpg?exp=10800,2026-03-27T16:24:23+09:00,2026-03-27T17:30:54+09:00,FNNプライムオンライン（フジテレビ系）,fnn,FNNプライムオンライン（フジテレビ系）,486,"FNNプライムオンライン
アメリカのトランプ大統領は、イランのエネルギー施設への軍事攻撃を10日間延期すると表明しました。

一方で、イラン周辺に1万人規模の地上部隊を追加派兵するとの報道もあり、緊迫した状態が続いています。

トランプ大統領は26日、自身のSNSに「イラン政府の要請に基づき、エネルギー施設への攻撃を10日間延期する」と投稿しました。

期限はアメリカ東部時間4月6日、日本時間の4月7日午前9時としています。

トランプ大統領:
イランはとても丁寧に延期を要求してきた。7日間（の延期）を求めたが、船舶通過を許可したので10日にした。

トランプ大統領はFOXニュースに出演し、攻撃を延期した経緯について、「イラン側が非常に丁寧に、もう少し時間をもらえないかと頼んできたからだ」と説明しました。

こうした中、ウォールストリート・ジャーナルは26日、国防総省が中東地域に最大1万人の地上部隊の追加派遣を検討していると報じました。

トランプ政権はエネルギー施設への攻撃を延期し、交渉を進める一方で、イランへの圧力を強めています。
フジテレビ,国際取材部",[],[]
強制執行の訪問直後にアパート火災　部屋に住む30代男性が意識不明　自ら火をつけたか　家賃滞納めぐり裁判所職員が訪問（FNNプライムオンライン（フジテレビ系））,https://news.yahoo.co.jp/articles/f196d8ee6b22a3258329e4bb84d24d5b8d78eb94,https://newsatcl-pctr.c.yimg.jp/t/amd-img/20260327-01121526-fnn-000-1-thumb.jpg?exp=10800,2026-03-27T16:18:26+09:00,2026-03-27T16:18:26+09:00,FNNプライムオンライン（フジテレビ系）,fnn,FNNプライムオンライン（フジテレビ系）,311,"FNNプライムオンライン
裁判所の職員が強制執行に訪れたアパートで火事です。

警視庁によりますと、27日午前11時前、東京・八王子市大和田町のアパートで火事があり、火元の部屋には家賃を滞納していたとみられる30代の男性が1人で住んでいました。

強制執行のため裁判所の職員らが訪問したところ、部屋の窓から煙が出てきたということです。

火は1時間ほどでほぼ消し止められ、男性は救助されましたが意識不明の重体です。

警視庁は男性が自ら火をつけたとみて出火原因を調べています。

強制執行をめぐっては、2026年1月にも東京・杉並区のアパートで裁判所の執行官ら2人が刺され死傷する事件が起きていました。
フジテレビ,社会部",[],[]
「ポケモンセンターのバイト辞めろ」と言われ女性が別れ決意　元交際相手の男が一方的に執着心を募らせたか　池袋女性刺殺（FNNプライムオンライン（フジテレビ系））,https://news.yahoo.co.jp/articles/83528accc8dbe203dc57df68311ee872c4c86cf2,https://newsatcl-pctr.c.yimg.jp/t/amd-img/20260327-01121529-fnn-000-3-thumb.jpg?exp=10800,2026-03-27T16:12:28+09:00,2026-03-27T16:36:26+09:00,FNNプライムオンライン（フジテレビ系）,fnn,FNNプライムオンライン（フジテレビ系）,514,"FNNプライムオンライン
東京・池袋の「サンシャインシティ」で、女性店員が元交際相手の男に刃物で刺され殺害された事件で、女性は男に「ポケモンセンターのバイトを辞めろ」と言われ、別れることを決めたと話していたことがわかりました。
【画像】男は過去にストーカー規制法違反疑いで逮捕・・・事件現場を見る
26日夜、豊島区東池袋のサンシャインシティにある「ポケモンセンター」で、店員の春川萌衣さん（21）が首などを刃物で刺され死亡し、刺した広川大起容疑者（26）も自分の首を刺して死亡しました。

春川さんは広川容疑者の付きまとい行為を警視庁に相談する中で、「ポケモンセンターで働くことが夢だった」と話し、2025年7月、広川容疑者と一緒に働いていた八王子市内のファストフード店から転職したことがわかっています。

その後の捜査関係者への取材で春川さんは転職する際、広川容疑者から「ポケモンセンターのバイトはお前には合わない、辞めろ」などと言われ、別れることを決めたと警視庁に説明していたことがわかりました。

警視庁は、2人が別れた後に広川容疑者が一方的に執着心を募らせていたとみて、殺人事件として捜査しています。
フジテレビ,社会部",[],[]
沖縄県で最大震度1の地震　沖縄県・宮古島市（FNNプライムオンライン（フジテレビ系））,https://news.yahoo.co.jp/articles/a919da0daf5935f6674d28c8af00dd7674c46b2a,https://newsatcl-pctr.c.yimg.jp/t/amd-img/20260327-01121536-fnn-000-1-view.jpg?exp=10800,2026-03-27T16:06:28+09:00,2026-03-27T16:06:28+09:00,FNNプライムオンライン（フジテレビ系）,fnn,FNNプライムオンライン（フジテレビ系）,173,"FNNプライムオンライン
3月27日16時1分、宮古島近海の深さ30キロメートルを震源とするマグニチュード4.0の地震があり、沖縄県宮古島市で最大震度1の地震が観測されました。
地震に備えを…減災チェックリストはこちら
この地震による津波の心配はありません。

各地の震度は以下の通り。

【震度1】
・沖縄県
宮古島市
プライムオンライン編集部",[],[]
トランプ政権　AI企業に政府機関での使用停止を指示　カリフォルニア地裁が措置の仮差し止め命じる「敵対的存在とはみなせない」（FNNプライムオンライン（フジテレビ系））,https://news.yahoo.co.jp/articles/5d274c09ab2f8b039aa800a53a1c4a21109a9c11,https://newsatcl-pctr.c.yimg.jp/t/amd-img/20260327-01121525-fnn-000-1-view.jpg?exp=10800,2026-03-27T16:06:26+09:00,2026-03-27T16:06:26+09:00,FNNプライムオンライン（フジテレビ系）,fnn,FNNプライムオンライン（フジテレビ系）,403,"FNNプライムオンライン
カリフォルニア州の連邦地裁は26日、トランプ政権がAI企業アンソロピックを政府契約などから排除した措置について、仮差し止めを命じました。

アンソロピックは、AIの軍事利用に一定の制限を設けていて、国防総省による制限緩和の要求を拒否していました。

これを受けトランプ政権は先月、アンソロピックを安全保障上の脅威となる「サプライチェーンリスク」に指定し、全ての政府機関での使用停止を指示しました。

アンソロピック側は取り消しなどを求め提訴していました。

地裁は政府の対応について、「政府への異議申し立てなどを理由に敵対的な存在とみなすことはできない」として、言論の自由などを保障する憲法に違反する「報復的な措置」だと認定し排除措置の仮差し止めを命じました。

現地メディアによりますと、アンソロピックは「政府と建設的に取り組み続けていく」としています。
フジテレビ,国際取材部",[],[]
4月分の電気ガス料金　大手14社すべて値上がり　電力10社は393〜463円　都市ガス4社148〜195円　前月比（FNNプライムオンライン（フジテレビ系））,https://news.yahoo.co.jp/articles/3bd7da7d998ab942938ec4c786ad24c0549e410e,https://newsatcl-pctr.c.yimg.jp/t/amd-img/20260327-01121516-fnn-000-5-thumb.jpg?exp=10800,2026-03-27T15:27:25+09:00,2026-03-27T19:18:26+09:00,FNNプライムオンライン（フジテレビ系）,fnn,FNNプライムオンライン（フジテレビ系）,270,"FNNプライムオンライン
4月分の電気ガス料金が大手14社ですべて値上がりします。

大手電力10社の4月使用分の電気料金は、標準的な家庭で、前の月よりも393円から463円値上がりします。

東京電力では、458円値上がりし、8777円となります。

また、大手都市ガス4社も標準的な家庭で148円から195円値上がりします。

政府が、物価高対策として実施してきた電気・ガス料金の補助が3月に終了し、再生エネルギーの普及を目的とした電気料金の「再エネ賦課金」が4月から引き上げられる影響で負担が増えることになります。
フジテレビ,経済部",[],[]
新たなクマ被害対策ロードマップ　政府が策定…目標数として「捕獲数」を地域別に設定（FNNプライムオンライン（フジテレビ系））,https://news.yahoo.co.jp/articles/ccea64d7956db826d6a426d8dd48a18e00af819f,https://newsatcl-pctr.c.yimg.jp/t/amd-img/20260327-01121506-fnn-000-1-thumb.jpg?exp=10800,2026-03-27T15:21:34+09:00,2026-03-27T15:21:34+09:00,FNNプライムオンライン（フジテレビ系）,fnn,FNNプライムオンライン（フジテレビ系）,361,"FNNプライムオンライン
政府は、冬眠明けのクマによる被害の増加が懸念されるとして、新たな対策ロードマップを取りまとめました。

木原官房長官:
今後、冬眠明けのクマの出没増加が懸念される中で、まずは春季のクマの捕獲の推進に万全を期すなど、引き続き強い緊張感を持って積極的に取り組むように。

政府が新たに取りまとめたクマ被害対策のロードマップでは、実効性を高める狙いから、2030年度までの目標数としてクマの「捕獲数」を地域別に設定しました。

具体的には、2026年度中に東北で3800頭、中部で3500頭などとしていて、北海道については2034年までに1万2540頭を暫定的な捕獲目標数として掲げました。

また、必要な「自治体職員数」も現在の約3倍にあたる2500人を目安に拡充するとしました。
フジテレビ,政治部",[],[]
新年度予算案が年度内成立“極めて困難”に　政府が暫定予算案を国会提出　「判断が遅い」と野党批判（FNNプライムオンライン（フジテレビ系））,https://news.yahoo.co.jp/articles/8e3caf0faf3c453e060a720f6817d805462b6442,https://newsatcl-pctr.c.yimg.jp/t/amd-img/20260327-01121500-fnn-000-1-thumb.jpg?exp=10800,2026-03-27T15:21:26+09:00,2026-03-27T15:21:26+09:00,FNNプライムオンライン（フジテレビ系）,fnn,FNNプライムオンライン（フジテレビ系）,575,"FNNプライムオンライン
高市首相が目指す新年度予算案の年度内の成立が極めて困難な情勢となる中、政府は27日、年度内に成立しない場合に備えて暫定予算案を閣議で決定し国会に提出しました。

新年度予算案をめぐっては与党側が、28日土曜日の審議を提案しましたが、野党側は応じず、年度内成立までの道筋がついていません。

こうした中、政府は27日午前、不測の事態に備えるとして暫定予算案を閣議決定し、国会に提出しました。

暫定予算案は、4月1日からの11日間分で、一般会計の総額が約8兆6000億円となり社会保障費や地方交付税交付金に加え、高校授業料の無償化の費用などが盛り込まれています。

年度末が迫るこの時期に暫定予算案の審議が加わったことで、政府・与党内では新年度予算案の成立が4月にずれ込むことは確実視されている状況です。

中道改革連合・小川代表:
非常に判断が遅く、見通しが甘かったと言わざるを得ない。

野党側からは、与党の国会運営を巡り批判の声があがる他、身内の自民党内からも「参議院は過半数がないからこうなることは目に見えていた」といった声が聞かれます。

一方、首相周辺は、「来月以降になるとしても災害など不測の事態に備えて、成立はなるべく早い方がいい」と述べていて、年度をまたいでも与野党の攻防が続く公算です。
フジテレビ,政治部",[],[]
アメリカ国防総省がイランへの最終攻撃検討か　カーグ島の占領など選択肢に　米メディア報道（FNNプライムオンライン（フジテレビ系））,https://news.yahoo.co.jp/articles/62754e19d0344ba1381037f354aa0b893bf411c4,https://newsatcl-pctr.c.yimg.jp/t/amd-img/20260327-01121502-fnn-000-2-thumb.jpg?exp=10800,2026-03-27T15:15:39+09:00,2026-03-27T15:18:26+09:00,FNNプライムオンライン（フジテレビ系）,fnn,FNNプライムオンライン（フジテレビ系）,438,"FNNプライムオンライン
イラン情勢をめぐり、アメリカのトランプ政権がエネルギー施設への攻撃を延期する中、国防総省がイランへの地上部隊投入を含む最終攻撃を検討しているとアメリカのメディアが報じました。
【画像】アメリカとイランの停戦条件には“大きな隔たり”も
ニュースサイト・アクシオスは26日、複数の当局者の話としてアメリカ国防総省がイランへの最終攻撃に向けた選択肢を検討中だと伝えました。

選択肢として、石油輸送の拠点・カーグ島の占領や、イラン産の原油を輸出する船舶の拿捕などが検討されているとしています。

アクシオスは最終攻撃が「交渉への道を促し、トランプ大統領の勝利宣言の材料になりうる」との当局者の見方を伝えています。

一方、ウォールストリート・ジャーナルは国防総省が中東地域に最大1万人の地上部隊の追加派遣を検討していると報じました。

トランプ政権はエネルギー施設への攻撃を延期し、交渉を進める一方で、イランへの圧力を強めています。
フジテレビ,国際取材部",[],[]
アメリカの全紙幣にトランプ大統領の署名を印刷へ　「建国250周年記念」の“異例”対応に野党からは批判も（FNNプライムオンライン（フジテレビ系））,https://news.yahoo.co.jp/articles/8b7824761b108f9f4e861d5334253b7b1527ca04,https://newsatcl-pctr.c.yimg.jp/t/amd-img/20260327-01121473-fnn-000-3-thumb.jpg?exp=10800,2026-03-27T13:51:25+09:00,2026-03-27T17:15:38+09:00,FNNプライムオンライン（フジテレビ系）,fnn,FNNプライムオンライン（フジテレビ系）,372,"FNNプライムオンライン
今後発行されるアメリカの全てのドル紙幣に、トランプ大統領の署名が刻印されることになりました。
現職大統領の署名が紙幣に入るのは初めてです。

アメリカ財務省は26日、「建国250周年を記念し、今後発行される全ての紙幣にトランプ大統領の署名が刻印されることになる」と発表しました。

現職大統領の署名が紙幣に掲載されるのは初めてで、ベッセント財務長官は「偉大な国とトランプ大統領の歴史的な功績を称えるのにこれほど強力な手段はない」と説明しています。

アメリカの紙幣にはこれまで、財務長官と財務官の署名が記載されてきましたが、今後はトランプ大統領と財務長官の署名に変更されます。

ロイター通信は「これまで建物や戦艦などにトランプ氏の名前がつけられてきたが、これは最新の試みだ」と指摘しています。
フジテレビ,国際取材部",[],[]
彬子さま「飼い犬に腹を噛まれる」エッセイの出版記念トークイベントで愛犬との思い出など語る（FNNプライムオンライン（フジテレビ系））,https://news.yahoo.co.jp/articles/323172505eadccf15595c1ed3efbf0ea169b9ebd,https://newsatcl-pctr.c.yimg.jp/t/amd-img/20260327-01121388-fnn-000-1-thumb.jpg?exp=10800,2026-03-27T12:27:26+09:00,2026-03-27T12:27:26+09:00,FNNプライムオンライン（フジテレビ系）,fnn,FNNプライムオンライン（フジテレビ系）,494,"FNNプライムオンライン
三笠宮家の彬子さまが愛犬にまつわる著書の出版記念イベントに出席されました。

著書「飼い犬に腹を噛まれる」の出版記念トークイベントに出席された彬子さま。

胸元には犬のブローチがあしらわれています。

彬子さまは「（タイトルについて）どういうこと?と思って手に取ってくださる方も増えるかなと思いまして」と語られました。

2025年9月に発売されたこのエッセイは、ほかの子犬を抱く彬子さまの姿を見てかみついてきた愛犬「左馬助（さまのすけ）」のエピソードがタイトルになっています。

「左馬助」は鳥取に古くから伝わる山陰柴犬で、彬子さまと12年近くを共にし、出版の翌月他界。

タイトルとなった本は大事な思い出になったそうです。

彬子さまと言えば1年前、「オールナイトニッポン」で皇族として50年ぶりにラジオパーソナリティーを務め、漫画喫茶に通うなど意外な日常を明かされたことも話題になりました。

彬子さまは26日のイベントでも「移動するとき（に読むの）は文庫本、時代小説とか。寝る前は漫画」と、漫画や本への愛情を1時間あまり語られました。
フジテレビ,社会部",[],[]
大谷翔平が今季初安打＆初得点　山本由伸は2年連続の開幕戦白星　ドジャース8-2で快勝　3年連続“世界一”へ好発進（FNNプライムオンライン（フジテレビ系））,https://news.yahoo.co.jp/articles/079628d5e3c208ee34fc1a46354ae1338b2782b8,https://newsatcl-pctr.c.yimg.jp/t/amd-img/20260327-01121316-fnn-000-3-view.jpg?exp=10800,2026-03-27T12:24:34+09:00,2026-03-27T14:00:49+09:00,FNNプライムオンライン（フジテレビ系）,fnn,FNNプライムオンライン（フジテレビ系）,1398,"FNNプライムオンライン
◆ロサンゼルス・ドジャース8-2アリゾナ・ダイヤモンドバックス　26日（日本時間27日午前9時30分試合開始、ユニクロフィールド・アット・ドジャースタジアム）

ドジャースの2026年レギュラーシーズン開幕戦が26日、本拠地にダイヤモンドバックスを迎えて行われ、大谷翔平選手（31）が「1番DH」、山本由伸投手（27）が2年連続の開幕投手として先発出場。大谷は今季初安打＆初得点、山本が今季初白星をマークした。

大谷は昨季レギュラーシーズン、打率.282、本塁打55本、打点102、OPS1.014の成績。投手としても2年ぶりに復活を果たし1勝（1敗）を挙げ、3年連続4度目のMVPに輝いた。今年3月のWBCでは打率.462、3本塁打、7打点、OPS1.842の好成績を挙げて指名打者としてベストナインに選ばれた。

山本は昨季12勝8敗、防御率2.49。ブルージェイズとのワールドシリーズでは先発・リリーフを獅子奮迅の活躍で3勝を挙げドジャースの2年連続Vに大きく貢献し、MVPに選ばれた。3月のWBCでは2試合を投げて1勝をマークしている。

一方のダイヤモンドバックスは昨季13勝15敗、防御率4.83のギャレン投手が先発した。

山本は1回表、1番マルテから2026年シーズン初の奪三振をマーク。ヒットで走者を出しながらも無失点に抑え、上々の立ち上がりを見せた。

大谷は1回裏の第1打席、カウント2-2で5球目の真ん中低めナックルカーブを捉え、鋭い当たりでライト前に運び、2026年レギュラーシーズン初安打をマークした。

3回裏1死走者なしで迎えた大谷の第2打席、カウント1-1で3球目を打ってレフトフライ。

4回表、山本は無死1塁で3番ペルドモにライトスタンドへ一発を浴びてダイヤモンドバックスが2点を先制。

2点を追うドジャースは5回裏、無死1、2塁で8番パヘスが左中間スタンドへスリーランホームランを放って3-2と一気に逆転。無死1塁で迎えた大谷の第3打席は、カウント3-2で7球目に四球を選んで出塁。2死満塁となって5番ウィル・スミスの一塁内野安打の間に1点を追加して4-2とした。

6回表、山本は前の打席で本塁打を打たれた3番ペルドモから空振り三振を奪うなど、上位打線を3人でピシャリ。山本は6イニング、打者21人に95球を投げ、被安打5、被本塁打1、奪三振6、失点2の無四球ピッチングを見せ、勝利投手の権利を持ってマウンドを降りた。

7回裏の先頭で大谷の第4打席は、ダイヤモンドバックス4番手クラークから死球を受け出塁。続く2番タッカーに移籍後初安打となるライトへのタイムリー二塁打が出てホームに還った大谷が、今季初得点をマークした。

無死2塁で続く3番ムーキー・ベッツがセンターにタイムリーを打って6-2。1死1塁となって5番スミスに左中間スタンドへのツーランホームランが飛び出し、ドジャースが8-2と大きくリードを広げた。

8回裏1死1塁で大谷の第5打席、カウント3-1で5球目の真ん中高め直球を打ってセンターフライに倒れた。

試合は9回表を4番手スコット投手が3人で締めたドジャースが8-2で快勝。山本は2年連続となる開幕戦勝利となった。

大谷は3打数1安打、得点1、四球1、死球1の成績だった。
プライムオンライン編集部",[],[]
池袋のポケモンセンター女性店員刺殺　1月に元交際相手の男に接近禁止命令出され「もう近づかない」　女性の首など5回以上刃物で刺したか（FNNプライムオンライン（フジテレビ系））,https://news.yahoo.co.jp/articles/4ae066f082fa5165938334edb5baa88085a2f0aa,https://newsatcl-pctr.c.yimg.jp/t/amd-img/20260327-01121365-fnn-000-3-view.jpg?exp=10800,2026-03-27T12:15:51+09:00,2026-03-27T12:21:31+09:00,FNNプライムオンライン（フジテレビ系）,fnn,FNNプライムオンライン（フジテレビ系）,561,"FNNプライムオンライン
東京・池袋の「サンシャインシティ」で元交際相手の男に女性店員が刺され死亡した事件で、男は少なくとも5回にわたり女性の首などを刺していたことが捜査関係者への取材で分かった。一方的に執着心を募らせていたとみて、警視庁が詳しい経緯を調べている。
【画像】男は過去にストーカー規制法違反疑いで逮捕　現場の写真
◆過去に「復縁したかった」と話す

26日夜、東京都豊島区東池袋のサンシャインシティにある「ポケモンセンター」で、店員の春川萌衣さん（21）が首などを刃物で刺され死亡し、刺した広川大起容疑者（26）も自分の首を刺して死亡した。

春川萌衣さんを知る人は取材に「家族みんな仲良かった。いつもおつかいにいって重い荷物なんか持ってお母さんのね。本当にショックでかわいそう」と話した。

広川容疑者は春川さんの元交際相手で、去年12月にストーカー規制法違反の疑いで逮捕された。

今年1月に接近禁止命令が出された際には、「復縁したかった、もう近づかない」と話し、今月12日までには広川容疑者からの接触は確認されなかったという。

捜査関係者によると、広川容疑者は少なくとも5回にわたり春川さんの首などを刺していて、警視庁は一方的に執着心を募らせていたとみて、詳しい経緯を調べている。
フジテレビ,社会部",[],[]
大谷翔平が開幕戦第1打席でいきなりヒット　村上宗隆はホームランで華々しくメジャーデビュー（FNNプライムオンライン（フジテレビ系））,https://news.yahoo.co.jp/articles/7df458e5331408c842558234104ba13eb011e4fa,https://newsatcl-pctr.c.yimg.jp/t/amd-img/20260327-01121404-fnn-000-2-view.jpg?exp=10800,2026-03-27T12:15:49+09:00,2026-03-27T14:00:48+09:00,FNNプライムオンライン（フジテレビ系）,fnn,FNNプライムオンライン（フジテレビ系）,457,"FNNプライムオンライン
メジャーリーグドジャースの開幕戦に大谷翔平選手と、山本由伸投手がそろって先発。
速報でお伝えします。

試合前、スタジアムに持ち込まれた2つの優勝トロフィー。
ドジャースにとってワールドシリーズ3連覇を目指す戦いがいよいよ始まりました。

2年連続で開幕投手の大役を務めた山本投手。
初回は、先頭バッターを空振り三振に仕留めるなど、無失点で切り抜けます。

その裏、1番・大谷選手の第一打席でした。
変化球をうまく捉えライト前へ。
いきなりヒットを放ち好調なバッティングを披露します。

3回まで無失点ピッチングを続けていた山本投手ですが、4回にツーランホームラン浴び、先制をゆるしてしまいます。

その後逆転したドジャースは大谷選手の第3打席。
ここはフォアボールを選びこの日2度目の出塁。

試合は現在も続いています

一方、ホワイトソックスの村上宗隆選手は、第4打席に豪快な一発。

開幕戦でいきなりホームランを放ち華々しいメジャーデビューとなりました。
フジテレビ,報道スポーツ部",[],[]
ゴジラとの“コラボマシン”も登場　イベントにラッセル参加し大盛り上がり　F1日本グランプリ開幕　（FNNプライムオンライン（フジテレビ系））,https://news.yahoo.co.jp/articles/703e4ad37af3533fc04c0012ceaca09f048de628,https://newsatcl-pctr.c.yimg.jp/t/amd-img/20260327-01121367-fnn-000-3-view.jpg?exp=10800,2026-03-27T12:09:23+09:00,2026-03-27T16:51:27+09:00,FNNプライムオンライン（フジテレビ系）,fnn,FNNプライムオンライン（フジテレビ系）,397,"FNNプライムオンライン
モータースポーツの最高峰、F1の日本グランプリが27日に開幕。
会場の鈴鹿サーキットは朝から熱気に包まれています。

鈴鹿サーキットには8時の開場を前に多くのファンが詰めかけ、我先にと急ぐ人たちの姿も。

桜の季節に、世界最速を決めるF1の第3戦日本グランプリがやってきました。

第1戦で優勝したメルセデスのジョージ・ラッセル選手が会場に到着すると、サインをプレゼントし、2ショット写真のリクエストにも快く応えていました。

その後、フリー走行前に行われたイベントに参加。今シーズンの主役ともいえる選手の登場に、会場も大盛り上がりでした。

そしてサーキットではF1のマシンがお披露目されました。

ゴジラがあしらわれるなど、特別なカラーリングが施されたマシンも。

日本グランプリは現在フリー走行が行われており、29日に決勝を迎えます。
フジテレビ,報道スポーツ部",[],[]
政府　暫定予算案を閣議決定　高校授業料や学校給食の無償化費用など計上　8兆6000億円規模（FNNプライムオンライン（フジテレビ系））,https://news.yahoo.co.jp/articles/e78f22b5cf5aef8bfe4b6e0547508617b3d36505,https://newsatcl-pctr.c.yimg.jp/t/amd-img/20260327-01121366-fnn-000-2-thumb.jpg?exp=10800,2026-03-27T11:54:33+09:00,2026-03-27T12:00:51+09:00,FNNプライムオンライン（フジテレビ系）,fnn,FNNプライムオンライン（フジテレビ系）,314,"FNNプライムオンライン
新年度予算案が今年度内に成立しない場合に備え政府は、暫定予算案を閣議決定しました。高校授業料の無償化などに必要な経費が盛り込まれ、8兆6000億円規模となります。

暫定予算案は、新年度以降の国民生活に支障が出ないよう必要な経費を計上するもので、一般会計の総額は8兆6000億円となります。

年金や生活保護などの社会保障費に2兆8000億円、地方交付税交付金に5兆1000億円が盛り込まれるほか、4月から開始する高校授業料の無償化に477億円、学校給食の無償化に149億円など新たな施策のための費用も一部計上されました。

暫定予算案が編成されるのは2015年以来11年ぶりです。
フジテレビ,経済部",[],[]
予算案年度内成立は困難　高市首相と片山財務相が協議も自民党内から国会運営に批判の声（FNNプライムオンライン（フジテレビ系））,https://news.yahoo.co.jp/articles/3a6802d1fa158a101af3d6ad8ba4e1f98a7cad57,https://newsatcl-pctr.c.yimg.jp/t/amd-img/20260327-01121356-fnn-000-3-thumb.jpg?exp=10800,2026-03-27T11:48:30+09:00,2026-03-27T12:15:40+09:00,FNNプライムオンライン（フジテレビ系）,fnn,FNNプライムオンライン（フジテレビ系）,536,"FNNプライムオンライン
新年度予算案をめぐっては、高市総理大臣が目指す年度内の成立が困難な情勢となっています。

最新情報について、国会記者会館から中継です。

高橋洵記者:
衆議院選挙での圧勝を受け、高市総理大臣は新年度予算案の年度内成立にこだわり今も断念していませんが、実現は極めて困難な情勢となっています。

新年度予算案をめぐっては、野党側がさらなる審議を求めていて、与党側が今週末の土曜日の審議を提案しましたが、野党側は応じず、採決までの日程に道筋がついていません。

そのため、高市総理は27日朝の閣議後、片山財務大臣と今後の見通しについて協議を行ったということです。

ただ、「つなぎ」となる暫定予算案の審議も加わり、政府・与党内では新年度予算案の成立が来月にずれ込むことは確実視されている状況です。

身内の自民党内からは「衆議院を無理矢理通過させた意味が全くない」「参議院は過半数がないから、こうなることは目に見えていた」と、これまでの国会運営に批判の声も上がっています。

一方、総理周辺は、「来月以降になるとしても災害など不測の事態に備えて、成立はなるべく早い方がいい」と述べていて、年度をまたいでも与野党の攻防が続く公算です。
フジテレビ,政治部",[],[]
【独自】静岡・田久保眞紀前伊東市長を大学卒業証書偽造の疑いで追送検　学歴詐称めぐり6容疑8事件で刑事告発受け捜査（FNNプライムオンライン（フジテレビ系））,https://news.yahoo.co.jp/articles/7c33cc9f73b986e86a4724332d45b6f823e91358,https://newsatcl-pctr.c.yimg.jp/t/amd-img/20260327-01121364-fnn-000-2-thumb.jpg?exp=10800,2026-03-27T11:48:24+09:00,2026-03-27T11:51:33+09:00,FNNプライムオンライン（フジテレビ系）,fnn,FNNプライムオンライン（フジテレビ系）,307,"FNNプライムオンライン
伊東市の田久保眞紀前市長の学歴詐称問題をめぐり、警察は田久保前市長を大学の卒業証書を偽造した疑いで追送検したことがわかりました。

捜査関係者によりますと、警察は25日、田久保前市長を大学卒業の卒業証書を偽造したとして有印私文書偽造・同行使の疑いで書類送検しました。

田久保前市長は市議会の百条委員会への出頭を拒むなど、2月に地方自治法違反の疑いでも書類送検されています。

また学歴詐称問題をめぐり、6つの容疑、8つの事件について刑事告発をうけた警察は自宅を家宅捜索するなど捜査を進めてきました。

田久保前市長は当初　警察の任意の事情聴取で犯罪の成立を否認してきました。
テレビ静岡",[],[]
非効率な石炭火力発電所の稼働制限　1年限定で解除へ　LNG調達困難に備え…電力の安定供給へ緊急措置（FNNプライムオンライン（フジテレビ系））,https://news.yahoo.co.jp/articles/8853ffdc3c96e64afa65e61c33bca105290e5db9,https://newsatcl-pctr.c.yimg.jp/t/amd-img/20260327-01121360-fnn-000-5-thumb.jpg?exp=10800,2026-03-27T11:45:47+09:00,2026-03-27T12:24:26+09:00,FNNプライムオンライン（フジテレビ系）,fnn,FNNプライムオンライン（フジテレビ系）,326,"FNNプライムオンライン
政府は電力の安定供給に向けた緊急措置に乗り出すことになりました。
脱炭素に向け、運転を抑制してきた非効率な石炭火力発電所の稼働制限を解除する方針です。

日本国内の発電量は約7割近くが火力発電によるもので、うち、約4割をLNG=液化天然ガスが占めていますが、ホルムズ海峡の封鎖状態により調達が難しくなるおそれが高まっています。

このため、政府は、石炭を燃料とする火力発電所の稼働率を一時的に高める緊急措置を実施し、非効率な旧型の設備の石炭火力発電所の稼働制限を1年限定で解除する方針です。

温室効果ガスの排出量を減らす脱炭素政策からは逆行することになりますが、電力の安定供給に優先して対応する考えです。
フジテレビ,経済部",[],[]
政府　新たなクマ被害対策ロードマップ策定　冬眠明けのクマ被害増加の懸念に（FNNプライムオンライン（フジテレビ系））,https://news.yahoo.co.jp/articles/66f4ad40688c6b64dfe902f3b42c4afed1d64b8c,https://newsatcl-pctr.c.yimg.jp/t/amd-img/20260327-01121358-fnn-000-2-view.jpg?exp=10800,2026-03-27T11:36:27+09:00,2026-03-27T11:39:26+09:00,FNNプライムオンライン（フジテレビ系）,fnn,FNNプライムオンライン（フジテレビ系）,396,"FNNプライムオンライン
政府は27日、新たなクマ被害対策ロードマップを取りまとめた。

木原官房長官は、クマ被害対策に関する関係閣僚会議で、「今後、冬眠明けのクマの出没増加が懸念される中で、まずは春季のクマの捕獲の推進に万全を期すなど、引き続き強い緊張感を持って積極的に取り組むようにお願いします」と述べて、関係閣僚に対して必要な対策の推進を指示した。

政府が取りまとめたクマ被害対策ロードマップでは、2030年度までの「地域別の捕獲目標数」や「捕獲作業を行う自治体職員数」といった目標を設定した。

また、各省庁ごとに、「地域の捕獲体制の整備」や「市街地での駆除体制の確保」などの必要な体制整備を求めた上で、特別交付税措置による財政的な支援も盛り込んだ。

木原長官は、「クマ出没への対応体制の確立と、人とクマの住み分け実現に向けて全力で取り組んでいく」と強調した。
フジテレビ,政治部",[],[]
トランプ大統領「イラン政府の要請で」発電所への攻撃を10日間延期…一方、中東に最大1万人の地上部隊派遣検討か（FNNプライムオンライン（フジテレビ系））,https://news.yahoo.co.jp/articles/f88a0cd360d289c0541dabece333abd7d950a484,https://newsatcl-pctr.c.yimg.jp/t/amd-img/20260327-01121357-fnn-000-4-thumb.jpg?exp=10800,2026-03-27T11:36:26+09:00,2026-03-27T17:30:44+09:00,FNNプライムオンライン（フジテレビ系）,fnn,FNNプライムオンライン（フジテレビ系）,514,"FNNプライムオンライン
アメリカのトランプ大統領はイランの発電所への軍事攻撃を10日間延期すると表明しました。

ただ、停戦協議に向けた道筋は依然、不透明なままです。

トランプ大統領は26日、自身のSNSに「イラン政府の要請に基づき、発電所の攻撃を10日間延期する」と投稿しました。

期限はアメリカ東部時間来月6日、日本時間の来月7日午前9時としています。

トランプ氏はそのうえで、「イランとの対話は続いていて、順調に進んでいる」と協議の進展に期待を示しました。

トランプ氏はこの後FOXニュースに出演し、攻撃を10日間延期した経緯について、「イラン側が私の側近を通じて非常に丁寧に、もう少し時間をもらえないかと尋ねてきた」と説明しました。

トランプ大統領:イランは7日間（の延期）を求めたが、10日間にした。船舶通過を許可してくれたからだ。

こうした中ウォールストリート・ジャーナルは26日、アメリカ国防総省が中東地域に最大1万人の地上部隊の追加の派遣を検討していると報じました。

トランプ政権はイランへの圧力を強めるとともに戦闘終結に向けた協議で譲歩を引き出す狙いもあるとみられます。
フジテレビ,国際取材部",[],[]
東京・世田谷区の住宅街で停電「成城学園前」近くの2000軒　午後0時半過ぎに復旧予定（FNNプライムオンライン（フジテレビ系））,https://news.yahoo.co.jp/articles/1a82cc20eaa08338c32eec3f54b88dfa6dae1349,https://newsatcl-pctr.c.yimg.jp/t/amd-img/20260327-01121353-fnn-000-4-view.jpg?exp=10800,2026-03-27T11:33:25+09:00,2026-03-27T12:30:49+09:00,FNNプライムオンライン（フジテレビ系）,fnn,FNNプライムオンライン（フジテレビ系）,222,"FNNプライムオンライン
東京・世田谷区でけさから2000軒近くが停電し、現在も復旧作業が続いています。

記者:
世田谷区の交差点では、停電で信号機が消えています。

27日午前9時過ぎ世田谷区の成城学園前駅近くの住宅街で停電が発生しました。

東京電力によりますと、午前11時時点でおよそ1970軒が停電していて、原因は確認中だということです。

現在も復旧作業が行われていて、午後0時半すぎに復旧予定だということです。
フジテレビ,社会部",[],[]
アメリカ国防総省　中東に最大1万人の地上部隊を派遣検討　歩兵部隊や装甲車両をカーグ島の攻撃圏内に展開か　米メディア報道（FNNプライムオンライン（フジテレビ系））,https://news.yahoo.co.jp/articles/cc95838f79364ff0dd32fddb2a1bada512fa6277,https://newsatcl-pctr.c.yimg.jp/t/amd-img/20260327-01121332-fnn-000-1-view.jpg?exp=10800,2026-03-27T11:24:24+09:00,2026-03-27T11:24:24+09:00,FNNプライムオンライン（フジテレビ系）,fnn,FNNプライムオンライン（フジテレビ系）,376,"FNNプライムオンライン
アメリカ国防総省がイランでの軍事作戦に向けて、中東地域に最大1万人の地上部隊の追加派遣を検討していると、アメリカメディアが報じました。

ウォールストリート・ジャーナルは26日、国防総省当局者の話としてイランでの軍事作戦をめぐり、トランプ大統領にさらなる軍事的な選択肢を与えるため、中東地域に最大1万人の地上部隊の追加の派遣を検討していると伝えました。

追加派遣されるのは、歩兵部隊や装甲車両などになる見通しで、すでに中東地域に派遣命令が出ている約5000人の海兵隊員や数千人に上る陸軍の精鋭部隊・第82空挺師団に追加される見込みだとしています。

追加の部隊が中東のどの地域に配置されるかは不明ですがイランや、石油の積み出し拠点であるイランのカーグ島の攻撃圏内に展開される可能性が高いとしています。
フジテレビ,国際取材部",[],[]
岩手県で最大震度1の地震　岩手県・宮古市、山田町、大船渡市、陸前高田市、釜石市、住田町、大槌町、遠野市、一関市（FNNプライムオンライン（フジテレビ系））,https://news.yahoo.co.jp/articles/fa5e4dcd48d94adcc166d5c2a58f11ada240598b,https://newsatcl-pctr.c.yimg.jp/t/amd-img/20260327-01121348-fnn-000-1-view.jpg?exp=10800,2026-03-27T11:21:27+09:00,2026-03-27T11:21:27+09:00,FNNプライムオンライン（フジテレビ系）,fnn,FNNプライムオンライン（フジテレビ系）,221,"FNNプライムオンライン
3月27日11時16分、岩手県沖の深さ50キロメートルを震源とするマグニチュード3.9の地震があり、岩手県宮古市で最大震度1の地震が観測されました。
地震に備えを…減災チェックリストはこちら
この地震による津波の心配はありません。

各地の震度は以下の通り。

【震度1】
・岩手県
宮古市　山田町　大船渡市
陸前高田市　釜石市　住田町
大槌町　遠野市　一関市

・宮城県
気仙沼市　登米市
プライムオンライン編集部",[],[]
池袋「ポケモンセンター」女性刺殺、男は女性の首など少なくとも5回刺す　一方的な執着心か　去年12月にストーカー規制法違反疑いで逮捕（FNNプライムオンライン（フジテレビ系））,https://news.yahoo.co.jp/articles/a743d68306285c16a23a66b9f7048f2ff2928305,https://newsatcl-pctr.c.yimg.jp/t/amd-img/20260327-01121336-fnn-000-5-thumb.jpg?exp=10800,2026-03-27T11:15:40+09:00,2026-03-27T11:51:40+09:00,FNNプライムオンライン（フジテレビ系）,fnn,FNNプライムオンライン（フジテレビ系）,537,"FNNプライムオンライン
東京・池袋の「サンシャインシティ」で元交際相手の男に女性店員が刺され死亡した事件で、当時の状況が明らかになりました。男は少なくとも5回にわたり女性の首などを刺していたことがわかりました。
【画像】「サンシャインシティ」内で男が女性店員を刺殺　現場の様子を見る
この事件は26日夜、豊島区東池袋のサンシャインシティにある「ポケモンセンター」で、店員の春川萌衣さん（21）が首などを刃物で刺され死亡し、刺した広川大起容疑者（26）も自分の首を刺して死亡したものです。

春川萌衣さんを知る人:
家族みんな仲良かったですよ。いつもおつかいにいって重い荷物なんか持って、お母さんのサポートしたりして。すごくショックです。

広川容疑者は春川さんの元交際相手で、去年12月にストーカー規制法違反の疑いで逮捕されました。

その翌月に接近禁止命令が出された際には、「復縁したかった、もう近づかない」と話し、今月12日までには広川容疑者からの接触は確認されなかったということです。

捜査関係者によりますと、広川容疑者は少なくとも5回にわたり春川さんの首などを刺していて、警視庁は一方的に執着心を募らせていたとみて、詳しい経緯を調べています。
フジテレビ,社会部",[],[]
妻が夫以外の男性と密会しキスやハグ、夫が相手を提訴　“不法行為”にあたるのか　裁判所が示した“不貞”の線引き（FNNプライムオンライン（フジテレビ系））,https://news.yahoo.co.jp/articles/d77edf4f02bde1dc1d9893db5da2af4eb58648d1,https://newsatcl-pctr.c.yimg.jp/t/amd-img/20260327-01120858-fnn-000-1-view.jpg?exp=10800,2026-03-27T11:00:47+09:00,2026-03-27T11:00:47+09:00,FNNプライムオンライン（フジテレビ系）,fnn,FNNプライムオンライン（フジテレビ系）,1782,"FNNプライムオンライン
深夜の街で妻が知人男性と交わしたキスや抱擁──。
その触れ合いは、夫婦の絆を壊した「不貞行為」なのか、それとも法が介入できない“感情の揺らぎ”なのか。東京地裁は17日、夫の請求を退け、「キスや抱擁だけでは不貞行為とはいえない」と結論づけた。一般に“不貞と思われがちな行為”と、法律上の「不貞行為」の境界を浮き彫りにした判決となった。
【画像】不倫相手とLINEで睡眠不足・・・首都高3人死亡事故のトラック運転手が漫然と無謀運転
◆夫婦のすれ違い・・・

原告の男性は、2009年に妻と結婚し、2人の子を育ててきた。

原告は2023年7月、探偵業者に妻の素行調査を依頼し、3週間ほど調査が実施された。原告はその費用として、約234万円を支払っている。

一方、被告は東京都内でバーを経営する男性。2023年夏頃から妻と被告は2人で会うようになっていた。

素行調査によると、2人は路上で手をつないで歩いたり、飲食店を訪れた後に公園のベンチで缶ビールを飲みながら過ごし、キスをしたことなどが確認された。

さらにその後、被告が経営するバー（その日は定休日）に移動し、1時間余り滞在した。被告のバーは、カウンター3席と荷物置きが1つだけのこじんまりとした店だ。

調査期間中のある日は、妻が被告のバーを訪れ、未明に閉店した後、店内に2人だけが残った。その後数時間滞在し、午前3時に店を出て妻の自宅付近まで移動し、路上でキスをして別れている。

別の日にも、2人は路上でキスをし、深夜のバーで2時間ほどともに過ごしていた。

これらの“親密な行為”が複数確認されたことを踏まえ、原告は被告の男性に対して約800万円の損害賠償を求めて提訴した。

◆肉体関係を前提とした「裏切り」　原告主張

原告である夫は、被告と妻が複数回にわたって肉体関係を持ったと主張した。

さらに、手をつなぐ、腰に手を回す、キスをする、抱き合うといった行為そのものが、法律上保護される夫婦生活の平穏を侵害する「不法行為」に当たると訴えた。

また、原告と妻の関係については、2023年には家族で外出をしたり、夫婦で性交渉があったりしたとし、夫婦関係は破綻していないと主張。

精神的苦痛は甚大であり、慰謝料や調査費用など総額807万円の支払いを求めた。

◆「不法行為にあたらない」と被告側

被告の男性は、妻との間に肉体関係があったとする原告の主張を否定した。

また、キスや手つなぎなどの行為について認めるものの、これらの行為が「不貞行為」に当たるとはいえないと主張した。

補助参加人として訴訟に参加していた妻も、被告男性との肉体関係を否定し、キスやハグなどの行為も「不貞には該当しない」と裁判で主張した。

妻は、原告である夫に2019年に離婚を申し出た後、関係改善のために続けていた話し合いも1年ほどで途絶え、修復不能だったとした。被告男性も妻も、夫婦関係がすでに破綻した状況下で会っていたと主張したのだ。

◆裁判所が示した法的基準

東京地裁はまず、妻と被告が親密な関係にあったことを認めた。

だが、深夜に2人きりでバーで過ごしたことについては、手狭な店の構造や滞在の状況から「バーで2人だけで過ごしていたとしても、性交渉をしたと認める事はできない」と判断した。

さらに、路上でのキス、抱擁、深夜に2人きりで過ごす時間など、“夫への裏切り”や“恋愛関係”と受け取められるであろう行為については、「不法行為を構成するとは認めがたい」と判断した。

その理由について判決では、キスや抱擁は、性交渉またはそれに「準じる行為」とはいえず、それが行われた期間も長くはないことを加味すると、これらの行為について「夫婦生活を侵害する不法行為を構成するとは認めがたい」と断じた。

被告の行為は不法行為ではないとの判断であるため、夫婦関係の破綻の有無については「判断するまでもない」とした。

「手つなぎはどうか?」「ハグは?」「キスはどうなのか」
「浮気の線引き」は巷間議論されることが多い。しかし今回の判決では、深夜に2人きりで密室で過ごしたとしても、密室の広さなどから性交渉の存在は否定され、キスやハグも不法行為とは認められなかった。
プライムオンライン編集部",[],[]
外国人の日本国籍取得「帰化」要件を「居住10年」に引き上げ　4月1日から　申請済みの人も対象（FNNプライムオンライン（フジテレビ系））,https://news.yahoo.co.jp/articles/c1641df93cc7997819180993e53ed530bfed0b31,https://newsatcl-pctr.c.yimg.jp/t/amd-img/20260327-01121324-fnn-000-2-thumb.jpg?exp=10800,2026-03-27T11:00:46+09:00,2026-03-27T17:12:25+09:00,FNNプライムオンライン（フジテレビ系）,fnn,FNNプライムオンライン（フジテレビ系）,384,"FNNプライムオンライン
法務省は外国人が日本国籍を取得する「帰化」の要件となる居住期間について現在の原則5年以上から10年以上に引き上げます。

2025年に「帰化」の申請をした外国人の数は1万4103人で、このうち9258人が日本国籍を取得しています。

現在「帰化」の要件となる日本での居住期間は、原則5年以上となっていますが、法務省は、10年以上に引き上げ厳格化すると発表しました。

また、申請には納税状況がわかる書類を5年分、社会保険料の納付状況がわかる書類を2年分それぞれ提出する必要があるとしています。

平口法相:
帰化の審査に当たっては、新たな運用のもとで引き続き個別の事案に応じて、厳格な審査を徹底してまいります。

4月1日から運用が始まり、既に申請が済んでいて結果が出ていない外国人も対象になります。
（フジテレビ社会部）
フジテレビ,社会部",[],[]
「外でやってくれ」けんか注意したタクシー運転手の顔殴る　20代男2人を逮捕　別の男女グループとトラブルで激怒か　東京・板橋区（FNNプライムオンライン（フジテレビ系））,https://news.yahoo.co.jp/articles/5b06b01b7b6b9fccc2752212462819b57c95d931,https://newsatcl-pctr.c.yimg.jp/t/amd-img/20260327-01121323-fnn-000-4-thumb.jpg?exp=10800,2026-03-27T10:36:28+09:00,2026-03-27T19:39:37+09:00,FNNプライムオンライン（フジテレビ系）,fnn,FNNプライムオンライン（フジテレビ系）,314,"FNNプライムオンライン
けんかを注意されたことに腹を立て、男性の顔を殴り、全治2年の大けがをさせた疑いで20代の男2人が逮捕されました。

福田琉斗容疑者ら2人は2025年12月、東京・板橋区の路上でタクシー運転手の男性の顔を殴り、けがをさせた疑いが持たれています。

男性は顎の骨折や神経障害など全治2年の重傷を負いました。

事件当時、福田容疑者らは別の男女グループとタクシー会社の敷地内でトラブルになっていて、タクシー運転手の男性に「外でやってくれ」と注意されたことに腹を立て、犯行に及んだとみられています。

福田容疑者は「断片的だが殴ったことは覚えています」などと容疑を認めているということです。
フジテレビ,社会部",[],[]
小中高生の自殺者過去最多538人　高校生356人　動機最多は「学校問題」251人　全体では2万人下回り過去最少　厚労省（FNNプライムオンライン（フジテレビ系））,https://news.yahoo.co.jp/articles/8158c1021cf791d83c77f228497524985d143639,https://newsatcl-pctr.c.yimg.jp/t/amd-img/20260327-00010000-fnn-000-2-view.jpg?exp=10800,2026-03-27T10:00:07+09:00,2026-03-27T10:41:23+09:00,FNNプライムオンライン（フジテレビ系）,fnn,FNNプライムオンライン（フジテレビ系）,637,"FNNプライムオンライン
2025年1年間に全国で自殺した人は初めて2万人を下回り最も少なくなりましたが、小中高生の自殺者は538人に上り、過去最多となりました。

厚生労働省によりますと、2025年1年間に全国で自殺した人は男性が1万3176人、女性が6012人と合わせて1万9188人に上り（前年比1132人減）、1978年の統計開始以降初めて2万人を下回り最も少なくなりました。

一方、小中高生の自殺者数は538人（前年比9人増）に上り、2年連続で最も多くなりました。

内訳は、小学生が10人、中学生が172人、高校生が356人で、動機は、「学校問題」（251人）が最も多く、次いで「健康問題」（174人）「家庭問題」（147人）でした。

特に、女子高校生の自殺者は179人で、うつ病など「健康問題」が原因になっているケースが多いということです。

こども家庭庁は、自殺未遂した子どもの情報を学校や医療機関などが連携して支援する仕組みを4月から開始するほか、ネットの検索履歴など自殺リスクが高い子どもの発見に、AIを活用を検討するなど、対策を強化したいとしています。

悩みや不安を抱えて困っているときには、電話やSNSで相談する方法もあります。

「こころの健康相談統一ダイヤル」など複数の窓口があり、厚生労働省のホームページにも案内がありますので一人で抱え込まず相談してください。
「こころの健康相談統一ダイヤル」0570ー064ー556
フジテレビ、社会部",[],[]
大谷翔平が開幕戦第1打席で安打をマーク　山本由伸も初回無失点上々の立ち上がり（FNNプライムオンライン（フジテレビ系））,https://news.yahoo.co.jp/articles/349614e5af2ac043e10f7425a814861bbe19fde9,https://newsatcl-pctr.c.yimg.jp/t/amd-img/20260327-01121315-fnn-000-3-view.jpg?exp=10800,2026-03-27T09:57:27+09:00,2026-03-27T14:00:46+09:00,FNNプライムオンライン（フジテレビ系）,fnn,FNNプライムオンライン（フジテレビ系）,634,"FNNプライムオンライン
◆ロサンゼルス・ドジャース-アリゾナ・ダイヤモンドバックス　26日（日本時間27日午前9時30分試合開始、ユニクロフィールド・アット・ドジャースタジアム）

ドジャースの2026年レギュラーシーズン開幕戦が26日、本拠地にダイヤモンドバックスを迎えて行われ、大谷翔平選手（31）が「1番DH」、山本由伸投手（27）が2年連続の開幕投手として先発出場した。

大谷は昨季レギュラーシーズン、打率.282、本塁打55本、打点102、OPS1.014の成績。投手としても2年ぶりに復活を果たし1勝（1敗）を挙げ、3年連続4度目のMVPに輝いた。今年3月のWBCでは打率.462、3本塁打、7打点、OPS1.842の好成績を挙げて指名打者としてベストナインに選ばれた。

山本は昨季12勝8敗、防御率2.49。ブルージェイズとのワールドシリーズでは先発・リリーフを獅子奮迅の活躍で3勝を挙げドジャースの2年連続Vに大きく貢献し、MVPに選ばれた。3月のWBCでは2試合を投げて1勝をマークしている。

一方のダイヤモンドバックスは昨季13勝15敗、防御率4.83のギャレン投手が先発した。

山本は1回表、ヒットで走者を出しながらも無失点に抑え、上々の立ち上がり。

大谷は1回裏の第1打席、カウント2-2で5球目の真ん中低めナックルカーブを捉え、鋭い当たりでライト前に運び、2026年レギュラーシーズン初安打をマークした。
プライムオンライン編集部",[],[]
福島県で最大震度1の地震　福島県・福島広野町、楢葉町（FNNプライムオンライン（フジテレビ系））,https://news.yahoo.co.jp/articles/252328858c3d74ac52402a774a2ad46657d9935b,https://newsatcl-pctr.c.yimg.jp/t/amd-img/20260327-01121307-fnn-000-1-view.jpg?exp=10800,2026-03-27T07:18:26+09:00,2026-03-27T07:18:26+09:00,FNNプライムオンライン（フジテレビ系）,fnn,FNNプライムオンライン（フジテレビ系）,178,"FNNプライムオンライン
3月27日7時14分、福島県沖の深さ30キロメートルを震源とするマグニチュード3.2の地震があり、福島県福島広野町で最大震度1の地震が観測されました。
地震に備えを…減災チェックリストはこちら
この地震による津波の心配はありません。

各地の震度は以下の通り。

【震度1】
・福島県
福島広野町　楢葉町
プライムオンライン編集部",[],[]
マドゥロ氏、NY連邦地裁に2度目の出廷　弁護士費用巡り「憲法違反」と主張（FNNプライムオンライン（フジテレビ系））,https://news.yahoo.co.jp/articles/ba4d5427801af25021be33b70500e347871e9f6a,https://newsatcl-pctr.c.yimg.jp/t/amd-img/20260327-01121305-fnn-000-1-view.jpg?exp=10800,2026-03-27T07:03:24+09:00,2026-03-27T07:03:24+09:00,FNNプライムオンライン（フジテレビ系）,fnn,FNNプライムオンライン（フジテレビ系）,439,"FNNプライムオンライン
アメリカで身柄を拘束されているベネズエラのマドゥロ大統領は26日、ニューヨークの連邦地裁に出廷し、2度目の審理が行われました。

26日に行われたのは、マドゥロ氏の弁護士費用をベネズエラ政府が負担できるかどうかなどの審理で、ニューヨークの拘置所に収容されているマドゥロ氏本人も出廷しました。

これまで、アメリカ政府はマドゥロ氏がベネズエラ政府から弁護士費用の支援を受けることを認めておらず、マドゥロ氏側はこの措置が弁護人選択の権利を保障する憲法違反だとして起訴を無効にするよう主張しています。

現地メディアによりますと、26日の審理で裁判官は起訴を無効にすることは認めなかった一方で、弁護士費用の問題については判断を保留したということです。

この審理に先立ち、トランプ大統領は「いま問われているのは、彼がやってきたことのごく一部にすぎない」と記者団に述べ、マドゥロ氏が今後さらに別の罪でも起訴されるとの見通しを示しました。
フジテレビ,国際取材部",[],[]
G7外相会合がフランスで開幕　緊迫のホルムズ海峡とエネルギー安保が焦点（FNNプライムオンライン（フジテレビ系））,https://news.yahoo.co.jp/articles/ffc923ec0ef1cf8b929a1709bc9ee7e5497e6db9,https://newsatcl-pctr.c.yimg.jp/t/amd-img/20260327-01121304-fnn-000-1-view.jpg?exp=10800,2026-03-27T06:54:26+09:00,2026-03-27T06:54:26+09:00,FNNプライムオンライン（フジテレビ系）,fnn,FNNプライムオンライン（フジテレビ系）,344,"FNNプライムオンライン
G7（主要7カ国）の外相会合がフランスで始まりました。
緊迫する中東情勢などについて、2日間にわたって協議が行われます。

会合の舞台となるパリ郊外のセルネラビルには26日、茂木外相のほかフランスのバロ外相など、G7の外相が続々と到着しました。

焦点となっているのは、ホルムズ海峡における航行の安全確保やエネルギー安全保障のほか、ロシアによる侵攻が続くウクライナの支援策などで、外相らはそれぞれ2国間の会談も積極的に行いました。

アメリカのルビオ国務長官は、初日の会合への参加を見送り27日から合流する予定で、中東情勢の現状説明などを行うとみられています。

全ての協議が終わると、議長国であるフランスが議長声明を発表する見通しです。
フジテレビ,国際取材部",[],[]
アメリカ国防総省、イランに地上部隊含む「最終攻撃」検討か　アクシオス報道（FNNプライムオンライン（フジテレビ系））,https://news.yahoo.co.jp/articles/0f297dedc8b852bb38ad88d9affc0d31745ba372,https://newsatcl-pctr.c.yimg.jp/t/amd-img/20260327-01121303-fnn-000-1-view.jpg?exp=10800,2026-03-27T06:42:26+09:00,2026-03-27T06:42:26+09:00,FNNプライムオンライン（フジテレビ系）,fnn,FNNプライムオンライン（フジテレビ系）,434,"FNNプライムオンライン
アメリカ国防総省が、イランへの地上部隊の投入など含む「最終攻撃」を検討しているとアメリカのメディアが報じました。

ニュースサイト・アクシオスは26日、複数の当局者などの話として、国防総省がイランへの「最終攻撃」に向けた軍事オプションを検討中だと伝えました。

「最終攻撃」には石油の積み出し拠点となるカーグ島やホルムズ海峡にあるララク島への地上作戦、イラン産の原油を輸出する船舶の拿捕など、複数の選択肢が検討されているとしています。

アメリカ軍はさらに、イランが貯蔵する高濃縮ウランの確保に向けた地上作戦や核施設への大規模な空爆の実施も計画しているということです。

アクシオスは「外交交渉に進展が見られず、ホルムズ海峡が閉鎖の状態が続けばアメリカ軍による攻撃が激化する可能性が高まる」と指摘するとともに、「最終攻撃」が「交渉への道を促すかトランプ大統領の勝利宣言を行う材料になる」との当局者の見方を伝えています。
フジテレビ,国際取材部",[],[]
マンションの一室で火事　70代男性が取り残されるも救助　東京・中央区（FNNプライムオンライン（フジテレビ系））,https://news.yahoo.co.jp/articles/ca31906ac8d8eafb1c1c9b2d63e651aadf4c2984,https://newsatcl-pctr.c.yimg.jp/t/amd-img/20260327-01121301-fnn-000-1-thumb.jpg?exp=10800,2026-03-27T06:33:25+09:00,2026-03-27T06:33:25+09:00,FNNプライムオンライン（フジテレビ系）,fnn,FNNプライムオンライン（フジテレビ系）,181,"FNNプライムオンライン
東京・中央区のマンションで火災が発生し、一時、1人が取り残されました。

26日午後5時過ぎ、中央区新富の9階建てマンションで「煙が見える」と119番通報がありました。

火はマンションの5階部分から上がり、この火災で一時、70代の男性が取り残されましたが、駆けつけた消防隊によって救助され、けがはありませんでした。
フジテレビ,社会部",[],[]
住宅5棟が燃える火事　高齢の男女2人が死亡　東京・自由が丘（FNNプライムオンライン（フジテレビ系））,https://news.yahoo.co.jp/articles/ac9864726fc546538a846aa53891cea8cc51a6e1,https://newsatcl-pctr.c.yimg.jp/t/amd-img/20260327-01121300-fnn-000-1-thumb.jpg?exp=10800,2026-03-27T06:30:55+09:00,2026-03-27T06:30:55+09:00,FNNプライムオンライン（フジテレビ系）,fnn,FNNプライムオンライン（フジテレビ系）,196,"FNNプライムオンライン
東京・目黒区で住宅5棟が燃える火災があり、2人が死亡しました。

27日午前0時半ごろ、目黒区自由が丘で「火事で逃げ遅れている人がいる」と119番通報がありました。

この火事で住宅2棟が全焼するなど5棟が燃え、火元の家に住む70代くらいの男性と隣接する家に住む80代くらいの女性の2人が死亡しました。

警視庁が2人の身元の確認を進めています。
フジテレビ,社会部",[],[]
海上自衛隊の護衛艦「ちょうかい」トマホーク発射能力を獲得　佐世保で9月から任務へ（FNNプライムオンライン（フジテレビ系））,https://news.yahoo.co.jp/articles/ec27f0e861a9502877aa1df4d936e6dc83de00fe,https://newsatcl-pctr.c.yimg.jp/t/amd-img/20260327-01121299-fnn-000-1-thumb.jpg?exp=10800,2026-03-27T06:30:46+09:00,2026-03-27T06:30:46+09:00,FNNプライムオンライン（フジテレビ系）,fnn,FNNプライムオンライン（フジテレビ系）,347,"FNNプライムオンライン
防衛省は、海上自衛隊のイージス艦が巡航ミサイル「トマホーク」の発射能力を獲得したと発表しました。

防衛省によりますと、アメリカに派遣している海上自衛隊のイージス艦「ちょうかい」は、改修や乗員の訓練などを完了し、トマホークの発射能力の獲得を確認しました。

トマホークは射程が長く、低空を飛ぶアメリカ製の巡航ミサイルです。

日本政府は、自衛のために敵の基地などを攻撃する「反撃能力」の保有に向け、最大で400発を取得する予定で、すでに納入が始まっています。

「ちょうかい」は、夏ごろまでアメリカの近海でトマホークの実射試験などを行い、乗員の練度を高める予定です。

その後、長崎県の佐世保基地に帰港し、9月中旬から実際の任務にあたる見通しです。
フジテレビ,政治部",[],[]
フランスで日本人留学生“殺害の罪”　チリ人の元交際相手に終身刑　弁護側は不服申し立てへ（FNNプライムオンライン（フジテレビ系））,https://news.yahoo.co.jp/articles/202cbb89f8ec83228ab3c7b5abecd9e6dce77845,https://newsatcl-pctr.c.yimg.jp/t/amd-img/20260327-01121297-fnn-000-1-thumb.jpg?exp=10800,2026-03-27T06:21:44+09:00,2026-03-27T06:21:44+09:00,FNNプライムオンライン（フジテレビ系）,fnn,FNNプライムオンライン（フジテレビ系）,313,"FNNプライムオンライン
フランスでチリ人の男が留学中の元交際相手・黒崎愛海さん（当時21）を殺害した罪に問われている裁判で、裁判所は男に終身刑を言い渡しました。

チリ人のニコラス・セペダ被告は2016年、フランス東部ブザンソンで留学中の元交際相手・黒崎愛海さんを殺害した罪に問われていました。

セペダ被告は2023年に禁錮28年の判決が言い渡されましたが、裁判の手続き上問題があったとして下級審に差し戻されていました。

セペダ被告は無罪を主張していましたが、26日に裁判所は検察側が求刑していた禁錮30年より重い終身刑をセペダ被告に言い渡しました。

弁護側は不服の申し立てを行うとしています。
フジテレビ,国際取材部",[],[]
【速報】アメリカ 発電所攻撃を10日間延期　「合意がなければ最悪の悪夢」イランに揺さぶり（FNNプライムオンライン（フジテレビ系））,https://news.yahoo.co.jp/articles/634cd18c19e4e7038cef65f9fd01b5e80c9675f8,https://newsatcl-pctr.c.yimg.jp/t/amd-img/20260327-01121296-fnn-000-3-view.jpg?exp=10800,2026-03-27T06:21:36+09:00,2026-03-27T07:51:25+09:00,FNNプライムオンライン（フジテレビ系）,fnn,FNNプライムオンライン（フジテレビ系）,553,"FNNプライムオンライン
アメリカのトランプ大統領は日本時間27日朝、イランの要請に基づき、発電所の攻撃などをさらに10日間延期すると明らかにしました。

トランプ大統領は自身のSNSで、「イラン政府の要請に基づき、この声明をもって発電所の攻撃を10日間延期する」と明らかにしました。

2度目の期限は日本時間の4月7日午前9時としていて、トランプ氏は「イランとの協議は順調に進んでいる」と協議の進展に期待を示しました。

これに先立ち、合意が成立しなければ「最悪の悪夢」となると警告し、イランに揺さぶりをかけました。

トランプ大統領:
取引を懇願しているのはイランだ、私じゃない。イランには核を永久に放棄し、新たな道を切り開くチャンスがある。そうしないなら、イランにとって最悪の悪夢となる。

トランプ氏はまた、24日に明らかにしていたイランから受け取った「とても大きなプレゼント」について、「イランが石油タンカー10隻のホルムズ海峡通過を認めたことだ」と説明しました。

一方、ロイター通信はイラン当局者の話として、停戦に向けたアメリカの提案は「一方的で不公平だ」としたうえで「外交の道は閉ざされておらず、提案が現実的な内容になれば交渉が前進する可能性がある」と伝えています。
フジテレビ,国際取材部",[],[]
去年「付きまとい」で相談　過去に“ストーカー”で逮捕も　池袋サンシャインシティ・ポケモンセンター刺殺（FNNプライムオンライン（フジテレビ系））,https://news.yahoo.co.jp/articles/ca70ef37c594bbc3e2e724474aac317f765f1a41,https://newsatcl-pctr.c.yimg.jp/t/amd-img/20260327-01121294-fnn-000-2-thumb.jpg?exp=10800,2026-03-27T06:21:26+09:00,2026-03-27T08:15:38+09:00,FNNプライムオンライン（フジテレビ系）,fnn,FNNプライムオンライン（フジテレビ系）,459,"FNNプライムオンライン
東京・池袋の「サンシャインシティ」で女性店員が刺され死亡し、刺した男も自らを刺して死亡した事件で、女性が2025年12月に「元交際相手から付きまとわれている」といった相談を警視庁にしていたことが新たに分かりました。

この事件は26日午後7時過ぎ、豊島区東池袋の「サンシャインシティ」にある「ポケモンセンター」で、店員の春川萌衣さん（21）が首などを刃物で刺されて死亡し、広川大起容疑者（26）も自分の首を刺して死亡したものです。

その後の取材で広川容疑者は春川さんの元交際相手で、春川さんは2025年12月に「広川容疑者に付きまとわれている」と警視庁へ相談していたことが新たに分かりました。

また、相談した日に広川容疑者は春川さんの自宅前に現れ、ストーカー規制法違反の疑いで逮捕されていました。

広川容疑者は調べに対し、「復縁をしたかった」などと話していたということです。

警視庁は広川容疑者が春川さんに対して執着心を募らせていたとみて詳しい経緯を調べています。
フジテレビ,社会部",[],[]
青森県で最大震度1の地震　青森県・八戸市、五戸町、岩手県・宮古市、盛岡市、八幡平市、宮城県・登米市（FNNプライムオンライン（フジテレビ系））,https://news.yahoo.co.jp/articles/f0b5288b81ab09c3bcc28eef5ca3cae8e34bc619,https://newsatcl-pctr.c.yimg.jp/t/amd-img/20260327-01121285-fnn-000-1-view.jpg?exp=10800,2026-03-27T05:03:26+09:00,2026-03-27T05:03:26+09:00,FNNプライムオンライン（フジテレビ系）,fnn,FNNプライムオンライン（フジテレビ系）,202,"FNNプライムオンライン
3月27日4時56分、三陸沖の深さ10キロメートルを震源とするマグニチュード4.9の地震があり、青森県八戸市で最大震度1の地震が観測されました。
地震に備えを…減災チェックリストはこちら
この地震による津波の心配はありません。

各地の震度は以下の通り。

【震度1】
・青森県
八戸市　五戸町

・岩手県
宮古市　盛岡市　八幡平市

・宮城県
登米市
プライムオンライン編集部",[],[]
イギリス政府　国立博物館や美術館で外国人の有料化検討　これまで常設展は無料（FNNプライムオンライン（フジテレビ系））,https://news.yahoo.co.jp/articles/394d489cb15ad0810437a7b2f13327a399a6dfb2,https://newsatcl-pctr.c.yimg.jp/t/amd-img/20260327-01121284-fnn-000-1-view.jpg?exp=10800,2026-03-27T03:15:39+09:00,2026-03-27T03:15:39+09:00,FNNプライムオンライン（フジテレビ系）,fnn,FNNプライムオンライン（フジテレビ系）,334,"FNNプライムオンライン
イギリス政府は26日、現在無料で入館できる国立博物館や美術館について、外国人観光客を対象にした有料化の可能性の検討を始めました。

外国人客を有料化する案は、芸術分野の財源を確保することを目的としたもので、大英博物館や自然史博物館なども対象に含まれる可能性があります。

イギリスでは、国立博物館と美術館の常設展は2001年から原則無料となっていて、来館者の増加や観光面でもプラスに働いたと評価されています。

地元メディアは、観光客へ直接課金するのではなく、ホテル税など別の方法で財源を確保すべきだという専門家の意見も伝えています。

今後、政府は博物館側と具体的な制度設計を協議し、年内にも方向性を示す見通しです。
フジテレビ,国際取材部",[],[]
岩手県で最大震度1の地震　岩手県・盛岡市（FNNプライムオンライン（フジテレビ系））,https://news.yahoo.co.jp/articles/1b656587861b7a9ac10e0c12be575247e125017d,https://newsatcl-pctr.c.yimg.jp/t/amd-img/20260327-01121281-fnn-000-1-view.jpg?exp=10800,2026-03-27T02:00:46+09:00,2026-03-27T02:00:46+09:00,FNNプライムオンライン（フジテレビ系）,fnn,FNNプライムオンライン（フジテレビ系）,169,"FNNプライムオンライン
3月27日1時55分、三陸沖の深さ10キロメートルを震源とするマグニチュード4.3の地震があり、岩手県盛岡市で最大震度1の地震が観測されました。
地震に備えを…減災チェックリストはこちら
この地震による津波の心配はありません。

各地の震度は以下の通り。

【震度1】
・岩手県
盛岡市
プライムオンライン編集部",[],[]
岩手県で最大震度1の地震　岩手県・宮古市、釜石市、盛岡市、宮城県・登米市（FNNプライムオンライン（フジテレビ系））,https://news.yahoo.co.jp/articles/273f0c0d3c1a6b5db88be9bc0086f783dd67cc33,https://newsatcl-pctr.c.yimg.jp/t/amd-img/20260327-01121278-fnn-000-1-view.jpg?exp=10800,2026-03-27T01:24:28+09:00,2026-03-27T01:24:28+09:00,FNNプライムオンライン（フジテレビ系）,fnn,FNNプライムオンライン（フジテレビ系）,187,"FNNプライムオンライン
3月27日1時20分、三陸沖の深さ10キロメートルを震源とするマグニチュード4.5の地震があり、岩手県宮古市で最大震度1の地震が観測されました。
地震に備えを…減災チェックリストはこちら
この地震による津波の心配はありません。

各地の震度は以下の通り。

【震度1】
・岩手県
宮古市　釜石市　盛岡市

・宮城県
登米市
プライムオンライン編集部",[],[]
国際オリンピック委員会　女子種目の出場資格に遺伝子検査を導入へ　2028年ロス五輪から（FNNプライムオンライン（フジテレビ系））,https://news.yahoo.co.jp/articles/ce2661aacab50265bf1b339b6441fc9b1832ba1d,https://newsatcl-pctr.c.yimg.jp/t/amd-img/20260327-01121275-fnn-000-1-view.jpg?exp=10800,2026-03-27T01:18:27+09:00,2026-03-27T01:18:27+09:00,FNNプライムオンライン（フジテレビ系）,fnn,FNNプライムオンライン（フジテレビ系）,542,"FNNプライムオンライン
IOC（国際オリンピック委員会）は、2028年のロサンゼルスオリンピックから、女子種目の出場資格を判断するために遺伝子検査を導入すると発表しました。

IOCはパリオリンピック閉幕後の2024年9月から、アスリートや専門家の意見を聴取するなど、女子種目の出場資格について見直しを進めていました。

これらを踏まえ26日、IOCは女子種目の出場資格はSRYと呼ばれる遺伝子の有無を調べる検査で陰性を確認した「生物学上の女性」に限ると発表しました。

この検査は原則として生涯に一度だけ行われ、2028年のロサンゼルスオリンピックから適用されるということです。

IOCのコベントリー会長は、今回の方針について「科学に基づき、専門家によって主導された」と強調した上で「オリンピックでは、わずかな差が勝敗を分ける。生物学上の男性が女子種目で競技することは公平でなく、一部の競技では安全ではない」と説明しています。

パリオリンピックのボクシング女子では、前年の世界選手権で「男性ホルモンのテストステロン値が高い」として失格となったアルジェリアと台湾の選手がそれぞれ金メダルを獲得するなど、性別をめぐる出場資格が国際的な議論となっていました。
フジテレビ,国際取材部",[],[]
イラン側「アメリカの提案は一方的で不公平」反発するも「外交の道は閉ざされていない」とも（FNNプライムオンライン（フジテレビ系））,https://news.yahoo.co.jp/articles/7b7a0b90e442b866d6afb337339dacce197659e3,https://newsatcl-pctr.c.yimg.jp/t/amd-img/20260327-01121273-fnn-000-2-view.jpg?exp=10800,2026-03-27T01:12:25+09:00,2026-03-27T06:03:23+09:00,FNNプライムオンライン（フジテレビ系）,fnn,FNNプライムオンライン（フジテレビ系）,404,"FNNプライムオンライン
イランのタスニム通信は、アメリカが提案した15項目の条件にイランが回答し、その中で戦闘を再開しない保証などを求めたと報じました。

タスニム通信によりますと、アメリカが提案した停戦に向けた15項目の条件に対し、イランが25日夜に仲介国を通じて回答し、アメリカの反応を待っているとしています。

イランは回答の中で、侵略と暗殺の停止や戦闘を再開しない保証、ホルムズ海峡に対するイランの主権を認めることなどを求めたということです。

そのうえで、アメリカは和平交渉を名目に「原油価格を低く抑えて新たな侵略をするための時間稼ぎするのが目的だ」との見方を示し批判しました。

一方、ロイター通信はイラン当局者の話として、アメリカの提案は「一方的で不公平だ」としたうえで、外交の道は閉ざされておらず、提案が現実的な内容になれば交渉が前進する可能性があると伝えています。
フジテレビ,国際取材部",[],[]
津軽三味線奏者の北村姉妹が一日警察署長　交通安全呼びかけ（FNNプライムオンライン（フジテレビ系））,https://news.yahoo.co.jp/articles/ffb6c0d46d615f7fc01128a6de029c53aaab843c,https://newsatcl-pctr.c.yimg.jp/t/amd-img/20260327-01121272-fnn-000-1-view.jpg?exp=10800,2026-03-27T00:42:26+09:00,2026-03-27T00:42:26+09:00,FNNプライムオンライン（フジテレビ系）,fnn,FNNプライムオンライン（フジテレビ系）,166,"FNNプライムオンライン
三味線の音色にのせて、交通安全を呼びかけました。

一日警察署長をつとめた津軽三味線奏者の北村姉妹は、自身の交通安全エピソードを交えながら三味線の音色を披露しました。

また、4月から自転車の「青切符」制度が適用されるのを前に、シミュレーターを使用して交通ルールの徹底を呼びかけました。
フジテレビ,社会部",[],[]
バスがフェリー乗り場で川に転落　子ども含む26人死亡　バングラデシュ（FNNプライムオンライン（フジテレビ系））,https://news.yahoo.co.jp/articles/e890f8a8a6724f0b1c3a33a26f7b7868b0762e97,https://newsatcl-pctr.c.yimg.jp/t/amd-img/20260327-01121271-fnn-000-1-view.jpg?exp=10800,2026-03-27T00:36:26+09:00,2026-03-27T00:36:26+09:00,FNNプライムオンライン（フジテレビ系）,fnn,FNNプライムオンライン（フジテレビ系）,288,"FNNプライムオンライン
バングラデシュで約40人が乗ったバスが川に転落し、子どもを含む26人が死亡しました。

地元メディアによりますと、バングラデシュ中部のラジバリで25日、フェリー乗り場で待機していたバスが川に転落しました。

バスには約40人が乗っていて、これまでに子ども7人を含む26人が死亡したということです。

川の深さは約9メートルで、現地当局は転落したバスをクレーンで引き揚げ、行方不明者の捜索を続けています。

当時、小型のフェリーが桟橋に衝突したということで、その衝撃でバスが制御を失い、川に転落した可能性があるとみられています。
フジテレビ,国際取材部",[],[]
AIがメガネ似合い度判定も　JINSが初のグローバル旗艦店をオープン（FNNプライムオンライン（フジテレビ系））,https://news.yahoo.co.jp/articles/86a5b97a536be5363e28477534076e40683f77d8,https://newsatcl-pctr.c.yimg.jp/t/amd-img/20260327-01121266-fnn-000-1-thumb.jpg?exp=10800,2026-03-27T00:31:16+09:00,2026-03-27T00:31:16+09:00,FNNプライムオンライン（フジテレビ系）,fnn,FNNプライムオンライン（フジテレビ系）,700,"FNNプライムオンライン
日本のアイウエアを世界へ。
JINS初のグローバル旗艦店が東京・銀座にオープンします。

大きな生け花や万博会場でも展示された美しいアート作品が飾られているのは、28日に銀座にオープンする眼鏡ブランド「JINS」初のグローバル旗艦店。

テーマは“日本の「感性」と「革新」の発信”です。

ジンズHD・田中仁代表取締役会長CEO:
グローバルナンバーワンになろうということで、（銀座の旗艦店は）世界に打ち出していこうという戦略的投資。

旗艦店限定の商品は眼鏡の産地、福井・鯖江市の職人が手掛けるコレクション。
銀座の歴史からインスピレーションを得て作られたクラシカルなデザインに軽さや耐久性、フィット感の良さなども兼ね備えます。

さらに最新技術を使ったサービスも。
AIがレンズの似合い度を判定してくれたり、対話形式で商品を提案してくれたりと快適な商品選びをエスコートします。

多言語にも対応していて、外国人観光客も安心して利用することができます。

高い品質ながら眼鏡の価格は低下していて、外国人観光客からも人気を集める日本の眼鏡。

JINSは、安価だけではない新しいコンセプトを掲げることで、旗艦店をグローバルブランドとしての新たな発信拠点にしたい考えです。

ジンズHD・田中仁代表取締役会長CEO:
銀座は世界の一流ブランドがひしめき合う日本最高の場所。JINSはどちらかというと値段が安くてカジュアルなイメージだが、ただ安いだけではなく、しっかりとしたコンセプト・製品を作っている。日本だけのみならず、世界中の皆さんに見ていただきたい。
フジテレビ,経済部",[],[]
理系職業に興味を 明治が企業体験ツアー　女子中高生 約30人が参加（FNNプライムオンライン（フジテレビ系））,https://news.yahoo.co.jp/articles/49ce08f1cc5f5e54c4b283d346cb43d5d9589beb,https://newsatcl-pctr.c.yimg.jp/t/amd-img/20260327-01121267-fnn-000-1-thumb.jpg?exp=10800,2026-03-27T00:30:51+09:00,2026-03-27T00:30:51+09:00,FNNプライムオンライン（フジテレビ系）,fnn,FNNプライムオンライン（フジテレビ系）,935,"FNNプライムオンライン
理系への進学や、未来のキャリアを思い描けるように女子中高生が企業体験ツアーに参加しました。

カカオ豆の中身を見てみたり、顕微鏡をのぞき込んだり。
山田進太郎D＆I財団が主催する「Girls Meet STEM」は、企業などが女子中高生を対象にさまざまな企画を提供するツアー形式のプログラムです。

26日は、約30人が明治の研究所を訪れました。

高校2年生:
食品関係の仕事に就きたいが、仕事をしている人と話す機会がなかった。

プログラムの目的は、理系などの職業に関心を高めてもらうこと。

そこで明治は、体験を軸にしたツアーを用意しました。

参加した学生は、カカオ豆からチョコレートができる工程を学び、味の異なるチョコレートを試食。

さらに、どちらの甘味が強いかを当てるクイズや、顕微鏡で乳酸菌の観察なども行いました。

中学1年生:
菌に興味があるので、（体験を通じ）理系の会社というか、そちらの方面に行きたいと強く思った。

この取り組みでは、他にもZOZOのAR技術や、科学機器メーカーで研究設備に触れる体験会など、各社が趣向を凝らし学生の興味を引き出すツアーを展開しています。

参画する企業も2年前の16から129へと大きく増加。
背景には、伸び悩む理系女性の割合があります。

OECD（経済協力開発機構）の調査によると、日本は大学などの高等教育機関に入学した学生のうち、理工系学部の女性の割合が加盟国の中で最下位です。

要因の1つには、ロールモデルとの交流の少なさがあり、明治のツアーでは女性社員とのディスカッションも実施されました。

高校2年生:
将来グミを開発したいんだけど、今何をすればいいですか。

グミ担当者:
グミ以外のはやりを敏感にキャッチして、それを商品に落とし込むにはどうしたらいいかを考えるようにしようと、ちょうどグミの部署のみんなと最近決めた。

リアルな体験や交流を通じ、理系への新たな価値観を育てるツアー型プログラム。

明治 人事部 専任課長・平田学さん:
数学や理科を学校で勉強するが、それが最終的に世の中にどのようにつながっていくのかを（知ってもらう）きっかけになればと感じている。",[],[]
楽天モバイルの営業秘密取得を認めず　ソフトバンク元社員には賠償命令（FNNプライムオンライン（フジテレビ系））,https://news.yahoo.co.jp/articles/f13b8d008a5d59cbedeb78598adf947fcf673d86,https://newsatcl-pctr.c.yimg.jp/t/amd-img/20260327-01121269-fnn-000-1-thumb.jpg?exp=10800,2026-03-27T00:21:37+09:00,2026-03-27T00:21:37+09:00,FNNプライムオンライン（フジテレビ系）,fnn,FNNプライムオンライン（フジテレビ系）,282,"FNNプライムオンライン
携帯電話大手の「ソフトバンク」が、営業秘密を不正に持ち出されたとして元社員と楽天モバイルを訴えた裁判で、東京地裁は元社員に約260万円の支払いを命じました。

ソフトバンクは、高速・大容量通信規格「5G」などに関する営業秘密を不正に持ち出されたとして、転職した元社員と転職先の楽天モバイルに約10億円の損害賠償などを求めています。

東京地裁は判決で、「営業秘密に該当することを認識した上で持ち出した」と認定し、元社員に約260万円の支払いを命じる判決を言い渡しました。

一方、楽天モバイルに対する請求は退けました。
フジテレビ,社会部",[],[]
女性店員が刺され死亡 男は自死　東京・池袋のポケモンセンターが「パニック」（FNNプライムオンライン（フジテレビ系））,https://news.yahoo.co.jp/articles/131c9e0f2fb9ad552f581b86bd22f95c38edb97a,https://newsatcl-pctr.c.yimg.jp/t/amd-img/20260327-01121268-fnn-000-1-thumb.jpg?exp=10800,2026-03-27T00:21:30+09:00,2026-03-27T00:21:30+09:00,FNNプライムオンライン（フジテレビ系）,fnn,FNNプライムオンライン（フジテレビ系）,372,"FNNプライムオンライン
東京・池袋のサンシャインシティで、20代の女性店員が男に刺され死亡し、刺した男も自らを刺して死亡しました。

26日午後7時すぎ、豊島区東池袋のサンシャインシティ内にあるポケモンセンターで、男が店のレジカウンター内に入り、女性店員の首などを刃物で刺しました。

女性は搬送先の病院で死亡が確認されました。

目撃した人は「黒いTシャツを着た男の人がレジのあたりで暴れているふうに見えた」「パニックでもう叫びながら、みんなが逃げている状態でした」などと話しています。

男は女性を刺した後、自らの首あたりを刺して死亡していて、現場からは刃物が布に覆われた状態で見つかっているということです。

捜査関係者によりますと、警視庁は過去に2人に関する相談を受けていたということで、慎重に経緯を調べています。
フジテレビ,社会部",[],[]
