headline,mainEntityOfPage,image,datePublished,dateModified,author,media_en,media_jp,str_count,body,images,external_links
松岡昌宏、ピエール瀧ら名優が集う舞台で成長中。新人俳優・栗原萌実が語る「自分にしかできない表現」（SmartFLASH）,https://news.yahoo.co.jp/articles/64d5f50eed6fde43d8d77556814ea61639ac6466,https://newsatcl-pctr.c.yimg.jp/t/amd-img/20260509-00000048-flash-000-1-view.jpg?exp=10800,2026-05-09T20:00:55+09:00,2026-05-09T20:00:55+09:00,SmartFLASH,flash,SmartFLASH,4348,栗原萌実 2026年5月14日より東京・本多劇場でスタートする舞台「はがきの王様」。深夜ラジオとリスナーの関係を描いた本作は、松岡昌宏、黒谷友香、ピエール瀧と名だたる名優たちが出演する。その中で、はがき職人役で出演する俳優の栗原萌実。福岡で芸能生活を送り、今回、この舞台に挑戦する彼女、その生い立ちから演技へのアプローチ、そして、これからについて語ってもらった。 【写真あり】栗原萌実をもっと見る ■すべての経験は表現に通じる 「ものすごく繊細だと思います」 インタビューも終わりに差し掛かったころ、栗原萌実は自身についてこう語った。 「育ってきた環境が繊細になるような環境だったんです。親も普通の家庭より厳しかったり、学生時代のいじめだったりとか」 辛い体験だが、彼女は今では「いい経験だったなと思います」という。それは、俳優という職業が、これまでの経験をすべて活かせる職業だからだと彼女は続ける。 「普通の人はなかなか得られない経験だったりもするので。そういった意味では、繊細な役なら、その感情の細かい部分までちゃんと表現できるんじゃないかな、という感覚があります。 その時に『あ、自分にしかできない演技もあるんだな』と感じることがあります」 過去の辛い経験も俳優という仕事ならば、「自分にしかできない」表現をしていく肥やしになるのだろう。 では、栗原萌実は、どうやってこの俳優という仕事を目指すことになったのか。 ■祖母の言葉と田中裕子の演技 1999年9月11日。 栗原萌実は熊本県に生まれる。 小学生の頃は、近所にいた年下の子供たちと、虫やザリガニを取っていたそうだ。そんな活発な少女が俳優という仕事を意識したのは、祖母の影響だった。 「芸能を考えだしたきっかけは、6年前に亡くなった祖母です。家族の誰かを芸能界に入れたかったみたいで。朝ドラを観ながらだったり、近所の洋服屋さんのポスターだったり、そういう女優さんやモデルさんを見ながら『なってくれんかね』という感じで。ただ、その頃は芸能を仕事にしようとは全く思ってな かったです」 大学生の頃に出会ったある映画で、彼女は俳優という仕事を意識することになる。 俳優・田中裕子の存在だ。 「田中裕子さんが大好きで、いろいろな作品を拝見しました。特に2019年に公開された映画『ひとよ』で田中さんが演じられたお母さんの役を見て、なんというか自分と重なるというか、『他の映画とは違う』という感覚になって。その時に『自分にしかできない役をやる人になりたい』という思いになりました」 「ひとよ」は、2011年に「劇団KAKUTA」が舞台で初演した作品だ。2019年に白石和彌が映画化している。タクシー会社を営む母親が、夫を殺害する。彼女には3人の子供がいた。15年の月日が経ち、成長した3人の子供の前に母親が帰ってくる。この母親を演じたのが田中裕子だった。 「自分にしかできない役をやる人に」 大学生だった栗原萌実の心に、俳優への思いが芽生える。 ■どうお芝居につなげようか 栗原萌実は大学を卒業するタイミングで、地元福岡の事務所に所属する。 「正直、この世界（芸能界）のことも事務所も『どこの事務所がどのようなジャンルに強いか』なども何もわかりませんでした。なので、スカウトしていただいたところに入って。 以前の事務所は、モデル事務所だったので、CMだったりプロモーションビデオのイメージモデルだったり、あとは、そのタイミングでリポーターのオーディションに合格して、リポーターも2年間やっていましたね」 この期間は「お芝居をしたいな、という意識を根本に置きながらも、どのように進めばいいか、はあまり分かっていなかったです」と彼女は語る。 「リポーターをやっている時に『これは果たして自分のやりたいことなのかな』という葛藤が何度もありました。そこで『芸能のお仕事ひとつひとつがお芝居につながる可能性がある。じゃあどうお芝居に繋げようか』っていう考えを根本に置くようになりました。いただいたお仕事は全力でやろうと決めてからは、そういう葛藤は無くなっていきました」 ■絵と演技 「自分にしかできない」表現へのアプローチは俳優だけではない。 栗原萌実は、2024年3月に福岡で絵の個展を開いている。 「祖父が絵を教えている影響があって、小さい頃からずっと絵を描いていました。ですが、趣味で描いているという感じで、それを仕事にしたいという感覚はありませんでした。独学で描いていましたし。お店のイラストやTシャツデザインや舞台のビジュアルを頼まれたことはありましたが」 絵を描く時は、演技とは逆に「何も考えないことを意識している」と彼女は語る。 「演者のお仕事は学ぶことも多いですし、正解か不正解かもわからないし、自信を持てるか持てないかもその時その時で変わってきます。 絵に関しては、自分の描いたものが正解っていう風に思っています。どんなに周りがその絵に対して興味を持ってくれなかったり、それを良いって思わなかったりしても、自分が良ければいいと思うし」 演技の仕事は監督や演出家、また台本を書いた脚本家などのスタッフ、そして、演じる俳優の演技で作品は完成していく。そこには様々な人の演出プランや意図が複雑に重なる。それに対して、絵は自分ひとりで描いていく。それでは、演技に関してはどのようなアプローチをとっているのだろう。 「最初にお会いした演出家、脚本家の方から学んだことなんですけれど。役があって、その役の性格とか行動とかを自分の中に取り入れながら、自己紹介をするというものです。 今回の『はがきの王様』の私の役で言うと、医学生ではがき職人で、すごい内気な性格、友達も 1人もいない、という役なんです。それを取り入れつつ、『栗原萌実です。26歳です。福岡から東京に来て今こういうことをしてて』っていう自分の情報を、その役の状態で話す、というようなことを最初にやったんです。そこで、自分とその役をいかに合わせていって自分のものにするか、という方法です」 そして、彼女は脚本家・監督である金沢知樹氏に見いだされ、現在までの活動を続けることとなる。金沢氏は近年Netflixの「サンクチュアリ-聖域-」やNHKの「東京サラダボウル」の脚本を手掛けている人物だ。また、とんねるずのラジオ番組のハガキ職人を経て芸人としてデビューした経歴も持つ、彼女が演じる役とリンクがある人の事務所だった。舞台「はがきの王様」の脚本・演出も担当している。もしかすると、栗原萌実の中に昔の金沢氏に似た役を託せる何かを見つけたのかもしれない。 ■はがき職人の気持ちを想像して 舞台「はがきの王様」では、はがき職人の役を演じるが、彼女自身もラジオをよく聴く。 「よく聴く番組はニッポン放送の『あさぼらけ』ですね。あとは、松山千春さんのラジオも。スペシャル番組でやっていたのを聴いて、聴くようになりました。他局のものも聴いています。あとはオードリーさんの『オードリーのオールナイトニッポン』と中川家さんの『ザ・ラジオショー』ですね」 今回の舞台出演をきっかけに、ラジオの聴き方にも変化があったという。 「私自身もはがき職人に近しいものになろうと思ってメールを送っています。メールを送っているんですけれど、どのタイミングで送ったら放送作家さんにたどり着いて、パーソナリティの方にたどり着いてっていうのを自分なりに逆算したりしています。 あとは、毎回読まれる常連の方がいらっしゃいますよね。そういう方がどういうニュアンスで書いているのか、どんな言葉を最初に持ってきているか、を気にするようになりました。 松山千春さんだったらこういうことを言ったら取り上げてくださるんじゃないかとか。昔はめちゃくちゃリラックスして聴いていたのに、考えるようになってしまいました」 舞台「はがきの王様」は、昭和61年から始まる。 「話を伺ったら、当時は何千っていうはがきの束がたくさん重ねてあったそうです。その中で選ばれて読まれる、というのはすごいことですよね。はがき職人、ということは、その中でも常連になっている人で、つまりは認知されている、という喜びもあります。自分のことを認めてくれる人がいるという喜びが素直にありました」 番組のパーソナリティに読まれた時の喜び。この気持ちを演じる際に、自身のある経験が活きた。 「役を演じていく上で『どういう風な気持ちになるんだろう？』と思った時、自分が絵に評価をいただいたことを想像しました。自分の中でやってきたものが他人に評価される嬉しさ、というのは今回、はがきと私自身の絵で重なるものがありました」 絵を描いてきたことも演技に繋がっていた。 ■まずは「この人誰？」から 舞台「はがきの王様」では、共演者たちからも刺激を受けている。 「いま稽古では、自分のセリフを言いながら動きの確認をする、という段階です。松岡さんも瀧さんも槙尾さんも自由にセリフを言いながら、動きの中でボケる、ということができるのがすごくて。 松岡さんは、お会いするまではストイックな方だなっていう印象がありました。けれど、私のようなド新人にも気を遣ってくださるというか、フランクにお話をしてくださって。ご自身のことをやりながら、周りに目が届く方なんだなと思いました。近くでストレッチをしているときに『九州出身なんだね』と話しかけてくださって、福岡や熊本にいらっしゃった時のお話を聞かせてくださったり、そこの美味しいご飯屋さんのお話を共有したり、という感じです」 今回の舞台は、俳優・栗原萌実が成長する機会であると共に、多くの人に知られていくきっかけになる作品になるかも知れない。今後演じてみたい役を聞いてみると、「ものすごく繊細な役かサイコパスな役ですね」と言い、冒頭の話をしてくれた。 「まずは『この人誰？』って思っていただけたら嬉しいです。初めて見た人が、私に興味を少しは持ってくださったら嬉しいです。私が表現を続けることで、興味を持ってくださった人が『また足を運んでみよう』と思っていただけるきっかけになるような舞台に『はがきの王様』がなると嬉しいです」 栗原萌実はこれからも様々な経験を経験していくだろう。それはすべて、彼女が追い求める「自分にしかできない演技」へ繋がっていくはずだ。 くりはら もえみ 1999年9月11日生まれ。福岡県出身 T158 趣味・特技 ピアノ・書道（独学）・絵画（独学）。そのほか最新情報は、公式Instagram（@k55___）にて 写真・木村哲夫,[],[]
マツコ『かりそめ天国』復帰で語った「3リットルくらい飲みました」食のヘルシー化凌駕する退院後の“豪快酒量”（SmartFLASH）,https://news.yahoo.co.jp/articles/28d8753687c9d8f8f234ed9060975a59673a5e97,https://newsatcl-pctr.c.yimg.jp/t/amd-img/20260509-00000044-flash-000-1-view.jpg?exp=10800,2026-05-09T19:10:46+09:00,2026-05-09T19:10:46+09:00,SmartFLASH,flash,SmartFLASH,1245,『かりそめ天国』はじめ徐々に活動を再開しているマツコ・デラックス マツコ・デラックスが5月8日放送の『マツコ＆有吉 かりそめ天国』（テレビ朝日系）に、約2カ月ぶりに復帰した。久々の元気な姿に、ファンから安堵の声が広がる一方、退院直後の告白が、新たな波紋を呼んでいる。 【画像】「退院して酒3L呑んだ…?」退院後の“酒量”に心配集まったマツコ 「2月に首の緊急手術を受けたマツコさんは、退院後も療養生活に入っていました。入院中の食事については、栄養バランスが取れているうえ、『意外とおいしかった』と振り返っていました。 そんな“病院食生活”に体が慣れてしまったのか、退院後、久しぶりに楽屋弁当の唐揚げを口にした際には『半分しか食べられなかった。変わっちゃった』と告白し、今後についても『どんどんあっさりしていくと思う』と、食の好みが確実にヘルシー路線へ変わりつつあることを明かしていました」（芸能担当記者） マツコは、好物の白米を炊飯器から直接、しゃもじで食べるなど“暴食”エピソードをたびたびテレビで話してきただけに、大きな変化だ。一方、気になるのは相変わらずの“酒量”だった。 「この日のロケVTRでは、宮下草薙・草薙航基さんが1カ月の禁酒後にビールを飲み、『しびれる、脳が。くたばりそうです』と、恍惚の表情を浮かべていました。 それを見ていたマツコさんは『あの気持ち、すごく分かるんですよ』と深く共感した様子でした。『入院してて1カ月、お酒飲んでなかったので、ヤバかったです。（退院して）3リットルくらい飲みました』と告白したのです」（同前） Xでは、 《久しぶりにマツコさん見れてよかった》 などと復帰を喜ぶ声があがった一方、 《マツコ 退院して酒3L呑んだ…??》 と、病み上がりとは思えない、豪快すぎる酒量に心配の声も寄せられた。 じつはマツコは、以前からかなりの酒好きとしても知られていた。 「2018年5月放送の『夜の巷を徘徊する』（テレビ朝日系）では、350mlの缶ビールを24本まとめ買いし、休日の朝から飲み始めた結果『夕方にはもうない』というエピソードが語られました。 2024年1月放送の『上田と女が吠える夜』（日本テレビ系）では、札幌・大通公園で階段から転落し、顔面が血だらけになりながらも、そのまま『テキーラ45杯飲んだ』と明かし、出演者をあ然とさせていました」（前出・芸能担当記者） 芸能プロ関係者が語る。 「もちろんいまは、以前ほど無茶な生活ではないでしょうが、断酒明けで3リットル飲んだという話は、視聴者を心配させました。最近はテレビへのモチベーション低下や“引退”をにおわせる発言も増えているだけに、ストレスもたまっているのでしょうが……」 近況を報告する記事などでは“激やせ”を指摘する声もあがっていたマツコだが、この日の放送では、見た目にそ大きな変化はなかった。ひとまずはホッとしたファンも多かっただろうが、飲みすぎにはくれぐれも注意してほしいものだ。,[],[]
カジサックが告白した『はねトび』共演芸人との“不仲”いまだ共演NG、タモリ批判に続く“先輩への無礼”（SmartFLASH）,https://news.yahoo.co.jp/articles/18da4e4299dbae4f9c64eaa634aa9b017e63e989,https://newsatcl-pctr.c.yimg.jp/t/amd-img/20260509-00000039-flash-000-5-view.jpg?exp=10800,2026-05-09T18:25:35+09:00,2026-05-09T20:59:28+09:00,SmartFLASH,flash,SmartFLASH,1244,キングコング・梶原雄太 「カジサック」ことキングコング・梶原雄太が『はねるのトびら（はねトび）』（フジテレビ系）時代の不仲や共演NGを告白し、波紋を広げている。 【画像あり】カジサックが“共演NG”を告白した先輩芸人 「カジサックさんは5月7日、元芸人YouTuberの『たっくー』こと澤村拓亨（たくと）さんのチャンネル『たっくーTVれいでぃお』にゲスト出演しました。『はねトび』をいまYouTubeで復活させるなら、と聞かれると、『僕は100％やります! ただ! 100％集まりません!』と断言し、メンバーの再集結は難しいとの見方を示したのです」（芸能担当記者） 2001年から2012年まで放送された『はねトび』は、2008年1月23日放送回で24.1％（ビデオリサーチ調べ、関東地区）という高視聴率を記録した人気番組だ。 「さらにカジサックさんは、『もう分裂してたんで、内部も』と裏事情を暴露しました。とくに、先輩であるドランクドラゴン・鈴木拓さんとは不仲だったことを明かし、『一方的に僕が悪かったですけどね』と反省を述べました。 そのうえで『ずっと断られてるんですけど、2年に1回、誘ってる。いま4回めかな』と、自身のチャンネルへの出演を断られ続けていることも明かしました」（同前） カジサックは、「僕の態度も悪かっただろうし」とあらためて振り返り、「『はねトび』メンバーが集まることは、もうないと思います」と、今後の可能性も含めて言い切った。 この告白に、Xでは、《1番の害悪が語ってもあかんやろ》など、カジサックの“姿勢”について厳しい声が一部からあがっている。芸能プロ関係者が語る。 「カジサックさんはこれまでYouTubeで、インパルスや北陽、ドランクドラゴンの塚地武雅さんなど、かつての『はねトび』メンバーとも共演しています。しかし、鈴木さんだけは出演していません。背景には、本人も認める“先輩への無礼な態度”があるのでしょう。 鈴木さんのほうも、2024年7月19日放送の『5時に夢中!』（TOKYO MX）で、梶原さんについて『嫌いじゃないんです。大嫌いなんです』と、本音を爆発させています」 梶原の“先輩への無礼”に関しては、最近でもタモリへの発言が波紋を呼んだ。4月20日に公開されたYouTuber・ヒカルの動画で、大先輩に対して「俺は、正直……そんなですよ」と斬り捨てていたのだ。 「芸人の世界では、実力が圧倒的なら“生意気キャラ”や“先輩イジリ”も成立し、視聴者も安心して見ることができ、いじられた先輩としてもウケればおいしい、という側面があります。しかし、そうではない状態で敬意のない言動を繰り返せば、単なる失礼な後輩です。鈴木さんから“共演NG”状態になっていることや、タモリさんに対する発言は、視聴者からはそちらにとらえられてしまっているようにみえます」（同前） 『はねトび』メンバーの再結集を待望するファンには、なんとも寂しい発言となってしまった。,[],[]
中山功太“いじめ”受けた先輩芸人を「死ぬほど才能あります」再言及…透ける“恨みと敬意”混在の複雑な感情（SmartFLASH）,https://news.yahoo.co.jp/articles/40f45b9d4485843ddb88b8c1042d8276278f0e35,https://newsatcl-pctr.c.yimg.jp/t/amd-img/20260509-00000037-flash-000-3-view.jpg?exp=10800,2026-05-09T18:05:48+09:00,2026-05-09T18:31:27+09:00,SmartFLASH,flash,SmartFLASH,1271,中山功太（写真・本人Instagramより） お笑い芸人の中山功太が、“10年間いじめを受けた先輩芸人”について言及。さらに別の芸人も参戦し、ネット上では“犯人探し”が過熱している。 【画像あり】「いじめっ子になっちゃんたんだな」ウエストランド井口がブチ切れた先輩芸人 「発端は、5月5日配信のネット番組『ナオキマンの都市伝説ワイドショー』（ABEMA）でした。中山さんが『10年ぐらい、ある先輩芸人からいじめを受けてきた』と告白したのです。その先輩芸人は世間的には好感度が高く、『普通にむちゃくちゃ売れている』として、その先輩芸人の関西弁まで再現しながら、モラハラ気質の陰湿ないじめ体験を語りました。収録現場では実名を明かしていたようですが、オンエアでは伏せられていました」（芸能担当記者） この“先輩芸人”が誰なのか、ネットで特定合戦が始まるなか、中山は自ら、さらに話題を掘り下げた。 「8日、Xで、この件を取り上げた本誌『SmartFLASH』の記事を引用リポストし、《誰か言わない》《当人に迷惑がかかる》としながらも《万が一『そんな事はしていない』と吹聴するなら証拠出します》と先輩芸人をけん制したのです。 さらに《僕は努力のみで越えてみせるから、その際は逃げるな》と、闘志をのぞかせていました」（同前） この投稿に、Xでは 《迷惑かけてるのはお前やろ》 《ここまで匂わせたなら言いましょう。言いたくないなら、ポストするべきじゃなかったと思います》 など、一部から厳しい声も出ている。芸能プロ関係者が語る。 「中山さんのポストでは、《証拠出します》の直後に《滅茶苦茶面白い人、死ぬほど才能あります》と続けています。憎んでいる一方で、芸人としては心底、リスペクトしているようです。“恨みと敬意”が同時に存在するという、複雑な感情が読み取れます」 単なる暴露ではなく、芸人同士にしか分からない、愛憎入り混じった告白。これに呼応したのが、元「りあるキッズ」のゆうきこと長田融季だった。 「りあるキッズは、『M-1グランプリ2003』（テレビ朝日系）で、史上最年少ファイナリストとして話題となったコンビです。現在は解散し、長田さんは個人で配信活動などをおこなっていますが、8日、《功太イジメたんやっぱりアイツか。俺にも嫌がらせしてきよったから》などと投稿し、自分も被害を受けていたことを匂わせたのです」（前出・芸能担当記者） さらに長田は、ユーザーによる特定の芸人を匂わせるような投稿に返信するなど、特定合戦をさらに加速させた。 「ところが9日、長田さんは先の投稿を削除しました。そのうえで《とりあえずツイートは消すけど終わってないからな。俺にはえーから後輩に謝罪したれよ》と投稿したのです。 さらにユーザーからの問いかけには、《わざわざ連絡してきて消せゆーから》と返信しており、“相手側”から直接“削除依頼”があったことを匂わせています」（同前） 暴露、匂わせ投稿、削除ーー。芸人界隈を巻き込んてでいる“告発騒動”は、まだ終わりそうにない。,[],[]
元木大介の「激やせ」またも話題に…本人たびたび“事情説明”も心配され続ける“愛されキャラ”の原点（SmartFLASH）,https://news.yahoo.co.jp/articles/d9b5461a41eb4e4c1ae5d251f51359fa47bfb394,https://newsatcl-pctr.c.yimg.jp/t/amd-img/20260509-00000033-flash-000-2-view.jpg?exp=10800,2026-05-09T17:30:31+09:00,2026-05-09T19:53:44+09:00,SmartFLASH,flash,SmartFLASH,1211,元木大介（写真・共同通信） 《元木さんとゴルフ!》 5月8日、お笑いコンビ・鬼越トマホークの金ちゃんがXを更新。元プロ野球選手でタレントの元木大介と、ゴルフコースで撮影したツーショット写真を投稿した。 【画像あり】「大丈夫?」心配相次いだゴルフ場での元木大介“激やせ”姿 「元木さんも同じ日のInstagramに《今日コンペでダンカンさんと》と題して、タレントのダンカンさんとのツーショット写真を投稿しています。元木さんの成績は5位で、賞品はサントリーのウイスキー『白州18年』だったそうです」（芸能担当記者） SNSに投稿された、元木の楽しそうな2枚の写真。しかしファンからは《大丈夫?》《元木さんすげぇ痩せてんなぁ》などと、激やせぶりに心配が相次いだ。 「元木さんは2025年年4月、自身のYouTubeで『最大90kgあった体重を、健康のために20kg近く減量した』と告白しています。その理由について、同年12月8日放送の『主治医が見つかる診療所』（テレビ東京）に出演した際、『糖尿病の治療のためだった』と明かしました。 元木さんは2018年にも同番組に出演していますが、生活習慣などから発症する『2型糖尿病』と診断され、投薬治療や『枝豆と炭酸水を摂ってから食事をする』などの生活改善、適度なウォーキングに取り組み、減量を始めていました」（同前） これまでも「激やせ」は何度も話題となり、その事情をたびたび明らかにしてきた元木だが、なぜいつまでも心配されるのだろうか。コラムニストの桧山珠美氏は「元木さんは愛されキャラなんです」と、その理由を語る。 「元木さんは1989年のドラフト会議で、希望していた読売巨人軍に1位指名されず悔し涙を流しました。結局、海外留学して翌年、巨人に入団しましたが、この経緯は江川卓さんと似ています。しかし、江川さんが“わがまま”と呼ばれたのに対して元木さんは“よかったね”と応援モードでした。 なぜ愛されキャラなのか。それは、日本テレビ系の一部でかつて放送されていた『TVおじゃマンボウ』という番組で明らかになっています。 番組放送の最後に、試合直前の巨人の様子を中継するのですが、緊張感が漂うなかで、元木さんはカメラに向かっておどけてみせるサービス精神を発揮していました。いかにも大阪人の人なつこさが、野球ファンのみならず『元木、ええやっちゃなあ』となり、いまに続いているのだと思います」（桧山氏） 2005年、プロ野球を引退すると、元木は『クイズ!ヘキサゴンII』（フジテレビ系）などのバラエティクイズ番組で“おバカキャラ”を確立した。 「国民はプロ野球選手としてより、“おバカキャラ”の元木さんのほうが強烈に印象に残っているのでしょう。そのため、いまでも『おいおい元木、大丈夫なのか』と心配される存在になっているのです」（桧山氏） 激やせが話題になるほど、愛され続けているようだ。,[],[]
藤井風、新曲MVの「白塗りろくろ首」にファンも分かれる賛否…思い出される『徹子の部屋』で見せた“珍スタイル”（SmartFLASH）,https://news.yahoo.co.jp/articles/e2a470bd499636330370deebddf91440f1624956,https://newsatcl-pctr.c.yimg.jp/t/amd-img/20260509-00000031-flash-000-2-view.jpg?exp=10800,2026-05-09T16:05:39+09:00,2026-05-09T16:39:13+09:00,SmartFLASH,flash,SmartFLASH,1480,藤井風 シンガー・ソングライターの藤井風が5月5日にInstagramを更新。新曲『It’s Alright』のミュージックビデオの一部の動画を披露したが、「白塗りろくろ首」の演出に一部のファンから驚愕の声があがっている。 【画像あり】「なんでこうなってしまった」新曲MVで“白塗りろくろ首”化した藤井風 動画では、白塗りのメイクを施し、白い着物風のファッションの天女のような藤井が、呪文を唱えるかのように両手を交差。すると、手前にいる白鳥と黒鳥の首がクロスしながら上へと長くに伸びていき、それに合わせるように、藤井の首も妖怪「ろくろ首」のように伸び、最後は伸びた首に長い髪を揺らしながら、白鳥、黒鳥と藤井がシンクロするという、シュールな演出となっている。 芸能記者が言う。 「このMVは、公開時からかなり話題となっていましたが、今回、MVの一部を切り取りInstagramで公開された動画にも、賛否両論が起きているようです」 かなり風変わりとも思える動画に、コメント欄にはファンから驚きの声、好き嫌い含めさまざまなコメントが寄せられている。 《なんでこうなってしまったんだろう》 《藤井風大好きでファンだけど、こ−ゆうのは好きではない。。。》 《このシーン、とてもファンタスティックで大好きです》 レコード会社関係者が言う。 「藤井さんは、2019年11月にデビュー曲『何なんw』を配信リリース。その後、2020年に公式メジャーデビューしています。幼少期から始めたピアノなどで培ってきた、高い音楽性に惹かれるファンが急増し、国内だけに留まらず、世界から注目を集めるアーティストとなっています」 また、今回の奇抜な演出に、藤井が2025年9月8日に出演したトーク番組『徹子の部屋』（テレビ朝日系）で見せた、衝撃的なスタイルを想起する声もあがっていた。 藤井は番組に、全身黒づくめの衣装で、頭に長いウサギの耳のようなものをつけ、目には額にもレンズのついたサングラスをかけた“珍スタイル”で出演。それを見た黒柳も「わぁ、なんだ、びっくりした」と驚いたほどだった。当時、Xでは藤井のスタイルに《藤井風って、こんなキャラの人なのですか》などという声が出ていた。 この衣装については当時、前出のレコード会社関係者はこう話していた。 「2025年6月に配信された楽曲『Hachiko』のミュージックビデオで使用したものです。同曲の歌詞は忠犬ハチ公のストーリーをベースにしていて、衣装のイメージは犬なんです。藤井さんは、番組でこの衣装を着用した理由について、番組での黒柳さんの美しさを引き合いに『僕も一張羅をおろしてこなければ』と気合いを入れた格好だと明かしていました」 藤井のファッションやMVはとても個性的な要素が満載なのだが、“ある疑惑”がつきまとっていると報じられてもいる。 芸能記者が言う。 「インドの新興宗教指導者だった故・サイババ氏への傾倒です。彼のお父さんが熱心に信仰していたと報じられており、藤井さん本人もかなりの影響を受けているようです。実際、彼のアルバムタイトルである『HELP EVER HURT NEVER』『LOVE ALL SERVE ALL』は、どちらもサイババ氏の有名な言葉です。ただし、藤井さんはお笑い好きで、エンターテイナー的な部分も持っているようですから、人を楽しませたいという想いもあるのでしょうね」 アーティストとして楽曲、スタイルなど独自の世界観を作り上げている藤井だが、その分、今後もその奇抜さで賛否を引き起こしていきそうだ。,[],[]
重盛さと美“へそ出しニット”で美しいくびれ披露「1回がすごい」番組で自らの“性事情”赤裸々に明かし話題に（SmartFLASH）,https://news.yahoo.co.jp/articles/f9c18a0d53729bacf1b90d103b116026dcb04550,https://newsatcl-pctr.c.yimg.jp/t/amd-img/20260509-00000029-flash-000-4-view.jpg?exp=10800,2026-05-09T15:50:10+09:00,2026-05-09T17:45:47+09:00,SmartFLASH,flash,SmartFLASH,1354,重盛さと美（写真・金谷千治） タレントの重盛さと美が、5月8日までにInstagramを更新。“へそ出しニット”姿を披露し、ファンから歓声があがっている。 【画像あり】「可愛い…おそるべし」“へそ出しニット”で美くびれ披露した重盛さと美 《改めまして…髪の毛切りましたっ》などとつづり、《 #髪の毛と同時にくびれも自慢したい奴 》のハッシュタグをつけ、白いニットにデニムファッションで、おへそをチラ見せし、美しいくびれが強調された自身のショットを公開した。 芸能担当記者が言う。 「2006年に芸能界デビューした重盛さんは、2010年にオーデションを経てトーク番組『めちゃ×2イケてるッ!』（フジテレビ系）のレギュラーに抜擢され、一躍、注目を集めました。2024年10月には、ランジェリー姿などセクシーなショットも収められている写真集『ANGEL』を自費出版。発売から1年以上経った2025年11月1日には、その写真集が増刷になったことを報告しており、重盛さんのビジュアルへの注目度は年々、高まっています」 コメント欄にはファンから 《スタイル良し、可愛い…おそるべし》 《ヘソかわいい》 《髪の毛からくびれまで それは自慢したくなる》 などと絶賛の声が寄せられている。 その重盛は、7日に放送されたバラエティ番組『見取り図じゃん』（テレビ朝日系）に出演した際の衝撃発言でも話題になっている。 番組内では人気企画「大きい声では言えないけど、小さい声なら言える女子会」が開かれ、MCを務めるお笑いコンビ・見取り図の盛山晋太郎、リリーのほか、重盛、ベッキー、福留光帆、お笑いコンビの紅しょうがらが出演した。重盛の衝撃発言は、紅しょうがの熊元プロレスが「『賢者タイム』について説明してほしい」と言ったことから始まった。 「リリーさんが、男は24時間、エロのことで脳みそがいっぱいだが、（行為が）終わった後の20分間だけは、エロのことを考えなくてもいい脳になる、この時間のことだと説明し、『だから賢者なのよ』と説明しました。続けて、身体の変化について盛山さんが『スタンガン、撃たれたことある?』と話を振ると、熊元さんは『ないわ!』と返し、盛山さんは身体をダラ〜ンとさせ、『失神してる感じ。（漫画『名探偵コナン』のキャラクター）毛利小五郎みたいな』と説明し、『無気力になる感じかな』と追加しました。 その後、リリーさんが賢者タイムについて『女性はない?』と聞くと、重盛さんが『私、一緒ですね。小五郎タイプ。記憶ないですね』と打ち明けると、笑いが起きました。続けて『私がめっちゃ変わってるかも……。1回がすごいんだと思います』と告白すると、スタジオはさらに大きな笑いに包まれました」（前出・芸能担当記者） 自らの性事情を赤裸々に明かした重盛だが、本誌は2024年11月、重盛と“千鳥・ノブ似”の彼氏との交際を報じている。重盛本人は「6年半くらい仲よくさせていただいています」と認めたうえで、「20年間ずっと、ファンがいちばん大事です。彼氏よりもファンとの絆のほうが深いので、ぶっちぎりでファンが大好きです」と、仕事への熱い想いを語っていた。 今回の衝撃発言も、場を盛り上げようと思っての“ファンサ“だったのかもしれない。,[],[]
芦田愛菜がアンバサダー務める「国際園芸博」大阪万博のトラブル受け来場者輸送は「国産EVバス」有力に（SmartFLASH）,https://news.yahoo.co.jp/articles/1c4230d5f14184e03b8a5d48958d8060c676924f,https://newsatcl-pctr.c.yimg.jp/t/amd-img/20260509-00000028-flash-000-1-view.jpg?exp=10800,2026-05-09T15:30:30+09:00,2026-05-09T15:30:30+09:00,SmartFLASH,flash,SmartFLASH,1660,「国際園芸博覧会（GREEN×EXPO）」のアンバサダーを務める、芦田愛菜 女優の芦田愛菜が公式アンバサダーを務め、2027年3月に神奈川県横浜市で開幕予定の「国際園芸博覧会（GREEN×EXPO）」で、来場者の移動に使用されるシャトルバスに国産電気自動車（EV）が導入されることになった。5月8日付の読売新聞が報じている。 【画像あり】「国際園芸博覧会」での導入が有力視される“国産EVバス” 「同紙によると、EVバスと燃料電池バスの計90台が、最寄り駅から約2km離れた園芸博会場までの来場者輸送のおもな手段になるとしています」（社会部記者） 同博覧会協会の担当者は、本誌の取材に「現在、協会として国産EVバスに最終決定したということではありません」と回答している。 EVバスをめぐっては、大阪・関西万博で導入されたEVバスが記憶に新しい。福岡県北九州市に本社を置くスタートアップ企業で、中国国内で車両を製造する『EVモーターズ・ジャパン』のEVバスが導入されたが、会期中に不具合が続発。万博終了後も活用されないまま、100台以上が大阪市森ノ宮にある大阪メトロ駐車場に“野ざらし保管”されていることも報道されている。今回、国産EVバスの導入が取りざたされているのは、この大阪万博の失敗と無縁ではない、と指摘する専門家は多い。 「いまは大阪メトロの所有地なので駐車場代はかかりませんが、万博終了後の2025年11月、12月は民間駐車場だったので、月額200〜300万円の保管料がかかっていたそうです」と、自動車生活ジャーナリストの加藤久美子氏は話す。 万博後は、自動運転バスの実証実験や、大阪市内の路線バスに活用されるはずだったが、なぜこのような状況になっているのだろうか。 「不具合が多いことから2025年10月、国土交通省がEVモーターズ・ジャパン社に、道路運送車両法に基づく立ち入り検査を実施しています。さらに11月には、一部の車種について『ハンドル操作時に、ブレーキホースがタイヤに当たってホースの表皮素材が摩耗し、最悪の場合、ブレーキがきかなくなる恐れがある』と国交省にリコールを届け出たことなどから、大阪メトロは同社から購入した車両の使用を当面、中止することを決定したのです」（前出・社会部記者） 加藤氏も「とにかく不具合が多いのです」と続ける。 「2026年2月下旬、大阪メトロの関係者を乗せて、自動運転用車両のテスト走行をしたのですが、その際にも左右の車輪をつなぐ『ラテラルロッド』が破断していたことが発覚しました。部品そのものではなく、溶接が悪かったようですが、製造過程で起きた不具合はより深刻です。 EVモーターズ・ジャパンの導入にあたっては、多額の補助金が投入されました。すなわち、国民の税金です。そのため国際園芸博覧会では『また中国製か』という批判を排除するため、国産EVバスを導入したことが想像できます」 専門家の間には「民間バス運行会社が10年間で500台以上導入して実績もあり、性能もいい中国のEVメーカー『BYD』のバスでもいいのでは」という声もあるというが、加藤氏は「大阪・関西万博でも導入が噂された国産初の大型EVバス、いすゞの『エルガEV』を導入するでしょう」と言う。 しかし、同車にも不安要素は多い。 「メーカー発表では、1回の充電で、時速30km定時走行なら360kmが走行できるとされていますが、暖房を使う冬では100km以下しか走行できないというデータもあります。 また、シートレイアウトの使い勝手が悪いという指摘もありますが、すでに全国のバス会社が実用化していることから、園芸博ではこれらのバス会社から一部を借りてくるようです」（加藤氏） 前出の博覧会協会の担当者は「トラブルがあったとき、輸送力が落ちないよう速やかに復旧できる体制も大切だと思っております。航続距離についても、しっかりと運行計画を立ててまいります」と語っていた。 トラブルなく開催されることを祈りたい。,[],[]
田中圭、不倫報道後の1年の“本音”を吐露に集まる嫌悪感“憎めないダメ男”キャラに訪れる限界（SmartFLASH）,https://news.yahoo.co.jp/articles/ee39ab6113109557977c94dd30c43f7257bc994c,https://newsatcl-pctr.c.yimg.jp/t/amd-img/20260509-00000026-flash-000-2-view.jpg?exp=10800,2026-05-09T15:28:25+09:00,2026-05-09T15:54:43+09:00,SmartFLASH,flash,SmartFLASH,1099,田中圭 5月8日、元放送作家・鈴木おさむ氏のYouTubeチャンネル「鈴木おさむに全部ハナシます!!」が更新され、ゲストに俳優の田中圭が登場した。2人のトークが繰り広げられたが、その内容が一部で疑問を持たれている。 【画像あり】「こっちのセリフすぎる」不倫騒動に「なんだコイツら」本音放った田中圭 鈴木氏のYouTubeチャンネルは、毎回、著名人のゲストを呼び、鈴木氏が放送作家として培った独自の視点で、本音の対談をするというもの。今回は、2025年4月に「週刊文春」で永野芽郁と不倫疑惑を報じられた田中を呼び、報道の影響で公の場に出てきていなかった期間のエピソードが明かされた。 「鈴木さんと田中さんは、これまでも何度も舞台でタッグを組むなどしてきた、深い仲です。2026年7月からの、鈴木さんが脚本・演出を務める舞台『母さん、ラブソングです。』に、田中さんが出演することも発表されています。その縁から1年ぶりの再会を果たし、対談が実現しました」（芸能ジャーナリスト） 冒頭「カメラの前、久々っすね」と話す田中に「元気でした?」と鈴木が問いかけると、「まぁ、普通っすね」と田中は苦笑い。その後、トークが進むと、笑顔でリラックスした様子を見せた。しかし中盤、田中が思わず“本音”を漏らすシーンがあった。 「『この1年、挫けそうになったことはない?』という質問に対して、田中さんは『めっちゃある』と回答しました。何度も俳優を辞めようと思ったといい、その理由として『面倒臭いし』『なんだコイツらみたいな』と、周囲への不信感が募ったと告白しました。言葉を選びながらも、不倫騒動に対しての周囲の反応に不満があったようです」（同前） スタジオでは笑いが巻き起こったものの、Xでは、その発言に嫌悪感を抱く投稿も見られた。 《こっちのセリフすぎる》 《ブーメランすぎ》 約1年間、仕事がほとんどなかったと話しながらも、反省を感じさせない田中の言葉は、一部から反感を買ってしまったようだ。 「対談していた鈴木さんは終始、田中さんを『横山やすしみたいな人』と魅力を話し、『笑っちゃう』『そういう圭くん、好きだから』と擁護していました。これまでにも彼のキャラクターは、ファンだけではなく業界関係者からもかわいがられる、天性の愛嬌の持ち主であることが話題となってきました。しかし不倫報道が与えた世間のイメージはやはり大きく、もはや“憎めないダメ男”といわれても、白々しく感じてしまう人も多いようです」（前出・芸能ジャーナリスト） 飾らないキャラクターが田中の持ち味なのだろうが、思わぬハレーションを生んでしまったようだ。,[],[]
横浜流星、黒スーツ姿で競馬場に登場で女性ファンが殺到!　本人はマスコットと“イチャイチャ”（SmartFLASH）,https://news.yahoo.co.jp/articles/c52606932873dab6114f68ed28f1a4964ca2305c,https://newsatcl-pctr.c.yimg.jp/t/amd-img/20260509-00000024-flash-000-1-view.jpg?exp=10800,2026-05-09T14:55:25+09:00,2026-05-09T14:55:25+09:00,SmartFLASH,flash,SmartFLASH,729,黒スーツ姿の横浜流星 4月29日、東京・大井競馬場にさっそうと現れたのは、いまもっとも勢いのある俳優のひとり、横浜流星だ。黒のスーツに身を包み、「第71回羽田盃」のプレゼンターとして登壇した。現場にいた競馬ファンはこう語る。 【画像あり】横浜流星 競馬場のマスコットと“イチャイチャ” 「当日は、予定よりも5分早い13時15分に開門したのですが、そのわずか数分後には、横浜さん目当ての女性ファンが50人以上、最前列でスタンバイしていました。横浜さんが登壇するのは最終レース後、20時15分からの予定だったので、あまりの早さに驚きました（笑）」 セレモニーが始まるにつれ、競馬目当ての来場者も横浜をひと目見ようと、表彰式には数百人の人だかりができていたという。 「本人が登場すると、長時間待っていた女性たちが『流星〜!』と叫んで、会場はレースとは別の熱気に包まれていました」（同前） 2026年度の「東京シティ競馬」のイメージキャラクターに就任した横浜。表彰式では、マスコットキャラクター「うまたせ君」に興味を示していた。 「横浜さんはキャラクターを触ったり、腕を引っ張ったりして、イチャイチャしていました。人気俳優が来ると、純粋に競馬を楽しみたい人にとっては過ごしにくくなることもありますが、今回は、そういった雰囲気はありませんでした。イベント全体の進行もスムーズで、警備や誘導もしっかりしていた印象です」（同前） さらに、横浜の振る舞いも好印象だったという。 「終始、落ち着いた様子で、歓声に軽く手を振って応えるなど、場の雰囲気を壊さない気遣いが感じられました。競馬ファンからも満足の声があがっていました」（同前） “国宝”級の振る舞いだったということか。,[],[]
中村雅俊、妻・五十嵐淳子さん急逝もコンサート予定どおり開催報告「ご夫婦で来られる方も」本誌に語っていたライブへの思い（SmartFLASH）,https://news.yahoo.co.jp/articles/6d52c1979545ae9da726036d324288fa2fd8036c,https://newsatcl-pctr.c.yimg.jp/t/amd-img/20260509-00000023-flash-000-2-view.jpg?exp=10800,2026-05-09T14:50:29+09:00,2026-05-09T15:31:52+09:00,SmartFLASH,flash,SmartFLASH,886,中村雅俊（写真・福田ヨシツグ） 中村雅俊の妻・五十嵐淳子さんが4月28日に急病のため亡くなっていたことを、5月2日、中村の所属事務所が発表した。五十嵐さんは73歳だった。 【画像あり】五十嵐淳子さんと結婚前、人気絶頂のころの中村雅俊 「中村さんは事務所のウェブサイトを通じ《俺の人生最大のラッキーは妻と出会ったことでした。その妻を亡くすことなど考えたことがなくて、今はその現実を受け止めることができません》と心境をつづっていました。葬儀は近親者だけで執りおこなわれ、中村さんが会見などを開く予定は伝わってきていません」（芸能担当記者） 深い悲しみのなかにいる中村だが、5月9日に「中村雅俊コンサート2026〜ドンマイ！ Don’t Mind！〜」を、東京・品川区立総合区民会館きゅりあん大ホールで開く予定となっている。同コンサートのウエブサイトには《公演は予定どおり開催されます。皆様の応援よろしくお願いします》とある。ファンを大切にする中村らしいお知らせだ。 本誌は2025年12月、テレビ放映開始から50年の節目を迎え、中村にとって初の監督作品となる映画『五十年目の俺たちの旅』の全国公開に先立ち、中村にインタビューしている。そのとき、2025年9月から東京、大阪、福岡、そして中村の生まれ故郷である宮城などでおこなわれた「The 50th Anniversary 俺たちの旅 スペシャルコンサート」について聞いている。 中村は「ファンのみなさんは俺と同年代の方が多いから、俺のコンサートに来ると“昔の自分”に再会するような気持ちになれるのではないでしょうか。ご夫婦で来られる方もすごく多いんですよ。おふたりで（中村のデビュー曲の）『ふれあい』を一緒に口ずさんだりね。そういった方々を見ると、うれしくなりますね」と語っている。 五十嵐さんの訃報を受け、SNSには人と人とのつながりなどを感じさせる歌詞の『ふれあい』をピアノやギターで弾き語りをするファンの動画が多くアップされている。 今回のコンサートでも、中村はこの名曲を歌うはずだが、その歌詞は、あまりにもせつない。,[],[]
畑芽育、オープンカーで出演映画をPR…きらめく金髪＆指ハートで“神ファンサ”も（SmartFLASH）,https://news.yahoo.co.jp/articles/cfc040808b699d6f34ed20065c08dfb6acaac7b1,https://newsatcl-pctr.c.yimg.jp/t/amd-img/20260509-00000022-flash-000-1-view.jpg?exp=10800,2026-05-09T14:20:27+09:00,2026-05-09T14:20:27+09:00,SmartFLASH,flash,SmartFLASH,1053,オープンカーに乗る畑芽育 5月3日、ラッピングされた白色のオープンカーに乗り、ピンクの花柄衣装で金髪をなびかせる女優・畑芽育を発見。その隣には、「見た目は子ども、頭脳は大人」でおなじみのキャラクター・江戸川コナンの姿があった。 【画像あり】かわいすぎ! 観客に「ハートマーク」の神ファンサを披露した畑芽育 「畑さんは手を振ったり、顔の前でハートポーズを作ったりと、集まったファンを大いにわかせていました。なかでも、コナン君の決めゼリフである『真実はいつもひとつ』のポーズを披露していたのが印象的でした。 驚いたのは金髪ヘアです。屋外ではより明るく見え、これまでのイメージから、ガラリと変わっていました。目鼻立ちがはっきりしているので違和感もなく、よく似合っていました」（居合わせた観客） この日、横浜市で開催されていたのは「第74回ザよこはまパレード」。山下公園や横浜赤レンガ倉庫付近の沿道には約43万人が詰めかけ、街は熱気に包まれた。 「4月10日に公開された映画『名探偵コナン ハイウェイの堕天使』の特別企画として、ゲスト声優を務めた畑さんが出演しました。劇場版29作めとなるこの映画は、横浜を舞台に“風の女神”と呼ばれる白バイ隊員・萩原千速と、彼女に酷似した黒いバイク“ルシファー”による高速バトルが描かれます。 畑さんは、物語のキーパーソンとなる神奈川県警の女性巡査・舘沖みなと役を担当しています。1歳で芸能界デビューし、子役からキャリアを重ねてきましたが、声優への挑戦は今回が初めてです。 もうひとりのゲスト声優には、横浜流星さんが起用されています。これまでも、2021年には浜辺美波さん、2022年には白石麻衣さんと、その年を象徴する人気女優が出演してきましたが、男女の若手人気俳優を同時にキャスティングするのは今回が初の試みです。 劇場版シリーズはここ数年、3作連続で興行収入100億円を突破するなど“国民的コンテンツ”としての地位を確立しています。それだけに、制作サイドとしては絶対に外せない一作。話題性と実力を兼ね備えたキャスティングで、幅広い層を取り込もうという狙いが見えます。とくに畑さんのように、これまで実写作品でキャリアを積んできた若手女優が声優に初挑戦することは、作品に新しい風を吹き込む意味でも重要だと思います。 実際、畑さんの声は大好評です。もしかすると、今後も大作アニメ映画の声優に及ばれするかもしれません」（芸能担当記者） 若くして、もはやベテランというべきキャリアだ。,[],[]
北川景子が披露した真紅のドレスに「キレイ〜!」ファン思わず絶叫“やせすぎ”乗り越え健康的に（SmartFLASH）,https://news.yahoo.co.jp/articles/a313ed32e6c326125ffde420d626bdb4a0d8f9ef,https://newsatcl-pctr.c.yimg.jp/t/amd-img/20260509-00000020-flash-000-2-view.jpg?exp=10800,2026-05-09T13:55:28+09:00,2026-05-09T14:51:32+09:00,SmartFLASH,flash,SmartFLASH,815,北川景子 大型連休真っただなかの5月2日、天候に恵まれた横浜の空の下で真っ赤なドレスをなびかせていたのは、女優の北川景子だ。その隣には黒島結菜と、17歳の若手女優・山崎七海も笑顔を見せていた。 【画像あり】「女神様だー!」美しいドレスを着こなす北川景子 この日、開催されていたのは、第4回横浜国際映画祭。作家・湊かなえ氏がデビュー10周年を記念して刊行した『未来』を、黒島主演で実写化した作品がクロージング作品に選出された。 「連休中ということもあり、レッドカーペットには多くのファンが駆けつけ、スマホを向けていました。黒島さんはピンストライプのパンツセットアップ姿、山崎さんは純白のノースリーブドレスだったので、北川さんの真っ赤なドレスはひときわ目を引いていました。『キレイ〜!』 という声もあがっていました」（参加した観客） Xでも、北川を目の当たりにしたファンから、絶賛する声が相次いでいる。 《「景子ちゃん!」と何度も必死で叫んだの初めてかも》 《北川景子さんは、あまりの美しさに“女神様だー!”と心の中で叫んでしまった。赤いドレス素敵だったわ》 北川のドレスについて、スタイリストが語る。 「ワンショルダーの大胆なデザインに加え、首元の存在感あるシルバーアクセサリーは着こなすのが難しいアイテムですが、北川さんは首のラインが美しいので重たく見えず、むしろデコルテの美しさを際立たせています。 3月13日に都内で開催された、第49回日本アカデミー賞授賞式では、ヌードベージュのドレス姿に『やせすぎでは』と心配の声があがっていました。しかし今回は、深みのあるレッドドレスを選んだことで体のラインが強調されすぎず、健康的で華やかな印象に見えます。 また、深みのある赤は北川さんの透明感のある肌とも相性がよく、野外のイベントやレッドカーペットの華やかな雰囲気のなかでも存在感を出しています」 大女優のオーラにぴったりの色だった。,[],[]
ゆうちゃみ、映画祭で見せたさわやかミントグリーンのドレス姿!　女優業進出で目指すは“第2のめるる”（SmartFLASH）,https://news.yahoo.co.jp/articles/8c1bac9321c31aaae2c5903a60bbfe704146d8e1,https://newsatcl-pctr.c.yimg.jp/t/amd-img/20260509-00000019-flash-000-1-view.jpg?exp=10800,2026-05-09T13:40:46+09:00,2026-05-09T13:40:46+09:00,SmartFLASH,flash,SmartFLASH,926,さわやかなミントグリーンのドレスに身を包んだゆうちゃみ 5月2日、横浜で開催された「第4回横浜国際映画祭」に、さわやかなミントグリーンのドレス姿で登場したのは、“令和の白ギャル”ことタレントのゆうちゃみだ。大勢の観客が詰めかけたレッドカーペットでは、笑顔で手を振りながらピースサインを見せるなど、終始、サービス精神たっぷりだった。 【画像あり】ボディラインくっきり! 色気爆発、ゆうちゃみのドレス姿 「北川景子さんや黒島結菜さん、宮沢りえさんなど、名だたる俳優陣が出席するなか、歓声にピースサインで応え、ゆうちゃみさんはかなり目立っていました。初のレッドカーペットだったこともあり、本人もかなり楽しそうでした。その明るい雰囲気が会場を和ませていました」（会場を訪れた観客） ゆうちゃみが映画祭に参加したのは、映画『アギト-超能力戦争-』が正式招待されたため。2001年に放送された『仮面ライダーアギト』（テレビ朝日系）の、25年ぶりとなる最新映画化作品で、仮面ライダー生誕55周年記念作品でもあり、特撮ファンからも大きな注目を集めている。 「ゆうちゃみさんは、警視庁未確認生命体対策特殊武装班『Gユニット』に所属する警察官・葵るり子を演じます。強化装甲服『G6』を装着し、“仮面ライダーG6”として戦闘シーンにも挑戦するなど、本格的なアクションにも挑戦しています。本人は最初、オファーが来たときはドッキリではないかと疑ったようです」（芸能担当記者） それもそのはず。これまでバラエティ番組を主戦場にしてきたゆうちゃみにとって、映画は初出演だった。 「近年は、モデルやバラエティ番組出身タレントが、本格的に俳優業へ進出するケースが増えています。その代表格とも言えるのが“めるる”こと生見（ぬくみ）愛瑠さんでしょう。『Popteen』のモデルとして人気を集めた後、バラエティ番組でブレイクし、現在は映画やドラマでも主演を務めるほどに成長しています。 ゆうちゃみさんも、今回の映画がヒットすれば、明るいキャラクターや若年層からの支持を武器に“第2のめるる”として、女優業に本格進出する可能性もあります」（同前） ギャルタレントから女優へ、華麗に転身となるか。,[],[]
ロンドン在住歌手・小林明子が明かす「イラン攻撃」の余波「物流の問題でカップラーメン、納豆が品薄に」（SmartFLASH）,https://news.yahoo.co.jp/articles/baa091e8a5de3cdf1ef21e64f0fb871e1c61571a,https://newsatcl-pctr.c.yimg.jp/t/amd-img/20260509-00000002-flash-000-1-view.jpg?exp=10800,2026-05-09T06:00:20+09:00,2026-05-09T06:00:20+09:00,SmartFLASH,flash,SmartFLASH,1493,『恋におちて』のヒットで知られる小林明子（写真・本人提供） トランプ米大統領によるイラン攻撃をきっかけに、原油価格の高騰や物流の混乱は、世界に広がっている。英国・ロンドンに暮らすシンガー・ソングライターの小林明子に、現地のリアルな現状を聞いた（以下、本人談）。 【画像あり】1992年から英国を拠点にする小林明子 ※ 私にとっていちばん大きかったのは、日本への渡航への影響でした。ちょうど仕事で帰国するタイミングと重なってしまったからです。ヨーロッパから日本へは直行便もありますが、中東経由の便が一般的で、料金も半額程度で行けることが多いんです。 ただ、その中東経由のルートであるドバイやドーハ、アブダビといった湾岸の都市を通る便が、開戦と同時に運休やルート変更が相次ぎ、利用できない状況になりました。いわば、アジアとヨーロッパを結ぶ大動脈が止まったような状態で、多くの利用者がキャンセルや変更を余儀なくされたのです。 その結果、どうしても移動しなければいけない人たちが直行便に殺到して、価格が一気に跳ね上がりました。通常であればエコノミーで550ポンド（約10.7万円）前後の中東経由便に対して、直行便は900ポンド（19.2万円）程度だったものが、一時的には3000ポンド（約64万円）近くまで上がったと聞いています。現在はやや落ち着いてきているものの、それでも直行便は7割ほど高い状態だといわれていますし、燃料費の影響で全体的に2～3割程度の値上がりは続いている印象です。私自身は事前にチケットを取っていましたが、それでも欠航になるのではないかという不安は強くありました。 私は車を持っていないので実感はありませんが、夫の話では、ガソリン価格も一時的にかなり上がったようです。ただ、その後はやや落ち着いてきているとも聞いています。むしろ住宅関連のほうが影響を感じていて、建材が入りにくくなり、工事が遅れるといった話も出てきています。コロナ禍で起きたような供給の滞りに近い状況が、再び起きつつある印象です。 生活面で切実なのは、日本食の入手についてです。イギリスでも日本食の人気が高まっていて、需要が増えているなかで、物流の問題も重なり、カップラーメンや調味料などが品薄になっています。私は毎日、納豆を食べるのですが、種類がほとんどなくなっていて、ふだんは5種類くらいあるのに、1種類しか残っていないという状態でした。 物流が滞ると、日本からの物資はすぐには入ってこないので、店頭の棚が空のままになることもあります。かりに状況が改善しても、届くまでには船で数週間はかかり、しばらくは厳しい状況が続くと思います。 現地の空気としては、まだパニックにはなっていません。ただ、ニュースで「どこどこのスーパーで品薄」といった情報が出れば、一気に買い占めが起きる可能性はあると思います。実際、こういうときはなぜかトイレットペーパーからなくなる、というのはコロナのときと同じですね。 全体としては、まだ生活が崩壊するような段階ではありませんが、物流やエネルギー、物価など、さまざまな面でじわじわと影響が広がっていて、この状況が長引けば、より深刻な形で生活に跳ね返ってくるのではないかという不安を強く感じています。 こばやしあきこ 1985年、『金曜日の妻たちへIII』（TBS系）の主題歌『恋におちて -Fall in love-』でデビュー。1992年、英国に拠点を移し、2001年に英国人会計士と結婚。2025年、デビュー40周年を迎えた 週刊FLASH 2026年5月12日・19日合併号,[],[]
