headline,mainEntityOfPage,image,datePublished,dateModified,author,media_en,media_jp,str_count,body,images,external_links
東北道自動車道・佐野SA（上り）が「ドラマチックエリア」としてリニューアルオープン【ドライブグルメ・番外編】（Webモーターマガジン）,https://news.yahoo.co.jp/articles/abef97389059dcbd3b2d79cb3d5004496ae235c5,https://newsatcl-pctr.c.yimg.jp/t/amd-img/20260319-00010000-mmagazine-000-1-view.jpg?exp=10800,2026-03-19T12:05:47+09:00,2026-03-19T12:05:47+09:00,Webモーターマガジン,mmagazine,Webモーターマガジン,1253,上下線を周遊して公園のように楽しめる「佐野パークSA」 フードコート内「麺屋 ようすけ plus」の「煮たまごラーメン」（1050円）。佐野市内でも大人気の行列のできる店。佐野ラーメンらしい、ちぢれ麺としょう油スープが特徴的。 2026年3月17日、東北自動車道の佐野サービスエリア（上り）がリニューアルオープン。その内容や、グルメとテイクアウトの主なメニューを紹介しよう。 【写真はこちら】ドラマチックエリア佐野（上り）で食べられる料理、テイクアウトなど【全14枚】 東北自動車道の佐野SA（上り）が、「ドラマチックエリア佐野（上り）」として、2026年3月17日にリニューアルオープンしました。ドラマチックエリアとは、NEXCO東日本エリアにおいて、地域の中核となるSA／PAとして、その地域ならではの「旅のドラマ」を提供することをコンセプトにした場所となります。 そんなドラマチックエリア佐野（上り）の特徴は、上下線のSAが階段でつながっており、上下線のSAをあわせて、ひとつの大きな公園（パーク）として楽しめるというところにあります。コンセプトは「佐野パークSA」です。今回は上り線側のSAをオープンしたわけですが、下り線側のSAも実は2022年7月にオープン済み。つまり今回の「上り」リニューアルで、ついに佐野パークSAが完成したことになります。 ドラマチックエリア佐野（上り）のもうひとつの特徴は、内外装のデザインを、著名な建築家の隈 研吾氏が監修したところにあります。隈氏いわく「開かれたイメージを建築で表現しようとしており、外の大きなひさしは、風で揺れるような感じを表現しています。そのイメージが全体に展開されており、開放的で明るく自由な感じが伝わるようになっています」とのこと。 隈氏の代名詞となっている「木材」を使ったエクステリアだけでなく、レストランの天井で揺れるワイヤーのようなの照明や、ニューヨークのプラザホテルに使われていたアンティークのシャンデリアなど、こだわりのディティールも注目です。 キャピトル東急「オリガミ」出身のシェフが監修したレストラン ドラマチックエリア佐野（上り）のレストラン「SANO SKY DINER」は、フードコートに低い仕切りを挟んで隣接しています。仕切りは人の肩ほどの高さしかなく、その上の空間がフードコートとつながっているので、開放感にあふれています。 そんなSANO SKY DINERの料理の注目ポイントは、東急ホテルズの旗艦店となるザ・キャピトルホテル東急のダイニング「オリガミ」出身の笹木シェフが監修しているということ！ 看板メニューとなる「足利マール牛100％ハンバーグ」（1680円）は、ワインの原料に使ったブドウの搾りかすを餌にした足利マール牛を使用。それ以外にも数多くの地元素材を使った料理が並びます。地元の自慢の食材を、国内最高級レベルのシェフが手掛けるのだから、そのおいしさは当然、極上そのもの！ ぜいたくな気分に浸れますよ。,[],[]
