headline,mainEntityOfPage,image,datePublished,dateModified,author,media_en,media_jp,str_count,body,images,external_links
地震発生時の熊本城内部の映像公開　観光客が悲鳴…壁や柱にしがみつく様子も【令和8年熊本地震】（FNNプライムオンライン）,https://news.yahoo.co.jp/articles/5ac34bd33b6c11c3a859fa423a74edd2f05cf590,https://newsatcl-pctr.c.yimg.jp/t/amd-img/20260806-01190199-fnnprimev-000-1-view.jpg?exp=10800,2026-08-06T20:23:26+09:00,2026-08-06T20:23:26+09:00,FNNプライムオンライン,fnnprimev,FNNプライムオンライン,622,FNNプライムオンライン 熊本市は、7月28日の地震発生時の熊本城内の防犯カメラ映像を公開しました。 【画像を見る】熊本市が公開した、地震発生時の熊本城内の様子はこちら 地震発生時の熊本城内 7月28日に発生した熊本地震で震度5強を観測した熊本市中央区。 熊本市が公開した、地震発生時の熊本城内の様子を記録した防犯カメラ映像には、立ちすくむ観光客に逃げ惑う人々や、石垣が崩れ土煙が上がる様子が捉えられていました。 天守閣1階では、突然の大きな揺れにスタッフはすぐさま展示物から離れるよう指示。順路を示す案内看板は大きく揺れ、天井から壁材の一部がホコリとなって舞う中、抱き合う観光客もいました。 天守閣最上階の6階では、観光客が悲鳴を上げ、壁や柱にしがみつきながら揺れがおさまるのを待っている様子が記録されていました。 さらに、特別見学通路上では、揺れの瞬間、観光客が慌てて出口に向かって走り、その奥では石垣が崩れ、土煙をあげていました。 当時、熊本城内には観光客約300人とスタッフや工事関係者約100人のあわせて約400人がいましたが、けがをした人はいませんでした。 熊本城の天守閣は、前回の熊本地震からの復旧工事の過程で制震の機能を持つダンパーを設置するなど耐震機能を強化。熊本城総事務所では、これに加え、地震発生後の避難誘導などマニュアル通りに行えたことが、けが人ゼロにつながったと考えています。 （テレビ熊本） FNNプライムオンライン,[],[]
台風13号が奄美直撃へ　最大瞬間風速60m・波10mの猛烈なしけを予想　鹿児島県全域がすでに強風域　気象予報士解説（FNNプライムオンライン）,https://news.yahoo.co.jp/articles/bfa5600c2af85d41b548dff1efc53e2945f990c7,https://newsatcl-pctr.c.yimg.jp/t/amd-img/20260806-01190207-fnnprimev-000-1-view.jpg?exp=10800,2026-08-06T19:56:27+09:00,2026-08-06T19:56:27+09:00,FNNプライムオンライン,fnnprimev,FNNプライムオンライン,741,FNNプライムオンライン 大型で強い台風13号が、鹿児島県内全域を強風域に巻き込みながら西北西に進んでいる。鹿児島テレビの新井雅則気象予報士によると、台風は8月7日に奄美地方を直撃する見込みで、「厳重な警戒が必要」だという。最大瞬間風速60メートルという記録的な暴風や、波高10メートルに達する猛烈なしけが予想されており、地域住民は早急な備えを求められている。 【写真で見る】最大瞬間風速は60m、波の高さは最大10mの予想 中心は南大東島の北東海上、県内全域がすでに強風域に 現在、台風の中心は沖縄の南大東島の北東の海上にあり、西北西に進んでいる。この時点ですでに県内全域が強風域に巻き込まれており、奄美市笠利ではこれまでに最大瞬間風速30.3メートルを観測した。7日にはさらに強い風が観測される見通しだ。 県内が暴風域に巻き込まれる時間帯は、奄美地方の北部と南部が6日夜遅く、十島村が7日の明け方と予想されている。 激しい雨雲がすでに奄美地方に レーダーによる雨雲の観測では、台風本体の雨雲がすでに奄美地方にかかっており、その北側にも断続的な雨雲が確認されている。この時間までに奄美市名瀬で観測された1時間降水量は14.5ミリに達しており、7日には非常に激しい雨が降る恐れがある。 波高10メートル、最大瞬間風速60メートルの猛烈なしけ 奄美地方では6日夜から7日にかけて、波の高さが最大10メートルに達する猛烈なしけが見込まれる。さらに、8日までに予想される最大瞬間風速は60メートルに上る。 現在、奄美の北部と南部にはすでに暴風警報が発表されている。暴風・高波・土砂災害への厳重な警戒が呼びかけられており、地域住民は安全な場所への避難や窓の補強など、早めの対応が求められる。,[],[]
【ダブル台風】「古い家が風で押しつぶされてもおかしくない」　“ダブル台風”接近でお盆休みに影響か　北日本・東日本は注意を　沖縄は7〜8日「最大瞬間風速55メートル」予想　台風13号・台風15号（FNNプライムオンライン）,https://news.yahoo.co.jp/articles/88c8266935efcf41af20623d22adc3d1c251a1f9,https://newsatcl-pctr.c.yimg.jp/t/amd-img/20260806-01190181-fnnprimev-000-1-view.jpg?exp=10800,2026-08-06T19:42:24+09:00,2026-08-06T19:42:24+09:00,FNNプライムオンライン,fnnprimev,FNNプライムオンライン,1232,FNNプライムオンライン 台風13号と台風15号の「ダブル台風」が日本各地に影響を与えている。 気象予報士の片平敦気象予報士によると、台風13号はすでに沖縄本島・奄美・九州南部を強風域に捉えており、南大東島はすでに暴風域に入った状態だ。 【動画を見る】“ダブル台風”最新情報 気象予報士が解説 7日、8日にかけて沖縄での影響がさらに強まる見込みで、9日ごろまで警戒が必要としている。 ■沖縄では最大瞬間風速55メートルを予想 ”弱い家が倒壊するレベル” 「大型で強い」台風13号の現況は、中心気圧950ヘクトパスカル、最大風速40メートル、最大瞬間風速60メートルで、時速15キロという遅い速度で西へ進んでいる。 片平敦気象予報士:強風域は本州がすっぽり入るほどの大きさで、影響するエリアが大きいです。 沖縄では7日から8日にかけて、最大瞬間風速55メートルが予想されている。 これは「古い家や弱い家が、風で押し潰されてもおかしくないほどの吹き方」と片平気象予報士は話していて、高波・高潮・暴風への厳重な警戒を呼びかけている。 ■なぜ影響がこれほど長引くのか? 台風13号の速度が上がらない理由として、片平気象予報士は夏の高気圧の存在を挙げた。 「偏西風が吹いていないうえ、夏の高気圧が北上を阻んでいるため、台風がスピードを上げる要因がない」とのことで、台風は西へと進み、週明けには中国方面へ抜ける見通しだ。 速度が遅く、かつ影響範囲が広いという2つの条件が重なることで、沖縄では9日ごろまで影響が長引くおそれがある。 なお、日本列島の西側に位置していた「台風14号」は6日朝に熱帯低気圧に変化した。 ■熊本の被災地にも雨と風の影響が懸念 熊本では、台風13号の強風域にまもなく入る可能性があり、風の影響が出てくる見込みだ。 片平敦気象予報士:台風本体の雨雲が直接かかることはないと思われるが、8日は広い範囲で雨が降る見通し。 地盤がすでに緩んでいたり、堤防などの防災施設が損傷したりしているため、注意が必要だ。 片平気象予報士は「普段であれば何でもない雨でも、今は普段より少ない雨で危険な状態になってもおかしくない」と強調する。 ■お盆休みの東日本・北日本は台風15号の動向に注意を 台風15号は現在、日本列島から遠く東に離れたウェーク島近海に位置し、中心気圧994ヘクトパスカル、最大風速20メートル、最大瞬間風速30メートルで北西方向へ時速35キロで進んでいる。 11日には、東日本から北日本にかけて影響が出てくるおそれがありますが、まだ進路は確定している。 お盆の旅行や行楽を予定している方は最新の気象情報を随時確認するよう呼びかけている。 また、台風から離れた海域でも波が高まることがあるため、海水浴などを予定している人も海の状況に細心の注意を払う必要がある。 （関西テレビ「旬感LIVE とれたてっ!」2026年8月6日放送） FNNプライムオンライン,[],[]
猛暑も涼しい? 集めた扇風機100台超 好き過ぎて外出先にも持ち歩く小学生 夢は『扇風機の開発者』【福岡発】（FNNプライムオンライン）,https://news.yahoo.co.jp/articles/e56c5de4e85032eb7b8d828953fbfc633bb598eb,https://newsatcl-pctr.c.yimg.jp/t/amd-img/20260806-01189945-fnnprimev-000-2-view.jpg?exp=10800,2026-08-06T18:55:31+09:00,2026-08-06T19:00:51+09:00,FNNプライムオンライン,fnnprimev,FNNプライムオンライン,1278,FNNプライムオンライン 各地で連日、35度を超える猛暑が続いている福岡県。道行く人の手には、年齢や男女を問わず携帯用の扇風機が忙しく回っている。幼い頃から扇風機の魅力にハマり、外出先にも持ち歩くという小学生を取材した。 【画像】扇風機にハマった小学生 カラフル＆レトロ 扇風機の魅力 福岡・直方市に住む小学4年の末永涼介君（9）。 自宅を訪ね、リビングに通されると、カラフルでレトロな扇風機が飾られていた。 大手家電量販店の売り場をはるかに凌ぐ種類と数。涼介君の部屋にも拘りの扇風機で溢れていた。 銭湯などで使われていた背の高い扇風機や換気扇のような見た目の扇風機など、レトロな物を中心に、その数100台以上。 全て涼介君が集めたコレクションだ。「今の扇風機は、リモコンが多いけれど、昔の扇風機は、レバーとかで『カチカチ』という音が大好き」と涼介君は、古い扇風機の魅力を語る。 扇風機と同じくらい大好きな7匹のネコたちと暮らしながら、1台1台集めた扇風機を丁寧に磨き上げたり、動かしてみたりするのが毎日の楽しみだという。 2歳で目覚めた扇風機の魅力 そもそもなぜ、扇風機なのか?涼介くんが扇風機に興味を持つきっかけは、2歳の時。「遊園地に遊びに行った時に、お兄ちゃんやお姉ちゃんは、ジェットコースターやメリーゴーラウンドに乗っていたが、この子はそういうのに一切乗らず、園内にある室外機をずっと見続けていた」と母親の菜美子さんは、当時を振り返る。 それ以来、涼介君は、羽が回る扇風機に夢中になり、知り合いに譲ってもらったり、ネットオークションで安く買い集めたりするようになった。 驚いたことに、コレクションとして集めるだけではなく、「外出する際、どこに行くにも扇風機を持ち歩いていた」と菜美子さんは話す。 数あるコレクションの中で、1番のお気に入りを聞くと、涼介君は、ある1台の扇風機を記者に示した。 「焼き肉屋さんに持って行こうとして落として、首の部品が壊れたけど、お爺ちゃんが直してくれた」扇風機だ。思い出の詰まった扇風機は、他のどれとも比べられないようだ。 「好きな物と触れ合っている時は、目の輝きが違う。羽が好きで、色のセンスがどこかで活かされたりとか。何かしら、絶対あとあと役立つ時が来ると思う」と母親の菜美子さんは、息子のコレクションを応援している。 目標500台 夢は扇風機の開発者 物心ついた頃から扇風機の魅力に惹かれている涼介君。今の目標は、扇風機を500台集めること。 そして将来の夢は―「扇風機を作る開発者」と即答した。 既に、作りたい扇風機のイメージは頭にある。「ネコ型の扇風機を作って、デザインは、飼いネコの『きりたんぽ』がモデル。 肉球を扇風機のボタンにしたり、触ったらめっちゃ気持ちいい感じの物を作りたい」。 1年中、冬でも扇風機を付けているという涼介くん。この暑い夏もお気に入りの扇風機にとってはシーズン本番。涼介君は、昔懐かしい涼しい風を浴びながら充実した夏休みを過ごしている。 （テレビ西日本） FNNプライムオンライン,[],[]
「悪意ある確信犯」諏訪湖畔に「違法」の釣り用台座　誰が設置…警告書を張るも、はがされる　期限を過ぎても「そのまま」　長野県が撤去「許可なく構造物を設置することはやめて」（FNNプライムオンライン）,https://news.yahoo.co.jp/articles/6d195bffc55c6110604d64062d14eadef59b9f91,https://newsatcl-pctr.c.yimg.jp/t/amd-img/20260806-01190014-fnnprimev-000-4-view.jpg?exp=10800,2026-08-06T18:46:18+09:00,2026-08-06T19:16:21+09:00,FNNプライムオンライン,fnnprimev,FNNプライムオンライン,1101,FNNプライムオンライン 2026年3月下旬に長野県岡谷市の諏訪湖畔に無許可で設置されていた釣り用の台座や木道が見つかった問題。県諏訪建設事務所が「警告書」を張るなどして、撤去や原状回復を求めたが、期限を過ぎても放置されたままとなっていたため、8月6日までに撤去した。担当者は、「事故につながる恐れもあるので、許可なく構造物を設置することはやめてほしい。許可のない台座への立ち入りも控えてほしい」としている。 【画像26枚】無許可で設置された「釣り用台座」「木道」 「警告書」が何者かにはがされる… 岡谷市南宮の諏訪湖畔で、2026年3月下旬に見つかった無許可で設置された釣り用の台座や木道。県の許可は得ておらず、河川法違反の「不法占用」にあたる。 県は「警告書」を張り出すなどして、設置した人に台座や木道の撤去と現状回復をするよう呼びかけた。 しかし、その後、警告書が何者かに、はがされているのが見つかった。 県諏訪建設事務所の担当者（4月取材）: 「（警告書を）張ってから1日、2日でなくなっている。人為的なものかな」 県によると、撤去に応じない悪質な場合は、1年以下の拘禁刑または50万円以下の罰金が科される可能性があるという。 県諏訪建設事務所の担当者（4月取材）: 「今回、確信犯。悪意を持ってやったのでは。やった本人に原型復旧してほしい。非常にやるせない、他の人の利用の妨げになるような行為は辞めていただきたい」 撤去期限を過ぎても、手つかず… 警告書を張り直したが、撤去期限の5月11日を過ぎても、台座は手つかずのまま。 無許可の台座で釣りの経験がある人（5月下旬取材）: 「作った人は（撤去を）嫌がるでしょうね。台を作ってみんなやっている。釣り場を作ってくれなきゃだめ、釣る場所がない」 6月に入っても、名乗り出る者はおらず、台座はそのまま。 県は6月26日、新たに「公告書」を掲示した。 県が台座や木道を撤去 そして、公告期限の7月27日を過ぎても、台座や木道は放置されたままとなっていて、県諏訪建設事務所は、8月5日から撤去作業を始めた。 6日までに、留め具を外して木材や石を運び出し、撤去を完了したという。 県諏訪建設事務所によると、諏訪湖畔では、無許可の台座が40か所で見つかって、その後、5か所は自主的に撤去されたという。 まだ、34か所が残っていて、撤去に向けて手続きを進めているという。 県諏訪建設事務所の担当者は、「事故につながる恐れもあるので、許可なく構造物を設置することはやめてほしい。許可のない台座への立ち入りも控えてほしい」としている。 FNNプライムオンライン,[],[]
猛暑からニワトリ1万5000羽を守れ!鹿児島の養鶏農場が実践する「体感温度を下げる」驚きの暑さ対策（FNNプライムオンライン）,https://news.yahoo.co.jp/articles/6e26b7c27060ef9b6b81483aab6703e68ab8ff51,https://newsatcl-pctr.c.yimg.jp/t/amd-img/20260806-01189854-fnnprimev-000-2-view.jpg?exp=10800,2026-08-06T16:40:38+09:00,2026-08-06T16:41:25+09:00,FNNプライムオンライン,fnnprimev,FNNプライムオンライン,895,FNNプライムオンライン 猛暑が続く夏、暑さ対策が必要なのは人間だけではない。鹿児島県薩摩川内市の畜産農場では、約1万5000羽のニワトリを守るために「体感温度をいかに下げるか」を徹底した取り組みが行われている。冷たい井戸水から腸内環境を整える飼料添加物まで、その工夫は多岐にわたる。 【写真で見る】実は暑さに弱いニワトリ...農場が徹底する暑さ対策とは ニワトリは暑さに弱い 取材したのは、薩摩川内市樋脇町市比野にある藤本第三農場だ。この農場では約1万5000羽の食用ニワトリが飼育されている。 ニワトリは暑さに弱く、体調が悪化すると餌を食べなくなり、死につながることもある。夏場の管理は農家にとって死活問題だ。 井戸水・送風機・スプリンクラーの3本柱 農場が実践する暑さ対策の基本は3つである。 まず、ニワトリに飲ませるのは冷たい井戸水だ。体の内側から温度上昇を抑える。 次に、鶏舎内に設置された送風機で空気を循環させ、熱がこもるのを防ぐ。さらに、スプリンクラーによる散水も行っている。温度や湿度に応じて作動回数や水量を細かく調整し、ニワトリの体に直接水をかけることで体温を下げる仕組みだ。 農場を管理する江夏商事さつま生産課の岩切隼課長は、「ニワトリは暑さに弱いところがあり、体感温度をいかに下げるかが、安定してニワトリが大きくなるポイントになる」と話す。 腸内環境を整える飼料添加物も活用 さらに、えさにはカルスポリンと呼ばれる飼料添加物を混ぜている。腸の環境を整える効果があるとされており、暑さ対策にもつながっている可能性があるという。 アサヒバイオサイクルの橋本将嗣さんは、「カルスポリンの摂取は腸内環境を整え、家畜が本来持つパフォーマンスを最大限発揮できるようにするためのサポートをする」と説明する。高温下でもニワトリが本来の力を発揮できるよう、内側からも支える取り組みだ。 全国の食卓へ こうして丁寧に育てられたニワトリは、出水市や宮崎県の工場で食肉用に加工され、全国へ出荷される。地元・薩摩川内の農場での地道な努力が、日本各地の食卓を支えている。 FNNプライムオンライン,[],[]
「うわ、生きてる」動くアニサキス25匹　酢やワサビでは死滅せず…「予防には加熱と冷凍の二択」　口つけたペットボトルは翌日に飲むと「おなかを壊す」リスク　長野市保健所が親子に伝える食中毒の予防法（FNNプライムオンライン）,https://news.yahoo.co.jp/articles/1eb6ee607a6c2b27f14a64f599b2cd60d09819c7,https://newsatcl-pctr.c.yimg.jp/t/amd-img/20260806-01189833-fnnprimev-000-5-view.jpg?exp=10800,2026-08-06T16:39:25+09:00,2026-08-06T20:40:33+09:00,FNNプライムオンライン,fnnprimev,FNNプライムオンライン,1213,FNNプライムオンライン 高温多湿な夏を迎え、注意が必要なのが「食中毒」。予防についての知識を深めてもらおうと、長野市保健所が親子を対象とした講座を開いた。猛暑もあってペットボトル飲料を口にする機会が増えるが、直接口をつけた場合は常温で放置すると細菌が急増するため、翌日に残った場合は処分するよう保健所は呼びかけている。また、食中毒の原因の上位である寄生虫「アニサキス」は生きた実物を展示し、予防には加熱か冷凍の二択しかないと注意を促している。 【画像14枚】サバを開くと「アニサキス200匹以上」 うにょうにょと動くアニサキス25匹 飲みかけのペットボトルに関するクイズ 飲みかけのペットボトルに注意 長野市保健所の職員: 「細菌いっぱいなのはどれだと思う?」 子供たちが見ていたのは、麦茶が入った3本のペットボトル。Aは口をつけて飲んだ後に常温で放置したもの、Bは口をつけて飲んで冷蔵庫で保管、Cはコップに注いで冷蔵庫で保管したものだ。 これは、夏に注意が必要な食中毒についてのクイズ。もっとも細菌が増えたのはAで、少なかったのはCだった。 口をつけて飲んだペットボトルを常温のまま置いておくと食中毒のリスクが大幅に高まる。 長野市保健所食品生活衛生課 笠原美絵課長補佐: 「口には様々な細菌がいますので、その細菌が麦茶、飲料の中で増えてしまいます。飲料が残ってしまったペットボトルをそのまま置いて翌日飲もうとすると、おなかを壊したりするリスクが高まっています。翌日まで残ってしまった場合は捨てましょう」 親子で食中毒予防の知識を深めて 長野市保健所は、7月27日、食中毒予防の知識を深めてもらおうと、ながのこども館「ながノビ!」で親子向けの講座を開いた。 高温多湿となる夏場は、カンピロバクターなど細菌による食中毒が増える時期。 会場には、細菌を増やさないための食品の適切な温度管理や、きれいに手洗いが出来ているかチェックする展示などがあり、親子で体験しながら学んでいた。 生きたアニサキスも展示 子供: 「ママ、見て」 母親: 「うーーアニサキス、うわ、生きてる、しかも。食べちゃうとおなかがめちゃめちゃ痛くなる」 サバなどの内臓に寄生する「アニサキス」の展示も。 展示する2日前にマサバの内臓から採取したという体長約2センチのアニサキス25匹ほどが、うにょうにょと動いている。 子供: 「ミミズにみえた」 「気持ち悪かった。（食中毒になったら）怖い」 保護者: 「サバとかアジとか好きで食べるんですけど、怖いというか気をつけなきゃと思う」 長野市保健所食品生活衛生課 笠原美絵課長補佐: 「アニサキスについてはここ10年くらい食中毒の原因物質の上位3位までに必ず入ってくる、大変発生率の高い食中毒原因物質になっています。目に見えるものですので、食べるときに少し注意していただけると食中毒を防ぐことができると思います」,[],[]
海水浴場が全国で減る中、指宿はなぜ「あえて復活」させたのか　砂浜再生プロジェクトの舞台裏（FNNプライムオンライン）,https://news.yahoo.co.jp/articles/37d2297d38eb44eb0c01cdabec0b6fdf49584e50,https://newsatcl-pctr.c.yimg.jp/t/amd-img/20260806-01189803-fnnprimev-000-1-view.jpg?exp=10800,2026-08-06T15:00:45+09:00,2026-08-06T15:00:45+09:00,FNNプライムオンライン,fnnprimev,FNNプライムオンライン,931,FNNプライムオンライン 砂むし温泉で全国に名を知られる鹿児島県指宿市の海岸に、この夏、海水浴場が20年ぶりによみがえった。波打ち際で水しぶきを上げて遊ぶ子供たち、透明な海に飛び込む歓声——かつてこの浜を彩っていた光景が、令和の夏に形を変えて戻ってきた。250億円近くを投じた大規模な海岸整備と、地域住民の長年にわたる粘り強い要望活動。その積み重ねが実を結んだ夏の物語を追った。 【写真で見る】この夏行きたい!指宿に復活した海水浴場と巨大なアスレチック 「ちょっとずつできていたので楽しみにしていた」 海水浴場が開設されたのは、錦江湾に面する指宿港海岸の一角だ。砂むし温泉で有名な施設やホテルが立ち並ぶ延長約2キロの海岸線のうち、整備が完了した第二工区が今回の舞台となった。 オープン当日、砂浜には多くの市民が詰めかけた。浮き輪に身を任せてゆったりと波に揺れる子供、はしゃぎながら水しぶきを上げる小さな体。それを岸から目を細めて見守る保護者の姿もあった。「子供が楽しそうでよかった。ちょっとずつ砂浜ができていたので楽しみにしていた」。そう語る指宿市民の表情には、長い待ち時間がようやく報われた安堵感がにじんでいた。 指宿市の渡部徹也副市長は開設の日、こう言った。「私たちの街に海水浴場が帰ってきました。誰もが笑顔いっぱいで楽しめる運営に努めたい」。 砂浜の消滅と高まる災害リスク 指宿市に海水浴場がなくなったのは2006年のことだ。かつて1980年代には約3万人を誇った利用者数は年々減り続け、閉鎖時には7000人を下回っていた。その主な原因は、台風の襲来などによる砂浜の流失だった。 砂浜が失われた影響は海水浴場の閉鎖にとどまらなかった。指宿港海岸では道路の陥没が起き、高波が民家へ押し寄せるなど、地域住民の暮らしに直結する災害リスクが高まっていった。「指宿は海に面した観光地だから、『海がもう少し充実していたら』とみんな思っているのでは」。指宿港海岸保全推進協議会の別府竜人副会長はそう振り返る。 こうした状況を受け、住民や観光団体などの間で海岸整備を求める声が高まり、2009年から要望活動が本格化した。その5年後、ついに国が整備工事に乗り出すことになる。,[],[]
「土砂が堆積し、鉄筋がむき出し」　熊本地震・日本製紙工場救助の最前線　鹿児島市消防が報告会（FNNプライムオンライン）,https://news.yahoo.co.jp/articles/5df40741ee4533a6c681163f0c4eda922413e074,https://newsatcl-pctr.c.yimg.jp/t/amd-img/20260806-01189634-fnnprimev-000-2-view.jpg?exp=10800,2026-08-06T14:29:20+09:00,2026-08-06T14:30:56+09:00,FNNプライムオンライン,fnnprimev,FNNプライムオンライン,1006,FNNプライムオンライン 7月28日に発生した熊本地震から約1週間。鹿児島市役所では8月5日、被災地での救助や支援活動に当たった職員による報告会が開かれた。消防局や水道局、市立病院など各部署から派遣された職員が出席し、現場での経験を共有した。なかでも注目されたのは、煙突が崩落した工場での緊迫した救助活動だ。 【写真で見る】「仕組みづくりから考えた」被災地で支援活動に奮闘した職員たち 地震発生直後、八代市へ緊急出動 鹿児島市消防局は、県の緊急消防援助隊として地震発生直後の7月28日に八代市へ出動した。翌29日の午前3時すぎから活動を開始したのは、煙突の崩落などにより心肺停止者や安否不明者が出た日本製紙の工場だった。 現場は過酷な状況だった。消防局中央消防署の内宮優介さんは報告会でこう振り返った。 「土砂が堆積し、鉄筋がむき出しになっている状況が散見された。左側から29日に3人、右側で30日に1人、計4人を発見し、救助した」 内宮さんは10年前の熊本地震でも被災地に派遣された経験を持ち、今回も緊張した活動が続いたという。救助の結果については複雑な思いを抱きつつも、「結果として残念な形となったが、ご家族へお返しできて何より良かった」と語った。 物資拠点での奮闘 「仕組みづくりから考えた」 同じく八代市に派遣された危機管理課の上妻隆文さんは、食料や日用品などの物資を保管・管理する拠点施設での対応に追われた。クーラーのない環境のなか、少ない人員でひっきりなしに届く物資を受け入れ続けなければならなかった。 上妻さんは「ひっきりなしに届くので、どうしても人手が足りない中、受け入れるだけでなく、出し入れの管理もしやすいような仕組みづくりから考えて対応した」と説明した。物資の受け入れと管理の効率化を同時に模索しながら、現場での工夫を重ねた様子が伝わってくる。 現場経験を鹿児島市の防災体制へ 報告会を受け、鹿児島市の下鶴市長は今後の防災対応について、「実際の現場の経験を持ち帰り、鹿児島市の防災体制の向上に生かしていきたい」と述べ、今回の派遣で得た知見を市の防災強化につなげる考えを示した。 熊本地震の被災地支援を通じて積み重ねられた経験は、鹿児島市民の安全・安心を守るための貴重な財産となる。現場で奮闘した職員一人ひとりの報告が、鹿児島市の地域防災力の強化へとつながっていく。 FNNプライムオンライン,[],[]
台風13号　奄美に今夜直撃へ　鹿児島全域すでに強風域、JAL・スカイマーク相次ぎ欠航（FNNプライムオンライン）,https://news.yahoo.co.jp/articles/a2d99df0a95fc2cf1371ac0d643d97ed4ffc3651,https://newsatcl-pctr.c.yimg.jp/t/amd-img/20260806-01189805-fnnprimev-000-1-view.jpg?exp=10800,2026-08-06T13:54:25+09:00,2026-08-06T13:54:25+09:00,FNNプライムオンライン,fnnprimev,FNNプライムオンライン,714,FNNプライムオンライン 大型で強い台風13号が西へ進み続け、鹿児島県全域がすでに強風域に入った。奄美地方では8月6日夜遅くにも暴風域に突入する見込みで、奄美市笠利町では「海は大荒れで、時々護岸を超える大きな波が打ち寄せている」状況が続いている。 【写真で見る】激しく護岸に打ち寄せる波（6日午前9時 奄美市笠利町） 台風の現在位置と進路 台風13号は現在、南大東島の東の海上を1時間あたり約20キロの速さで西に進んでいる。大型で強い勢力を維持したまま、奄美・沖縄方面へと向かっている。 予報円の中心を進んだ場合、暴風域（風速25メートル以上）に入るタイミングは以下のとおりだ。 奄美地方北部:6日夜遅く奄美地方南部:7日未明台風は7日に奄美地方南部を直撃する見込みで、すでに奄美市では20メートル近い風が吹いている。 海の便・空の便、広範囲で欠航 台風接近に伴い、県内の海上・航空交通に大きな影響が出ている。 海の便では、種子・屋久高速船の全便および沖縄・奄美航路のフェリー波之上など複数の航路が8月6日の欠航を決定した。さらに、鹿児島市と大隅半島の垂水市を結ぶ鴨池・垂水フェリーも午後2時20分発の便を最後に8月6日の欠航を決め、運航再開は状況を見ながら判断するとしている。 空の便では、県内の離島を発着する便で日本航空が75便、スカイマークが4便の欠航を決定した。 今後の注意点 台風は奄美・沖縄に向かって西に進み続けており、勢力を保ったまま奄美地方へ接近する見通しだ。6日夜から7日にかけて、暴風や高波への厳重な警戒が求められる。最新の台風情報を随時確認し、安全を最優先に行動することが重要だ。 FNNプライムオンライン,[],[]
能登半島地震から2年7カ月　ゴーゴーカレー輪島店が語る「支援される側から支援する側へ」（FNNプライムオンライン）,https://news.yahoo.co.jp/articles/81e3d397975854832713578ae7a7668f662bc299,https://newsatcl-pctr.c.yimg.jp/t/amd-img/20260806-01188572-fnnprimev-000-2-view.jpg?exp=10800,2026-08-06T13:42:33+09:00,2026-08-06T20:38:19+09:00,FNNプライムオンライン,fnnprimev,FNNプライムオンライン,1274,FNNプライムオンライン 2024年元日の能登半島地震で甚大な被害を受けながらも、わずか9日後に炊き出しを開始したゴーゴーカレー輪島店。その経験から「同じ思いをした者だからこそ支援したい」と、今度は熊本地震の被災地へ恩返しの手を差し伸べる。 【画像】金沢カレーのゴーゴーカレー ゴーゴーカレーが熊本地震の被災地支援へ 輪島市にある道の駅ふらっと訪夢。ここで人気の飲食店がゴーゴーカレー輪島店だ。 金沢市に本社があるゴーゴーカレーグループは、7月31日から国内にある100店舗以上に熊本地震の募金箱を順次設置している。 ゴーゴーカレー輪島店 舩本佳寿子店長: （熊本には）暑い中で大変な思いをしている方がたくさんると思うので、本当にそれは見ていて辛いなという思いはあります 2024年元日に発生した能登半島地震で震度7の揺れに襲われた輪島市。ゴーゴーカレー輪島店も厨房の食器や調理器具が散乱し、手の施しようがない状態だったと言う。 舩本店長: お店の中も散乱して、券売機も傾き、2階の冷蔵庫も倒れて、もう使用できない状況になっていました。断水してたので、掃除とかもすぐにできず、ほんとに悲惨な状況でした。 それでも全国からの応援も得て、地震からわずか9日後の1月10日から炊き出しを開始。当時はまだ水も出ない過酷な状況の中、真冬にホカホカのカレーを2月中ごろまで提供してきた。 舩本店長: ありがとうって。毎日来てくれた方がいて、いつもありがとうって言われることが本当に支えとなって毎日がんばりました。 だからこそ今度は熊本を応援したいという。 このためゴーゴーカレーグループでは、トッピング無料券がもらえる5のつく日のゴーゴーデーとなる8月5日に、国内全店舗の売上から5パーセントを義援金として熊本に寄付するという。 舩本店長: 「同じ経験したので、やっぱり確かに気持ちは分かるので、やっぱりそういう支援はしていきたいです」 8月5日「ゴーゴーデー」で全国の店舗売上の5％を義援金に そして迎えた8月5日。 JR金沢駅の百番街「あんと」にあるゴーゴーカレー 金沢駅総本山をのぞいてみると…、カレーを食べて熊本を支援しようという客が大勢詰めかけていた。 ゴーゴーカレー西日本営業部 伊崎秀子エリアマネジャー: （お客様が）情報を知ってくださって「きょうは食べに行くね」ってお声がけをいただいていますので、今日はもう朝から行列で大変ありがたく思っています。 訪れた客に聞いてみると、「助け合いっていうのはとても重要なことだと思いますので、能登半島地震の時も大変お世話になりましたので、その辺は感謝を込めて少しでも応援できればと食べました」と話していた。記者が「おいしく食べて応援できるのは?」と尋ねると「最高ですね!」と答えていた。 ゴーゴーカレーでは被災地の状況や行政・支援団体からの要請に応じて、カレーのレトルト5000食を支援物資として届けるなど、今後も被災地支援を続けていくという。 （石川テレビ・8月4日、5日放送） FNNプライムオンライン,[],[]
“刃物男”に警察官が発砲　目撃者が撮影した映像には怒声と発砲音が…　警察官による発砲は各地で相次ぐ（FNNプライムオンライン）,https://news.yahoo.co.jp/articles/987c7980100009b6dfb73d0d862ade2c0cd401fb,https://newsatcl-pctr.c.yimg.jp/t/amd-img/20260806-01189802-fnnprimev-000-2-view.jpg?exp=10800,2026-08-06T13:41:20+09:00,2026-08-06T15:06:25+09:00,FNNプライムオンライン,fnnprimev,FNNプライムオンライン,1057,FNNプライムオンライン 4日夜、大阪府河内長野市で刃物のようなものを持った男が警察官の発砲を受けたうえ、自分自身を刺して病院に搬送され死亡した。 ■【動画で見る】目撃者が撮影した映像には怒声と発砲音が… 大阪府警は5日夕方、男の死因について「胸を打たれたことによる失血」と発表。 「newsランナー」は男の知人を独自取材。さらに一部始終を撮影した動画を入手。 いったい現場で何が起きていたのだろうか。 ■相次いだ「包丁を持った男が血だらけで暴れている」 警察官5人が現場へ 記者（4日夜）:河内長野市内です。私の前方に見える現場で刃物のようなものを持った男に対し警察官が発砲したということです。 発端は4日午後7時ごろ、警察に相次いだ通報だった。 通報内容:包丁を持った血だらけの男が暴れている。 現場にいあわせた男性はその状況を「異様でしかない。日本国内でこんなことあるんやなって…」と振り返る。 男性は当時の状況を撮影していた。 ■一部始終を記録した映像に移る怒声と発砲音 映像には、叫ぶ男と駆け付けた5人の警察官の姿が。両者の間の距離は数メートルほどに見える。 目撃した男性は、「（男が）包丁を持っていた」と話し、警察官のほうに包丁持って歩いてきたと証言する。 映像にもその状況が残されていた。 そして、映像には男を止めようとする警察官の声が。 警察官が男が持っている刃物のようなものを下ろすよう警告するため「下ろせ、下ろせ」と叫んだ次の瞬間、警察官が拳銃を上空に向けて威嚇射撃。 その後、2発目が発射されると、男は腹部の辺りを押さえ後退した。 目撃した男性:（警察は）ずっと声をかけていて、包丁を『下ろせ下ろせ』と。それに対して（男は）反応なく、警察官に向かってきてたから、やむを得ないと思いますけどね。 さすまたとか持ってた（警察官もいた）けど、そんなんじゃ対処できひんと思う。 ■発砲受けた男は自分で自分を“刺す” 病院搬送も死亡 大阪府警によると、銃弾は男の左胸に命中。 映像や目撃者によると、男はその直後、持っていた刃物で自分の身体を刺したとみられる。 その後、警察官は男を取り押さえ、公務執行妨害と銃刀法違反の疑いで現行犯逮捕。 男は病院に搬送されたが、死亡が確認された。 大阪府警は5日、身元について河内長野市に住む無職の60歳男で、死因については「胸を打たれたことによる失血」と発表した。 大阪府警は「発砲の要件を満たしていると判断されるが、詳細は調査中」と説明し、詳しい経緯を調べている。,[],[]
地震直後に議員が「ビアパーティー開催」　“金銭授受疑惑”で揺れる福岡県議会　“ドン”の蔵内議長が「第三者委員会」設置方針固める　突然の方針転換の背景は?　「世論に押された結果」と峯村健司氏（FNNプライムオンライン）,https://news.yahoo.co.jp/articles/875e67269b884a96bcc22744f28da658196895bd,https://newsatcl-pctr.c.yimg.jp/t/amd-img/20260806-01189800-fnnprimev-000-1-view.jpg?exp=10800,2026-08-06T13:36:42+09:00,2026-08-06T13:36:42+09:00,FNNプライムオンライン,fnnprimev,FNNプライムオンライン,968,"FNNプライムオンライン “金銭授受疑惑”に揺れるなか、渦中の議員が熊本地震発生直後に「ビアパーティー」を開いていたことが明らかになった福岡県議会。 【動画を見る】“県議会のドン” 方針転換の背景は? 疑惑解明のための第三者委員会について否定的な考えを示していた議会の“ドン”と呼ばれる蔵内勇夫議長が、一転、委員会設置の方針を示した。 突然の方針転換の背景とは? ■“渦中の議員”が地震直後に「ビアパーティー」 福岡県議会の自民党県議団会長の松尾統章議員は、7月28日、熊本県で最大震度7を観測し、福岡市でも震度5弱の大きな揺れを観測した地震が発生した数時間後、福岡市内のホテルで政治資金パーティーとして「ビアパーティー」を開催。 パーティーは食事込みの会費が15,000円、余興にはものまね芸人も呼ばれ、500〜600人程度が出席していたという。 パーティーでは自分も“渦中の人”となっている「金銭授受疑惑」について「今だからこそしっかり説明しないといけない」と話したということだ。 松尾議員は蔵内議長らとともに、料亭で「お車代」として50万円を受け取ったと告発されていて、パーティーで自らの“潔白”を主張するなどしていた。 ■当初は「やってよかった」発言も…自民党県議団会長辞任の意向 しかしその後、パーティーを予定通り開催したことが明らかになると、各方面から批判の声が。 福岡県の服部誠太郎知事は「県も地震後、災害対策本部を直ちに立ち上げている」「リスク管理、対応として特に飲食を伴うものを開くということは不適切ではないか」と指摘。 さらに身内の若手議員からも、「本人があいさつの後退席していれば…もうかばいようがない」「熊本の県議たちにあわせる顔がない」という声もあがっている。 その一方で松尾議員は当初、取材に対して「被害の全体像が把握できず。パーティーに人が集まってきていたので中止の判断ができなかった」としたうえで、パーティーは「私自身が説明し皆様から意見をいただくことが重要」「正直やってよかったと思っています」と発言。 しかし、3日になって「多くの方々に不快な思いをさせた」「本当に申し訳ないと思っている」として自民党の福岡県議団の会長を辞任する意向を表明。 一方、「説明責任がある」などとして議員辞職はしない意向だ。",[],[]
【解説】“包丁男”に警察官が発砲しその後死亡　「適切な拳銃使用だった」と元神奈川県警捜査一課長　「腕や足を狙う規定ない」　求められる現場判断　「実際の現場は単純ではない。狙った所に当てるのは至難の業」（FNNプライムオンライン）,https://news.yahoo.co.jp/articles/b6d1ec1edd8e4b7e8068e6c0640ee99674c93708,https://newsatcl-pctr.c.yimg.jp/t/amd-img/20260806-01189799-fnnprimev-000-2-view.jpg?exp=10800,2026-08-06T13:36:26+09:00,2026-08-06T15:00:54+09:00,FNNプライムオンライン,fnnprimev,FNNプライムオンライン,903,FNNプライムオンライン 4日、大阪府河内長野市で刃物を持った男に対し、警察官が発砲する事案があった。 男が刃物を向けてきたため、警察官はまず「威嚇射撃」として上空に発砲したが、それでも近づいてきたため、2発目を発砲した。 【動画を見る】拳銃の使用は適切だった? 元捜査一課長が解説 銃弾は男の左胸に命中し、その後死亡が確認された。 死因は「胸を撃たれたことによる出血性ショック」だった。 警察は「適切な拳銃使用だったが、詳細は調査中」としている。 5日放送の関西テレビ「旬感LIVE とれたてっ!」では、元神奈川県警捜査一課長の鳴海達之氏が出演。 「私は適正な拳銃の使用だと思う」としたうえで、「警察官はどんなケースで発砲するのか」などを解説した。 ■事案の詳細は… 4日午後7時ごろ、大阪府河内長野市で「包丁を持った血だらけの男が暴れている」という110番通報が入った。 駆けつけた警察官が男と対峙。男が刃物を向けてきたため、警察官はまず警告を行い、空に向けて威嚇射撃を実施した。 それでも男は近づいてきたため、威嚇射撃からおよそ2秒後、警察官は再び発砲。銃弾は男の左胸に命中した。 男は公務執行妨害などの疑いで現行犯逮捕され、病院に搬送されたが、その後死亡が確認されている。死因は「胸を撃たれたことによる出血性ショック」だった。 警察は「適切な拳銃使用だったが、詳細は調査中」としている。 ■今回の対応は「映像を見る限り、適正な拳銃の使用」と鳴海氏 今回の警察官の対応について、元神奈川県警捜査一課長の鳴海達之氏はこう見解を示した。 鳴海達之氏:映像を見る限り、私は適正な拳銃の使用だと思っています。 その根拠として、鳴海氏は男の”判断能力”に着目した。 鳴海達之氏:そもそも刃物を持っている人が、正常な判断ができるのかどうか、というのがまず1つある。大体『刃物を捨てろ』と言ったら、正常な判断を持っている人は大体もう刃物を捨てる。 正常な判断ができないとみられる人物が、刃物を持って周囲の人や警察官に向かってくる状況では「誰かがケガをする。命の危険にさらされることを防がなければいけない」と述べた。,[],[]
【台風情報】ダブル台風の今後の進路予想は　台風13号は7日（金）昼過ぎに沖縄本島地方に最接近する予想　台風15号は北日本を中心に影響が広がるおそれ（FNNプライムオンライン）,https://news.yahoo.co.jp/articles/24030ee8a1c48549879a46e815a166416a0a2136,https://newsatcl-pctr.c.yimg.jp/t/amd-img/20260806-01189798-fnnprimev-000-2-view.jpg?exp=10800,2026-08-06T13:36:24+09:00,2026-08-06T13:47:18+09:00,FNNプライムオンライン,fnnprimev,FNNプライムオンライン,986,FNNプライムオンライン 日本の周辺では、台風13号（ドルフィン）・15号（チャンホン）があり、「ダブル台風」となっています。 【写真で見る】台風13号・15号の進路予想図 気象庁によりますと、大型で強い台風13号は6日午前11時現在、南大東島の東約220kmにあって、1時間におよそ20キロの速さで西へ進んでいます。中心気圧は950ヘクトパスカル、中心付近の最大風速は40メートル、最大瞬間風速は60メートルとなっています。7日午前9時には、沖永良部島の南東約50キロに達する見込みです。 大型の台風15号は、6日午前9時現在、ウェーク島近海にあって、1時間におよそ30キロの速さで北へ進んでいます。中心気圧は996ヘクトパスカル、最大風速18メートル、 最大瞬間風速は25メートルとなっています。9日午前9時には、日本の東に達する見込みです。 台風14号（クジラ）は、気象庁の午前9時の実況によりますと、熱帯低気圧になりました。 台風13号は7日（金）昼過ぎに沖縄本島地方に最接近する予想 日本気象協会によりますと、台風13号は、強い勢力で明日7日（金）昼過ぎに沖縄本島地方に最接近する予想ですが、次第に動きが遅くなるため影響が長引く見込みです。沖縄は明日7日（金）と8日（土）に最大瞬間風速55メートルと、一部の住家が倒壊するおそれもある猛烈な風が吹きそうです。大東島地方では今日6日（木）夕方から7日（金）明け方にかけて、沖縄本島地方では7日（金）明け方から8日（土）朝にかけて線状降水帯が発生して、大雨災害発生の危険度が急激に高まる可能性があるということです。沖縄と奄美では、暴風やうねりを伴った高波、土砂災害に厳重に警戒してください。台風から離れた九州から関東を中心とした太平洋側でも、所々で雨が降るでしょう。九州や四国、紀伊半島など南東側に開けた斜面では、雨の降り方が強まりそうです。地震で大きな被害を受けた熊本県も風が強まり、山を越えて一時的に雨雲が流れ込むでしょう。 台風15号は北日本を中心に影響が広がるおそれ 日本気象協会によりますと、台風15号は、はるか東の海上を北西に進み、11日（火）山の日には、三陸沖へ進む可能性があるということです。台風として発達することはなさそうですが、北日本を中心に影響が広がるおそれもあり、今後の情報にご注意ください。,[],[]
【解説】「トランプさんの焦りマックスに」米・イラン交渉『5、6日にも合意成立の可能性』報道も峯村健司氏「これが停戦に結び付く可能性高くない」トランプ大統領「ホルムズ海峡」通航再開の暫定合意を急ぐワケ（FNNプライムオンライン）,https://news.yahoo.co.jp/articles/ea709ee8f2134881104dbc52e08b17f39180d8bc,https://newsatcl-pctr.c.yimg.jp/t/amd-img/20260806-01189797-fnnprimev-000-1-view.jpg?exp=10800,2026-08-06T13:31:24+09:00,2026-08-06T13:31:24+09:00,FNNプライムオンライン,fnnprimev,FNNプライムオンライン,1228,FNNプライムオンライン アメリカとイランによる「ホルムズ海峡」の通航再開に向けた暫定合意について、トランプ大統領は「早ければ5日か6日（アメリカ時間）にも成立する可能性」があるとの見方を示した。 5日放送の関西テレビ「旬感LIVE とれたてっ!」には、米中の安全保障などが専門のキヤノングローバル戦略研究所の峯村健司氏が出演。 「トランプ大統領の言動が激しくなっている」ことに触れたうえで「トランプさんはすごく焦っている」と解説した。 ■トランプ「交渉は順調」と強調 トランプ大統領は4日（アメリカ時間）、イランとの交渉について「48時間以内に分かる」と述べ、交渉が順調に進んでいると強調した。 一方、「イランが合意しなければ、非常に激しい攻撃を受ける」として改めて牽制した。 米ニュースサイト「アクシオス」によると、暫定合意の期間は「60日間」で通行料は徴収せず、最初の30日以内に海峡の中央航路から機雷を除去することなどが盛り込まれる見通しだ。 一方で、「イランによるホルムズ海峡の管理権限が認められる見通し」と報じられていて、自由な航行に繋がるかは不透明だ。 ■「トランプさんはすごく焦っている」 峯村氏はこうした状況を受けて「トランプさんはすごく焦っている」と話した。 峯村健司さん:中間選挙が近づいてきている中で、戦争前に比べるとガソリンの価格が4割ぐらい高くなってるんですね。 大体1ガロン（約3.8リットル）4ドルを超えると『選挙は絶対に勝てない』という法則がある中で、もう今4ドルまでいっちゃってますので、『まずい』と。 支持率も過去最低で3割台前半ぐらいまで落ちているんですね。 一方、イランは「足元をよく見ている」として、「あえて時間を延ばすことによってトランプ氏にある意味の報復をしている」ため、駆け引きが生まれていると話した。 ■停戦の可能性は「高くない」 一方、「5日、6日にも合意成立の可能性がある」ということだが、峯村氏はこれが停戦に結び付く可能性は「高くない」と話した。 峯村健司氏:イランとしては、もうホルムズはある意味『人質に取れるんだ』と。『アメリカも困らせる、世界も困らせる』ということを分かってしまったわけですね。 なのでこれを手放すことはなかなかしないんじゃないかと見てますし、これでもうジリジリとアメリカに対してどんどん圧力をかけていくんだろうと見ています。 そのうえで、「イランの方が主導権を握っている」と述べた。 峯村健司氏:むしろトランプさん側が『早くやりたい』というところをかなり見透かされてるところがあります。 いま、トランプさんは結構言葉が激しくなってきてるんです。これ、トランプさんをずっと見てきた人間からすると、焦ったトランプさんほど、結構激しい言葉を言う。焦りはマックスに達していると見ています。 （関西テレビ「旬感LIVE とれたてっ!」2026年8月5日放送） FNNプライムオンライン,[],[]
「強い圧力と感じた」 “金銭を渡した”と証言した県議に県議団トップの会長が7分間の“圧力?電話” 「感情的になった」 【福岡発】（FNNプライムオンライン）,https://news.yahoo.co.jp/articles/c7ce82456b81edec9dc905ed466657b1d04fb145,https://newsatcl-pctr.c.yimg.jp/t/amd-img/20260806-01189769-fnnprimev-000-3-view.jpg?exp=10800,2026-08-06T13:31:22+09:00,2026-08-06T14:52:28+09:00,FNNプライムオンライン,fnnprimev,FNNプライムオンライン,1329,FNNプライムオンライン 福岡県議会の議長･副議長ポストを巡る金銭授受疑惑で、金銭を渡したと証言している県議が、自民党県議団トップの会長から「電話で強い圧力をかけられた」と明らかにした。 【画像】「強い圧力と感じた」 “金銭を渡した”と証言した県議に県議団トップの会長が7分間の“圧力?電話” 「感情的になった…」と会長 揺れる県議会 【福岡発】 自民党県議団トップが告発議員に電話 県議団会長からの電話を明らかにしたのは、江藤秀之県議（66）。 電話をかけてきたのは、熊本地震の直後に政治資金パーティーを開いたことで批判が相次ぎ、8月4日に自民党県議団トップの座からの辞任を表明した松尾統章･会長（53）だ。 江藤県議は、自民党県議団に所属し、2020年から1年間副議長を務めたが、その就任にあたり当時、県議団幹部だった中尾正幸･元県議（61）に500万円を渡すなど、自民党県議団幹部に合わせて800万円以上を渡していたと証言している。 江藤県議は8月5日、地元･飯塚で記者会見を開いた。江藤県議によると電話があったのは、松尾会長がビアパーティーを開催した翌日の7月29日の午後だったという。 江藤県議は会見で「約7分間に及ぶ通話のなかで、松尾会長からは『絶対にもらっていないよね』『全く覚えていない』とという言葉が幾度となく繰り返されました」と述べた。 そして江藤県議は、通話データを公開した。 松尾会長 「言ったもん勝ちみたいになる」 「（江藤）先生にね、いろんな飲み代とか世話になったこともあるよ。それは分かる。けどね、50万円の車代だけは本当に覚えていない」（松尾統章･自民党県議団会長） 「確実に私はやっているので、そこは間違いない。私が覚えていますから」（江藤秀之･県議） 松尾会長は、高級料亭での宴会で、“お車代”として50万円を受け取ったとされる1人だ。 「それ言ったもん勝ちみたいになる」（松尾･会長） 「そんなことはないですよ。言ったもん勝ちではない。正しいことを言っているだけ」（江藤･県議） 「とにかく（江藤）先生、その電話、俺は絶対もらっていないと、これは本当俺は言えるもん」（松尾･会長） 「はい、分かりました。そこは今、言われたように水掛け論になるだけ。私は『渡しました』しか言えない」（江藤･県議） 「水掛け論と言っても、俺だってメンツがある、地元でね。とにかく先生、そのことを伝えたかった」（松尾･会長） 江藤県議 「強い圧力を感じた」 江藤県議は、記者会見で「私は、真実を歪め、都合の悪い事実を握り潰そうとする強い圧力を感じざるを得ませんでした」と訴えた。 江藤県議のこの訴えに松尾会長は「私自身は、江藤さんと吉松（源昭=金銭疑惑を最初に訴えた県議）さんの会見を見ていませんでしたから、それを見た後に『なんだこれは』と改めて思って電話しました。どっちかと言うと、感情的な部分でした。『もらっていない』ということを言いたかった」と電話を認めた。 前代未聞の危機に揺れる福岡県議会。 1カ月後には、前年度の決算や補正予算などを審議する9月の定例会が控えるなか、混迷は深まっている。 （テレビ西日本） FNNプライムオンライン,[],[]
衝突から10秒で3人逃走　軽自動車が市電に突っ込む一部始終をドラレコが記録　鹿児島市（FNNプライムオンライン）,https://news.yahoo.co.jp/articles/99d528cf25e5e17aedd7eff408240f80268f95b7,https://newsatcl-pctr.c.yimg.jp/t/amd-img/20260806-01189648-fnnprimev-000-1-view.jpg?exp=10800,2026-08-06T13:07:20+09:00,2026-08-06T13:07:20+09:00,FNNプライムオンライン,fnnprimev,FNNプライムオンライン,846,FNNプライムオンライン 鹿児島市の交差点で軽自動車が市電に衝突し、運転手が車を置いたまま現場から逃走するという事故が発生した。鹿児島市交通局が翌日公開したドライブレコーダーの映像には、衝突の瞬間だけでなく、事故からわずか約10秒後に3人が足早に立ち去る様子がはっきりと映し出されていた。 【ドラレコ映像】市電に衝突し、車を置いて逃走する3人 警察が行方を追っている 右折禁止の看板を無視し、時速約30キロの市電に突っ込む 事故が起きたのは8月4日午後2時40分ごろ、鹿児島市鴨池1丁目の交差点だ。 鹿児島市交通局が5日に公開したドラレコ映像には、時速約30キロで直進する市電の様子が記録されていた。映像には右折禁止を示す看板も確認でき、その看板を通り過ぎた直後、白い軽自動車が急に右折して市電と衝突する瞬間が映っていた。 現場は右折禁止の交差点だった。目撃者は「よけたのかなと思ったが、車から2人が出て行った後に、もう1人男性が車から出てきて走っていった」と語っており、衝突から約10秒後には車内にいた3人全員が現場から逃走したことが映像でも確認されている。 乗員乗客にけがなし、警察は運転手の行方を追う 市電には乗員乗客あわせて7人が乗車していたが、いずれもけがはなかった。一方、軽自動車の運転手は車をその場に放置したまま姿をくらましており、警察は道路交通法違反の疑いで行方を追っている。 交通局「軌道敷の手前で確実に停止を」 事故を受け、鹿児島市交通局は「市電との接触事故を防ぐために軌道敷の手前では確実に停止してほしい」とコメントした。市電が走る軌道付近での交通ルールの遵守を、改めてドライバーに強く求めた形だ。 鹿児島市の市街地を走る市電は、多くの市民や観光客にとって身近な交通手段だ。今回のような事故は市電の運行に影響を及ぼすだけでなく、周辺を行き交う歩行者や他の車両にとっても危険をともなう。交通ルールを守ることが、地域の安全を守ることに直結している。 FNNプライムオンライン,[],[]
「農家はやっていけない」 安すぎ? 新米の季節を前に関係者からは不安の声 コメ余りの影響で価格が大幅に下落の恐れ 【福岡発】（FNNプライムオンライン）,https://news.yahoo.co.jp/articles/9a6a9e5dfabc6934e5e86b04d430299cf6091670,https://newsatcl-pctr.c.yimg.jp/t/amd-img/20260806-01189758-fnnprimev-000-1-view.jpg?exp=10800,2026-08-06T12:51:28+09:00,2026-08-06T12:51:28+09:00,FNNプライムオンライン,fnnprimev,FNNプライムオンライン,1130,FNNプライムオンライン 間もなく新米の季節が訪れるが、その価格は2025年に比べて安くなる可能性が高まっている。生産者はどう感じているのか?思いを聴いた。 【画像】「農家はやっていけない」 安すぎ? 新米の季節を前に関係者からは不安の声 コメ余りの影響で価格が大幅に下落の恐れ 【福岡発】 コメ余りの影響が最大の原因 福岡･福津市の『くわの農園』。田んぼには、既に緑の稲穂が広がっている。 ここで栽培されているのは、通常の品種より早く収穫できる早場米『にじのきらめき』だ。8月半ばにも始まる収穫を前に、大きく実った穂が垂れている。 このまま台風などの影響がなければ、十分な収量が得られる見通しだが、2026年は新たな懸念があるという。それは、大幅に下がるとみられている米の価格だ。 全国の主産地に先がけて早場米が出荷される宮崎県や高知県では、JAが米の集荷の際に先払いする『概算金』の額が、2025年に比べ4割近く安くなっているという。 コメの民間在庫量が、2026年6月末時点で、過去最大の243万トンに達するなど、コメが余っていることが主な理由だ。 生産者「農家はやっていけない」 早場米の概算金は、主産地の米の価格の先行指標とされていて、このままだと福岡県内の米の価格も下がる可能性があると懸念する。 『くわの農園』の桑野由美さんは「いろんなものが上がってるので…。去年は、これでペイできるかなぐらいの感覚でしたね。せっかく30年ぐらい前の価格に戻ったのに、また下がるのかって」と表情を曇らす。 2024年までの米の平均価格は、5キロで2200円程度。その水準にまで価格が下がってしまうと“農家はやっていけない”と桑野さんは考えている。 その理由が、上がり続ける経費。農機具の買い換え費用は1台につき数百万円から数千万円。 更にここ数年、肥料や農薬の価格は値上がりし続けていて、現在は3年前と比べると3割ほど高くなっているという。 また、米を入れるためのビニール袋などの梱包材も、中東情勢が悪化して以降、値上がりしていて、農家をとりまく環境は2025年と比べても厳しくなっている。 桑野さんは「今年は下がって、消費者の方も喜ぶかもしれないけど、もしかしたら来年、辞める方が多くなってくると、またお米の量が減ってきて、数年後にはまた価格が、上がるかもしれない。農家でもちゃんと儲けが出るよ、利益が出るよ、生活ができるよっていうふうじゃないと、今から若い人たちがやってくれないんじゃないかなって思ってます」と深刻な表情で話す。 日本の米作りを後世に残していけるのか。消費者側も考えていく必要があるのかもしれない。 （テレビ西日本） FNNプライムオンライン,[],[]
「思い出したら今も涙が…」愛媛県警の女性警部が元刑事の経験生かした愛媛初の“被害者支援”　火9ドラマ「さよならノワール」主人公と自分を重ねて【愛媛発】（FNNプライムオンライン）,https://news.yahoo.co.jp/articles/03aec5f8c83bfba8c30218691ec3012d6d3cd806,https://newsatcl-pctr.c.yimg.jp/t/amd-img/20260806-01189705-fnnprimev-000-3-view.jpg?exp=10800,2026-08-06T12:11:29+09:00,2026-08-06T19:13:20+09:00,FNNプライムオンライン,fnnprimev,FNNプライムオンライン,936,元刑事の女性警察官が“被害者に寄り添う理由” FNNプライムオンライン 事件や事故の最前線で捜査を行う警察。 犯人を逮捕し事件や事故の概要を解明するだけでなく、警察は今、愛媛初の「被害者支援」の仕事にも力を入れている。 愛媛県警犯罪被害者支援室課長補佐の藤久貴子警部は、今年4月に支援室へ配属された元刑事だ。 テレビ愛媛で毎週火曜日に放送中のドラマ「さよならノワール」の主人公・黒木夏美に自身を重ね、日々職務にまい進する藤久警部。 その原点には、刑事時代の“忘れられない光景”があった。 「まるで私みたいだなと思いました」 テレビ愛媛で毎週火曜午後9時から放送中のドラマ『さよならノワール』。 警視庁の犯罪被害者支援室に所属する元刑事と心理学者が、犯罪被害者や遺族らが再び人生の歩みを進めることができるように寄り添い、支援していく警察ヒューマンドラマだ。 主人公の元暴力団対策係の刑事“黒木夏海”を演じるのは、俳優の小池栄子さん。 実は今、愛媛県警の犯罪被害者支援室に「小池さん演じる主人公」と同じように活躍する一人の女性警察官がいる。 県警犯罪被害者支援室課長補佐・藤久貴子警部: Q.ドラマ「さよならノワール」を見てどう思った? 「正直に言っていいですか?私だなと思いました、似ているなと思いました。“雰囲気と設定だけ”は私に似ているなと思いましたけど、その他は全然似ていませんので、そこは謝っておきます」 少し控えめな“愛媛県警の小池栄子”こと、犯罪被害者支援室課長補佐の藤久貴子警部だ。 警察以外にも各機関が連携し“被害者を支援” 藤久さんは1998年に県警に採用された。 県警犯罪被害者支援室・藤久警部: 「私は刑事になりたかったから警察官になりました。刑事になって、被疑者の取り調べに従事したかった」 希望がかない、組織犯罪対策課など刑事畑の現場一筋で歩んできた藤久さん。 今年4月に『犯罪被害者支援室』に配属された。 愛媛県内には、県警以外にも様々な被害者支援機関がある。 今年4月、これら複数の機関が連携し途切れのない支援する新たな体制『愛媛県犯罪被害者に対する多機関連携支援』が構築されるなど、事件や事故の被害者や遺族をサポートする対応が強化されている。,[],[]
障害の有無を超えて… 同じ目線で楽しむ “満天の星空” 「これまで助けてもらったから今度は…」 障害者が障害を“支える側”に 【福岡発】（FNNプライムオンライン）,https://news.yahoo.co.jp/articles/556e803bb25478a385325e3faa39e9b41643041e,https://newsatcl-pctr.c.yimg.jp/t/amd-img/20260806-01189678-fnnprimev-000-1-view.jpg?exp=10800,2026-08-06T12:09:25+09:00,2026-08-06T12:09:25+09:00,FNNプライムオンライン,fnnprimev,FNNプライムオンライン,1413,FNNプライムオンライン 障害の有無に関わらず、誰もが同じ目線で楽しめるイベントが福岡市で開かれた。そこには、障害のある人も“支える側”として活躍する姿がみられた。 【画像】障害の有無を超えて… 同じ目線で声を出して楽しむ “満天の星空” 「これまで助けてもらったから今度は…」 障害者が障害を“支える側”に 【福岡発】 音を気にせず楽しめるプラネタリウム 医療的ケアが必要な人たちが通う福岡市の施設、ケアコミュニティハウス『ニコちゃん家』。この日、開催されたのは、移動式プラネタリウムのイベントだ。 『ニコちゃん家』では月に一度、地域の人も自由に参加できるさまざまなイベントを開いている。この日は、全国で移動式プラネタリウムなどを行う団体が施設内にドームを設置した。 「私たちが普段、自分からどこにでも出向いて行って選んでやることが、彼らには難しいので、できればその選択肢のひとつをどんどん増やしていくことがしたい」と話すのは『ニコちゃん家』代表理事の森山淳子さん。 この日参加した家族も満足した様子だった。 「プラネタリウムに連れて行こうと思ったら声を出したりしてハードルが高い。こういう機会に経験させられるのは親として嬉しい」（Aさん家族） 「家族4人で行ける場所というのは、すごく制約が多かったり、そもそもなかったりするので、非常にありがたい」（Bさん家族） このプラネタリウムの特徴は、声を出すことができたり、医療機器の音がしたりしても気兼ねなく楽しめること。呼吸器や吸引器の音を気にする必要はなく、大型の車イスのままドームに入ることができる。 更に、寝転んで星空を見上げることで子どもも大人も、障害の有無に関わらず同じ目線で楽しめる。 プラネタリウムを開催した『星つむぎの村』の代表理事、髙橋真理子さんは「まだまだ社会には、障害を持ってる人たちにとっての社会の側が持ってるバリアが、いわゆる健常者が気づかない、知らない世界がありすぎて、それはほんとに如何ともし難い。寝転んで見るとみんな同じ視線になる、そしてそこで境界線が消えるということがひとつの大きな特徴」と話す。 「これまで助けてもらったから今度は…」 このイベントに障害のある人が“支える側”として活躍する姿があった。横浜市に住む20歳の吉田桃さん。数年前から自ら希望してボランティア活動に取り組んでいる。 桃さんは「みんなとやると楽しくなれる。嬉しくなる。いろんな人に触れ合える。触れ合いは、大切。いろんな体験ができる」と話す。 桃さんは、先天性の心疾患のほか、発達障害や知的障害があり、横浜では命を脅かす状態の子どもやその家族を支える施設の『子供ホスピス』を利用している。 今回は“緩和ケア学会”に参加するため母親とともに福岡市を訪れたが、普段は大型の車イスや呼吸器などを使用しているため、宿泊できる施設が限られている。今回、その滞在先となったのが『ニコちゃん家』だった。 イベントが開かれることを知った桃さんは、自らボランティアとして参加。来場者を笑顔で迎え、積極的に会場を盛り上げる。 桃さんの母親の恵子さん（48）は「これまでいろんなことを助けてもらったからこそ、自分もやりたいっていう気持ちだし、ほかの方の負担になってしまう部分や求められるスキルやパワーとして足りない部分もあるけれど、この人だからできる部分もあるのかな、あるといいな」と話す。,[],[]
県警の女性警察官としては7年ぶり　剣道の全日本選手権へ　剣道5段、28歳の女性巡査長の得意技は“裏から打つ面”（FNNプライムオンライン）,https://news.yahoo.co.jp/articles/01eeee285d661edd7c0ac071aaf8686ff340a225,https://newsatcl-pctr.c.yimg.jp/t/amd-img/20260806-01189642-fnnprimev-000-1-view.jpg?exp=10800,2026-08-06T11:45:47+09:00,2026-08-06T11:45:47+09:00,FNNプライムオンライン,fnnprimev,FNNプライムオンライン,689,剣道の全日本選手権に出場する佐賀南警察署の上野留実巡査長 警察官の仕事と両立しながら日々剣道に打ち込む28歳の女性巡査長が、今年11月の全日本選手権に出場する。佐賀県警の女性警察官が出場するのは7年ぶりの快挙。得意技の“裏から打つ面”で全国の強豪に挑む。 【画像】佐賀南警察署警備課 上野留実巡査長「なかなか代表になれなかった悔しい思いがあるので、そこをぶつけて大会に挑みたい」 県警の女性警察官では7年ぶりの快挙 剣道の全日本選手権に佐賀県代表として出場するのは、佐賀南警察署の上野留実巡査長（28）。 上野さんは6月に開かれた剣道の県予選で見事優勝。佐賀県警の女性警察官としては7年ぶりに全日本への切符を手にした。 上野さんは佐賀・白石町出身で剣道五段。小学3年生の時に兄の影響で剣道を始め、高校や大学時代には数々の全国大会に出場した実力の持ち主だ。 得意技は“裏から打つ面” 警察官の仕事と両立しながらの剣道の練習は厳しい。 毎日4時間の練習をこなしているだけでなく、高校時代の恩師の元に自主的に通うなど、上野さんは日々汗を流している。 得意技は“裏から打つ面”という上野さん。県代表として全国の強豪に挑む意気込みを語った。 佐賀南警察署 警備課 上野留実 巡査長: なかなか代表になれなかった悔しい思いがあるので、そこをぶつけて大会に挑みたいと思っています。一戦でも多く試合をして他の方に恩返しができればいいなと思っています 今年11月に東京の日本武道館で開かれる全日本選手権に臨む上野さんは、日々の鍛錬でさらに上を目指して剣の技を磨いている。 FNNプライムオンライン,[],[]
【物価高の救世主】なんと年間16万円以上の節約にー自分用の「映えない」弁当を作る人が増加ー見た目より中身を重視 前の日の残り物や1週間分の作り置きで「頑張らなくていい」のが魅力〈北海道〉（FNNプライムオンライン）,https://news.yahoo.co.jp/articles/d91711d6e7432c4c2afd696795bc2803e622d20c,https://newsatcl-pctr.c.yimg.jp/t/amd-img/20260806-01189633-fnnprimev-000-1-view.jpg?exp=10800,2026-08-06T11:01:21+09:00,2026-08-06T11:01:21+09:00,FNNプライムオンライン,fnnprimev,FNNプライムオンライン,1733,FNNプライムオンライン 止まらない物価高。 外食を避け、自分用にお弁当を作る人が増えている。 それも、見た目にこだわらない地味なお弁当が注目を浴びているという。 そのワケは? 「お弁当を食べている人がいます。あそこにも弁当の人がいますね」（熊坂友紀子記者） 節約のため自分用にお弁当を作る人が増えている。 大手食品メーカー「ニチレイフーズ」の調査によると、月に1回以上自分用に作る人は81.2％で、過去最も多くなっている。 「おにぎりの値段が1個300円以上になってから自分で」 （弁当歴約1か月 60代） 「弁当だと多分1食200円くらい。どうして前からやらなかったんだろう」（弁当歴約6か月 30代） いま注目を浴びているのが見た目にこだわらない、華やかさより中身重視のお弁当。 JA全農ではこれを「地味弁」と名付け、頑張らなくていいお弁当として広めている。 「品数や見た目より手間が少ない、洗い物が楽という点を重視する人が多くなっている」（JA全農「地味弁」担当） では、北海道民はどんなお弁当を食べているのか。 そしてお弁当を作ることでどれくらい節約できているのか。 約3000人が働く北海道庁本庁舎を訪ねた。 さっそく拝見。きょうのメニューは? 「肉じゃがとご飯。朝の手間が一番少ないことを望んでいるので、夕食をスライドさせたり、作り置きを入れたりしている」（弁当歴約5年 東 香澄さん） 家計にどれくらいプラスになっているのか聞いてみると。 「外で食べると1000円弱かかるが、弁当は100円もしない」（東さん） 1食で約900円。 週5日では4500円ほどの節約。 そこそこの額になる。 続いて、こちらの男性。 休日に夫婦で1週間分のお弁当を作り置きして、朝の手間を省いているという。 「コミュニケーションにもなるし、けんかした後も弁当を一緒に作ることで仲直りのきっかけになる」（弁当歴約3年 冨高 皓己さん） 結婚前はコンビニなどで昼食を買っていたそう。 当時と比べると、どれくらい節約できているのか。 「1日あたり600円ほどの節約。週5日だと3000円、夫婦2人だと倍の6000円の節約になる。妻と旅行に行きたい。いわばお弁当旅行」（冨高さん） お弁当にしたことでこんな影響があった人も。 「血液検査の結果が、弁当にしたことで良くなった」（弁当歴約10年 小鷹 祐平さん） かつて一世を風靡したお弁当と言えば、アニメの登場人物などを模して盛り付けたキャラクター弁当。 SNS映えなど、見た目も重視された。 それに対して今回見せてもらった人は、中身重視のお弁当が多かった。 そのワケは? 「母親などが家族のために作っていた弁当から、1人暮らしやシニア世代が健康や節約を意識して作るなど、弁当の役割自体が広がっている印象」（JA全農「地味弁」担当） 続いて訪ねたのは個人事業主などが働くコワーキングスペース。 お弁当歴15年という熟練に出会った。 「前の日に作った『もやしナムル』にキュウリとかまぼこのあえ物、サケの竜田揚げに焼き魚。映える弁当や、人に見せられる弁当は作ったことがない」（弁当歴約15年 工藤 洋平さん） 費用はどれほどなのか? 「買うより絶対安い。300円くらい」（工藤さん） 外食などで1000円使った場合と比べると、その差額は700円。 1か月1万4000円、1年で16万8000円、15年だと252万円の節約になる。 毎日続けるコツを聞いてみると。 「時短は大事にしている。夜に作る時、翌日分を残せるよう多めに作るなどしている」（工藤さん） こちらの女性は、1か月前からお弁当生活を始めた。 「いろいろな野菜をミキサーにかけて、冷凍して1週間分ストックにしておいて、小分けに持ってきてスープにして飲んでいる」（弁当歴約1か月 畑 ほのかさん） 冷凍スープの作り置きだ。 これを始めてからお昼以外も外食が減り、月の食費は6万円から1万5000円になった。 「見た目に凝りすぎると完璧主義になる。きれいにしなければと、やり始めたら続かない。食べたら結局同じ」（畑さん） 自分だけのお弁当、始めてみては? FNNプライムオンライン,[],[]
大相撲・藤島部屋の元“ちゃんこ長”が作る絶品ちゃんこ　越ノ龍が地元福井で料理店経営者として“序の口”スタート（FNNプライムオンライン）,https://news.yahoo.co.jp/articles/0bc4348c6a7a686e60983e8cd59be777956e6eb4,https://newsatcl-pctr.c.yimg.jp/t/amd-img/20260806-01189045-fnnprimev-000-2-view.jpg?exp=10800,2026-08-06T11:00:38+09:00,2026-08-06T18:30:48+09:00,FNNプライムオンライン,fnnprimev,FNNプライムオンライン,942,FNNプライムオンライン 大相撲を引退後、故郷の坂井市でちゃんこ鍋店を開いた元幕下力士がいる。30年近くにわたる現役生活で「ちゃんこ長」も務め、部屋直伝のスープを武器に「相撲を好きになってもらえれば自分としても恩返しになる」と“第二の取組”が始まっている。 【画像】じっくり煮出した鶏ガラスープ あっさりした味に野菜のうまみが溶けあう元力士が作る「ちゃんこ」 30年の現役生活で積み上げたもの 坂井市春江町に、5月にオープンした「季節料理 ちゃんこ越ノ龍」。2024年に大相撲を引退した元幕下・越ノ龍こと佐々木敏彦さん（47）が和食の料理人と共に立ち上げた。 佐々木さんは、中学時代に出場した相撲の全国大会でスカウトを受け、中学卒業後に入門。1995年に初土俵を踏み、最高位は幕下34枚目。1200以上の取り組みを重ね45歳まで現役を続けた。 数少ない県内出身の力士として長く相撲界を支えてきた。 「初めて付いた関取が武蔵丸関だったんですよ。びっくりしました。もう大きすぎて」現役時代の思い出を語る佐々木さんの言葉には、いまも当時の興奮がにじむ。 「当時は若貴がすごかったので、同部屋の武蔵丸が勝ったときは、やっぱり嬉しかったですよね」と誇らしげに振り返る。 長年所属した藤島部屋では、食事当番・ちゃんこ番のまとめ役である「ちゃんこ長」を務めるほどの腕前だった。部屋の力士たちの食事を支えるちゃんこ長は、体を作る“要”となる存在だ。現役生活を通じて培ったその経験こそが、引退後の道を切りひらいたことになる。 部屋直伝の鶏ガラスープが店の“売り” 店の看板メニューはもちろん、元ちゃんこ長自慢のちゃんこ鍋。最大の特徴は、部屋直伝の鶏ガラスープ。 鶏10匹分のガラを使い、約3時間かけて丁寧に出汁を取る。手間を惜しまないその工程こそが、本場の味を生み出す源泉だ。 スープのベースは塩。「一番それがさっぱりしておいしいので。アレンジしてもいいんですけど、自分はやっぱりシンプルが一番いいと思うんで」と語る。 店一押しの「横綱コース」には、鶏肉や鶏団子のほか、ダイコンやキャベツなど野菜がふんだんに入る。塩味ベースでシンプルながら奥行きがあり、鶏のうまみや野菜のうまみが優しく体に染みわたる。,[],[]
熊本地震で被害ないのに宿泊キャンセル　老舗温泉宿は数千万円の損失　社長は安全確認された地域に「ぜひ足を運んで」　南阿蘇村（FNNプライムオンライン）,https://news.yahoo.co.jp/articles/205c5237ea3881df5c0ff08f2a181a680b20e7dc,https://newsatcl-pctr.c.yimg.jp/t/amd-img/20260806-01189425-fnnprimev-000-1-view.jpg?exp=10800,2026-08-06T09:29:17+09:00,2026-08-06T09:29:17+09:00,FNNプライムオンライン,fnnprimev,FNNプライムオンライン,1099,FNNプライムオンライン 南阿蘇村の老舗温泉宿「青風荘.」では今回の熊本地震で大きな被害を受けなかったものの、宿泊キャンセルが相次ぎ、数千万円規模の損失が発生している。社長は安全が確認された地域への来訪を呼びかけている。 【画像】湯治で有名な地獄温泉「青風荘.」（熊本・南阿蘇村） 地震被害がないのに…キャンセル相次ぐ 今回の熊本地震で観光業にも大きな影響が出ている。 10年前の熊本地震で大きな被害を受けながらも立ち直った南阿蘇村の温泉宿。 今回の地震で、今また苦境に立たされる経営者に話を聞いた。 西村勇気アナウンサー: 南阿蘇村の地獄温泉『青風荘.』。10年前の地震と大雨で建物や温泉に損傷を受けましたが、令和8年熊本地震ではほとんど被害もありません。にもかかわらず、宿泊のキャンセルが相次いでいるといいます。 今回の地震で最大震度5弱を観測した南阿蘇村。 ここで古くから湯治客に愛される宿が、地獄温泉「青風荘.」だ。 225年の歴史を持つこの宿は源泉かけ流しの「すずめの湯」が全国的な人気を誇る。 1年で最も多くの宿泊客が訪れるという8月だが、今年は異変が…。 宿を経営する河津誠社長は思わぬ現状に胸を痛めている。 地獄温泉「青風荘.」河津誠社長: 3日間臨時休業している間に5割ドンとキャンセルされました。12月の予約のキャンセルも入っています。数千万円規模の損失はあると思います。 10年前、2016年の熊本地震では建物が大きく損壊し、その後の大雨と土石流で温泉が埋まるなどの被害が出た「青風荘.」。 しかし、今回の『令和8年熊本地震』では建物や設備にほとんど被害がなかったにもかかわらず、予約客からのキャンセルが相次ぎ今、苦境に立たされている。 地獄温泉「青風荘.」河津誠社長: 元々（病気を治す）湯治場なので痛い、苦しい方を支える場所ですからね。『うちが無くなったら支えるところ無くなるぞ』みたいな思いで頑張ってきたんですけどモチベーションを保つのが難しいですね。 観光関係の団体を通じた宿泊状況調査では、今回の地震後、先月31日までの県内のキャンセルは約6万6000人分、9億円に上るという。 地獄温泉「青風荘.」河津誠社長: 10年前の経験を生かせる私たちのところにもう1回。2回来ても大丈夫だよ、っていう姿を見せろよみたいな。（大自然からの）メッセージじゃないでしょうかね。そう受け取るほかない。 熊本地震から10年を乗り切った地獄温泉「青風荘.」。 河津社長は「安全が確認された場所にはぜひ足を運んで、熊本の良さを体感してほしい」と呼びかけている。 FNNプライムオンライン,[],[]
達人ならではのチョイス…『無印良品』で暑い夏を快適に フォロワー8万人超のマニアと勤続20年スタッフが厳選（FNNプライムオンライン）,https://news.yahoo.co.jp/articles/62ed4a1e94cae31d3454eb64c2afb35a6c94556c,https://newsatcl-pctr.c.yimg.jp/t/amd-img/20260806-01189584-fnnprimev-000-2-view.jpg?exp=10800,2026-08-06T06:01:21+09:00,2026-08-06T13:00:42+09:00,FNNプライムオンライン,fnnprimev,FNNプライムオンライン,964,FNNプライムオンライン 暑い夏を少しでも快適に過ごしたい人に人気なのが「無印良品」です。SNS総フォロワー8万人超の無印マニアと、勤続20年のベテランスタッフが、この夏おすすめの新商品や便利アイテムを厳選。達人ならではの愛用品や人気グルメも教えてもらいました。 【動画で見る】グッズ達人ならではのチョイス…『無印良品』で暑い夏を快適に フォロワー8万人超のマニアと勤続20年スタッフが厳選 ■さらっと快適な“風を通す”ポロシャツ 訪れたのは、名古屋・栄にある「無印良品 マルエイガレリア」。 名古屋最大の売り場面積を誇り、食品や化粧品、家具まで約7000種類の商品が並びます。今回は、この夏を快適に過ごせるおすすめアイテムを調査しました。 教えてくれるのは、SNSの総フォロワー数8万人以上、無印歴27年の「あやのすけ」さん。まずおすすめするのは、「“風を通す”ポロシャツ」（3990円）です。 あやのすけさん: 「名前のとおり軽くてふわっとした着心地で 蒸れにくく、洗濯してもシワになりにくいです」 通気性や吸水性、速乾性に優れ、Tシャツからパンツ、ワンピースまで幅広く展開しています。中でも、おすすめのポロシャツは、目に見えないほど小さな穴が文字通り風を通し、汗ばむ季節でもさらっと快適に過ごせます。 ■夏に便利な巾着バッグ＆話題の新ドリンク 続いては、「メッシュ巾着バッグ」（S 990円・M 1390円）。メッシュ素材で、折りたたみ傘やカーディガンなど9つの荷物がすっぽり入りました。 あやのすけさん: 「メッシュ生地が硬めに作ってあるので、ある程度ものを入れれば自立します」 見た目も涼しげで、夏のレジャーにもぴったりです。 3つ目は、水に溶かして作るインスタントドリンク。新発売の「“マスカット＆キウイ”ドリンク」（390円）です。 あやのすけさん: 「色も楽しめるし、味もおいしい。カロリーもそこまで高くないドリンクです」 スプーンで粉末を入れて水に溶かすだけ。マスカットのやさしい甘さとキウイのほどよい酸味で、爽やかなドリンクが手軽に作れます。 リポート: 「マスカットとキウイの爽やかさに、シュワシュワ感が絶妙です」 ドリンクをはじめ、無印良品には、お菓子はもちろん冷凍食品など、さまざまな食料品が並びます。,[],[]
港にイルカの群れ「だから釣れないのか…」10数頭が楽しそうに泳ぎ回る（FNNプライムオンライン）,https://news.yahoo.co.jp/articles/373cb1cc0aa1c0b82f79c016ad2bd7a24dd2b53b,https://newsatcl-pctr.c.yimg.jp/t/amd-img/20260806-01189215-fnnprimev-000-1-view.jpg?exp=10800,2026-08-06T06:00:43+09:00,2026-08-06T06:00:43+09:00,FNNプライムオンライン,fnnprimev,FNNプライムオンライン,511,10数頭が楽しそうに泳ぎまわる 宮崎県日南市の油津港で、10数頭のイルカの群れが港内を気持ちよさそうに泳ぎ回る姿が確認された。数日前から目撃情報が相次いでおり、海面に顔を出したりジャンプしたりする活発な様子に、岸壁の釣り人からも驚きの声が上がっている。 【動画】イルカの群れを見る 油津港に10数頭の群れ 宮崎県日南市の油津港で、イルカの群れが港内を泳ぎ回る様子が確認された。 イルカたちは海面に顔を出したり、時折勢いよくジャンプを繰り返したりするなど、楽しそうに動き回っていた。 釣り人も驚く港の珍客 岸壁で魚釣りをしていた男性は、港内にイルカが入り込んでいることを知らされると驚きの表情を見せた。 釣りをしていた人: （Q.イルカはだいぶ前からいるんですか?）イルカは知らないですよ。泳いでいたんですか?だから釣れないんだ。 油津港では数日前からイルカの目撃情報が相次いでおり、地域住民の間でも話題となっている。 港内には海産物を育てるいけすが設置されているが、漁業関係者によると、現在のところ被害は確認されていないという。愛らしいイルカと漁業との共存が続くことが期待される。 （テレビ宮崎） FNNプライムオンライン,[],[]
