headline,mainEntityOfPage,image,datePublished,dateModified,author,media_en,media_jp,str_count,body,images,external_links
デニムなのに動きやすくて感動…！cocaの「びよーんと伸びるパンツ」シルエットが綺麗で、脚のラインがスッキリ見えるんです！（ダイヤモンド・オンライン）,https://news.yahoo.co.jp/articles/02cfd35ab0aa856be9d79086bc8ef7252c8969d7,https://newsatcl-pctr.c.yimg.jp/t/amd-img/20251216-00379495-diamond-000-1-view.jpg?exp=10800,2025-12-16T18:30:34+09:00,2025-12-16T18:30:34+09:00,ダイヤモンド・オンライン,diamond,ダイヤモンド・オンライン,1476,"写真：ダイヤモンド・オンライン
「明日はなにを着て出かけよう」プチプラを愛する河合さんが、コスパのいいファッションアイテムをご紹介します。
【画像12枚】cocaの「びよーんと伸びるパンツ」シルエットが綺麗で、脚のラインがスッキリ見えるんです！
●　cocaで、どんな動きもできちゃう「楽ちんデニム」を発見！

　“大人のためのファストファッションストア”として、低価格でトレンドを取り入れた洋服を販売する「coca（コカ）」。

　今回レビューするのは「ムーヴデニムテーパードパンツ」です。価格は3990円（以下、すべて税込）。公式サイトにある「デニムなのに疲れない」というワードに惹かれて購入してみました！

　カラーはブルーとライトブルーの2色展開。オールシーズン使えそうなブルーを選びました。

●　シルエットがきれいで、脚のラインがスッキリして見える！

　裾に向かって細くなるテーパード仕様のデニムです。全体的にほどよくゆとりがあるので、スッキリした見た目なのに脚のラインをカバーしてくれます。

　股上が27cm前後とハイウエストになっていて、自然と脚長に見えるところもお気に入り。股下はやや短く、くるぶしがチラッと見えるくらいのアンクル丈です。

　足首が見えることでコーデに抜け感や軽さが出てオシャレ！ただ、真冬は冷気が入って寒く感じると思うので、見えてもいい長めの靴下を履くのがオススメです。

●　生地が柔らかく、とっても動きやすい！

　パンツを引っ張ってみると、デニムとは思えないほどビヨーンと伸びます。はいていてもしめつけ感がなく快適！

　しゃがんだり、片足を上げたりしても窮屈感なく動けてすごいです。デニムをはいているとは思えないほど楽で、毎日着たくなります。

　生地は柔らかくサラっとしていて、肌触りがとってもいいです。素材は綿63％、ポリエステル31％、レーヨン4％、ポリウレタン2％。お手入れは洗濯機で洗えますが、色落ちの可能性があるため単独で洗濯してください。
●　ポケットたくさんで使い勝手バツグン

　フロントの両サイドに2つポケットがあり、左にはコインポケットも付いています。両サイドは深めのポケットになっているので、スマホやハンカチなどを入れておくのに便利。

　バックにもポケットが2つ付いています。ポケットにも伸縮性があるため、厚みがあるものでもすっぽり入りますよ。

●　カジュアルにもきれいめにも、一年中着回せる！

　深みのあるブルーで、いろんなトップスと合わせやすいところが魅力。長めのカーディガンをサッと羽織ると、カジュアルだけど大人っぽさもあるコーデが完成します。

　ツイード生地のトップスと合わせたら、きれいめな雰囲気になりました。おしゃれなカフェに行きたくなるようなコーデになって、着ているだけで気分が上がります。

　動きやすいうえに着回し力も高くて買って正解！色違いでも欲しくなる優秀さでした。

●　着回し力が高いパンツなら、ユニクロの「ストレートジーンズ」もオススメ

　価格は4990円。英国のファッションブランドである「JW Anderson（ジェイダブリュー・アンダーソン）」とのコラボ商品です。

　ミドルウエストのシンプルなストレートジーンズ。股下は76cmで、丈が長いところが魅力です。

　裾に向かってストンと落ちるシルエットだから、脚がスラっと長く見えて嬉しい！太もも周りにほどよくゆとりがあり、お尻や太ももをカバーしてくれますよ。
プチプラ大好き河合さん",[],[]
「ずっと探してた」セリアの“ドリンクホルダーになるポーチ”が画期的すぎる！「やっと買えた」「片手が塞がらなくて助かる」（ダイヤモンド・オンライン）,https://news.yahoo.co.jp/articles/fbffa6780118fb0f399a16b7dac9527374cc6ed7,https://newsatcl-pctr.c.yimg.jp/t/amd-img/20251216-00379512-diamond-000-1-view.jpg?exp=10800,2025-12-16T18:15:31+09:00,2025-12-16T18:15:31+09:00,ダイヤモンド・オンライン,diamond,ダイヤモンド・オンライン,1820,"写真：ダイヤモンド・オンライン
「これ、買ってよかった！」かわいい雑貨や便利グッズが大好きな河合さんが、生活に彩りを添えるアイテムをご紹介します。
【画像17枚】セリアの“ドリンクホルダーになるポーチ”が画期的すぎる！
●　セリアで見つけた“ドリンクホルダーになるポーチ”が便利

　デザイン性の高いおしゃれ雑貨や便利グッズなどを取り扱う、100円ショップの「Seria（セリア）」。

　今回レビューするのは「2WAYバッグインポーチ」です。価格は110円（以下、すべて税込）。

　バッグなどに取り付けてポケット代わりにしたり、ドリンクホルダーにしたりできるアイテムです。外出時に荷物が多くて困ることがよくあるので、購入してみました。

●　トートバッグみたいなデザインがかわいい

　ミニトートバッグみたいな見た目をした舟形のポーチです。サイズは（約）高さ8×幅12cmで、手の平にちょこんと乗る大きさ。スナップボタン付きで、ポーチの口を閉じることができます。

　中は仕切りやポケットなどはないシンプルな作りです。口が大きく開くので中身が見やすく、出し入れも楽ちん。明るいベージュ色の生地で、ポーチの中が暗くなりすぎないのも嬉しいポイントです。

　ベルトの片側をスナップボタンで開閉して、バッグの持ち手に取り付けられるようになっています。

●　バッグの収納スペースを増やせて便利

　ポケットがわりに使えて、バッグの収納力がアップします。外側につけると、ミニトートバッグ型のチャームみたいでかわいい。

　リップクリームや目薬など、ちょっとした小物を収納できました。バッグの口をスナップボタンで留められるので、外から中身が見えずスッキリ持ち歩けます。
バッグの内側に取り付けて、内ポケットがわりにしても便利です。カギやカードなど、サッと取り出したいものを入れるのにちょうどいい。カギが迷子にならないので、帰宅時に「カギをどこに入れたっけ……」とカバンの中をゴソゴソ探すことがなくなりました。

●　コンビニコーヒーがすっぽり入りました

　ポーチの底にファスナーが付いていて、開けるとカップホルダーとして使えます。パッケージによると、飲み口の直径が8〜9cmのカップに適応しているそうです。

　セブン-イレブンのR（レギュラー）サイズのカップをすっぽり収納できました。コンビニコーヒーを手ぶらで持ち歩けて便利です。カップを奥までしっかり差し込むと、安定感が増しました。

　ただ、早歩きするとフタの飲み口からドリンクが少し漏れるので、注意が必要です。また、周りの人にぶつかる恐れがある、人混みでの使用は控えた方がよさそう。

　L（ラージ）サイズのカップも収納できました。カップがポーチの下から出るくらいしっかりはめ込むと、安定して持ち歩けます。

　取り付けるバッグは、トートバッグのように持ち手が正面についているタイプのほうが安定します。

　飲み終わった後のカップを立てた状態で持ち帰れて、家やオフィスなどで捨てられるのもありがたい。ゴミ箱を探して歩き回ったり、飲み終わった後のゴミを帰宅するまでずっと手に持たなくて済みます。気軽にコーヒーを購入できるようになって嬉しいです。

●　110円とは思えない優秀さ！買ってよかったです

　SNSには「本当に便利。コーヒー納められるから、片手が塞がらなくて助かる」「ずっと欲しかったセリアのバッグインポーチやっと買えた」「ずっと探してた」といった感想が投稿されています。

　小物の収納にもカップホルダーとしても使えるかわいいポーチを、110円でゲットできて嬉しい。

　スナップボタンで簡単に着脱できて、いろいろなバッグに取り付けられるので重宝しています。2〜3個まとめ買いしておけばよかったです。
●　カバンに付けて持ち歩くなら、無印良品の「リンクルナイロン 大きく開くポーチS」もおすすめ

　手のひらサイズのコンパクトな軽量ミニポーチです。価格は890円。ループが付いているため、バッグに引っ掛けて持ち歩くこともできます。

　サイズは（約）幅11×高さ6×マチ3.5cm。リップ、口臭ケアミスト、コンパクトミラー、目薬が収納できました。

　真ん中にはメッシュポケットが仕切りのように入っていて、小さいながらも小物を分けて収納できて便利です。
雑貨オタクの河合さん",[],[]
伊武雅刀、怪談うますぎ！住職役で見せた「淡々だけど明瞭な語り口」に思わず聞き入っちゃう〈ばけばけ第57回〉（ダイヤモンド・オンライン）,https://news.yahoo.co.jp/articles/7ef97a0376d991d07b7e3bf07edcc83cc2094136,https://newsatcl-pctr.c.yimg.jp/t/amd-img/20251216-00379112-diamond-000-1-view.jpg?exp=10800,2025-12-16T18:00:35+09:00,2025-12-16T18:00:35+09:00,ダイヤモンド・オンライン,diamond,ダイヤモンド・オンライン,3427,"『ばけばけ』第57回より　写真提供：NHK
今日の朝ドラ見た？ 日常の話題のひとつに最適な朝ドラ（連続テレビ小説）に関する著書を2冊上梓し、毎日レビューを続けて10年超えの著者による「読んだらもっと朝ドラが見たくなる」「誰かと話したくなる」連載です。本日は、第57回（2025年12月16日放送）の「ばけばけ」レビューです。（ライター　木俣 冬）
フォトギャラリーを見る
●　「カイダンモットホシイ」ヘブン、怪談を気に入る

　ヘブン「墓すばらしい」
　トキ「墓地ってさびしくてええですよね」

　トキ（高石あかり、「高」の表記は、正確には「はしごだか」）とヘブン（トミー・バストウ）はお祓い（おはらい）をしてもらった大雄寺の住職（伊武雅刀）にこの寺にまつわる怪談を聞かせてもらうことになった。

　住職は、怪談と関わりのある墓にふたりを連れていく。正木清一（日高由起刀）も通訳としてついていく。

　住職が語ったのは『水飴を買う女』。

　初代藩主、松平直政公の頃のお話。

　当時、大雄寺の東側に小さな飴屋があった。ある夜更けに「1人の痩せこけたカゲロウのようなおなご」が、水飴をくださいと店を訪れた。店主は毎晩訪れてくる女性の顔色が日に日に悪くなっていくのが気になり、ある晩、そーっと後をつけてみたところ。彼女は墓の前でふっと消えた。

　すると墓の下から突然おぎゃあおぎゃあと赤子の鳴き声が聞こえてくる。店主は寺の者たちを呼び、急いで墓を掘ると、そこには女性の亡骸（なきがら）と生まれたばかりの赤ん坊がいた。

　妊娠中に亡くなった母親は幽霊となって、赤ん坊のために水飴を買いに店を訪れていたのだ。

　怪談を真剣に聞き入るヘブンとトキ。

　住職はお話がうまい。淡々としながら言葉が明瞭で粒立って、内容や雰囲気がよくわかる。

　ヘブンは正木に通訳してもらって一部始終を理解し、めちゃくちゃ泣く。

　住職は「お話した甲斐がございました」と安堵した様子。

　「ハジメテカイダン」「スバラシイカイダン」とヘブンは感動し、「カイダンモットホシイ」と欲する。

　残念ながら大雄寺に伝わる怪談は『水飴を売る女』だけだった。
●　「わたし、怪談、よく知る」トキがヘブンに怪談を

　住職を演じた伊武雅刀について、橋爪國臣CP（チーフプロデューサー）はこのように語っている。

　「撮影現場で、伊武さんの語る怪談は、強さだけではなく、心の奥底に響いてくる悲しさや、美しさを感じました」

　お祓いして怪談を聞いて、充実した足取りで帰宅するヘブンとトキと正木。

　ヘブンは怪談に興奮したのか。ものすごく足が速い。

　一方、トキは何か考え込んでいるような表情をしている。

　ヘブンは帰宅するとすぐに奥の間（寝たり仕事したりする部屋）にこもり、襖（ふすま）をぴしゃりと閉めている。おそらく、いま体験したことを記録しているのだろう。

　トキは深刻な顔で閉まった襖の前に座る。

　「ヘブン先生」
「静かに」

　案の定たしなめられるが、トキは続ける。

　「怪談にご興味あるですか」

　襖が開く。ヘブンが食いついた。

　「ご興味をお持ちに？」とトキが聞き直すが、ヘブンは彼女の言葉の意味がわからない。

　「怪談もっと聞きたいですか？」
「誰？」
「ヘブン先生が」
「ワタシモチロン　カイダン　スバラシイ」

　そこでトキは得意そうな顔になる。

　「私知っちょります」
「ようけようけ知っちょります」

　いまこそ、自分が役立てるときが来たとトキは思っているようだ。

　「好きです、大好きです」（怪談のこと）とアピールを続けると、ヘブンは奥の間に招く。

　トキは敷居を跨いで中に入る。ここで敷居をまたぐ足元が強調される。

　これまで何度も、この部屋には掃除や布団のあげさげで入っているとはいえ、主人と女中の関係であった。それがここではじめて、トキの固有の能力を求められて、この部屋に招かれたのだ。ある種、対等な関係。あるいはトキのほうがここでは上になったと言ってもいいかもしれない。

　「カイダン　ネガイマス」とヘブンは大興奮。

　「わたし、怪談、よく知る」「10、20、30知る」とトキも高揚している。なにしろ、これまでは錦織（吉沢亮）のように英語は話せないし、リヨ（北香那）のように財力にものを言わせて寒さ対策もできずにいて、不甲斐ないと感じていたのだろう。ようやく役に立てると張り切っているのがよくわかる。

　トキはフミ（池脇千鶴）に買ってもらった怪談の本を持ってきて、その中から好きな怪談を朗読しようとする。

　ところが、ヘブンは「待つ待つ待つ」「本、見るいけません」と言い出した。Why？
●　「アナタノ言葉デナケレバイケマセン」

　ヘブンは朗読ではなく、「アナタノ話、アナタノ考エ、アナタノ言葉デナケレバイケマセン」と言うのだ。

　「シジミサン、話、考エ、言葉、聞キタイ」「ネガイマス」

　言葉はたどたどしいが、ヘブンは真剣で、それがトキに伝わる。

　「わかりました」とトキが語ることにしたのは、「鳥取の布団」だった。これは元夫の銀二郎（寛一郎）が聞かせてくれたもので、怪談の本には記されていない、とっておきのものなのだろう。

　「では」と目を瞑って、深呼吸するトキは真正面のアップ。

　しばらく間があって、大きな目が開いた。

　が、その目はきょろきょろと左右に動く。もったいぶるなあ。

　トキは立ち上がると、すだれをおろし、襖を閉め、部屋を暗くして、ろうそくを1本ともす。

　「おまたせいたしました」

　トキは日本語で語りだす。自分の言葉で。

　ヘブンがトキに要求したことは、社会調査における質的調査のひとつ、インタビュー調査の方法論であると考えられる。数値化できない個人の背景や感情や意見を引き出していくことだ。ジャーナリストとしてさまざまな土地の体験を記してきたヘブンはこの方法を得意としていたのだろう。

　大雄寺の怪談がひとつしかなかったことはヘブンをがっかりさせたかもしれないが、寺に唯一伝わる怪談であることは、希少性があり、この寺で大切に伝えられてきたことがわかって、それはヘブンを満足させたに違いない。

　『水飴を買う女』は怪談としては有名なもので、知っている人も多いと思う。小泉八雲が聞き書きして残したことで、いまもなお残り続けていると思うと感慨深い。

　大雄寺は『水飴を買う女』にゆかりある墓のある寺として、宍道湖のそばにある島根の観光スポットのひとつである。ちなみに京都にも、飴を買う女性の怪談があってその飴を土産物として売っている（筆者は修学旅行で買った記憶がある）。日本各地に広がっている伝説なのだ。
●　フォトギャラリー 主なシーンより

●　第11週（12月15日〜12月19日） 「カイダン、ネガイマス。」あらすじ

　ヘブン（トミー・バストウ）は金縛りに悩まされていた。トキ（高石あかり）はヘブンにおはらいをすすめる。錦織（吉沢亮）の代わりに、生徒の正木（日高由起刀）がヘブンの通訳として付いていくことになり、トキも帯同する。訪れた大雄寺で、ヘブンは住職から怪談を聞かせてもらい、すっかり怪談に夢中に。作品のラストピースに怪談をまとめたい！もっと聞きたい！と興奮するヘブンに、トキは怪談に詳しいと告げる。

●　連続テレビ小説『ばけばけ』 作品情報

　連続テレビ小説「ばけばけ」。松江の没落士族の娘・小泉セツとラフカディオ・ハーン（小泉八雲）をモデルに、西洋化で急速に時代が移り変わっていく明治日本の中で埋もれていった人々を描きます。「怪談」を愛し、外国人の夫と共に、何気ない日常の日々を歩んでいく夫婦の物語です。
【作】 ふじきみつ彦
【音楽】 牛尾憲輔
【主題歌】 ハンバート ハンバート「笑ったり転んだり」
【出演】高石あかり（「高」の表記は、正確には「はしごだか」）　トミー・バストウ　/　さとうほなみ　円井わん　前原瑞樹　杉田雷麟　日高由起刀　下川恭平　野内まる　/　渡辺江里子　木村美穂　/　吉沢亮　/　岡部たかし　池谷のぶえ　池脇千鶴　朝加真由美　生瀬勝久　伊武雅刀　小日向文世　ほか
【放送】 2025年9月29日（月）から放送開始
木俣 冬",[],[]
「オンライン秒で売り切れました」店舗でみつけたらラッキー！しまむらの“華やかトップス”1枚でも重ね着してもかわいい！「田舎のしまむらにはまだ残ってますよ」「なんとかGETしてきました」（ダイヤモンド・オンライン）,https://news.yahoo.co.jp/articles/1e38ef5ea5915140e7746c7206d83e5f14caa230,https://newsatcl-pctr.c.yimg.jp/t/amd-img/20251216-00379541-diamond-000-1-view.jpg?exp=10800,2025-12-16T17:55:23+09:00,2025-12-16T17:55:23+09:00,ダイヤモンド・オンライン,diamond,ダイヤモンド・オンライン,1969,"写真：ダイヤモンド・オンライン
「明日はなにを着て出かけよう」プチプラを愛する河合さんが、コスパのいいファッションアイテムをご紹介します。
【画像12枚】店舗でみつけたらラッキー！しまむらの“華やかトップス”1枚でも重ね着してもかわいい！
●　しまむらの「華やかトップス」がふんわり暖かくてオシャレ！

　トレンドファッションや雑貨、インテリアをお手頃価格で揃える総合衣料品店「しまむら」。人気キャラクターやインフルエンサーとのコラボ商品も多数展開しています。

　今回レビューするのは「レーステレコトップス」（品番502-1699）です。レース柄のデザインがかわいくて、思わず購入してしまいました！

　価格は1089円（以下、すべて税込）。インフルエンサー田中里奈さんとの新作コラボアイテムです。

　注目度の高いアイテムで、しまむらと田中里奈さんのタイアップ投稿には「レーストップス再販お願いします 店舗に行きましたが買えず...オンラインも買えず...」「また再販か受注してほしいです！！買えなくてショック」「再販お願いします！開店前から並びましたが買えず、、オンラインも一瞬で完売でした」「レースのトップスオンライン秒で売り切れました」「レーステレコ2色なんとかGETしてきました！」「白のレーストップスGETできた 田舎のしまむらにはまだ残ってますよ」といったコメントが寄せられています。

●　ちらりと見えるレースが華やかなデザイン

　レースの袖口とネックが映える長袖のトップスです。薄手なので、これ1枚でも重ね着でも使える万能アイテム！カラーは中白と中黒の2色あり、今回は白を選びました。ほんのりと透け感があってかわいいです。

　首元はハイネックのように襟が立っていて、ヒラヒラとした形のレースが高級感たっぷり。レースの部分は肌がほんのりと見える透け感があり、顔まわりを華やかな印象にしてくれます。

　袖にもレースがあしらわれ、レトロで可憐な雰囲気に。裾や袖元、首元はフリルのように波打ったデザインになっているところもステキです。

　手の甲がまるっと隠れるくらい長さがあるので、萌え袖みたいになってかわいい！

●　ふんわり裏起毛で、あったかインナーにもなってくれます

　素材はポリエステル63％、綿33％、ポリウレタン4％を使用。外側はサラッとした生地感ですが、内側はほんのり裏起毛になっていて暖かいです。

　ふわふわしていて肌当たりが良く、冬のあったかインナー代わりとしても使えます。

　表面はリブ素材で体にフィットした作りです。二の腕や胸のラインを拾ってしまうのが気になりましたが、びよ〜んと伸びるくらい伸縮性があって着心地が楽ちん！

　レースの部分は裏起毛にはなっていませんが、肌が当たってもチクチクすることはありません。丈はお尻にかかるくらい長さで扱いやすく、オシャレさも着心地の良さも叶って嬉しいです。
●　ケアも楽ちんだし、どんなトップスに重ねても映える！

　冬はこれ1枚だと少し寒いので、ニットやスウェットの下に着てレイヤードを楽しむのがおすすめです。

　シンプルなトップスはもちろん、ボーダーなどの柄物のトップスと合わせてもオシャレなアクセントに。カジュアルなトップスを上品な印象に格上げしてくれますよ！

　ちなみにお手入れは、ネットを使用すれば洗濯機で手軽に洗えて楽ちん。実際に洗ってみたところ、シワになりにくいし、乾きも早くてケアが楽ちんでした！これならガンガン着回しが楽しめそうです。

●　秋冬から春までロングシーズン大活躍

　さりげないレースが大人っぽく、カジュアルからきれいめのコーデまで合わせやすいのが魅力。

　ブラウンのゆったりニットとグレーのワイドパンツと合わせたダークな着こなしも、ちらりと見えるレースのおかげで抜け感が出てオシャレ！

　また、ノースリーブワンピースと合わせたコーデにも好相性。きちんと感のあるスタイルに、レースのエレガントがプラスされてかわいらしい印象になります。

　デニムと合わせるだけでも、かわいく決まって万能！薄手だからロングシーズン着回しでき、春までヘビロテが止まらなくなりそうです。

●　楽ちんトップスといえば、ユニクロの「リブハイネックT/長袖」もおすすめ

　価格は1990円。全体が細いリブ素材の、シンプルな無地トップスです。細身なシルエットですが、ピタッとしすぎずふんわり上半身を包み込んでくれるような着心地です。

　腰まわりはゆったりしていて、ぽっこりお腹もカバーできますよ。保温性も高く、冬コーデのスタメンになりそう。お出かけだけでなく仕事着としても使えて、毎日着たくなってしまいます！
プチプラ大好き河合さん",[],[]
トレンド感たっぷりで可愛い！2025年にニコアンドで買ってよかった「おしゃれアイテム」4選（ダイヤモンド・オンライン）,https://news.yahoo.co.jp/articles/cd61772b92f33dcc00cddbd3ca304910068f9916,https://newsatcl-pctr.c.yimg.jp/t/amd-img/20251216-00374646-diamond-000-1-view.jpg?exp=10800,2025-12-16T16:40:25+09:00,2025-12-16T16:40:25+09:00,ダイヤモンド・オンライン,diamond,ダイヤモンド・オンライン,1743,"写真：ダイヤモンド・オンライン
2025年にニコアンドで買ってよかった「おしゃれアイテム」をご紹介します。バッグや財布など、実際に使用してわかったおすすめポイントをまとめました。
【画像8枚】2025年にニコアンドで買ってよかった「おしゃれアイテム」4選
※価格はすべて税込み。価格が変動している場合や、在庫切れしている場合、期間限定のため販売を終了している場合があります。

●　オリジナル細コードショルダー巾着バッグN

　価格は2970円。フロントポケット付きのコンパクトなショルダーバッグです。スマホが入るくらいの大きさで、スマホショルダーとしてぴったり！巾着タイプなのでクシュッとした見た目がオシャレです。

　カラーによって素材が異なるようで、選んだシルバーは光沢感のあるシャカシャカとした触り心地。そしてショルダーストラップがミントグリーンになっているところも魅力。バイカラーなデザインが個性的でお気に入りです！

　選んだシルバーは「ちょっと派手かな？」と思いましたが、スウェットとデニムといったシンプルなコーデに合わせるだけで、華やかなアクセントに！一気に垢抜けた印象になります。

　ドローコードが持ち手代わりになってくれるから、そのまま手で持っててもオシャレ。外したショルダーストラップは、スマホケースなどに付け替えて楽しむこともできますよ。

　普段使いはもちろん、フェスや旅行など幅広いシーンで活躍してくれそうです！

●　オリジナルストラップ付きミニ財布

　価格は2500円。サイズは（約）縦7.2×横11.5×厚み1.5cmで、片手で持てる大きさとなっています。

　緑のカラーがキレイで秋冬コーデにも合わせやすそう。フチが白になっていて、緑と白のコントラストがオシャレです。

　たすきがけすると、両手が空いて身軽に動けました。財布を落としたり、置き忘れたりする心配も減って安心です。

　キレイな緑色がコーデのワンポイントになってくれました。ストラップを外すと、一般的なのミニ財布のようにバッグやポケットなどに入れられます。コンパクトなので、小さめのバッグにも入れやすいですよ。
●　プレミアムローンフリルチュニック

　価格は8000円。動くたびにふんわり動くシルエットがかわいらしいチュニックです。肩から胸にかけて大きなフリルがあしらわれ、すぽんと着るだけで華やかなデザイン。

　Vネックなので顔まわりをスッキリ見せてくれるのもポイント。首元のラインはギャザーが入っていて、動きのあるフリルと好相性です。

　カラーはチャコール（無地）、グリーン（花柄）、ネイビー（花柄）の3色展開で、こちらの色はチャコールです。ブラウンとグレーの中間のような色味です。

　華やかなデザインなので、あえてボトムスはデニムやカーゴパンツなどカジュアルなアイテムを合わせた甘辛ミックスコーデが今っぽくておすすめ。

　フリーサイズのみの展開ですが、着丈が84.5cmと長めになっています。気になるお腹やお尻、太ももまでばっちり隠せるのが嬉しい。背中側にもフリルが続いているから、後ろ姿までかわいいですよ！

　七分袖なので今から秋までロングシーズン着用できるのもいいですね。袖口にはゴムが入っているから、洗い物などの家事がしやすいのもよかったです。

●　オリジナルメッシュ2WAYナップサック

　価格は3990円。子どもの頃によく使っていたナップサックですが、最近は再びトレンドアイテムとして注目されていますよね。

　ニコアンドの「オリジナルメッシュ2WAYナップサック」は、リュックのように見えるデザインで大人カジュアルに持てるのが魅力です。

　シンプルなデザインなのでどんなスタイルにも合わせやすいですが、オーバーサイズのメンズライクなファッションと合わせるとトレンド感がアップ！

　13インチPCやA4サイズの書類などが楽に入るサイズ感で、普段使いから通勤・通学などの幅広いシーンにおすすめです。

　ニコアンドの中でもお手頃価格ですし、リュックとナップサックのいいとこ取りをしたようなまさに理想的なアイテムだと思います！
プチプラ大好き河合さん",[],[]
「うますぎて悶絶」サイゼリヤの“ちょい足しアレンジ”が衝撃的なおいしさ！「激うますぎて吹っ飛んだ」「全国民するべき」（ダイヤモンド・オンライン）,https://news.yahoo.co.jp/articles/5774a9475a510b70195252af49e52c7a0990cb8c,https://newsatcl-pctr.c.yimg.jp/t/amd-img/20251216-00379259-diamond-000-1-view.jpg?exp=10800,2025-12-16T16:15:32+09:00,2025-12-16T16:15:32+09:00,ダイヤモンド・オンライン,diamond,ダイヤモンド・オンライン,2176,"写真：ダイヤモンド・オンライン
「今日のランチはなにを食べよう？」お昼休憩のランチに命をかけているサラリーマンの山盛くんが、おいしくてコスパのいいメニューをご紹介します。
【画像12枚】SNSで話題！サイゼリヤの“ちょい足しアレンジ”が衝撃的なおいしさでした！
●　サイゼリヤの「人気ピザ」をアレンジしたら、絶品でした！

　1967年に千葉県市川市で創業して以来、本格的なイタリア料理を驚きの低価格で提供し続ける「サイゼリヤ」。「ミラノ風ドリア」をはじめ、パスタ、ピザなど、豊富なメニューが魅力です。

　今回は、SNSでじわじわと話題になっている、サイドメニューを使った「ピザアレンジ」をご紹介します。

　アレンジするために注文したピザは「バッファローモッツァレラのマルゲリータピザ」価格は400円（以下、すべて税込）です。

●　「ビスマルク風アレンジ」というのが、とにかく「おいしい」らしい

　ふとSNSを眺めていた時に見かけたこのアレンジ。実際に試した方々は「めちゃくちゃおいしかったので全国民するべき」「激うますぎて吹っ飛んだ」「うますぎて悶絶」「これかなりいい線いってる。うますぎ」「ホントに美味しかったのでオススメです」と投稿していました。

　文章と共に投稿されている写真はどれもとってもおいしそうで、調べれば調べるほどどんどん気になる！

　これは実際に自分で試すしかない！と思い、わくわくしながらサイゼへ向かいました。

●　トマトソース+チーズだけのシンプルなピザ

　バッファローモッツァレラのマルゲリータピザは、体感で直径20cmくらい。生地が薄めで、1人でも食べられるくらいの少し小ぶりなサイズです。

　生地にトマトソースが薄く塗られていて、その上にチーズがトッピングされています。

　チーズ以外の具材が無く、まさに「好きにアレンジしてくれ」とサイゼが言っているかのようなピザです。
●　早速、アレンジをしていきます！

　アレンジに必要なものは2つ、「ハモン・セラーノ（320円）」と「トッピング半熟卵（50円）」です。ハモン・セラーノは、日本でも人気がある、スペイン産生ハムの一種です。

　まずはハモン・セラーノをそっと剥がし、ピザの上にのせていきます。ピザのどこを食べてもハモン・セラーノを楽しめるよう、なるべく重ならないように広げてのせてみました。

　ハモン・セラーノをのせたあと、ピザの中央に半熟卵をそっとトッピングしたら「ビスマルク風ピザ」の完成です。

　なんだか街中にある小さなイタリアンレストランとかで出てきそうなリッチなビジュアルに、思わずテンションが上がります！

●　チーズのスッキリ感とハモン・セラーノの塩気のバランスが良くて、お酒が欲しくなる味

　ピザにトッピングされているモッツァレラチーズは、ほんのり酸味があってスッキリと淡白な味わい。

　ハモン・セラーノの塩気がこの淡白な味わいにとてもよくマッチしていておいしいです！

　噛み締めるたびにハモン・セラーノの旨味と塩気が口いっぱいに広がりますが、半熟卵がのっていることでコクがプラスされ、塩気が少しマイルドになりますよ。

　さらにアレンジを加えたい時は、ご自由にご利用くださいのコーナーにあるブラックペッパーやオリーブオイルを足すのもおすすめです。

●　ピザ生地が薄めでパリッとしているのもおいしい！

　特にこんがりと焼き目のついたフチの部分がとっても香ばしいです。ピザ生地は薄めの方が好きな私にはたまりません。

　ただ、薄い分持った時にしんなりしやすく、気を付けないと白身が滑り落ちてしまいそうになります。

　卵を崩した後に軽く広げてから食べると、持った時に白身が滑り落ちにくくなり、白身と黄味がバランス良く味わえますよ。
●　いつもよりちょっと贅沢に楽しみたい時におすすめです！

　このピザアレンジにかかった合計金額は770円。サイゼのピザとして考えるとちょっぴりお高めですが、贅沢感もあって「またやりたい！」と思えるアレンジでした。

　おいしいのはもちろんですが、なんといっても作っている時がとっても楽しい！こういったアレンジが気軽に楽しめることこそが、他のファミレスにはないサイゼならではの魅力です。

　ワインを片手に家族や友達とみんなでワイワイしながらこのピザを食べるのも楽しいだろうなと思いました。

●　ロイヤルホストの「モーニングビーフジャワカレー」も贅沢感がすごいんです

　価格は単品1133円。運ばれてきた瞬間、豪華な見た目に驚きました。ライスとルーが別の容器に盛られていて、まるでホテルのレストランで提供される一皿みたいにゴージャスな雰囲気です。

　カレールーは魔法のランプのような銀色の器にたっぷり入っていて、自分でライスにかけるスタイルになっています。

　ひと口食べた瞬間、フルーティーな甘さとコクがぶわっと広がり、直後にスパイスの辛さがやってきました。まるで熟した果物のようなトロピカルな風味がして、驚きです。

　味わい深い甘さとコク、ヒリヒリする辛さのバランスが絶妙で、たまらないおいしさ。ひき肉がゴロゴロ入っていて、肉肉しく食べ応えがありますよ。
ランチ命の山盛くん",[],[]
「牛丼と言えばすき家」の時代になった！創業者が語る、吉野家との決定的な違い（ダイヤモンド・オンライン）,https://news.yahoo.co.jp/articles/b99663cd9bb13b9b7016d82ccfbf5b374e91dd9b,https://newsatcl-pctr.c.yimg.jp/t/amd-img/20251216-00379417-diamond-000-2-view.jpg?exp=10800,2025-12-16T11:00:31+09:00,2025-12-16T13:50:25+09:00,ダイヤモンド・オンライン,diamond,ダイヤモンド・オンライン,3677,"Photo:DIAMOND
平成の時代、「牛丼と言えば、吉野家」と言う人が多かっただろう。しかし今や時代は変わり、圧倒的に「すき家」が店舗数を増やし、覇権を握っている。さらに、すき家はこの物価高の今年9月に牛丼並盛を30円値下げした。なぜ、吉野家と差をつけることができたのか。（イトモス研究所所長　小倉健一）
【画像】自信に満ちあるれている表情…ゼンショー創業者の小川賢太郎氏
●　物価高なのに、すき家がまさかの値下げ！なぜできた？

　街を歩けば、赤と黄色の看板が目に入る頻度が圧倒的に増えたことに気づくだろうか。

　2025年、日本の食卓を支える「牛丼」という国民食の勢力図は、かつてないほど鮮明な形となっている。かつて業界の王者として君臨した吉野家に対し、後発であったすき家が、店舗数、売り上げ、そしてビジネスモデルの強靭さにおいて、完全に突き放す形となったからだ。

　特に衝撃的だったのは、原材料費や人件費が高騰し、物価が上がり続けるインフレの時代に、すき家が今年9月に敢行した「値下げ」である。

　牛丼並盛を480円から450円にするという決断は、単に消費者の財布を助けるだけでなく、ライバルである吉野家との決定的な「基礎体力」の差をまざまざと見せつけることになった。

　吉野家が品質やブランドを守るために価格を維持、あるいは値上げせざるを得ない一方で、すき家を運営するゼンショーホールディングス（以下、ゼンショー）は、値下げ攻勢に出てもなお利益を出せる強固な仕組みを完成させている。

　これは単なる安売り競争の結果ではない。創業者が抱き続けた、ある「強烈な思想」が、数十年の時を経て結実した姿なのである。

　ビジネスの世界では、規模の大きさはそのまま力の強さになる。ゼンショーは国内の外食企業として初めて売上高1兆円を超え、すき家だけでなく、回転寿司の「はま寿司」やファミリーレストラン「ココス」など多様な業態を束ねる巨大企業となった。

　一方の吉野家は、依然として牛丼事業への依存度が高く、企業規模ではゼンショーの7分の1程度にとどまる。店舗数を見ても、国内ですき家は約2000店に迫る勢いだが、吉野家は約1300店ほどだ。シェアにして倍近いの開きがあるこの差は、もはや逆転不可能なレベルに達していると言っていい。

　なぜ、これほどの差がついたのか。
●　吉野家が作り上げた牛丼屋のイメージを、もっと広げた

　それを解く鍵は、ゼンショーの創業者である小川賢太郎氏という人物の、若き日の体験にある。

　時計の針を1968年に戻そう。

　小川氏は東京大学に入学すると同時に、当時の学生運動、いわゆる全共闘運動に身を投じた。

　社会主義革命を目指し、世界から貧困と飢えをなくそうと本気で考えていた青年だったという。資本主義が生み出す格差に怒り、すべての人が平等に満たされる世界を夢見ていた。

　しかし、運動は終わりを迎える。それでも、小川氏の胸の中にあった「飢えをなくしたい」という情熱の炎は消えなかった。

　革命家を志した青年が次に選んだ戦場は、政治の世界ではなく、ビジネスの世界だった。港湾労働などを経て、弁当屋からスタートし、やがて牛丼というファーストフードにたどり着く。

　ここで極めて興味深いのは、小川氏が牛丼を「日本の伝統食」あるいは「職人の味」とは捉えず、「世界中どこでも、誰でも食べられる食事」として、その定義を根本から書き換えたことだ。

　かつて吉野家が作り上げた牛丼屋のイメージは、駅前で忙しいサラリーマンがカウンターで急いでかっこむ、いわば「男の食事」だった。「うまい、やすい、はやい」を掲げ、築地市場の職人たちを唸らせたその味は、確かに一つの完成された文化だった。

　しかし、小川氏は違った。牛丼にはもっと広い可能性があると見抜いていたのである。その視点の鋭さを物語る言葉が、2014年の東洋経済オンラインのインタビューに残されている。
●　マクドナルドのシステムごと牛丼に「移植」した！

　2014年の東洋経済オンラインの記事『これがゼンショー流の成り上がり術だ』によると、小川氏は次のように語っている。

　《僕の基本認識は、さっき言ったように、牛丼というのは米国のハンバーガー、だけど、吉野家というイメージが男の食い物で、駅前でカッカカッカって食べると、こうしみ付いているけど、牛丼という商品は……。》

《米国のハンバーガーというのは何かって言ったら、郊外でもショッピングセンターでもダウンタウンも、いろんなところにあって、家族もカップルも年寄りも子供も、そして男もサラリーマンも食べている。僕は米国におけるハンバーガーポジションだと言った意味は深くて、日本でもっと普遍性のあるベーシック商品だろうという認識をした》

《吉野家よりももっと広い客層、広いTPOが取れるはずだという考えだったから、それはやろうということで、初めからテーブル席で始めたんですよ》

　この「牛丼＝ハンバーガー」という発見こそが、勝敗を分けた分水嶺だった。

　小川氏が見ていたのは、単に「パンに肉を挟むか、ご飯に肉を乗せるか」という食品形状の違いではない。マクドナルドが世界を制覇した「システムそのもの」を、牛丼に移植しようとしたのだ。

　ハンバーガーショップには、家族連れもいれば、カップルもいる。お年寄りも子どももいる。ならば牛丼屋もそうあるべきだ。そう考えたすき家は、最初からテーブル席を用意し、メニューを多様化させ、郊外のロードサイドに店を出した。

　これによって、これまで吉野家が取りこぼしていた「女性」や「家族」という巨大な客層をごっそりと取り込むことに成功したのである。

　そして、この「マクドナルドを模倣する」という戦略が、低価格と高品質を維持しながら成長を続ける上で「唯一の正解」であったことが、近年の学術研究によっても裏付けられている。
●　マクドナルドの勝ちパターンが牛丼業界に持ち込まれた

　2023年に発表された、ヴァネッサ・ニコール・セティアワンとレナ・エリタンによる論文『サプライチェーン・マネジメントとサプライチェーン・パフォーマンス：マクドナルドの事例』では、マクドナルドの強さの源泉について以下のように結論づけている。

　《マクドナルドは製品の供給源を管理するために垂直統合を用いている。この垂直統合戦略の活用こそが、マクドナルドを世界で最も手頃なファストフード企業の一つにしている主要因である》
※垂直統合とは、原材料から販売までの流れを自社が統合的に管理すること。

　《組織の規模が巨大であるため『規模の経済』が可能となり、その結果、レストラン向けの食材の生産および購入コストが低減される》

　論文が指摘するように、マクドナルドの本質的な強さは、店舗運営の上手さだけにあるのではない。原材料の生産から加工、物流、そして店舗での提供に至るまでのすべてを自社の管理下に置く「垂直統合」と、それによって生じる圧倒的な「規模の経済」にある。

　小川氏は、このマクドナルドの「勝ちパターン」を牛丼業界に持ち込んだのだ。

●　すき家が涼しい顔で「値下げ」できたワケ

　さらに彼のすごさは、理想を実現するための手段として、資本主義のルールを誰よりも徹底的に利用した点にある。

　世界から貧困をなくすためには、安くておいしい食事を大量に供給しなければならない。そのためには、商社や卸売業者に頼る既存の流通システムでは限界がある。だからこそ、ゼンショーは「マス・マーチャンダイジング（MMD）」と呼ばれる独自のシステムを築き上げた。

　これは、原材料の調達から製造、加工、物流、店舗販売までを一貫して自社で企画・設計・運営する仕組みである。まさに前述の論文がマクドナルドの勝因として挙げた「垂直統合」そのものだ。

　世界中から食材を大量に買い付け、自社工場で加工し、独自の物流網で配送する。中間マージンを徹底的に排除し、規模の力で原価を下げる。この仕組みがあるからこそ、他社が悲鳴を上げるようなコスト高の局面でも、すき家は涼しい顔で「値下げ」というカードを切ることができるのだ。

　かつて社会主義を志した男が、資本主義の競争原理の中で誰よりも強い勝者となり、その力を使って「安価な食事」というインフラを社会に提供している――。

　これはある種の皮肉にも見えるが、見方を変えれば、若き日の理想をビジネスという現実的な手段で達成したとも言えるだろう。

　現在、吉野家はすき家の背中を追うように、テーブル席を増やし、家族向けの店舗作りを進めている。かつて「二番煎じ」と揶揄されたすき家のモデルを、今度は老舗である吉野家が“真似”しているのだ。

　これは、小川賢太郎氏が描いた設計図がいかに正しく、未来的であったかという何よりの証明である。
小倉健一",[],[]
仕事の環境変化を「楽しめる人」と「嘆く人」の決定的な違い【脳研究者・池谷裕二氏が教える】（ダイヤモンド・オンライン）,https://news.yahoo.co.jp/articles/5a8dbddac01ded4c9c8afdc883edf8a0a545051b,https://newsatcl-pctr.c.yimg.jp/t/amd-img/20251216-00378134-diamond-000-1-view.jpg?exp=10800,2025-12-16T11:00:31+09:00,2025-12-16T11:00:31+09:00,ダイヤモンド・オンライン,diamond,ダイヤモンド・オンライン,4155,"池谷裕二氏
＊本稿は、現在発売中の紙媒体（雑誌）「息子・娘を入れたい会社2026」の「INTERVIEW『新しい時代』の生き方、働き方」に掲載したインタビューの完全版（前編）です。 
　脳研究の最前線を走り続ける脳研究者・池谷裕二氏。就活生とその保護者へのアドバイスとして、脳の特性から考える仕事選びの方法を聞いた。『息子・娘を入れたい会社2026』本誌には掲載しきれなかったエピソードを含めたロングインタビューを3回にわけてお届けする。（取材・文/奥田由意、撮影/平野晋子）
【この記事の画像を見る】
●　長く楽しく続けられる仕事を どう探していけばいいのか

　――脳の特性から考えると、就活生が仕事を楽しく長く続けていくためには、どのような考え方が重要でしょうか。

　人によって何を楽しいと思うかは違うため、一概には言えませんが、最も重要なのは脳の可塑性（物が力を加えて変形した際に、その形が元に戻らずに維持される性質）という特性を理解することです。

　脳には経験を積むことで価値観そのものが変化するという性質があります。今価値があると思っていることに、5年後の自分はほとんど価値を感じなくなるかもしれない。これは決して悪いことではなく、むしろ自分が成長し視野が広がった証拠です。

　ですから、現在の価値観に縛られすぎないこと、そして、今の評価に「保留をつける」姿勢を身につけることがきわめて重要だと思います。今の楽しさにのめり込みつつも、「今、これが楽しいけれど、10年後は別のことを楽しいと思っているかもしれない」という変化の可能性を受け入れる余地を持つ。

　長期的な視点で自分を俯瞰して、「メタ（高次）な視点」で自分にとっての楽しさを考えてみるのです。

　――就活では、なんとしても第一希望の会社に入りたいと焦ったり、そこに落ちたら即、第二希望に切り替えて、準備に追われるたりするなど、目の前のことにとらわれがちです。

　身もふたもないことを言えば、今の時代、最後まで同じ会社に勤め続ける人はそうそう多くはありません。

　それならば、あまり「今、ここ」だけにとらわれず、価値観が変化することを前提に、将来もっと輝いている自分、新しい価値観を見つけて成長している自分を想像しながら、仕事選びを考えるほうがはるかに建設的です。
――確かに、仕事というものには、実際にやってみないとその面白さや、それが自分に合っているかといったことがわからない面もありますね。

　確かにそういう面はあります。しかし、では、やってみて楽しくなかったとして、それが本当に楽しくないかどうかは実は判断できない。というのも、私たち自身が絶えず変化し続けているからです。

　将来、今より多様な視点を得られた自分なら、それが楽しいと思える可能性だってある。

　人は経験を積み、視点が増えると、以前は楽しいと思えなかったことが楽しく感じられるようになります。楽しくないからといってすぐに辞めてしまった会社が、実は将来的には自分に最適だったという可能性もある（笑）。

　20代では見えなかった仕事の意味や価値が、30代、40代になると見えて来たり、若いときには単調で退屈に思えた業務が、経験を積むことで深い意味を持って感じられたりするようになる。

　このような成長プロセス自体を楽しめるようになることが、長期的なキャリア形成においては重要だと思いますね。だからこそ、目先の楽しさだけで判断するのではなく、将来の自分が今とは違う価値観を持つ可能性を常に念頭に置いてほしいのです。

●　生成AIによってなくなる仕事 なくならない仕事とは何か

　――自分が変わることもあるし、仕事の内容も、生成AIの浸透などで近年はめまぐるしく変わっていますね。

　生成AIの登場で、就活のやり方はもちろんのこと、入社後の仕事のあり方も根本的に変化しています。2013年に、オックスフォード大学のマイケル・オズボーン教授らが、その時点で存在していた職業の47％が人工知能やロボットで代替可能と試算した論文を発表し、物議をかもしたことがありました。

※Frey, C. B., ＆ Osborne, M. A. (2013). The future of employment: How susceptible are jobs to computerisation? Oxford Martin School, University of Oxford. Retrieved from
https://www.oxfordmartin.ox.ac.uk/downloads/academic/The_Future_of_Employment.pdf
アメリカの702職種について、自動化（AI・ロボット・アルゴリズム）による代替可能性を定量的に推計した。代替リスクが高い例として、電話オペレーター、銀行の窓口係、レジ係、事務補助、タクシードライバー、製造ライン作業など、代替リスクが低い例として、医師、教師、作家、経営者、心理学者、ソーシャルワーカー、クリエイティブ職（芸術家やデザイナー）などが挙げられている。
それから10年以上が経ち、代替可能性が低いと言われた私自身の大学教員という仕事について考えてみると、職業そのものは確かになくなっていませんが、10年、15年前の仕事と現在のそれは全く違うものになっている。

　あの頃の大学教員の仕事の一部は、もはやなくなったと言っても過言ではありません。

　これはなにも教員の業務に限った話ではありません。多くの職業は、名称としては同じでも実際に行う仕事の中身が大きく変化したり、場合によってはなくなったりしています。

　ですから、過去の資料や先輩の体験談を参考にして会社に入ったり、憧れていた職業に就いたりしても、「こんなはずじゃなかった」という事態は往々にして起こりうる。

　「この会社がいい」「この仕事が楽しそう」という今の情報に基づいた判断でさえ、入社する頃にはさらに仕事の中身は変わっていて意味を失うことになるのです。

　特定の会社や職業に固執せず、「仕事内容は必ず変わる」というダイナミクスを理解する。

　その前提を持っていれば、入社後に環境が変わっても柔軟に受け止められますし、前向きにキャリアを積みやすくなります。

●　長期的な幸せを求めるために 考えるべき2種類の快楽

　――就活生にとって、長期的な視野で仕事の楽しさや充実度を考えるのはなかなか難しいことではないでしょうか。

　それを考えるヒントになる概念があります。アリストテレスの哲学では、幸せや快楽には「ヘドニック」と「ユーダイモニック」という根本的に異なる2つの種類があると解釈されています。

　ヘドニックとは陶酔的で即物的な快楽のことで、「このハンバーグが美味しい！」「この子猫、かわいい！」といった感覚的で短期的な喜びを指します。

　美味しいものを食べたい、旅行に行きたい、ゲームに没頭したいといった現世的な欲求に関係しています。こうした感覚をもたらすものは、確かに人生を豊かにする要素のひとつですが、その楽しさ、快楽の多くは一過性で持続しないものです。
一方、ユーダイモニックとは、表面的な快楽ではなく、持続的で、自分の存在意義や人生の目的に関わる、生きがいや深い充実をもたらす満足感、幸せを指します。人の役に立っている実感、仕事のやりがい、自己実現、社会貢献といったものが挙げられるでしょう。

　どちらも人間にとって大切ですが、就活やキャリア形成を考えるうえでは、この違いを意識することが重要です。

　特に若い世代、就活をする年代の人々は、前者のヘドニックな快楽を重視するものです。「給料が高い方がいい」「有名な会社がいい」「旅行や趣味に使える時間が多い方がいい」といった基準で職場を選びがちです。しかし短期的な快楽は長続きしません。

　それに対してユーダイモニックな幸福は、時間をかけて積み重ねることで深まります。誰かに感謝されたり、社会に役立っていると実感できたりした瞬間は、ささやかなものであっても、長期的には仕事を続ける原動力になります。

　両者のバランスを意識して楽しさや幸せを追求することが、キャリアを長く楽しむための基盤になると思いますね。

●　ユーダイモニックな視点を養うために 求められる3つの視点とは

　――ユーダイモニックな視点はどうすれば養えるのでしょうか。

　ユーダイモニック――ウェルビーイングという言い方が一般的ですが――については、心理学、哲学、脳科学の分野で広範囲な研究が行われていますが、研究者の間では、次の3つの要素が共通の基盤となっています。

　第一は「自律性」です。これは必ずしも他人からの独立を意味するわけではなく、自己決定権を持っているかどうかということです。自分で物事を決められる、積極的に関与できること。他人に言われたからという受け身ではなく、主体的に仕事に取り組める状況をつくることが大切です。

　第二は「コンピテンス」、つまり有能性です。頭が良いとか能力が高いというより、「やれば自分はできる」という手応えや実感のことです。

　レベルの高低に関わらず、自分なりにその場で有効なことができている、この仕事は役に立っているという肯定的な自己認識を持てること。自分の長所も短所も含めて受け入れながら、それを次の成長につなげていく力とも言えるでしょう。

　第三は「関係性」です。孤立せず、他人や社会とつながっているという感覚です。友人や上司といった個人的な関係だけでなく、自分の仕事が社会や人々の役に立っていると思えるかどうか、という広い意味での関係性です。

　この3つだけでいいと考えればとてもシンプルで明快だと思いませんか。目の前のおいしいハンバーグや可愛い子猫が、なぜユーダイモニックではないかというと、この3つが欠けているからですよね。

　＊中編は12月17日公開です。お楽しみに！
奥田由意",[],[]
赤ちゃんのほうから抱っこされにやってきた！人に好かれる方法（ダイヤモンド・オンライン）,https://news.yahoo.co.jp/articles/34db6765f6db5193f8bf4e56dadc569684416cb3,https://newsatcl-pctr.c.yimg.jp/t/amd-img/20251216-00378434-diamond-000-1-view.jpg?exp=10800,2025-12-16T09:00:35+09:00,2025-12-16T09:00:35+09:00,ダイヤモンド・オンライン,diamond,ダイヤモンド・オンライン,6672,"写真はイメージです　Photo:PIXTA
人に好かれるにはどうすればいいのか。鍵になるのは「同期化」だ。特別なスキルは不要で、意識するだけで相手からの好意や信頼を引き出せる。実際、赤ちゃんに試してみると、みるみるうちに抱っこをおねだりされるのだ。心理学が実証する「同期化」の力に迫る。※本稿は、ブリストル大学心理科学部発達心理学教授のブルース・フッド著、櫻井祐子訳『LIFE UNIVERSITY もし大学教授がよい人生を教えたら』（サンマーク出版）の一部を抜粋・編集したものです。
【この記事の画像を見る】
●　ぼっち飯よりみんなで食べる ご飯のほうがおいしい

　人と経験を共有すると、楽しみが何倍にもなる。

　音楽であれ、スポーツや遊びであれ、何かを誰かと一緒にやると、1人でやるよりもずっと楽しい。

　ある研究で、参加者にチョコレートの味を評価してもらったところ、周りの人と一緒にチョコレートを食べたほうが、周りの人が雑誌を読むなど別の活動をしていた場合に比べて、よりおいしく感じられた（注1）。

　共同活動は、とくに「同期運動」――ダンスなどのように動きを合わせること――を伴うと、さらに楽しみが増し、やりがいも高まる。不快な経験でさえ、人と一緒にやると耐えやすくなる。

　ボート選手は、同期トレーニングをする時のほうが、1人でトレーニングする時よりも強い痛みに耐えられることがわかっている（注2）。

　有意義な社会的交流を図るためには、他者の言動に注意を払い、適切なタイミングで反応する必要がある。デートであれ、普通の会話であれ、相手と動きを合わせなくてはならない。動きが合わないと、なんだかしっくりこない。

　（注1）Boothby, E. J., Clark, M. S. and Bargh, J. A. （2014）, ‘Shared experiences are amplified’, Psychological Science, 25（12）, pp. 2209-16.
（注2）Sullivan, P. and Rickers, K. （2012）, ‘The effect of behavioral synchrony in groups of teammates and strangers’, International Journal of Sport Exercise and Psychology, 11（3）, pp. 286-91.
●　波長が合わない人との会話は なんだかしっくりこない

　最近のコロナ禍でのロックダウン中に多くの人が痛感したように、ビデオ会議の難点の1つは、タイミング遅延や不具合のせいで通信が頻繁に中断され、会話がぎこちなくなることだ（注3）。

　社会的交流を促す非言語コミュニケーションも、人間が敏感に感じ取る、協調的・同期的なシグナルを多用する。たとえ意識していなくても、相手と動きが合わないと、何かが欠けているような気がする。ワクワクする感じがなく、なんだかしっくりこないのだ。

　そんな状態を、「波長が合わない」と言う。

　古くから同期運動は、社会的つながり感を促す重要な要素として、詠唱や歌、ダンス、ドラムなどのかたちで楽しまれてきた。息の合った動きは、個々人の動きを足し合わせたよりも、ずっと大きく意義深いものに感じられる。

　だからこそ同期運動は、重要な儀式のほとんどに含まれるのだ（注4）。それは文化を問わず、あらゆる儀式の中心にある。

　音楽表現は、人と行う最古の文化活動の1つだ。最古の楽器は、現生人類の近縁種であるネアンデルタール人が、6万年前に骨でつくったフルートだ。

　インド中部のビームベートカーの岩陰遺跡にある、約1万年前の最古の壁画には、踊る人々が描かれている。

●　人に合わせて体を動かすだけで 相手からの好意を引き出せる

　赤ちゃんでさえ、人に合わせて体を動かすことを好む。

　ある研究で、14カ月の赤ちゃんは、ビートルズの曲「ツイスト・アンド・シャウト」と動きが合っていない大人よりも、曲に合わせて動く大人に抱っこされることを喜んだ。

　また、ダンスが終わって、大人が「ついうっかり」ものを落とすと、大人と音楽に合わせて跳ねた赤ちゃんのほうが、大人を助けるようなそぶりを見せることが多かった（注5）。

　（注3）‘Overcoming the challenges of effective communication during video meetings’, Hyperia, 16 August 2021, https://hyperia.net/blog/overcoming-the-challenges-of-effective-communication-during-video-meetings （アクセス確認：2023年9月28日）
（注4）Jackson, J . C ., Jong, J ., Bilkey, D . et al. （2018）, ‘Synchrony and physiological arousal increasecohesion and cooperation in large naturalistic groups’, Scientific Reports, 8, article 127, https://doi.org/10.1038/s41598-017-18023-4 （アクセス確認：2023年9月28日）
（注5）Cirelli, L. K., Einarson, K. M. and Trainor, L. J. （2014）, ‘Interpersonal synchrony increases prosocial behavior in infants’, Developmental Science, 17（6）, pp. 1003-11.
赤ちゃんと養育者は、歌を歌ったり、手を叩いたり、踊ったり、跳ね回ったりといった、音を伴う活動を一緒にすることが多い。

　こうした活動には、向社会的行動を積極的に促す効果があるため、幼児期のこのような経験は、その後の発達の土台となる。

　また、人と一緒に行動すると、より寛大になることもわかっている。

　大人を対象とした研究で、一方の群はヘッドホンから流れる同じメトロノームの音に合わせてみんなで一緒に体を動かし、もう一方の群は別々のメトロノームの音に合わせて別々に動いた（注6）。

　続いて、共同資金に最大で5ドルまで寄付できるゲームをしたところ、体の動きを合わせようと努力した群のほうが、集団のためにより気前よく献金し、集団のメンバーにより親しみを感じた。

　最大額の5ドルを寄付した人は、同期群では半数に上ったのに対し、非同期群では5人に1人だった。

●　もらい泣きやつられ笑いは 相手との同期化の一種

　人と動きを合わせると、気分がいい。だから、懇親会やダンス、音楽、儀式、パフォーマンスといった、人間特有の活動に参加すると、幸福度が高まる。

　注目すべきことに、同期化は身体動作だけでなく、脳活動にも生じる。たとえば、感情を掻き立てる映画を一緒に見ている人たちの脳内では、神経細胞の同期発火（編集部注/複数の神経細胞が、ほぼ同時に活動する現象。相手の発する情報に反応してシンクロするときなどに起きる）が見られる。

　このことから、感情に人と人を結びつける働きがあることがわかる（注7）。音叉と共鳴するギターの弦のように、人間の脳も互いに共鳴するのだ。

　同期化の度合いは、共通理解の度合いを示す指標でもある。

　プリンストン大学の神経科学者ウリ・ハッソンは、誰かの話を聞いている人の脳をfMRIでスキャンした（注8）。

　（注6）Reddish, P ., Fischer, R . and Bulbulia, J . （2013）, ‘Let’s dance together: synchrony, shared intentionality, and cooperation’, PLOS ONE, 8（8）, e71182, https://journals.plos.org/plosone/article?id=10.1371/journal.pone.0071182（アクセス確認：2023年9月28日）
（注7）Nummenmaa, L. et al. （2012）, ‘Emotions promote social interaction by synchronizing brain activity across individuals’, Proceedings of the National Academy of Sciences, 109（24）, pp. 9959-604.
（注8）Stephens, G. J., Sibert, L. J. and Hasson, U. （2010）, ‘Speaker-listener neural coupling underlies successful communication’, Proceedings of the National Academy of Sciences, 107（32）, pp. 14425-30.
そして、語り手が言葉を発する瞬間と、聞き手がその言葉を理解した瞬間の時間遅延を調整したところ、まるで両者の脳が互いを理解し合うために協力しているかのような、同期的な神経結合が見られた。

　次に、語り手の話を加工して意味不明な音の集まりに変えると、同期化は消失した。語り手が、ロシア語を介さない聞き手にロシア語で話した時も、神経結合は見られなかった。

　また、語り手と聞き手が英語で意思疎通を図った場合、神経結合の範囲が広いほど、聞き手の理解度が高かった――個々の単語だけでなく、全体の意味もよく理解していた。

●　共同活動は脳内麻薬を分泌させ ストレスホルモンも抑制する

　なぜ人間は同期化された社会的やりとりを好むのだろう？

　音楽やダンスなどの共同活動をすると、脳内で「エンドルフィン」の放出が促される。エンドルフィンは、「脳内麻薬」とも呼ばれる脳の快楽物質で、活動を集団で行うことによって放出が促進される（注9）。

　また、合唱などの共同活動には、ストレスホルモンのコルチゾールを抑制する効果もある（注10）。

　人は共同活動をしている間、他者をより身近に、より温かく感じ、より強くつながっていると感じるが、その一方で、自分自身に対する感じ方も変わる。

　同期化の影響の1つは、自分と相手の境界がぼやけ、集団との一体感が生まれることだ。

　同期化に関する研究のメタ分析によって、このシフトには4つのメリットがあることが示された（注11）。

　第1に、同期化は他者を思いやる向社会的行動を促す。第2に、連帯感を強め、第3に他者の考えへの関心を高め、第4に心の健康を促す効果がある。

　（注9）Tarr, B., Launay, J. and Dunbar, R. I. M. （2014）, ‘Music and social bonding：“self-other” merging and the neurohormonal mechanisms’, Frontiers in Psychology, 5 , 1096, https://doi.org/10.3389/fpsyg.2014.01096（アクセス確認：2023年9月28日）
（注10）Kreutz, G ., Bongard, S ., Rohrmann, S . et al. （2004）, ‘Effects of choir singing or listening on secretory immunoglobulin A, cortisol, and emotional state’, Journal of Behavioral Medicine, 27（6）, pp.623-35.
（注11）Mogan, R., Fischer, R. and Bulbulia, J. A. （2017）, ‘To be in synchrony or not? A meta-analysis of synchrony’s effects on behavior, perception, cognition and affect’, Journal of Experimental Social Psychology, 72, pp. 13-20.
つまり、他者と同期運動をすると、他者のことを考えながら行動するから、連帯感が高まり、その結果として幸福度が増すのだ。

●　普段の何気ない会話でも 相手との同期性を高められる

　他者との同期性を高めるにはどうしたらいいだろう？

　ここまで挙げてきた、ダンスのような集団活動をしたり、一緒に何かのイベントを楽しんだりするのは、たまにしかできない特別なことだ。ふだんの生活でできる方法としておすすめなのが、人と会って話すことだ。

　まず、スマホをしまおう。スマホが視界に入るだけで、社会的交流の楽しさが損なわれるという研究もある（注12）。

　スマホを使っていると、共同活動に身が入らないだけでなく、注意が他のところに向かってしまう。スマホのエチケットに関してはいろいろな考え方があるが、スマホを優先する人が、「あなたより私の関心事のほうが大事だ」というシグナルを送っていることは間違いない。

　また、「積極的傾聴」を実践しよう。話すより聞く時間を長くすれば、会話が双方向になり、より円滑に進むことに気づくだろう。人を理解しようとして話を傾聴すれば、人に信頼と関心を持ち、より良好で幸せな人間関係を築くことができる（注13）。

　ある脳イメージング研究で、参加者は積極的傾聴を実践する人を、より好意的に評価した。これには報酬に関わる脳領域である、「腹側線条体」の神経活動の活性化が関与していた（注14）。

　もちろん、会話ではいつも黙っていろ、ということではない。話の内容に集中しながら、相手への関心を示すために、適切な質問をしよう。

　相手を好意的にとらえ、建設的な意見を伝えて、信頼を示そう。そうすればあなたにも好感と信頼を持ってもらえ、互いにポジティブな経験ができる。

　注意を他者に向けると、社会的やりとりの質が高まり、自然に同期化が起こるのだ。

　（注12）Dwyer, R. J., Kushlev, K. and Dunn, E. W. （2018）, ‘Smartphone use undermines enjoyment of faceto-face social interactions’, Journal of Experimental Social Psychology, 78, pp. 233-9.
（注13）Baker, E. L., Dunne-Moses, A., Calarco, A. J. et al. （2019）, ‘Listening to understand: a core leadership skill’, Journal of Public Health Management and Practice, 25（5）, pp. 508-10.
（注14）Kawamichi, H., Yoshihara, K., Sasaki, A. T. et al. （2015）, ‘Perceiving active listening activates the reward system and improves the impression of relevant experiences’, Social Neuroscience, 10（1）, pp.16-26.
ブルース・フッド/櫻井祐子",[],[]
2万倍のリターンを得た、世界一成功した投資家とは？（ダイヤモンド・オンライン）,https://news.yahoo.co.jp/articles/2fc50ba2a1c625721d6230f2375944b7ef028f28,https://newsatcl-pctr.c.yimg.jp/t/amd-img/20251216-00378924-diamond-000-1-view.jpg?exp=10800,2025-12-16T08:30:36+09:00,2025-12-16T08:30:36+09:00,ダイヤモンド・オンライン,diamond,ダイヤモンド・オンライン,2080,"Photo: Adobe Stock
シンガポール国立大学（NUS）リー・クアンユー公共政策大学院の「アジア地政学プログラム」は、日本や東南アジアで活躍するビジネスリーダーや官僚などが多数参加する超人気講座。同講座を主宰する田村耕太郎氏の最新刊、『君はなぜ学ばないのか？』（ダイヤモンド社）は、その人気講座のエッセンスと精神を凝縮した一冊。私たちは今、世界が大きく変わろうとする歴史的な大転換点に直面しています。激変の時代を生き抜くために不可欠な「学び」とは何か？ 本連載では、この激変の時代を楽しく幸せにたくましく生き抜くためのマインドセットと、具体的な学びの内容について、同書から抜粋・編集してお届けします。

●　上手な投資の鉄則は「安く買うこと」

　上手な投資に必要不可欠なのが「安く買うこと」である。

　上手な投資とは、「時流に乗ること」ではない。あくまで「安く」買うことである。

　あなたは、世界で最も成功した個人投資家をご存じだろうか？

　その方は、正確には「その方々」の投資は、現在価格で投資額の約2万倍のリターン、となっている。これは、まずありえない。私の周りには2万倍どころか、1000倍になった人もいなければ、10倍になった人もほとんどいない。

　理論的には、上場株で100倍になっている株はいくつかある。

　でも、人間のサガとして100倍とかは無理なのだ。なぜなら、そこまで我慢できないからだ。

　普通の人は、10倍までも待てない。5倍も難しいだろう。ありうるのは2倍、3倍くらいか？

　10倍まで待てるのは、買ったことを忘れていた人くらいしか、ありえない。

　いい投資の鉄則の一つは「買ったら忘れる」ことである。常に株価をチェックしているような人に10倍、100倍、1000倍とかは無理である。

●　退職金のほぼすべてを、息子に差し出す

　話を戻すが、その「世界一成功した個人投資家」の正体は、アマゾンの創業者ジェフ・ベゾス氏のご両親である。なぜか？

　それはジェフ・ベゾス氏が起業したときの起業資金そのものを、両親が拠出したからだ。

　なぜ、両親が出したのか？

　それはほかに誰も、当時のジェフ・ベゾス氏のアイデアを買わなかったからだ。

　現在では、唯一無二の存在であるアマゾン。しかし、彼が創業し立ての頃のピッチでは、「インターネット上に世界最大の書店を創る」というものだった。

　当時は、このアイデアはまったく受けなかったようだ。結局、創業資金がないジェフ・ベゾス氏は、両親に泣きついた。

　両親も「世界一の本屋を創る」アイデアを買ったわけではない。

　「息子の想いだから」だったらしい。退職金のほぼすべてを、息子の起業に差し出したという。

　それから30年ほどがたち、その退職金は約2万倍となっている。これこそが究極に「安く買った」事例である。

　（本稿は『君はなぜ学ばないのか？』の一部を抜粋・編集したものです）

田村耕太郎（たむら・こうたろう）
シンガポール国立大学リー・クアンユー公共政策大学院 兼任教授、カリフォルニア大学サンディエゴ校グローバル・リーダーシップ・インスティテュート フェロー、一橋ビジネススクール 客員教授（2022〜2026年）。元参議院議員。早稲田大学卒業後、慶應義塾大学大学院（MBA）、デューク大学法律大学院、イェール大学大学院修了。オックスフォード大学AMPおよび東京大学EMP修了。山一證券にてM＆A仲介業務に従事。米国留学を経て大阪日日新聞社社長。2002年に初当選し、2010年まで参議院議員。第一次安倍内閣で内閣府大臣政務官（経済・財政、金融、再チャレンジ、地方分権）を務めた。
2010年イェール大学フェロー、2011年ハーバード大学リサーチアソシエイト、世界で最も多くのノーベル賞受賞者（29名）を輩出したシンクタンク「ランド研究所」で当時唯一の日本人研究員となる。2012年、日本人政治家で初めてハーバードビジネススクールのケース（事例）の主人公となる。ミルケン・インスティテュート 前アジアフェロー。
2014年より、シンガポール国立大学リー・クアンユー公共政策大学院兼任教授としてビジネスパーソン向け「アジア地政学プログラム」を運営し、25期にわたり600名を超えるビジネスリーダーたちが修了。2022年よりカリフォルニア大学サンディエゴ校においても「アメリカ地政学プログラム」を主宰。
CNBCコメンテーター、世界最大のインド系インターナショナルスクールGIISのアドバイザリー・ボードメンバー。米国、シンガポール、イスラエル、アフリカのベンチャーキャピタルのリミテッド・パートナーを務める。OpenAI、Scale AI、SpaceX、Neuralink等、70社以上の世界のテクノロジースタートアップに投資する個人投資家でもある。シリーズ累計91万部突破のベストセラー『頭に来てもアホとは戦うな!』など著書多数。
田村耕太郎",[],[]
【高齢者は特に要注意！】「スマホは苦手」で止まっていると、生活が詰む‥‥‥という現実（ダイヤモンド・オンライン）,https://news.yahoo.co.jp/articles/1dde8822d7cd9f38843405674a88a9987611f219,https://newsatcl-pctr.c.yimg.jp/t/amd-img/20251216-00379058-diamond-000-1-view.jpg?exp=10800,2025-12-16T08:25:25+09:00,2025-12-16T08:25:25+09:00,ダイヤモンド・オンライン,diamond,ダイヤモンド・オンライン,783,"あらゆる場所でペーパーレス化が起きている。（『図解　紙片づけ』p127より）
「あの大事な紙、どこいった？」のイライラに終止符をうち、お金、時間、人生をコントロールしよう！ 10万人を救った紙片づけメソッドの図解版『見るだけでわかる！ 図解 紙片づけ』（石阪京子著）が発売に。「必要な紙が5秒で見つかる」画期的な片づけ術が、図解で直感的に分かり、紙を減らすスマホ活用術も超絶丁寧に解説。本連載では本書から、抜粋・編集してメソッドを紹介していきます。
【この記事の画像を見る】
●　「なんとなく紙が安心」が通用しない時代に

　紙を減らすためにデータ化しましょう、と言っても、

　「なんとなく紙が安心」
「スマホは操作が難しそう」

　そんなお声を耳にすることもあります。特にこれまでずっと紙中心の生活を送ってこられた方は、たとえスマホを使った簡単なデータ化でも不安になるのは当然だと思います。

　けれども、「苦手だから、やらない」というのは、もはや難しい時代です。
　近年、国や企業もペーパーレス化を推進しており、日常生活でもひと昔前なら「紙」だったものが次々と、「データ」になっています。次の表を見ていただければ、それは明らかでしょう。

　この勢いはますます高まっていくことが予想されるため、苦手だからと避けていると、どんどん生活しにくくなっていきます。

　ですから、今のうちに新しい生活に慣れていきましょう。

　なお、「紙を片づけること」と「データ化（スマホ保存）すること」は、切っても切り離せない関係です。
「図解 紙片づけ」では、スマホ操作がさっぱりわからないという方でも、スマホを使ったデータ化と保存ができるように、細かく図で解説しています。

　＊本記事は、『見るだけでわかる！ 図解 紙片づけ』より、抜粋・編集して作成しております。
石阪京子",[],[]
成功するために欠かせない、経営者・リーダーに最も必要なものとは？（ダイヤモンド・オンライン）,https://news.yahoo.co.jp/articles/a34a21a0f6885b3e856de46af99c0c978f9748ba,https://newsatcl-pctr.c.yimg.jp/t/amd-img/20251216-00378948-diamond-000-1-view.jpg?exp=10800,2025-12-16T08:25:25+09:00,2025-12-16T08:25:25+09:00,ダイヤモンド・オンライン,diamond,ダイヤモンド・オンライン,1922,"Photo: Adobe Stock
会社を伸ばす社長、ダメにする社長、そのわずかな違いとは何か？ 中小企業の経営者から厚い信頼を集める人気コンサルタント小宮一慶氏の最新刊『[増補改訂版]経営書の教科書』（ダイヤモンド社）は、その30年の経験から「成功する経営者・リーダーになるための考え方と行動」についてまとめた経営論の集大成となる本です。本連載では同書から抜粋して、経営者としての実力を高めるための「正しい努力」や「正しい信念」とは何かについて、お伝えしていきます。

●　リーダーに最も必要なものは「正しい信念」

　経営者は「正しい」信念を持つことが大切です。

　「正しい信念を持つ」――この言葉の中には、キーワードが二つあります。それは「正しい」と「信念」です。世の中には正しくない信念だってあります。

　「この会社は、俺のベンツを維持するためにある」
「社長一族だけがいい思いをするためにこの会社は存在する」
というのも信念です。

　でも、正しい信念ではありません。

　それでは人はついてきません。そうした意味で、経営者にとって「正しい信念」を身に付けられるかは、とても重要なことなのです。

●　正しい信念を持つための おススメの方法

　正しい信念を持つために、私がお薦めするのは、何千年もの長い間、読み継がれた本を読むことです。

　例えば『論語』や『老子』などの中国の古典や、『聖書』や『仏教聖典』でもいいでしょう。

　多くの人が正しいと信じて長く読み継がれた本です。そうした本には、真理があるからです。

　原典に当たるのは難しくても、今は読み下した良書が沢山あります。

　現代の方の本であれば、松下幸之助さんや稲盛和夫さんなど、多くの人が素晴らしいと認める方の本を読み、それを実践することで「正しい信念」は身に付いていくのです。

　こういう良い本を何度も何度も読むことです。一度読んで分かったつもりではダメなのです。

　「正しい信念」がない経営者は、どこかでコケます。

　間違った信念であっても、持っていれば勇気やエネルギーは出るのです。そんな人たちだって、一時は稼ぎます。でも、しょせん独りよがりの間違った信念ですから、中には塀の中に落ちる人もいるのです。

　「正しい」という意味は独りよがりではなくて、何千年もの間多くの人に支持されてきた思想、つまり真の成功と幸せのための思想を身に付けるということです。

　これは、人間として一番大事なことでもあります。ビジネスで成功するしない以前の問題です。

　けれど、稲盛和夫さんもおっしゃるように、ビジネスもまた人間の活動の一つですから、会社の成功も、リーダーが正しい考え方を持っているかどうかにかかっているのです。

　きれいごとのように聞こえるかもしれませんが、そのきれいごとを真剣に追求できる人が本当に成功するのです。私が多くの会社や多くの人を見てきて間違いないと思っていることです。

　（本稿は『[増補改訂版]経営者の教科書　成功するリーダーになるための考え方と行動』の一部を抜粋・編集したものです）

小宮一慶（こみや・かずよし）
株式会社小宮コンサルタンツ代表取締役会長CEO
10数社の非常勤取締役や監査役、顧問も務める。
1957年大阪府堺市生まれ。京都大学法学部を卒業し、東京銀行（現三菱UFJ銀行）に入行。在職中の84年から2年間、米ダートマス大学タック経営大学院に留学し、MBA取得。帰国後、同行で経営戦略情報システムやM＆Aに携わったのち、91年、岡本アソシエイツ取締役に転じ、国際コンサルティングにあたる。その間の93年初夏には、カンボジアPKOに国際選挙監視員として参加。
94年5月からは日本福祉サービス（現セントケア・ホールディング）企画部長として在宅介護の問題に取り組む。96年に小宮コンサルタンツを設立し、現在に至る。2014年より、名古屋大学客員教授。
著書に『社長の教科書』『経営者の教科書』『社長の成功習慣』（以上、ダイヤモンド社）、『どんな時代もサバイバルする会社の「社長力」養成講座』『ビジネスマンのための「数字力」養成講座』『ビジネスマンのための「読書力」養成講座』（以上、ディスカヴァー・トゥエンティワン）、『「1秒!」で財務諸表を読む方法』『図解キャッシュフロー経営』（以上、東洋経済新報社）、『図解「ROEって何?」という人のための経営指標の教科書』『図解「PERって何？」という人のための投資指標の教科書』（以上、PHP研究所）等がある。著書は160冊以上。累計発行部数約405万部。
小宮一慶",[],[]
打合せ相手に嫌われる「失礼な人」が無意識に口にする言葉・ワースト1（ダイヤモンド・オンライン）,https://news.yahoo.co.jp/articles/9c34353c40bc27f5dd1e59783a3b13d0628cf142,https://newsatcl-pctr.c.yimg.jp/t/amd-img/20251216-00379070-diamond-000-1-view.jpg?exp=10800,2025-12-16T08:15:33+09:00,2025-12-16T08:15:33+09:00,ダイヤモンド・オンライン,diamond,ダイヤモンド・オンライン,1318,"Photo: Adobe Stock
『打合せ相手の信頼を一発で失う“最悪の言葉”・ワースト1』
それを指摘してくれるのが、400以上のチームを見て「人と協力するのがうまい人の特徴」をまとめた書籍『チームプレーの天才　誰とでもうまく仕事を進められる人がやっていること』（沢渡あまね・下總良則著、ダイヤモンド社刊）だ。「チームの空気が変わった」「仕事仲間との関係性が良くなった」と話題の一冊から、その考え方について紹介する。（構成/ダイヤモンド社・石井一穂）

●　その「ひと言」で信用を失う

　取引先との関係がなぜか深まらない。
　打ち合わせをしても、どこか距離が縮まらない。

　そんな人に共通している“無意識の口ぐせ”があります。

　それが、

　「会議室が空いていないので、カフェで打ち合わせでもいいですか？」
「とりあえずこの辺で打ち合わせしましょう」

　といったひと言。

　一見フランクで親切そうに見えますが、実はこれ、取引先からの信頼を一発で失う言葉です。

　なぜならこの言葉は、「あなたと本気で向き合う準備ができていません」というメッセージとして伝わってしまうからです。

●　“信頼関係”構築の第一歩とは

　『チームプレーの天才』という本には、こう書かれています。

　共創で物事を進めていく上で最も大事な体験。それは「対話」です。
――『チームプレーの天才』（146ページ）より

　つまり、信頼関係のスタート地点は、「落ち着いて対話できる場をつくる」ことなのです。

　ところが現実には、会議室がない、場所が確保できない、作業スペースがない――

　そんな場の不備を相手に強いてしまうケースが少なくありません。

　これでは相手は、「この会社は本気で向き合う気がない」と感じてしまいます。

●　好かれる人は、「場づくり」を軽視しない

　では、信頼される人は何をしているのか。

　答えはとてもシンプルです。

　まず“対話ができる場”をつくる。

　静かに話せる環境を選び、来訪者が作業やオンラインミーティングをこなせるスペースを準備し、相手が落ち着いて話せる時間と空間を確保する。

　たったそれだけで、取引先は「大切に扱われている」と感じ、信頼が深まります。

　『チームプレーの天才』でも、こう書かれています。

　その活動やプロジェクトに関わる人を本気で増やしたいのなら、他領域の人たちと共創を進めたいのなら、落ち着いて対話ができる場が欠かせません。
――『チームプレーの天才』（146ページ）より

　つまり、場づくりそのものが、仕事の関係構築の“第一歩”なのです。

　取引先は、「あなたが何を話すか」以上に、「あなたがどれだけ誠実に向き合おうとしているか」を見ています。

　その最初のメッセージが、“場づくり”なのです。

　「相手と安心して話せる場をつくる」

　その小さな配慮こそが、取引先から長く信頼されるための最初の一歩です。

　（本稿は、『チームプレーの天才　誰とでもうまく仕事を進められる人がやっていること』の内容を引用したオリジナル記事です）
ダイヤモンド社書籍編集局",[],[]
本をたくさん読む人は、他人の食べ残しを食べる人、他人の古着を着る人に過ぎない。（ダイヤモンド・オンライン）,https://news.yahoo.co.jp/articles/8df4d78d43cffc61635d5e9e577b78306d8c08f8,https://newsatcl-pctr.c.yimg.jp/t/amd-img/20251216-00379400-diamond-000-1-view.png?fmt=jpeg&q=85&exp=10800,2025-12-16T08:15:33+09:00,2025-12-16T08:15:33+09:00,ダイヤモンド・オンライン,diamond,ダイヤモンド・オンライン,996,"写真：ダイヤモンド・オンライン
本を読んで知識は増えたはずなのに、自分の考えが出てこず、言葉にもできない。――そんな違和感はありませんか。ただ本を読むだけでは、結論は他人の借り物で満足するだけになってしまいます。読書について、どう考えればいいのでしょうか？
IVEチャン・ウォニョン氏や俳優ハ・ソクジン氏の愛読書と話題となり、韓国で262刷、60万部を超え、「哲学ブーム」の火付け役となった書籍『求めない練習　絶望の哲学者ショーペンハウアーの幸福論』をもとに解説します。

●　自分の考えをいちばん大切にする

　本をたくさん読む人は、
他人の食べ残しを食べる人、他人の古着を着る人に過ぎない。

　――『求めない練習　絶望の哲学者ショーペンハウアーの幸福論』より

　知識が多いことと、よく考えられていることは別物だ。

　自分の頭で熟考して得た理解のほうが、表面だけの大量の知識より役に立つ。

　本をたくさん読むほど、他人の考えに引っぱられやすくなる。

　気づかないうちに、自分で考える力が細くなる。

　だから、読む目的を自分で決めることが大切だ。

　本を開く前に「この本で何を知りたいか」を一つだけ書く。

　読みながら大事だと思った所は、自分の言葉で一行に言い換える。

　章の終わりに、賛成と疑問を一つずつ挙げる。

　読み終えたら、明日やってみることを一つ決める。

　この流れなら、読書は受け身ではなく、思考の練習になる。

　思考の泉が詰まったときにだけ、本の力を借りればよい。

　読書で満たすのではなく、考えるために本を使う。

　独自の思考がないまま他人の見解を丸のみすると、真理から遠ざかる。

　要約やレビューは参考になるが、それだけでは自分の結論にはならない。

　一度に多くの本を並行せず、一冊に区切りをつける。

　読む量より、同じ本に戻ってくる回数を増やす。

　自分の問いと無関係な本は見送ってよい。

　読むより先に、5分でも自分の考えをメモに書く。

　そのメモが、他人の考えと自分の考えの境界線になる。

　「読書よりも、独自の思考の方がずっと価値がある」。

　この順番を守るだけで、知識は借り物から自分の道具に変わる。

　（本記事は『求めない練習　絶望の哲学者ショーペンハウアーの幸福論』をもとに作成しました）
ダイヤモンド社書籍編集局",[],[]
【後悔しないお金の使い方】12年前の「選ばなかったカレー」が教えてくれた“幸せの本質”（ダイヤモンド・オンライン）,https://news.yahoo.co.jp/articles/6834a5af1e3438cfdfce0f2733c57d879bb29c8a,https://newsatcl-pctr.c.yimg.jp/t/amd-img/20251216-00379140-diamond-000-1-view.jpg?exp=10800,2025-12-16T08:15:33+09:00,2025-12-16T08:15:33+09:00,ダイヤモンド・オンライン,diamond,ダイヤモンド・オンライン,2304,"Photo: Adobe Stock
人生には、ときどき“取り返しのつかない小さな後悔”がある。球場の売店で選ばなかった1杯のカレー――大きな失敗でも、人生を変える選択でもない、ある日の食事の選択が12年経った今も胸に小骨のように残り続けている。発売直後から大きな反響を集めている、“幸せなお金の使い方”を教えるベストセラー『アート・オブ・スペンディングマネー　1度きりの人生で「お金」をどう使うべきか？』を読んで、私はこの後悔を改めて思い出した。お金の使い方とは、結局のところ「自分の気持ちをどう扱うか」という問題なのだ、と。（執筆：前田浩弥、企画：ダイヤモンド社書籍編集局）

●　たかが売店のカレー、されど売店のカレー

前田浩弥（まえだ・ひろや）
フリーライター・編集者
1983年生まれ。大学卒業後、編集プロダクション勤務、出版社勤務を経て、2016年に独立。ビジネス分野とスポーツ分野を中心に、書籍や雑誌の企画・執筆・編集に携わる。主な編集協力書籍に『リーダーは偉くない。』『今日もガッチリ資産防衛　1円でも多く「会社と社長個人」にお金を残す方法』（以上、ダイヤモンド社）『凡人でも「稼ぐ力」を最大化できる　努力の数値化』（KADOKAWA）などがある。
　とても小さなことだが、とても後悔していることがある。あれから12年も経つのに、そして本当に小さなことなのに、いまだにとても後悔しているのだ。

　12年前、私は、転勤で遠方に引っ越してしまった友人を訪ねる旅をした。友人宅から電車で30分ほどの距離にある球場で、ちょうど、私の好きなプロ野球チームがビジターとして乗り込んで試合をするということで、一緒に野球観戦をした。

　晴天のデーゲーム。早めに球場入りし、売店で昼食を買って食べ、試合開始を待つことにした。

　私は、その球場の名を冠したカレーが気になっていた。デカデカと「名物！」と書いてあって目を惹くし、パッケージに映っている写真もおいしそうだ。「○種のスパイスをブレンドした〜〜」といった売り文句も食欲をそそる。よし、これにしよう。私はカレーを買う列に並ぼうとした。

　しかし友人は、「カレーを食べるならそれではなく、もう少し先の違う売店で売っている、名もなきカレーのほうがいい。そっちのほうがおいしい」と私に勧めた。

　私は正直、自分が目を惹かれて気になったカレーのほうを食べたかったのだが、この球場に通い慣れている友人のアドバイスを立て、違う売店の、名もなきカレーを食べることにした。

　確かにおいしかった。しかしちょっと、「これでよかったのかな」と引っ掛かるものもあった。

　球場の名を冠したあのカレーは、いったいどんな味だったのだろう。名もなきカレーを食べながらふと生まれたこの思いは、日が経つにつれて大きくなり、次第に「あのカレーを食べればよかった」という後悔へと変わっていった。たかが売店のカレー、されど売店のカレー。その後悔が、12年経った今も、尾を引いているのである。

●　お金の使い方に、唯一の「正しい方法」などない。だから、自分で決める

　『アート・オブ・スペンディングマネー』は、「自分は何にお金を使うと幸せなのか？」という指針を築くのに役立つ一冊だ。著者のモーガン・ハウセルは、「何にお金を使うべきか」を思考するポイントのひとつとして、次のように語っている。

何にお金を使うべきか、使うべきでないかを、誰かに指図されてはいけない。唯一の「正しい方法」などない。どうすれば幸せになり、充実感が得られるかは、自分自身で見つけ出す必要がある
――『アート・オブ・スペンディングマネー　1度きりの人生で「お金」をどう使うべきか？』（p.38）
　友人はひとえに親切心から、「あっちの売店のカレーのほうがおいしい」と私に勧めた。この行動は、正しい。実際、友人が勧めたカレーはおいしかった。しかし私は、旅の高揚感と開放感の中で、ふと目に留まったあのカレーを食べたかった。その気持ちもまた、正しかったはずだ。

　お金の使い方に、唯一の「正しい方法」などない。ならば、我を張って、自分の食べたいカレーを食べればよかった。勧めたカレーを食べなかったくらいで怒るような友人ではないのだから。

　そして私は、あのカレーがどんなにまずかったとしても、決して後悔しなかっただろう。

●　「賢い買い物」と「悔いのない買い物」は違う

　その後、友人は再び転勤となった。好きなプロ野球チームがあるとはいえ、現地観戦するほど熱の入ったファンでもない私が、またあの球場に行く可能性は、だいぶ低くなった。調べてみれば、あのカレーはレトルトで取り寄せることもできるようだが、そういうことではない。あの日、晴天の下で、試合開始を待ちながらあのカレーを食べたら、どんな気分になったのだろうと、どうしても妄想してしまうのだ。

　先達の意見を聞くのは大切だ。しかしハウセルの言うように、自分が何にお金を使えば幸せになり、充実感を得られるかは、自分自身で見つけ出す必要がある。私は『アート・オブ・スペンディングマネー』を読んで、改めて学んだ。

　「賢い買い物」と「悔いのない買い物」は違う。万人に当てはまる「正しいお金の使い方」はないからこそ、どうせならば「悔いのない買い物」を重ねて人生を歩んでいきたい。

　（本原稿は、『アート・オブ・スペンディングマネー　1度きりの人生で「お金」をどう使うべきか？』（モーガン・ハウセル著・児島修訳）に関連した書き下ろし記事です）
前田浩弥",[],[]
「MARCHと日東駒専の差ってなんなのですか？」。大学評価の基準を考える（ダイヤモンド・オンライン）,https://news.yahoo.co.jp/articles/548fe5a9a87d98f364da68ee860adced3ecb1056,https://newsatcl-pctr.c.yimg.jp/t/amd-img/20251216-00379432-diamond-000-1-view.jpg?exp=10800,2025-12-16T08:00:35+09:00,2025-12-16T08:00:35+09:00,ダイヤモンド・オンライン,diamond,ダイヤモンド・オンライン,1870,"Photo: Adobe Stock
「大学受験」は10代における最大のイベントです。残念な側面でもありますが、いい大学にいけば、なりたい職業になれる確率は上がり、将来の選択肢は増えるのが現在の日本です。それほどまでに大学受験の持つインパクトは大きくなっています。そんな難しい時代でも「自分らしい大学進学」をするために書籍：『17歳のときに知りたかった受験のこと、人生のこと。』が発売中です。本書は、きれいごとを抜きにして、「大学受験とはどういうものなのか」「人生とはどういうものなのか」を考えることができる受験の決定版です。本記事では発刊を記念して著者である、びーやま氏への特別インタビューをお届けします。

●　お悩み相談

　「MARCHと日東駒専の差ってなんですか？」※1

●　互いに名門大学なのに差が生まれるのはなぜ？

　――今回の相談に対して、びーやまさんはどう思われますか？ そもそも差はないとする考え方などもあると思うのですが。

　びーやま氏（以下:びーやま）:シンプルですが、受験生からしか出てこないストレートな質問でいいですね。

　まず個人的には、MARCHと日東駒専に差はなくはないかなと思います。

　ただ、その差はそんなに大きいものでもないというが僕の意見です。

　――詳しく教えてください。

　びーやま:まず教育レベルについては、それぞれの得意領域であれば、遜色はないと思います。

　MARCHも日東駒専もいい先生揃いですから、学問を学ぶという意味では満足できるでしょう。

　立地もどちらも都心を中心にしていますし、どこからでもアクセスはいいです。

　一番差がつきやすいのは就職かと思いますが、こちらも売り手市場によって昔ほどの差はないと思います。もちろん、超大手企業などは学歴フィルターの壁などあるかもしれませんが、それでも最近はインターンシップなどで内定をとる日東駒専生はいますからね。

　なので、もろもろ考慮して、差はありつつも、昔ほどではないというのが僕の印象です。
●　大学序列は時代とともに変化する

　――よく理解できました。ただ、差は大きくないとわかりつつも受験生は入れるならMARCHに入りたいと考えるように思うのですが、その理由はなぜなのでしょうか。

　びーやま:やはりブランド的なものが大きいと思います。

　これは決して悪いことではなくて、それぞれの大学が積み上げてきた歴史や実績が非常に大きいということです。

　――なるほど。わかる気がします。なんとなくかっこいいみたいな理由も現実にはありますよね。

　びーやま:そうなんです。

　学問とか教授で選べみたいこと言う人もいますけど、別に大学選びって必ずしも高尚である必要はないですからね。

　その人が頑張れるのであれば、理由はなんでもいいと思います。

　――納得です。

　びーやま:ただ今後も、もしかするとMARCHと日東駒専の差がさらに縮む可能性もあるかもしれません。

　各大学、さまざまな努力をしていますし、大学序列はそれなりに変化するものです。

　最近では、SMART（上智※ソフィア・明治・青山学院・立教・東京理科）なんてくくりが適切なのではないかという意見もありますよね。

　文系メインの大学郡に理科大だけあるのは少し違和感ですが、こんな形で変化は起こりうるので、いろいろ勘案しながら志望校を決めてもらうのがいいと思います。

　――ありがとうございました。大変勉強になりました。

※1：本記事ではびーやま氏、もしくは編集部宛に届いた悩みを扱っております。
びーやま［著］
教育痛快バラエティ番組・YouTube『wakatte.TV』のツッコミ担当。早稲田大学教育学部卒。高校時代の偏差値は37だったが、1年間の浪人を経て早稲田大学に入学。大学時代は起業・自主退学・復学など、さまざまな経験をしたのち、大学受験のすばらしさに気づき現在に至る。甘いルックスと鋭いツッコミ（たまにポンコツ）で視聴者の心を掴んでいる。決め台詞は学歴モンスターの相方・高田ふーみんを制止する「ヤメロオマエ」。

高田ふーみん［協力］
教育痛快バラエティ番組・YouTube『wakatte.TV』にて「学歴至上主義」を貫く学歴モンスター。京都大学経済学部中退（現役合格）。学歴を絶対の価値基準とする偏った思想を持つヒール役として受験生や大学生を中心に人気を博している。決め台詞は「Fランやないか」。
びーやま",[],[]
家なし、貯金ゼロ。独立を目指していた若き三國シェフが、「理想の洋館」に出会った時にとった驚きの行動とは？【予約の取れない名店「オテル・ドゥ・ミクニ」誕生秘話】（ダイヤモンド・オンライン）,https://news.yahoo.co.jp/articles/175a56865f250921f2536d946510c8537ada369b,https://newsatcl-pctr.c.yimg.jp/t/amd-img/20251216-00378037-diamond-000-1-view.jpg?exp=10800,2025-12-16T08:00:35+09:00,2025-12-16T08:00:35+09:00,ダイヤモンド・オンライン,diamond,ダイヤモンド・オンライン,5161,"写真はイメージです　Photo:PIXTA
日本屈指のフランス料理シェフ・三國清三（みくに・きよみ）。20歳の若さでスイスの日本大使館の料理人に抜擢され、8年間のヨーロッパ修行から帰国後、ビストロで日本人としてのオリジナルフランス料理に挑んだ。三國の独創的な料理は評判となりたちまち人気店になったのだが、若気の至りで店を飛び出し……。東京・四ッ谷の伝説の名店「オテル・ドゥ・ミクニ」誕生までの物語を明かす。※本稿は、シェフの三國清三『三國、燃え尽きるまで厨房に立つ』（扶桑社）の一部を抜粋・編集したものです。
【この記事の画像を見る】
●　「ビストロ・サカナザ」の とんがった雇われシェフ

　帰国から4か月目の1983年3月、東京・市ヶ谷に「ビストロ・サカナザ」がオープンし、僕はこの店の雇われシェフになった。

　じつは帰国の数年前から、「三つ星店を渡り歩く日本人シェフ」といった切り口で、料理の専門誌などで紹介されることが増えていた。そんな僕に興味をもち、スカウトするためにわざわざパリまで来てくれたのが、「ビストロ・サカナザ」のオーナーだった。

　ムッシュ・シャペル（編集部注/三國が師事した“厨房のダ・ヴィンチ”の異名をもつシェフ、アラン・シャペル。カリスマ性の高い完璧主義者）に、「セ・パ・ラフィネ」（洗練されていない）と言われて大きな挫折感を抱え、自分が本当に作りたい料理ってなんだろうと自問していた僕は、「東京でビストロをやって、フランス料理を広めたい。料理は三國さんがやりたいようにやってくれていい」というオーナーの言葉におおいに心が動いた。

　そんな経緯もあって、帰国後こちらからオーナーに連絡を入れたら、すぐにやろうということに。稼いだお金は自己投資に使い果たし所持金はほとんどゼロのうえ、住むところもない僕に、腕をふるう店ばかりかマンションまで用意してくれるという。本当にありがたい誘いだった。
「ビストロ・サカナザ」の頃の僕はやたらとんがっていたと思う。

　ムッシュ・シャペルに「セ・パ・ラフィネ」と言われたことで、もうこれまでのようなフランス料理は作らないと決めていた。

　僕が作りたいのは、日本人である自分の味覚と創造力を生かした自分にしか作れない料理だ。とはいえ、料理人としての僕の技術はフランスで鍛えられたわけだから、作るのはあくまでもフランス料理である。

　つまり「日本人としてのオリジナルのフランス料理」を試行錯誤して見つけなくてはならない。

●　“厨房のモーツァルト”にならい 独創的な料理に挑み続ける

　あの頃は僕自身の実績も乏しく、周囲から試される時期でもあった。だから毎日挑戦的な料理を「どうだ、すごいだろっ」とばかりに作り続けるしかなかった。

　とんがっていた理由はもうひとつある。

　大使館の料理人時代から4年にわたって師事した天才料理人、フレディ・ジラルデの「スポンタネ」スタイルで勝負したいと考えていたのだ。

　スポンタネとは、「ありのまま」「即興」「自発的」といった意味を表すフランス語だ。空気のようなものを瞬時につかみ、形なきものに形を与える――これが僕のイメージするジラルデのスポンタネだった。

　ムッシュ・ジラルデは、“厨房のモーツァルト”と呼ばれ、その旺盛な創造力で毎日新しい料理を生み出していた。

　試作はいっさいしない。初めて作る料理だから当然ながらレシピもない。客の注文を受けてから、その日に届いた新鮮な素材を自由奔放に組み合わせ、ものすごい集中力で「スポンタネ」でメニューを決めていく。

　どんな料理になるかは彼自身もわからない。なぜなら、たとえばオマール海老ひとつをとっても、今朝入荷したものと、昨日入荷したものとは状態が異なるから。素材を生かしきるために、状態を見て、その場で料理の内容を変えることはもちろん、作り方も盛りつけも変えていく。

　素材を前に仁王立ちになり、「ほしい材料がない！」とわめき散らす、「そうじゃない」と、顔を真っ赤にして鍋ごとひっくり返す。彼はたいてい苛立っていた。オレは命を懸けているんだ、と、その眼はいつも言っていた。
●　「お前ら全員辞めちまえ！」 怒鳴ったあとの改心

　そんな彼の厨房は、緊張感みなぎる真剣勝負の戦場だった。

　「スイス銀行の金庫を破るより、ジラルデの店の席をとるほうが難しい」と言われた天才ジラルデの創造の現場を目のあたりにしてきた僕は、それを「ビストロ・サカナザ」の厨房でもやろうとしてしまった。

　やってみて身に染みたのだが、ジラルデスタイルでは若い料理人はついてこられない。彼らにしてみれば、こうやれと言われたからそのとおりにやったのに、次の瞬間にそれじゃダメだと言われる。

　なんだよ、話が違うじゃないかと手直しすると、そうじゃないこうだ、とまた怒られる。いったいどっちなんですか。言っていること、毎回違うじゃないですか、てなもんである。

　あたりまえだ、昨日のトマトと今日のトマトは違う。そんなこともわからないのか――。

　あるとき、なにに腹を立てたのかは今となっては覚えていないのだが、「お前ら全員辞めちまえ！」と怒鳴ったら、次の日からホントに誰も来なくなった。ヤ、ヤバい。予約はびっしり入っている、どうする？

　たまたま帰国していたフランス時代の友人である田代和久さん（「ラ・ブランシュ」のシェフ）を叩き起こして泣きついて、なんとかその日の営業は乗り切ったものの、改めて店はスタッフの協力なしに回してはいけないと思い知らされた。やはり、やり方を少し変えていかなくては、と、僕はここで少しだけ改心する。

　日本のスタッフは、1から10まで指示すれば、1から10までちゃんと作ることができる。それからは、まずちゃんとみんなに説明をし、最終的なアレンジは「スポンタネ」で僕がやることにした。そのあとは辞める子はほとんどいなくなったことを付け加えておこう。

●　オーナーと大ゲンカ 啖呵を切って店を飛び出す

　「ビストロ・サカナザ」の料理は、味噌や醤油、米、そして、天ぷらにそうめん、焼き鳥、フカヒレなど、自分がおいしいと感じる料理を、フランス料理の文脈に取り込んでいった。「邪道だ」「あんなものはフランス料理じゃない」という声をたくさんいただいたが、それと同じくらいかそれ以上に「個性がある」「挑戦的だ」「おいしい」と評価してくださる方も多かった。
毎日が挑戦であったように思う。そして、そういう僕の試みをおもしろがる人たちが常連になってくれた。マスコミ系の発信力のある人たちに注目してもらえた幸運もある。「ビストロ・サカナザ」の噂は口コミで広がり、気がつけばいつも満席の話題の店になっていた。

　そんなある日、オーナーが店に姿を現した。

　「三國さん、お客さんもよく入るようになったし、そろそろ年中無休にしようかと思うんだけど、どうかな」

　年中無休？自分にしかできないことを毎日やっているという自負があっただけに、聞き捨てならない気がした。オーナーとしては、開業時の借金を少しでも早く返済したいということらしい。

　「では、僕が休みのときは、誰が料理を？」

　「若い子に任せればいいじゃないですか」

　「任せる？なに言っているんですか！僕の料理は僕にしか作れませんよ！」

　頭に血が上り、語気が荒くなる。こっちは命を懸けてやってるのに、それがわからないのか。客がこの店になにを求めているのか、それを想像できないのか。

　口論になり、「じゃあ、僕は辞めます」と言って前掛けを投げ捨て、店を飛び出した。

　こうして伝説の店（と勝手に言わせていただく）「ビストロ・サカナザ」は、1年8か月で幕を閉じることとなったのである。

●　「若気の至り」で 住む場所も失い貯金はゼロ

　まあ、この一件は「若気の至り」のひと言に尽きる。こうして振り返っても恥ずかしい限りだ。

　あのときのオーナーの提案にまったく非がなかったことは、僕自身がのちにオーナーシェフとして経営を担うことになったときに思い知らされた。お客さんがコンスタントに入ってくれるようになったら、なるべく早いうちに初期投資を回収したいと考えるのは経営者としてあたりまえのことだ。

　しかもオーナーは無理強いしたわけではなく、あくまでも打診しただけだ。なのに僕は「年中無休」という言葉に噛みついて、席を蹴って出てきてしまった。

　それに、いくら余裕がなかったとはいえ、二番手の料理人を育てるのは、シェフである僕の仕事である。僕は自分の料理を作ることしか考えていなかった。今さらだけど、オーナーには本当に申し訳なかったと思う。心からお詫びしたい。
勢いで飛び出してしまったことを、僕はすぐに後悔した。仕事を失うと同時にオーナーが用意してくれたマンションにはいられなくなり、住む場所も失った。貯金なんて当然ない。あー、やっちまったな。だがもう戻れない。

●　探しに探してようやく 理想の洋館に出会う

　もうあまり時間がなかった。

　なにがなんでも30歳で独立すると以前から心に決めていた。

　20歳の僕をヨーロッパへ送り出してくれた村上シェフ（編集部注/“料理の神様”といわれた帝国ホテルの村上信夫）からは、「10年は勉強しなさい。10年後には君たちの時代が来ます」と言われていた。まもなく10年だ。もう誰にも雇われない、自分の店をもつのだ。

　それからもうひとつ、急ぐ理由ができてしまった。あんな辞め方をした僕のあとを追うように、1人、また1人と「サカナザ」の旧スタッフが店を辞めていた。

　こんな僕に「ついて行く」と言ってくれるあいつらのためにも、僕はなんとしても自分の店をもたなければならない。

　なんとか食いつないでくれ。必ずみんなが働ける場所をつくるから――。

　旧スタッフの何人かは工事現場で日雇いの仕事を始めていた。

　まずは店舗用の物件探しだ。が、これが最初から難航した。

　思い描いていたのは緑豊かな落ち着いた住宅街の中にある一軒家レストランだ。

　そして、1985年の年明け、探しに探してようやく僕は理想の家に巡り合う。

　それは、四ツ谷の学習院初等科の裏手、迎賓館にほど近い閑静な住宅街の奥まったところにあった。門から中をうかがうと、木々が生い茂ったその奥に洋館が見える。温かみを感じさせる落ち着いた佇まい。

　気に入った、ここだ！

　眼を凝らすと窓には灯りが灯り、人の気配がした。迷わず呼び鈴に手を伸ばし、ダメ元で押す。本当にダメかどうかは、飛び込んでみないことにはわからない。僕はこれまでもそうやって道を切り拓いてきたのだ。だからこのときも勘が働いたのかもしれない。

　出迎えてくれた家主さんに単刀直入に切り出した。

　「こちらのお屋敷をお借りして、フレンチレストランをやりたいのですが」
●　オーナーシェフとして 「オテル・ドゥ・ミクニ」を開業

　目を丸くして僕の顔を見つめる家主さんの表情には、拒絶の色は感じられず、どこかおもしろがっているようにも見えた。

　「ここでレストランですか。ところで君は、志摩観光ホテルの高橋忠之シェフを知っていますか？」

　ホテル眼下に広がる英虞湾のとれたての海の幸を用いたフランス料理で、独自の世界を切り拓いた高橋忠之シェフの名を知らない料理人はいなかった。聞けば家主さんは、毎年正月は家族で志摩観光ホテルに泊まり、高橋シェフの料理を食べるのを楽しみにしているという。

　僕にとっての最大の幸運は、家主さんがフランス料理に興味をもっていたことだった。

　僕は聞かれてもいないのに、三つ星店を渡り歩いて8年間修業を重ねたことや「ビストロ・サカナザ」で作ってきた新鮮な素材の持ち味を生かした料理の話をした。

　「ふーん、じゃ、君は、ここで高橋さんみたいな料理をやりたいわけですか？」

　「いえ、あんな古くさい料理じゃありません。僕のは最先端のフランス料理です」

　「君、おもしろいね」と家主さんは笑顔を見せた。そしてこう続けたのだ。「今日は遅いから、来週にでも詳しい話を聞かせてよ」と。

　1週間後、再び家主さんに会いに行った。

　「三國さん、あなたにお貸しすることにします。ただし8年の期間限定で。8年たったらなにも言わずに出ていってくれますか」

　「はい、約束します」

　こうして四ツ谷の地に「オテル・ドゥ・ミクニ」は誕生することになった。
三國清三",[],[]
朝1分の「書く習慣」で脳が覚醒!?　記憶力日本一も実践する「1分間ライティング法」とは？（ダイヤモンド・オンライン）,https://news.yahoo.co.jp/articles/1389506b755a00a0ee2cc90c890e85f3ff28be4d,https://newsatcl-pctr.c.yimg.jp/t/amd-img/20251216-00376700-diamond-000-1-view.jpg?exp=10800,2025-12-16T08:00:35+09:00,2025-12-16T08:00:35+09:00,ダイヤモンド・オンライン,diamond,ダイヤモンド・オンライン,3333,"Photo:PIXTA
朝の1分、手を止めずに書き続けるだけで、脳は眠っているあいだに整理した記憶を再編集し、定着を強化してくれます。そんな「1分間ライティング法」を続ければ、トップアスリートのように、知識を反射的に引き出せる脳をつくることができるのです。話題の動画「50歳でも記憶力はアップ！加齢に勝てる脳トレ法」を公開した池田義博氏は、日本記憶力選手権大会で6回優勝。試験・資格・英語・ビジネスなど、あらゆる場面で結果を出すためのメソッドを紹介します。
※本稿は、著書「世界記憶力グランドマスターが教える脳にまかせる勉強法」の一部を抜粋しました。
【この記事の画像を見る】
●　睡眠後の記憶整理を活かす、翌朝1分のライティング法

　この記事では、実際のアウトプットの方法について説明していきます。

　この勉強法は「1分間ライティング」といいます。

　何かを「書く」ためのノート、またはA4のコピー用紙などを準備してください。

　筆記用具は書きやすいものであれば特に限定はしませんが、鉛筆やシャープペンシルよりペンをおすすめします。

　そして、実際に1分間ライティングを使った勉強をいつ行うかですが、そのタイミングは『「ひとつずつ理解してから進む」は間違い⁉ 記憶力日本一が教える正しい記憶法「3サイクル反復速習法」とは？』で解説した3サイクル反復速習法と連動させてください。タイミングは、3サイクル反復速習法を行った次の日です。理想は次の日の朝です。

　なぜなら、記憶は寝ているあいだに整理され定着するからです。脳が編集してくれたフレッシュな記憶の状態でライティングを行えば効果抜群です。

●　アスリートのように、知識を反射で出せる脳をつくる

　ここで、最初に心に留めておいてほしいことがあります。この勉強法の最終目標は、トップアスリートたちのように脳の自動化を可能にすることです。

　たとえば、プロテニス界においてトップ選手ともなると、サーブは200キロ近いスピードになります。その瞬きも許されないような速さのボールを、レシーバーは打ち返すことができます。なぜそんなことができるのでしょう。

　それは、練習や試合の経験の積み重ねによってレシーバーの脳がボールの速さ、コース、自分のラケットの角度などを自動的に瞬時に判断してくれるようになっているからです。

　1分間ライティングの目指すところはこのレベルです。

　何かについて問われたら時間をかけてやっと思い出せるのではなく、反射的に答えることができるレベルを目標においてください。

　当然、そのレベルの知識はいつでも取り出せる使える知識になったということです。

　さあ、勉強のトップアスリートを目指して始めてみましょう。
●　止まることなく、1分間ひたすら文章を書き続ける

　先述したように、1分間ライティングで書く内容は前日に行った3サイクル反復速習法の復習です。前日に読んで覚えた内容を言葉で再現できるか確認するのが目的です。

　アウトプットの仕方は「単語」ではなく、ここでは「文章」で書くようにします。

　最初に、前日勉強した範囲で出てきたキーワードを一つ決めます。そのキーワードは用語でもいいですし、問題の形にしてもよいでしょう。

　たとえば、日本史であれば「飛鳥文化の特色は何か？」といったもので構いません。そのキーワードをスタート地点にして、関連事項をどんどん文にしていきます。

　リラックスを心がけて、頭の中の情報を苦労してひねり出すというよりも、ふと浮かんできたり、連想したりしたものをきっかけにして、芋づる式にずるずると文章にしてつなげていく感覚です。

　あくまで、目的は頭の中の「見える化」です。

　人に理解してもらうわけではないので、文章をまとめる必要はありません。文のつながりがおかしくても、まったく問題ないのです。

　キーワードに関連すると思えることであれば、なんでも思いついたままを書いていきます。思いつくままなので、当然書いていく項目の順番にはこだわりません。

　とにかく、肩の力を抜いて手を止めずに書き続けることです。

　慣れないうちは、頭の中のことをそのまま文にするというのは結構難しい作業です。何も浮かんでこないことも多いかもしれません。

　そんなときは、キーワードのみを書き続けてください。

　そのうち頭にひっかかるものが出てくれば、またそこから連想して続けていけばよいのです。

　そこまでしても本当に何も浮かばないときは、「何も浮かばない。何も浮かばない。でもそのうち何か浮かんでくるはず……」などと書き続けてもらっても結構です。

　大事なのは、脳の中身を引き出そうとする意識です。

　その意識を持ちつつ手を動かし続けることによって、脳と手を直接つなぐ回路が形成され、最終的に脳の自動化につながるのです。

　ある知識を反射的に書き出すことができれば、それは頭に入っている「使える知識」であることの証明になるのです。

●　制限時間を設けることで、最高レベルの集中力を引き出す

　ライティングには時間の制限を設けます。そのためにタイマーを用意してください。

　脳の編集したがる意識を排除するために、ライティングにかける時間は、1キーワードにつき1分間に設定します。

　最初のうちは、1分間といえども少し戸惑うかもしれませんがすぐに慣れてきます。

　続けているうちにコツのようなものがつかめてくるので、自分の頭の中を文字にして表現することがそのうち楽しくなってくるはずです。

　制限時間を1分間にする理由は、最高レベルの集中力を引き出すためでもあるのです。

　脳は、時間を制限されたほうが本気になって働いてくれる性質を持っています。

　心理学では「締め切り効果」などと呼ばれています。

　1分間という短い制限時間で、脳により危機感を持たせましょう。

　1分間ライティングの主な目的は記憶の確認と強化ですが、この勉強法を続けていくことにより、脳の反射神経が鍛えられ頭の回転も同時に速くなっていきます。
●　「1分間ライティング」終了直後、脳が知識の吸収モードに！

　1分間ライティングが終了したとします。

　終了後に思い出したことがあったとしても、追加はしないでください。あくまで目的は現状の記憶レベルの確認ですので。

　1分間ライティングの評価の基準として、1分間手を止めずに書き続けることができ、さらに制限時間が終了した後も書き続ける内容が残っているようであれば合格といえるでしょう。そのぐらいであれば、ライティングで選んだ学習内容はかなりのレベルで記憶できているといえます。

　1分間書き続けることはできたけれど、とぎれとぎれだった場合はまだ記憶にあいまいなところがあるということです。

　さらに1分間ほとんど必要なことが書けなかった人がいるかもしれませんが、頭の中の知識を思い出して、書き続けるというのは最初のうちはとても大変な作業です。

　そもそも、ライティングを行ったこと自体に意味があります。

　なぜかというと、ライティングの行為自体が経験の記憶となって、のちのち覚えたものを思い出しやすくする効果があるからです。

　しかしながら、合格レベルのライティングができなかった場合には復習が必要です。その復習はできればライティング直後が適しています。

　復習といっても、その範囲を一度読むだけで構いません。なぜなら1分間ライティングが終了した後は、脳が足りない部分を埋めようとしている状態になっているからです。

　脳が吸収モードになっているため、足りないところをピンポイントで補完しようとしてくれるのです。その機を逃さず復習しましょう。

　そして復習後、もう一度だけその項目について集中して1分間ライティングを行ってください。1回だけでOKです。それ以上行うと勉強のリズムが崩れます。

　そうしてまた次の範囲の3サイクル反復速習法に戻るようにしてください。
池田義博",[],[]
【思考のクセ】三流は「完璧を目指す」、二流は「8割で満足する」、では一流は？（ダイヤモンド・オンライン）,https://news.yahoo.co.jp/articles/1b8c06a3d0e61a8d36d515c1545caf36e535745f,https://newsatcl-pctr.c.yimg.jp/t/amd-img/20251216-00377060-diamond-000-1-view.jpg?exp=10800,2025-12-16T07:50:25+09:00,2025-12-16T07:50:25+09:00,ダイヤモンド・オンライン,diamond,ダイヤモンド・オンライン,1671,"Photo: Adobe Stock
「“考えすぎ”から解放された」
そんな感想が国内外から届いているのが、世界150万部突破・39か国刊行のベストセラーとなっている『STOP OVERTHINKING ── 思考の無限ループを抜け出し、脳が冴える5つの習慣』だ。Amazon.comでも13,000超のレビューで世界が絶賛する話題書がついに日本上陸。本書によって日本人が考えている以上に「考えすぎ」が恐ろしい事態を招くことがわかった。今回はライターの照宮遼子氏に寄稿いただいた。（構成/ダイヤモンド社書籍編集局）

●　「もう終わりだ」と本気で思った、あの日

　以前、センター試験（現・共通テスト）で思ったように点が取れず、自己採点しながら、頭が真っ白になった。
　赤ペンを持つ手が震え、時計の音がやけに大きく響いた。

　「もう大学に行かずに働くしかない」
　――家庭の事情で国公立一本だった私は、急に世界が暗くなった気がした。

　たった一度の試験で、人生のすべてが決まる。
　そう信じ込んでいたあの頃の私は、未来を見る余裕すらなかった。
　今振り返れば、あれは「思考のクセ」にとらわれ、状況を過大に解釈していたにすぎない。

●　世界的ベストセラーの教え

　この冬も日本で話題となっている、全世界150万部突破のベストセラー『STOP OVERTHINKING』の著者ニック・トレントン（行動心理学修士）もこう述べている。

一人の男性の行動を見て「男はみんなこうだ」とか、一度しか起きていない出来事なのに「いつもこうだ」とか言ったりする。
こうした過度の一般化はリスクを高め、不安を増やし、完璧主義の思考を強める。
――『STOP OVERTHINKING』（P.187）より
　この「過度の一般化」は、日常のあちこちに潜んでいる。
　取引先との商談で一度だけ連絡がつかなかっただけで、「自分は運が悪い」と思い込む。
　慣れない仕事で小さなミスをすると、「やっぱり自分には向いていない」と落ち込む。

　一度きりの出来事を「いつものこと」と思い込むたび、不安は増していく。
　次こそ失敗はできないと力が入り、完璧を求めるほどに、また同じミスを繰り返してしまう。そうして、心は少しずつ消耗していく。

●　悪循環を断ち切る法

　この悪循環を断ち切るには、まず言葉に注目してみよう。

　「まただ」「いつもそうだ」「やっぱりな」
　――そんな口癖が出てきたら、思考が広がりすぎているサインかもしれない。

　次に、「事実」と「解釈」を分けてみる。
「一度タイミングが合わなかった」と「自分は運が悪い」はまったく違う。
　慣れない仕事がうまくいかないのは当然のことだ。

　本書が勧めるのは、「これは一度の出来事にすぎない」と自分に言い聞かせること。
　サンプル数の少ない経験を、人生の法則にしてはいけない。

　もちろん、完璧を目指すこと自体は悪くない。
　けれど、一度の失敗を「自分の本質」と結びつけてしまうと、心が持たなくなってしまう。

●　「三流」「二流」と「一流」の決定的な違いとは？

　失敗は、ただの一度の出来事にすぎない。
　それ以上でも、それ以下でもない。
　事実と解釈を切り分け、適切な対処ができるようになると、肩の力がふっと抜ける。

　私はこれまで数々のプロフェッショナルを取材してきた。
　その中で学んだことは、三流の人は「完璧を目指し」てしまい、二流の人は「8割で満足する」という考え方のクセがある。
　一方、一流の人は「事実」と「解釈」を分け、「これは一度の出来事にすぎない」と自分に言い聞かせる。この決定的な思考グセの違いは、その後の運命を大きく決定づける。

　センター試験のあの日から何年も経って、ようやく、思考グセの大切さを再認識した。本書に感謝したい。

　（本稿は『STOP OVERTHINKING ――思考の無限ループを抜け出し、脳が冴える5つの習慣』に関する特別投稿です）
照宮遼子",[],[]
【そりゃ東大受かるわけだ】勉強のできる子が実践する「教科書の見出し」を使った“最強の勉強法”（ダイヤモンド・オンライン）,https://news.yahoo.co.jp/articles/142dcbb1879973156283f0a73bd4a985932279f1,https://newsatcl-pctr.c.yimg.jp/t/amd-img/20251216-00377219-diamond-000-1-view.jpg?exp=10800,2025-12-16T07:45:29+09:00,2025-12-16T07:45:29+09:00,ダイヤモンド・オンライン,diamond,ダイヤモンド・オンライン,2025,"Photo: Adobe Stock
歴史が苦手な人は「具体（下）」から覚える。東大生が知る「幹（上）」から掴む記憶術
【高校にも塾にも通わず、完全独学で東大合格！】――しかも、首席合格とわずか3点差のほぼトップ合格！『成績アップは「国語」で決まる！ 偏差値45からの東大合格「完全独学★勉強法」』（ダイヤモンド社）の著者は、中学3年生のときに「東大合格」を宣言。高校にも塾にも通わず、完全独学で東大合格を目指したけれど……全国模試は「偏差値45」。そこで、徹底的に「国語」鍛えるという“大逆転の勉強法”を編み出す。勉強の大半を「読書に費やす」という常識外れの戦略で、全科目の成績が軒並みアップ！ すべての科目は結局、国語の力がモノをいうことがわかった。コスパとタイパを徹底し、四コマ漫画や恋愛ゲームで楽しみながら学力を高める方法から勉強への合理的なモチベーションの高め方までを徹底指南。超★実践的な成績アップ法を初公開する。
※本稿は、『成績アップは「国語」で決まる！ 偏差値45からの東大合格「完全独学★勉強法」』（ダイヤモンド社）より一部を抜粋・編集したものです。

●　歴史学習を「暗記」で終わらせない方法

　読解力を上げるのに有益なのが、「上の言い換え」と「下の言い換え」の切り替えです。

　少し難しい言い方をすると、上の言い換えとは「上位概念への抽象化」、下の言い換えは「下位概念への具象化・具体化」です。

上の言い換え＝上位概念への抽象化（→まとめていうと・要するに）
例：「まとめていうと野菜」
下の言い換え＝下位概念への具象化・具体化（→たとえば）
例：「たとえば、それはトマト、ブロッコリー、キュウリ」
●　歴史学習を「暗記」で終わらせない方法

　日本史や世界史を勉強する際にも、「上の言い換え」と「下の言い換え」は有効です。

　歴史の暗記モノでは、「下の言い換え（たとえば）」で、年号や人名などの具体例ばかりをインプットしようとする傾向が強いと思います。

●　東大が試す「まとめる力」の正体

　ところが、東大入試の歴史では、「上の言い換え（まとめていうと・要するに）」がわかっていないと、答えられない問題が“必ず”出題されます。

　「1960年代に生じたアジア・アフリカの政治的解放にともなう諸戦争について論じよ」「東アジアの伝統的な国際関係の在り方はどう変化したか論じよ」といった具合です。

●　「点」の暗記では、「流れ」はつかめない

　東大の例を見て「自分には関係ない」と思うのは早計です。なぜなら、これは歴史学習で最も効率的な方法を示唆しているからです。

　人名や年号といった「下（具体例）」ばかりを追いかけても、それらは記憶の「点」にしかなりません。テスト範囲が広がれば、その「点」はすぐに記憶からこぼれ落ちてしまいます。

　「1960年代のアジア・アフリカの政治的解放（上）」という大きな「流れ」や「幹」を先に理解していれば、ベトナム戦争（下）やアフリカの年（下）といった個別の出来事（枝葉）は、「あの話の具体例だな」と自然に結びつきます。

　「上の言い換え」で幹を掴むことこそが、無数の枝葉を記憶に定着させる最強のアンカー（錨）になるのです。

●　教科書が「最高の論述テキスト」に変わる

　この力は、特別な訓練をしなくても、日々の学習で鍛えられます。その秘訣は、教科書の「見出し」や「章タイトル」を徹底的に意識することです。

　たとえば、「◯◯時代の経済発展」という章タイトル（上）があったら、「その具体例（下）は何か？」を探しながら読む。「◯◯の乱」という出来事（下）が出てきたら、「まとめていうと、これは何（上）が原因か？」と自問するのです。

　この「上」と「下」の往復運動を意識するだけで、退屈だった教科書が、「問い（上）」と「答え（下）」で構成された最高の論述テキストに変わります。わざわざ高い問題集を買わなくても、知識を整理し、論理的に説明する力が勝手に身についていきます。

●　歴史を「使える武器」にするために

　歴史を学ぶ本当のメリットは、過去の出来事を暗記することではありません。

　現代の社会で起きている複雑なニュース（下）を見たときに、「まとめていうと、この問題の本質は◯◯だ（上）」と見抜いたり、「たとえば、これは歴史上の◯◯のパターンと似ている（下）」と応用したりする力こそが重要です。

　「上の言い換え（要するに？）」と「下の言い換え（たとえば？）」を使いこなすことは、歴史を「単なる暗記科目」から、未来を予測し、問題を解決するための「思考の武器」に変える、最も確実なトレーニングなのです。

　※本稿は、『成績アップは「国語」で決まる！ 偏差値45からの東大合格「完全独学★勉強法」』（ダイヤモンド社）より一部を抜粋・編集したものです。
神田直樹",[],[]
目ん玉が飛び出るほど無能な管理職は「ごほうび」で人を動かす。じゃあ、いい管理職は？（ダイヤモンド・オンライン）,https://news.yahoo.co.jp/articles/2b08ed1588a9455d02d579b4b71f8b0801cea836,https://newsatcl-pctr.c.yimg.jp/t/amd-img/20251216-00377716-diamond-000-1-view.jpg?exp=10800,2025-12-16T07:40:25+09:00,2025-12-16T07:40:25+09:00,ダイヤモンド・オンライン,diamond,ダイヤモンド・オンライン,1773,"Photo: Adobe Stock
「嫌いな同僚がいなくなった」
「出世する未来を描けて、自信がついた」
そんな感想が届いているのが、安藤広大氏の著書『リーダーの仮面』『数値化の鬼』『とにかく仕組み化』『パーフェクトな意思決定』シリーズ四部作だ。これまで4500社以上の導入実績があるマネジメント法「識学」をもとに、ビジネスの現場で「数字に強くなれる」「仕組みで解決できる」という思考法を授ける本シリーズは、さまざまな企業・業界・個人から圧倒的な支持を集めている。この連載では、全ビジネスパーソンに必須の「リーダーシップ」のあり方について指南する。（構成/ダイヤモンド社・種岡 健）

●　無能な管理職は「ごほうび」で人を動かす

　部下を動かすために、褒める、モノを与える。

　これらは一見、モチベーションを高める合理的な手段のように思えるかもしれません。

　しかし、そうした「ごほうび型」のマネジメントが、チームを破壊する原因になることもあります。

●　「ごほうび」が生む“条件付きのやる気”

　無能な管理職ほど、部下の行動をコントロールするために「ごほうび」を使いたがります。

　「これが終わったら休暇をあげるから」
「結果を出したら昇進を検討するよ」
「◯◯さんはよく頑張ってくれているね、他の人も見習ってほしいな」

　こうした言葉は、表面的には前向きに見えますが、裏には「報酬がなければ動かないでしょ？」という前提があります。

　つまり、ごほうびでしか人を動かせない管理職は、自分が信頼や尊敬を得られていないことを自覚していないのです。

●　「動機づけ」ではなく「依存」を生む

　ごほうびで人を動かすマネジメントは、部下を報酬依存にします。

　結果として、言われたことしかやらない、評価されることしかやらない人材が量産されます。

　チーム全体が「やらされ感」に覆われ、自律性も創造性も失われていきます。

　そのうち、ごほうびがなければ動かない「受け身の人材」が増えていき、最悪の場合は、報酬が得られないと不満を漏らす「クレクレ社員」が生まれてしまうのです。

●　では、優れたリーダーはどうしているのか？

　『リーダーの仮面』という本では、次のように書きました。

リーダーは、部下に“自分で考えさせること”を意図的に仕掛けるべきだ。
行動量を評価することで、組織の行動総量を最大化するのだ。
――『リーダーの仮面』より
　つまり、優れたリーダーは「行動量」に着目します。

　褒めるときも「◯◯という行動を取ったことが良かった」と具体的に伝え、報酬の有無とは関係なく、自律的に行動できる土台を育てているのです。

●　ごほうびではなく、「意図と仕組み」で動かす

　リーダーの仕事は、部下を動かすことではなく、「動くように仕組みを作ること」です。

　「自分が何かを与えないと動かない」という時点で、マネジメントとしては負けです。
　部下の自律性を引き出し、自分で考えて動くチームを作るには、「ごほうび」ではなく「構造」で考える必要があります。

　リーダーは、仮面をかぶりましょう。
　たとえ“いい人”でいたくても、部下にお菓子を配って笑顔を引き出すだけでは、本当に信頼されるリーダーにはなれません。

　甘やかすのではなく、育てるために、自分の役割を意識的に演じることが大切なのです。

　（本稿は、『リーダーの仮面』の著者・安藤広大氏が書き下ろしたものです）

安藤広大（あんどう・こうだい）
株式会社識学 代表取締役社長
1979年、大阪府生まれ。2002年、早稲田大学を卒業後、NTTドコモ、ジェイコムホールディングス、ジェイコム取締役営業副本部長を経験。プレイングマネジャーとして「成長しないチームの問題」に直面し悩んでいたときに「識学」に出合い、2013年に独立。多くの企業の業績アップに貢献した。2015年、株式会社識学を設立。わずか4年足らずで上場を果たし、これまで9年間で約4500社に識学メソッドが導入されている。著書にシリーズ累計178万部を突破した『リーダーの仮面』『数値化の鬼』『とにかく仕組み化』（ダイヤモンド社）がある。『パーフェクトな意思決定』はシリーズ最新刊。
安藤広大",[],[]
「感じのいい人」が当たり前のように意識していること（ダイヤモンド・オンライン）,https://news.yahoo.co.jp/articles/c41820c545274e303b19971ec547f5f1c2cb2440,https://newsatcl-pctr.c.yimg.jp/t/amd-img/20251216-00377747-diamond-000-1-view.jpg?exp=10800,2025-12-16T07:40:25+09:00,2025-12-16T07:40:25+09:00,ダイヤモンド・オンライン,diamond,ダイヤモンド・オンライン,1387,"Photo: Adobe Stock
「感じのいい人」が当たり前のように意識していることとは何か。
次々と新たなビジネスを仕掛ける稀代の起業家、佐藤航陽氏。「これからどう生きるか？」を徹底的に考察した超・期待作『ゆるストイック』を上梓した。これからの生き方として重要なキーワードは、「ストイック」と「ゆるさ」。令和のヒーローたち（大谷翔平、井上尚弥、藤井聡太…）は、なぜストイックに自分に向き合い続けるのか。『ゆるストイック』では、「どのように日常を過ごしていくべきか」を言語化し、誰でもできるプロセスとしてみなさんに共有する。（構成/ダイヤモンド社・種岡 健）

●　「自然体」が最も強い

　努力や挑戦の場面では「気合を入れる」ことが強さの証と思われがちです。

　しかし、実際には無理に力を込めるよりも「自然体」でいることが最も強さを引き出します。

　自然体とは、自分らしさを保ちながら柔軟に状況に対応できる状態です。
　特に、「感じのいい人」は、「自然体でいること」を常に意識し続けているのです。

●　力みが「成果」を妨げる

　過剰な意気込みは、体を硬直させ、思考を狭めます。

　スポーツで緊張のあまり実力を発揮できない場面や、仕事で空回りしてしまう状況は、力みによる弊害です。

　力みをなくし、自然体で臨むことが成果につながります。

●　自然体がもたらす「柔軟性」

　自然体でいると、状況に応じた最適な判断ができます。

　余裕があるため、突発的な出来事にも冷静に対応できます。

　これは、力を込めすぎている状態では得られない柔軟性です。
　自然体は「最も安定した集中」をもたらします。

●　「自然体を保つ」ための習慣

　自然体を保つには、普段から心身をリラックスさせる習慣を持つことが重要です。

　深呼吸、適度な運動、十分な休養などが自然体の基盤を支えます。
　習慣的な余裕が、重要な場面で自然体を実現させるのです。

　「自然体」でいることは、怠けではなく、本来の力を最大限に発揮するための姿勢です。
　力みを取り除き、柔軟に対応できる状態こそが最も強いのです。

　無理をせず、自然体で淡々と積み重ねる姿勢。これが、「ゆるストイック」の実践です。
　私たちもまた、自然体の強さを信じ、ゆるストイックに生きましょう。

佐藤航陽（さとう・かつあき）
株式会社スペースデータ　代表取締役社長
1986年、福島県生まれ。早稲田大学在学中の2007年にIT企業を設立し、代表取締役に就任。ビッグデータ解析やオンライン決済の事業を立ち上げ、世界8ヵ国に展開する。2015年に20代で東証マザーズに上場。その後、2017年に宇宙開発を目的に株式会社スペースデータを創業。コロナ禍前にSNSから姿を消し、仮想現実と宇宙開発の専門家になる。今は、宇宙ステーションやロボット開発に携わり、JAXAや国連と協働している。米経済誌「Forbes」の30歳未満のアジアを代表する30人（Forbes 30 Under 30 Asia）に選出される。最新刊『ゆるストイック』（ダイヤモンド社）は8.5万部を突破した。
また、新しくYouTubeチャンネル「佐藤航陽の宇宙会議」https://youtube.com/@ka2aki86をスタートさせた。
佐藤航陽",[],[]
運が悪い人にかぎって「運が悪い」と口にする。じゃあ、「運がいい人」には何が起こっている？（ダイヤモンド・オンライン）,https://news.yahoo.co.jp/articles/4ec61565855a8608fc939d08bcbc4aee00317e4d,https://newsatcl-pctr.c.yimg.jp/t/amd-img/20251216-00377784-diamond-000-1-view.jpg?exp=10800,2025-12-16T07:30:35+09:00,2025-12-16T07:30:35+09:00,ダイヤモンド・オンライン,diamond,ダイヤモンド・オンライン,1370,"Photo: Adobe Stock
運が悪い人にかぎって「運が悪い」と口にする。じゃあ、「運がいい人」には何が起こっている？
そんなあなたにすすめたいのが、全世界45言語に翻訳され、世界500万部を突破しているベストセラー『やりたいことが見つかる 世界の果てのカフェ』（ジョン・ストレルキー 著/鹿田昌美 訳）だ。「何度読んでもハッとする」「自分と向き合うための最高の良書だ」と話題の一冊から、おすすめの名言について紹介する。（構成/ダイヤモンド社・種岡 健）

●　「運が悪い」と言った瞬間、人生は止まる

　「自分は運が悪い」と口にする人ほど、実は「行動する力」が弱まっています。

　なぜなら、「運のせい」にした瞬間、人生の主導権が外側に移ってしまうからです。

　運とは、待つものではなく、「動いた人にだけ現れるもの」。
　つまり、運の有無より動き始めたかどうかのほうが、はるかに重要なのです。

●　「運がいい人」に起こっている、シンプルな条件

　『世界の果てのカフェ』という物語には、こんなエピソードが出てきます。

ある女性の話をしよう。広告業界で働いているんだ。
彼女は以前、大きな顧客を獲得しようとしていた。それは大きな案件で、他にもたくさんの人が挑戦して失敗していた。
彼女はどうしてもその顧客を獲得すると心に決めた。
プレゼンテーションの準備を始めてから2週間ほど経った頃、彼女のところに、大学時代の友人から電話がかかってきた。ずいぶん長い間、話もしていなかったのに。
近況を話しているうちに仕事の話になり、彼女は、その顧客を獲得したいという話をした。
するとなんと、その大学時代の友人の友人が、まさに彼女が狙っていた会社で働いていたことがわかったんだ。
何度か電話でやりとりした後に、3人で夕食に行った。
そして数週間後、案の定、その女性は契約を獲得したんだ。
――『世界の果てのカフェ』（第16章）より
　この女性が「運がよかった」と言えるのは、たまたまチャンスが舞い込んだからではありません。

　「絶対に獲得する」と決めていた。
　その思いが、話す内容・行動・つながり方を変えた。

　「強い意志」が、「偶然との接点」をつくったのです。

●　「強い意志」が偶然を引き寄せる

　運がいい人の共通点は、「まず、やる」と決めていること。
　決めてしまえば、行動の幅が広がり、思わぬ人脈や情報に出会える。

　つまり、運とは流れ星のように落ちてくるものではなく、灯りをつけた人だけが見つけられる「道標」のようなものです。
　自分の中に灯りがあれば、偶然に見える出来事も、「意味のある出会い」として受け取れます。

●　運は「灯すもの」

　「運が悪い」と言う人は、行動を止めてしまいます。

　しかし「やる」と決めた人は、偶然をチャンスに変える力を持つようになります。

　運がいい人に起こっているのは、不思議な幸運ではありません。
「意志ある行動」によって、偶然が味方に変わっていく現象なのです。

　運は天から降ってくるものではなく、自分の内側に灯した火に向かって寄ってくる。
　それが、運の正体なのです。

　（本稿は、『世界の果てのカフェ』の発売を記念したオリジナル記事です）
ダイヤモンド社書籍編集局",[],[]
【一発アウト】身近な人が亡くなった直後の「絶対NG行動」とは？（ダイヤモンド・オンライン）,https://news.yahoo.co.jp/articles/2d1aede1b21431fd8aaabed1932b170b9b54c16c,https://newsatcl-pctr.c.yimg.jp/t/amd-img/20251216-00379434-diamond-000-1-view.jpg?exp=10800,2025-12-16T07:15:33+09:00,2025-12-16T07:15:33+09:00,ダイヤモンド・オンライン,diamond,ダイヤモンド・オンライン,1016,"Photo: Adobe Stock
【一発アウト】身近な人が亡くなった直後の「絶対NG行動」とは？
大切な人を亡くした後、残された家族には、膨大な量の手続が待っています。しかも「いつかやろう」と放置すると、過料（行政罰）が生じるケースもあり、要注意です。本連載の著者は、相続専門税理士の橘慶太氏。相続の相談実績は5000人を超え、現場を知り尽くしたプロフェッショナルです。このたび、最新の法改正に合わせた『ぶっちゃけ相続「手続大全」【増補改訂版】』が刊行されます。本書から一部を抜粋し、ご紹介します。

●　身近な人が亡くなったら、すぐにチェック！

　本日は「身近な人が亡くなったときの手続」についてお話をします。年末年始、相続について家族で話し合う際、ぜひ参考にしてください。

　故人が年金を受給していた場合、国民年金は14日以内、厚生年金は10日以内に、受給停止の手続をしなければなりません。

●　手続が必要な人、不要な人

　日本年金機構にマイナンバーが収録されている方については、役所に死亡届を提出することによって、その情報が年金事務所にも共有されるため、手続は不要です。日本年金機構に故人のマイナンバーが収録されているかどうかを知るには、年金事務所に確認をする必要があります。

　一方、マイナンバーが収録されていなかった場合には、「受給権者死亡届（報告書）」に必要事項を記入し、故人の年金証書と、死亡診断書のコピー等を添えて、年金事務所または年金相談センターに提出します。

　なお、故人が障害基礎年金、遺族基礎年金のみを受けていた場合には、提出先は年金事務所ではなく、役所になります。

●　知らないうちに不正受給!? 絶対NG行動とは？

　「亡くなったはずの両親の年金を何年間も不正受給していた」というニュースが流れることがありますが、死亡届を提出しないと、本来もらえないはずの年金が支給され続け、後々大きな問題になることもあります。

　身近な人が亡くなったとき、「悲しみの中でつい後回しにしがち」なのがこうした手続です。しかし、マイナンバーが日本年金機構に収録されていなかった場合には、役所への死亡届だけでは手続が完了しません。「受給権者死亡届（報告書）」を提出し、年金の受給停止手続を行いましょう。

　（本原稿は『ぶっちゃけ相続「手続大全」【増補改訂版】』の一部抜粋・編集を行ったものです）
橘慶太",[],[]
【整体プロが指南】「あれ？ 顔変わった？」老け込みやすい人の共通点（ダイヤモンド・オンライン）,https://news.yahoo.co.jp/articles/71f7c773edd1312930d1d3a6a7572e96535ae271,https://newsatcl-pctr.c.yimg.jp/t/amd-img/20251216-00378454-diamond-000-1-view.jpg?exp=10800,2025-12-16T07:15:33+09:00,2025-12-16T07:15:33+09:00,ダイヤモンド・オンライン,diamond,ダイヤモンド・オンライン,2256,"写真：ダイヤモンド・オンライン
久しぶりの飲み会でみんなと写真を撮ったのに、自分の顔を見て
「なんだか顔が長くなってる…？」「人中（鼻の下のタテの溝）が間延びしてる…？」
と驚いたことはありませんか？
自力整体の指導者・矢上真理恵さんは、「首や肩のこわばりは顔の印象に直結する」と指摘します。
その理由や、自宅で簡単にできるセルフ整体をまとめたのが新刊『すっきり自力整体』。
整体・鍼灸の理論をベースに、全国で約1万5000人が実践する人気メソッドです。
今回は、忙しい女性でも1分でできる“フェイスライン整えワーク”をピックアップしてご紹介します。
監修：矢上 裕（矢上予防医学研究所所長/自力整体考案者/鍼灸師・整体治療家）
写真：榊智朗　構成：依田則子
【この記事の画像を見る】
●　首が詰まっていませんか？

　お顔の悩み、じつはスマホやPC作業で首が前に出るクセが原因かもしれません。

　スマホやPCを長時間使うと、首が前に出る「スマホ首」（ストレートネック）になりやすく、肩コリ、頭痛、めまいなどの不調を招くことがあります。

　しかし、それ以上に注意したいのが、首の詰まりが顔の印象にまで影響すること。

　首や肩が固まると、フェイスラインが下がり、顔全体が長く見え、疲れた印象になってしまいます。

　これは、首が前に出た状態が続くことで、頸椎（けいつい）がつねに緊張状態になるから。
　硬く縮んだ頸椎は、血流やリンパのめぐりも滞らせ、顔の印象にまで影響します。

●　首の緊張をほぐす習慣を

　首の緊張をほぐすだけでも、顔まわりの印象はぐっと若々しくなります。

　実際、自力整体の書籍執筆の際、体験モニターとして参加された50代女性も顔の印象ががらりと変わりました。

　体験モニタースタート時、長時間のデスクワークにより首が詰まり、顔のたるみが目立ち、実年齢よりかなり年上に見える状態。

　ところが、自力整体を続けることで首の詰まりが解消され、顔が引き締まり、驚くほど若々しい印象に変わったのです。

●　タオル1本でできる！ 「首ほぐし」のワーク

　そこで、手軽にできておすすめの自力整体は、タオルを使った「首ほぐし」のワーク。

　1分ほどで、硬く縮んだ頸椎をゆるめ、血流やリンパのめぐりを促します。

　フェイスラインのリフトアップはもちろん、目の奥の神経（視神経）の緊張もゆるめ、眼精疲労の回復にも役立ちます。

　実践は、次の画像を参考におこないましょう（※画像は『すっきり自力整体』より）。

　◎「首ほぐし」のワーク

　【手順1】
　◆タオルを用意。首の後ろの毛髪の生え際あたりにタオルをひっかける（タオルは耳たぶの下）

　【手順2】
　◆頭は脱力させたまま、タオルを左右交互にゆっくり押し出す。数回繰り返す
　POINT：タオルの動きに合わせて、首が引っ張られるようにおこなうことで、頚椎のコリがほぐれる

　時間に余裕のある日は、書籍『すっきり自力整体』で紹介している動画でわかる「20分ショートレッスン」で、全身をしっかり整えるのもおすすめです。

　※『すっきり自力整体』では、このほかにも整体プロの技法を応用したデトックスメソッドを多数掲載。老廃物の排出、コリや痛みの緩和、不定愁訴やゆがみの解消まで、自分でできる整体の実践法を紹介しています（★54分の動画付き）。

矢上 真理恵（やがみ・まりえ）
矢上予防医学研究所代表取締役
1984年、兵庫県生まれ。高校卒業後単身渡米、芸術大学プラット・インスティテュートで衣装デザインを学び、ニューヨークにて独立。成功を夢見て、徹夜は当たり前、寝るのはソファの上といった多忙な生活を続けた結果、心身のバランスをくずし動けなくなる。そのとき、父・矢上裕が考案し約1万5000名が実践している「自力整体」を本格的に学び、心身の健康を取り戻し、その魅力を再発見。その後、自力整体ナビゲーターとして、カナダ、ヨーロッパ各地、イスラエルにて、クラスとワークショップを開催。さらに英国の名門セントラル・セント・マーチンズ大学院で「身体」をより体系的に学び、2019年に帰国。現在、国内外の人たちに自力整体を伝えながら、女性のための予防医学をライフワークにしている。著書に、『すごい自力整体』『すぐできる自力整体』（ダイヤモンド社）がある。

自力整体オフィシャルウェブサイト
https://www.jirikiseitai.jp/

監修者：矢上 裕（やがみ・ゆう）
矢上予防医学研究所設立者、自力整体考案者、鍼灸師・整体治療家
1953年、鹿児島県生まれ。関西学院大学在学中の2年生のとき、予防医学の重要性に目覚め、東洋医学を学ぶため大学を中退。鍼灸師・整体治療家として活躍するかたわら、効果の高い施術を自分でできるように研究・改良を重ね「自力整体」を完成。兵庫県西宮市で教室を開講、書籍の出版やメディア出演などで注目され、全国から不調を抱える人々が続々と訪れるようになる。現在約400名の指導者のもと、約1万5000名が学んでいる。著書に『自力整体の真髄』『はじめての自力整体』『100歳でも痛くない 痛みが消える自力整体』（ともに新星出版社）など多数。自力整体の書籍は累計32冊、総発行部数は77万部を超える。遠隔地の人のために、オンライン授業と通信教育もおこなう。
※自力整体は矢上裕の登録商標です。
矢上真理恵",[],[]
【精神科医が教える】不安に襲われがちな人が無意識にやっているNG行動（ダイヤモンド・オンライン）,https://news.yahoo.co.jp/articles/797c63c66df0efd2741f773f53ba4c8e5336ea1a,https://newsatcl-pctr.c.yimg.jp/t/amd-img/20251216-00376686-diamond-000-1-view.jpg?exp=10800,2025-12-16T07:15:33+09:00,2025-12-16T07:15:33+09:00,ダイヤモンド・オンライン,diamond,ダイヤモンド・オンライン,2382,"Photo: Adobe Stock
なぜか不安が消えない…精神科医が指摘する「思考の癖」とは？
誰にでも、悩みや不安は尽きないもの。とくに寝る前、ふと嫌な出来事を思い出して眠れなくなることはありませんか。そんなときに心の支えになるのが、『精神科医Tomyが教える 1秒で悩みが吹き飛ぶ言葉』（ダイヤモンド社）など、累計33万部を突破した人気シリーズの原点、『精神科医Tomyが教える 1秒で不安が吹き飛ぶ言葉』（ダイヤモンド社）です。ゲイであることのカミングアウト、パートナーとの死別、うつ病の発症――深い苦しみを経てたどり着いた、自分らしさに裏打ちされた説得力ある言葉の数々。心が沈んだとき、そっと寄り添い、優しい言葉で気持ちを軽くしてくれる“言葉の精神安定剤”。読めばスッと気分が晴れ、今日一日を少しラクに過ごせるはずです。

●　不安に襲われる原因は？

　今日は「不安がスッーとなくなる方法」についてお話ししたいと思います。これさえやれば不安がなくなる、というよりも「これをやらなければ不安が増えますよ」という内容です。

　まず、不安がなぜ出てくるのかを考えると、実は「あること」をしている時に不安は出てきます。

　それは何かというと、「追っかける」ことです。考えを「追っかける」癖のある人、いわゆる「チェイサー」（お酒のチェイサーではありませんが）のように、思考を追いかける人は、その時に必ず不安がつきまとうのです。

●　「頭がお暇」な状態は危険

　例えば、ぼーっとしている時に何かを思い出し、「あれはどうなんだろう」「あれはどうなったのかな」「これからどうなるんだろう」と、考えを追っかけ始めると不安が出てきます。私はこれを「頭がお暇」とも表現していますが、物事を追求し、追っかけ始めると、それに伴って必ず不安が生じるのです。

　過去のことを追っかけ始めると、「後悔」「モヤモヤ」「自己嫌悪」につながります。そして、未来のこと、まだ起きていないことを追っかけ始めると、それが「不安」につながるのです。

　結局、考え事を追っかけると、人はネガティブなことに行き着きやすいです。

●　対策①：「今」あるいは「今日1日」に集中する

　不安を消したいなら、この「追っかけ癖」をやめるべきです。そのためには、考えがどこにも行かないこと、つまり「今に集中する」ことが大事です。これは仏教などでもよくいわれる、とても大事なコンセプトです。

　例えば、今こうして私が喋っている間、喋ることだけに集中していると、不安は頭をもたげません。しかし、頭がお暇になって、「今度のプレゼン、大丈夫かな」「健康診断の結果はどうだろう」などと違うことを考え始めると、必ず不安になります。

　ただ、「今に集中する」と言っても、本当の「今この瞬間（0秒）」だけを考えるのは哲学的で非常に難しい話になってしまいます。

●　心は意外と楽に回復していく

　そこで、現実的に不安を減らすための「今」の幅として、私は「今日1日」くらいに設定するのが良いと思います。1時間後のことを考えても、その1時間後にはまた次の1時間のことを考えてしまいます。

　「今日1日のことだけ考える」と決めるのです。そうすると、人間は結構強くなれますし、不安も起きにくくなります。

　逆に、今日いろいろあって疲れた時、悩みがいっぱいある時でも、「もう今日は何も考えない。これからは遊ぶし、好きなことしかやらない」と決めてしまうと、心は意外と楽に回復していくものです。

●　対策②：「今日だけ」で済むようにスケジューリングする

　とはいえ、「今日1日のことだけ考える」と言っても、例えば受験生の場合、先のことを考えざるを得ないのは当然です。

　そこで2番目の方法として大事なのが「スケジューリング」です。「今日のことだけ考えていても、とんでもない問題が起きない」ように、あらかじめ物事の予定を組み、スケジュール帳にしっかり書いておくのです。

　手帳を開けば「今日これとこれだけやればいい」ということが明確になっていて、「それさえしていれば、余計なことを考えなくても大事には至らない」という状態を作ります。そのように、しっかりとした予定を組む練習をしてみてください。

●　具体的な「行動」に落とし込む

　私の場合であれば、「1週間後の講演会のスライドを2ページ作る」「今度出す本の原稿を10ページ書く」というところまで今日のスケジュールに落とし込みます。そうすれば、「このペースなら間に合う」と分かり、余計なことを追っかけずに済みます。

　もし、「原稿は間に合うけど、発表がいつも不安だ」という別の要素が残っていると、結局「今度の発表、大丈夫かな」と追っかけてしまいます。ですから、それもスケジューリングするのです。

　「3回練習すれば大丈夫」と思うなら、その3回の練習も「今日は1回目の練習をやる」とスケジュールに組み込みます。このように具体性を持って予定を立てると、考え事を追っかけなくても済むようになります。これは、考え事をするのではなく、なるべく「行動」に落とし込む、とも言えます。

●　「追っかけ癖」をやめましょう

　いろいろとお話ししましたが、不安は「考えを追っかける」と出てきます。この「追っかけ癖」をやめましょう。

　そのためには、「今」あるいは「今日1日」のことだけを考えましょう。それが難しい環境の人は、「今日1日のことさえやれば大丈夫」という状態になるよう、しっかり計画（スケジューリング）を立てるようにすることです。

　※本稿は『精神科医Tomyが教える 1秒で不安が吹き飛ぶ言葉』（ダイヤモンド社）の著者による特別原稿です。
精神科医 Tomy",[],[]
【これ解ける人ほんとにすごい…】「わかったら天才！」と話題の激ムズ思考トレーニング『謎のカード得点』とは？（ダイヤモンド・オンライン）,https://news.yahoo.co.jp/articles/15c5b363b043f7e2b7752294042b7becb0782be6,https://newsatcl-pctr.c.yimg.jp/t/amd-img/20251216-00379324-diamond-000-1-view.jpg?exp=10800,2025-12-16T07:00:36+09:00,2025-12-16T07:00:36+09:00,ダイヤモンド・オンライン,diamond,ダイヤモンド・オンライン,2174,"『もっと!!頭のいい人だけが解ける論理的思考問題』より
「これわかる人、ほんとに天才…！」
と話題になっているのが、書籍『もっと頭のいい人だけが解ける論理的思考問題』（野村裕之著、ダイヤモンド社刊）だ。Google、Apple、Microsoftといった超一流企業の採用試験でも出題され、“考える力”を問うテストとして注目される「論理的思考問題」の傑作を紹介している。前作『頭のいい人だけが解ける論理的思考問題』は2024年の年間ベストセラー4位（ビジネス書単行本/トーハン調べ）になった。
そのシリーズ最新作が登場し、全世代にウケている。「答えを知ったときの驚きがすごい！」「家族で夢中になってます！」と反響を得ている同書から、「わずかな事実から全貌を見抜ける人」だけが解ける問題を紹介しよう。（構成/ダイヤモンド社・石井一穂）
【この記事の画像を見る】
●　“考える力”を叩き直してくれる1問

　AIって、本当に便利ですよね。
　でも、その便利さの裏で、こんな声もささやかれています。

　「AIに頼りすぎると、思考力が落ちる」

　実際、AIに頼るほど“思考のサボり癖”が確実に進むと言われています。

　そこでいま、密かに話題になっているのが、「論理的思考問題」です。
　特別な知識は必要とせず、問題文にある情報と「考える力」のみで解ける論理的思考問題が、「思考力を鍛えるためのトレーニング」として注目されています。

　1問、紹介しましょう。
　あなたの思考力はどうでしょうか。
　さっそく試してみてください。

　「謎のカード得点」

　裏返しになった3枚のカードがある。
各カードの表には異なる数（正の整数）が1つ書かれている。
A,B,Cの3人で3枚のカードを1枚ずつ引いて、引いたカードに書かれた数字がその人の「得点」になる。
このゲームを何回かやった後、それぞれの総得点はこうなった。
 

　A：10点　B：8点　C：18点

　Bは2回目のゲームで、他の2人よりも高い点数を得た。
さて、1回目のゲームで「2番目に得点が高いカード」を引いたのは誰？

　イラスト：ハザマチヒロ
――『もっと!!頭のいい人だけが解ける論理的思考問題』（256ページ）より

　数字が書かれた3枚のカードを引いて、得点を足していく。ここまではシンプルなゲームですね。

　で、問われているのは「1回目のゲームで、2番目に得点が高いカードを引いた人」。

　……はい？

　3枚のカードの数字はおろか、全部で何回ゲームをやったのかもわからないのに？

　わかっているのは、3人の総得点のみ。

　ここを出発点として、少しずつ考えていくしかなさそうですね……。

ヒント1　「いちばん大きいカード」と「いちばん小さいカード」がある
ヒント2　1回のゲームで3人が得る点数の合計は「何点以上」か？
ヒント3　Bの得点に関する情報が超重要
ヒント4　最終的には、誰が、何回目のゲームで、どの数字のカードを引いたか、までわかる
　次のページで正解をお伝えします。

　ぜひ、じっくり考えてみてから、進んでください。
＜正解＞
A
　どうでしょう？
　あなたの出した答えは合っていたでしょうか？

　「3枚のカードに書かれた数字がバラバラということは、3枚の合計値、つまり1回のゲームで得られる得点の合計は少なくとも6点以上」

　「そのゲームが何回か行われて、3人の総得点は36点になった。ということは…」

　問題文には「3人の総得点」くらいしかヒントらしいヒントがないのに、そこを起点にして論理的に考えていくと、ゲームの回数、さらには各回で3人が選んだカードまでわかってしまいます。

　第一印象で情報が少なすぎると思ったとしても、ひとつひとつの手がかりを吟味して深掘りしていく。

　そして、考えられる可能性を洗い出し、ひとつずつ検証していく。

　論理的思考と俯瞰思考の合わせ技が必要な問題でした。

　ちなみにこの問題、論理的思考問題のなかでも「めちゃくちゃ難しい」分類に入ります。なので解けなくても大丈夫です。

　そもそも、東大の大学院入試で出題されています。

　もともと類問が世界中に複数存在しており、それをアレンジしたものが東京大学大学院の入学試験で使われました。

　さすが日本の最高学府、求めているレベルが違いすぎます……。

●　「考える」ことに意味がある

　問題に正解できたかどうかは、関係ありません。

　少しでも「自分の頭で考えた」こと自体に価値があります。

　AIは優れた道具ですが、回答を鵜呑みにするうちに思考力は確実に鈍ります。

　だからこそ、「考える力」が問われる「論理的思考問題」は、

　・情報を正確に読み取る
・状況を整理する
・全体像を俯瞰して考える

　といった“思考の筋肉”を取り戻す絶好のトレーニングになります。

　「考える」という行為自体が、思考力を取り戻すための一歩になるのです。

　（本稿の問題は、『もっと!! 頭のいい人だけが解ける論理的思考問題』から抜粋したものです。書籍では詳しい解説と共に、同様の「考えるだけで賢くなれる問題」を多数紹介しています）
ダイヤモンド社書籍編集局",[],[]
「弊社でどのような仕事がしたいですか？」一瞬で内定をとる人はなんて答える？（ダイヤモンド・オンライン）,https://news.yahoo.co.jp/articles/b0dd0a4a426fdc7f33701b7f2185ba1df801f360,https://newsatcl-pctr.c.yimg.jp/t/amd-img/20251216-00379419-diamond-000-1-view.jpg?exp=10800,2025-12-16T06:55:25+09:00,2025-12-16T06:55:25+09:00,ダイヤモンド・オンライン,diamond,ダイヤモンド・オンライン,1416,"Photo: Adobe Stock
「弊社でどのような仕事をしたいですか？」面接でよく聞かれるこの質問、仕事もしたことがないのにどのように答えたらいいのでしょうか？
『ありのままの自分で、内定につながる　脇役さんの就活攻略書』は、特別な経歴や夢がなかった“普通の就活生”である著者が、1000冊以上の本を読み込み、自分に合った就活メソッドを築き上げ、食品大手を含む22社から内定を獲得した実体験をもとにした、どんな学生でも内定に近づく一冊です。「自己PRで話せることがない」「インターンに参加していない」といった就活に不安を抱く学生と、そっと背中を押したい保護者に読んでほしい就活戦略が満載です。今回は、「弊社でどのような仕事をしたいですか？」に対する一瞬で内定をとる人の答え方について著者である「就活マン」こと藤井氏が特別に書き下ろした記事をお届けします。

●　「絶対にこれがしたい」と断定しないこと

　就活でよく聞かれる質問に、「弊社でどのような仕事をしたいですか？」という質問があります。

　面接官がこの質問をする意図は、企業理解ができているかの確認や、どのような仕事がしたいのか知りたい（そしてそれが実現させられるのか確認したい）などがあります。

　もちろん「絶対にこの仕事がしたい」と確定している人は、それを理由とともに丁寧に説明すれば良いです。

　ですが一方で、僕が大学生のときに感じていた「自分に向いている仕事はよく分からない（だってインターン経験も何もないんだから）」という人は、絶対にこの仕事がしたいという仕事の断定は避けるべきです。

　なぜなら会社ごとに様々な仕事があり、かつその年に配属させたい仕事が異なるからです。

　そんな中、「私はこの仕事が絶対にしたい」という新卒は、『希望の仕事への配属ができなかったらすぐに辞める人』という印象を人事に与えてしまいます。

●　「なんでも大丈夫です」ではなく…

　それでは、絶対にこの仕事だと決まっていない人はどのように答えれば良いのか。

　僕が就活生のときに考えた回答が次のとおりです。

「絶対にこの仕事しかしたくないという希望はなく、目の前の与えらた仕事に全力で取り組んだ先に希望の仕事が見えてくると考えております。一方で、貴社の提案型の営業は私の『人との信頼関係を構築するのが好き』という性格と相性が良いと考えています」
　この回答は、前半で「どんな仕事を与えられても全力で取り組む」という柔軟性をアピールしつつ、後半で適性を伝えることで「しっかりとその企業の仕事を調べてますよ」というアピールにも繋がります。

　この回答は、「希望の仕事はないので、どんな仕事も全力で取り組みます」とは全然違います。こちらは企業理解ができていない印象や、投げやりな印象を与えてしまうからです。

　これらの考え方は、拙書『脇役さんの就活攻略書』でも、「人事に憑依する」という言葉で解説しています。

　とにかく自分が人事の立場に立ったらこの回答を聞いてどう思うかな？ そう徹底的に考え抜くのです。これは就活だけでなく、今後の社会人生活にも役立つ必須スキルの1つなので、就活を通して「相手の立場で考える」というスキルを伸ばしておくと良いですよ。

　（本記事は『ありのままの自分で、内定につながる　脇役さんの就活攻略書』に関連する書き下ろしです）
藤井智也",[],[]
「都会の高校生が山奥に行く」と名門大学に受かる？ 大学の意外な評価軸（ダイヤモンド・オンライン）,https://news.yahoo.co.jp/articles/b208898b0ed060fa8fd9ba387dd4b741fb4d97fc,https://newsatcl-pctr.c.yimg.jp/t/amd-img/20251216-00379429-diamond-000-1-view.jpg?exp=10800,2025-12-16T06:50:26+09:00,2025-12-16T06:50:26+09:00,ダイヤモンド・オンライン,diamond,ダイヤモンド・オンライン,1759,"Photo: Adobe Stock
新刊『12歳から始める 本当に頭のいい子の育てかた』は、東大・京大・早慶・旧帝大・GMARCHへ推薦入試で進学した学生の志望理由書1万件以上を分析し、合格者に共通する“子どもを伸ばす10の力”を明らかにした一冊です。「偏差値や受験難易度だけで語られがちだった子育てに新しい視点を取り入れてほしい」こう語る著者は、推薦入試専門塾リザプロ代表の孫辰洋氏で、推薦入試に特化した教育メディア「未来図」の運営も行っています。今回は、中学生の親御さんにも知っておいてほしい、大学の意外な評価軸について解説します。

●　外に出る人が評価される

　私たちはこれまで、実際に大学に合格した生徒の志望理由書を集め、どんな子が合格しているのかを徹底的に分析してきました。その中で、合格者はいくつかの『合格者の共通点』があることがわかっています。

　その1つが、「越境経験」を持っていることです。自分の世界の外に出た経験を持っている学生が高く評価され、難関大学の先生から高く評価されることが多いのです。

●　越境経験とは、「自分の世界の外に出た経験」

　「越境経験」と聞くと、多くの人が「海外留学」や「異文化交流」を思い浮かべるかもしれません。もちろん、そうした経験は大きなプラスになります。

　しかし、ここで言う越境経験とは、海外経験だけを指すものではありません。“自分の慣れた環境から一歩外に出た経験”を指します。

　たとえば、都会で育った高校生が、地方でフィールドワークを行う。地方の学生が、東京で企業インターンに参加する。異なる学校や年齢層の人と一緒にプロジェクトを進める。

　こうした「国内の越境」でも、大学側は高く評価しています。

　逆に言えば、海外留学経験があるからといって何でもかんでも評価されるわけでは全くありません。「自分の世界の外に出た経験」として自分の糧になっているかどうかを大学側は見ているといえます。

●　なぜ「越境」が評価されるのか

　この越境経験が評価される理由は、日本社会が持つ文化的な特性にあると考えられます。日本は世界の中でも特にハイコンテクスト文化と呼ばれる国です。ハイコンテクストとは、「言葉にしなくても通じる」「空気を読む」ことでコミュニケーションが成立する文化のこと。

　つまり、日本人は“同質性の高い相手と関係を築くのは非常に上手”なのです。一方で、違う価値観や文化背景を持つ相手と関係を築くことには、あまり慣れていません。

　だからこそ、大学は今、「同質性の外に出られる人＝越境できる人」を求めています。

　異なる環境や価値観に触れ、その中で自分の考えを更新できるかどうか。その経験がある人と、そうでない人の差は、面接や志望理由書に明確に現れます。

●　面接で問われる「越境の深さ」

　面接官は、志望理由書に書かれた活動そのものよりも、「その経験から何を学んだか」を重視します。

　「なぜその場所に行こうと思ったのか？」
「そこで感じた違和感や発見は何だったか？」
「その経験が自分の考え方にどう影響したのか？」

　こうした質問に対して、具体的なエピソードを交えて語れる人は、大学側から「越境して成長してきた学生」として評価されます。

　逆に、「ただ行ってきただけ」「楽しかった」で終わってしまうと、深みのない印象になります。ただ海外に行っているだけで評価されるわけではないわけですね。

●　“外の世界に触れた人”が伸びる

　それが海外であれ、地方であれ、あるいは世代や職業の異なる人との関わりであれ、「越境」の本質は変わりません。異なる文化・価値観・環境に触れることで、人は初めて自分を相対化できます。

　そしてその経験が、「この大学で何を学びたいか」「どう社会に関わりたいか」を語る力につながります。大学が求めているのは、“自分の世界だけで完結しない学生”です。

　だからこそ、越境経験を恐れず、自分の“外”に一歩踏み出すこと。それが、総合型選抜で合格をつかむための第一歩なのだといえるでしょう。

　（この記事は『12歳から始める 本当に頭のいい子の育てかた』を元に作成したオリジナル記事です）
孫辰洋",[],[]
過去や未来が操作可能になり、AIが超知能化する…？ わくわくするけれどもちょっと恐ろしい未来が垣間見えた（ダイヤモンド・オンライン）,https://news.yahoo.co.jp/articles/76d02fe943b65a033ea28d464cda2d2e94c07109,https://newsatcl-pctr.c.yimg.jp/t/amd-img/20251216-00379104-diamond-000-1-view.jpg?exp=10800,2025-12-16T06:45:29+09:00,2025-12-16T06:45:29+09:00,ダイヤモンド・オンライン,diamond,ダイヤモンド・オンライン,2744,"Photo: Adobe Stock
量子コンピュータが私たちの未来を変える日は実はすぐそこまで来ている。
そんな今だからこそ、量子コンピュータについて知ることには大きな意味がある。単なる専門技術ではなく、これからの世界を理解し、自らの立場でどう関わるかを考えるための「新しい教養」だ。
『教養としての量子コンピュータ』では、最前線で研究を牽引する大阪大学教授の藤井啓祐氏が、物理学、情報科学、ビジネスの視点から、量子コンピュータをわかりやすく、かつ面白く伝えている。
本稿では、作家の橘玲氏に本書の魅力を寄稿いただいた。（ダイヤモンド社書籍編集局）

●　自然の言葉で計算できる機械

　最初に断っておくと、私は量子論はもちろん物理学の基本的な知識すらかなりあやうい。
藤井啓祐さんの『教養としての量子コンピュータ』がすごいのは、そんな私でも「なるほど、量子コンピュータはこんなふうに世界を変えていくのか」と思わせてくれたことだ。

　藤井さんはこの本の「はじめに」で、量子コンピュータが新薬の開発から核融合のようなエネルギー革命、さらには次世代の金融やブロックチチェーンにいたるまで、あらゆる分野で使える理由を「私たちの自然界を支配している物理法則そのものが「量子力学」だからである」とシンプルに述べる。

　「自然を、自然の言葉である量子力学の原理で“計算”できる機械。それが量子コンピュータ」なのだ。

　「量子（quantum）」とはもともと、本来連続的だと思われていたエネルギーという「量」に、それ以上細かく分割することができない基本単位があるという意味だ。

　わたしたちの世界は、大まかにいえば「物質（粒）」と「光（波）」の2つによって成り立っている。

　ところがその後、光は粒子のようにも振る舞い、電子などの粒子は波のようにも振る舞うことがわかってきた。
こうして、「粒子」と「波」の性質を併せ持った量（エネルギー）のミクロの単位が「量子」と呼ばれるようになった。

●　「鶴の恩返し」で分かる“重ね合わせ”

　量子はたくさんの奇妙な性質をもっているが、そのなかでも常識を大きく超えているのが、「観測をするまでは波動として空間に広がりを持って重ね合わせ状態として存在し、観測するとある一点に粒子の位置が定まる」という性質だろう。

　これが「量子の重ね合わせ」で、オーストリアの物理学者シュレーディンガーはこの不思議を、密閉された箱に閉じ込められた猫が50％の確率で毒ガスで死ぬとすると、「生きている猫」と「死んでいる猫」が（量子的に）重ね合わされているのだと述べた（シュレーディンガーの猫）。

　だが藤井さんは、これを日本の民話「鶴の恩返し」でもっとわかりやすく説明してくれる。

　貧しい男が猟師の罠にかかった鶴を不憫に思って助けたところ、その晩、美しい娘が家を訪ねてきた。
妻になった娘は「決して部屋を覗かないでください」といって素晴らしい布を織り、それが高く売れて男は裕福になった。だが日に日に痩せていく娘を心配した男は、約束を破って部屋を覗いてしまう。
するとそこには、自分の羽毛を抜いてきらびやかな布を負っている鶴の姿があった。
驚いている男に向かって娘は、助けてもらった恩義を返すために所帯をもったが、正体を知られた以上、去らねばならないと告げて、鶴に姿を変えて飛び立ってしまう――。

　これを藤井さんは、「機織りをしている鶴と娘が重ね合わさった状態」は、障子を開けてしまうことで、どちらの姿であるか観測される。その結果、重ね合わせが解け、鶴は飛んでいってしまったのだという。
●　『進撃の巨人』は量子力学の世界？

　量子力学の法則はあまりに奇妙なので、わたしたちはそれを理解できないだけでなく、直観的に拒絶しようとする。
「量子力学の世界では、私たち観測者はオセロのプレイヤーとして神相手にオセロを打つことになる。観測者ですらゲームのプレイヤーの一人として世界に取り込まれる」と藤井さんはいうが、この世界観を素直に受け入れるのは難しいだろう。

　このことは、マンガ『進撃の巨人』で説明される。
壁のなかの世界は「古典力学」であり、ひとびとはニュートンの運動方程式で記述できる「予測可能で確定的な世界」を信じて生きている。
それに対して壁の外には「量子力学」の世界が広がっていて、そこには常識では説明できない重ね合わせや量子もつれがあり、観測によって現実がかたちづくられている。
『進撃の巨人』は、「巨人（量子）から身を守るために壁に囲まれた世界に住む人類が、壁の外に出ることでより高度な知識や技術に触れ、世界の真実を知ることになる」という物語なのだ。

●　わくわくするが、少し恐ろしい

　映画『君の名は』をはじめとして、時空を超えるストーリーが若者たちに人気だ（藤井さんはアニメ『HELLO WORLD』を例にしている）。
じつはこれも、量子力学で説明ができる。

　計算の各ステップで、特殊な量子状態を重ね合わせで保存する手法は「歴史状態」と呼ばれる。
この場合、「歴史」をさかのぼって別の分岐を試してみることが可能だ。

　イーロン・マスクをはじめとしてテック業界に熱烈な信奉者がいるシミュレーション仮説では、わたしたちが存在する世界は高度な知的生命体によってつくられたコンピュータ・シミュレーションだとする。
もしこれがほんとうなら、過去の歴史は断片化されて巨大な量子コンピュータのサーバーに保存されていて、それに改変を加えると世界が分岐し、干渉が発生して未来は変化するだろう。

　いまや物理学の最先端では「世界は情報からできている（it from bit）」が新たな常識になっていて、それが「世界は量子情報からできている（it from Qubit）」に進化している。
過去や未来を含めてすべてが（量子）情報ならば、いずれはそれを操作できるようになるかもしれない。

　こうしたSF的な「量子の世界」への扉を開くのが量子コンピュータだ。
スーパーコンピュータでも数万年、数十万年かかる複雑な計算を一瞬で解いてしまうのが「量子超越」で、これが実現するとあらゆることが変わるとされる。

　AI（人工知能）の知性も指数関数的に向上し、シンギュラリティ（技術的特異点）を超えて、人類に代わる“超知能”になるかもしれない。

　私のような門外漢にも、そんなわくわくするけれどもちょっと恐ろしい未来を垣間見せてくれた藤井さんには感謝しかない。

　（本原稿は、藤井啓祐著『教養としての量子コンピュータ』に関連した書き下ろしです。）
橘 玲",[],[]
【専門家が警鐘】子どもの「言語化力」が落ちている本当の理由（ダイヤモンド・オンライン）,https://news.yahoo.co.jp/articles/86333604d2eab351225a47020353a12bf9e44e19,https://newsatcl-pctr.c.yimg.jp/t/amd-img/20251216-00379107-diamond-000-1-view.jpg?exp=10800,2025-12-16T06:40:26+09:00,2025-12-16T06:40:26+09:00,ダイヤモンド・オンライン,diamond,ダイヤモンド・オンライン,1383,"Photo: Adobe Stock
「うちの子、語彙が少ないのでは？」「自分の意見をちゃんと言えない」‥‥‥。スマホやSNSの普及により、子どもの「言葉にする力」の衰えを危惧する声が増えています。そんな中、『「うまく言葉にできない」がなくなる　言語化大全』（ダイヤモンド社）等のべストセラーで知られる文章の専門家・山口拓朗氏が、待望のこども版『12歳までに身につけたい「ことば」にする力　こども言語化大全』（ダイヤモンド社）を上梓しました。同書は、マンガと「言葉を使ったゲーム」を通じて、子ども（小学校低学年〜高学年）が楽しく言語化能力を身につけられる画期的な一冊です。本連載では、本書をベースに親御さん向けの記事として編集・書き下ろしし、「子どもの言語化力」を高める秘密を紐解いていきます。

●　「言語化力は成長すれば自然と伸びる」は勘違い

　多くのアナログ世代の親たちは、「子どもの言語化能力は、普通に過ごしていれば年齢とともに自然に伸びていく」と考えています。

　しかし、これは現代において「大きな間違いであり、勘違い」です。

　今の時代、子どもの周りには言語化能力の成長を阻害する要因が溢れています。

　タブレットやスマートフォンへの依存、そしてコミュニケーション量の絶対的な低下です。
　ただ漫然と過ごしているだけでは、大人になるにつれて言語化力が伸びていくどころか、むしろ停滞してしまうのが現実なのです。

●　子どもの脳は「疲れ切っている」

　なぜここまで言語化力が落ちているのか。その最大の要因として挙げられるのが「スマホ依存」による脳疲労でしょう。

　大人は仕事で疲れた時、「ちょっと休もう」とスマホを手に取ります。しかし、一部の研究では、スマホを見ている間、脳の「前頭前野」の機能が低下傾向になることがわかっています。通知やSNSによる刺激でドーパミンが過剰に分泌される一方、思考や判断、自制を担う前頭前野の血流は下がり、理性のブレーキが利きにくくなるのです。

　これは子どもも同様です。
　学校から帰って、寝る直前まで動画やスマホゲームに没頭する。
　これでは脳が休まる暇がありません。その結果、脳が慢性的な疲労状態に陥り、集中力や記憶力を含む認知力、さらに感情のコントロール力や対人面の働きにまで影響が及ぶと指摘されています。

●　コロナ禍が追い打ちをかけた「コミュ力不足」

　さらに深刻なのが、コロナ禍の影響です。黙食やマスク生活を強いられ、「なるべく人と話さない」ことが良しとされた期間を過ごした子どもたちは、圧倒的にコミュニケーションの経験値が不足しています。

　実際、私が担当する企業の新人研修でも、自分の意見を言えない、電話に出るのが怖いといった「言語化できない若者」が増えています。彼らはコロナ禍を学生として過ごした世代ですが、当時、幼稚園や小学生だった子どもたちが社会に出る数年後、この傾向はさらに強まっている可能性があります。

　意識的に「言葉を使う場」を作らなければ、子どもの脳と言葉は守れない時代に来ているのです。

　＊本記事は、山口拓朗著『12歳までに身につけたい「ことば」にする力　こども言語化大全』（ダイヤモンド社刊）の「保護者向け　はじめに」に大幅に加筆し、編集したものです。
山口拓朗",[],[]
【投資歴70年 資産24億円】「業績がいいのに株価が下がる」のはなぜ？ シゲルさんが教える“市場の正体”（ダイヤモンド・オンライン）,https://news.yahoo.co.jp/articles/7101acf92d45d9ef42553237794756ad0aa443a7,https://newsatcl-pctr.c.yimg.jp/t/amd-img/20251216-00378420-diamond-000-1-view.jpg?exp=10800,2025-12-16T06:40:26+09:00,2025-12-16T06:40:26+09:00,ダイヤモンド・オンライン,diamond,ダイヤモンド・オンライン,1418,"写真：川瀬典子
株価チャートは「欲望と恐怖の足跡」だった…負け続けていた投資家が気づいた投資の真実
投資歴70年 資産24億円――【プロの儲かる知識を簡単インストール】人生、もう詰んだ……40歳、しがないサラリーマン。月1万5000円の小遣いを握りしめ、毎日通勤する日々だ。増えない給料、重くのしかかる住宅ローンと教育費。冷え切った家庭に、もはや自分の居場所はない。そんな人生のどん底の状況で拾った、1冊の古びた手帳。それが投資歴70年、資産24億円を築いた89歳現役トレーダー・シゲルさんとの奇跡的な出会いだった。お金、仕事、家庭……すべてに絶望した崖っぷちの男が“投資の神様”から授かった「世界一のお金と人生の授業」とは？“小説形式”だからスラスラ読めてドンドンわかる話題の書『89歳、現役トレーダー 大富豪シゲルさんの教え』（ダイヤモンド社）より一部を抜粋・編集したものをお送りする。答えはすべて、この物語にある。

●　思考の霧を切り裂く逆質問

　頭のなかにモヤがかかったような気分になっていると、シゲルさんが言葉を継いだ。

　「ほな、次はワシから聞くで。株って、なんで買われると思う？」

　「そりゃ……これから株価が上がると思うから、ですよね？」

　「うん、基本はそうや。せやけど、なんで上がると思うんや？」

　「それは……企業の業績がこれから伸びると思うから？」

●　チャートの向こうに蠢く「人間」

　自信なさげにそう答えると、シゲルさんは首を横に振った。

　「違う。ほんまの理由はな、『人が買うから』や」

　「……え？」

　「株価が業績だけで決まるんやったら、こんなに毎日ギザギザ動かへんやろ。ニュースも何も出てない日でも、株価は上下する。つまりな、株価を動かしてるのは“人”やねん」

●　【解説】「市場の正体」を突く

　シゲルさんの言葉は、多くの個人投資家が見落としがちな「市場の正体」を突いています。

　私たちはつい、PC画面上のチャートや数字を無機質なデータとして扱ってしまいがちですが、その裏側には常に「人間」がいるのです。

●　チャートは「感情の足跡」である

　毎日ギザギザと動く株価チャート。あれは単なる価格の推移ではなく、投資家たちの「欲望」と「恐怖」の記録です。

　「もっと儲けたい」という欲望が売りを飲み込めば上がり、「損をしたくない」という恐怖が買いを圧倒すれば下がる。ニュースがない日でも株価が動くのは、市場参加者の心理状態が常に揺れ動いているからに他なりません。

　業績という「実体」以上に、その場の「空気」や「勢い」が短期的な価格を決定づけているのです。

●　「相手」を想像する力が投資を変える

　この話からの最大の学びは、「画面の向こう側にいる相手を想像する」という視点を持つことです。

　あなたが「買い」ボタンを押す時、世界のどこかで誰かが「売り」ボタンを押しています。なぜその人は手放したのか？「もう上がらない」と諦めたのか、それとも「利益確定」なのか。

　数字の分析はもちろん大切ですが、そこに「今、市場という群衆はどちらに走りたがっているのか？」という人間心理への洞察を加えることで、投資の解像度は劇的に上がります。

　※本稿は、『89歳、現役トレーダー 大富豪シゲルさんの教え』（ダイヤモンド社）より一部を抜粋・編集したものです。
藤本 茂",[],[]
【高齢の親を施設に入れる前に】知らないと絶対後悔するポイント（ダイヤモンド・オンライン）,https://news.yahoo.co.jp/articles/238f27b3022f9c163e9022130b06541ffbf9a1c8,https://newsatcl-pctr.c.yimg.jp/t/amd-img/20251216-00379414-diamond-000-1-view.jpg?exp=10800,2025-12-16T06:30:35+09:00,2025-12-16T06:30:35+09:00,ダイヤモンド・オンライン,diamond,ダイヤモンド・オンライン,1554,"Photo: Adobe Stock
【高齢の親を施設に入れる前に】知らないと絶対後悔するポイント
本連載は、相続に関する法律や税金の基本から、相続争いの裁判例、税務調査で見られるポイントを学ぶものです。著者は相続専門税理士の橘慶太氏で、相談実績は5000人超。『ぶっちゃけ相続【増補改訂版】』を出版し、遺言書、相続税・贈与税、不動産、税務調査、各種手続といった観点から相続の現実を伝えています。2024年から贈与税の新ルールが始まるため、その注意点を聞きました。

●　【高齢の親を施設に入れる前に】知らないと絶対後悔するポイント

　本日は「相続と介護」についてお話をします。年末年始、相続について家族で話し合う際、ぜひ参考にしてください。

　最初に押さえておきたいのは「相続の話は、介護の話を経由すると自然に進む」ということです。いきなり遺産分割や遺言の話に入ると、親にとって心理的な抵抗が大きくなることがあります。しかし介護の希望を確認することは、現実の生活に直結する話であり、家族の安心のための話として切り出しやすい。しかもその過程で、財産管理の話題が不可避に出てきます。結果として、相続へも無理なく接続します。

　話の入り口として具体的なのは、「施設に入りたいか、できれば入りたくないか」という問いです。この聞き方をすると、多くの方は「できれば入りたくない」とおっしゃることが少なくありません。住み慣れた家を離れ、集団生活になることへの不安があるため、在宅を希望する方が多いという点は、まず理解しておきたいところです。

　もっとも、在宅を希望される場合も、最初は「自分のことは自分で行う」と言われることが多い一方で、現実には加齢や体調の変化によって次第に難しくなり、ご家族の支援が必要になっていきます。ご本人は「まだ大丈夫」と考え、ご家族は「施設に入ったほうが安心ではないか」と感じる。このギャップは、多くの家庭で起きています。

●　在宅介護の限界とは？

　在宅介護の限界の目安としては、たとえば「一人でお風呂に入れなくなった」「火の始末が自分でできなくなった」といった状況が挙げられます。こうした状態で在宅を無理に続けると事故のリスクが高まるため、丁寧に説得し、施設の利用を検討する必要が出てくることがあります。実際には、当初は拒否していた方が数か月後に施設入所を受け入れるケースもあれば、最後まで頑なに拒否されるケースもあります。拒否が続くと、介護を担う側が精神的に追い詰められてしまうこともあり得ます。

　だからこそ、相続の前段階として「介護が必要になったとき、どうしたいか」を共有しておくことには大きな意味があります。そして、この介護の話を進めていくと、自然に「財産の管理」の話へつながっていきます。

　たとえば、預金がどこにあるのか、認知症になってしまったときに誰にどのように管理してほしいのか。不動産が老朽化しているなら、リフォームをしてほしいのか、あるいは売却して施設費用に充ててほしいのか。こうした確認は、相続の入口としてだけでなく、緊急時に家族が困らないための実務そのものでもあります。

　年末年始に相続についてすべきことは、「いま決め切る」ことではなく、「困らないための前提をそろえる」ことです。介護の希望を確認し、財産管理の方針を共有し、その延長線上で相続へと話題を進めていく。そうすることで、遺言書や生前贈与、相続税対策といった、元気なうちにしかできない準備に、無理なく着手しやすくなります。年末年始は、その最初の一歩を踏み出すのにふさわしい機会だと言えるでしょう。

　（本原稿は『ぶっちゃけ相続【増補改訂版】』の一部抜粋・加筆を行ったものです）
橘慶太",[],[]
「姉だけズルい！」親から結婚資金と子の教育費で700万円を生前贈与、子持ち姉vs独身妹の骨肉闘争（ダイヤモンド・オンライン）,https://news.yahoo.co.jp/articles/80c411a48073c7aef4f24c7271ab892d7c21df2e,https://newsatcl-pctr.c.yimg.jp/t/amd-img/20251216-00377266-diamond-000-1-view.jpg?exp=10800,2025-12-16T06:30:35+09:00,2025-12-16T06:30:35+09:00,ダイヤモンド・オンライン,diamond,ダイヤモンド・オンライン,3878,"写真はイメージです　Photo:PIXTA
小さい頃はあんなに仲の良かった兄弟姉妹が、親が亡くなった際に相続争いを繰り広げる…。まるで悪夢のような出来事だが、遺産額の多少に関係なく、こういった事例は後を絶たない。骨肉の争いを回避するには、どうしたらいいのか？実例を交えてその解決策を探っていく。※本稿は、主婦の友社編『親が75歳を過ぎたら知りたいことが全部のってる本』（主婦の友社）の一部を抜粋・編集したものです。
【この記事の画像を見る】
●　遺産相続しないほうが 得するケースがある

　相続とは、亡くなった人の財産を法律に基づいて遺族が引き継ぐことです。

　これは民法で定められたルールなので、相続できる財産は何か、誰がどのように相続するのか、相続人は誰か、どのように分割するかなど、法律に従って進める必要があります。

　相続税に関しては税務署が厳しく目を光らせていますから、「知らなかった」ではすまされません。しかも相続に関する手続きには期限があり、一度にさまざまな決断を迫られることも多いもの。早い段階で相続の知識をつけ、準備を始めることが欠かせないのです。

　相続する財産には、プラスの財産（資産）とマイナスの財産（負債）があります。このどちらかだけを相続することはできず、プラスの財産を相続したらマイナスの財産もいっしょに相続することになります。相続税がかかる場合には、マイナスの財産を差し引いた「純資産」が相続税の対象です。

　負債が多い場合、資産を上回ってしまうケースもあります。その場合、相続放棄をすれば返済義務は免れます。
●　戸籍謄本を取り寄せ まずは法定相続人を特定

　故人（被相続人）の財産を誰が相続するかは重要な問題です。そのため「相続人になれる人」の範囲は民法で決まっています。

　相続の権利がある人を法定相続人といいます。

　法定相続人は配偶者のほか、故人と血のつながりのある人（血族）、つまり子、孫、父母、祖父母、兄弟姉妹。「子」には実子や養子も胎児も含まれます。離婚して別の戸籍になっている子も、認知のみしている子も法定相続人になります。

　一方で、配偶者は婚姻関係があることが大前提。内縁の妻は認められません。

　法定相続人の範囲内にあっても、その全員が相続人になるわけではありません。配偶者は常に相続人ですが、それ以外の人は相続の順位が決まっています。子がいる場合、配偶者に加えて「第1順位」の範囲が相続人になります。子がいなければ「第2順位」、親も死亡していれば「第3順位」が相続人になります。

　つまり、相続の第一歩は法定相続人の特定から始まるということ。故人の戸籍から子の有無や人数を確認し、そのうえで相続人を決める必要があるのです。戸籍謄本は、故人の本籍地からとり寄せましょう。

●　相続でもめるかどうかは 財産の多さとは無関係

　相続はきちんと準備しておかないと家族を「争族」に変えかねません。一般社団法人相続解決支援機構の調査によると、「相続時に相続人ともめた経験がある」と答えた人は全体の33％にも上ります。

　「でもそれは一部のお金持ちの話でしょ。ウチの親には大した財産もないから大丈夫」と思うかもしれませんが、それは違います。

　最高裁判所が毎年発行している『司法統計年報』を見ると、家庭裁判所での相続争いの調停・審判のうち、3割以上が遺産額1000万円以下。「争族」は誰にとっても無縁ではないのです。

　特にトラブルになりがちなのが、

　・遺産が不動産中心で現金が少ない
・親の介護の負担に不平等があった
・生前、親から受けた支援にきょうだいで差がある

　などの例です。相続のときに意見が割れてモメる原因になりがちです。
そのほかにも、親に離婚歴があってその相手との間に子がいる、あるいは内縁の子を認知している、ということが亡くなってからわかるケースもあるので、先に確認しておくことも必要です。

●　相続でもめたケース1 生前の口約束が信用できない

　Aさんは3人兄弟の末っ子。母は10年前に亡くなり、父が亡くなったあとには自宅の土地と家屋と、預貯金500万円程度が遺された。

　長男である兄は「親父は生前、『この家は長男であるおまえに渡したい』と言っていた。預貯金は全部2人に渡すから、この家はオレにくれないか？」と言う。

　しかし、家と土地の評価額は約3000万円。金額が釣り合わず、不信感がぬぐいきれない。

　口約束は遺言として認められません。長男は父に遺言書を書いてもらうべきでした。長男が家と土地を相続する場合、Aさんと次男に代償金を支払ってもらうよう話し合いましょう。

●　相続でもめたケース2 親の介護をしても遺産は等分？

　Bさんは3人兄弟の長男。シングルマザーの母を10年間ひとりで介護して看取った。遺言書はなかったので、2人の弟は「遺産は3分の1ずつ、公平に分けよう」と言う。

　しかし弟たちは介護を全部兄にまかせて、年に数回会いに来る程度。Bさんが介護のために自腹を切った費用もかなりの額になったため、同額が「公平だ」とはとても思えない。「おまえたちは何もしなかったくせに」とBさんは怒り爆発。お互いに口もきかない状態に。

　長期にわたる介護など、故人に対する労務を提供した場合、特別寄与料を相続人に対して請求することができます。介護での出費は領収書を残しておくことが大切。

●　相続でもめたケース3 自宅を売りたい子と住みたい母の対立

　Cさんの父親の遺産は自宅だけだった。母親はこのまま自宅に住み続けると思っているが、Cさんは相続分を現金で受けとりたいと考えている。

　母に「自分も相続する権利があるので家を売りたい」と言うと、「親を家から追い出すつもりなのか。とんでもない親不孝だ」と激怒されてしまった。このまま何も受けとれないのか。
Cさんが自宅を相続して売ろうとしても、母親には配偶者居住権があるので、自宅に住み続けることは可能です。

　そもそも財産が自宅だけという父親は、亡くなる前に遺言書を残すべきでした。分け方を明記しておくことで、残された家族にも納得感が生まれます。

●　相続でもめたケース4 生前贈与を受けた姉ばかり不公平

　Dさんの姉は、結婚するときに親から200万円、子どもの教育費に500万円の援助を受けてきた。一方のDさんは独身で、何の援助も受けていない。

　相続のとき、姉は法定相続分で半々に分けようと言ったが、Dさんは納得がいかない。姉に「同じように贈与を受けたかったら、子どもを産めばよかったのに」と言われ、悔しくてたまらない。

　生前に受けとった財産は特別受益（遺産の先渡し）と認められるので、結婚費用の200万円を法定相続分から差し引くことは可能です。ただし特別受益は相続人のみ。姉の子に贈与された教育費500万円は姉の特別受益にはなりません。

●　財産はないと思っていたら 想定以上の相続税が発生

　ここまで見てきたように、親の財産が高額でなくても、きょうだい間でトラブルが発生する可能性は十分にあります。それでも親が遺言書を残し、そこに親の思いや願いが明記されていれば、家族は納得できるかもしれません。遺言書はぜひとも書いてほしいものです。

　でも本当は親が元気なうちに、相続について家族の気持ちを共有しておくほうがもっといいはず。

　家はどうしたいのか、財産は誰にどのような形で譲りたいと考えているのか、雑談の形でもいいので聞いておき、それをきょうだいで共有したいものです。

　親の財産を棚卸しすることも必要です。親にどんな財産があるかを把握しておけば、要介護になったときの金銭管理も楽ですし、死後の手続きや相続時の負担も軽減できます。

　日本人は「家族でお金の話をしない」という暗黙の了解がありがちですが、親が高齢になったらもう通用しません。
それに、フタをあけてみたら思いのほか資産があり、驚くほど相続税がかかったというケースもあるようです。親が亡くなってからでは対策の打ちようがありません。

　早い段階で財産の総額を見積もっておき、相続税がかかる場合は相続税対策を進めましょう。

●　重要書類の確認は 親が元気なうちに

　親の財産の内訳をいちばん知っているのは親本人。財産の棚卸しは親が元気なうちにやるのがベスト。プラスの財産だけでなく、負債などのマイナスの財産も洗い出しましょう。

　この段階で親の財産をリスト化すると、遺言書を作成するときや相続時にも便利。できれば、財産目録を作成しておきたいもの。

　親が「貯金は1000万円くらいかな」と言ったとしても、うのみにしてはいけません。必ず預金通帳などの原本に当たります。生命保険であれば保険証券をチェック。受取人がすでに亡くなっているケースもありますから、気づいたらすぐに変更しましょう。

　不動産があるならば、権利書（登記済権利証など）の有無を確認します。

　以前は相続時の登記が義務ではなかったので、所有者の名前が親ではなく先祖の名前である可能性もあります。現在は相続登記が義務化されています。親が元気なうちに登記をし直しておきましょう。

　このような重要書類は置き場所を決め、家族全員で共有しておくことが大切。いざというときにあわてずにすみます。
主婦の友社/黒田尚子",[],[]
頭はいいけど「部下がついてこない人たち」に共通する特徴（ダイヤモンド・オンライン）,https://news.yahoo.co.jp/articles/842b0ee6c7a21e109384491e6224af07a1f5d554,https://newsatcl-pctr.c.yimg.jp/t/amd-img/20251216-00378933-diamond-000-1-view.jpg?exp=10800,2025-12-16T06:25:27+09:00,2025-12-16T06:25:27+09:00,ダイヤモンド・オンライン,diamond,ダイヤモンド・オンライン,2290,"Photo: Adobe Stock
「構想力・イノベーション講座」（運営Aoba-BBT）の人気講師で、シンガポールを拠点に活躍する戦略コンサルタント坂田幸樹氏の最新刊『戦略のデザイン　ゼロから「勝ち筋」を導き出す10の問い』（ダイヤモンド社）は、新規事業の立案や自社の課題解決に役立つ戦略の立て方をわかりやすく解説する入門書。企業とユーザーが共同で価値を生み出していく「場づくり」が重視される現在、どうすれば価値ある戦略をつくることができるのか？ 本連載では、同書の内容をベースに坂田氏の書き下ろしの記事をお届けする。

●　頭がよくても、なぜ人はついてこないのか？

　あなたの周りにも、頭の回転が速く論理的で、会社からの評価も高い人がいるかもしれません。

　それにもかかわらず、部下がついてこないという状況を見たことはないでしょうか？

　話している内容は正しく、指摘も的確で、正論も多い。それでも部下が動かず、組織がまとまらず、結果につながらないという場面が起こることがあります。

　この原因は、「頭が悪いから」でも「性格に問題があるから」でもありません。

　戦略と現場のあいだに心理的距離が生まれていることが、原因となっている場合が少なくありません。

　正論を語る人ほど、無意識のうちに“自分の答え”を前提に周囲へ働きかけがちです。

　すると部下は、
　・ 「正しいし理解はできる、けれど“自分の仕事”として捉えられない」
　・ 「言われたことをこなしているだけで、腹落ちしない」
　という状態に陥り、結果として自ら動けなくなってしまうのです。

●　「正しい戦略」よりも、 「当事者としての戦略」が人を動かす

　頭のいい人が陥りがちなのは、戦略の「正しさ」ばかりを語り、現場との接点が見えないまま議論を進めてしまうことです。

　「市場環境がこう変わるから、我々はこう動くべきだ」
「このプロセスは非効率だから、こう改善すべきだ」

　いずれも論理としては正しく、筋が通っています。

　しかし部下にとっては、自分の仕事とどこで結びつくのかが見えず、言われたことをこなすだけの“他人事の戦略”になってしまいます。

　ここに欠けているのは、「それは、誰にとって、どんな意味があるのか」という視点です。

　戦略が実行に移るのは、部下がそれを自分の役割と結びつけて理解できたときです。

　いくら優れた分析があっても、部下が、
「これは自分にどんな関係があるのか」
「これを達成すると何がどう変わるのか」
「なぜ自分が動く必要があるのか」
　を理解できなければ、戦略は行動に変わりません。

　頭のよさと、人が動くかどうかは別の次元にあります。

　人が動くのは、正しさではなく“自分に関係する物語”を見いだしたときです。

●　戦略が動く組織は、 チームの設計を重視している

　モノづくり、コトづくりから、さまざまな主体が関わり価値を生む場づくりへと移行する時代において、多様なメンバーと協働し、共創する力が戦略実行の前提になっています。

　こうした時代に部下がついていくリーダーに共通しているのは、優れた戦略を語ること以上に、戦略を自分事として受け止められる“チームの構造”を整えている点です。

　単にスキルのある人材を集めても、戦略は前に進みません。

　特に戦略実行の初期段階では、方向性や価値観を共有し、メンバーが同じ前提に立てるようにチームの設計を行うことが欠かせません。

　これが機能しない組織では、どれほど優れた戦略を示しても、各人がバラバラの前提で動き、やがて足並みが乱れていきます。

　一方で、「なぜこの方向に向かうのか」「自分はどの役割を担うのか」といった問いが共有されているチームは、メンバーが自律的に動きながらも、全体として揃った動きが生まれます。

　そのためにも、リーダーが行うべきは、戦略を押しつけるのではなく、戦略が腹落ちするプロセスを丁寧に設計することです。

　そして、戦略を“自分事”として捉え、最後までやり抜こうとする姿勢を持つメンバーが、その力を発揮できるように構造を整えること。これこそが、日本の組織における戦略実行の成否を分ける鍵となります。

　『戦略のデザイン』では、この自分事化を支えるチーム設計の重要性を詳しく解説しています。

坂田幸樹（さかた・こうき）
IGPIグループ共同経営者、IGPIシンガポール取締役CEO、JBIC IG Partners取締役。早稲田大学政治経済学部卒、IEビジネススクール経営学修士（MBA）。ITストラテジスト。
大学卒業後、キャップジェミニ・アーンスト・アンド・ヤング（現フォーティエンスコンサルティング）に入社。日本コカ・コーラを経て、創業期のリヴァンプ入社。アパレル企業、ファストフードチェーン、システム会社などへのハンズオン支援（事業計画立案・実行、M＆A、資金調達など）に従事。
その後、支援先のシステム会社にリヴァンプから転籍して代表取締役に就任。
退任後、経営共創基盤（IGPI）に入社。2013年にIGPIシンガポールを立ち上げるためシンガポールに拠点を移す。現在は3拠点、8国籍のチームで日本企業や現地企業、政府機関向けのプロジェクトに従事。
単著に『戦略のデザイン　ゼロから「勝ち筋」を導き出す10の問い』『超速で成果を出す アジャイル仕事術』、共著に『構想力が劇的に高まる アーキテクト思考』（共にダイヤモンド社）がある。
坂田幸樹",[],[]
【なるほど！】仕事のできる人はボーナスを貯金にまわさずいったい何を買っているのか？（ダイヤモンド・オンライン）,https://news.yahoo.co.jp/articles/09b271d47fa64e6a59a71697dac51814b9e3a252,https://newsatcl-pctr.c.yimg.jp/t/amd-img/20251216-00378888-diamond-000-1-view.jpg?exp=10800,2025-12-16T06:20:28+09:00,2025-12-16T06:20:28+09:00,ダイヤモンド・オンライン,diamond,ダイヤモンド・オンライン,1108,"Photo: Adobe Stock
生産性のプロ、元マッキンゼーの勝間和代が、「家電（テクノロジー）」にはまった。そこで本連載では、家電歴40年、2000以上の家電を自腹で試した勝間和代氏による本、『仕事と人生を変える 勝間家電』の中から、家電（テクノロジー）を使って生産性を上げ自分の時間を取り戻す方法を紹介する。（構成/ダイヤモンド社・石塚理恵子）

●　賢い人はボーナスで「家電」を買う

　最低賃金（時給）が1000円を大きく超えてきている現代において、1時間30円とか40円で働いてくれる「家電」というのは、家事を外注するより「とてつもなくコストパフォーマンスがいい」買い物です。

●　電気代が高い!?

　なのに私たちはどうしても、目に見える電気代を過度に気にして怖気づいてしまいます。

　これは専門用語で「フォーカシング・イリュージョン」と呼ばれるもので、私たちはある特定のことを気にしすぎると、過度に心配ごとが多くなり、判断をまちがえてしまいます。

●　家電は生産性を上げるコスパのいい買い物

　つまり「電気は高い」と思い込むと、勘違いをしてしまうのです。

　もし電気代を節約したいのであれば、電球や蛍光灯をLEDに変えたり、エアコンの設定温度を控えめにする、あるいは扇風機を併用するなどした方が、調理家電やルンバの電力を節約するより効果的です。

　なぜなら、照明やエアコンは1時間、2時間ではなく、もっと長い時間つけ続けるものだからです。

●　冷蔵庫の買い替えも手

　特に冷蔵庫は、家の中で最も電力を消費する家電の1つですから、買うときには年間にいくらの電気代がかかるかということに注目しながら、なるべく消費電力が小さいものを選ぶというのがおすすめです。

　電気代が気になる場合は、自分の契約する電力会社のウェブページに行くと日々の使用量がわかりますので、過度になっていないかどうかをリアルタイムで確認することをおすすめします。

●　電気代を必要以上に怖がらない

　とにかく人は見えやすいものを過度に怖がり、管理できないと考えがちです。

　そうなるとせっかくいい家電があっても導入を見送ったり、持っていても使い渋って「宝のもちぐされ」になってしまったりする可能性があります。

●　仕事ができる人は家電で生産性を上げている

　だからこそ、電気代の計算の仕組みをしっかりと把握した上で、過度に怖がらないようにしながら、便利な家電、便利なテクノロジーをぜひ生活に取り入れるようにしてみてください。

　（本稿は『仕事と人生を変える 勝間家電』からの編集記事です。）
勝間和代",[],[]
目標を立てても「三日坊主」になる人が、見落としているたった1つのサイン（ダイヤモンド・オンライン）,https://news.yahoo.co.jp/articles/23f2d0cbc9175c5286c53f86f434b3cfaa29802a,https://newsatcl-pctr.c.yimg.jp/t/amd-img/20251216-00378367-diamond-000-1-view.jpg?exp=10800,2025-12-16T06:15:32+09:00,2025-12-16T06:15:32+09:00,ダイヤモンド・オンライン,diamond,ダイヤモンド・オンライン,1105,"Photo: Adobe Stock
社会的な「成功レール」の崩壊、どんどん不確実になる未来、SNSにあふれる他人の「キラキラ」…。そんな中で、自分の「やりたいこと」がわからず戸惑う人が、世代を問わず増えています。本連載は、『「やりたいこと」はなくてもいい。』（ダイヤモンド社刊）の著者・しずかみちこさんが、やりたいことを無理に探さなくても、日々が充実し、迷いがなくなり、自分らしい「道」が自然に見えてくる方法を紹介します。

●　成長を促すのは目標ではない

　「明確な目標を持てば成長できる」。こう信じている人は多いでしょう。

　しかし、実際には違います。重要なのは目標の有無ではありません。

　「その目標に心が躍るかどうか」です。

　人が大きく成長するとき、そこには必ず好奇心があります。
「これをやってみたい」「もっと知りたい」という気持ちです。

　目標を設定して進む人も、日々の興味を積み重ねる人も、成長の原動力は同じなのです。

●　心が求めていない目標は、やがて続かなくなる

　目標を立てることが得意な逆算型の人であっても、義務感だけで設定した目標では飛躍的な成長は望めません。

　最初はある程度進めるかもしれません。でも、次第に息苦しくなり、やがて続かなくなります。

　なぜか。心がワクワクしていないからです。

　目標を設定することで力が湧いてくる人は確かにいます。しかしそれは、設定すること自体が楽しいからです。

　でも心が喜ぶ目標でなければ、その目標に向かう過程で、飽きてきてしまいます。目標をたてても3日坊主という人は、ワクワクしなくなるからやめてしまうのでしょう。

●　ワクワクしない目標なら、手放していい

　では、目標を立ててもワクワクしない人はどうすればいいのでしょうか。

　答えは簡単です。無理に目標を立てる必要はありません。

　成長に不可欠なのは、好奇心を持って行動することです。
それが目標という形をとるか、日々の小さな興味という形をとるかは、人によって違うだけです。

　明確なゴールを設定してそこに向かう人もいれば、今日面白そうだと思ったことを積み重ねていく人もいます。どちらも正しい成長の形です。

　共通しているのは、「これをやりたい」という気持ちがあることだけ。

　あなたの心が動くことは何ですか？その答えを追いかけることが、あなたを成長させる唯一の道です。

　＊本記事は、『「やりたいこと」はなくてもいい。　目標がなくても人生に迷わなくなる4つのステップ』（ダイヤモンド社刊）の著者しずかみちこさんによる書き下ろしです。
しずかみちこ",[],[]
“親心”で部下を潰してしまう上司がやっていること・ワースト1（ダイヤモンド・オンライン）,https://news.yahoo.co.jp/articles/3463c31e19f36c11ec18a77718e12461805c2174,https://newsatcl-pctr.c.yimg.jp/t/amd-img/20251216-00379171-diamond-000-1-view.jpg?exp=10800,2025-12-16T06:10:22+09:00,2025-12-16T06:10:22+09:00,ダイヤモンド・オンライン,diamond,ダイヤモンド・オンライン,3844,"写真はイメージです　Photo: Adobe Stock
「それは違うでしょ……」――部下の言動に対して、このように感じることは誰にでもあるでしょう。そして、「この人のために、きちんと指導しなければ……」と、“親心”からアドバイスをしようとしますが、そこで一瞬立ち止まる必要があります。その“親心”が部下を潰す可能性があるからです。どういうことなのか？ どうしたらよいのか？ この記事では、新刊『なぜ、あなたのチームは疲れているのか？』から抜粋しながら、このような場面での上司の対応方法をお伝えします。

●　まず、「否定」せずに受け止める

　「いや、それは違う」

　リーダーとして仕事をしていると、メンバーの言動に対して否定したくなる瞬間があります。そして、メンバーの成長を促すためには、一言注意を与えるべきだと考えるのは、リーダーとしての「優しさ」と考えたくなるかもしれません。

　しかし、こんなときには要注意です。

　たとえそれがリーダーからすれば“親心”であったとしても、不用意に注意したり、指導したりすると、メンバーの心理的リソースを大きく損ねる可能性があるからです。

　なぜか。それは、リーダーが見ている世界と、メンバーが見ている世界は必ずしも同じではないからです。いや、ほぼ間違いなく、両者が見ている世界は違うのです。

　だから、メンバーの言動に対して「それは違う」と思ったときには、すぐに注意するのではなく、まずは、メンバーがどんな世界を見ているのかを知ることから始める必要があるのです。

●　中村課長の「反省」

　私の知人の中村課長の「反省」を紹介しましょう。

　営業チームを率いる中村課長は、中途入社の尾崎さんの様子が気になっていました。

　経験豊富で即戦力として期待されていたのに、入社して数ヶ月が経つころには、表情が曇り、会話も減り、疲れた様子を見せることが増えていたからです。

　ある日の帰り際、中村課長は尾崎さんに声をかけました。

　「最近、ちょっと元気がないように見えるけど、何かあった？」

　尾崎さんは少し迷ったあと、勇気を出して打ち明けました。

　「実は……訪問件数を増やすのに苦戦していて。アポを取るのがどうしても苦手で、動けなくなってしまうんです」

　中村課長は、ピンときました。

　というのは、中村さんの営業チームでは、営業成績を上げるために、一人ひとりの営業マンに「訪問件数」の目標数値を設定していたからです。どうやら、それが重荷だと尾崎さんは言いたいようなのです。

　これに対して、中村課長は瞬間的に否定的な気持ちが湧き起こり、思わずこんな言葉を漏らしてしまいました。「そうは言っても、訪問件数を増やさなければ、売上は伸びないですからね。気持ちはわかるけど、営業はまず数を打たなければ始まりませんよ。とにかく今は件数を増やすことに集中しましょう」

　「……はい」

　そう尾崎さんは答えましたが、それ以降、中村課長が話しかけても、尾崎さんの態度はどこかよそよそしく、心を閉ざしているように感じられました。そして、言われたとおりに訪問件数を増やそうと努力はしているようでしたが、なかなか成果は上がらず、尾崎さんはますます塞ぎ込むようになってしまったのです。

●　自分には見えない「相手の世界」を探る

　このままではまずい……。

　中村課長は、そんな尾崎さんの様子に危機感を覚えるようになりました。

　直属の上司である営業部長からも、「尾崎さんは前職では、ものすごい営業成績を上げていたのに、どうしてダメなんだ？ 君は、一体どんな指導をしているんだ？」とプレッシャーをかけられる始末でした。

　そして、「あのとき、彼は『訪問件数を増やすのが重荷だ』と訴えたのに、それを否定して、『件数を増やすことに集中しよう』と押し切ったのは大失敗だったのかもしれない……もっと彼の話を聞くべきだった……」と考えるようになりました。

　そこで中村課長は、もう一度じっくり尾崎さんと向き合うことにしました。
1on1を設定して、尾崎さんにこう話しかけたのです。「以前、訪問件数を増やすのが苦手だと言ってましたよね。あのときは、あなたの話をちゃんと聞けなくて申し訳ありませんでした。よかったら、もっと詳しく話を聞かせてもらえませんか？」

　当初は、警戒していた尾崎さんですが、中村課長が「聞く姿勢」に徹したことが功を奏して、少しずつ自分の「やり方」について語り始めました。「私は、前職時代、一社一社と深い関係を築くことで大型契約を獲得して、その契約を継続させる営業スタイルでやっていました。数を追うやり方だと、どれも中途半端になってしまう気がして……“浅い提案しかできていない”と思うと、不安で動けなくなるんです」

　この話を聞いた中村課長は目が開かれるような思いがしました。

　中村課長は、若い頃から「営業件数を増やすことで、成約件数を増やす」という営業スタイルで成功体験を積み重ねてきましたが、尾崎さんの営業スタイルはそれとは全く違うものだったのです。

　つまり、二人は全く異なる「世界」を見ていたということ。にもかかわらず、中村課長が「件数を追う」ことを押し付けたがために、尾崎さんは心理的リソースをすり減らすばかりで、成果を上げることができなくなっていたのです。

　そこで中村課長は、こんな提案をしました。「なるほど、そういうことでしたか。では、当面は訪問件数だけじゃなく、大型契約や継続率も評価指標に入れることにしましょう。3ヶ月くらいこのやり方でやってみて、また一緒に振り返りましょう」

　この提案を快く受け入れた尾崎さんは、その後、自分の強みを発揮しながら、大型契約を着実に獲得。継続率も非常に高く、安定して好業績を上げるエース級の人材として大活躍するようになっていったのです。

●　「相手の視点」で考える4つのステップ

　こうして、中村課長は尾崎さんとのコミュニケーションのすれ違いをなんとか挽回することに成功しました。中村課長の誤ちは明確です。自分と尾崎さんでは「見ている世界」が違うことに気づかないまま、尾崎さんの「訪問件数を増やすのが重荷だ」という訴えを、「それは違う」と一方的に否定してしまったことが問題だったのです。

　では、メンバーの言動を否定したくなったとき、リーダーはどう振る舞えばいいのか？

　4つのステップで整理しておきましょう。

　1  「否定する言葉」を飲み込む

　まずは、「それは違う」という否定的な言葉をぐっとこらえることが大切です。相手を否定した瞬間に、相手は心を閉ざしてしまいます。ここで「否定する言葉」を飲み込んで、一拍置くことが決定的に重要なのです。

　2  相手が見ている世界を知るために質問する

　相手の言動を受け止めたうえで、「どんなときにそう感じるの？」「その背景にはどんな経験があるの？」などという問いかけをしながら、相手がどんな「世界」を見ているのかを探ります。

　3  相手が見ている世界を味わう

　相手が見ている世界がわかってきたら、それが自分の見ている世界とどんなに違っていても、否定することなく受け入れます。そして、「なるほど、この人にはこういうふうに見えているんだなぁ……」と、その「世界」を味わってみるのです。

　4  メンバーとともに対処を考える

　相手が見ている世界がわかってきたら、相手が受け入れやすい「提案」を一緒に考えます。中村課長は、尾崎さんが「一社一社と深い関係を築くことで大型契約を獲得して、その契約を継続させる営業スタイル」を大切にしていることを知ったので、「大型契約の獲得」と「契約継続率」も評価指標に加えることで尾崎さんと合意しました。その結果、尾崎さんをエース級の人材へと引き上げることに成功したのです。

　メンバーの言動を「それは違う」と否定したくなったときには、この4つのステップに沿って相手とのコミュニケーションを深めていくことで、きっと「打開策」を見出すことができるはずです。

　メンバーの言動を否定しても、お互いの心理的リソースを消耗するだけで、得るものは何もありません。それよりも、相手が「見ている世界」を知るチャンスと捉えて、相手の話に耳を傾ける

　（本原稿は『なぜ、あなたのチームは疲れているのか？』を一部抜粋・加筆したものです）

櫻本真理（さくらもと・まり）
株式会社コーチェット 代表取締役
2005年に京都大学教育学部を卒業後、モルガン・スタンレー証券、ゴールドマン・サックス証券（株式アナリスト）を経て、2014年にオンラインカウンセリングサービスを提供する株式会社cotree、2020年にリーダー向けメンタルヘルスとチームマネジメント力トレーニングを提供する株式会社コーチェットを設立。2022年日経ウーマン・オブ・ザ・イヤー受賞。文部科学省アントレプレナーシップ推進大使。経営する会社を通じて10万人以上にカウンセリング・コーチング・トレーニングを提供し、270社以上のチームづくりに携わってきた。エグゼクティブコーチ、システムコーチ（ORSCC）。自身の経営経験から生まれる視点と、カウンセリング/コーチング両面でのアプローチが強み。
櫻本真理",[],[]
「世の中全員見返したる」……超有名プロ野球選手が「屈辱」を晴らした方法とは？（ダイヤモンド・オンライン）,https://news.yahoo.co.jp/articles/63ac52340ab14833020567222f8b12d87602dc0f,https://newsatcl-pctr.c.yimg.jp/t/amd-img/20251216-00378624-diamond-000-1-view.jpg?exp=10800,2025-12-16T06:10:22+09:00,2025-12-16T06:10:22+09:00,ダイヤモンド・オンライン,diamond,ダイヤモンド・オンライン,5090,"写真はイメージです　Photo: Adobe Stock
人間を育てるのは「逆境」である――。よく言われることですが、それを体現しているのがトップアスリートです。テニスの伊達公子さん、野球の古田敦也さんも、「キャリアにおいて一番大事な出来事は？」と尋ねると、「輝かしい勝利の瞬間」ではなく、「苦しかった時期」のことを熱く語ってくださいます。では、その「逆境」をどのように乗り越え、「成功」へと結びつけていったのか？ この記事では、伊達さんと古田さんのエピソードを紹介しながら、「苦しい時期」を乗り越えるマインドセットについて考えます（この記事は、金沢景敏さんのご著書『超☆アスリート思考』を抜粋したものです）。

●　「あの怪我がなかったら、世界ランク4位までは行けなかった」

　「これまでのキャリアで一番大事な出来事は何ですか？」

　トップアスリートにこう尋ねると、非常に興味深いことに気付かされます。
　というのは、経験してきたはずの「輝かしい勝利の瞬間」について語る人はほとんどいないからです。そして、みなさんが口を揃えて「苦しかった時期」の出来事について熱く語ってくださるのです。

　たとえば、伊達公子さんは「怪我」の経験を挙げました。
　23歳の頃に怪我をして、国際大会を棄権せざるをえなかったときのことです。当時の伊達さんはまさに飛ぶ鳥を落とす勢い。ライジングショットを武器に世界ランキングを駆け上がり、アジア人選手として史上初めてトップ10入りしたタイミングでした。

　それだけに、人生で初めてのリハビリ生活を余儀なくされ、病院と自宅を往復する毎日を強いられるのはつらかった。伊達さんは怪我で止まっていても、ツアーは止まってはくれません。テレビなどでライバル選手たちの活躍する姿を見ると、耐え難いほどの悔しさを感じたそうです。

　しかし、この悔しさが伊達さんを強くしました。
　テレビなどでライバルの姿を見ながら、伊達さんのなかには、「なんで私はここに入れていないんだろう？」「どうして自分は家にいるんだろう？」という思いが生まれ、「はやく戻りたい」「はやくテニスがしたい」「はやく彼らと戦いたい」というものすごいエネルギーが湧いてきたといいます。

　そして、この燃えたぎるようなエネルギーが、復帰後の並外れた貪欲さを生み出し、世界ランキング第4位までのぼりつめる原動力となったのです。

　だから伊達さんは、「あの怪我がなかったら、あそこまで行けなかったと思います。リハビリで家に閉じこもっていたころのことが、私にとってすごく印象に残っているのは、そのためだと思います」とおっしゃるのです。

　怪我による戦線離脱――。
　これは伊達さんにとって「逆境」にほかなりませんでした。

　でも、この「逆境」のなかで、悔しさを噛み締めたことによって、伊達さんの戦闘力は最大限に引き出されることにつながった。その意味で、「逆境」こそが、伊達さんをトップアスリートへと育てあげたと言えるのかもしれません。

●　「世の中の人全員見返したれ」という激励

　元プロ野球選手・監督の古田敦也さんも、若いころに「逆境」を経験しています。
　古田さんが立命館大学の4年生だったときのことです。関西六大学野球リーグで強肩・強打の捕手として活躍したほか、日米大学野球の代表にも選ばれた古田さんは、その年のプロ野球のドラフトにおける有力選手として注目を集めました。

　特に、関西のメディアでの扱いは破格だったそうで、スポーツ新聞の1面に、「古田、一位指名間違いなし！」といった大見出しの記事が大判の顔写真とともに掲載されるほどだったそうです。
　しかも、ドラフト会議直前には、実家のお母様あてに複数のプロ野球球団から、「ドラフト会議で息子さんを1位か2位で指名するので、お母さんからウチの球団で頑張るように言ってください」という電話もありました。

　そして、ドラフト会議当日を迎えます。
　立命館大学のホールに設営された会見場には、報道関係者、学校関係者など100人以上が詰めかけ、数台のテレビカメラが並ぶなか、古田さんと野球部監督が舞台上に着座。みんながテレビのドラフト会議中継を注視して、「今か、今か」と指名の瞬間を待っていました。

　ところが、12球団の1位指名が一巡しても、古田さんの名前は出てきませんでした。
会場では「2位やな」と囁き合っていましたが、2位指名でも名前が出ない。3位でも、4位でも出ない。会場の雰囲気は、どんどん重くなる。そして、6位まですべての指名が終了。結局、古田さんの名前が出てくることはありませんでした。

　舞台上の古田さんは、いたたまれませんでした。テレビ中継で指名選手の名前が読み上げられるのを聞きながら、下を向いて落ち込む古田さん。パッと顔を上げても、会場の誰も目を合わせてくれない。そんな古田さんを励ますためでしょう。監督が立ち上がって、球団に対して激しい怒りをぶつけたそうです。

　衆人環視のなかで恥をかかされた古田さんは、茫然自失の状態で寮に戻ると、実家に電話をかけて「あかんかったわ」と報告したそうです。すると、お母様は「あんたね、こんなことで負けたらあかんよ」と激励。「世の中の人全員見返したれ。おかんも頑張るわ」と檄を飛ばしたのです。

●　「生き残る方法」を見出したら、あとはハードワークするのみ

　この「世の中の人全員見返したれ」という言葉が、古田さんの心に刺さります。
　そして、「そうやな、頑張るわ」と電話を切ると、こんなことを考えたそうです。
　自分も恥をかいたし、親も恥をかいたし、監督も恥をかいたし、学校も恥をかいた。これは、真剣に見返してやらなければいけない。

　では、「見返してやる」とはどういうことか？ 大学4年のときに、12球団すべてに「古田はプロでは通用しない」と思われたわけだから、向こうから「来てほしい」と言われるような選手になるしかない。それが「見返す」ということだと、気持ちを奮い立たせたのです。

　そして、縁あってトヨタ自動車の野球部に入部。2年後にドラフト指名されるためにどうすればよいか、戦略を徹底的に考えたそうです。

　まず初めに、現状把握から着手。人づてにリサーチしたところ、「メガネをかけた選手で大成した選手はいない」というのがドラフトから漏れた理由だと判明。乱視がきついので、コンタクトに替えることはできない。だったら、俺がメガネをかけて成功した最初の選手になればいいと腹をくくって、猛烈な練習を始めました。

　また、1988年のソウル五輪代表に選ばれるために、監督がどんな人で、どんな選手を望んでいるかもリサーチ。その選手像に近づくために、自らのプレイスタイルを変えるとともに、自分の存在を積極的にアピールしていきました。

　そして、当初は控え選手でしたが、正捕手の座を奪取。野茂英雄投手らとともに、銀メダルを獲得する大活躍を見せました。

　こうして、あらゆる努力を重ねながら、選手としての実績を積み、存在を強烈に印象づけた結果、2年後、見事にドラフト指名を獲得。ヤクルトへの入団を決めた古田さんは、野村克也監督の英才教育のもと、球界を代表する名捕手へと育っていったのです。まさに、完璧な形で「世の中の人全員を見返した」のです。

　古田さんは、当時をこう振り返ります。

　「若かった僕にとっては、ものすごくつらい経験でしたが、今となれば『いい経験』をさせてもらったと思っています。この2年間、「ドラフト指名を受ける」という目標を立てて、それを成功させた経験が、自分にとって自信になったからです。
　生きていたら難題ばっかり。困ったことばっかり。人生、逆境の連続ですよ。それをクリアしていかないと、生き残っていくことはできない。どうやったら生き残れるかを見極めて、あとはハードワークする。あのときの逆境のおかげで、その成功体験をすることができたのは、僕の人生にとって大きかった」

●　「逆境」を乗り越えたときに、「見える風景」が変わる

　この言葉に、僕はすごい説得力を感じます。
　僕は、古田さんほどの「逆境」を経験したことはないし、古田さんほどの「成功」を収めたこともありません。だけど、僕なりに痛切な逆境体験はありますし、それを乗り越えるプロセスで多くのことを学んできました。

　たとえば、両親が自己破産をしたことで、当時通っていた早稲田大学の学費が払えなくなったことがあります。即座に退学を決意して、大阪の実家に帰ると、ひどい状況でした。本当にお金がない。ご飯を食べるのもままならない状態だったのです。

　長男である僕は、大学はあきらめて働くほかないと思いました。しかし、高卒のヤンキーだった両親にとって、息子が大学を卒業することは悲願だったのでしょう。「お金はなんとかするから、絶対に大学は出ろ」と猛反発。「こんな状況なのに、そんなことできるわけないやろ？」と言い張る僕と大喧嘩になりました。

　そこに割って入ったのが祖母でした。
「長年積み立ててきた生命保険を解約したら、お金はつくれる。それで、お前は大学に行け」と言うのです。それで僕は一念発起。現役時代と浪人時代と二度も受験に失敗していた京都大学への再受験を決意したのです。京都大学は国立大学であるため学費も安く奨学金でカバーできる可能性があったからです。

　ただし、受験までに残されていたのは約2ヶ月。普通に考えれば「無理」な話ですが、逆にそれがよかった。追い込まれていたからこそ、「なにくそ」と踏ん張りがきいたように思うのです。

　そして、この逆境のおかげで受験勉強を舐めていた自分と京都大学にリベンジする絶好のチャンスが訪れたんだと自分に言い聞かせて、受験勉強に没頭。寝ている以外の時間はすべて勉強していたと思います。我ながら、集中力も半端じゃなかった。それで、なんとか合格することができたのです。

　このときも、渦中にあるときはたいへんでした。
　だけど、逆境を跳ね返すために必死でもがけば、なんとかなるんです。そして、あとになって振り返ってみれば、あんなにつらかった「逆境」が、自分にとって大きな意味をもたらしてくれていることがわかります。きっとそれは、伊達さんや古田さんが経験されたことと同じだと思うのです。

　そして、こうした経験を重ねることで、「逆境」に対する解釈が変わってきます。
　もちろん、「逆境」に耐え、「逆境」を乗り越えるのが、たいへんなことであることに変わりはありません。しかし、「この逆境には意味がある」「この逆境で成長ができる」「この逆境が幸運をもたらす」などと解釈することができるようになったとき、僕たちはこの厳しい人生を生き抜く「強さ」を身につけることができるのです。

　（この記事は、『超⭐︎アスリート思考』の一部を抜粋・編集したものです）

金沢景敏（かなざわ・あきとし）
AthReebo株式会社代表取締役、元プルデンシャル生命保険株式会社トップ営業マン
1979年大阪府出身。京都大学でアメリカンフットボール部で活躍し、卒業後はTBSに入社。世界陸上やオリンピック中継、格闘技中継などのディレクターを経験した後、編成としてスポーツを担当。しかし、テレビ局の看板で「自分がエラくなった」と勘違いしている自分自身に疑問を感じ、2012年に退職。完全歩合制の世界で自分を試すべく、プルデンシャル生命に転職した。
プルデンシャル生命保険に転職後、1年目にして個人保険部門で日本一。また3年目には、卓越した生命保険・金融プロフェッショナル組織MDRTの6倍基準である「Top of the Table（TOT）」に到達。最終的には、TOT基準の4倍の成績をあげ、個人の営業マンとして伝説的な数字をつくった。2020年10月、AthReebo（アスリーボ）株式会社を起業。レジェンドアスリートと共に未来のアスリートを応援する社会貢献プロジェクト AthTAG（アスタッグ）を稼働。世界を目指すアスリートに活動応援費を届けるAthTAG GENKIDAMA AWARDも主催。2024年度は活動応援費総額1000万円を世界に挑むアスリートに届けている。著書に、『超★営業思考』『影響力の魔法』（ともにダイヤモンド社）がある。
金沢景敏",[],[]
うざ…真面目な人ほど追い詰められる、典型的な「理不尽アドバイス」【精神科医が解説】（ダイヤモンド・オンライン）,https://news.yahoo.co.jp/articles/99b274f953a271bcfc1df3af166cdcf1ae5ddc70,https://newsatcl-pctr.c.yimg.jp/t/amd-img/20251216-00378308-diamond-000-1-view.jpg?exp=10800,2025-12-16T06:00:34+09:00,2025-12-16T06:00:34+09:00,ダイヤモンド・オンライン,diamond,ダイヤモンド・オンライン,4120,"写真はイメージです　Photo:PIXTA
家族や職場の上司から、お節介だったり理不尽な「アドバイス」を貰った経験はないだろうか？そして、真面目でがんばりやな人ほど、反省して改善しようとするもの。だが、そのアドバイスは本当に聞き入れる必要があるのだろうか？「手を抜くこと」や、変えられない過去と他人に執着しないことの大切さを、専門家が解説する。※本稿は、精神科医の藤野智哉『「そのままの自分」を生きてみる　精神科医が教える心がラクになるコツ』（ディスカヴァー・トゥエンティワン）の一部を抜粋・編集したものです。
【この記事の画像を見る】
●　理不尽なアドバイスを貰った時 意識したいこと

　他人からいろいろアドバイスのようなことを言われることってあると思います。

　「小さいことをあんまり気にしないほうがいいよ」
「人の言うことは素直に聞かなきゃ」
「もっとまわりを見渡したほうがいいよ」

　というように。

　時にこういう言葉って、深い意味もない気軽なものだったり、「自分の望むとおりに動いて」とか「自分の言うことを聞け」という理不尽な意味で発せられたものだったりもします。

　でも、真面目でがんばりやさん、いい人や優しい人って、こういうときにもちゃんと「もっとこうしなきゃ」「こんなやり方もあったかも」って反省したり、改善しようとします。

　「ちゃんと悪いところを修正しなきゃ」「至らない点は改めよう」「このままじゃダメだ」なんて、指摘された部分、誰かと比べて足りないと思ってしまっている部分を埋めようと、がんばりだしたりします。

　自分の中に「反省」と「改善」がインストールされてしまっていて、「ああすればよかった」「次からはこうしなければ」と、自分を責めて反省したり、がんばって改善しだしたりします。
でもね、その「反省」や「改善」は自分にとって本当に意味のあること、本当に大事なことだったりするんでしょうか。

　誰かの何気ない一言や理不尽な言葉がきっかけで、あなたの特性や素晴らしさを押さえ込んだり捨ててしまうのは、ちょっともったいない。

　「小さいことが気になる」のは「繊細で細やかなところに気づける」という長所になったりします。

　「素直に聞かない」のは、「物事を鵜呑みにせず、ちゃんと考えている」という良さになるかもしれません。

　「まわりを見渡せない」のは、「集中力がある」という意味にもなります。

　つまり、「自分の良さ」「自分本来の特性」を無理して消してしまうことにつながったりもするんですよ。

●　本来の特性や素のままの自分を 大切にしてみよう

　だから反省や改善は、あせってするのではなく、まずは自分の心も体もケアして、フラットな状況になってからでもいいんじゃないかなと思うんです。

　誰かから気になる一言や胸に刺さる言葉を言われたときは、すぐに反省して改善しようとがんばろうとするのではなく、いったん立ち止まって、自分の心や体のケアをする。

　そして、心身ともにいい状態でその言葉を振り返ってみるのです。

　たとえば、ノートにその言葉を書いてみて、

　「その言葉の意味はどういうことか」
「反省するところ、改善するところは本当にあるのか」
「その反省や改善によって『自分らしさ』に無理は出ないか」

　などを考えてみるのです。

　誰かからふと言われた言葉で「変わらなきゃ」「このままじゃダメ」と反省や改善をしがちですけど、もちろんそれも悪くないんですけど、でもまずは、自分を心身ともにケアして落ち着いた状態で自分と向き合ってみることが大切だったりします。

　そして、「自分本来の特性」「素のままの自分」も大切にしてあげてほしいなとも思います。

　そのうえで、自然と変わりたいと思ったときに、変わるのでもいいんじゃないでしょうか。

●　キャパオーバーする前に 手を抜けるところを探す

　「あれしなきゃ、これもしとかないと、って段取りばかりがそこそこうまくなって、結局、自分も家族も大切にできてない気がする」なんて悩みを聞いたことがあります。
真面目で、がんばりやさんってこういう人が多い気がします。

　もちろんがんばってうまくいくのなら、それはそれでいいことです。

　でも、がんばりすぎてしまって、自分がへとへとになってしまったり、心がすりきれてしまったり、「もうダメだ」みたいになっているとしたら――。

　「手を抜く」のもありだと思います。

　上手に手を抜くポイントは自分のキャパがオーバーする前に「手を抜けるところはないか」という視点をもつことです。

　たとえば、仕事をたくさん抱えているときに、上司から急ぎの仕事をふられたとします。

　「手を抜けるところはないかな」という視点がないと、

　「今やっている仕事も終わってない！→上司の仕事も断れない！→仕事つらい→もう会社やめよう」

　なんて思いつめてしまうかもしれません。

　一方、「手を抜けるところはないかな」という視点があると、

　「今やっている仕事も終わっていない！→上司の仕事も断れない→」の段階で、「あ、そろそろつらくなるな。キャパオーバーの一歩手前かな。手を抜く場所を考えたほうがいいな」と思えたりするのです。

●　『5日労働』と『2日休み』に 最初に分けた人が悪い？

　その結果、次のような解決策が頭に浮かんだりするんですよ。

　「今やっている仕事を、少しずらせないか聞いてみよう」

　「上司の急ぎの仕事は半分だけ引き受けられないか聞いてみよう」

　無理していっぱいいっぱいになって、「もうダメだ」となってしまうより、全然いいと思いませんか？

　そのためにも、普段から「自分はどのくらいの時間でどういう仕事ができるのか」、「どのくらい働いたら休憩が必要なのか」などキャパや体力、できることを知っておくといいでしょう。

　人それぞれ、キャパも体力も能力も違います。

　大切にしてることも違います。

　だから、「自分のキャパを知っておくこと」「キャパがいっぱいになってきたら、手を抜く場所を探すこと」が大切なんですよ。

　「『週に5日働けるのが普通』なんて誰が決めたの？」なんて思いませんか。

　ちなみに、僕は、「7日間を『5日労働』『2日休み』に最初に分けた人が悪い。百歩譲って4対3だろ、割り算苦手か」なんて「常識」にツッコミを入れながら生活していたりします。
●　「変えられるもの」に 目を向けてこれからを生きよう

　物事って、「すべての原因が1つ」ということはなかったりします。

　たとえば、診察していて「適応障害になったのは仕事が原因です」と言う人もいますが、そう簡単なものでもなかったりします。

　もちろん、仕事も原因の1つですが、いろんな要因が重なり合っていたりします。本人のとらえ方（認知）の問題であったり、まわりに頼れる人がいない、親との関係に問題があったりなど背景にいろんなことが折り重なっているんですね。

　だから、物事を「0」か「100」かの「白黒思考」で考えないというのが一番大切だったりします。

　よく「親ガチャ」なんて言い方をしますよね。

　「自分が不幸なのは親のせいだ」という考え方です。

　もちろん、親の要素ってすごく大きいものですが、この先の人生においても、自分が親のせいで何もできないかというと、そうではないはずです。

　親以外で信頼できる人を見つけたり、今後、親と距離をとってみたりという方法もあるはずです。

　もちろん、原因をまったく見なくていいってことじゃないですよ。

　たとえば、親が厳しくて、小さいころから自己主張が許されず、今も他人に対して「言いたいこと」が言えないという場合もあります。そんなとき「親の影響で自分には、こんな特徴があるんだ」と知っておくことは、良好な人間関係を築くうえで必要になります。

　ただ、「親が厳しかったという過去」自体を変えることはできません。

　親を許す必要も受け入れる必要もありませんが、「変えられないもの」にとらわれてしまって、今これからの「自分の大切な時間」をムダにするのももったいないことです。

　「変えられないもの」に目を向け時間を失うより、変えられるものに目を向けてこれからを生きたいじゃないですか。

　だから、「自分を変えたい」と思ったら、「変えられるもの」と「変えられないもの」に分けられるといいですよね。

●　「変えられる」のは 「未来」と「自分」に関すること

　たとえば「自己主張できない自分を変えたい」だったら、「変えられる」ことと「変えられないこと」をリストに書いてみましょう。
【変えられる】

　・「言いたいこと」がいまいちよくわからない→自分の気持ちをちゃんと考えてみる

　・誘われるとつい断れない→気の進まないときは断る

　・まわりの意見に同調してしまう→「違うな」と思ったら、同調せずにまずは黙る

　・意見を聞いてくれない友人とは離れる

　【変えられない】

　・親が自分の考えを押しつけてくること→「やめて」とは言えるが、基本変えられない。

　・上司のパワハラにあっても何も言えず、仕事をやめた過去のことを思い出すとつらい→過去のことは変えられない。

　こうやってリストにしていくと、【変えられる】のは「未来」と「自分」に関することで、【変えられない】のは「過去」と「他人」のことだとわかるでしょう。

　未来に目を向けることを「未来思考」、過去に目を向けることを「過去思考」といいます。

　私たちは過去の失敗や経験から学んでいくものですから、過去思考がいちがいに悪いわけではないですが、「自分を変えたい」「1歩踏み出したい」と願うなら、未来思考がおすすめです。

　失敗したときに「ああしたらよかった」と思うか、「今度からはこうしよう」と思えるかで世界の見え方はずいぶん変わりますからね。
藤野智哉",[],[]
大学に「合格した人」と「不合格だった人」、体験記から見える“共通点”（ダイヤモンド・オンライン）,https://news.yahoo.co.jp/articles/7a73928c02c6c6c9712c4f57093004b3b91d1497,https://newsatcl-pctr.c.yimg.jp/t/amd-img/20251216-00379339-diamond-000-1-view.jpg?exp=10800,2025-12-16T05:30:35+09:00,2025-12-16T05:30:35+09:00,ダイヤモンド・オンライン,diamond,ダイヤモンド・オンライン,1427,"『ドラゴン桜2』（c）三田紀房／コルク
三田紀房の受験マンガ『ドラゴン桜2』を題材に、現役東大生（文科二類）の土田淳真が教育と受験の今を読み解く連載「ドラゴン桜2で学ぶホンネの教育論」。第109回は、「合格体験記」について考える。
【マンガ】「東大なんて行くなっ！」東大出身者のぶっちゃけトークに受験生爆笑
●　「不合格体験」と「合格体験」は紙一重

　東大卒の龍山高校OBである矢島勇介は全校集会で、「東大なんて行くなっ！」と豪語する。東大合格請負人の桜木建二は、「『東大に行くな』と言えるのは東大へ行ったヤツだけだ」と反論するのだった。

　受験の体験はどこまで行ってもポジショントークだ。「今まで」「自分」の体験しか身をもって語れない以上、「合格してから言ってくれ」「受かった人に俺の気持ちはわからない」という意見が付きまとう。

　多くの人にとって、受験の体験は実体験以外の具体例を持たない。ネットや塾などで意見を探そうとしても、多くが成功例だ。

　その成功例も多くは「物語化」されている。「これをしたから受かった」という人の裏には、同じことをして落ちた人がたくさんいることだろう。

　私の母校には、「不合格体験記」なるものがあった。「合格体験記」ではない。歴代の先輩方の「あのときこうしておけばよかった」という切実な体験談が詰まっている。学年集会で進路指導部の先生がそれを読み上げ、生徒に発破をかけるのが恒例となっていた。

　だがそれを聞いてみると、一部合格体験記と共通している内容があることに気が付く。例えば、「部活を早めにやめてよかった」という合格体験記と、「部活を最後まで続ければよかった」という不合格体験記。

　同じ大学・学部を志望した生徒でも、「共通テストは直前に詰め込めばどうにかなる」という合格体験記と「共通テストはコツコツ対策すべきだった」という不合格体験記。

　身も蓋（ふた）もない結論で恐縮だが、どこまで行っても「人による」としか言いようがない。

●　無理に数字にこだわらなくていい

　統計的な傾向を正確に把握しようとするならば、それこそ全ての受験生の詳細なデータ（学校、志望校、親の年収、通っていた塾、学校の定期テストなど）を集めなくては意味がない。

　そのようなことなしに、「合格する人には○○する人が多そうだから自分も○○しよう」という考え方は危険だ。むしろ、「部活は続けた方がいい」「学校の宿題はしっかりやった方がいい」という結論ありきの押しつけになりかねない。

　もしかしたら、今までの自分のデータを分析すれば、勉強の「最適解」の存在が見つかるのかもしれない。

　だが、それは絵空事だ。私は、無理に数字にこだわる必要はないと思う。東大合格者の何％が部活を高校3年生まで続けていたか、そんなデータをいちいち確認するくらいなら、なんの根拠もない身近な1人の「物語」を信じることの方がかえって有効だろう。

　もちろん、自分自身を信じられればそれに越したことはない。だが、私も含めて多くの場合、経験のない自分を信じ切れるほど強くはない。担任の先生の言葉や、尊敬している先輩、自分が信じたいと思うロールモデルにすがりついて必死に勉強するしかないのではないだろうか。

　無機質なデータや有名人の言葉を追うよりかは、いざという時に自分が「すがりつける」人がいた方が、精神的に安定できる気がする。
土田淳真",[],[]
