headline,mainEntityOfPage,image,datePublished,dateModified,author,media_en,media_jp,str_count,body,images,external_links
渋野日向子も復帰する日米共催「TOTOジャパンクラシック」の放送予定と注目組のスタート時間は？（ゴルフのニュース）,https://news.yahoo.co.jp/articles/c520ff7d6d20a8b85da9db324da9a62b285746aa,https://newsatcl-pctr.c.yimg.jp/t/amd-img/20241030-10160477-egolf-000-4-view.jpg?exp=10800,2024-10-30T21:10:00+09:00,2024-10-31T03:17:23+09:00,ゴルフのニュース,egolf,e!Golf,1154,\nCS放送のGAORA SPORTSが全日程を生中継\n◆日米女子ツアー共催\nTOTOジャパンクラシック 10月31日～11月3日 瀬田ゴルフコース北コース（滋賀県） 6616ヤード・パー72\n【写真49枚】竹田麗央、山下美夢有、安田佑香、岩井姉妹、蛭田みな美、河本結、西村優菜、古江彩佳、脇元華、川崎春花、金澤志奈、鶴岡果恋らの姿も！ 日米共催大会を彩った女子プロたちの豪華絢爛“ドレスアップ”ショット\n日本で唯一開催される米LPGAツアー公式戦「TOTOジャパンクラシック」が、31日開幕。今大会はCS放送のGAORA SPORTSが全日程を生中継する。\n昨年大会優勝の稲見萌寧 写真：MBS提供\n各日の放送予定は以下の通り。\n\n10月31日（木）12:00～15:00【生中継】 解説：平瀬真由美 実況：川地洋平\n\n11月1日（金） 12:00～15:00【生中継】 解説：平瀬真由美 ラウンド解説：諸見里しのぶ 実況：井上雅雄 コースサイドレポーター：海渡未来\n\n11月2日（土） 11:00～13:30【生中継】 解説：大江香織 実況：川地洋平\n\n11月2日（土） 19:00～20:30【第3日後半を録画中継】 解説：戸張捷 解説：平瀬真由美 ラウンド解説：諸見里しのぶ 実況：井上雅雄 コースサイドレポーター：海渡未来\n\n11月3日（日・祝） 10:30～12:30【生中継】 解説：大江香織 実況：川地洋平\n\n11月3日（日・祝） 19:00～21:00【最終日後半を録画中継】 解説：戸張捷 解説：平瀬真由美 ラウンド解説：諸見里しのぶ\n実況：井上雅雄 コースサイドレポーター：海渡未来\n\n 週末の決勝ラウンドについては、地上波のMBS-TBS系列全国ネットがGAORA SPORTSから引き継ぐ形で中継する。また、大会公式HP、Sportsnaviでも配信が行われる。\n\n 初日の注目組のスタート時間は以下の通り。\n\n＜初日の主な組み合わせ＞ ※いずれも1番スタート\n8:00 川崎春花、アリヤ・ジュタヌガーン、ウィチャネ・メーチャイ\n8:11 高橋彩華、青木瀬令奈、アルピチャヤ・ユボル\n8:55 西村優菜、木村彩子、キム・ヒョージュ\n9:06 堀琴音、原英莉花、ミンジー・リー\n9:17 河本結、岩井千怜、サラ・シュメルツェル\n9:28 渋野日向子、小祝さくら、アン・ナリン\n9:39 笹生優花、桑木志帆、ガブリエラ・ラッフルズ\n9:50 山下美夢有、ブルック・ヘンダーソン、ユ・ヘラン\n10:01 古江彩佳、竹田麗央、コ・ジンヨン\n10:12 西郷真央、岩井明愛、ジェニファー・クプチョ\nゴルフのニュース編集部,['https://newsatcl-pctr.c.yimg.jp/t/amd-img/20241030-10160477-egolf-000-4-view.jpg?pri=l&w=640&h=426&exp=10800'],"['https://egolf.jp/photo/160477/?utm_source=news.yahoo.co.jp&utm_medium=referral&utm_campaign=feed&utm_content=160477_6', 'https://news.yahoo.co.jp/articles/c520ff7d6d20a8b85da9db324da9a62b285746aa/images/000']"
来てたんですかーーー！ ZOZO会場で観戦していた“金メダリスト”の存在に驚き… 現地での生観戦に「すがすがしい」（ゴルフのニュース）,https://news.yahoo.co.jp/articles/dc33392546a41891befa2b29ed036d09ce76c0c0,https://newsatcl-pctr.c.yimg.jp/t/amd-img/20241030-10160509-egolf-000-7-view.jpg?exp=10800,2024-10-30T20:10:00+09:00,2024-10-31T04:37:25+09:00,ゴルフのニュース,egolf,e!Golf,1277,\n「スケートボード界のトップライダー堀米雄斗がZOZO CHAMPIONSHIPに来場」\n◆米国男子プロゴルフ\nZOZOチャンピオンシップ 10月24～27日 アコーディア・ゴルフ習志野CC（千葉県） 7079ヤード・パー70\n【動画】ギャラリーに普通に交じってる？ ZOZO会場に姿を現したスケートボード金メダリスト・堀米雄斗の“現地観戦記” これが実際の映像です\nPGAツアーの日本公式インスタグラムが更新。ツアー会場を訪れたスケートボード選手・堀米雄斗さんのオフムービーを公開しました。\nPGAツアー日本公式インスタグラム（@pgatour_japan）より\n10月24日から4日間の日程で行われ、通算20アンダーをマークしたニコ・エチャバリア（コロンビア）の優勝で幕を閉じたPGAツアー「ZOZOチャンピオンシップ」。\n\n 国内で開催される唯一のPGAツアーということもあり、世界の名立たるプレーヤーたちが繰り広げた熱戦に日本のギャラリーも大きな盛り上がりを見せた中、29日の投稿では1本の動画がアップ。\n\n「五輪2大会連続で金メダルを獲得したスケートボード界のトップライダー堀米雄斗が先週開催されたZOZO CHAMPIONSHIPに来場」と、堀米さんが観戦に訪れた様子を動画で公開しました。\n\n 動画の中で堀米さんは、会場内に設置されたシミュレーションゴルフのブースで実際にボールを打つ姿を披露。少々ぎこちないフォームながらも、ショットを打ち終えたその表情からは笑みがこぼれる様子を確認できます。\n\n その後、インタビューに答える堀米さんは「自然もめっちゃ気持ちいいし、選手を見るだけで気持ちいいです。すがすがしい」と、現地での生観戦を満喫している模様。\n\n さらに「初めてこうやって見させてもらったけど、やっぱり緊張感だったりとか、みんなに見られている中でベストなパフォーマンスがすごい難しいことだと思うので、その中でちゃんと毎回自分のベストを出さないといけないところは、すごい似ていると思います」と、スケートボードとゴルフの共通点にも言及しています。\n\n また、「スケートボードはパークの中でやるので、こうやって歩いて違う場所に行くことはないけど、ゴルフは自然の中でみんなで一緒に歩いて選手と同じところに行けるので、親近感があるしすごい楽しいですね」と、ゴルフならではの楽しさを身をもって実感した様子。\n\n さらに終盤では「リフレッシュできる時間、オンオフってすごく大事なので、ゴルフを1週間に1回とか取り入れたらスケートボードも集中できてもっと良くなるんじゃないかな」と語り、ゴルフが自らのパフォーマンス向上につながる可能性を示唆して、動画を締めくくりました。\n\n この投稿には櫻井心那、桑木志帆、木下稜介、宮里優作ら男女のトッププロのほか、ファンからも1800件を超える「いいね！」が寄せられ、ツアー観戦を満喫する“金メダリスト”の姿に大きな注目が集まっています。\nLUIS FIELD,['https://newsatcl-pctr.c.yimg.jp/t/amd-img/20241030-10160509-egolf-000-7-view.jpg?pri=l&w=640&h=426&exp=10800'],"['https://egolf.jp/sns/160509/2/?utm_source=news.yahoo.co.jp&utm_medium=referral&utm_campaign=feed&utm_content=160509_6', 'https://news.yahoo.co.jp/articles/dc33392546a41891befa2b29ed036d09ce76c0c0/images/000']"
「朝は納豆」「化粧は車で」 原英莉花の知られざる“朝の過ごし方”が明らかに！ 試合前のルーティンを一挙公開（ゴルフのニュース）,https://news.yahoo.co.jp/articles/6a484085b681a84fdfc802445360c641875dde56,https://newsatcl-pctr.c.yimg.jp/t/amd-img/20241030-10160454-egolf-000-3-view.jpg?exp=10800,2024-10-30T16:10:00+09:00,2024-10-30T20:37:29+09:00,ゴルフのニュース,egolf,e!Golf,807,\n「ぽけ～っとする→着替える→朝ごはんに納豆を食べる」\n日本女子プロゴルフ協会（JLPGA）が公式インスタグラムを更新し、インタビューに応じる原英莉花の姿を公開しました。\n【動画】「コースには2時間前に到着」 試合前の入念な練習内容がスゴすぎる！ これが原英莉花の“モーニングルーティン” 実際の映像です\n日本女子プロゴルフ協会（JLPGA）公式インスタグラム（@jlpga_official）より\nJLPGAは10月30日の投稿で「試合の日のモーニングルーティンが知りたい！」「メジャー3勝を含むJLPGAツアー通算5勝を誇る原英莉花選手の、スタート前のルーティンについてうかがいました」と、原のインタビュー動画をアップ。\n\n 原は「起きるのは4時間前」とし、「ぽけ～っとする→着替える→朝ごはんに納豆を食べる」という、朝のおおまかな流れを紹介。さらに「化粧は車でする派」と、自らの“時短テクニック”も明かしています。\n\n また、「コースには2時間前に到着して、45分～1時間くらい練習」「ショットからスタートして、13本のクラブのキャリーの距離を確かめたいので、機械を使って（距離を測って）、全部打って」「それからアプローチ、バンカー、パター…って感じです」と、スタート前の入念な練習内容も披露。\n\n ちなみに原はルーキーの頃は朝が苦手で、午前スタートは苦痛だったそう。昔から応援してくれているファンに対しては、「ぽけ～っとしてないかな、朝大丈夫かな～？って思っているんじゃないかと思います」とおちゃめなコメントを残しました。\n\n 最後は「今はもう大丈夫なんで！ 心配しないでください」「朝の練習からぜひ応援してください」と呼びかけて締めくくったこの投稿に、ファンからは多くの「いいね！」が寄せられ、原が明かした“朝の過ごし方”に大きな注目が集まっています。\nゴルフのニュース編集部,['https://newsatcl-pctr.c.yimg.jp/t/amd-img/20241030-10160454-egolf-000-3-view.jpg?pri=l&w=640&h=426&exp=10800'],"['https://egolf.jp/sns/160454/2/?utm_source=news.yahoo.co.jp&utm_medium=referral&utm_campaign=feed&utm_content=160454_6', 'https://news.yahoo.co.jp/articles/6a484085b681a84fdfc802445360c641875dde56/images/000']"
竹田麗央がアリヤ・ジュタヌガンの試合を観戦!? 優勝すれば米ツアー予選会回避も「そんなに上手くもいかない」（ゴルフのニュース）,https://news.yahoo.co.jp/articles/b96427ba4498930041ed244b7918255ccf63b525,https://newsatcl-pctr.c.yimg.jp/t/amd-img/20241030-10160495-egolf-000-3-view.jpg?exp=10800,2024-10-30T18:14:00+09:00,2024-10-30T22:37:23+09:00,ゴルフのニュース,egolf,e!Golf,1146,\n竹田が瀬田GC北Cを選手としてプレーするのは初めて\n◆日米女子ツアー共催\nTOTOジャパンクラシック 10月31日～11月3日 瀬田ゴルフコース北コース（滋賀県） 6616ヤード・パー72\n【写真50枚】渋野日向子、原英莉花、小祝さくら、竹田麗央らが前夜祭でそろい踏み！ 日米共催大会を彩る“ドレスアップ姿”を披露\n国内唯一の全米女子プロゴルフ協会公式戦で日本女子ツアーも兼ねる「TOTOジャパンクラシック」が31日に開幕する。\n意気込みを語った竹田麗央\n竹田麗央は茨城県の太平洋C美野里Cで開催された前年大会で初出場を果たし、通算18アンダーで回り8位タイで終えている。「海外の選手も来てて楽しかった。年に1回の楽しみな大会」というポジティブな印象を持っている。\n\n 竹田が今年の会場（瀬田GC北C）を選手としてプレーするのは初めてだが、以前に叔母でプロゴルファーの平瀬真由美の勧めで観戦に訪れたことがあるという。\n\n「中学生か小学生か……」と時期の記憶は曖昧だが、熊本から母の哲子さんとともに訪れ、ツアー12勝（内メジャー2勝）の飛ばし屋、アリヤ・ジュタヌガーン（タイ）の組について回ったことは覚えている。その時に「この試合は出たいな」と思った。\n\n 今季、国内ツアーの年間ポイントレースでトップを走る竹田は、来季の米ツアー出場権獲得を目指し、12月5日開幕の最終予選会にエントリーしているが、今週優勝すればそれを回避できる。もちろん「優勝できたらすごくいい」ことは知っているが、「そんなにうまくもいかない」ことも自覚している。\n\n「しっかり自分のやることに集中して」と、この日もプロアマ戦でコースを念入りにチェックした。「ティーショットはけっこう広いところが多いですけど、グリーンの傾斜がけっこう強いので、ちゃんと下（のライン）から打てるようにつけたい」とグリーンを狙うショットをキーポイントに挙げる。\nゲストとプロアマ戦を楽しんだ竹田麗央\n当地で行われた22年大会ではジェマ・ドライバーグ（スコットランド）が20アンダーをマークし優勝している。さらに、ここ数日の悪天候はコース難度にも影響を及ぼしそうだ。「グリーンは軟らかくて戻ったりもするので、そこをしっかり計算して。最後はパッティングをしっかり決めきるように」とスコアメイクの計算をする。\n\n 2週前の「マスターズGCレディース」では今季3度目の予選落ちを喫したが、「マスターズの時に比べたらショットもパッティングもいい」と、好調を実感しつつ乗り込んできた。「ラフもそんなに長くないですし、グリーンも止まるので、バーディーをたくさん獲っていきたい」と目を輝かせた。\nゴルフのニュース編集部,"['https://newsatcl-pctr.c.yimg.jp/t/amd-img/20241030-10160495-egolf-000-3-view.jpg?pri=l&w=640&h=426&exp=10800', 'https://newsatcl-pctr.c.yimg.jp/t/amd-img/20241030-10160495-egolf-001-3-view.jpg?pri=l&w=640&h=426&exp=10800']","['https://egolf.jp/photo/160495/?utm_source=news.yahoo.co.jp&utm_medium=referral&utm_campaign=feed&utm_content=160495_6', 'https://news.yahoo.co.jp/articles/b96427ba4498930041ed244b7918255ccf63b525/images/000', 'https://news.yahoo.co.jp/articles/b96427ba4498930041ed244b7918255ccf63b525/images/001']"
3週ぶり実戦復帰の渋野日向子が病状明かす「体がパンパンになっちゃって、関節が曲がらなくなった」（ゴルフのニュース）,https://news.yahoo.co.jp/articles/5f2bf85902cb081708d17b14c14c5d5ba12c68fe,https://newsatcl-pctr.c.yimg.jp/t/amd-img/20241030-10160461-egolf-000-5-view.jpg?exp=10800,2024-10-30T13:23:00+09:00,2024-10-30T19:57:34+09:00,ゴルフのニュース,egolf,e!Golf,1033,\n欠場した翌日に帰国し「ボーっとしてました」\n◆日米女子ツアー共催\nTOTOジャパンクラシック 10月31日～11月3日 瀬田ゴルフコース北コース（滋賀県） 6616ヤード・パー72\n【写真50枚】渋野日向子、原英莉花、小祝さくら、竹田麗央らが前夜祭でそろい踏み！ 日米共催大会を彩る“ドレスアップ姿”を披露\n今月13日に「ビュイックLPGA上海」を1オーバー59位タイで終えた翌週に、韓国で開催された「BMW女子選手権」を身体の不調で急きょ欠場し、戦線離脱していた渋野日向子がコースに姿を現した。\n3週ぶりに実戦復帰する渋野日向子\n国内唯一の全米女子プロゴルフ協会公式戦で日本女子ツアーも兼ねる「TOTOジャパンクラシック」は「自分が大事にしてる試合の中の1つ」。それだけに「すごく楽しみにしていた」が、完全な状態で戻ってくることは叶わなかった。\n\n 欠場を決断した翌日に帰国し「ボーっとしてました」という。当時の状況を「もう体がパンパンになっちゃって、節々が…、関節が曲がらなくなった」と説明。原因は不明で今も「治ってはいないけど、良くなってきてる」と、回復具合は6～7割の状態だ。「自分ができることは薬を飲むぐらい」。\n調整に励んだ渋野日向子\n帰国して以降はクラブすら握っておらず「動かないようにしていた」。先週末にようやくウェッジを握ったところで、「その時も、もうウェッジしか持てないような感じだったので、（今は）体の状態的には1週間前よりはマシかな」と万全とは程遠い状況と言えそうだ。\n\n「ショットの精度どうこうっていうところに向けてない状態」と、ゴルフ自体の調子も追いついていない。「（登山でいうと）マイナス2合目。ちょっとずつ進んでいこうかなって感じ」で、今は「ショットのイメージが少ない分、そういうのを打たされることは多いだろうな」と、10ヤードのアプローチを重点的に練習している。\n調整に励んだ渋野日向子\nさらには「距離もすごく落ちちゃっているような感覚がある。しっかりボールをとらえることができていない感じがする分、やっぱりその1ヤードの感っていうのも大事なのかな」と、不安要素は多い。\n\n それでも、「結果を求めたい気持ちもめちゃくちゃあるので、できる限りはやっぱり頑張りたい。すごく不安は多いですけど、日本でできる喜びをかみしめながら、4日間できたら」と、いつもの笑顔で前を向いた。\nゴルフのニュース編集部,"['https://newsatcl-pctr.c.yimg.jp/t/amd-img/20241030-10160461-egolf-000-5-view.jpg?pri=l&w=640&h=426&exp=10800', 'https://newsatcl-pctr.c.yimg.jp/t/amd-img/20241030-10160461-egolf-001-5-view.jpg?pri=l&w=640&h=426&exp=10800', 'https://newsatcl-pctr.c.yimg.jp/t/amd-img/20241030-10160461-egolf-002-5-view.jpg?pri=l&w=640&h=426&exp=10800']","['https://egolf.jp/photo/160461/?utm_source=news.yahoo.co.jp&utm_medium=referral&utm_campaign=feed&utm_content=160461_6', 'https://news.yahoo.co.jp/articles/5f2bf85902cb081708d17b14c14c5d5ba12c68fe/images/000', 'https://news.yahoo.co.jp/articles/5f2bf85902cb081708d17b14c14c5d5ba12c68fe/images/001', 'https://news.yahoo.co.jp/articles/5f2bf85902cb081708d17b14c14c5d5ba12c68fe/images/002']"
見た目はウェッジでも性能はチッパー!? 「NEXGEN チッピングウェッジ GH45」のグリーン周り実用度をチェック（ゴルフのニュース）,https://news.yahoo.co.jp/articles/16423956673de5c59d51844b931effb29ee55bb8,https://newsatcl-pctr.c.yimg.jp/t/amd-img/20241030-10160441-egolf-000-4-view.jpg?exp=10800,2024-10-30T15:10:00+09:00,2024-10-30T23:17:30+09:00,ゴルフのニュース,egolf,e!Golf,2258,\n構えた見た目は普通のウェッジと変わらない\nみなさんこんにちは、ゴルフバカイラストレーターの野村タケオです。みなさんはアプローチが得意でしょうか？ なかなか胸を張って「得意っす！」といえるアマチュアは少ないんじゃないでしょうか。\n【動画】 理想の寄せだ！ 小祝さくら＆安田祐香が2人そろってナイスアプローチ！ これが実際の映像です\nネクスジェンから発売されたチッパー「NEXGEN チッピングウェッジ GH45」をゴルフイラストレーターの野村タケオさんが試打検証\nもう少しアプローチがうまければスコアもよくなるんだけどな～って人は多いはず。そんな人のためにアプローチ専用のクラブってものがあります。\n\n NEXGEN（ネクスジェン）から出た「NEXGEN チッピングウェッジ GH45」というクラブはアプローチが苦手な人に最適なクラブになっているという話なのですが、一体どんな性能なのでしょうか、コースに持ち込んで使ってみました。\nアドレスからの見え方は通常のウェッジとほとんど同じ、違和感なくストロークに入ることができる\n「NEXGEN チッピングウェッジ GH45」はいわゆる「チッパー」というカテゴリーのクラブになります。\n\n 最近はいろいろなメーカーから「チッパー」が発売されていますが、それぞれ特徴的な形をしていることが多く、少しその形状に違和感があり使うのをためらっている人も多いでしょう。この「NEXGEN チッピングウェッジ GH45」は構えてみると、ほぼ普通のウェッジと一緒の形状ながらミスになりにくく、優しく寄せる機能があるというんです。\n544グラムという重量がストロークを安定させる\nその優しさの秘密の一つが幅広で船底型の「コンベックスソール」。ソールが滑ってくれるのでダフリに強く、フェースの突っかかりや跳ねたりすることを防いでくれます。\n船底型の「コンベックスソール」が滑るので、ダフリに強くフェースの突っかかりや跳ねを防いでくれる\nそしてもう一つの秘密がクラブ重量です。総重量544グラムというパター並みの重量設定にすることで、ヘッド軌道が安定し緩まずにインパクトしやすくなっています。\n\n 重くなることで手だけで打つことができず、自然と体を使ったストロークができるということなんですね。またシャフトも重いヘッドに負けないように「N .S.PRO パター（140グラム）」という重めのパター用シャフトを採用しています。かなりこだわっていますね。\n「N .S.PRO パター（140グラム）」という重めのパター用シャフトを採用\nロフトは名前にもあるように45度です。これは9番かPWくらいのロフト。このロフトですから当然ランニングアプローチ専用のクラブとなるわけですが、SWなどよりもロフトが立っていることでボールへのコンタクトが安定し、前に行く力が強く、転がりも安定するというメリットがあるんです。\n転がせる場所ならシンプルにアプローチできる\nさっそくコースに持ち込んで使ってみましたが、構えてみると本当に普通のアイアンかウェッジのようです。なので違和感はないし、オフセットもほんの少しで目標に対しても構えやすかったです。\n\n 丸めのフェース形状で包み込むイメージが出せますね。スコアラインも全面に施されているのでフェースが大きく見える効果があり安心感があります。\nスコアラインが全面に施されているのでフェースが大きく見える\n打ってみると、当然ながら球はあまり高く上がりませんが、狙った方向にキレイに転がっていきます。打感も悪くないし、バックフェースの大きくくり抜かれたキャビティー部分のおかげで慣性モーメントが大きくなっているのか、少々の打点がズレても真っすぐ飛んでくれます。\n\n そしてやはりソールの形状がいいので、多少手前から入ってしまってもキレイに滑ってくれて大きなミスになりません。クラブの重さを利用してやれば、軌道も安定します。\n\n 距離感は最初こそ少し思ったよりも転がったので少しオーバー目になってしまいましたが、慣れれば寄るようになってきました。少し吊るように構えて、パターのようにストロークする方がいいのかもしれません。フェースも開いたりすることなく、スクエアに構えてシンプルにストロークするのがいいですね。\nシンプルに使えて、アプローチのミスを最小限にしてくれる「NEXGEN チッピングウェッジ GH45」\nバンカーでも打ってみましたが、条件によってはバンカーからも使えそう。アゴが低めでピンまでの距離が遠い時や軟らかめの砂だったら使えると思います。でも基本的にはランニングアプローチ用のクラブですね。\n\n 1ラウンド「NEXGEN チッピングウェッジ GH45」を使ってみましたが、とてもシンプルに使えて、ミスになりにくいクラブだと思いました。アプローチが苦手な人にはとても助かるクラブじゃないでしょうか。\n\n よほど砲台グリーンだらけのコースとかでなければ、グリーン周りからのアプローチはほぼこのクラブでいけそうな気がします。花道があれば50ヤードくらいのショットにも使えそうです。\n\n 何より特殊な形状ではなく、アイアンっぽい形というのがポイント高いなと思いました。バッグに入っていても違和感がないです。グリーン周りでスコアを崩している人はぜひ一度試してみてください。\n野村 タケオ,"['https://newsatcl-pctr.c.yimg.jp/t/amd-img/20241030-10160441-egolf-000-4-view.jpg?pri=l&w=640&h=426&exp=10800', 'https://newsatcl-pctr.c.yimg.jp/t/amd-img/20241030-10160441-egolf-001-4-view.jpg?pri=l&w=640&h=426&exp=10800', 'https://newsatcl-pctr.c.yimg.jp/t/amd-img/20241030-10160441-egolf-002-4-view.jpg?pri=l&w=640&h=426&exp=10800', 'https://newsatcl-pctr.c.yimg.jp/t/amd-img/20241030-10160441-egolf-003-4-view.jpg?pri=l&w=640&h=426&exp=10800', 'https://newsatcl-pctr.c.yimg.jp/t/amd-img/20241030-10160441-egolf-004-4-view.jpg?pri=l&w=640&h=426&exp=10800', 'https://newsatcl-pctr.c.yimg.jp/t/amd-img/20241030-10160441-egolf-005-4-view.jpg?pri=l&w=640&h=426&exp=10800']","['https://egolf.jp/gear/160441/3/?utm_source=news.yahoo.co.jp&utm_medium=referral&utm_campaign=feed&utm_content=160441_6', 'https://news.yahoo.co.jp/articles/16423956673de5c59d51844b931effb29ee55bb8/images/000', 'https://news.yahoo.co.jp/articles/16423956673de5c59d51844b931effb29ee55bb8/images/001', 'https://news.yahoo.co.jp/articles/16423956673de5c59d51844b931effb29ee55bb8/images/002', 'https://news.yahoo.co.jp/articles/16423956673de5c59d51844b931effb29ee55bb8/images/003', 'https://news.yahoo.co.jp/articles/16423956673de5c59d51844b931effb29ee55bb8/images/004', 'https://news.yahoo.co.jp/articles/16423956673de5c59d51844b931effb29ee55bb8/images/005']"
「イチロー」or「大谷翔平」 渋野日向子に課された“究極”の二者択一が話題に 「選べない…どうしよう」（ゴルフのニュース）,https://news.yahoo.co.jp/articles/eb4f4f4811bd05e28e5aa19251ebb56635261e2f,https://newsatcl-pctr.c.yimg.jp/t/amd-img/20241030-10160411-egolf-000-3-view.jpg?exp=10800,2024-10-30T12:04:00+09:00,2024-10-30T13:57:31+09:00,ゴルフのニュース,egolf,e!Golf,1293,\n「TOTOジャパンクラシックを前に渋野日向子のあれこれ！」\n◆国内女子プロゴルフ\nTOTOジャパンクラシック 10月31日～11月3日 瀬田ゴルフコース 北コース（滋賀県）6616ヤード・パー72\n【動画】「アハハハハハ！」 まさかの回答に自らも思わず大爆笑な渋野日向子の“オフムービー” 意外な好みが続々と発覚の激レア動画 これが実際の映像です\n全米女子プロゴルフ協会（LPGA）が公式インスタグラムを更新。渋野日向子のオフムービーを公開しました。\n全米女子プロゴルフ協会（LPGA）公式インスタグラム（@lpga_tour）より\n日米女子ツアー共催「TOTOジャパンクラシック」が31日から4日間の日程で開催。\n\n 渋野の初日は韓国のアン・ナリンと、黄金世代とも称される同学年の小祝さくらとのペアリング。体調不良による欠場からおよそ3週間ぶりの復帰戦となる今大会で、日本のギャラリーを前にどんなプレーを見せてくれるのか注目です。\n\n そんな中、開幕を目前に控えた30日の投稿では1本の動画を公開。「TOTOジャパンクラシックを前に渋野日向子のあれこれ！」と題し、スタッフから提示された二者択一の質問に答える渋野の姿をアップしました。\n\n「好きな刺し身はマグロorサーモン」という最初の質問に、間髪を入れず「サーモン」と即答した渋野。このままテンポよく回答が進むかと思われましたが、第2問は「イチローor大谷翔平」と日本人なら誰もが頭を悩ます“究極”ともいえる難問に。\n\n この質問にはさすがの渋野も長考。「選べない… どうしよう…… なんて言えばいいの？」と周囲に助けを求める中、絞り出した答えは「今永昇太」。メジャー1年目ながら15勝を挙げる投球で活躍したシカゴ・カブス所属の左腕の名を出して、その場をなんとかしのぐおちゃめな姿を見せました。\n\n その後も「ドライバーorパター」「ホールインワンorアルバトロス」とゴルフにまつわる質問のほか、「うどんor焼きそば」「ポケモンorワンピース」など、パーソナルな部分に迫る質問にも回答。\n\n そして最後に提示された質問は「年間最優秀選手orメジャーチャンピオン」。ゴルフファンにとっては興味深い質問ですが、渋野は悩むことなく「メジャーチャンピオン」と回答し、カメラに向かってキリっとした表情を見せて動画は終了。\n\n この投稿には「それは不可能」「日本人には考えられない質問」などの声や、「おかえりなさい！」「元気そうで良かった」「笑顔で何より」と、復帰を喜ぶ世界中のファンからコメントが届いています。\n渋野 日向子（しぶの・ひなこ）\n1998年生まれ、岡山県出身。2019年のAIG全英女子オープンでメジャー初制覇。同年は国内ツアーでも4勝をマークし、賞金ランキング2位と躍進した。2020-21シーズンは「スタンレーレディスゴルフトーナメント」「樋口久子 三菱電機レディスゴルフトーナメント」で勝利。22年からは米ツアーを主戦場としている。サントリー所属。\nゴルフのニュース編集部,['https://newsatcl-pctr.c.yimg.jp/t/amd-img/20241030-10160411-egolf-000-3-view.jpg?pri=l&w=640&h=426&exp=10800'],"['https://egolf.jp/sns/160411/2/?utm_source=news.yahoo.co.jp&utm_medium=referral&utm_campaign=feed&utm_content=160411_6', 'https://news.yahoo.co.jp/articles/eb4f4f4811bd05e28e5aa19251ebb56635261e2f/images/000']"
渋野日向子、原英莉花、小祝さくら、竹田麗央らが前夜祭でそろい踏み！ 日米共催大会を彩る“ドレスアップ姿”を披露（ゴルフのニュース）,https://news.yahoo.co.jp/articles/ad74ac040c62360b92694e01a6647ab22e42f859,https://newsatcl-pctr.c.yimg.jp/t/amd-img/20241030-10160314-egolf-000-16-view.jpg?exp=10800,2024-10-30T11:50:00+09:00,2024-10-30T18:15:08+09:00,ゴルフのニュース,egolf,e!Golf,1077,\n本戦は31日に瀬田ゴルフコース北コースで開幕\n◆日米女子ツアー共催\nTOTOジャパンクラシック 10月31日～11月3日 瀬田ゴルフコース北コース（滋賀県） 6616ヤード・パー72\n【写真49枚】竹田麗央、山下美夢有、安田佑香、岩井姉妹、蛭田みな美、河本結、西村優菜、古江彩佳、脇元華、川崎春花、金澤志奈、鶴岡果恋らの姿も！ 日米共催大会を彩った女子プロたちの豪華絢爛“ドレスアップ”ショット\n全米女子プロゴルフ協会（LPGA）と日本女子プロゴルフ協会（JLPGA）の共催大会「TOTOジャパンクラシック」開幕2日前の29日、大津市内のホテルで選手歓迎レセプション（前夜祭）が開催され出場選手たちが華やかなドレスアップ姿を披露した。\nドレスアップ姿を披露した小祝さくら、渋野日向子、原英莉花\n渋野日向子は薄いブルーのスーツスタイルにホワイトのパンプスを合わせるスタイリングで登場。原英莉花はネイビーのスーツに真っ白のスニーカーを合わせ、ゴルフボールがモチーフの腕時計をワンポイントに。\n\n 竹田麗央は白のワイドパンツに青いシャツを合わせた。小祝さくらは白のパンツスタイル。赤いシャネルのポーチとシャネルのスニーカーが印象的だったのは山下美夢有だ。\n\n 岩井ツインズは揃って登場。姉の明愛はカーキのジャケットスタイル、妹の千怜は薄いピンクのパンツスタイルで決めていた。\n\n 古江彩佳は黒のパンツにゴールドのシャツを合わせ黒のポーチをアクセントに。安田佑香はミニ丈のシャツワンピを着こなし、「イヴ・サンローラン」のバッグと白いブーツでコーディネートした。\n\n 西村優菜はベージュのジャケットと黒のパンツという大人っぽいコーディネート。勝みなみは黒のトップスと薄いグレーのパンツでシックな雰囲気に仕上げた。\n（上段左から）小祝さくら、岩井明愛、コ・ジンヨン、 ブルック・ヘンダーソン （下段左から）山下美夢有、古江彩佳、竹田麗央、ユ・ヘラン\n他にも、黒のシースルーのドレスでシックに決めた鶴岡果恋。黒のワンピースのドレスに身を包んだ吉本ひかる。白と黒のワンピースに厚底の革靴を合わせた川崎春花。華やかな花柄のワンピースをチョイスした堀琴音ら、試合中とはまた違った装いの選手たちが、激戦の前に和やかな雰囲気でパーティーを楽しんだ。\n\n 本戦は31日に瀬田ゴルフコース北コース（滋賀県）で開幕する。賞金総額200万ドル（約3億1000万円）をかけて日米合わせて78人の選手が熱い戦いを繰り広げる。\nゴルフのニュース編集部,"['https://newsatcl-pctr.c.yimg.jp/t/amd-img/20241030-10160314-egolf-000-16-view.jpg?pri=l&w=640&h=426&exp=10800', 'https://newsatcl-pctr.c.yimg.jp/t/amd-img/20241030-10160314-egolf-001-16-view.jpg?pri=l&w=640&h=426&exp=10800']","['https://egolf.jp/photo/160314/?utm_source=news.yahoo.co.jp&utm_medium=referral&utm_campaign=feed&utm_content=160314_6', 'https://news.yahoo.co.jp/articles/ad74ac040c62360b92694e01a6647ab22e42f859/images/000', 'https://news.yahoo.co.jp/articles/ad74ac040c62360b92694e01a6647ab22e42f859/images/001']"
日本のファンに「ダブルパーでも拍手される（笑）」 コリン・モリカワが渋谷のアディダスストアで一問一答（ゴルフのニュース）,https://news.yahoo.co.jp/articles/61d9c8ff279339a686e7d28dee30b6f51a3c6a44,https://newsatcl-pctr.c.yimg.jp/t/amd-img/20241030-10160232-egolf-000-3-view.jpg?exp=10800,2024-10-30T14:10:00+09:00,2024-10-30T23:17:30+09:00,ゴルフのニュース,egolf,e!Golf,1846,\n「今日もすでにショッピングバッグがいっぱいになっています（笑）」\nメジャー2勝を含むPGAツアー通算6勝のコリン・モリカワが、「ZOZOチャンピオンシップ」（10月24～27日）開催前に、東京都渋谷区にある「アディダスブランドセンター RAYARD MIYASHITA PARK」を訪れ、報道陣の取材に応じました。ゴルフウエア姿以外で取材を受けるのは珍しいこともあり、質問はそこから始まりました。\n【写真】すきやばし次郎にラーメン二郎… コリン・モリカワが楽しみまくった日本のグルメいろいろ！ これが実際の投稿です\n「アディダスブランドセンター RAYARD MIYASHITA PARK」（東京都渋谷区）に登場したコリン・モリカワ\n――コリン・モリカワ選手はゴルフウエアのイメージが強いのですが、今日のウエアもとてもスタイリッシュでかっこいい。好きなウエアのスタイルや色があったら教えてください。\n\n「プロに転向した時は全身モノトーン系で、黒とかグレーが多かったです。無難というか、大事な日のときに勝負のカラーとして選んでいました。でも、ちょっと勝利から遠のいた時期があったので、気分転換に色を変えてみようかなと思って、いろんなカラーを試し始めました」\n\n――どんなカラーに興味がありますか。\n\n「昨年の『ZOZOチャンピオンシップ』で優勝したときは赤と白のセットアップにして、たまたま日本のカラーっていうのもあったんですけど、優勝した記憶が鮮明に残っているので、赤も少し気に入っています。あと、キャディーが最終日にピンクを着て何回か勝ったことがあるので、ピンクもちょっと興味を持ち始めています」\n\n――今日のウエアで気に入っているところは？\n\n「これは『ツイストウィーブ』という特殊な素材を使っているんですけど、1年前に撮影で着たときにすごく着心地が良かった。それと一番気に入っているのは（グリーンの）カラーの統一感です」\n\n――カジュアルなプライベートのときはどんなファッションが好きですか？\n\n「そんなにおしゃれにしているほうではなくて、シンプルに短パンとTシャツ。寒かったらパーカを着るくらい」\n\n――今日のイベントが始まる前、店内のアイテムを見ていましたが、気に入ったモノはありましたか？\n\n「いろんな国のアディダスストアに行くと、その国でしか売っていないグッズがあるのが楽しみです。今日もすでにショッピングバッグがいっぱいになっています（笑）」\n\n――今シーズンを振り返ってみて、印象に残っていることは？\n\n「今年の前半はそこまで調子が悪い感じではなかったけど、なかなか安定しませんでした。マスターズが終わってから、少しスイングも変更して、調子が上がりましたが、勝てなかったのはちょっと残念です。」\n\n――来年から同じアディダスチームの大西魁斗選手がPGAツアーに挑戦します。\n\n「カイトのことは15年前から知っています。米国のジュニア時代から数えきれないくらい一緒の試合に出ました。彼は爆発的に飛び抜けた武器があるというタイプではなくて、コツコツと練習を重ねて成長していくタイプ。松山英樹選手の活躍だけでなく、日本人選手のレベルが上がってきていることを感じます」\n「選手のルーティンやスイングを真剣に見ているのを感じています」\n――2019年から「ZOZOチャンピオンシップ」で来日していますが、日本で一番気に入っているところは？\n笑顔でインタビューに応じるコリン・モリカワ\n「1番楽しみにしているのはやっぱり食事です。 日本の食事はとても素晴らしくて、どれか1つに絞れないぐらい種類も多くて、何を食べてもおいしいです」\n\n――日本のゴルフファンの印象は？\n\n「ゴルフへの関心がすごく高い。選手のルーティンやスイングを真剣に見ているのを感じています。みんなうまくなりたいという気持ちが強いですね。それと他の国のギャラリーと違ってバーディーでもダブルパー（※規定打数の2倍）でも拍手をしてくれます。こっちはクラブを折りたくなる気持ちになることもあるけど（笑）、拍手をされると感動します」\n\n 冗談まじりに明るくインタビューに応じたモリカワ。「ZOZOチャンピオンシップ」ではトータル1オーバーの54位タイと本来のプレーとはなりませんでしたが、来年はメジャー3勝目の期待がかかります。\n野中真一,"['https://newsatcl-pctr.c.yimg.jp/t/amd-img/20241030-10160232-egolf-000-3-view.jpg?pri=l&w=640&h=426&exp=10800', 'https://newsatcl-pctr.c.yimg.jp/t/amd-img/20241030-10160232-egolf-001-3-view.jpg?pri=l&w=640&h=426&exp=10800']","['https://egolf.jp/gear/160232/2/?utm_source=news.yahoo.co.jp&utm_medium=referral&utm_campaign=feed&utm_content=160232_6', 'https://news.yahoo.co.jp/articles/61d9c8ff279339a686e7d28dee30b6f51a3c6a44/images/000', 'https://news.yahoo.co.jp/articles/61d9c8ff279339a686e7d28dee30b6f51a3c6a44/images/001']"
インスタフォロワー合わせて7.8万人！“話題のゴルフ女子”3人が語るリアルなゴルフライフ座談会（ゴルフのニュース）,https://news.yahoo.co.jp/articles/08c83375e164efe0345a795ab66e25f5873a4802,https://newsatcl-pctr.c.yimg.jp/t/amd-img/20241030-10160255-egolf-000-6-view.jpg?exp=10800,2024-10-30T12:15:00+09:00,2024-10-30T16:37:35+09:00,ゴルフのニュース,egolf,e!Golf,3301,\n座談会に参加してくれた3人をご紹介\nインスタグラムはゴルファーの利用者も多く、手軽にゴルフにまつわる情報をキャッチできるツールです。今回はそんな“インスタ”で積極的にゴルフライフを発信している、仲良し女子3人の“座談会”を開催しました。\n【動画】これが「みなみ・あちゃこ・みさき」3人の“本気”を感じるスイング映像です\n（左から）あちゃこちゃん、みなみちゃん、みさきちゃん\n3人はゴルフを通じて知り合った、年齢も仕事もバラバラの“ゴルフ女子”。終始なごやかな雰囲気の中、まずはゴルフを始めたきっかけ、ゴルフを初めて良かったと思うことは何か聞いてみました。\n＜みなみちゃん ＠minamii_golf フォロワー4.9万人＞\nみなみちゃんと愛犬ララちゃん 写真：みなみちゃんのインスタグラム（@minamii_golf）より\n1997年5月13日生（27歳）栃木県出身のA型。ゴルフミニツアー主催\nラウンド数：年間100以上 日大ゴルフ部出身、好きな食べ物はうなぎ、愛犬はララちゃん♀\nゴルフのサラブレットで、キャディー経験もある本格派ゴルファー\n＜あちゃこちゃん ＠acha97_golf フォロワー1万人＞\nあちゃこちゃんと愛犬チビちゃん 写真：あちゃこちゃんのインスタグラム（@acha97_golf）より\n1986年9月7日生（38歳） 埼玉県出身のB型。西麻布で飲食店「おばんざいあちゃ」経営\n好きなことは昼飲み！表参道「しまだや」外苑のモツ酒場「黄金」によく出没。愛犬はチビちゃん♂\nスタイリッシュなスタイルでゴルフを楽しむ、おしゃれ通ゴルフ女子\n＜みさきちゃん ＠misarasara.golf フォロワー1.9万人＞\nみさきちゃんと愛犬ベンちゃん 写真：みさきちゃんのインスタグラム（@misarasara.golf）より\n1985年5月5日生（39歳）千葉県出身のA型。美容室経営 ラウンド数：月1～2回\n趣味は「LUNA SEA」のライブ、愛犬はベンちゃん♂・ロンちゃん♀\nいまどきゴルフインフルエンサー女子。「ゴルフを楽しむこと」をモットーに、スコアアップの向上心も\nQ：なんでゴルフにハマったの？ゴルフを始めたきっかけは？\nプロゴルファーのお母さんとは大の仲良し 写真：みなみちゃんのインスタグラム（@minamii_golf）より\n【みなみ】両親がゴルフをしていました。おじいちゃん、おばあちゃんも。家族みんながやっていたから、やらざるを得ない環境にいました。\n\n あと、栃木出身だからゴルフ場がいっぱいあって環境も良かったです。10歳のジュニアだった頃は練習場も1日500円でした。小さいとき、お父さんとお母さんが週末2人でゴルフに行っちゃうから一人でお留守番がさみしくて、嫌で嫌で。それもきっかけで自分もゴルフに行くようにもなりました。\n\n お母さんがプロゴルファーで、お父さんもクラチャン（クラブチャンピオン。ゴルフ場のチャンピオンのこと）を目指していたので、ゴルフがめっちゃ上手なんです。デビューから1番後ろのティーからやらされて……。今思うとなかなかない環境ですよね。当時はやっぱり当たらないから悔しくて、最初はつまんなかったんですが、だんだん当たるようになってきたら、楽しくなってきたって感じです。\n西麻布でおばんざい屋さんを経営 写真：あちゃこちゃんのインスタグラム（@acha97_golf）より\n【あちゃこ】みなみの話を聞いちゃうと普通なんですけど……。当時付き合っていた彼氏がやっていたから（笑）。たしか30歳くらいのときに初めました。でも、本当になんにも楽しくなくて、すぐやめちゃって。\n\n その後に付き合った彼氏が、すごいゴルフ好きだったんです。そんな彼と会話をするのには、自然とゴルフが必要な感じで……。必死にまた始めました。動機は不純です(笑)。でも、彼がうますぎて全然ついていけなくて。悔しすぎて半年間レッスンに週1、2回、ちゃんと通ってようやくという感じです。\n「LUNA SEA」の推し活に励んでます 写真：みさきちゃんのインスタグラム（@misarasara.golf）より\n【みさき】私は推しの「LUNA SEA」がゴルフをしていたのがきっかけです。年2回位、18ホールべた付きでプロアマの試合を見に行きました。コンサートに行くより近くで会えて、声をかけられる距離で見られるんです。\n\n でも、最初はルールが全然わからなくて。カップにボールがまだ入っていないのに、なんで今ボール取ったんだろう？って。「OK」っていうルールの意味もわからなかったんです。だからもっと知りたいと思ってゴルフを始めました。レッスンもめちゃくちゃ行って、2カ月間、週5でみっちり通いました。コーチもイケメンだったし(笑)。\nQ：ゴルフを始めてよかったことは？\n【あちゃこ】趣味が合うゴルフきっかけの仲良しな子ができたことです。今まではゴルフ女子のお友達がいなくて、男子しか周りにいなくて……。コンペに参加してから、ちょっとずつ女子のお友達ができて、やったーって。うれしかったです。結果、仕事にもつながりました。友達のゴルフ女子のYouTubeをみて（おばんざいあちゃに）来てくれる人も多いです。ゴルフをしている男性は仕事ができる方が多いですね。\n\n【みさき】確かに、出会う人たちがすごい変わりました。時間もお金も余裕があるイメージ。女の人は、今は若い子もゴルフを始めているからそうとも言い切れないけど、 男の人は仕事目的でゴルフを始める人が結構多い印象。\n\n【みなみ】私もコンペとかはすごい行くようにしています。特に経営者交流会みたいなコミュニティーコンペっていうのが結構あって。私はゴルフできるから同じティーで回って、そこで調子が良くて頑張ればベスグロ（ベストグロス賞。グロススコアが最も良かった人に与えられる賞）とか獲って。表彰式でなるべくしゃべれるように頑張っています。そこで事業のことを話して、覚えていただけたらうれしいですっていうのを伝えて、その場で名刺交換をするように心がけています。\n\n【あちゃこ】ゴルフがうまいと、いいところに呼ばれるよね。それは確かに私もあったかも。当初、ゴルフをめっちゃ頑張ってたとき、「うまいよね、あちゃこ」って、すごい良い人たちが回っている組に入って。ラウンドして仲良くなってお客さんになる、とかもありました。同じ感じですよね。\nQ：ラウンド中の振る舞いやマナーってどうやって学んだの？\nゴルフを通じて知り合い、3人でラウンドにも 写真：みなみちゃんのインスタグラム（@minamii_golf）より\n【みさき】私はもともと接客業なので。でもゴルフのマナーとか、気遣いはまだ全部つかみきれてないかもしれません。めっちゃ難しいです。誰かが教えてくれるとは思っていないですが、一緒に回ってくれる友達から学んでいるかもしれません。\n\n【あちゃこ】おしゃべりや気遣いとか、みなみはすごい上手だと思います。私は美容室で働いていたから、やっぱり接客かな、と思います。あとは、最初めっちゃ厳しい人とご一緒して。「あちゃこ、こういうのやっちゃダメだよ」ってすっごい叱られました。それで、ほかの人と回る時には影は踏まない、クラブは持っていってあげる、ダラダラしない、素振りは2回まで、ヘタなやつはとにかく走る！…とか（笑）。とにかく怒られました。でも厳しい人と回るのは、とても大事なことだと思います。\n\n※ ※ ※\n\n 3人ともゴルフに真剣に取り組んで、猛練習をした経験があるのが印象的でした。友達の輪が広がって仕事にもつながるなど、3人にとってゴルフはすっかり“ライフワーク”のようです。次回は「インフルエンサーゴルフ女子というカテゴライズ」について、本人たちはどう思っているのか、じっくり聞かせてもらいました。お楽しみに！\n井上茜,"['https://newsatcl-pctr.c.yimg.jp/t/amd-img/20241030-10160255-egolf-000-6-view.jpg?pri=l&w=640&h=426&exp=10800', 'https://newsatcl-pctr.c.yimg.jp/t/amd-img/20241030-10160255-egolf-001-6-view.jpg?pri=l&w=640&h=426&exp=10800', 'https://newsatcl-pctr.c.yimg.jp/t/amd-img/20241030-10160255-egolf-002-6-view.jpg?pri=l&w=640&h=426&exp=10800', 'https://newsatcl-pctr.c.yimg.jp/t/amd-img/20241030-10160255-egolf-003-6-view.jpg?pri=l&w=640&h=426&exp=10800', 'https://newsatcl-pctr.c.yimg.jp/t/amd-img/20241030-10160255-egolf-004-6-view.jpg?pri=l&w=640&h=426&exp=10800', 'https://newsatcl-pctr.c.yimg.jp/t/amd-img/20241030-10160255-egolf-005-6-view.jpg?pri=l&w=640&h=426&exp=10800', 'https://newsatcl-pctr.c.yimg.jp/t/amd-img/20241030-10160255-egolf-006-6-view.jpg?pri=l&w=640&h=426&exp=10800', 'https://newsatcl-pctr.c.yimg.jp/t/amd-img/20241030-10160255-egolf-007-6-view.jpg?pri=l&w=640&h=426&exp=10800']","['https://egolf.jp/column/160255/2/?utm_source=news.yahoo.co.jp&utm_medium=referral&utm_campaign=feed&utm_content=160255_6', 'https://news.yahoo.co.jp/articles/08c83375e164efe0345a795ab66e25f5873a4802/images/000', 'https://news.yahoo.co.jp/articles/08c83375e164efe0345a795ab66e25f5873a4802/images/001', 'https://news.yahoo.co.jp/articles/08c83375e164efe0345a795ab66e25f5873a4802/images/002', 'https://news.yahoo.co.jp/articles/08c83375e164efe0345a795ab66e25f5873a4802/images/003', 'https://news.yahoo.co.jp/articles/08c83375e164efe0345a795ab66e25f5873a4802/images/004', 'https://news.yahoo.co.jp/articles/08c83375e164efe0345a795ab66e25f5873a4802/images/005', 'https://news.yahoo.co.jp/articles/08c83375e164efe0345a795ab66e25f5873a4802/images/006', 'https://news.yahoo.co.jp/articles/08c83375e164efe0345a795ab66e25f5873a4802/images/007']"
岩井姉妹がツアー史上7回目の開催地出身者によるワンツー達成！ 昨年北海道で達成された地元ワンツーは誰と誰だった？（ゴルフのニュース）,https://news.yahoo.co.jp/articles/82aef9821959011602ff4af8f4ce1288aed711ba,https://newsatcl-pctr.c.yimg.jp/t/amd-img/20241030-10160083-egolf-000-1-view.jpg?exp=10800,2024-10-30T11:10:00+09:00,2024-10-30T11:10:00+09:00,ゴルフのニュース,egolf,e!Golf,1557,\nベストアマの清水心結も埼玉県出身\n埼玉県の武蔵丘ゴルフコースで開催された「樋口久子 三菱電機レディス」は埼玉県出身の岩井千怜が優勝し、双子の姉・明愛が2位タイに入った。26位タイでベストアマを獲得した清水心結も埼玉県出身。1、2位とベストアマを開催都道府県出身選手が占めたのは女子ツアー史上初だ。\n【動画】マジでスゴイ！長い距離の“激ムズ”バンカーショットをピンの根元にピタリ！ 岩井千怜が放った神ワザ 実際の映像です\n岩井姉妹の自宅から大会会場の武蔵丘GCまでは車で30分ほどだという。ギャラリーの中には知人が大勢おり、岩井姉妹への声援はひと際大きかった。そんな“ホーム”の雰囲気にも後押しされ、1打差の単独首位で最終日を迎えていた千怜が逃げ切って通算7勝目。初めての地元優勝を成し遂げた。\n地元埼玉で優勝を飾った岩井千怜\n最終組の2組前でプレーした明愛も最終日ベストスコアの66を叩き出すチャージで地元ギャラリーを沸かせ、吉田優利と並ぶ2打差2位までジャンプアップ。昨年の「RKB×三井松島レディス」（岩井姉妹と山下美夢有によるプレーオフで千怜が優勝）以来2回目の姉妹ワンツーフィニッシュとなった。\n\n 大会開催都道府県出身選手によるワンツーフィニッシュ（2位が複数いる場合はその中の1人が該当すればワンツーフィニッシュとする）は昨年の「ミネベアミツミレディス北海道新聞カップ」（北海道出身の小祝さくら優勝、菊地絵理香2位タイ）以来、通算7回目という珍しいことである。今回はそれに加えてベストアマに輝いた高校1年生の清水心結までもが埼玉県出身だった。これは女子ツアーで前例のない出来事だ。\n\n 清水はさいたま市内の中学校在学中に「関東ジュニア」や「関東中学選手権」などを制した実績を持つ。現在は代々木高校の1年生。大会週の月曜日に開催された主催者推薦選考会を通過して出場権をつかんだ。\n\n 清水にとって初めてツアー競技だったにもかかわらず、初日にいきなり5アンダー、67をマークして4位タイ発進。2日目も70にまとめて9位タイにつけていた。最終日は73と苦戦したが岡山県の作陽学園高校2年・中嶋月葉を1打抑え、26位タイでベストアマを獲得したのである。\n大会の冠である樋口久子も埼玉県出身\n埼玉県開催で地元のプロが優勝争いをして、さらに地元の選手がベストアマという、まさに埼玉祭りとなった「樋口久子 三菱電機レディス」だが、そもそも大会名にもなっている樋口久子自身が埼玉県出身で、冠となる前からこの大会との縁が深い存在なのである。\n\n「樋口久子 三菱電機レディス」の歴史をさかのぼれば第1回大会は1983年に開催されている。当時の大会名は「紀文レディース」。会場は埼玉県の嵐山カントリークラブだった。その第1回大会の優勝者が地元出身の樋口だったのである。翌年の第2回大会も樋口が優勝。そして1997年、「紀文レディース」はこの年、日本女子プロゴルフ協会会長に就任した樋口の名を大会名に冠して「樋口久子・紀文クラシック」となる。女子で初めて選手名を冠した大会だった。\n\n この年の会場は奈良県の万壽ゴルククラブ。樋口が米国でプレーしていた時の仲間であるキャシー・ウィットワース（米国）らレジェンドも参戦した華やかな大会となり、優勝したのは最盛期を迎える前のアニカ・ソレンスタム（スウェーデン）だった。\n\n その後、大会名は変遷しながらも「樋口久子」の名は受け継がれて現在に至っている。開催地は他県になったこともあるが、基本的には埼玉県である。\n\n 今回は5位タイに入った小林夢果も埼玉県出身。地元のファンにとっては最高の3日間となったのではないだろうか。\n宮井善一,['https://newsatcl-pctr.c.yimg.jp/t/amd-img/20241030-10160083-egolf-000-1-view.jpg?pri=l&w=640&h=426&exp=10800'],"['https://egolf.jp/tournews/160083/2/?utm_source=news.yahoo.co.jp&utm_medium=referral&utm_campaign=feed&utm_content=160083_6', 'https://news.yahoo.co.jp/articles/82aef9821959011602ff4af8f4ce1288aed711ba/images/000']"
スタート前1時間の使い方でスコアに差が出る!? マネして損はない上級者の時短準備術とは？（ゴルフのニュース）,https://news.yahoo.co.jp/articles/723c22f3f24ca11cc0a7f23f7cb93c54474916ac,https://newsatcl-pctr.c.yimg.jp/t/amd-img/20241030-10159898-egolf-000-9-view.jpg?exp=10800,2024-10-30T09:10:00+09:00,2024-10-30T17:57:25+09:00,ゴルフのニュース,egolf,e!Golf,2351,\nスタート前の練習は不安を取り除くためではない\nトーナメントプロはスタート時刻の2～3時間前にはゴルフ場に来ているのをご存じでしょうか。クラブハウスでストレッチを行い、それから天然芝のドライビングレンジとパター＆アプローチ練習場でじっくり時間をかけて準備をしています。\n【写真】ロフトを立てた構えで失敗する人が多い！ これが正しく構えてヘッドを上から見た時の景色です\nでも、練習環境自体がそこまで整っていない多くの一般営業コースでは、それは不可能というもの。クラブハウスも早く開かないので、上級者でもスタート時刻の1時間前に到着して、時間に余裕があれば軽く練習する程度の人が多いようです。\nスタート前の練習は、上級者になるほどナイスショットにこだわらず「単なるウオーミングアップ」を目的に少ない球数を軽く打つだけ\nアマチュアのスタート前練習を観察していると、上級者とそれ以外には、大きな違いを感じることがあります。まずはドライビングレンジからお話ししましょう。\n\n 最初は打席に到着した直後の所作。上級者は準備運動や素振りの延長でウオーミングアップを目的にしています。ボール打ち始めても6割ぐらいの出力で軽く打つだけ。飛距離やボールの高さ、つかまり具合にも固執せず、スイングの全体の流れやダフリ・トップのチェックをしておく程度です。\n\n 間違っても、曲がりを修正したりスイングを直したりはしません。ナイスショットという「安心」を目的にはしていないということです。むしろ、今日の調子を確認しながら、コースでの対処に頭を巡らせているのです。\n\n 初～中級者からすれば「うまいからチェックする必要がないだけ」と思うかもしれません。しかし考え方は逆です。「コースではボールが曲がるもの」「練習どおりのスイングなんてできない」と割り切り、コースとの対峙を想像しながら、その日の自分の調子なりにマネジメントすることをスタート前から頭に入れているのです。\n\n 練習する番手も上級者とそれ以外では違います。上級者は普段よく練習している「バロメーター」となるアイアンを中心に、一応ドライバーなどウッドを持ってきています。バロメーターである番手で今日の球筋やミスの傾向を探っているわけです。\n\n 対して初～中級者は、不安を取り除くためにドライバーなどのウッド中心の練習をして、大きなトラブル防止を目的にしている人が多い傾向があります。その点も、上級者の練習を見習ってみるのもいいでしょう。\n練習グリーンでは振り幅と距離感、打ち出し方向のズレを確認\n続いて練習グリーンです。多くの人はカップに向かってボールを打つので、どうしてもカップ周りに人が集まり混雑します。でも上級者ほど自分の場所を確保し、タッチの確認を優先する傾向が見られます。\n\n タッチの確認とは、パッティングにとって重要な距離感と方向性の確認のことで、具体的には自分の振り幅と出球の傾向をつかむ作業です。\nスタート前の練習グリーンではカップインにはこだわらず、自分の振り幅と転がる距離のイメージのギャップや、出球がズレているかどうかの傾向を確認することを優先する\n出球の傾向は、ボールのすぐ先にイメージしたスパットに向けて正しく真っすぐにボールが出ているか、ズレているのならば左右のどちらにどの程度なのかを確認します。その確認によって、ラウンド中のグリーンの読みに対してどのくらい曲がりをみて打つかの参考材料にします。\n\n またショートパット時に、その日の引っ掛け、押出しの傾向に合わせてカップ内の左右の狙いを決めます。\n\n さらに練習グリーンでは、気持ちよくストロークできる自分なりのリズムと振り幅で打ったときに、どのくらいの距離を転がるのか、グリーンのスピードとイメージのギャップを確認します。思っているよりも速いか遅いかだけを確認して、ラウンドに臨むのです。ただし実際の一般営業コースの本グリーンでは、練習グリーンとスピードが異なる場合もよくあるので、一応の目安くらいに留めておきます。\n練習の仕上がりよりも万全な準備を最優先する\nちなみにですが、スタート前ギリギリまで練習場や練習グリーンにいる上級者はほとんどいません。むしろスタート時刻に対して、かなり余裕を持ってカートに集まり、小物やアクセサリー類の用意を行っています。\nスタート前の準備には十分すぎることはない。時間に余裕を持ってカートに集まり、小物＆アクセサリーの用意を行う\nスイングやショットを万全にすることよりも、プレー以外の部分で慌てない＆焦らないために、ティーやボールマーカー、グリーンフォークや目土などの準備にあてるのです。\n\n 上級者は、スタートしてからもショットの傾向や調子に合わせたマネジメントするための「様子見」を3ホールくらい行っています。スタートホールからアクセル全開でプレーするイメージを持っていないのです。\n\n それはうまい人だからではなく、経験をとおしてうまくいったルーティンを行なっているだけなのです。表面上だけでもスタート前の練習をマネしてみると、いつもと違った感覚が持てるかも知れませんので、ぜひやってみてください。\n【解説】筒 康博（つつ・やすひろ）\n伝説のプロコーチ・後藤修に師事。世界中の新旧スイング方法を学び、プロアマ問わず8万人以上にアドバイスを経験。スイング解析やクラブ計測にも精通。ゴルフメディアに多数出演するほか「インドアゴルフレンジKz亀戸」ヘッドコーチ、WEBマガジン＆コミュニティ「FITTING」編集長やFMラジオ番組内で自らコーナーも担当している。\n猿場トール,"['https://newsatcl-pctr.c.yimg.jp/t/amd-img/20241030-10159898-egolf-000-9-view.jpg?pri=l&w=640&h=426&exp=10800', 'https://newsatcl-pctr.c.yimg.jp/t/amd-img/20241030-10159898-egolf-001-9-view.jpg?pri=l&w=640&h=426&exp=10800', 'https://newsatcl-pctr.c.yimg.jp/t/amd-img/20241030-10159898-egolf-002-9-view.jpg?pri=l&w=640&h=426&exp=10800']","['https://egolf.jp/photo/159898/?utm_source=news.yahoo.co.jp&utm_medium=referral&utm_campaign=feed&utm_content=159898_6#photo4', 'https://news.yahoo.co.jp/articles/723c22f3f24ca11cc0a7f23f7cb93c54474916ac/images/000', 'https://news.yahoo.co.jp/articles/723c22f3f24ca11cc0a7f23f7cb93c54474916ac/images/001', 'https://news.yahoo.co.jp/articles/723c22f3f24ca11cc0a7f23f7cb93c54474916ac/images/002']"
「カッコいいのに打ちやすい」は“AI”のおかげ？ キャロウェイ「APEX Ai200」アイアンを試打チェック（ゴルフのニュース）,https://news.yahoo.co.jp/articles/27f506514a4d5b42641b0b036f3e14410eabcab3,https://newsatcl-pctr.c.yimg.jp/t/amd-img/20241030-10159693-egolf-000-3-view.jpg?exp=10800,2024-10-30T10:10:00+09:00,2024-10-30T14:37:30+09:00,ゴルフのニュース,egolf,e!Golf,2058,\n「7番で30度」というロフトで妥協せずに作られたアイアン\n「飛び系アイアン」のカテゴリーがすっかりゴルファーに定着しました。今や女子プロ使用アイアンは「7番でロフト角30度」がスタンダートです。\n【画像】これが「Ai200」「Ai300」えげつない飛距離・弾道のデータ！ 詳細画像もチェック\nAPEXシリーズ10周年を迎え、初のAiスマートフェースを採用した中空構造フォージドアイアン「APEX Ai200」。打感も飛びもスピンも、新世代モデルといえる性能だという\nキャロウェイゴルフの人気シリーズ「APEX」の10周年記念モデルの一つ「APEX Ai200」は、その「7番でロフト角30度」カテゴリーに投入されたシャープな仕上がりのアイアンです。 \n\n フェースは、シリーズ初となる鍛造カーペンター455スチール＋「Aiスマートフェース」を採用。スコア80台ゴルファーを中心とした打点分布データなどをAiにインプットし、飛距離はもちろん高い打出角とスピン量を最適化した、超ハイテクな中空構造モデルになっています。\n「APEX Ai200」アイアンは、シリーズ初となるAiスマートフェースを採用した中空構造。女子プロ使用アイアンのスタンダードである「7番でロフト角30度」に設定\n開発テーマは「スコアにも、見た目やフィーリングにも、パフォーマンスにも妥協しない人のために」とのこと。実際に試打を行い、さらに単体ヘッドの重心を計測。どんな特徴があって、どんなゴルファーに合うのかを探ってみました。\nシャープな見た目ながらプロも納得のやさしさ\n世界のトッププロからアマチュアまでに幅広く支持されてきたAPEXアイアン。シリーズでは初採用の「Aiスマートフェース」は、パラダイムシリーズのテクノロジーが踏襲されたものです。\n\n 高い反発性能、広いスイートエリア、優れたスピン性能、そしてソフトな打感、それらをすべてかなえているといいます。\nコンパクトながらサイズ最強クラスのボール初速性能は、「Aiスマートフェース」を活かした重心設計にありそう\n「APEX Ai200」アイアンは、一見すると上級者向けにも見えるコンパクトなヘッド長で、昨年発売の「APEX PRO」アイアンにも似たデザインです。\n\n 前作「APEX 2021」アイアンはキャビティでしたが、軟鉄鍛造ボディーに高反発鍛造カーペンター455スチールフェースを合わせた中空構造になっています。\n\n 構えた時に感じるのは、スッキリした印象ながらどこかやさしそうに思える形状。若干のオフセット（グース）があり、球がつかまる安心感とラインが出そうなシルエットは、まさにAPEX PROのようでもあります。\n\n 実際に打ってみると、予想以上に打感が軟らかく、高さも飛距離もしっかり出ます。結果には大きく表れないものの、ミスした時のフィードバックもしっかり手に伝わりました。西村優菜プロを初め、テストからすぐに実践投入するプロが多いのも納得です。\nスイートスポットの高さが最適なので適正なダウンブローでヒットできる\n「APEX Ai200」ヘッド単体の重心を計測してみると、複合素材の中空構造ならではのデータが見てとれました。ボールの中心に対して、ややインサイドかつ最適なダウンブローの入射角が得られるSS（スイートスポット）になっているのです。\n\n すると、番手なりの理想的なスピン量となり、”飛んで止まる”ショットが実現できます。また、ヘッド重量も含めた「高MOI」といえるスペックになっていて、ミスヒットへの許容度が大きいことも長所です。\n現代のスタンダードアイアンに勝る飛びだけでなく、高い弾道を生むスピン量をもたらすSS（スイートスポット）の高さになっている\n唯一のデメリットは「小さいヘッドが苦手」や「とにかくアイアンも飛ばしたい」という人には見た目で嫌われやすいこと。食わず嫌いせず、とにかく手に取ってみればヘッド全体の完成度が分かるはずです。\n\n 従来のAPEXアイアンは中・上級者向けのイメージが強かったのですが、「APEX Ai200」は新たに採用された「Aiスマートフェース」を活かすヘッド設計によってオールターゲット向けにアップデートされています。\n\n カッコいいのに、飛距離も球の高さもスピンも入るというスゴいアイアンであることは、間違いないです。ダマされたと思って一度試打してみてはいかがでしょうか。\n【解説】筒 康博（つつ・やすひろ）\n伝説のプロコーチ・後藤修に師事。世界中の新旧スイング方法を学び、プロアマ問わず8万人以上にアドバイスを経験。スイング解析やクラブ計測にも精通。ゴルフメディアに多数出演するほか「インドアゴルフレンジKz亀戸」ヘッドコーチ、WEBマガジン＆コミュニティー「FITTING」編集長やFMラジオ番組内で自らコーナーも担当している。\n猿場トール,"['https://newsatcl-pctr.c.yimg.jp/t/amd-img/20241030-10159693-egolf-000-3-view.jpg?pri=l&w=640&h=426&exp=10800', 'https://newsatcl-pctr.c.yimg.jp/t/amd-img/20241030-10159693-egolf-001-3-view.jpg?pri=l&w=640&h=426&exp=10800', 'https://newsatcl-pctr.c.yimg.jp/t/amd-img/20241030-10159693-egolf-002-3-view.jpg?pri=l&w=640&h=426&exp=10800', 'https://newsatcl-pctr.c.yimg.jp/t/amd-img/20241030-10159693-egolf-003-3-view.jpg?pri=l&w=640&h=426&exp=10800']","['https://egolf.jp/photo/159693/?utm_source=news.yahoo.co.jp&utm_medium=referral&utm_campaign=feed&utm_content=159693_6', 'https://news.yahoo.co.jp/articles/27f506514a4d5b42641b0b036f3e14410eabcab3/images/000', 'https://news.yahoo.co.jp/articles/27f506514a4d5b42641b0b036f3e14410eabcab3/images/001', 'https://news.yahoo.co.jp/articles/27f506514a4d5b42641b0b036f3e14410eabcab3/images/002', 'https://news.yahoo.co.jp/articles/27f506514a4d5b42641b0b036f3e14410eabcab3/images/003']"
金メダリスト御用達「カステラ」はゴルフ中にもいいの？ バウムクーヘンなど“類似お菓子”よりスポーツ向きな理由（ゴルフのニュース）,https://news.yahoo.co.jp/articles/358a3cb3863008616c5d81bdb91e57bcd7ab04f7,https://newsatcl-pctr.c.yimg.jp/t/amd-img/20241030-10159902-egolf-000-2-view.jpg?exp=10800,2024-10-30T08:10:00+09:00,2024-10-30T11:17:23+09:00,ゴルフのニュース,egolf,e!Golf,2493,\nバターを使わないため、他の焼き菓子に比べ油分が少ない\n陸上・やり投げの金メダリスト、北口榛花選手がパリオリンピック後はじめて凱旋帰国しました。あらためて彼女の存在感や強さが話題になっています。\n【写真】カステラは？ バレたら“永久追放”!? これがマスターズで“持ち込み厳禁”の品目です\n昔ながらのお菓子の代表格であるカステラがスポーツの最先端で注目を浴びるとは… 写真：PIXTA\n特にテレビやネットでよく取り上げられていたのが“もぐもぐタイム”。パリでも競技中フィールドに腹ばいになり、おいしそうに頬張っていたカステラが、金メダリストの強さを支える要素の一つになっているようなのです。\n\n アスリートが競技中にカステラを食べることには、どんなメリットがあるのでしょうか。また、そもそもスポーツをしている最中におやつを食べることは推奨されるのでしょうか。\n\n さっそく、カステラの魅力について考えてみましょう。教えてくれたのは管理栄養士の土屋麻佑さんです。土屋さんは、プロを目指す学生アスリートからJリーガー、社会人アメフト選手などに幅広く栄養指導や調理指導を行うスポーツ栄養士でもあります。\n\n「カステラの主な原料は、小麦粉、卵、砂糖です。製品によってはちみつや水あめを使うこともありますが、バターを使わないため、パウンドケーキやバウムクーヘンといった他の焼き菓子に比べると油分が少ない。それだけ消化しやすく体の負担が少ないので、スポーツ中の補食向きの食品です。私もアスリートへの栄養指導をする際によくカステラをオススメしています」\n\n「スポーツの最中に食べるものは、小腹が空いたときに食べるおやつではなく、運動によって失われたエネルギーを補う補食です。アスリートが試合で最高のパフォーマンスをするにはエネルギーが欠かせません。ゴルファーもエネルギー源である糖が不足してくると体力や集中力が落ちてしまいますから、補食によってプレーに必要なエネルギーを補うことが大切なのです」\n\n 運動中の補食はさまざまな競技のアスリートが行い、エネルギーを維持する効果があることは分かっています。ゴルフのプレー中も補食としてカステラを摂ることによってパフォーマンスは向上するといいます。\n\n では、ゴルフのラウンド時は、カステラをいつ食べると良いゴルフにつながるのでしょうか。\n\n「スタート前ですね。補食は、ラウンドの途中でエネルギーが不足しないように摂るものだからです。例えば、朝練習場で50球打ち、1打ごとに1回素振りをしたとすると、行ったスイングは100回。ゴルファーは、スイングを1回行うたびにおよそ1kcalを消費します。1番ティーに立った時には約100kcalを消費してしまっているのです」\n\n「たくさん練習をした人ほど消費カロリーが多くなるので、それに応じて失ったエネルギーをしっかり補ってからスタートしましょう。前半9ホールの最後までエネルギーがもてば、脳がしっかり働き、集中力も維持できます」\n\n「またカステラの熱量は、製品にもよりますが、1切れ120～150kcal程度あります。コンビニのおにぎり1個と同じくらいですから、カロリーの摂り過ぎにならないようカステラの食べ過ぎに注意しないとなりません。基本はスタート前に1切れ食べてエネルギーを補充。前半のハーフが終わったらお昼ご飯をガッツリ食べ、後半9ホールのエネルギーを蓄えるのがベターです」\n\n 大事なのは朝のスタート前、と土屋さんは説明します。\n\n とはいえ、スタート前は慌ただしくてカステラを食べる時間がない、緊張して食べ物がのどを通らないという人もいるかもしれません。その場合は、スタート後のちょっとした待ち時間やカートに乗っている間に食べてもいいでしょう。3番ホールか4番ホールまでに食べれば、9ホール後の昼食への影響が少ないそうです。\n補色に最適なコンパクトカステラ3種を栄養士が吟味\n昔ながらのカステラは箱に1本入っているイメージがありますが、このところ老舗メーカーのものでもコンビニのものでも、食べやすい1切れサイズにカットされた商品が主流です。\n\n 補食用に携行しやすい商品のなかから気になる商品をピックアップし、それぞれの特長を土屋さんに解説してもらいました。\nピップアップしたのは、（1）セブンイレブンのカステラ、（2）千鶏カステラ本舗スポーツカステラ、（3）文明堂Vカステラです。\n\n（1）は1袋3切れ入り。コンビニで購入できます。\n\n「原材料は、小麦粉、卵、砂糖、水あめ、粉あめ、ざらめ。他のものに比べると油を使っていないので食べやすいと思います。カロリーは１切れ128kcal。スタート前に1切れ、カロリーが比較的少ないので後半のハーフに1切れ、1切れは残して帰りの車で食べてもよいでしょう」\n\n（2）は1箱4個入りから。1個ずつ個包装。売り切れのため販売休止中ですが、12月中旬ごろ再開予定です。\n\n「原材料にパラチノースを使ったことで体にゆっくり吸収され、従来のカステラよりエネルギーが長続きします。その点が人気の理由でしょう。長時間運動をするアスリートやゴルファーに最適です」\n\n（3）は1箱10本入から。1本ずつ個包装。\n\n「独自の製法でしっとり感があるようです。たんぱく質が多く、1本150kcalあり、エネルギー補給に最適です。バータイプなので開封して片手で持ち、手を汚さずに食べられるのも魅力でしょう」（以上、土屋さん）\n\n もぐもぐタイムのカステラについてインタビューされた北口は、「どこでも買えて手軽だし、（栄養素的にも）安心」と答えたことから、どうやら（1）のカステラを愛用しているのでは、とみられていますが、確定情報ではありません。\n\n スポーツ栄養士さんもおすすめのカステラを美味しく食べて、エネルギー補給。やりじゃなくボールですが、より遠くへ飛ばしたいものです。\n野上雅子,['https://newsatcl-pctr.c.yimg.jp/t/amd-img/20241030-10159902-egolf-000-2-view.jpg?pri=l&w=640&h=426&exp=10800'],"['https://egolf.jp/photo/159902/?utm_source=news.yahoo.co.jp&utm_medium=referral&utm_campaign=feed&utm_content=159902_6', 'https://news.yahoo.co.jp/articles/358a3cb3863008616c5d81bdb91e57bcd7ab04f7/images/000']"
「PL学園に挟まれる東海大仰星」 上原浩治が公開した超豪華レジェンドとの“名球会ゴルフ”に反響続々 「大阪出身トリオ」（ゴルフのニュース）,https://news.yahoo.co.jp/articles/30d9d0defa92221ccbaf478fa69e56b2f3e11678,https://newsatcl-pctr.c.yimg.jp/t/amd-img/20241030-10160295-egolf-000-26-view.jpg?exp=10800,2024-10-30T06:10:00+09:00,2024-10-30T15:36:17+09:00,ゴルフのニュース,egolf,e!Golf,922,\n「いい写真っしょ??」\n元プロ野球選手の上原浩治さんが自身のインスタグラムを更新。豪華メンバーとのオフショットを公開しました。\n【別カットあり】「元気そうでなによりです」の声も… ゴルフウエアに身を包んだ上原浩治＆松井稼頭央の“同学年”2ショット これが実際の投稿です\n上原浩治のインスタグラム（@koji19uehara）より\n現役時代は投手として読売ジャイアンツやボストン・レッドソックスなどで活躍し、引退後はインスタグラムで度々ゴルフを楽しむ姿を披露していた上原さん。\n\n 10月26日の投稿では「先日の名球会ゴルフ…」と書き出し、続けて「PL学園に挟まれる東海大仰星」とおちゃめなコメントを添えた2枚の写真をアップしています。\n\n 投稿では、かつて東京ヤクルトスワローズで活躍した宮本慎也さん、埼玉西武ライオンズの元監督でメジャーリーグでも活躍した松井稼頭央さんとの集合写真を披露。ゴルフウエアに身を包んだ姿で、カメラに向かって笑顔を向ける豪華な面々のオフショットを公開しました。\n\n さらに2枚目では、ともに1975年生まれの同学年でもある松井さんとの2ショットをアップ。カメラ目線で決めた写真からは、2人の仲むつまじい関係性がうかがえます。\n\n 最後は「いい写真っしょ??」と、楽しいラウンドとなった様子を伝えて締めくくったこの投稿に、ファンからは「憧れです」「スーパースターだらけ」「大阪出身トリオですね」「松井稼頭央さん元気そうでなによりです」「スコアはいくつで回られますか？」などのコメントとともに、6000件を超える「いいね！」が寄せられています。\n上原 浩治（うえはら・こうじ）\n1975年4月3日生まれ、大阪府出身。1998年にドラフト1位で読売ジャイアンツに入団。ルーキーイヤーに最多勝利、最優秀防御率、沢村賞などのタイトルを獲得。09年からは活躍の場をMLB（メジャーリーグ）に移し、13年にはレッドソックスでクローザーを務め、日本人初のリーグチャンピオンシップおよびワールドシリーズ胴上げ投手になる。18年に読売ジャイアンツに復帰し、翌年に現役引退を表明。\nゴルフのニュース編集部,['https://newsatcl-pctr.c.yimg.jp/t/amd-img/20241030-10160295-egolf-000-26-view.jpg?pri=l&w=640&h=426&exp=10800'],"['https://egolf.jp/sns/160295/2/?utm_source=news.yahoo.co.jp&utm_medium=referral&utm_campaign=feed&utm_content=160295_6', 'https://news.yahoo.co.jp/articles/30d9d0defa92221ccbaf478fa69e56b2f3e11678/images/000']"
同伴者はウンザリ… 素振りやルーティンが「いつも長いよ」とツッコまれがちな人 どうすればシンプルにできるの!?（ゴルフのニュース）,https://news.yahoo.co.jp/articles/c6be8173dd0e035e0bad08583a2d452149a20836,https://newsatcl-pctr.c.yimg.jp/t/amd-img/20241030-10159789-egolf-000-5-view.jpg?exp=10800,2024-10-30T07:10:00+09:00,2024-10-30T21:17:27+09:00,ゴルフのニュース,egolf,e!Golf,1752,\nどうしても長くなる人はほかでカバーしよう\nゴルフは一つのショットがスコアの良し悪しに直結するスポーツです。素振りやルーティンを入念に行うことで、ミスショットの確率を下げようと考える人もいるかもしれません。\n【画像】スロープレー撲滅！ こんな“迷惑ゴルファー”がいたらさり気なく注意しよう！？\nあのー… それってあとどれくらいかかりますか？ 写真：PIXTA\nしかし、あまりにも時間をかけ過ぎているとスロープレーになり、同伴者だけでなく周りの組にも迷惑をかけてしまうので、長々とやるわけにはいきません。\n\n では、素振りやルーティンが長くなってしまいがちな人は、どうすればスロープレーを防げるのでしょうか。レッスンプロの三浦辰施氏は、以下のように話します。\n\n「もちろん、素振りやルーティンにかける時間をできるだけ短くするに越したことはないですが、やはりショットの前にこなさないと気が済まない人もいるでしょう。これらの動作が長くなってしまいがちな場合は、他の所作で時間短縮を図るのが最も手っ取り早い方法だと思います」\n\n「気持ち速めのスピードで歩くことを心がけたり、同伴者が打っている間を見計らって距離を測ったり、次に使うクラブやティーを準備しておいたり…。スロープレーの防止につながる行動は、探せば結構多く見つかります」\n\n「『素振りはあまりやらないほうがいい』という考え方もありますが、もしも素振りを何回もしたいというのなら、同伴者が打つ準備をして、実際にショットをするまでの時間を有効活用するといいでしょう」\n\n そもそも、素振りやルーティンをあまりしなくても問題ない人は、ショットをするまでのプランがすでに確立しています。「あの場所まで飛ばしたいから、このくらいの振り幅でスイングすればちょうどいいだろう」というイメージがしっかりとできているのです。\n\n また、素振りはあくまでも事前に思い描いたショットを実現させるための「最終チェック」に過ぎず、必要以上に入念にやったところで突然うまくなるわけではありません。\n\n アドレスを取った後に毎回テークバックや切り返しの仕方などを全ておさらいするのは、「素振り」とは別物といっても過言ではありません。常にイメージした通りの軌道でボールを打てるようにするという意味でも、日頃の練習では闇雲にボールを打つのではなく、スイングを体に覚え込ませるように工夫するべきでしょう。\n可能であれば実践したい、ルーティンを短くする方法\nでは、素振りやルーティン自体をシンプルにできるとしたら、どのようなことを意識すればいいのでしょうか。三浦氏は以下のように話します。\n\n「まれにですが、一回アドレスを取った後に再度ボールの後ろに立って飛球線方向を確認し、また構えてから素振りをして、ようやく打つといった動作をする人が見受けられます」\n\n「それではものすごく時間がかかってしまうので、先に何となくのイメージで素振りをして、アドレスを取ったらそのまま打つといった方法に切り替えると、かなりの時短になるでしょう」\n\n「素振りを後回しにすると、せっかくセットしたアドレスが崩れてまた一から作り直さなければならず、無駄な動作が増えてしまいます。先に素振りを済ませてアドレスを決めたら、直接ショットに入るのをオススメします」\n\n「また、素振りやルーティンを時間をかけて丁寧にやると、その分だけ『本番は絶対に失敗できない』とプレッシャーがかかり、かえって変な力や雑念が邪魔をしてミスショットをしてしまうという、非常にもったいないことが起きる可能性もあります」\n\n「スイングの理論を徹底的に再現しようとするのではなく、『こんな感じで打てばいいだろうな』くらいのアバウトな気持ちで臨むのが理想的だと思います」\n\n 素振りやルーティンをすることが、一種の「精神安定剤」のようになっている人もいるかもしれません。また、必要以上に時間がかかっていることを、本人は自覚していないケースもあります。自分のルーティンを客観視する意味でも、親しいゴルフ仲間などに率直な意見を求めてみるのもひとつの手かもしれません。\nピーコックブルー,['https://newsatcl-pctr.c.yimg.jp/t/amd-img/20241030-10159789-egolf-000-5-view.jpg?pri=l&w=640&h=426&exp=10800'],"['https://egolf.jp/photo/159789/?utm_source=news.yahoo.co.jp&utm_medium=referral&utm_campaign=feed&utm_content=159789_6', 'https://news.yahoo.co.jp/articles/c6be8173dd0e035e0bad08583a2d452149a20836/images/000']"
