headline,mainEntityOfPage,image,datePublished,dateModified,author,media_en,media_jp,str_count,body,images,external_links
「走って楽しい」がキーワード！ 漫画の舞台となった車屋でオジサンのわくわくが止まらない（FORZA STYLE）,https://news.yahoo.co.jp/articles/d40373b5d01ec035a5afa40ce4666852b297f609,https://newsatcl-pctr.c.yimg.jp/t/amd-img/20240901-00072194-forza-000-1-view.jpg?exp=10800,2024-09-01T21:02:15+09:00,2024-09-01T21:02:15+09:00,FORZA STYLE,forza,FORZA STYLE,962,\nFORZA STYLE\nFORZA STYLEと同じ講談社から発行されている大人気コミック『MFゴースト（しげの秀一）』で、主人公を支えるメカニックとして、たびたび劇中にも登場している緒方自動車のモチーフが今回の舞台となる「畑野自動車」。聞けば戦後のタイヤ再生事業を皮切りに、日本に国産車のなかった時代から輸入中古車事業を続けて60年の老舗だそう。\n【動画】MFゴーストの舞台となった畑野自動車で出会った名車・希少車を観る\n4代目 畑野祐人代表のアテンドで日本に1台のみというFunke ＆ Will Yes! から国内7、8台のZENOS E10など、普段お目にかかれない超希少、マニア垂涎のスポーツモデルを中年ふたりが実車見聞。\n\nこのほか中古車相場が絶賛高騰中のロータス エリーゼやアルファ ロメオ 4C、さらにはアストンマーティン V12ヴァンキッシュまで、多彩なジャンルのクルマが一堂に揃うから“見ている”だけでも時間が経つのも忘れてしまうほど。\n\n美人マネージャー大友美穂さん（ヒーローしのい ラジアルレコード3位!）による運転で、アルピーヌA110とエリーゼの魅力を再発見。中年180cm超えのフル乗車で味わう極上クラシックMini 40周年モデル6速MT化の同乗走行体験も体験しつつ……。\n\nなかでも、一体感が楽しい! と畑野代表が太鼓判を押すアルピーヌA110は7台がずらり（取材当時）。しかも大注目はフランスの友人らと作った「ラバージュ」。時間とお金をふんだんに投入して完成させたお値段2500万円からなるA110ベースのコンプリートカーも超絶個性を放っています。\n\n「専門店にならないよう2年毎に1車種づつノウハウをためて、自信を持って楽しいクルマをお届けできるようにしています」とは畑野代表。極上の名車的ご馳走から、スポーツカージャンクなトンガリモデルまで、マニアックな多国籍料理もここでなら堪能できる。\n\n美人マネージャー大友さん主催によるスポーツ走行会も毎月開催と、購入後もクルマのポテンシャルを試せる機会と場でクルマ遊びを盛り上げてくれます。中年“愛車家”のための要注目店として、必ずや自動車グルメを満足させる一台と出合えるでしょう!\n\nText:ダニエル利樹,['https://newsatcl-pctr.c.yimg.jp/t/amd-img/20240901-00072194-forza-000-1-view.jpg?pri=l&w=640&h=640&exp=10800'],"['https://news.yahoo.co.jp/articles/d40373b5d01ec035a5afa40ce4666852b297f609/images/000', 'https://youtu.be/nVOaHfeNQAY?utm_source=headlines.yahoo.co.jp&utm_medium=referral&utm_campaign=partnerLink']"
【最強の軍パンはどこの国？】フランス軍のM-64か、アメリカのベイカーパンツか、はたまたイギリス軍のロイヤルネイビーか？究極の軍パンを決めようじゃないか！（FORZA STYLE）,https://news.yahoo.co.jp/articles/10d48b5c9def48552b9ebf5e05513ea547208eff,https://newsatcl-pctr.c.yimg.jp/t/amd-img/20240901-00072170-forza-000-1-view.jpg?exp=10800,2024-09-01T20:02:15+09:00,2024-09-01T20:02:15+09:00,FORZA STYLE,forza,FORZA STYLE,1304,\n軍パン愛が止まらない!\nFORZA STYLE\n洋服好きなオジサンなら、みんな一家言お持ちのアイテムといえば…そう軍パンですね!\n\n極限にまで磨き上げられた様式美にFORZAのオジーズもゾッコンのアイテムです。\n【オジーズ激論YouTube】最強の軍パンはどこの国か?侃侃諤諤で大爆笑!\nそこで今回は「軍パン会議」と題し、オジーズのメンバーに最愛の軍パンを持ち寄ってもらいました。\n\n 議論は白熱し、「FORZAオリジナルの究極軍パンを作ってしまおう!」というまさかの事態に……\n諸澤の軍パン\nトップバッターはFORZA STYLEオリジナルアイテムのディレクター、諸澤。持ち寄ったのはフランス軍のM-64。\n\n特徴は冬に履くくらいの生地の分厚さと、今風のテーパード。今でも1万円未満で買えるリーズナブルさも魅力です。\n谷中の軍パン\n続いてこちらもフランス軍のM-47。こちらはストレートでウエストが深めです。\n\n当時高円寺で3800円で買ったものの、今はとんでもない値段で美品だと4-5万なんだとか。フランスのパンツは腰回りが綺麗でちょっと腰履きで履いてもシルエットが崩れにくいのが魅力と熱弁。\n\nそれからちょっと趣向を変えて、アメリカ軍のベイカーパンツ。\n\nパン焼き職人がよく履いていたためベイカーパンツと呼ばれるようになったんだそう。余計なポケットを削ぎ落とすなど、より工業製品として合理的な作りになっています。\nO坪の軍パン\nカメラマンO坪はイギリス軍の軍パンを中心に紹介。\n\nロイヤルネイビー コンバットトラウザーは「シルエットが綺麗で冬にも履きたいが、寒すぎるのでウールで作って欲しい」と頂上シリーズに激推し!\n\nエアフォース コンバットトラウザーはイギリス空軍の軍パン。前ポケットが斜めになっており、座っていてもそのまま物が入れられるのがポイントです。\n干場の軍パン\n我らが編集長は打って変わってショートパンツと現代風シルエットの都会派軍パンを紹介。\n\nまた、THE・軍パンといったアメリカ軍リップストップも忘れません。リップストップは15歳の頃に買ったものだそう。\n「素材・形・ディテール・色」をどう頂上スタイルにするか\n一通り軍パンを紹介したところで、本日欠席の中年Aこと荻山からのメッセージが。オジーズが紹介したようなフランス・アメリカ・イギリスの代表的なモデルを取り上げ、肉厚の綿やディテールで軍パンの無骨さを生かしつつ、シルエットや色で品を出したいとのこと。\n\nそこでオジーズとしては「タフなんだけどエレガント」を追求。\n\nFORZAオリジナル特有の素材の良さを活かそうという話になったものの、ウールかコットンか、軍パンならでは無骨なシルエットか、綺麗めシルエットかで意見が割れて結局結論が出ず……\n\nということで、皆さんがどんな軍パンを求めているのか、ご意見を大募集します!\n\n申込期限は2024年9月21日（土）まで! ドシドシご意見お寄せください!\n\n\n\nTEXT:FORZASTYLE,['https://newsatcl-pctr.c.yimg.jp/t/amd-img/20240901-00072170-forza-000-1-view.jpg?pri=l&w=640&h=640&exp=10800'],"['https://news.yahoo.co.jp/articles/10d48b5c9def48552b9ebf5e05513ea547208eff/images/000', 'https://youtu.be/lLqHr9DD8VA?utm_source=headlines.yahoo.co.jp&utm_medium=referral&utm_campaign=partnerLink']"
老け見えの原因はこれだった！「休日にビジネス感を持ち込んでいるオジさん」が着がちなシャツ。代わりにこれを着るとおしゃれに見えます。（FORZA STYLE）,https://news.yahoo.co.jp/articles/38e0139ce82c19195de7b007b2a5933679cee2e5,https://newsatcl-pctr.c.yimg.jp/t/amd-img/20240901-00072118-forza-000-1-view.jpg?exp=10800,2024-09-01T07:27:55+09:00,2024-09-01T07:27:55+09:00,FORZA STYLE,forza,FORZA STYLE,1012,\nFORZA STYLE\nせっかくの休日なのにも関わらず、服装にカジュアル感が全くなく、通勤時とほぼ同じようなシャツを着て休みの日を過ごしている方を街でチラホラ見かけますが、それでは実に勿体ないです。\n【実はハゲる原因?】オジサン、太陽を侮るな!紫外線ダメージと回避法3選\n自分はそれでも良いかもしれませんが、家族や友人からすると休みの日くらいもっとリラックスした格好でいて欲しいと思われているかも。\n\nということで、今回は休日のサラリーマンコーデから脱却する着こなし術をご紹介。ビジネス感を払拭して、休日相応のコーディネートを楽しみましょう。\nボタンダウンはビジネス感満載\n原因は襟。\nFORZA STYLE\n日本人は、ボタンダウンが大好きなので、休日もビジネスタイムに着慣れているボタンダウンを選ぶ方が多いようです。もちろん、サイズや色、柄も関係がありますが、実は襟の形も、サラリーマン見えする大きな要因なんです。\n\nボタンダウンシャツはかなりビジネスに寄ったアイテムなので、着丈もジャストでタックインして着ることが多いはず。そうでないと、ダボっとしてルーズでだらしなく見えてしまいますからね。\n\nですが、それはあくまでもビジネスの場においての話。少なくともボタンダウンシャツを着るのであれば、少し崩して着てみたり、襟が切り替えになっているアイテムを選んだりするなど、ビジネス感を消す努力が必要でしょう。\nカジュアル使いならコレ\nビジネスで使えないものを選ぶべき。\nFORZA STYLE\nオススメしたいのが、オープンカラーシャツやバンドカラーシャツなどのアイテム。\n\nこれらのアイテムは、ビジネスには使えませんが、その代わり、カジュアル使いに持ってこいのアイテム。BDシャツからイメージが俄然カジュアルに傾きます。\n\nオープンカラーは、レイヤードスタイルで楽しむこともでき、体型をカバーした上に若々しさも演出できますよ。夏はヘンプやリネンなどの素材にも注意してアイテムを選ぶと、カジュアル過ぎず、ドレスライクに着ることが出来ますよ。\n\nいかがでしょうか。若作りに見えないか心配するオープンカラーシャツですが、ビジネス感を払拭するにはもってこいのシャツです。ぜひ、挑戦してみてくださいね。\n\nPHOTO:Getty Images\n\nTEXT:FORZA STYLE,"['https://newsatcl-pctr.c.yimg.jp/t/amd-img/20240901-00072118-forza-000-1-view.jpg?pri=l&w=640&h=640&exp=10800', 'https://newsatcl-pctr.c.yimg.jp/t/amd-img/20240901-00072118-forza-001-1-view.jpg?pri=l&w=640&h=360&exp=10800', 'https://newsatcl-pctr.c.yimg.jp/t/amd-img/20240901-00072118-forza-002-1-view.jpg?pri=l&w=640&h=426&exp=10800']","['https://news.yahoo.co.jp/articles/38e0139ce82c19195de7b007b2a5933679cee2e5/images/000', 'https://forzastyle.com/articles/-/71895?utm_source=headlines.yahoo.co.jp&utm_medium=referral&utm_campaign=partnerLink', 'https://news.yahoo.co.jp/articles/38e0139ce82c19195de7b007b2a5933679cee2e5/images/001', 'https://news.yahoo.co.jp/articles/38e0139ce82c19195de7b007b2a5933679cee2e5/images/002']"
「あんたら、何やってんだ！」長蛇の列もお構いなしの高齢グループに怒鳴る客。減り続けるみどりの窓口で今、リアルに起こっていること（FORZA STYLE）,https://news.yahoo.co.jp/articles/0f17598046dfdc114f2fc9f016719a682d5cb47a,https://newsatcl-pctr.c.yimg.jp/t/amd-img/20240901-00072200-forza-000-2-view.jpg?exp=10800,2024-09-01T07:46:54+09:00,2024-09-01T08:02:14+09:00,FORZA STYLE,forza,FORZA STYLE,1745,\n1\n/\n2\nFORZA STYLE\n©︎GettyImages\nJR東日本は5月、みどりの窓口の削減計画を凍結すると発表した。徐々にみどりの窓口を減らしてきていたが、方針転換を余儀なくされたかっこうだ。\n\n都心の主要駅から窓口がなくなったため、混乱が起きたためだが、何が問題だったのか。\n\n大型連休の前や、台風など自然災害で電車が遅延するときなどは、長蛇の列をなしているところもあるが、普段は閑散としている光景を見ることも多い。チケットレス化やモバイル化、そして経費削減の一環によるものだ。危機管理コンサルタントの平塚俊樹氏はこう話す。\n\n「ビックターミナルのみどりの窓口を訪れると長蛇の列をなしていることも少なくありません。発券済みのチケットの変更がオンラインからできない券があるなど、どうしても並ばないとならないこともあります」。\n\nたびに不慣れなケースで並んでいる人、機械操作がわからず並んでいる人、インバウンドの人、イレギュラーなケースでどうしてもみどりの窓口でなければならない人…様々な人が混在しているのがこの問題の大きな難点でもある。\n\n「労働者不足を考えるとこの先増えることは考えにくい。このままなんの打開策も打たなければ、今よりさらにみどりの窓口が混雑する恐れすらありそうです」\n\nみどりの窓口が開設されたのは1965年の9月のこと。窓口で発見される切符（指定券）が薄い緑色だったことから、「みどりの窓口」というネーミングになった経緯がある。指定券の発売が台帳ではなく、コンピューターを使ったオンライン発券になった画期的な出来事だった。そんなみどりの窓口だが、この9月で59年を迎え、制度疲労が顕在化している。\n\n今回は、つい先日、みどりの窓口に都内で30分並んだという女性に話を聞くことができた。\n\n内藤ともみさん（仮名・44歳）は、子供2人を連れて夏休みに帰省するためにネットでチケットを予約し、発券した。しかし子供が熱を出したことで急遽、予定を取りやめることになったそう。\n\n「払い戻しのためにみどりの窓口に行きました。夏休みに入っていたこともあり、みどりの窓口は長蛇の列。近所の駅の窓口はそんなに広いわけでもなく、店の外にまで列が続いていました」。\n\nとはいえ、払い戻しをしないわけにはいかないので、ともみさんは列に並んだという。\n\n「初めの5分ぐらいは比較的スムーズに進んだんですが、店内に入ったところで列がピタリと止まりました。よくみると3つあるカウンターのひとつに3人くらいがカウンターにぎゅっと一塊になっていました。年齢は私よりも上に見えましたね」。\n\nしばらく並んだもののそのカウンターは、ずーっと占領されたまま。結果、この大行列を2つのカウンターだけで回すような状態に。\n「行列に並ぶ人たちのイライラが募っていくのを肌で感じていました。なかには貧乏ゆすりといいますか、イライラをあらわにする人も…どんどん雰囲気が悪くなっていく感じでしたね。だんだんとカウンターに近づくにつれて、ご婦人達の会話が耳に届き始めました。思わずちょっと聞き耳をたててしまいましたよ」。\n\nどうやらその集団は、みどりの窓口にきて旅行の相談をしているようだった。\n\n「私の感覚ではみどりの窓口は、乗る電車を決めてチケットを買う場所というイメージ。ところが、彼女達は、旅行会社のカウンターのように窓口を活用していたんです。何時の電車の方がいいかしらね?なんて呑気な声が店内に響くとムードはさらに悪くなったように思えました」。\n\nともみさんは、それでも辛抱強く、並び続けていたという。しかし、次の瞬間事件が起こる。並んでいる客の1人が怒鳴り声を上げたのだ。\n\nーてめーら、何時間やってんだ!いい加減にしろ!\n\n「振り返ると叫んでいたのは、高齢の男性でした。顔に怒りが滲んでいましたね…」。\n\nみどりの窓口を旅行代理店の相談カウンターとして使われたらかなわない。しかし…\n\n次回では高齢者同士のトラブルとその光景を見てともみさんが感じたことをさらに詳しく聞いていきたい。\n\n取材・文/悠木 律,"['https://newsatcl-pctr.c.yimg.jp/t/amd-img/20240901-00072200-forza-000-2-view.jpg?pri=l&w=640&h=640&exp=10800', 'https://newsatcl-pctr.c.yimg.jp/t/amd-img/20240901-00072200-forza-001-2-view.jpg?pri=l&w=640&h=422&exp=10800']","['https://news.yahoo.co.jp/articles/0f17598046dfdc114f2fc9f016719a682d5cb47a/images/000', 'https://news.yahoo.co.jp/articles/0f17598046dfdc114f2fc9f016719a682d5cb47a/images/001']"
傘のイメージを下げる、ありがちなミス。「おいおい、傘が武器になっちゃってるよ…」（FORZA STYLE）,https://news.yahoo.co.jp/articles/b0e1a53ef64bea6ce2494f1508d2f479b47659cf,https://newsatcl-pctr.c.yimg.jp/t/amd-img/20240901-00072195-forza-000-2-view.jpg?exp=10800,2024-09-01T20:02:15+09:00,2024-09-01T23:03:50+09:00,FORZA STYLE,forza,FORZA STYLE,1776,"\n大切なのは、他人を思いやるココロでは?\nFORZA STYLE\n台風の停滞や線状降水帯の影響もあって各所で雨が続き、さらに本年度ブレイクスルーを果たした“日傘男子”の影響で、傘を持つ人を多く見かけた2024年の夏。\n思わず逮捕したくなる傘の危険な持ち方3選とは?\n最も気になったのは、傘の差し方・持ち方（マナー）でした。\ngettyimages\n人が混雑している歓楽街や観光客が集まるイベント、そして狭い道でも横並びし、我が物顔で優雅に闊歩しながら、すれ違う人に傘で攻撃しているような場面に出くわすことがしばしばありました。\n\n雨傘の場合は両者が差している・持っていることが多いため、ぶつかる可能性を想定して怪我をすることは少ないのですが、それでも空間認識ができていない人を散見。\n\nまるで傘が――緋雨閑丸のように――武器となって けん制しているような状態で、いつトラブルが起きてもおかしくありません。親子や恋人かのように親しい間柄のみ許される距離までグッと詰めてこられたら、傘の露先が、目に刺さるってばよ!\ngettyimages\nまだまだ秋の長雨が予想されるので、できれば、傘のマナーとして次の項目を守ってください。\n【1】傘かしげを意識する\n""自分だけ良ければ""の意識が強くなり、他人への""心配り""が欠けがちになった現代人に最も足りていないのが、「傘かしげ」。\ngettyimages\n他人と すれ違うとき、互いに傘を傾けて（かしげて）相手と接触しないようにし、雨粒が相手にかからないようにする仕草のアレです。\n\nでも、これって自身が冷静に周りを見て状況判断する能力（=空気を読む力）さえあれば、成人までに誰もが自然と身についているマナーのはず。これが暑さと湿度で余裕もなくなり、おざなり、投げやりになっている印象です。お気をつけを。\n【2】ながら差し・ながら持ちを やめる\n歩きながらのスマホですら大問題ですから、傘を持ってるときなら なおさら。\ngettyimages\n視界が狭まる傘とスマホを併用するなんて、言語道断です。\ngettyimages\n持ち歩いてるときだって意識が散漫になるから、気がついたらダメな持ち方をしてしまう可能性大です。\n【3】傘を地面と平行に持って歩かない\n傘を横に持つと、後ろの人に当たる危険性をはらみます。\ngettyimages\n“歩きタバコの火がちょうど子どもの目の高さ”と同系統の由々しき問題で、子どもの顔や腹部を突いてしまいかねません。\n\n前方不注意もありますが、持ってる側が気遣えば トラブルは回避できます。\ngettyimages\n持ち歩くときは なるべく立てる感じで持つようにしましょう。\n【4】傘の閉じ方と、水滴の処理を意識する\n傘を閉じる際、水滴をしっかり落とさずに店内に入ったり、公共交通機関に乗車するのはやめましょう。\n\nコンクリートが落ちた水滴で滑りますし、石突から落ちる水滴が他人様の靴の上にポタポタ、折り畳み傘の場合は座った方の膝を濡らすなんていう最悪の事態に陥りかねません。\ngettyimages\nただ、水滴をしっかり落とすことを意識しすぎて、閉じる際に周囲を気にせず、下ろくろを激しくバサバサと上下させて水滴を撒き散らすのは最悪。\ngettyimages\n露先を束ねた状態で、軽く振り落としましょう。\n\nちなみに、ショップの傘立てで、枠を占領するように雑に縛った傘を見かけることありませんか?\ngettyimages\n共有のスペースなんですから、なるべくコンパクトに綺麗に縛って納める意識づけをしましょう。だって、その方が見栄えも良いはずですから。\n\nさて、以上のポイントは、自分自身の気づかいや心配りでカバーできますよね。\n\nごく稀に ""ビニ傘わらしべ""に遭遇し、正直者がバカを見る状態を経験し、殺意の波動に目覚めそうになることもありますが、そこはグッと我慢のコ。\ngettyimages\n自分の小さいながらも ひとを思う行動こそが世の中を変えていきます。傘ではありますが、“思いやり”の気持ちは いつまでも忘れずにいたいですよね。\n\nText:FORZA STYLE","['https://newsatcl-pctr.c.yimg.jp/t/amd-img/20240901-00072195-forza-000-2-view.jpg?pri=l&w=640&h=640&exp=10800', 'https://newsatcl-pctr.c.yimg.jp/t/amd-img/20240901-00072195-forza-001-2-view.jpg?pri=l&w=640&h=426&exp=10800', 'https://newsatcl-pctr.c.yimg.jp/t/amd-img/20240901-00072195-forza-002-2-view.jpg?pri=l&w=640&h=426&exp=10800', 'https://newsatcl-pctr.c.yimg.jp/t/amd-img/20240901-00072195-forza-003-2-view.jpg?pri=l&w=640&h=454&exp=10800', 'https://newsatcl-pctr.c.yimg.jp/t/amd-img/20240901-00072195-forza-004-2-view.jpg?pri=l&w=640&h=426&exp=10800', 'https://newsatcl-pctr.c.yimg.jp/t/amd-img/20240901-00072195-forza-005-2-view.jpg?pri=l&w=640&h=426&exp=10800', 'https://newsatcl-pctr.c.yimg.jp/t/amd-img/20240901-00072195-forza-006-2-view.jpg?pri=l&w=640&h=480&exp=10800', 'https://newsatcl-pctr.c.yimg.jp/t/amd-img/20240901-00072195-forza-007-2-view.jpg?pri=l&w=426&h=640&exp=10800', 'https://newsatcl-pctr.c.yimg.jp/t/amd-img/20240901-00072195-forza-008-2-view.jpg?pri=l&w=426&h=640&exp=10800', 'https://newsatcl-pctr.c.yimg.jp/t/amd-img/20240901-00072195-forza-009-2-view.jpg?pri=l&w=426&h=640&exp=10800', 'https://newsatcl-pctr.c.yimg.jp/t/amd-img/20240901-00072195-forza-010-2-view.jpg?pri=l&w=640&h=480&exp=10800', 'https://newsatcl-pctr.c.yimg.jp/t/amd-img/20240901-00072195-forza-011-2-view.jpg?pri=l&w=640&h=426&exp=10800']","['https://news.yahoo.co.jp/articles/b0e1a53ef64bea6ce2494f1508d2f479b47659cf/images/000', 'https://forzastyle.com/articles/-/72178?utm_source=headlines.yahoo.co.jp&utm_medium=referral&utm_campaign=partnerLink', 'https://news.yahoo.co.jp/articles/b0e1a53ef64bea6ce2494f1508d2f479b47659cf/images/001', 'https://news.yahoo.co.jp/articles/b0e1a53ef64bea6ce2494f1508d2f479b47659cf/images/002', 'https://news.yahoo.co.jp/articles/b0e1a53ef64bea6ce2494f1508d2f479b47659cf/images/003', 'https://news.yahoo.co.jp/articles/b0e1a53ef64bea6ce2494f1508d2f479b47659cf/images/004', 'https://news.yahoo.co.jp/articles/b0e1a53ef64bea6ce2494f1508d2f479b47659cf/images/005', 'https://news.yahoo.co.jp/articles/b0e1a53ef64bea6ce2494f1508d2f479b47659cf/images/006', 'https://news.yahoo.co.jp/articles/b0e1a53ef64bea6ce2494f1508d2f479b47659cf/images/007', 'https://news.yahoo.co.jp/articles/b0e1a53ef64bea6ce2494f1508d2f479b47659cf/images/008', 'https://news.yahoo.co.jp/articles/b0e1a53ef64bea6ce2494f1508d2f479b47659cf/images/009', 'https://news.yahoo.co.jp/articles/b0e1a53ef64bea6ce2494f1508d2f479b47659cf/images/010', 'https://news.yahoo.co.jp/articles/b0e1a53ef64bea6ce2494f1508d2f479b47659cf/images/011']"
マジで!? これ一枚で上品なお金持ちのイケオジに見える？ 長袖ニットポロシャツが最強な理由とは（FORZA STYLE）,https://news.yahoo.co.jp/articles/bf0eb9d35aeb415fe2acfb393686fdd5cceff744,https://newsatcl-pctr.c.yimg.jp/t/amd-img/20240901-00072181-forza-000-1-view.jpg?exp=10800,2024-09-01T07:18:58+09:00,2024-09-01T07:18:58+09:00,FORZA STYLE,forza,FORZA STYLE,2441,\n夏の半袖に続いて、秋もニットポロが大活躍!\nFORZA STYLE\n人気連載「干場編集長のスタイルクリニック」略して【スタクリ】。第112回目は「長袖ニットポロ」です!\nそんなにいいの?ニットポロ。動画で徹底的に解説します。\nポロシャツという本来ならスポーティな印象の強いアイテムが、一転して品良い大人のトップスへと昇華してくれるニット。それ、秋にも使えるみたいです!\n\n 「クルーネックと比べて、襟付きのポロシャツは比較的品良く見えるアイテム。とはいえやっぱりスポーツウェアが出自のため、ラフに見えがちです。それを上品な大人顔に格上げしてくれるのがニットですが、さらに長袖になると効果は倍増するんです」\n\n長袖のニットポロは前々からあるアイテムですが、由緒正しいお金持ちが好みそうな上品かつ上質なオールドマネースタイルがトレンドの中にあっては、さらに注目度が上昇中なんです。\n\n「ただし、長袖のニットポロは、かつての昭和のオジサンが着ていたイメージがまだ残っています。そこで大事なのが薄さ。ハイゲージの薄手ニットにすることで、リッチな印象がアピールできるんです」\n\nまた、カッコよく着こなす意外なポイントとして、体型も大切とか。\n\n「厚い胸板や太い腕の人の方が、断然似合います。ゆったりしたシルエットよりも、鍛えられた体型がわかるシルエットがオススメです」\n\nさらには小技にも気を使うべき。\n\n「ボタンはトップを開け、袖を少したくし上げるとセクシーに見えますよ。ちなみに合わせるパンツはクラシカルなスラックスが◎。クラシカルな要素が加わると、まさに上品で上質なオールドマネースタイルの完成です」\n\nまだまだ残暑厳しい中ですが、来るべき秋に備えて長袖ニットポロに大注目です!\nRALPH LAUREN PURPLE LABEL / ラルフ ローレン パープル レーベル\n1\n/\n2\nFORZA STYLE\nFORZA STYLE\n上質素材のニットでシンプルコーデを格上げ\n\nスポーツウェアにも見えず、日曜のゴルフ好きオジサンにも見えない理由は、ニット編みだけじゃありません。こちら、素材にシルク×コットンを採用しているんです。\n\n「ハイゲージならではのドレーピーな風合いは、厚い胸板の人が着ると色気とたくましさを両立します。ベージュに白のスラックスと合わせることで、さらに品の良さが加わります」\n\nあくまでスポーティな要素は控えめに\n\nポロシャツといえば、胸のワンポイントロゴがお馴染み。コチラはスタックRLロゴを刺繍であしらいます。\n\n「ポロシャツの象徴と言えるワンポイントロゴですが、ボディと同色の糸で馴染ませることで、スポーティな印象を抑えています」\n干場編集長のアドバイス(1)「サングラス」\nFORZA STYLE\n上品＆上質コーデを退屈に見せない一手を\n\n昭和のオジサン感の払拭において、サングラスはもってこいのアイテム。\n\n「コーデが上品な分、サングラスはちょっと強めなタイプを。濃度の濃いレンズを選ぶことで、スポーティなリラックスではなく、クールな雰囲気になります」\n干場編集長のアドバイス(2)「シューズ」\nFORZA STYLE\nきちんと感がありながらもあくまで軽やかに\n\n足元にスニーカーを合わせるのは、これまでのやり方。オールドマネースタイルでは、革靴で上品に。\n\n「スポーティさの抑制には、革靴も実に有効。ベージュ×ホワイトの優しい色合いに合わせて、上品だけど抜け感のある編み込みレザーのローファーで」\nJOHN SMEDLEY / ジョン スメドレー\nFORZA STYLE\n上質顔の長袖ニットポロにおける基本のき\n\n上質なエクストラファインメリノウールで編み込んだKNOLL。30ゲージというハイゲージで編んだニットは、薄手とあって美しいドレープを描いてくれます。シルエットはゆとりがあり過ぎずタイト過ぎないモダンフィットで、ビギナーも着こなしやすいかと。\nSTRASBURGO / ストラスブルゴ\nFORZA STYLE\n高級スーツにも使われる高品質ウールを採用\n\nイタリアのテキスタイルメーカーBOTTO GIUSEPPE社が編んだ、スーパー130sという高級ウールを採用したこちら。ウールならではのやわらかなドレープが、リッチ感と心地良い肌触りを楽しませてくれます。グレー、ブラック、キャメルというベーシックなカラバリも魅力。\n30/70 trenta settanta / トレンタセッタンタ\nFORZA STYLE\n2大高級素材を贅沢に使ったリッチニットポロ\n\n半袖ニットの記事でもご紹介した、ラグジュアリーニットブランドが提案する長袖ニットポロ。素材は贅沢にシルクとカシミアをブレンドしています。さらにスムース編みによってやわらかくも適度なハリがあり、袖をたくし上げた姿も様になりやすいです。\nFILIPPO DE LAURENTIIS / フィリッポ デ ローレンティス\nFORZA STYLE\nジャケットオンならイマドキなビジネスコーデに\n\nウールで編み上げたこちらは、襟に注目したいところ。シャツのように台襟付きなのでボタンを開けた際にも襟が立ち、襟先が美しく広がってくれます。単体ではもちろん、セットアップスタイルにもオススメ。カラバリもオンオフ兼用しやすい、ブラック・ブラウン・ネイビーが。\n\nPhoto:Naoto Otsubo\nStyling:Ryoko Kanemoto\nHair＆Make-up:Megumi Ochi\nModel : Noah Ishikura\nText:Masafumi Yasuoka\nDirection:Yoshimasa Hoshiba,"['https://newsatcl-pctr.c.yimg.jp/t/amd-img/20240901-00072181-forza-000-1-view.jpg?pri=l&w=640&h=426&exp=10800', 'https://newsatcl-pctr.c.yimg.jp/t/amd-img/20240901-00072181-forza-001-1-view.jpg?pri=l&w=426&h=640&exp=10800', 'https://newsatcl-pctr.c.yimg.jp/t/amd-img/20240901-00072181-forza-002-1-view.jpg?pri=l&w=640&h=426&exp=10800', 'https://newsatcl-pctr.c.yimg.jp/t/amd-img/20240901-00072181-forza-003-1-view.jpg?pri=l&w=640&h=426&exp=10800', 'https://newsatcl-pctr.c.yimg.jp/t/amd-img/20240901-00072181-forza-004-1-view.jpg?pri=l&w=640&h=426&exp=10800', 'https://newsatcl-pctr.c.yimg.jp/t/amd-img/20240901-00072181-forza-005-1-view.jpg?pri=l&w=640&h=612&exp=10800', 'https://newsatcl-pctr.c.yimg.jp/t/amd-img/20240901-00072181-forza-006-1-view.jpg?pri=l&w=640&h=597&exp=10800', 'https://newsatcl-pctr.c.yimg.jp/t/amd-img/20240901-00072181-forza-007-1-view.jpg?pri=l&w=640&h=607&exp=10800', 'https://newsatcl-pctr.c.yimg.jp/t/amd-img/20240901-00072181-forza-008-1-view.jpg?pri=l&w=640&h=598&exp=10800']","['https://news.yahoo.co.jp/articles/bf0eb9d35aeb415fe2acfb393686fdd5cceff744/images/000', 'https://youtu.be/b8ji2ryCPQ4?utm_source=headlines.yahoo.co.jp&utm_medium=referral&utm_campaign=partnerLink', 'https://news.yahoo.co.jp/articles/bf0eb9d35aeb415fe2acfb393686fdd5cceff744/images/001', 'https://news.yahoo.co.jp/articles/bf0eb9d35aeb415fe2acfb393686fdd5cceff744/images/002', 'https://news.yahoo.co.jp/articles/bf0eb9d35aeb415fe2acfb393686fdd5cceff744/images/003', 'https://news.yahoo.co.jp/articles/bf0eb9d35aeb415fe2acfb393686fdd5cceff744/images/004', 'https://news.yahoo.co.jp/articles/bf0eb9d35aeb415fe2acfb393686fdd5cceff744/images/005', 'https://news.yahoo.co.jp/articles/bf0eb9d35aeb415fe2acfb393686fdd5cceff744/images/006', 'https://news.yahoo.co.jp/articles/bf0eb9d35aeb415fe2acfb393686fdd5cceff744/images/007', 'https://news.yahoo.co.jp/articles/bf0eb9d35aeb415fe2acfb393686fdd5cceff744/images/008']"
「病気でもないのに、またダラダラしてるのか？」52歳主婦の悩み。更年期に無理解な亭主とは思い切って離婚するべきでしょうか？（FORZA STYLE）,https://news.yahoo.co.jp/articles/95c1cc1f920a7c3a707ceac67a37d4f9efed3312,https://newsatcl-pctr.c.yimg.jp/t/amd-img/20240901-00072199-forza-000-1-view.jpg?exp=10800,2024-09-01T07:22:03+09:00,2024-09-01T07:22:03+09:00,FORZA STYLE,forza,FORZA STYLE,2247,\nFORZA STYLE\n雪が降っている現在のような気候も、更年期にはマイナスに作用するという。\n\n厚労省が発表している「更年期症状・障害に関する意識調査」の集計結果によると、「女性ホルモンや男性ホルモンの変化が健康に影響を与えること」について、50歳以上の女性の約30～40％が「よく知っている」と答えたのに対し、同年代の男性で「よく知っている」と答えた人は10％程度に留まった。\nこの記事の他の画像を見る\n危機管理コンサルタントの平塚俊樹氏はこう語る。\n\n「男性にも更年期障害があることはすでに広く知れ渡っており、性別を超えて幅広い症状があることや、程度・期間などに個人差が激しいことはもはや常識です。\n第三者が無知を棚に上げて当事者に心ない言葉をかけることは、症状に苦しむ人を傷つけるだけでなく、人間関係のトラブルにも繋がるため、控えなければなりません。現代人には当然求められるリテラシーなのですが…」\n\n今回お話を伺ったのは、大田原咲子さん（仮名）。咲子さんは現在52歳だが、49歳になるやいなや数々の更年期症状に見舞われつらい時期を過ごした。更年期障害に対する夫の無理解で心身ともに窮地に追いやられ、夫への信頼と愛着を失くしたという。\n回転性のめまい、ホットフラッシュ。その時に起きたこと。\n「まず現れたのはめまいでした。私の場合は回転性のめまいで、目が覚めた時に天井が回っていました。寝返りを打っても立っている時振り向いたり前かがみになったりしてもグルグルと回ります。\n耳鼻科で良性発作性頭位めまい症と診断され、自然療法を勧められて改善を待ちましたが、起きる時は起きる、という感じで、緊張の毎日。キツかったですね」\n\n1週間ほどで一旦めまいが治まると、次に現れた症状はホットフラッシュだったそうだ。\n\n「急にほてってきて、とにかくカッカする感じで暑いんです。さっきまで寒かったのにおかしいわ.……ということもありました。周りの誰も汗をかいていないのに、私だけ汗が止まらなくて」\n\nほてりや滝のような汗は決まったタイミングではなく、突然起きて咲子さんを悩ませた。\n\n「それで婦人科を受診したら案の定更年期障害で、めまいもその一環ではないかと言われました。その日の夜、家で夫に報告したら、ふうん、と言われましたね。病院行ったなら安心じゃん、と。嫌な予感全開でした」\n\n処方された漢方薬がまったく効かず別の療法を始めたが、即効性は望めなかった。受診後も結局は数日めまいが続き、止んだと思えば再開した。また、急に吐き気がしたり、指の関節が傷んだりするなど、症状は固定されることなく次から次に現れたそうだ。\n©Getty Images\n「指を思うように動かせないこともあって……どうなってしまうのか不安で、気分まで暗くなりました。何もしたくなくて、そんな自分への自己嫌悪感も強かったです。\n診断から1週間ほどあと、めまいに怯えながら横になって涙を流していると、仕事から帰った夫が寝室のドアを開けて、なんだお前、まだ寝てたのか、と言いました。取引先から肉もらってきたから焼いてくれよと」\n「何のための医者だよ」あまりに無理解な夫の仕打ち\nそう話しながら嫌な感情がよみがえったのか、咲子さんは涙をこぼした。\n\n「横になっているだけで全然眠れず目の下にクマを作ってるのに……何ですかね、あの言い方……すみません、今、心身ともにかなり良くなったんですけど、夫の言葉を思い出しただけで腹が立つし、涙が出てしまって」\n\n苦しい経験の痕が彼女の険しい表情から見て取れる。声を振り絞るようにして、咲子さんは続けた。\n\n「起き上がるとやはりめまいがしたので、よろよろしながらリビングへ行くと、夫がテレビを見てました。ダイニングテーブルの上に、包みを解いただけの黒毛和牛の入った箱がポンと乗ってました」\n\n咲子さんはそれを持ってキッチンへ行き、冷凍してあったご飯を温め、肉を焼いてレタスとトマトを添えて食卓に出した。それができることの限界だった。出された食事を目にした夫は「味噌汁は?青いものもないじゃん。本当に肉焼いただけでしょ」と文句を言ったそうだ。\n\n「私、思わず涙を流しながら、調子が悪い時くらい自分でやってくれたっていいじゃないの!と言ってしまったんです。すると夫は、『何のためにあれこれ薬飲んでんだ?何のために医者に何軒もかかったんだよ』と怒鳴りました」\n\n咲子さんは無言で寝室へ引き返した。心配ひとつしてくれない夫には、何も求められない。自分で何とかしないと栄養補給もままならず、それも不安だった。\n\n遠方で暮らして大学院に通う息子に電話したかったが、忙しいことを知っていたためできなかったという。また、相談相手として友人や職場の同僚などさまざまな人の顔が浮かぶものの、不思議と誰とも話したいと思わなかった。\n\n「次の診察の時、先生からその落ち込みも更年期ではよくある症状なので、時が来たらきっと良くなりますよ、と言っていただきました。夫のことを相談してみたかったけど、恥ずかしいというか、何もかも煩わしくて言葉も出ませんでした」\n\n☆次回では、さらに暴走する亭主関白なクズ夫の実態と、咲子さんの決断を詳報する。誰にでも直面しうる現代夫婦の問題として、読み進めてほしい☆\n\n生活ライター: 中小林亜紀,"['https://newsatcl-pctr.c.yimg.jp/t/amd-img/20240901-00072199-forza-000-1-view.jpg?pri=l&w=640&h=640&exp=10800', 'https://newsatcl-pctr.c.yimg.jp/t/amd-img/20240901-00072199-forza-001-1-view.jpg?pri=l&w=640&h=426&exp=10800']","['https://news.yahoo.co.jp/articles/95c1cc1f920a7c3a707ceac67a37d4f9efed3312/images/000', 'https://forzastyle.com/articles/photo/72199?utm_source=headlines.yahoo.co.jp&utm_medium=referral&utm_campaign=partnerLink', 'https://news.yahoo.co.jp/articles/95c1cc1f920a7c3a707ceac67a37d4f9efed3312/images/001']"
