headline,mainEntityOfPage,image,datePublished,dateModified,author,media_en,media_jp,str_count,body,images,external_links
【詳細データテスト】マセラティ・グラントゥーリズモ　EVらしからぬ好ましい挙動　航続距離は足りず（AUTOCAR JAPAN）,https://news.yahoo.co.jp/articles/42c0dc3bf5da6ffcdf9e754d9879612d5392e839,https://newsatcl-pctr.c.yimg.jp/t/amd-img/20250301-01118842-autocar-000-1-view.jpg?exp=10800,2025-03-01T20:25:00+09:00,2025-03-01T20:25:00+09:00,AUTOCAR JAPAN,autocar,AUTOCAR JAPAN,5882,"はじめに
テスト車：マセラティ・グラントゥーリズモ・フォルゴーレ
先代マセラティ・グラントゥーリズモは、4.7Lの自然吸気V8を積み、史上もっとも騒々しい類のサウンドを放つクルマだった。エンジンをかけると、耳のいいひとなら数ブロック先でも聞き取るかもしれないくらいだ。
【写真】写真で見るマセラティ・グラントゥーリズモとライバル (4枚)
しかし、今やV8は姿を消した。最新モデルは、見た目こそ先代と似ているが、中身は刷新され、エンジンはV6に。プラットフォームは、ピュアEVにも対応する。世界でも爆音の上位にあったクルマが、逆にほぼ無音となったのだ。

それでも、われわれはグラントゥーリズモの電動版であるフォルゴーレをテストしたくてたまらなかった。マセラティのスーパーEVの作り方は、既存の同種とは異なる。スピードに不足はなく、見栄えも並外れていい。

はたして上品なグラントゥーリズモには、もっとクールで、洗練され、効率のいい電動パワートレインのほうがマッチするのか。確かめてみよう。
意匠と技術　★★★★★★★☆☆☆
重量と出力が増しているにもかかわらず、ホイールとタイヤはガソリン車と同じものだが、とくに問題は見られなかった。クルージング時には、前輪駆動となる。
ガソリン車もEVも、マセラティのモデナ工場で生産され、グラントゥーリズモ初の四輪駆動を装備する。純粋主義車は好まないだろうが、フォルゴーレについて言えば、760psオーバーともなれば前輪も駆動するのは当然だと思える。

ボディワークを取り去ったとしたら、408psのモーター3基が確認できる。イタリアのバーリで生産されるマレリ製で、1基がフロント、2基がリアに積まれる。最高回転数は1万7600rpmで、合計1224psとなるが、ニッケル・マンガン・コバルトバッテリーの限界があるため、上限は761psに制限される。

このモーター、フォーミュラE由来のシリコンカーバイドインバーターを使用。一般的なシリコンインバーターより軽く、パワー密度も大きい。

92.5kWhの800Vバッテリーは、トリノにあるミラフィオリ・バッテリーセンター製。搭載場所は一般的な床下ではなく、ガソリン車のエンジンとトランスミッション、プロペラシャフトがある位置で、リアアクスルの前で十字状になっている。

そのため、もっと低くできたはずの重心は高くなってしまったが、バッテリーのキャパシティを中心に集めたことで、重量をロール軸近辺に集めることができたと、マセラティでは説明している。パウチ式モジュールを用い、パックの重量は600kg。直流急速充電は最高270kWだ。

当然というべきか、軽くて華奢なクルマではない。フォルゴーレの公称2260kgは、V6のトロフェオより465kg重いのだが、実測はさらに重い2358kgだ。ただし、前後重量配分は50：50とパーフェクトだ。

ちなみに、最近計測したポルシェ・タイカン・ターボSは、公称2295kgに対して2356kg。ドアの数は違うが、この2台はサイズが近い。そして、複数モーターを積むハイパフォーマンスEVは、一般的に見ても非常に重い。

ドライブトレインのほか、荷室フロアやフロントサブフレーム周り、センタートンネルの補強を除けば、フォルゴーレとガソリン車に違いはない。サスペンションは前ダブルウィッシュボーン／後マルチリンクで、2ドアスポーツクーペには珍しいエアスプリング仕様。ダンパーは電子制御で、ホイールとタイヤはガソリン車と同じものだ。
内装　★★★★★★★★☆☆
内装はガソリン車とほぼ同様で、見てわかる違いはディスプレイのグラフィックくらい。つまり、贅沢でリラックスできる雰囲気は健在ということだ。
キャビンもほぼガソリン車と同じなので、仕上げは上等で、このクルマにふさわしい贅沢さとくつろいだ感じがある。バッテリーが床下にはないので、ドライビングポジションもすばらしい。

ホイールベースが長いので、リアシートも使える。大柄な大人が長時間乗れるわけではないが、短距離だったりティーンエイジャーを乗せたりする程度なら十分だ。

しかし、荷室容量は270Lと物足りない。タイカンに比べるとかなり見劣りする。

EV専用となるのは、シフトパドルがギアチェンジではなく回生ブレーキの調整に用いられることや、12.3インチのセンター画面と12.2インチのデジタルメーターのグラフィックが変更されていることくらいだ。

回生ブレーキは最大400kWの発電と、0.65Gの制動が可能だ。インフォテインメントは、ソフトウェアに多少の待ち時間があり、メニューの構造は多少の慣れが必要だが、標準対応のAndroid AutoとApple CarPlayがほぼシームレスに機能する。
走り　★★★★★★★★★☆
パワートレインの制御は巧みで、マッスルカーのようなところもありながら、同時に洗練度も高い。
リアモーター2基は、完全に独立して左右各輪を駆動するので、フォルゴーレにはLSDが不要だ。パワーとトルクのデリバリーは、マセラティのヴィークル・ドメイン・コントロール・モジュールが制御する。どの程度の出力を使えるか、前後左右どこにどれだけ分配するかは、選択した走行モードによる。

マックスレンジとデフォルトのGT、スポーツ、コルサの4段階で、761ps／137.7kg－mをフルに使えるのはスポーツとコルサ。GTでは、最大80％に制限される。また、上ふたつを選択すると車高が下がる。

いうまでもないことだが、フォルゴーレは言葉を失い胃がひっくり返りそうになるほど速い。乾きかけの路面であってもクリーンにスタートを切る。タイカン・ターボSをテストしたときもそうだったが、ESPやトラクションコントロールのチューニングはかなり練られている。

タイヤのグリップ限界をギリギリ超えながらも、とてつもない勢いで突っ走るところは、ポルシェのほうがやや上手だが、どちらも巧みにパワーを路面へ伝える。理想的ではないコンディションでも、0－97km/hは2.9秒、0－161km/hは6.4秒、0－241km/hは14.6秒をマークした。V6のトロフェオは、ドライコンディションで3.6秒／8.0秒／18.7秒だった。

主観的な評価では、日常使いでも扱いやすいクルマだ。コルサモードでも、パワーの立ち上がりはうまくマネージメントされていて、つらいシャープさは一切ない。加速は強烈だが、予想が効く。

さらに、湿った路面でわざとスロットルペダルを強く踏み込んでも、シャシーはうまく走ってくれるし、常にコントロールしやすく、前輪の直進回復は素早いが早すぎない。マッスルカー的なところもあるが、かなり洗練されてもいる。電子制御系の出来がいいのは、先に述べたとおりだ。

制動力は、2.3tのクルマとしては上出来だ。パドルで強力な回生ブレーキを呼び出せるのも効いている。摩擦ブレーキとの連携もシームレスだが、ペダルフィールは全体的に無感覚すぎる。その点も、タイカンのほうがしっかりしている。
操舵/乗り心地　★★★★★★★☆☆☆
EVらしからぬ挙動は好ましいのだが、アンダーステアが強めなのは気になる。乗り心地や静粛性にも、詰めの甘さがある。
乗り心地とハンドリングについては、ちょっと扱いに困るくらい中途半端だ。すばらしくグリップし、レスポンスや精確さは先代では期待できなかったレベルだ。それでも、ドライバーズカーと呼べるほどシャープではない。

同時に、まずまず静かで上質な走りを見せるが、かつてのメルセデスSクラス・クーペに望むような静粛性には届いていない。二兎を追う者は一兎をも得ず。どちらかを追求すべきだったのではないだろうか。

とはいうものの、フォルゴーレは楽しいクルマで、走りのテイストはありふれたものではない。パフォーマンスEVはそのほとんどが、基本的なフィーリングに違いはない。きわめて重心高が低く、方向転換は超ダイレクトだがずっしりした性質だ。

グラントゥーリズモ・フォルゴーレがそれと異なるのは、ICE車的な重量配分によるものだ。ロールや上下動があり、昔ながらのGTのような走りをみせる。われわれとしては、そのほうが好みだ。タイカンにはない気持ちよさがある。

そこにすばらしいドライビングポジションやステアリング、パワーもコーストもうまく調整されたトルクベクタリングが加わって、有能で満足感のあるGTとなれる素質を感じさせる。

欠点は重量と、明らかにアンダーステアなバランスだ。後者は、レイアウトを考えると避けられず、スタビリティのためにわざとそうしたのだとしても、それがどこまで故意なのかはっきりとはわからない。

快適性と静粛性に関していうと、波長の長いところは上々なのだが、荒れた路面ではしばしば過敏だ。113km/hでの室内騒音は71dBAだったが、66dBAのタイカン・ターボSにはかなり差をつけられている。
購入と維持　★★★★★☆☆☆☆☆
長年使われるフェンダーの3連ダクトだが、このアイデア自体はビュイックのほうが先行している。EVのフォルゴーレには機能的には不要だが残され、バックライトが組み込まれた。
クーペは17万8330ポンド（約3370万円）から、カブリオレは6000ポンド（約113万円）高い。ちなみに、より速く、日常的な使い勝手に優れ、完成度も高いタイカン・ターボSは16万1000ポンド（約3043万円）だ。ましてや、この価格で高速道路でのリアルな航続距離が320kmを切るようなEV、それもGTカーとなると、十分とは言えない。

見方を変えてみよう。2ドアのパフォーマンスEVというと、このすぐ上の価格帯はピニンファリーナ・バッティスタの240万ポンド（約4億5360万円）だ。テスラの新型ロードスターが登場すれば状況は変わるだろうが、残念ながらそっちはまだ市販されていない。
パワートレイン
前後モーターで、前後重量配分は50：50。充電性能は公称最大270kWだが、テストでは最大257kWにとどまった。
駆動方式：フロント／リア横置き四輪駆動
形式：永久磁石同期式モーター、前1基／後2基
バッテリー：ニッケル・マンガン・コバルト、800V、92.5／83.0kWh（総量／実用量）
最高出力：761ps/－rpm
最大トルク：137.7kg－m/－rpm
馬力荷重比：337ps/t
トルク荷重比：61.0kg－m/t
ボディ/シャシー
全長：4966mm
ホイールベース：2929mm
オーバーハング（前）：949mm
オーバーハング（後）：1088mm
全高：1353mm

足元長さ（前列）：最大1120mm
足元長さ（後列）：640mm
座面～天井（前列）：最大1020mm
座面～天井（後列）：880mm

積載容量：270L

構造：スティール／アルミ、モノコック
車両重量：2260kg（公称値）／2358kg（実測値）
抗力係数：0.28
ホイール前／後：9.5Jx20／10.5Jx21
タイヤ前／後：265/35 ZR20／295/30 ZR21
グッドイヤー・イーグルF1スーパースポーツ
変速機
形式：1速リダクションギア
1000rpm時速度：18.7km/h
電力消費率
AUTOCAR実測値：消費率 
総平均：3.5km/kWh
ツーリング：3.7km/kWh
日常走行：4.7km/kWh
動力性能計測時：1.6km/kWh

メーカー公表値：消費率
低速（市街地）：－km/kWh
中速（郊外）：－km/kWh
高速（高速道路）：－km/kWh
超高速：－km/kWh
混合：4.3～4.5km/kWh

現実的な航続距離：295km（平均）／307km（ツーリング）／388km（日常走行）
公称航続距離：433～454km
サスペンション
前：ダブルウィッシュボーン／エアスプリング、アダプティブダンパー、スタビライザー
後：マルチリンク／エアスプリング、アダプティブダンパー、スタビライザー
ステアリング
形式：電動機械式、ラック＆ピニオン
ロック・トゥ・ロック：2.4回転
最小回転直径：12.4m
発進加速
テスト条件：湿潤・乾燥途上路面／気温7℃
0-30マイル/時（48km/h）：1.3秒
0-40（64）：1.7秒
0-50（80）：2.3秒
0-60（97）：2.9秒
0-70（113）：3.6秒
0-80（129）：4.4秒
0-90（145）：5.3秒
0-100（161）：6.4秒
0-110（177）：7.7秒
0-120（193）：9.1秒
0-130（209）：10.7秒
0-140（225）：12.5秒
0-150（241）：14.6秒
0-402m発進加速：10.8秒（到達速度：210.8km/h）
0-1000m発進加速：20.2秒（到達速度：270.9km/h）
0-62マイル/時（0-100km/h）：3.0秒
30-70マイル/時（48-113km/h）:2.3秒
50-70マイル/時（80-129km/h）:2.1秒
ドライ制動距離
30-0マイル/時（48km/h）：8.8m
50-0マイル/時（64km/h）：24.6m
70-0マイル/時（80km/h）：48.4m
60-0マイル/時（97km/h）制動時間：2.63秒
結論　★★★★★★★☆☆☆
結論：安心感があり好ましいが、合理的な選択肢ではない。
ICEとEVで共用するプラットフォームは、どちらもガッカリさせられることが多い。しかし現行グラントゥーリズモは、そんな傾向に反するクルマだ。V6モデルはこれまでにないほど、スーパーGTとして説得力があるし、フォルゴーレは速くてスリリングでもあり、独特の穏やかさと落ち着きも備えている。

好ましいクルマだといえるのは確かだ。たとえ、かつてのグラントゥーリズモのような魅力的なサウンドはなく、ウェイトが2.4t近いとしても。残念ながら、開発途中のように思えるところもある。航続距離と効率はもっと高める必要がある。走りも、もう少し妥協なく追求してほしい。
ジャック・ハリソン（撮影）　関耕一郎（翻訳）",[],[]
【フル充電で700km】10分充電で300km走る新型ボルボ ES90、3/5に発表（AUTOCAR JAPAN）,https://news.yahoo.co.jp/articles/e1536bf549b904ede99a0985cfcfbf130514b52a,https://newsatcl-pctr.c.yimg.jp/t/amd-img/20250301-01119174-autocar-000-1-view.jpg?exp=10800,2025-03-01T19:05:00+09:00,2025-03-01T19:05:00+09:00,AUTOCAR JAPAN,autocar,AUTOCAR JAPAN,1259,"3月5日に発表の新型EV、ボルボ ES90
新型ボルボ ES90のティーザー画像
ボルボは新たな800ボルトテクノロジーを搭載した電気自動車、新型『ボルボ ES90』を3月5日、世界に向けて発表する。
【写真】新型ボルボ ES90のティーザー画像とボルボ製EV (45枚)
ES90はこれまでのあらゆるボルボ製EVよりも長い航続距離を持ち、より高速に充電できるクルマであるという。

また、ボルボが推し進めてきたリサイクル素材や天然素材の採用においても、効率性とサスティナビリティの面で新たな進歩をもたらすという。

なお、発表の模様は3月5日に特設ウェブサイトからライブストリーミング配信される。
より効率的な800V電気システムを搭載
新型ボルボ ES90のティーザー画像
ボルボが新型ES90で採用する800V電気システムは、現在の主流である400Vシステムに比べ効率的で、バッテリーの充電がより早くなり、搭載されたEVの総合的性能が向上するなどの利点を持っている。

ボルボのエンジニアリング＆テクノロジーの責任者であるアンダース・ベルは「ボルボの800Vテクノロジーは完全な電動化に向け、さらなる利便性と運転のしやすさを提供します。目的地がどこであろうと、どれほどの距離があろうと、ES90はあなたを確実に、そして快適に移動するようつくられています」と述べる。

それは新たなバッテリーマネジメントシステムのソフトとハード、そして先進的なデザインが組み合わされることで実現される。

ES90は350kWの急速充電ステーションで、わずか10分間で300kmの航続距離を追加でき、WLTP（燃費と排ガスに関する国際的な試験方法）テストサイクルでは最大700kmの航続距離を可能にした。
サスティナビリティの面でもさらに進歩
新型ボルボ ES90のティーザー画像
ES90の優れている点はバッテリー・テクノロジーだけではなく、サスティナビリティに関する他の分野での進歩にも貢献しているという。

例えばES90にはリサイクル素材や天然素材がふんだんに使用されており、製造時のCO2削減に貢献している。

そしてES90に使用されている全アルミニウムの29%、全スチールの18%がリサイクル素材で、さらに16%のリサイクルポリマーとバイオベース素材が使用されている。車内のウッドパネルにはFSC（森林管理協議会）認証の木材が使われている。

そしてES90に搭載されるバッテリーには、ブロックチェーン技術に基づき、原材料を追跡できるバッテリーパスポートが実装されているという。

これによりバッテリーに使用されているリチウム、コバルト、ニッケル、グラファイトの原産地がわかる。また、バッテリーパック全体のCO2排出量その他の情報も明記されている。

ユーザーはこのパスポートにより、ボルボがバッテリーの原材料を責任ある方法で調達していることを透明性をもって知ることができるのだ。
AUTOCAR JAPAN（執筆）",[],[]
2025年版　高性能＆コスパに優れた中国車　10選　かつてないほどの進化、欧米車にも負けず劣らず（AUTOCAR JAPAN）,https://news.yahoo.co.jp/articles/646ae9886c13dfd5b6f3b08bbc838b1348e596d6,https://newsatcl-pctr.c.yimg.jp/t/amd-img/20250301-01116691-autocar-000-1-view.jpg?exp=10800,2025-03-01T18:25:00+09:00,2025-03-01T18:25:00+09:00,AUTOCAR JAPAN,autocar,AUTOCAR JAPAN,6998,"欧州車に追いつきつつあるクオリティ
AUTOCAR英国編集部が高く評価している中国車を10台紹介する。
中国車の進化のスピードは、かつてないほど速い。

今から25年ほど前、中国は「ルバオCA6410」のようなモデルを作っていた。このクルマは、実質的にはオースチン・モンテゴのフロントエンドにオースチン・マエストロのリアエンド、そしてトヨタ製エンジンを組み合わせたものだった。
【写真】これが今の中国車？ 普通に「イイクルマ」【シャオペンG6を写真で見る】 (22枚)
しかし今日、数十年にわたる経済成長、いくつもの模倣品の創出、そしてEVへのフォーカスを経て、中国車は業界トップクラスの水準にまで上り詰めている。

市場最安価の部類に入るものが多いが、価格重視の実用車ばかりではない。インテリアの質感や運転の楽しさの面でも、欧州や日本、韓国のメーカーに追いつきつつある。

現在、英国で販売されている中国車の中で、AUTOCAR英国編集部が最も優れていると考えるのはシャオペンG6（Xpeng G6）だ。高級感のあるインテリア、快適な乗り心地、そして米国製EVよりも価格優位性があることから、テスラ・モデルYの有力なライバルと言える。

今回は、中国企業が製造するAUTOCAR英国編集部イチオシのクルマをご紹介しよう。
1. シャオペンG6
1. シャオペンG6
デザイン：7点　インテリア：8点　パフォーマンス：8点　乗り心地とハンドリング：7点　コスト：8点
長所：航続距離が長く、急速充電が可能　モデルYと比較してコストパフォーマンスが良い　広々としたインテリア
短所：目立たない外観　タッチスクリーン上の操作が多すぎる　硬い乗り心地
最大の特徴：洗練されたユーザーエクスペリエンス

2024年に発表されたG6は、ほぼすべての点でテスラ・モデルYの直接的なライバルである。実際、この電動SUVはシリコンバレーのベストセラー車に引けを取らない。

「G6は客観的に見て、仕様が充実しており、モデルYに匹敵する競争力のある設計となっている」
――フェリックス・ペイジ、副編集長

同車を開発したシャオペンは、自らをIT起業家が率いる新興企業と表現しているが、確かにこのクルマは非常にハイテクな印象を与える。車内には最新クアルコム製プロセッサを搭載した大型スクリーンがあり、操作も素早く簡単だ。

内装材は価格の割にハイクオリティで、シートの調整機能も充実している。しかし、物理的な操作系（ボタンやノブなど）がほとんどない。

パワートレインは、最高出力258psと285psの2種類。どちらも速く、静かでスムーズだ。しかし、現実世界では27psの出力差に気づくことはほとんどないため、AUTOCAR英国編集部はパワーの低い方をおすすめする。
2. MG 4 EV
2. MG 4 EV
デザイン：8点　インテリア：7点　パフォーマンス：7点　乗り心地とハンドリング：8点　コスト：8点
長所：コストパフォーマンスが優秀　サイズの割に広い車内空間　運転が本当に楽しい
短所：運転支援機能の改良が必要　内装材の質は最高とは言えない　一部、使い勝手に難あり
一言で表すなら：最高のゼロ・エミッション・ハッチバック

MG 4は、上海汽車（SAIC）傘下にあるMGブランドを大きく変えたモデルだ。ただ安価なだけで退屈なブランドから、注目に値するブランドへと変貌させた。

「MG 4はバランスのとれた電動ハッチバックであり、破格の価格設定だ」
――イリヤ・バプラート、ロードテスター

同車の鍵となるのは、走りだ。スムーズに流し、強力で安心感のあるブレーキと、ちょっぴり楽しい後輪駆動プラットフォームを備えている。

インテリアもセンスが良く、レイアウトも良い。暖房のコントロールは、他のEVよりも使いやすく、航続距離もクラス上位に位置づけられている。

MG 4 XPowerと呼ばれるデュアルモーター、四輪駆動のホットハッチも販売されている。トラクションとパワーが強化されているにもかかわらず、標準車ほどの楽しさは味わえない。しかし、4万ポンド（約760万円）以下で435psものパワーが得られるクルマは他にほとんどない。
3. MG HS
3. MG HS
デザイン：8点　インテリア：6点　パフォーマンス：7点　乗り心地とハンドリング：7点　コスト：8点
長所：魅力的なエントリー価格　PHEVモデルは120kmの電気走行が可能　静かで運転しやすい
短所：ガソリンモデルはパワー不足　イライラする運転支援システム　ライバル車の方が運動性能は上
最適な用途：社用車（英国の社用車制度で購入）

MG HSは、英国で最も目立たない商業的成功例の1つであり、現在英国で最も売れているクルマの1つとなっている。

「PHEVモデルは、かなり大胆な速度で走る場合でもエンジンに頼る必要がない」
――マット・ソーンダース、ロードテスト編集者

第2世代となるHSは2024年に導入され、エクステリアデザインの全面的な刷新、大幅にアップデートされたインテリア、そして一連のテクノロジー・アップデートが施された。

しかし、同車の最大の魅力は、その性能にある。 PHEVモデルは25kWh近い駆動用バッテリーを搭載し、価格はわずか3万ポンド（約570万円）強で、公式には120kmの電気走行が可能だ。

走行性能にも成熟と洗練が感じられ、低速での電気走行のしなやかさは賞賛に値する。
4. BYDドルフィン
4. BYDドルフィン
デザイン：6点　インテリア：6点　パフォーマンス：7点　乗り心地とハンドリング：7点　コスト：8点
長所：大人でも快適に過ごせる十分な広さのインテリア　この価格帯では素晴らしい航続距離　ソフトなサスペンションで運転しやすい
短所：インフォテインメントの構成が不適切　ステアリングの反応が鈍く、あまり楽しくない　前輪が簡単にトラクションを失う
一言で表すなら：最高の電動Bセグメント・ハッチバック

サイズ的には、BYDドルフィンはオペル・コルサ・エレクトリック（Bセグ）とフォルクスワーゲンID.3（Cセグ）の中間に位置するが、両車よりも手頃な価格である。

「多少の欠点があっても構わないのであれば、この価格帯のコンパクトEVとしては、かなり長距離を走ることができる」
――サム・フィリップス、常勤ライター

入門モデルの「アクティブ」は最高出力95psだが、小さなバッテリーで340km（公称値）を走ることができる。

「ブースト」モデルは176psにパワーアップし、「コンフォート」と「デザイン」は204psの電気モーターと60.4kWhのバッテリーを搭載し、公式の航続距離は最大425kmとなる。

言い換えれば、ほぼ全ての人のニーズに合うモデルがあるということだ。

ドルフィンは、クロスオーバー車のアット3と多くの機械部品を共有しており、予想通り、この2台は運転感覚がよく似ている。快適だが、度肝を抜くような走りをするわけではない。
5. MGサイバースター
5. MGサイバースター
デザイン：9点　インテリア：7点　パフォーマンス：8点　乗り心地とハンドリング：6点　コスト：6点
長所：スーパーカーのような外観　素晴らしい航続距離　パワフル
短所：ドライビングポジションが高め　インフォテインメントとADASに不満あり　ボディコントロールが不十分で、車体が揺れたりピッチングしたりする
最大の特徴：スーパーカーの体験ができる

MGにとって非常に重要なクルマであり、新時代の幕開けを告げる最初のクルマだ。同社の100周年記念に合わせて発売され、そのデザイン作業のほとんどはブランド発祥の地である英国で行われた。

「同クラスの優れたスポーツカーのようなドライビング・ダイナミクスには欠けるものの、間違いなく目を引くクルマである」
――マット・ソーンダース、ロードテスト編集者

サイバースターは現代版のMG Bと言えるだろうか？ 答えは「NO」だ。しかし、単なるスポーツカーではなく、従来のスーパーカーのデザインを模倣し、十分なインパクトがある。

標準モデルのトロフィーには、最高出力340ps、最大トルク48kg-mのリアマウント式電気モーターが搭載されている。さらに5000ポンド（約95万円）ほど高額なGTモデルには、フロントに2基目のモーターが搭載され、最高出力510ps、最大トルク74kg-m、四輪駆動を実現している。

AUTOCAR英国編集部は、より軽量で運転が機敏に感じられる後輪駆動モデルのほうを選ぶだろう。GTは直線では速いが、真のスポーツカーとしてはやや重すぎるように感じる。
6. BYDアット3
6. BYDアット3
デザイン：6点　インテリア：6点　パフォーマンス：7点　乗り心地とハンドリング：6点　コスト：8点
長所：価格以上に装備が充実　広々とした車内に、魅力的な奇抜なデザイン　ソフトで豪華な乗り心地
短所：扱いにくいエアコン　ドライビングに洗練さが欠ける　不安定な電話接続
最大の特徴：インテリアのギミック

アット3は、巨大企業BYDが英国で初めて販売したクルマである。

「暖房もエアコンもオフにしても、外気導入は維持できるのが気に入っている」
――イリヤ・バプラート、ロードテスター

SNSユーザーは、縦横どちらにも回転できるタッチスクリーンや、正直なところあまり機能的でないドア内張りのギター弦に目を奪われた。

ギミックに目を奪われずに冷静になってみると、広々としたよく考えられた電動SUVであることが分かる。

実走行では約320kmを楽に走行でき、4年間12万kmの保証と、8年間/20万kmのバッテリー保証がそれぞれ付いているのも心強い。
7. MG ZS
7. MG ZS
デザイン：5点　インテリア：6点　パフォーマンス：6点　乗り心地とハンドリング：6点　コスト：7点
長所：価格の割に広い車内　優れた経済性　ハイブリッド・クロスオーバーとしてはかなり良い加速性能
短所：鈍重なステアリング　硬く落ち着きのない乗り心地　気が散るインフォテインメント
最大の特徴：コストパフォーマンス

MGが販売するもう1つのSUVで、コストパフォーマンスに優れたクルマである。

「ZSは、価格以上の広さ、利便性、装備を備えている」
――マット・ソーンダース、ロードテスト編集者

2万ポンド（約380万円）未満で、1.5Lガソリンエンジン搭載の小型クロスオーバー車が購入できる。しかし、1000ポンド（約20万円）ほど上乗せするだけで、実走行テストで25km/l近い燃費を実現するフルハイブリッド車が手に入る。

AUTOCAR英国編集部が推奨するのはこのZSである。その革新的なパワートレインは、単体で最高出力102psを発生する1.5L 4気筒アトキンソンサイクルガソリンエンジンと3速AT、そして136psの電気モーターで構成されている。

ほとんどの走行シーンでモーターが駆動し、エンジンはスターターモーターに電力を供給して充電する。

複雑そうに聞こえるが、よくできた仕組みだ。街中では、キビキビと軽快に静かに走るので、EVとほとんど変わらない。もちろん、充電するのに手間はかからないし、ガソリン満タンで700kmは走れるはずだ。
8. BYDシール
8. BYDシール
デザイン：7点　インテリア：6点　パフォーマンス：7点　乗り心地とハンドリング：7点　コスト：6点
長所：高速走行時の乗り心地が素晴らしい　コストパフォーマンスが高い　価格に見合ったパワー
短所：ユーザーインターフェースがひどい　不安定な急速充電　ADASが貧弱
最大の特徴：高級なイメージ

可愛らしい名前を笑うのは勝手だが、シールは非常に本格的なクルマだ。

「低速での不安定さを除けば、乗り心地とハンドリングは良好で、特に英国の道路に適している」
――イリヤ・バプラート、ロードテスター

このリストの上位に挙げたアット3とドルフィンは、より小型で低価格のセグメント向けだが、シールは後輪駆動、大容量バッテリー、空力特性に優れたセダンボディという構成で、BYDの地位を高めている。

デュアルモーター搭載車は、530psという驚異的な最高出力を誇り、0-100km/h加速はわずか3.8秒だ。一方、後輪駆動モデルでも312psと非常に強力である。

シールは常に心地よく機敏に走ってくれるが、高速道路では非常にサポート性の高いシートのおかげで、まるで布団に包まれているような乗り心地を実現している。ただし、低速での乗り心地は、ややぎこちなさを感じるかもしれない。
9. リープモーターT03
9. リープモーターT03
デザイン：5点　インテリア：5点　パフォーマンス：5点　乗り心地とハンドリング：7点　コスト：9点
長所：小型車だが大人でも十分な広さ　高速道路走行に十分なパフォーマンス　最も安いEVの1つ
短所：物理的なボタンやスイッチが少なく、フラストレーションが溜まる　厄介なADASはオフにできない　高速走行時の乗り心地がやや不安定
一言で表すなら：ベーシックな乗り物

このリストで最も安価なクルマだが、リープモーター（Leapmotor）というブランド名には聞き覚えがないかもしれない。ステランティスは同社の株式を20％保有しており、英国ではステランティスのディーラーで販売されている。

「T03は、安価なクルマが必ずしも粗悪品であるとは限らないことを証明している」
――ジョナサン・ブライス氏、SNS担当

T03には単一グレードと単一のパワートレインしかない。つまりフロントに搭載された最高出力95psのモーターが唯一の選択肢となる。少なくとも、ボディカラーはいくつか用意されている。

標準装備として、8.0インチのデジタル・インストゥルメント・ディスプレイ、ナビゲーションとDABラジオ付きのインフォテインメント・タッチスクリーンが搭載されている。重要なのは、アップル・カープレイやアンドロイド・オートは未搭載だということだ。
10. ジェイクー7
10. ジェイクー7
デザイン：7点　インテリア：6点　パフォーマンス：6点　乗り心地とハンドリング：6点　コスト：6点
長所：明るく開放的なキャビン　PHEVモデルはスムーズで静か　韓国車や欧州車のライバルより価格が安い
短所：乗り心地が柔らかすぎる　ガソリンエンジンの音がうるさい　内装材の質が低い
最大の特徴：大柄で大胆なスタイリング 

このブランドについては、少し説明が必要だろう。中国最大の自動車メーカーの1つである奇瑞汽車が展開するジェイクー（Jaecoo）は、すでに導入済みのオモダ（Omoda）の兄弟ブランドである。

「実用的なインテリアと、PHEVモデルでは十分な電気航続距離を実現しており、将来有望である」
――サム・フィリップス、常勤ライター

ジェイクーは、7をレンジローバー・イヴォークの廉価版と位置づけ、ガソリン車とPHEVを用意している。

入門モデルは1.6Lガソリンエンジン搭載車だ。7速DCTを介して前輪を駆動し、価格は約3万ポンド（約570万円）である。

さらに5000ポンド（約95万円）ほど上乗せすると、1.5Lガソリンエンジンと18.3kWhのバッテリーを搭載した4WDのPHEVモデルを購入できる。

前述したMG HSと同様、PHEVモデルが狙い目だ。静粛性が高く、日常的な使用には十分な速さがあり、標準のガソリン車よりもはるかに経済的だ。
おすすめの選び方＆編集部の評価基準
最新の中国車のインテリアは一般的に物理ボタンが少なく、タッチ操作が中心となっている。（写真はシャオペンG6）
■中国車の選び方
第一に、何らかのディーラーネットワークを持つブランドを選ぶこと。そうすれば、何か問題が起きた場合でも、迅速かつ容易に解決できる。次に、インフォテインメント・システムの動作を確認すること。最新の中国車は一般的に、ほぼすべての機能を画面上に表示するため、2年以上前のクルマから乗り換える場合は多少の慣れが必要だ。

■テストと選定方法
AUTOCAR英国編集部は今回、中国メーカーが中国で製造したクルマを選んだ。ただし、いくつか例外もある。MGはもともと英国の企業だったが、現在は中国企業が所有しており、ほとんどの人は中国メーカーだと考えるだろう。

リープモーターT03の一部のバージョンはポーランドで製造されているが、中国企業のクルマであるため、リストに加えた。

ポールスターは除外した。ポールスターの一部モデルは中国で製造されているが、本社は依然としてスウェーデンにあり、編集部的にはスウェーデン車のような印象を受けるためだ。
マレー・スカリオン（執筆）　林汰久也（翻訳）",[],[]
ピュア＆ドラマチック　ロータス340R　ルノー・スポール・スパイダー（2）　軽いシャシーへハマる（AUTOCAR JAPAN）,https://news.yahoo.co.jp/articles/4c3d0f85558a21ee172332969606b7bf2fcf7b38,https://newsatcl-pctr.c.yimg.jp/t/amd-img/20250301-01113672-autocar-000-1-view.jpg?exp=10800,2025-03-01T17:46:00+09:00,2025-03-01T17:46:00+09:00,AUTOCAR JAPAN,autocar,AUTOCAR JAPAN,3458,"A610由来のサス　メガーヌ・クーペ由来の4気筒
ルノー・スポール・スパイダー（1996〜1999年／英国仕様）
ルノー・スポール・スパイダーのコンセプトは、ドライバーと自然環境との距離が近く、バイクへ乗る時のような感覚を通じて、強い一体感を与えるというもの。それは、スタイリングで見事に体現されていた。
【写真】実用性は度外視　ロータス340R　ルノー・スポール・スパイダー　エリーゼとVX220、クリオ V6も (121枚)
ロー＆ワイドで、優しくカーブを描く容姿は、サーキットからそのまま舞い降りたような雰囲気。グラスファイバー製ボディが、強固なアルミ製スペースフレームとサブフレームを覆っている。

ロータス340Rとは異なり、上方へ開くドアが備わる。だが、本来の欧州仕様では小さなエアロスクリーンのみ。今回のレッドの1台は英国仕様で、大きなフロントガラスと三角窓が備わる。

フロントアクスルの間には、小さな荷室がある。リアのロールバーへ被せる、簡易的なデタッチャブル・ルーフと、駐車時にキャビンを覆うトノカバーも用意されている。

サスペンションは、アルピーヌA610の部品を流用。前後ともダブルウィッシュボーン式で、可動部はボールジョイント。ロッカーアームを介して、ダンパーが伸縮する。

ベンチレーテッドディスクのブレーキも、A610譲り。タイヤはミシュラン・パイロットSXで、サイズは205/50の16インチ。結果的にボディは大きくなり、車重は930kgに達した。340Rとの走りの違いも小さくない。

エンジンは、ルノー・メガーヌ・クーペ 16vに積まれていた、1998cc 16バルブ4気筒。最高出力は152ps/6000rpmで、0-100km/h加速は6.9秒。340Rの4.5秒より明らかに遅れるものの、空力特性に優れ、最高速度は215km/hと6km/hほど高い。
お目覚めが上品なスポール・スパイダー
ルノー・スポール・スパイダー（1996〜1999年／英国仕様）
2台を並べると、スポール・スパイダーのワイドさに驚く。ボディの下半分がグレーに塗られる、ツートーン仕上げが標準。上半分はブルーとイエローも選択できたが、グレッグ・バーチャル氏がオーナーのこちらはレッドだ。

クラムシェルのリアカウルを持ち上げると、横向きの4気筒エンジンが姿を表す。4本のパイプがうねる排気マニフォールドと、水平に近いダンパーが、モータースポーツとの距離の近さを滲ませる。

車内側へ手を伸ばし、ドアを持ち上げる。ダンパーの力で、滑らかに高い位置へ上昇する。サイドシルは分厚いが、乗り降りは意外と容易。防水生地で仕立てられたバケットシートが、しっかり身体を保持する。製造水準は高い。

メーターパネルには、水温と油圧、回転数の3枚のメーター。速度はデジタル表示で、センターコンソール側にある。内装は至ってシンプル。アルミ製のシャシー・ブレースが露出する。

スポール・スパイダーのお目覚めは上品。ひと吠えもなく、静かにKシリーズはアイドリングを始める。ステアリングホイールは駐車場で重く、シフトレバーのゲートは狭い。

ボールジョイントのサスペンションが、低速域ではコクコクと音を立てる。速度を高めるほど、安定性が見違える。ステアリングホイールは重いままだが、ロックトゥロック2.5回転以上に切り始めは鋭敏。情報量は多くないものの、ダイレクト感が補う。

4000rpmへ引っ張っても、聞き惚れる音響にはならない。それでもフラットにトルクが発生し、連続するカーブを柔軟に駆け回れる。
軽いシャシーへピタッとハマった印象
ロータス340R（2000年／英国仕様）
アスファルトが乾燥していれば、フロントタイヤのグリップ力は見事。アクセルペダルの踏み込み加減で、ラインを調整していける。

ブレーキはサーボレスで、充分な制動力を得るには相応の踏力が求められる。アグレッシブな見た目から想像するほど、スポール・スパイダーは速くないから、ペダルの感触が若干曖昧でも不安感はほぼない。

他方、340Rのオーナーは、ロバート・ジョンソン氏。ミニマリスティックな佇まいが、むしろドラマチックだ。離れて眺めると、薄いサイクルフェンダーはタイヤと一体に見え、オープンホイールのレーシングカーのよう。

小さなエンジンカバーは、8本のボルトで固定されている。サスペンション・アームとコニ社製ダンパー、世界最小のリアガラスがはめられたロールバー、テールライト、ジャンスピード社製のツインテール・マフラーまで、すべてがむき出しだ。

太ももを高く持ち上げ、バケットシート前のフロアへつま先を伸ばす。メーターパネルは、回転計と速度計の2枚があるだけで、スポール・スパイダーより簡素。デジタル部分に、補足情報が表示される。

ライト類のボタンは、シフトレバー前のアルミ製ポストへ集約。腰を下ろすと、スポール・スパイダーと同様に、軽いシャシーへピタッとハマった印象を受ける。最適な運転姿勢は、簡単に見つかる。3枚のペダルは正面に並ぶが、左足の置き場が狭い。
絶賛に値するルノー版モダン・ケータハム
シルバー・ツートーンのロータス340Rと、レッド・ツートーンのルノー・スポール・スパイダー
340Rは、エンジンの始動直後から様相が違う。Kシリーズ・エンジンは豪快なノイズで始動。音質は、エリーゼのそれと近い。

カーブへ飛び込めば、即座に満たされる。速いだけでなく、手のひらや背中への情報量が半端ない。数kmも走ればシャシーと意気投合でき、リアタイヤのグリップを抜きながら、濃密な運転体験へ没入できる。

エリーゼより、遥かに軽くも感じられる。すべての反応が軽快で精緻。スプリングとダンパーは、荒れた路面へ息を合わせるようにタイヤを追従させる。グリップ力も素晴らしい。

今回の340Rは、ロータス認定のオプションが組まれ、スポーツ190と同じ192ps仕様へアップグレードされている。エンジンECUの再マッピングとカムプーリーの変更、レゾネーターバルブやセカンダリー・エアフィルター、触媒の省略などで叶えている。

動力性能は圧巻。Kシリーズのサウンドもドラマチックとはいい難いが、より深みが増している。低域トルクだけでなく、4000rpm以上の炸裂感は痛快。ハイエンドなケータハムのように意欲的だ。

運転体験でいえば、340Rはスポール・スパイダーを凌駕するだろう。筆者がこれまで運転したクルマの中で、最高の1台に加えられる。

とはいえ、大型トラックまで手掛けた巨大メーカーが目指した、ルノー版モダン・ケータハムにも賛辞を送りたい。ロータスが達成した水準へ遠くない、純粋な時間を公道で過ごせるのだから。
スポール・スパイダーと340R　2台のスペック
ロータス340R（2000年／英国仕様）
■ルノー・スポール・スパイダー（1996〜1999年／英国仕様）
英国価格：2万5950ポンド（新車時）／4万ポンド（約780万円／現在）以下
生産数：1640台（市販車）＋80台（ワンメイク・トロフィー仕様）
全長：3795mm
全幅：1780mm
全高：1250mm
最高速度：215km/h
0-97km/h加速：6.9秒
燃費：11.7km/L
CO2排出量：−g/km
車両重量：930kg
パワートレイン：直列4気筒1998cc 自然吸気DOHC
使用燃料：ガソリン
最高出力：152ps/6000rpm
最大トルク：19.3kg-m/4500rpm
ギアボックス：5速マニュアル（後輪駆動）

■ロータス340R（2000年／英国仕様）
英国価格：3万5000ポンド（新車時）／5万5000ポンド（約1072万円／現在）以下
生産数：340台
全長：3620mm
全幅：1702mm
全高：1123mm
最高速度：209km/h
0-97km/h加速：4.5秒
燃費：9.1km/L
CO2排出量：−g/km
車両重量：675kg
パワートレイン：直列4気筒1796cc 自然吸気DOHC
使用燃料：ガソリン
最高出力：179ps/7800rpm
最大トルク：17.3kg-m/5000rpm
ギアボックス：5速マニュアル（後輪駆動）
サイモン・ハックナル（執筆）　マックス・エドレストン（撮影）　中嶋健治（翻訳）",[],[]
実用性は度外視　ロータス340R　ルノー・スポール・スパイダー（1）　AUTOCARが開発関与（AUTOCAR JAPAN）,https://news.yahoo.co.jp/articles/aa74f7df1a8527d036aeb69e6e09b87193eb44ff,https://newsatcl-pctr.c.yimg.jp/t/amd-img/20250301-01113625-autocar-000-1-view.jpg?exp=10800,2025-03-01T17:45:00+09:00,2025-03-01T17:45:00+09:00,AUTOCAR JAPAN,autocar,AUTOCAR JAPAN,2840,"実用性は度外視で軽さを追求したロータス
シルバー・ツートーンのロータス340Rと、レッド・ツートーンのルノー・スポール・スパイダー
少なくとも現状では、ロータス340Rやルノー・スポール・スパイダーに並ぶようなモデルが、新たに登場するとは考えにくい。まともなルーフだけでなく、ヒーターも備わらず、内装は殆どない。ピュアでダイレクトな運転体験が、ひたむきに追求されていた。
【写真】実用性は度外視　ロータス340R　ルノー・スポール・スパイダー　エリーゼとVX220、クリオ V6も (122枚)
340Rは2000年、スポール・スパイダーは1996年と、登場は4年ほど異なる。しかし、異なる経緯で導かれた基本コンセプトは、非常に近い。

スポール・スパイダーと時を同じくして発売されたのが、初代ロータス・エリーゼ。押出成型のアルミニウム材を用いたシャシーは軽量・高剛性で、当時の英国価格は2万ポンド以下。多くのクルマ好きを驚かせ、熱烈な歓迎を受けるに至った。

エンジンは、ローバー社製の自然吸気1.8L直列4気筒。ただし、当初のKシリーズの最高出力は119psにすぎず、シャシーには大きな余裕があった。スポーツ135とスポーツ160という高性能仕様も提供されたが、「スーパー」なエリーゼも計画は進められた。

その頃のマネージングディレクター、クリス・ナイト氏は、実用性は度外視で軽さを追求したロータスのスタイリングやパフォーマンスについて、社外の意見を求めた。彼が頼ったのは、AUTOCARだった。
340R誕生に関わったAUTOCAR　目標は500kg
ロータス340R（2000年／英国仕様）
「ロータス・エリーゼを発売以来高く支持してきた弊誌へ、過激な仕様への協力依頼をいただきました。340R誕生のきっかけといえます」

「わたしたちは、（本社のある）へセルの設計スタッフと協力しながら、極端なアイデアを精査していきました。オリジナルより一層軽く、自ずとより速いものの創出が目指されました」。現在の英国編集部編集長、スティーブ・クロップリーが回想する。

1998年10月上旬、ラッセル・カー氏率いるロータスのデザインチームは、エリーゼのシャシーへ工業用クレイを載せて、スタイリングの検討を本格化。AUTOCARが提案したのは、500kgという車重目標だった。

「340は、パワーウエイトレシオを意味しました。（初代の）エラン26Rへの敬意を表す、R付きのモデル名も提案したんですよ」。クロップリーが説明する。だが、公道用モデルとしての規制を満たす上で、車重の目標値は650kg以下へ変更された。

量産仕様では、675kgに決着。最終的に、340は生産数の表す数字になった。エリーゼから不必要な装備が徹底的に省かれたことを考えると、50kgしか軽くならなかったのは、意外に思えてしまう。

フロントガラスを装備しないという、大胆なアイデアすらあったらしい。しかし、先行して市場へ投入されていた欧州仕様のスポール・スパイダーは、小さなエアロスクリーンだけ。AUTOCARとしては、フロントガラスの採用を強く推したそうだ。
179psのKシリーズを積んだビキニ姿のエリーゼ
ロータス340R（2000年／英国仕様）
英国の公道用モデルの規則では、むき出しのタイヤは認められていない。そこで限りなく小さく薄い、クリップで固定するサイクルフェンダー兼マッドガードが装備された。

先細りのフロントノーズ両端には、F1風のウイングが与えられ、テールにも大きなウイングをマウント。有効なダウンフォースがもたらされた。

かくして仕上がった340Rを、「ワンピースの水着というより、ビキニ姿のエリーゼ」だと、AUTOCARは表現している。ドアのないボディへ乗り込むには、アルミ製バスタブ・シャシーを乗り越える必要がある。

タイヤはヨコハマが選定され、ハイグリップな専用コンパウンドのA032が開発された。サイズは、前が195/50の15インチ、後ろが225/45の16インチで、テクノマグネシオ社製のホイールが組まれる。

シャシーは、エリーゼのサーキット専用仕様、スポーツ190がベース。スプリングは引き締められ、ダンパーはアップグレードされたが、192psを発揮するKシリーズ・ユニットの最強版は、公道用に認証を受けてはいなかった。

かわりにミドシップされたのは、179psのKシリーズ。7800rpmで最高出力を発揮し、パワーウエイトレシオは265ps/tが叶えられた。トランスミッションは、スポーツ190用の5速クロスレシオ・マニュアルが継投されている。

340Rの計画が発表されたのは、1998年10月の英国モーターショー。量産仕様の決定には至る前だったが、反響は想像以上といえ、その場で販売契約が結ばれている。
F1の成功で絶好調にあった20世紀末のルノー
レッド・ツートーンのルノー・スポール・スパイダーと、シルバー・ツートーンのロータス340R
当時AUTOCARに在籍していた、ジャーナリストのクリス・ハリス氏が340Rへ試乗したのは1999年12月。「どんな価格帯の例と比べても、同等のスリルを味わえるモデルはほぼないでしょう」。と絶賛している。

生産が本格化したのは、それから2か月後の2000年初頭。この時点で、340台の予定数はすべて納車先が決まっていた。英国価格は、3万5000ポンドだった。

限定のロータスだから、340Rの需要は充分に想定できた。だが、一般的な自動車メーカーが過激なモデルを提供したら、同等の反響を得られるだろうか。1993年にルノーの上級副社長へ就任したパトリック・ル・ケマン氏は、可能性があると主張した。

20世紀末のルノーは、F1の成功で絶好調にあった。ル・ケマンは、ルノー・スポールのクリスチャン・コンツェン氏と意見を共有。ワンメイクレースのベースモデルになり得る、公道用スポーツカーの開発へ踏み切った。

コンセプトで描かれたのは、ケータハム・スーパーセブンの現代版。発案から9か月足らずで、2シーターのミドシップ・ロードスターのデザインは決まったという。

フルサイズのクレイモデルをもとに、フランスのノガロ・テクノロジーズ社がボディを成形。アルミ製プラットフォームは、ノルウェーのハイドロ・アルミニウム社が開発した。同社はこの数年後に、ロータス・エリーゼのシャシーを生産してもいる。

スポール・スパイダーの開発速度も、相当に早かった。1994年10月には量産化が決定し、1995年3月のスイス・ジュネーブ・モーターショーで、試作車が公表されている。

この続きは、ロータス340R　ルノー・スポール・スパイダー（2）にて。
サイモン・ハックナル（執筆）　マックス・エドレストン（撮影）　中嶋健治（翻訳）",[],[]
【B7ターボで始まった日本の歴史】最後のモデルB3&B4GT発表で気になるアルピナの未来（AUTOCAR JAPAN）,https://news.yahoo.co.jp/articles/28109634b919d29fe20e6eccc0bbbc21c62802ed,https://newsatcl-pctr.c.yimg.jp/t/amd-img/20250301-01118708-autocar-000-1-view.jpg?exp=10800,2025-03-01T12:05:00+09:00,2025-03-01T12:05:00+09:00,AUTOCAR JAPAN,autocar,AUTOCAR JAPAN,2671,"アルピナ始まりのとき
1979年、アルピナ日本第1号車となる『B7ターボ』が輸入された。写真は今回展示されたその個体そのもの。
ニコル・レーシング・ジャパン（以下ニコル）は自動車メーカーとしてのアルピナ最終モデル、『BMWアルピナB3GT』と『BMWアルピナB4GT』のメディア向け内覧会を実施。その会場にはニコルが最初に輸入した『BMWアルピナB7ターボ』や、アルピナが自動車メーカーになる前のビジネス、事務機器メーカーだったころのタイプライターも展示されていた。
【写真】最後のアルピナ、B3GT&B4GT内覧会の様子！ (48枚)
ニコル・グループ元会長のC.H.ニコ・ローレケ氏は8年ほど続けて来たレーシングドライバーを引退し、1977年に新たなビジネスをスタートさせた。ほぼ時を同じくしてアルピナもレーシングチューナーから自動車メーカーに変わろうとしていた時期でもあったことから、ニコルはアルピナの輸入を開始。そうして1979年、日本におけるアルピナ第1号車となる『B7ターボ』が輸入された。その個体そのものが今回展示されたクルマである。

1978年のフランクフルト・モーターショーで発表されたB7ターボは、当時の5シリーズ（E12）の3リッタービックシックスをベースに、最大ブースト0.85バールのターボを装着。パワーは300bphを発揮し、トルクは462Nmに増加させた。トランスミッションはE23（745i）用のゲトラグ製5速マニュアルに換装。結果として最高速は250km/hを記録し、最速セダンとうたわれた。トータル149台が生産されたと伝えられている。
アルピナ社のタイプライター
事務機メーカーとしてのアルピナ社タイプライター。世田谷と青山のショールームに展示されている。
もうひとつ、会場には記念すべき1台が展示してあったのでご紹介したい。それはDr.ルドルフ・ボーフェンジーペン（アルピナの創業者であり、ブルカルト・ボーフェンジーペン氏の父）が創業した事務機メーカー、アルピナ社のタイプライターだ。

この工場でブルカルトは、1962年にデビューしたBMW1500（ノイエクラッセ）のシングルキャブレターをウェーバー製ツインキャブレターに換装。『アルピナ・ユニット』と呼ばれたこのツインキャブレターをキット化して販売したのが、自動車ビジネスのスタートとなる。

このアルピナ・ユニットは性能だけでなく信頼性も高かったことからBMWの保証が受けられるようになったことで、ビジネスは順調に成長。1965年に『アルピナ・ブルカルト・ボーフェンジーペン合資会社』が設立されたのである。
最後に相応しいクルマ
アルピナのCEO、アンドレアス・ボーフェンジーペン氏はドイツよりビデオレターを寄せた。
今回B3GTとB4GTの日本での内覧会を受け、アルピナのCEO、アンドレアス・ボーフェンジーペン氏は次のようにコメントしている。

「アルピナの3シリーズと4シリーズは、我々のラインナップの中でも、常に基盤であり最も重要なモデルです。そして顧客の間でも最も人気のあるモデルです」

そして、B3GTおよびB4GTは、「コンパクトでエレガント、かつダイナミックです。新しいスタイリング要素（専用色のオロテクニコと呼ばれるデコラインなど）が加わり、フレッシュでモダンな印象を与えつつも、アルピナの不朽の魅力であるさらなるパワー、強化されたパフォーマンス、そして洗練されたドライビングエクスペリエンスを持っています。

これらの新しいモデルは単なるクルマではなく、過去60年間にわたって私たちが築き上げてきたすべての集大成であり、皆さまの心に残るものになると確信しています」と最後に相応しい魅力あふれるクルマに仕上がっていることへの自信を伺わせた。

また、ボーフェンジーペンCEOは、「アルピナ車への需要はこれまでにないほど高まっています。実際、日本におけるアルピナ車の受注は記録的なものとなっており、まさにアルピナ車が愛され、賞賛され続けていることの証しです。

日本は私たちにとって最も重要な地域のひとつであることは間違いなく、私たちのクルマが日本のエンスージアストたちの心に強く響いていることを誇りに思います」とコメントした。
そしてアルピナのこれから
この日、最後のアルピナとなるB3GT（右）とB4GT（左）がお披露目された。
その日本市場を担当するニコル・グループ代表職務執行者社長のミヒャエル・ヴィット氏は「今年、アルピナは設立60周年で、ニコルがアルピナの販売を始めて47年になります。日本はアルピナにとって非常に重要なマーケットで、『クルマのコニサー、目利き』と呼ばれる多くのロイヤルカスタマーに支えられてきました」と日本市場を高く評価。

さらにB3GTとB4GTを発表（2024年6月）したとき、「日本にはまだクルマが到着していませんでしたが、予想以上にたくさんのご注文をいただきました。また1月中旬に発表した限定モデルのB8GTは、世界の販売台数の3分の1が日本に割り当てられましたが、たった1日で売り切れました」と述べた。

そして、アルピナ最後のモデルのB3GT、B4GT、D3S、D4S、XB7 マニュファクトゥールを合わせ、日本向けに400台の追加生産を決定。ヴィット氏は、「まだご注文いただけますが、年末まで注文を待つことはお勧めしません」とのことなので、ご興味のある向きは早めに問い合わせた方が良さそうだ。

さて、今後のアルピナはどうなるのか。2025年末をもって、アルピナ・ブランドの商標権をBMWに譲渡し、家族経営のアルピナ・ブルカルト・ボーフェンジーペン有限&合資会社は今後新たにBOVENSIEPEN社として、歴史的なモデルや現行モデルのアルピナ・パーツやアクセサリーの販売を強化するとともに、貴重なビンテージカーの修理も行うという。同時に、成功しているワインビジネスも継続していくとのこと。

また、ニコルとしても「これからも日本の全てのアルピナのお客様のために素晴らしいサービスを提供します。また、アルピナ・クラシックという新たなブランドでアルピナ・パーツやライフスタイルグッズの販売を拡大して、4月にはオンラインショップもリリースします」とヴィット氏はコメントしたので、これからもアルピナに乗り続ける上での心配は少なそうだ。
内田俊一（執筆）　小林俊樹（撮影）　平井大介（編集）",[],[]
節度ある強刺激　AMG CLE 53 ｘ CLK 63 AMGブラックシリーズ（2）　想像以上に高い臨場感（AUTOCAR JAPAN）,https://news.yahoo.co.jp/articles/1e9ab8243891bdaf5f2fe4ac532c60242c36f460,https://newsatcl-pctr.c.yimg.jp/t/amd-img/20250301-01116421-autocar-000-1-view.jpg?exp=10800,2025-03-01T09:46:00+09:00,2025-03-01T09:46:00+09:00,AUTOCAR JAPAN,autocar,AUTOCAR JAPAN,3054,"インテリアから想像する以上に高い臨場感
ホワイトのメルセデス・ベンツCLK 63 AMGブラックシリーズと、グレーのメルセデスAMG CLE 53 4マティック＋
メルセデス・ベンツCLK 63ブラックシリーズは、サーキット・スペシャルな操縦性を実現しつつ、ドライバーへの要求度はさほど高くない。手のひらには、粒の細かい情報が届けられる。ワイドなボディの動きが、ドライバーの身体へ伝達される。
【写真】ワイドフェンダーに秘めた刺激　AMG CLE 53　CLK 63 AMG　CとGTのブラックシリーズも (120枚)
コーナーへ飛び込めば、リアアクスルのグリップが弱まり、スライドが始まる瞬間をキャッチできる。更にパワーを加えてアングルを深めるか、右足を緩めて行儀良くするかは、ドライバー次第。ESPがオンのままでも、アスファルトにはゴムの跡が残される。

ストレートでは、1760kgという軽くない車重を忘れるほど、速度は急上昇。試乗時間の終わりが迫ることが、筆者は残念でならなかった。正直、降りたくない。2025年でこんなに感動できるなら、2007年にはどれほど人々を驚かせたのだろう。

最新のメルセデスAMG CLE 53には、ここまで濃密な個性は備わらない。だが、走りのダイナミックさは本物。まったく引けを取らない。

4マティック＋と呼ばれる四輪駆動システムは、リアルタイムに前後アクスルへ伝わるトルクを変化させるが、基本的にはリア寄り。後輪操舵システムも巧妙に機能し、ラグジュアリーでデジタルなインテリアから想像する以上に、臨場感は高い。

CLK 63ブラックシリーズと比べると、遥かに扱いやすく感じる。バックカメラも備わり、市街地でも取り回しやすい。
ターボラグはほぼ皆無　高回転域で満たされる
メルセデスAMG CLE 53 4マティック＋（英国仕様）
それでも、どのドライブモードを選択しても、乗り心地はシリアス。スポーティな状態にすれば、3.0L 6気筒エンジンの咆哮が前方から響いてくる。

自然吸気ではないことを、ターボチャージャーの高音が教える。伝統の6.2L V8エンジンに匹敵する、好戦的な音響体験ではないものの、AMG CLE 53のサウンドも聴き応え充分だ。

22psアシストされるマイルドハイブリッドで、電動スーパーチャージャーも備わるから、ターボラグはほぼ皆無。低域から充分にトルクフルだが、より高い回転域まで引っ張ることで、盛んなドライバーも満たしてくれる。

0-100km/h加速は4.2秒。CLK 63ブラックシリーズより0.1秒速い程度だから、勢いは猛烈なほどではない。最高出力は60ps近く低く、車重が165kgも多いことが一因といえるだろう。だが、筆者はその僅かに節度のある感じが好きだ。

一部の高性能モデルのように、普段使いで困るほど野蛮ではないものの、最高水準の走りを存分に味わえる。シャシーの限界を探れる。

CLK 63ブラックシリーズと並べると、パッケージングの高さは別次元。少し優等生すぎるかもしれないが、途中で一旦整理する必要があるほど、各コンポーネントの設定は多様。自分好みに、理想的な体験へ導くことも可能だ。
少し積極的な運転で宿した個性を表出
メルセデスAMG CLE 53 4マティック＋（英国仕様）
AMGダイナミクスの変更で、ビギナーからマスターまで、AMG CLE 53は幅広い要求へ応えてくれる。四輪駆動と後輪操舵、スタビリティ・コントロールなどの制御が変幻する。豪華な雰囲気の内側に秘めた、本来のDNAを探るという面白さがある。

オプションのプロパフォーマンス・パッケージを指定すれば、CLK 63 AMGブラックシリーズに並ぶ299km/hの最高速度と、後輪駆動状態のドリフトモードも付いてくる。今回の試乗車には、装備されていなかったが。

とはいえ、その有無に関わらず、AMG CLE 53は魅力的なドライバーズカーだ。宿した個性を表出させるには、普段より積極的に運転するだけでいい。

C209型のブラックシリーズは、臆することなく全身でAMG。少し気性の荒い性格へ、ドライバーを力づくで引きずり込む。こう走るべきだと、クルマが訴求してくる。

対してAMG CLE 53は、往年のAMGとは異なり、ワイルドなホッドロッドらしさが薄いかもしれない。スリップではなく、グリップが優先されている。

だが今日のように軽く湿った路面なら、リアアクスルを滑らせていたずらできる。操り手が望めば、理想的なワインディングで深い没入を許してくれる。膨らんだリアフェンダーが、強く期待させる通りに。
番外編：CLK 63 AMGブラックシリーズのお値段は？
メルセデス・ベンツCLK 63 AMGブラックシリーズ（海外仕様）
2007年当時の、CLK 63 AMGブラックシリーズの英国価格は9万9517ポンド。現在ではその希少性から、高い取引価格が維持されている。比較試乗で用意したホワイトの1台は、9万9995ポンド（約1950万円）で販売中とのこと。

走行距離は4万9900km。最初のオーナーは引越しに伴い、アラブ首長国連邦からグレートブリテン島へ運び乗っていた。彼が深く気に入っていたことがうかがえる。右ハンドル車の場合は、12万5000ポンド（約2438万円）が最近の最高値のようだ。

少し穏やかな見た目で、リアシートがあった方が良いとお考えなら、C209型のCLK 63 AMGも悪くない。最高出力は480psと充分。走行距離10万7000kmの例が、2万995ポンド（約409万円）で執筆時に売りに出ていた。事前の重整備は不可欠かもしれないが。
CLK 63 AMGブラックシリーズとAMG CLE 53　2台のスペック
ホワイトのメルセデス・ベンツCLK 63 AMGブラックシリーズと、グレーのメルセデスAMG CLE 53 4マティック＋
■メルセデス・ベンツCLK 63 AMGブラックシリーズ（海外仕様）
英国価格：9万9517ポンド（新車時）
全長：4656mm
全幅：1834mm
全高：1364mm
最高速度：299km/h
0-100km/h加速：4.3秒
燃費：6.5km/L
CO2排出量：369g/km
車両重量：1760kg
パワートレイン：V型8気筒6208cc 自然吸気
使用燃料：ガソリン
最高出力：507ps/6800rpm
最大トルク：64.1kg-m/5250rpm
ギアボックス：7速オートマティック（後輪駆動）

■メルセデスAMG CLE 53 4マティック＋（英国仕様）
英国価格：7万3075ポンド（約1425万円）
全長：4855mm
全幅：1935mm
全高：1435mm
最高速度：249km/h
0-100km/h加速：4.2秒
燃費：10.4km/L
CO2排出量：217g/km
車両重量：1925kg
パワートレイン：直列6気筒2999cc ターボチャージャー＋電動コンプレッサー＋ISG
使用燃料：ガソリン
最高出力：448ps/5800-6100rpm
最大トルク：56.9kg-m/1800-5000rpm
ギアボックス：9速オートマティック（四輪駆動）
スティーブン・ドビー（執筆）　マックス・エドレストン（撮影）　中嶋健治（翻訳）",[],[]
AMG CLE 53 ｘ CLK 63 AMGブラックシリーズ（1）　ワイドフェンダーに秘めた熱い刺激（AUTOCAR JAPAN）,https://news.yahoo.co.jp/articles/559b76d6e8ed2828f905b46dd9332448731bce8b,https://newsatcl-pctr.c.yimg.jp/t/amd-img/20250301-01116350-autocar-000-1-view.jpg?exp=10800,2025-03-01T09:45:00+09:00,2025-03-01T09:45:00+09:00,AUTOCAR JAPAN,autocar,AUTOCAR JAPAN,2717,"AMGの栄光を体現したブラックシリーズ
ホワイトのメルセデス・ベンツCLK 63 AMGブラックシリーズと、グレーのメルセデスAMG CLE 53 4マティック＋
筋肉質なボディラインを見れば瞭然。新しいメルセデスAMG CLE 53が、ドライバーへ興奮を誘うことは間違いないだろう。その容姿が包む実態を、しっかり確かめたいと筆者は以前から考えてきた。
【写真】ワイドフェンダーに秘めた刺激　AMG CLE 53　CLK 63 AMG　CとGTのブラックシリーズも (120枚)
とはいえ、リアフェンダーが75mmも広げられた、数世代前のCLK 63 AMGブラックシリーズを凌駕するインパクトを与えることは難しいかもしれない。ホイールアーチギリギリに、特別仕様のミシュラン・タイヤが収まっている。弱気にならずにいられない。

メルセデスAMGは、新しいC 63へ直列4気筒エンジンのハイブリッドを選んだ。シリンダーの数は、V型8気筒の半分。ブランドが築き上げてきた評判は、自ずと揺らいだ。それを補完する上でも、刺激的なCLE 53は必要だったのかもしれない。

白く輝くCLK 63ブラックシリーズほど、往年のAMGの栄光を体現したモデルは多くないだろう。2007年に発売されると、アグレッシブな見た目と走りで世間を湧かせた。最近では、モダンクラシックとして価値が上昇基調にある。

これこそ、正真正銘のAMGだと受け止める読者は少なくないと思う。比較的小さなCLKに、ブランドのDNAが凝縮されている。リアフェンダーは、バブル時代の肩パッド・スーツのように、あからさま。当時のAMGの象徴ともいえた。

だがAMG CLE 53にも、その系譜は受け継がれているはず。比べれば、スムーズなボディの内側へ。
もとF1グランプリのセーフティーカー
メルセデス・ベンツCLK 63 AMGブラックシリーズ（海外仕様）
あいにく、試乗に指定した日は雨がちだった。路面は冷え切り、軽く濡れている。こんな優れない条件では、技術的に新しいモデルの方がより魅力的な運転体験を提供してくれることは、想像に難くない。

だとしても、希少なブラックシリーズ。筆者のつま先は、自然と純白のボディへ向かう。英国仕様として販売されたのは、僅か30台。今回の車両は左ハンドルで、並行輸入で複数がグレートブリテン島へ上陸したことを示しているが、激レアには変わりない。

情報によると、英国での残存数は28台だとか。新車時の価格は、法外にも思えた9万9517ポンドだった。インフレを加味しても、現在は遥かに高い金額で取引されていることは、説明するまでもないだろう。

「このブラックシリーズは、SLRを含めても、現在販売されているメルセデス・ベンツの中で最も過激なクルマといえます」。2008年1月に試乗したAUTOCARは、興奮を隠さずこう伝えた。

ご存知の読者もいらっしゃるかと思うが、CLK 63 AMGブラックシリーズはF1グランプリのセーフティーカーとしてサーキットを走った。ただの「スタイル」ではない、価格に不足ない実態を伴っている。
C209型CLK 63 AMGを徹底チューニング
メルセデス・ベンツCLK 63 AMGブラックシリーズ（海外仕様）
ベースとなったのは、C209型CLK 63 AMG。6.2L自然吸気V8エンジンは26ps増強され、トランスミッションとブレーキ、ステアリング系はアップデートされた。エンジンルームには補強材が追加され、各部はカーボンファイバーへ置き換えられた。

手動で調整可能なサスペンションが与えられ、左右のタイヤの間隔、トレッドは前で75mm、後ろで66mm広げられている。その結果、少しやりすぎにも思えるフェンダーラインが必要となったのだ。

リアシートは撤去され、カーボン製プレートで塞がれている。不要なスイッチ類は省略され、車重はペースカーと同値に仕上げられた。パーキングセンサーも付いていない。価値を考えると、駐車時には後ろの見張り役が欲しいところ。

しかしステアリングホイールを握ってすぐには、2000年代に絶賛された、サーキット由来の高性能モデルだとは実感しにくい。エンジンの始動時は豪快なひと吠えで目覚め、ボディパネルを震わせるとしても。

ステアリングホイールのデザインは、その頃のメルセデス・ベンツで一般的だったもの。ウイングやオーバーフェンダーが、ドアミラーの視界を大きく遮ることもない。

段付きのゲートと、少し扱いにくいレバーで操作するのは、7速オートマティック。低速域ではのんびり仕事をこなし、変速には1拍のラグを伴う。
猛烈に速いが、上質なメルセデス・ベンツ
ホワイトのメルセデス・ベンツCLK 63 AMGブラックシリーズと、グレーのメルセデスAMG CLE 53 4マティック＋
それでも、シュツットガルト製の専用軽量フライホイールが、ガラガラとノイズを撒き散らす。少し速度を高めれば、CLK 63ブラックシリーズのすべてが、走りへ意欲的なことがわかる。最高のドライバーズカーらしく、ベールが解かれる。

歩くようなスピードでも轟音が放たれ、筆者は笑顔を抑えきれない。ドライブモードと呼べるのは、7速ATのコンフォート、スポーツ、マニュアル程度。ESPのボタンは、オン／オフを切り替えるだけ。すぐに、最高出力507psの臨戦態勢は整う。

乗り心地のしなやかさには、舌を巻く。最近は、公道を走らせると背中の髄が縮むような、過酷な振動を伴う例も珍しくない。ところが過激な見た目とは裏腹に、CLK 63ブラックシリーズはグレートブリテン島の荒れたアスファルトをなだめてくれる。

猛烈に速いが、紛れもなく上質なメルセデス・ベンツだ。バケットシートへ身体をくくり、数100kmを走り込んでも、最高の気分が続くかもしれない。

燃費は大きなSUV並みだとしても、走行会が開かれるサーキットへ問題なく自走できそうだ。到着した頃にはクタクタ、なんてことはないだろう。むしろ、目覚まし時計をいつもより早くセットして、遠回りしたいと考えるかも。

地球上で最後の、珠玉の1台、といった様相。ブレることなく、何にもとらわれず、運転の楽しさに焦点が向けられている。意表を突かれるほど快適でありながら、甘ったるいクーペではない。

この続きは、AMG CLE 53ｘ CLK 63 AMGブラックシリーズ（2）にて。
スティーブン・ドビー（執筆）　マックス・エドレストン（撮影）　中嶋健治（翻訳）",[],[]
【最強の自然吸気セブン】ケータハム・セブン480 ファイナル・エディション、15台限定で日本発売（AUTOCAR JAPAN）,https://news.yahoo.co.jp/articles/0bda83a2beeaf3194b9460f4a307438fc852c49a,https://newsatcl-pctr.c.yimg.jp/t/amd-img/20250301-01118763-autocar-000-1-view.jpg?exp=10800,2025-03-01T08:45:00+09:00,2025-03-01T08:45:00+09:00,AUTOCAR JAPAN,autocar,AUTOCAR JAPAN,1018,"セブン480の最後を飾る
ケータハム・セブン480 ファイナル・エディション
ケータハムカーズ・ジャパンは2月28日より全国の正規販売代理店を通じて『ケータハム・セブン480 ファイナルエディション』の販売を開始した。
【写真】ケータハム・セブン480 ファイナル・エディションと近年のライトウエイトスポーツ (79枚)
セブン480はフォード製デュラテック 2.0L自然吸気エンジンを560kg（本国発表）の車体に搭載、最高回転数8500rpm、0-100km/h加速4.1秒、最高速度224km/hと、EU-6に準拠したケータハムが誇る最強の自然吸気セブンだった。

セブン480の通常モデルの日本での新規受注はすでに終了しており、現在新車の購入は販売店での在庫分のみの対応となっている。
日本向けに15台のファイナルエディション
ケータハム・セブン480 ファイナル・エディション
セブン480 ファイナルエディションは本来、英国およびEUのみでの販売されるモデルだったが、今回日本市場向けとして特別に15台が用意された。

カーボン製サイクルフェンダーとコンポジット製エアロスクリーンを装備したシリーズ3ボディには、3色のファイナルエディション専用のプレミアムペイント（ゴールデンサフロン、ベルデエメス、ビオラペルシファエ）が用意される。

また、特別装備としてセブン620タイプのノーズコーン、サテンブラック・ストライプ、ブラックバッジ、限定プレート、ブラックパウダーコートのフルカーペットインテリア、スポーツヘックスブラックシート（ライトグレーステッチ＋FINAL EDITION特別刺繍）、特別キー、シフトノブ、メーターを備える。

もちろん、オーナー自身の好みで車両に更なるカスタムオーダーを施すことも可能となっており、体格の大きなドライバーに対応した、ワイドなシリーズ5ボディや、シート高を約5センチ下げられるローワードフロア、13インチホイール、レースサスペンション、様々なロールバー＆ケージも用意される。

さらには通常タイプのウインドスクリーン、ソフトトップ＆ドア、カスタムカラー、デカールパック、インテリアパッケージなどのオプションを選択することもできる。

ケータハム・セブン 480 ファイナルエディションの価格は標準的な仕様で1367万3000円（税込）となっている。
AUTOCAR JAPAN（執筆）",[],[]
『ヤリス』『ヤリス・クロス』を一部改良、特別仕様車『Z ウルバーノ』発売（AUTOCAR JAPAN）,https://news.yahoo.co.jp/articles/2bbee58b6997efa035c4d98deca75e57cfdd0437,https://newsatcl-pctr.c.yimg.jp/t/amd-img/20250301-01118707-autocar-000-1-view.jpg?exp=10800,2025-03-01T08:05:00+09:00,2025-03-01T08:05:00+09:00,AUTOCAR JAPAN,autocar,AUTOCAR JAPAN,1112,"標準装備を充実させたヤリス＆ヤリスクロス
トヨタ・ヤリス・クロス Z ウルバーノ
トヨタはヤリスおよびヤリス・クロスを一部改良するとともに、Zグレードの特別仕様車『URBANO（ウルバーノ）』を設定、2月27日に発売した。
【写真】改良新型トヨタ・ヤリス＆ヤリス・クロスと特別仕様車『Zウルバーノ』 (30枚)
主な改良内容は、ETC2.0やドアミラーヒーター、スマートエントリー＆プッシュスタート、ディスプレイオーディオなどの、従来メーカーオプションであった機能・装備を標準設定として商品の魅力を向上させた。

改良されたヤリスの価格は165万7700〜277万7500円（税込）
ヤリス・クロスの価格は204万6000〜323万4,000円（税込）


●ヤリスの主な改良内容
・ETC2.0：Z、G、Uグレードに標準設定
・ドアミラーヒーター：Z、G、U、Xグレードに標準設定
・ディスプレイオーディオPlus：Zグレードに標準設定
・ディスプレイオーディオ：Xグレードに標準設定
・スマートエントリー＆プッシュスタート：Xグレードに標準設定（6速マニュアル車を除く）


●ヤリス・クロスの主な改良内容
・ETC2.0：Z、G、Uグレードに標準設定
・ドアミラーヒーター：G、U、Xグレードに標準設定
・ディスプレイオーディオPlus：Zグレードに標準設定
・ディスプレイオーディオ：Xグレードに標準設定
都会的なイメージのZ“URBANO”
トヨタ・ヤリス Z ウルバーノ
今回、ヤリスとヤリス・クロスのZグレードに新たに設定された『Z“RUBANO”』。

イタリア語で『都会的な、洗練された』を意味するURBANOの名を冠したZ ウルバーノは、車体各部にブラックカラーを用いたアイテムを採用したツートーンでコーディネイト。

ブラック可飾されたトヨタエンブレムやアウタードアハンドル、グロスブラック塗装のアルミホイールなどで、都会的で引き締まったスタイリングを実現している。

また、特別仕様車の魅力を一層引き立てるアイテムとして、『URBANO』のロゴをあしらったフェンダーエンブレム、ドアミラーステッカー、プロジェクションイルミネーション、ステアリングエンブレム、フロアマット、スカッフプレートを『Z“URBANO”セット』として販売店装着オプションとして用意している。（単品での購入も可能）

ヤリス Z “URABANO”の価格は234万7400〜288万7500円（税込）
ヤリス・クロス Z “URABANO”の価格は262万3500〜322万8500円（税込）
AUTOCAR JAPAN（執筆）",[],[]
【サブネームは空を意味】『プジョー2008シエロ ブルーHDi』149台限定で登場！パノラミックサンルーフを特別装備（AUTOCAR JAPAN）,https://news.yahoo.co.jp/articles/9d6a7de570f77db5f1bf5713a53504f2263dce56,https://newsatcl-pctr.c.yimg.jp/t/amd-img/20250301-01118631-autocar-000-1-view.jpg?exp=10800,2025-03-01T07:05:00+09:00,2025-03-01T07:05:00+09:00,AUTOCAR JAPAN,autocar,AUTOCAR JAPAN,630,"ベースモデルは2008 GTブルーHDi
限定モデルの『プジョー2008シエロ ブルーHDi』。
ステランティス ジャパンは、プジョーのコンパクトSUV、プジョー2008の特別仕様車『プジョー2008 シエロ ブルーHDi』を、2025年2月27日（木）より、149台限定で全国のプジョー正規ディーラーにて発売を開始した。メーカー希望小売価格は462万円だ。
【写真】パノラミックサンルーフを特別装備した『プジョー2008シエロ ブルーHDi』 (1枚)
『シエロ（Cielo）』はフランス語で『空』を意味する『シエル（Ciel）』からの造語で、プジョーでは過去に、オープンルーフやガラスルーフを採用して『シエロ』を名前に冠したモデルを発表し、好評を博してきた。その名前を受け継ぎ、『プジョー 2008シエロ ブルーHDi』は、『2008 GTブルーHDi』をベースに、パノラミックサンルーフを特別装備している。

ベースとなる2008 GTブルーHDiは、操舵が軽快な小径ステアリングおよび視認性に優れたメーターが特徴の プジョーi-Cockpitを搭載しており。運転席にはアルカンターラと人工皮革を組み合わせたシートを採用している。また、17インチのアロイホイールを装備し、20.8km/Lの高い燃費性能（WLTCモード）および環境性能を持つ1.5LブルーHDiディーゼルエンジンによって力強い加速感を得ることができる。
AUTOCAR JAPAN（執筆）",[],[]
【新たにスポーツエキゾーストも設定】マセラティ・グラントゥーリズモ/グランカブリオに490psモデル（AUTOCAR JAPAN）,https://news.yahoo.co.jp/articles/e215c8100bc2eb15f603ec1bf16cf100db0a244a,https://newsatcl-pctr.c.yimg.jp/t/amd-img/20250301-01118826-autocar-000-1-view.jpg?exp=10800,2025-03-01T06:25:00+09:00,2025-03-01T06:25:00+09:00,AUTOCAR JAPAN,autocar,AUTOCAR JAPAN,2196,"モデナ発
マセラティ・グラントゥーリズモ/グランカブリオに490psモデルを追加。
マセラティは、スイスで開催された「THE I.C.E. St Moritz」にて、「グランカブリオ」シリーズの新型490psモデルを公開。
【写真】特別仕様車とマセラティ・グラントゥーリズモ/グランカブリオをみる (90枚)
この490psモデルは、姉妹モデルの「グラントゥーリズモ」にも同様にラインアップに追加され、また、カスタマイズ・プログラム「フォーリセリエ」の一環として特別にデザインされた世界に1台だけの「グランカブリオ・トロフェオ “ONE of ONE - THE I.C.E.”」も披露され、注目を集めた。

マセラティのラグジュアリー・カブリオレシリーズである「グランカブリオ」に、490psのエンジンを搭載したモデルが加わり、オープンエアでのイタリアン・グランドツアラーの魅力と、ブランドの卓越したパフォーマンスが融合し、これまでにない充実したラインナップが実現したと彼らはいう。

490psのツインターボエンジン、550psのトロフェオ、100％電動のフォルゴレ（日本での発売時期は未定）、計3種のパワートレインをラインナップする。

■メーカー希望小売価格（税込）
490psの新「グランカブリオ」2363万円、490psの新「グラントゥーリズモ」税込2188万円となる。
展示された「グランカブリオ」
マセラティ・グラントゥーリズモ/グランカブリオに490psモデルを追加。
スイスのエンガディン地方にある、雪山と凍りついた湖に囲まれた「THE I.C.E.」にて展示された「グランカブリオ」は、ヴェルデ・ジャダのボディカラー、ブラックのブレーキキャリパー、そしてフロント20インチ・リア21インチのクリオ（イモラ）ダイヤモンドカットブラックホイールを装備。

インテリアにはアイスカラーのフルグレインレザーを使用し、ヘッドレストにはマセラティのトライデントロゴがあしらわれている。この展示モデルは、19 個のスピーカーを搭載したソナス・ファベールのハイプレミアムオーディオシステムや3Dカーボンファイバー仕上げ、ダークフィニッシュのアダプティブフル LED ヘッドライトを装備している。

この新型「グランカブリオ」は、スタイリッシュでありながら、卓越したパフォーマンスを発揮。洗練されたデザインのリトラクタブルソフトトップを備え、4人が快適に座れるスペースを確保。長距離移動にも最適な快適性を実現している。

490psを発生する3L V6ネットゥーノツインターボエンジンを搭載し、0-100 km/hを4秒で加速、最高速度は300km/h。全輪駆動とエアサスペンションを標準装備し、オープンエアでもグランツーリスモの精神を損なわずに、快適さを保ちながら最高のパフォーマンスを発揮する。

マセラティは常に顧客を最優先に考えており、その哲学は「グランカブリオ」シリーズにも反映される。「グランカブリオ」はカラーパレットを刷新、ヴェルデ・ジャダをはじめとした特にエレガントな色合いを追加した。

またスポーティな顧客層のニーズに応えるため、3月より、トライデントの公式ディーラーネットワークにて新しい「スポーツ」エキゾーストの注文受付を開始。

このエキゾーストは、「グラントゥーリズモ」および「グランカブリオ・トロフェオ」シリーズに、よりピュアでアドレナリンが高まるサウンドを提供し、マセラティの象徴的な要素である独特のエンジンサウンドとレーシングスピリットを際立たせるという。
「フォーリセリエ」の特別仕様車も
マセラティ・グラントゥーリズモ/グランカブリオに490psモデルを追加。
マセラティは、イタリアンラグジュアリーを象徴するブランドとして、2025年の「THE I.C.E.」にて、特別モデル「グランカブリオ・トロフェオ “ONE of ONE - THE I.C.E.”」も公開した。これは、マセラティのカスタマイズ・プログラム「フォーリセリエ」の一環として製作された特別仕様車だ。

冬の美しさをテーマにした「グランカブリオ・トロフェオ “ONE of ONE - THE I.C.E.”」は、特別に開発されたアイスリキッド・トライコートという専用のボディカラーが特徴で、この上品な三層塗装は、この車が初披露された氷の湖の風景を思い起こさせるものだ。

エクステリアをより引き立てるために、特製のバッジやグロスホワイト仕上げのコントラストが効いたサイドエアインテークを採用。さらに、アストレオデザインの鍛造ホイールとグロスブルーのブレーキキャリパーも魅力だという。

カスタマイズの仕上げとして、ブルーマリンのソフトトップを採用し、解放時には美しいアイスカラーのレザーと3Dタッチカーボンファイバー仕上げのインテリアが広がる。

雪景色の華やかさと、エンジンの響きが融合する「THE I.C.E.」は、冬シーズンにおける最も魅力的なイベントの一つで、これは単なるコンペティションではなく、文化、エンターテインメント、そして過酷な条件でのドライブを融合した唯一無二のイベントで、車の愛好家やコレクター、自動車ファンを魅了した。
AUTOCAR JAPAN（執筆）",[],[]
【グループ内で順次展開も】ステランティス　ハンズフリー/アイズオフ（SAEレベル3）機能を実現（AUTOCAR JAPAN）,https://news.yahoo.co.jp/articles/b3b0c48480191ccb3f03925d50a83e3171bdfb7e,https://newsatcl-pctr.c.yimg.jp/t/amd-img/20250301-01118801-autocar-000-1-view.jpg?exp=10800,2025-03-01T06:05:00+09:00,2025-03-01T06:05:00+09:00,AUTOCAR JAPAN,autocar,AUTOCAR JAPAN,1312,"オランダ・アムステルダム発
ステランティス、ハンズフリー/アイズオフ（SAEレベル3）機能を実現。
ステランティスは、ハンズフリー/アイズオフ（SAEレベル3）機能を実現した自動運転システム「STLA AutoDrive 1.0」を発表した。
【写真】赤字からの復帰なるか　マセラティの最新モデルをみる (55枚)
STLA AutoDriveは、STLA BrainおよびSTLA Smart Cockpitと並んで、ステランティスの技術戦略の柱であり、車両の先進技術、自動化、ユーザーエクスペリエンスを向上させ、60km/hまでの自動運転を実現し、渋滞時の運転負荷を軽減するという。

■ステランティス最高技術責任者 ネッド・キュリック
「ドライバーが時間を最大限に有効活用できるようにすることが私たちの最優先事項です。STLA AutoDriveは、所定の運転操作をドライバーに代わって行うことで、新たなドライビングエクスペリエンスを提案し、運転中の時間をより効率的で楽しいものにします」と述べている。
STLA AutoDriveとは
ステランティス、ハンズフリー/アイズオフ（SAEレベル3）機能を実現。
STLA AutoDriveは、シンプルな操作で使用することができるシステムで、交通状況と環境条件が満たされると、利用可能であることをドライバーに通知。システムを起動すると、交通の流れに合わせた車間距離、速度、ステアリング、ブレーキをシームレスに管理する。

また、高度センサーの組み合わせによって周囲を常時監視することで、夜間や厳しい気象条件下（雨天時や前走車の水しぶきなど）でも、安定した運転を保持し、他にも、自動センサークリーニングシステムにより、機能保持に重要な個所を常に清浄な状態にし、機能の信頼性を保つ。

同時にSTLA AutoDriveは、クイックで自然なレスポンスを追求したシステムで、実際の道路環境下で人間が操作しているようなスムーズな運転を実現。安全な車間距離の維持から合流支援までをシームレスに動作し、安全でストレスのない運転を提供すると彼らは述べている。

より速度域の高い領域においては、レベル2（ハンズオン）およびレベル2+（ハンズオフ/アイズオン）モードのアダプティブクルーズコントロール機能やレーンセンタリング機能が使用可能だ。

このシステムは拡張性のある設計構想に基づいてつくられており、ステランティスブランド全体に展開し、グローバル市場にも適応させることができることに加え、クラウドに接続されており、OTAアップデートによる継続的な機能更新や、リアルタイムのデータ統合によるパフォーマンスの最適化も可能にしていると彼らは強調している。

最後にSTLA AutoDriveは、今後も進化を続けるプラットフォームとして設計され、進行中の研究やその進歩によって、以下の技術が実現可能となる発展性を持つと述べている。
・高速域（最大95km/h）でのハンズフリー/アイズオフ運転
・一部モデルにおいて、オフロード走行時の自動運転機能強化
AUTOCAR JAPAN（執筆）",[],[]
