headline,mainEntityOfPage,image,datePublished,dateModified,author,media_en,media_jp,str_count,body,images,external_links
加護亜依、“超大物”の誕生会参加を報告も…　自分の写真に自虐「なんか誰すぎるw」（ENCOUNT）,https://news.yahoo.co.jp/articles/958dc3b675b6abc1d53142746b87e3da2db76296,https://newsatcl-pctr.c.yimg.jp/t/amd-img/20250424-00787122-encount-000-1-view.jpg?exp=10800,2025-04-24T21:10:00+09:00,2025-04-24T21:10:00+09:00,ENCOUNT,encount,ENCOUNT,451,"TUBE前田の「還暦チャリティーバースデーパーティー」へ
加護亜依【写真：インスタグラム（@ai.1988kg）より】
元モーニング娘。でタレントの加護亜依が24日、自身のインスタグラムを更新。大物ミュージシャンのバースデーパーティーに参加した姿をアップすると、「お顔小さい」「いつ見てもかわいい」などの声が寄せられている。
【写真】「なんか誰すぎるw」　加護亜依、自虐した大物ミュージシャンの誕生会での自分
加護は、「TUBE前田さんの還暦チャリティーバースデーパーティーへ」とつづり、ロックバンド・TUBEのボーカルである前田亘輝のバースデーパーティーに参加したことを明かした。

「会場は大盛り上がりでございました。うちの母にも聴かせてあげたかったぁ。おめでとう御座います！
#写真がなんか誰すぎるw
」

　黒い衣装に、金のネックレスを着けたゴージャス仕様の加護。投稿に対しては、「お顔小さい」「永遠に私のあこがれ!!!!」「いつ見てもかわいい」などの声が寄せられていた。
ENCOUNT編集部",[],[]
完全に別人化…激変話題の人気芸人にファン仰天　タンクトップからのぞく筋肉に「太っ！」「ムキムキや」（ENCOUNT）,https://news.yahoo.co.jp/articles/7f1a07881442557818c9bb3901e0afc6249481c3,https://newsatcl-pctr.c.yimg.jp/t/amd-img/20250424-00787342-encount-000-1-view.jpg?exp=10800,2025-04-24T21:02:29+09:00,2025-04-24T21:02:29+09:00,ENCOUNT,encount,ENCOUNT,366,"装いまで激変
コロコロチキチキペッパーズ・西野創人【写真：ENCOUNT編集部】
お笑いコンビ・コロコロチキチキペッパーズの西野創人が24日、自身のXを更新。すっかりマッチョ化した様子にファンからは驚きの声が上がっていた。
【写真】「太っ！」「ムキムキや」…別人のようにムッキムキになったコロチキ西野の最新の姿
大幅減量からマッチョ化、フィジークの大会にも参加するなどすっかり“筋肉芸人”となった西野。この日、投稿した写真でもその激変ぶりは明らかだった。

　キャップにサングラス、タックトップから露わになった両腕はすさまじい盛り上がりだ。ネックレス、ブレスレットも装着しており、キャラまで激変している。

　ファンからは「太っ！ごいごいすー！」「めちゃくちゃ素敵笑顔」「ムキムキや」などの声が寄せられていた。
ENCOUNT編集部",[],[]
元テレ東アナ、NYでの転居状況報告　“ゴージャスな振る舞い”に「めちゃくちゃかっこいい」の声（ENCOUNT）,https://news.yahoo.co.jp/articles/4d200ba5a5312a61788f07b02d549c99a151ea6f,https://newsatcl-pctr.c.yimg.jp/t/amd-img/20250424-00787187-encount-000-1-view.jpg?exp=10800,2025-04-24T20:50:00+09:00,2025-04-24T20:50:00+09:00,ENCOUNT,encount,ENCOUNT,643,"バッテリーパークで散歩
大橋未歩【写真：ENCOUNT編集部】
フリーアナウンサーの大橋未歩が24日、自身のインスタグラムを更新。新居整理を含めた近況を報告している。
【写真】「めちゃくちゃかっこいい」　元テレ東アナ・大橋未歩がNYの定番観光地を散策
大橋は2015年、10歳年下の男性と再婚。17年4月をもってテレビ東京を退社し、23年4月から夫婦でニューヨークに拠点を移した。

　大橋は「引越しからの新居整理がもうすぐ完了するのですが、とりあえず転居届を郵便局に出しに行って少しお散歩」とつづり、マンハッタンの最南端に位置し、自由の女神も見渡せるバッテリーパークでの様子をアップした。

「バッテリーパークのこの芝生、広大なのに、人が少なくて金融街とは別世界。この芝生はぐるっと柵に囲われていて、入り口が目立たないところにあるんですよね。探しているうちに、歩き疲れてあーもういいかとやや諦めたくなるくらいの距離はあり。芝生を守るための人数制限だと思いますがこの『入り口を隠しているわけじゃないんだけど、ただ目立たない』という原始的な措置が、角も立たないし結構効果があるんだなと感心してしまうのです。春ですね。お散歩にいい季節です。私はただただ太陽が好きなのでこういう日はこの上なく幸せな気分になります」

　公園の自然の中で、ベンチに座ってくつろぐサングラス姿の大橋。コメント欄では、「めちゃくちゃかっこいい」「美しい」「素敵です」などの声が寄せられていた。
ENCOUNT編集部",[],[]
「RIZIN男祭り」まで10日…緊急記者会見の実施を発表　25日午後5時からABEMAで無料生中継（ENCOUNT）,https://news.yahoo.co.jp/articles/5f6a21ccdc62b1f026f56d1ae3ea9d05e9e5b57b,https://newsatcl-pctr.c.yimg.jp/t/amd-img/20250424-00787335-encount-000-2-view.jpg?exp=10800,2025-04-24T20:39:39+09:00,2025-04-24T20:39:59+09:00,ENCOUNT,encount,ENCOUNT,439,"榊原信行CEOが何を語るのか
『RIZIN男祭り緊急記者会見』を実施することを発表【写真：(C)AbemaTV,Inc.】
格闘技イベント「RIZIN」は24日、『RIZIN男祭り緊急記者会見』を25日に実施することを発表した。5月4日に東京ドームにて開催する『RIZIN男祭り』まで10日に迫る中で、新たに何がアナウンスされるのか。当日の全試合を「ABEMA PPV（アベマ ペイパービュー）」で生中継するABEMAは、この緊急会見を午後5時から無料生中継する。
【写真】「どうみても一番可愛い」「万能すぎ」と話題に　朝倉未来の「美人マネジャー」、大会観戦ショット
緊急会見では、開催まで1週間に迫る『RIZIN男祭り』の新情報が明らかになる。ここにきて榊原信行CEOが何を語るのか、話題になりそうだ。

　またABEMAは様々なRIZINの過去大会やオリジナル番組を24時間視聴できる「RIZIN チャンネル」を同日午後5時より開設することも発表した。
ENCOUNT編集部",[],[]
人気芸人コンビ、「買い出しの小遣い100万円」の“バブリー”な過去に共演者驚嘆「ヤバい」（ENCOUNT）,https://news.yahoo.co.jp/articles/21b94410d34fa6734623407074f70bf52b112e83,https://newsatcl-pctr.c.yimg.jp/t/amd-img/20250424-00786960-encount-000-1-view.jpg?exp=10800,2025-04-24T20:31:00+09:00,2025-04-24T20:31:00+09:00,ENCOUNT,encount,ENCOUNT,1182,"『これ余談なんですけど…』に出演
トータルテンボス【写真：(C)YOSHIMOTO KOGYO CO.,LTD.】
お笑いコンビ・トータルテンボスが23日、ABC『これ余談なんですけど…』（水曜午後11時10分）に出演。いたずら動画などで大人気のYouTubeを始めたきっかけについて語った。
【動画】「凄い高級車！」「かっこよすぎ」の声…トータルテンボス藤田の新愛車
大村朋宏は「動画ってもともと結構、出してたんですよね」と明かし、相方・藤田憲右が「もともと単独ライブやって、ネタとネタの間の着替えのところで流してた」と説明。大村は「ほとんど藤田へのいたずらのVTRなんだけど。それを出してみたらウケたから」とし、約15年前に開催された短編動画で競う『S-1バトル』でも「すぐ優勝とかしちゃったんですよ。これはいいなと思ってて」と当初からの手ごたえを打ち明けた。

　当時、月間王者など賞金1000万円を計3回獲得した2人。MCのかまいたち・濱家隆一がら「（S-1を）何回か獲ってましたっけ？」と聞くと、藤田が「3回」と即答。山内健司が「（賞金は）1回1000万でしたからね」というと、藤田は「（計）3000万」と口にしてスタジオをざわつかせた。

　大村は「その1000万ってやっぱM-1（グランプリ）とか、キングオブコントと同じ額ってちょっとおかしいじゃないですか」と見解を示し、「だからすんなりと懐に入れられなくて。結構、いろんな人に散財しちゃったというか」と告白。「花火の先端を藤田さんのタバコに入れてブチュ～みたいなもの（いたずら）もあったんで。『ちょっと花火買ってきてよ』って。花火だけ買ってくれた方に100万円渡したりとか」と豪快なエピソードを披露。かまいたちは大笑いした。

　大村は「それぐらいの使い方しないと、やばいだろうって（思った）」と回想。藤田が「買い出しの小遣いが100万円」と言うと、濱家は「その使い方の方がヤバいでしょう」とつっこんだ。藤田は「そういうのがあって、『動画は向いてんな』っていうのはあった」と適性に触れた。

　ただ、いたずらを仕掛けられる側の藤田は「毎週、毎週やられるわけよ。年間で単独ライブやる時に、たまに仕掛けられる時はいいけど。義務的に毎週YouTubeで『いたずら動画』を出すみたいになって。毎週毎週やられるってなんのが『何これ？』って面白くもねえし。かけられてる側は。『もうやだ』ってなって、俺『（収益の）パーセンテージとかいらないから、もうやめさせてくれ』って。やめたかったの」と振り返った。

　大村は「藤田のいたずらが急激に減った月があって。そこから『月2回にしてくれ』みたいな」と説明。藤田は「やるんだったら月2回。それがまたもめて、今じゃ月1回になっちゃった」とああした。
ENCOUNT編集部",[],[]
真木よう子、“未読無視”の丸山隆平にお願い「友だち追加しておいて」（ENCOUNT）,https://news.yahoo.co.jp/articles/72763c0ca1c694267d8c5d2af4248d34f0e53ac9,https://newsatcl-pctr.c.yimg.jp/t/amd-img/20250424-00787297-encount-000-1-view.jpg?exp=10800,2025-04-24T20:18:10+09:00,2025-04-24T20:18:10+09:00,ENCOUNT,encount,ENCOUNT,879,"1度の共演で丸山のことが“大好き”に
ジャパンプレミアに出席した真木よう子【写真：ENCOUNT編集部】
俳優の真木よう子が24日、都内で行われた映画『金子差入店』（5月16日公開、古川豪監督）ジャパンプレミアに、SUPER EIGHTの丸山隆平とともに出席。イベント中、丸山にお願いごとをする場面があった。
【写真】「寝起きの顔が見られるなんて」…真木よう子の寝起きすっぴん姿
刑務所や拘置所に収容された人への差入れを代行する「差入屋」に焦点を当てた同作。伯父から引き継いだ店舗で「金子差入店」を営んでいる金子真司（丸山）と、その家族が巻き込まれる不可解な事件を描き、人間のおかしさと切なさ、ダークサイドから希望に満ちた光までを追いかける感動のヒューマンドラマを誕生させた。丸山は、映画『泥棒役者』以来、8年ぶりに主役を演じる。

　金子真司の妻・金子美和子を演じた真木は、撮影現場の雰囲気を聞かれると「1回共演させていただいて、丸ちゃん大好きになって友だちになった。本番のとき、丸ちゃんが見たことない顔をしていて、一瞬ハッと真木よう子に戻っちゃって『丸ちゃん大好き』と駆け寄ってしまうこともあって」と裏話を披露し、「決して完ぺきではない大人の支え合いが、すごくリアルに伝わってくる作品なので『大好きだなこの映画』って思いました」とアピールした。

　この日は、作品の内容と絡め、丸山が共演者に差入れたいものを発表。丸山は、真木に「笑いを差入れたい」と言い、「バカらしいことで笑わないといけないときってある。そういうのが必要なときに、くすっと笑える写真を送ったりしたと思います」と話した。これに真木は「1人で家にいるとぼーっとしかしないので、笑いはいいですね。大好き」と喜ぶと、この流れで「リール動画あるじゃん。丸ちゃんに送ったんだけど、一切既読にならないから、友だち追加しておいて」とまさかのお願い。丸山は「うん、わかった！」と頷き、観客を笑わせていた。

　イベントには、三浦綺羅、川口真奈、名取裕子、寺尾聰、古川監督も登壇した。
ENCOUNT編集部",[],[]
5年前に泣く泣く売却したポルシェと偶然の再会、元人気アナが感激「自分のだと、すぐに分かった」（ENCOUNT）,https://news.yahoo.co.jp/articles/895e2a5f27946759d675a50c939115935f1a0e1b,https://newsatcl-pctr.c.yimg.jp/t/amd-img/20250424-00787252-encount-000-1-view.jpg?exp=10800,2025-04-24T20:11:00+09:00,2025-04-24T20:11:00+09:00,ENCOUNT,encount,ENCOUNT,565,"現オーナーは若い夫婦
安東弘樹【写真：ENCOUNT編集部】
元TBSで現在はフリーアナウンサーの安東弘樹が24日、自身のSNSを更新。ポルシェのイベントでトークショーに参加した際に、“奇跡的な出会い”があったと報告した。
【写真】「自分のだと、すぐに分かった」…奇跡の再会を遂げた、過去の愛車ポルシェ911の写真
「先週　ポルシェ・エクスペリエンス・センター東京・PEC　にてトークショーの、お仕事をさせて頂きました」と切り出した安東。東京マラソンで先導者として使われたというBEV（電気自動車）のポルシェの写真を添えていたが、ほかにも驚きがあった。

「沢山のポルシェユーザーのお客様と楽しい時間を過ごせたのですが、奇跡的な出会いも！　3枚目の写真は、今回ご参加頂いたお客様のポルシェ911なのですが、何と！　私が5年前に泣く泣く売却した、997後期型の911カレラ4S MT、そのものだったのです」

　過去の愛車と“再会”していたのだ。「現オーナーは、小さなお子さんを連れた、若い、しかも、それはそれは穏やかで爽やかな御夫婦でした　後部シートにチャイルドシートを付けて、恐らく2歳前位のお子さんを乗せての御来場。クルマが会場に入ってきた瞬間に元自分の911だと、すぐに分かりました」と振り返っていた。
ENCOUNT編集部",[],[]
【マリーゴールド】「悔しくて仕方ない」…18歳のスーパールーキー・山岡聖怜がデビュー前から意識する選手とは？（ENCOUNT）,https://news.yahoo.co.jp/articles/b221612bfe81cbd886ca0c73288ee9a5f6dbd497,https://newsatcl-pctr.c.yimg.jp/t/amd-img/20250424-00786806-encount-000-1-view.jpg?exp=10800,2025-04-24T20:10:00+09:00,2025-04-24T20:10:00+09:00,ENCOUNT,encount,ENCOUNT,2479,"高橋奈七永には全力でプロレスに取り組んでいる気持ちを伝えたかった
山岡聖怜（左）は暁千華に強烈なライバル意識を持っている【写真：(C)マリーゴールド】
18歳の「スーパールーキー」山岡聖怜には、実はデビュー前から「意識しまくっていた」選手がいた。それはマリーゴールドの選手ではない、マーベラスの暁千華その人だ。3.30後楽園ホール大会でツインスター王座を賭けて戦った二人は、お互い「ライバル」と明言している。他団体、しかも格闘技経験のない暁に対し、スーパールーキーはなぜジェラシーを感じたのか。（取材・文＝橋場了吾）
【動画】「可愛い過ぎる」「唯一無二」の声　山岡雅弥＆聖怜姉妹のグラビア
1．3大田区大会でデビューした山岡聖怜は、わずか2週間後の1.19後楽園ホール大会でボジラ＆タンク組に勝利し、ツインスター王座を獲得した。パートナーは5.24代々木で引退することを表明している高橋奈七永。「パッション」を掲げる高橋が、最後のパートナーに山岡を指名、「パッション親子」として防衛を重ねている。

「あの試合は、途中で肩が外れちゃったんです。もともと脱臼癖はあるので……でもどうしても勝ちたいという思いで、ジャーマンが崩れたあとに体ごと覆いかぶさって。もしジャーマンが崩れたときはもう1回投げろと言われていたんですが、もう1回行く勇気がなくて強引に抑え込んで……でも奈七永さんは褒めてくれました、それでいいんだって。あれはレスリングの技術で、とっさに出たものです」

　その高橋とは4.14新宿FACE大会で初対決、前歯が吹っ飛ぶほどの強烈な張り手を食らった山岡が、高橋にもしっかりお返しをしてみせた。高橋のパートナーは、2005年に引退後に数試合しか行っていない中西百重。かつて全日本女子プロレスで「ナナモモ」として活躍していた名タッグのラストマッチに、ビクトリア弓月と組んで対戦した。

「（対角にいる高橋は）全然違いました。とにかく『ぶっ倒したい』という気持ちを伝えたかったです。全力でプロレスに取り組んでいる、この気持ちを伝えたかった。パートナーとして横に立つなら、絶対対戦はしないとだめだと思っていましたし、これが最後なのかと思うと泣いちゃいましたね。思わず（バックステージで）『今日が最後じゃありません』って言っちゃいましたもん（笑）。あと百重さんと戦うことは、本当に貴重なことで……レベチなお母さんでした（笑）。本当に勉強になるというか、現役選手よりすごいんじゃないかというレベルで……でも、頑張れば百重さんのようになれるというか、努力すればああいう選手になれるのかなと思わせてくれた試合でもありました」
※中西は4人のお子さんの母親でもある。

　4.14パッション興行でタッグを組んだスーパーフライ王者・ビクトリア弓月。ツインスター王座を賭けた試合では、山岡が弓月にフォール勝ちしているが、山岡自身は弓月のレベルに到達していないと考えている。弓月は、デビューしたての山岡についてこんなことを言っていた。

「『スーパールーキー』って言われているのはもちろん知っていて、『ああ、そうなんだ』くらいの感覚でいたんですけど、いざタッグを組んでみたら面白いなと。またタッグを組んでみたいと思わせるような選手でしたね。戦ってみると気持ちがすごく強くて、レスリングのベースもあるので新人とは思えない感じはありました。もっともっとバチバチやり合いたいですね。私は若い世代でこれからのマリーゴールドを作り上げていきたいなという思いがあるので、一緒に未来を明るくしていきたいです」

　これに対して山岡は……。

「めちゃくちゃ運動神経がいい人ってなかなかいないと思うんですけど、それが弓月さんなんですよ。だから負けたくないんですよね。弓月さんに負けたくないから、努力している部分は正直あります」
暁千華との対戦で自分に足りない部分を知って悔しかった
今後の目標も語った山岡聖怜【写真：橋場了吾】
インタビュー前編で山岡が語っていた「絶対に負けたくない選手」。それはマーベラスの暁千華だった。3.30後楽園ホール大会のセミファイナル、パッション親子の持つツインスター王座に挑戦したのは、マーベラスのエース彩羽匠とデビュー半年の暁のタッグだった。この試合で暁のポテンシャルが大爆発、山岡はもともとライバル視していた暁をさらに意識するようになった。

「私がデビューする少し前に彼女（暁）はデビューしていたじゃないですか。言葉は悪いかもしれないですけど、鼻につくぐらいすごい選手ですよ（笑）。華やかなコスチュームを着ているわけでもない、格闘技経験があるわけでもない、でもオーラが違う。もう、見ているだけで悔しいんですよ。実際に会う前から、勝手に絶対負けたくないと思っていました。海外で試合して体格もいい、不思議なオーラがあって年も近い……本当悔しいなあと思いながら筋トレを頑張りました（笑）。

　あとはマーベラスには、彩芽蒼空もいますよね。彩芽にも悔しい思いを抱いてしまうのは、暁がそばにいるからなんです。絶対成長できますもん。私、暁がいなければ天狗になっていたと思います。（3．30後楽園の）あの試合は、今までにない感情になっちゃって。暁は対抗戦とは何かが分かって立ち向かって来たんですよ。でも私は分かっていなかったのかもしれない。そこが悔しくて、自分に足りないところを痛感しましたね。だからこそ、いつかシングルで対戦したいと思っています」

　山岡はジュリアに憧れてプロレスラーになったことは、前編でも紹介したが、今後はどのようなプロレスラーになりたいと思っているのだろうか。

「ジュリアさんが目標ではなく、ジュリアさんを超えたい。ジュリアさんの前には、超える自信のある状態で戦いたいです。そのためにも、今戦うのではなく、努力し続けて戦えるときに。そして、女子プロレス界だけでなく、プロレス界全体を引っ張っていく存在になりたいと思っています」
橋場了吾",[],[]
洗濯物は2週間干しっぱなし　人気女性芸人の私生活にMC驚き　服は「どんどん買い足し。タンクトップは40枚」（ENCOUNT）,https://news.yahoo.co.jp/articles/38de7522a1f442fb43f38e3a979a690132e88174,https://newsatcl-pctr.c.yimg.jp/t/amd-img/20250424-00787215-encount-000-1-view.jpg?exp=10800,2025-04-24T19:50:00+09:00,2025-04-24T19:50:00+09:00,ENCOUNT,encount,ENCOUNT,669,"家事代行サービスを2週間に1回依頼
紅しょうが・熊元プロレス【写真：ENCOUNT編集部】
お笑いコンビ・紅しょうがの熊元プロレスが23日、日本テレビ系『上田と女が吠える夜』（水曜午後9時）に出演。家事代行サービスを利用したことによる、思わぬ弊害を明かした。
【写真】「めちゃくちゃ良いお顔」と注目　紅しょうが・熊元プロレスの担当ホスト
番組では「ズボラに暮らす女と丁寧に生きる女」をテーマに大激論。熊元はズボラ派で、丁寧派の相方・稲田美紀が「家がちゃんと汚くて。YouTubeの企画で掃除しに行ったりするんですけど、アメピンとか小銭とか領収書とかティッシュが普通に落ちてるんですよ」とバラした。

　現在は、その家から引っ越したそうで、熊元は「家事代行サービスを2週間に1回、頼むようにしてる」と発言。「その方が洗濯機も5～6回、回してくれて、干してくれて。床とかも全部きれいにしてくれる」と感謝し、「2週間後、（家事代行サービスが）来たら干したやつがそのままあるので、それを直してもらって……」と続けた。

　これにMCのくりぃむしちゅー・上田晋也が「取り込まないのか？」と驚くと、熊元は「（家事代行サービスを）固定にしたことで、絶対に来てくれる安心感で……」と説明。「足りなくなりません？　服が」との質問には「だから、どんどん買い足すんで。パンツとか今、50枚くらい。ブラジャーも20～30枚、タンクトップとかも40枚くらいある」と告げ、上田が「タンクトップ40枚持ってる女子とかいる？」と呆れる場面もあった。
ENCOUNT編集部",[],[]
冨岡愛、“今”を体現した初の東名阪ツアーが幕　サプライズでアジアツアー開催も発表（ENCOUNT）,https://news.yahoo.co.jp/articles/e8c11c53755eb74e218d4319dc55e8b10a8f368c,https://newsatcl-pctr.c.yimg.jp/t/amd-img/20250424-00787294-encount-000-1-view.jpg?exp=10800,2025-04-24T19:43:55+09:00,2025-04-24T19:43:55+09:00,ENCOUNT,encount,ENCOUNT,3368,"11月の神奈川・KT Zepp Yokohama公演も発表
東名阪ツアーのファイナル公演を行った冨岡愛【写真：umihayato】
シンガー・ソングライターの冨岡愛が23日、東京・恵比寿LIQUIDROOMにて、東名阪ツアー「Let’s meet on the Dance Floor」のファイナル公演を開催した。約800人の観客が詰めかけた会場は熱気に包まれ、冨岡の今を体現するようなステージに、終始大きな歓声と拍手が送られた。
【写真】冨岡愛、東名阪ツアー「Let’s meet on the Dance Floor」恵比寿LIQUIDROOMの様子
今回のツアーは、冨岡にとって初の東名阪ツアー。13日の名古屋公演を皮切りに、大阪、そして東京と各地を巡った。2024年1月からは4か月連続でデジタルシングルをリリースし、ツアーではその楽曲が次々と披露され、ファンの期待に応える形となった。注目の高まりを感じさせる中、ツアーファイナル当日には、4か月連続リリースの締めくくりとなる新曲『New Style』が配信スタート。幼少期を過ごしたオーストラリアでの経験をもとに、英語詞でつづった同曲は、現地のプロデューサーTaka Perryとともに制作されたもので、冨岡のルーツと今をつなぐ1曲としてファンの間でも大きな反響を呼んでいる。

　会場が暗転し、どこか懐かしさを帯びた80年代風のSEが流れる中、ステージに浮かび上がるシルエット。ひときわ大きな歓声が上がると、冨岡が登場。エレキギターを手にしながら披露した1曲目『ジェラシー』から、フルバンドによる重厚なサウンドと彼女の力強いボーカルで一気に会場の熱を引き上げた。

　続く『愛 need your love』では、「東京ファイナル盛り上がっていきましょう！」と叫びながら、観客を巻き込み一体感を演出。ライブ定番の盛り上がり曲に、客席も手を上げて応える。3曲目の『あなたは懐メロ』は、冨岡が22年に初めて世に送り出した、原点とも言える楽曲。アコースティックギターを抱えて歌うその姿からは、音楽に向き合い続ける彼女の芯の強さが垣間見えた。

　最初のMCでは、「改めまして『Let’s meet on the Dance Floor』東京ファイナル公演に会いにきてくれてありがとうございます！　冨岡愛です！」と元気にあいさつ。満員の会場からは大きな拍手と歓声が送られた。「あっという間にファイナル！」とツアーの終わりを惜しみつつも、「最高の夜にしたい」と満面の笑みで語るその姿に、ステージへの意気込みがにじむ。

　続けて「初めて来た人？」と客席に問いかけると、想像以上に多くの手が挙がる。彼女の音楽がいま確実に広がり、多くの人々の心に届きはじめていることを象徴するような光景だった。

「知ってる曲があれば一緒に歌ってほしいし、最後までこのダンスフロアを楽しんでいってくれたらうれしいです！」と笑顔で呼びかけ、GLOBAL WORKのTVCMタイアップソングに起用された『かろやかに』を披露。軽やかで心地よいサウンドに包まれながら、客席も自然と体を揺らし、リズムに身を委ねていた。

　そのまま4か月連続配信企画の第1弾としてリリースされた『劣り』を披露。この楽曲は「自分が自分の味方でいてあげられるように」という思いが込められている。「劣っても 劣っても 踊りたい」というフレーズは、彼女自身が抱えてきた葛藤を肯定しながらも、前へ進もうとする意志を象徴しており、オーディエンスの心にも響き渡る。

　その後は『ぷれぜんと。』『ラプンツェル』を立て続けに披露。丁寧に言葉を紡ぎながら歌う彼女の姿に、会場全体が深く引き込まれていき、観客はその歌声にじっと耳を傾けていた。
ラストではサプライズでアジアツアーの開催が発表された【写真：umihayato】
後半のMCでは「このツアーで毎回みんなに聞いてることがあるんです」と切り出し、恒例の“どこから来たの？”コーナーへ。岩手、島根、鹿児島、沖縄、そしてインドネシア、ソウル、ハワイ、ポーランド、ドイツと、世界各地から集まったファンとのやりとりに、会場は国境を越えた温かい一体感に包まれた。「タリマカシ！」「アロハー！」「グーテンモルゲン！」などと、冨岡がそれぞれの国の言葉で応え、会場には笑顔が広がり、観客との絆をさらに深めていった。そして、今年3月に初のカバーリリースとなった『強く儚い者たち』を披露。この曲はドラマ『HEART ATTACK』の主題歌に起用され、Coccoが1998年にリリースした名曲のカバー。原曲への深いリスペクトと、自身の解釈を織り交ぜたパフォーマンスは、オーディエンスの心に深く響き、会場を静かな感動で包み込んだ。

　そのあと幼少期～中学生まで過ごしたオーストラリア時代の、幼なじみである親友と別れのストーリーを語り、「みんなにとっても大切な人を思いながら聞いてくれたらうれしいです」と、『Star空（Acoustic ver.）』をアコースティックギター一本でしっとりと歌い上げる。

　その直後にはバンドセッションで会場の熱を再び上昇させ、『アイワナ』『PSYCHO』『missing you』と立て続けに披露。ジャンルを横断するような多彩な表現で観客を魅了し続けた。

　本編終盤のMCでは、自身の祖父母について「今年で付き合って70年目になる」と語り始め、高校時代から一緒に歩んできた2人の姿を見て、「ずっと一人の人と一緒にいるのは本当にすごいこと」と改めて感じ、「愛することって何だろう」と思うようになったと話す。祖父母と旅行した際に2人の姿を動画で撮影し、その動画を自分の曲に合わせてTikTokに投稿したところ200万回再生を記録。「TikTok最年長カップル」と話題になっていたというエピソードを話し始め、動画のコメント欄には「こんな風になりたい」「元恋人とこういう関係になれていたら」など、多くの人の本音があふれており、それを見て「みんな不安定な日々の中でも、諦めずに人を愛そうとしてるんだな」と感じたと語る。

「次の曲も、みんな不安定な毎日の中、何があるわからないけど、この人とずっと一緒にいたら『Maybeが繰り返されるけど、いつかmust beになれたらいいな』と思いながら聞いてくれたらうれしいです」と、その想いを込めて『MAYBE』を届け、あたたかなメロディーとともに観客の心を優しく包み込んでいった。

　クライマックスでは、SNS再生数6億回を超える代表曲『恋する惑星「アナタ」』を観客と一緒に大合唱し、ライブは最高潮へ。

　最後のMCでは、「新生活、つらいこともあると思うけど、それぞれのダンスフロアを精一杯踊っていこう」と語り、リスナーに寄り添う姿勢を改めて見せた。冨岡自身が悩みながらも前を向く姿勢が多くの共感を呼んでいる理由そのものだと感じさせられる場面だった。

　本編ラストは、ライブ当日配信リリースとなった英語詞の新曲『New Style』。ルーツであるオーストラリアのプロデューサーTaka Perryと共作した、意欲作で、国境を越えて広がる彼女の音楽の可能性を提示した。

　そして、ラストの『グッバイバイ』を熱唱したあと、「Zepp Yokohamaで次は会いましょう！」と叫び、サプライズで、アジアツアー＆11月に神奈川・KT Zepp Yokohama公演を開催することが発表され、会場は驚きと喜びに包まれた。
冨岡愛『New Style』ジャケット
○4月23日「Let’s meet on the Dance Floor」＠恵比寿LIQUIDROOM
1.ジェラシー
2.愛 need your love
3.あなたは懐メロ
4.かろやかに
5.劣り
6.ぷれぜんと。
7.ラプンツェル
8.強く儚い者たち
9.Star空 (Acoustic ver.)
10.アイワナ
11.PSYCHO
12.missing you
13.MAYBE
14.恋する惑星「アナタ」
15.New Style
16.グッバイバイ
ENCOUNT編集部",[],[]
米サンフランシスコで自動運転カーを体験「快適といえば快適」　ネットは驚き「見てるだけでドキドキ」（ENCOUNT）,https://news.yahoo.co.jp/articles/d466e3586629ef3e83c0abdbc0fc43d2beba61ba,https://newsatcl-pctr.c.yimg.jp/t/amd-img/20250424-00787072-encount-000-4-view.jpg?exp=10800,2025-04-24T19:31:00+09:00,2025-04-24T19:43:47+09:00,ENCOUNT,encount,ENCOUNT,509,"古市氏がレポート「日本でも実験を進めてるけど、まずはライドシェアだよね」
古市憲寿氏（2016年撮影）【写真：産経新聞社】
社会学者の古市憲寿が24日、自身のXを更新。滞在中の米サンフランシスコで実際に乗車した自動運転カーの感想をつづっている。
【動画】「見てるだけでもドキドキ」…古市氏が後部座席で体験した自動運転カーの映像
未来を感じさせる映像だ。「夜中のラジオなのにネットニュースになってたみたいで色々と感想もらう」とラジオでの発言がネットニュースで配信していたことに触れつつ、現在滞在中のサンフランシスコで体験した自動運転カーについてつづった。

「こちらはサンフランシスコで自動運転カーに乗ってる。運転手さんがいないのは快適といえば快適。日本でも実験を進めてるけど、まずはライドシェアだよね。。。」

　実際に乗車している風景を動画付きで投稿しているが、運転手はおらずハンドルが自動で動いている。

　この投稿にフォロワーからは「本当に自動運転で運転手さんいないんですね…ドキドキしちゃうな」「古市さん後部座席に乗ってるの!?」「見てるだけでもドキドキ」などのコメントが寄せられていた。
ENCOUNT編集部",[],[]
SUPER EIGHT・丸山隆平が思わず「ください！」　500～600万円する寺尾聰のビンテージベースに大興奮（ENCOUNT）,https://news.yahoo.co.jp/articles/e33e7256ffb9c05526c203fa38126c05ffdd85fb,https://newsatcl-pctr.c.yimg.jp/t/amd-img/20250424-00787258-encount-000-2-view.jpg?exp=10800,2025-04-24T19:05:55+09:00,2025-04-24T19:06:22+09:00,ENCOUNT,encount,ENCOUNT,904,"寺尾は丸山のベースを絶賛「なかなかにいい」
ジャパンプレミアに出席したSUPER EIGHT・丸山隆平【写真：ENCOUNT編集部】
SUPER EIGHTの丸山隆平が24日、都内で行われた映画『金子差入店』（5月16日公開、古川豪監督）ジャパンプレミアに、共演の真木よう子、三浦綺羅、川口真奈、名取裕子、寺尾聰、メガホンを取った古川監督とともに出席。作品の内容にちなみ、丸山が共演者に差し入れたいものを発表した。
【写真】「寝起きの顔が見られるなんて」…真木よう子の寝起きすっぴん姿
刑務所や拘置所に収容された人への差入れを代行する「差入屋」に焦点を当てた同作。伯父から引き継いだ店舗で「金子差入店」を営んでいる金子真司（丸山）と、その家族が巻き込まれる不可解な事件を描いた。丸山は、映画『泥棒役者』以来、8年ぶりに主役を演じる。

　丸山は過去、酒場で周囲の人を巻き込んで30分ほどのエチュード芝居をしたことがあるそうで、同席していた古川監督はその芝居欲に衝撃を受けたという。丸山は「もちろん今もなんですけど、その時期はお芝居欲が半端なくて。酒場でかってに（芝居を）始めていた」と回顧した。古川監督からは「ベロベロに酔っ払いながら30分やっていました」と暴露があった。

　作品の内容と絡め、この日登壇したキャスト陣に丸山が差入たいものを発表する場面も。寺尾には、自分が使っているメインベースを差し入れたいとのことで、これに寺尾は「中学3年生から持っているやつで、ビンテージ。ハカランダっていうとっちゃいけないものを使っているから、売ると5、600万はする」と自身のベースの価値を明かした。これに丸山は「ください！」と絶叫すると、寺尾は「あげられません（笑）」ときっぱり。

　続けて「ベースを弾く俳優ってほとんどいない。みんな頭のおかしいやつばっかり。ベースを弾きながら歌うのは非常に難しいので、まともに歌えない」と難易度を説明すると、「彼（丸山）のステージをテレビで見た。なかなかにいい」と絶賛。さらに「俳優業を続けてくれるともっといいなと期待しています」とエールを送っていた。
ENCOUNT編集部",[],[]
生見愛瑠、日本語吹き替え初挑戦　カラオケボックスで猛特訓も“アドリブ”シーンに「パニックになりました」（ENCOUNT）,https://news.yahoo.co.jp/articles/2acec077e6fb9c2b5c1c73cdd37e2086bacdc672,https://newsatcl-pctr.c.yimg.jp/t/amd-img/20250424-00787277-encount-000-1-view.jpg?exp=10800,2025-04-24T18:48:49+09:00,2025-04-24T18:48:49+09:00,ENCOUNT,encount,ENCOUNT,1128,"本家エマ・マイヤーズからのサプライズに感動「めっちゃ元気が出ました」
公開前日3D吹替プレミアに登場した生見愛瑠【写真：ENCOUNT編集部】
俳優の生見愛瑠が24日、都内で行われた映画『マインクラフト／ザ・ムービー』（4月25日公開）の公開前日3D吹替プレミアに、声優の山寺宏一、安元洋貴、お笑いタレントの狩野英孝、YouTuberのHIKAKINとともに出席した。
【写真】「美しすぎる」「大人っぽい！！」とファン絶賛　生見愛瑠が公開したタイトなドレス姿
大人から子どもまで世界中で絶大なる人気を誇る、“マインクラフト”（通称：マイクラ）を実写映画化した本作。謎のキューブの力で、すべてが四角形でできた異世界に転送されてしまった非リア充なギャレット、ナタリー＆ヘンリー姉弟、ドーンの4人。そこはイメージしたものを何でも創り出せる不思議な世界だった。先住転送民のスティーブが現れて色々教えてくれるなか、四角いモンスター達が次々と迫り来る。創造力を駆使してマイクラ世界をサバイバルする姿を描く。

“マイクラワールド“で冒険を繰り広げるナタリー役を演じる生見は、日本語吹き替え初挑戦となった本作へのオファーを受けた際の心境を尋ねらると「すごく難しいお仕事をいただいて、ありがたいなと思ってぜひ挑戦したいと思ったんですけど、やってみると難しすぎて、（声優の）みなさんすごいなって勉強になりました」と尊敬の眼差しで山寺らを見つめ、「すごく体力のいるお仕事なんだなと思いました」と吐露した。

　また、生見が事前に練習を積んで本番に臨んだということが話題に上ると、生見は「本当にプレッシャーすぎて、最初にデモみたいなものをもらったので、大きい声を出してもいいようにカラオケに行って、マネジャーさんに相手役をやってもらって練習しましたね」と打ち明け、アフレコ時の思い出を聞かれると「ずっと戦っているので全部が印象的だったんですけど、“アドリブ”って書いてあるシーンとかもあったりして、“アドリブってどうやってやるんだろう”ってめちゃくちゃパニックになりました」と回顧。

　そんな生見の演技について、山寺は「ナタリーそのもので、相当難しいからどうやってやるんだろうって思っていたら、吹き替え版を見て“えっー！”ってびっくりして。本当にすごい。ガチで！」と大絶賛し、生見を喜ばせた。加えて、本家のエマ・マイヤーズから生見へ「私の声を担当しくれてありがとう。きっと私よりすてきな声ね。最高だったでしょ。難しい役だけどあなたなら大丈夫！」とサプライズメッセージ映像が届くと、生見は「ありがたいです。光栄です。めっちゃ元気が出ました」と感激していた。
ENCOUNT編集部",[],[]
狩野英孝が大焦り、地元の大先輩と“衣装被り”　生見愛瑠も驚き「これってありなんだ」（ENCOUNT）,https://news.yahoo.co.jp/articles/43185f0051b338db6eed8e2a985a0d5f12db6d1e,https://newsatcl-pctr.c.yimg.jp/t/amd-img/20250424-00787256-encount-000-1-view.jpg?exp=10800,2025-04-24T18:32:52+09:00,2025-04-24T18:32:52+09:00,ENCOUNT,encount,ENCOUNT,1375,"超人気作の日本語吹き替えオファーに疑心暗鬼「3％くらいドッキリかなと」
公開前日3D吹替プレミアに登場した狩野英孝【写真：ENCOUNT編集部】
お笑いタレントの狩野英孝が24日、都内で行われた映画『マインクラフト／ザ・ムービー』（4月25日公開）の公開前日3D吹替プレミアに、声優の山寺宏一、安元洋貴、俳優の生見愛瑠、YouTuberのHIKAKINとともに出席した。
【写真】「美しすぎる」「大人っぽい！！」とファン絶賛　生見愛瑠が公開したタイトなドレス姿
大人から子どもまで世界中で絶大なる人気を誇る、“マインクラフト”（通称：マイクラ）を実写映画化した本作。謎のキューブの力で、すべてが四角形でできた異世界に転送されてしまった非リア充な4人。そこはイメージしたものを何でも創り出せる不思議な世界だった。先住転送民のスティーブが現れて色々教えてくれるなか、四角いモンスター達が次々と迫り来る。創造力を駆使してマイクラ世界をサバイバルする姿を描く。

　危険たっぷりな世界「ネザー」からの刺客である四角いブタ・ピグリン軍団の将軍チャンガス役の日本語吹き替えを担当した狩野は、冒頭のあいさつで「日本語吹き替え版を初挑戦させていただきましたけど、大好きなマイクラで普段からゲームをやらせていただいているんですけど、この世界に入れたという感動。ひと言ひと言感動しながらせりふを言わせていただきました」と目を輝かせたが、MCから山寺と服が被っていると指摘されると「すいません……！　地元の大先輩と」と大焦りしたが、山寺は「今日は宮城県はブルーで行こうと。これで行こうと県人会でそういう連絡をしました」と冗談を言ってフォロー。しかし生見から「これってありなんだって、後ろから見て思いました（笑）」と笑われると、狩野は「こういうステージが初めてなもので。すみませんでした」と謝罪した。

　改めて、本作の声優オファーに狩野は「3％くらいですけどドッキリかなと思いました。現場がビルの3階くらいだったんですけど、落とし穴だったら1階まで落ちなきゃいけないのかなって思ったりもしたんですけど、僕が吹き替えを入れる前に先輩たちの声が入っていて、確信に変わりました」と晴れやかな表情を浮かべたが、山寺から「まだわからないよ」と声をかけられると、狩野は「みなさん聞こえます？　（足元が）ギシギシいうんですよ」と不安げな表情を浮かべた。

　さらに、狩野がチャンガス役に似ているという声が飛ぶと、狩野は「敵のリーダーとお伺いしていて、野太い声とかおどろおどろしい声を出さないといけないのかなと覚悟していたんですけど、当日聞いたらチャンガスはマイペースで、抜けていて、ポンコツで、一切役作りなしで行かせていただきました（笑）。すげーやりやすかったです」と打ち明け、そんな狩野の演技について山寺は「本当に英孝ちゃんが大好きで、1番よかったのは『ほ～ら！』というところ」とコメントし、狩野から「それは『（千鳥の）クセスゴ！』のほうです」と突っ込まれると、山寺は「大好きなんです。元気がないときに英孝ちゃんのクセのスゴい歌を聞いて元気になるというのをやっていて、今日も10回くらい聞きました」と告白。演技については「そのまんまがぴったりでした」と絶賛した。
ENCOUNT編集部",[],[]
リサイクルショップで100円で購入→6万円に　掘り出し物発掘した目利きにネット騒然「夢がある」「すごい幸運」（ENCOUNT）,https://news.yahoo.co.jp/articles/5648199005e92e62c9288cf5f4fe4d2b24416446,https://newsatcl-pctr.c.yimg.jp/t/amd-img/20250424-00787054-encount-000-6-view.jpg?exp=10800,2025-04-24T18:14:21+09:00,2025-04-24T20:43:00+09:00,ENCOUNT,encount,ENCOUNT,1486,"バーナーによる熱処理や電子スケールでの比重測定により、18金であることを確信
「100円」の値札がついた、18金と思われる指輪【写真：亡国の大和（@boukoku0609）さん提供】
さまざまなものがお手頃な価格で手に入るリサイクルショップで、18金の指輪を100円で購入したという投稿が、ネット上で話題を呼んでいる。トランプ政権による政策の不透明感から、安全資産として価格が高騰し史上最高値を更新中の金。何とも夢のある掘り出し物を発掘した投稿者の亡国の大和（@boukoku0609）さんに、詳しい経緯を聞いた。
【写真】「これを見れば金であるとわかってもらえるはず」熱処理による検証画像
「は？！？！　ふぁ？！？！　色味や重さが真鍮やメッキじゃねぇと思ったらやっぱりk18だ！！　俺ってやっぱり剛運の持ち主だわ」

　今月20日、SNS上に投稿された写真には、「アクセサリー　税抜100円（税込110円）」の値札がついた金色に輝く指輪が収められている。続く投稿では「炙った後の画像です。
これを見れば知識ある方や宝飾業携わってる方であればこれが金であるとわかってもらえるはず」「比重ですが、こちらになります。4.33÷0.26=16.65　K18の比重が16.03～17.11なので、間違いなく18金ですね」など、バーナーによる熱処理や電子スケールでの比重測定により、18金であることを自己鑑定した結果が写真とともにつづられている。

　一連の投稿には「すごい幸運の持ち主！　羨ましいです！」「18金が100円！？」「目利きやばい」「どうやったら判別できるんですか？」「K18って刻印されてるから本物だね」「運じゃなくて貴方の鑑定眼。おめでとう」「私も以前、カルティエの置き時計を数百円で買いました」「夢があるなあ」「こーゆう宝探しみたいなのワクワクしますよね！！」など、驚きの反応が寄せられている。

　大学生で、趣味でジュエリーやペーパークラフトを作っているという投稿者。普段から金を扱っており、目利きにはそれなりの自信があるという。「リサイクルショップ巡りが好きで、今回のようなお宝を日々探しております。イミテーションコーナーで1つだけ色味の異なる指輪を見て気になったので、手に持つと真ちゅうやメッキではあり得ない重さで直感的に金だと分かったので、すぐさま購入しました。18金であることを示す『K18』の刻印があり、鋳造の精密さを見ても金で間違いないと感じました」と購入の経緯を語る。

　購入後はバーナーであぶり、金ロウ材が溶けたことから金で間違いないと確信。専門家による鑑定は行なっていないものの、電子スケールによる比重測定でも金であることを示す数値が計測されたという。現在の金の価格レートでは5万4500円、デザインなどの加工代を考慮すれば約6万円ほどの値がつく可能性があるといい、「しばらく金相場を見ながら、将来的には換金しようかと思います」と勘案する。

　一連の反響について、投稿者は「たまに今回のようなお宝を見つけることがあるので、今回も軽い気持ちで投稿したところとてつもない反響がありびっくりしました。やはり金は価格高騰もあり皆さん注視しているんだなと思いました。偽物だと信じて疑わない方や、夢がある！　と僕のように中古ショップ巡りを始めようとする方など、さまざまな意見があり面白かったです。ただ、骨董（こっとう）や中古には偽物も多数ありますので、お宝探しは自己責任でお願いしたいですね」と話している。
ENCOUNT編集部／クロスメディアチーム",[],[]
タイムマシーン3号・山本、“噂”のタレント母とは「別に何もない」と断言　「にこるんは『いいよ』って許してくれてます」（ENCOUNT）,https://news.yahoo.co.jp/articles/b5a8fa6104b1da124e9ea44244f1336f4e75c5ec,https://newsatcl-pctr.c.yimg.jp/t/amd-img/20250424-00786977-encount-000-1-view.jpg?exp=10800,2025-04-24T18:05:19+09:00,2025-04-24T18:05:19+09:00,ENCOUNT,encount,ENCOUNT,976,"『これ余談なんですけど…』に出演
タイムマシーン3号の山本浩司【写真：ENCOUNT編集部】
お笑いコンビ・タイムマシーン3号が23日、ABC『これ余談なんですけど…』（水曜午後11時10分）に出演。山本浩司が、藤田ニコルの母親との“関係”について明かした。
【写真】タイムマシーン3号・山本浩司がかねてから交流のある藤田ニコルの母
ライブの女性ファンについて、相方・関太が46歳・独身の山本ファンが増えたと告白。流れでMCのかまいたち・濱家隆一が「にこるん来た時に、『（山本が）にこるんママとデートしたんですよ』みたいな話してたけど、あれは続きどうなってるんですか？」と質問した。

　山本は、かねて交流のある藤田ニコルの母はファンで太田プロライブに来ていたとした上で、「一緒にback numberのライブとか2人で見に行ったりとか。お友達として、にこるの母ちゃんが車で俺ん家に迎えに来て、2人でコーヒー買って」と説明した。関から「いってる感じの濁し方」と指摘された。山本は「その後、普通にお酒飲み行って解散みたいなことを何回か繰り返してるっていう」と話した。

　濱家から「今は別にそんなに連絡取ったりとかは」と聞かれ、「今も連絡取ってますよ。はい」と返答。トータルテンボス・藤田憲右が「関係はありますよっていうのを言ってよ。あったんでしょう」と尋ねると、山本は「ないです。ただ、にこるんにも一応、許可は取ってます、もう。そういう（ことに）なってもというか。にこるんは『いいよ』って許してくれてます。だけど、別に僕らは何もないです」と打ち明けた。

　山内健司は「『僕ら』って言ってる」と指摘した。笑いが起きる中、山本は「僕はいいですけど、彼女のことはあまり聞かないでほしい」と乗っかった。トータル藤田が「この感じなんなんだろう」と戸惑うと、山本は「これ以上、詮索してほしくないですね。一般の方なんで」と守る姿勢を見せた。

　トータル藤田は「（ピース）綾部（祐二）とおかみさん（藤田紀子）のを思い出す」と発言。スタジオは爆笑に包まれ、山本は「よく覚えてますね。そんなの」と反応。山内は「久しぶりに思い出しましたよ。あれ以来、1回も思い出してなかった」と目を輝かせた。トータル藤田は「あの感じよ、でも」と最後まで仲を疑った。
ENCOUNT編集部",[],[]
日本で5kg4000円のコメ、米スーパーの価格に「なんで？」　ネット憤慨「なんなのこれ！」（ENCOUNT）,https://news.yahoo.co.jp/articles/f2a4b7122777d15152645637071d2436b8f306f1,https://newsatcl-pctr.c.yimg.jp/t/amd-img/20250424-00787247-encount-000-4-view.jpg?exp=10800,2025-04-24T17:44:05+09:00,2025-04-24T18:40:31+09:00,ENCOUNT,encount,ENCOUNT,597,"現地在住の日本人が「今朝スーパー行った時撮った写真」投稿
米国で日本のお米が安く買えるとネットで話題（写真はイメージ）【写真：写真AC】
全国的な米不足で、価格高騰が深刻化している一方で、米国では日本のお米が安く買えるとネット上で話題を呼んでいる。5キロが20.99ドル（約3000円）で売られた写真が拡散され、「なんで？」「なんなのこれ！」などと怒りの声が上がっている。
【写真】「なんなのこれ！」「ありえない！」…実際に米国のスーパーで山積みされている日本米の様子
海外のスーパーに日本の米が山積みになっていた。「今朝スーパー行った時撮った写真。\2850くらいだね。安い、、」としてXに投稿したのは、米ロサンゼルス在住で現役警察官、登録者数25万人超のYouTuber・ゆりだった。

　滋賀県産のこしひかりや、北海道産のななつぼしなど日本の米が山積みになっているのが確認できる。

　日本のスーパーの米の価格は5キロで4000円を超えており、ユーザーは「なんで海外のが安いんよ」「なんなのこれ！」「4万円の補助金が効いてんなぁ～」「あり得ない値段だわ！」「これは異常な事態です！」などと衝撃を受けていた。

　一方で、「安いですが精米日が…」「安いちゃ安いけど、精米した日をみるとそんなもんじゃ無いかな？　2か月も過ぎてたら日本じゃ売れないしね」などの声もあった。
ENCOUNT編集部",[],[]
西川のりお、『THE SECOND』で優勝候補に指名したコンビは？　決勝8組で異色「爆発力でいったら怖い」（ENCOUNT）,https://news.yahoo.co.jp/articles/2694aba3f2f634604eeb2eec5956721807bf44ea,https://newsatcl-pctr.c.yimg.jp/t/amd-img/20250424-00787239-encount-000-1-view.jpg?exp=10800,2025-04-24T17:10:41+09:00,2025-04-24T17:10:41+09:00,ENCOUNT,encount,ENCOUNT,1382,"“盟友”に期待「ひょっとしたら、ひょっとしたらよ」
西川のりお・上方よしおの西川のりお【写真：(C)YOSHIMOTO KOGYO CO.,LTD.】
ベテラン漫才コンビ、西川のりお・上方よしおの西川のりおが24日、ABCラジオ『ますだおかだ増田のラジオハンター』（木曜正午）に出演。結成16年以上による漫才賞レース『THE SECOND～漫才トーナメント～2025』（5月17日、グランプリファイナル）の優勝候補として、1980年代初頭の漫才ブームをともにけん引した1972年結成のザ・ぼんちを挙げた。ファイナリスト8組はほんちのほか、マシンガンズ、モンスターエンジン、金属バット、吉田たち、囲碁将棋、はりけ～んず、ツートライブ。
【写真】西川のりおが優勝候補に指名したコンビ
のりおは「わが盟友のザ・ぼんちも（残ってる）。頑張ってもらいたい」とエールを送りつつ、「優勝もしてもらいたい言うたらね、片方だけ応援したら、結構、難しいのは囲碁将棋も親しいし。吉田たちも金属バットも頑張ってほしい」と親交あるコンビを気遣った。

「審査員の人が困る思うのが、ぼんちが抜群の知名度がこの中ではあるわけ。いうても時代を築いた人間やから。笑わし方も違うからね。どうしても『ほかの7組と同じように見ろ』っていうのができるのかな思って、そこを危ぐするのよ」といい、「やっぱりぼんちの場合、テクニック的にも笑いの転がし方いうか持って行き方もすべて知ってるのは、これ当たり前の話やからね。芸歴16年超えて、いま脂のってる言うても、50年からやってる人間と違うわね。いろんなこと経験してるから。（審査は）難しいんちゃうかな」と思いを明かした。

　ますだおかだ・増田英彦は「審査員の方も、この賞に関してはお客さん。お客さんもザ・ぼんち師匠の世代のお客さんじゃない」と超大御所が有利とはいえないという見方のようだった。のりおは審査員を10代から年代別に振り分けることで平等になると提言した。

　優勝について、のりおは「占うわね。囲碁将棋かぼんちや」と2強を指名すると、「ひょっとしたら、ひょっとしたらよ。（優勝は）ぼんちが持って行きよるかもわかれへん」と、ぼんちおさむと里見まさとの72歳コンビの栄冠を予想した。「これは別に仲間意識あるんちゃうよ」と言うと、「変な言い方やけど、ぼんちは目いっぱい来よる思うねん。爆発力でいったら怖いからね」と話した。

「囲碁将棋は確実に勝ってきてんのよ。確実に勝ってきてるとこで、変な計算よりも『最後はやるだけやったろう』と、今まで50年以上やったキャリアの芸をぶつけて来られたらね、やっぱりちょっと勝たれへんところもあるからね。（ぼんちは）いろんな舞台踏んできとるから」とぼんちの優位さを解説。「組み合わせで、最初か最後かわかれへん。例えば、ぼんちと囲碁将棋が当たったら、これが一番のカードやと思う」と対決すれば“事実上の決勝戦”になるとした。

　また、3月の出演時に元オセロ・中島知子との関係性が話題になったのりおに対し、増田は「のりお師匠は囲碁将棋が好き。オセロよりも囲碁将棋が好きなんですね。オセロよりも囲碁とか将棋が好きなんですね」といじると、のりおは「もう（その）話、終わったんちゃうの」とたじたじになっていた。
ENCOUNT編集部",[],[]
KinKi Kids、サブスク解禁を発表　全356曲を5月5日より世界同時配信（ENCOUNT）,https://news.yahoo.co.jp/articles/c3aef0244d8e27e898c35e423b74d277946858bb,https://newsatcl-pctr.c.yimg.jp/t/amd-img/20250424-00787016-encount-000-2-view.jpg?exp=10800,2025-04-24T16:51:00+09:00,2025-04-24T17:15:31+09:00,ENCOUNT,encount,ENCOUNT,628,"シングル47タイトル、アルバム22タイトル
KinKi Kids
KinKi Kids（堂本光一、堂本剛）が、5月5日より全356曲のサブスク＆ダウンロード配信を開始することが24日、分かった。
【写真】「全部で3億円くらい」　KinKi Kidsのライブに登場した約5千万円の高級オープンカー
KinKi Kidsは1997年7月21日、シングル『硝子の少年』、アルバム『A album』で同時デビュー。『硝子の少年』から最新シングル『シュレーディンガー』まで、オリコンシングルチャート47作連続1位の記録とギネス記録の更新を続けている。

　また、東京ドーム公演数・全68公演、374万3000人の動員を誇り、東京ドームの最多公演数の記録も保持している。

　これまで積み上げてきた356の楽曲（シングル47タイトル、アルバム22タイトル）は、2人が出会った日と言われる“5月5日”の午前0時に世界同時配信される。

　なおKinKi Kidsは「DOMOTO」への改名を発表しており、改名後の活動タイミングは、KinKi Kids名義最後となるベストアルバム『39 Very much』をリリースする7月21日以降で調整している。

■配信サービス一覧
Apple Music、Amazon Music、Spotify、YouTube Music、LINE MUSIC、AWA、iTunes Store、レコチョク、moraほか
ENCOUNT編集部",[],[]
Aぇ！ group・草間リチャード敬太、体重増やすために「間食で大福」開始「常々持ってます」（ENCOUNT）,https://news.yahoo.co.jp/articles/2c3caada1b981e529cd08fdc1bf7d0a8a8118ae1,https://newsatcl-pctr.c.yimg.jp/t/amd-img/20250424-00787220-encount-000-3-view.jpg?exp=10800,2025-04-24T16:37:44+09:00,2025-04-24T16:54:03+09:00,ENCOUNT,encount,ENCOUNT,918,"『PJ～航空救難団～』のキャスト登壇イベントに出席
キャスト登壇イベントに出席したAぇ！ group・草間リチャード敬太【写真：ENCOUNT編集部】
Aぇ！ groupの草間リチャード敬太が24日、都内で行われたテレビ朝日系列の新木曜ドラマ『PJ～航空救難団～』（4月24日スタート、木曜午後9時）のキャスト登壇イベントに出席。体作りの一環で「間食で大福を食べ始めました」と明かした。
【写真】グループ初となる横浜アリーナでライブ開催したAぇ! groupのアザーカット
過酷な撮影現場にて、新しく始めたことをたずねられて訓練生・西谷ランディー役のリチャードは「体重がまず増えなくて。増やすために、間食で大福を食べ始めました。大福がいい、と言われて。監督にも『大福食え！　大福食え！』とずっと言われて。常々持っています。大福オタクです」と告白。「コンビニって、あんまり大福のコーナーとか見たことなかったんですけど、いろんなの置いてますね」と目を丸くした。

　沢井仁役の神尾楓珠も筋トレに言及。「全くしてなくて本当にガッリガリだったんですよ。今は友達とかに久しぶりに会うと『デカくなったね』とちょっとビックリされます。最初は『しんどいな』という思いが強かったんですけど、やっていくうちに筋肉つくのがうれしくなってきてます」と述べた。

　女性初の救難員訓練生合格者・藤木さやかを演じた石井杏奈は「私、趣味、編み物なんですよ」と告白。「編むのが好きなんですよ。ずっとかぎ針で編んでたんですけど、棒針で編むのを始めました」と言い、現場にも「棒針を持っていって、ずっとひたすら編むのが好きなので、こっそり始めました。息抜きですね。瞑想ですね」と白い歯をこぼした。

　同イベントには、主演の内野聖陽をはじめ、前田拳太郎、渡辺碧斗、犬飼貴丈、前田旺志郎、吉川愛、眞島秀和、濱田岳、鈴木京香も出席した。

　同作は、航空自衛隊の精鋭レスキュー部隊・航空救難団に所属する救難員、通称「PJ（パラレスキュージャンパー）」にスポットを当てた完全オリジナル作品。命がけの救難活動の様子を描く。4月24日放送の初回は拡大スペシャル。
ENCOUNT編集部",[],[]
濱田岳、救難隊員役で肉体改造　器具を見て「ムラムラ」「興奮しました」と笑いを誘う（ENCOUNT）,https://news.yahoo.co.jp/articles/88ca60342922d14849fa5b2d8897b2f49ba2a465,https://newsatcl-pctr.c.yimg.jp/t/amd-img/20250424-00787195-encount-000-1-view.jpg?exp=10800,2025-04-24T16:27:47+09:00,2025-04-24T16:27:47+09:00,ENCOUNT,encount,ENCOUNT,913,"『PJ～航空救難団～』のキャスト登壇イベントに出席
キャスト登壇イベントに出席した濱田岳【写真：ENCOUNT編集部】
俳優の濱田岳が24日、都内で行われたテレビ朝日系列の新木曜ドラマ『PJ～航空救難団～』（4月24日スタート、木曜午後9時）のキャスト登壇イベントに出席。同作のために敢行した肉体改造について語った。
【写真】「金髪!?なにごと！」と騒然…内野聖陽の“イメチェン”ショット
肉体勝負の同作。スタッフから「体の変化がすごい」と名前が挙がったという教官で救難員の仁科蓮役である濱田は「我々教官側は、災害があったら救難に行く救難員でもある。もし自分が要救助者の立場になったとしたら、ヘリコプターからひょうきんなちっちゃいオジさんが降りてきたら、望み絶たれるんじゃないかと思って。そうはならないように、ちょっとは説得力が増すように、一応準備はしました」と話した。

　肉体改造は「ずっとハマってやっていて、実際に基地内で救難員の方々が使う器具をお借りしてやった時はすごく…もう…ムラムラしましたね。興奮しました」と述べた。さらに「準備して良かったなと思うのは、（ティモンディの）高岸（宏行）さんもバディを組んだりする救難員なんですけど、特別ガチムチの大きい人と、特別ちっちゃいガチムチの2人が並んでると、ちょっと少年漫画感が出る」と明かし、会場の笑いを誘った。

　また、訓練生・長谷部達也役の渡辺碧斗も「体の線がすごく細くて、救難員の方々に近づくために体重を12キロ増やして撮影に挑んだ。人生でそこまで増やしたことがなかったので苦戦しました」と告白し、会場を驚かせた。

　同イベントには、内野聖陽、神尾楓珠、石井杏奈、前田拳太郎、Aぇ！ groupの草間リチャード敬太、犬飼貴丈、前田旺志郎、吉川愛、眞島秀和、鈴木京香も出席した。司会は同局の堂真理子アナウンサーが務めた。

　同作は、航空自衛隊の精鋭レスキュー部隊・航空救難団に所属する救難員、通称「PJ（パラレスキュージャンパー）」にスポットを当てた完全オリジナル作品。命がけの救難活動の様子を描く。4月24日放送の初回は拡大スペシャル。
ENCOUNT編集部",[],[]
人気アナの超ズボラな私生活、食器は3週間放置…ロボット掃除機は未稼働　部屋のホコリは「見なければ大丈夫」（ENCOUNT）,https://news.yahoo.co.jp/articles/9b721207490f3ac2be4b4b65ffd828d5cdf206c8,https://newsatcl-pctr.c.yimg.jp/t/amd-img/20250424-00787207-encount-000-2-view.jpg?exp=10800,2025-04-24T16:13:27+09:00,2025-04-24T16:25:55+09:00,ENCOUNT,encount,ENCOUNT,942,"独身時代、食事は「家に本当に何もない時は砂糖と塩」
鷲見玲奈【写真：ENCOUNT編集部】
フリーアナウンサーの鷲見玲奈が23日、日本テレビ系『上田と女が吠える夜』（水曜午後9時）に出演し、ズボラすぎる私生活を明かした。
【写真】「似て可愛い」「母親の表情全開」　鷲見玲奈が公開した子どもとの“顔出し”2ショット
この日は「ズボラに暮らす女VS丁寧に生きる女」がテーマ。22年1月に結婚した鷲見はズボラ派で、「めんどくさがり屋すぎて、できれば何もしたくない」という。夫が出張で不在時は「カントリーマアムがごはん」。独身時代は「家に本当に何もない時は砂糖と塩。あと、そうめんを生でぽりぽり食べていた」そうだ。

　また、家事も「あまり得意ではない」そうで、「食器洗いも、あまり好きじゃない」と告白。同じく独身時代は「3週間くらい食器を洗わずに（置いておいた）」こともあるという。

　これに一同が驚愕すると、鷲見は「ちゃんと水は変えているんです」と主張。「ジャーって浸しておくじゃないですか。で、後で洗おうって洗う気になるタイミングがなかなか来なくて……」と述べ、「ただ、どんどんカビとか生えてくるのは嫌じゃないですか。それは困るので、水を流して、また新しい水を入れる」と説明した。

　この発言にMCのくりぃむしちゅー・上田晋也が「その時にスポンジで洗えばいいじゃない」と指摘すると、鷲見は「それはちょっと違うんですよ」と返答。「たまる一方じゃん。そうすると大変じゃん。少ないうちにやっとくと……」との意見には、「もうそろそろやらないと使う食器ないな……みたいなタイミングで全部やる」と告げた。

　そんな鷲見は最近、ロボット掃除機を購入。“週3回”稼働するように設定したものの、「今度は床にあるものを全部上げなきゃいけない。それがめんどくさい」そうで、「（ロボット掃除機が）掃除しますよって空気を出したら、『今、掃除されたら困る』と思って1回止めるんですよ」と語った。

　続けて、鷲見は「週3回、ちゃんと止めてるんで」とひと言。上田が「1回も稼働してねぇじゃねえか！」とツッコミを入れる中、部屋のホコリに関しても「見なければ大丈夫」と独自の理論を展開させた。
ENCOUNT編集部",[],[]
夜間に公園でドリフト走行…荒らされた広場に怒りの声　役場が警察に被害届「速やかに名乗り出て」（ENCOUNT）,https://news.yahoo.co.jp/articles/c63f67212cf31ae794a90b76cb38c56bc617a9d4,https://newsatcl-pctr.c.yimg.jp/t/amd-img/20250424-00787154-encount-000-3-view.jpg?exp=10800,2025-04-24T16:10:00+09:00,2025-04-24T17:07:20+09:00,ENCOUNT,encount,ENCOUNT,894,"公園内の広場がドリフト走行により「8」の字に荒らされ、地面がむき出しに
夜間の“爆音”ドリフト走行に怒りの声（写真はイメージ）【写真：写真AC】
山形・山辺町の公園で、夜間に爆音でドリフト走行を行い、近隣への騒音や公園内の広場が荒らされるという被害が発生した。山辺町役場が行った注意喚起の投稿には、「走り屋マナー悪すぎ」「普通に器物損壊」といった批判の声が殺到。被害の詳細について、山辺町産業課に話を聞いた。
【写真】「これ元に戻すのに何年かかるんだろ」…ドリフト走行で荒らされた広場の写真
「大寺ふれあい公園でドリフト走行とみられる行為があり、公園内の広場がひどく荒らされ深刻な被害が発生しました。公園はみんなの場所です。みんなが心地よく公園を利用できるようマナーを守りましょう」

　今月23日、山辺町産業課の公式SNSが注意喚起とともに投稿した写真には、公園内の広場がドリフト走行により「8」の字に荒らされ、地面がむき出しになった痛々しい様子が収められている。

　投稿には9000件を超えるリポスト、4万件もの“いいね”が寄せられており、「これは流石に酷い」「これ普通に器物損壊事件ですよね 公共マナーうんぬんの話ではない…」「犯人探して賠償でしょ」「整備費用と人件費を全て請求すべき」「こんな公園を荒らすなんて悲しすぎます」「これ元に戻すのに何年かかるんだろ」「こういう事があるせいでいつまでも車界隈のイメージが悪くなる」「こういうのがいるから、まともな車好きでさえ白い目で見られるのよ」といった憤りの声が相次いでいる。

　山辺町産業課の担当者は、「我々が現場を確認したのは23日ですが、犯行があったのは20日の夜間です。近隣の方が通報し、その場に警察も駆けつけましたが犯人の足取りは分かっていません」と経緯を説明。「公園広場の草は天然で自生していたものですが、修復費用も含めた被害総額については現在調査中です。すでに被害届も提出しており、警察が捜査しています。犯人には、速やかに名乗り出ていただければと思っています」と話している。
ENCOUNT編集部／クロスメディアチーム",[],[]
人気アイドル、生誕祭でビルのエントランス丸ごとジャック　費用にネット衝撃「やばすぎる！」「1000万どころじゃない」（ENCOUNT）,https://news.yahoo.co.jp/articles/f832359e26e31ed494ec7b06603aa7bd75eb64a4,https://newsatcl-pctr.c.yimg.jp/t/amd-img/20250424-00787174-encount-000-2-view.jpg?exp=10800,2025-04-24T16:01:22+09:00,2025-04-24T16:35:43+09:00,ENCOUNT,encount,ENCOUNT,564,"FRUITS ZIPPERの真中まな
FRUITS ZIPPER・真中まな【写真：ENCOUNT編集部】
女性アイドルグループ・FRUITS ZIPPERの真中まなは22日に26歳の誕生日を迎えたが、その生誕祭での規格外のラッピングがネット上で話題になっている。
【写真】「す、すごい…」ビルのエントランスが人気アイドル一色に染まった様子
原宿を完全にジャックしていた。特に目立つのは東急プラザ表参道「オモカド」のエントランスジャックだ。エントランスが真中一色に。「Happy Birthday MANA」と記された特大のポスターが掲出されていた。

　真中自身も自身のXに「お誕生日の終わり際に一瞬だけ」としてこのエントランスをバックにポーズを極めた写真を投稿していた。

　X上では真中への祝福の声が多数上がっていたが、一部ユーザーが注目したのはこれにかけられた費用だ。「オモカド」のエントランスジャック1週間にかかる費用は850万円のようで、驚きのコメントであふれた。

「ここだけじゃなくてあらゆるところにポスターや映像出したらしく1000万どこの騒ぎじゃないし」「軽く4桁越えてると思います」「やばすぎる！」「話題になってる時点で、広告効果ありますからね」「す、すごい…」などの声が上がっていた。
ENCOUNT編集部",[],[]
内野聖陽、15年ぶりテレ朝主演作は「体力、精神力が試された現場」　『JIN-仁-』でもタッグ組んだ監督は「サディスト（笑）」（ENCOUNT）,https://news.yahoo.co.jp/articles/620988a46914d5fd96e5afce9da6a8119b4f2f3e,https://newsatcl-pctr.c.yimg.jp/t/amd-img/20250424-00787172-encount-000-3-view.jpg?exp=10800,2025-04-24T15:53:49+09:00,2025-04-24T16:05:35+09:00,ENCOUNT,encount,ENCOUNT,836,"PJ ～航空救難団～』のキャスト登壇イベントに出席
登壇イベントに出席した内野聖陽【写真：ENCOUNT編集部】
俳優の内野聖陽が24日、都内で行われたテレビ朝日系列の新木曜ドラマ『PJ ～航空救難団～』（4月24日スタート、木曜午後9時）のキャスト登壇イベントに出席した。同作にまつわるトークを展開した。
【写真】「金髪!?なにごと！」と騒然…内野聖陽の“イメチェン”ショット
同作は、航空自衛隊の精鋭レスキュー部隊・航空救難団に所属する救難員、通称「PJ（パラレスキュージャンパー）」にスポットを当てた完全オリジナル作品。命がけの救難活動の様子を描く。4月24日放送の初回は拡大スペシャル。

　内野が同局の連続ドラマで主演を務めるのは、『臨場』（2009、10年）以来約15年ぶり。救難教育隊で訓練生たちを鍛える主任教官・宇佐美誠司を演じる。

　第1話を鑑賞した観客に向けて「ここまで来るのに本当にいろんな苦労がありまして。一番の苦労は天候に左右されたこと」と言い、雪山での撮影など数々の苦労に言及して「体力、精神力が試された現場ですね」と回顧。「7人の若い魂が本当にがんばってくれました」と若手キャストをねぎらった。

　また、過去に『JIN-仁-』や 『とんび』などでタッグを組んだ平川雄一監督について問われて「サディストですね（笑）」と即答。「『OK』と言った先から、あと3回くらいやる感じ。もう、涙が出なければ、とことんやる、みたいな。夜中で疲れていようが『もう1回！　もう1回！　もう1回！』の世界の方。その分、妥協しない方」と語り、本当に信頼の置ける方。今回の1話の宇佐美のキャラも、ほとんど平川さんが作ったようなものですよ」と述べた。

　同イベントには神尾楓珠、石井杏奈、前田拳太郎、渡辺碧斗、Aぇ！ groupの草間リチャード敬太、犬飼貴丈、前田旺志郎、吉川愛、眞島秀和、濱田岳、鈴木京香も出席した。司会は堂真理子が務めた。
ENCOUNT編集部",[],[]
新メンズフェス「BRAVE SONIC」が6月19日に開催　YOSHIKIプロデュースXY、世が世なら!!!など豪華出演陣（ENCOUNT）,https://news.yahoo.co.jp/articles/d93a154ff71941381240685adca4bdef83c9c7d8,https://newsatcl-pctr.c.yimg.jp/t/amd-img/20250424-00787134-encount-000-1-view.jpg?exp=10800,2025-04-24T15:26:19+09:00,2025-04-24T15:26:19+09:00,ENCOUNT,encount,ENCOUNT,524,"「推し活文化」の存続と世界への発信を目指す
「BRAVE SONIC」第1弾の出演者が発表された
大規模アイドルイベント「GIGA GIGA SONIC」をはじめ、数多くのビッグイベントを手がける株式会社GALDir Mediaが新たにメンズフェス「BRAVE SONIC」を6月19日にKT Zepp Yokohamaにて開催する。
【写真】オーディション番組から誕生　「XY」メンバー13人の集合カット
今回、日本の「推し活文化」の存続と世界への発信を目指し、新プロジェクト「BRAVE SONIC」が始動。今後は、日本国内にとどまらず、東アジアを中心に海外でのイベント開催も予定されている。

　第1弾の出演者が発表され、YOSHIKIがプロデュースするボーイズバンド・XY、ボーイズグループ・世が世なら!!!、「王道+α」がコンセプトのボーイズアイドルグループ・AXXX1Sといった豪華グループの出演が決定。その他、ALL IN、GENTLE GUM、D.O.L、Protea*、BLACK IRISも名を連ねており、今後の出演者発表からも目が離せない。

　今月25日の18時からチケットも発売開始予定となっている。
ENCOUNT編集部",[],[]
aoen、メンバーが意気込み　雅久（GAKU）「さまざまな分野で活躍」礼央（REO）「多くの方々を幸せに」（ENCOUNT）,https://news.yahoo.co.jp/articles/7bef802650aea9aa0908054628b90bf7e4b04851,https://newsatcl-pctr.c.yimg.jp/t/amd-img/20250424-00787164-encount-000-5-view.jpg?exp=10800,2025-04-24T15:14:14+09:00,2025-04-24T15:36:30+09:00,ENCOUNT,encount,ENCOUNT,1448,"aoen結成記念ブルーランウェイ
イベントに出席したaoenのメンバー【写真：ENCOUNT編集部】
新世代J-POPボーイズグループaoenが24日、都内で行われたaoen結成記念ブルーランウェイに出席。意気込みを語った。
【写真】ムッキムキの腕を披露したaoenのメンバー
BTS、SEVENTEEN、Justin Bieberら世界で活躍するアーティストを擁するHYBEが手掛ける新世代J－POPボーイズグループプロジェクトとしてスタートした日本テレビ系オーディション番組
『応援HIGH　～夢のスタートライン～』（土曜午後2時30分）。12日に放送された最終回にて優樹（YUJU）、琉楓（RUKA）、ハク（HAKU）、颯太（SOTA）、京助（KYOSUKE）の5人、一般投票を経て23日に雅久（GAKU）と礼央（REO）の2人が決まり、合計7人のデビューが確定した。

　グループの名前は “aoen（アオエン）”は「最も熱い炎の色である青色で世界を満たす情熱の疾走」「みんなを応援するグループ」という2つの意味が込められている。この日は、一人一人が自己紹介し、ブルーランウェイで魅力たっぷりのヨーヨーのパフォーマンスを披露した。

　リーダーの優樹（YUJU）「今日は皆さんお忙しい中、僕たちaoenの結成記念ブルーランウェイにお越しくださり本当にありがとうございます。本日はどうぞよろしくお願いいたします」と挨拶。パフォーマンス時と登場の時流れていたデビュー曲「青い太陽（The Blue Sun）」についても、「エネルギッシュで、一度聞いたら元気が出る明るい曲だなという印象を受けました。一人一人違う輝きを持っている仲間が集まって、音楽を通してどんな困難にも立ち向かっていくといった、そういう前向きな気持ちが表れていると思います」と語った。

　また、投票で選ばれた雅久（GAKU）は、aoenのメンバーとしてどういった成長をして行きたいかと問われると、「デビューした後は、さまざまな分野で活躍して行きたいなと思っていて。で、得意なダンスはもちろんなんですけど、その他のさまざまな新しい姿をaoenメンバーとして見せていきたいなと思っています」と意気込み、礼央（REO）は「よりもっと多くの方々を幸せにできるようなアーティストになりたい。これまでオーディション期間中は赤い炎だったとしたら、aornになったからには青い炎になって、よりもっと多くの方々を幸せにできればなと思っています」と目を輝かせた。

　さらに、ファンを指す“aoring”はどのような存在か、どのような関係を作っていきたいか問われると、サブリーダーの琉楓（RUKA）は「aoenにとっては本当に自分たちが燃え上がるための源、なくてはならない存在だと思っています。もちろん、歌やダンスをするのは僕たちなんですが、本当にaoringの皆さんも8人目のメンバーとして、一緒にaoenを盛り上げてほしいですし、この先日本中、世界中に、このaoringの輪を一緒に広げて生きられるような、そういう関係に一緒になっていけたらいいなというふうに思っています」とメッセージを送った。

　そのほか、「今の喜びを体で表現してください」という無茶振りに、颯太(SOTA)は身体を大きく大の字に広げ、雅久（GAKU）は「本当に幸せです！　ありがとうございます！」とパワフルにガッツポーズを決め、会場を盛り上げた。
ENCOUNT編集部",[],[]
HYBE発新グループ・aoen、メンバーが明かす共同生活での裏話「チームらしい喧嘩があった（笑）」（ENCOUNT）,https://news.yahoo.co.jp/articles/28ea5383f286263ceb22f1fa5bee7439cdb9aa6c,https://newsatcl-pctr.c.yimg.jp/t/amd-img/20250424-00787019-encount-000-4-view.jpg?exp=10800,2025-04-24T15:00:00+09:00,2025-04-24T15:39:21+09:00,ENCOUNT,encount,ENCOUNT,1239,"aoen結成記念ブルーランウェイに出席
イベントに出席したaoenのメンバー【写真：ENCOUNT編集部】
新世代J-POPボーイズグループaoenが24日、都内で行われたaoen結成記念ブルーランウェイに出席。意気込みを語った。
【写真】ムッキムキの腕を披露したaoenのメンバー
BTS、SEVENTEEN、Justin Bieberら世界で活躍するアーティストを擁するHYBEが手掛ける新世代J-POPボーイズグループプロジェクトとしてスタートした日本テレビ系オーディション番組『応援HIGH　～夢のスタートライン～』（土曜午後2時30分）。今月12日に放送された最終回にて優樹（YUJU）、琉楓（RUKA）、ハク（HAKU）、颯太（SOTA）、京助（KYOSUKE）の5人、一般投票をへて23日に雅久（GAKU）と礼央（REO）の2人が決まり、合計7人のデビューが確定した。

　会見ではメンバーがオーディション番組で決定したということで、今だから言えるメンバーとの思い出や印象的だった出来事について質問が飛ぶ。優樹（YUJU）は、琉楓（RUKA）の名前を挙げ「とても綺麗好きな性格」と紹介し、そのエピソードとして「普段と一緒に宿舎に住んでいて『そこまで掃除する?!』っていう細かい部分までいつも気にして、みんなに声をかけて掃除しているところがすごく面白くて。琉楓（RUKA）のおかげでみんなで協力して綺麗な宿舎の環境を保ててるんじゃないかなと思っております」と笑顔で感謝。

　京助（KYOSUKE）は、「みんなで一緒に宿舎で暮らしているんですけど、やっぱその中で自分のものをどこに置いた、そこに置いたっていうチームらしい喧嘩があった（笑）でも、その時はすごい感情的になっていたんですけど、そういうのも今だから話せることなのかなというふうに思います」と明かし、当時を振り返った。

　さらに、他のメンバーの推しポイントについて披露することになると、ハク(HAKU)は「そうですね?。う?ん。じゃあ、誰にしようかな」と悩みつつも、礼央（REO）を指名。「普段はクール系でかっこいいんですけど、宿舎とかだと本当に可愛い姿が見える。本当になんか意外な一面なので、私生活でそれが見えるのが自分の推しポイントです」とアピール。一方、颯太（SOTA）は京助（KYOSUKE）を選び、「京介ってこの感じの通り、すごい明るくて、なんかふわふわしてるんですね。可愛らしいなって思うんですけど。ダンスになると、もうなんかもう目つきもキンって変わって。もう、ギャップ萌えがもうすごくて！　キリッとスイッチがキリッと入って、みんなにも『行くよ』てすごい引っ張ってくれることを急にしてくれるので、その日がちょっとキュンでした」と明かした。

　この日は、メンバーがブルーランウェイで魅力をアピールする時間も。それぞれがヨーヨーでのパフォーマンスを披露し、会場を盛り上げた。
ENCOUNT編集部",[],[]
トラウデン直美、最近は「馬に囲まれて生活」　馬術の全日本大会に向け「練習中」（ENCOUNT）,https://news.yahoo.co.jp/articles/0b3b73e73391748c4b2614a343595f2c5c71ce1f,https://newsatcl-pctr.c.yimg.jp/t/amd-img/20250424-00787147-encount-000-2-view.jpg?exp=10800,2025-04-24T14:48:57+09:00,2025-04-24T14:57:37+09:00,ENCOUNT,encount,ENCOUNT,978,"馬術の指導者資格の取得に意欲
イベントに出席した新川優愛【写真：ENCOUNT編集部】
タレントのトラウデン直美が24日、都内で行われた「2026 ミス・ティーン・ジャパン開催発表会」に、俳優の新川優愛、平祐奈とともに出席。馬術漬けの日々を送っていることを明かした。
【写真】「いい感じ」と紹介　トラウデン直美が公開した“パートナー”との密着ショット
2011年から始まった同ミス・コンテストは、今回で15回目の開催となる。13歳から19歳までを対象に全国で地方大会を行い、選ばれたファイナリストが東京での決勝大会に挑む。応援アンバサダーは、新川、平、第2回大会グランプリのトラウデンが務める。

　出場者に向け、トラウデンは「ミス・ティーン・ジャパンに出たとき、特技でドイツ語の早口を言葉やって大失敗しました。でも、会場の皆さんが笑ってくれたので『失敗しても大丈夫だよ！』ってことを伝えたいです」とメッセージを送った。

　今回より、動画審査の追加、地方大会が15都市に増加など変化も。これにちなみ、行ってみたい都市を聞かれると、トラウデンは「まだ行ったことのない青森が気になっています」と答え、さらに「去年は四国にご縁があってたくさん行きました。ものすごくいいところ。日照時間が長い地域ということもあって明るい方が多いので、今回の大会でも元気な子が多そうだなって思いました」と話した。

　この日は、新年度が始まった今、新たに挑戦したいことをテーマにトークを展開する場面も。トラウデンは「ずっと馬術。馬に囲まれて生活している」と言い、「（馬術の）全日本への出場権利がほぼ取れた状況なので、それに向けて練習中です。あと、今は馬術の指導者資格も取りたいと思って頑張っています！」と目を輝かせた。平は「アクションに挑戦したいです」とのことで、「殺陣もやってみたい。作品で本格的なアクションに挑戦できたらいいなと思っています。今は、たまにキックボクシングをしに行ったりしています」と意欲を見せた。

　新川は「二種免許を取りたいと思っている」と明かしており、3人ともアクティブな回答となった。これに新川は「何かを始めるってことがない人生を送ってきたので、初めて2人と一緒の話題が出揃ったなと思いました（笑）」と充実した表情を浮かべていた。
ENCOUNT編集部",[],[]
女性YouTuber、BE:FIRST・三山凌輝とのトラブル報道に言及「私はこれからも前に進みます」（ENCOUNT）,https://news.yahoo.co.jp/articles/06964d7bd8f72705e91ced2f0a7707a8300c791e,https://newsatcl-pctr.c.yimg.jp/t/amd-img/20250424-00787126-encount-000-2-view.jpg?exp=10800,2025-04-24T14:48:46+09:00,2025-04-24T14:57:12+09:00,ENCOUNT,encount,ENCOUNT,771,"登録者85万人のRちゃん
BE:FIRST・三山凌輝（左）とRちゃん【写真：ENCOUNT編集部】
登録者85万人のYouTuber・Rちゃん（大野茜里）が24日までにインスタグラムのストーリーズを更新し、週刊文春で報じられたBE:FIRSTのメンバーで俳優・三山凌輝とのトラブルに言及した。同誌は「“結婚詐欺”1億円を貢がせた」の見出しで、三山がRちゃんと婚約期間に音信不通になったことなどを伝えている。
【動画】命をかけての整形…人気YouTuber・Rちゃんの衝撃のダウンタイム中の姿
Rちゃんは黒地で白文字の文章を記した画像をアップ。文面では「ファンの皆様 お仕事関係の皆様へ。ご心配をおかけしてしまい、大変申し訳ございません」と謝罪し、「私はこれからも前に進みます。通常通り活動させて頂きますので引き続きどうぞよろしくお願い致します」と呼びかけている。

　記事の概容は23日に文春オンラインが報じており、三山の所属事務所は同日深夜、声明を発表。「本件につきましては、その内容の性質に鑑み、当事者からの聞き取りに加え、専門家のご協力を得て事実関係の確認を行いました」「報道にもあります通り、三山がかつて報道にありました方と真剣に交際していたことは事実でございます。双方のプレゼントのやりとりがございましたが、法令に違反していることがないことを確認しております。なお、二人の交際は最終的に結婚には至らず、双方合意のもとで関係を終了しております」としている。

　その上で「本件にて心痛を感じられた方々に対しては、当社としても遺憾の意を表すとともに、三山共々お詫び申し上げます」と謝罪。「三山にはまだ未熟で至らぬ点もあると認識しておりますが、今後は更に一社会人としての自覚を持つように指導して参ります」としている。
ENCOUNT編集部",[],[]
菜々緒、昨年末からウエイトトレーニング開始　睡眠の質向上も体感で「いいこと尽くし」（ENCOUNT）,https://news.yahoo.co.jp/articles/2aafe0d0ebe95a841986142ffe910c597eeabd3c,https://newsatcl-pctr.c.yimg.jp/t/amd-img/20250424-00786959-encount-000-1-view.jpg?exp=10800,2025-04-24T14:33:45+09:00,2025-04-24T14:33:45+09:00,ENCOUNT,encount,ENCOUNT,1218,"「30年MuAtsu」新CM発表会に出席
新CM発表会に出席した菜々緒【写真：ENCOUNT編集部】
俳優の菜々緒が24日、都内で行われた「30年MuAtsu」新CM発表会に出席。睡眠や健康についてトークを展開した。
【写真】ファンから「いいね！」殺到…菜々緒が公開した黒ビキニ姿の1枚
今月25日から放映開始されるマットレスのCMに出演し、“私が私であるために大切なもの”として食事、運動、そして睡眠だと訴えかけている菜々緒。仕事柄、睡眠時間は不規則になりがちだという菜々緒は「私は睡眠を取らないと体調を崩してしまうタイプなので、理想は最低でも7時間くらいは寝たい人間です」と願望を吐露し、「だからこそ、短い睡眠でも良質な睡眠が取れるマットレスはすごく大事になりますね」と言葉に力を込めた。

　また、家ではベッドの上で一番過ごしているそうで「台本を覚える時もベッドの上が多かったり、ネットサーフィンする時とか、リラックスする時はベッドの上でゆっくりするのが好きなので、（マットレスは）一番大事なアイテムと言っても過言ではないですね」といい、「（在宅時間の）2／3はベッドの上で過ごしているんじゃないかなと思います」と笑顔で語った。

　続けて、睡眠時の環境を聞かれた菜々緒は「私は真っ暗派ですね。地方ロケだったり、お仕事で宿泊しないといけない時って、テレビのモニターとか空気清浄機のライトとかも眩しく感じたりするので、そういうものを覆って真っ暗にするくらい、真っ暗じゃないと寝られないですね」と明かし、睡眠導入時の環境については「お風呂のタイミングからお風呂場の電気はつけずに、洗面所の電気をつけて薄暗い感じで入ったり、照明を極限まで暗くしたり、アロマキャンドルを炊いたりして、暗い状態で眠りにつくようにしています」と答えた。

　また、体型維持や心身ともに鍛えたいという思いから、昨年末からウエイトトレーニングを始めたそうで「体を動かすことによって睡眠の質にも効果があるって聞いたので、ウエイトトレーニングにハマっています」と打ち明け、「私は疲れた時に、体を休めるために家でゆっくり過ごすということをしていたんですけど、それよりは、ワークアウトだったり、ウエイトトレーニングをして筋肉を使ったあげることによって、その日がよりすっきり過ごせたり、睡眠の質もよりよくなると体感したので、そこからは疲れていてもジムに行って体を動かすことによって、呼吸もできるようになりますし、いいこと尽くしです」と目を輝かせた。

　さらに、睡眠時間が短いと肥満率が上がるという研究結果を聞いた菜々緒は「私は昔から痩せ型なんですけど、小さい頃から起こさなかったらいくらでも寝られるタイプの人間で、今でも目覚ましをかけないで12時間近く寝ちゃう時もあるので、もしかしたらそういったところも関係しているのかなって思いますね」と語った。
ENCOUNT編集部",[],[]
画才で知られる山本美月、今後は「絵本を描いてみたい」と意気込み「憧れます」（ENCOUNT）,https://news.yahoo.co.jp/articles/9f73d8b27601083364c22818143904454e041d9e,https://newsatcl-pctr.c.yimg.jp/t/amd-img/20250424-00786965-encount-000-1-view.jpg?exp=10800,2025-04-24T14:22:30+09:00,2025-04-24T14:22:30+09:00,ENCOUNT,encount,ENCOUNT,888,"山本美月、作品を描くのは「子どもが寝た後で」
イベントに出席した山本美月【写真：ENCOUNT編集部】
俳優の山本美月が24日、東京・日比谷公園で行われた「Hibiya Art Park 2025 訪れるたび、アートと出会う1ヶ月」記者発表会に出席した。
【写真】山本美月＆瀬戸康史、夫婦お揃いの白コーデ正装2ショット
山本は黒で統一されたシックな衣装で登場。会見前にそれぞれのアート作品を鑑賞した山本は「日比谷公園に調和しているようで、違和感を感じるような作品が多いと感じました。（心地よい天気が続く）いい時期でのイベントだと思います。野外のイベントなので、その時々の天候によって見える世界が違う。いろいろな楽しみ方ができると思いました」と感想を述べた。

　2023年5月に夫で俳優の瀬戸康史との間に第1子が誕生したことを発表している山本は、「家族でギャラリーに行くこともあります。今度は日比谷公園にも伺いたいと思っています」と話した。

　また、絵画や漫画などの画才で知られる山本。MCが「これまで描いた作品はどれくらいあるのでしょうか」と質問すると山本は「置いてから見せるタイプなのでかなりあると思います。ボツだなとなる時もありますね。子どもが寝た後、夜に描いていることが多いです」と回答。さらに、「今後は絵本を描いてみたいと思っています。まだ、全然考えられていないのですが、憧れます。挑戦したいと思っています」と意気込みを語った。

　同イベントでは、山峰潤也氏がキュレーターを務め、花と光に「アート」を掛け合わせ、ビジュアルアートを中心とした第1期「Transformed Composition 組み合わせと見立てで遊ぶ」（4月25日から5月11日まで）、武田知也氏と藤井さゆり氏のプロデュースによる、パフォーミングアーツに焦点を当てた第2期「“Play”ing Catch 集まり方の練習」（5月17日から5月25日）と、約1か月の間、さまざまな作品やプログラムを通して公園でのアート体験を楽しめる。会場内にはフードマーケットも出店する。
ENCOUNT編集部",[],[]
芸能人の不倫報道、誹謗中傷に「気持ち悪くない？」　有名実業家が持論「完璧を求める風潮はなんか変じゃない？」（ENCOUNT）,https://news.yahoo.co.jp/articles/414846cfa6150815e8ac046ad35d01e6d0e96f6e,https://newsatcl-pctr.c.yimg.jp/t/amd-img/20250424-00787094-encount-000-6-view.jpg?exp=10800,2025-04-24T14:04:48+09:00,2025-04-24T14:13:57+09:00,ENCOUNT,encount,ENCOUNT,419,"三崎優太氏「世間はなんの幻想を抱いてるの？」
三崎優太氏【写真：徳原隆元】
“青汁王子”こと実業家の三崎優太氏が24日までに自身のXを更新。芸能人の不倫報道について、持論を展開した。
【写真】永野芽郁との交際を報じられた俳優
三崎氏は「また芸能人の不倫が話題になってるけど」と書き出し、こう続けた。

「誰と誰が寝たとかで人間性まで否定して叩くの、なんか気持ち悪くない？　芸能人ってだけで完璧を求める風潮はなんか変じゃない？　そもそもマトモな人は表に出ないだろ、世間はなんの幻想を抱いてるの？」

　俳優・永野芽郁と俳優・田中圭が不倫交際していると24日発売の週刊文春電子版が報道。永野に関しては、TBS系連続ドラマ『キャスター』（日曜午後9時）で共演中の韓国人俳優のキム・ムジュンとの交際も報じており、「二股不倫」とも表現している。永野の所属事務所は双方との交際を否定。田中の所属事務所も「不倫はない」としている。
ENCOUNT編集部",[],[]
新アイドルグループ・Root mimiが5月31日にデビューライブ　豪華クリエイター・作曲家にも注目（ENCOUNT）,https://news.yahoo.co.jp/articles/d94061add55de0e465ed958ec5a7dd7a21bcb6d0,https://newsatcl-pctr.c.yimg.jp/t/amd-img/20250424-00787095-encount-000-2-view.jpg?exp=10800,2025-04-24T13:58:24+09:00,2025-04-24T13:58:55+09:00,ENCOUNT,encount,ENCOUNT,861,"元アイドルの黒嵜菜々子がプロデュース兼メンバー
Root mimi
SNS総フォロワーが100万人を超える元アイドルの黒嵜菜々子がプロデュースするアイドルグループ・Root mimiが5月31日にデビューライブを開催することが23日に発表された。
【写真】黒嵜菜々子プロデュース…Root mimiメンバーの個別カット
アイドルオーディションとして、2月7日から応募が始まり、応募総数1000人を超える候補者の中から18人がファイナリストとして決定。最終審査をへて、小田垣有咲、貫井夢生、才川水希、天宮さくら、朝比奈麗桜の5人が今回のオーディションから選ばれた。そこに、プロデュースも担う黒嵜、PALETおよびなんきんペッパーの元メンバーで、現在では声優としてD4DJ、BanG Dream!で活動中の反田葉月を加えた7人でのデビューになる。

　新グループのデビューに際し、豪華クリエイター陣が集結。ロゴデザインは、繊細なタッチと独自の世界観で注目を集めるイラストレーターかとうれいが担当。振付には、テレビアニメ『【推しの子】』のオープニング主題歌「アイドル / YOASOBI」のオリジナル振付で一躍話題となったらん先生を迎え、パフォーマンス面でも大きな注目を集めている。

　音楽面では、＝LOVEをはじめとする人気アイドルグループへの楽曲提供で知られる塚田耕平氏、映画・ドラマ『【推しの子】』主題歌の作詞・作曲を手がけた新進気鋭のクリエイター・田仲圭太氏と、数々のヒット曲を生み出してきた実力派作曲家たちが参加している。

　プロデューサー兼メンバーの黒嵜は、「皆さんに長く愛される、そんな素敵なグループを創れるように頑張ってまいります。どんな困難も高い壁も乗り越えて沢山の方に応援して頂けるように頑張ります！　今後ともRoot mimiをよろしくお願いいたします」とコメントしている。

　5月31日のデビューライブは、プロデューサーである黒嵜の生誕ライブと2部構成での開催が決まっている。
ENCOUNT編集部",[],[]
新川優愛、二種免許取得に挑戦　観光バスやタクシーの運転が可能に「バイトできるかなって」（ENCOUNT）,https://news.yahoo.co.jp/articles/59f51e53542f1347a4149bc7bfb3beba5cd1aa7d,https://newsatcl-pctr.c.yimg.jp/t/amd-img/20250424-00787013-encount-000-1-view.jpg?exp=10800,2025-04-24T13:55:34+09:00,2025-04-24T13:55:34+09:00,ENCOUNT,encount,ENCOUNT,1126,"「2026 ミス・ティーン・ジャパン」開催が決定
イベントに出席した新川優愛【写真：ENCOUNT編集部】
俳優の新川優愛が24日、都内で行われた「2026 ミス・ティーン・ジャパン開催発表会」に、平祐奈、タレントのトラウデン直美とともに出席。新年度になった今、新たに挑戦したいことについて語った。
【動画】「顔ちっちゃ！」「めっちゃかわいい」…見事な投球を披露した新川優愛の姿
2011年から始まった同ミス・コンテストは、今回で15回目の開催となる。13歳から19歳までを対象に全国で地方大会を行い、選ばれたファイナリストが東京での決勝大会に挑む。応援アンバサダーは、新川、平、第2回大会グランプリのトラウデンが務める。

　応援アンバサダー歴11年となる新川は、大会当日は特別審査員も務める。「審査させていただくっていうことが初めてなので、今から緊張するんですけど」と本音を漏らし、「『どれだけまっすぐ頑張っているか』。そういうところをブレずに見ていきたいと思うので、こうしよう、ああしようとは逆に考えずにシンプルな気持ちで臨みたいと思っています。頑張ります……！」と意気込んだ。

　今回の大会からは、審査内容に動画審査が加わっており、新川からは「お芝居をさせていただいている時は、大きく笑っているつもりでも表情が硬かったり、動きが小さいことがあるので、思っている以上に動いて、動画を撮ってほしいと思います」とアドバイスがあった。

　さらに、予選会の会場が15都市に増加した。これと絡め、行ってみたい場所を問われた新川は「北海道」と答え、「その土地ならではのおいしいものもあれば、観光地もある。北海道は広いので、ゆっくり長く行きたいですね」とにっこり。

　この日は、新年度がスタートとしたことにちなみ、これを機に挑戦したいことについてもトークを展開した。新川は「今、二種免許を取っていて……。大型バスの免許を取ろうかと思い」と告白。新川の結婚相手がロケバス運転手だからか、平は「ロケバス運転するの……？（笑）」と笑みを浮かべた。

　二種免許を取得すると、観光バスやタクシーの運転が可能となるが、メイプル超合金の安藤なつからは「『大型バイク（の免許）取ろうよ』って誘われていて。取っちゃおうかなと思っていて……。いろいろ挑戦してみようと思っています」と新川。

　また、二種免許を取ろうと思ったきっかけも尋ねられており、これには「手に職つけたい」と答え、「バイトができるんです。送迎のバイトがあるから！　『冠婚葬祭承っています』っていうレストランの送迎もできる。バイトできるかなって、本当にその理由です」と明かしていた。
ENCOUNT編集部",[],[]
空手黒帯“最強アナ”、ゴルフ初挑戦でまさか…　ファンは仰天「めっちゃ綺麗な女子なのにドライバー折るとは！」（ENCOUNT）,https://news.yahoo.co.jp/articles/94cfe33e446e757773f474633d613f016b659829,https://newsatcl-pctr.c.yimg.jp/t/amd-img/20250424-00787086-encount-000-3-view.jpg?exp=10800,2025-04-24T13:41:12+09:00,2025-04-24T13:58:26+09:00,ENCOUNT,encount,ENCOUNT,426,"「お仕事でゴルフに挑戦！」ミニスカウェアを披露
堀江聖夏【写真：X（＠0714_lovelys）より】
空手黒帯のフリーアナウンサー・堀江聖夏が24日までに自身のXを更新。ゴルフに初挑戦したが、ドライバーを折ってしまったことを報告した。
【写真】「かわいい」「めっちゃ似合ってる」…空手黒帯アナのミニスカゴルフウェア姿
“日本一強いアナウンサー”を自称するセント・フォース所属の堀江。普段はチャイナドレス姿での瓦割りで注目を集めているが、今回は「たまには違う姿も、、、」としてミニスカのゴルフウェア姿を披露した。

「お仕事でゴルフに挑戦！　初ラウンドでは、ドライバーを折ってしまう事件が…」とまさかのアクシデントを報告していた。

　これにフォロワーからは「カカト落としの時とは全然違いますね」「めっちゃ似合ってる」「折るの凄い…」「ウェアに遭ってます」「めっちゃ綺麗な女子なのにドライバー折るとは！」などの声が寄せられていた。
ENCOUNT編集部",[],[]
日向坂46卒業から1年、斎藤京子の初主演映画がカンヌ出品「夢のよう」…監督からは感謝「心から敬服」（ENCOUNT）,https://news.yahoo.co.jp/articles/b9ef9354e7eb8743c193cd8cb61856103e1524d0,https://newsatcl-pctr.c.yimg.jp/t/amd-img/20250424-00787080-encount-000-1-view.jpg?exp=10800,2025-04-24T13:09:41+09:00,2025-04-24T13:09:41+09:00,ENCOUNT,encount,ENCOUNT,895,"所属事務所から契約違反で訴えられたアイドル役
『恋愛裁判』で主演を務める齊藤京子【写真：(C)2025「恋愛裁判」製作委員会】
元日向坂46メンバーで俳優・齋藤京子の初主演映画『恋愛裁判』（深田晃司監督、公開日未定）が、第78回カンヌ国際映画祭カンヌ・プレミア部門に正式出品されることが決定し、24日、配給の東宝が発表した。グループ卒業からわずか1年。齊藤が俳優として世界3大映画祭の舞台に立つ。
【写真】「激カワすぎる」「唇にうっとり」の声　齊藤京子が披露した“激変”ショット
『恋愛裁判』は、深田監督が「元アイドルの女性に賠償命令」という新聞記事を目にし、その内容から着想を得た構想10年の作品。契約書に記された「恋愛禁止ルール」に反する行動をしたとして、所属事務所から「契約違反」と訴えられ、裁判へと発展した女性アイドルの姿を描いている。

　恋に落ちる主人公の人気アイドル・山岡真衣を演じたのが齋藤。昨年４月5日、横浜スタジアムでの卒業公演でグループでの活動にピリオドを打ち、その後は持ち前の演技力と対応力でドラマ、バラエティー番組に出演してきた。そして、初出演の同作がカンヌ出品となり、齊藤は「本当に夢のようで、言葉にできないほどうれしかったです」と喜び、「この映画をたくさんの国の方々に見ていただけることが楽しみです。深田監督とご一緒させていただけたことを心から光栄に思います」と感謝している。

　深田監督と齊藤は会期中、現地でレッドカーペットを歩き、公式上映に参加する予定。深田監督「構想から10年かかったこの映画を最高の形でお披露目できることをうれしく思います。一つ言えることは、齊藤京子さんとの出会いがなければこの映画は完成しなかったということです」と回顧。そして、「絵空事でしかなかった脚本に全身全霊で血肉を与えてくれた齊藤さんに心から敬服しています。また、長年にわたりこの企画を信じて導いてくれたプロデューサー陣、現場を支えてくれた最高のスタッフ、キャストには感謝しかありません。ぜひ、多くの人にこの映画を楽しんでほしいです」と呼びかけている。
ENCOUNT編集部",[],[]
中尾明慶、妻・仲里依紗の独立を応援「家族として全力でサポートするだけ」（ENCOUNT）,https://news.yahoo.co.jp/articles/d34d4c4a975690cae241667ded43cde4ddbcfe75,https://newsatcl-pctr.c.yimg.jp/t/amd-img/20250424-00786943-encount-000-2-view.jpg?exp=10800,2025-04-24T13:02:16+09:00,2025-04-24T13:13:19+09:00,ENCOUNT,encount,ENCOUNT,1076,"仲は所属していた事務所アミューズとの専属契約を終了したことを発表
【写真：ENCOUNT編集部】
俳優の中尾明慶が24日、都内で行われたお金のおけいこアプリ「PochettePlus」ローンチ発表会に登壇。妻・仲里依紗の独立について言及した。
【写真】10年ぶり再会で和解…中尾明慶と“バチバチだった”女優の2ショット
2013年4月に仲と結婚し、同年10月に第1子となる男児が誕生。長男は現在11歳で、この春で小学6年生になった。最近は「トカゲくん」の愛称で中尾と仲のYouTubeやインスタグラムに登場している。

　発表会には、本アプリの共同開発者でもある湘南白百合学園小学校、山梨学院小学校の児童約200人が参加し、「みずほポシェットスペシャル教室」を開催。中尾は児童からアドバイスを受けながら、アプリでお金を稼ぐ体験を楽しむと、「小学6年生の子どもがいるのですが、お金のことをどう教えてあげたらいいか分からない。自分で学んでいくことが大事だと思ったので、早急に取り入れます」と感想を述べた。

　妻である仲は、11日に所属していた事務所アミューズとの専属契約を終了し、個人として活動していくことをインスタグラムで発表。妻の独立について、「もちろん家族なので把握はしていましたが、うちはお仕事のことは、お互いノータッチというか。それぞれの仕事のことは仕事、家庭は家庭と割り切っている。話し合ってということはありませんでした」と説明した。

「新たな挑戦をスタートさせた仲をどう支えたいか？」という質問には、「自分で考えて決めて歩んでいくことは家族として全力でサポートするだけ。何かあれば相談もされるでしょうし、その時はしっかりサポートしてあげたいと思っています」と応援する姿勢を示した。

　囲み取材で自身の金銭感覚について聞かれると、「僕はバーッと使う方が隣にいるので」と笑いつつ、「なので、どちらかと言えば僕は貯金とかは考えるタイプです」とコメント。仲は爆買いするタイプだと明かし、「僕は物欲がすごくあるわけではない。意外と堅実なタイプだと自分では思っています」と話した。

　株式会社みずほポシェットは、2025年4月24日からお金や経済について親子で楽しく学べるアプリ、お金のおけいこアプリ「PochettePlus」の提供を開始。本アプリは、お金を稼ぐ大切さや稼いだお金の増やし方（運用）、店の経営といった、3つの体験を親子で会話を交わし進めることで、楽しみながらお金への適切な知識を得られる仕組みとなっている。
ENCOUNT編集部",[],[]
現役局アナが医学部入学　日テレ36歳・安村直樹アナ…二刀流で医師を目指す「学業と仕事を両立できるように」（ENCOUNT）,https://news.yahoo.co.jp/articles/e77031d62c800cd8a73f7bbf25d9ffcfaeb94f04,https://newsatcl-pctr.c.yimg.jp/t/amd-img/20250424-00787007-encount-000-6-view.jpg?exp=10800,2025-04-24T12:33:24+09:00,2025-04-24T16:33:22+09:00,ENCOUNT,encount,ENCOUNT,965,"元NHKアナの島津有理子さんは退職後に医学部に入り、50歳で医師に
日本テレビの安村直樹アナウンサー【写真：ENCOUNT編集部】
日本テレビの安村直樹アナウンサー（36）が今月、都内の大学医学部に入学したことが分かった。本人は「学業と仕事を両立できるように」と話しており、アナウンサーを続けながら医学の道を歩むとしている。
【写真】30キロ減量し“別人”と話題になっていた安村アナの姿
現役の局アナが医学部に入学。安村アナが異例の挑戦を始めた。2012年、慶応大総合政策学部卒業後に日本テレビに入社。入社14年目で情報・報道番組、スポーツ実況で存在感を見せているが、19年11月17日に放送された同局系『おしゃれイズム』に出演した際、安村アナは「お医者さんになりたかったですね」と即答。理由を聞かれると、「父が医師をしてまして、父のような内科のお医者さんになるのが夢だった」と告白していた。

　青山学院で小学校から高校まで過ごし、大学受験で医学部を受験することも考えていたが、「どうしてもラグビーをトップレベルでやりたくなって、慶応大学のラグビーも小さい頃からの憧れだったので受験して、卒業したらもう1回医者の試験を受けようと思っていた」と語っていた。そして、「ちょっと就職試験にも興味があって、アナウンサーの試験を最初に受けたら受かって」と回顧。その上で「辛い思いをされている方が私のアナウンスとかで元気になったり、お医者さんのようなアナウンサーになりたい」と笑顔を見せていた。

　だが、3年前に祖母を亡くしたことを機に「医師になりたい」との思いがよみがえったという。安村アナは同局を通じ、「内科医である父に憧れ、幼い頃から医師への憧れがありました。3年前に祖母を病で亡くし、医療スタッフの方々に温かく寄り添っていただいた経験から、医師への思いがさらに強くなり、受験を決意し、勉強を続けてきました。学業と仕事を両立できるように、共に真摯に向き合ってまいります」と明かした。

　元アナウンサーでは50歳で医師国家試験に合格した元NHKの島津有理子さんの例があるが、退職直後に医学部に入学している。現役局アナである安村アナの例は前代未聞。しかも二刀流で医師を目指すといい、その挑戦は長く注目されそうだ。
ENCOUNT編集部",[],[]
櫻坂46、4期生9人目…最後の新メンバーは山川宇衣　宮城県出身の19歳（ENCOUNT）,https://news.yahoo.co.jp/articles/ac3b247c20f50919a763bae764a53be8a4292888,https://newsatcl-pctr.c.yimg.jp/t/amd-img/20250424-00787015-encount-000-2-view.jpg?exp=10800,2025-04-24T12:20:13+09:00,2025-04-24T12:31:27+09:00,ENCOUNT,encount,ENCOUNT,240,"連日「櫻坂チャンネル」で発表
櫻坂46の4期生9人目の新メンバー・山川宇衣【写真：YouTube（@sakurazakachannel）より】
アイドルグループ・櫻坂46の4期生9人目の新メンバーとして、山川宇衣（やまかわ・うい）が加入することが櫻坂46のYouTubeチャンネル「櫻坂チャンネル」にて24日に発表された。
【動画】櫻坂46の4期生9人目の新メンバー・山川宇衣のプロフィール映像
山川は宮城県出身の19歳。今回の発表で4期生9人が出そろった。
ENCOUNT編集部",[],[]
『ラブライブ!』声優・飯田里穂、双子の出産を報告　15年には『紅白歌合戦』に出場（ENCOUNT）,https://news.yahoo.co.jp/articles/dbd0ae802e477e7991cce52203ef391161cedfef,https://newsatcl-pctr.c.yimg.jp/t/amd-img/20250424-00787034-encount-000-4-view.jpg?exp=10800,2025-04-24T12:05:46+09:00,2025-04-24T12:16:33+09:00,ENCOUNT,encount,ENCOUNT,378,"子役時代は“てれび戦士”としても人気
飯田里穂【写真：公式サイトより】
声優の飯田里穂（33）が24日、自身のXを更新。双子を出産したことを報告した。

　飯田は「ご報告です。桜が満開の、よく晴れた日に双子を出産しました」と報告。現在について「小さなふたりに毎日癒されながら、幸せな時間を過ごしています」と明かした。

　また「支えてくださった皆さま、本当にありがとうございます。これからもあたたかく見守っていただけたら嬉しいです」と赤ちゃんの2つの手を捉えた写真を添えた。

　飯田は埼玉県出身の33歳。2002年にNHK『天才てれびくん』で“てれび戦士”として人気を博したほか、2010年にアニメ『ラブライブ!』で声優デビュー。星空凛役を演じた。15年には『ラブライブ!』の声優としてNHK第66回『紅白歌合戦』にも出場している。
ENCOUNT編集部",[],[]
NegiccoのKaedeが第2子の妊娠発表　出産は秋予定「つわりの症状が出始め、つらい日もありますが」（ENCOUNT）,https://news.yahoo.co.jp/articles/ab9718eafeedc9ec33c5de8b1db8dec983634595,https://newsatcl-pctr.c.yimg.jp/t/amd-img/20250424-00787028-encount-000-8-view.jpg?exp=10800,2025-04-24T12:02:46+09:00,2025-04-24T12:41:33+09:00,ENCOUNT,encount,ENCOUNT,660,"2022年に第1子出産
NegiccoのKaede【写真：X（@Kaede_NGC）より】
新潟を拠点とするアイドルグループ・NegiccoのKaedeが24日、グループの公式サイトで第2子の妊娠を発表した。
【写真】「かわいい」と反響　Negicco・Kaedeが公開した第1子との2ショット
Negiccoの公式サイトでは「ファンの皆様へご報告」と題したエントリーで、「弊社所属、Negicco Kaedeが第二子を授かりました事をご報告申し上げます。今後の活動は体調を見ながら、無理のない範囲で行っていきますので、温かく見守って頂けましたら幸いです」と発表された。

　Kaedeは「この度、新しい命を授かりましたのでご報告いたします。出産は秋頃を予定しています。最近になってからつわりの症状が出始め、つらい日もありますが、家族やNegiccoメンバー・スタッフに支えられながら日々生活しています。出産前後にはお休みをいただきますが、出産後もNegiccoの活動を継続したいと思っています。また皆様の前に立てるように、元気に戻ってこられるように頑張ります。皆様もどうかお身体には気をつけてお過ごしください。そしてまたお会いできる日を楽しみにしています。今後ともよろしくお願いいたします」とコメントしている。

　Kaedeは2021年1月に一般男性と入籍し、22年10月に第1子を出産していた。

　Negiccoは、Nao☆、Megu、Kaedeの3人。3人とも結婚し、出産を経験している。
ENCOUNT編集部",[],[]
渡辺謙、阪神応援は「信仰」　栄冠奪還を視野に「秋までスケジュール空けてます」（ENCOUNT）,https://news.yahoo.co.jp/articles/70970eb501dbda865960280963721f3ff561435d,https://newsatcl-pctr.c.yimg.jp/t/amd-img/20250424-00786986-encount-000-1-view.jpg?exp=10800,2025-04-24T11:53:35+09:00,2025-04-24T11:53:35+09:00,ENCOUNT,encount,ENCOUNT,1298,"夏頃の失速聞かれ「そんなことないよ！」
新CM発表会に出席した渡辺謙【写真：ENCOUNT編集部】
俳優の渡辺謙が24日、都内で行われた株式会社ブロックバリュー新CM発表会に出席した。愛する阪神タイガースについて熱弁した。
【写真】「なんですか、このかっこいい親子」「謙さんがおちゃめ」の声も…杏＆渡辺謙の親子2ショット
熱烈な阪神ファンで知られる渡辺。「あれは日々の信仰みたいなもの」と切り出し、「生活の糧と言うか、一喜一憂しながら、メリハリをつけて、というところですね」とニッコリ。“俳優・渡辺謙”と“阪神ファン・渡辺謙”は別人なのかと報道陣にたずねられて「ですよね～（笑）。（阪神応援時は）そんな俳優の肩書は必要ない。色んなことで、去年の（阪神甲子園球場）100周年や今年の（球団創設）90周年など色んなことで（仕事として）応援はさせてもらっていますけど、基本的には、とても個人的に、毎日祈ってる次第です」と語った。

　また、延長10回表に大山悠輔の劇的ソロで横浜DeNAベイスターズを下した昨夜の一戦に触れて「昨日もそうだし、一昨日もそうだし、本当はもうちょっとワンサイドになってもいいゲームが、まぁちょっとクロスゲームになってしまった。そのへんは（藤川球児）監督も改善のしどころではないか」と意見。同監督の采配について「今は色んなことを試したり探っている状態だと思います。交流戦ぐらいから、色んなことが少し見えてくるのでは」と推測した。

　報道陣から、夏頃に失速するのではないかと意見されて渡辺は「そんなことないよ！」とすぐさま否定。「何言ってるんですか！　それはだいぶ昔の話。去年だって、かなりギリギリのところでちょっと失速したぐらい。（クライマックスシリーズ進出などに備えて）今年も秋までスケジュール空けてますから」と鼻息荒く語り、「今年の僕のテーマは（阪神のセ・リーグ優勝、日本一など）奪還ですから」と語気を強めた。

　また、退院報道が出た岡田彰布前監督について「ほぼ僕と同年代。まぁ、（この歳になると）色々あるような、ということで。またお仕事復帰されると思って、喜んでいます」と述べた。

　終盤、阪神御用達スポーツ紙・デイリースポーツの記者が質問を投げかけようとすると、イベント主催側がさらに阪神トークが続きそうな気配を察知して「すみません、タイガースの話はちょっと……」とブロック。しかし渡辺が「（会社から）聞けって言われるんだよ……！」と助け舟。同紙から今年の推しの選手を聞かれて「僕はね、門別（啓人）君はやっぱりもっともっといけると思いますよね。昨日も、もう一押しだった」とエールを送った。

　AIサーバーの国産メーカーであるブロックバリューは、地方創生をテーマに石川県志賀町にて、日本が誇れるデーターセンター環境の構築に取り組み、日本のサーバーベンダーの世界との競争力を向上させるリーディングカンパニーを目指している。渡辺は、4月25日より全国放映される新CM「サーバーの森」篇、「生成される都市」篇、「超高速エレベーター」篇に出演する。
ENCOUNT編集部",[],[]
父は有名俳優　“新郎姿”の33歳息子の報告に「一瞬ドキッとしちゃいました」の声（ENCOUNT）,https://news.yahoo.co.jp/articles/ef7d8854a6295aa194c2feed39b47d44c5115bce,https://newsatcl-pctr.c.yimg.jp/t/amd-img/20250424-00786999-encount-000-3-view.jpg?exp=10800,2025-04-24T11:50:53+09:00,2025-04-24T14:22:34+09:00,ENCOUNT,encount,ENCOUNT,419,"『特捜９　final season』に出演
時任勇気【写真：小黒冴夏】
俳優の時任勇気（33）が、24日までの自身のインスタグラムを更新。ドラマ出演の報告で添えたカットに「一瞬ドキッとしちゃいました」などの声が上がっている。
【写真】「カッコ良すぎ」　二世俳優・時任勇気の“結婚式ショット”
ニュージーランド生まれの時任は、俳優・時任三郎を父に持つ。13キロ減量して俳優の道に進んだ。

　その中で、テレビ朝日系連続ドラマ『特捜９　final season』（水曜午後9時）の23日放送第3話に出演することを報告。「新郎の高村裕樹役で出演します」とつづった。

　投稿では、タキシード姿の新郎姿で、後ろには新婦役の女優がダブルピースを決めている。ファンからは「カッコ良すぎる」「結婚したい」「一瞬ドキッとしちゃいました」「新郎姿なんてかっこいいんですか」「こんなイケメンの息子が欲しいです」などの声が寄せられている。
ENCOUNT編集部",[],[]
皇治、当て逃げ報道をRIZINに謝罪　直後に代表がまさかのオファー「やらないの？東京ドーム」（ENCOUNT）,https://news.yahoo.co.jp/articles/43e715b3b2b9f7957f89320aacd31189eaae112b,https://newsatcl-pctr.c.yimg.jp/t/amd-img/20250424-00786989-encount-000-4-view.jpg?exp=10800,2025-04-24T11:45:55+09:00,2025-04-24T14:28:32+09:00,ENCOUNT,encount,ENCOUNT,631,"「交通ルールを守らないと…」と呆れ
皇治【写真：ENCOUNT編集部】
格闘技イベント「RIZIN」を主戦場とする格闘家の皇治が24日までに自身のXを更新。一部で報じられたフェラーリでの当て逃げ事件についてRIZINに謝罪したことを報告した。
【動画】「かっこよすぎる」「内装センスよすぎ」…皇治の7000万円フェラーリ
皇治を巡っては、一部メディアで昨年末に単独での当て逃げ事故を起こしていたことが報道されていた。

　皇治は23日、Xを更新。RIZIN榊原信行代表のもとを訪れ「社長！　今回、いろいろ報道申し訳なかったです」と頭を下げた。

　これに榊原代表は「いや報道っていうか、やってることは社会的に責任のある立場なんだし交通ルールを守らないと……」と私見を述べた。

　対する皇治は「僕の軽率な行動やなというのも反省していますし、社長にも東京ドームの件あったのに迷惑かけたのすみません」と再び頭を下げた。

　榊原代表は「やったことに対してしっかりと責任を取って、また前に向かって進んでほしい」と背中を押し「大迷惑だよ（笑）。やらないの？　東京ドーム」と投げかけた。

　続けて皇治が東京ドーム大会に参戦するという案があったことも明かし「皇治が本当に腹が決まる、やれるんだったら東京ドーム、10周年だし、祭りだしさ」と語った。

　一方の皇治は「僕はファイターなので戦うことがけじめと思ってる。僕ができることはやりたい」と答えた。
ENCOUNT編集部",[],[]
TBS女子アナ、忘れ物したスタッフに「ぶちおこ」　“鬼詰め”「本気ですか？」「許されるの？」（ENCOUNT）,https://news.yahoo.co.jp/articles/ec88f230c7344ba5b302536b8ca33839c542eb56,https://newsatcl-pctr.c.yimg.jp/t/amd-img/20250424-00786949-encount-000-3-view.jpg?exp=10800,2025-04-24T11:23:31+09:00,2025-04-24T11:31:17+09:00,ENCOUNT,encount,ENCOUNT,681,"日比アナは笑顔「これサムネになるね」
TBS【写真：ENCOUNT編集部】
ゲーム好きなTBSアナウンサーが映像コンテンツを投稿するYouTubeチャンネル「GAME × GAME powered by TBS 【ガメガメ。】」が24日までに更新され、同局・日比麻音子アナと山本恵里伽アナの飲み企画映像が公開された。
【動画】「これサムネになるね」と日比アナは笑顔　スタッフに“鬼詰め”するTBS・山本恵里伽アナ
いまや恒例となった飲み企画。「【呑みログ】恵里伽様ブチギレ!?日比アナ行きつけのお店へ【量の日比&度数の恵里伽】」と題して映像が投稿された。

　今回の映像ではタイトルの通り、山本アナの表情が固まるシーンが。日比アナが撮影スタッフに対し「ちょっとありますよね？　報告しなきゃいけないこと」と話を振るとスタッフ一が「持ってくるのを忘れてしまいました」と白状する。

『報道特集』、『JNN　NEWS』などを担当している山本アナは「ゲームを忘れた？　本気ですか？　え、ガメガメですよね？　ガメガメってGAME×GAMEですよね？　忘れたんですか？　スタッフ側が？　それは……許されるの？」と詰めていた。

　日比アナは「えりか様、ぶちおこですよ（笑）。これサムネになるね。『えりか様ぶちおこ』」と笑っていた。

　この映像に視聴者からは「詰めの恵里伽」「美人過ぎる！」「いいコンビですね」「恒例の量の日比、度数の恵里伽企画！」「この企画が見たくてチャンネル登録してる」「今日も山本恵里伽さん綺麗で可愛い」などの声が寄せられている。
ENCOUNT編集部",[],[]
フットボールアワー後藤輝基、ミスタートロットジャパン学生チームに「『売れる奴を見た！』みたいな感覚」（ENCOUNT）,https://news.yahoo.co.jp/articles/fe11ae0fc510153333e1bf8aee6ed1c5c96ca131,https://newsatcl-pctr.c.yimg.jp/t/amd-img/20250424-00786798-encount-000-1-view.jpg?exp=10800,2025-04-24T11:10:00+09:00,2025-04-24T11:10:00+09:00,ENCOUNT,encount,ENCOUNT,2491,"前半の醍醐味は“舞踊語り歌手”「歌い出した瞬間、みんなが『うわー！』ってなった」
『ミスタートロット ジャパン』でMCを務めるフットボールアワーの後藤輝基【写真：ENCOUNT編集部】
お笑いコンビ・フットボールアワーの後藤輝基が、一発勝負の歌謡ショー『ミスタートロット ジャパン』（水曜午後9時）の準決勝後にENCOUNTの取材に応じ、同オーディションや出場者への思いを語った。（取材・文＝コティマム）
【動画】フット後藤をはじめ会場中が第一声で圧倒された風水ノ里恒彦の『大都会』
同番組は、韓国で社会現象を巻き起こした大人気歌謡オーディション番組の日本版で、映像配信サービス『Lemino（レミノ）』で配信中。番組MCを後藤、レジェンドマスター（審査員）を細川たかしが務める。トロットとは、韓国で演歌や懐かしの歌謡曲にあたる音楽ジャンル。『ミスタートロット ジャパン』では、全世界から選ばれた男性ボーカリスト74人が初代Mr.TROT（ミスタートロット）の座をかけオーディションに挑む。

　後藤は予選から決勝まで、MCとしてオーディションの進行を進めている。準決勝では10人が2人ずつ5組に分かれ、デュエット対決を行った。デュエット対決は、2人のうちどちらか1人のみ合格になるだけでなく、コンビとしてのデュエットも審査され、1位から5位まで5組の順位が決まる。1位になったコンビは2人とも合格となり、不合格になった出場者も決勝に進むことができる。しかし最下位の5位となったコンビは2人とも不合格となる。

　これまでの様子を振り返った後藤は、「世代も広い74名。それこそ10代から40代まで同じ土俵の上で戦う。審査するのも非常に難しいところではあると思います」と語った。「それぞれ、年齢は関係なくいろんな思いを持って来ている。10代はこの先、『夢と希望しかない』みたいな人もたくさんいるけど、やっぱり30代、40代、そして1度、2度、3度と、デビューはしたものの中途半端になってしまった人。そういう人間の思いも入り混じった大会っていうのは、なかなかないような気がしています」と思いをはせた。

　本選一次のチームミッションでは、10代の学生5人で結成されたチーム「ティーンズ」が、「アニソントロット」できただにひろしの『ウィーアー！』と、審査員を務める高橋洋子の『残酷な天使のテーゼ』を歌唱。圧倒的な歌唱力と見事なパフォーマンスで、予選に引き続きオールハートを獲得し、5人全員が本選二次へ進んだ。この時後藤は、思わず「若さっていいですね」と感嘆の声を漏らしている。

　後藤は、「『チーム』となってくると、みんなのいいところもなかなか出せず、『あれ？　大丈夫？　本当はもっと個性的やねんけどな……』と思ってしまうチームもいて。そんなところに、チーム『ティーンズ』のあの5人。あれは『うわっ！』ってなりましたね。会場のみんなも、審査員もなっていた」と、チームミッションを振り返った。「ステージが華やかやったし、なんか『売れる奴を見た！』みたいな、そんな感覚がありましたね。『原石』ってよく言うじゃないですか。原石の、表面がパリッと割れて、中のキラキラがちょっと見えたみたいな、そんな感じがありましたね」と称賛した。

　予選や本選一次では、コタローや中田成などお笑い芸人もチーム「コメディアン」として出場。しかし本選二次には進めず、コタローと中田は準決勝と決勝の前説を務めた。後藤は、「もちろんコメディアンでね、普段舞台に立ってお客さんの前でやっているので、慣れてはいるメンバーもいましたね。でも、いくらステージで慣れていても、歌がうまく歌える、歌えないというのは話が別。もともと持っている歌唱力とはまた別ですから」と語り、「見事に芸人が散っていったっていうのは、それが答えやったんじゃないですかね。後々、前説で力を発揮するという、芸人が芸人のまま過ぎていきましたけどね（笑）」とねぎらった。

　74人の中で印象に残った出場者を聞かれると、「『1人』を選ぶっていうのはなかなか難しいけど……」と前置きし、「最初の予選で出てきた、いわゆる“イロモノ”じゃないですが、どちらかと言うと“にぎやかし”の風水ノ里恒彦さん」と名前を挙げた。風水ノ里は日本舞踊を舞いながら歌うオリジナルジャンルの“舞踊語り歌手”として参戦している。「彼がクリスタルキングの『大都会』を『あ～あ～』って歌い出した瞬間、みんなが『うわー！』ってなった。それはこの大会の前半の醍醐味（だいごみ）だったんじゃないですかね。その後、現場にも慣れてきて、もともと持っているポテンシャルが、どんどんどんどん膨らんでいく様子も見えました。最初の“ドンっ”ていうインパクトは、風水ノ里さんが印象的でしたね」と語った。また、予選も本選も1位となった高校生・島憂樹にも触れ、「島君なんか最初からうまいけど、より良くなっていくみたいなね。（学生の）橋詰昌慧君もそうですし」と振り返った。

　自身はお笑いの道で成功をつかんでいるが、芸能界を生き抜くコツを聞かれると、「いや、もう、敷かれたレールを走っているだけです、我々は。僕も教えて欲しいぐらいです」と謙遜。しかし「芸能界で生き抜くという部分は、歌においても、お笑いにおいても、通じる部分があると思うんですね」と語り、「我々はもうヒットチャートにのぼっている曲ばかりを、車のラジオからだったり、テレビからだったり、ネットから流れてきて聞いている。ああいうとこから流れてくる曲は、始まった瞬間に『あ！　誰の曲や！』『あの人や！』って分かるじゃないですか。あれってすごいことですよね。声の違いで分かるとかではなく、声を発するだけで個性が一発で出ている。すごく難しいと思うんですよね」と“売れるアーティスト”について説明。「そこは芸人にも通じるかもしれませんが、“そういう人”が売れているところはあるでしょうから、そうなれるように頑張っていただきたい」とエールを送った。
コティマム",[],[]
渡辺謙、能登に「来月うかがう」　被災地支援を継続する意義語る「1回の応援ではなくて」（ENCOUNT）,https://news.yahoo.co.jp/articles/7450bdc0ed9ddbd38e5073ed01dc8b36c7a99df5,https://newsatcl-pctr.c.yimg.jp/t/amd-img/20250424-00786936-encount-000-1-view.jpg?exp=10800,2025-04-24T11:08:26+09:00,2025-04-24T11:08:26+09:00,ENCOUNT,encount,ENCOUNT,878,"宮城・気仙沼で定期的にカフェ
新CM発表会に出席した渡辺謙【写真：ENCOUNT編集部】
俳優の渡辺謙が24日、都内で行われた株式会社ブロックバリュー新CM発表会に出席した。2024年に起きた能登半島地震の被害を受けた石川県へのサポートに言及した。
【写真】「なんですか、このかっこいい親子」「謙さんがおちゃめ」の声も…杏＆渡辺謙の親子2ショット
AIサーバーの国産メーカーであるブロックバリューは、地方創生をテーマに石川県志賀町にて、日本が誇れるデーターセンター環境の構築に取り組み、日本のサーバーベンダーの世界との競争力を向上させるリーディングカンパニーを目指している。渡辺は、4月25日より全国放映される新CM「サーバーの森」篇、「生成される都市」篇、「超高速エレベーター」篇に出演する。

　コメントを求められた渡辺は「会社の説明をしてもらったときに『う～ん、なるほど』と思いながら（笑）、とにかくすごいことをやる会社なんだなということは分かりました」とコメント。「石川県で工場を作られて、それから能登も支援されている。そういう地域の応援をしている。そこから世界に発信している。意義ある会社だなと思います」と話した。

　東日本大震災後、宮城県気仙沼でカフェを定期的に開くなど、被災地支援に力を入れる渡辺。「この会社も色んな形で能登を応援していますし、僕も（石川県）七尾（市）にエアーベッドみたいなものを、かなりの数を送らせていただいた。ただやっぱり、続けることの意味のほうが、僕は大きいかなと思う。1回の応援ではなくて、ずっとその背中を僕らが押し続けてあげる、ということをこれからも続けていきたいです」と話した。

　また、石川県能登町などに「来月うかがうことにしている。やっぱり今、実際に、何に対して困っているのか、何に対して足りないものがあるのか。ニュースとかでは知り得ないことがたくさんある。実際現地に行って状況を見たり、お話をうかがうことで見えることがたくさんあると思う。現地に足を運ぶのは大事かなと思う」と話した。
ENCOUNT編集部",[],[]
新婚の31歳女優、共演陣も驚きの“ストレス発散法”告白「それこそダンナさんとのけんかとか」（ENCOUNT）,https://news.yahoo.co.jp/articles/af9a6edfa306f3169ab80cf7fa65f0b8e42d6f56,https://newsatcl-pctr.c.yimg.jp/t/amd-img/20250424-00786952-encount-000-2-view.jpg?exp=10800,2025-04-24T11:01:52+09:00,2025-04-24T11:16:04+09:00,ENCOUNT,encount,ENCOUNT,1259,"『アッパレやってまーす!』に出演
筧美和子【写真：ENCOUNT編集部】
タレントで俳優の筧美和子（31）が23日、水曜レギュラーを務めるMBSラジオ『アッパレやってまーす!』（月～木曜午後11時30分）に出演。たまったうっぷんの吐き出し先がラジオ番組への投稿だと明かした。リスナーが、テレビ番組で筧が『愚痴や悩みがある時、ラジオ番組に投稿しないと気が済まない』と話していたことをチェックしており、詳細に触れた。
【写真】「すてきな写真」「最高！」…筧美和子が公開した夫との“2ショット”写真
筧の意外な行動を知り、共演するケンドーコバヤシやアンガールズ・田中卓志は「ええっ」と声を上げて驚いた。ケンコバは1人のペンネームを挙げ「昔から筧ちゃんかなって」と笑わせると、筧は「さすがにこの番組に送ったことはないです」と否定した。

　筧は「始まりは、だいぶ昔。10年前ぐらいに（テレビ朝日）『（マツコ＆有吉の）怒り新党』って有吉さんとマツコさんがやってる番組あったじゃないですか。その当時、モデルの先輩とかでちょっときつい方がいて、そういうのをどこに吐き出せばいいか分からなくて。OLのふりして『怒り新党』に送ったんですよ。それが発散になってて」とスタートはテレビ番組だったと告白した。

　ケンコバが「採用は？」と聞くと、筧は「されてないんですよ」と返した上で「正直される気もたぶんなく、文章もそんなに練れてないので、本当に吐き出す感じで。番組スタッフさんには申し訳ないんですけど」と説明。田中は「いやいや、すごいよ」と言い、相方・山根良顕も「ありがたいよね、たぶん」と続いた。

　筧は「それから、ラジオ好きなんでよく聞いてて。同じ感覚でささいなこととかを、今気楽にメールとかで送れるんで、それこそダンナさんとのけんかとか、『私は髪短いのに、髪長い方が好きみたいなこと言われたんですけど、ひどくないですか?』みたいな。わざわざ人に話すことじゃないけど、何か消化したいっていう時に」と打ち明けた。ケンコバはフジテレビ『ノンストップ!』で採用されそうと話すと、筧は「ノーマークでした」と反応した。

　新婚の筧は「最近、ダンナさんが影響を受けて『僕、やる水（アッパレ水曜日）に送ろうかな』って言い始めましたね」と笑い、「（メッセージが）紛れ込んでる可能性あります。ペンネームは聞いてないんで」と明かした。ケンコバは「どっちが面白いやろうな。筧ちゃんだけ（ダンナのペンネームを）聞いとく方が面白いかな」と言うと、田中は「筧ちゃんがそれの相談に乗ってったら面白い。『それはあなたが悪いんじゃないの』（って）」と笑わせた。

　ケンコバは「楽しい趣味やね、それは」と言うと、筧は「楽しいです」と肯定。山根が「書いたら発散できる？　消化できる感じなの？」と聞くと、「今はそんなにすごい重い悩みとかではないですけど、当時はホントに誰にも言えないみたいなことだったんで、めちゃめちゃ救われました」と振り返った。
ENCOUNT編集部",[],[]
始球式控える34歳歌手、「ストライク投球」宣言にファン期待「フォームいい」「ノーバン届きそう」（ENCOUNT）,https://news.yahoo.co.jp/articles/223718244b76cf1c713d89d7efe467e0f298fb7c,https://newsatcl-pctr.c.yimg.jp/t/amd-img/20250424-00786944-encount-000-1-view.jpg?exp=10800,2025-04-24T10:42:17+09:00,2025-04-24T10:42:17+09:00,ENCOUNT,encount,ENCOUNT,560,"DeNA vs 中日の一戦に来場予定
miwa【写真：ENCOUNT編集部】
シンガー・ソングライターのmiwa（34）が、24日までに自身のインスタグラムを更新。来月に控える「始球式」の練習模様が注目を集めている。
【動画】「ノーバンで届きそう」　始球式に向けて投球練習する34歳歌手・miwa
2024年6月に髪をピンク色に染め、“激変”ぶりが話題となったmiwa。その後も金、青、茶など髪色を次々に変化させ、同年8月にはカナダへ移住したことも発表していた。

　そんなmiwaは、5月20日に行われる横浜DeNAベイスターズと中日ドラゴンズのスペシャルゲストとして来場が決定済み。試合前のミニライブとセレモニアルピッチに出演するほか、試合後はライブイベントも行われる予定で、「神奈川県出身の私にとって、大変光栄に思います」などとコメントしていた。

　その中で、「来月の横浜DeNAベイスターズの始球式に向けて練習してます」とつづり、投球練習の動画をアップした。

「足のケアとリハビリも欠かさず通っています！　順調に回復してます。みんなにストライク投球を見せたいです!!」

　投稿に対しては、「ノーバンで届きそう！」「フォーム良い！」「普通に投げれてますやん！」などの声が寄せられていた。
ENCOUNT編集部",[],[]
3週間で12㎏の減量、観客のブーイング　無敗だった22歳が敗れたワケ「急に打ち合えって言われても…」（ENCOUNT）,https://news.yahoo.co.jp/articles/170ed4f3d78509c2b331f0a6c11e53da292d2add,https://newsatcl-pctr.c.yimg.jp/t/amd-img/20250424-00786480-encount-000-2-view.gif?fmt=jpeg&q=85&exp=10800,2025-04-24T10:35:00+09:00,2025-04-24T10:51:31+09:00,ENCOUNT,encount,ENCOUNT,2026,"ジョシュア・ヴァンと対戦し判定負け
鶴屋怜【写真：山口比佐夫】
格闘家の鶴屋怜（22＝THE BLACKBELT JAPAN）は日本時間3月9日、米・ラスベガスのT-モバイル・アリーナで行われた「UFC 313: Pereira vs. Ankalaev」でジョシュア・ヴァン（23＝ミャンマー）と対戦し判定負け。MMAキャリア初黒星を喫した。試合から1か月、当日までの心境や反省について話を聞いた。（取材・文＝島田将斗）
【動画】「めちゃ美人」「綺麗すぎ」とネット仰天　UFCでカメラに抜かれた日本人美女
今回の対戦はショートノーティスだった。本来は2月の豪州・シドニー大会でスチュワート・ニコル（オーストラリア）と対戦予定であったが、相手のけがでキャンセルに。なんとしても試合がしたいという気持ちのなか、試合3週間前にヴァンとの試合が決まった。

「UFCって結構キャンセルになることがあるって聞いてました。ショートスパンでやることはいつかはあるんだろうなとは思っていて、今回は相手がランカー。これがタイトル戦だったら絶対受けるわけだし、そのときのために練習じゃないですけど、急きょのオファーでもやれるような気持ち作りをしないとなって思ってやりました」

　セコンドを務めた鶴屋浩代表からしても「賭け」だった。練習は変わらず2部練をこなしていたが、3週間前の体重は契約体重プラス12キロ。練習にあわせて緊急の減量もスタートした。

「3週間で12キロはいままでないですね。大体5週間前からきっちりやってたので。落とすパターンは決まっているので、本気を出せば落ちるなとは思っていたんですけど気持ち的な不安はありましたよね。今回は練習後にマシンに乗って1時間以上走るメニューを毎日繰り返していたので疲労が抜けないし溜まりましたね」

　グラップラーの鶴屋だが、今回は強みのタックルが切られ、なかなかテイクダウンできない展開が続いた。ダウンこそしなかったものの、相手のパンチを被弾しジャッジに悪い印象を与えてしまった。用意していたプランの少なさが敗因のひとつだった。

「タックルに入って寝技をするっていうプランAをこれまでの試合でやってきました。スタミナ的にも寝技だったらいくら動いても疲れないので、いつも通りやれば勝てるのではないかという話をしてました。プランBは特に考えておらず……」

　逆に言えば、これまではそのひとつのプランで相手を沈めてきた。今回は無敗であったことがあだとなったようだ。

「打撃戦になったときにどうするかというのを話し合っておけばよかったなと。出る直前も『相手とグラップリングをやればいい』って話をしてて、絶対寝かせられるって自分自身もセコンド陣も信じすぎてたんですよね。『やばいタックル行かなきゃ』って気持ちが強かったし、セコンドからも『本気で取りにいけ』って言われてて、最後のラウンドで打ち合えって言われたんですけど、『急にラストで打ち合うって言われても……』って気持ちでKOされても印象は悪いですし、いろいろよぎりましたね。だからちょっと下がり目になっちゃいましたね」

　試合中のブーイングも鶴屋を焦らせた。T-モバイル・アリーナのような収容人数、2万人規模での試合は今回が初だった。

「試合を見返してみたら、思ったよりもポイントを取られてるわけじゃなかった。緊張をしていたわけじゃないんですけど、会場からのブーイングがすごくて。いままでこんなブーイングを食らったことがなくて。それで『あれ？　俺負けてるのかな？』『取られてるんだな』って気持ちになっちゃって。負けてないって分かっていれば、他の戦い方もあったのかなとは思います」

　無敗の鶴屋のレスリングが通用しない姿は幻想を抱いていたファンにもショックを与えた。自身はランカーとの差を感じたのか。

「ランカーとの差というよりは、トップ選手との戦いってじゃんけんみたいなものなんですよ。自分はタックルにガンガン行くグラップラー。相性が悪かったですよね。ストライカーでもタックル切るのが下手なやつはいる。ヴァンはタックルを切って相手が付かれたところにパンチ当てるのが得意なので。倒せるとは思ってたんですけど、いままでとは違うタイプだなと。

　パントージャと自分がやったらテイクダウンは取れると思うんです。寝技だったら自分は自信があるので、やりあえると思うんです。ヴァンは寝技はできないけど、打撃に徹してきてる選手なので。結局は全部できないと勝てない世界なんですけど、もっと打撃のプランも考えておいた方が良かったなとは思いましたね」

　ひとつのプランだけで積み上げてきた10戦無敗。これまで対戦相手の研究もしたことがなかったという。11戦目で不敗神話は崩されることとなったが、UFCフライ級最年少ファイターにとってこの負けはとても大きな収穫だった。
島田将斗",[],[]
3歳で日本移住、心は生粋の日本人　大学中退→芸能界挑戦も実家でバイト暮らしだった日々…母親への感謝（ENCOUNT）,https://news.yahoo.co.jp/articles/3de04e38f6a145951b50a36a0ba390fe857438d7,https://newsatcl-pctr.c.yimg.jp/t/amd-img/20250424-00786463-encount-000-8-view.jpg?exp=10800,2025-04-24T10:20:00+09:00,2025-04-24T15:10:55+09:00,ENCOUNT,encount,ENCOUNT,2703,"YouTubeで「親孝行」をテーマにした動画を配信
インタビューに応じたマーティン【写真：舛元清香】
日本テレビ系『ZIP!』での「いただきマーティン！」のあいさつで朝からお茶の間に元気を届けていた“ハーフタレント”のマーティンが4月6日に30歳の誕生日を迎えた。そんな節目のタイミングにYouTube上で新たな企画をスタートさせた。テーマは「親孝行」。実の母親が顔出しで登場し、実際に親孝行していく姿を届けていくというものだ。なぜこのようなテーマでの発信を始めようと思ったのか。マーティンに理由を聞いた。（取材・文＝中村彰洋）
【動画】“美魔女”と話題…顔出しで登場したマーティンの母親の姿
「30歳になるタイミングで何かやりたいと悩んでいて、YouTubeをリニューアルするにあたり、松本泰治さん（フジ『めちゃ×2イケてるッ！』などを担当し、現在は極楽とんぼ・山本圭壱『けいちょんチャンネル』たのディレクター）に相談したら、『やりたいこと100個書いてみなよ』とアドバイスをもらいました。いろいろ書いていた中で、『親孝行』というワードが上位にありました。YouTubeでやるのは少しズルい気もしましたが、プライベートで感謝を伝えるのは少し照れ臭さもあるので、『これは良い機会だな』って（笑）」

　出身地はアメリカだが、3歳の時に母の故郷でもある日本へ移住した。英語は全く話すことができず、心は生粋の日本人だ。しかし、見た目は外国人のため、色眼鏡で見られることもしばしば。そんな時に救ってくれたのが母親だった。

「小学校の頃に先輩にいろいろ言われたことがあって、その時に母親に相談したら、学校に乗り込んでくれたこともありました。本当に強い人ですよね。素直にうれしかったです」

　中学校は“皆勤賞”。「反抗期は全くなかった」と笑う。今でも母親とは、一緒に買い物に出かけたり恋愛の話もしたりと、友達のような関係性と明かす。一方で、大学を早々に中退、実家暮らしの期間が長かったこともあり、「迷惑しかかけてないですね」とも口にする。

「学生時代は毎朝起こしてもらったり、弁当を作ってもらったり（笑）。大学もせっかく予備校に通わせてもらって、学費も払ってもらったのに、辞めちゃいました」

　教員志望で大学受験に臨むも、志望校には落ち続け、結果は第8志望の大学へ進学することに。「モチベーションも低い中、『学部で1人しか教員になれない』と最初に言われてしまって、『無理だ』と緊張の糸が切れちゃったんですよね」と当時を振り返る。

「遊ぶ生活になっちゃいそうだなと思い、だったら辞めちゃおうって。今思えば本当に甘えていましたね」
3～4年にわたるバイト暮らしの下積み生活「本当に何が起こるか分からない」
母親への感謝を明かした【写真：舛元清香】
そんな将来に思い悩んでいたタイミングで、SNSのDM経由でスカウトの連絡が届いた。

「昔からテレビっ子で目立つのが好きだったので、『これは良い機会だな』と思いました。大学を辞めようと思っていた時期だったので、『これをきっかけに1度芸能に挑戦してみよう』と決断しました」

　2016年にモデル活動をスタートさせ、芸能界デビューを果たしたものの、その後3～4年は日の目を見ることはなかった。バイト暮らしで金銭的にも厳しい日々が続いたが、「まだ何も始まっていない」と言い聞かせ、チャンスを待ち続けた。そういった努力が実を結び、現在の事務所・ツインプラネットへの所属が決まった。これをきっかけに、人生が激変していった。「本当に何が起こるか分からないなと思いました」。

　19年には日本テレビ系『ZIP!』内の食レポコーナー「いただきます！日本全国朝ごはんジャーニー」へのレギュラー出演をオーディションでつかみ取ったことで、知名度もグングンと上がっていった。『仮面ライダー』に憧れていたマーティンにとって、「まさか自分がタレント活動をすることになるとは思っていなかったです」と驚きを口にする。

　壁にぶつかったとしても、何事も前向きに捉える突き抜けてポジティブな性格が強みだ。「寝ちゃえば嫌なことは忘れます。悩みごともあまりないんですよね」。豪快に笑い飛ばす姿が印象的だが、高校生の頃までは「気にしいだった」と意外な一面も明かす。「あえて自分から全校生徒の前に立つようにしたり、自分で『雑音は気にしない』と言い聞かせていましたね」。そういった努力を積み重ねてこその今がある。
先輩・ウエンツ瑛士に憧れ「いつかお会いしてみたいです」
仕事については「NGはナシ」と断言したマーティン【写真：舛元清香】
今後については「目の前のことに全力であまり先のことは考えていない」と何事にも全身全霊を注いでいく。「『しゃべくり007』に出ることが夢なんです。事務所の先輩の（鈴木）奈々さんみたいに活躍したいですね。でもドラマにも出たいです。NGはナシです！」。

　芸能界では、いわゆる“ハーフタレント”と芸能人たちも多く活躍しているが、「そういった“枠”のようなものは気にしていないです」と断言。「ウエンツ（瑛士）さんに憧れています。MC力やトーク力などすごいなと思います。まだお会いしたことはないので、いつかお会いしてみたいです。緊張しそうです」と口にする。また、同事務所の村重杏奈にも対抗心を燃やす。「すごい活躍ですよね。悔しさもありますけど、僕には僕の戦い方があると思って頑張ります」。

　今回の「親孝行企画」はそんな“マーティンの戦い方”の一つになるだろう。「あの時、ああしておけばよかったということを一つでもなくしてほしいですね」と1人でも多くの視聴者に届くことを願っている。

「親へ感謝を伝えることが照れくさい人も多いと思います。そんな人がこの動画を見て、『ちょっと電話してみようかな』と思ってもらえたらうれしいですね。

　この企画を始める前に母へ『親孝行をしたい』と伝えたら、それだけでウルッとしてくれたんです。そんな一言だけでも親ってうれしかったりするんだなとも改めて感じたので、全力で親孝行していきたいです」

□マーティン　1995年4月6日、アメリカ出身。アメリカ人の父、日本人の母の間に生まれる。3歳から日本に移住し、神奈川県・平塚市で育つ。2019年3月から約3年間、日本テレビ系『ZIP!』内の「いただきます！日本全国朝ごはんジャーニー」でレギュラーを務めた。地元・平塚をこよなく愛し、平塚市の観光大使になることを目標に掲げている。
中村彰洋",[],[]
「お母さんの歯が8本ない」グラドルが売れたい驚きの理由　稼ぎで3本埋めるも悲劇「取れた拍子に」（ENCOUNT）,https://news.yahoo.co.jp/articles/31a7f0d0c1b160df04c8155a45f3ac951c72b324,https://newsatcl-pctr.c.yimg.jp/t/amd-img/20250424-00786896-encount-000-2-view.jpg?exp=10800,2025-04-24T10:05:55+09:00,2025-04-24T10:15:08+09:00,ENCOUNT,encount,ENCOUNT,510,"特技は足つぼマットの上で縄跳び
藤原ちの【写真：インスタグラム（＠chino_chandayo）より】
ABEMA『チャンスの時間』の20日放送回に出演したグラビアアイドル・藤原ちのに注目が集まっている。
【写真】「激可愛いち～の」「こういう感じが最高です！」とネット称賛　母の歯のために働くグラドルのグラビアショット
同番組の企画「私が一番カワイイオーディション」に登場した藤原。意気込みは「とにかく売れたい」でこの日は足つぼマットの上で縄跳びをする、という体を張った特技を披露した。

　スポーツウエアに着替え、縄跳びにMCの千鳥（ノブ、大悟）が期待も藤原はマットの上で全く飛べず。生まれたばかりの子鹿のように立つのも精一杯そうだった。

　力を見せたのはその後のトークだった。「私、どうしても売れたいんですよ」と切実。続けて「いま、お母さんの歯がないんです。どうしてもいれてあげたくて。お母さんいま、上下で8本ないです」と明かした。

　現在はグラビア活動に力を入れているそうで「3本だけは埋めてあげたんですけど、ポロっと取れた拍子に犬が食べちゃったんです」と衝撃のエピソードを披露していた。
ENCOUNT編集部",[],[]
BTSを生み出したプロデューサーが手掛ける&TEAM、デビュー3年目突入で結束力実感「経験を重ねて強くなった」（ENCOUNT）,https://news.yahoo.co.jp/articles/b26705b66b470c0f478ed20edcb16d7f01c2ecab,https://newsatcl-pctr.c.yimg.jp/t/amd-img/20250424-00786851-encount-000-3-view.jpg?exp=10800,2025-04-24T10:02:51+09:00,2025-04-24T14:12:29+09:00,ENCOUNT,encount,ENCOUNT,2148,"東京・豊洲PITで「3rd SINGLE SHOWCASE『Go in Blind (月狼)』」開催
「3rd SINGLE SHOWCASE『Go in Blind (月狼)』」を開催した&TEAM【写真：増田美咲】
グローバルボーイズグループ・&TEAMの3枚目シングル『Go in Blind（月狼）』が23日にリリースされ、同日に東京・豊洲PITで「&TEAM 3rd SINGLE SHOWCASE『Go in Blind（月狼）』」が開催された。BTSを生みだしたバン・シヒョク氏のプロデュースで飛躍を目指す9人。1時間にわたり、パフォーマンスとトークでファンを楽しませた。（取材・文＝近藤加奈子）
【写真】&TEAM「3rd SINGLE SHOWCASE『Go in Blind (月狼)』」の様子
開演時間になると、9人は『Go in Blind（月狼）』収録曲の『Run Wild』を初披露。歓声が飛び交う中、一糸乱れぬパフォーマンスで会場の空気を高揚させた。LUNE（&TEAMファンの総称）にとっても同曲の声出しは“初”となったが、応援方法もバッチリで歌唱後にFUMAは「楽しめました」と笑顔を見せた。

　その後はK-POP好きのお笑いコンビ・ドランクドラゴンの塚地武雅による司会でトークコーナーへ。リーダーのEJは「今年でデビュー3年目に入りましたが、一緒に9人でいろんなことを経験して、いろんなことを学んできました。その経験を重ねてグループとしての結束力も強くなったんじゃないのかなと思うし、LUNEの皆さんにもたくさんの思い出ができたんじゃないかなと思います。LUNEの皆さん、メディアの皆さん楽しみにしていてください」と穏やかな口調で語った。すると、Kが「『未来の皆さん』って何？」と突っ込み、EJは「メディアの皆さん（笑）」と言い直し。客席から笑いが起きた。

　タイトル曲の『Go in Blind（月狼）』については、JOが「先の見えない何かに挑戦する人の背中を押すような曲になっています」と説明。Kが「最初のJOのパートが一番好き。JOが『どうしてもあそこをかっこよくやりたいから』と言って、全体練習が終わった後に1週間1時間くらい毎日2人で（ダンスを）練習していました」と明かすと、客席から拍手が起きた。

　今月15日に公開されたパフォーマンス動画については、MAKIが「目を隠すサビの振り付けがあるんですけど、FUMAくんの超高速技術に注目していただければ」と言い、FUMAは「HARUAも歌いながら目を隠したダンスをするんですよ」とそれぞれのパフォーマンスのすごみを解説。HARUAは「FUMAくんの後ろで心臓バクバクでした（笑）。ミスらないようにいっぱい練習もしました」と実感を込めた。すると、Kが「緊張しすぎて肩上がってるやん」とHARUAの衣装をいじり、会場は再び笑いに包まれた。

　ショーケースの幕開けで披露した『Run Wild』が大好きというFUMAとHARUA。FUMAが「サビでポケットに手を入れるキャチーな振り付けがあるんですけど、あえて少ない動作で踊っているので、渋谷とかどこでも踊れますよね」とコミカルな動きを披露すると、HARUAが「TikTokとかでもマネしてほしい」と楽しそうに同意する一幕も。TAKIは同曲での“ヤンチャ感”の表現について「隠れてお菓子食べたりじゃないですけど、そういうささいなことを考えながら…」と回答。客席からは「かわいい～」の声が上がった。

　『Go in Blind（月狼）』の収録曲の『オオカミ系男子』がお気に入りのMAKIは「曲の終わりのHARUAとNICHOLASの声のケミストリーが良いなと思います」と絶賛。すると、NICHOLASは「『NICHOLASっぽく』歌いました」と言った。その理由は「オオカミ少年みたいに見た目はクールな感じなんですけど、実は（歌声が）温かいです」と説明した。声にも表情を付けたという意味で、客席をわかせた。YUMAは「自分の気持ちがストレートに表現されている楽曲なんですけど、サビの『僕を見て』のEJくんのパートが好き。すごくかっこいい」とベタ褒め。EJは「うれしいです」と言いながら照れていた。

　最後は『Go in Blind（月狼）』をパフォーマンス。大きな掛け声に合わせ、エネルギッシュに歌い、踊って色気を漂わせた。LUNEと心を一体にした1時間。再会を誓って、9人はステージを後にした。

□＆TEAM（エンティーム）　韓国で放送されたサバイバルオーディション番組『I-LAND』から、EJ（韓国）、K（日本）、NICHOLAS（台湾）、TAKIを招集。4人がデビュー組として参加したグローバルデビュープロジェクト「&AUDITION – The Howling -」に、追加選抜されたFUMA（日本）、YUMA（日本）、JO（日本）、HARUA（日本）、MAKI（日本）の5人が加わり、9人で結成。2022年12月に『First Howling : ME』でデビュー。

※LUNEのEはアキュート・アクセントを付したもの。
近藤加奈子",[],[]
「今年結婚」宣言の元グラドルが“豪遊”報告　旅先4泊5日「永遠に飲んでた」結果…「記憶無い」（ENCOUNT）,https://news.yahoo.co.jp/articles/25323aa4421435b2b7da09e2cb136c63241a1184,https://newsatcl-pctr.c.yimg.jp/t/amd-img/20250424-00786887-encount-000-6-view.jpg?exp=10800,2025-04-24T09:51:42+09:00,2025-04-24T11:57:18+09:00,ENCOUNT,encount,ENCOUNT,561,"4泊5日で北海道へ
小向美奈子【写真：X（@komukai375）より】
元グラビアアイドルの小向美奈子が、24日までに自身のインスタグラムを更新。4泊5日の札幌旅行の“飲み明かし”を報告している。
【写真】「旦那さん？」「素敵なカップル」…小向美奈子が結婚宣言とともに投稿した2ショット
今年5月に40歳となる小向。3月28日には自身のXで「今年結婚します!!」とつづり、音楽プロデュースなどマルチに活動するTHOGOとの2ショットを投稿していた。

　そんな小向は今月17日、「凄く疲れた。色々限界だわ。北へキタ。自分を癒す」と北の大地へ“癒しの旅”に出ることを宣言。21日には「昨日は札幌に東京の飲み友きた！　結果…記憶喪失」と、“飲み友”とハメを外してしまったことを明かしていた。

　今回の札幌旅行は4泊5日だった様子。「札幌飲み。4泊5日…永遠に飲んでた。最高な夜だったわ！」と振り返っている。

「ニューレトロBAR MIKADO、スーパースナック、7丁目のママ、JOLIJO、phoenix、ボー、他何軒か…楽しみ過ぎて記憶無い」

　仲間たちとのひと時もあり、しっかりと充電できた様子。「よかったですね」「札幌楽しんでるねー」「めちゃくちゃいい!!」などのコメントも寄せられていた。
ENCOUNT編集部",[],[]
「手を出してしまった…」米騒動で急浮上、物議の“アメリカ米”　日本の元料理人が絶賛するワケ（ENCOUNT）,https://news.yahoo.co.jp/articles/2e96a3ed847ece6d7033838044bc2f6f429f7c2b,https://newsatcl-pctr.c.yimg.jp/t/amd-img/20250424-00786793-encount-000-7-view.jpg?exp=10800,2025-04-24T09:40:00+09:00,2025-04-24T16:34:14+09:00,ENCOUNT,encount,ENCOUNT,2101,"カリフォルニア産のカルローズ米、試してみる人が続出
米国産のお米がにわかに注目を集めている【写真：本人提供】
全国的な米不足と価格高騰が深刻化する中で、“アメリカ米”がにわかに注目を集めている。トランプ政権との日米関税交渉を巡り、日本政府内で米国産米の輸入拡大案が急浮上。賛否の物議を醸しているのだ。日本人の主食であるお米に関する議論は尽きないが、SNS上では、米国産米を買ってみた・食べてみたという報告が相次ぎ、「これは普通に美味しい」と、味を受け入れる声も上がっている。米国産米の浸透を歓迎しているという元料理人に本音を聞いた。
【写真】カリフォルニア米を料理の付け合わせに…にわかに注目の米国産米、実際の活用法
「米不足のおかげでカルローズが世の中に浸透してきて嬉しい。

しかし日本米と同じつもりで炊くと粘り気が全然違うのでその辺りしっかり説明して売らないと…

粘りが少ないのでリゾットにおすすめです。
昔リゾット用にわざわざ注文してました。
しかし安くなったな…
＃カルローズ
」

　カリフォルニア産の品種「カルローズ」について意見をつづったのは、30代のふじふじい（@y1124f）さんだ。ふじふじいさんが店頭で見つけたのは、5キロで税抜き3199円のカルローズ米だ。

　調理師専門学校を卒業後、飲食業に就職。2012年夏、3か月の期間で、米国オレゴン州ポートランド周辺でイタリア料理店を中心にさまざまな飲食店を見て回ったという。「食べ歩きをしていない時は小遣い程度に屋台で唐揚げ弁当や親子丼を売る傍ら、友人宅に赴きイタリアンのフルコースのケータリングサービスなどをしていました」。

　日本に帰国後は、都内の高級イタリア料理店に勤め、「現在は飲食業とはかけ離れた医療系のエンジニアをしています」という。

　日本米に比べると、粘り気が少ないというカルローズ米。ふじふじいさんが注目している調理法は、リゾットだ。「帰国後、飲食業の第一線からは退いたものの副業としては続けていたのですが、その時、2016年当時に、卸業者さんからリゾット用にと紹介されたのがカルローズでした。当時勤めていたイタリア料理店でもやはりリゾット用に炊いて使っていましたが、個人的にも使い勝手がいいと感じていたのでプライベートでリゾットを炊く時はカルローズを使っています。ただ、食味については私は米としてではなく、あくまでもリゾットのベースとして愛用しているので比較はできません」。リゾットへの相性が抜群であることを強調する。
おすすめの食べ方は「みじん切りの玉ねぎとブイヨンでバターライス」
“令和の米騒動”によって、日本の食卓に訪れた変化。スーパーなどの店頭で売られているカルローズ米に初めてトライした人も多く、SNS上では「とうとううちの食卓にも。少し安かったらしい」「日本のお米とたいして変わらない美味しさでした」「カルローズ米って結構美味しいよ」「備蓄米よりカルローズ米のほうが安い　もっと輸入して」「他より安かったのでカルローズ米に手を出してしまった…」「外国米はまずいという先入観は、ただの偏見でした」など、味や価格に関する率直な感想が続々寄せられている。一方で、「やっぱり国産米」「いつか食べる日が来るんかな～」などの多様な意見が上がっている。

　ふじふじいさんは「カルローズは日本米に近い食感で、特に硬めのご飯をよく食べる人は違和感なく食べられると思います。おすすめの食べ方はみじん切りの玉ねぎとブイヨンでバターライスにして小分けでストックすることです。アルデンテに炊いた状態で、蒸れないようにしっかり冷ましてから小分けにすると、カルローズの特徴である粒状の食感を損なわずにいただけます」と、プロならではの食べ方を紹介する。その際の注意点として「普通のお米を炊く時より玉ねぎの分だけ減らした水分量で早炊きで炊くことです。こうすることでアルデンテになります」と教えてくれた。

　ここに来て米国産米の輸入拡大案のニュースが飛び出すなど、令和のコメ事情は不透明さが増している。

　ふじふじいさんには思うことがあるといい、「米不足についてですが、正直に申し上げて、これと言った理由が思い当たりません。強いて言うなら、綱渡りの減反政策によって、減る生産者と増える流通のバランスの面で、過大な負荷に耐えられなかったのではないかと思います。今は長い目で見る時期かなと個人的には感じています」と、米不足の現状を分析。

　そのうえで、「外国米の流通は単純に物理的な問題だと受け止めています。関税問題はあるとしても、日本米が高ければ安価な代替品に取って代わられるのは自然な流れですし、それでも日本米を好む人は食べればいい。嗜好品的な位置付けになるのではないでしょうか。あくまでも流通が落ち着くまでの一時的なものですが。日本人の米に対する視野が広がるいい機会だとも思っていますし、その結果日本米に戻ってくれれば、なおいいのではないでしょうか」との見解を示している。
ENCOUNT編集部／クロスメディアチーム",[],[]
ラウンドガール、番組でまさかの「事故」　MCは呆れ「リハなしで素人出るとこうなる」（ENCOUNT）,https://news.yahoo.co.jp/articles/1a75494b6f963b8b95f5fb8dbc49d974327e2b91,https://newsatcl-pctr.c.yimg.jp/t/amd-img/20250424-00786883-encount-000-7-view.jpg?exp=10800,2025-04-24T09:39:15+09:00,2025-04-24T16:48:45+09:00,ENCOUNT,encount,ENCOUNT,422,"ABEMA『チャンスの時間』
藤渡小百合【写真：ENCOUNT編集部】
タレントで格闘技エンターテインメント「BreakingDown」のラウンドガールも務める藤渡小百合がABEMA『チャンスの時間』の20日放送回に出演。「私が一番カワイイオーディション」に登場した。
【動画】「リハなしで素人出るとこうなる」と呆れ　ラウンドガールが番組で起こした「事故」
ラウンドガールをしながら美容サロンのオーナーをしているという藤渡。特技として格闘技のシャドーを見せたが、人気芸人が被害を受けるまさかの展開があった。

　お笑いコンビ・相席スタートの山添寛に協力を頼み、寸止めするような形でパンチを披露していたが、気分が乗ってミドルキックを繰り出すと、これが山添のボディーにクリーンヒットした。

　笑顔だった山添は真顔に。番組MCの千鳥・ノブは「事故、事故」「リハなしで素人出るとこうなる」「いかにプロがすごいか」とぼやいていた。
ENCOUNT編集部",[],[]
大吉とNHK鈴木奈穂子アナ、朝ドラの展開に驚き「出し惜しまないね」「普通またぎますよね」（ENCOUNT）,https://news.yahoo.co.jp/articles/d3546060923e48919a58a1ca07997e3a95217e5d,https://newsatcl-pctr.c.yimg.jp/t/amd-img/20250424-00786872-encount-000-3-view.jpg?exp=10800,2025-04-24T09:30:00+09:00,2025-04-24T09:59:55+09:00,ENCOUNT,encount,ENCOUNT,1064,"『あさイチ』恒例朝ドラ受け　『あんぱん』第19回はのぶと嵩の受験から結果まで
博多大吉（左）とNHK鈴木奈穂子アナウンサー【写真：ENCOUNT編集部】
NHK『あさイチ』（月～金曜午前8時15分）でMCを務める博多華丸・大吉と鈴木奈穂子アナウンサーが24日、恒例の朝ドラ受けを行った。この日は連続テレビ小説『あんぱん』の第19回が放送され、主人公・のぶ（今田美桜）の女子師範学校の受験の様子が描かれた。のぶは面接がうまくいかなかったことで元気がない。一方で嵩（北村匠海）は苦手な数学も何とかなったとし、家では合格の前祝いに赤飯も用意された。その後ついに合格発表の日がやってくる展開描かれた。『あさイチ』では、受験結果について朝ドラ受けを展開した。
【動画】「51歳には見えなかった」　『あんぱん』出演女優の着物姿
（※以下、ドラマの内容に関する記述があります）

『あんぱん』の第19回では、嵩は難関の高知第一高等学校を、のぶは女子師範学校を受験し、のぶは手応えがなかったものの合格した。一方、試験はうまくいったようにも思えた嵩だが不合格だった。

『あさイチ』では、受験の様子とともに受験の結果までも描かれたことに大吉が「『あんぱん』は出し惜しまないね」と驚き、鈴木アナが「普通またぎますよね」と反応すると、大吉が「結果は明日でしょ」と言って朝ドラ受けをスタートした。

　その後、大吉が「ダメだったかー」と嵩の不合格を残念そうに言うと、華丸が「ダメな展開でした。もう改札口から」と反応。大吉が「これでまた、お母さんたちはどうなるの」と心配すると、鈴木アナも「前祝いどうなるんだ？」と語った。すると華丸が「用意し過ぎですって。あれは」と、嵩の母・登美子（松嶋菜々子）と伯母・千代子（戸田菜穂）が合格発表前に用意した赤飯について言及した。

　また華丸は、嵩が試験を終えた際、伯父・寛（竹野内豊）から「今日ぐらいしたいことだけすればいい」と言われて夢中で漫画を描くシーンに言及。華丸は「嵩もわりにその気あったよ」と嵩は合格すると思っていたようだとした。嵩が描いた漫画には、嵩がのぶから合格の文字が書かれたパンをもらい「合格ハ　コノ　パン　ノ　オカゲ　ダネ」と話している様子が描いていた。大吉は「明日大変ですよ」と話していた。

『あんぱん』は、俳優・今田美桜が主人公・朝田のぶを、北村匠海が柳井嵩を演じ、漫画家・やなせたかしさんと妻・小松暢さんをモデルに戦前から戦後の激動の時代を生き抜く夫婦を描く物語。
ENCOUNT編集部",[],[]
2児の母の38歳タレントがさらに雰囲気がらり　目を引くスタイルに「全く変わってない」と驚きの声（ENCOUNT）,https://news.yahoo.co.jp/articles/c035360280c8d7584849a6a53de1c7cc1de0171c,https://newsatcl-pctr.c.yimg.jp/t/amd-img/20250424-00786862-encount-000-2-view.jpg?exp=10800,2025-04-24T09:22:54+09:00,2025-04-24T09:27:32+09:00,ENCOUNT,encount,ENCOUNT,495,"「新しいレインブーツ」披露
あびる優【写真：インスタグラム（＠yuabiru74）より】
タレントのあびる優が、24日までに自身のインスタグラムを更新。新しい“アイテム”とともに披露した近影に「綺麗すぎる」「スタイル神」などの声が寄せられている。
【写真】「綺麗すぎるー」　新レインブーツでスタイル際立つ、金髪姿の38歳あびる優
あびるは2001年にテレビ東京系『おはスタ』のアシスタント・“おはガール”として芸能界デビュー。38歳となった現在は2児の母でもある。

　そのあびるは、「雨だけど新しいレインブーツ。履けてハッピー」とつづり、超ミニのデニムショートパンツの鮮やかな金髪姿をアップした。

「全頭ヘアカラーチェンジしました　ココまで大胆に全頭ヘアカラーチェンジしたのは意外にも？人生初、、、どうですか？、、？」とつづっていたが、当時とはまた髪色が少し違うようにも見える。

　あびるの姿には、「髪色もスタイルも全部カッコいい」「綺麗すぎるー」「安室ちゃんを彷彿とさせますね…かわえぇ～」「スタイルが全く変わってなくて」「スタイル神」などの声が上がっていた。
ENCOUNT編集部",[],[]
23歳女優、映画イベントで堂々の背中見せ　ファン仰天「スタイル憧れる！」「大人になったね」（ENCOUNT）,https://news.yahoo.co.jp/articles/efb08090548ffa497d3fcf73b1b1934702b9fe59,https://newsatcl-pctr.c.yimg.jp/t/amd-img/20250424-00786856-encount-000-4-view.jpg?exp=10800,2025-04-24T09:13:14+09:00,2025-04-24T09:33:30+09:00,ENCOUNT,encount,ENCOUNT,554,"映画『国宝』完成報告会の裏側
森七菜【写真：ENCOUNT編集部】
俳優の森七菜（23）が24日までに「
#もりななのきまぐれ
」と自身のインスタグラムを更新。映画『国宝』完成報告会の裏側が話題となっている。
【写真】「スタイル憧れる！」「大人になったね」と驚愕　映画イベントで背中を見せた森七菜
森は「映画『国宝』完成報告会　オフショット」と2枚の写真を投稿。「
#森七菜
#もりななのきまぐれ
#映画国宝
#オフショット
#6月6日公開
」とハッシュタグを添えた。

　同作は吉田修一氏が手掛ける、任侠の一門に生まれながらも、歌舞伎役者の家に引き取られ、芸の道に人生を捧げる主人公・喜久雄の50年を描いた壮大な一代記。2017年から朝日新聞にて連載され、歌舞伎界を舞台にした本作は、連載時から大きな話題となり、18年に単行本化された。19年第69回芸術選奨文部科学大臣賞、第14回中央公論文芸賞をダブル受賞し、吉田氏が3年の間歌舞伎の黒衣をまとい、楽屋に入った経験を書き上げたこん身の作品となっている。

　背中を堂々と見せた投稿にユーザーからは「大人になったね」「可愛すぎます」「スタイル憧れる！」「大人になった七菜ちゃんも可愛いです！」「背中綺麗だぁ」などの声が寄せられている。
ENCOUNT編集部",[],[]
「もはやアスリート」15kg減量のTBSアナ、バキバキボディー　「ダイエット」宣言に「必要ある？」（ENCOUNT）,https://news.yahoo.co.jp/articles/dbafbce4717385137d3753224bec8bbb7e86ad17,https://newsatcl-pctr.c.yimg.jp/t/amd-img/20250424-00786838-encount-000-3-view.jpg?exp=10800,2025-04-24T09:01:00+09:00,2025-04-24T09:16:36+09:00,ENCOUNT,encount,ENCOUNT,414,"ボディービルの大会に出場
TBSの齋藤慎太郎アナ【写真：インスタグラム（@shintarosaito_）より】
TBSの齋藤慎太郎アナが18日までに自身のインスタグラムを更新。「ダイエット頑張りましょう」と呼びかけている。齋藤アナは今月19日に昨年、15キロの減量をしたことを明かしていた。
【写真】「もはやアスリート」「必要ある？」とネット衝撃　15kg減量のTBSアナのバキバキボディー
齋藤アナは「海が似合う身体へ（去年の写真です）今年もダイエット頑張りましょう」と肌がこんがりと焼け、筋肉が浮き上がった姿を紹介した。

　ボディービルの大会に出場していることでも知られている。齋藤アナは昨年、15キロの減量を敢行。比較写真で視聴者を驚かせていた。

　今回の投稿にユーザーからは「イケメンの体カッコイイ！！」「もはやアスリート」「いい肉体美です」「減量の必要ある？」などのコメントが寄せられている。
ENCOUNT編集部",[],[]
謎テンションで口走り→まさかの本家とコラボ　アイドルのパロディーネタに反響「どっちが本家だよ」（ENCOUNT）,https://news.yahoo.co.jp/articles/18db750f5b12aa412cca8206fb6dac29aef53cb7,https://newsatcl-pctr.c.yimg.jp/t/amd-img/20250424-00786842-encount-000-4-view.jpg?exp=10800,2025-04-24T08:48:20+09:00,2025-04-24T09:29:30+09:00,ENCOUNT,encount,ENCOUNT,686,"FRUITS ZIPPERのメンバーの月足天音「面白くしてくださり大感謝」
FRUITS ZIPPERの月足天音【写真：ENCOUNT編集部】
アイドルグループ・FRUITS ZIPPERのメンバーの月足天音が、24日までに自身のXを更新。「謎テンション」で発したパロディーネタがまさかの“本家”とコラボする事態となり、驚きの声を上げている。
【動画】「どっちが本家だよ」　パロディーネタ挑戦した人気アイドル＆“本家”のボーカルダンスユニットのメンバー
月足は、ある投稿を引用。「『イイじゃん』にハマっているとき、配信中に謎テンションで『ビジュパンマン』と口走ってしまい大変失礼な事をしてしまったんではないかと後から不安になり少し反省していたのですが、面白くしてくださり大感謝です。ありがとうございました」とつづった。

『イイじゃん』は、5人組ボーカルダンスユニットM!LKのヒット曲。特に、「今日ビジュイイじゃん。盛れててイイじゃん。めちゃくちゃイイじゃん。Ummm イイじゃん」の箇所がTikTokでもバズっているが、月足はビジュとアンパンマンのものまねを組み合わせて、“ビジュパンマン”と再三披露していた。

　M!LK公式TikTokでは、「ビジュパンマン選手権」が開催され、FRUITS ZIPPERの仲川瑠夏、M!LKの佐野勇斗と曽野舜太、そして天音が「ビジュパンマン」を披露している。

　まさかのコラボに、「本家もやっててヤバい」「本家がビジュパンマンしてくれると思わなかった笑笑笑笑」「どっちが本家だよ」などの声が寄せられている。
ENCOUNT編集部",[],[]
7年放置の高級愛車、エンジンかけると白い煙　視聴者騒然「やってはいけない掛け方」「ぶっ壊しにかかっとるw」（ENCOUNT）,https://news.yahoo.co.jp/articles/6dcce41ed5f1c6ff8ae05b63eaa422770b2a1b51,https://newsatcl-pctr.c.yimg.jp/t/amd-img/20250424-00786816-encount-000-4-view.jpg?exp=10800,2025-04-24T08:35:00+09:00,2025-04-24T09:59:09+09:00,ENCOUNT,encount,ENCOUNT,749,"エンジンルームには白サビ
寺門ジモン【写真：ENCOUNT編集部】
お笑いトリオ・ダチョウ倶楽部の寺門ジモンは7年間放置した愛車ポルシェ 911 993の“レストア”企画に挑戦している。その模様がグーネットの公式YouTubeチャンネルで公開された。
【動画】「やってはいけない掛け方」「ぶっ壊しにかかっとるw」と騒然　白い煙に赤いランプが光る7年放置の高級愛車
7年間も放置した代償は大きかった。エンジンルームを開くとさまざまな場所に白サビが。さらにメカニックによると「オイルが降りている」状態だという。エンジンは全て取り換えていく。

　次にバッテリーを検査。機械をつなげると電気が通っていることは確認できた。すると次の瞬間、ピッピッピッピと盗難防止アラームが鳴り響いた。ジモンは「生きてた！」と驚き「俺と同じ腹式呼吸だったよ」と元気な音にうれしそうだった。

　警報アラームはなんとか押さえることに成功したが、クラクションがなかなかとまらない。放置している間、クラクションが押された状態で固まってしまったそうだった。

　燃料ポンプとバッテリーが生きていたことを確認できた後、エンジンをかけてみることに。なかなかかからなかったが数分後、白い煙をあげながらかかっていた。

　ジモンは興奮していたが「赤いランプがいっぱいついたよ。絶対ダメな赤いランプが」と心配そうに。メカニックは「とりあえず心臓は生きてる」と説明していた。

　この映像に視聴者からは「オイル下がってるのにクランクしたらダメだろ」「七年ぶりならエンジンかけない方が」「一番やってはいけないエンジンの掛け方」「復活の日を楽しみにしております」「エンジン掛けてぶっ壊しにかかっとるw」などの声が上がっている。
ENCOUNT編集部",[],[]
朝ドラ出演のBE:FIRST・三山凌輝に“婚約破棄”報道　所属事務所「法令違反はない」「最終的に結婚には至らず」（ENCOUNT）,https://news.yahoo.co.jp/articles/01644b793fea8245a8415faae670b404577eab85,https://newsatcl-pctr.c.yimg.jp/t/amd-img/20250424-00786829-encount-000-12-view.jpg?exp=10800,2025-04-24T08:24:07+09:00,2025-04-24T16:10:38+09:00,ENCOUNT,encount,ENCOUNT,1198,"週刊文春がRちゃんとのトラブルを詳報
BE:FIRSTの三山凌輝【写真：ENCOUNT編集部】
7人組ダンス＆ボーカルグループ・BE:FIRSTのメンバーで俳優の三山凌輝について、24日発売の週刊文春が「“結婚詐欺”1億円を貢がせた」の見出しで女性とのトラブルを報じている。相手はアパレル会社社長でYouTuberのRちゃんで、同誌は「三山がＲちゃんと婚約をしながら、音信不通になった」などと詳細に伝えている。この概容は23日に文春オンラインが報じており、三山の所属事務所が23日深夜、声明を発表した。（以下全文）
【写真】三山凌輝とのトラブルが報じられている美人YouTuber
○一部報道について

　このたび一部報道により取り上げられました、三山凌輝／RYOKIに関する件につきまして、まず初めに、ファンの皆様ならびに関係各位の皆様に、多大なるご心配とご迷惑をおかけしましたことを、心より深くお詫び申し上げます。

　本件につきましては、その内容の性質に鑑み、当事者からの聞き取りに加え、専門家のご協力を得て事実関係の確認を行いました。なお、三山の俳優事務所であるFlash Up etoileと、アーティストマネジメントを担っているBMSGの両社にて事実確認を進めてまいりましたことから、今回のご報告は両社連名で行わせていただきます。

　報道にもあります通り、三山がかつて報道にありました方と真剣に交際していたことは事実でございます。双方のプレゼントのやりとりがございましたが、法令に違反していることがないことを確認しております。なお、二人の交際は最終的に結婚には至らず、双方合意のもとで関係を終了しております。

　本件にて心痛を感じられた方々に対しては、当社としても遺憾の意を表すとともに、三山共々お詫び申し上げます。三山にはまだ未熟で至らぬ点もあると認識しておりますが、今後は更に一社会人としての自覚を持つように指導して参ります。

　最後に、報道関係者の皆様へお願いがございます。本件に関わる報道にありました方ご本人はもとより、ご家族、近隣の方々、また関係者やファンの皆様に対して過度な取材や接触がなされることのないようお願い申し上げます。また、誤解を招くような見出しやリード文、ならびに当事者の尊厳を傷つけるような内容の報道につきましても、人権尊重の観点から慎重なご配慮を賜りますよう、重ねてお願い申し上げます。　Flash Up etoile／BMSG

　25歳の三山は中学時代から芸能活動を始め、俳優として、ドラマ、映画、舞台など多くの作品に出演。21年からはBE:FIRSTのRYOKIとしてアーティスト活動も続けている。2024年前期放送のNHK連続テレビ小説『虎に翼』には、主人公・猪爪寅子（伊藤沙莉）の弟・猪爪直明役で出演して話題になった。
ENCOUNT編集部",[],[]
【あんぱん】受験結果に明暗　嵩が家に帰らず…登美子の言動にも注目（ENCOUNT）,https://news.yahoo.co.jp/articles/d2c93680c2ef70ccbacf16430f87b534452de312,https://newsatcl-pctr.c.yimg.jp/t/amd-img/20250424-00782598-encount-000-1-view.jpg?exp=10800,2025-04-24T08:15:00+09:00,2025-04-24T08:15:00+09:00,ENCOUNT,encount,ENCOUNT,567,"今田美桜が主人公・朝田のぶを演じるNHK連続テレビ小説　第20回の見どころ紹介
嵩（北村匠海）と話すのぶ（今田美桜）【写真：(C)NHK】
俳優・今田美桜が主人公・朝田のぶを、北村匠海が柳井嵩を演じるNHK連続テレビ小説『あんぱん』（月～土曜午前8時）。第19回では、のぶと嵩は無事試験を終えるが、のぶは自信がないと肩を落とし、羽多子（江口のりこ）らが励ます中、合格発表の日を迎える様子が描かれた。25日放送の第20回はどんな展開になるのか。
【動画】「51歳には見えなかった」　『あんぱん』出演女優の着物姿
（※以下、ドラマの内容に関する記述があります）

　受験したのぶと嵩の明暗が分かれる。静まり返った柳井家で、寛（竹野内豊）たちに頭を下げる嵩。そこに、のぶと草吉（阿部サダヲ）があんぱんを届けに来る。朝田家はうれしい時もしんどい時もあんぱんを食べると話すのぶに、登美子（松嶋菜々子）が……。翌朝、御免与町を去ろうとする登美子を追いかける嵩。そして、草吉に自分は何のために生まれて来たのかと尋ねた嵩は、その夜、家に帰らず……。

　作品は、漫画家・やなせたかしさんと妻・暢さんをモデルに、苦難に面しても夢を忘れず荒波を乗り越え、“逆転しない正義”を体現した『アンパンマン』にたどり着くまでの愛と勇気の物語。
ENCOUNT編集部",[],[]
好感度高い永野芽郁に“二股不倫”報道…否定も「誤解が生じる行動」、田中圭の事務所は「言い訳の通りにくい出来事」（ENCOUNT）,https://news.yahoo.co.jp/articles/2f336a5edf82bb15dcbd366ec3339d215980b36b,https://newsatcl-pctr.c.yimg.jp/t/amd-img/20250424-00786818-encount-000-5-view.jpg?exp=10800,2025-04-24T08:12:27+09:00,2025-04-24T09:08:04+09:00,ENCOUNT,encount,ENCOUNT,951,"文春砲　『キャスター』で共演中のキム・ムジュンが自宅に出入りする状況も報道
永野芽郁と田中圭【写真：ENCOUNT編集部】
俳優・永野芽郁（25）と俳優・田中圭（40）が不倫交際していると24日発売の週刊文春電子版が報じている。永野に関しては、TBS系連続ドラマ『キャスター』（日曜午後9時）で共演中の韓国人俳優のキム・ムジュン（26）との交際も報じており、「二股不倫」とも表現している。いずれも男性が永野の自宅に入る状況などを伝えているが、永野の所属事務所は双方との交際を否定。田中の所属事務所も「不倫はない」としている。
【写真】永野芽郁と共演中のキム・ムジュン
好感度の高い永野のイメージを覆す報道。ネットには「ショック」「信じられない」などの声が相次いだ。これを受け、永野の所属事務所はENCOUNTにコメントを寄せた。

「田中さん、キム・ムジュンさんは俳優としての先輩や仲間であり、交際等の事実はございません。しかしながら、この度は誤解が生じてしまう行動であったことを自覚するよう本人に厳しく伝えました。また、このような報道により、関係者の皆様、広告、作品等に関わるクライアントやスタッフの皆様、そして応援してくださっているファンの皆様に、多大なるご心配とご迷惑をお掛けすることを、深くお詫び申し上げます」

　同誌には永野との手つなぎ写真も掲載されているが、田中は所属事務所を通じて「私自身40歳であり妻も子どももいる身で、不倫関係にあったということは否定いたします」などとコメント。所属事務所は「本人が言う様に『不倫はない』と言う事を信じたいという気持ちです」とした上で、「こうした行動がすでに問題であり、このとても言い訳の通りにくい出来事は、その顛末について事務所として大いに反省するとともに本人に強く自戒、自重を求めるところです」。続けて「奥さまやご家族、信頼していただいている作品の製作者や代理店、スポンサーの皆さま、そして田中圭を愛してくれているファンの皆さまに申し訳ない気持ちでいっぱいです」と謝罪している。

　本人のコメント通り、田中は1歳上のタレント・さくらと11年8月31日に結婚。2児をもうけた後、さくらは16年末をもって芸能界を引退している。
ENCOUNT編集部",[],[]
38歳人気女優が資格取得を報告、ネット祝福＆仰天「お忙しいのに…すごい！」　3年前に7歳年下俳優との結婚も話題に（ENCOUNT）,https://news.yahoo.co.jp/articles/4e150b145b54a93450bc83aefd7ad75e914b4288,https://newsatcl-pctr.c.yimg.jp/t/amd-img/20250424-00786498-encount-000-5-view.jpg?exp=10800,2025-04-24T07:20:00+09:00,2025-04-24T11:19:26+09:00,ENCOUNT,encount,ENCOUNT,527,"新たな野望記す「夢はマイキッチンカーで日本各地を回る事です」
桜井ユキ【写真：舛元清香】
俳優の桜井ユキが22日、自身のインスタグラムを更新。「食品衛生責任者」の資格を取得したことを報告した。
【写真】「お忙しいのに…すごい！」…人気女優が実際に取得した資格の証拠写真
桜井は「急に暖かくなりましたね　わたしは昨日から半袖短パンで寝てます　嘘です、年中半袖短パンです」とプライベートを明かしつつ、こう続けた。

「皆さまこんにちは　ずっと取りたかったこちら　やっと取れましたー　夢はマイキッチンカーで日本各地を回る事です」として「食品衛生責任者」の資格取得を報告した。

「キッチンカーやりたいなあ　何ご飯がいいかなあ　そしてそして今日も『しあわせは食べて寝て待て』放送です」と思いをはせていた。

　この報告にフォロワーからは「忙しい中で よくそんな時間がありましたね！」「お忙しいのに資格を取れるなんてすごいですね！」「おめでとうございます。キッチンカー楽しみです」「ユキちゃんのキッチンカーやばいです」などのコメントが寄せられていた。

　38歳の桜井は2022年1月に俳優・黒羽麻璃央（31）との結婚を発表し、話題を呼んだ。
ENCOUNT編集部",[],[]
小嶋陽菜が東京ドームで野球観戦、同行者は意外な人物　ネット羨望「いい席のチケットいいな」「周りの人びっくりするんじゃ」（ENCOUNT）,https://news.yahoo.co.jp/articles/90cbd4fe4119f96a001961cfefda32d6c0bf315b,https://newsatcl-pctr.c.yimg.jp/t/amd-img/20250424-00786578-encount-000-4-view.jpg?exp=10800,2025-04-24T07:10:00+09:00,2025-04-24T09:35:43+09:00,ENCOUNT,encount,ENCOUNT,441,"「小木さんに誘ってもらい野球観戦」SNSに2ショット投稿
小嶋陽菜【写真：インスタグラム（＠nyanchan22）より】
元AKB48でタレントの小嶋陽菜が22日、自身のXを更新。芸能界の先輩と野球観戦にいったことを報告した。
【写真】「勝利の女神」「周りの人びっくりするんじゃ」…隣には有名人、小嶋陽菜が投稿した2ショット
東京ドームの巨人―中日戦を、“いい席”で楽しんでいた。バックネット裏の前から4列目。巨人のタオルを首に巻き、キャップ姿でカメラ目線の小嶋の隣にいたのはおぎやはぎの小木博明だった。

「小木さんに誘ってもらい野球観戦」として2ショット2枚を投稿。2枚目は小木もカメラ目線になっていた。

　これにフォロワーからは「いい席のチケット取れていいな」「こじはると、羨ましすぎる」「わー久しぶりの小木さんとのツーショ！」「良き席のドームで観戦、しかも勝ち試合　勝利の女神」「巨人戦ですね周りの人びっくりするんじゃ」などと驚きの声が上がっていた。
ENCOUNT編集部",[],[]
