headline,mainEntityOfPage,image,datePublished,dateModified,author,media_en,media_jp,str_count,body,images,external_links
長崎地区では7年ぶり「県高総体の総合開会式」83校約2300人が入場行進《長崎》（長崎国際テレビ）,https://news.yahoo.co.jp/articles/163d90f115310796603d90b9995ce386301ed6e8,https://newsatcl-pctr.c.yimg.jp/t/amd-img/20240531-09296539-nib-000-8-thumb.jpg?exp=10800,2024-05-31T18:32:42+09:00,2024-05-31T21:57:48+09:00,長崎国際テレビ,nib,長崎国際テレビ,802,\nNIB長崎国際テレビ\n高校生のスポーツの祭典県高総体の総合開会式が行われました。\n\n来月7日まで熱戦が繰り広げられます。\nNIB長崎国際テレビ\n長崎市で行われた県高総体の総合開会式には、83校の約2300人が堂々と入場行進しました。\nNIB長崎国際テレビ\n開会式は長崎、県央、県北の3つの地区で持ち回りで開催されますが、2020年は新型コロナウイルスの影響で大会が中止。翌年も開会式は行われず、長崎地区での開会式は2017年以来、7年ぶりです。\nNIB長崎国際テレビ\n今年のスローガンは「今こそ 解き放て情熱を掴みとれ勝利を」。\n\n式では、長崎工業高校水球部の岡 秀眞 主将が力強く選手宣誓をしました。\nNIB長崎国際テレビ\n（長崎工業高校 岡 秀眞主将）\n「宣誓 私たちは今まで仲間とともに励まし合い、時にはぶつかりあい、互いに高めあい、練習に取り組んできた。競技に全力で臨み、スポーツマンらしく正々堂々と試合をすることを誓う」\nNIB長崎国際テレビ\n今年の県高総体には、31の競技に88校から約9800人が出場。\n\n競技は6月1日から行われ、来月7日まで熱い戦いが繰り広げられます。\nNIB長崎国際テレビ\n（冷川小粹アナウンサー）\n大会は、6月1日はバスケットボールやソフトボールなど、23の競技で初戦が行われます。\n\n青木アナ、いよいよ今年の県高総体が開幕しましたね。\n\n（青木雄大アナウンサー）\n今年のインターハイは、北部九州開催で県内で実施される競技もありますので、高校生の活躍が非常に楽しみです。\nNIB長崎国際テレビ\n（冷川アナ）\nＮＩＢでは31日の総合開会式の様子を午後7時から動画配信サービス「DEJIMA ch」で配信します。ぜひご覧ください。\n▽大会期間中の天気予報（31日現在）\nNIB長崎国際テレビ\n◇ ◇ ◇,"['https://newsatcl-pctr.c.yimg.jp/t/amd-img/20240531-09296539-nib-001-8-view.jpg?exp=10800', 'https://newsatcl-pctr.c.yimg.jp/t/amd-img/20240531-09296539-nib-002-8-view.jpg?exp=10800', 'https://newsatcl-pctr.c.yimg.jp/t/amd-img/20240531-09296539-nib-003-8-view.jpg?exp=10800', 'https://newsatcl-pctr.c.yimg.jp/t/amd-img/20240531-09296539-nib-004-8-view.jpg?exp=10800', 'https://newsatcl-pctr.c.yimg.jp/t/amd-img/20240531-09296539-nib-005-8-view.jpg?exp=10800', 'https://newsatcl-pctr.c.yimg.jp/t/amd-img/20240531-09296539-nib-006-8-view.jpg?exp=10800', 'https://newsatcl-pctr.c.yimg.jp/t/amd-img/20240531-09296539-nib-007-8-view.jpg?exp=10800', 'https://newsatcl-pctr.c.yimg.jp/t/amd-img/20240531-09296539-nib-008-8-view.jpg?exp=10800']","['https://news.yahoo.co.jp/articles/163d90f115310796603d90b9995ce386301ed6e8/images/000', 'https://news.yahoo.co.jp/articles/163d90f115310796603d90b9995ce386301ed6e8/images/001', 'https://news.yahoo.co.jp/articles/163d90f115310796603d90b9995ce386301ed6e8/images/002', 'https://news.yahoo.co.jp/articles/163d90f115310796603d90b9995ce386301ed6e8/images/003', 'https://news.yahoo.co.jp/articles/163d90f115310796603d90b9995ce386301ed6e8/images/004', 'https://news.yahoo.co.jp/articles/163d90f115310796603d90b9995ce386301ed6e8/images/005', 'https://news.yahoo.co.jp/articles/163d90f115310796603d90b9995ce386301ed6e8/images/006', 'https://news.yahoo.co.jp/articles/163d90f115310796603d90b9995ce386301ed6e8/images/007']"
ペットボトルを「水平リサイクル」使用済みを “繰り返し再生” 大村市で循環型社会の実現へ《長崎》（長崎国際テレビ）,https://news.yahoo.co.jp/articles/2781d1f571c9a92f0350f07c3b6e23f5f56f4a01,https://newsatcl-pctr.c.yimg.jp/t/amd-img/20240531-04736876-nib-000-6-thumb.jpg?exp=10800,2024-05-31T19:13:43+09:00,2024-05-31T21:57:48+09:00,長崎国際テレビ,nib,長崎国際テレビ,618,\nNIB長崎国際テレビ\n使用済みペットボトルを新たなペットボトルに再生する「水平リサイクル」をご存じでしょうか。\n\n大村市と大手飲料メーカーが今年度から取り組むことになり、協定を結びました。\nNIB長崎国際テレビ\n水平リサイクルに関する協定を結んだのは、大村市と、大手飲料メーカーのサントリーグループです。\n\n（サントリーホールディングス 西脇 義記 副本部長）\n「啓発活動などを含めて、循環型社会に貢献できることを実現していきたい」\nNIB長崎国際テレビ\n水平リサイクルとは、使用済みのペットボトルを新たなペットボトルとして、“繰り返し”再生する取り組みのこと。\n\n国内のペットボトルは、リサイクル率が「86.9％」と高い割合で再利用されているものの、多くが食品トレーや衣類への再生で、使用後は焼却されています。\nNIB長崎国際テレビ\nペットボトルへの再生が3割にとどまる中水平リサイクルを取り入れることで、化石由来の原料の使用や製造時の二酸化炭素排出量を削減できるといいます。\n\n（園田大村市長）\n「市民の皆さんに理解を広げて、一緒にゼロカーボンシティ 大村市に向かっていく取り組みの1つになると確信している」\nNIB長崎国際テレビ\n市では年間80トンのペットボトルを回収していて、今年度は500ミリリットルのペットボトル200万本分にあたる40トンを、水平リサイクルにあてるということです。,"['https://newsatcl-pctr.c.yimg.jp/t/amd-img/20240531-04736876-nib-001-6-view.jpg?exp=10800', 'https://newsatcl-pctr.c.yimg.jp/t/amd-img/20240531-04736876-nib-002-6-view.jpg?exp=10800', 'https://newsatcl-pctr.c.yimg.jp/t/amd-img/20240531-04736876-nib-003-6-view.jpg?exp=10800', 'https://newsatcl-pctr.c.yimg.jp/t/amd-img/20240531-04736876-nib-004-6-view.jpg?exp=10800']","['https://news.yahoo.co.jp/articles/2781d1f571c9a92f0350f07c3b6e23f5f56f4a01/images/000', 'https://news.yahoo.co.jp/articles/2781d1f571c9a92f0350f07c3b6e23f5f56f4a01/images/001', 'https://news.yahoo.co.jp/articles/2781d1f571c9a92f0350f07c3b6e23f5f56f4a01/images/002', 'https://news.yahoo.co.jp/articles/2781d1f571c9a92f0350f07c3b6e23f5f56f4a01/images/003']"
【長崎くんち】 いよいよ稽古始め「小屋入り」前の最終調整　五嶋町4度目の奉納に向け一丸に《長崎》（長崎国際テレビ）,https://news.yahoo.co.jp/articles/15c88914c05133db45e8d101ad174d1cee052fcd,https://newsatcl-pctr.c.yimg.jp/t/amd-img/20240531-05126366-nib-000-3-thumb.jpg?exp=10800,2024-05-31T21:20:43+09:00,2024-05-31T21:57:48+09:00,長崎国際テレビ,nib,長崎国際テレビ,1013,\nNIB長崎国際テレビ\n秋の大祭 長崎くんちは、6月1日、稽古始めとなる「小屋入り」を迎えます。\n\n10年ぶりの奉納に向け自主練習を重ねてきた各踊町は、小屋入り前の最終調整に臨みました。\nNIB長崎国際テレビ\n長喇叭と銅鑼の音が、夜の街に響き渡ります。\n\n辰年の今年、4回目となる龍踊を奉納する「五嶋町」です。\n\n30日は小屋入り前のリハーサル。\n\n龍衆と町の関係者が集まり、小屋入り後に行われる「打ち込み」の確認をします。\nNIB長崎国際テレビ\n「打ち込み」では、町の内外の店や企業、関係先に演奏をしながらあいさつ回りをします。\n\n10年ぶりにまちに響く「チャーパ」の掛け声に、さっそく観客が集まってきました。\n\n（見物客）\n「やっぱり祭り、祭りが大好きで。(声出し)はしたい。うれしい。かっこいいよな」\nNIB長崎国際テレビ\n（町内の人）\n「今から練習とかいろいろあると思うけど、町内を代表して頑張ってほしい。応援してます」\n\nコロナ禍を経て、去年、4年ぶりに奉納踊が行われた長崎くんち。\n\n10年前の前回と同じく、7つの町すべてが演し物を披露する “7か町そろいぶみ”です。\n【八幡町】弓矢八幡祝い船\n2014年の様子\n◇ ◇ ◇\n【麹屋町】川船\n2014年の様子\n◇ ◇ ◇\n【銀屋町】鯱太鼓\n2014年の様子\n◇ ◇ ◇\n【西濵町】龍船\n2014年の様子\n◇ ◇ ◇\n【興善町】本踊\n2014年の様子\n◇ ◇ ◇\n【万才町】本踊\n2014年の様子\n◇ ◇ ◇\n【五嶋町】龍踊\n2014年の様子\n1日の小屋入りでは、トリを務める五嶋町。\n\n30日は、町の紋を記したはちまきが全員に渡されました。\nNIB長崎国際テレビ\n小屋入り後は、このはちまきを身に付けて稽古、そして本番に臨みます。\n\n今年は62人の龍衆のうち半数ほどが新人。巻き方を教わります。\n\n（馬場 祐輔 龍監督）\n「今まで自主練やってきた。今からまだ5か月ある。もうやるだけ。やるしかない」\nNIB長崎国際テレビ\n（井出 和宏 総監督）\n「みなさんお疲れ様でした。今やったのは2時間足らずくらい。当日は6時間から7時間ある。覚悟をしておいて。みなさんよろしくお願いします」\n\nこれから本格的に始まる稽古に向け、気持ちを新たにしました。,"['https://newsatcl-pctr.c.yimg.jp/t/amd-img/20240531-05126366-nib-001-3-view.jpg?exp=10800', 'https://newsatcl-pctr.c.yimg.jp/t/amd-img/20240531-05126366-nib-002-3-view.jpg?exp=10800', 'https://newsatcl-pctr.c.yimg.jp/t/amd-img/20240531-05126366-nib-003-3-view.jpg?exp=10800', 'https://newsatcl-pctr.c.yimg.jp/t/amd-img/20240531-05126366-nib-004-3-view.jpg?exp=10800', 'https://newsatcl-pctr.c.yimg.jp/t/amd-img/20240531-05126366-nib-005-3-view.jpg?exp=10800', 'https://newsatcl-pctr.c.yimg.jp/t/amd-img/20240531-05126366-nib-006-3-view.jpg?exp=10800', 'https://newsatcl-pctr.c.yimg.jp/t/amd-img/20240531-05126366-nib-007-3-view.jpg?exp=10800', 'https://newsatcl-pctr.c.yimg.jp/t/amd-img/20240531-05126366-nib-008-3-view.jpg?exp=10800', 'https://newsatcl-pctr.c.yimg.jp/t/amd-img/20240531-05126366-nib-009-3-view.jpg?exp=10800', 'https://newsatcl-pctr.c.yimg.jp/t/amd-img/20240531-05126366-nib-010-3-view.jpg?exp=10800', 'https://newsatcl-pctr.c.yimg.jp/t/amd-img/20240531-05126366-nib-011-3-view.jpg?exp=10800', 'https://newsatcl-pctr.c.yimg.jp/t/amd-img/20240531-05126366-nib-012-3-view.jpg?exp=10800']","['https://news.yahoo.co.jp/articles/15c88914c05133db45e8d101ad174d1cee052fcd/images/000', 'https://news.yahoo.co.jp/articles/15c88914c05133db45e8d101ad174d1cee052fcd/images/001', 'https://news.yahoo.co.jp/articles/15c88914c05133db45e8d101ad174d1cee052fcd/images/002', 'https://news.yahoo.co.jp/articles/15c88914c05133db45e8d101ad174d1cee052fcd/images/003', 'https://news.yahoo.co.jp/articles/15c88914c05133db45e8d101ad174d1cee052fcd/images/004', 'https://news.yahoo.co.jp/articles/15c88914c05133db45e8d101ad174d1cee052fcd/images/005', 'https://news.yahoo.co.jp/articles/15c88914c05133db45e8d101ad174d1cee052fcd/images/006', 'https://news.yahoo.co.jp/articles/15c88914c05133db45e8d101ad174d1cee052fcd/images/007', 'https://news.yahoo.co.jp/articles/15c88914c05133db45e8d101ad174d1cee052fcd/images/008', 'https://news.yahoo.co.jp/articles/15c88914c05133db45e8d101ad174d1cee052fcd/images/009', 'https://news.yahoo.co.jp/articles/15c88914c05133db45e8d101ad174d1cee052fcd/images/010', 'https://news.yahoo.co.jp/articles/15c88914c05133db45e8d101ad174d1cee052fcd/images/011']"
音楽を通して県民と触れ合う場に「県警音楽隊プロムナードコンサート」防犯呼びかけも《長崎》（長崎国際テレビ）,https://news.yahoo.co.jp/articles/b4908b31831a67c4ee54a01635d354c8d9ee78bb,https://newsatcl-pctr.c.yimg.jp/t/amd-img/20240531-05735542-nib-000-6-thumb.jpg?exp=10800,2024-05-31T19:25:00+09:00,2024-05-31T21:57:47+09:00,長崎国際テレビ,nib,長崎国際テレビ,255,\nNIB長崎国際テレビ\nアミュプラザ長崎かもめ広場で、県警音楽隊によるコンサートが開かれました。\nNIB長崎国際テレビ\n音楽を通して県民と触れ合う場にしたいと始まったイベントで、今年7月には70周年を迎えるそうです。\n\n31日は天気が心配されましたが、コンサートが始まる頃には雨も上がり、多くの人が立ち止まって演奏に耳を傾けていました。\nNIB長崎国際テレビ\nまた、演奏に合わせてニセ電話詐欺や交通事故への注意も呼びかけました。\n\n次回は6月19日に大村市で開催される予定だということです。,"['https://newsatcl-pctr.c.yimg.jp/t/amd-img/20240531-05735542-nib-001-6-view.jpg?exp=10800', 'https://newsatcl-pctr.c.yimg.jp/t/amd-img/20240531-05735542-nib-002-6-view.jpg?exp=10800']","['https://news.yahoo.co.jp/articles/b4908b31831a67c4ee54a01635d354c8d9ee78bb/images/000', 'https://news.yahoo.co.jp/articles/b4908b31831a67c4ee54a01635d354c8d9ee78bb/images/001']"
“豪華けんらん今年は7か町” 「長崎くんち たぬき絵手ぬぐい」31日から販売開始《長崎》（長崎国際テレビ）,https://news.yahoo.co.jp/articles/1af1f498b67f0e84a643353b26b8dbec37da50dd,https://newsatcl-pctr.c.yimg.jp/t/amd-img/20240531-04818375-nib-000-1-thumb.jpg?exp=10800,2024-05-31T12:32:00+09:00,2024-05-31T12:32:00+09:00,長崎国際テレビ,nib,長崎国際テレビ,272,\nNIB長崎国際テレビ\nたぬき絵作家堤けんじさんが長崎くんちの手ぬぐいを制作し、長崎市長に贈呈しました。\nNIB長崎国際テレビ\n（たぬき絵作家 堤 けんじさん）\n「今年は7か町だから、豪華けんらんという言葉がぴったり」/8/\n\n手ぬぐいに描かれているのは長崎くんち7か町の演し物を披露する表情豊かなタヌキたち。\n\n躍動感のある絵が特徴です。\nNIB長崎国際テレビ\nたぬき絵作家で知られる堤けんじさんが制作し、長崎市の鈴木市長に贈呈しました。\n\n「たぬき絵 手ぬぐい」は31日から石丸文行堂の各店舗で順次、販売されます。,"['https://newsatcl-pctr.c.yimg.jp/t/amd-img/20240531-04818375-nib-001-1-view.jpg?exp=10800', 'https://newsatcl-pctr.c.yimg.jp/t/amd-img/20240531-04818375-nib-002-1-view.jpg?exp=10800']","['https://news.yahoo.co.jp/articles/1af1f498b67f0e84a643353b26b8dbec37da50dd/images/000', 'https://news.yahoo.co.jp/articles/1af1f498b67f0e84a643353b26b8dbec37da50dd/images/001']"
長与町が計画の新図書館等複合施設 愛称「ホンテラッセ長与」に決定　2027年開館目指す《長崎》（長崎国際テレビ）,https://news.yahoo.co.jp/articles/fa236bb9f91ac8c8cfd1ace41e38f66ae8977ec3,https://newsatcl-pctr.c.yimg.jp/t/amd-img/20240531-06731921-nib-000-12-thumb.jpg?exp=10800,2024-05-31T17:57:01+09:00,2024-05-31T21:58:50+09:00,長崎国際テレビ,nib,長崎国際テレビ,505,\nNIB長崎国際テレビ\nまちの “新たなランドマーク”として期待が高まります。\n\n長与町で3年後の開館を予定している図書館を含む複合施設の愛称が決まりました。\nNIB長崎国際テレビ\n長与町が計画する「新図書館等複合施設」は、町立図書館と健康センターの老朽化を受け、役場近くに新たに整備される予定です。\n\n図書館と健康センターの2つの機能に加え、カフェ、広場などの交流機能も備えるということです。\n\n（長与町 吉田 愼一町長）\n「老若男女が集まってもらって日常の中に潤いのある施設、場所として愛用してもらいたい」\nNIB長崎国際テレビ\n町が施設の愛称を募集したところ、県の内外から194の応募があり、今回は長与町に住む 森恵介さんの「ホンテラッセ長与」に決まりました。\n\n「ホンテラッセ」は「本」とドイツ語で小高い丘を意味する「テラセ」、日本語の“照らせ”を掛け合わせました。\nNIB長崎国際テレビ\n（森 恵介さん）\n「今後の長与町の発展に尽くしながら、ランドマーク的な存在になればいいなと思う」\n\n複合施設は来年1月に工事を開始し、3年後の2027年の開館を目指します。,"['https://newsatcl-pctr.c.yimg.jp/t/amd-img/20240531-06731921-nib-001-12-view.jpg?exp=10800', 'https://newsatcl-pctr.c.yimg.jp/t/amd-img/20240531-06731921-nib-002-12-view.jpg?exp=10800', 'https://newsatcl-pctr.c.yimg.jp/t/amd-img/20240531-06731921-nib-003-12-view.jpg?exp=10800']","['https://news.yahoo.co.jp/articles/fa236bb9f91ac8c8cfd1ace41e38f66ae8977ec3/images/000', 'https://news.yahoo.co.jp/articles/fa236bb9f91ac8c8cfd1ace41e38f66ae8977ec3/images/001', 'https://news.yahoo.co.jp/articles/fa236bb9f91ac8c8cfd1ace41e38f66ae8977ec3/images/002']"
「狭いコートでどう相手を崩していくかが魅力」バウンドテニス選手　8月の国民スポーツ大会出場《長崎》（長崎国際テレビ）,https://news.yahoo.co.jp/articles/9eb3f8a6d5a5bbfd341508b362dce332c9dc7391,https://newsatcl-pctr.c.yimg.jp/t/amd-img/20240531-03595456-nib-000-2-thumb.jpg?exp=10800,2024-05-31T12:22:00+09:00,2024-05-31T12:34:46+09:00,長崎国際テレビ,nib,長崎国際テレビ,277,\nNIB長崎国際テレビ\n8月の国民スポーツ大会のバウンドテニス競技に出場する男性が、大村市長を表敬訪問しました。\nNIB長崎国際テレビ\n8月に佐賀県で行われる国民スポーツ大会のバウンドテニスに出場するのは、原口 明登選手62歳です。\n\n3月の県大会でベスト4になり、出場権を獲得しました。\n\n（原口 明登選手）\n「バウンドテニスは狭いコートの中でどうやって相手を崩していくか。自分の強みをどう生かしていくかが(テニスとは)違った魅力」\nNIB長崎国際テレビ\n国民スポーツ大会のバウンドテニスは初めて開催され、試合は2日間行われます。,"['https://newsatcl-pctr.c.yimg.jp/t/amd-img/20240531-03595456-nib-001-2-view.jpg?exp=10800', 'https://newsatcl-pctr.c.yimg.jp/t/amd-img/20240531-03595456-nib-002-2-view.jpg?exp=10800']","['https://news.yahoo.co.jp/articles/9eb3f8a6d5a5bbfd341508b362dce332c9dc7391/images/000', 'https://news.yahoo.co.jp/articles/9eb3f8a6d5a5bbfd341508b362dce332c9dc7391/images/001']"
【長崎くんち】稽古の安全と成功を祈願し“まつり”本番へ　麹屋町小屋入り直前に気合十分《長崎》（長崎国際テレビ）,https://news.yahoo.co.jp/articles/0866c856abdd9839f12086759b60f81916d95e33,https://newsatcl-pctr.c.yimg.jp/t/amd-img/20240531-05539244-nib-000-1-thumb.jpg?exp=10800,2024-05-31T21:56:00+09:00,2024-05-31T21:56:00+09:00,長崎国際テレビ,nib,長崎国際テレビ,1182,\nNIB長崎国際テレビ\n麹屋町公園に集まって、真剣な表情で声を出すのは「麹屋町」。\n\n（打ち込み稽古）\n「縦並びは基本的にない。基本的には横。一回そういう並びでした方がいいかも」\nNIB長崎国際テレビ\n10年ぶりの奉納に向け、どの踊町よりも早く、去年11月から週3回の筋力トレーニングを重ねてきました。\n\n長崎くんちの“稽古はじめ”となる小屋入りで、良いスタートを切りたいと囃子の稽古にも励んできたそうです。\nNIB長崎国際テレビ\n（稽古）\n「よーいやさ」\n\n54歳の最年長、くんち初挑戦の實藤 康史さんも気合い十分。\nNIB長崎国際テレビ\n（實藤 康史さん）\n「みんなと一緒に一つのものを作り上げる第一段階。自分なりに精一杯やって体とぎりぎりのところで相談しながら頑張って、いい奉納ができるよう力を合わせたい」\n\n川津 さくらさん 21歳はメンバーで唯一の女性です。\nNIB長崎国際テレビ\n（川津 さくらさん）\n「みんなと一緒に船を曳くことはできないが、子どもたちに囃子を教える担当をすることになった。小屋入りの時の打ち込みに参加させて頂くことになったので」\n\n10年前は囃子として出演。\n\n今回は根曳を希望しましたが、子どもたちに囃子を教える“囃子指導”を担うことになりました。\n\n1日の小屋入りでは、出演者の一人として締太鼓をたたきます。\nNIB長崎国際テレビ\n（川津 さくらさん）\n「囃子担当というからには、自分が小屋入りで失敗できないので、まずは小屋入りが成功できるように今は練習を頑張る。それだけ」\n\n稽古の安全と成功を祈願し、まつり本番へ。\n\n（麹屋町奉賛会 高濵 康弘 会長）\n「お互い、助けあっていかないと。落ち度がないようにケガがないように。それだけが役員としては気がかり。本番に120％の実力が出るように頼みたい」\nNIB長崎国際テレビ\n各踊町は小屋入り後、10月7日からの本番に向け本格的な稽古に励みます。\n\n（桒畑笑莉奈アナウンサー）\n長崎くんちの今年のリーフレットも完成しました。\n\n各踊町の演し物の説明や、くんち本番の奉納の順番や時間なども書かれています。\nNIB長崎国際テレビ\nあす小屋入りということで、各踊町、気合いが入っていますね。\n\n（冷川小粹アナウンサー）\n私は30日に五嶋町の稽古にお邪魔しましたが、音が鳴り出すと観客も集まってきて、大変盛り上がっていました。\nNIB長崎国際テレビ\n（青木雄大アナウンサー）\n私が取材している銀屋町は「鯱太鼓」なんですが、担ぎ手の半分以上が初出演ということで、若手の活躍も非常に楽しみです。\n\n（桒畑アナ）\n麹屋町は早くから稽古を始めていて、一体感がありました。本番が楽しみです。,"['https://newsatcl-pctr.c.yimg.jp/t/amd-img/20240531-05539244-nib-001-1-view.jpg?exp=10800', 'https://newsatcl-pctr.c.yimg.jp/t/amd-img/20240531-05539244-nib-002-1-view.jpg?exp=10800', 'https://newsatcl-pctr.c.yimg.jp/t/amd-img/20240531-05539244-nib-003-1-view.jpg?exp=10800', 'https://newsatcl-pctr.c.yimg.jp/t/amd-img/20240531-05539244-nib-004-1-view.jpg?exp=10800', 'https://newsatcl-pctr.c.yimg.jp/t/amd-img/20240531-05539244-nib-005-1-view.jpg?exp=10800', 'https://newsatcl-pctr.c.yimg.jp/t/amd-img/20240531-05539244-nib-006-1-view.jpg?exp=10800', 'https://newsatcl-pctr.c.yimg.jp/t/amd-img/20240531-05539244-nib-007-1-view.jpg?exp=10800', 'https://newsatcl-pctr.c.yimg.jp/t/amd-img/20240531-05539244-nib-008-1-view.jpg?exp=10800']","['https://news.yahoo.co.jp/articles/0866c856abdd9839f12086759b60f81916d95e33/images/000', 'https://news.yahoo.co.jp/articles/0866c856abdd9839f12086759b60f81916d95e33/images/001', 'https://news.yahoo.co.jp/articles/0866c856abdd9839f12086759b60f81916d95e33/images/002', 'https://news.yahoo.co.jp/articles/0866c856abdd9839f12086759b60f81916d95e33/images/003', 'https://news.yahoo.co.jp/articles/0866c856abdd9839f12086759b60f81916d95e33/images/004', 'https://news.yahoo.co.jp/articles/0866c856abdd9839f12086759b60f81916d95e33/images/005', 'https://news.yahoo.co.jp/articles/0866c856abdd9839f12086759b60f81916d95e33/images/006', 'https://news.yahoo.co.jp/articles/0866c856abdd9839f12086759b60f81916d95e33/images/007']"
70代男性「現金1150万円だましとられる」詐欺被害　投資講座のLINEグループに参加《長崎》（長崎国際テレビ）,https://news.yahoo.co.jp/articles/4487546acf8d756b17eeead2bd21eb437920ed9f,https://newsatcl-pctr.c.yimg.jp/t/amd-img/20240531-02215161-nib-000-7-thumb.jpg?exp=10800,2024-05-31T12:00:01+09:00,2024-05-31T12:34:45+09:00,長崎国際テレビ,nib,長崎国際テレビ,297,\nNIB長崎国際テレビ\n松浦市の70代の男性がSNSで投資をすすめられ、現金1150万円をだましとられる詐欺被害がありました。\nNIB長崎国際テレビ\n詐欺被害にあったのは、松浦市の70代の男性です。\n\n警察によりますと、男性は1月頃、インターネット広告を通じて、投資の無料講座をかたったLINEグループに参加しました。\n\nグループ内で投資のノウハウを伝えられ、信用した男性はFX投資をすすめられ、口座を開設。\n\nその後、別のアカウントから投資アプリを紹介され、今年2月から3月までの間に指定された口座に8回に渡りあわせて1150万円を振り込み、だまし取られたということです。,['https://newsatcl-pctr.c.yimg.jp/t/amd-img/20240531-02215161-nib-001-7-view.jpg?exp=10800'],['https://news.yahoo.co.jp/articles/4487546acf8d756b17eeead2bd21eb437920ed9f/images/000']
「雲仙市と南島原市で震度3」長崎市では震度2を観測（31日午前4時46分頃）《長崎》（長崎国際テレビ）,https://news.yahoo.co.jp/articles/754a05b09a29218a4aeaced0acd0b1fd32734d47,https://newsatcl-pctr.c.yimg.jp/t/amd-img/20240531-08225357-nib-000-6-thumb.jpg?exp=10800,2024-05-31T11:40:01+09:00,2024-05-31T12:34:45+09:00,長崎国際テレビ,nib,長崎国際テレビ,146,\nNIB長崎国際テレビ\n31日朝早く、熊本地方を震源とする地震がありました。\nNIB長崎国際テレビ\n31日午前4時46分頃に発生した地震で、県内では、雲仙市と南島原市で震度3、長崎市などで震度2を観測しました。\n\n県や警察によりますと県内での被害は確認されていないということです。,['https://newsatcl-pctr.c.yimg.jp/t/amd-img/20240531-08225357-nib-001-6-view.jpg?exp=10800'],['https://news.yahoo.co.jp/articles/754a05b09a29218a4aeaced0acd0b1fd32734d47/images/000']
日本酒ラム酒など「大人のプリン」マンゴーピューレ「季節のプリン」も登場！手作りプリン専門店《長崎》（長崎国際テレビ）,https://news.yahoo.co.jp/articles/ea067a695dd914f4e31030b5d8f72e8ac767e3c0,https://newsatcl-pctr.c.yimg.jp/t/amd-img/20240531-08314428-nib-000-1-view.jpg?exp=10800,2024-05-31T06:45:00+09:00,2024-05-31T06:45:00+09:00,長崎国際テレビ,nib,長崎国際テレビ,1239,\nNIB長崎国際テレビ\n大村市に今年オープンしたプリン専門店。こだわりのなめらかプリンでご褒美時間を提供します。\n◆動画はコチラ（無料）\nプレーンにキャラメル、紅茶などさまざまな種類のプリンが並びます。\nNIB長崎国際テレビ\n大村市のララコープ富の原店の敷地内に今年3月 オープンしたプリン専門店「mojito」。\n\n店主の大久保 有希さんが毎日、一つ一つ手作りしています。\n\n（mojito 大久保 有希さん）\n「元々、私が向陽高校のパティシエ科出身。お菓子を作るのが大好きで、いつか自分の店を持てたらという思いでつくった」\nNIB長崎国際テレビ\n幼い頃からスイーツが大好きで、パティシエとして店を開くことが夢だった大久保さん。\n\n高校卒業後は「おおむら夢ファームシュシュ」でパティシエとして5年ほど働き、この春、夢を叶えました。\n\n念願の店で 大好物のプリンを製造・販売します。\n\n一番人気は プレーン。プリンの味わいを左右するたまごは、地元 大村市の「小玉さんちの紅卵」を使用。\nNIB長崎国際テレビ\n練乳、バニラオイル、砂糖を加えて何度も混ぜます。\n\n（mojito 大久保 有希さん）\n「なめらかな食感にするために2回裏ごしをして、こういう卵の塊を除いていく」\n\n2回裏ごししてオーブンで25分ほど焼けば、完成です。\n\nさらに日本酒やチョコレートリキュール、ラム酒など “お酒”と組み合わせたものも。\nNIB長崎国際テレビ\n（mojito 大久保 有希さん）\n「日本酒の味の時は、大分県の「花笑み」という日本酒を使って作っている。鍋に日本酒を入れて牛乳も一緒に混ぜていく」\n\n試食してみると・・・\nNIB長崎国際テレビ\n（桒畑笑莉奈アナウンサー）\n「すごくなめらか。食べた時にフワっと日本酒の香りがして、仕事終わりの疲れた時に体を癒してくれそう」\n\n（mojito 大久保 有希さん）\n「お酒が好きで、家で常備して飲んでいるので、組み合わせたらおもしろいだろうと。モヒートがカクテル言葉で “心の渇きを癒して” という意味が込められている。プリンを心の渇きを癒やしてもらえれば」\nNIB長崎国際テレビ\nこれからの暑い季節にと、初めてドリンクの提供も。\n\nさわやかな「モヒートソーダ」は、プリントセットがお得です。\nNIB長崎国際テレビ\n新メニューとして、夏の味覚「マンゴー」のピューレをトッピングしたプリンも店頭に並べました。\nNIB長崎国際テレビ\nこだわりのプリンでご褒美になるような癒しの時間を届けたい。\n\n心を込めて、腕を振るいます。\n\n（mojito 大久保 有希さん）\n「私の作ったプリンを全国の皆さんに食べてもらいたいので、地方発送ができればと考えている。お酒が好きな方はもちろん、スイーツ好きの方にいつもとは違うスイーツをタイムを楽しんでもらえれば」,"['https://newsatcl-pctr.c.yimg.jp/t/amd-img/20240531-08314428-nib-000-1-view.jpg?exp=10800', 'https://newsatcl-pctr.c.yimg.jp/t/amd-img/20240531-08314428-nib-001-1-view.jpg?exp=10800', 'https://newsatcl-pctr.c.yimg.jp/t/amd-img/20240531-08314428-nib-002-1-view.jpg?exp=10800', 'https://newsatcl-pctr.c.yimg.jp/t/amd-img/20240531-08314428-nib-003-1-view.jpg?exp=10800', 'https://newsatcl-pctr.c.yimg.jp/t/amd-img/20240531-08314428-nib-004-1-view.jpg?exp=10800', 'https://newsatcl-pctr.c.yimg.jp/t/amd-img/20240531-08314428-nib-005-1-view.jpg?exp=10800', 'https://newsatcl-pctr.c.yimg.jp/t/amd-img/20240531-08314428-nib-006-1-view.jpg?exp=10800', 'https://newsatcl-pctr.c.yimg.jp/t/amd-img/20240531-08314428-nib-007-1-view.jpg?exp=10800', 'https://newsatcl-pctr.c.yimg.jp/t/amd-img/20240531-08314428-nib-008-1-view.jpg?exp=10800']","['https://news.yahoo.co.jp/articles/ea067a695dd914f4e31030b5d8f72e8ac767e3c0/images/000', 'https://www.dejima.co.jp/programs/20240527-select-8e9618?category_id=118493', 'https://news.yahoo.co.jp/articles/ea067a695dd914f4e31030b5d8f72e8ac767e3c0/images/001', 'https://news.yahoo.co.jp/articles/ea067a695dd914f4e31030b5d8f72e8ac767e3c0/images/002', 'https://news.yahoo.co.jp/articles/ea067a695dd914f4e31030b5d8f72e8ac767e3c0/images/003', 'https://news.yahoo.co.jp/articles/ea067a695dd914f4e31030b5d8f72e8ac767e3c0/images/004', 'https://news.yahoo.co.jp/articles/ea067a695dd914f4e31030b5d8f72e8ac767e3c0/images/005', 'https://news.yahoo.co.jp/articles/ea067a695dd914f4e31030b5d8f72e8ac767e3c0/images/006', 'https://news.yahoo.co.jp/articles/ea067a695dd914f4e31030b5d8f72e8ac767e3c0/images/007', 'https://news.yahoo.co.jp/articles/ea067a695dd914f4e31030b5d8f72e8ac767e3c0/images/008']"
