headline,mainEntityOfPage,image,datePublished,dateModified,author,media_en,media_jp,str_count,body,images,external_links
薬味や和風出汁と共に…名古屋で話題の“ひつまぶし風カレー” 味変を研究していたら「最終的にこうなった」（東海テレビ）,https://news.yahoo.co.jp/articles/ac7edf7f718b2ffd1c802093c4309b35c4d9eca9,https://newsatcl-pctr.c.yimg.jp/t/amd-img/20260511-90046141-tokaiv-000-1-view.jpg?exp=10800,2026-05-11T21:00:00+09:00,2026-05-11T21:00:00+09:00,東海テレビ,tokai,東海テレビ,641,ニュースONE 名古屋・中区にある『森のカレー』。家族3人で切り盛りしているこの店で話題になっているのが、名古屋名物・ひつまぶしのように食べるスパイスカレーです。 【動画で見る】名古屋で話題の“ひつまぶし風カレー” 味変を研究していたら「最終的にこうなった」 ■想像できない…わざびをカレーに？ カレーは、トマトを使った甘口のチキンカレーと、スパイスが香る合い挽き肉の中辛キーマカレーの合がけ。どちらもスパイス感が強すぎないマイルドな味わいのカレーです。 ニュースONE うなぎのひつまぶし同様、まずはそのまま食べてから、次に薬味をトッピング。わさびとカレーは、想像できない組み合わせですが…。 ニュースONE 森之シェフ： 「もともとカレーはスパイスがいろいろ入っているもので、薬味はいわゆる“日本のスパイス”で、いろいろなスパイスを試して相性が良いものを選んだ」 ■新たな名古屋名物に？出汁が意外と相性いい… 出汁は、削り節と昆布でとった自家製の和風出汁。これをかけることで、スープカレーのようにさらさらと食べられるそうです。 ニュースONE 意外と相性がいいスパイスカレーとひつまぶし。最初からこのスタイルを狙っていたわけではなく…。 森之シェフ： 「カレーうどんがあるように、カレーと和風の味はもともと相性が良い。途中から味を変えていくと考えた時に、薬味をつけたら最終的に『ひつまぶしみたい』となって」 ユニークなひつまぶし風のカレー。新たな名古屋名物になるかもしれません。,[],[]
“長い孤独な夜”からの解放を…ママと赤ちゃんの夜の居場所『夜泣きカフェ』子育てに悩む親を経験者らがサポート（東海テレビ）,https://news.yahoo.co.jp/articles/596bb9b9ab62a7ea8ad894de513232abf6d7a72a,https://newsatcl-pctr.c.yimg.jp/t/amd-img/20260511-90046075-tokaiv-000-1-view.jpg?exp=10800,2026-05-11T20:45:00+09:00,2026-05-11T20:45:00+09:00,東海テレビ,tokai,東海テレビ,1130,夜泣きカフェ「オリヅロウ」 小さな子供を抱え、夜泣きに悩むママたちが利用できる夜の居場所として、「夜泣きカフェ」が愛知県内でも広がり始めています。深夜の孤立を防ぎ、少しでも体を休めてもらおうと、現役のママ2人が運営を始めました。 【動画で見る】“長い孤独な夜”からの解放を…ママと赤ちゃんの夜の居場所『夜泣きカフェ』子育てに悩む親を経験者らがサポート ■“皆で助け合える場所を” 現役のママ2人が始める おむつ替えのスペースに、赤ちゃん用のベッド。夜泣きカフェ「オリヅロウ」は月に1～2回ほど不定期で開かれ、夜泣きで困っているママと赤ちゃんを受け入れています。 運営するのは、写真スタジオを経営している朝倉博巳さん(39)。4歳の娘と1歳の息子を持つ朝倉さん自身、夜泣きに悩んだことがきっかけでした。 ニュースONE 朝倉さん： 「（始めたのは）第2子の息子が6カ月くらいの時で、本当に夜泣きに悩んでいたんです。本当に寝たいんですよ、今も寝たいくらい。産後に『母である』『こうでないと』っていうところが強く出てしまって、なかなか『助けて』が言えなかったですね」 愛知県の「子育て支援員」の資格を持つ友人の荒井智子さんに相談し、“皆で助け合える場所を”と、現役ママの2人で夜泣きカフェの運営を始めました。 ニュースONE 荒井さん： 「みんなで『大丈夫だよ』『うちもだから』って、そういう寄り合いがあっても良いなと思っていて、励まし合う会ですね」 ■夜泣きカフェを利用した2児の母「ぐっすり寝られるし安心」 この日訪れたのは、2歳の長女・玲泉(れい)ちゃんと生後6カ月の長男・薫(かおる)ちゃんを連れた尾河里奈さん(35)。 利用者の尾河さん： 「この子（長女）がすごく泣くので、小さい子が対象かなとは思ったんですけど、聞いてみたら『全然いいよ』って言ってくれたので」 ニュースONE 薫ちゃんの出産以降、玲泉ちゃんが肌のかゆみなどで夜に起きやすくなったと話します。夫のサポートも受けながら、実家の生花店に産後2週間で復帰した尾河さん。 利用者の尾河さん： 「（睡眠時間は）細切れですね。2時間寝て、3時間起きてみたいな。6時ぐらいにまた起きたりするので、1時間ずつの時もあれば」 ニュースONE 夜泣きカフェは午後10時から翌朝7時までで、ミルクやおむつなどは持参ですが、ママの飲み物や夜食などはセルフスタイルで利用できます。利用料は2500円で、歯科医院など協賛企業で使える同額のクーポンがもらえます。 この日は、ボランティアで訪れている産婦人科医に、尾河さんが悩み相談する場面もありました。 午後11時前、玲泉ちゃんはうとうと…。尾河さんも仮眠を取ります。,[],[]
総事業費約700億円とも…世界最大級のアトランティックサーモン陸上養殖施設 27年末頃からの出荷目指し建設進む（東海テレビ）,https://news.yahoo.co.jp/articles/49558629cced75ab3e80be8ef45b62ec96abe97f,https://newsatcl-pctr.c.yimg.jp/t/amd-img/20260511-90046148-tokaiv-000-1-view.jpg?exp=10800,2026-05-11T20:07:18+09:00,2026-05-11T20:07:18+09:00,東海テレビ,tokai,東海テレビ,1116,ニュースONE 不動の人気を誇る「サーモン」の価格が、中東情勢の悪化に伴う輸送コストの高騰により上昇しています。こうした中、三重県津市で世界最大級の「陸上養殖施設」の建設が進んでいます。安定供給と鮮度維持を両立させ、輸入頼みからの脱却を目指せるのでしょうか。 【動画で見る】総事業費約700億円とも…世界最大級のアトランティックサーモン陸上養殖施設 27年末頃からの出荷目指し建設進む ■大人気のサーモンに異変…中東情勢などで価格高騰 老若男女に愛され、回転寿司の人気メニューランキングで15年連続1位を誇るサーモン。（※Umios調べ） 回転すしまんまん 中田さん： 「アトランティックサーモン。日本で出回っているのは、ヨーロッパ産が6～7割ぐらい占めているんじゃない？日本人の舌に合うというか、好み」 ニュースONE 最近、その価格に異変が起きています。 回転すしまんまん 中田さん： 「仕入れ値に反映されるのは、空輸の油代。どこかで紛争とかがあって飛行機の燃料費が上がると、その時にボーンと跳ね上がる。10～15年前のことを思うと1.5倍ぐらいになっている」 中東情勢の悪化で、飛行機の燃料費が高騰。さらに、これまでは中東を経由して空輸されていましたが、別ルートを通るようになって輸送コストがさらに高騰しました。 回転すしまんまん 中田さん： 「（15年前は）1キロで大体1000円だったね。今は同じもので1キロ1500～1700円、それぐらいの違いになってきている」 ■安定生産が可能に…サーモンを“陸上養殖” サーモン市場のピンチを救う存在になるかもしれない施設が、三重県津市で動き始めました。 およそ14万平方mの広大な敷地に建設中なのが、ピュアサーモンジャパンが手掛ける世界最大級のアトランティックサーモンの陸上養殖施設です。 ニュースONE エロル・エメド社長： 「日本のサーモン業界に関しても、非常な大きなマイルストーン（節目）になっています。魚卵を受け入れるような状態まできていて、魚の養殖が事実上始まる」 着工から3年。5月7日にアイスランドからサーモンの卵が届き、いよいよ本格的な陸上養殖が始まりました。 ニュースONE エロル・エメド社長： 「鮮度が必要とされるアトランティックサーモン、100%輸入しているものを、なんとかわれわれが国内で提供したい。においもしない、脂もしっかり乗っているわけですから、今まで経験したことがない良さ・味を、ぜひわれわれが提供したいと思っています」 さらにこの施設のポイントは、産業用水を濾過して再利用する「閉鎖循環式」というシステムです。海水ではなく人工海水を使用します。,[],[]
「道路を横切るクマ発見」岐阜県関市で11日もクマの目撃情報 市が猟友会と共にパトロール行うも発見に至らず（東海テレビ）,https://news.yahoo.co.jp/articles/ea377734ffa81925c318861acf6e3a0ce5736a94,https://newsatcl-pctr.c.yimg.jp/t/amd-img/20260511-90046152-tokaiv-000-1-thumb.jpg?exp=10800,2026-05-11T19:36:11+09:00,2026-05-11T19:36:11+09:00,東海テレビ,tokai,東海テレビ,280,東海テレビ 岐阜県関市で相次ぐクマの目撃情報。11日も確認され、地元の猟友会などが警戒にあたりました。 警察によりますと、関市千疋地区の塚原遺跡公園の近くで11日午後0時半ごろ、車を運転していた人から「長良川から山の方へと道路を横切るクマを発見した」と警察に通報がありました。 この場所からおよそ200m離れた場所では、8日にも2件の目撃情報があったばかりでした。 市は地元の猟友会と共に11日、周辺のパトロールを行いましたが、クマの発見には至っていません。 関市では先月30日、川沿いでクマが目撃されたほか、ニワトリが襲われるなどクマの出没が相次いでいます。,[],[]
愛知県豊橋市の新アリーナ整備を巡る裁判 一審敗訴となった市長「控訴しない事と決めた しっかり主張は尽くした」（東海テレビ）,https://news.yahoo.co.jp/articles/680a098a33f0ada0aa6d232b554fa7da61f3518e,https://newsatcl-pctr.c.yimg.jp/t/amd-img/20260511-90046150-tokaiv-000-1-thumb.jpg?exp=10800,2026-05-11T19:14:26+09:00,2026-05-11T19:14:26+09:00,東海テレビ,tokai,東海テレビ,328,東海テレビ 愛知県豊橋市の新アリーナの整備を巡る裁判で、一審敗訴となった市長は「控訴せず」と発表しました。 この裁判は、新アリーナの契約を巡り、市議会が市長による契約解除を制限する条例改正を行ったことに対し、長坂尚登市長は議会の権限を越えているなどとして、取り消しを求めて提訴していました。 名古屋地裁は先月23日の判決で、議会側の「裁量権の逸脱や濫用とは言えない」などとして、長坂市長の訴えを棄却していました。 豊橋市の長坂市長： 「判決の内容を精査し、また弁護士のご意見も踏まえ、控訴しないことと決めました」 長坂市長は11日に会見を開いて控訴しないことを表明し「しっかり主張は尽くした。裁判所も正面から受け取って判断された」などとコメントしています。,[],[]
3階から隣家に飛び移った女性がケガ…住宅街にある4階建ての工房で火事 1階部分が燃える 祭りで使われる提灯など製造（東海テレビ）,https://news.yahoo.co.jp/articles/d4f0efb8571d96b72e7c735123fc3a17f9150b64,https://newsatcl-pctr.c.yimg.jp/t/amd-img/20260511-90046151-tokaiv-000-1-thumb.jpg?exp=10800,2026-05-11T19:14:00+09:00,2026-05-11T19:14:00+09:00,東海テレビ,tokai,東海テレビ,300,東海テレビ 11日午後、名古屋市西区の住宅街で火事があり、40代の女性1人がケガをしました。 消防と警察によりますと、午後1時すぎ、西区上名古屋1丁目の「雅創作工房」から火が出ているなどと、近くに住む人から119番通報が相次ぎました。 消防車など20台が出動し、火はおよそ2時間後に消し止められましたが、鉄筋コンクリート4階建ての工房の1階部分が燃えました。 この火事で、建物の3階にいた従業員の女性(42)が、避難しようと窓から隣の家に飛び移った際に首にケガをしましたが、命に別状はないということです。 この工房では祭りで使われる提灯などが製造されていて、警察と消防が詳しい出火原因を調べています。,[],[]
元ドラゴンズの23歳男に拘禁刑1年を求刑 女性宅から鞄を盗んだ罪「自由に使えるのは月5万円前後で金に困っていた」（東海テレビ）,https://news.yahoo.co.jp/articles/77f3c7b0382a78644cb62ec062ca133e939e5abd,https://newsatcl-pctr.c.yimg.jp/t/amd-img/20260511-90046153-tokaiv-000-1-view.jpg?exp=10800,2026-05-11T19:13:26+09:00,2026-05-11T19:13:26+09:00,東海テレビ,tokai,東海テレビ,323,富山地裁 女性の自宅からブランド品のバッグを盗んだ罪に問われている元ドラゴンズの男に、検察が拘禁刑1年を求刑です。 元ドラゴンズ投手で富山県高岡市のガソリンスタンド店員・上田洸太朗被告(23)は、今年1月、富山市の知人女性の自宅で、高級ブランド・フェンディのショルダーバッグ1点を盗んだ罪に問われています。 11日の初公判で上田被告は起訴内容を認め、バッグは買取店で売ったと明らかにした上で、「プロ野球選手時代は金の使い方が荒かったが、富山に戻ってきてから自由に使えるのは月5万円前後で、金に困っていた」と話しました。 検察側は拘禁刑1年を求刑。一方の弁護側は「罰金刑が相当」と主張し、裁判は即日結審しました。 判決は5月18日に言い渡されます。,[],[]
人口14億人の巨大市場…トヨタがインドで4カ所目となる新工場を建設へ SUVタイプの新型車を生産予定（東海テレビ）,https://news.yahoo.co.jp/articles/ff8b6bb4cee8823014e3808c64d001087971ccdb,https://newsatcl-pctr.c.yimg.jp/t/amd-img/20260511-90046149-tokaiv-000-1-thumb.jpg?exp=10800,2026-05-11T19:12:54+09:00,2026-05-11T19:12:54+09:00,東海テレビ,tokai,東海テレビ,232,東海テレビ トヨタは11日、インド西部のマハラシュトラ州で2029年前半の稼働を目指し、年間10万台の生産能力を備える新たな完成車工場を建設する方針を明らかにしました。 生産する車は、インドで需要が高まっているSUVタイプの新型車です。 既に稼働中の2つの工場と、今年稼働予定の工場の生産能力をあわせると、3年後にはインドの4つの工場で50万台の生産が可能になります。 トヨタは新工場の設立によって、世界最大となる人口14億人の巨大市場でシェア拡大を図る狙いです。,[],[]
年間5万人の健診目指す…名古屋・栄の新たなシンボルタワー15階で“人間ドック” 6/1から診療開始予定（東海テレビ）,https://news.yahoo.co.jp/articles/200c4a7dcf39eba6ca54ce778be729415dfd3aee,https://newsatcl-pctr.c.yimg.jp/t/amd-img/20260511-90046145-tokaiv-000-1-thumb.jpg?exp=10800,2026-05-11T17:31:04+09:00,2026-05-11T17:31:04+09:00,東海テレビ,tokai,東海テレビ,348,東海テレビ 6月11日に開業する『ザ・ランドマーク名古屋栄』。高さ211mというビルの15階に誕生したのが、人間ドックを手掛ける「名古屋栄セントラルクリニック」です。 1フロア1600平方mほどの空間に、明るく落ち着いた雰囲気のロビーが広がります。 待合スペースには、書店員が「からだと心に向き合う」をテーマに選んだ本がおよそ300冊。X線や内視鏡など、長くなりがちな検査の待ち時間を穏やかな気持ちで過ごせるよう工夫されています。 濱田慎也理事： 「健康診断は年に1回、ちょっと嫌な気持ちで行く空間だと思うんですけど、『また来たい』と思えるような空間を目指してデザインしました」 地下鉄栄駅直結というアクセスの良さも活かし、年間5万人の健診を目指すということで、6月1日から診療を始める予定です。,[],[]
違法薬物の押収量が過去2番目の多さ…中部空港で名古屋税関が密輸の情報提供など呼びかけ 25日まで取り締まり強化（東海テレビ）,https://news.yahoo.co.jp/articles/e93dec7a2fc87c7ec7574c252c3be69e549ce911,https://newsatcl-pctr.c.yimg.jp/t/amd-img/20260511-90046138-tokaiv-000-1-thumb.jpg?exp=10800,2026-05-11T17:29:03+09:00,2026-05-11T17:29:03+09:00,東海テレビ,tokai,東海テレビ,308,東海テレビ 違法薬物の密輸が増えていることを受け、名古屋税関が11日、中部国際空港で密輸の情報提供などを呼びかけました。 中部空港では11日朝、名古屋税関の職員らおよそ20人が、利用客に対して密輸の取り締まりを強化していることや、情報提供を呼び掛ける電話番号が書かれたティッシュなどを配りました。 去年の大麻や覚せい剤などの違法薬物の密輸は、6年ぶりに3トンを超え過去2番目の押収量でした。 中部空港税関支署の石黒大介次長： 「『持っていってくれ』と言われても、それが大きな密輸につながることもありますので、注意していただきたい」 名古屋税関は11日から25日まで、海外から帰国した人などへの取り締まりを強化します。,[],[]
20年前に両親を失う…殺人事件の被害者遺族が高校で講演「何も終わっていない」今も続く苦悩や命の大切さ訴える（東海テレビ）,https://news.yahoo.co.jp/articles/21c10f18fcc5f29e502b56473bd90e7ee38390e5,https://newsatcl-pctr.c.yimg.jp/t/amd-img/20260511-90046144-tokaiv-000-1-thumb.jpg?exp=10800,2026-05-11T17:27:55+09:00,2026-05-11T17:27:55+09:00,東海テレビ,tokai,東海テレビ,278,東海テレビ 両親を殺害された遺族が11日、高校生を前に講演し、命の大切さを訴えました。 名古屋市中区の名古屋たちばな高校では、犯罪被害者を支援するNPO「緒あしす」の青木聰子代表が、全校生徒を前に講演会を開きました。 20年前に両親を刃物で殺害された青木さんは、事件が解決したとしても「何も終わっていない」と、今も苦悩が続いていることを語りました。 また、「人生はゲームのようにリセットできない」とも訴え、加害者にも被害者にもならないよう呼びかけました。 男子生徒： 「明日がある奇跡、今日がある奇跡を1日ずつかみしめながら、学校生活などを送っていきたい」,[],[]
3階に取り残された女性を救助し搬送…4階建ての事務所兼住宅とみられる建物で火事 提灯など作る1階の会社が火元か（東海テレビ）,https://news.yahoo.co.jp/articles/1e690ca6082759362c4636d9e272850c00bf130f,https://newsatcl-pctr.c.yimg.jp/t/amd-img/20260511-90046143-tokaiv-000-1-thumb.jpg?exp=10800,2026-05-11T17:26:49+09:00,2026-05-11T17:26:49+09:00,東海テレビ,tokai,東海テレビ,318,東海テレビ 11日午後、名古屋市西区の住宅街で火事があり、40代位の女性1人が搬送されました。 消防によりますと、11日午後1時すぎ、西区上名古屋1丁目で「建物から火が出ている」などと近くに住む人から119番通報が相次ぎました。 消防車など20台が出動し、火はおよそ2時間後に消し止められましたが、4階建ての事務所兼住宅とみられる建物が燃えました。 この火事で、40代くらいの女性1人が建物の3階に一時取り残されましたが、その後救助されて病院に搬送されました。 ケガの程度は分かっていませんが、搬送時に意識はあったということです。 祭りで使われる提灯などを製造する建物1階の会社が火元とみられ、警察と消防が詳しい出火原因を調べています。,[],[]
“ふわふわ過ぎない”が人気…パンケーキと体験型アフォガードが看板の自家製スイーツが楽しめる新ブランド店（東海テレビ）,https://news.yahoo.co.jp/articles/1a390d48887f74af157d3c7ec8d2469856a4a06a,https://newsatcl-pctr.c.yimg.jp/t/amd-img/20260511-90046147-tokaiv-000-1-view.jpg?exp=10800,2026-05-11T17:05:14+09:00,2026-05-11T17:05:14+09:00,東海テレビ,tokai,東海テレビ,1170,1Place cafe 〜Fluffies〜 名東店 江南市や各務原市で地域に親しまれているカフェ「1Place cafe」の系列店「1Place cafe 〜Fluffies〜 名東店」が、2026年2月、名古屋市内に初出店しました。 「しょうが焼きが嫌いな人はいない」脱サラ店主が勝負をかけた“しょうが焼き専門店”提供時間は驚きの3分以内 “温かくくつろげる場所を届けたい”という思いを大切にしながら、新ブランドとして新たな魅力を加えた3号店となっています。 既存店でも人気の自家製ケーキをはじめ、旬の食材を使った月替わりランチ、生麺を使ったパスタやピザ、雑穀米を使ったオムライスやライスボウル、カレーなど、多彩な創作メニューが並びます。 なかでも、名東店限定の看板メニューが「パンケーキ」と「アフォガード」です。パンケーキは、粉やメレンゲ、卵黄の配合を何度も試作しながら完成させたオリジナル生地を使用。注文ごとに丁寧に焼き上げています。 “ふわふわ過ぎない”、パンケーキ本来のおいしさを楽しめる食感が特徴です。各フレーバーに使われるクリームには、軽やかな口当たりのエスプーマを採用。ミルクのコクや満足感を残しつつ、最後までさっぱり味わえるよう工夫されています。 「大人のベリーアフォガード」は、挽きたてのエスプレッソとベリーソースが入ったシェイカーが提供され、自分でシェイクしてアイスクリームにかけて仕上げる体験型デザートです。急冷することで香りが引き立ち、濃厚なバニラアイスとほろ苦いエスプレッソが絶妙にマッチします。 料理に合うコーヒーにもこだわっていて、豆は厳選したものを使用。スペシャルティコーヒーは、豆の特徴に合わせて注文ごとにハンドドリップで抽出し、エスプレッソはイタリア製マシンで丁寧に淹れています。 ＜ランチメニュー11:00〜15:00※月替り＞ ※A-SET（ランチ＋ドリンク）、B-SET（ランチ＋ドリンク＋ケーキ） 【アサリとトマトと菜の花のボンゴレ・ビアンコ】（各A:1665円／B:2050円） 【粗挽きポークの自家製キーマカレー】（A:1745円／B:2130円） 【半熟卵の甘辛ヤンニョムチキンボウル】（A:1770円／B:2155円） など ＜メニュー＞ 【パンケーキ（塩キャラメルナッツ＆クッキー／チョコレートバナナキャラメリゼ）】（各1375円） 【パンケーキ（苺＆ベリー）】（1452円） 【大人のベリーアフォガード】（770円） 【ムール貝と浅利と海老のペスカトーレ】（1672円） 【なつかしのクリームソーダ】（715円） 【シェイク（バナナチョコドロップ／ベリーベリー／柚子レモン／抹茶ホワイト／クッキーキャラメル／チョコミント）（各935円） など ※2026年2月17日時点の情報です,[],[]
月替わりの銘柄豚と釜炊きご飯が人気…“その時だけ”の味を楽しむ“極みのとんかつ御膳”の店（東海テレビ）,https://news.yahoo.co.jp/articles/825c3d8bac634ef0802f7e96966738b1d628300b,https://newsatcl-pctr.c.yimg.jp/t/amd-img/20260511-90046146-tokaiv-000-1-view.jpg?exp=10800,2026-05-11T17:05:09+09:00,2026-05-11T17:05:09+09:00,東海テレビ,tokai,東海テレビ,735,とんかつ朱寿 「とんかつ朱寿」は、2026年2月に名古屋市名東区にオープンしたとんかつ店です。 店の特徴は、毎月変わる銘柄米と銘柄豚。その月だけの組み合わせで楽しめる、“極みのとんかつ御膳”を味わうことができます。 「しょうが焼きが嫌いな人はいない」脱サラ店主が勝負をかけた“しょうが焼き専門店”提供時間は驚きの3分以内 豚肉は、月によって千葉県産の「林SPF豚」や「知多三元豚」など、希少な銘柄豚が登場。薄めの衣をまとわせ、低温でじっくり火を通したあと、高温でサクッと香ばしく揚げています。口に入れると、上質な豚肉の甘みとジューシーな旨味が広がります。 部位は、赤身と脂のバランスが良い「ロース」、やわらかくあっさりとした「ひれ」、脂のコクと旨味を堪能できる「リブロース」の3種類。それぞれの部位の特徴に加え、ブランド豚ごとの個性も楽しめます。 御膳にはワサビ醤油が添えられ、卓上には塩、コショウ、醤油、ソースを用意。おすすめは、まず塩だけで豚本来のおいしさを味わい、次にワサビ醤油で、最後は好みの調味料で楽しむ食べ方です。 また、とんかつとの相性や体へのやさしさを考え、御膳には「塩麹豚汁」を用意。野菜の甘みをしっかり感じられる、さっぱりとした味わいです。 キャベツと塩麹豚汁はおかわり無料となっています。 ＜メニュー※月替わりの参考＞ ※キャベツ、塩麹豚汁おかわり無料 とんかつ御膳 【ロースかつ御膳】（1800円） 【ひれかつ御膳】【リブロースかつ御膳】（各2000円） 銘柄豚とんかつ御膳 【ロースかつ御膳】（2200円） 【ひれかつ御膳】【リブロースかつ御膳】（各2400円） 【ご飯おかわり】【味噌ダレ】（各200円） ※2026年2月19日時点の情報です,[],[]
22歳の女性船頭も新たに…岐阜市の長良川鵜飼が11日開幕 夏頃から運航の高級観覧船は定員12人限定で“1隻40万円”（東海テレビ）,https://news.yahoo.co.jp/articles/8e27d9b14cc708ad9da4a0af8014da6e0f35ac15,https://newsatcl-pctr.c.yimg.jp/t/amd-img/20260511-90046137-tokaiv-000-2-view.jpg?exp=10800,2026-05-11T17:00:03+09:00,2026-05-11T18:37:01+09:00,東海テレビ,tokai,東海テレビ,898,高級観覧船「鵜一」 岐阜市の伝統「長良川鵜飼」が5月11日に開幕しました。今年は1隻40万円の高級観覧船「鵜一」が登場するほか、SNSでの発信にも意気込む22歳の女性が新たに船頭に加わりました。 【動画で見る】22歳の女性船頭も新たに…岐阜市の長良川鵜飼が11日開幕 夏頃から運航の高級観覧船は定員12人限定で“1隻40万円” ■食事除いて1隻40万円…高級観覧船「鵜一」 10日、一足早くお披露目されたのが、貸切の新たな高級観覧船「鵜一(ういち)」。コンセプトは「日本一贅沢な川遊び」です。 ニュースONE 内装に施される日本らしい“和の伝統”。定員は12人に限定し、ゆったりとしたくつろぎの空間を演出していて、専用のコンシェルジュまでいます。 料金は食事代を除いて1隻40万円と、一般的な貸切船の7倍以上です。 天然鮎や岐阜県産の野菜をふんだんに使った、特別料理を楽しめるプランが検討されていて、夏ごろからの運航開始を目指しています。 ニュースONE 鵜飼観覧船事務所の担当者： 「外国の方たちはもちろんですが、今まで鵜飼観覧船を親しんでこられた日本の方にも乗っていただいて、新しい鵜飼の見方や楽しみ方を堪能していただけたら」 ■新人船頭の22歳女性「全世界に魅力発信したい」 長良川鵜飼では、審査を経た若い世代も毎年のように船頭として加入しています。このうちの1人が、岐阜市観光宣伝隊として活動する夢乃なつみさん(22)です。 2024年に愛知県から岐阜に移住し、岐阜の歴史を学ぶうちに自ら鵜飼の魅力をPRしたいと考え、審査をパスして研修を終え、今年から船頭になりました。 ニュースONE 夢乃なつみさん： 「全世界に岐阜長良川鵜飼の魅力を発信できたらいいなと思いまして、今年は挑戦させていただきました。SNSを利用して、若い世代に発信していけたらいいなと思います」 10月15日の鵜飼じまいまで、客を楽しませます。 夢乃なつみさん： 「鵜飼の景色の素晴らしさを発信していけたらいいな。『また来たい』と思っていただけるような、素晴らしいすてきな時間をお届けできるように頑張りたいと思います」,[],[]
出血性ショックで亡くなる…自宅で知人とみられる男性を木刀で複数回殴って死亡させたか 58歳男を逮捕・送検（東海テレビ）,https://news.yahoo.co.jp/articles/32af3f46bf51a7deaf7cede88adaa6babb113574,https://newsatcl-pctr.c.yimg.jp/t/amd-img/20260511-90046139-tokaiv-000-2-thumb.jpg?exp=10800,2026-05-11T15:55:06+09:00,2026-05-11T17:26:02+09:00,東海テレビ,tokai,東海テレビ,287,東海テレビ 知人とみられる男性を木刀で殴り死亡させたとして、58歳の男が逮捕・送検されました。 警察によりますと、自称自営業の村上圭介容疑者(58)は9日午後10時前、刈谷市の自宅で知人とみられる男性の背中などを木刀で複数回殴った傷害の疑いで緊急逮捕されました。 村上容疑者の妻から「53歳の男性が意識と呼吸がない」と消防に通報があり、男性は心肺停止の状態で搬送され、死亡が確認されました。 男性の死因は出血性ショックで、背中を中心に頭や顔などにも皮下出血があったということです。 警察は容疑を傷害致死に切り替えて11日に送検し、調べに対して村上容疑者は容疑を認めています。,[],[]
バスの中で頭を下げ…幼稚園児が南海トラフ巨大地震に備え訓練 津波から逃れるため山の中腹まで避難 三重県紀北町（東海テレビ）,https://news.yahoo.co.jp/articles/dbde6bfc6ecf5dcd74ed20fe048cc743227451e9,https://newsatcl-pctr.c.yimg.jp/t/amd-img/20260511-90046133-tokaiv-000-1-thumb.jpg?exp=10800,2026-05-11T12:01:06+09:00,2026-05-11T12:01:06+09:00,東海テレビ,tokai,東海テレビ,220,東海テレビ 三重県紀北町で11日朝、幼稚園児らが南海トラフ巨大地震に備え防災訓練を行いました。 紀北町の紀伊長島幼稚園では園児6人らが参加し、幼稚園バスに乗車している際に南海トラフ巨大地震が発生した想定で、訓練が始まりました。 子供たちは、バスの中で頭を下げるなどして身を守る行動をとっていました。 紀北町では、南海トラフ巨大地震により最短9分ほどで第1波の津波が到達すると想定されていて、バスを降りた園児らは山の中腹まで避難していました。,[],[]
クラファンで目標達成…東海3県で初の『こどもホスピス』愛知県長久手市の空き家を改修し8月オープンへ（東海テレビ）,https://news.yahoo.co.jp/articles/56d2381944e3ee324d2b50e276e79d06033c4263,https://newsatcl-pctr.c.yimg.jp/t/amd-img/20260511-90046135-tokaiv-000-1-thumb.jpg?exp=10800,2026-05-11T11:59:17+09:00,2026-05-11T11:59:17+09:00,東海テレビ,tokai,東海テレビ,340,東海テレビ 病気や障害のある子どもが楽しく過ごせる「こどもホスピス」を作るためのクラウドファンディングが目標を達成し、今年8月に愛知県長久手市でオープンします。 小児がんなど重い疾患のある子どもが、病院を離れ自由に楽しく過ごしてもらうための「こどもホスピス」。 東海3県に初めてこどもホスピスを作ろうと活動するNPO法人は、今年2月からクラウドファンディングを始めて、今月8日に目標を達成し、451人から903万円余り支援があったと発表しました。 支援金は、長久手市の空き家をこどもホスピスにするため、お風呂やキッチンの改修費用などに充てられるということです。 ホスピスは今年8月からスタートし、NPOは「子どもと家族が存分に今を楽しむことを叶えていけたら」とコメントしています。,[],[]
長良川のアユ漁が解禁 初競りで1キロ35万円の過去最高値で競り落とされる 入荷量は36キロと去年より少なく（東海テレビ）,https://news.yahoo.co.jp/articles/9c1858f82bb80e1afb34589fd0f7a18eb65a2a72,https://newsatcl-pctr.c.yimg.jp/t/amd-img/20260511-90046134-tokaiv-000-1-thumb.jpg?exp=10800,2026-05-11T11:55:05+09:00,2026-05-11T11:55:05+09:00,東海テレビ,tokai,東海テレビ,331,東海テレビ 初夏の訪れを告げる天然アユの初競りが岐阜市の中央卸売市場で行われ、過去最高値となる1キロ35万円で競り落とされました。 長良川のアユ漁が解禁され、11日午前6時に初競りが始まると、およそ40人の仲買人らが威勢のいい声とともに天然アユを次々と競り落としていきました。 市場によりますと、初日の入荷量は去年より18キロ少ない36キロでしたが、最高値は1キロ35万円と、これまでの最高値だった1995年の6万円を大きく上回りました。 落札した飲食店経営の吉田さん： 「高いなと思いますけど。うなぎ屋を本巣市でやっていますので、お客さんに食べてほしいなと」 35万円で競り落とされたアユは、本巣市のウナギ専門店「和亭」で5月14日に提供されるということです。,[],[]
大通り沿いの歩道で「男性がうつ伏せで倒れている」50代位で搬送も死亡 賃貸マンションから転落した可能性も（東海テレビ）,https://news.yahoo.co.jp/articles/90d5f812be60091b17d8da3af44f2edbcbddc026,https://newsatcl-pctr.c.yimg.jp/t/amd-img/20260511-90046136-tokaiv-000-1-thumb.jpg?exp=10800,2026-05-11T11:52:37+09:00,2026-05-11T11:52:37+09:00,東海テレビ,tokai,東海テレビ,323,東海テレビ 11日未明、名古屋市東区で歩道に倒れていた男性が見つかり、その後死亡が確認されました。警察は、近くの建物から転落した可能性もあるとみて調べています。 警察によりますと、11日午前4時半ごろ、東区東桜2丁目の桜通沿いの歩道で、「男性がうつ伏せで倒れている」と、通りかかった男性から警察に通報がありました。 倒れていたのは50代位の男性で、全身にケガをしていて病院に搬送されましたが、間もなく死亡が確認されました。 男性は身分証など所持品を持っていなかったということで、警察は身元の確認を進めています。 現場は、短期間から借りることができる賃貸マンションの前の歩道で、警察は男性がこのマンションから転落した可能性もあるとみて調べています。,[],[]
登山道から10mほど下に…山で行方不明だった63歳男性が見つかるも死亡 全身を強く打っていて滑落したか（東海テレビ）,https://news.yahoo.co.jp/articles/75bd9f88c0a08ce1ab4cbfa44a73530dc6b633c7,https://newsatcl-pctr.c.yimg.jp/t/amd-img/20260511-90046132-tokaiv-000-1-thumb.jpg?exp=10800,2026-05-11T07:12:33+09:00,2026-05-11T07:12:33+09:00,東海テレビ,tokai,東海テレビ,320,東海テレビ 三重県松阪市の山で10日、63歳の男性が倒れているのが見つかり、死亡が確認されました。男性は登山中に行方不明となり、警察などが捜索していました。 警察によりますと、松阪市の池木屋山で10日午前11時ごろ、登山をしていた人が登山道から10mほど下の沢のあたりに男性が倒れているのを見つけ、警察に通報しました。 男性は志摩市の無職・前田亮さん(63)で、消防が救助に当たりましたが、その場で死亡が確認されました。 前田さんは、9日午前4時ごろに自宅を出て1人で登山をしていて、その日の夜に、妻が「登山に行った家族が帰ってこない」と通報し、警察や消防などが捜索していました。 前田さんは全身を強く打っていて、滑落したとみられています。,[],[]
