headline,mainEntityOfPage,image,datePublished,dateModified,author,media_en,media_jp,str_count,body,images,external_links
1100億円でも安い…想像以上だった“大谷ブランド”　ド軍も認めた計り知れない価値（Full-Count）,https://news.yahoo.co.jp/articles/49aab8f8383235db48059f81df60ff138b1bc3f4,https://newsatcl-pctr.c.yimg.jp/t/amd-img/20241226-01677266-fullcount-000-5-view.jpg?exp=10800,2024-12-26T21:06:03+09:00,2024-12-26T22:20:48+09:00,Full-Count,fullcount,Full-Count,754,米メディア「ブリーチャー・レポート」が大谷の1年を振り返った ドジャース・大谷翔平【写真：荒川祐史】 ドジャースの大谷翔平投手は23日（日本時間24日）、AP通信の「今年の男性アスリート」に選出された。米スポーツ専門メディア「ブリーチャー・レポート」は球団CEOのコメントとともに、大谷の偉業を振り返った。 【写真】“大谷仲良し”美人レポーターが大胆ビキニ姿「ゴージャスだ」 移籍1年目の今季は、前人未到の「54本塁打＆59盗塁（54-59）」をマーク。2年連続の本塁打王、130打点を挙げて初の打点王に輝き、2年連続3度目となるリーグMVPにも選出された。 「この30歳は、キャリア初めてとなったプレーオフの間も、ビッグモーメントを迎えた」。プレーオフでは地区シリーズ初戦で3ランを放ち、リーグ優勝決定シリーズでは打率.364、出塁率.548、長打率.636を記録。チームをワールドシリーズ制覇に導いた。 記事ではドジャースのスタン・カステンCEOがMLB公式サイトの取材で「オオタニが『新たなファンを（ドジャースに）もたらした』と語った」ことを取り上げた。 大谷は昨オフにドジャースと10年7億ドル（1100億円）の契約を結んだ。チームは多くの日本企業とスポンサー契約を結ぶなど、プレー以外でも数多の利益をチームにもたらした。CEOはMLB公式サイトの記事で「我々は控えめな予想をしていた。実際には、すばらしいを超えている」と、想像以上の“大谷効果”に驚いていた。 「ブリーチャー・レポート」は「オオタニは野球ファンが夢中のままでいるための、新たな方法を見つけ続ける」と、これからも野球を見る者を虜にしていく存在だと強調。2025年はどのようなプレーでファンを楽しませるのか。 Full-Count編集部,[],[]
大谷翔平の“敗北”に「これ以上の間違いはない」　ジャッジ派の炎上司会者すら異議（Full-Count）,https://news.yahoo.co.jp/articles/56d77933ab5a454d5cf9226da4698d6e157fd6e6,https://newsatcl-pctr.c.yimg.jp/t/amd-img/20241226-01677547-fullcount-000-10-view.jpg?exp=10800,2024-12-26T20:32:05+09:00,2024-12-27T07:05:20+09:00,Full-Count,fullcount,Full-Count,1005,TIME誌が選んだ今年の最優秀アスリートに大谷は選ばれず ドジャース・大谷翔平【写真：Getty Images】 米老舗雑誌「TIME」は今年の最優秀アスリートにアイオワ大のバスケットボール選手、ケイトリン・クラークを選出した。ドジャースの大谷翔平投手も野球界の歴史を塗り替えた1年だったが、敗れた形となった。これには米放送局の“お騒がせ司会者”も噛みついた。 【写真】“大谷仲良し”美人レポーターが大胆ビキニ姿「ゴージャスだ」 同賞は10日（日本時間11日）に発表された。クラークは身長は183センチのポイントガードで、NCAA1部歴代最多の通算3951得点を記録。3ポイントシュートが得意なことから「女性版ステフィン・カリー」と呼ばれ、カレッジバスケットボールにおける史上最高の女子選手と呼ばれた。今年はフィーバーに指名されると、アシストのリーグ最多を塗り替えるなど、数々の偉業を成し遂げた。 大谷は、ドジャース移籍1年目で54本塁打、59盗塁をマーク。MLBの歴史上で誰も成し遂げたことがなかった「50-50」に到達。ワールドシリーズ制覇に導くなど、驚異的な活躍を見せた。AP通信の選ぶ年間最優秀アスリートは、男性部門で大谷、女性部門ではクラークが選ばれている。TIME誌の表彰は1人だけで、2022年はヤンキースのアーロン・ジャッジ外野手、2023年は米国でプレーするリオネル・メッシが米国出身以外の人物で初選出だった。 これに異議を唱えたのが米放送局「FOXスポーツ・ラジオ」のロブ・パーカー氏だ。過去には「大谷がブルージェイズでプレーしたらMLBで最大の悲劇」「大谷よりジャッジの方が圧倒的に見ていて楽しい」などと発言して炎上。ざっくばらんにモノを言うスタイルだが、今回は「これ以上の間違いはない」と大谷を“擁護”した。 同氏は「確かにケイトリン・クラークは印象を残したけど、優勝もしていないし、五輪にも選出されていない。そんな選手が今年の最優秀アスリート？ ノーセンス。この1年で、7億ドル（約1100億円）の契約を結び、前人未踏の50-50を達成した。女子プロバスケの30年に対し、MLBは150年の歴史だ。そして、ワールドシリーズ優勝で締めた。テレビをつけてショウヘイ・オオタニが映っていれば、彼を必ず見ないといけない。彼は社会現象を引き起こしたんだ」と主張した。 Full-Count編集部,[],[]
日本去り6年、“超怪力”元助っ人は「全く変わってない」　37歳で偉業「帰ってきて」（Full-Count）,https://news.yahoo.co.jp/articles/dda9e3714d3709c816d2ca5b2a2a6e6b9eb06c73,https://newsatcl-pctr.c.yimg.jp/t/amd-img/20241226-01677267-fullcount-000-10-view.jpg?exp=10800,2024-12-26T19:26:53+09:00,2024-12-26T22:21:14+09:00,Full-Count,fullcount,Full-Count,563,楽天でプレーしたペゲーロ 楽天時代のカルロス・ペゲーロ【写真提供：産経新聞社】 元楽天のカルロス・ペゲーロ外野手が母国で行われているウインターリーグで活躍を続けている。23日（日本時間24日）には右翼へ完璧な一発を叩き込み、ギガンテス・デル・シバオの球団記録となる通算48号となった。 【画像】体のラインがくっきり浮かび上がる台湾チアの大胆ショット ペゲーロは2016年から3年間楽天でプレー。なんといってもそのパワーが魅力で、2017年には120試合に出場して打率.281、26本塁打をマークした。 楽天退団後の2019年はメキシカンリーグ、韓国でプレー。その後は母国・ドミニカ共和国のウインタリーグを主戦場としている。37歳の今季は好調で、2014年以来となる8本塁打をマーク。23日（同24日）の試合を終えて打率.286、OPS.926を記録している。 今季8号となった一発は、巨人でもプレーしたフアン・フランシスコ内野手が持っていた球団記録を更新するギガンテスでの通算45号となった。X（旧ツイッター）のファンも「また楽天モバイルパークのライトスタンドにぶち込んで欲しい」「帰ってきてくれ」「フォロースルー全く変わってないな」「楽天に戻ってきてくれーー！」と変わらぬ元助っ人に注目していた。 Full-Count編集部,[],[]
去就決まらぬ韓国人逸材「通じるかは未知数」　迫る期限…地元紙「冷徹な市場評価」（Full-Count）,https://news.yahoo.co.jp/articles/a02f7df17f7b464ffb783d00296de3c51380d00f,https://newsatcl-pctr.c.yimg.jp/t/amd-img/20241226-01677534-fullcount-000-1-view.jpg?exp=10800,2024-12-26T18:59:54+09:00,2024-12-26T18:59:54+09:00,Full-Count,fullcount,Full-Count,740,ポスティング期限が1月4日に迫るキム・ヘソン KBOキウムのキム・ヘソン【写真：Getty Images】 KBOキウムからメジャー移籍を目指すキム・ヘソン内野手のポスティング期限が1月4日に迫るなか、26日に韓国紙の「スポーツワールド」は「冷徹な市場評価を避けるのは難しい」と、厳しい評価を下している。 【画像】日本人メジャーリーガー妻が大開脚で衝撃ポーズ「きれいすぎ」 キム・ヘソンは今季打率.326、11本塁打75打点、30盗塁をマーク。昨オフにジャイアンツ入りしたイ・ジョンフ外野手に続いてメジャー挑戦を目指しポスティングを申請も、獲得の発表がないまま残り10日となっている。 同紙は、キム・ヘソンのポテンシャルについては「コンタクト能力と俊足が長所だが、大物投手が並ぶ米国で通じるかは未知数だ。長打が足りない上に、内外野を行き来するユーティリティとしてプレーできる守備力があるか疑問符だ」と評価している。 キム・ヘソンは、打率のキャリアハイは2023年の.335。本塁打は今季の11本塁打が最高だった。KBO時代で30本塁打（2020年）を放ったキム・ハソン内野手の成績を考えると、メジャーで最低限の数字が残せるとは考えにくい。 また、キム・ハソンはパドレスと2021年に結んだ4年3900万ドル（約61億2800万円）の契約に含まれる1年のオプション権を行使せず、FA市場に飛び込んだ。2023年にはゴールドグラブ賞を受賞し17本塁打をマーク。しかし、シーズン終盤に肩の怪我をして、関節の手術を行っており、こちらも去就が未定。同紙は「思ったよりも（キム・ハソンに対して）熱感はない」と伝えている。 韓国が誇る2選手に、吉報は届くのだろうか。 Full-Count編集部,[],[]
幻に終わった日本行き…市場に残るFA右腕、70億円の行方　米指摘「最も過小評価されている」（Full-Count）,https://news.yahoo.co.jp/articles/9c424f689456b16c41882f6367f7101d0282e717,https://newsatcl-pctr.c.yimg.jp/t/amd-img/20241226-01667525-fullcount-000-6-view.jpg?exp=10800,2024-12-26T18:31:59+09:00,2024-12-26T19:01:52+09:00,Full-Count,fullcount,Full-Count,883,2023年には日本ハム入りの可能性があったホフマン フィリーズからFAになっているジェフ・ホフマン【写真：Getty Images】 2024年も終わりを迎え、米メディアはまだFA市場に残っている投手に注目した。「最も過小評価されているFA」の1人に挙げられたのは、フィリーズからFAとなったジェフ・ホフマン投手で、4年4400万ドル（約69億1300万円）クラスの契約が予想されている。 【画像】「なんて美しいの！」大谷ライバルと大胆ドレスの美人妻 31歳のホフマンは2年連続で50試合以上に登板し、防御率はともに2点台前半と安定した投球を披露した。オフにFAとなったが、いまだ去就は決まっていない。 2022年11月にレッズからDFA（事実上の戦力外）となり、2023年はマイナーを転々とした。シーズン中には日本ハムからオファーがあったことをスポーツ専門メディア「ジ・アスレチック」に明かしている。当時はフィリーズと結んでいたマイナー契約を破棄しようとしていたところだった。 「契約書類が手元にあって『レッツゴー』という感じだったよ」とサイン寸前だったようだ。「（日本に行くことを考えたのは）金銭的なことだった。自分はここ（メジャー）でプレーするほどの実力がないとは思わなかったけど、『家族のためにお金が必要だ』という感じだった」とホフマンは当時を振り返っている。 前向きに日本行きを検討していたが、ここでフィリーズはホフマンにメジャー契約を提示。結局日本行きは幻となり、ホフマンはメジャーでブレークを果たした。 米スポーツ専門メディア「ブリーチャー・レポート」は「彼が過去2シーズンでどれだけ素晴らしかったかについて、認める価値がある」と評価。「打者がとにかく打てない球を2種類持っている」と、今季の被打率は直球（フォーシーム）が.204、スライダーが.198であることを紹介した。 米最大の移籍情報サイト「トレード・ルーマーズ」はホフマンの契約を4年4400万ドル（約69億1300万円）と予想。どのような契約を掴むのか、注目だ。 Full-Count編集部,[],[]
鷹・周東佑京、巨大戦力のなか意識した“役割”　初の三井GG賞は「1番欲しいと思っていた」（Full-Count）,https://news.yahoo.co.jp/articles/61735112ce604c973a1d409a1b947ff9bd551708,https://newsatcl-pctr.c.yimg.jp/t/amd-img/20241226-01677540-fullcount-000-2-view.jpg?exp=10800,2024-12-26T18:17:16+09:00,2024-12-26T19:34:13+09:00,Full-Count,fullcount,Full-Count,983,鷹・周東が守備のこだわりを力説 ソフトバンク・周東佑京【写真：荒川祐史】 「パーソル パ・リーグTV」はソフトバンク・周東佑京内野手のインタビュー動画を公開。「三井ゴールデン・グラブ賞」を7年目で初受賞した喜びや守備のこだわりを明かしている。 【写真】シックなジャケットに「キュンキュン」 周東の“新スタイル”にファン興奮 「1番欲しい賞だと思っていた」という「三井ゴールデン・グラブ賞」。周東は「盗塁王は、自分自身がどれだけ走って、どれだけ成功できたかという積み重ねですが、（三井ゴールデン・グラブ賞は）周りの人からも評価されないと獲れない賞なので、本当にうれしいです」と喜びをにじませる。 昨季の秋季キャンプから、井出竜也1軍外野守備走塁兼作戦コーチ（来季より野手コーディネーター）とともに“あるポイント”を意識して守備の強化に励んでいたと明かし、今季の自身の守備を「周りの選手よりも、範囲広く守れたかな」と評価。また「守備が上手い選手が多いので、“当たり前”のハードルが上がり、試合に出るための基準が高まっていると思う」とチームのレベルの高さも強調した。 今季、守備において印象に残っているプレーについては7月17日のロッテ戦、同20日と9月8日の西武戦の3試合をピックアップ。なかでも「年間のベストですね」と話すのはロッテ戦初回の見事なスライディングキャッチだった。初先発の大山凌投手を救ったプレーは、小久保裕紀監督も「周東しか捕れない」と絶賛。自身も「反応、落下地点、ルート、全部が良かったです」と振り返り、「一生懸命（打球を）追って捕っただけです」と笑顔を見せた。 グローブのこだわりは「小さく、軽く」だという。一般的に大きい方が捕球しやすいように思えるが、ここには俊足の周東ならではのこだわりポイントがあるという。また、外野守備で1番重視していることとして「守備範囲の広さ」を挙げた。 コーチ陣からの情報やデータを頭に入れるだけでなく、打球方向の傾向を捕手に細かくヒアリングしながら、取り組んでいる。選手層が厚いソフトバンクでプレーするなかで、「他の選手よりも守備範囲を広くすることは、試合に出るために必要であり、“僕の武器”でもある」と胸を張り、「来年以降はもう少し（守備範囲を）広げていければと思う」と意気込んだ。 「パ・リーグ インサイト」編集部,[],[]
デコピンまさかの“登場”「凄すぎる笑」　大谷なしで…密かに誕生したページにX爆笑（Full-Count）,https://news.yahoo.co.jp/articles/63fc441f38a55754714dad9fff9808284694c77c,https://newsatcl-pctr.c.yimg.jp/t/amd-img/20241226-01677441-fullcount-000-6-view.jpg?exp=10800,2024-12-26T17:58:23+09:00,2024-12-26T20:18:09+09:00,Full-Count,fullcount,Full-Count,835,写真には「デコピンのアメリカ合衆国の査証の顔写真」が使用 ドジャース・大谷翔平（左）と愛犬のデコピン【写真：松本洸】 まさかの“登録”に笑撃が広がっている。ドジャース・大谷翔平投手の愛犬・デコピンがインターネット百科事典「Wikipedia（ウィキペディア）」に掲載されていることがネット上で話題となった。アスリートの愛犬がウィキペディアに登録されるのはきわめて異例。「デコピンのWikipediaが本当にあって草」などと反応が寄せられている。 【写真】wikipediaに掲載されたデコピンの顔写真…米国大使館で渡された専用のビザ 相手の額を中指で弾く行為の総称「デコピン」と判別するため、紹介文には「デコピン（犬）」とされた。2023年6月18日生まれで、「日本出身のプロ野球選手の大谷翔平が飼っている犬（コーイケルホンディエ）である。性別は雄。国籍はアメリカと日本。英語名はDecoy（ディコイ）」と紹介。「ロサンゼルス・ドジャースや大谷翔平の広報活動に参加しており、ファンの間では定番の存在として親しまれ、チームの『最も価値のある子犬』と評されている」と記されている。 写真には「デコピンのアメリカ合衆国の査証の顔写真」が使用されており、「来歴」に加えてドジャースの広報活動」についても言及されている。1月に大谷とともに駐日アメリカ合衆国大使館を訪れ、ラーム・エマニュエルからデコピンの顔写真が入ったビザをデザインした特大パネルが贈られたことや、8月28日（日本時間29日）に行われた始球式などについて触れられている。 まさかのウィキペディア登録にファンも騒然。「デコピン（犬）がガチWikipediaに掲載されていて驚きを隠せない」「びっくりしました……」「デコピンのWikipediaあるの面白すぎるだろw」「英語と韓国語でもWikiがあって驚いた」「凄すぎる笑」「犬やけど、（犬）にわろたwww」などとコメントが寄せられている。 Full-Count編集部,[],[]
伝説の“セーフティスクイズ”は「まさかやるとは」　決めた本人も「やばい！」…語った心境（Full-Count）,https://news.yahoo.co.jp/articles/de44e22288af95383f81be45724406351e686c1b,https://newsatcl-pctr.c.yimg.jp/t/amd-img/20241226-01677245-fullcount-000-1-view.jpg?exp=10800,2024-12-26T17:40:51+09:00,2024-12-26T17:40:51+09:00,Full-Count,fullcount,Full-Count,1583,ロッテのドキュメンタリー映画が27日から公開 ロッテ・小島和哉、鈴木昭汰、小川龍成（左から）【写真提供：パ・リーグ インサイト】 ロッテのドキュメンタリー映画『MARINES DOCUMENTARY 2024 自分たちを超えてゆく。』が、27日から全国38劇場で上映される。パ・リーグインサイトでは小島和哉投手、鈴木昭汰投手、小川龍成内野手にインタビューし映画の見どころなどを聞いた。 【写真】スラリ長身に端正なマスク ロッテドラ3は「イケメンすぎる」「俳優やんけ」 ――作品をみて。 小川「僕がちょくちょく映っていたのでうれしかったです。試合中もそうですし、インタビューの場面も。他の選手を撮っている後ろに僕が映っているだけでもうれしかったです（笑）」 ――注目してもらいたいポイントは。 小川「僕が好きだったところは、CS進出を決めた楽天戦の後にブルペンでミーティングをしたときの映像です。お気に入りなので、注目して見ていただければと思います」 小島「プレーしている姿は試合の映像を見ればわかりますけど、その裏側は……。例えば自分が投げているとき、ロッカーなどの裏側では盛り上がっているのか、どんな感じなのか。ピッチャー目線では野手の方の練習風景とか。そういうところは僕からしても気になるので、ぜひ注目してほしいです」 鈴木「一年間ずっと密着をしてもらって、僕らが143試合戦ってきた気持ちや姿がそのまま映画館で見るられると思います。『今年はこういう一年だったな』と共感できると思うので、そこを見てほしいです」 今季のベストシーンは3人が“一致” ――今季、ご自身が“主役級”の活躍を見せた試合を挙げるとしたら。 小島「前半のオリックス戦で、1-0で完封したときですね（4月5日）。先発をやっているなかで、試合の最後まで投げ切ることを目指していて、なおかつ1-0というしびれる展開だったので。もともと立ち上がりは得意ではないんですけど、その日は序盤から狙ったコースに投げ切れて、真っすぐも強くて」 鈴木「僕は5月26日のノーアウト満塁を抑えたときですかね。2-0だったので、2-2までは自分のなかでOKにしようという余裕を持ちながらも、いつもお世話になっている澤村（拓一）さんがつくったピンチだったので、そこは絶対抑えたいなっていう気持ちも持っていました」 小川「僕はあのサヨナラセーフティです（7月30日、西武戦）。自分らしさが出た打席でしたし、僕の決勝打で勝った試合だったので。その日は興奮してなかなか眠りにつけなかったのを覚えています」 ――今季のマリーンズとしてのベストシーンは？ 小島「僕は結構（小川の）サヨナラセーフティの試合が印象に残っているんですよね。あの場面、ベンチで『セーフティもおもしろいかな』とは思っていたんですけど、まさか本当にやるとは思わなくて。（小川選手が）一塁に走ってベースを踏む前に、僕はもう水を持っていこうとしていました（笑）。チーム的にもみんな盛り上がっていたと思います」 鈴木「僕はそのときブルペンで見ていて、サードの位置とかわからなかったので、さすがにバントはないかなと思っていたんですよ。しかも2アウト満塁だったので。今年（小川の）バッティングもよかったから打つかなと思っていたらバントで。あれちょっと（打球）強かったよね？」 小川「強かった！」 鈴木「そうだよね。『ちょっと強いぞ』と思った（笑）。あれは僕も結構興奮しましたね」 小川「僕はもう初球にセーフティを決めるしか点を取ることができないなと思っていました。ちょっと打球が強くなって『やばい！』と思ったんですけど、ヘッドスライディングする前に歓声が聞こえてきて。（打球が）サードの手につかないと思わなかったので『本当に点取ったのかな？』と不思議な感覚でしたね」,[],[]
中日退団…元首位打者の決まらぬ去就　出場激減も溢れる待望論「電撃とかないかな」（Full-Count）,https://news.yahoo.co.jp/articles/576fafb08f8c1556ed2b54648b1baece5ab7c664,https://newsatcl-pctr.c.yimg.jp/t/amd-img/20241226-01677424-fullcount-000-30-view.jpg?exp=10800,2024-12-26T17:27:40+09:00,2024-12-27T07:54:55+09:00,Full-Count,fullcount,Full-Count,687,ビシエドは中日で9年間プレー…2018年に2冠、今季は15試合出場 中日を退団したダヤン・ビシエド【写真：矢口亨】 ダヤン・ビシエド内野手は、2016年からプレーした中日を今季限りで退団した。在籍9年間で通算1012安打を放った35歳助っ人の去就は依然決まっておらず、ファンもやきもき。「まだまだ働くで」「電撃とかないかな」「意外だな」と声をあげている。 【写真】中日内野手の妻は美人アナウンサー 交際実り…2019年に結婚した夫人 ビシエドは2018年に打率.348、178安打で両タイトルを獲得。一塁手でベストナインに2度（2018、2019年）、ゴールデングラブ賞に2度（2020、2021年）輝いた。2023年に国内FA権の取得条件を満たし、今季は日本選手扱いとなった。 しかし、出場機会は激減し、15試合で打率.209（43打数9安打）、1本塁打、2打点。5月16日に1軍登録されるも、6月9日に抹消となり、そのままシーズンを終えた。2軍では72試合で打率.300（223打数67安打）、8本塁打、OPS.859をマークしたが、10月8日に退団が発表された。 通算958試合出場で打率.287、139本塁打、549打点、OPS.812を記録した優良助っ人。外国人枠も外れておりファンからは待望論が上がっているが、去就は未定の状況だ。SNSには「まだ決まってない」「どこに行くことになったんだ？」「帰っておいでよ」「日本人枠にできる」「西武、取ってほしい」とコメントが寄せられている。来季もNPBでプレーするのか、今後の動向が注目される。 Full-Count編集部,[],[]
ド軍美人レポーターが大興奮「最高だったわ！」　歌姫目撃でクリスマス堪能「かわいすぎ」（Full-Count）,https://news.yahoo.co.jp/articles/75d05cf06e07f522c0bfe0869d12db89045e9e9d,https://newsatcl-pctr.c.yimg.jp/t/amd-img/20241226-01677430-fullcount-000-2-view.jpg?exp=10800,2024-12-26T17:13:50+09:00,2024-12-26T17:22:31+09:00,Full-Count,fullcount,Full-Count,611,ド軍のお馴染みレポーター、ワトソンさんが投稿 ドジャース・大谷翔平（左）とキルステン・ワトソンさん【写真：Getty Images】 ドジャースの地元放送局「スポーツネット・ロサンゼルス」でレポーターを務めるキルステン・ワトソンさんが25日（日本時間26日）に自身のインスタグラムを更新。NFLのヒューストン・テキサンズの試合を観戦し、ハーフタイムに登場した歌姫のパフォーマンスに「控えめに言って最高だったわ！」と興奮気味に伝えている。 【実際の様子】「控えめに言って圧巻だったわ！」 美人レポーターが興奮気味に投稿したオフの1コマ テキサンズの本拠地「NRGスタジアム」で試合を観戦。クリスマスゲームとなり、ハーフタイムには世界的歌姫のビヨンセが登場し、ショーを多なった。 ワトソンさんはビヨンセの新作アルバム「COWBOY CARTER」にかけて、「ベリー・メリー・COWBOY CARTER・クリスマス！」と投稿。「私の（愛する）クイーン・ビヨンセがたった今最も印象に残るパフォーマンスを披露したわ！」「控えめに言って最高だったわ！」「（ライブを）目撃できたことに感謝しているわ」などと綴った。 ビヨンセの歌唱映像や自身の写真も掲載。ファンは「パフォーマンスは圧巻だったね」「かわいすぎる」「ゴージャス」「メリークリスマス」「あなたはイケている」。日本語でも「大好き」などと反応していた。 Full-Count編集部,[],[]
侍ジャパン、Baseball5日本選手権の冠協賛が決定　男女混成の手打ち野球…機構発表（Full-Count）,https://news.yahoo.co.jp/articles/4a4540a4d614653e7241c6f5eca8aba252cd4239,https://newsatcl-pctr.c.yimg.jp/t/amd-img/20241226-01677527-fullcount-000-1-view.jpg?exp=10800,2024-12-26T16:55:24+09:00,2024-12-26T16:55:24+09:00,Full-Count,fullcount,Full-Count,394,来年1月13日に第2回大会が開催される 野球日本代表「侍ジャパン」【写真：小林靖】 NPBエンタープライズは25日、野球日本代表「侍ジャパン」が来年1月13日にアリーナ立川立飛で行われる「第2回Baseball5 日本選手権」の冠協賛に決定したと発表した。 【動画】「Baseball5」ってなに？ 野球のようで野球じゃない新感覚都市型スポーツのプレー映像 「Baseball5」は男女混合で実施する手打ち野球で、1チーム5人、男女混成となっている。侍ジャパンが冠協賛するのは昨年の第1回大会に続き2年連続となる。 第1回大会は今年2月に行われ、「ジャンク5」が初代王者になっていた。4月には元巨人の辻東倫氏、元女子野球日本代表でWBSC・Baseball5公認インストラクターの六角彩子氏が「侍ジャパン Baseball5代表」としてアジアカップに出場した。 Full-Count編集部,[],[]
ド軍去った右腕が“神対応”　古巣ファンに粋な惜別メッセージ、21ユニは「まだクールだよ」（Full-Count）,https://news.yahoo.co.jp/articles/7cafe9ba4d0d3bb82e569273d77cb0adaf9e2a5b,https://newsatcl-pctr.c.yimg.jp/t/amd-img/20241226-01677398-fullcount-000-1-view.jpg?exp=10800,2024-12-26T16:44:17+09:00,2024-12-26T16:44:17+09:00,Full-Count,fullcount,Full-Count,912,ド軍FAだったビューラーはレッドソックスと合意した レッドソックスと契約したウォーカー・ビューラー【写真：Getty Images】 ドジャースからFAとなっていたウォーカー・ビューラー投手がレッドソックスと出来高含む総額2105万ドル（約33億800万円）で1年契約に合意した。ビューラーは自身のX（旧ツイッター）を更新し、ドジャースのファンに感謝のメッセージを送った。 【写真】笑顔で寄り添うビューラーと美人妻 夫人会が異例の“惜別投稿” 12月25日（日本時間26日）にXを投稿。「今日（クリスマスプレゼントで）受け取ったドジャースの背番号21のユニホームもまだクールだよ！ 私は来年違うユニホームを着るけど、それにもかかわらず買ってくれた皆には感謝しているよ！」と記した。 地元メディア「ドジャース・ネーション」のノア・カムラス記者が同日に「レッドソックスと契約（合意）したウォーカー・ビューラーがクリスマスにドジャースファンへメッセージを贈る」のタイトルで記事を掲載した。 記事では、ビューラーがワールドシリーズ第3戦で5回シャットアウト、その2日後には優勝を決めたワールドシリーズ第5戦で最後の3アウトを奪ったことに言及。だからこそ「（クリスマス）休暇に背番号21のユニホームをプレゼントしたら素晴らしいことだった。しかも、数日前まで（ビューラーは）FAだったからだ」と伝えた。 さらにSNSではビューラーのユニホームを（クリスマス）プレゼントしたという投稿があったという。だからこそ「（応援する）チームに所属しない選手のユニホームがプレゼントになってしまったことに不満を持つドジャースファンに、彼はナイスなメッセージを送った」と報じている。 「水曜日（日本時間26日）にはファンは（受け取った）プレゼントを投稿していた。来シーズンビューラーがどこのチームでプレーしても、（その）ユニホームを着ることは素晴らしいことだと皆に知ってもらいたかったようだ」と記事は締めている。ビューラーの“神対応”で、チームを去っても30歳右腕のユニホームを着るファンの姿を見ることができるかもしれない。 Full-Count編集部,[],[]
上沢直之、新庄監督と「やり取りしていない」　日本ハムには“お断り”の連絡をした（Full-Count）,https://news.yahoo.co.jp/articles/ce17512b8e424ecfaf83978d6d132ada8e708bf0,https://newsatcl-pctr.c.yimg.jp/t/amd-img/20241226-01677497-fullcount-000-22-view.jpg?exp=10800,2024-12-26T16:06:07+09:00,2024-12-27T16:10:37+09:00,Full-Count,fullcount,Full-Count,668,日本ハムのオファーがあった中で…考えたのは「新しい環境でのレベルアップ」 入団会見に臨んだソフトバンク・上沢直之【写真：飯田航平】 ソフトバンクは26日、福岡市内のホテルで上沢直之投手の入団会見を行った。昨オフにポスティングシステムを利用して、日本ハムからメジャーに挑戦した。その後、1年で日本球界復帰を選択。「簡単な決断ではなかった」と思い悩む中で、ホークス入団を決めた。そして、日本ハムの新庄剛志監督とは「やり取りはしていないです」と語った。 【写真】右腕が元アイドルと電撃結婚 肩を寄せデレデレするアツアツ2ショット 連絡を取っていたというのは、日本ハムの吉村浩チーム統括本部長。今シーズンの戦いを終え日本に帰国すると、熟考の末にNPBへの復帰を決断した。日本ハムからのオファーもあった中で、ホークスを新天地に選んだ。「決断をする際にはしっかりと吉村さんには連絡を入れました」と“お断り”の連絡もしたことを明かした。 「もちろんファイターズさんにはものすごく感謝しています。育ててもらったし、アメリカに挑戦させてもらえたのもファイターズのおかげだと思っています。その中で、今後を考えた時に、倉野（信次1軍投手コーチ兼ヘッドコーディネーター）さんともお話をさせていただいた。もう1回、新しい環境で自分のレベルアップを考えた時に、ホークスでプレーすることが自分を再構築することになる、と」 大きな感謝は当然、胸に秘めている。もう一度、日本を舞台にして戦う。ソフトバンクが日本一になるために、必ず戦力になる。 Full-Count編集部,[],[]
「ドリームチームを率いるデコピン」　大谷、ジャッジらと登場…まさかのコラボにX歓喜（Full-Count）,https://news.yahoo.co.jp/articles/b94ab21efd9c0fe94855abebc4cd669cf7b28007,https://newsatcl-pctr.c.yimg.jp/t/amd-img/20241226-01677392-fullcount-000-1-view.jpg?exp=10800,2024-12-26T16:03:27+09:00,2024-12-26T16:03:27+09:00,Full-Count,fullcount,Full-Count,728,大谷、ジャッジ、ソトらと登場したデコピン ドジャース・大谷翔平と愛犬デコピン【写真：ロイター】 ドジャース・大谷翔平投手の愛犬「デコピン」がメジャーのスーパースターとまさかの“コラボ”だ。米放送局「ESPN」のスペイン版X（旧ツイッター）アカウント「ESPN Beisbol」は24日（日本時間25日）、クリスマスを祝う画像を投稿。大谷らスター6選手に加えてデコピンも画像に登場しており、ファンは「しれっとデコピンさんいる」「ドリームチームを率いるデコピン」と歓喜の声をあげている。 【実際の投稿】「ドリームチームを率いるデコピン」 大谷、ジャッジらとの“共演”にファン歓喜 同アカウントは「ESPNベースボールからFeliz Navidad（メリークリスマス）」と記し、選手らの“合成画像”を投稿した。中心に大谷がいて、その両脇をヤンキースのアーロン・ジャッジ外野手、ヤンキースからFAとなりメッツと契約したフアン・ソト外野手が固めている。ソトはヤンキースのユニホームを着用している。 手前にドジャースからFAとなったテオスカー・ヘルナンデス外野手と、メッツのフランシスコ・リンドーア内野手。その前方にガーディアンズのホセ・ラミレス内野手がいる。そして、デコピンが最前列で“鎮座”している。 今季のメジャーを沸かせた契約総額23億2100万ドル（約3647億円）にもなる6人とデコピンがコラボする形になった投稿に、ファンは歓喜。SNSには「こんなところにまでデコピンが」「大谷さんとデコピンがいる」「もはやデコイの存在が大谷さんの家族ではなくMLBの家族になってて草」「どこにでもいる大谷君とデコピン」とコメントが寄せられた。 Full-Count編集部,[],[]
上沢直之、日本ハムに感謝「皆さんのおかげ」　鷹入団は「簡単な決断ではなかった」（Full-Count）,https://news.yahoo.co.jp/articles/3c4971a98443459ad94de647716af8bbedd4d9c6,https://newsatcl-pctr.c.yimg.jp/t/amd-img/20241226-01677374-fullcount-000-7-view.jpg?exp=10800,2024-12-26T15:20:08+09:00,2024-12-26T15:39:13+09:00,Full-Count,fullcount,Full-Count,812,NPB復帰の上沢が入団会見を行った 入団会見に臨んだソフトバンク・上沢直之【写真：飯田航平】 ソフトバンクは26日、福岡市内のホテルで上沢直之投手の入団会見を行った。背番号は「10」となる。壇上で上沢は古巣の日本ハムへ対し「本当に悩んだ」と胸中を明かした。 【画像】美人妻の中でも…ひと際輝く元日ハムスラッガーの妻「か、かわいい」 日本ハムへの思いを問われた右腕は「ファイターズの皆様には僕を野球選手として育てていただいた。ファンの方には、北海道のみならず鎌ケ谷（2軍）の時から支えていただいた。何よりもアメリカに挑戦できたのもファイターズの皆さんのおかげ。そういった点を考慮したときに本当に悩んだし、簡単な決断ではなかったので、時間をかけて決断しました」と胸中を語った。 ソフトバンクには、日本ハムで同期入団の近藤健介外野手がいる。「ずっと一緒にプレーしてきた同級生がいるのは心強いですし、困ったことがあれば聞ける。入団するにあたっては、基本的には自分で決めたこと。どれほど相談しても、そんなに人に決められるような簡単な決断ではないので、入団は自分で決断しました」と旧知の仲間にも話すことなく、自身で決めたことを明かした。 上沢は専大松戸高から2011年ドラフト6位で日本ハムに入団した。2018年には初の2桁勝利となる11勝を挙げ、2023年はリーグ最多の170イニングを記録するなど先発投手として通算70勝。同年オフにポスティングシステムで海を渡る決断をした。 今年1月、レイズとマイナー契約を結び、招待選手としてキャンプに参加した。レイズからマイナーへの合流を通達されると、オプトアウト（契約破棄）を行使してレッドソックスに移籍。4月28日にメジャー初昇格を果たし、2試合に登板して勝敗は付かず。5月以降は3Aウースターで過ごし、マイナーでは20試合登板で5勝4敗、防御率7.63だった。 Full-Count編集部,[],[]
鷹GMが明かした上沢の獲得経緯「いろんなことを考えた結果」　活躍を確信「積極的に交渉」（Full-Count）,https://news.yahoo.co.jp/articles/29e8382199b7f9ae06acd4f8bf650a844761ca6e,https://newsatcl-pctr.c.yimg.jp/t/amd-img/20241226-01677363-fullcount-000-5-view.jpg?exp=10800,2024-12-26T15:12:02+09:00,2024-12-26T15:23:24+09:00,Full-Count,fullcount,Full-Count,1006,上沢が入団会見…三笠GM「何回か話をして、今日に至った」 入団会見に臨んだ上沢直之【写真：飯田航平】 ソフトバンクは26日、福岡市内のホテルで上沢直之投手の入団会見を行った。同席した三笠杉彦GMは「今回、アメリカで挑戦をしていた上沢直之投手が日本に戻ってきてプレーがしたいと情報があった。それ以来、何回か話をして、今日に至ったというところです」と経緯を明かした。 【写真】鷹からFAの右腕が元アイドルと電撃結婚 夫人と肩を寄せデレデレするアツアツ2ショット 黄色いネクタイを締めて登場した上沢は「何度かお会いさせていただいた時に、僕に対する役割、ビジョン、倉野さんとも話をして、こういう環境でホークスは優れているとたくさんお話いただいた。ホークスさんの熱意に僕の心が打たれたのが一番です」と入団を決めた理由を説明した。 上沢の評価について、三笠GMは「ご紹介するまでもない。ホークスも苦しめられてパ・リーグを代表する投手として素晴らしい投手だと思って見てきました」と説明。「今回、本人がいろんなことを考えた結果日本に戻ってくることになった。ホークスに来てくれたらローテーションに入って、リーグ連覇、日本一に貢献してくれる投手であると確信をしておりましたし、今年のアメリカでの経験についても、入団交渉の中で話もしました」と話した。 続けて「うまくいかなかったところ、悔しい思い、そういう経験も含めて、以前日本にいた時よりも大きくなっていい投手として、ホークスで活躍をしてくれると確信をしましたので。今回、積極的に交渉してきていただくことになりました」と交渉の裏側について語った。 上沢は専大松戸高から2011年ドラフト6位で日本ハムに入団。2018年には初の2桁勝利となる11勝を挙げ、2023年はリーグ最多の170イニングを記録するなど先発投手として通算70勝をマークした。 同年オフにポスティングシステムで海り、1月にはレイズとマイナー契約を結び、招待選手としてキャンプに参加。レイズからマイナーへの合流を通達されると、オプトアウト（契約破棄）を行使してレッドソックスに移籍。4月28日にメジャー初昇格を果たして2試合に登板。5月以降は3Aウースターで過ごし、マイナーでは20試合登板で5勝4敗、防御率7.63だった。2025年は日本球界復帰を選択し、福岡でプレーすることになった。 Full-Count編集部,[],[]
鷹・上沢直之が入団会見「熱意に僕の心が打たれた」　移籍後“初”の公の場…背番号「10」（Full-Count）,https://news.yahoo.co.jp/articles/633509e50ff5fa4ab21d7bd7a7ec397b757af58b,https://newsatcl-pctr.c.yimg.jp/t/amd-img/20241226-01677383-fullcount-000-17-view.jpg?exp=10800,2024-12-26T15:04:44+09:00,2024-12-26T16:30:27+09:00,Full-Count,fullcount,Full-Count,1112,2023年オフに日本ハムからポスティングで移籍…NPB通算70勝 入団会見に臨んだ上沢直之【写真：飯田航平】 ソフトバンクは26日、福岡市内のホテルで上沢直之投手の入団会見を行った。背番号は「10」となる。18日に獲得が発表されてから、初めての公の場となった。上沢はチームカラーの黄色のネクタイ姿で登場。「こうして福岡ソフトバンクホークスに正式に入団できてうれしく思っていますし、皆さんの前でお話しできてうれしく思っています」と気持ちを引き締めた。 【詳細画像】日本ハム時代から一変 鷹移籍で“ワイルド”になった上沢直之 上沢は専大松戸高から2011年ドラフト6位で日本ハムに入団した。2018年には初の2桁勝利となる11勝を挙げ、2023年はリーグ最多の170イニングを記録するなど先発投手として通算70勝。同年オフにポスティングシステムで海を渡る決断をした。 今年1月、レイズとマイナー契約を結び、招待選手としてキャンプに参加した。レイズからマイナーへの合流を通達されると、オプトアウト（契約破棄）を行使してレッドソックスに移籍。4月28日にメジャー初昇格を果たし、2試合に登板して勝敗は付かず。5月以降は3Aウースターで過ごし、マイナーでは20試合登板で5勝4敗、防御率7.63だった。 米国での1年間は苦悩の日々でもあった。「なんとかアメリカの野球に適応しようと試行錯誤しながら、毎日苦悩する日々が続きました。うまくいくことがほとんどなかったので、そういう点では毎日野球のことを考えている生活というか。そういう中でも、アメリカでの野球で勉強になったことはたくさんありますし、これからの野球人生に生かしていかないといけないです」。 また、入団にあたっては「何度かお会いさせていただいた時に、僕に対する役割、ビジョン、倉野さんとも話をして、こういう環境でホークスは優れているとたくさんお話いただいた。ホークスさんの熱意に僕の心が打たれたのが一番です」と理由を明かしている。 倉野信次投手コーチの存在も大きかった。「アメリカでたくさん悔しい思いをしたと思うし、僕自身も適応しようと試行錯誤したんですけど。倉野信次さんもコーチの修行、勉強をされていた。色々とできることはあると思うから、しっかりとやっていこうと話をいただきました」という。 日本ハム時代から何度も対戦してきた相手への入団。「僕が日本でプレーしている時から何度も対戦してきた。本当に手強いと感じていました。投げていても嫌なチームだというのが正直なイメージでした。それがこれからは味方になるので、頼もしく思っています」と笑顔を見せた。 Full-Count編集部,[],[]
大谷翔平の愛犬、ウィキペディアに登場　「デコピン（犬）」表記、「ド軍や大谷の広報活動に参加」（Full-Count）,https://news.yahoo.co.jp/articles/d81f90878a61c9c3d5116cb8fae2063fab48e20f,https://newsatcl-pctr.c.yimg.jp/t/amd-img/20241226-01677412-fullcount-000-4-view.jpg?exp=10800,2024-12-26T15:01:03+09:00,2024-12-26T15:06:51+09:00,Full-Count,fullcount,Full-Count,704,インターネット百科事典Wikipediaに登場 ドジャース・大谷翔平（左）と愛犬デコピン【写真：ロイター】 ドジャース・大谷翔平投手の愛犬デコピンがインターネット百科事典「Wikipedia（ウィキペディア）」に掲載されていることが26日、判明した。アスリートの愛犬がウィキペディアに登録されるのは、ロシアの女子フィギュア選手ザギトワの愛犬「マサル」など少数例しかない。 【写真】wikipediaに掲載されたデコピンの顔写真…米国大使館で渡された専用のビザ 相手の額を中指で弾く行為の総称「デコピン」と判別するため、紹介文には「デコピン（犬）」とされた。2023年6月18日生まれで、「日本出身のプロ野球選手の大谷翔平が飼っている犬（コーイケルホンディエ）である。性別は雄。国籍はアメリカと日本。英語名はDecoy（ディコイ）」と紹介され、「ロサンゼルス・ドジャースや大谷翔平の広報活動に参加しており、ファンの間では定番の存在として親しまれ、チームの『最も価値のある子犬』と評されている」と記された。 「来歴」部分では「ドジャースタジアムのスイートルームで大谷翔平の妻である田中真美子と共によく観戦している」とも表記されている。また、「ドジャースの広報活動」についても言及されており、1月に大谷とともに駐日アメリカ合衆国大使館を訪れ、ラーム・エマニュエルからデコピンの顔写真が入ったビザをデザインした特大パネルが贈られたことや、8月28日（日本時間29日）に行われた始球式などについても触れられている。 また、写真には「デコピンのアメリカ合衆国の査証の顔写真」が使用されている。 Full-Count編集部,[],[]
田中将大の退団で…楽天に残された「4枠」　11人が戦力外、10人の育成が狙う昇格（Full-Count）,https://news.yahoo.co.jp/articles/5dd6b0914e7f30d885b39f6d9a0eecfce0366d2b,https://newsatcl-pctr.c.yimg.jp/t/amd-img/20241226-01677154-fullcount-000-2-view.jpg?exp=10800,2024-12-26T14:53:42+09:00,2024-12-26T16:42:24+09:00,Full-Count,fullcount,Full-Count,848,戦力外通告は11人…自由契約は田中含め5人 今季まで楽天でプレーした田中将大【写真：矢口亨】 今季3年連続4位に終わった楽天。今江敏晃監督が退任し、三木肇監督の下でAクラス入り、12年ぶりのペナント制覇を目指す。一方でこのオフは田中将大投手が退団するなど、チーム編成に“地殻変動”が起きている。すでに支配下枠は「66」。取れる選択肢も限られているかもしれない。 【写真】胸元ざっくり大胆黒ドレス…名将が育てた”日本のエース”と美人妻の幸せショット 清宮虎多朗投手や高田孝一投手ら11人が戦力外通告を受け、さらに波紋が広がったのが田中の自由契約だ。田中将は右肘のクリーニング手術明けだった今季は1試合登板で未勝利に終わった。楽天から年俸2億6000万円から野球協約の減額制限（1億円超は40％）を大幅に超える提示を受け、「やりがいを感じたい」と自ら自由契約を選択。そして24日、巨人との契約合意が決まった。 田中の他に王彦程投手ら4人も自由契約となった。そして、チームの主力として活躍してきた茂木栄五郎内野手は国内フリーエージェント（FA）権を行使。ヤクルトへの移籍が決まった。投打で主力が流出したものの、オフは幅広く補強を展開した。 ドラフト会議では5球団が競合した逸材、宗山塁内野手の指名に成功。支配下指名の6人は大学・社会人と即戦力路線となっている。さらに助っ人では、ヤクルトから自由契約となった先発右腕のミゲル・ヤフーレ、メジャーの有望株として期待されていたスペンサー・ハワードと投手陣の補強に成功している。他にも阪神から戦力外となっていた加治屋蓮投手、そして2019年に戦力外としていた今野龍太投手をヤクルトからトレードで獲得している。 このオフは田中を含め数多くの支配下枠があいたものの、投手陣を中心に補強し、支配下枠70まで残り4枠。10人の育成選手が3桁背番号から脱するか、それとも助っ人を補強していくのか。Bクラス脱却に向け、今後の動きも注目が集まる。 Full-Count編集部,[],[]
大谷翔平が「凄いメンツの中に」　日本人が野球を代表…米放送局選出の8人が「レジェンド」（Full-Count）,https://news.yahoo.co.jp/articles/e6d4cd2bfa6f14bbaffa6b431717ff9360c8a7f3,https://newsatcl-pctr.c.yimg.jp/t/amd-img/20241226-01677371-fullcount-000-3-view.jpg?exp=10800,2024-12-26T14:17:37+09:00,2024-12-26T14:45:48+09:00,Full-Count,fullcount,Full-Count,609,メッシ、クリロナと並ぶ大谷翔平 ドジャース・大谷翔平【写真：ロイター】 ドジャース・大谷翔平投手と大スターらのコラボに、ファンが湧いている。放送局「ESPN」のスペイン語版X（旧ツイッター）アカウント「ESPN Deportes」は24日（日本時間25日）、クリスマスをお祝い。大谷のほか、スポーツ界を盛り上げる選手たちが登場しており、ファンは「凄いメンツ」と注目した。 【実際の投稿】「すごいメンツ」他競技スターと“共演”する大谷 同アカウントは、Feliz Navidad（メリークリスマス）と投稿し、選手たちがクリスマスツリーを囲む“合成画像”を投稿。大谷のほか、クリスティアーノ・ロナウド、リオネル・メッシ、レブロン・ジェームズ、パトリック・マホームズらが登場している。 大谷は昨年12月に、メッシを抜いて当時のプロスポーツ史上最高額となる10年7億ドル（約1100億円）の契約をドジャースと結んだ。今季はメジャー史上初となる「50-50」、ワールドシリーズ制覇にも貢献するなど誰もが認める球界の顔となった。 他競技界のスターらと並ぶ大谷に、ファンからは「史上最高」「このメンツでセンターとってる大谷くんよ」「メンバー最高」「メッシクリロナにレブロンやマホームズというスポーツ界を代表する凄いメンツの中に普通にいる大谷翔平」「わあ、大谷くんもいる」と興奮のコメントが寄せられていた。 Full-Count編集部,[],[]
巨人・甲斐拓也を歓迎した大物たち　決断連絡に「何でも聞いてきて」、誓った“共闘”（Full-Count）,https://news.yahoo.co.jp/articles/bbe1ba9f5e441d3dd1ae6a85568ff5d0836ab199,https://newsatcl-pctr.c.yimg.jp/t/amd-img/20241226-01677091-fullcount-000-4-view.jpg?exp=10800,2024-12-26T13:49:26+09:00,2024-12-26T14:43:57+09:00,Full-Count,fullcount,Full-Count,634,鷹からFAとなった甲斐が巨人入団会見を行った 入団会見に臨んだ巨人・甲斐拓也【写真：小林靖】 ソフトバンクから国内フリーエージェント（FA）権を行使して巨人入りした甲斐拓也捕手が26日、都内のホテルで入団会見を行った。入団決断後、さっそく坂本勇人内野手、主砲の岡本和真内野手からは「何かあったら、何でも聞いてきて」と“共闘”を呼び掛けられたという。 【写真】鷹からFA戦士、美人妻と肩を寄せデレデレするアツアツ2ショット オレンジ色のネクタイを着用した甲斐は決断にあたり、坂本ら複数の主力に連絡したと明かした。「勇人さんであったり、丸さん、長野さんも連絡をさせていただきたました。あとは和真。ちょいちょいシーズンを通して連絡していることもあるんですけど、直接連絡をして『来年からよろしくお願いします』と。『何かあったら、何でも聞いてきて』と言っていただきました」と明かした。 また、前日には田中将大投手が入団会見を行った。田中将については「オリンピックで一緒のチームでやらせていただいて、会話もさせてもらった。これからコミュニケーションをとっていけたらと思います。それ以降は特に話をしていないので、これからコミュニケーションをとれたらと思います。投手なので話をきいて、捕手としてしっかり吸収したいと思います」と述べた。 数多くの世界大会を経験した甲斐が、頼れるチームメートとコミュニケーションをとりながら、巨人日本一への大きなピースとなる。 Full-Count編集部,[],[]
阿部監督「僕は鉄拳制裁で…」　甲斐獲得の理由…期待する“相乗効果”「すごくいい影響を」（Full-Count）,https://news.yahoo.co.jp/articles/be73561635eccb54f191f599f74eaea7aa18adf6,https://newsatcl-pctr.c.yimg.jp/t/amd-img/20241226-01677096-fullcount-000-4-view.jpg?exp=10800,2024-12-26T13:39:25+09:00,2024-12-26T14:44:49+09:00,Full-Count,fullcount,Full-Count,610,都内のホテルで入団会見 入団会見に臨んだ巨人・甲斐拓也（左）と阿部慎之助監督【写真：小林靖】 ソフトバンクから国内フリーエージェント（FA）権を行使して巨人入りした甲斐拓也捕手が26日、都内のホテルで入団会見を行った。同席した阿部慎之助監督は、獲得の理由を明かした。 【写真】美人妻と結婚4周年「大好きよーん」 人気女優と元FA戦士の2ショット 32歳の甲斐は2017年から4年連続日本一を経験。7度のゴールデングラブ賞、3度のベストナインと輝かしい実績を持つ。背番号は阿部監督が現役時代に着用した10に決まった。阿部監督は「思い入れのある番号。着てもらうなら甲斐くんしかいないなと。そういう意味では嬉しく思います」と説明した。 甲斐加入の影響については「いろんな経験はあるでしょうし、画面から見ても表情だけで会話できる。女房役って言われるんですけど、まさしくそれができる。包容力があるというか。そこが彼がすごくいい影響を与えてくれるんじゃないかと期待しています」と話した。自身の現役時代について問われると「僕は鉄拳制裁で……」と、場内を笑わせた。 今季、巨人は岸田行倫、大城卓三、小林誠司の3捕手を併用して戦った。甲斐は「阿部監督を胴上げするために気持ちを新たに頑張っていきたいと思います」と決意。「素晴らしいキャッチャーは揃っている。いろんな知恵を出せるのはチームの強みになる」と話した。 Full-Count編集部,[],[]
甲斐拓也が巨人入団会見　移籍の決め手は「阿部監督」…背番号10継承「責任はある」（Full-Count）,https://news.yahoo.co.jp/articles/d03515d971e5823ce963bf73929b78d1e6a6cb06,https://newsatcl-pctr.c.yimg.jp/t/amd-img/20241226-01677074-fullcount-000-13-view.jpg?exp=10800,2024-12-26T13:08:39+09:00,2024-12-26T13:44:11+09:00,Full-Count,fullcount,Full-Count,977,阿部監督「今年最後のビッグニュース」…都内のホテルで入団会見 入団会見に臨んだ巨人・甲斐拓也【写真：小林靖】 ソフトバンクから国内フリーエージェント（FA）権を行使して巨人入りした甲斐拓也捕手が26日、都内のホテルで入団会見を行った。「今回、巨人軍に入団します甲斐拓也です。とても熱い言葉を阿部監督からいただき、阿部監督を胴上げするために気持ちを新たに頑張っていきたいと思います」と意気込みを語った。背番号は阿部慎之助監督が現役時代に付けていた「10」に決まった。 【写真】美人妻と結婚4周年「大好きよーん」 人気女優と元FA戦士の2ショット 会見には約50人の報道陣が集結。吉村禎章編成本部長と阿部監督が同席した。阿部監督は「今日は今年最後のビッグニュース。今日入団会見に出席できて、甲斐くんに巨人に来ていただける。興奮しているし、嬉しく思っています」と話した。甲斐はジャイアンツカラーのオレンジのネクタイで登場。「この日に合わせてきました。後輩からプレゼントしていただいて」と説明した。 巨人移籍を決めた要因を問われた甲斐は「阿部監督ですね」とキッパリ。「それが間違いなく、自分が決める、決断の1つだと思っている」と明かした。阿部監督からは「司令塔としてやってもらいたい」「10番の思いも受け継いでほしい」と伝えられたといい、甲斐は「僕からすれば、嬉しい言葉であり、重く乗り掛かる言葉でした」と明かした。巨人については「勝たないといけない。勝ち続けないといけないチーム。責任はあります」と決意を口にした。 32歳の甲斐は2010年育成ドラフト6位でソフトバンク入り。2013年オフに支配下登録されると、2017年から正捕手に定着した。「甲斐キャノン」と呼ばれる強肩を武器に、2017年から4年連続日本一を経験。7度のゴールデングラブ賞、3度のベストナインと輝かしい実績を持つ。今季は119試合出場し、打率.256、5本塁打、43打点だった。 侍ジャパンでも2019年のWBSCプレミア12、2021年の東京五輪、2023年のワールド・ベースボール・クラシック（WBC）で世界一に貢献。球界を代表する捕手となった。今季、巨人は岸田行倫、大城卓三、小林誠司の3捕手を併用して戦った。経験豊富な甲斐は捕手陣の柱として期待される。 Full-Count編集部,[],[]
美人妻とハワイ挙式…旅先で驚いた日本との違い「便利だけど」　直後に“真相”判明（Full-Count）,https://news.yahoo.co.jp/articles/b8b94617c55c0f6ad327c675dd0f7b2149e4886f,https://newsatcl-pctr.c.yimg.jp/t/amd-img/20241226-01677193-fullcount-000-2-view.jpg?exp=10800,2024-12-26T13:00:31+09:00,2024-12-26T21:56:03+09:00,Full-Count,fullcount,Full-Count,720,加藤豪将氏は今季限りで引退…ブルージェイズのフロントに入る 日本ハム時代の加藤豪将【写真：荒川祐史】 今季限りでの現役引退を表明した元日本ハムの加藤豪将氏が25日（日本時間26日）に自身のインスタグラムを更新。海外旅行中に直面した“日本との違い”に驚いたようだ。 【画像】加藤豪将が公開した美人妻 浜辺で笑顔…幸せそうな2ショット 加藤氏はイタリアの「水の都」ベネチアを訪問。川の写真をアップする中、ペットボトルの写真をストリーズ機能でアップした。「ヨーロッパのペットボトルは外れない。便利だけどちょっと飲みにくい」と、日本の通常のペットボトル飲料とは異なる点を指摘した。 しかし、その後チャットGPTで疑問を投げかけたようで、「調べてみたら法律でした」と泣き笑いの絵文字で添えた。加藤氏は「ヨーロッパ連合（EU）では2024年からすべての飲料容器（3リットル以下）に一体型キャップの使用が義務づけられている」との部分を強調して理由を明かしている。 加藤氏は2013年の米ドラフト2巡目でヤンキースに入団。2022年には10年目にしてブルージェイズでメジャーデビューを果たした。同年のNPBドラフト3位で日本ハムが指名し、“逆輸入”でNPB入り。NPB1年目の昨季は62試合に出場して打率.210、6本塁打16打点をマーク。今季は28試合で打率.172と苦しみ、11月3日に球団から現役引退が発表されていた。 その後、自身のX（旧ツイッター）を更新し、ブルージェイズのフロント入りすると発表した。また21日（同22日）には、昨年12月31日に結婚を発表していた一般女性とハワイで結婚式を挙げたことを報告している。 Full-Count編集部,[],[]
イケメン41歳の“告白”に「心臓飛び出そう」　ド直球にメロメロ…「予想を上回る漢らしさ」（Full-Count）,https://news.yahoo.co.jp/articles/02cc1f92b94a9427cc242734bd3132e0848760cf,https://newsatcl-pctr.c.yimg.jp/t/amd-img/20241226-01677253-fullcount-000-5-view.jpg?exp=10800,2024-12-26T12:02:54+09:00,2024-12-26T12:45:08+09:00,Full-Count,fullcount,Full-Count,560,西武が公式インスタグラムを更新…栗山巧が登場 西武・栗山巧【写真：小林靖】 西武・栗山巧外野手の男前すぎる回答が、女性ファンのハートを射抜きまくっている。球団公式インスタグラムに登場し、「2回目のデートでいくなら？」との質問に返答。これが「男気あふれる栗さまのご回答」「予想を上回る漢らしさ」などと反響を呼んでいる。 【実際の画像】「妄想で倒れました」 41歳のレジェンドの“告白”にファンメロメロ スーツ姿の栗山は小さなホワイトボードを手に直筆で「相手の実家」と記して笑顔。今季のパ・リーグ新人王となった武内夏暉投手は「富士山登頂」と書いて話題となっていた。 栗山は今季60試合の出場で打率.226、1本塁打、12打点に終わったが、代打での勝負強い打撃や出塁率.364など、まだまだチームに欠かせぬ存在。通算2148安打の生え抜きレジェンドの力が、最下位に終わったチームに立て直しには必要だ。 41歳となった栗山の“ド直球”なコメントにファンも騒然。「彼女の立場なら緊張しちゃうw」「カッコ良すぎて相手の家族はビックリ」「男気ありすぎ」「心臓飛び出そう」「素敵すぎ」「それだけ真剣」「ますます好きになりました」「妄想で倒れました」「次元と覚悟が違い過ぎます」といったコメントが相次いでいた。 Full-Count編集部,[],[]
法大野球部の進路先公開　指名漏れの二世左腕は東芝へ…大手企業へ続々就職（Full-Count）,https://news.yahoo.co.jp/articles/119a930962717eb1dab7419bd83ccefaefa35a12,https://newsatcl-pctr.c.yimg.jp/t/amd-img/20241226-01677206-fullcount-000-3-view.jpg?exp=10800,2024-12-26T11:50:23+09:00,2024-12-26T11:58:02+09:00,Full-Count,fullcount,Full-Count,442,志望届を提出していた吉鶴は東芝へ…野球も継続 法政大・篠木健太郎（左）と山城航太郎【写真：小林靖】 東京六大学野球連盟に加盟している法大野球部は、公式ホームページで2024年に卒部する計40人の進路を公開している。2選手がプロ入りし、志望届を提出したものの指名漏れした吉鶴翔瑛投手ら14人が社会人で野球を継続。その他の部員も有名企業への就職が発表されている。 【一覧】明治安田、キーエンス、三井住友銀行…プロも輩出 法大卒部性の“豪華”進路 法大はプロ野球ドラフト会議で5人が志望届を提出。篠木健太郎投手はDeNA2位、山城航太郎投手は日本ハム6位指名を受けて入団した。中日などでプレーした憲治氏を父に持つ吉鶴はリーグ戦6勝をマークした左腕。指名漏れとなったが東芝へ進み、野球も継続する。大阪桐蔭高出身で今季主将を務めた吉安遼哉捕手は日本生命へ進む。 野球を継続しない選手では、明治安田やキーエンス、三井住友銀行、日本製鉄など有名企業へ就職する選手も多い。 Full-Count編集部,[],[]
鷹・藤井皓哉は増額7000万円サインも…救援査定の再考を要望「50試合のハードル」（Full-Count）,https://news.yahoo.co.jp/articles/ceb7acfe5dc6fb2427f9cfb021baaffb6f8e77f2,https://newsatcl-pctr.c.yimg.jp/t/amd-img/20241226-01677164-fullcount-000-9-view.jpg?exp=10800,2024-12-26T11:26:16+09:00,2024-12-26T11:43:50+09:00,Full-Count,fullcount,Full-Count,935,9月に腰痛で離脱も「現状、動きに関しての制限はない」 契約更改交渉に臨んだソフトバンク・藤井皓哉【写真：竹村岳】 ソフトバンクの藤井皓哉投手が26日、みずほPayPayドームの球団事務所で契約更改交渉に臨み、1400万円増の来季年俸7000万円でサインした。交渉の席では中継ぎ陣の評価の“見直し”についても要求した。（金額は推定） 【写真】1.5億円右腕が元アイドルと電撃結婚 夫人と肩を寄せデレデレするアツアツ2ショット 藤井はソフトバンクに入団して3年目。中継ぎに専念した今季は40試合に登板して2勝1敗1セーブ、防御率1.80という成績を残した。9月1日に腰痛で登録抹消されると、そのままシーズンを終えた。現在もリハビリ組の管轄で、復活を目指し調整している。 「去年もそうですけど今年も怪我をしてしまった。そこは反省するべきところ。自分の中では、中身のある1年だったのかなと思います」 交渉の席では球団に中継ぎ陣の評価の“見直し”も要望。「今、球界全体を見ても今年のホークスを見ても、50試合のハードルが少し高くなってきている。そのハードルを下げていただけないかという話をさせていただきました。リリーフとしてやっていく上では50でも60でも投げるつもりでやっているんですけど、現場（首脳陣）が投げさせすぎないようにというのも感じていたので。その辺がこれまでと変わってきているんじゃないですかという話をしました」と明かした。今季、チームでは杉山一樹、松本裕樹の両投手の50試合がチーム最多登板だった。 腰の状態については「現状、動きに関しての制限はないですし、少しずつ、トレーニングに関しては前やっていたところに近づいている状況です」と説明。チームの戦いぶりについては「あまり試合を見ていないです。言っていいのかわからないですけど、見る野球に興味がないというか。僕は投げるのが楽しくて野球をやっていますし、見るのはあまり好きではないです」と悔しさをにじませた。 小久保裕紀監督は来季の中継ぎ構想に6人の名前を挙げ、そこには藤井の名前も入っていた。2020年オフに広島を戦力外となり、1度は全てを失った男。2025年こそ、必ず復活を遂げる。 Full-Count編集部,[],[]
“韓国の宝”が「アジア最高の評価」　母国メディアは鼻高々「名声が世界に」（Full-Count）,https://news.yahoo.co.jp/articles/d96200964597ecf8a0684ce5c3c362db70827585,https://newsatcl-pctr.c.yimg.jp/t/amd-img/20241226-01677100-fullcount-000-20-view.jpg?exp=10800,2024-12-26T11:11:47+09:00,2024-12-26T17:19:49+09:00,Full-Count,fullcount,Full-Count,825,キム・ドヨンはグループBで最多3本塁打 韓国代表のキム・ドヨン【写真：Getty Images】 韓国の“逸材”が脚光を浴びている。「ラグザス presents 第3回 WBSC プレミア12」の韓国代表として出場した21歳のキム・ドヨン内野手は、グループBで最多の3本塁打、10打点をマークした。米メディアからも才能が改めて絶賛されている。 【画像】日本人メジャーリーガー妻が大開脚で衝撃ポーズ「きれいすぎ」 キムは今季、韓国プロ野球（KBO）で打率.347、38本塁打、40盗塁を記録。KBO史上最年少で「トリプルスリー」を達成した。プレミア12の韓国代表に選出されると、キューバ戦ではソフトバンクのリバン・モイネロ投手から満塁弾を放つなど、打率.412、3本塁打と大暴れ。チームは早々にグループ敗退となったが、実力をしっかりと証明した。 大会から約1か月が過ぎ、同大会でコメンテーターを務め、地元放送局「マーキースポーツ・ネットワーク」で実況を行うアレックス・コーエン氏が自身のインスタグラムを更新。「プレミア12が終了してから1か月が過ぎました。注目すべき選手をランキング形式に10人選出しました」として、“世界の逸材10人”を紹介した。 1位はメキシコのアロンソ・ガイタン外野手、2位は米国のマット・ショー内野手が入り、3位にはキムが選ばれた。同氏は「キム・ドヨンは信じがたいスピードを持ち、私たちが国際大会で見た最速の選手の1人だった。韓国はスーパーラウンドに進出できなかったが、キム・ドヨンのパワーと打撃技術を台湾で見ることができた」と惚れ込んでいた。 キムの“快挙”を韓国メディア「OSEN」も報道。「KIAタイガースのキム・ドヨン内野手の名声が世界に広がっている」「アジア選手の中でも最も高い順位に入った」などと、鼻高々な様子だった。メジャーも注目する21歳。今後も活躍を続けて海を渡る時がくるだろうか。 Full-Count編集部,[],[]
小林誠司を「選ばないんじゃないか」　巨人OBのプロテクト漏れ“予想”、鷹の狙いは左腕？（Full-Count）,https://news.yahoo.co.jp/articles/e6cc270bb44804d1dbd7bc93771369e0fe6282ed,https://newsatcl-pctr.c.yimg.jp/t/amd-img/20241226-01677184-fullcount-000-3-view.jpg?exp=10800,2024-12-26T10:44:45+09:00,2024-12-26T11:04:28+09:00,Full-Count,fullcount,Full-Count,815,巨人OBの高橋尚成氏が自身の公式YouTubeで予想 巨人・小林誠司【写真：矢口亨】 巨人はソフトバンクからフリーエージェント（FA）となっていた甲斐拓也捕手を獲得した。ソフトバンクが人的補償を選択するのか注目されるなか、巨人OBでメジャーリーグでも活躍した高橋尚成氏が自身のYouTubeチャンネル「高橋尚成のHISAちゃん」を更新。巨人のプロテクト28人と人的補償で指名されそうな選手を予想した。 【表】投手は15人 “当落線上”の選手は…高橋尚成氏のプロテクト予想メンバー プロテクト予想では投手から次々と名前を挙げていった。大勢、戸郷翔征ら主力をはじめ、山崎伊織や井上温大ら若手の名前も並べた。中川皓太も予想リストに入れ「ブルペンにいてもらわないと困るピッチャー。左の重要性はかなりある」。一方で高橋礼は昨季までソフトバンクにいたこともあり「選ばない気はします」と外した。 捕手は大城卓三、岸田行倫、山瀬慎之助の3人。小林誠司については「ソフトバンクにはベテランの嶺井がいるので選ばないかなと思っている。だったら若いキャッチャーを獲るんじゃないかなと思っています。そこはジャイアンツもよくわかっていると思います」との読みで35歳捕手を外した。 外野手については残り1枠を佐々木俊輔とオコエ瑠偉で熟考。最後は「オコエのような選手はソフトバンクにいると思うので」との考えで佐々木をリストに入れた。 自身の予想をもとに、ソフトバンクが指名する投手候補として25歳の大江竜聖投手、30歳の今村信貴投手の名前を挙げた。「左投手が不足しているという情報なので、例えば大江選手は左の変則気味はあまりいないので、ワンポイントで使えるというのがあるので大江選手、今村選手あたりかなと思っちゃいます。ジャイアンツのために一生懸命頑張っているので名前をだしたくないですけど」と巨人OBとして、苦い表情を浮かべていた。 Full-Count編集部,[],[]
トラウトが美人妻らと幸せ一杯「最高のプレゼント」　670億円男のオフが反響「素敵なご家族」（Full-Count）,https://news.yahoo.co.jp/articles/32944836d1513033f955350b875c8b634de7f99f,https://newsatcl-pctr.c.yimg.jp/t/amd-img/20241226-01677176-fullcount-000-2-view.jpg?exp=10800,2024-12-26T10:27:21+09:00,2024-12-26T10:32:46+09:00,Full-Count,fullcount,Full-Count,711,トラウトがインスタグラムを更新 エンゼルスのマイク・トラウト【写真：Getty Images】 聖夜の“プレゼント”に感謝を綴っている。エンゼルスのマイク・トラウト外野手が25日（日本時間26日）、自身のインスタグラムを更新。家族との写真を投稿し、ファンから「可愛すぎる！」「ずっと日本から応援しています」と反響を呼んでいる。 【実際の様子】幸せそうなトラウト一家 “激似”と話題のかわいすぎる次男も トラウトはクリスマスのこの日、「私の人生において最高のプレゼントは、（同じ）思い出を共有できるこの人たちです。トラウト家にメリークリスマス！」と綴った。妻ジェシカさん、長男のベッカムくん、そして6月30日（同7月1日）に産まれた次男ジョーディくんとの家族写真を投稿した。 トラウトはベッカムくんを“たかいたかい”し、ベッカムくんはじっとその様子を見ている。微笑ましい光景にファンも感動の様子だ。「心も見た目も素敵なご家族」「大切なご家族ですね」「愛されているトラウト家」「素敵なご家族の笑顔」といった声や、「スリムで健康的に見えるよ」とトラウトの“近影”に驚くファンも。また「次男くんマイクにそっくり！」とジョーディくんに注目する声もあった。 MVP3度を誇るトラウトは2019年に12年4億2650万ドル（約670億円）で契約延長。ただ、その後は故障が増え、今季は今季3・4月で10本塁打を放ってリーグトップに立っていたものの、左膝の半月板を損傷し、5月に手術を受けた。さらにリハビリの試合で再発し、その後は復帰できず自己最少の29試合にとどまった。来季こそ復活した姿を見せられるだろうか。 Full-Count編集部,[],[]
阪神は「最低でもAクラス」　藤川新監督がもたらす“変化”、先発陣は「枠からはみ出すほど」（Full-Count）,https://news.yahoo.co.jp/articles/540f9e5a57a0b5e1359897b662ba819b30afdf8a,https://newsatcl-pctr.c.yimg.jp/t/amd-img/20241226-01677146-fullcount-000-4-view.jpg?exp=10800,2024-12-26T09:39:42+09:00,2024-12-26T12:31:07+09:00,Full-Count,fullcount,Full-Count,1535,阪神、日本ハムなど4球団で活躍した野球評論家の野口寿浩氏 阪神・下村海翔、才木浩人、高橋遥人（左から）【写真：小林靖】 阪神は2024年限りで岡田彰布前監督が退任し、44歳の藤川球児監督が就任。コーチ陣も大幅な配置転換が行われた。現役時代に阪神、日本ハムなど4球団で捕手として活躍した野球評論家・野口寿浩氏は、3年ぶりにチームに復帰する金村暁1軍投手コーチに注目する。 【画像】2人で寄り添い笑顔…阪神OBの美人妻が「可愛すぎる」 金村コーチは2016年から7年間も阪神1軍投手コーチを務めた。最終年の2022年には、湯浅京己投手、浜地真澄投手（現DeNA）ら若手を成長させ、チーム防御率を両リーグを通じてトップの2.67に引き下げたが、当時の矢野燿大監督の辞任に伴い、同年限りで退団した。 「金村コーチは、投手陣に過度の連投をさせず、マウンドに上げる時には100％のパフォーマンスを発揮できる状態にします。各投手に無理をさせないためにも、新戦力を見出し、多めの選択肢を監督に用意する。そのへんの手腕をまた見られるのが楽しみ。一本筋が通っていて、必要なら監督にもモノ申せる男です」 実は野口氏は1998年、日本ハム現役投手時代の金村コーチとバッテリーを組み、最優秀防御率のタイトル獲得をアシストしている。 2024年の阪神は、打線がリーグ5位のチーム打率.242と苦しんだ一方で、投手陣はリーグ2位のチーム防御率2.50をマークした。新監督の下でも、投手陣には不安よりも楽しみの方が多い。「高橋遥人がいよいよ全開になるでしょう。13勝した才木（浩人）もエースの自覚を持って安定感を増すと思いますし、村上（頌樹）にも不安はない。4勝5敗に終わった伊藤将司も、復活しないと先がなくなるので、しっかりやると思います」と見ている。 「基本的に岩崎か、ゲラか、どちらがクローザーか決めると思う」 29歳の高橋は2022年にトミー・ジョン手術、翌23年にも左肩のクリーニング手術を受けて育成契約となったが、24年7月に支配下登録されると、8月以降に1軍で5試合に先発し、4勝1敗、防御率1.52と実力を発揮した。先発候補には他にも、大竹耕太郎投手、西勇輝投手、ジェレミー・ビーズリー投手らがいて、枠からはみ出すほどだ。 2023年ドラフト1位で入団し、即戦力として期待されながら、いきなり4月にトミー・ジョン手術を受けることになり、1軍登板なしに終わった下村海翔投手も、巻き返しを狙う。「決して無理はさせないでしょうが、肘さえ良くなれば戦力になる投手です。藤川監督としては、シーズン後半に出てきてくれれば……という感じでしょう。投手陣の頭数は足りているので、慌てる必要がないことも強みです」と野口氏は言う。2024年ドラフト1位ルーキーの左腕・伊原陵人投手（NTT西日本）も「先発かリリーフかは、わかりませんが」、戦力になりそうだ。 リリーフ陣は2024年、岩崎優投手（23セーブ）とハビー・ゲラ投手（14セーブ）のダブルストッパーでシーズンを乗り切ったが、「（2025年は）基本的に、どちらがクローザーで、どちらがセットアッパーかを、はっきり決めると思います。藤川監督自身が現役時代にセットアッパーやクローザーを任された投手ですから、金村コーチや安藤（優也投手チーフ）コーチと話し合いながら、しっかり管理し、うまく回していくでしょう。投手の運用に不安はないと思います」と予想する。 藤川監督1年目を「最低でもAクラスには入ってくるでしょうし、優勝争いをする可能性も十分あります」と高く評価する野口氏。順調に滑り出すことができるか。 宮脇広久 / Hirohisa Miyawaki,[],[]
佐々木朗希は「12～15球団と面談」　“東の強豪”脱落も…ド軍にライバル続々、大争奪戦へ（Full-Count）,https://news.yahoo.co.jp/articles/655a142ee81353913ca582be69a3aeb70b623dac,https://newsatcl-pctr.c.yimg.jp/t/amd-img/20241226-01677109-fullcount-000-8-view.jpg?exp=10800,2024-12-26T08:43:08+09:00,2024-12-26T14:50:59+09:00,Full-Count,fullcount,Full-Count,836,佐々木はヤンキースら5球団とすでに面談と報道 ロッテ・佐々木朗希【写真：荒川祐史】 ロッテからポスティングシステムを利用してメジャー移籍を目指す佐々木朗希投手の争奪戦は、メジャー全30球団の“半分”が参加しているのか。米メディアが動向を伝えている。 【写真】大胆タンクトップが「美しい」 朗希と“比較”されるMLB剛腕のガールフレンドに反響 佐々木は10日にロッテがポスティングシステムの申請が受理されたと発表された。交渉期間は米東部時間10日午前8時（日本時間10日午後10時）～2025年1月23日午後5時（同24日午前7時）となっている。ウインターミーティングでもしきりに各球団のトップたちが“アピール”し、メッツ、ヤンキース、カブス、レンジャーズ、ジャイアンツの5球団がすでに面会したと報じられている。 シカゴ地元放送局「マーキースポーツ・ネットワーク」のブルース・レバイン記者は24日（同25日）、同局の番組に出演して佐々木の動向を報道。「ジョエル・ウルフ代理人とササキと面会をしているのは、恐らく12から15球団です」とした。まだ面会はしていないのもの、大谷翔平投手が所属しているドジャースも熱視線を送っており、マリナーズ、パドレス、ホワイトソックスも面会が予定されている。 一方ですでに“フラれた”球団もある。MLB公式サイトのフィリーズ番を務めるポール・カセーラ記者によると、今季ナ・リーグ東地区を制したフィリーズは交渉のテーブルに招待されていないという。またレッドソックスも面談の予定がないと報道された。 23歳の佐々木は「25歳ルール」の対象で、各球団は割り当てられた獲得資金（ボーナスプール）の中で選手と契約することになる。25歳未満の海外FA契約を結ぶ期間については、毎年1月15日から12月15日までと決まっており、佐々木朗希の場合は来年1月15日以降に決定することになる。果たして剛腕を射止める球団はどこになるのか。 Full-Count編集部,[],[]
ド軍主砲がディズニー満喫…三つ編み美人妻が「最高」　“幸せな一幕”にX感激「愛してる」（Full-Count）,https://news.yahoo.co.jp/articles/8bb61a0536e7f22546d4fbe62879691609b5fe3d,https://newsatcl-pctr.c.yimg.jp/t/amd-img/20241226-01677000-fullcount-000-1-view.jpg?exp=10800,2024-12-26T08:10:00+09:00,2024-12-26T08:10:00+09:00,Full-Count,fullcount,Full-Count,576,妻チェルシーさんがディズニー訪問を報告 ドジャースのフレディ・フリーマン（右）と妻のチェルシーさん【写真：Getty Images】 ドジャースのフレディ・フリーマン内野手の妻チェルシーさんが22日（日本時間23日）、自身のインスタグラムを更新。フリーマンと3人の子どもと共にディズニーランドを満喫したことを報告した。仲睦まじい家族にSNSでは「よかったね～」「フリーマン家族愛してる」と日米からコメントが寄せられた。 【実際の動画】三つ編み姿のチェルシー夫人がディズニー満喫「最高」 ファンも注目のフリーマン一家 チェルシーさんが公開した動画ではフリーマンと子どもが手を繋ぎ、ジェットコースターに乗ったり、ミッキーマウスとハグをしたりする姿が映し出されている。「子どもたちは達最高に楽しんでいて、ブランドンとマックスは初めてのジェットコースターに乗れました！」と報告した。 3男のマックスくんは今年7月に難病の「ギラン・バレー症候群」を煩い全身まひを起こし、一時集中治療室に入っていた。人工呼吸器をつけるなど重篤な症状だったが見事に復活。ディズニーランドを楽しむことができた。 家族5人の様子にファンも注目。「マックスくんが元気でよかった！」「最高だよ」「あなたとあなたの家族にメリークリスマス」と感激する声が寄せられた。 Full-Count編集部,[],[]
高反発制限で「ごまかし効かない打撃を」　低学年から一貫…日本一学童の“実戦的練習”（Full-Count）,https://news.yahoo.co.jp/articles/fd95a23ee286badfa267634006f0012078a4046f,https://newsatcl-pctr.c.yimg.jp/t/amd-img/20241226-01676387-fullcount-000-1-view.jpg?exp=10800,2024-12-26T08:10:00+09:00,2024-12-26T08:10:00+09:00,Full-Count,fullcount,Full-Count,1580,「くら寿司トーナメント」優勝の伊勢田ファイターズ…体が小さくても打てるワケ 決勝戦で適時打を放つ伊勢田ファイターズの森田颯真【写真：小林靖】 投手力がある一方で、外野へ鋭く抜ける打球も際立った。体の小さな選手たちが兼ね備える、確かなミート力が初優勝へとつながった。21、22日に行われた「第5回くら寿司・トーナメント2024 第18回学童軟式野球全国大会ポップアスリートカップ星野仙一旗争奪」（くら寿司トーナメントポップアスリートカップ2024、NPO法人 全国学童野球振興協会主催）で、1976年創部の京都・伊勢田ファイターズが全国約1590の小学生学童野球チームの頂点に立った。 【動画】腕を封じて「胸郭を使う」 正しい打撃習得へ…インサイドアウトが身に付く“正面ティー” 1回戦（兵庫・北ナニワハヤテタイガース）、2回戦（福島・棚倉キッズスポーツ少年団）はともに7得点。準決勝（徳島・喜来キラーズスポーツ少年団）、決勝（大阪・新家スターズ）は勝負所での快打が光った。出場14チームを見渡しても、伊勢田ファイターズの平均身長は決して高くない。むしろ、小さな選手が多い印象だ。昨年から指揮を執る幸智之監督は、クスっと笑いながら言う。 「体の小さい子ばかりで、大きい当たりを打てるわけではない。でも、試合で120％の力を出せば結果はついてくると選手たちには言っています」 野球を楽しみながらも、「常に全力を出せる」チーム作りを基本とする中で、伊勢田ファイターズは日々の練習でも“実戦”を意識する。バッティング練習では、斜め横からボールを投げる、いわゆる通常のティーバッティングは行わない。「投げ手の技術が必要ですし、きちんとボールを投げてあげないとスイングがおかしくなる」と言う幸監督は言葉をつなげる。 「柔らかなボールを正面から投げて打つ練習をしています。子どもたちは、センター中心に強く打てるようになってきた。闇雲にやる素振りを課したことはありません」 木製や低反発バットを使って、確かなミート力を磨く 日本一の喜びに沸く伊勢田ファイターズナイン【写真：小林靖】 強さと飛距離を生み出す一般用（大人用）の高反発バットは、2025年から学童の公式戦での使用が禁止される。伊勢田ファイターズも今大会では、その高性能なバットを使用したが、練習では使用せず、木製や低反発バット（通常の少年用金属バット）で「ごまかしの効かない」スイングを求めてきた。実戦的なバッティング練習が“打つ力”の強化につながっているようだ。 「もともとは『守備でリズムを作る』チームですが、子どもはバッティングが好き。小学校を卒業して、中学、高校とこれからも野球を続けてほしいですし、今はバットを『しっかりと振る』ことが大切。私たちのチームが、低学年の頃から持ち続けているテーマです」 試合は、日頃の取り組みの「答え合わせ」。たとえ感覚的に「打球がいい」と思っても、実際は強く、鋭い打球ではないこともあるものだ。打っているつもりでは、技術が身に付かない。本物の打球が打てない原因はどこにあるのか。その真剣な追求が、伊勢田ファイターズの実戦的な練習にはある。「継続してやってきたことが結果として表れた大会だった」と振り返る幸監督は、さらに言う。 「自分の打球に対して、日頃からしっかりと目を向けることは大事ですよね」 監督の息子でもあり、リードオフマンとして優勝に貢献。準決勝では鍛え上げられた技術で鋭い左前安打を放った主将の幸大貴は、チームの強さをこう語る。 「選手全員が野球を知っていて、ひとつのことに対してみんなで取り組んでいるところです」 バッティングに対する意識や練習も、そのひとつ。積み重ねてきた力が、創部以来初となる全国制覇へとつながった。 佐々木亨 / Toru Sasaki,[],[]
“世界にバレた”広島24歳「圧倒できる選手の1人」　衝撃打棒.387…侍J唯一の選出（Full-Count）,https://news.yahoo.co.jp/articles/0572e422e1f2808863355aa4f93c7b1dc507a315,https://newsatcl-pctr.c.yimg.jp/t/amd-img/20241226-01677083-fullcount-000-9-view.jpg?exp=10800,2024-12-26T08:05:45+09:00,2024-12-26T12:32:08+09:00,Full-Count,fullcount,Full-Count,696,小園はプレミア12でチーム1位の打率.387 広島・小園海斗【写真：小池義弘】 日本の“逸材”が注目されている。広島・小園海斗内野手は11月に行われた「ラグザス presents 第3回 WBSC プレミア12」に、野球日本代表「侍ジャパン」として参加。打率.387の活躍で準優勝に貢献した。米メディアが選出する「注目すべき10人」に、日本から唯一の選出を果たした。 【画像】2人で寄り添い笑顔…広島コーチの美人妻が「可愛すぎる」 小園は今年5月に打率.368、15打点の活躍で自身初の月間MVPに輝くなど、143試合フル出場して打率.280、2本塁打、61打点、13盗塁の活躍を見せた。オフには侍ジャパンに選出されると、プレミア12の米国戦では2本塁打を含む3安打7打点と衝撃の活躍を見せた。打率.387、12安打、2本塁打はチームトップで、「WBSC」選出の「オール・ワールドチーム」にも選ばれている。 大会から約1か月が過ぎ、同大会でコメンテーターを務め、地元放送局「マーキースポーツ・ネットワーク」で実況を行うアレックス・コーエン氏が自身のインスタグラムを更新。「プレミア12が終了してから1か月が過ぎました。注目すべき選手をランキング形式に10人選出しました」として、“逸材10人”を紹介した。 同氏は「日本のカイト・コゾノが6位です。スーパーラウンド（の米国戦）ではビッグな本塁打を打ちました。侍ジャパンの中で圧倒できる選手の1人です」と言及。小園が日本勢で唯一の選出となった。大舞台で結果を残したことで、小園のさらなるステップアップにも注目が集まる。 Full-Count編集部,[],[]
“消えた”中日の2012年組　ドラ1はFA移籍、2位以下は全員引退…12年で変わった立場（Full-Count）,https://news.yahoo.co.jp/articles/f423aafac99af2cf8af8ce640a34bc512d4859bf,https://newsatcl-pctr.c.yimg.jp/t/amd-img/20241226-01676693-fullcount-000-4-view.jpg?exp=10800,2024-12-26T07:50:00+09:00,2024-12-26T08:32:05+09:00,Full-Count,fullcount,Full-Count,651,国内FA権を行使した福谷は日本ハムへ移籍 日本ハムに移籍する福谷浩司（左）と中日時代の若松駿太【写真：加治屋友輝、荒川祐史】 中日から国内FA権を行使した福谷浩司投手が24日、日本ハムへ移籍することを発表した。2012年のドラフト1位右腕。これで同期入団は全て球団を去ることとなった。 【動画】ミニスカ女優が“透け透け衣装”で始球式 スラり伸びる脚「ドラユニ似合う」 福谷は慶大から2012年ドラフト1位で入団。2014年にリーグ最多72登板し防御率1.81をマーク。2020年から先発へ転向し、同年は14登板で8勝2敗、防御率2.64の成績を収めた。今季は8登板で3勝1敗、防御率3.72だった。 同年のドラフトでは2位で愛工大名電高の濱田達郎投手を獲得。同年は大谷翔平（現ドジャース）、藤浪晋太郎（現メッツFA）と並び高校BIG3と呼ばれたが、1軍では28試合で防御率5.16に終わり、2022年に現役を引退を表明した。 また、同年7位で入団した若松駿太投手は2015年に10勝4敗、防御率2.12をマーク、翌2016年も7勝を挙げたが、以降は目立った成績が残せず。2018年オフに戦力外通告を受けて、その後は独立・BC栃木、BC福島を経て今季限りでの現役引退を表明した。 3位の古本武尊外野手、4位の杉山翔大捕手、5位の溝脇隼人内野手、6位の井上公志投手もすでに現役を引退しており、来季からは福谷のみとなった。最後の1人となった右腕は新天地でどんな結果を残すだろうか。 Full-Count編集部,[],[]
12球団本拠地が「遠すぎて負担」を解決　村から通う子も…招待制で知れ渡る“地方の逸材”（Full-Count）,https://news.yahoo.co.jp/articles/74417c32ead23f0eee38d6ee7ed87790a8ed4ef0,https://newsatcl-pctr.c.yimg.jp/t/amd-img/20241226-01676372-fullcount-000-1-view.jpg?exp=10800,2024-12-26T07:50:00+09:00,2024-12-26T07:50:00+09:00,Full-Count,fullcount,Full-Count,1520,26日開幕、NPBジュニアに挑む四国ILジュニアには女子小学生4人…遠方から通う子も NPBジュニアに挑む四国アイランドリーグPlusジュニア【写真：喜岡桜】 小学5、6年生がプロと同じユニホームでNo.1の座をかけて戦う「NPB12球団ジュニアトーナメント KONAMI CUP 2024～第20回記念大会～」が26日、神宮とベルーナドームを舞台に開幕する。四国アイランドリーグPlusジュニアも招待され、140人が集まった選考会を通過した16人が、駒居鉄平監督（元日本ハム）の指揮のもと大舞台に挑む。今回の招待制度によって12球団本拠地から遠い地域の子にも“門戸”が開かれ、中には人口3600人余りの小さな村から通う女子もいる。 【動画】肘が“引っ張り出される”フォーム矯正へ 胸主導の投球動作が身に付く「やり投げ」ドリル ジュニアトーナメントは、世代屈指の小学生が挑む場所。小学6年間の集大成の1つとして捉えられており、NPB12球団がそれぞれ実施するセレクションを受ける子どもは多い。しかし、合格すれば本拠地周辺の練習施設への送り迎えなどの負担があり、それに割かれる時間、交通費を理由に、我が子を挑戦させられない家庭が地方にはあるのが実情だ。 だが、今年初めて設けられた招待チーム制度によって、12球団本拠地から離れた地に住む球児やその保護者へ、同大会に挑戦するチャンスが拡大。当事者からは喜びの声が上がっている。高知県東部の芸西（げいせい）村在住の堀川緒夏選手（6年＝高知家リトルガールズ、芸西スポーツ少年団）もその1人だ。 堀川さんは、幼いときから兄が所属するチームや、父の草野球チームに交じり、週7日間野球漬けの日々を過ごしてスキルを高めてきた。小学4年時には高知県軟式野球連盟学童部が実施する「U-10アカデミー」に参加し、力強いピッチングと落ち着きがある守備で選抜チーム入り。さらにジュニアチーム合格後は、高知ファイティングドッグスの「FD野球スクール」にも通い始め、高知市内に通うのも大変な中、四国内で行われるジュニアチームの練習にも休むことなく参加してきた。 指揮官も実感した学童期における女子の存在感 四国アイランドリーグPlusジュニアの駒居鉄平監督【写真：喜岡桜】 下校後に空き時間があれば、自主的に走り込みや縄跳びをすることが自然だという堀川さん。同じくジュニア入りしたチームメートの川島桜音さんを誘ってキャッチボールをすることもあるという。本大会に向けて「他の県はレベルも高いし、良い選手ばっかりだと思うので、その力を取り入れられるようにプレーボール前から観察力をしっかり持ちたいです」と、ハキハキとした口調で意気込んだ。 四国ILジュニアには4人の女子がメンバー入りしており、他チームと比較するとやや多い。駒居監督は、最近の子どもたちには「諦めるのが早い」傾向があることに言及しつつ、「女子はそうでもない印象を受けています」と明かした。 「僕が小学生だったときは負ける気なんて一切なかったです。周りもそんな男子ばかりで、ガツガツしていたように思います。でも最近の男の子は、半々の割合で“諦めが早い子”がいます。対して女子は、言葉では発しないですけど胸の内に、セレクションや試合で『男の子に勝ちたい』っていう強い思いがあって、なかなか折れない。セレクション前にスタッフ同士で『女子も入れたいね』とは話をしていましたが、実力で男子に勝った女子が4人もいたわけです」 そんな女子選手たちは、静かなチームの引き締め役になっている。またとない機会に、四国一丸となって燃えている。 喜岡桜 / Sakura Kioka,[],[]
田中将大に募るイライラ「いい加減クリアしたい」　21分会見で吐き出した積年の思い（Full-Count）,https://news.yahoo.co.jp/articles/1e6c826e8844fd0d3cb083a32329dc9c2cf498c3,https://newsatcl-pctr.c.yimg.jp/t/amd-img/20241226-01676947-fullcount-000-37-view.jpg?exp=10800,2024-12-26T07:40:00+09:00,2024-12-26T16:12:54+09:00,Full-Count,fullcount,Full-Count,1179,田中将大が巨人入団会見、あと3勝で日米通算200勝「3勝で終わるつもりはありません」 入団会見に臨んだ巨人・田中将大【写真：小林靖】 巨人・田中将大投手の強い思いがあふれ出た。25日に都内ホテルで行われた21分間の入団会見。一段と声を大きくしたのは、日米通算200勝への思いを問われた時だった。 【写真】胸元ざっくり大胆黒ドレス…名将が育てた”日本のエース”と美人妻の幸せショット 「ここ数年、ずっと聞かれて、ずっと答えて、ずっと達成できていないので。いい加減、クリアしたいという気持ちですけど、そんな自分に対しても、すごくフラストレーションが溜まります」。思い描いた未来図と大きくかけ離れた現実。「ずっと」を3度繰り返し、積年の思いを吐き出した。 2013年に24勝0敗の伝説を作ったが、楽天に復帰した2021年以降の4年間で計20勝。いつ達成してもおかしくなかった日米通算200勝へは足踏みが続いた。右肘のクリーニング手術明けだった今季はプロ18年目で初のシーズン未勝利。「野球で何もできなかったシーズンというのは初めてだった。やはり、めちゃめちゃ悔しかったです」。屈辱でしかなかった。 圧倒的だった、かつての投球スタイルはない。自身も変化が必要なことは分かっている。「常により良くしていきたい、改善していきたいという思いでやっている。このオフも、さまざまなことに取り組んでいる」。節目の200勝、NPB復帰後初の2桁勝利へは、この変化が鍵を握るのは言うまでもない。「投げる試合は全て勝つつもりでやっている。10年以上前の話ですけど、全て勝ってきたこともあるので」。田中将にしか言えない言葉だ。 先発ローテ陣は戸郷翔征、山崎伊織ら若いメンバーが占める。ヤンキース時代はポストシーズンで勝負強さを見せ、「ビッグゲームピッチャー」と呼ばれてきた右腕は何より生きた教材だ。チーム最年長投手となる36歳へ、阿部慎之助監督は「3勝で200勝が注目されてますけど、2桁勝つつもりで」「2桁勝って、一緒に日本一」「2桁勝利と言いますけど、10勝10敗ではどうしようもない。貯金できる投手だと知っている」と、次々と期待の大きさを示した。 11月24日に自身のYouTubeチャンネルで楽天からの退団を発表。1か月が経った。「やりがいを感じたいというところで自由契約になった。（巨人から）一番熱くお声がけしていただいた」と意気に感じたという。「残り3勝だということをフォーカスされますけど、自分としては3勝で終わるつもりはありませんし、1つでも多くチームのために勝利に貢献していきたいと思っている。そして、これまでの経験を若い選手に伝えていきたい」。平成の大エースと言われた斎藤雅樹氏の11番を背負い、新たなステージへ挑んでいく。 小谷真弥 / Masaya Kotani,[],[]
台湾“奇跡のチア”がコラボした日本企業　世界的アニメをまた紹介…SNS注目「可愛すぎる」（Full-Count）,https://news.yahoo.co.jp/articles/893f7f10b0e0046594ee71eae1aca476c8587a8b,https://newsatcl-pctr.c.yimg.jp/t/amd-img/20241226-01676974-fullcount-000-1-view.jpg?exp=10800,2024-12-26T07:20:00+09:00,2024-12-26T07:20:00+09:00,Full-Count,fullcount,Full-Count,497,味全の林襄がセブインイレブンの福袋を紹介 林襄【写真：球団提供】 台湾プロ野球・味全の大人気チア林襄が22日に自身のインスタグラムを更新し、日本のコンビニチェーン「セブンイレブン」の福袋を紹介した。ハローキティ、スヌーピーら人気アニメのキャラクターのグッズを使う林襄に「本当にかわいい」「可愛すぎる」とコメントが寄せられている。 【実際の写真】スヌーピーにミッキーも「可愛すぎる」 林襄が紹介したセブンイレブン福袋 林襄は13日にも日本の人気アニメ「ドラゴンボール」のキャラクターが描かれたリュックやクッションなどの写真を投稿。台湾のセブンイレブンで発売れる商品で「みなさん！ この商品を見逃すわけにはいきません」と投稿していた。今回は2025年の福袋。他にもミッキーやくまのプーさんのグッズも紹介している。 今季開幕前に楽天ガールズから電撃移籍した林襄は11月のプレミア12の際に来日し、チャイニーズ・タイペイと日本の試合を東京ドームで応援。大きな注目を集めた。止まらぬ広告塔としての役割に「可愛い」「全部欲しい」「かわいい～みんな大好き」とコメントが寄せられた。 Full-Count編集部,[],[]
イチロー氏、満票殿堂へ突き進む“40-40”　リベラ以来の偉業なるか…“同期左腕”も順調（Full-Count）,https://news.yahoo.co.jp/articles/15cd745882afa76b0ebf53a57a64141b47765da1,https://newsatcl-pctr.c.yimg.jp/t/amd-img/20241226-01677068-fullcount-000-4-view.jpg?exp=10800,2024-12-26T07:10:24+09:00,2024-12-26T07:32:14+09:00,Full-Count,fullcount,Full-Count,784,「Baseball Hall of Fame Vote Tracker」で投票結果が公開 マリナーズ時代のイチロー氏【写真：ロイター】 2025年の米野球殿堂入りの候補者となっているイチロー氏が、史上2人目の満票選出へ順調に歩みを進めている。MLB公式サイトや米主要メディアも活用する殿堂入り投票のトラッキングサイト「Baseball Hall of Fame Vote Tracker」では24日（日本時間25日）までの投票結果が公開されており、イチロー氏は“100％”の得票率となっている。 【写真】総工費なんと6億円…イチローが立てた豪邸 米野球殿堂入りは、メジャーで10年以上プレーした選手が引退から5年で資格を得る。全米野球記者協会に10年以上連続で所属する記者による投票で決定。有資格者から最大10人まで投票でき、全投票数の75パーセント以上を集めると、殿堂入りとなる。 現時点での開票率はわずか10.3％で、投票総数は最終的には388票となると見込まれている。イチロー氏の殿堂入りは確実視されており、焦点は満票かどうか。過去に満票で選出されたのは、歴代最多652セーブを記録した2019年のマリアノ・リベラ氏のみ。デレク・ジーター氏は1票、ケン・グリフィーJr.氏は3票足りずに栄誉を逃した。イチロー氏が満票となれば、野手史上初の快挙となる。 他に殿堂入りラインをクリアしているのは、イチロー氏と同じ2001年にメジャーデビューし、通算251勝をあげたCC・サバシア氏と通算422セーブ左腕、ビリー・ワグナー氏。サバシア氏は8日（同9日）に100％を切ったが37票で92.5％、有資格最終年のワグナー氏は87.5％となっている。また、5ツール・プレーヤーとして鳴らしたカルロス・ベルトラン氏は70.0％とわずかに及んでいない。 Full-Count編集部,[],[]
2度目の戦力外も…隠して登板「クビって思われるのも嫌」　35歳左腕が明かした“本音”（Full-Count）,https://news.yahoo.co.jp/articles/32fbfbd6415b3b8884567dd4467da6aff21bd92d,https://newsatcl-pctr.c.yimg.jp/t/amd-img/20241226-01676868-fullcount-000-8-view.jpg?exp=10800,2024-12-26T07:10:00+09:00,2024-12-26T09:52:38+09:00,Full-Count,fullcount,Full-Count,1284,9月の下旬に戸田市の寮へ…戦力外通告を受け「わかりました」 今季、ヤクルトでプレーした嘉弥真新也氏【写真：小池義弘】 元ソフトバンク、ヤクルトでプレーした嘉弥真新也氏は、今季限りを持って現役を引退した。2011年ドラフト5位でプロ入りし、通算472試合に登板。サイドスローから繰り出すスライダーを武器に“左キラー”として活躍した。戦力外通告を受けたことを、同僚に打ち明けず。胸に秘めながら、マウンドに上がった「2試合」があった。 【映像】遅刻→土下座も虚しく退場… 必死に頭を下げる“トライアウト戦士” 2023年オフにソフトバンクを戦力以外となり、ヤクルトに移籍した。今季は9試合の登板にとどまり、秋になっても「結果を出さないといけないと思っていましたし、自分の状態をどう戻すかを考えていただけでした」と必死に1軍昇格を目指していた。戦力外通告が球団から発表されたのが、9月30日。その少し前、埼玉・戸田市にある寮内に呼び出されたという。足を運ぶと、部屋の中にいたのが小川淳司GMだった。 「（戦力外を）言われた瞬間は『だよね』って感じでした。でも、そこから2試合投げましたからね。そういうのを言われたと隠して、普通に振る舞いました。最後はみんな『なんで言ってくれないんですか』って感じでしたけど。言っても、な……。『嘉弥真さんクビなんや』って思われるのも嫌ですし、だから普通にしていました」 2023年オフにソフトバンクを戦力外に…驚きは隠せず「マジか」 プロ13年目。キャリアをリスペクトされて「僕は年が上の方だったので、先に言ってもらいました。全然ファームの試合がある日でした」と、推察する。チームメートに打ち明けることなく、残りの日々を過ごしたことも「言ってしまいたかったですけどね」と苦笑いした。「悲しむ人もいるわけで。そんなのは見たくないですし、僕も落ち込んでいるところは見せたくないですからね。みんなが言われた（と打ち明けた）時に、俺も言われたって言いました」と胸に秘め続けた。 2023年に続き、2度目の戦力外通告となった。同年は23試合登板に終わったものの、推定年俸は1億6000万円。「ホークスをクビになった時は『ええ、マジか』って思いました」と驚きは隠せなかった。「1回経験しているので、ヤクルトから言われた時は『ですよね、わかりました』って感じでした。やっぱり実力の世界なので。若い子も力が強いし、勝負できない感じだなと思いましたね」。素直に受け入れ、少しずつ気持ちは引退へと傾いていった。 自身のSNSで、ユニホームを脱ぐことを公表したのが11月16日だった。肩肘や腰も含め「体は元気ですよ！」と胸を張る。一方で、「（引退したのも）元気だから、です。もし、このまま獲ってもらえたとして、1軍でパフォーマンスを出せるかと言ったらわからない。違うチームで獲ってもらえてまた同じ結果だったらこっちも嫌ですし、迷惑をかけたくないなとも思いました」と語った。感謝を口にしながら、ともに戦ってきたグラブを置いた。 竹村岳 / Gaku Takemura,[],[]
「なぜ自分が」と疑問も…元プロが伝えた「No.1」　菊池涼介の背中追う“逸材女子”（Full-Count）,https://news.yahoo.co.jp/articles/aeca086db20ff1066a6d4512bf8b2e63d1e0b15b,https://newsatcl-pctr.c.yimg.jp/t/amd-img/20241226-01676366-fullcount-000-1-view.jpg?exp=10800,2024-12-26T07:05:00+09:00,2024-12-26T07:05:00+09:00,Full-Count,fullcount,Full-Count,1317,俊敏は守備で二塁を担う竹坂みずさ選手は広島ジュニア初の女子選手 広島ジュニアの竹坂みずさ【写真：真田一平】 26日に開幕する「NPB12球団ジュニアトーナメント KONAMI CUP 2024 ～第20回記念大会～」で、広島東洋カープジュニアは、球団OBの天谷宗一郎監督のもと上位進出を目指す。20回目を迎えるジュニアトーナメントに臨むにあたり、広島ジュニアは初めて選考対象を中国5県に拡大。広島県外のチームに所属する選手も加えた16人が、虎視眈々と頂点を狙っている。 【動画】力のある送球とボールさばきが身に付く 名門女子野球部名物「ワンバウンドボール回し」 選考対象を拡大したことのほか、もう1つ“初の試み”がチーム編成に表れている。選ばれた16人の中に女子選手が1人いる。小学6年の竹坂みずさ選手（6年＝可愛フェニックス）は、天谷監督が「内野手で1番うまい。守備の実力は申し分ない」と、そのポテンシャルを絶賛する名手で広島ジュニア初の女子選手だ。 女性ならではのしなやかで俊敏な動きと、華麗なグラブさばき。小柄だが守備センスは抜群だ。特に目を引くのは打球への反応スピード。所属チームでは投手や遊撃をこなすが、広島ジュニアでは二塁を守る。広島の二塁手としてゴールデン・グラブ賞を10度受賞した菊池涼介内野手を目標に練習に励んでいる。 「心がけているのは1球1球集中して打球に向かうこと。守備には自信があります」と竹坂さん。堅実な守りの礎になっているのは、毎日欠かさず続けてきた父親との練習。積み重ねてきた努力が、自信につながり、周囲の期待も生んでいる。 不思議だった選出…指揮官が伝えた「守備はナンバーワン」 初の県外選手、女子選手を選考し大会に挑む（右はホークスジュニア）【写真：高橋幸司】 メンバーに選ばれた直後は、なぜ自分が16人に入れたのか疑問に思うこともあったという。そんな竹坂さんに天谷監督は「守備はナンバーワンだと思っている」と選出理由を伝えた。「自分がこのチームで1番うまいんだと、堂々とプレーしてくれればいいと話しました」と振り返る。 指揮官は現役時代、二塁・菊池と右翼・鈴木誠也外野手（現カブス）が守備でチームを救う場面を何度も見てきた。だからこそ、二塁と右翼が果たす重要性を認識している。「選手を選ぶ際、この2つのポジションは大事にしています。特に二塁は、菊池の影響もあってか年々重要なポジションになっていると思っています」。 パワーでは男子に敵わない。速球への対応など課題があることは指揮官も理解しているが、「そういった部分も補ってくれる“強み”を持った一芸に秀でた選手です」と竹坂さんに期待をかける。1点を争う試合終盤、勝利を手繰り寄せるための守備の切り札としての起用も目論んでいる。 「今年はバランスのとれたチーム構成です。カープ（1軍）のように、全員野球で勝利をもぎとっていければと思います。練習に行くたびに選手が成長しているので、大会でどんな飛躍を見せてくれるか楽しみです」と天谷監督。大きな可能性を秘めた16人の選手が、全国の舞台で見せる戦いに注目したい。 真田一平 / Ippei Sanada,[],[]
衝撃の打率.722も…コールド勝ち以外は「監督から怒られた」　元広島名手の原点となった“夏”　（Full-Count）,https://news.yahoo.co.jp/articles/b489a007b03725b97aead2ceb096ff6a17fc544f,https://newsatcl-pctr.c.yimg.jp/t/amd-img/20241226-01675817-fullcount-000-2-view.jpg?exp=10800,2024-12-26T06:50:00+09:00,2024-12-26T07:35:30+09:00,Full-Count,fullcount,Full-Count,1708,高2秋に福井大会最多記録の28塁打をマーク、県大会優勝けん引 広島で活躍した天谷宗一郎氏【写真：山口真司】 高打率で甲子園に乗り込んだ。元広島外野手の天谷宗一郎氏（野球評論家）は福井商時代「北陸のイチロー」と呼ばれていた。2000年、高2秋には福井大会最多記録の28塁打をマークするなど、安打製造機ぶりを発揮したが、この裏にはライバルの存在が見逃せない。北信越大会ではのちに阪神入りする左腕、甲子園ではオリックスなどで活躍した1歳年下の内野手、チームメートとも切磋琢磨した。 【映像】マウンド上で嘔吐 酷暑が影響？…注目選手の悲劇 2000年に夏の甲子園を天谷氏は2年生で経験した。初戦で浜松商に1-2で敗れ、自身は超緊張状態で「試合のことをほとんど覚えていない」というが、これを機にまたステップアップ。最上級の立場となる2年秋はバットで好成績をたたき出し、福井大会優勝、北信越大会準優勝で選抜切符をつかんだ。「あの頃はみんながちゃんとやれば勝てるって感じでしたね。しかも誰一人、天狗になるようなこともなかったんです」。 絶好調の天谷氏はその秋に福井大会記録の28塁打をマーク。これはいまだに破られていない。「その時の福井大会の打率は.722。北信越大会を入れたら.645でした。でも東京や大阪などとは違いますからね」。各地でレベルの違いはあれど、そこまでの数字は簡単に残せるものでもないだろう。実際、選抜でも活躍した。11-9で勝った桜美林（東京）との1回戦では3番右翼で出場して3安打2盗塁。4回にはバックスクリーン左に本塁打も放った。 「ホームランは真ん中低めのストレート。浜風もあったと思いますけど、いい感じでは打てましたね」。2回戦は浪速（大阪）に6-7で敗れたが、全国で通用する打撃力も見せつけて、プロからも注目され始めた。「北陸のイチロー」と呼ばれたのも、そういう実績があったからこそだが、何よりライバルたちの存在が刺激になったという。 「出会えて良かった」元阪神左腕、元オリックス内野手らが刺激に 2年秋の北信越大会で対戦した高岡第一（富山）には左腕・高橋聡文投手（元中日、阪神）がいたし、決勝で敗れた金沢（石川）には左腕・中林佑輔投手（元阪神）がいた。「中林は球が速かったし、早い段階で同じ地区でそういったピッチャーに出会えたというところも僕にとっては良かったと思う。僕は勝手にライバルと思っていました」。選抜2回戦の相手・浪速の1学年下、大引啓次内野手（元オリックス、日本ハム、ヤクルト）のうまさにも目を奪われたそうだ。 社会人野球・JR東海に進んだ福井商の1番打者・杉田匡平遊撃手もそう。「彼は小学校の頃からライバルチームにいた超センスマン。今でいうならカープの小園（海斗内野手）みたいな感じ。うまいし、飛ばすし、走るのも速いし。男前で歌もうまい。福井商では最初バンドをやるとか言って野球部にいなかったんですけど、監督に口説かれて1年の終わり頃に入ったらあっという間にレギュラー。杉田が1番で僕が3番。彼の存在も僕にとっては大きかったですね」。 2001年の3年夏も福井大会を制して甲子園に2年夏から3季連続出場を果たした。敦賀工に17-2、美方に11-1、準決勝は北陸に7-0、決勝は敦賀気比に11-3。いずれも猛打爆発の圧勝だった。「コールドで勝たなかったら逆に監督から怒られていました。監督は『お前たちは打つチームなんだ』と伝えたかったんだと思います」。しかし、夏の甲子園は1回戦で前橋工（群馬）に惜しくも6-7で敗れた。 「1番打者の杉田が甲子園練習で有鉤骨を折ったんですよ。それでも彼はバットが振れない状態ながら9番打者で出たんです。代わりの1番は僕。監督に1番をやらせてくださいと言ってね。その方がいいかと思って……。勝てなかったですけどね。負けた時は泣きました。でもやり切った感じも満々でした。もちろん勝っていきたかったですけど、もう別に後悔はないというか、しょうがないよね、みたいな……」。仲間にも敵にも恵まれた高校3年間だった。 山口真司 / Shinji Yamaguchi,[],[]
