headline,mainEntityOfPage,image,datePublished,dateModified,author,media_en,media_jp,str_count,body,images,external_links
BTS、SEVENTEEN、Stray Kids…9グループが参加する奇跡のK-POPフェス「D'FESTA JAPAN FINAL」東京にて開幕（ぴあ）,https://news.yahoo.co.jp/articles/e743e5a09b260422c462ae6e4fcfb3813e56fea9,https://newsatcl-pctr.c.yimg.jp/t/amd-img/20240716-00010020-piaeigat-000-1-view.jpg?exp=10800,2024-07-16T19:11:22+09:00,2024-07-16T19:11:22+09:00,ぴあ,piaeigat,ぴあ,2263,"\n「D'FESTA JAPAN FINAL」会場風景より\n韓国芸能ニュースメディア“Dispatch（ディスパッチ）”の創立10周年を記念したK-POPフェス「D'FESTA」、その日本最後の会期となる「D'FESTA JAPAN FINAL」が、7月13日(土) に開幕。9月1日(日) まで、東京・寺田倉庫 G1ビルで開催される。\n【全ての写真】9グループが参加する奇跡のK-POPフェス「D'FESTA JAPAN FINAL」会場風景（全26枚）\nENHYPEN、TOMORROW X TOGETHER、Stray Kids、NCT DREAM、NCT 127、TWICE、SEVENTEEN、BTS、NU'ESTの9組69アーティストのオリジナルコンテンツを提供する同イベントは、2022年に東京で開催された「D'FESTA TOKYO」を皮切りに、大阪、沖縄、福岡、熊本、そして海外ではソウル、台湾、ベトナム、インドネシアで大成功を収め、今後はアメリカでの開催も控えている。\n\n会場内は＜THE EXHIBITION＞＜THE MOVIE＞＜THE EXPERIENCE＞というエリアに分かれ、それぞれが魅力あふれるセクションで構成されている。\n\n＜THE EXHIBITION＞\nK-POPを象徴するアーティスト9組、69名をさまざまなビジュアルで展示し、「10年間の記録、そして新しい物語」をファンと共有するエリア。Dispatchが10年間撮影し続けたアーティストの写真や約290点のパネル、69名のアーティストが直接描いた大型キャンパス作品9点、ダイアリー69点なども公開。また、2冊で構成された特別な写真集「D’FESTA COMPLETE EDITION」に収録された秘蔵写真を展示する完全新規セクション「THE FINAL D’FESTA」も登場する。\n\n●「COLOR PORTRAITS」\nアーティスト別の全身グラビアを展示する\n\n●「BLACK & WHITE PORTRAITS」\nモノクロの大型写真が並ぶ\n\n●「MEMORY ROOM 480」\n約480点もの写真で構成された鏡張りの“記憶の部屋”\n\n●「PICTURE DIARY」\nD’FESTAに参加したアーティストによる直筆の“絵日記”を展示\n\n●「SIGNATURE WALL」\nアーティストによる直筆サインで構成されている\n\n●「CONCEPT PHOTO」\nグループ別のコンセプトグラビアを展示\n\n●「THE FINAL D’FESTA」\n完全新規の展示セクション\n\n●「THE ARTIST PAINTINGS」\nアーティストによるD’FESTAを祝福するメモリアルなアート作品を展示\n\n＜THE MOVIE＞\nオリジナルストーリーとミュージック、パフォーマンスで制作されたミュージックビデオ。世界最高レベルのXR技術で具現したステージ映像と1.5チャンネルサウンドの音響で、想像の中のステージを現実に移したような没入感を、超特大プロジェクターで味わえる。\n\n＜THE EXPERIENCE＞\nその名の通り、来場者が体感できる「みんなで楽しめるお祭りの場」。アーティストがパフォーマンスしたLEDステージを実際に体験できる「NEW VIRTUAL STAGE」では、ドラマティックな自分だけの特別な舞台を自由に撮影することが可能。新登場の「THE FRONT STAGE」では、アーティストのステージを目の前で見るように鮮やかに体験できる。\n\n●「THE GACHA」\n「D'FESTAオリジナル ピンボタン」を封入したガチャ。選択したグループから、各グループメンバー各1点＋グループロゴ1点、もしくはグループ集合1点＋グループロゴ1点の中から1種が当たる仕様となっている。また、「D'FESTA JAPAN FINAL」オリジナルのシークレットバージョンも封入されている。有料コンテンツ、1回500円（税込）で参加可能。\n\n●「THE CAFÉ」\n希望のグループのメンバー別スリーブがランダムで提供される。東京初開催で、提供場所は、会場から徒歩3分に位置する「WHAT CAFE」にて行われる。\n※混雑状況によっては、購入制限を設ける場合あり。\n※「THE CAFE」営業時間：11:00～18:00 (ドリンク引き換え最終受付は17:45)。\n\n●「THE ARTIST PIC」\nコンパクトなサイズになって、デザインがリニューアルした「THE ARTIST PIC」。希望グループ内のメンバーとランダムで写真撮影を楽しめるフォトブース。有料コンテンツ、1回1,000円（税込）で参加可能。\n\n●「D'FESTA ORIGINAL GOODS」\nD'FESTAのためだけに制作された多様なジャンルのオリジナルグッズを会場限定で販売。D'FESTA JAPAN FINALでしか購入できない新グッズも登場している。\n\n取材・文・撮影：内田涼\n\n＜開催概要＞\n「D'FESTA JAPAN FINAL」\n会期：2024年7月13日(土)～2024年9月1日(日)\n会場：寺田倉庫 G1ビル(東京・天王洲) 東京都品川区東品川 2-6-4\n時間：10:00～17:00（※営業時間等は変更になる場合あり）",['https://newsatcl-pctr.c.yimg.jp/t/amd-img/20240716-00010020-piaeigat-000-1-view.jpg?pri=l&w=640&h=426&exp=10800'],"['https://news.yahoo.co.jp/articles/e743e5a09b260422c462ae6e4fcfb3813e56fea9/images/000', 'https://lp.p.pia.jp/article/news/377164/photo-gallery/index.html?id=2']"
地震と疫病に見舞われた現代と合致！木ノ下歌舞伎『三人吉三』は現代人へのエール（ぴあ）,https://news.yahoo.co.jp/articles/c5d7503f006ccc10aea4ab83fe2d22f5bf620d41,https://newsatcl-pctr.c.yimg.jp/t/amd-img/20240716-00010021-piaeigat-000-1-view.jpg?exp=10800,2024-07-16T20:00:32+09:00,2024-07-16T20:00:32+09:00,ぴあ,piaeigat,ぴあ,2669,\n『三人吉三廓初買』制作発表会見より、前列左から）緒川たまき、眞島秀和、田中俊介、須賀健太 後列左から）木ノ下裕一、杉原邦生、川平慈英、藤野涼子\n歌舞伎に現代の視点を取り入れつつ、その新たな可能性を発信してきた木ノ下歌舞伎（通称・キノカブ）の『三人吉三廓初買（さんにんきちさくるわのはつがい）』が9年ぶりに再演されることになり7月16日(火)、東京池袋の東京芸術劇場にて制作発表会見を開催。監修・補綴の木ノ下裕一、演出の杉原邦生、出演者の田中俊介、須賀健太、藤野涼子、川平慈英、緒川たまき、眞島秀和が出席した。（「お嬢吉三」を演じる矢部昌暉は体調不良のため欠席）。\n【全ての写真】『三人吉三廓初買』制作発表会見より（全10枚）\n歌舞伎作者のレジェンド・河竹黙阿弥による最高傑作に大胆な新解釈を加え、2014年の初演に続き、翌15年には東京芸術劇場でも上演され、読売演劇大賞2015年の上半期作品賞部門のベスト5に選出された本作。数奇な運命に翻弄される3人の“吉三”の運命を描き出す。\n\nキノカブ版では、現行の歌舞伎ではカットされている商人と花魁の恋のパート、さらに初演以来約160年ぶりに「地獄の場」を復活させており、上演時間は5時間におよぶが、演出の杉原は「絶対にお客様を飽きさせることなく興奮の渦に巻き込みます！」と力強く宣言。\n\n木ノ下は河竹黙阿弥について「既存の認識では、メッセージ性が希薄な作家と思われていますが、そんなことは全然ないんです。初演は安政7年ですが、5年前には安政の大地震が江戸に壊滅的な被害を与え、2年前にはコレラによる多くの犠牲者が生まれていて、随所に昨日まで元気だった人が今日、急に死ぬという、死の近さや疫病の存在が散りばめられています。震災や大きな疫病を体験し、まだその真っただ中にいる現代の私たちにとって、この『三人吉三』は、また違った輝きを見せると思います」と現代に上演することの意義を強調する。\n\nこの日、登壇したキャスト陣は全員、キノカブは初挑戦。木ノ下歌舞伎では、歌舞伎俳優によって演じられている歌舞伎の映像のセリフや動きを俳優陣が徹底的に模倣する“完コピ稽古”を稽古前半に行なうことになっており、これまでと異なる初めての稽古を前に一同、戦々恐々……？\n\n坊主上がりの盗賊である和尚吉三を演じる田中は「（普段は役を）自分で生み出すことが多いんですが、今回はモノマネをするところから始まるという初めての経験です。家で繰り返し、（資料の）映像を見て、モノマネをしています」と語る。\n\n武家上がりのお坊吉三を演じる須賀は「上演前の台本を読みながら、2～3回閉じました（苦笑）。本当にこれをやるのか…？ と」と明かす。この日、共演陣とも初めて顔を合わせたが「どことなく、学校のテスト前の探り合いのようなピリピリ感を感じています（笑）」と語る。\n\n藤野は、武家出身の花魁を演じるにあたり、実際に現在の吉原に足を運んでみたそうで「あまり（昔のものは）残ってないんですが、見返り柳や門が残っていました」とふり返る。眞島は歌舞伎初挑戦を前に「右も左もわからない状態」と不安を口にしつつも「初日には堂々と舞台に立てるように稽古に励んでいきたいです」と意気込みを語る。\n\n川平も歌舞伎初挑戦となるが「これまでの生業のほとんどがミュージカルと楽天カードマンだったので……」と笑いを誘いつつ「人間のドロドロした負の部分が入り混じる物語ですが、軽やかでスタイリッシュに、観終わって『よかったな』と生への賛美の気持ちを抱いたり、前向きなエネルギーを届けられたらと思います」と語った。\n\n緒川は、本作が初演時にお正月公演として上演されたということに言及。「台本を読むと様々な運命を背負った、こんなにも人の生き方って多様なのかという人たちが右往左往していて、これを黙阿弥は（正月公演で）人を楽しませるために描いたというふうに読むと、江戸の庶民のひとたちは、なんて粋で心が広い人たちだったのかと感じます。現代版の作品として、いまを生きる私たちに楽しんでもらえる作品になるといいなと思います。不幸が渦巻いていて、どうしてこんなにかわいそうなのか？ どうしてこんな酷いことができるのか？ という人たちが出てきますが、江戸の人たちに倣って、楽しめる方向に引っ張っていきたいです」と思いを語っていた。\n\n木ノ下は緒川の言葉を受け「こんな暗い芝居を正月に当て込んだ木阿弥やっぱりヤバいなと思いました（笑）。でもその背後には『みなさん、よくぞ生き延びました。こういう世界だけど頑張っていきましょう。死んだ人がかわいそうだと思うかもしれませんが、私たちも頑張ってますよね』というエール、メッセージが強くあると思います。そのあたりを引き出せる『三人吉三』にしていきたいです」と“生”への希求を力強く描き出す作品にしたいと語った。\n\n『三人吉三廓初買』は東京芸術祭 2024 芸劇オータムセレクションとして東京芸術劇場プレイハウスにて9月15日(日)より上演。\n\n＜公演情報＞\n東京芸術祭 2024 芸劇オータムセレクション\n東京芸術劇場 Presents 木ノ下歌舞伎『三人吉三廓初買』\n\n作：河竹黙阿弥\n監修・補綴：木ノ下裕一\n演出：杉原邦生[KUNIO]\n\n【主な配役】\n和尚吉三：田中俊介\nお坊吉三：須賀健太\nお嬢吉三：矢部昌暉\n\n丁子屋花魁 一重：藤野涼子\n木屋手代 十三郎：小日向星一\n伝吉娘 おとせ：深沢萌華\n\n八百屋久兵衛：武谷公雄\n丁子屋花魁 吉野：高山のえみ\nおしづ弟 与吉：山口航太\n文蔵倅 鉄之助：武居卓\n釜屋武兵衛：田中佑弥\n丁子屋新造 花琴：緑川史絵\n\n土左衛門伝吉：川平慈英\n\n文里女房 おしづ：緒川たまき\n木屋文蔵［文里］：眞島秀和\n\nスウィング：佐藤俊彦 藤松祥子\n\n【東京公演】\n日程：2024年9月15日(日)～29日(日)\n会場：東京芸術劇場 プレイハウス\n\n【長野（松本）公演】\n日程：2024年10月5日(土)・6日(日)\n会場：まつもと市民芸術館 主ホール\n\n【三重公演】\n日程：2024年10月13日(日)\n会場：三重・三重県文化会館 中ホール\n\n【兵庫公演】\n日程：2024年10月19日(土)・20日(日)\n会場：兵庫県立芸術文化センター 阪急 中ホール,['https://newsatcl-pctr.c.yimg.jp/t/amd-img/20240716-00010021-piaeigat-000-1-view.jpg?pri=l&w=640&h=427&exp=10800'],"['https://news.yahoo.co.jp/articles/c5d7503f006ccc10aea4ab83fe2d22f5bf620d41/images/000', 'https://lp.p.pia.jp/article/news/377187/photo-gallery/index.html?id=2']"
『トランスフォーマー／ONE』中村悠一、木村昴ら新ボイスキャスト発表＆日本語吹替版予告公開（ぴあ）,https://news.yahoo.co.jp/articles/2cfac9d8fe1a661d0b3cafd0d3da504cd3127206,https://newsatcl-pctr.c.yimg.jp/t/amd-img/20240716-00010023-piaeigat-000-1-view.jpg?exp=10800,2024-07-16T22:00:56+09:00,2024-07-16T22:00:56+09:00,ぴあ,piaeigat,ぴあ,974,\n『トランスフォーマー／ONE』日本語吹替キャスト\n9月20日(金) 日米同時公開される映画『トランスフォーマー／ONE』のボイスキャスト陣が発表され、併せて日本語吹替版予告が公開された。\n【動画】『トランスフォーマー／ONE』日本語吹替版予告\n本作は、ヒーローとヴィランの友情秘話や、トランスフォーム能力の起源、そして次第にしのび寄る戦乱の影と、トランスフォーマー史上最大の決戦と言われる、サイバトロン星の戦いを描く『トランスフォーマー』シリーズ最新作。\n\nトランスフォーム能力を持たない労働ロボットとしてサイバトロン星の地下に広がる都市で働く、まだ誰も見たことのない若かりし頃のオプティマスプライム（オライオンパックス）＆メガトロン（D-16）の友情と対立の物語が描かれる本作。これまでのシリーズとは異なる若さと希望にあふれた魅力いっぱいのキャラクターに相応しい、瑞々しさあふれる新ボイスキャストの声が息吹を吹き込む。\n\n最強のトランスフォーマー、オプティマスの声を演じるのは、『呪術廻戦』の五条悟、『ハイキュー』黒尾鉄朗など、数々の人気キャラクターを演じている中村悠一。そして『呪術廻戦』東堂葵や、『THE FIRST SLUM DUNK』の桜木花道など、情に厚い性格の熱血キャラクターを演じている木村昴が、固い信念と己の正義に突き動かされる、もうひとりの最強のトランスフォーマー、メガトロンを演じる。固い友情で結ばれながらも、最悪の宿敵同士になることが運命づけられたふたりを、シリーズ史上屈指のエモーショナルな展開で熱く盛り上げる。\n\nさらに、彼らと行動を共にするバンブルビー（B-127）には、シリーズでもすっかりお馴染みになった木村良平が、バンブルビーのちょっとズレたマシンガントークをコミカルに繰り広げる。そして、約40年にわたりオプティマス役の声を務め、トランスフォーマーシリーズを牽引し続けてきた玄田哲章が、本作では彼らの“秘めた力”＝トランスフォーム能力を解き放つアルファトライオンを演じる。\n\nその他、本作のもうひとりのメインキャラクターであるエリータ-1をはじめ、まだ明かされていないボイスキャストたちは後日発表予定だ。\n\n＜作品情報＞\n『トランスフォーマー／ONE』\n9月20日(金) 公開,['https://newsatcl-pctr.c.yimg.jp/t/amd-img/20240716-00010023-piaeigat-000-1-view.jpg?pri=l&w=640&h=360&exp=10800'],"['https://news.yahoo.co.jp/articles/2cfac9d8fe1a661d0b3cafd0d3da504cd3127206/images/000', 'https://lp.p.pia.jp/article/news/377168/video-gallery/index.html']"
The Birthday、チバユウスケのラストツアーより「抱きしめたい」ライブ映像公開（ぴあ）,https://news.yahoo.co.jp/articles/feffe1d67c6f5056a311a30a715b0f07c3ad67a3,https://newsatcl-pctr.c.yimg.jp/t/amd-img/20240716-00010022-piaeigat-000-1-view.jpg?exp=10800,2024-07-16T20:02:52+09:00,2024-07-16T20:02:52+09:00,ぴあ,piaeigat,ぴあ,546,"\nThe Birthday「抱きしめたい」ライブ映像より\nThe Birthdayのライブ作品『LIVE AT NAKANO SUNPLAZA 2022""GO WEST.YOUNGMAN""』より、「抱きしめたい」のライブ映像が公開された。\n【動画】The Birthday「抱きしめたい」ライブ映像\n本作には、チバユウスケ（vo/g）にとって最後のツアーとなった『GO WEST.YOUNGMAN』より、2022年12月8日の東京・中野サンプラザ公演の模様を収録。映画『THE FIRST SLAM DUNK』のオープニング主題歌「LOVE ROCKETS」を映画公開後初披露したのをはじめ、公演前日にリリースとなった『月夜の残響 ep.』収録の新曲も披露。彼らの真骨頂である圧倒的ライブを堪能できる作品で、チバの誕生日である7月10日にBlu-rayとレコードで発売となった。\n\nまた同日には、最新EP『April』に収録されている「サイダー」のMusic Videoも公開。MVは鉄拳が制作した2,000枚にもおよぶパラパラ漫画となっている。\n\n＜リリース情報＞\n『LIVE AT NAKANO SUNPLAZA 2022""GO WEST.YOUNGMAN""』\n発売中",['https://newsatcl-pctr.c.yimg.jp/t/amd-img/20240716-00010022-piaeigat-000-1-view.jpg?pri=l&w=640&h=366&exp=10800'],"['https://news.yahoo.co.jp/articles/feffe1d67c6f5056a311a30a715b0f07c3ad67a3/images/000', 'https://lp.p.pia.jp/article/news/377112/video-gallery/index.html']"
BTSユニット初のトラベルバラエティ『Are You Sure?!』第2弾ポスタービジュアル＆ティザー予告公開（ぴあ）,https://news.yahoo.co.jp/articles/7c4cb7421673166709fe0884088cf396676f640d,https://newsatcl-pctr.c.yimg.jp/t/amd-img/20240716-00010018-piaeigat-000-1-view.jpg?exp=10800,2024-07-16T19:00:24+09:00,2024-07-16T19:00:24+09:00,ぴあ,piaeigat,ぴあ,962,\n『Are You Sure?!』第2弾ポスタービジュアル\n8月8日(木) より、ディズニー公式動画配信サービス「Disney+（ディズニープラス）」にて独占配信されるトラベルバラエティ『Are You Sure?!』の第2弾ポスタービジュアルが公開された。\n【動画】『Are You Sure?!』予告編\n『Are You Sure?!』はBTSの最年少メンバーふたりで、通称“グクミン”と呼ばれる仲良しコンビJIMINとJUNG KOOKが、オフモード全開で休暇を過ごす貴重な姿を追った“BTSユニット初”のトラベルバラエティ。\n\n公開されたのは、済州島の海をテーマにJIMINとJUNG KOOKにキュートなイラストが施されたポスタービジュアル。手書き風に描かれた浮き輪やタンクトップを身に着け、ちょっぴり困り顔なふたり。そして「Are You Sure?!（これでいいの?!）」とコメントしているようなビジュアルとなっている。\n\nさらに、JUNG KOOKのソロ曲「Standing Next to You」にのせて、各地の旅のハイライトシーンがぎゅっと収められたティザー予告も公開。海を眺めながら「僕らの入隊前に旅行映像を撮るのはどうかな」とJIMINの提案からこの企画がスタート。船の上で番組タイトルを考えるふたりだが、“自由気ままな旅行?”“非日常な旅行？”と、どんな内容になるのかワクワクしながら“本当にいいの？”“いいんじゃない？”と満足気の様子。\n\nニューヨーク、済州島、札幌を巡りながら、様々なアクティビティに挑戦。時には雨に降られたり、海に飛び込んだり、カヌーに乗ったり、バイクにふたり乗りしてみたり、日常から離れ全力で旅を楽しんでいる無邪気すぎるふたりの姿が映し出される。自由すぎる旅の展開とありのままの姿をさらけ出しすぎて、“これでいいの?!”を連発するJIMINとJUNG KOOK。連発しすぎて、最終的に『Are You Sure?!』がタイトルに。ハプニングあり、笑いあり、涙ありの期待の高まる映像となっている。\n\n＜番組情報＞\n『Are You Sure?!』\nデイズニープラスで8月8日(木) より独占配信開始\n（全8話／初回2話、以降毎週木曜日1話ずつ）,['https://newsatcl-pctr.c.yimg.jp/t/amd-img/20240716-00010018-piaeigat-000-1-view.jpg?pri=l&w=640&h=360&exp=10800'],"['https://news.yahoo.co.jp/articles/7c4cb7421673166709fe0884088cf396676f640d/images/000', 'https://lp.p.pia.jp/article/news/377156/video-gallery/index.html']"
ぴあアプリユーザー限定の貸切鑑賞会「『生誕140年 YUMEJI展 大正浪漫と新しい世界』ぴあプレミアムナイト」の模様をレポート（ぴあ）,https://news.yahoo.co.jp/articles/be76916d8be21f8b7f382bec53259d75d9557265,https://newsatcl-pctr.c.yimg.jp/t/amd-img/20240716-00010016-piaeigat-000-1-view.jpg?exp=10800,2024-07-16T18:03:54+09:00,2024-07-16T18:03:54+09:00,ぴあ,piaeigat,ぴあ,1505,"\n幻想的な夜の東京都庭園美術館\n明治から大正、昭和にかけて、甘くセンチメンタルな「夢二式」と呼ばれる美人画で一世を風靡し、デザイナー、文筆家としても活躍した竹久夢二の知られざる魅力を、新発見の作品などから紐解く展覧会『生誕140年 YUMEJI展 大正浪漫と新しい世界』。東京都庭園美術館という夢二と同時代の面影を残す邸宅空間と夢二作品との競演ということでも話題の展覧会を、夜間に、ぴあアプリユーザー限定で貸し切るというスペシャルな鑑賞会「生誕140年 YUMEJI展 大正浪漫と新しい世界 ぴあプレミアムナイト」が6月29日(土) に開催された。\n【全ての画像】『生誕140年 YUMEJI展 大正浪漫と新しい世界』展示風景ほか\nイベントは、通常の展覧会が閉館となった後、18時30分からスタート。20時30分までの2時間にわたり、限られた人数でゆっくりと、自由に『YUMEJI展』を鑑賞して頂いた。\n\n東京都庭園美術館の本館は、1933（昭和8）年に旧皇族・朝香宮家の自邸として建てられたもの。同展の目玉作品である《アマリリス》が展示されている大広間から、大客室や大食堂、殿下・妃殿下の居室や書斎など、かつて宮家の生活の場だった優美な空間を巡りながら、それぞれの場所に静かにたたずむ作品の数々を、参加者は思い思いに、じっくりと鑑賞されている様子だった。\n\n大広間の《アマリリス》の前では、同展の監修者であり、夢二研究の第一人者のひとりである岡部昌幸先生（帝京大学名誉教授・群馬県立近代美術館特別館長）によるギャラリートークを実施。同展では、近年発見され、東京では初公開となる大正中期の名画《アマリリス》をはじめ、これまであまり語られてこなかった夢二の油彩画にフォーカスしている。岡部先生は、参加者に資料を配布し、本作のモデルと考えられる恋人のお葉にまつわるエピソードや、夢二の代表作のひとつである日本画《黒船屋》、さらにはロセッティなどラファエル前派の画家の女性像などとも比較しながら、鑑賞のポイントや作品の魅力について丁寧に解説。参加者の中には熱心にメモをとりながら聴いている方もいらっしゃり、より深い鑑賞体験の手助けとなったようだった。\n\nさらに、参加者には夢二デザインの柄をあしらった箱入りで、付録の「レターブック」がついた図録セットをお渡し。夢二のデザインがひとつひとつ手作業で丁寧に貼り付けられた風合いのある貼箱は、「桜草」「若草」「青い小径」「猫」と4種類の柄から参加者が好きな装丁を選択。24枚セットのレターブックも、両面すべて異なるデザインというこだわりのアイテムで、展覧会鑑賞後も夢二の作品世界を存分に楽しめる豪華なお土産をお持ち帰り頂いた。\n\n幻想的な夜の庭園美術館で行われたスペシャルな鑑賞会。参加者からは、「ゆっくりと鑑賞できて贅沢な体験だった」「夢二の知らなかった側面を知ることができ、ますます好きになった」などといった感想をいただき、2時間にわたるイベントは幕を閉じた。\n\n＜開催概要＞\n『生誕140年 YUMEJI展 大正浪漫と新しい世界』\n会期：2024年6月1日(土)～8月25日(日)\n会場：東京都庭園美術館\n時間：10:00～18:00（入館は17:30まで）※7月19日～8月23日の毎週金曜日は～21:00（入館は20:30まで）\n休館日：月曜（7月15日、8月12日は開館）、7月16日(火)、8月13日(火)\n料金：一般 1,400円、大学 1,120円、中高・65歳以上 700円\n※第3水曜日は65歳以上の方は無料",['https://newsatcl-pctr.c.yimg.jp/t/amd-img/20240716-00010016-piaeigat-000-1-view.jpg?pri=l&w=640&h=480&exp=10800'],"['https://news.yahoo.co.jp/articles/be76916d8be21f8b7f382bec53259d75d9557265/images/000', 'https://lp.p.pia.jp/article/news/376822/photo-gallery/index.html?id=2']"
ナイル・ロジャース＆シック、ダンスミュージック界の伝説が9月大阪で単独公演を開催（ぴあ）,https://news.yahoo.co.jp/articles/423205c3332057632867f11072316813e2aa3f79,https://newsatcl-pctr.c.yimg.jp/t/amd-img/20240716-00010014-piaeigat-000-1-view.jpg?exp=10800,2024-07-16T15:30:34+09:00,2024-07-16T15:30:34+09:00,ぴあ,piaeigat,ぴあ,497,\n「ナイル・ロジャース＆シック」大阪の夜をグルーヴ！\n「ナイル・ロジャース＆シック LIVE IN 大阪 2024」\nソングライター、コンポーザー、プロデューサー、アレンジャー、ギタリストと、マルチな才能でグラミー賞など数々の受賞歴を誇る音楽界のレジェンド、ナイル・ロジャース。\n\nビヨンセやマドンナら、世界的アーティストの大ヒット曲にプロデュースなどで参加するナイルが、ディスコ・ムーブメントを象徴するバンド「シック」を率いて、9月に開催されるBlue Note Jazz Festivalに出演。そんな「ナイル・ロジャース＆シック」が、9月20日(金) に、ZEPP OSAKA BAYSIDEにて大阪で単独公演を開催する。\n\nシックの大ヒット曲「ル・フリーク」や名曲「グッド・タイムス」はもちろん、ナイルのプロデュースによる数々のヒット曲が大阪の街をダンサブルに彩る！\n\n＜ライブ情報＞\n「ナイル・ロジャース＆シック LIVE IN 大阪 2024」\n2024年9月20日(金)\n大阪・ZEPP OSAKA BAYSIDE\n開場 18:00 / 開演 19:00,['https://newsatcl-pctr.c.yimg.jp/t/amd-img/20240716-00010014-piaeigat-000-1-view.jpg?pri=l&w=640&h=360&exp=10800'],['https://news.yahoo.co.jp/articles/423205c3332057632867f11072316813e2aa3f79/images/000']
『キングダム 大将軍の帰還』が初登場1位に【映画動員ランキング】（ぴあ）,https://news.yahoo.co.jp/articles/b85e376a08f82593fe3f75ab44927e78d2c7ee25,https://newsatcl-pctr.c.yimg.jp/t/amd-img/20240716-00010013-piaeigat-000-1-view.jpg?exp=10800,2024-07-16T14:20:04+09:00,2024-07-16T14:20:04+09:00,ぴあ,piaeigat,ぴあ,777,\n『キングダム 大将軍の帰還』\n7月12日(金)、13日(土)、14日(日) の全国映画動員ランキングは、初登場の『キングダム 大将軍の帰還』が1位に輝いた。\n【全ての画像】動員ランキングの作品画像（全10枚）\n原泰久の人気漫画『キングダム』を山崎賢人主演で映画化したシリーズ第4弾。秦と趙の総力戦を繰り広げる馬陽の地で、突如出現した趙の総大将から致命傷を負った信と仲間たちが脱出を図る一方で、趙に潜む軍師と秦軍の将軍が衝突する。監督は佐藤信介。脚本は黒岩勉と原作者の原泰久。共演は吉沢亮、橋本環奈、清野菜名、玉木宏、大沢たかおら。\n\n先週1位、2位だった『ルックバック』と『それいけ！アンパンマン ばいきんまんとえほんのルルン』はそれぞれ順位をひとつ下げる結果となった。\n\n今週は新作のランクインはほかになく、公開中の作品が頑張っている。\n\n中でも、『名探偵コナン 100万ドルの五稜星（100まんドルのみちしるべ）』は、公開14週目で順位をひとつ上げ、6位から5位へ、先週8位だった『クワイエット・プレイス：DAY 1』も7位にランクアップした。\n\n今週は『怪盗グルーのミニオン超変身』『フライ・ミー・トゥ・ザ・ムーン』『逃走中 THE MOVIE』『化け猫あんずちゃん』などが封切られる。\n全国映画動員ランキングトップ10\n1位『キングダム 大将軍の帰還』\n2位『ルックバック』\n3位『それいけ！アンパンマン ばいきんまんとえほんのルルン』\n4位『ディア・ファミリー』\n5位『名探偵コナン 100万ドルの五稜星（100まんドルのみちしるべ）』\n6位『九十歳。何がめでたい』\n7位『クワイエット・プレイス：DAY 1』\n8位『フェラーリ』\n9位『コードギアス 奪還のロゼ 第3幕』\n10位『言えない秘密』,['https://newsatcl-pctr.c.yimg.jp/t/amd-img/20240716-00010013-piaeigat-000-1-view.jpg?pri=l&w=640&h=452&exp=10800'],"['https://news.yahoo.co.jp/articles/b85e376a08f82593fe3f75ab44927e78d2c7ee25/images/000', 'https://lp.p.pia.jp/article/news/377119/photo-gallery/index.html?id=2']"
三谷幸喜「また一緒にお芝居が出来ることがありがたい」東京サンシャインボーイズ復活公演上演へ（ぴあ）,https://news.yahoo.co.jp/articles/072e873a07c87c5c191b42050d8b8ed579081ec3,https://newsatcl-pctr.c.yimg.jp/t/amd-img/20240716-00010017-piaeigat-000-1-view.jpg?exp=10800,2024-07-16T19:00:10+09:00,2024-07-16T19:00:10+09:00,ぴあ,piaeigat,ぴあ,4860,"\n東京サンシャインボーイズ復活公演会見より、前列左から）福島三郎、宮地雅子、相島一之、三谷幸喜、梶原善、西村まさ彦、小林隆 後列左から）吉田羊、西田薫、野仲イサオ、甲本雅裕、阿南健治、小原雅人、近藤芳正、谷川清美\n人気絶頂期の1994年、『東京サンシャインボーイズの罠』で30年間の充電期間に突入した劇団「東京サンシャインボーイズ」。主宰の三谷幸喜を始め、その後の劇団員たちの活躍はご存知の通りだが、ついにその長きに渡る充電期間を終え、ついに彼らが復活を遂げる時が来た。そこで三谷のほか、全キャストがそろった「東京サンシャインボーイズ新作舞台 製作発表会見」の模様をレポートする。\n【全ての写真】絶妙な掛け合いで新作公演を発表する三谷幸喜と相島一之（ほか会見写真全19枚）\nまず舞台上に現れたのは、当日急遽MCを任されたという相島一之。三谷と共に劇団メンバー、ならびに客演陣の呼び込みを行うと、東京サンシャインボーイズのこれまでの歴史を紐解いていく。さらに『～罠』パンフレットの裏表紙をスクリーンに映し出すと、そこには2024年上演予定「老境サンシャインボーイズ『リア玉』」の告知が。気になる復活公演の演目はやはり『リア玉』なのか!? と思いきや、「“玉”の制作が間に合わないので、先送りになりました（笑）」と三谷。そして相島から、新作のタイトルが『蒙古が襲来 Mongolia in coming』だと発表される。\n\n三谷いわく「鎌倉時代に起きた、かの“元寇”を舞台にしたお芝居です。いわゆる“蒙古襲来”ですが、『蒙古が襲来』と“が”を入れてちょっとポップな感じにしています（笑）。蒙古がやって来るその日の朝、まだなにも知らない九州のとある漁村で繰り広げられる、アットホームなコメディです」と説明があると、会場からはドッと笑いが。現状、三谷の頭の中にあるのはここまでとのことで、その全貌は来年2月の開幕を楽しみに待ちたい。\n30年ぶりの復活公演に向けて、梶原善、相島一之、西村まさ彦らが語る思い\n続いて劇団への参加順に、公演に向けた抱負がメンバーから語られた。\n\n梶原善「僕が東京サンシャインボーイズで心に残っていることのひとつが、お客様の笑い声。しかもドッカン、ドッカン、爆発的な笑い声。それがまた体験出来るのかと思うと、すごく楽しみです」\n\n相島「感無量です。ここにいるメンバーは三谷の書く世界が大好きで、そいつらともう一度集まって、三谷の作品を上演出来る。本当にありがたいですし、嬉しいです」\n\n西村まさ彦「30年ぶりにみんなの顔が見られてとても嬉しいです。精一杯務めます。宜しくお願いいたします」\n\n宮地雅子「もう信頼しかない、大好きなおっちゃん、おばちゃんたちと共演出来るのが本当に幸せです。以前三谷さんに『宮地雅子は土臭い女優だ』と言われたので、今回の村人役はぴったりだと思います（笑）」\n\n小林隆「昔味わった、台本を開く瞬間、今度はなにが飛び出すか。久々に大きなびっくり箱をみんなで開けられることが、非常に嬉しいし、楽しみだし、ワクワクしています」\n\n福島三郎「僕は劇団の活動時と同じく、演出補として参加させていただきます。ただ演出に三谷さん、演出助手に伊達（紀行）くんがいるので僕はなにをすればいいのか……。ただ昔あったみたいにコバさん（＝小林）が怪我をしちゃうかもしれないので（笑）、そういう時のために準備をしておこうと思います」\n\n阿南健治「先月大谷翔平が30歳になったと知った時、とても驚きました。あの人が生まれた時に解散して、そして今日です。この30年で私はなにを学び、どう変化したか。自分に問いたいと思います」\n\n甲本雅裕「僕はまったくの芝居未経験で、劇団には最初研究生というかたちで参加させてもらいました。研究生は稽古場代を払わなくてよかったんですが、ある時制作さんに、『来月から払ってね。その代わり劇団員にするから』と言われて正劇団員になれました（笑）。ただ劇団公演となると、一気に研究生時代の自分に戻ります。とにかくがむしゃらに、舞台上を駆けずり回りたいと思います」\n\n小原雅人「月並みではありますが、“ワン・フォー・オール、オール・フォー・ワン。ひとりはみんなのために、みんなはひとつの目的のために”。この精神でまいりたいと思います」\n\n野仲イサオ「今年ついに前期高齢者になった自分とかけまして、『蒙古が襲来』と解きます。その心は……不安と期待でいっぱいです！」\n\nさらに東京サンシャインボーイズと縁の深い客演陣からも、劇団、公演への胸の内が語られた。\n\n近藤芳正「永遠の客演、近藤芳正です（笑）。僕は『99連隊』（91年）という作品で初めて東京サンシャインボーイズに出させてもらったんですが、実は芝居をやるか、辞めようか迷っていた時期でした。でも『99連隊』がめっちゃ楽しくて、芝居って楽しんでいいものだと心の底から実感しました。そのメンバーとまたやれること、本当に楽しみです」\n\n西田薫「私は『劇団ショーマ』というところにおりましたが、初めて東京サンシャインボーイズに参加した時、みんなの面白さと個性の強さに圧倒されました。30年経って、よりすごいことになっていると思います。私も精一杯頑張って、みんなと面白いお芝居を作っていきたいと思います」\n\n谷川清美「私は『演劇集団円』に所属しておりまして、三谷さんの作品には『～罠』と、シアタートップス閉館イベント『returns』（09年）に参加させていただきました。どちらも節目の公演であったせいか、祝祭と言いますか、ものすごいエネルギーに溢れかえっていました。そして今回、そのエネルギーは最高潮に達するんじゃないかと思っています」\n\n吉田羊「東京サンシャインボーイズ“研究生”の吉田羊でございます。私は『returns』にただひとりの外部ゲストとして参加させていただきました。15年前は今よりは少しだけ若かった私も、年を重ね、老眼が進み、台詞覚えも悪くなりました。けれどもこの中では一番の若手でございます（笑）。新人女優のつもりで頑張りたいと思います」\n\nそして会見の締めくくりには、三谷から観客に向けてメッセージが贈られた。\n\n三谷「久々にみんなに会って、いろいろイメージが膨らみました。こいつにはこんな面白いところがあったんだとか、こいつちょっと危険だからやめとこうとか（笑）。そんなまとまりのないメンバーではありますが、僕はこの人たちとまた一緒にお芝居が出来ることを心からありがたいと思っていますし、頑張っていいものを、日本の演劇史に残るようなお芝居を作りたいと思っています。これだけ良い俳優が集まっているんですから。ちなみにこれを機に劇団が再結成するわけではなく、この公演が終わり次第、再び充電期間に入ります。次は80年の充電です（笑）。今世紀最後の東京サンシャインボーイズ公演、ぜひ皆さんお見逃しなく！」\n\n取材・文：野上瑠美子\n東京サンシャインボーイズこれまでの軌跡\n1983年\n『6ペンスの唄』@池袋とまとハウス ★三谷幸喜プロデュース公演として旗揚げ\n『プーサン酒場と3つのわくわくする物語』@池袋バモス青芸館\n\n1984年\n『冒険王サルマニ～最後の挑戦』@銀座みゆき館劇場\n『愛しの満天クラブ』@六本木アトリエフォンテーヌ ★3時間におよぶ大作。大不評のため一時活動停止に追い込まれる\n\n1985年\n『48センチの喜劇』@シアター代官山 ★初の現代劇。のちに『なにもそこまで』のもととなったシチュエーションコメディ。\n『くたばれサンダース』@シアター代官山 ★現代劇第2弾。あまりの不評で1年間の活動停止に追い込まれる／梶原善、初参加\n\n1986年\n『ビリケン波止場のおさらばショップ』@下北沢ザ・スズナリ\n『諸君! ミサイルだ』@TBSピックアップシアター\n\n1987年\n『テキサスの4本の腕』@ヤングプラザニッポン放送\n『眠りラクダのはじける音@下北沢駅前劇場 ★初のファンタジー作品。\n『旦那さまから一言』@シアター代官山 ★ファンタジー第2弾。絶望的不評。役者・「一橋壮太朗」の誕生。／相島一之初参加\n『まさかり先生の愛と冒険』@新宿シアターモリエール ★ファンタジー第3弾。／西村まさ彦初参加\n\n1988年\n『ブロードウェイの生活』@下北沢駅前劇場 ★宮地雅子、初参加\n『青池さんちの犯罪』@下北沢駅前劇場 ★「家庭の事情コレクション」開始。／小林隆・福島三郎、初参加\n\n1989年\n『こんな夜の話』@新宿SOUND HOUSE\n『デラシネ父さんのこと』@下北沢駅前劇場 ★「家庭の事情コレクション」第2弾。\n『天国から北へ3キロ』@下北沢駅前劇場 ★観客動員が初めて1,000人を超える。阿南健治・甲本雅裕、初参加\n『サンシャインの世界は廻る』@相鉄本多劇場\n『眠りラクダのはじける音②』@下北沢駅前劇場\n\n1990年\n『東京の冬』＠VIEPLAN THEATER ★劇団の路線変更&再編成\n『彦馬がゆく』＠下北沢ザ・スズナリ ★初の歴史時代劇。\n『12人の優しい日本人』＠シアターサンモール ★舞台装置は“船”。／伊藤俊人・小原雅人・野仲イサオ、初参加\n『ブロードウェイの生活②』@下北沢駅前劇場\n\n1991年\n『12人の優しい日本人②』＠シアタートップス ★初のシアタートップス公演\n『ショウ・マスト・ゴー・オン』＠下北沢本多劇場 ★初の本多劇場公演\n『99連隊』＠シアタートップス、相鉄本多劇場 ★近藤芳正、初参加\n『小さな戦場の大きな女』＠シアタートップス、相鉄本多劇場 ★同じセットでふたつの公演を上演（『99連隊』小さな戦場の大きな女』）。劇団員のチケットノルマ廃止。\n\n1992年\n『なにもそこまで』＠新宿全労災スペースゼロ ／ シアタートップス 他\n『12人の優しい日本人③』@渋谷パルコスペースパート3 ★初のパルコ公演\n『もはやこれまで』@シアタートップス 他\n\n1993年\n『ラヂオの時間』@シアタートップス、シアターサンモール 他 ★西田薫、初参加\n『彦馬がゆく②』@シアタートップス、紀伊國屋ホール 他 ★三谷、劇団解散を考え始める。\n\n1994年\n『ショウ・マスト・ゴー・オン②』紀伊國屋ホール 他 ★佐藤B作、客演。／谷川清美、初参加\n『東京サンシャインボーイズの罠』＠シアタートップス 他 ★Wキャストでのシアタートップス3か月ロングラン。\n\n★いきなりの活動休止宣言で30年の充電期間に突入\n\n2002年\n伊藤俊人、急逝（享年40）\n\n2009年\n『returns』@シアタートップス ★シアタートップス閉館イベントで15年ぶりに結集。／吉田羊初参加\n\n2020年\n『12人の優しい日本人』を読む会 ★新型コロナによる外出自粛が続くなか、近藤芳正が発起人となりYouTubeで無料配信。1万5千人以上がライブ視聴。\n\n＜公演情報＞\nパルコ・プロデュース2025\n東京サンシャインボーイズ復活公演\n『蒙古が襲来 Mongolia is coming』\n\n作・演出：三谷幸喜\n\n出演：\n相島一之 阿南健治 伊藤俊人 小原雅人 梶原善\n甲本雅裕 小林隆 近藤芳正 谷川清美 西田薫\n西村まさ彦 野仲イサオ 宮地雅子 吉田羊\n\n【東京公演】\n2025年2月9日(日)～2025年3月2日(日)\n会場：PARCO劇場\n\n【全国ツアー公演】\n3月/岡山、京都、松本、仙台\n4月/札幌、大阪、豊橋、福岡\n5月/那覇",['https://newsatcl-pctr.c.yimg.jp/t/amd-img/20240716-00010017-piaeigat-000-1-view.jpg?pri=l&w=640&h=426&exp=10800'],"['https://news.yahoo.co.jp/articles/072e873a07c87c5c191b42050d8b8ed579081ec3/images/000', 'https://lp.p.pia.jp/article/news/377158/photo-gallery/index.html?id=3']"
初の主催フェス『s**t kingz Fes 2024 ももたろう』開催間近！　s**t kingzインタビュー「トイレに行く隙間なんてないです(笑)」（ぴあ）,https://news.yahoo.co.jp/articles/95290ab74d98a9886516f46159e4d47ceee9ff98,https://newsatcl-pctr.c.yimg.jp/t/amd-img/20240716-00010015-piaeigat-000-1-view.jpg?exp=10800,2024-07-16T18:01:15+09:00,2024-07-16T18:01:15+09:00,ぴあ,piaeigat,ぴあ,4271,"\ns**t kingz （Photo：小堺勝巳）\nやはり彼らは止まらない。約1年ぶりとなる配信シングル「MORECHAU feat.edhiii boi,Janet真夢叶（ぺろぺろきゃんでー）,JIMMY（PSYCHIC FEVER）」は、s** t kingzプロデュースのもと新進気鋭のアーティストたちがよってたかって才を出し合い、フレッシュなリリックとアッパーなラップで世界観を構築したナンバー。そして7月後半に開催されるs** t kingz主催のフェス『s** t kingz Fes 2024 ももたろう』は、三浦大知、在日ファンク、RIEHATAやDa-iCEといった旧知であり同じシーンを生きるアーティストたちと、豪華かつ前代未聞のステージとなる予定だ。\n【全ての写真】s**t kingzメンバーの撮り下ろしカット（全21枚）\nダンスグループとしての知名度を上げるとともに、世の中にとってダンスをより身近なものへと変換させたs** t kingz。常に新たな方法を模索し、可能性を広げていく彼らを見ていると、なるほど名だたる開拓者ってふつふつウキウキしてるよなと納得してしまう。\n\n──新曲「MORECHAU」はそこまで攻めた曲調ではないのに、ラップや歌が重なると強烈な圧を感じさせますよね。韓国の音楽プロデューサーGRAY、edhiii boi、 Janet真夢叶（ぺろぺろきゃんでー）、JIMMY（PSYCHIC FEVER）と今をときめくアーティストたちが揃っています。\n\nOguri まさに、その圧をイメージして作りました！最初はこんなに複数の人に参加してもらうつもりではなかったんですけど、曲の中でいろんな表情を見せたいなら、声のテンションも質感も全然違う人たちを集めたらいいねという話になって。NOPPOがファンであるぺろぺろきゃんでーとか、いろんな人を呼んでみようってことになったんです。\n\nNOPPO そう。ただのファンです(笑)。真夢叶ちゃんの声は耳に残るんですよね。\n\nOguri 今や海外でバズってるJIMMYも、shojiくんが振り付けを担当したことがあったり。で、そのふたりに匹敵する勢いのある人といえばedhiii boiだよねってことで、この3組に決まりました。半ば無理かなーと思ってたらいけたという奇跡(笑)。\n\n\nshoji そしてトラックを韓国で絶大な人気を誇るGRAYさんに作ってもらえるということになって、みんなのテンションもさらに上がって。GRAYさんが韓国から来てくれるから一緒にスタジオで曲を詰めていこうってなったときに、また奇跡的に3組ともスタジオに来れたんですよね。GRAYさんを含めたみんなで曲の展開や尺の調整をして、本当にセッションみたいな状態で作っていきました。\n\nOguri MORECHAUっていうワードもその日に生まれました。僕らの考えていた曲のテーマが、“自分の意志で踊っているのか、周りに踊らされているのか。わからないけどぶちかましていけばいいっしょ！”だった。それを一言で表す「MORECHAU」に全員がピンときて、そこから「ハモれちゃう」「埋もれちゃう」みたいな言葉遊びが始まったんですよね。\n\nshoji 「メモれちゃう」とかね。\n\nOguri 却下！ みたいな(笑)。\n\nkazuki じつは僕だけ別現場に行ってて、そのセッションに参加できなかったんです。LINEで「MORECHAU」に決まったと連絡がきて……なんか色々あったんだろうなと(笑)。シッキン（失禁）だから「漏れちゃう」なのかなとか思ったけど、歌詞を見ると「いいとこ突くでしょ 声漏れちゃう」とか、めちゃくちゃ面白い言葉だなと思いました。\n\nshoji 「ぶちかましちゃえ！」というテーマに対して、ぶちかました先にあるものって何？ そのときは見てる側は声漏れちゃうよね？ みたいな感じで歌詞が広がっていきました。\n\n──ぶちかました結果、表面張力ギリギリまで溜まっていたものが、つい漏れちゃうっていう。つまり、そこにあるのは無意識に起こる反応なんでしょうね。\n\nOguri そうそう、それ正解です！\n\nshoji 要はギャル風なんです。「踊らされてるのか踊ってるのかで悩むより、ぶちかましちゃえばよくない？」みたいなギャルメンタルって最強だと思うんですよね。理由がどうこうで悩むより、結果としていいものを届けるのがエンターテイナーとしては大事だから。\n\nNOPPO 今回はダンスも難易度高いんです。アイコニックな動きとかも入ってるんでまたいろんなシッキンを見せられるんじゃないかな。\n\nkazuki いつも難しいんですけど、4人でパート分けして作ったところも、形自体が難しかったり、ちょっと奇抜な動きが多かったり、自分たちの中にあるベーシックな動きのテクニックだけじゃ対応できないものの連続だったんです。しっかり練習しないとそうは身体が動かないっていう。速さや強さだけじゃない、動きの複雑さが際立つ曲になったと思います。\n\nNOPPO でも、あんまり難易度の高いダンスなんだっていう目線では見てほしくないというか。それよりギャル精神で作ったs**t kingzを見てほしいですね。\n──この夏に行われる2日間のフェス『s**t kingz Fes 2024 ももたろう』も豪華なメンバーが終結。しかも「ももたろう」というストーリー性もあり、また一筋縄ではいかなそうですね。\n\nkazuki 作品でコラボしてもらったり、振り付けを担当したりっていう、s**t kingzと関わり合いのある方がほとんどです。あとは僕らと同じようにダンサーとしてライブパフォーマンスもしてるRIEHATAとかパワーパフボーイズとか、そういった方たちの活動を僕らも応援したいという意味で声をかけました。フェスって、よくも悪くも各アーティストが自分の出番を100%達成させて終わっちゃうじゃないですか？ でも、それだともったいない気がして。僕らだったらひとつの大きな括りを持って、エンタメのステージとしてやりきれるんじゃないかなと思ったんです。僕らが目指しているのも、ダンスを通じて出会った仲間たちと一緒に、一個の最高のステージを届けること。それで今回は、「ももたろう」という物語を軸に、仲間となって目的を達成していくスタイルをとってみたんですよね。\n\nshoji 本来であれば転換であるはずの時間が、すべて面白い何かで埋め尽くされてる。そこでストーリーが動くので、トイレに行く隙間なんてないです(笑)。\n\nOguri 自分たち主催のフェスは初めてなので、やっぱりやりたいこともたくさん出てきて。特に、観客も一緒に踊る時間をたっぷり味わいたいなと思っています。意外とみんなその場ですぐに踊れたりするし、大事なのは一緒に楽しもうという気持ちなので、なんとなく同じ動きができれば全然OKなので。\n\n──s**t kingzは武道館を経てメディア露出も多くなり、これまでダンサーでは考えられなかった活動をできるという意味でも、その自由度はどんどん上がってきています。ダンサー主催のフェスという想像すらも超える内容になりそうですね。\n\nNOPPO 今の事務所と業務提携してから6～7年経つんですけど、僕らだけでやっていたときより助けてくれる方が増えて、道幅を広げてもらったというのがすごく大きいんですよね。ダンスでいろんなメディアに出る機会が増えたのも、世の中が僕らのダンスを面白がってくれて、可能性を感じてもらえるようになったからだと思うし。まだまだ僕らもダンスも可能性は無限にあるし、楽しいことがたくさんある。ただ、その中で、ダンスとしてちゃんと残していけるものって何なんだろう？ダンスで生きていくってどういうことなんだろう？というのがまだ、そこまで明確にはないじゃないですか。武道館をやれるようになってもまだこれか、という感情と、いい経験をさせてもらったなという感情のちょうど狭間にいる感じなんです。でも、だからこそ今は、フェスやイベントとか、やりたいと思ったことをやらせてもらえる環境にいることに感謝して、全力を注ぎたいんですよね。\n\nshoji 常にスパイシーなグループでいたいなと思っていて。武道館終わってすごくうれしかったのは、それまでは「〇〇の振り付けしました」とか「マライアキャリーのバックダンサーでした」とか15年以上も前の話を自己紹介でしなきゃいけなかったのが、最近は「ダンサーとして初めて日本武道館で単独公演をした人たちです」という紹介ですべて理解してもらえるようになったことなんです。もちろんこれからも振り付けやライブの演出はきちんとやりつつ、自分たちを主体にした活動もちゃんとやっていきたいなと思ってます。そしてフェスでは、今まで僕らもいろんなフェスに出させてもらって、みんなでダンスを楽しむ術を経験とともに学んできましたから。みんなで一緒に踊って、ときには集中して見て、ダンス見て笑ってダンス見て泣いて、いろんな感情になれるイベントになるはずなんで、ぜひ楽しみにしていてほしいですね！\n\nText：川上きくえ\n\n＜リリース情報＞\nデジタル・シングル\n「MORECHAU feat. edhiii boi, Janet真夢叶（ぺろぺろきゃんでー）, JIMMY（PSYCHIC FEVER）」\n配信中\n\n＜イベント情報＞\n『s**t kingz Fes 2024 ももたろう』\n2024年7月27日(土) 開場16:00 / 開演17:00\n2024年7月28日(日) 開場14:00 / 開演15:00\n会場：神奈川・横浜BUNTAI\n\n【出演】\n7月27日(土) ：三浦大知 / 在日ファンク / MAZZEL / RIEHATA / パワーパフボーイズ / カズキのタネ / s**t kingz ももたろうダンサーズ / s**t kingz\n\n7月28日(日) ：三浦大知 / C&K / Da-iCE / QUICK STYLE / パワーパフボーイズ / カズキのタネ / s**t kingz ももたろうダンサーズ / s**t kingz",['https://newsatcl-pctr.c.yimg.jp/t/amd-img/20240716-00010015-piaeigat-000-1-view.jpg?pri=l&w=640&h=426&exp=10800'],"['https://news.yahoo.co.jp/articles/95290ab74d98a9886516f46159e4d47ceee9ff98/images/000', 'https://lp.p.pia.jp/article/news/376773/photo-gallery/index.html?id=2']"
ツレ伝ツアー『夏の死闘』篇開催間近！　忘れらんねえよ・柴田×Maki・山本対談「響さんの顔がいいですね」（ぴあ）,https://news.yahoo.co.jp/articles/18b8aed2e57a8a6737bf48f7ee87d519ff000203,https://newsatcl-pctr.c.yimg.jp/t/amd-img/20240716-00010019-piaeigat-000-1-view.jpg?exp=10800,2024-07-16T19:11:17+09:00,2024-07-16T19:11:17+09:00,ぴあ,piaeigat,ぴあ,8325,\n山本響（Maki）、柴田隆浩（忘れらんねえよ）\nText：石角由香\n\n忘れらんねえよがおよそ10年前からツアーの各地に異なる対バンを迎えて実施してきた「ツレ伝」。自身のワンマンツアーを上回る本数を実施し、何年かごとにフェス形式でも開催してきた。そして今年は1バンドとガッツリ向き合うスタンスの「ツレ伝」を開催。6月には第一弾としてPK shampooと「酒クズとツレ伝」と称したツアーを回ったが、第二弾はMakiを迎えての「夏の死闘」篇がまもなくスタートする。そこで今回は柴田隆浩とMakiのベース＆ボーカル山本響の対談をセット。お互いの印象や対バンの経緯を裏表なく語り倒してもらった。\n【全ての画像】忘れらんねえよ・柴田×Maki・山本対談の模様（全13枚）\n――まず、お互いを認識されたタイミングについて聞かせてください。\n\n柴田：まず、今回の「ツレ伝」なんですけど、こないだ「酒クズとツレ伝」つって、PK Shampooと4カ所回ったんですよ。元々ちょくちょく対バンしてたんですけど、PKがやってる「PSYCHIC FES」の時のPKが死ぬほどカッコよくて。今まで「ツレ伝」って各地1バンドみたいな感じでやってたんですけど、カッコいいバンドとちゃんとぶつかり合っていいとこ学びてえな、パクリてえな（笑）、ガッツリやった方がいいな、そっちの方が絶対おもしろくなるなと。じゃあその第二弾を誰にお願いするのかっていう話になったときに、LD＆Kの菅原さんが「Makiめっちゃいいよ」って言ってたのを思い出して、最近名前もよく聞くしなと思って、ミュージックビデオを片っ端から見たんですけど、いやもう超感動して。\n\n山本 ええ～、うれしいっす。\n\n柴田：普通にファンになったんですよ。出会いはそれです。あと山本さん、響君でいいですか？\n\n山本：ああ、全然全然。\n\n柴田：“君”はまだちょっと……響さんでまず行きます（笑）。響さんの顔がいいですね。\n\n山本：あ、ほんとですか？\n\n柴田：うん。メッチャいいなと思って。顔と声とたたずまいが、くそチャラくないというかまっすぐ立ってて、周りがどうのこうの言うのなんか全部「黙ってください」っていう芯の強さみたいなのをめちゃくちゃ感じて「カッコよ！」と思って。それでこういうカッコいいバンドと4カ所向き合って自分も変わりてえ、刺激を受けたいなって思いました。\n\n――山本さんは忘れらんねえよもしくは柴田さんっていう存在をいつ頃認識したんですか？\n\n山本：親父が音楽関係の仕事をしてて。バンド界隈とかじゃないんですけど。僕が高校2～3年生の時に親父がいろんなバンドのCDをTSUTAYAとかで借りてきてくれたり、YouTubeで見せてくれたりしてたんですけど、その時に忘れられんねえよを教えてもらって初めて知ったって感じですね。うちは家族で一個のパソコンを使ってたんですよ。\n\n柴田：それも熱いっすね。\n\n山本：親父集めてきたやつ、俺が集めてきたやつ、弟が集めてきたやつを一個のパソコンに集めて、「こんなの借りてきたんや」とかっていうのでいろいろ聴いて、その時は「僕にできることはないかな」とかですね。\n\n柴田：そこ一番暗かった時ですね。\n\n山本：そうなんですか？（笑）\n\n柴田：ノイローゼみたいになってたんで。\n\n山本：ええっ？\n\n柴田：暗い曲をいっぱい書いてた記憶があるな。\n\n山本：そうなんですね。あ、でも「バンドワゴン」「CからはじまるABC」、アルバムだと親父がちょうど借りてきたのが「犬にしてくれ」「あの娘のメルアド予想する」とか「空を見上げても空しかねえよ」とかで、それを聴かせてもらって「めっちゃいい」ってなって盛り上がってどんどん増えてってって感じでした。\n\n柴田：すげえ！ なんかすげえ出会い方してんな。お父さんって今何歳ぐらいなんですか？\n\n山本：50とかですかね。\n\n柴田：俺が今42で今年43なんで、言ってもそんな離れてなかったりするのか、なるほど。世代を超えて面白いな。\n――柴田さんは特にMakiのこの曲はすごいっていうのは？\n\n柴田：改めて今日また全部見てみたんですよ。てかMVの数めっちゃありますね。\n\n山本：めっちゃ多いですね。\n\n柴田：しかも全部気合い入れて作ってるから。でも好きなのは「boys & girls」か、これが一番好き。で「ストレンジ」は人気曲だし好き。あと「ホームタウン」のサビメロもすげえなと思って。あと「Lucky」のサビのコード進行が定型をやらないっていうか工夫してますよね。\n\n山本：そうですね。コード進行すごい好きだったんで。\n\n柴田：ね？ 凝ってて、「Lucky」の“明日には洗濯物を干そう～”最後の一音コードめっちゃカッコよくないですか？\n\n山本：うれしい。\n\n柴田：「渋っ！」と思って。え、民生とか好きですか？\n\n山本：もう大好きですね。\n\n柴田：やっぱ！ 民生やばいよね。民生のコード進行ってイカれてるじゃないすか。\n\n山本：（笑）、マジでイカれてます。\n\n柴田：「さすらい」とかもうわけわかんないですよね？ あんなポップなのに超独創的なコード進行じゃないですか。\n\n山本：うん。やっぱ根底にあるブルースとかロックンロールとか2コードで進んでいくような雰囲気を出しつつ、でもJ-ポップやJ-ロックとして仕上げるみたいな、本当にすごいなあと思って尊敬してますし大好きっすね。\n\n柴田：そのリスペクトというか、かっけえと思って。ちゃんとその上に美しいメロディが乗ってて。今流行ってる音楽は幅広く聴くようにはしてるんですけど、バンドもので、中には「メロディのこと忘れた？」みたいな。\n\n山本：（笑）。\n\n柴田：メロディが「わ、いいな」と思う人があんま主流じゃなくなってる印象の中で、Makiはマジで真っ向から声とコード進行とメロディと言葉ドーン！みたいな太さがあって、それはすごい好きなんですよね。\n\n山本：ありがとうございます。\n\n柴田：ちょっといろいろメモっちゃったんですよ、喋りますね（笑）。髪型もいいなって思ってます。\n\n山本：髪型ですか？ 恥ずかしい（笑）。\n\n柴田：MVを今日改めて見て、変遷があるんだなと思って。で、今が一番いいんですよ。要は髪型を見つけたんだなと思って。\n\n山本：はい。あはは！\n\n柴田：俺ね、こんだけ長くやっててまだ見つけきれないんですよ。まだその探し物の途中で。響さんはもう見つけたじゃないですか？ 一番似合ってるもん、今。\n\n山本：短髪が好きですね。\n\n――山本さん今の髪型になんか落ち着いたっていうか発見したきっかけは？\n\n山本：今まではバンドをやりながら大学に行ったりとか大学やめてからはバイトしながらとかっていうのもあってなかなか髪を切りに行けなかったんですよ。お金もなかったですし、どうしようかなって思った時にまあ伸ばしてもなんかなんとなく様になるような感じにしようとか思って。でも歳を取っていく中で、今の髪型のまま例えば自分が30歳になった時にどうなるだろうな？ 絶対うちの家系は禿げてきたりとか……。\n\n柴田：ははは。そういう背景もあるんだ？\n\n山本：ていうのを色々考えた時に「男として短髪行っとくか」ぐらいでやってみたんですよ。で、気づけばもう髪が伸びるのがストレスになってきたというか、長くなったら嫌だみたいな。今、整髪料なんもつけてないんですけどコチンコチンにしたいです、シド・ビシャスみたいなああいう感じが好きなんで。\n\n柴田：へえー。でも必然ではあったんですね。チャラい理由ではないというか。\n\n山本：そうですね。たぶんモテないじゃないですか、短髪って。\n\n柴田：どうだろう？ でも多くはないですよね、バンドマンだとね。前髪で隠すのがずっと続いてますもんね。\n\n山本：そうですね。うん。毎日前向けないっていうのがちょっとよろしくないかなってので、視界を（開いて）。\n\n柴田：へえ。あとタトゥーは麻雀牌なんですね。\n\n山本：そうです。僕ら、麻雀のツアー名とかつけることが多くて。最初にやったのが「大三元」っていうタイトルだったんですよ。三元牌っていうのがあるんですけど、三元牌を三枚ずつ揃えると大三元っていう役になるんですけど、そのツアーが終わったタイミングでこの三元牌のタトゥー入れて、みたいな。\n\n柴田：あーなるほど、じゃあそういう麻雀の名前がついたツアーが終わるたびに……。\n\n山本：その役が入ってる、はい。\n\n柴田：すげえな！ おもろ（笑）。なるほど。俺、麻雀全然やんないんだよな。\n\n山本：や、面白いです。麻雀はこの世で一番完成されたボードゲームだと思います。\n柴田：役を覚えられなくて全然ダメだったんですよ。だし、あんまゲームとかしないんですよね、UNOとかもしないし、スポーツとかの対戦もしないし。俺、人と関わらないんですよね（苦笑）。関わらずにすむ漫画が好きっすね。何読みます？\n\n山本：親父の影響というのは僕結構でかいんですよ。小学校の時は親父が集めてた漫画がたくさん残ってたのをいとこと4人ぐらいで1周読む、みたいな夏休みを過ごしたことが多かったんですけど、それこそ『クローズ』『WORST』『GANTZ』が家にあって。で、そっから『ワンピース』とか少年ジャンプも読むようになってきて。でも一番好きなのは何？て聞かれたら『宇宙兄弟』とか。\n\n柴田：おお。でもなんかわかるぞ！ なるほど。\n\n山本：はい。『宇宙兄弟』と『SLAM DUNK』はめっちゃ好きです。\n\n柴田：スラダンはやばいっすね。響さんはスラダンで言うと誰に感情移入するんですか？\n\n山本：もう圧倒的、桜木花道ですね。\n\n柴田：そっかなるほど！\n\n山本：もうめっちゃ好きですね。がさつな感じなんですけど、なんですかね、まあ悪気がない人間じゃないですか。\n\n柴田：悪気がない。あと言葉に嘘がない。\n\n山本：嘘がないです。そういうところ、すげえ惹かれますね。正直、表裏がないというか。そういう人が自分的に好きだし、そういう人になりたいと思う部分もあるんで。\n\n柴田：中高ってどんなキャラだったんですか？\n\n山本：中学生の時は学校にはまあ行ってて、サッカー部に入ってたんですけど、怪我してほぼ補欠兼マネージャーみたいな感じになって、ちょっと面白くないなと思い始めた時に楽器始めてっていう感じで過ごして。高校はとりあえず軽音部あるとこだったらどこでもいいかっていう感じで入って、軽音部に一年間在籍して、友達とも遊んでたりとかしたんですけど、そっから今の会社のライブハウスにちょこちょこ出るようになって。バンドをいくつかやった3つ目が今のMakiっていうバンドで。なんで中高生の時は途中から内気だったのが広がってったって感じです。\n\n柴田：でもそうだよな、この間も名古屋のフリーダムで挨拶させてもらってチャラくないなって思ったんだよな。まっすぐな人だなあって。\n\n山本：うれしいです。\n\n――「ツレ伝」って今年で10年ぐらいですか。\n\n柴田：たぶんそんぐらい経ってますね。\n\n――最初の頃は対バンごとに違うバンドで、かつその時々のフェス強者みたいなバンドが多かったと思うんですけど、柴田さんにとってのツレ伝観は変わってきましたか？\n\n柴田：最初は片っ端からいわゆるフェス強者の胸を借りるみたいな、言ってみたら本当に俺の動機がチャラかったんですよね。若かったっていうのもあって、勢いだけでお誘いするみたいな。運よくみんな出てくれたからなんとかなってたんだけど、10年ぐらいずっとやってると、だんだん「ツレ伝」ってもう表現のひとつだよねっていう感じになってきてて。当たり前ですけど自分が本当にカッコいいとか好きだなとか憧れるなっていう人としか絶対やっちゃダメだし、そういうふうにやるとライブ見て感動するし、あとすごい楽しいんですよね。そっからまた曲できたりとかして、本当に表現みたいになってますね。\n\n――去年の忘れらんねえよのオリジナルアルバムのタイミングでアーティストの方がトリビュートしてたじゃないですか。\n\n柴田：はい。ありがたかったです。\n\n――もしMakiで忘れられんねえよの曲やるとしたら何をやりますか？\n\n山本：えー？ もう僕は決まってるんです。ただメンバーに確認取らないといけないんですけど、「この高鳴りをなんと呼ぶ」。\n\n柴田：おおーっ！（絶叫）聴きてえーーー！\n\n山本：めっちゃ好きなんで。\n\n柴田：うれしい！いやあれ絶対合うっすね、Maki。\n\n山本：いやこれをやらせてもらえたらうれしいなあと思いますね。\n\n柴田：うわ、まっすぐ歌ってほしい～！ うん、だって世界観的にもMakiの音楽の世界とダブるところありますもんね、なんかね。\n\n山本：はい。影響受けてるなと思います。僕らの楽曲に「憧憬へ」って曲があるんですけど、その曲と結構雰囲気が似てて、やっぱ聴いてきた音楽ってすげえ自分の身になってるんだなあっていうのが。\n\n柴田：俺それで言うと、歌詞をメモったんだけど「pulse」って曲の“僕を賭していたい”っていう、いいなあ！と思って。\n\n山本：恥ずかしいですね（笑）。\n\n柴田：いやめちゃくちゃいい。あと「boys & girls」の“3秒間、目を閉じて眠るよ”って歌いだし、もうなんてロマンチックだ！と思うし、あと“悲しみと踊り出す”ってこれこそ「高鳴り～」で歌ってるようなことっていうか、悲しみがあるじゃないですか。どの曲にも悲しみとか迷いとか挫折みたいな匂いがしてて、そこに対して向き合ってどう生きていくんだとかどう日々を暮らしていくんだみたいなことを歌っている印象があるから、いいっすねえ。Age Factoryとか好きなのかなとか思って。\n\n山本：ああ、大好きですね。\n\n柴田：最近特にカッコよくないですか？ ボーカルの人カッコいいよね。あの人なんかもうね？ チャラくないの究極みたいな。\n\n山本：究極ですよね。\n――柴田さんは最近は存在に強さがあるバンドに惹かれている？\n\n柴田：そうですね。人が強いバンドにすごい惹かれるっすね。Age FactoryもそうだしMakiもまさにそうだし、あとPKもそうだし。あとね、最近いいなと思ったのはちゃんみなとかね、めちゃくちゃ好きなんですよ！ 死ぬほどカッコよくないですか？\n\n山本：カッコいいですねえ。\n\n柴田：嘘偽りがない裏表がない、まあもちろん演出してるところもあるとは思うんですけど、ああいうかっこよ！っていうのが好きで、逆に「演出が強いな」っていう方向は最近は好んで聴かないです。勿論その方向もアリなんですけど、今の自分の中の流行りとして。\n\n――じゃあその“人が強い”の中に山本さんはエントリーしたわけですね。\n\n柴田：いやもうかなりつええっていう。\n\n山本：うれしいですね、そう言っていただけて。\n\n柴田：いや強いでしょ、もう見るからに。顔に出てる。\n\n山本：いやいや（笑）。明るくなっただけです、自分は。\n\n柴田：どれぐらい内気だったんですか？\n\n山本：いやまあ結構内気でしたね。僕らの「グッド・バイ」ってアルバムぐらいが一番内気だった時期なんですよ。一人暮らししてて部屋が5.3帖ぐらいで狭かったんですけど、テレビもない何もない、ギターとベッドしかない。\n\n柴田：でもカッコいい（笑）。\n\n山本：“ギター刑務所”みたいな（笑）。\n\n柴田：ははは！\n\n山本：そこで結構気病むぐらいの状態が続いてた時は人としゃべるのキツイかもなぁ、バイトもバイトしないと絶対そこに住めないはずだったんですけど、もう誰とも会いたくなさすぎて辞めて。滞納の通知が来てもそれすら見ずにずっと部屋の中に。\n\n柴田：追い込まれたね、それ。\n\n山本：グアアってなっちゃった状態の時が一番内気でしたね。\n\n柴田：そのとき曲とか書けてました？\n\n山本：曲とかは書けてましたね。けど、やっぱり歌詞とかちょっと暗い方向……。\n\n柴田：暗くなるよね。そうなんですよね。案外そういう時って面白い曲って書けなかったりしますよね。予想を超えるような歌詞とか書けないんだよなそういう時って。\n\n山本：今振り返って聴いたり歌ったりすると、あの時の暗い自分が出てるなと。何かから解放されたいみたいな思い、すごいある時期だったんだなと思いますね。\n\n柴田：それで言うと「boys & girls」はどんなタイミングで書いたんですか？\n\n山本：「boys & girls」はコロナ禍のタイミングぐらいですかね。いろいろあったじゃないですか、修学旅行に行けなかったり、いろんなそういう事象が起こったことに対しての自分なりの考え方だと思いますね。まあ音楽と自分だったりとか、いろんなものがあって、自分だったらこの悲しみとか嫌なこととかどういうふうに過ごしていくかみたいな。\n\n柴田：それで“悲しみと踊りだす”か。なるほど！\n\n山本：多分消えることはないんだろうなと思ったんで。なくなったものなんで、もうそれはどうしようもないんですけど、それだったらその悲しみも踊りだしてしまうぐらいの気持ちだったらうれしいなあと思って。\n\n柴田：それはつまり逃げないってことでもありますよね、悲しみから逃げずに向き合おうよっていう。そこでチャラく「知らなーい」みたいなのじゃなくて、悲しみを見つめて一緒に踊ろうみたいな。\n\n山本：はい。\n\n柴田：推せますね！\n\n山本：あははは！ うれしい。\n\n――しかも最近は「Record Dogs」のようにいい意味でイージーモードな曲まで書いていて。\n\n柴田：ね？なんかね。「Record Dogs」もメロディの抜けがいい気がしたな。\n\n山本：うん。なんて言うんですかね、UK色強めっていうか、だらっとした感じのメロで攻めさせてもらって、て感じですね。あれは結構皮肉っぽい曲なんで。だからなんか明るいってよりかは斜に構えた感じで作ろうかなっていうのがテーマでした。\n\n――柴田さんの最近のモードがそうなんだと思うんですけど、本当に自分が見たい「ツレ伝」になりそうですね。\n\n柴田：そう、推しっすね（笑）。推しと対面したいみたいな。\n\n――（笑）。山本さんとしてはいかがですか？\n\n山本：めちゃくちゃ楽しみですし、4本あるじゃないですか。自分らもツアーよく回るんでやっぱり1本だけだとなんか寂しいなあと思ったり、もう1本やったら何かあったんじゃないかなとか、ツアーって帯同する中で何かあると思うので、今回4本呼んでいただけて、その4本で自分らがどう変化するかっていうのもめっちゃ楽しみですし、忘れらんねえよと4回も対バンできるんやっていうのもうれしいです。\n\n柴田：やー、頑張ろう。\n\n山本：当日よろしくお願いします！\n\n柴田：お願いします！ あ、でも俺、陰キャなんで当日は静かにしてると思います。\n\n山本：ははは！ 僕はいつもどおり話しかけてみます。\n\n柴田：あ、そうですか……頑張ります。\n\n＜公演情報＞\n忘れらんねえよ ツレ伝ツアー『夏の死闘』篇\n\n2024年7月17日(水) 茨城・水戸LIGHT HOUSE\n開場 18:30 / 開演 19:00\n\n2024年7月18日(木) 栃木・HEAVEN'S ROCK宇都宮\n開場 18:30 / 開演 19:00\n\n2024年7月21日(日) 大阪・梅田Shangri-La\n開場 17:30 / 開演 18:00\n\n2024年7月23日(火) 東京・渋谷CLUB QUATTRO\n開場 18:00 / 開演 19:00\n\nツレ：全公演Maki,['https://newsatcl-pctr.c.yimg.jp/t/amd-img/20240716-00010019-piaeigat-000-1-view.jpg?pri=l&w=640&h=400&exp=10800'],"['https://news.yahoo.co.jp/articles/18b8aed2e57a8a6737bf48f7ee87d519ff000203/images/000', 'https://lp.p.pia.jp/article/news/377144/photo-gallery/index.html?id=2']"
『りんご音楽祭2024』第7弾出演者発表　台湾アーティストの出演も決定（ぴあ）,https://news.yahoo.co.jp/articles/bfbf88af7afe168f8c2f200eee1648705b6367d8,https://newsatcl-pctr.c.yimg.jp/t/amd-img/20240716-00010012-piaeigat-000-1-view.jpg?exp=10800,2024-07-16T14:10:36+09:00,2024-07-16T14:10:36+09:00,ぴあ,piaeigat,ぴあ,2032,"\n『りんご音楽祭2024』\n9月28日(土)・29日(日) に長野・アルプス公園で開催される野外音楽フェス『りんご音楽祭2024』の出演アーティスト第7弾が発表された。\n【全ての写真】『りんご音楽祭2024』出演アーティスト第7弾（全16枚）\n今回第7弾として、川辺素（ミツメ）、THREE1989、環ROY、CHO CO PA CO CHO CO QUIN QUIN、Dos Monosら16組の出演が決定した。\n\nまた9月29日には、台湾文化センターのバックアップにより、台湾インディーズ専門ステージ「ROMANTIC TAIWAN STAGE」が出現。台湾のシンガーソングライター兼俳優・馬念先 Ma NianXian、台湾南部高雄出身のオルタナティブフォークバンド・淺堤 Shallow Levée、2022年に台湾最大の音楽アワード金曲奨で最優秀台湾語アルバム賞を受賞した3ピースバンド・百合花 Liliumが出演する。\n\nチケットは現在一般発売中。\n\n■出演アーティスト第7弾\nAdee.A\n川辺素（ミツメ）\nKIKI（from タイ）\nC.O.S.A.\n淺堤 Shallow Levée（from 台湾）\nTHREE1989\n仙人掌\n環ROY\nCHO CO PA CO CHO CO QUIN QUIN\n田我流\nDos Monos\nPaledusk\n馬念先 Ma NianXian（from 台湾）\nモノンクル\nYasei Collective（feat. Special guests）\n百合花 Lilium（from 台湾）\n\n■出演アーティスト第6弾\n∈Y∋（BOREDOMS）\nAnalogfish\nKan Sano\nCampanella\nSeiho\n曽我部恵一\n打射撃［中村達也＋一楽儀光］\nChara\nNAGAN SERVER\n七尾旅人\nNABOWA\nPK shampoo\nHIMI TRIO\nゆるふわギャング\nRITTO × 4号棟\n浪漫革命\n\n■出演アーティスト第5弾\n韻シスト\nAge Factory\nOLIVE OIL\nKING BROTHERS\nkZm\nJUMADIBA\nshowmore\nSkaai（TRIPPY Band Set）\nZOMBIE-CHANG\nDYGL\nTOMMY（BOY）\nFNCY［ZEN-LA-ROCK／G.RINA／鎮座DOPENESS］\nBREIMEN\nmaya ongaku\nU-zhaan×環ROY×鎮座DOPENESS\nRave Racers\n\n■出演アーティスト第4弾\nヴィーナス・カワムラユキ（渋谷花魁, OIRAN MUSIC）\nCALPISS\nSUNGA\nCityboy from Seoul（from 韓国）\nSEI（bar bonobo）\n7e\nNEWきんぎん\nDJ817\nina takayuki【Live Painting】\nOchiro【Live Painting】\nHOLHY PAINT WORKS／Hayato Hori【Live Painting】\n本城葵／Aoi Honjo【Live Painting】\nVJ mitchel【VJ】\n光線クラブ【Laser】\nALi（anttkc）【Lighting】\n熱帯配線部隊 a.k.a DJ KIM【Lighting】\n\n■出演アーティスト第3弾\n愛染 eyezen\naryy\nGAGLE\nSound’s Deli\nどんぐりず\nNeibiss\nhamma\nPM Kenobi\nMARZY\nMETEOR\nMOROHA\nRHYDA＆snuc\n呂布カルマ\nCOCORO【Reggae Dancer】\nJasmine（Mnchr-m, A.N.D.）【Dancer】\nYacheemi（餓鬼レンジャー）【Dancer】\n\n■出演アーティスト第2弾\n荒谷翔大\n安藤裕子\n小山田壮平（band set）\n奇妙礼太郎\nZAZEN BOYS\nTAMTAM\n堀込泰行\nMONO NO AWARE\n\n■出演アーティスト第1弾\n大沢伸一\nGLIM SPANKY\nSPECIAL OTHERS ACOUSTIC\ndj sleeper（りんご音楽祭／瓦RECORD）\nBONNIE PINK\nDJ MAMEZUKA\nRHYME SO\nWang Dang Doodle\n\n※一部を除き、出演日は後日発表\n\n＜イベント情報＞\n『りんご音楽祭2024』\n9月28日(土)・29日(日) 長野・アルプス公園\n開場9:00 / 開演10:00 / 閉演20:30 / 閉場21:30\n※雨天決行・荒天中止",['https://newsatcl-pctr.c.yimg.jp/t/amd-img/20240716-00010012-piaeigat-000-1-view.jpg?pri=l&w=640&h=309&exp=10800'],"['https://news.yahoo.co.jp/articles/bfbf88af7afe168f8c2f200eee1648705b6367d8/images/000', 'https://lp.p.pia.jp/article/news/377104/photo-gallery/index.html?id=2']"
『ASAGIRI JAM ’24』第2弾ラインナップ発表　CORNELIUS、Homecomings、森山直太朗ら7組の参戦決定（ぴあ）,https://news.yahoo.co.jp/articles/2f5565f28998b0944dec5db53badf70bcb6b8ccf,https://newsatcl-pctr.c.yimg.jp/t/amd-img/20240716-00010011-piaeigat-000-1-view.jpg?exp=10800,2024-07-16T13:30:38+09:00,2024-07-16T13:30:38+09:00,ぴあ,piaeigat,ぴあ,944,\n『～ It’s a beautiful day ～ Camp in ASAGIRI JAM ’24』ビジュアル\n10月12日(土)・13日(日) 静岡・富士山麓 朝霧アリーナにて開催される『～ It’s a beautiful day ～ Camp in ASAGIRI JAM ’24』の第2弾ラインナップが発表された。\n【全ての画像】『ASAGIRI JAM ’24』写真ほか\n先月末にアルバムを発表、そして今月東京ガーデンシアターを皮切りに記念すべき30周年ワールドツアーを周るCORNELIUS、同じく先月末にアルバムがリリースされ、メンバー全員がソロアーティスト／ミュージシャン／プロデューサーとしても活動するOvall、映画監督・濱口竜介の作品『ドライブ・マイ・カー』『悪は存在しない』などの音楽を担当し、国内外に高く評価されている石橋英子、昨年yonawoを脱退し、今年から本格的にソロ活動を開始した荒谷翔大の出演が決定。\n\nさらに、先週末クアトロ対バンツアーを走破したHomecomings、「さくら」や「夏の終わり」など誰もが口ずさめる名曲で心を打つシンガーソングライター森山直太朗、札幌市出身でサンフランシスコを拠点に活動中の音楽プロデューサー、トラックメイカー、リミキサー、DJと多彩な才能で世界を股にかけて活躍しているQrionなど、計7アーティストの参戦が発表された。\n\n併せて、チケット2次先行が先着販売でスタートした。\n\n＜イベント情報＞\n『～ It’s a beautiful day ～ Camp in ASAGIRI JAM ’24』\n2024年10月12日(土)・13日(日) 静岡・富士山麓 朝霧アリーナ\n開場・キャンプ開始：10月12日(土) 10:00～\n終演：10月13日(日) 20:00\nキャンプ終了：ご利用いただくキャンプサイトによって異なります\n場内 CAMP SITE A：10月13日(日) 20:00\n場内 CAMP SITE B：10月14日(月) 11:00\nふもとっぱらパーク＆キャンプ場：10月14日(月) 10:00\n場外駐車場パーク＆キャンプ場：10月14日(月) 10:00,['https://newsatcl-pctr.c.yimg.jp/t/amd-img/20240716-00010011-piaeigat-000-1-view.jpg?pri=l&w=512&h=640&exp=10800'],"['https://news.yahoo.co.jp/articles/2f5565f28998b0944dec5db53badf70bcb6b8ccf/images/000', 'https://lp.p.pia.jp/article/news/377111/photo-gallery/index.html?id=2']"
8歳で声優初挑戦！『怪盗グルーのミニオン超変身』児玉すみれ演じるアグネスのキュートな本編映像公開（ぴあ）,https://news.yahoo.co.jp/articles/41fcd8f8583d6f032372afdf92fccb27d427770c,https://newsatcl-pctr.c.yimg.jp/t/amd-img/20240716-00010010-piaeigat-000-1-view.jpg?exp=10800,2024-07-16T13:00:20+09:00,2024-07-16T13:00:20+09:00,ぴあ,piaeigat,ぴあ,883,\n『怪盗グルーのミニオン超変身』\n7月19日(金) に公開される映画『怪盗グルーのミニオン超変身』より、新たな本編映像が公開された。\n【動画】『怪盗グルーのミニオン超変身』本編映像\n本作は、アニメーションシリーズ『怪盗グルー』の最新作で、グルーファミリーと破天荒なミニオンたちが活躍するノンストップ・エンターテインメント。グルーファミリーに誕生したグルーJr.や、スーパーパワーを手に入れた〈メガミニオン〉たちが巻き起こす騒動を描く。\n\n吹替版キャストに、グルー役の笑福亭鶴瓶とルーシー役の中島美嘉の続投、新たなキャラクターとしてグルーの同級生で宿敵マキシム役に片岡愛之助、大悪党を夢見る少女ポピー役に山田杏奈が決定している本作で、“怪盗グルーファミリー”として新たに仲間に加わったのが、若干8歳で声優に初挑戦した児玉すみれ。シリーズ1作目の『怪盗グルーの月泥棒』(2010) で、グルーの養子になった3姉妹の末っ子アグネス役に抜擢された期待の新星だ。\n\n公開されたのは、児玉が声を演じるアグネスのキュートな反抗を捉えた本編映像。グルーJr.が家族に加わり平和に暮らしていたグルー一家は、グルーの高校時代からの因縁のライバル・マキシムに命を狙われるはめに。しばらくの間、一家は身を守るために安全な町へ移り住み、素性を隠し名前を変えて暮らし始めるが、どうもアグネスは納得のいかない様子。\n\n本当の名前を隠して生活することに気が進まないアグネスは「ウソはついたらいけないでしょう？」と困り顔で訴える。そんなアグネスにグルーは「これはウソちゃうで？ 自分の身を守る方便っちゅうやっちゃ！」と陽気に応えるも、アグネスは「あたし、ウソをつく気はない！」としかめっ面に。「ウソをつけ」「ウソはイヤ」と押し問答を繰り広げるグルーとアグネスを横に、相変わらずマイペースなイディスと赤ちゃんらしさ全開のグルーJr.に、一家の新たな大騒動の幕開けを感じずにはいられない映像となっている。\n\n＜作品情報＞\n『怪盗グルーのミニオン超変身』\n7月19日(金) 公開,['https://newsatcl-pctr.c.yimg.jp/t/amd-img/20240716-00010010-piaeigat-000-1-view.jpg?pri=l&w=640&h=344&exp=10800'],"['https://news.yahoo.co.jp/articles/41fcd8f8583d6f032372afdf92fccb27d427770c/images/000', 'https://lp.p.pia.jp/article/news/377063/video-gallery/index.html']"
【レポート】NODA・MAP新作『正三角関係』で、松本潤が13年ぶりに舞台に立つ（ぴあ）,https://news.yahoo.co.jp/articles/9f48a42dc33df46a13c71660948a3cbc5a539997,https://newsatcl-pctr.c.yimg.jp/t/amd-img/20240716-00010009-piaeigat-000-1-view.jpg?exp=10800,2024-07-16T12:12:14+09:00,2024-07-16T12:12:14+09:00,ぴあ,piaeigat,ぴあ,1749,\nNODA・MAP第27回公演『正三角関係』 （撮影：岡本隆史）\n野田秀樹が作・演出を務める「NODA・MAP」の新作『正三角関係』が、7月11日、東京芸術劇場プレイハウスでその幕を開けた。ドストエフスキーの傑作『カラマーゾフの兄弟』をモチーフにした、日本人花火師一家・唐松家を巡る法廷劇。そこで公演初日前夜に行われた、公開ゲネプロの模様をレポートする。\n【全ての写真】NODA・MAP第27回公演『正三角関係』（全13枚）\n舞台はひと昔前の日本。花火師で長男の唐松富太郎は、父・唐松兵頭への尊属殺人の罪で裁判にかけられている。不知火（しらぬい）弁護人のもとには次男で物理学者の唐松威蕃（いわん）と三男で聖職者の唐松在良（ありよし）が、盟神探湯（くがたち）検事のもとには唐松家の番頭呉剛力（くれごうりき）がそれぞれ証人として出廷している。そして開廷。時折、空襲警報が鳴り響く中、それぞれの証言とともに過去の出来事が浮かび上がっていき……。\n\n父殺しを巡る法廷劇ということで、派手な舞台装置や仕掛けは決して多くないが、粘着テープを多用した演出はなんともユニーク。テープで四角く囲えばそこは裁判所から戦いのリングとなり、そのテープをパッと切断すれば、一瞬にしてまたも裁判所へと戻る。またある時はテープレコーダーへと変貌し、役者の体にテープを絡めることで、そのレコーダーから聞こえる声の主を表現。NODA・MAPらしい疾走感を表すのはもちろん、演劇ならではの見立てのひとつとして、この身近なアイテムが非常にいい働きをしている。\n\n物語の中心となる長男・富太郎役には、2011年の『あゝ、荒野』以来の舞台出演で、野田秀樹作品への参加は初となる松本潤。本作の前売り券は即完売（※全公演当日券の販売あり）となったが、松本への期待値の高さが、その大きな一因になっていることは間違いない。昨年には大河ドラマ『どうする家康』で堂々タイトルロールを務め上げただけに、初のNODA・MAPながら、その“センター感”はやはり盤石。直情的で一本気な富太郎という人物を、エネルギッシュに、それでいて時に悲哀を滲ませつつ好演している。\n\n次男の威蕃を演じるのは、13年の『MIWA』、16年の『逆鱗』以来三度目のNODA・MAP参加となる永山瑛太。物語のキーを握る人物でもあり、目立つわけではないがしっかりとそこに居る、影響を及ぼしている、という存在の仕方は、野田の永山に対する強い信頼感ゆえだろう。\n\nさらに三男の在良を演じたのは、21年の『THE BEE』以来のNODA・MAP参加となる長澤まさみ。聖職者としての清らかさと苦悩を体現する一方、父殺しの要因となった女性グルーシェニカ役では、妖艶さと奔放さで親子を惑わし、両極にあるふたつの役どころを見事に演じ分けて見せた。\n\n同じくふた役に挑んだのは、父・兵頭と盟神探湯検事演じる竹中直人。強欲な兵頭と田舎出身の冒頓とした検事という、こちらも真逆の役どころだが、瞬時の入れ替わりが圧巻かつ、笑いをもたらす場面もあり、まさに竹中のハマり役と言える。またウワサスキー夫人演じる池谷のぶえも、これまたぴったりの役どころ。かわいらしさと残酷さは紙一重である。\n\n兄弟三人の三角関係。親子と恋人の三角関係。それぞれの関係性が揺らいだ時……。その行く末は――プラチナチケットとはなるが――ぜひ劇場で目撃してもらいたい。\n\n取材・文：野上瑠美子\n\n＜公演情報＞\nNODA・MAP 第27回公演『正三角関係』\n\n作・演出：野田秀樹\n\n出演：\n松本潤 ⻑澤まさみ 永山瑛太\n村岡希美 池谷のぶえ 小松和重\n野田秀樹 竹中直人\n\n【東京公演】\n2024年7月11日(木)～8月25日(日)\n会場：東京芸術劇場プレイハウス\n\n【北九州公演】\n2024年9月5日(木)～9月11日(水)\n会場：J:COM北九州芸術劇場 大ホール\n\n【大阪公演】\n2024月9月19日(木)～10月10日(木)\n会場：SkyシアターMBS\n\n【ロンドン公演】\n10月31日(木)～11月2日(土)\n会場：サドラーズ・ウェルズ劇場,['https://newsatcl-pctr.c.yimg.jp/t/amd-img/20240716-00010009-piaeigat-000-1-view.jpg?pri=l&w=640&h=437&exp=10800'],"['https://news.yahoo.co.jp/articles/9f48a42dc33df46a13c71660948a3cbc5a539997/images/000', 'https://lp.p.pia.jp/article/news/376881/photo-gallery/index.html?id=2']"
『イナズマロック フェス 2024』第2弾出演アーティストでNEWS、FANTASTICS、宮野真守ら5組決定（ぴあ）,https://news.yahoo.co.jp/articles/692ae11e9e8e1018bfebc06bbb8f966c6870a3d1,https://newsatcl-pctr.c.yimg.jp/t/amd-img/20240716-00010007-piaeigat-000-1-view.jpg?exp=10800,2024-07-16T12:00:46+09:00,2024-07-16T12:00:46+09:00,ぴあ,piaeigat,ぴあ,741,"\n『イナズマロック フェス 2024』\n滋賀ふるさと観光大使を務めるアーティスト・西川貴教が発起人を務める『イナズマロック フェス 2024』の雷神ステージ第2弾出演アーティストが発表された。\n【全ての画像】『イナズマロック フェス 2024』第2弾出演アーティスト写真\n初日21日にはFear, and Loathing in Las Vegas、ロバート秋山presents 秋山歌謡祭、22日にはNEWS、FANTASTICS、宮野真守の出演が決定した。\n\n2009年にスタートし、滋賀県初秋の風物詩として定着している本イベント。今年で16年目を迎え、9月21日(土)・22日(日) の2日間、おなじみの滋賀県草津市烏丸半島芝生広場で開催される。\n\n＜イベント情報＞\n『イナズマロック フェス 2024』\n9月21日(土)・22日(日) 滋賀・烏丸半島芝生広場\nLIVE AREA：開場11:30 / 開演13:00 / 終演19:00（各日とも予定）\nFREE AREA：開場9:30\n※雨天決行（荒天の場合は中止）\n\n【LIVE AREA / 雷神STAGE 出演アーティスト】\n■9月21日(土)\n真天地開闢集団-ジグザグ / T.M.Revolution / ながのーず (長野博＋井ノ原快彦) / HYDE / Fear, and Loathing in Las Vegas / ももいろクローバーZ / ロバート秋山presents 秋山歌謡祭\n\n■9月22日(日)\nウマ娘 プリティーダービー / 西川貴教 / NiziU / NEWS / Novelbright / FANTASTICS / 宮野真守 and more",['https://newsatcl-pctr.c.yimg.jp/t/amd-img/20240716-00010007-piaeigat-000-1-view.jpg?pri=l&w=578&h=640&exp=10800'],"['https://news.yahoo.co.jp/articles/692ae11e9e8e1018bfebc06bbb8f966c6870a3d1/images/000', 'https://lp.p.pia.jp/article/news/377075/photo-gallery/index.html?id=2']"
『舟越桂　森へ行く日』7月26日より彫刻の森美術館で　今年3月に逝去した作家が準備を進めてきた最期の展覧会（ぴあ）,https://news.yahoo.co.jp/articles/59d730a1821d1ff05667b8cbcc419f6f88fbd74c,https://newsatcl-pctr.c.yimg.jp/t/amd-img/20240716-00010005-piaeigat-000-1-view.jpg?exp=10800,2024-07-16T11:30:04+09:00,2024-07-16T11:30:04+09:00,ぴあ,piaeigat,ぴあ,1012,\n《樹の⽔の⾳》2019年 西村画廊蔵 Photo: 今井智己 © Katsura Funakoshi Courtesy of Nishimura Gallery ※この写真は所蔵者の許可を得て撮影しています。実際の展示風景と異なります。\n2024年7月26日(金)より、彫刻の森美術館では、『舟越桂 森へ行く日』が開催される。1969年(昭和44年)、日本初の野外美術館として、箱根に開館した同館の、開館55周年を記念して開催される展覧会だ。\n【全ての画像】《遠い手のスフィンクス》ほか広報用画像（全6枚）\nその主役となるのは、遠くを見つめる、静かな佇まいの人物像で知られる彫刻家の舟越桂（1951-2024）。1980年代より本格的に活動を開始した舟越は、性別を感じさせない静謐な人物像などで注目され、両性具有や長い耳を持った「スフィンクス」のような異形の作品で、観る者に深い印象を与えてきた。残念ながら舟越は、同展の準備中、2024年3月29日に72歳で逝去したが、最期まで展覧会の実現を望んだ作家本人の意思と、遺族の意向を尊重して展覧会が開催される運びとなった。\n\n展示構成は、まず展示室1で、手製の作業台やデッサン用の一本足のイスなど、舟越がアトリエに置いていたお気に入りのものや、晩年、病室で描いていた幻想的な風景画などを紹介。展示室2、3では、「人間とは何か」という舟越の生涯のテーマに迫る作品や、「スフィンクス」をはじめ、舟越自身が「心象人物」と名付けた様々に変容を遂げる作品群を展示する。さらに展示室4では、舟越が家族のためにつくった様々なおもちゃを紹介。舟越家のおもちゃをまとめた絵本のような作品集『おもちゃのいいわけ』の、27年ぶりの増補新版の刊行を記念したセクションだ。\n\nなお2024年7月6日(土)～12月1日(日)までは、同館アートホールにて、『彫刻の森美術館 名作コレクション＋舟越桂選』も開催される。こちらでは2000点に及ぶ同館のコレクションから、近現代の優品と、舟越桂が選出した現代作家5名の作品を紹介する。キュレータートークなどのイベントも予定されているので、詳細は展覧会ホームページやSNSで随時確認を。\n\n＜開催概要＞\n『彫刻の森美術館 開館55周年記念 舟越桂 森へ行く日』\n会期：2024年7月26日(金)～11月4日(月・祝)\n会場：彫刻の森美術館,['https://newsatcl-pctr.c.yimg.jp/t/amd-img/20240716-00010005-piaeigat-000-1-view.jpg?pri=l&w=640&h=426&exp=10800'],"['https://news.yahoo.co.jp/articles/59d730a1821d1ff05667b8cbcc419f6f88fbd74c/images/000', 'https://lp.p.pia.jp/article/news/376323/photo-gallery/index.html?id=2']"
LE SSERAFIM、初のツアー『2023 LE SSERAFIM TOUR ‘FLAME RISES’ IN JAPAN』映像作品化が決定（ぴあ）,https://news.yahoo.co.jp/articles/2d8b9d9c4335b93d917bc2ce9f494b01498fb1f3,https://newsatcl-pctr.c.yimg.jp/t/amd-img/20240716-00010006-piaeigat-000-1-view.jpg?exp=10800,2024-07-16T11:41:47+09:00,2024-07-16T11:41:47+09:00,ぴあ,piaeigat,ぴあ,2465,"\nLE SSERAFIM『2023 LE SSERAFIM TOUR ‘FLAME RISES’ IN JAPAN』通常盤DVDジャケット (P)&(C) SOURCE MUSIC\nLE SSERAFIMが、9月25日(水) に初の映像作品『2023 LE SSERAFIM TOUR ‘FLAME RISES’ IN JAPAN』をリリースする。\n【全ての画像】LE SSERAFIM『2023 LE SSERAFIM TOUR ‘FLAME RISES’ IN JAPAN』ジャケットデザイン\n本作には、昨年開催された初のツアー『2023 LE SSERAFIM TOUR ‘FLAME RISES’ IN JAPAN』より、2023年8月31日に行われた東京・国立代々木競技場第一体育館公演の模様を収録。ツアー開催直後から映像化を望む多くの声が寄せられており、満を持しての映像作品化となる。\n\n商品形態は、初回限定盤Blu-ray・初回限定盤DVD・通常盤DVDの3種類。初回限定盤Blu-ray・DVDにはライブ本編に加え、初のツアーに挑むメンバーの様子が垣間見える舞台裏や、今回のために撮影された特別インタビューなどを含んだメイキング映像が収められており、合計約170分のフルボリュームな内容となっている。\n\nさらに、52ページのフォトブック・2L判フォトカードセット（5枚）・ポスター・ロゴステッカー・ライブ写真フォトカード（1枚）が付属。付属物は、初回限定盤Blu-ray・DVDそれぞれ異なるビジュアルが使用されている。\n\n通常盤DVDには、24ページのフォトブック、初回プレス分にはL判フォトカードが1枚ランダムで封入される。\n\n＜リリース情報＞\n『2023 LE SSERAFIM TOUR ‘FLAME RISES’ IN JAPAN』 Blu-ray & DVD\n2024年9月25日(水) リリース\n\n●初回限定盤Blu-ray\n仕様：三方背スリーブケース、デジパック\n\n【収録内容】\nDisc 1：2023.08.31 2023 LE SSERAFIM TOUR ‘FLAME RISES’ IN JAPAN at YOYOGI NATIONAL STADIUM FIRST GYMNASIUM\nDisc 2：Making Film of 2023 LE SSERAFIM TOUR ‘FLAME RISES’ IN JAPAN\n※Making Film of 2023 LE SSERAFIM TOUR ‘FLAME RISES’ IN JAPANは日本語テロップ付き\n\n【付属物】\n・フォトブック52P（初回限定盤Blu-ray Ver.）\n・2L判フォトカード5枚セット（初回限定盤Blu-ray Ver.）\n・ポスター（初回限定盤Blu-ray Ver.）\n・ロゴ ステッカー（初回限定盤Blu-ray Ver.）\n・ライブ写真フォトカード1枚（初回限定盤Blu-ray Ver.）※メンバーランダム\n\n●初回限定盤DVD\n仕様：三方背スリーブケース、デジパック\n\n【収録内容】\nDisc 1：2023.08.31 2023 LE SSERAFIM TOUR ‘FLAME RISES’ IN JAPAN at YOYOGI NATIONAL STADIUM FIRST GYMNASIUM\nDisc 2：Making Film of 2023 LE SSERAFIM TOUR ‘FLAME RISES’ IN JAPAN\n※Making Film of 2023 LE SSERAFIM TOUR ‘FLAME RISES’ IN JAPANは日本語テロップ付き\n\n【付属物】\n・フォトブック52P（初回限定盤DVD Ver.）\n・2L判フォトカード5枚セット（初回限定盤DVD Ver.）\n・ポスター（初回限定盤DVD Ver.）\n・ロゴ ステッカー（初回限定盤DVD Ver.）\n・ライブ写真フォトカード1枚（初回限定盤DVD Ver.）※メンバーランダム\n\n●通常盤DVD（初回プレス）\n【収録内容】\nDisc 1：2023.08.31 2023 LE SSERAFIM TOUR ‘FLAME RISES’ IN JAPAN at YOYOGI NATIONAL STADIUM FIRST GYMNASIUM\n\n【付属物】\n・フォトブック24P（通常盤DVD Ver.）\n・L判フォトカード1枚（通常盤DVD Ver.）※メンバーランダム。初回プレス分のみ\n※各形態の付属物の内容（絵柄）は異なります。\n※ポスターは折りたたんだ状態で封入します。\n※通常盤DVDのメンバー別フォトカードは初回プレス分のみ封入します。\n\n【Disc 1収録曲】※全形態共通\n・The World Is My Oyster\n・FEARLESS -Japanese ver.-\n・The Great Mermaid\n・Blue Flame -Japanese ver.-\n・Impurities\n・No Celestial\n・Choices\n・Good Parts（when the quality is bad but I am）\n・Sour Grapes\n・We got so much\n・Flash Forward\n・ANTIFRAGILE -Japanese ver.-\n・The Hydra\n・Eve, Psyche & The Bluebeard's wife\n・FEARNOT（Between you, me and the lamppost）\n・No-Return（Into the unknown）\n・Fire in the belly",['https://newsatcl-pctr.c.yimg.jp/t/amd-img/20240716-00010006-piaeigat-000-1-view.jpg?pri=l&w=451&h=640&exp=10800'],"['https://news.yahoo.co.jp/articles/2d8b9d9c4335b93d917bc2ce9f494b01498fb1f3/images/000', 'https://lp.p.pia.jp/article/news/377069/photo-gallery/index.html?id=2']"
LE SSERAFIMがヒーローとなってファンの悩みを解決！　日本初ファンミーティング神奈川公演レポート（ぴあ）,https://news.yahoo.co.jp/articles/2907c45ee26b6867cc328027a6009f0531a19418,https://newsatcl-pctr.c.yimg.jp/t/amd-img/20240716-00010004-piaeigat-000-1-view.jpg?exp=10800,2024-07-16T11:20:34+09:00,2024-07-16T11:20:34+09:00,ぴあ,piaeigat,ぴあ,1715,"\n『LE SSERAFIM FAN MEETING ‘FEARNADA’ 2024 S/S - JAPAN』神奈川・ぴあアリーナMM (P)&(C) SOURCE MUSIC\nLE SSERAFIMが、7月13日(土) から15日(月・祝) に神奈川・ぴあアリーナMMでファンミーティング『LE SSERAFIM FAN MEETING ‘FEARNADA’ 2024 S/S - JAPAN』を開催。熱気にあふれた会場でファンとの交流を楽しんだ。\n【全ての写真】LE SSERAFIMのファンミーティング神奈川公演\nデビュー後日本で初開催となるファンミーティングは、LE SSERAFIMのメンバーがヒーローになり、特別な能力を発揮しながらFEARNOT（ファンダム名）の悩みを解決するというコンセプトで実施。衣装やポスタービジュアル、ステージ映像など、至るところに「ヒーロー」の要素が取り入れられた。\n\n今年2月にリリースされた3rdミニ・アルバム『EASY』の収録曲「Smart」でステージに登場すると、事前アンケートでファンから寄せられた悩みをメンバーが解決する「FEARNOT依頼書」でファンとの交流を楽しんだ。\n\n続いて日本オリジナル曲「Choices」、ロックバージョンの編曲が加えられた「No Celestial」で会場を熱く盛り上げると、リボンを基調とした可愛らしい衣装で再び登場し、KAZUHAがバレエパフォーマンスと「Swan Song」を披露。その後はバラエティ豊かなゲームコーナーを通して、5人のメンバーの新たな魅力を垣間見ることができた。\n\nまた、KIM CHAEWONの「First Love」（宇多田ヒカル）カバー、SAKURA、KAZUHA、HONG EUNCHAEの3人による「夢でKiss me!」ダンスカバー、HUH YUNJINの自作曲「피어나도록（love you twice）」歌唱など、5人のメンバーそれぞれがソロ＆ユニットステージを披露し、多彩な魅力を見せた。さらに、メンバー全員が作詞に参加したファンソング「피어나（Between you, me and the lamppost）」も披露され、ファンへの愛情を伝えた。\n\n終盤には、未発表曲「1-800-hot-n-fun」のほかに、「UNFORGIVEN（feat. Nile Rodgers）-Japanese ver.-」「EASY」など、難易度の高いダンスパフォーマンスを披露。またアンコールでは、「ジュエリー（Prod. imase）」「Eve, Psyche & The Bluebeard’s wife」を披露し、最後までファンの歓声に包まれながら約2時間にわたるファンミーティングを締めくくった。\n\n彼女たちは、「公演が始まる瞬間にわたしたちを迎えてくれる大きな歓声と、たくさんのFEARNOTで埋め尽くされた会場を見ると、夢を見ているような気分になる。こんなにも幸せで美しい瞬間を作ってくれるFEARNOTに心から感謝の気持ちを伝えたい」とファンへのメッセージを伝えた。さらに「これからもっと大きな会場でたくさんのFEARNOTと一緒に時間を過ごせるように努力する」「FEARNOTがもっと誇りに思うLE SSERAFIMになれるように努力するので、これからも期待していてほしい」と呼びかけた。\n\nファンミーティングは、7月30日(火)・31日(水) に福岡・マリンメッセ福岡A館で最終公演を迎える。5人のメンバーが九州で単独公演を実施するのは初となり、ファンの期待がより一層高まっている。\n\n写真提供：(P)&(C) SOURCE MUSIC\n\n＜イベント情報＞\nLE SSERAFIM FAN MEETING ‘FEARNADA’ 2024 S/S - JAPAN\n※終了分は割愛\n\n7月30日(火) 福岡・マリンメッセ福岡A館\n開場17:00 / 開演18:00\n\n7月31日(水) 福岡・マリンメッセ福岡A館\n開場15:00 / 開演16:00",['https://newsatcl-pctr.c.yimg.jp/t/amd-img/20240716-00010004-piaeigat-000-1-view.jpg?pri=l&w=640&h=426&exp=10800'],"['https://news.yahoo.co.jp/articles/2907c45ee26b6867cc328027a6009f0531a19418/images/000', 'https://lp.p.pia.jp/article/news/377048/photo-gallery/index.html?id=2']"
日米合作ミュージカル『RENT』山本耕史、クリスタル ケイのコメント映像が到着（ぴあ）,https://news.yahoo.co.jp/articles/b00461305c2869425faa9a6e2e466a3527c085ea,https://newsatcl-pctr.c.yimg.jp/t/amd-img/20240716-00010003-piaeigat-000-1-view.jpg?exp=10800,2024-07-16T11:20:29+09:00,2024-07-16T11:20:29+09:00,ぴあ,piaeigat,ぴあ,1413,"\n日米合作 ブロードウェイミュージカル『RENT』メインビジュアル\n日米合作 ブロードウェイミュージカル『RENT』に出演する山本耕史、クリスタル ケイのコメント映像が到着した。\n【動画】日米合作 ブロードウェイミュージカル『RENT』山本耕史、クリスタル ケイのコメント映像\nニューヨークのイースト・ヴィレッジに生きる若者たちの姿をビビッドに描き、ピュリツァー賞やトニー賞などに輝いた本作。ブロードウェイでは2008年9月まで12年にわたってロングラン上演を行い、計5,124公演を記録。2006年には映画化もされた。日本では1998年に初めて日本語上演版（主演：⼭本耕史）が行われて以降、 来日公演も幾度となく開催。そして、この夏初の日米合同のキャストで上演される。\n\n6月下旬、稽古が始まる前に行われた今回のインタビュー。稽古前の気持ちを聞かれた山本耕史は「まだ想像がついていない、今回は日本語ではないし……」と英語での現場に不安を見せつつも、26年前にも同役を演じた経験を活かしていきたいとコメント。クリスタル ケイは見どころのシーンとして「みんなの思いを代弁してモーリーンがパフォーマンスをするシーン。どれだけメッセージを伝えられるか、自分も楽しみにしています」と語った。\n\nまた7月に入り、海外からのキャストも来日を果たすといよいよ稽古がスタート。初めの1週間は歌稽古から始まり、演出家：トレイ・エレット、音楽監督：キャサリン・A・ウォーカーの指導のもと、1曲1曲丁寧に作り上げられていく。\n\n2023年にケネディ・センターで上演された『RENT』のワールド・シンフォニック・プレミアに出演したロジャー役のアレックス・ボニエロや20周年記念ナショナル・ツアーでトム・コリンズを演じたアーロン・アーネル・ハリントン、そして近年ブロードウェイでの活躍が目覚ましいエンジェル役のジョーダン・ドブソンなどの実力派が揃い、もちろんすべて英語で進む稽古を見ていると、まるでニューヨークにいるような感覚に。さらに稽古場の外ではアメリカから到着した大量の衣装がズラリと並び、連日各キャストのフィッティングも実施されていた。\n\n『RENT』は、2024年8月21日(水) から9月8日(日) に東京・東急シアターオーブ、9月11日(水) から15日(日) に大阪・SkyシアターMBSで上演される。\n\n＜公演情報＞\n日米合作ブロードウェイミュージカル『RENT』\n\n脚本・作曲・作詞：ジョナサン・ラーソン\n演出：トレイ・エレット 初演版演出：マイケル・グライフ\n振付：ミリ・パーク 初演版振付：マーリス・ヤービィ\n音楽監督：キャサリン・A・ウォーカー\n\n出演：山本耕史、Alex Boniello、Crystal Kay、Chabely Ponce、Jordan Dobson、Aaron A. Harrington、Nasia Thomas、Aaron James McKenzie ほか\n※当初出演予定でしたRYOの来日はなくなりました。\n\n※全編英語上演（日本語字幕あり）\n\n【東京公演】\n日程：2024年8月21日(水)～9月8日(日)\n会場：東急シアターオーブ\n\n【大阪公演】\n日程：2024年9月11日(水)～9月15日(日)\n会場：SkyシアターMBS",['https://newsatcl-pctr.c.yimg.jp/t/amd-img/20240716-00010003-piaeigat-000-1-view.jpg?pri=l&w=640&h=521&exp=10800'],"['https://news.yahoo.co.jp/articles/b00461305c2869425faa9a6e2e466a3527c085ea/images/000', 'https://lp.p.pia.jp/article/news/377059/video-gallery/index.html']"
北米ボックスオフィス、『怪盗グルー』が首位をキープ（ぴあ）,https://news.yahoo.co.jp/articles/852aa0f161a766896fca7d6826ec1026051f2265,https://newsatcl-pctr.c.yimg.jp/t/amd-img/20240716-00010002-piaeigat-000-1-view.jpg?exp=10800,2024-07-16T10:40:20+09:00,2024-07-16T10:40:20+09:00,ぴあ,piaeigat,ぴあ,398,\n『怪盗グルーのミニオン超変身』\n7月12日から14日にかけての週末、北米のボックスオフィスでは、『怪盗グルーのミニオン超変身』が先週に続き首位をキープした。\n【画像】『怪盗グルーのミニオン超変身』の写真\n2位は、ニコラス・ケイジ、マイカ・モンローが出演する新作ホラー映画『Longlegs』。3位はピクサーの『インサイド・ヘッド2』。\n\n4位は『クワイエット・プレイス：DAY 1』、5位はスカーレット・ヨハンソンとチャニング・テイタムが主演する新作『フライ・ミー・トゥ・ザ・ムーン』だった。\n\n次の週末は超大作『ツイスターズ』が公開される。\n\n『怪盗グルーのミニオン超変身』\n7月19日(金)全国公開\n(C)Illumination Entertainment and Universal Studios. All Rights Reserved.\n\n文＝猿渡由紀,['https://newsatcl-pctr.c.yimg.jp/t/amd-img/20240716-00010002-piaeigat-000-1-view.jpg?pri=l&w=640&h=452&exp=10800'],"['https://news.yahoo.co.jp/articles/852aa0f161a766896fca7d6826ec1026051f2265/images/000', 'https://lp.p.pia.jp/article/news/377065/photo-gallery/index.html']"
ミュージカル『1789 -バスティーユの恋人たち-』7年ぶりの上演が決定（ぴあ）,https://news.yahoo.co.jp/articles/37c8b892029a275e84a99de05e9235eb307502a6,https://newsatcl-pctr.c.yimg.jp/t/amd-img/20240716-00010001-piaeigat-000-1-view.jpg?exp=10800,2024-07-16T10:30:36+09:00,2024-07-16T10:30:36+09:00,ぴあ,piaeigat,ぴあ,986,\nミュージカル『1789 -バスティーユの恋人たち-』速報ビジュアル\nミュージカル『1789 -バスティーユの恋人たち-』が、2025年4月に東京・明治座で上演される。\n\n『太陽王』『ロックオペラ モーツァルト』など話題作を次々と世に送り出してきたプロデューサー、ドーヴ・アチアとアルベール・コーエンの手によって、2012年にフランスで世界初演を果たし、ヒットを記録した本作。2016年に迎えた東京・帝国劇場での東宝版初演は、鮮烈な音楽と洗練された演出が話題を呼び完売、2018年の再演も好評を博した。7年ぶりの上演となる今回は、場所を明治座に移し、自由と平等を求める若者たちの革命の幕が再び上がる。\n\n潤色／演出を担うのは、『エリザベート』『モーツァルト！』を手がけた小池修一郎。宝塚版とは異なるアレンジを加え、グルーヴ感あふれるロックナンバー、涙を誘うバラード、スピーディーなストーリー展開を巧みに操り、フランス革命の最中に生まれた愛を描き出す。\n\nなお小池とアチアは、オリジナルミュージカルとして2023年に帝国劇場で上演されたミュージカル・ピカレスク『LUPIN ～カリオストロ伯爵夫人の秘密～』でもタッグを組み、全席完売を成し遂げた名コンビだ。\n\n【ストーリー】\n民衆は貧困にあえぎ、貴族は贅沢に溺れる18世紀末のフランス――。農夫ロナンは父を貴族に殺害されたことをきっかけに、パリへ飛び出し、革命派に身を投じる。そこで、デムーラン、ロベスピエール、ダントンら熱き仲間を得て、新しい時代に希望を燃やしていた。\n\n一方、宮廷に仕える心優しき侍女・オランプはマリー・アントワネットとフェルゼン伯の逢瀬を手引きしてパリにやってくる。マリー・アントワネットをつけ狙う一味との騒動に巻き込まれたロナンはオランプと運命の出会いを果たす。\n\n決して出逢う筈のなかったふたりは強く惹かれ合うも、対立する身分が壁となる。\nそして、愛に悩む彼らの心を揺さぶるかのように革命の足音が近づいてくる……。\n1789年7月14日、バスティーユ牢獄襲撃。\n\n遂に革命の火蓋が切って落とされる――。\n\n＜公演情報＞\nミュージカル『1789 -バスティーユの恋人たち-』\n潤色／演出：小池修一郎（宝塚歌劇団）\n\n2025年4月 東京・明治座で上演,['https://newsatcl-pctr.c.yimg.jp/t/amd-img/20240716-00010001-piaeigat-000-1-view.jpg?pri=l&w=452&h=640&exp=10800'],['https://news.yahoo.co.jp/articles/37c8b892029a275e84a99de05e9235eb307502a6/images/000']
藤ヶ谷太輔の「人生で一番好きな小説」を映画化 『傲慢と善良』新たな場面写真6枚公開（ぴあ）,https://news.yahoo.co.jp/articles/73488281f49776256a9392d5d17633c85b5e0002,https://newsatcl-pctr.c.yimg.jp/t/amd-img/20240716-00010000-piaeigat-000-1-view.jpg?exp=10800,2024-07-16T10:00:11+09:00,2024-07-16T10:00:11+09:00,ぴあ,piaeigat,ぴあ,993,\n映画『傲慢と善良』より (C)2024 映画「傲慢と善良」製作委員会\n辻村深月による同名小説を原作とした映画『傲慢と善良』の新たな場面写真6枚が公開された。\n【全ての写真】婚約者の前から突然失踪してしまう坂庭真実役の奈緒\nこの小説に出会ったときから衝撃を受け、「人生で一番好きな小説」と語り映画化を熱望していた藤ヶ谷太輔、そして「辻村作品に出演するのが夢だった」という奈緒がダブル主演を務める本作。このたび公開されたのは、本作に登場する魅力的なキャラクターたちの場面写真だ。\n\n藤ヶ谷演じる西澤架は、長年付き合った彼女にフラれたことをきっかけに、マッチングアプリを始める。そこで出会った坂庭真実と付き合うが、1年経っても将来を決められない“傲慢”な部分も。婚約を決めた直後に突然失踪した真実の行方を追う内に、架は知りたくなかった彼女の“過去と嘘”に向き合うことになる。\n\nそして奈緒演じる婚約者の真実は控え目な性格で、進路も結婚相手も人に決めてもらうなど、これまで親の敷いたレールの上で“善良”に生きてきた。マッチングアプリで出会った架からプロポーズを受けるが、ある日突然失踪してしまう。彼女の人生を賭けたある行動が架を大きく動かす。\n\nまた、真実が出会う災害ボランティアのリーダー高橋耕太郎役で倉悠貴、架の古くからの友人・美奈子役で桜庭ななみ、真実の姉である岩間希実役で菊池亜希子、真実の実家近くにある結婚相談所の所長・小野里役で前田美波里が出演する。\n\n藤ヶ谷と奈緒について、萩原健太郎監督は「スターなのに誰とでも常にフラットに接する藤ヶ谷さんと重なる部分を感じました。藤ヶ谷さんのコアにあるそういう優しさが現場で常に滲み出ていて、どんどん架のことが好きになりました。奈緒さんは真実というキャラクターの背景をどこまでも深く広く想像力をもって演じてくださいました。撮影前は想像していなかった真実の姿を見る度に、真実が自分の想像を超えて魅力的な女性であると気付かされました」と、スタイリッシュな雰囲気を纏いながらもどこか天然な男性を器用に演じた藤ヶ谷と、ストーリーが進むごとに違う表情を見せる真実を演じた奈緒の表現力の奥深さを絶賛している。\n\n＜作品情報＞\n映画『傲慢と善良』\n9月27日(金) 公開\n\n(C)2024 映画「傲慢と善良」製作委員会,['https://newsatcl-pctr.c.yimg.jp/t/amd-img/20240716-00010000-piaeigat-000-1-view.jpg?pri=l&w=640&h=426&exp=10800'],"['https://news.yahoo.co.jp/articles/73488281f49776256a9392d5d17633c85b5e0002/images/000', 'https://lp.p.pia.jp/article/news/376797/photo-gallery/index.html?id=2']"
