headline,mainEntityOfPage,image,datePublished,dateModified,author,media_en,media_jp,str_count,body,images,external_links
「ちいかわ」×サントリー　コラボパッケージのC.C.レモン、NOPEなど9月発売（コミックナタリー）,https://news.yahoo.co.jp/articles/1c9c108b6ebd0c57f0a7d192966fe2ca970a9bbf,https://newsatcl-pctr.c.yimg.jp/t/amd-img/20260722-00000194-nataliec-000-1-view.jpg?exp=10800,2026-07-22T21:24:11+09:00,2026-07-22T21:24:11+09:00,コミックナタリー,nataliec,コミックナタリー,645,「映画ちいかわ 人魚の島のひみつ」とサントリーのコラボバナー ナガノ原作による「映画ちいかわ 人魚の島のひみつ」とサントリーのコラボ商品が、9月上旬に発売される。 【画像】「ちいかわ」×サントリーのコラボ商品一覧 コラボするのは、「C.C.レモン」「POPメロンソーダ」「のどごしサイダー」「ギルティ炭酸 NOPE」「ペプシ〈生〉BIG ZERO」「ペプシ〈生〉BIG ZERO LEMON」「なっちゃん りんご」「なっちゃん オレンジ」。「映画ちいかわ 人魚の島のひみつ」のシーンをデザインしたオリジナルパッケージのボトルが各ブランド3種ずつ、全24種類用意される。 「C.C.レモン」「POPメロンソーダ」のパッケージには花冠を被ったちいかわたちが炭酸飲料を楽しんでいる姿、「ペプシ〈生〉BIG ZERO」「ペプシ〈生〉BIG ZERO LEMON」のパッケージには映画の中の戦闘シーンをデザイン。そして「なっちゃん りんご」「なっちゃん オレンジ」のパッケージには、果物を食べているちいかわたちがデザインされている。 「映画ちいかわ 人魚の島のひみつ」は、通称「セイレーン編」と呼ばれる原作屈指の長編エピソードを、ナガノ完全監修のもと映像化した作品。招かれた島で熱烈な歓迎を受けるちいかわたちが、観光を楽しんでいた矢先に、島民を襲うセイレーンの討伐をお願いされたことから物語が動き出す。7月24日に公開される。 (c)nagano (c)ナガノ / 2026「映画ちいかわ」製作委員会,[],[]
サンデーうぇぶりで「あさひなぐ」などスポーツマンガ61作品、204巻分が無料公開（コミックナタリー）,https://news.yahoo.co.jp/articles/7b5b3dfcc83d9b561106f0430e71a470979d681b,https://newsatcl-pctr.c.yimg.jp/t/amd-img/20260722-00000184-nataliec-000-2-view.jpg?exp=10800,2026-07-22T20:48:10+09:00,2026-07-22T21:57:09+09:00,コミックナタリー,nataliec,コミックナタリー,1191,“夏の特大スポーツ漫画リレー”バナー 小学館のマンガアプリ・サンデーうぇぶりにて8月27日まで、“夏の特大スポーツ漫画リレー”と題した無料公開企画が行われている。 【画像】“夏の特大スポーツ漫画リレー”第1弾バナー（他5件） この企画ではボクシングなどの格闘技、水泳、ゴルフ、バスケットボール、陸上といった幅広い競技のマンガを合計204巻分無料で公開。ラインナップは第1弾から第5弾まで分かれており、毎週金曜日に無料作品が更新される。現在は格闘技のマンガが対象。7月30日まで、あだち充「KATSU！」や松江名俊「史上最強の弟子ケンイチ」「史上最強の弟子ケンイチ2～達人編～」を無料で読むことができる。以降も、こざき亜衣「あさひなぐ」、河合克敏「帯をギュッとね！」などの無料公開が控えている。 ■ “夏の特大スポーツ漫画リレー”対象作品一覧 □ 【第1弾】対象競技：ボクシング・格闘技 期間：7月30日（木）まで ・KATSU! ・がんばれ元気 ・太郎（TARO） ・B・B ・BUYUDEN ・史上最強の弟子ケンイチ ・三日月のドラゴン ・拳児2 ・拳児 ・GEKIRIN ～逆鱗～ ・レッドブルー ・史上最強の弟子ケンイチ2～達人編～ □ 【第2弾】対象競技：水泳・ボート・バレエ 期間：7月24日（金）～8月6日（木） ・レガッタ 君といた永遠 ・ラフ ・みずぽろ ・競女!!!!!!!! ・ザ!!ビーチスターズ ・モンキーターン ・昴 ・MOON～昴ソリチュードスタンディング～ ・ダンス・ダンス・ダンスール □ 【第3弾】対象競技：ゴルフ・自転車 期間：7月31日（金）～8月13日（木） ・黄金のラフ2～草太の恋～ ・黄金のラフ～草太のスタンス～ ・KING GOLF ・風の大地 ・DAN DOH!! ・DAN DOH!!Xi ・シャカリキ！ ・かもめ☆チャンス ・青空しょって ・DAN DOH!! ネクストジェネレーション ・ツール！ □ 【第4弾】対象競技：バスケ・バレーボール 期間：8月7日（金）～8月20日（木） ・switch ・Deep3 ・ふぁいとの暁 ・Wizard ・バディ!!! ・No.1海童 ・小さい僕の春 ・“LOVe” ・リベロ革命!! ・健太やります！ ・見上げてごらん ・ボレーボレー ・燃えるV ・DRAGON JAM □ 【第5弾】対象競技：その他スポーツ（柔道・体操・陸上・剣道・相撲・なぎなた） 期間：8月14日（金）～8月27日（木） ・帯をギュッとね！ ・いでじゅう！ ・暁の暴君 ・六三四の剣 ・うっちゃれ五所瓦 ・ガンバ！Fly high ・THE SHOWMAN ・奈緒子 ・早乙女選手、ひたかくす ・駅伝男子プロジェクト ・スプリンター ・うっちゃれ五所瓦 粘り腰編 ・あさひなぐ ・異世界陸上 ・なとりとしずは,[],[]
「楽園追放」新作に諸星すみれが出演　新ビジュアル＆アクションシーン収めたPV（コミックナタリー）,https://news.yahoo.co.jp/articles/26e0682cb9bea5c7de77ea59d8eebed4764ac212,https://newsatcl-pctr.c.yimg.jp/t/amd-img/20260722-00000182-nataliec-000-1-view.jpg?exp=10800,2026-07-22T20:45:11+09:00,2026-07-22T20:45:11+09:00,コミックナタリー,nataliec,コミックナタリー,1335,「楽園追放 心のレゾナンス」第5弾キービジュアル アニメ映画「楽園追放 心のレゾナンス」の新キャラクター・ペネム役を諸星すみれが担当することが明らかに。併せて、第5弾ティザーPVと第5弾キービジュアルが公開された。 【動画】「楽園追放 心のレゾナンス」第5弾ティザーPV（他9件） 11月13日に公開される「楽園追放 心のレゾナンス」。同作では監督の水島精二、脚本の虚淵玄ら「楽園追放-Expelled from Paradise-」のメインスタッフが再集結し、前作の“その先の新たな物語”が描かれる。諸星が演じるペネムは、主人公のガブリエルたちが所属する電脳世界ディーヴァの保安局の三等官エージェント。第5弾ティザーPVには、諸星が演じるペネムのボイスのほか、ガブリエルらの武器や、バイクなどの派手なアクションシーン、“新たな脅威”フォールンの姿が収められた。また第5弾キービジュアルには、ディーヴァの保安局捜査官・ガブリエル、アルマ、ダネル、ラグエル、ペネムが勢揃い。その背後には、フォールンの仮面が不気味な存在感を放っている。この発表に合わせ、諸星からはコメントとインタビュー映像が到着した。 さらに、第5弾キービジュアルを使用した第3弾ムビチケ前売券が7月24日に発売されることも決定した。劇場ではオープン時、メイジャーとMOVIE WALKER STORE、アニメイト通販では10時に販売開始。購入特典には、ディーヴァ保安局の捜査官・ダネルの描き下ろしイラストを用いたA4ビジュアルカードが用意された。 ■ 諸星すみれ（ペネム役）コメント より良いものを皆様にお届けできるように、精一杯、自分なりにペネムを演じました。皆さんの心に残るようなキャラクターになっていたら嬉しいです。ぜひ作品全体も楽しんで観て頂けたらいいなと思いますので、ぜひお楽しみに。 ■ 「楽園追放 心のレゾナンス」 2026年11月13日（金）公開 □ スタッフ 監督：水島精二 脚本：虚淵玄（ニトロプラス） 音楽：NARASAKI 演出：荒川航、櫻木優平、志賀健太郎（モンスターズエッグ）、黒川智之（プロダクション・プラスエイチ）、水島精二 キャラクターデザイン：齋藤将嗣 メカニックデザイン：海老川兼武、石垣純哉、柳瀬敬之 プロダクションデザイン：上津康義 アニメーションスーパーバイザー：荻田直樹 アニメーションリード：八木田肇（MAPPA）、川崎司 モデリングスーパーバイザー：久目健人 メカモデリングリード：橋本豊和 リビルダー ディベロプメントリード：多家正樹 色彩設計：野地弘納 モニターグラフィックス：宮原洋平、関香織（カプセル） 美術監督：小倉一男、伊藤大樹（草薙） 撮影監督：蔡伯崙（テラエフェクト） 編集：吉武将人 音響監督：三間雅文（テクノサウンド） 音響効果：倉橋静男（サウンドボックス） ラインプロデューサー：大江嵐丸 プロデューサー：野口光一 アニメーション制作：東映アニメーション □ キャスト ガブリエル：佐倉綾音 アルマ：早見沙織 ダネル：青山吉能 ラグエル：天城サリー ペネム：諸星すみれ (c)東映アニメーション・ニトロプラス／楽園追放ソサイエティ２,[],[]
かつての教え子に執着される…一途すぎる青年に愛される戦慄のラブストーリー（コミックナタリー）,https://news.yahoo.co.jp/articles/436ee92225a53970b9771824351db4106c3f4308,https://newsatcl-pctr.c.yimg.jp/t/amd-img/20260722-00000180-nataliec-000-1-view.jpg?exp=10800,2026-07-22T20:28:10+09:00,2026-07-22T20:28:10+09:00,コミックナタリー,nataliec,コミックナタリー,347,「菫くんの猛毒」ビジュアル 百世ダラの新連載「菫くんの猛毒」が、本日7月22日よりめちゃコミックで先行配信されている。 【試し読み】かつての教え子に執着される戦慄のラブストーリー「菫くんの猛毒」 高校教師の鈴井蘭は、生徒との距離を縮められず、“なりたい教師”像とはほど遠い自分に自信を持てずにいた。ある日蘭の学校に、かつて教師を志すきっかけをくれた塾の教え子・茨目菫が非常勤講師としてやって来る。菫の優しさに触れ、少しずつ前を向き始める蘭。そんな中、蘭の同僚であり婚約者・紫堂陽斗の裏切りが発覚する。すべてを暴いたのは、恩師・蘭を思う菫の行動。しかしその献身の奥には、蘭への異様なまでの執着が隠されていた。一途すぎる青年の愛に呑み込まれる、戦慄のラブストーリーだ。 (c)百世ダラ/CLLENN,[],[]
“謎婚”の真相が明かされる「『壇蜜』」3巻発売、特装版は「壇蜜写真＆イラスト集」付き（コミックナタリー）,https://news.yahoo.co.jp/articles/6380c625fbaffb8b7fefbcd8169030a8d07b8865,https://newsatcl-pctr.c.yimg.jp/t/amd-img/20260722-00000167-nataliec-000-1-view.jpg?exp=10800,2026-07-22T19:25:11+09:00,2026-07-22T19:25:11+09:00,コミックナタリー,nataliec,コミックナタリー,349,「『壇蜜』」3巻特装版（帯付き） 清野とおる「『壇蜜』」3巻が本日7月22日に発売。通常版に加え、フルカラー小冊子「百花蜜～壇蜜写真＆イラスト集」付きの特装版も用意された。 【画像】フルカラー小冊子「百花蜜～壇蜜写真＆イラスト集」（他2件） モーニング（講談社）で連載中の「『壇蜜』」は、清野と2019年に結婚したタレントの壇蜜との日々を描くノンフィクション。3巻からは「結婚編」に突入し、結婚を決意した2人が、2019年11月22日（いい夫婦の日）の入籍へ向けて、さまざまなミッションに挑むさまが描かれる。 またフルカラー小冊子「百花蜜～壇蜜写真＆イラスト集」には、夫の清野にしか撮れない壇蜜の秘蔵写真から100点超を厳選して収録。モーニングの表紙イラストの完全版や描き下ろしカラーも収められた。,[],[]
傾国の兵器を巡り英雄たちが覇を競うファンタジー巨編、週マガ新連載「群雄を綴る」（コミックナタリー）,https://news.yahoo.co.jp/articles/77e522cf496b550ead28a79b60d377def63aa6a5,https://newsatcl-pctr.c.yimg.jp/t/amd-img/20260722-00000166-nataliec-000-1-view.jpg?exp=10800,2026-07-22T19:04:14+09:00,2026-07-22T19:04:14+09:00,コミックナタリー,nataliec,コミックナタリー,288,「群雄を綴る」イラスト 御手元の新連載「群雄を綴る」が、本日7月22日発売の週刊少年マガジン34号（講談社）でスタートした。 【画像】週刊少年マガジン34号（他1件） 「群雄を綴る」は、小説家志望の少年・白を描くファンタジー巨編。官僚が圧政を敷く国・芯華で暮らす白は、周りに反対されながらも作家として生きることを目指していた。そんなとき、芯華を変えるべく立ち上がった男・仁と出会う。仁義に厚く、武技に優れ、力強く未来を見据える仁は、白が小説の中で追い求めた“主人公”そのものに見えた。しかし、傾国の兵器“真仙宝”を手に入れようとする仁は、目的のためには手段を選ばない男だった。,[],[]
アニメ「転ゴブ」に花江夏樹、下野紘、田村ゆかり　OPはSou、EDはエイハブが担当（コミックナタリー）,https://news.yahoo.co.jp/articles/8883cc5145d58f83777d8db2f2e380e3fd3a935b,https://newsatcl-pctr.c.yimg.jp/t/amd-img/20260722-00000165-nataliec-000-1-view.jpg?exp=10800,2026-07-22T19:04:11+09:00,2026-07-22T19:04:11+09:00,コミックナタリー,nataliec,コミックナタリー,1541,TVアニメ「転生ゴブリンだけど質問ある？」ティザービジュアル (c)三木なずな・荒木宰／集英社・「転ゴブ」製作委員会 三木なずな・荒木宰原作によるTVアニメ「転生ゴブリンだけど質問ある？」に、アルバート役で花江夏樹、イズイーズ役で下野紘、天地開闢役で田村ゆかりが出演。オープニング主題歌をボーカリスト・Sou、エンディング主題歌を4ピースバンド・エイハブが担当する。 【動画】TVアニメ「転生ゴブリンだけど質問ある？」ティザーPV（他6件） 花江が演じるアルバートは、スキル“七転八起”で魔王を追い詰めた第三皇子で、ある目的がありアキラに近づいているキャラクター。下野が演じるイズイーズは、ゴブリンの森へと不時着した体の小さなドラゴンで、田村が演じる天地開闢は、出会ったゴブリンや人物にためらいなく危害を加え、圧倒的な力でゴブリンの村を制圧する正体不明の存在という役どころだ。 この発表に合わせ、花江、下野、田村からはコメントが到着。なお、楽曲のタイトルなど、オープニング・エンディング主題歌の詳細は後日発表される。 10月より放送される「転生ゴブリンだけど質問ある？」は、ゴブリンが巻き起こす“最強無双ファンタジー”。部下からの信頼が厚いサラリーマン・八神彰が車道に飛び出した子供を庇って絶命し、ゴブリンに転生したことから物語が動き出す。 ■ 花江夏樹（アルバート役）コメント 転生したらゴブリン……!?というまさかの展開にまず驚きましたが ゴブリンたちがとても可愛くて非常に楽しい収録でした。 個性豊かで楽しいキャラクターとキャストの皆さんと共に、この作品を盛り上げていければいいなと思います。 私の演じるアルバートは、なかなか頭を使う立ち回りが必要な役どころでした。 彼がどんな活躍を見せるのか是非放送をお楽しみに。 ■ 下野紘（イズイーズ役）コメント 「転生ゴブリンだけど質問ある？」は、交通事故で死んだ主人公がゴブリンに転生し、「人間80年」など様々なスキルを得て、異世界で成り上がっていく物語で、 ボクが演じるイズイーズは、そんな主人公たちゴブリンの前に突然現れたドラゴンの子ども（？）なんですが、ボーっとして呑気そうかと思いきや、威圧感があったりなかったり、ちょっと掴みどころのないキャラクターです！ ただゴブリン含め、「可愛いものは可愛く！」というのが今回のアフレコテーマらしく……イズイーズもそうなるよう頑張っているので、良かったらその辺り、ご確認ください！ ■ 田村ゆかり（天地開闢役）コメント 天地開闢を演じさせていただきます！ てんちーは強くて可愛くて頼りになるキャラクターです。 ゴブリンのみんながとても可愛くて、だけどゴブリンは1週間で死んでしまう世界なので儚くもあり、主役のアキラくんはとても知恵が回るので、組み立てられていく展開にワクワクしていました。 オンエアを楽しみに待っていてくださいね。ママとの約束よ？ ■ TVアニメ「転生ゴブリンだけど質問ある？」 2026年10月放送開始 □ スタッフ 原作：三木なずな・荒木宰（集英社 / となりのヤングジャンプ『転生ゴブリンだけど質問ある？』） 監督：河原龍太 シリーズ構成・脚本：百瀬祐一郎 キャラクターデザイン：齊田博之 音響監督：森下広人 音楽：タケノコ少年 音楽制作：インクストゥエンター アニメーション制作：BAKKKA □ キャスト アキラ：戸谷菊之介 カレン：日笠陽子 クロエ：橘杏咲 シモン：銀河万丈 エイレーネ：鈴代紗弓 ディケ：M・A・O エウノミア：倉持若菜 アルバート：花江夏樹 イズイーズ：下野紘 天地開闢：田村ゆかり (c)三木なずな・荒木宰／集英社・「転ゴブ」製作委員会,[],[]
「ワンダンス」恩役は山口綺羅、伊折役はRAN、カベ役はTSUKKI、ウセン役は髙松アロハ（コミックナタリー）,https://news.yahoo.co.jp/articles/c2774d23e28272e29c59f1b0c3bb0e801ff9cb91,https://newsatcl-pctr.c.yimg.jp/t/amd-img/20260722-00000144-nataliec-000-1-view.jpg?exp=10800,2026-07-22T18:01:10+09:00,2026-07-22T18:01:10+09:00,コミックナタリー,nataliec,コミックナタリー,3080,"左から時計回りに山口綺羅演じる宮尾恩、RAN演じる厳島伊折、TSUKKI演じる壁谷楽、髙松アロハ演じる巧宇千のキャラクタービジュアル 珈琲原作による実写映画「ワンダンス」の追加キャストが発表された。宮尾恩役を山口綺羅（Girls2）、厳島伊折役をRAN（MAZZEL）、カベこと壁谷楽役をダンサーのTSUKKI、ウセンこと巧宇千（たくみうせん）役を髙松アロハ（超特急）が演じる。 【動画】映画「ワンダンス」宮尾恩キャラクター解禁動画（他11件） 11月27日に公開される「ワンダンス」は、吃音症が原因で自分の気持ちを抑えて生活しているカボこと小谷花木が、人目を気にせずダンスに没頭する湾田光莉と出会い、ダンスに魅了されていく物語。JO（&TEAM）が主人公・カボ役で初主演を務め、カボの運命を変えるワンダこと湾田光莉役を池端杏慈が担う。 山口が演じる恩は、カボが飛び込むダンスチーム・TEAM ONを率いるカリスマダンサー。RANが演じる伊折は、カボの才能を見抜き、ダンスバトルへの挑戦を後押しする先輩という役どころだ。またTSUKKIが演じるカベは、ブレイクダンスでアクロバティックな高度な回転技・パワームーブや攻撃的なバトルを展開し、カボたちのダンスバトル最強のライバルとして君臨。髙松が演じるウセンは、ダンスコンテストでカボたちの前に立ちはだかる実力派チームのリーダーとして登場する。キャスト4人からはコメントが到着した。 また恩、伊折、カベ、ウセンのキャラクタービジュアルとキャラクター解禁動画を公開。動画には、普段はにこやかに後輩たちを指導しながらも真剣な顔つきでバトルに挑む恩、カボとのダンス練習もダンスバトルもクールかつ軽やかに踊る伊折、息をのむようなパワームーブをキメるカベ、コンテストでのチームダンスやバトルダンスで独自のスタイルを貫くウセンの様子などが捉えられている。 ■ 山口綺羅（恩役）コメント オーディションの時から、この作品に懸ける想いがすごく強かったので、出演が決まったときは本当に嬉しく、「夢なんじゃないかな」と思うくらい、しばらく心がふわふわしていました。 原作を読ませていただき、私自身も恩ちゃんのダンスに懸ける想いや葛藤には共感できる部分がたくさんあり、恩ちゃんの成長をダンスとお芝居の両方を通して丁寧に表現したいと強く思いました。 撮影前には、ダンス監修の先生に、ダンスとの向き合い方を丁寧にご指導いただき、毎日が学びの連続でした。この作品ならではの空気感や表現はすごく新鮮で、「踊る」だけではなく、「役として踊る」という難しさや奥深さも改めて感じ、ダンスに対する考え方、そしてダンスへの熱量も、以前よりさらに深まったと感じています。 この作品には、ダンスのかっこよさだけではなく、言葉では伝えきれない感情や、人と人がつながる温かさがたくさん詰まっています。 この映画が、誰かの背中をそっと押したり、「何かを好きでいることって素敵だな」と感じてもらえるきっかけになったら嬉しいです。 劇場で、皆さんにお会いできる日を楽しみにしています。 ベースのダンス力がしっかりあったこと、自分の得意なスタイルを自覚していることから、恩の役にその要素を取り入れるのも比較的楽に出来た印象です。 バトルに関しても綺羅本人の意識とは逆で、むしろバトル中の目線など随所に見どころが多く、イチダンサーとしての成長も楽しみです。 ■ RAN（伊折役）コメント はじめにお話を聞いた時は、原作も読んでいたのでびっくりしました。 不安もありましたが、監督やカンタローさんのお話を聞いて、自分が注げる全力で挑戦したいと思いました。 今回主ジャンルがHOUSEだったので、カンタローさんやダンス監修の先生と、一からステップなどをさらいつつ、後半はセッションしながら伊折の雰囲気に自分のスタイルを落とし込みながら実写ならではの伊折を作っていきました。 撮影では、監督や関わっているスタッフの方々の熱量にとても心を打たれました。 ダンスシーンではどうすれば映像を通してダンスの良さが伝わるか、熱が伝わるかなどすごく大切にされていて、なにより空気感も良く、楽しく学びのある現場でした。 ダンスの力や音楽、パッション、いろんな形でワンダンスの良さを受け取っていただけたら嬉しいです。 きっと皆さんの心を動かしてくれると思います。 ぜひ、劇場でワンダンスの世界を体感してみてください。 ■ TSUKKI（カベ役）コメント 初めまして。TSUKKIです。 この度、映画「ワンダンス」で壁谷役を演じさせていただきました。 まずは、素晴らしいキャストの皆様、そして監督・スタッフの皆様と一緒にこの作品を作ることができたことを、本当に光栄に思うとともに、心から感謝しています!! この映画の情報を皆様にお届けできる日を、僕自身とても楽しみにしていました！ これまでのダンス人生の中で、映画に出演するという挑戦はまったく想像していませんでした。そのため、草場尚也監督からお声がけをいただいた時はとても嬉しかった反面、「自分に務まるだろうか」という不安もありました、、 ですが、自分が続けてきたダンスを、この映画を通して世界中の皆様に届けられるのであれば、ぜひ挑戦したいと思い、この映画に参加させていただくことを決意しました！ また、人生で初めて演技指導を受けるなど、多くのことを学ばせていただきました！ この作品に携われたことは、僕のダンス人生においてかけがえのない経験であり、一生の思い出です!! 映画「ワンダンス」を通して、一人でも多くの方にダンスの魅力や楽しさを感じていただけたら、とても嬉しく思います!! 公開まで、楽しみにお待ちいただけたら嬉しいです！ Peace, Unity, Love and Having Fun!! ■ 髙松アロハ（ウセン役）コメント ウセン役を演じさせていただきます、髙松アロハです。 まずはワンダンスという素晴らしい作品に携われること、とても嬉しく思います!! 全力でウセンとして演じましたので、是非応援していただけると嬉しいです！ 今回ウセンをヒップホップで表現するにあたり、カリスマカンタローさんにご提案いただいて、ダンス監修の先生のルーティンやニュアンスを盗ませていただき、時には二人でソロ回ししたりさせていただいたり、個人的にめちゃくちゃ刺激のある練習をさせて頂きました。 監修の先生たちのおかげで最高のウセンが表現できたと思っております!! 「ワンダンス」は、言葉で伝えられないこと、身体で表現する楽しさなど、ダンスはこんなに素晴らしいものなんだと、感じて頂けるような作品になっています。 観ていただいた方がダンスを始めたいと思っていただけるようなハラハラドキドキする展開が沢山あるので、是非劇場で楽しんでもらえたら嬉しいです。 ■ 映画「ワンダンス」 2026年11月27日（金）公開 □ スタッフ 原作：珈琲『ワンダンス』（講談社「月刊アフタヌーン」連載） 監督：草場尚也 脚本：小林啓一 ダンス総監修：カリスマカンタロー 製作幹事・配給：ハピネットファントム・スタジオ □ キャスト 小谷花木：JO（&TEAM） 湾田光莉：池端杏慈 宮尾恩：山口綺羅（Girls2） 厳島伊折：RAN（MAZZEL） 壁谷楽：TSUKKI 巧宇千：髙松アロハ（超特急） (c)珈琲／講談社 (c)2026映画『ワンダンス』製作委員会",[],[]
女性警察官と警察通訳人の凸凹バディが国際犯罪のリアルに迫る「東京サラダボウル」続編（コミックナタリー）,https://news.yahoo.co.jp/articles/bff9c0309d715fcad1fb62fe9194d5b94aaf1e50,https://newsatcl-pctr.c.yimg.jp/t/amd-img/20260722-00000132-nataliec-000-1-view.jpg?exp=10800,2026-07-22T17:42:11+09:00,2026-07-22T17:42:11+09:00,コミックナタリー,nataliec,コミックナタリー,268,「東京サラダボウル 2nd dish ―警視庁編―」1巻 黒丸「東京サラダボウル 2nd dish ―警視庁編―」1巻が、本日7月22日に発売された。 同作は、破天荒な女性警察官・鴻田麻里と元警察官で警察通訳人の有木野了のバディを描く「東京サラダボウル」の続編。香港からやって来た女性・リーナは、宿泊先のマンションで殺人事件の現場に遭遇する。そんな彼女のもとに、警察官の鴻田と警察通訳人の有木野が訪れ……。社会から取りこぼされてしまった外国人たちや、国内で暗躍する犯罪組織と向き合う2人の活躍が描かれる。同作はコミックDAYSで連載中。,[],[]
猫たちのお悩み解決！“猫がお客の便利屋”描く「便利ねこ雑貨店 ねこのて堂」（コミックナタリー）,https://news.yahoo.co.jp/articles/75489aeea7a76edb4d905fef67522bbb797f91f4,https://newsatcl-pctr.c.yimg.jp/t/amd-img/20260722-00000130-nataliec-000-1-view.jpg?exp=10800,2026-07-22T17:40:11+09:00,2026-07-22T17:40:11+09:00,コミックナタリー,nataliec,コミックナタリー,207,「便利ねこ雑貨店 ねこのて堂」 可山コロネの単行本「便利ねこ雑貨店 ねこのて堂」が本日7月22日に発売された。 「便利ねこ雑貨店 ねこのて堂」は、表向きは雑貨店だが、実は“猫がお客の便利屋”という顔を持つお店・ねこのて堂を舞台に描かれる物語。店を任されているカエは、昔からなぜか猫の言葉がわかる。彼女は看板猫のガブリエルと一緒に、今日も店を訪れる猫たちの悩みと向き合って……。ねこぱんち（少年画報社）で発表された。,[],[]
「【推しの子】」展開幕、宇垣美里が展示を紹介　推しグッズはピーマン体操のエプロン（コミックナタリー）,https://news.yahoo.co.jp/articles/f693ff3b262d730aefc67865eeb354ff7d11a5ea,https://newsatcl-pctr.c.yimg.jp/t/amd-img/20260722-00000128-nataliec-000-1-view.jpg?exp=10800,2026-07-22T17:33:11+09:00,2026-07-22T17:33:11+09:00,コミックナタリー,nataliec,コミックナタリー,2567,「マンガ【推しの子】展 -星のキセキ-」のオープニングイベントに登壇した宇垣美里 (c)赤坂アカ×横槍メンゴ/集英社 赤坂アカ×横槍メンゴ「【推しの子】」にとって初となる展覧会「マンガ【推しの子】展 -星のキセキ-」が、本日7月22日に東京・松屋銀座で開幕した。同日にプレス内覧会が実施され、オープニングイベントに「【推しの子】」ファンの宇垣美里が登壇した。 【画像】「マンガ【推しの子】展 -星のキセキ-」のオープニングイベントに登壇した宇垣美里 (c)赤坂アカ×横槍メンゴ/集英社（他56件） ■ 推しは有馬かな、宇垣美里が注目した展示は？ ひと足先に会場を回った宇垣は、「横槍メンゴ先生の絵が大好きで、『【推しの子】』は連載が始まったときから読んでいました。こうやって作品の世界観をたっぷり味わえる展示を見ることができてとってもうれしいです」とコメント。オープニングイベントが行われた会場入り口に大きく飾られた、横槍が展覧会のために描き下ろしたキービジュアルについては、「すごく素敵ですね！ 展示の最後ではこのキービジュアルが描かれる過程を撮影した動画を観ることができます。モニターの横には横槍先生が何を意図して描いたのかを明かしたコメントもあるので、会場に足を運ぶことでよりこのキービジュアルを味わえました」と話した。 展示については「印象的なシーンのイラストがたくさん展示されています。あのコンサートの会場を再現したキラッキラの展示があって、本当にサイリウムが光ってるみたいに見えて、なんて素敵なんだろうと。『これが彼女たちがステージ上から見た景色なんだ！』と思いました」と語り、「先生たちのコメントをピンポイントで読めるのもよかったですね」と付け加える。さらに「私はかなちゃんが推しなんですけど、彼女が『アンタの推しの子になってやる』って宣言するところがすごく好きで。あの場面がけっこう大きな絵になってたのがちょっとうれしかったです」と笑顔になった。 ■ 宇垣美里オススメのグッズはピーマン体操のエプロン 宇垣は星野家の幸せなひとときとリビングを再現した展示にも言及。この展示スペースではアイを襲った事件の一部も再現されており、これについて「あれは辛すぎますよね……心ない（笑）。でも、あのときガラス越しにこういうふうに見えていたんだなと思ったし、『え、じゃあここで……？』と、事件の現場に立ち会ってしまったように感じて、一気に作品の中に入り込めました」と感想を明かした。 また宇垣はオススメのグッズとして、有馬かなにちなんだ「CD風メモ ～ピーマン体操～」や「ピーマン体操エプロン（缶バッジ付き）」をピックアップ。「ありし日の彼女の黒歴史を手にすることができるなんて（笑）」と、かなのファンらしいコメントでグッズを紹介した。会場ではこれらのグッズのほか、アクリルスタンドや缶バッジといった定番のもの、推し活にぴったりのうちわ、ぴえヨンのスリッパなど75アイテムを販売。展覧会のパンフレットも用意されている。 ■ 星野家のリビング、そしてアイを襲った悲劇を再現 会場に入ってすぐのスペースでは「【推しの子】」の記念すべき1話の巻頭カラーや、アイ、アクア、ルビーの名場面を並べた展示が来場者をお出迎え。先に進むとアクアとルビーがまだ幼い頃を描いたプロローグ“幼年期”の展示エリアに出る。ここには星野家のリビングが再現されており、アイを襲った悲劇を想起させる仕掛けも。 さらに先に進むと、アクアとルビーが芸能界を駆け上がっていく軌跡を辿った“芸能界”の展示エリアが現れる。ルビーがアイドルとして躍進していく姿や、アクアが復讐のために突き進む様子を見ることができるのがこのエリアだ。 作中の恋愛リアリティショー編、2.5次元舞台編といった各編の展示物がずらりと並べられた。そしてアクアとルビーの仲違いや復讐心に焦点を当てた展示エリア、映画「15年の嘘」が軸となる最終章の展示エリアが続き、最終話にフォーカスした展示エリアにつながっていく。 ■ 「【推しの子】」におけるクライマックスを鑑賞できる特別シアター「アクアの決意」 また各エリアのほかにも転生、オフショット、三角関係をテーマに選ばれたイラストを並べたパネルや、展覧会のキービジュアルをはじめこれまでに発表されてきたカラーイラストを集めたパネルも用意された。 さらにこうしたイラストのみならず、B小町のステージ風フォトスポット、特別シアター「アクアの決意」も用意されている。「アクアの決意」は、ルビーを守るためにアクアが下した大きな決断とその結末をダイジェストでまとめた映像。「【推しの子】」におけるクライマックスを、壮麗なBGMとともに鑑賞できる展覧会の大きな見どころの1つだ。この映像は撮影不可となるため、目に焼き付けておこう。 ■ 「マンガ【推しの子】展 -星のキセキ-」は兵庫、鹿児島でも開催 「マンガ【推しの子】展 -星のキセキ-」は、本日から8月11日まで松屋銀座の8階にあるイベントスペースで開幕。「【推しの子】」のストーリーを数々のイラストや作中の再現展示、そして赤坂と横槍のコメントなどで振り返ることができる。9月16日から28日までは兵庫・大丸神戸店、11月7日から2027年1月11日までは鹿児島・カクイックス交流センターでも開催される。 ■ 「マンガ【推しの子】展 -星のキセキ-」開催情報 期間：2026年7月22日（水）～8月11日（火・祝） 時間：11:00～20:00 ※最終入場は閉場30分前まで、7月26日（日）、8月2日（日）、8月9日（日）は19:30閉場、最終日は17:00閉場。 会場：東京都 松屋銀座8階イベントスクエア 料金：一般2000円、高校生1300円、小・中学生800円、グッズ付き（数量限定）4000円 期間：2026年9月16日（水）～28日（月） 会場：兵庫県 大丸神戸店 9階 大丸ミュージアム＜神戸＞ 期間：2026年11月7日（土）～2027年1月11日（月・祝）※毎週月曜日は原則休館、12月29日（火）～1月3日（日）は休館。 会場：鹿児島県 カクイックス交流センター（かごしま県民交流センター）6階,[],[]
水木しげる×グラニフ 「鬼太郎」「墓場鬼太郎」の世界を表現したTシャツなど全19種（コミックナタリー）,https://news.yahoo.co.jp/articles/efbecddbe7bc29f83c307899f9eb6aa216a19722,https://newsatcl-pctr.c.yimg.jp/t/amd-img/20260722-00000124-nataliec-000-1-view.jpg?exp=10800,2026-07-22T17:18:10+09:00,2026-07-22T17:18:10+09:00,コミックナタリー,nataliec,コミックナタリー,404,水木しげる作品とグラニフのコラボレーションバナー 水木しげる作品とグラニフのコラボレーションアイテムが、7月28日に販売開始。本日7月22日に公式オンラインストアでの先行予約がスタートした。 【画像】「鬼太郎と仲間たち｜ジップパーカー」（他29件） 今回のコラボでは妖怪たちや名シーンをデザインしたアイテム全19種類をラインナップ。「ゲゲゲの鬼太郎」や「墓場鬼太郎」に登場するキャラクターや名シーンが採り入れられた。鬼太郎ファミリーが先頭に立つ妖怪たちの行列をデザインした半袖シャツ、生前の鬼太郎の父の姿をバックにプリントしたTシャツ、墓場から鬼太郎が生まれた衝撃的なシーンをモチーフにしたスウェットパンツ、鬼太郎や水木、鬼太郎の父などのシーンを組み合わせたショルダーバッグ、一反もめんに乗った鬼太郎を刺繍で表現したデザインポーチ、バックベアードをダイナミックに刺繍した財布などが揃えられた。 (c)水木プロ,[],[]
美味しい料理と看板猫が癒やしてくれる「しっぽ食堂の土鍋ごはん」マンガ版1巻　（コミックナタリー）,https://news.yahoo.co.jp/articles/d15f2f6eec86ce535aaa53c624f3c39ded444a73,https://newsatcl-pctr.c.yimg.jp/t/amd-img/20260722-00000114-nataliec-000-1-view.jpg?exp=10800,2026-07-22T16:49:10+09:00,2026-07-22T16:49:10+09:00,コミックナタリー,nataliec,コミックナタリー,445,「しっぽ食堂の土鍋ごはん」1巻（帯付き） 伊佐楽もも「しっぽ食堂の土鍋ごはん」1巻が本日7月22日に発売された。高橋由太の同名小説を原作とするコミカライズ作品だ。 【画像】LINEスタンプ「しっぽ食堂の土鍋ごはん」のサンプル（他1件） 「しっぽ食堂の土鍋ごはん」は千葉の港町を舞台に、看板猫・しっぽと美味しい土鍋料理の数々で悩めるお客を優しく癒やす、古民家風のお店・しっぽ食堂を描くハートフルストーリー。第1話では仕事がなくなり崖っぷちのシンガーソングライター・紬が、しっぽ食堂に偶然たどり着く。ぶっきらぼうな店主・中堂は、紬が何も注文していないにもかかわらず、彼女の好物である“深谷ねぎのポタージュ”を提供してくれて……。1巻の巻末には原作者である高橋の書き下ろし小説も収録された。 発売に合わせて、SNSで感想投稿キャンペーンを展開。著者陣のサイン色紙が5人に当たる。また東京・神保町の書泉グランデ、秋葉原の書泉ブックタワーでは購入特典を配布。LINEスタンプもリリースされたばかりだ。,[],[]
アニメ「入間くん」池袋でモフエゴに会える、グリーティングを7月25日に開催（コミックナタリー）,https://news.yahoo.co.jp/articles/ac70a589084889406b88317ca7a34616bad17691,https://newsatcl-pctr.c.yimg.jp/t/amd-img/20260722-00000113-nataliec-000-1-view.jpg?exp=10800,2026-07-22T16:48:10+09:00,2026-07-22T16:48:10+09:00,コミックナタリー,nataliec,コミックナタリー,514,モフエゴグリーティングイベントの告知 西修原作による「魔入りました！入間くん」に登場するモフエゴのグリーティングイベントが、7月25日に東京・POP Culture Style IKEBUKUROで開催される。 【画像】「『魔入りました！入間くん』PremiumShop」の告知画像（他1件） グリーティングに参加するには、POP Culture Style IKEBUKURO店頭で「アニメ『魔入りました！入間くん』」関連グッズを1点以上購入すると手に入る整理券が必要。整理券は13時からと15時から、各回先着25組、合計50組に配布される。なお「『魔入りました！入間くん』PremiumShop」は、7月30日まで開催中だ。 ■ 「『魔入りました！入間くん』PremiumShop」 期間：2026年7月3日（金）～30日（木） 時間：10:00～20:00 会場：東京都 池袋スクエア au Style内 2階 □ モフエゴグリーティングイベント 日時：2026年7月25日（土）13:00～、15:00～ 会場：東京都 POP Culture Style IKEBUKURO（au Style IKEBUKURO 2階）,[],[]
気まぐれ猫とレトロアパートで半同棲生活「濃藍アパートメントの猫」1巻（コミックナタリー）,https://news.yahoo.co.jp/articles/32efc67656839a051506f09053f0d7f2d61194c3,https://newsatcl-pctr.c.yimg.jp/t/amd-img/20260722-00000112-nataliec-000-1-view.jpg?exp=10800,2026-07-22T16:45:10+09:00,2026-07-22T16:45:10+09:00,コミックナタリー,nataliec,コミックナタリー,287,「濃藍アパートメントの猫」1巻 木村さくら「濃藍アパートメントの猫」1巻が、本日7月22日に発売された。 「濃藍アパートメントの猫」は絵本編集者の遠久野と、彼が暮らすアパートに住む自由気ままな猫・美美（ビビ）、個性豊かな住人らの日常を描く物語。ねこぱんち（少年画報社）で発表されている。 発売に合わせて、東京・神保町の書泉グランデ、秋葉原の書泉ブックタワーではフェアを開催。木村の生原画を展示するほか、購入特典として書泉オリジナル特典ペーパーを配布する。また兵庫の1003、千葉のときわ書房志津ステーションビル店、サクラdeブックスでは特典としてステッカーが用意されている。,[],[]
画家の父と残された娘、謎の絵画が織りなす物語「お父さんは私を描かない」（コミックナタリー）,https://news.yahoo.co.jp/articles/8a80cca9671970ae8040315decbbe23a7d72fdba,https://newsatcl-pctr.c.yimg.jp/t/amd-img/20260722-00000102-nataliec-000-1-view.jpg?exp=10800,2026-07-22T15:28:10+09:00,2026-07-22T15:28:10+09:00,コミックナタリー,nataliec,コミックナタリー,242,「お父さんは私を描かない」 かしのこおり「お父さんは私を描かない」が、本日7月22日に発売された。 主人公・浅黄すみれは、恋人との別れをきっかけに19年前に別離した父・碧のことを思い出す。画家だった父は、一度も娘であるすみれを描くことはなかった。親子で過ごした記憶を頼りに思い出の残る海辺にやってきたすみれは、奇妙な青年と出会う。そして偶然訪れた美術展で、すみれは幼い頃の自分を描いた絵画を見つけて……。描かれることのなかったはずの自分の絵をきっかけに、すみれの物語が動き出していく。,[],[]
“幸福”の裏に潜む事件を追うバディミステリー、丸木戸マキ「PAX 国民幸福管理局」1巻（コミックナタリー）,https://news.yahoo.co.jp/articles/eb5a11f2f057619b3f7acb93667ff3cdff7f7e62,https://newsatcl-pctr.c.yimg.jp/t/amd-img/20260722-00000101-nataliec-000-1-view.jpg?exp=10800,2026-07-22T15:27:11+09:00,2026-07-22T15:27:11+09:00,コミックナタリー,nataliec,コミックナタリー,308,「PAX 国民幸福管理局」1巻 丸木戸マキ「PAX 国民幸福管理局」1巻が、本日7月22日に発売された。 国民の幸福が測定可能になり、「PAX」と呼ばれる数値で測定されている近未来の日本。国民幸福管理局、通称“幸福局”では、PAXを活用した国民の幸福モニタリングが行われていた。異様に高いPAXスコアを持ち、順風満帆に生きてきたケースワーカーの百道は、ある日突然、幸福局の特別対応室に配属されることに。そこは事件になる前の異変を調査する部署だった。百道は元警察官の問題児・六渡とタッグを組み、“幸福”の裏に潜む事件を追っていく。同作は月刊アフタヌーン（講談社）で連載中。 【画像】「PAX 国民幸福管理局」第1話より,[],[]
昭和・平成・令和の“ギャップあるある”描くハートフルコメディ「昭和ママと令和キッズ」（コミックナタリー）,https://news.yahoo.co.jp/articles/75371ab5e8fe6fb88353862f15d152ce8eade6f2,https://newsatcl-pctr.c.yimg.jp/t/amd-img/20260722-00000098-nataliec-000-1-view.jpg?exp=10800,2026-07-22T15:00:21+09:00,2026-07-22T15:00:21+09:00,コミックナタリー,nataliec,コミックナタリー,184,「昭和ママと令和キッズ」 「母がしんどい」で知られる田房永子の最新作「昭和ママと令和キッズ」が、本日7月22日に発売された。 小学5年生・あおいはイマドキの女の子。あおいの母・とも子は世代間ギャップ話が大好きで、あおいの叔母であるチカやご近所さんのブッキーと一緒に、昭和・平成・令和の“ギャップあるある”を発掘している。そんな彼女たちの日常を描くハートフルコメディだ。,[],[]
アニメ「アオアシ」×スポーツ庁、ポスターに「考えろ。その一歩が、未来を動かす」（コミックナタリー）,https://news.yahoo.co.jp/articles/cc6e0fb30f39a5d5c8da6bf7913e10dbfac0c1d5,https://newsatcl-pctr.c.yimg.jp/t/amd-img/20260722-00000093-nataliec-000-1-view.jpg?exp=10800,2026-07-22T14:00:20+09:00,2026-07-22T14:00:20+09:00,コミックナタリー,nataliec,コミックナタリー,929,TVアニメ「アオアシ Season2」とスポーツ庁のコラボポスター 小林有吾原作によるTVアニメ「アオアシ Season2」とスポーツ庁のコラボが決定。アニメのメインビジュアルを使用したコラボポスター公開された。 【動画】TVアニメ「アオアシ Season2」ティザーPV（他1件） 部活動の地域展開や学校体育の充実に向けた取り組みなどを推進するスポーツ庁。今回のコラボを通して、TVアニメ「アオアシ Season2」もスポーツに取り組む子供たちを応援するとともに、未来を担う子供たちが、持続可能な形で多様なスポーツ活動に親しむことができる社会の実現に向けての取り組みを支援していく。コラボポスターには「考えろ。その一歩が、未来を動かす」という、スポーツに励むすべての人の背中を押すメッセージが添えられた。 「アオアシ」は高校生年代のサッカー選手を育成する組織・ユースの世界を舞台に、主人公・青井葦人の成長を描く物語。原作は2015年から2025年まで週刊ビッグコミックスピリッツ（小学館）で連載され、累計部数は2500万部を突破している。アニメ第1期は2022年4月から9月まで放送。第2期の第1クールが10月4日から毎週日曜17時より放送される。 ■ TVアニメ「アオアシ Season2」 NHK Eテレ：2026年10月4日（日）17:00～毎週日曜日放送 □ スタッフ 原作：小林有吾「アオアシ」（小学館「ビッグスピリッツコミックス」刊） 監督：横山和基 シリーズ構成：横谷昌宏 キャラクターデザイン：中武学・田口麻美・山中純子 音響監督：はたしょう二 音楽：横山克 アニメーション制作：トムス・エンタテインメント □ キャスト 青井葦人：大鈴功起 大友栄作：橘龍丸 橘総一朗：山下誠一郎 冨樫慶司：八代拓 黒田勘平：堀江瞬 朝利マーチス淳：加藤渉 本木遊馬：榎木淳弥 竹島龍一：熊谷健太郎 阿久津渚：武内駿輔 栗林晴久：梅原裕一郎 中村平：小野賢章 桐木曜一：内山昂輝 高杉榮太：古川慎 義経健太：興津和幸 一条花：河瀬茉希 海堂杏里：上田麗奈 福田達也：小林親弘 伊達望：安元洋貴 (c)小林有吾・小学館／「アオアシ Season2」製作委員会,[],[]
家族を失った男が半壊した世界で悪霊と戦う、異能力憑依バトル「ゴールデンファントム」（コミックナタリー）,https://news.yahoo.co.jp/articles/ff22debba8da4d7fef08db87f1a55e733d27d35a,https://newsatcl-pctr.c.yimg.jp/t/amd-img/20260722-00000089-nataliec-000-1-view.jpg?exp=10800,2026-07-22T13:50:11+09:00,2026-07-22T13:50:11+09:00,コミックナタリー,nataliec,コミックナタリー,312,「ゴールデンファントム」1巻 山嵜大輝「ゴールデンファントム」1巻が、本日7月22日に発売された。 娘の中学卒業祝いで、妻と一緒に遊園地に来た朝日奈慎吾。そこで血だらけで追われる謎の男を見かけ、とっさに観覧車に同乗し彼をかくまうが、男は「30分後にこの遊園地が地獄になる」と語り始めた。それを止めるためには、慎吾の肉体を「借りる」必要があるという男の言葉を信じて託した慎吾だったが、次に慎吾が目を覚ますと、世界最大規模の災害“大落災”が起きたあとの世界だった。妻と娘の生存を信じ、捜すことを決意した慎吾は、謎の女性・ソフィーと出会い……。同作は月刊アフタヌーン（講談社）で連載中。 【画像】「ゴールデンファントム」第1話より,[],[]
50mを6.66秒で走れると過去に戻れる、そんな噂をめぐるSF陸上ドラマ「走る昨日へ」（コミックナタリー）,https://news.yahoo.co.jp/articles/fba7df8994ec1fcfc3b3ea24e4bc83afcadbf2e6,https://newsatcl-pctr.c.yimg.jp/t/amd-img/20260722-00000085-nataliec-000-1-view.jpg?exp=10800,2026-07-22T13:17:10+09:00,2026-07-22T13:17:10+09:00,コミックナタリー,nataliec,コミックナタリー,256,「走る昨日へ」扉ページ (c)夏島扉/集英社 夏島扉の読み切り「走る昨日へ」が、本日7月22日に少年ジャンプ＋で公開された。 50mを6.66秒で走れると少しの間、過去にタイムスリップできる陸上トラックがあるらしい。そんな噂に挑戦するため、周囲からは勉強一筋と思われている男子高校生の長浜は、陸上部エースの少女・水嶋に陸上を教えてほしいとコーチを頼む。長浜は死んだ父親に会いたいと言うが……。とある思いを抱えた少年と、走ることが大好きな少女のSF陸上ドラマだ。 【画像】夏島扉の過去の読み切り「進路指導」扉ページ,[],[]
強面ドジJKとビビリ男子の青春もの＆マルチバース純愛ラブコメ、JOKERで新連載2本（コミックナタリー）,https://news.yahoo.co.jp/articles/f362ab82951bcaa6948b6064e96552c9e7be4c6c,https://newsatcl-pctr.c.yimg.jp/t/amd-img/20260722-00000080-nataliec-000-1-view.jpg?exp=10800,2026-07-22T12:30:11+09:00,2026-07-22T12:30:11+09:00,コミックナタリー,nataliec,コミックナタリー,434,「生きるのヘタな他校の女子」カラーページ 本日7月22日発売のガンガンJOKER8月号（スクウェア・エニックス）で、新連載2本がスタート。春乃カミハル「生きるのヘタな他校の女子」、蒼舵原作による黒江景秋「八重乃遥可は8人いる!!」が掲載された。 【画像】「八重乃遥可は8人いる!!」カラーページ（他2件） 「生きるのヘタな他校の女子」は、見た目は強面だがドジな女子高生・三田とビビリな男子高校生・人吉のボーイミーツガール。何事も極度に怖がる人吉は、朝の電車で強面な女子・三田から突然話しかけられる。どうやら彼女は電車で気分が悪くなってしまった様子。ビビりながらも彼女を介抱した人吉は、三田の見た目からは想像できないドジで不器用な面を垣間見て……。 「八重乃遥可は8人いる!!」は八重乃遥可という少女を描く“マルチバース純愛ラブコメ”。男子高校生の呼名多（こなた）は、幼なじみの遥可に恋をしている。そんな呼名多の前に、ギャル姿の遥可が現れたところから物語は展開していく。,[],[]
ミュージカル「せれまほ」作品の世界観とエヴァへの祝福を込めたメインビジュアル（コミックナタリー）,https://news.yahoo.co.jp/articles/8b1098206de7faf55ce8fd3ee222343bdf89da45,https://newsatcl-pctr.c.yimg.jp/t/amd-img/20260722-00000071-nataliec-000-1-view.jpg?exp=10800,2026-07-22T12:01:43+09:00,2026-07-22T12:01:43+09:00,コミックナタリー,nataliec,コミックナタリー,799,ミュージカル「精霊魔法が使えない無能だと婚約破棄されたので、義妹の奴隷になるより追放を選びました」メインビジュアル 多花葉ねみ、めぐめぐ原作によるミュージカル「精霊魔法が使えない無能だと婚約破棄されたので、義妹の奴隷になるより追放を選びました」のメインビジュアルが公開された。 【画像】エヴァのキャラクタービジュアル（他9件） 「精霊魔法が使えない無能だと婚約破棄されたので、義妹の奴隷になるより追放を選びました」は婚約破棄と追放から始まる異世界シンデレラストーリー。精霊魔法が人々の暮らしを支える国で、精霊魔法がまったく使えなかった公爵令嬢のエヴァは、義妹・マルティの策略で国外追放されてしまい……。公開されたメインビジュアルでは、花や光のエフェクトを使用し、精霊と魔法が息づく原作の世界観を表現。自ら未来を切り開くエヴァへの祝福がビジュアルに込められた。 ミュージカルは10月8日から11日まで東京・六行会ホールで上演。チケットは7月25日12時より先着となるプレリクエスト先行2次の受け付けがスタートする。またVIP席ならびにプレミアム席購入者が対象のハイタッチ会参加券追加販売の詳細も発表された。 ■ ミュージカル「精霊魔法が使えない無能だと婚約破棄されたので、義妹の奴隷になるより追放を選びました」 期間：2026年10月8日（木）～11日（日） 会場：東京都 六行会ホール 料金：VIP1万8000円、プレミアム1万4500円、一般9900円 □ スタッフ 脚本・演出・作詞：岡本貴也 音楽：鎌田雅人 □ キャスト エヴァ：神志那結衣 アラン：舟木健（NORD） リズリー：小林翔汰（夢喰NEON） マルティ：田中海咲 マリア：磯部杏莉 ルドルフ：松原剛志 イグニス：笠谷朗（ON FLEEK） メルトア：田宮華苗 (c)多花葉ねみ・めぐめぐ／集英社・ミュージカル『せれまほ』製作委員会,[],[]
実写映画「ルックバック」藤野と京本を中心に流れる何気ない日常を記録した場面写真（コミックナタリー）,https://news.yahoo.co.jp/articles/d55b1f399d1b02bf81807bd8173030f5abc0e13d,https://newsatcl-pctr.c.yimg.jp/t/amd-img/20260722-00000070-nataliec-000-1-view.jpg?exp=10800,2026-07-22T12:01:36+09:00,2026-07-22T12:01:36+09:00,コミックナタリー,nataliec,コミックナタリー,947,実写映画「ルックバック」場面写真 藤本タツキ原作による実写映画「ルックバック」の場面写真が公開された。 今回解禁されたのは、写真家・濱田英明が約3カ月にわたり撮影現場に密着し、作品世界の柔らかな空気感や、藤野と京本を中心に流れる何気ない日常を記録した8枚。マンガの腕に絶対の自信を持つ藤野と、彼女に憧れを抱きながらも圧倒的な画力を秘めた京本が初めて出会うシーンや、少年ジャンプを手に雪が積もった道を歩く藤野と京本、さらに京本へまっすぐな視線を向ける藤野、原作でも印象深い黄色と深緑のスケッチブックを見つめる京本の姿などが切り取られている。 【画像】ジャンプを手に雪が積もった道を歩く藤野と京本 また「ルックバック」が、第51回トロント国際映画祭のスペシャル・プレゼンテーション部門に選出されたことも発表に。同映画祭は9月10日から20日までの間、カナダで開催される。 「ルックバック」は、2021年に少年ジャンプ＋で公開された長編読切。自分の画力に自信を持っていた小学4年生の藤野と、高い画力を持つ不登校の同級生・京本、ひたむきにマンガを描き続ける少女2人の青春と軌跡が描かれる。実写映画は9月11日公開。是枝裕和が監督を担当し、出口夏希が藤野役、蒔田彩珠が京本役でW主演を務める。 ■ 実写映画「ルックバック」 2026年9月11日（金）公開 □ スタッフ 原作：藤本タツキ「ルックバック」（集英社ジャンプコミックス刊） 監督・脚本・編集：是枝裕和 音楽：坂東祐大 撮影：上野千蔵 照明：西田まさちお 録音：冨田和彦 美術：小島伸介 衣装：伊藤佐智子 ヘアメイク監修：勇見勝彦 助監督：中山権正 スクリプター：田口良子 キャスティング：田端利江、山下葉子 VFXスーパーバイザー：上田倫人 ラインプロデューサー：村岡伸一郎 後援：秋田県にかほ市 企画・プロデューサー：小出大樹 配給：K2 Pictures □ キャスト 藤野：出口夏希 京本：蒔田彩珠 藤野（子供時代）：七瀬ふうり 京本（子供時代）：岡田六花 藤野朱里：野呂佳代 藤野仁志：池田良 藤野恵：佐々木みゆ 真鍋：山田真歩 玉井：宮藤官九郎 前田：菅田将暉 (c)藤本タツキ／集英社 (c)2026 K2 Pictures・集英社,[],[]
「スタジオカバナ」来年アニメ化！牧ゆかり役は鈴代紗弓、優助役のオーディション開催（コミックナタリー）,https://news.yahoo.co.jp/articles/3622fdbb9760eaed46f0f81b3d382b948aa034e7,https://newsatcl-pctr.c.yimg.jp/t/amd-img/20260722-00000048-nataliec-000-1-view.jpg?exp=10800,2026-07-22T11:00:38+09:00,2026-07-22T11:00:38+09:00,コミックナタリー,nataliec,コミックナタリー,1617,TVアニメ「スタジオカバナ」ティザービジュアル 馬あぐり「スタジオカバナ」が2027年にTVアニメ化決定。牧ゆかり役は、鈴代紗弓が原作PVから続投する。 【画像】「スタジオカバナ」1巻（他5件） 「スタジオカバナ」は、恐ろしく整った外見に、誰も寄せ付けないオーラを放つ日下優助と、そんな優助に物怖じせず注意する真面目な少女・牧ゆかりの青春ラブストーリー。ゆかりが偶然、音楽スタジオで歌う優助を目にしてから、2人の関係が変わっていくさまが描かれる。原作はWebコミック・シルフで連載されている。 ティザービジュアルには学校の屋上で優助とゆかりが出会う、物語冒頭の様子が収められた。なおアニメの監督は牛嶋新一郎、シリーズ構成は平林佐和子、キャラクターデザインは佐川遥が務める。アニメーション制作はJUVENAGEに決定した。 優助の歌唱アーティストを決めるオーディションも進行中。オーディションでは選考委員会に加え、視聴者が参加できるファン投票企画も実施する。同企画では9月より候補者5人の歌唱動画を公開し、11月後半に一般投票をスタート。2027年1月にアーティストが決定する。なお8月21日には公式SNSで、優助たちのバンド・the oopsが実際に録音したかのような「demo1」の1フレーズデモ音源も公開予定だ。 馬あぐりはアニメ化について「何年も私の脳内の住人だった牧や優助たちが、様々なプロフェッショナルの手によって世界へ飛び出し、喋る……!? 動く……!!? 思いもよらなかった事態に震えっぱなしです」とコメント。鈴代は原作を読んだときの印象を「おしゃれで清涼感のある雰囲気、そして馬あぐり先生の描く美しいタッチはもちろん、その奥にある繊細で少しディープな心情のやり取りに心をぐっと掴まれたことを今でも覚えています」と語った。 カドコミとpixivコミックでは、8月20日まで単行本1巻分を無料公開中。また公式Xでは、8月2日23時59分までに公式Xをフォローし、対象の投稿をリポストすると、ビジュアルポストカードが5人に当たるキャンペーンも開催されている。 ■ 馬あぐりコメント 「スタジオカバナ」は漫画家になる前からあたためていた、大事な思い入れのある作品です。 何年も私の脳内の住人だった牧や優助たちが、様々なプロフェッショナルの手によって世界へ飛び出し、喋る……!? 動く……!!? 思いもよらなかった事態に震えっぱなしです。 携わっていただいた全ての方に、そして支えて下さった読者の皆様に、心からありがとうございます。 ■ 鈴代紗弓（牧ゆかり役）コメント アニメ化、本当におめでとうございます！ 牧ゆかりを演じさせていただきます、鈴代紗弓です。 牧さんとの出会いは、2022年に公開された「スタジオカバナ」の原作PVでした。初めて原作を拝見した時、おしゃれで清涼感のある雰囲気、そして馬あぐり先生の描く美しいタッチはもちろん、その奥にある繊細で少しディープな心情のやり取りに心をぐっと掴まれたことを今でも覚えています。そこから約4年。こうしてアニメでも牧さんと一緒に歩んでいけることを、とても嬉しく思っています。ありがとうございます…！ 真面目でまっすぐなゆかりの心が、日下くんとの出会いによってどのように揺れ動き、変化していくのか。ひとつひとつの想いを大切に、心を込めて演じさせていただきます。作品の世界を、ぜひアニメでも楽しんでいただけたら嬉しいです。よろしくお願いいたします!! ■ TVアニメ「スタジオカバナ」 2027年放送 □ スタッフ 原作：馬あぐり（シルフコミックス/KADOKAWA刊） 監督：牛嶋新一郎 シリーズ構成：平林佐和子 キャラクターデザイン：佐川遥 アニメーション制作：JUVENAGE □ キャスト 牧ゆかり：鈴代紗弓 (c)馬あぐり/KADOKAWA/「スタジオカバナ」製作委員会,[],[]
実写映画「サマータイムレンダ」2027年に公開決定！監督は二宮健（コミックナタリー）,https://news.yahoo.co.jp/articles/d4dc332ed47404528de48c2f5e1cfbd99fc40807,https://newsatcl-pctr.c.yimg.jp/t/amd-img/20260722-00000041-nataliec-000-1-view.jpg?exp=10800,2026-07-22T10:34:10+09:00,2026-07-22T10:34:10+09:00,コミックナタリー,nataliec,コミックナタリー,432,「サマータイムレンダ」13巻 田中靖規「サマータイムレンダ」の実写映画が2027年に公開されることが発表された。監督は「チワワちゃん」「とんかつDJアゲ太郎」「真夜中乙女戦争」などを手がけた二宮健が担当する。 【画像】2021年に発表された、実写化企画が進行中であることを伝える告知画像 「サマータイムレンダ」は、和歌山県にある人口およそ700人の離島・日都ヶ島を舞台に描くサスペンス。幼なじみであり家族でもある潮が亡くなったとの報せを受けた青年・慎平は、2年ぶりに日都ヶ島へと里帰りする。潮の葬儀は滞りなく行われたものの、島に異変が発生していたことから、慎平はとある事件に巻き込まれていく。少年ジャンプ＋で2017年から2021年まで連載され、2022年にTVアニメが放送されている。なお完結時に実写化企画が進行中であることがアナウンスされていた。作品の公式Xでは「物語の始まりの日となる7月22日に遂に発表できました！ ぜひご期待ください！」とポストしている。,[],[]
劇場アニメ「どこきみ」本予告公開　上坂すみれ、羽多野渉、岡本信彦、松岡禎丞が出演（コミックナタリー）,https://news.yahoo.co.jp/articles/aafee7ce674433481601180f29e67c652d04a636,https://newsatcl-pctr.c.yimg.jp/t/amd-img/20260722-00000028-nataliec-000-1-view.jpg?exp=10800,2026-07-22T08:00:16+09:00,2026-07-22T08:00:16+09:00,コミックナタリー,nataliec,コミックナタリー,2655,劇場アニメ「どこよりも遠い場所にいる君へ」本ビジュアル 劇場アニメ「どこよりも遠い場所にいる君へ」の本予告映像と本ビジュアルが公開された。また三島たまき役として上坂すみれ、相葉修治役として羽多野渉、矢野顕光役として岡本信彦、須加ヨシキ役として松岡禎丞が出演。主題歌は劇中歌も担当する、とたの「オリーブ」に決定した。 【動画】映画「どこよりも遠い場所にいる君へ」本予告（他4件） 本予告映像には主人公・月ヶ瀬和希や謎の少女・秋鹿七緒が登場。同作の舞台である離島、采岐島（ときしま）の“神隠しの入り江”で出会った和希と七緒の交流が描かれる。一方、過去の因縁に苦しむ和希や島に違和感を抱く七緒の姿も映し出された。本ビジュアルは、同作のキャラクターデザイン・総作画監督を務めるイラストレーターのへちまが描き下ろした。 上坂が演じるのは、和希や七緒が通う采岐島高校のクラスメイトで優等生のたまき役。羽多野はおおらかで実直な少年・修治役、岡本は和希の友人である顕光役、松岡は和希を目の敵にするヨシキ役を務める。 阿部暁子の小説を原作とする劇場アニメ「どこよりも遠い場所にいる君へ」は、10月9日公開。とある事情で都会を離れ、采岐島の高校に進学した和希と、1974年からやって来たという七緒が出会ったことから物語が動き出す。 ■ 上坂すみれ（三島たまき役）コメント この度「どこよりも遠い場所にいる君へ」にて、三島たまき役を演じさせていただきます！たまきはオーディションを受けさせていただいたのですが、クラスの優等生として明るく可愛い女の子でありつつしっかりと内面の機微を感じるところに一番共感を感じるキャラクターでした。島という、特異にして美しい監獄を舞台に、きりきりと心が絞られるような素敵なストーリーが紡がれています。ぜひ大きなスクリーンで観ていただきたいですし、私も観たいですっ！どうぞ公開をお楽しみに…!! ■ 羽多野渉（相葉修治役）コメント オーディションの時に初めてシナリオに触れたのですが、秘密を抱えた主人公、謎の少女、美しい離島、神隠し伝説と、大好きな要素が散りばめられていてワクワクしました。 とても瑞々しい素敵な作品への出演が決まって嬉しく思います。 自分は海のない長野の農村で生まれ育ったのですが、田舎には田舎にしかない時間の流れ方があるのかと思います。 采岐島でのゆったりとした時間の中で育まれた「おおらかさ」が表現できたらいいなぁと思って収録に臨みました。 みなさま、どうぞこの不思議で美しい物語をお楽しみくださいね。 ■ 岡本信彦（矢野顕光役）コメント 日常のすぐ隣に非日常が溶け込んでいるような、どこか懐かしくてノスタルジックな空気感が魅力の作品です。 主人公が海岸でひとりの少女と出会うところから本格的な物語が始まります。 いわゆるボーイミーツガールの要素があるのですが、この少女の存在が最後まで物語の大きな鍵を握っていて、「この子はいったい何者なんだろう？」と自然に少女の謎に引き込まれていくのではないでしょうか。 切なさや青春、そしてミステリー要素が混ざり合い、青春SFが好きな人には特に刺さる作品となっております。 僕はその中でも友達ポジションとして参加しておりまして、青春の会話を楽しませていただきました。 収録も一瞬で終わってしまったので、もっと喋りたかったです（笑） みなさまぜひタイトルの意味も含めて楽しんでくださいね。 ■ 松岡禎丞（須加ヨシキ役）コメント この度、須加ヨシキ役で携わらせていただくことになりました松岡禎丞です。 この作品はある種、現代社会を表していると思います。 見ていただけると如実に感じていただけると思いますが、1つの因縁が1人の人間の人生を反転させてしまうこともありえるという。でもそれが本人は悪くはなく、周りの環境がそうさせてしまった、など…。 ストーリー的には最終的に、え？これ……、と思う展開が待っているので楽しみにしていてください。 僕の役は、多分…、皆様は許せないと思うので大いになじってください。 でも思いっきり演じさせていただきました。悔いはないです。 公開前は何を言ってるかわからないと思いますが、この作品を見ていただけたらわかると思います。 様々な感情を抱かせる作品なので、色々な方にぜひ見ていただきたいです。 『どこよりも遠い場所にいる君へ』 よろしくお願いいたします。 ■ とたコメント 劇中歌「鳳仙花」に続いて主題歌「オリーブ」も担当させていただきました。 光栄です。音楽という形でこの作品に携わらせていただけたことで、自分の私生活でも鍵盤に触る時間が増えたような気がしています。ありがとうございます。 主題歌を制作するにあたって、自然と和希との共通点が自分の中にいくつか浮かび上がっていました。 そしてそのひとつが「オリーブ」という曲になりました。 私にとってオリーブというものは「平和」や「再生」という言葉を想起させる存在です。 受け取ったその葉に気付いた時、どんな旋律を鳴らすだろう、どんな言葉を尽くすだろう、どんな色が芽吹くだろう。 考えるほどその果てしなさに縺れてしまいそうにもなりましたが、走るように書いたこの曲をバトンとして、 映画を観た皆さんに渡せることが今は楽しみです。 映画『どこよりも遠い場所にいる君へ』、合わせて主題歌「オリーブ」もそれぞれ受け取って貰えたら嬉しいです。 ■ 劇場アニメ「どこよりも遠い場所にいる君へ」 2026年10月9日（金）公開 □ スタッフ 原作：阿部暁子「どこよりも遠い場所にいる君へ」（集英社オレンジ文庫） 監督：和田純一 脚本：桑村さや香 キャラクターデザイン・総作画監督：へちま 美術監督：大西穣 美術設定：坂本竜 撮影監督：木村俊也 色彩設計：歌川律子 編集：坂本久美子 音響監督：はたしょう二 音響効果：出雲範子 音響制作：HALF H・P STUDIO 音楽：中村弘二 劇中歌：とた「鳳仙花」（RECA Records） アニメーション制作：トムス・エンタテインメント／第6スタジオ 配給：松竹 製作幹事：松竹・ポニーキャニオン 製作：『どこよりも遠い場所にいる君へ』製作委員会 □ キャスト 石橋陽彩、永瀬アンナ、土屋神葉、上坂すみれ、羽多野渉、岡本信彦、松岡禎丞、藤木直人（友情出演）、玉木宏 (c)阿部暁子／集英社・『どこよりも遠い場所にいる君へ』製作委員会,[],[]
「魔法のプリンセス ミンキーモモ」新作OVA特報公開　陽木くるみがミンキーモモ役（コミックナタリー）,https://news.yahoo.co.jp/articles/670d5c70dad348ea57e066b7e8b27870b95f318b,https://newsatcl-pctr.c.yimg.jp/t/amd-img/20260722-00000020-nataliec-000-1-view.jpg?exp=10800,2026-07-22T05:00:39+09:00,2026-07-22T05:00:39+09:00,コミックナタリー,nataliec,コミックナタリー,1623,「魔法のプリンセス ミンキーモモ 憧れの夢へ まごころの二重奏」本ポスタービジュアル 新作OVA「魔法のプリンセス ミンキーモモ 憧れの夢へ まごころの二重奏（デュオ）」より、特報映像と本ポスタービジュアルが公開された。また主人公の桃／ミンキーモモ役を陽木くるみ、デッタブック役を落合福嗣、チャモチャ役を藤原夏海、ピピルピ役を釘宮理恵が務める。 【動画】OVA「魔法のプリンセス ミンキーモモ 憧れの夢へ まごころの二重奏（デュオ）」特報映像（他3件） 特報映像では、夢と希望の国・デジナーサを救うため奮闘するミンキーモモたちの姿を垣間見ることができる。本ポスタービジュアルにはミンキーモモと、犬のデッタブック、猿のチャモチャ、鳥のピピルピが登場。グランドピアノを連弾する謎のキャラクター2人の後ろ姿も確認できる。またキャスト4人からのコメントも公開された。 「魔法のプリンセス ミンキーモモ 憧れの夢へ まごころの二重奏」は、「魔法のプリンセス ミンキーモモ」の32年ぶりの完全新作OVA。人々が夢と希望を持たなくなったことで“夢エネルギー”が減少し、消滅の危機を迎えた国・デジナーサを救うため、ミンキーモモたちが奮闘する。7月24日に特典付き前売り券が販売開始。11月13日に新宿バルト9ほか全国で公開される。 ■ 陽木くるみ（桃／ミンキーモモ役）コメント はじめまして！モモを演じさせていただきます。陽木くるみです。 世代を超えて、多くの方に長く愛され続ける作品。 その主役を任せていただけること、本当に光栄です。 同時に、「本当に私が…？」という信じられない気持ちや、大きな緊張もあります。 それでも、私も一人のモモとして、夢を信じる真っ直ぐな気持ちを大切に、 全力でモモを演じました。 この作品を通して、皆さまの心に夢や勇気を届けられたら幸せです。 よろしくお願いいたします。 ■ 落合福嗣（デッタブック役）コメント デッタブックを演じます落合福嗣です。 子供の頃に観ていたミンキーモモの世界の中で息をする事ができるなんてとても幸せな事です！ ピピルピやチャモチャとしっかりミンキーモモを支えていきます！ たくさんの方に観ていただきたい夢のパワー！ぜひ楽しんでください！ ■ 藤原夏海（チャモチャ役）コメント あのミンキーモモがなんと32年ぶりに復活…!?と言うことで、 このような大きな節目にミンキーモモに携わることができてとても嬉しいです！ 夢が一つのテーマになっている今回の作品で私自身も色々気づかせられることがたくさんありましたし、なによりワクワクしました！ 皆さんの心にもそんなワクワクが届けば嬉しいなぁと思います。 現代ならではのミンキーモモを楽しんでいただけたら嬉しいです！ よろしくお願いします！ ■ 釘宮理恵（ピピルピ役）コメント ピピルピ役を担当させていただきます釘宮理恵です。 可愛くおしゃま、モモが大好きな小鳥のお供で、演じるのがとても楽しいキャラクターでした。 素敵なエッセンスが沢山散りばめられた本作、劇場公開を楽しみに待っていてくださいね！ ■ 「魔法のプリンセス ミンキーモモ 憧れの夢へ まごころの二重奏（デュオ）」 2026年11月13日（金）新宿バルト9ほかにて全国ロードショー □ スタッフ 企画・原作：葦プロダクション 監督：渡辺歩 キャラクターデザイン：わたなべひろし、とみながまり 脚本：赤尾でこ 音響監督：清水勝則 音響制作：ザック・プロモーション 音楽：長谷川智樹 制作：葦プロダクション デザイン協力：スタジオライブ 製作委員会：FPMM Committee 配給：ムービック、ギグリーボックス □ キャスト 桃／ミンキーモモ：陽木くるみ デッタブック：落合福嗣 チャモチャ：藤原夏海 ピピルピ：釘宮理恵 (c)ASHI PRODUCTIONS 2026／FPMM Committee,[],[]
「ブルーロック」入寮テスト“オニごっこ”の映像公開　脱落者は日本代表の資格を失う（コミックナタリー）,https://news.yahoo.co.jp/articles/67ca8c4b092e2cecd37b8eebc6e25e533c5cdbe6,https://newsatcl-pctr.c.yimg.jp/t/amd-img/20260722-00000009-nataliec-000-1-view.jpg?exp=10800,2026-07-22T04:00:28+09:00,2026-07-22T04:00:28+09:00,コミックナタリー,nataliec,コミックナタリー,378,映画「ブルーロック」メインカット (c)金城宗幸・ノ村優介／講談社 (c)CK WORKS 金城宗幸・ノ村優介原作による実写映画「ブルーロック」より最新映像が公開された。映像には、挿入歌に決定したFukaseの新曲「twilight」が使用されている。 【動画】映画「ブルーロック」最新映像（他2件） 最新映像に映し出されるのは、“青い監獄（ブルーロック）”へやってきた主人公の潔世一が挑む入寮テスト・オニごっこの様子。ボールが当たった人間がオニになり、タイムアップの瞬間にオニだった者が日本代表に入る資格を失うというスリリングなテストのシーンを垣間見ることができる。 「ブルーロック」は、無名の高校生・潔が、ストライカーを育成する施設“青い監獄”に集められた299人のライバルを蹴落とし、世界一のストライカーを目指す物語。実写映画は8月7日に公開される。,[],[]
