headline,mainEntityOfPage,image,datePublished,dateModified,author,media_en,media_jp,str_count,body,images,external_links
7歳になる少年が連れ去られた…実際に起きた“カトリック教会によるユダヤ人誘拐事件”を映画化　「エドガルド・モルターラ ある少年の数奇な運命」を採点！（文春オンライン）,https://news.yahoo.co.jp/articles/dbf4021080bd1d196ab9caed03afab0705342bc1,https://newsatcl-pctr.c.yimg.jp/t/amd-img/20240429-00070529-bunshun-000-1-view.jpg?exp=10800,2024-04-29T17:12:57+09:00,2024-04-29T17:12:57+09:00,文春オンライン,bunshun,文春オンライン,945,\n〈あらすじ〉\n1858年、イタリア・ボローニャ。ユダヤ人居住区にあるモルターラ邸に教皇直属の兵士が押し入り、7歳を迎える少年エドガルドをローマに連れ去った。実はエドガルドは、生後間もない頃にベビーシッターから秘密裏に洗礼を授けられていたのだ。そして受洗者は、カトリック教育を受けなければいけないという。\n\n ユダヤ教徒の両親は、息子を取り戻そうと奔走するが、ローマ教皇ピウス9世（パオロ・ピエロボン）は世間から非難されつつも、返還を頑なに拒絶。一方、エドガルドはカトリック教徒としての生活に順応していく。\n〈解説〉\n©IBC MOVIE / KAVAC FILM / AD VITAM PRODUCTION / MATCH FACTORY PRODUCTIONS配給：ファインフィルムズ\nカトリック教会のユダヤ人少年誘拐事件を映画化。監督・脚本は『シチリアーノ 裏切りの美学』のマルコ・ベロッキオ。134分。\n\n中野翠（コラムニスト）★★★★★宗教という権威の暗黒面。19世紀半ばの、ほぼ実話とか。主役のユダヤ少年の愛らしさ。子を奪われた母親の狂おしさ。\n\n芝山幹郎（翻訳家）★★★☆☆宗教的確執の複雑さに当惑するが、そこに内包された不条理はよく伝わる。ただし、映画の眉間に刻まれた皺が深すぎる。\n\n斎藤綾子（作家）★★★☆☆幼い少年がこんな酷い目に遭い洗脳から一生抜け出せぬとは。ウクライナの子どもたちを連れ去ったロシアを連想した。\n\n森直人（映画評論家）★★★★☆組織的な虐待を生むメカニズムとは何なのか。権力の邪悪さを簡明な語りで抉る。この監督の問題意識のコアが見える力作。\n\n洞口依子（女優）★★★★☆巨匠ベロッキオの怒り。教皇庁、独裁体制、人間の価値に対峙した時に何が起こるのか。その観察力、鋭い描写は流石。\n\nINFORMATIONアイコンエドガルド・モルターラ ある少年の数奇な運命（伊、仏、独）\n4月26日（金）よりYEBISU GARDEN CINEMA、新宿シネマカリテ、ヒューマントラストシネマ有楽町ほか公開\n https://mortara-movie.com/\n「週刊文春」編集部／週刊文春 2024年5月2日・9日号,['https://newsatcl-pctr.c.yimg.jp/t/amd-img/20240429-00070529-bunshun-000-1-view.jpg?pri=l&w=640&h=425&exp=10800'],['https://news.yahoo.co.jp/articles/dbf4021080bd1d196ab9caed03afab0705342bc1/images/000']
「あれってSuicaで改札を通る瞬間の写真だったんですよ」週刊誌の記事で人間不信に…“オシリーナ”秋山莉奈が語る、過去のスキャンダルの“裏側”（文春オンライン）,https://news.yahoo.co.jp/articles/9a98e1590c79514148b499db6e7961b529fefbae,https://newsatcl-pctr.c.yimg.jp/t/amd-img/20240429-00069596-bunshun-000-2-view.jpg?exp=10800,2024-04-29T17:12:57+09:00,2024-04-29T22:17:04+09:00,文春オンライン,bunshun,文春オンライン,3464,\n秋山莉奈さん ©釜谷洋史／文藝春秋\n〈「『私の顔はお尻なんです』って考えるようにしてた」ポーズのせいで筋肉痛にも…元グラビアアイドル・秋山莉奈が語る、“オシリーナ”時代の苦労の数々〉 から続く\n【画像】「あれってSuicaで改札を通る瞬間の写真だったんですよ」週刊誌の記事で人間不信に…“オシリーナ”として活躍した秋山莉奈さんの画像を見る\n“オシリーナ”の愛称で人気グラビアアイドルとして活躍した秋山莉奈さん（38）。2015年にボートレーサーの後藤翔之選手と結婚し、現在は3児の母でもある。人間不信に陥ったという週刊誌の“捏造”、初めて明かすという結婚のエピソード、そして子供のエピソードまで明かしてくれた。（全3回の3回目/ 最初から読む ）\n\n◆◆◆\n突然のスキャンダルと捏造記事\nーーグラビアで活躍される中、2007年には2度目の仮面ライダーとなる「仮面ライダー電王」に出演されます。出演はどういうきっかけだったのでしょう。\n\n秋山 「轟轟戦隊ボウケンジャー」にゲスト出演した際に、楽屋に電王のプロデューサーの武部直美さんが来てくださって「来年の仮面ライダーに出る?」と聞かれて「出ます!」って。事前に事務所と話はまとまっていたんですけど。\n\nーー仮面ライダーに違う役で2回出演されたわけですが「仮面ライダーアギト」の時とは感じは違いましたか。\n\n秋山 違いましたね。スタッフの皆さんが温かく迎えてくれて。知っている方ばかりで、親戚のおじちゃんみたいな感じでした。アギトの時には一番下の助監督をしていた方が電王では監督になっていたりしました。\n\nーー電王は平成仮面ライダーの中でも非常に人気の高い作品です。反響はいかがでしたか。\n\n秋山 ブログはやっていたんですが、コメント欄はつけてなかったので直接の反響はわからないんです。でも街で声をかけてもらうことが増えたので、外ではちゃんとメイクをしたり秋山莉奈でいようって思いました。事務所には清楚な格好を求められたり、ちゃんとしてねって厳しく言われてましたね。\n\nーーでもちゃんとしてねって言われている中、スキャンダルがあります。\n\n秋山 そうなんですよね。\nーー女性週刊誌には当時交際していた方と港区のレストランで大喧嘩って書かれていました。\n\n秋山 私の誕生日会で大喧嘩という記事ですよね。でも私の誕生会に彼と書かれた方は来てないんですよ。だから喧嘩もしていないし、泣いてもいないんです。\n\n その週刊誌に「彼氏の家に入ってくる秋山莉奈」って書かれた建物にモザイクがかかった写真が使われてたんですけど、あれってSuicaで改札を通る瞬間の写真だったんですよ。これをそんな風に書くんだって、本当に人間不信になりました。\n\n その後の秋葉原のDVDのイベントに、普段は来ない記者さんとかも来るわけじゃないですか。普段からグラビアを取材している記者さんたちが守ってくれるんですよ。変な質問が飛んできたら「今はDVDの取材だから」って。そこは胸熱でした。\n\n それでも、普段は来ない記者さんに当時開いていたカフェについて「今年の冬は寒いですね。カフェでどんなメニューを出したいですか」と質問されて「野菜たくさんの温かいスープとかを提供したいです」と言ったんです。そうしたら記事では「先週熱愛が発覚した秋山莉奈が手料理の温かい野菜スープを作りたいと言った」と書かれていて、そこでまた人間不信に陥っちゃって。\n\nーー捏造はきついですね。\n\n秋山 今の主人（ボートレーサーの後藤翔之選手）との交際も結婚前に報じられているんですが、記事で交際中の彼が出るボートレースを見に行った時の写真として使われてる写真、実は交際前に撮られた写真なんですよ。友達とレースを見に行っていた時の写真だと思います。\n「今まで話したことなかった」結婚のこと、家族のこと\nーーあの写真、交際前のものだったんですね。後藤さんと知り合ったのは友達の紹介ですね。\n\n秋山 そうです、紹介です。\n\nーー最初から結婚を前提とした交際だったんですか。\n\n秋山 年齢も年齢だったので、そういう話もありました。付き合ってから1年ちょっとくらいで結婚しました。でもこうして結婚のことを聞かれるのはちょっと恥ずかしいですね。今まで話したことなかったので。\n\nーーボートレーサーは各地を回るので、そんなに会えないですよね。\n\n秋山 そうですね。ボートレーサーはレース場に入ったら連絡ができないので、行く前に「これからレース場に入るね」とか連絡をもらってました。ただ付き合い始めの頃はちょうどフライングをして1か月休みだったので、一緒に遊んでましたね。\n\nーー秋山さんは後藤選手のどの辺りに惹かれたんですか。\n\n秋山 彼の家族はとても仲が良いんですよ。兄弟とも、おじいちゃん、おばあちゃんとも仲が良くて、家族で集まって旅行に行ったり食事会をしていて。結婚相手として家族を大切にできる人っていいなって思いました。\nーー今も後藤選手のレースはよく見られますか。\n\n秋山 子供と一緒に見ます。でも、いまだに怖いですね。冷や冷やします。\n\n 転覆して脳しんとうになったり、骨折したこともあります。ここ最近は救急車で運ばれるような事故はないですけど、それでも転覆は年に数回はあるので。レースを見ながら悲鳴を上げるときがあります。慣れないですね。だからあんまりリアルタイムで見たくないですね。\n\n でも夫は体が強いんですよ。この間も2艇がぶつかって転覆して。80キロくらい出ているものがぶつかるから交通事故レベルじゃないですか。相手の方は首が痛くて救急車で運ばれたんですけど、うちの夫はピンピンしていて、周りの選手からも「あいつはおかしい」と言われたらしくて。超人ですね。\n長男と一緒に「仮面ライダー」の撮影へ\nーーお子さんは3人いらっしゃいますが、ボートレーサーになりたいとは言いますか。\n\n秋山 長男は一時期は言ってました。でも最近は「水に落ちたらおぼれそうで怖いし、寒かったり痛いのは嫌だ」って言ってます（笑）。\n\nーー逆に秋山さんも出演されていた仮面ライダーシリーズは見てるんでしょうか。\n\n秋山 長男は今は見てないですけど、次男は見ています。4年前くらいに「東映まんがまつり」の中の「仮面ライダー電王 プリティ電王とうじょう!」という作品にナオミ役で出させていただいたんです。次男がちょうどお腹の中にいたんですけど、あの衣装を着てやりました。その撮影現場には長男と一緒に行きました。長男はすごく喜んでましたね。\n\nーーそれはうれしいですね。\n\n秋山 私も小さいときに「仮面ライダーアギト」の現場にいて、土日にスタッフさんがお子さんを連れてきて子どもたちと一緒に写真を撮ったりしているのを見てました。だから自分がその親の立場になったってことがすごい嬉しかったです。スーツアクターさんなんて私のことを20年以上前から知っているから、私が子供を連れてきたことをすごい喜んでくれて。\n\n でも撮影現場に子どもを連れて行くことに申し訳ない気持ちもあって。タイミングを見て、子どもと一緒に仮面ライダーの写真を撮ってもらおうと思っていたんですが、私が仕事をしている間にスーツアクターさんが面付けて抱っこして、うちの息子と写真撮ってて、すごいみんな優しかったです。\n\n この仕事を長く続けてて良かったなって思いましたし、夢が一つ叶った瞬間でした。\n\nーーまた仮面ライダーに出てみたいという思いはありますか。\n\n秋山 機会があればまた仮面ライダーの現場に入りたいなって思います。悪役もやりたいなと思いますし、お母さん役でも。子どもと仮面ライダーに出演するのも夢です。\n\nーーもしグラビアのオファーがあったらやりますか。\n\n秋山 グラビアをやっている頃に、40歳くらいになったらもう一度グラビアをやりたいって言ってたんですよ。結婚後にもグラビアの話をいただいたことはあったんですけど、ちょうど妊娠中だったので、難しいよねとなって。\n\n 今もちょっと考えてます。子供になんて言われるかなとか。でも、もしやるのだったら今だったら1年くらいほしいですね。身体を作り直したいので。\n徳重 龍徳,['https://newsatcl-pctr.c.yimg.jp/t/amd-img/20240429-00069596-bunshun-000-2-view.jpg?pri=l&w=640&h=425&exp=10800'],"['https://news.yahoo.co.jp/articles/9a98e1590c79514148b499db6e7961b529fefbae/images/000', 'https://bunshun.jp/articles/photo/69596?utm_source=news.yahoo.co.jp&utm_medium=referral&utm_campaign=partnerLink&pn=2']"
「『私のお尻の何がいいの？』という感じで」最初はイヤだったが…グラビアアイドル・秋山莉奈が語る、“オシリーナ”が誕生したワケ（文春オンライン）,https://news.yahoo.co.jp/articles/76c58bd7ea3fdc92af75db828e4df072b137c50f,https://newsatcl-pctr.c.yimg.jp/t/amd-img/20240429-00069594-bunshun-000-3-view.jpg?exp=10800,2024-04-29T17:12:57+09:00,2024-04-29T23:36:55+09:00,文春オンライン,bunshun,文春オンライン,3419,\n秋山莉奈さん ©釜谷洋史／文藝春秋\n“オシリーナ”の愛称で人気グラビアアイドルとして活躍した秋山莉奈さん（38）。もともと自分の体にコンプレックスがあり、水着になることにも抵抗感しかなかったという秋山さんはなぜグラビアの世界へ飛び込んだのか。“オシリーナ”誕生の経緯を聞いた。（全3回の1回目/ 続きを読む ）\n【画像】最初はイヤだったが…“オシリーナ”としてグラビア界で活躍した秋山莉奈さんの撮りおろしカットを見る\n◆◆◆\n中学3年で「仮面ライダーアギト」のヒロイン役に抜擢\nーー秋山さんは子どもの頃はどんな子だったんですか。\n\n秋山 外で遊ぶのが好きで、髪は短かったですし少年でした（笑）。当時はJリーグが流行っていて、サッカー選手になりたくって。そんな時に今の事務所にスカウトされて「サッカーじゃなくていいや」と芸能界に入りました。人と違うことをやるのが好きで、中学でもみんなが紺のコートを着る中、一人だけ白のコートを着て、ピンクのマフラーをしてました。\n\nーー「仮面ライダーアギト」のヒロイン役に決まったのは中学3年生の頃ですね。\n\n秋山 中学3年でそろそろ受験だからとこれを最後に一回仕事を休もうというタイミングで受けたのがアギトのオーディションでした。\n\n オーディションの日は朝からモデルの仕事があったので変にテンションが高くて、オーディションでもとにかくしゃべり倒していて、幼馴染の恋愛事情までしゃべっていたのを覚えてます（笑）。後日、マネージャーさんから合格したと聞いて。それで受験前に仕事を辞めるという話はなくなり、仕事を続けました。\n\nーーアギトで演じた風谷真魚は秋山さん自身も反映されているとか。\n\n秋山 等身大でいきたいとスタッフさんに普段どういう格好をしているのか聞かれました。それで演じた風谷真魚も白いコートにピンクのマフラーになりました。あと私は中学ではテニス部だったんで、真魚もテニス部設定でした。\n\nーー仮面ライダーの撮影は厳しいと聞きますが、実際はどうでしたか。\n\n秋山 ドラマ自体が初めてだったので、厳しいのが当たり前だと思っていたので大丈夫でした。むしろ仮面ライダーで基本を学んだので、ほかの現場にいくようになってからは物足りなさも感じてました。\n\n 仮面ライダーは立ち位置や目線と細部にも厳しくて。他の現場だったら「だいたいでいいよ」という目線も「ずれてる」とか「重心もっと右」とか細かい。でも怖いということはなかったです。スタッフのみなさんに愛があるんですよ。だから厳しく言われても追い詰めてこない。\n\n 何回もNGで撮り直しとなると、フィルムで撮っていると妥協も出てくるじゃないですか。でも仮面ライダーのスタッフさんは良いものを撮るためだったらとことん付き合ってくれる。そういう部分が伝わってくるので頑張ろうと思ってました。\n自分の殻を破るためにグラビアの道へ\nーー秋山さんは後にグラビアで活躍されますが、当時は全身タイツのような衣装を着るのも嫌で泣いたと聞きました。\n\n秋山 「劇場版 仮面ライダーアギト PROJECT G4」の時ですね。黒の衣装だったんですけど、下着のラインが透けていて、恥ずかしくって泣きましたね。当時は人前で水着になったこともなかったので、パニックになったのを覚えてます。\n\nーーそんな秋山さんがどうしてグラビアの道に進むことになったのでしょう。\n\n秋山 「仮面ライダーアギト」の後も昼ドラに出たりと活動はしていたんですけど、忙しくなく学業メインで宙ぶらりんな状況だったんです。ただ、卒業後は芸能界でやっていくとは決めていて、どうしたらお仕事がもらえるのかなって考えた時に、まず人に「秋山莉奈」という名前を知ってもらわないといけないって考えてたんです。\n\n 仮面ライダーに出た直後に「sabra」という雑誌で一度だけグラビアをやったことがあったんですが、事前のイメージとは違っていてグラビアに魅力も感じていました。それに周りにグラビアをやっているお友達もできていて、じゃあグラビアをやってみようと思ったんです。私はよく「自分の殻を破りなさい」って言われていて、自分の中で一番選択肢になかったグラビアを選ぶことで殻を破れるとも思って。\n\n そこで急に事務所に行って「グラビアをやります」と言ったのを覚えています。ただ性格的には前に出るタイプでなかったので事務所からは「無理無理無理。莉奈には絶対できないよ」ってすごく止められました。そこを説得してグラビアを始めることになりました。\n\nーーその頃には水着になることへの抵抗感はなくなっていたんですか。\n\n秋山 いえ、抵抗感しかなかったです。肌を見せることもあったし、私は少年みたいに育ってきたので色気とは無縁で生きてきたんです。だから男の人にそういう目で見られるのも抵抗感はありました。あと自分の体にすごくコンプレックスがあったので。\n\nーー体のコンプレックスというのはお尻のことですね。\n\n秋山 ずっとコンプレックスでした。アギトの時にスーツを着る時にも「ああ、私のお尻大きいな」ってすごく思ってましたし。当時は腰回りがピタッとしたズボンが流行っていたんですけど、私がはくとお尻が強調されるから嫌でした。お尻の肉を削りたいとずっと思ってました（苦笑）。\nコンプレックスだったお尻も「長所と短所は紙一重」\nーーそうした体のコンプレックスが武器になるのはグラビアの面白いところですね。グラビアを始めた頃からお尻をアピールしていたのですか。\n\n秋山 最初は売りはくびれと言われていて、普通のグラビアを撮っていました。最初はグラビアの仕事もなかったんですよ。でも仮面ライダーをやっていたので徐々に仕事をもらえるようになっていって。\n\n お尻については「スコラ」の編集者さんにコンプレックスがお尻だと伝えたら、そこがチャームポイントだと言われて、そこからは正面でなくお尻をメインとした振り向きの写真が増えていきました。\n\nーー秋山さん自身はお尻が売りになることにはどう思っていましたか。\n\n秋山 嫌でした（笑）。ずっと「私のお尻の何がいいの?」という感じで。でも褒められていくうちに長所と短所は紙一重だなって思うようになりました。\n\nーーそして秋山さんがブレイクするきっかけとなったのが2005年に出版された写真集「楽園」でした。当時のグラビアは胸が大きい人ばかりでしたし、お尻を売りにした「楽園」のヒットはグラビア業界のエポックな出来事でした。\n\n秋山 徐々にお尻のグラビアが増える中、お尻をメインにした写真集を作ろうとなってできたのが「楽園」でした。あの写真集のグラビアが発売から何年経ってもいろんな雑誌に出ていて、あの写真集をきっかけにグラビアのイメージになりました。\n\nーー当時はまだオシリーナというキャッチフレーズではありませんでしたね。\n\n秋山 他にも「ピーチヒップ」「桃尻娘」とか雑誌ごとにいろいろつけていただいていて、その中にオシリーナもありました。\n\n 当時って「グラビアといえば胸でしょ」という感じで、そこに私がお尻という異物を押し込んだ感じだったんです。その中で「グラビアって出るたびにキャッチフレーズがつくなら、これを統一したらもっと私のことが浸透するんじゃない?」って思って、名前もお尻も入っているオシリーナというキャッチフレーズに統一してほしいって、私から事務所に言いました。「楽園」が出た後くらいだったと思います。\n\nーーオシリーナでPRしていこうというご自身の戦略があったとは知りませんでした。\n\n秋山 事務所もグラビアをほとんどやってなかった頃ですし、二人三脚というか、自分でセルフプロデュースしていかなきゃいけなかったので。オシリーナってやっぱり耳に残るじゃないですか。今みたいにSNSもなかったですし、自分を売り出していくためには、記号化しなきゃいけないと思っていました。\n\n 「『私の顔はお尻なんです』って考えるようにしてた」ポーズのせいで筋肉痛にも…元グラビアアイドル・秋山莉奈が語る、“オシリーナ”時代の苦労の数々 へ続く\n徳重 龍徳,['https://newsatcl-pctr.c.yimg.jp/t/amd-img/20240429-00069594-bunshun-000-3-view.jpg?pri=l&w=640&h=425&exp=10800'],"['https://news.yahoo.co.jp/articles/76c58bd7ea3fdc92af75db828e4df072b137c50f/images/000', 'https://bunshun.jp/articles/photo/69594?utm_source=news.yahoo.co.jp&utm_medium=referral&utm_campaign=partnerLink&pn=2']"
「お金さえ払えば月にも行ける現代で、いくら札束を積んでも乗れない」日本人が知っておきたい“貨物列車に乗ってみた”（文春オンライン）,https://news.yahoo.co.jp/articles/82996cffa4216b74067b0955efa7f9cbd0b5b793,https://newsatcl-pctr.c.yimg.jp/t/amd-img/20240429-00070335-bunshun-000-3-view.jpg?exp=10800,2024-04-29T11:22:02+09:00,2024-04-29T13:51:59+09:00,文春オンライン,bunshun,文春オンライン,3527,\n一般の旅客は乗れないが、日々の暮らしを支え続ける重要な役割を果たしている貨物列車。そんな「特殊な乗りもの」に乗れることに…… ©文藝春秋\n〈東京駅からわずか6キロの“一般市民はほぼ用事がない東京ドーム5個分の異空間”「隅田川駅」には何がある?〉 から続く\n【画像】「貨物専用線」からの光景\nお金さえ払えば月にも行ける現代で、文字通り「いくら札束を積んでも」一般の旅客が乗れないものがある。それが貨物列車だ。物流問題が叫ばれる日本において、各地に物品を送る役割を果たす貨物列車は、日々の暮らしを支え続ける一方で、まさに神秘のベールに包まれている。\n\n そのベールをくぐり抜け、貨物駅を探訪し、さらには貨物列車に何度も添乗することになった長田昭二氏の著書『 貨物列車で行こう! 』より、一部を抜粋して転載する。\n\n◆◆◆\nついに貨物列車に乗る!\n隅田川駅を見学した前日の11月12日月曜日。記者はJR貨物広報室長の山田哲也さんと土浦にいた。昼過ぎに着いて食事をしながら貨物鉄道を取り巻く社会状況を解説してもらい、駅の改札口で隅田川機関区副区長の堀田真樹さんと待ち合わせた。\n\n 堀田さんは柔道選手のような堂々たる恰幅で、頭には昔のSLの機関士のようなカッコイイ帽子を被っている。我々三人は、これから常磐線を走る貨物列車に添乗して隅田川駅に向かうのだ。\n\n 貨物列車には乗務員以外の人間は乗ることができない。よもやこの人生で乗れるとは思っていなかっただけに、喜びは大きい。恥ずかしい話だが、添乗が決まってからの一週間で、自分が貨物列車に乗っている夢を2度も見た。\n\n JR東日本の土浦駅の東側に隣接してJR貨物の土浦駅がある。着発線と留置線が一本ずつあり、その間はコンテナホームが広がっている。宅配便や近くにある食品メーカーの商品などを取り扱うこの貨物駅からは、毎日上下2本ずつの貨物列車が発着している。我々が乗り込むのは、土浦を15時10分に出発する隅田川行き貨物二〇九二列車だ。12両のコンテナ車を連ねている。\n\n 旅客駅のホームと違って貨物駅のホームは低い。広い道路に貨物列車がいるような感じなので、近づくとその大きさに圧倒される。\n\n 年配の運転士がすでに乗り込んでおり、笑顔で招き入れてくれた。\n「ガチャンガチャン」意外に静かな発車と響き渡った連結器の音\n我々が乗り込んだのはEH500形式という大型の交直両用電気機関車。「金太郎」という愛称がある。乗務員室は一畳半ほど。進行方向に向かって左側の席に運転士が座り、私は右側の、従来機関助士が座っていた席に座らせてもらう。座席は2つしかないので、堀田さんは運転士の後ろ、山田さんは私の後ろに立つ。何だか申し訳ない。\n\n 発車1分前、貨車のブレーキを解除する。時刻表や信号など色々なものを一つ一つ「ヨシ!」と指差しながら確認していく。\n\n 目の前のポイントが開通し、信号機が青に変わる。夢にまで見た貨物列車が動き出した。意外に静かな発車だが、すぐに後ろから連結器のガチャンガチャンという音と衝撃が座席を通じて伝わってくる。「重い貨車を引っ張っている」という感覚が突き上げてくる。\n突然の鉄道無線が…\n本線に入ると右にカーブしながら上り勾配になる。キーキーと音を立てて車輪とレールが擦れる。\n\n「ここは雨の日は滑りやすいので、レールに滑り止めの砂を撒きながら走るんです」\n\n と堀田さん。彼も30代前半までは機関車を運転していたのだ。\n\n 鉄道には、信号機と信号機の間に1本の列車しか入ることができない「閉塞」という仕組みがある。運転士が信号機のたびに「第三閉塞、進行!」と指差し喚呼する。それを堀田さんが復唱する。堀田さんの声は低くて伸びがあり、ラジオのアナウンサーにしたくなるような美声だ。\n\n 突然乗務員室内に、特急列車に向けた忘れ物捜索を依頼する鉄道無線のアナウンスが流れる。他にも時々「ブーッ」とブザーが鳴ったり、「チーン」と鐘のような音も鳴ったりする。何の意味があるのか知らないが、目が覚めるような大きな音だ。眠気防止なのかもしれない。\n\n 15時30分過ぎ、線路の左側に「交直切替」の標識が現れた。常磐線は、途中の藤代～取手間で交流と直流の切替区間がある。電車は自動的に切り替わるが、機関車は運転士がスイッチで切り替える。\n切替区間の電気が流れていない20メートル弱を、列車は惰性で走る。システムの上では色々と複雑なことが起きているのだろうが、機関車は特段変わったことも感じさせずに直流区間に入った。説明がなければ気付かなかったと思う。\n「運転席が、ほんの一瞬、静寂に包まれた」\n列車はだいたい時速90キロで快適に走り続けているが、少し速度を落とすと後ろから\n\n「ガタンガタン」と音を立てて貨車が押してくる。そのたびに「ああ、いま貨物列車に乗っているんだな」と気付かされる。\n\n 取手駅を過ぎると電車の本数が増えるので、信号機の数も増える。指差し喚呼の回数も増えるので、運転士は忙しい。\n\n 北柏駅手前で待避線に入って停車した。\n\n 土浦駅から隅田川駅までの間で唯一の停車だが、これは後続の特急列車に道を譲るためのもの。旅客列車だと客の乗り降りのついでに駅で待避するが、その必要のない貨物列車は駅間で待避する。これも貨物列車ならではのことで、ただ停まっているだけなのにうれしくなる。\n\n 追走してきた特急「ときわ78号」が本線を猛スピードで抜き去っていった。\n\n 遠ざかる特急列車を真後ろから見送る「金太郎」の運転室が、ほんの一瞬、静寂に包まれた。\n「このままあっちに行けたら楽しいだろうな」\n再び発車して本線に戻る。今度は特急の後追いになるので、一気に加速してトップスピードに乗って松戸駅を通過。さすがにホームの人の数が多い。スマホを見ながらホームの端を歩く人が危なっかしく感じられる。ホームの隅で、こちらにカメラを向けている青年がいた。誇らしい気持ちになる。\n\n 小さな子どもが手を振っている姿を何度も見かけた。そのうちの何度かは、堀田さんが手を振り返していた。運転士によっては短く警笛を鳴らして応える人もいるという。そんな返礼があれば、手を振る幼児とてうれしかろう。微笑ましい光景だ。しかし、「運転中に手を振るなんて危険だ」だの、「警笛がうるさい」というクレームが入ることもあるという。世知辛い世の中だ。\n金町駅の先で左側に線路が分岐していく。この添乗取材に先立って記者が沿線を探訪した「新金線」だ。\n\n「このままあっちに行けたら楽しいだろうな」\n\n と思う。北千住駅の手前に差しかかった時、先ほどの忘れ物が見つかったという報告が流れる。まずはよかった。安心した。\n\n 16時06分、北千住駅を通過した。この楽しい旅も、もうすぐ終わりだ。しかし、最後の楽しみが待っている。というより、今回の添乗で最大の山場が残っているのだ。\nいよいよ「貨物専用線」に進入\n南千住駅直前から本線の左側の短絡線に入る。\n\n「短絡線場内進行!」\n\n この列車が走る唯一の「貨物専用線」だ。ここから隅田川駅までの約600メートルは、貨物列車に乗らないと通れない区間なのだ。時速35キロまで落として短絡線に入ると、キーキーと音を立てながらカーブを曲がり、左に見える隅田川駅の横をかすめる。例の跨線橋の下をくぐると最徐行となり、やがて停止した。でも、まだこの旅は終わっていない。\n\n 運転士は左脇の窓を開けると後方の信号機を見て、すぐに後ろ向きで推進運転を始める。隅田川駅は頭端式（櫛の歯のように先端が行き止まりの駅）の構造なので、田端側から来る列車はそのまま駅に入れるが、土浦側から来た列車は一度駅の横を通り過ぎて、スイッチバックをして駅に入っていかなければならないのだ。乗務員や駅の作業員にとってはひと手間余計にかかるわけだが、部外者にとっては楽しい。\n\n 先頭から最後尾に立場が変わったわが機関車は、ゆっくりと貨車を押しながら隅田川駅「着発七番線」に入線。16時15分30秒、定刻通りの到着。これで我々の旅は終了した。\n\n 梯子段を下るようにして機関車を降りる。だいぶ暗くなっていた。\n\n◆\n\n発言者・取材協力者の肩書は取材当時のものです。\n写真=日本貨物鉄道株式会社、山元茂樹、杉山秀樹、川本悟士、長田昭二\n長田 昭二／ノンフィクション出版,['https://newsatcl-pctr.c.yimg.jp/t/amd-img/20240429-00070335-bunshun-000-3-view.jpg?pri=l&w=640&h=480&exp=10800'],"['https://news.yahoo.co.jp/articles/82996cffa4216b74067b0955efa7f9cbd0b5b793/images/000', 'https://bunshun.jp/articles/photo/70335?utm_source=news.yahoo.co.jp&utm_medium=referral&utm_campaign=partnerLink&pn=4']"
「『私の顔はお尻なんです』って考えるようにしてた」ポーズのせいで筋肉痛にも…元グラビアアイドル・秋山莉奈が語る、“オシリーナ”時代の苦労の数々（文春オンライン）,https://news.yahoo.co.jp/articles/8796e75450408ed7471ef2e6e9536ea8345d6ddf,https://newsatcl-pctr.c.yimg.jp/t/amd-img/20240429-00069595-bunshun-000-1-view.jpg?exp=10800,2024-04-29T17:12:57+09:00,2024-04-29T17:12:57+09:00,文春オンライン,bunshun,文春オンライン,3387,\n秋山莉奈さん ©釜谷洋史／文藝春秋\n〈「『私のお尻の何がいいの?』という感じで」最初はイヤだったが…グラビアアイドル・秋山莉奈が語る、“オシリーナ”が誕生したワケ〉 から続く\n【画像】無理なポーズのせいで筋肉痛になったことも…“オシリーナ”としてグラビア界で活躍した秋山莉奈さんの撮りおろしカットを見る\n“オシリーナ”の愛称で人気グラビアアイドルとして活躍した秋山莉奈さん（38）。2000年代後半からグラビアで一気にブレイクした秋山さんだったが、裏ではグラビアでのポーズによる腰痛、さらに多忙による疲労など苦労も多かったと言う。（全3回の2回目/ 最初 から読む）\n\n◆◆◆\n寝る間もないほど多忙な生活、ポージングで腰痛にも\nーーグラビアはよく無理な体勢を取る方が体が美しく見えると言われます。その中でお尻を見せつつ、顔も見せるポーズが秋山さんの代名詞になっていきます。あのポーズはかなり筋肉を使いますよね。\n\n秋山 筋肉痛になってました。そもそも顔とお尻を正面に持ってくるのって無理なポーズじゃないですか。だからすごく腰痛持ちにもなりましたね。\n\nーー秋山さんの登場で救われたグラビアの方もいますよね。当時は胸がないとグラビアはやれないという感じの中で、お尻売りの人が人気が出たわけですし。\n\n秋山 だったらいいんですけど。でも同じグラビアアイドルからクレームも結構来ました。私が出始めた後にグラビアで当たり前のようにお尻を向けるのがポージングの中に組み込まれるようになったので「オシリーナのせいで、お尻のポーズが増えて腰痛いんだけど（笑）」って。すいませんという感じでした（笑）。\n\nーー体型維持などでの苦労はありませんでしたか。\n\n秋山 当時筋トレをしていたんですけど、お尻が引き締まると事務所に怒られていましたね。「ここが減った」と女性マネージャーにお尻をぺちぺちされて。ぽにょんとしているお尻をキープするのが難しかったです。\n\n あと痩せすぎて、顔を丸く修正されたこともあります。その時は、言ってしまったら過労です。体重はマックスに重かったんですけど、疲れてるから顔がゲッソリしていて。25歳とかくらいです。\n忙しすぎて「ちょっと記憶がない」\nーーそんなに忙しかったのですね。\n\n秋山 その頃は基本ドラマと映画を1本ずつやっていたんですけど、その合間にバラエティー番組だったり、取材を受ける。移動中もコラムだったり、バラエティーの事前アンケートも書かないといけなくて。とにかく忙しかったです。\n\n 山梨だったか群馬での撮影を終えて、向こうを午前3時くらいに出て、5時くらいに家に着いて、シャワー浴びて、その後即タクシーに乗って別の仕事に向かった時もありましたね。その間にマネージャーさんが別の人に交代してるんですよ。いや、でも私はいつ寝るのって（笑）。そういう感じのスケジュールの時もありましたね。だから、その頃についてはちょっと記憶がないんですよね。\nーーそこにグラビアが加わるからハードですね。海外ロケもありますし。\n\n秋山 忙しい時は眠いとか言いながら、夜中に都内のスタジオでグラビアを撮ってました。逆に海外ロケは移動の間に寝られるので嬉しかったです。日本にいたら仕事があって寝られないので。グレードアップしてくれて良い席にしてくれたりしたんですけど、でもリクライニングを倒すことなく、飛行機乗って起きたらタイでした（笑）。\n\nーーそんな忙しい中、秋山さんは歌も出してました。「莉奈はオシリーナだから」「エースをねらえ!～オシリーナスマッシュ!!～」となかなか売れなさそうなタイトルでした。\n\n秋山 歌、ほんとに嫌だったなあ。でも私、給料制だったんですよ。だから断れないんです。歩合制だったら断れたのかな。\n\nーー逆にオシリーナとして売れてよかったところはどの辺りですか。\n\n秋山 海外ロケでだんだんと「どこに行きたい?」とリクエストを聞いてもらえるようになったことですね。ハワイに行きたいとか、オーストラリアに行きたいとかいろんなところに連れて行ってもらいました。ハワイは撮影の2～3日前には行って、マネージャーさんと一緒に遊んでましたね。\n\n あと「秋山莉奈の素敵にトラベり～な!」という自分の旅番組も持たせていただいたので、地方にいろいろ行かせてもらったのも楽しかったですね。当時は忙しくてロケ弁ばかりだったから、旅番組で温かい美味しいものが食べられるのが本当に幸せで。一日で5軒お店を回って、ラーメン8杯食べたこともあったんですが、全部食べたかな。美味しいもの食べていろんなところに行って、今振り返ったらすごい贅沢な時間だったなと思います。\n事務所からは「とにかく清楚にしなさい」と\nーーグラビアを続けていく中、途中からクールな大人っぽいイメージになりました。\n\n秋山 そうなんですけど、事務所はキラキラした笑顔のキャラで私を売りたいんですよ。なので撮影でも笑ってと言われるんだけど、実際に使われるのはすんとした幸薄そうな表情で（笑）。\n\n グラビアって言ったら太陽の下でビーチでキャハハみたいなことをイメージするじゃないですか。でも私はゴツゴツした岩場の上で髪の毛を濡らして、光沢のある水着で気怠い感じが多くて。ただ事務所はそういう私ではいきたくないので、最初の頃は水着も紐パンは禁止、アニマル柄も禁止と結構厳しかったんです。\n\n ただ、私としては雑誌と事務所の間に挟まれているので「そろそろ紐パンはいてもいいんじゃないですか」とは思ってました。\nーー髪型もずっと黒髪のロングでしたね。\n\n秋山 髪型もすごく厳しかったです。ストレートのロングで耳掛けみたいな。アイラインも禁止、チークも禁止。とにかく清楚にしなさいと。ただ写真集の中だったらお団子頭OK、髪をちょっと巻くくらいならOKとか徐々になっていきました。\n「私の顔はお尻なんです」って考えるようにしていた\nーーオシリーナが浸透していく中で写真集やDVDの表紙が秋山さんの顔でなく、徐々にお尻を強調したものになっていきました。\n\n秋山 ラストの方のDVDなんて表紙がお尻しか映ってないものもありました（苦笑）。その表紙を見て「このお尻だけを見て、秋山莉奈ってわかるのかな」って思ってました。\n\n ただその頃には「私の顔はお尻なんです」って考えるようにしてました。もともと環境に流されやすいタイプで、ムカッとするより、その環境を受け入れてたんだと思います。\n\n ただお尻ばっかり強調されたから、私の顔って認知されていなかったかもしれないですね。すごく仕事で忙しい頃でも、街中で結構スカウトされていたんですよ。「君、絶対グラビアでいけるよ。秋山莉奈に似てるから」って力説されて。\n\nーーいやいや顔も有名ですよ（笑）。グラビアを卒業されたのはいつ頃なんですか。\n\n秋山 実は辞めたとは一度も言っていなくて。なんとなくフェードアウトしていった感じです。グラビアって色々あるじゃないですか。漫画誌から週刊誌、袋とじテープで閉じられている大人向けのやつまで。あらゆるグラビアをやって、一体どこまでグラビアをやるんだろうって思ったこともありました。\n\n でもグラビアをやったことはすごくよかったと思ってます。お芝居がやりたかったので、グラビアをやりすぎると影響が出るんじゃと思ったこともあったんですけど、名前が売れたことでお芝居の仕事も増えたし、テレビの仕事も増えたし、幅が広がりました。\n\n グラビアをやるまでは自分の意見を言うことってなかったんですけど、「失楽園」という写真集の撮影で自分が納得いかなかったことに初めて反抗したんです。「そこが納得行かないとお客さんにも写真集を見てくださいって心から言えない」って。そこでスタッフさんとちゃんと話し合うことができて。自分の殻を一つやぶれました。\n\n 「あれってSuicaで改札を通る瞬間の写真だったんですよ」週刊誌の記事で人間不信に…“オシリーナ”秋山莉奈が語る、過去のスキャンダルの“裏側” へ続く\n徳重 龍徳,['https://newsatcl-pctr.c.yimg.jp/t/amd-img/20240429-00069595-bunshun-000-1-view.jpg?pri=l&w=640&h=425&exp=10800'],"['https://news.yahoo.co.jp/articles/8796e75450408ed7471ef2e6e9536ea8345d6ddf/images/000', 'https://bunshun.jp/articles/photo/69595?utm_source=news.yahoo.co.jp&utm_medium=referral&utm_campaign=partnerLink&pn=2']"
令和でも＜全席自由＆入れ替えなし＞ 神戸の名画座で三代目が「支配人冥利に尽きる」という“客のひとこと”（文春オンライン）,https://news.yahoo.co.jp/articles/e0d2d30e459035b11cec2e8e8f1b9ca3eb866248,https://newsatcl-pctr.c.yimg.jp/t/amd-img/20240429-00070127-bunshun-000-1-view.jpg?exp=10800,2024-04-29T11:12:57+09:00,2024-04-29T11:12:57+09:00,文春オンライン,bunshun,文春オンライン,995,\n©芦部聡\n神戸の繁華街といえば三宮が挙がるが、かつては新開地が賑わいを独占していた。\n\n 昭和20年の神戸大空襲で一帯が全焼する憂き目に遭うが、戦後は活気を取り戻し、1kmほどの目抜き通りに20以上もの劇場がひしめき合う映画のメッカに。新作を公開する封切館はもとより、旧作を上映する二番館、三番館も充実していたという。\n【写真】この記事の写真を見る（4枚）\n新作映画は三宮、旧作は新開地\n時代の変遷には抗えず新開地からも次第に映画館は姿を消していったが、開業53周年を迎えたパルシネマしんこうえんは、全席自由＆入れ替えなしという昔ながらの名画座として存在感を発揮している。\n\n「新開地には当館以外にも、Cinema KOBEさんという名画座があります。徒歩圏内に2軒の名画座があるのは全国広しと言えども新開地ぐらいのものですが、新作は三宮、旧作は新開地とうまく棲み分けができていると感じます」\n\n 三代目支配人の小山岳志さんは「名画座ならではのプログラムの妙を楽しんでもらいたい」と語る。\n「祖父が始めた劇場を父から引き継いで12年になりますが、毎日ロビーに立っているので、お客様の顔はよく知っています。『この作品はあの常連さんが好きそうだなあ』とか考えながらプログラムを決めていますね。\n\n 当館は1日2作品の2回上映が基本ですが、『Aという作品が目当てだったけど、Bも予想外に良かった』と言ってもらえると支配人冥利に尽きます」\nアニメやクラシック作品の上映も\nパルシネマの魅力は2本立てのコスパだけではない。\n\n「通常の2本立てとは別に、アニメやクラシック作品などをかける『朝パル』『夜パル』という1作品上映枠も設けています。\n\n チャップリンやキートンの無声映画にピアノの生演奏で伴奏をつける『ピアノ劇場』と題した上映会を催したり、『ジュラシック・パーク』シリーズ3作品を入れ替え制で一挙上映する特別企画をやったりと、イベントもちょくちょくやっています。\n\n『なんかおもしろいことをやってる映画館だよなあ』と思ってもらえると嬉しいです」\n\nパルシネマしんこうえん\n兵庫県神戸市兵庫区新開地1-4-3\n電話078-575-7879 \n座席数:135席\nオープン:1971年1月1日\n芦部 聡／週刊文春CINEMA 2024春号,['https://newsatcl-pctr.c.yimg.jp/t/amd-img/20240429-00070127-bunshun-000-1-view.jpg?pri=l&w=640&h=480&exp=10800'],"['https://news.yahoo.co.jp/articles/e0d2d30e459035b11cec2e8e8f1b9ca3eb866248/images/000', 'https://bunshun.jp/articles/photo/70127?pn=2&utm_source=news.yahoo.co.jp&utm_medium=referral&utm_campaign=partnerLink']"
東京駅からわずか6キロの“一般市民はほぼ用事がない東京ドーム5個分の異空間”「隅田川駅」には何がある？（文春オンライン）,https://news.yahoo.co.jp/articles/4d88a4fbf5f256b979463a8e240101fd054a12a3,https://newsatcl-pctr.c.yimg.jp/t/amd-img/20240429-00070334-bunshun-000-2-view.jpg?exp=10800,2024-04-29T11:22:02+09:00,2024-04-29T13:51:59+09:00,文春オンライン,bunshun,文春オンライン,3221,\n東京駅からわずか6キロの場所にある、東京ドーム5個分の広さ。「隅田川駅」、ご存じですか？\n物流問題が叫ばれて久しい現代社会で、暮らしを支える貨物列車。しかし、一般の旅客は乗り込むことさえできないこともあってか、その存在はあまり日常で意識されることはない。\n【画像】「隅田川駅」を上から見た様子。文字通り都心のど真ん中\n約38万平方キロメートルの面積のこの国で、日々各地に物品を送る現場のリアルとは――。貨物専用駅を探訪した長田昭二氏の著書『 貨物列車で行こう! 』より、一部を抜粋して転載する。\n\n◆◆◆\n人知れず日本の物流を支える駅\n2018年11月13日火曜日の朝、記者は隅田川駅を訪ねた。\n\n この駅名を聞いて、「ああ、あそこか」とわかる人がどれほどいるだろう。知らないのも無理はない。隅田川駅は貨物専用の駅で、旅客列車の出入りはない。一般市民がこの駅に用事がある可能性は極めて低い。\n\n 場所は常磐線の南千住駅の東側。東京ドーム5個分の敷地に16の着発線（編成の整った列車が目的地に向けて出発し、また到着する番線）と、12の荷役線（貨物の積み下ろしを行うための番線）、5面のコンテナホームを有する国内屈指の貨物駅だ。\n\n 都内にはもう一つ、品川区八潮に東京貨物ターミナル駅（略称「東京タ」）という大規模貨物駅があり、この2駅が首都圏の貨物鉄道の拠点となっている。「東京タ」が主として関西や九州など西向きの列車を仕立てるのに対して、隅田川駅は北海道や東北、新潟方面に向けた貨物列車の発着駅となっている。旅客駅に例えると、少し前までの東京駅と上野駅のような位置付けだ。\n\n 隅田川駅や「東京タ」はJR貨物が運営している貨物駅だ。\n\n JR貨物は、1987年に国鉄から分割されて誕生した鉄道会社。分割民営化の際にはお荷物扱いされ、「安楽死論」まで囁かれた。\n\n 鉄道ファン以外にとっては、JR東日本や西日本のように馴染みもないし、普段は存在を意識することもほとんどないだろう。\n\n ところが実際は、アマゾンなどeコマースの隆盛で増え続ける日本の物流を陰で支えてくれている、頼もしい存在なのだ──。\n東京駅から6キロ、上野駅からはわずか3キロの“マンションに囲まれた場所”\n話を隅田川駅に戻す。\n\n この駅は「開いた左手のひら」のような形をしている。親指のあたりが貨車の検修施設がある貨車区。人差し指が貨物列車の着発線、中指から薬指は荷役線などがあり、小指の先に機関車の検修庫があるようなイメージだ。親指以外の指の先端は行き止まりとなっており、すべての列車は「手首」のほうから出入りすることになる。\nじつはこの駅、昔はもっと奥行きがあった。「指先」の数百メートル先まで延びた線路の突端は、本当に隅田川に接していた。それどころか、線路と線路の間にはドックのような入り江があり、貨車と船が荷物を直接受け渡せる構造だったのだ。\n\n しかし戦後は物流の主役をトラックに奪われ、隅田川駅は次第に規模を縮小。いまでは駅と川の間には高層マンションが林立し、水運時代の面影はない。\n\n 南千住駅から隅田川駅の駅本屋（駅の主要施設が入る中心的な建物）に向かうには、「手首」の部分を跨線橋で渡っていく。今回の取材で幾度もこの橋を渡ったが、いつも一人か二人、橋の上から構内作業を眺めている人がいた。東京駅から直線で6キロ、上野駅からわずか3キロの大都会に、マンションに囲まれて貨物駅が存在すること自体が不思議だし、見飽きることのない異空間なのだ。\n\n 構内全域が見渡せる駅本屋の中でも、最も見晴らしのいい席で仕事をしているのが、輸送助役の高野親一さん。駅長の下で、その日駅を発着する貨物列車の運転業務を統括する責任者だ。今年4月「東京タ」から異動してきた。\n\n「列車がダイヤ通りに走っていると、私の出番はないんですよ」と謙遜するが、じつは激務だ。コンテナの積み付け検査（貨車が正しく積まれているか、固定されているか、扉の鍵は閉まっているかなどをチェックする作業）を終えて、信号担当に発車の指示を出すのも彼の仕事だ。\n\n「発車時刻が迫っているのに検査が終わらないことがある。ハラハラしますよ」\n「定時運行」が「安全に次ぐ優先重要課題」である理由\n昔は貨物列車専用の路線が首都圏各地にあったが、民営化の際にJR貨物は極限までのスリム化を迫られ、路線などの資産は旅客会社に移管した。それにより、昔は貨物列車の路線だったところを旅客列車が走るようになった。\n\n 埼京線や横須賀線の一部、京葉線、武蔵野線などは、元は貨物列車のために敷かれた線路だったのだが、いまでは貨物列車が旅客鉄道会社の線路を借りて走る形になった。ダイヤは旅客鉄道会社に委ねられるので、ひとたび貨物列車で遅延が生じると色々とややこしいことになる。JR貨物の鉄道マンにとって「定時運行」は安全に次ぐ優先重要課題なのだ。\n\n「“時間に追われている”という意識は家に帰っても抜けません。つい子どもにも時間厳守を厳しく言いがちなんです」\n\n と苦笑する高野さん。じつは運転士に憧れて、鉄道学校の流れを汲む岩倉高校を卒業したクチだ。\n「電車ではなく機関車を運転したくてJR貨物に入ったんです。ところが、入社後の適性検査でNGが出た。悔しかったし、いまでも乗務できる人が羨ましい」\n\n 現在の日本では、旅客列車の大半が「電車」によって運行されている。電車は床下に電気モーターが組み込んであり、車両自体が動力源を持っている。\n\n 一方、貨物列車は、動力車である「機関車」が、動力を持たない「貨車」を引っ張る形態をとる。ブルートレインなどの機関車が牽引する客車列車がほぼ消滅してしまった現在、日本で機関車が引っ張る列車は一部の特別列車を除けば貨物列車しかない。\n\n それだけに高野さんの貨物鉄道への思いは人一倍強い。\n\n「あそこの橋で入換作業を眺めている子どもがいると、つい『貨物列車好きなの?』なんて声をかけちゃうんです。自分がそうだったように、貨物列車を好きな子が一人でも増えてくれたらうれしいじゃないですか」\n雪を載せたまま到着する冬場「北海道と新潟の雪の質の違いがわかる」\n輸送主任として、貨車の入換作業や信号操作を担当する大野貴幸さんも岩倉高校のOB。子どもの頃、自宅近くに貨物列車を扱う駅があり、その光景を眺めて育ったことが、いまの仕事につながった。先の高野さんの思いを具現化したような人物だ。\n\n 入換作業や信号操作は貨物駅の華だ。ポイントを切り替えて、貨車を移動させて、計画通りの編成を組み立てていく作業は、眺めているとパズルのようで面白い。\n\n「作業の前に、組み換える貨車の連結位置や留置している車両の位置を考えて効率的に貨車を並べ替える計画を立てる。これが終わった時は充実した気分に浸れます。実際の作業が思い通りに進んだ時の達成感はひとしおです」\n\n 他の駅にはない、隅田川駅ならではの面白さもある。\n\n「ここには北海道や新潟などから、多くの貨物列車がやって来ます。冬場は雪を載せたまま到着しますが、それを払う時に北海道と新潟の雪の質の違いがわかるんです。雪の降らない都会の駅で……」\n\n 貨物列車は物資だけでなく、地方の生活の息遣いまでも東京に運んできているのだ。\n\n◆\n\n発言者・取材協力者の肩書は取材当時のものです。\n写真=日本貨物鉄道株式会社、山元茂樹、杉山秀樹、川本悟士、長田昭二\n\n 「お金さえ払えば月にも行ける現代で、いくら札束を積んでも乗れない」日本人が知っておきたい“貨物列車に乗ってみた” へ続く\n長田 昭二／ノンフィクション出版,['https://newsatcl-pctr.c.yimg.jp/t/amd-img/20240429-00070334-bunshun-000-2-view.jpg?pri=l&w=640&h=417&exp=10800'],"['https://news.yahoo.co.jp/articles/4d88a4fbf5f256b979463a8e240101fd054a12a3/images/000', 'https://bunshun.jp/articles/photo/70334?utm_source=news.yahoo.co.jp&utm_medium=referral&utm_campaign=partnerLink&pn=2']"
「せっかくの誕生日になんでそんな話するの！？」毒親家庭で育った女性が、婚約者に怒りをぶつけてしまう“本当の理由”（文春オンライン）,https://news.yahoo.co.jp/articles/88ba4afffd8d32e25a54156a372508df6992b972,https://newsatcl-pctr.c.yimg.jp/t/amd-img/20240429-00070255-bunshun-000-1-view.jpg?exp=10800,2024-04-29T11:12:57+09:00,2024-04-29T11:12:57+09:00,文春オンライン,bunshun,文春オンライン,5314,\n『99%離婚 離婚した毒父は変われるか』\n実の父親からモラハラ・DVを受けて育った女性・奈月は、つい婚約者に辛く当たってしまうことに悩み、会社でも厳しい態度で部下を委縮させてしまっている。トラウマを抱えた奈月は「加害の連鎖」から抜け出すことができるのか……。\n【マンガ】『99％離婚 離婚した毒父は変われるか』を読む\nコミック『 99％離婚 離婚した毒父は変われるか 』（KADOKAWA）は、かつて“毒親”だった男性とその娘を描き出した作品だ。2022年12月に刊行された前作『 99％離婚 モラハラ夫は変わるのか 』につづき、「加害者は変わることができる」という原作者・中川瑛さんの想いが込められている。\n\n ここでは、漫画の制作を担当した龍たまこさんに、作品内でも描かれた「加害の連鎖」や「加害者を許すべきか?」というテーマについて伺った。（全5回の1回目/ 続きを読む ）\n\n◆◆◆\n加害の連鎖をどう断ち切るか\n――続編の発売おめでとうございます! 前作『99％離婚 モラハラ夫は変わるのか』は加害者側の心理を描いて話題となりましたが、前作発売後の読者の反応などいかがでしたでしょうか。\n\n龍たまこ（以下、龍） 反応は様々で、「自分もモラハラ・DVに遭ってきた」「うちの夫（父）のことかと思った」「今どきこんな昭和な夫いるわけない」という声や、「スカッと系だと思って読み始めたら加害者心理がしっかり描かれていて、いい意味で裏切られた」と言う声が多く聞かれました。意外にも女性側から「自分も同じ事をしていないか、振り返るきっかけになった」という意見も多かったです。\n\n 男性は手に取りにくいだろうな、と思っていましたが、意外と男性からの感想も多く見られました。思っていたより凄い反響で驚きました。\n\n――そして今回は「加害の連鎖をどう断ち切るか」というより深いテーマが描かれています。“仏の鳥羽さん”と慕われる上司の娘・奈月が、鳥羽から受けたモラハラが傷になり、大人になっても自身の感情を制御できずに苦しむシーンに心を揺さぶられました。この「加害の連鎖」についてご意見をお聞かせください。\n\n龍 子どもの頃に安心安全な環境で育つことができないと、自分の本心を抑圧した状態がデフォルトになってしまい、大人になっても、自分の本心がどこにあるのかわからないままです。いわば自分の基礎工事がしっかり出来ないまま、グラグラの状態で社会に出ていくようなものなので、これは本当に不安定で生きづらいんですよね。\n\n 親子関係というのは人生最初の「親密で安心な関係」なのに、そこでうまくいかないと、大人になってから恋人や家族と親密な関係を持とうとしたときに、過度に依存的になってしまったり、逃避的になってしまったりします。\n\n とにかく人との距離感が上手く掴めない、自分の子どもにもどう接してあげて良いかわからない。「愛する」って何なのかわからない。そんな状態で子どもを持って育てていくことがどれほど困難かわかりますよね。\n\n 自分は絶対に親と同じような親にならない、と決意しているのに、気付いたら親と同じ事を繰り返してしまう。加害の連鎖を断ち切るのって本当に難しいことだと思っています。\n子どもは親から逃れられない\n――奈月が大人になっても苦しむさまは、親から子へのハラスメントは被害が甚大で抜け出すのに多大な時間がかかるのだなと再認識しました。親から子へ、または大人から子どもへのハラスメントについてもご意見をお伺いしたいです。\n\n龍 わたしは今42歳ですが、うちの父くらいの世代になると、「子どもの人権意識」というのは非常に希薄でした。子どもは、農村地帯においては労働力であり、親には絶対服従するものであり、1人の人間として扱われてはいなかったと思います。\n\n 今はそこまでではなくなったと思いますが、自分の子どもを自分の分身のように扱い、子どもを自分の思い通りにしようとしたり、自分が叶えられなかった夢を子どもに託したり（子どもからしたら迷惑）、子どもと自分との間で自他境界が出来ていないパターンは多く見られると思います。\nすべての親が肝に銘じなければならないことは、親からどんな目に遭わされても、それでも子どもはそこからなかなか逃れられないということ。\n\n 子どもは生活力が無いので、親に養ってもらわないと生きていくことができない。簡単に支配と服従の関係ができあがってしまうんです。大人と子ども、男性と女性、上司と部下。力のある方が何かを命令すれば、力の弱い者がそれを拒否するのは難しい。だからこそ、力のある側がいつも気をつけなければならないと思います。\n\n 自分は子どもが3人いますが、親子関係においては簡単に「支配」と「服従」の関係を作り出せることがわかっているからこそ、自分の言動をできるだけ振り返るようにしています。「よかれと思って」「正しいことを」していると思っているときこそ、危険だと実感しています。\n\n――鳥羽は、過去の振る舞いについて反省し、現在は部下に慕われる上司へと変貌しました。部下との関係、娘への思いなど、鳥羽について思うことを教えてください。\n\n龍 鳥羽さんは……本当に本当に悩みながら苦しみながら描いたキャラクターです（笑）。\n\n 前作の時に主人公の翔を助けるという重要な役割があって、その時は「かつてモラハラ・DVをしていて離婚したけど、今は自分の加害を認め、振り返り、受け入れた」というバックボーンを意識して描いてまして、自分の中では「辛い過去を受け入れすでに悟った人」くらいの感覚でいました。鳥羽さん自身の「課題」「弱み」みたいなところには触れていなかったんですよね。\n\n 今作で、鳥羽さんの過去を深堀りして、仏の鳥羽さんの闇の部分を描くことになったわけですが、これがなかなかイメージできなくてとても苦労しました（汗）。なんせ、こんな人に会ったことがありませんし、モデルもいなかったので。何度もMTGを重ねて、すこしずつ鳥羽さんの輪郭をつかんでいった感じです。\n\n もしこんな人がいたら……自分の上司だったらとても働きやすいだろうなぁと思いますね。\n毒親家庭で育ち…サバイバル術としての「怒り」\n――今作のもう一人の主人公である娘の奈月。彼女は鳥羽からのモラハラに影響され生きにくい人生となっています。彼女を通して伝えたかったこと、また彼女を描くときに気を付けた点など、奈月について思うことを教えてください。\n\n龍 奈月はパッと見激情型で、怒りっぽい、強い女性のように見えます。ですが、実際その怒りは弱い自分を守るための防衛システムみたいなものです。外側に向けた攻撃性と、内側の繊細さのギャップに気をつけて描きました。\n\n イメージとしては、人間に捨てられた手負いの野良猫みたいな。基本的にとても人が怖いんですよね。信頼してしまって本当に大丈夫なのか? 弱みを見せても大丈夫なのか? 攻撃されないのか? 毒親家庭育ちで、常に緊張状態で生きてきた彼女のサバイバル術が、あの「怒り」だったと思います。\n\n その怒りが陽多や部下に向けられるわけですが、「女性からのモラハラは許される」というメッセージにならないように、気をつけました。奈月は前半と後半で全然顔つきが違うと思うので、その辺も注目して読んでもらえたらうれしいです。\n加害者を許さなければいけないのか?\n――被害者は加害者を「許さなければいけないのか」。こんなに反省しているんだから……とつい周りは思ってしまいますが、奈月に限らず、被害者からすればこんなに苦しい状況はありません。この問題についてご意見をお聞かせください。\n\n龍 わたしは保育園で働いていますが、保育現場でよく見られるのが「ごめんね」→「いいよ」の強制です。\n\n 加害者に「ごめんね」と謝られたら、被害者は「いいよ」と許してあげなければいけない、と教える先生は多いです。謝られたら、許してあげましょう。これを小さい頃から教え込むのです。これは、人間関係を円滑にするためには必要なスキルと言えます。ですが、あまりにも加害者寄りの考え方とも言えます。\n\n 被害者に「許さない」という選択肢を与えないのは、暴力的なことかもしれないなと思います。一般的に「許し」は良いこととされ、成熟している証とされるのに、「許さない」というのは、わがままで、子どもっぽいこととして捉えられることが多いのではないでしょうか。それが更に被害者を苦しめている気がします。\n\n 個人的に、許す許さないはどっちでもよくて、許した方が楽になるならそうすればいいし、そのタイミングではないなら、許す必要はないと思います。加害者目線で言うと、「人を傷つけても謝ったら許してもらえる」というよりも、「謝ることはできるけど、許してもらえるかはわからない」が正しいような気がしています。\n\n――奈月を支えてくれたのは婚約者の陽多、そして鳥羽にはシェアハウスから派生したGADHA的働きを持ったコミュニティがありました。被害者はもちろん加害者側にも支えてくれる人は必要ですよね。陽多やコミュニティの面々についてお伺いしたいです。\n\n龍 シェアハウス自体が自助グループ的な役割を果たしているところが今作の特徴的な部分だと思っていて、シェアメイトである深沢、赤城、鳥羽の3人は同じような境遇を持った独り身のおじさんたち。\n\n 一般的にイメージする独身おじさんたちの暮らしぶりとはちょっとイメージの違う生活をしていると思います。彼らは日々の掃除洗濯炊事などをきちんと自分たちでこなしていて、時にはクッキーを焼いたりもしている。\n\n そこには女性の姿はありませんが、自分たちで自分たちのケアをしている。生活面のみではなく、精神的なケアもおじさん同士でし合っている、というところが特に描きたかった部分です。\n\n 原作者の中川瑛さんの運営するGADHAも、「加害者同士でケアをし合う」というところが重要な要素ですので、まさにGADHAを具現化したような場所になっていると思います。\n時代の変化に気づけない、もう一人の加害者\n――今回、もうひとり加害者として、北見という人物が登場します。彼は時代が変化していることに気づかず、自身のモラハラを正当化して泥沼に陥ってしまいます。「自分が若い頃されてきたことだから」と踏襲してしまうのは我々もやりがちなことです。常に時代は変化していますが、その際に気をつけるポイントや北見について思うことなど教えてください。\n\n龍 北見さんもある意味では被害者と言えますよね。彼は自分が先輩から学んできたことを部下にも同じようにしているだけなのですから。今の時代になるまではそれで上手くいっていたわけなので、ある程度年齢を重ねてからやり方を変えるのは簡単なことではありません。この作品においては異質なキャラクターに思えるかもしれませんが、わたしたちの周りに北見さんみたいな人はたくさんいると思います。\n\n わたしが子育てをしている中でいつも考えることがあって、それは「今の時代にはこれが正解とされているけど、この子達が大きくなったときにも正解のままとは限らない」ということです。\n\n わたしは今この時代に母親として生きているので、できるだけこの時代の最適解とされる育児をしようとするわけですが、その最適解はいつまでも最適解ではないということ。それが原因で子どもたちから非難される可能性があるということ。それを受け入れる覚悟が必要だなと思います。\n\n 変化を受け入れ、「これが正しい」と固定化するのをやめて、柔軟に生きて行ければと思います。\n許さなくても、許されなくても\n――この作品を通じて伝えたかったことを教えてください。\n\n龍 「許さなくても、許されなくても、幸せに生きていい」この作品の根っこになるメッセージです。これが全てかなと思っております。\n\n――最後に『99％離婚 離婚した毒父は変われるか』を手に取る読者のみなさんへ、メッセージをお願いいたします。\n\n龍 この本を手に取って下さり本当にありがとうございます! 毒親育ちの方や、自身が毒親であるという自覚がある方、ハラスメントについて悩んでいる方など、たくさんの方に読んでもらえたらいいなと思います。\n\n 奈月の表情の変化や、おじさん達のシェアハウスでの生活ぶりに是非注目して読んでいただきたいです。個人的には奈月と陽多のやりとりも気に入っているので、2人の会話なども楽しんでいただけたら嬉しいです。\n\n 「あんたなんか毒親だ」妻と子の間違いを正しているつもりだったが…モラハラ・DV加害者は変わることができるのか へ続く\n「文春オンライン」編集部,['https://newsatcl-pctr.c.yimg.jp/t/amd-img/20240429-00070255-bunshun-000-1-view.jpg?pri=l&w=451&h=640&exp=10800'],"['https://news.yahoo.co.jp/articles/88ba4afffd8d32e25a54156a372508df6992b972/images/000', 'https://bunshun.jp/articles/photo/70259?utm_source=news.yahoo.co.jp&utm_medium=referral&utm_campaign=partnerLink']"
自主制作した初8ミリ作を大手映画会社がリメイクの“快挙”も…大学2年生の石井岳龍が現場で味わった屈辱とは（文春オンライン）,https://news.yahoo.co.jp/articles/93d860ec33172446a5e49858eac216218efc2d2d,https://newsatcl-pctr.c.yimg.jp/t/amd-img/20240429-00069960-bunshun-000-1-view.jpg?exp=10800,2024-04-29T11:12:57+09:00,2024-04-29T11:12:57+09:00,文春オンライン,bunshun,文春オンライン,3925,\n〈8ミリ映画出身・石井岳龍が大学1年の夏休みに撮った『高校大パニック』で感じたエクスタシー〉 から続く\n【写真】この記事の写真を見る（3枚）\n評判を呼んで各地で自主上映された8ミリ作品『高校大パニック』が大手映画会社・日活の目に留まり、同社で商業映画としてリメイクされることになった。\n\n 当時大学2年の石井監督は澤田幸弘監督との共同監督、他の8ミリスタッフも製作に加わるというのは、まさに「大事件」だった。しかし実際の現場では思いがけない扱いが待っていた――。（全4回の2回目/ 最初 から読む）\n\n◆◆◆\n日活が『高校大パニック』をリメイク\n――日活版の『高校大パニック』はどのように始まったんですか?\n\n石井 上板東映（※注1）で私の『高校大パニック』を見た日活の若い企画の方がいて、その方が面白いと上司に相談して、依頼が来たんです。\n\n――これを日活映画にしましょうという提案ですね。\n\n石井 そうです。ただし、共同監督という条件で。\n\n――最初からそれは言われたんですね。\n\n石井 そうです。それで狂映舎のメンバーも入ってくれと。私も完成した8ミリがまだ1本でしたし。\n映画製作の内側に入ってみて分かったこと\n石井岳龍監督 ©深野未季／文藝春秋\n――大学何年ですか? \n\n石井 大学2年生の終わりかな。だけど、一応バイトで東宝のスタジオマンといって、最初にスタジオに行って水撒きしたり、タバコを拾ったり掃除をするという係の経験もしました。同録の時には見張りもするという。\n\n あるいはエキストラで現場に行ったりしていたので、撮影所でどういうふうに映画を作るかという外側はもう分かっていたんです。浦山桐郎さんの『青春の門 自立篇』とかでそういうのを見てましたので。\n\n――そういう立場で撮影現場を見ていたんですね。\n\n石井 だけど企画から上映までということは全く知りませんでした。内側に入ってみて分かったんですけれども、結局澤田組といいますか、共同監督の澤田監督のチーム、それを全部にあてがわれていたので、私は監督補みたいなものですよね。\n\n だけど、30パーセントぐらいは自分が入ったことによってよりよくなったんじゃないかなとは思うんですけど。とにかく、ひどい扱いを受けたというか、屈辱といいますか。\nオリジナルにないいろんなドラマをくっつけられて\n――脚本段階ではどうだったんですか?\n\n石井 脚本段階では、大屋君も入って、脚本の神波（史男）さんが非常に面白い方で、『仁義の墓場』とか東映の脚本家で尊敬してましたので、一緒に仕事ができて良かったです。\n\n ただ、私が本当に考えていたのは、殺人マシンとなった男の子と殺人マシンとなった機動隊というか、スナイパー的な警察の戦いといいますか。無機的な、ほとんどセリフのないような、クールな映画らしいアクション。ドラマとかはほとんど要らないんじゃないかと思っていた。\n\n そういうのを夢想していたんですけど、全くそれは駄目でした。一応納得させられてましたけど、いろんなドラマをくっつけられて、「違うんだけどな」と思いながら。\n\n――撃たれる側と撃つ側のせめぎ合いをクールに見せようみたいな、そんなイメージだったんですか。\n\n石井 そうですね。主人公がなぜその行動に出るのか、その理由を解き明かすドラマは意味をもたないだろうと。ただ、そういう狂気がある。その狂気を力で抑えようとする者たちがいて、両者の闘争のリアルな映画的アクションや触覚的な細部にすべてがおのずと見えてくるんじゃないかと思っていたんです。\n\n そういう思いは、次の『狂い咲きサンダーロード』（1980）とか『爆裂都市 BURST CITY』（1982）とかの時に目指したことでもありました。\n\n――でも、日活版でも主人公が陸上部で、それを女の子が見ていて、「ずっと走っていればよかったのに」みたいな、後の『シャッフル』（1981）にも出てくる走るイメージが出ていたので、それは石井さんが書かれたのかなと思ったんですけれども。\n\n石井 ずっと一緒に合宿しながら意見を言って、神波さんが苦戦しながら書かれたんですけど。少しは入っているかもしれません。ただ、浅野温子さんの存在感はすごかったです。彼女はやはり逸材というか。\n浅野温子はすごかった\n――その時にキャスティングされた方は?\n\n石井 彼女は私の強い推薦です。確か『聖母観音大菩薩』（1977）という若松孝二監督の作品を直前に見ていて、あの人はすごいと思っていたので。そうしたら、やっぱり実物のオーラはすごかったです。\n――彼女の存在感はすごいですね。教室で小便をするシーン。あれはすごいですよね。\n\n石井 あれは神波さんのアイデアです。\n\n――ああ、そうですか。あそこがリアルだと思ったし、あの時代日本映画ってああだったなと。今だったらやらないんじゃないかと。\n\n石井 私はついていけない（笑） 。\n日活映画で8ミリスタッフがメインスタッフで参加\n――（笑）。でも、クレジットには大屋さんがプロデューサーで入っていて。\n\n石井 あと、松井君（※注2）という、のちに監督もやっていますが、彼が助監督の一番下で入っていました。\n\n――それは狂映舎サイドで。\n\n石井 はい。それから狂映舎で非常に力になっていく秋田光彦君が、彼も大屋君の大学友達ですけど、脚本を書いていたのですが、確か宣伝プロデューサー的な立場で参加したはずです。\n\n――それってすごい。日活映画で8ミリスタッフがメインスタッフで入ったというのは、すごい事件だったと思います。\n\n石井 自分が監督するんだというつもりだったので、やっぱり忸怩たる思いといいますか。\n実質は共同監督ではなく「監督補佐」だった\n――監督をやれると思って行ったら、監督ではなかったと。\n\n石井 実質は監督補佐でしょうね。澤田さんが非常に立派な方で、ものすごく立ててくれて、共同監督だということで守ってはくれたんです。いろいろ教えてくれようとはしたんですけど、「私、それは知ってます」という感じだったんで。\n\n だけど、当時の日活撮影所には、（石原）裕次郎さんもいたし、渡（哲也）さんもいたし、大林（宜彦）さんがいて百恵・友和の映画を撮ってましたし、（高倉）健さんが『野性の証明』（1978）を撮っていて、薬師丸ひろ子さんも…僕は知らなかったんですけど。小っちゃい女の子が自転車に乗ってフラフラやってきて、かわいそうだなという。そういう、ものすごい熱気と輝きのある時期で。\n仕事で作る映画と自主映画の違い\n――ある意味黄金時代だったんですかね。\n\n石井 黄金時代というか、最後の花火といいますか。そういう中で、のちにディレクターズ・カンパニーとして一緒になる監督ですとか、非常に優秀だなと思えるスタッフとか、とっても意地悪なスタッフとか、そういういろんな人間模様を体感したというか。撮影所の映画作りをその時に体験できたといいますか、一部始終を見ました。\n\n 当然これでは駄目だと思うこともたくさんあったし、これはちょっと役に立つかもしれないと思うこともあったので、そこは貪欲に、屈辱に耐えて、次からの映画作りに生かそうという思いでした。\n\n――自主映画と違うなと感じたのはどういうところですか。\n\n石井 当然ですけれども、労働としての映画をやっているという。\n\n――仕事ですのでね。\n\n石井 そうです。仕事だということ。それは常に澤田さんと話していたことです。うちらは仕事だと。で、君は学生だと。\nディレクターズ・カンパニーでプロのやり方を学んだ\n――好きでやっているわけではなくて、ちゃんとお金をもらうための仕事としてもやっていると。\n\n石井 責任ですよね。それは当然のことだと思うし。全員の生活を守るということ、それから、そこにかかったお金をいかに回収するか。癖が強い方たちが集まっていますから、いかに一枚岩として物事を進めていくか。\n\n それは重々分かったので、そこで私がこの作品を潰したりくさびを打ったとしても違うだろうなと思いましたので、じっくり、反面教師というところも含めて見させていただこうと。\n\n その反動が強かったせいか、『サンダーロード』と『爆裂都市』においては、プロのやり方を全くしなかったんです。\n\n 私がようやくプロのやり方を学んだのは、ディレクターズ・カンパニーに入って、プロといっても尖鋭な独立プロの方たちのプロですけど、これはこれでまた違う実践的なやり方があると思った時です。\n\n 『サンダーロード』と『爆裂都市』は完全にこっちのやり方でやると。日活のやり方じゃ駄目だと思ったので。\n\n\n※注1 上板東映 上板橋駅近くにあった映画館。東映の封切り館として1957年開館しその後名画座に転向。独立プロ作品や自主映画の上映も行い、映画ファンから人気を集める。\n\n※注2 松井君 松井良彦。映画監督。1979年『錆びた空缶』でPFF入賞。代表作『豚鶏心中』（1981）、『追悼のざわめき』（1988）など。\n\n 一時は完成できないんじゃないかと思った…自主映画界の仲間が結集した伝説の卒業制作作品『狂い咲きサンダーロード』 へ続く\n小中 和哉／週刊文春CINEMA オンライン オリジナル,['https://newsatcl-pctr.c.yimg.jp/t/amd-img/20240429-00069960-bunshun-000-1-view.jpg?pri=l&w=640&h=426&exp=10800'],"['https://bunshun.jp/articles/photo/69960?pn=2&utm_source=news.yahoo.co.jp&utm_medium=referral&utm_campaign=partnerLink', 'https://news.yahoo.co.jp/articles/93d860ec33172446a5e49858eac216218efc2d2d/images/000']"
「24時間ぶっ通しの撮影」と「完徹続きの編集」　それでも終わらなかった『爆裂都市 BURST CITY』の熱狂（文春オンライン）,https://news.yahoo.co.jp/articles/5db0b753ff3e886b5d3296b08f40cb0bfd4bb0a2,https://newsatcl-pctr.c.yimg.jp/t/amd-img/20240429-00069962-bunshun-000-1-view.jpg?exp=10800,2024-04-29T11:12:57+09:00,2024-04-29T11:12:57+09:00,文春オンライン,bunshun,文春オンライン,4142,"\n〈一時は完成できないんじゃないかと思った…自主映画界の仲間が結集した伝説の卒業制作作品『狂い咲きサンダーロード』〉 から続く\n【写真】この記事の写真を見る（3枚）\n『狂い咲きサンダーロード』のヒットにより、東映で『爆裂都市 BURST CITY』の製作が決定した。破格（?）の予算を得て誰も見たことのない映画を作ろうと邁進した石井監督はいま、「自分の中ではまだ未完成の作品」と言う。（全4回の4回目/ 最初 から読む）\n\n◆◆◆\n東映で『爆裂都市 BURST CITY』を製作、予算は5,000万円\n石井 『狂い咲きサンダーロード』がヒットしましたので、東映の岡田（茂）社長も非常に喜んだらしくて、幹部達にこういう映画を作れと鼓舞したらしくて。\n\n――『サンダーロード』を見た岡田社長が、もう一本やれという感じだったんですね?\n\n石井 だけど、『爆裂都市 BURST CITY』を見た時は「こんな男には二度と作らせるな」と言ったらしいんですけど（笑）。オチがあるんです。\n\n――（笑）。\n\n石井 制作予算は5,000万円でした。当時の私にとっては5,000万というのは天文学的な数字です。それまでゼロから作ってますから。\n\n――そうですよね。\n\n石井 もう何でもできると思って。\nプロフェッショナルの映画の作り方を一切無視\n石井岳龍監督 ©深野未季／文藝春秋\n――大作だと。\n\n石井 最初は泉谷しげるさんと戸井十月さんと私の3人で喧々諤々ストーリー作りをやっていたんです。でもあまりにも壮大なスケールになってしまって、これはアニメだねと。\n\n 私的にもちょっと構想が気に入らなかったので、私とダイナマイトプロのプロデューサーの秋田光彦君で原型になる脚本を作って、それでクランクインしたんです。\n\n 日活の反動か、プロフェッショナルの映画の作り方というのを一切無視していました。スケジュール表を毎日助監督さんが渡してくれましたけど、私はそれの意味が分からなくて。スケジュール表って何?と。\n\n――何で時間が決められているの?ということですね。\n\n石井 撮り終わる時が終わる時だと思ってましたので。\n――予定どおり行くわけないだろう、みたいな。\n\n石井 予定を守るという意味が解らなかった。ロケバスが来たというだけで喜んでましたし。チーフ助監督さんや制作部さんにはとても申し訳ないことをしました。\nコント赤信号も驚いた「ロケ弁当はふりかけだけ」\n――初めてですもんね。\n\n石井 ロケバスと、お弁当が出るという、それだけで珍しい。\n\n ほとんどが素人の寄せ集めで、プロ的だったのは笠松（則通）カメラマンとか何人かで、プロの仕事をしている人たちが制作陣や進行関係で入ってくれていましたが、そういう人たちも気を使ってか、「好きにやってみろ」みたいな雰囲気でした。\n\n それでだんだん立ち行かなくなって、最終的にお金がないからどうしようみたいなことになっていく。お弁当も、おかずがなくなった。\n\n――お弁当もそんな感じになっちゃったんですか。\n\n石井 コント赤信号の方たちが出演していて、後にギャグにしてましたけど、弁当をパッと開けたらご飯だけだったから、裏返して開けたのかと思って裏返したら、そっちもおかずがなかったという（笑）。 \n\n――本当にご飯だけなんですか。\n\n石井 ふりかけはかかってました。\n\n――ああ（笑）。何かの間違いじゃないかとみんな思って。\n\n石井 笑い話。\n撮影終了後も2カ月以上完徹\n――映画のコピー、すごかったですね。「これは暴動の映画ではない。映画の暴動である」。\n\n石井 本当にそうなって。私の生活もダイナマイトプロもリアルに爆裂してしまいました（笑）。私の思いは、あり得ないチャンスのこの映画を作るからには、誰も見たことないようなモノを作りたいということ。自分の中では『戦艦ポチョムキン』とか『ナポレオン』とかそういう思い上がった目標を考えて、それを目指してやったんですけど。撮影も終わったと言えるのかどうか。初めて封切り日が決まっていて。\n\n――締め切りがあったんですね。\n\n石井 撮影はずっと24時間体制で赤羽の廃工場を舞台に連日終わるまでやっていた。その後の編集も2カ月以上、ずっと完全徹夜。それでも間に合わなかったんです。\n\n ほとんど奪い去られるようにダビング作業まで持っていかれて。だから、私の中では未完成なんです。\n\n――もっと時間があればいろいろやりたかった。\n\n石井 だけど、使いたい撮影済フィルムがどこにあるかも分からないような状態でグチャグチャになってましたので。プロ的なやり方をしなかったしわ寄せが全部最後に来て。\n自分の生活も映画の体制もリアル爆裂\n――編集は山川直人さんにも一部分手伝ってもらって。\n\n石井 あと、阪本順治（※注1）君。今は日本を代表する立派な監督ですけど、その時は美術助手でした。それなのに阪本君は編集にも最初から最後の最後まで付き合ってくれました。あと、尾上君（※注2）も美術として入っていて。\n\n 林田君（※注3）は今は立派な美術監督になってますけど、当時は美術のバイトでフリークスの腕を作ってくれたり、すごい熱心で。撮影自体が連日連夜、騒乱のライブ状態で、それをきちんと映画の最終形にしていくのは大変でした。\n\n シナリオだったり、スケジュール管理だったり、プロフェッショナルな体制が絶対必要だというのは、痛いほどその時に分かりました。分かった時にはもう遅いんですけど。自分の生活も映画の体制もリアル爆裂して壮絶な状態になって。\n8ミリ時代の経験はすべてに生きている\n――自主映画、8ミリ時代の経験、今の石井さんの映画作りにその経験というのはどう生かされていますか? \n\n石井 すべて生かされているんじゃないですかね。一歩一歩積み重ねだから。\n\n 映画作りだけじゃなくて、自分が生きている、感じている瞬間が、大げさに言えば映画だと思うんです。自分が実感していることや、自分の中にある何かをもとにしないと、人の心を震わせるというのは難しいと思うので。作品というのは嘘をつけないと思うんですよね。映画は特に。\n\n 常に『狂い咲きサンダーロード』が代表作として言われて、今でも見られて「面白いよ」と言われても、なんかピンとこない時期、今日も『高校大パニック』の話をしましたが、そういうのが全然駄目な時期もありました。「私は次に作る映画に全力をかけているんだから、過去作品は関係ない」って。\n\n でも、今はすべてが自分をかたちづくっていると思います。共に仕事をした関係者や協力者、お世話になった方々への感謝不足とか、自分の狭い意識の根本改革とか、猛省と自戒の念も込めて、全部です。良い面はより良くし、間違いは正して、矛盾は止揚していく必要があります。\n常に新たな表現を模索\n――常に次が自分の代表作だ、最高傑作だという思いで作っていますよね。\n\n石井 それは、たとえばボブ・ディランが好きなので。彼はアーティストとして常に新しいことに挑戦していて、同じ歌を歌う時も今の表現としてアレンジを変えている。\n\n あるいは、葛飾北斎という人も私は大好きなんですけど、守りに入らずより高みを目指してローリングしていく精神。常に新たな表現、自分と受け手を高めるための表現を模索している。だからこそ古びない。変わらないために変わるというか。すごく大事なことをつかんでいるけど、世の中は変わっていくし、それを見てくれるお客さんも変わっていくから、変わらないために変えるというか。\nなぜ映画が好きなのかが今はちょっと見えかけている\n――芯は変わらないということですね。\n\n石井 表現に向かう大切な本質の部分はそんなに変わるものじゃないので。何故映画を作りたくて、何故それをお客さんに見てほしいのかとか、そこに込める思いとか、そういうことは変わってないと思います。なぜ映画が好きかということを昔は言葉にできなかったけど、今はちょっと見えかけていると思います。\n\n――なるほど。次の『箱男』もすごく楽しみですけれども、石井さんのその先の作品もまた楽しみにしています。\n\n \n\n※注1 阪本順治 映画監督。代表作『どついたるねん』（1989）、『顔』（2000）、『KT』（2002）、『せかいのおきく』（2023）。\n\n※注2 尾上君 尾上克郎。特撮監督。代表作『シン・ゴジラ』（2016）、『シン・仮面ライダー』（2023）。\n\n※注3 林田君 林田裕至。美術監督。代表作『パンク侍、斬られて候』（2018）、『シン・ウルトラマン』（2022）。\n\nいしい がくりゅう 1957年福岡県生まれ。日大芸術学部に入学後、『高校大パニック』で8ミリ映画デビュー。78年、『突撃!博多愚連隊』がぴあフィルムフェスティバルに入選。\n\n \n\n 主な作品に『狂い咲きサンダーロード』（80年）、『爆裂都市 BURST CITY』（82年）、『逆噴射家族』（84年）、『水の中の八月』（95年）、『五条霊戦記 GOJOE』（2000年）、『生きてるものはいないのか』（12年）、『パンク侍、斬られて候』（18年）など。 \n\n \n\n 2010年、旧名の石井聰亙から改名した。2024年には長年の企画であった安部公房原作の『箱男』が公開予定。\n\n＜聞き手＞こなか かずや 1963年生まれ。高校、大学で8ミリ自主映画を撮り、『星空のむこうの国』（86年）で商業映画デビュー。主な作品に『四月怪談』（88年）、『ウルトラマンメビウス＆ウルトラ兄弟』（06年）、『七瀬ふたたび』（10年）など。2023年自身の8ミリ自主映画時代を描いた『Single8』を発表。\n小中 和哉／週刊文春CINEMA オンライン オリジナル",['https://newsatcl-pctr.c.yimg.jp/t/amd-img/20240429-00069962-bunshun-000-1-view.jpg?pri=l&w=640&h=426&exp=10800'],"['https://bunshun.jp/articles/photo/69962?pn=2&utm_source=news.yahoo.co.jp&utm_medium=referral&utm_campaign=partnerLink', 'https://news.yahoo.co.jp/articles/5db0b753ff3e886b5d3296b08f40cb0bfd4bb0a2/images/000']"
一時は完成できないんじゃないかと思った…自主映画界の仲間が結集した伝説の卒業制作作品『狂い咲きサンダーロード』（文春オンライン）,https://news.yahoo.co.jp/articles/36e7f1091069cc295abac03e8a831e62764c22f1,https://newsatcl-pctr.c.yimg.jp/t/amd-img/20240429-00069961-bunshun-000-1-view.jpg?exp=10800,2024-04-29T11:12:57+09:00,2024-04-29T11:12:57+09:00,文春オンライン,bunshun,文春オンライン,4094,\n〈自主制作した初8ミリ作を大手映画会社がリメイクの“快挙”も…大学2年生の石井岳龍が現場で味わった屈辱とは〉 から続く\n【写真】この記事の写真を見る（7枚）\n大学2年で日活版『高校大パニック』の屈辱を味わった石井監督は、日大芸術学部の卒業制作として伝説の『狂い咲きサンダーロード』に取りかかった。\n\n 当初から長編商業映画としての公開を目指した本作には、自主映画界の仲間たちが大学の垣根を越えて協力した。（全4回の3回目/ 最初 から読む）\n\n◆◆◆\n最初から長編商業映画を撮るつもりだった『狂い咲きサンダーロード』\n――いよいよ『狂い咲きサンダーロード』ですが、これは日大芸術学部の卒業制作だったんですか。\n\n石井 卒業制作です。『高校大パニック』で屈辱を味わったので、次にいつ撮れるか全然分からない。だからこそ、卒業制作で16ミリの映画を作れるので、悔いのないものを撮りたいという思いでした。あと、上板東映の小林支配人（※注）も少し出資するということになって。\n\n――日芸の卒業制作って、上映時間の規定があったと聞いたんですけど。\n\n石井 45分以内です。\n\n――それをあえて無視して。\n\n石井 最初から私は長編商業映画を撮るつもりでした。だからシナリオは短くして提出した。\n友人や両親、仲間など、たくさんの方々に協力していただいた\n『狂い咲きサンダーロード』\n――卒業制作とお聞きしてもそうは見えない。お金のかかり方とか、キャストも小林稔侍さんも出てますし。卒制の枠組みとやろうとしている中身のギャップはとても大きかったと思うんですが。\n\n石井 これは最初に言わなきゃいけなかったんですけど、私が監督したい映画って絶対に1人じゃできません。いろんな方々の協力がたくさんあって初めてできあがるものです。\n\n 友人や両親、仲間や、知人の方々のたくさんの助力が大きかったし、表現への刺激や勇気を貰った泉谷しげるさんの力もすごく大きかったし、上板東映の小林さん周囲の力も大きかった。\n\n 東映関係、例えば小林稔侍さんのキャスティングとかは、確か、上板の小林さんを通じてお話を振って、小林稔侍さんに会っていただいて、台本をお見せしたら、とにかくやりますと。\n\n ギャラなんか保証できないのに。関わってくれた全員がそうです。エキストラたちもみんなそうだし。そもそもバイクを私は持ってなかったんです。\n\n――バイクが一番大切ですよね。\n\n石井 バイクを持ってないのに暴走族の映画を撮るというのは、本当にとんでもないバカ者だと思うんですけど（笑）。だから、バイクや暴走少年たちも助監督さんが中心になってほとんどを協力要請で集めて貰って。\n黒沢清、長崎俊一、山川直人…自主映画界の横のつながり\n――『サンダーロード』もそうですし、『爆裂都市 BURST CITY』もそうですし、クレジットを見ると当時の自主映画の監督をやったような人たちがすごくいっぱい入っていますよね。\n\n石井 いろんな方に手伝ってもらったと思います。あと、大学の枠を超えて上映会も結構一緒にやっていたりしたんですよね。黒沢清さんもいたし、日芸には長崎俊一さんと矢崎仁司さんというすごい才能がいました。早稲田の山川直人監督も。\n\n――山川さんは編集でクレジットされていますね。\n\n石井 『爆裂都市』の時に編集で手伝ってもらいました。すごい映画を撮る人だなと思っていました。黒沢清さんも最初から超然とした方でした。絶対自分のポリシーを曲げない、何を言われても気にしないという。\n\n それらの方との切磋琢磨がありましたし、例えば『シャッフル』だったら、今立派な監督になられていますけど、森達也さんがメインの刑事役で出てもらってますし、荒戸源次郎さんも出てもらってます。室井滋さんも早稲田のシネ研の関係で。\n\n 加えて、僕らはピンク映画の方たち、若松プロの方たちとも交流がありました。ガイラさん――小水一男さんという若松プロの重鎮ですけど、撮影、監督、俳優もやってという非常に面白い方で。\n\n 私も若松（孝二）さんの脚本を書こうとしたことがありますが、採用されませんでした。下手なので。そういう越境した刺激的な付き合い、それはすごく大きな力になっていったと思います。\n\n――あの時代、自主映画の人たちの横のつながりってすごく大きかったと思うんです。『ぴあ』（\n＃1\n注3参照）という存在が大きかったんですかね。\n\n石井 『ぴあ』の存在も大きいです。\nぴあフィルムフェスティバルの大きな存在感\n――石井さんの『ぴあ』との接点の始まりってどの辺ですか?\n\n石井 ぴあフィルムフェスティバル（以下PFF）が始まった年に『高校大パニック』を出したんですけれども、落選しました。\n\n――そうなんですか。PFFの最初。\n石井 最初の第1回目。その悔しさを創作エネルギーに変えて（笑）。リベンジに燃えて。で、次に『突撃!博多愚連隊』（1978）で入選したのかな。その時に森田芳光さんの『ライブイン 茅ヶ崎』や、長崎俊一さんの『ユキがロックを棄てた夏』というのがあって。\n\n――一緒に上映されたりしてつながりができてきたんですね。\n\n石井 上映会同士のつながりよりも、PFFの影響は私は審査員になってからの方が大きかったかもしれない。\nアップデートしながら続けていることの素晴らしさ\n――審査員同士のつながりがあったということですね。\n\n石井 僕らの時は、審査員は自分がいいと思うものを1本だけ推すというやり方。そうしたら、やはりみんな考えが違うんですね。\n\n――みんな選ぶものが違いますよね。\n\n石井 面白かったです。大島（渚）監督の激しさとか。普段は非常に優しい立派な方ですよ。みんな一緒に飲みに行ったりもしたし。\n\n だけど、自分のポリシーをかけて何か発言したりする時は、絶対譲らない。「そんな作品を選ぶんだったらこんな賞はやめだ!」とか「そんなのクソだ!」とか、ものすごく激しい。むき出しにされるので、すごいなと思いました。\n\n ほぼ全員違うことを言うので、それが面白くて、そこからすごくいろんなことが広がったような気がします。PFFの存在は大きいと思います。\n\n――大きいですよね。\n\n石井 ずっと継続してアップデートしながら続けているということが素晴らしい。\n卒業制作がそのまま劇場公開されるという大事件\n――それで『サンダーロード』で卒制なのに商業映画にしましたね。東映系で公開しました。\n\n石井 そうですね。それも上板東映の小林さんのつながりで東映の上の方に見せたら、面白いということになって。試写の時から非常に反応がすごかった。\n\n 日活の『高校大パニック』で屈辱を味わっていましたので、題材的にもものすごく吟味していましたし、本当に苦労したんですよね。完成できないんじゃないかとどん底の時期もあったし、倒れかけたこともありました。\n\n ものすごく苦しい時に長谷川和彦監督と電話で話をしたりして、それが自分の心の支えになった。自分でやり始めたことは必ず最後までやると決めた。\nこれはもう駄目なんじゃないかということは何度も経験しているけど、そこからが本当の創作の勝負と知りました。最後に苦しんで苦しんで何か考え付いたアイデアとかが、その作品に輝きを与えるという経験を何回もしてきています。\nピンチになってもあきらめちゃいけない\n――その苦しみがかえって作品にプラスになることもあるんですね。\n\n石井 ピンチはチャンスという。例えば、どうしてもここは晴れてくれないと困るというシーンで大雨が降って、でも、絶対撮らなきゃいけない時がある。プロになってから特にそうですけど。\n\n で、何とか「じゃあこうしたらどうだ」と撮ったシーンが良かったりするんですよね。えも言えぬ味、力がある独自の表現になっているというか。\n\n――ピンチを生かして、また別の面白さが出ているんですね。\n\n石井 そうなんです。だからあきらめちゃいけないということだと思うんです。『サンダーロード』も『爆裂都市』も何度も途中で終わってもおかしくない映画だったけど、やり切ったということで次がある。\nいろんな方のお力で東映が配給することに\n――卒制が商業映画として公開されたって、僕ら自主映画をやっていた人間から見ると大事件でした。8ミリの自主映画と商業映画が一気に近づいて見えたというか。石井さんは前例のないことをやられたと思うんです。\n\n石井 前例がないことをやろうという狙いではなく、ただ自分がその時にとても重要だと信じる題材で、実現できる最大限に面白い映画を創り上げて、可能性を広げたい、若い観客たちを刺激したいという願いはありました。\n\n――そうですか。\n\n石井 最初から8ミリだったら8ミリでしか、自分たちにしかできない作品を撮って、それで入場料をいただいて、映画館でたくさんの人たちに見せるんだということの延長でしかないです。ものすごく運がよかったと思いますけど。\n\n いろんな方のお力で結果的に東映が配給することになった。東映セントラルの配給で最初は5館でしたけど。その後に100館ぐらい、全国公開になった。\n\n――それは本当に事件ですよね。\n\n \n※注 小林支配人 上板東映の支配人・小林紘。自主映画を上映して支援するだけでなく、『狂い咲きサンダーロード』『爆裂都市 BURST CITY 』『四月怪談』では製作として参加。2008年没。\n\n 「24時間ぶっ通しの撮影」と「完徹続きの編集」 それでも終わらなかった『爆裂都市 BURST CITY』の熱狂 へ続く\n小中 和哉／週刊文春CINEMA オンライン オリジナル,['https://newsatcl-pctr.c.yimg.jp/t/amd-img/20240429-00069961-bunshun-000-1-view.jpg?pri=l&w=640&h=429&exp=10800'],"['https://bunshun.jp/articles/photo/69961?pn=2&utm_source=news.yahoo.co.jp&utm_medium=referral&utm_campaign=partnerLink', 'https://news.yahoo.co.jp/articles/36e7f1091069cc295abac03e8a831e62764c22f1/images/000']"
「あんたなんか毒親だ」妻と子の間違いを正しているつもりだったが…モラハラ・DV加害者は変わることができるのか（文春オンライン）,https://news.yahoo.co.jp/articles/99e5e3d2a2881b7d7db250f15c4a03ddc757b736,https://newsatcl-pctr.c.yimg.jp/t/amd-img/20240429-00070257-bunshun-000-1-view.jpg?exp=10800,2024-04-29T11:12:57+09:00,2024-04-29T11:12:57+09:00,文春オンライン,bunshun,文春オンライン,8658,\n『99%離婚 離婚した毒父は変われるか』\n〈「せっかくの誕生日になんでそんな話するの!?」毒親家庭で育った女性が、婚約者に怒りをぶつけてしまう“本当の理由”〉 から続く\n【マンガ】『99％離婚 離婚した毒父は変われるか』を読む\n実の父親からモラハラ・DVを受けて育った女性・奈月は、つい婚約者に辛く当たってしまうことに悩み、会社でも厳しい態度で部下を委縮させてしまっている。トラウマを抱えた奈月は「加害の連鎖」から抜け出すことができるのか……。\n\n コミック『 99％離婚 離婚した毒父は変われるか 』（KADOKAWA）は、かつて“毒親”だった男性とその娘を描き出した作品だ。2022年12月に刊行された前作『 99％離婚 モラハラ夫は変わるのか 』につづき、「加害者は変わることができる」という原作者・中川瑛さんの想いが込められている。\n\n ここでは、自らもパートナーに加害をしてしまった過去があり、「モラハラ、DV加害者のための変容支援コミュニティ」GADHAによって変わることができたという原作者の中川さんに、作品内でも描かれた「加害の連鎖」や「加害者を許すべきか?」というテーマについて伺った。（全5回の2回目/ 最初から読む ）\n\n◆◆◆\n加害者は変わることができる\n――続編の発売おめでとうございます! 前作『99％離婚 モラハラ夫は変わるのか』は加害者側の心理を描いて話題となりましたが、前作発売後の読者の反応などいかがでしたでしょうか。\n\n中川瑛（以下、中川） Amazonのレビューが1000件を超えた際には、加害者変容についての内容がこれほどまでに多くの方に届くとは思ってもみなかったため、驚きました。\n\n 表紙のイメージから、最近流行の復讐劇や加害者が報いを受ける「ざまぁ系」の物語と見なされがちだったと思います。しかし、読者から「全然違う結末になって驚いた」「感動した」「DVの根本的な解決には加害者の支援も重要だ」といった肯定的な反応を得られたことが、非常に嬉しかったです。私が伝えたかったのは、「加害者は変わることができる」というメッセージでした。\n\n 一番嬉しかったのは、『99％離婚』を読んだことでGADHAに参加するようになった方が非常に多かったことです。発売から1～2ヶ月で、この作品を読んでGADHAに参加したという方が100人近くいらっしゃいました。その後も、参加者の参加経路を伺うと『99％離婚』が関連することが非常に多くなりました。\n\n モラハラやDV加害者としてネットで検索していて、この漫画を見つけて読んで「自分も変われるかもしれない」と思って参加した人もいます。パートナーに勧められた人が、半信半疑で読んだら「まさに自分だ」と気づけたという事例もたくさんあります。加害者にとって受け止めやすい、加害者が変わる過程や、変わった後にどのような幸福が待っているかを描いたことが、この作品の大きな価値であったと考えています。\n\n 加害者の変容は、非現実的に思えたり、難しいと捉えられがちですが、この作品が、モラハラやDVについて知り合いやパートナーに読むことを勧められる一つの手段となり、社会に新たな価値をもたらしたこと、書籍よりも手に取りやすいコミックという形で、加害者変容に関する情報に気軽に触れられるコンテンツを提供できたことが、非常に良かったと感じています。\n\n どうしてもDV加害者に関する情報は「変われない」「すぐ逃げる方が良い」といった、被害者支援のための文脈が多かったからです。それはもちろん被害者支援のためには重要な情報ですが、加害者にとっては認めることのできないスティグマを付与されるように感じて、結果、加害を認められず変われないという状況も生み出していたと思っています。\n\n しかし、漫画にも繰り返し書いてある通り、被害者には加害者を支援する義務や責任はなく、加害者が必ずしも変わるわけではないという点には注意が必要です。その点を指摘するコメントも多くありました。「逃げるべきだ」とか「こういうのはほとんどありえない」といった意見もあり、それは重要な指摘でもあると思っています。\n「加害の連鎖」を止めるのは簡単ではない\n――そして今回は「加害の連鎖をどう断ち切るか」というより深いテーマが描かれています。“仏の鳥羽さん”と慕われる男性の娘・奈月が、鳥羽から受けたモラハラが傷になり、大人になっても自身の感情を制御できずに苦しむシーンに心を揺さぶられました。この「加害の連鎖」についてご意見をお聞かせください。\n\n中川 私は加害が連鎖すると思っています。よく「加害は連鎖しない」「虐待は連鎖しない」という言葉を耳にしますが、これはおそらく、虐待を受けていた人が親になる際の不安や恐怖に対して、「必ずしも連鎖するわけではないから、子供をちゃんと育てられますよ、安心してね」という励ましや応援の文脈から生まれた言葉だと思います。\n\n 加害、支配、虐待、トリートメントなどの定義は時代によって変わりますが、変わるからこそ、それが連鎖していないように見えることもあると思います。自分がされて嫌だったことを、子どもにはしない、という形で、連鎖を止めることができるからです。しかし、それは学び変わろうとする意思あってのことであり、決して簡単なことではなく、連鎖自体は起きてしまうが、それを止められることもあるといった性質のものなのではないかと思います。\n\n 実際、自分が受けていたことが良くなかった、許せないものだと理解していても、ストレスを抱えた時にどう振る舞えば良いのか、その代替手段を知らないために、被害者自身が加害者になってしまうような連鎖もよく起きます。イライラしたら物に当たる親を見て育つと、イライラした時に、他にどんな手段でそれを緩和できるかがわからないということです。ダメだダメだと思いつつ、親と似たようなことを自分もしてしまっている……と絶望する方はたくさんいます。\n\n さらに難しい連鎖は、愛されていると受け取ったものを、愛しているつもりで他人に伝える際、それが加害や支配になるパターンです。普通のこと、当たり前のこと、自然なこと、家族だからこういうものだと思っていたことが、現代においては加害だということもよくあります。教育虐待などは典型だと思いますし、体型を馬鹿にしたり、「からかい」が実は人を深く傷つけるものだということがわからず、愛情だと思ってしまって、子どもを傷つけることもあります。\n\n しかし、どのパターンであっても、人は学び変わることができるため、連鎖もまた、起きることを前提とした上で、それを止めることもできると思います。連鎖という言葉が強すぎるのかもしれません。それは社会的学習、生まれ育った中で身につける人間関係のコミュニケーションのパターンであり、それを学習しない、影響を受けないということはありえない、と考えると当然のことであるとさえ思います。しかし、学び直すことは可能なのだ、ということが僕の思っていることです。\n変容が、子どもに渡せる一番の教育\n――奈月が大人になっても苦しむさまを見て、親から子へのハラスメントは被害が甚大で抜け出すのに多大な時間がかかるのだなと再認識しました。親から子へ、または大人から子どもへのハラスメントについてもご意見をお伺いしたいです。\n\n中川 親から子へ、そして大人から子どもへのハラスメントに関して、私の考えは少し複雑です。社会の常識や環境が変化していく中で、親が子どもに伝えるべきことや、子どもたちがどのように振る舞うべきかという観点も変わってくると思います。\n\n 例を挙げると、例えば新卒一括採用社会なのかどうかや、男女雇用機会が不均等なのかどうか、そういった環境次第で、どういった教育が適切か、子どものために良いか、というのは変わっていくと思います。その時々で、これで子供が生きやすくなるはずだと信じてとった行動が、社会の変化に伴って違ってしまう、ということは容易に想像できます。\n\n ハラスメントの多くは、悪意から行われていません。むしろ良かれと思って、それが普通・常識だと思って行われています。そして、その時々の普通を次の世代に引きつごうとするとき、後から見て加害的な振る舞いが許容されていることはよくあります。このような構造になっているように思います。\n\n その時その時で正しいと思って行うことが、後から見て問題があったとされることは、今後も起こり得ると思います。その危険性を認識し、学び直しや他者への相談を重要視する必要があると考えます。自分の時代はこうだったけれども、これからは違うのかもしれない……という不安や疑問を抱えながら、子供と接することが重要です。\n\n しかし、そのためには社会的な支援や相談ができる環境の整備も同じように必要です。個人にだけ責任を押し付けるのは無理があります。子育て支援に典型的なように、そういった不安を共有したり、相談したりできる場所を作っていく必要がありますし、政策的に支援される必要があるでしょう。\n\n 一生懸命に学んだとしても、後から批判されることもあるでしょう。その時には、批判の背景にある痛み、傷つき、悲しみなどに目を向け耳を傾けることが大事だと思います。ハラスメントはしたくてしているわけではない。だとしても傷ついた人はいる。その人の傷つきを知ろうとし、ケアしようとし、再発をしないように、これから関わる人との関わりを変えていこうとすることが求められていると思います。\n\n なぜなら、その変容が、実は子どもに渡せる一番の教育になるからです。人は学び変わることができる、間違いを認め、謝り、言動を変えていくことができるということが、他者と関わる上での一番の信頼となり、また、自分も間違えてしまった時に学び直そうと思える勇気につながるからです。\n変わったからといって全てが許されるわけではない\n――鳥羽は、過去の振る舞いについて反省し、現在は部下に慕われる上司へと変貌しました。部下との関係、娘への思いなど、鳥羽について思うことを教えてください。\n\n中川 前作『99％離婚』では、鳥羽をほとんど完璧な人間として描きました。彼は自身の過ちを認め、学び直し、周りの人々に対してケアをし、他の人たちの変容を支援するような、いわば理想的な人物として登場します。本作でも、その姿勢は変わらず、できる範囲で周りの人たちに対してケアをすることを続けています。彼をロールモデルとして前作に登場させたのは、人は学び、変わることができるというメッセージを伝えたかったからです。\n\n しかし、本作では「それで終わりじゃない」ということを強調したかったんです。人は学び、変わることができますが、それで完璧になるわけではありません。学び、変わったとしても、また違う形で失敗を犯したり、良かれと思って行った行動が意図せず人を傷つけてしまうこともあるんです。鳥羽のキャラクターを通して、そういう人間の脆さや、加害者になってしまう可能性を描きたかったのです。\n\n 鳥羽は私にとっても非常に思い入れのあるキャラクターです。自分が失敗しても、人のロールモデルになれるような存在は素晴らしいと思います。しかし、DV加害者が変わったからといって全てが許され、完璧な人間になるわけではないという現実もあります。\n\n 私自身も、『99％離婚』を描き終わってからも、人を傷つけることがあります。自分のニーズを満たそうとする中で、知らず知らずのうちに人を傷つけたり、耐え難い関係においてケアできず関係を終了するような場面もあります。全く聖人君子なんかではない。ただ妻との関係は良いものになり、幸せになれたけれども、終わりではない。それを自分自身、当たり前のことなのですが、思い知らされることがあります。\n\n でも、学び変わったという雰囲気がでてしまうと、今度は人に弱音が吐けない。愚痴をこぼせない。自分はもう変わった、上手くいった人間だから、という自己認識が、次の加害を認められなくなったり、それゆえに人を傷つけてしまったり、否認してしまったりする。そういう難しさを表現したいという思いもありました。\n\n 鳥羽には辛い体験をしてもらいましたが、それによって彼がどう成長し、どう向き合うかを描くことができたと思っています。特に娘への思いについては、親としての葛藤や愛情をリアルに表現できたと思います。子どもとの関わりを求めても叶わない人々の絶望感を、そしてそれでも生きていく勇気を、鳥羽を通して表現したかったのです。\n\n GADHAやPaToCaでも、子供と会えなくなる人がたくさんいます。多くの場合は、面会交流調停をしたら時間はかかっても会うことができますし、子どもが再び親に関心を持って会いにいくというケースもあります。でも、会えるかどうかわからない中では加害者変容のモチベーションを持ち続けることが難しいこともよくあります。\n\n そんなときは「いつか会えた時、加害者のままでいると『こんな人が自分の親なのか……』とショックを受ける事例があるので、その時に向けて、自分のことも大切に、無軌道にならず、セルフネグレクトもせずに、自分を生きて、ケアをして、そういう自分でいることが、きっといつか会うお子さんにとっての贈り物になりますよ」と伝えています。\n\n 変わろうと努力しても、必ずしも子どもと再び会えるわけではない、許されるわけではないという厳しい現実を描きながらも、それでもなお、自分のケアを始め、償いながら、周りにいる人も幸せにすること、ケアしあえる関係を生きることを通して、加害者も、自分を幸せにすることが可能だというメッセージを伝えたかったんです。\n\n それによって、いつか、どこかで、回り回って、子どもが生きやすい社会を作っていけるかもしれない。憎まれていても、許されなくても、会えなくても関われなくても、できることはあるのです。だからこそ、許されなくても幸せになっていい、自他にケアを始めていけるならば、という願いを込めた物語を描きたかったんです。\n自分の加害性に苦しむ女性たち\n――今作のもう一人の主人公である娘の奈月。彼女は鳥羽からのモラハラに影響され生きにくい人生となっています。彼女を通して伝えたかったこと、また彼女を描くときに気を付けた点など、奈月について思うことを教えてください。\n\n中川 奈月のキャラクターを通して、僕はトラウマ、毒親、アダルトチャイルドなどの問題というか、キーワードを知って苦しんでいる人々のリアリティを描きたかったと思います。\n\n 実際、このような背景を持つ女性は非常に多く、GADHAはよく男性の集まりだと思われるのですが、実際には3割ほどは女性です。彼女たちは自分の加害性をコントロールすることに苦しんでいます。こうしてはだめだとわかっているのにやめられない、自分自身に振り回されるような感覚に苦しんでいる人がたくさんいます。これは男性の加害者も、加害を自覚してからは同様です。\n\n これらの女性は、自分が傷つけられてきたと感じる一方で、知らず知らずのうちに他者との関係で加害者になってしまうことがあります。そうして孤立したり、人間関係で問題を抱える中で生きづらさを自覚して色々調べてみると、上記のようなキーワードに出会う。社会や育った環境の中で被害者であったことを気づかせるものですが、現在は加害者となっているという事実に直面するのは、非常に辛いことです。\n\n 奈月を描く際には、彼女の内面の葛藤や、生きづらさを感じている人々の感情を正確に表現することに注意しました。また、子供を持つことへの恐れや、親になることへの不安を抱えている人々の心情も描きたかったです。自分の生きづらさや、親からの影響を受けていることを認識した上で、同じ過ちを繰り返さないようにしたいという思いは、多くの人が共感できるものだと思います。実際、とても多くの方が、苦しんでもいます。\n\n そして、毒親として加害者にならないようにしようと思い、その葛藤を周りに共有したりすると「親もひとりの人間だし、ゆるしてあげたら」とか「いつまでも親のこと意識しすぎじゃない?」と言われることもよくあります。\n\n しかし、自分の加害者性を認めるからといって、自分の被害者としての傷つきや痛みがなかったことにはなりません。そして、実際、人を傷つけてきた歴史がなくなるわけでもありません。それがなくならないことを認めるからこそ、その痛みを引き受けてケアを始めていくことができるからこそ、きっと被害者から加害者になってしまった人の、その先の変容があるのだと思っています。\n\n この漫画では、「加害者を許さなくても、幸せになっていい」というメッセージを伝えたかったのです。加害者を許さなくても、生きやすくなれる。ケアを始めることはできる。聖人君子にならなくていい。許せない人がいていい。全員と楽しく仲良く生きるなんてことしなくていい。自他共に持続可能な範囲でケアしあえる関係があればいい。それ以上のことを無理に頑張って目指さなくていい。誰にもゆるしを強要される必要はない。傷つきはなくなったりしない。\n\n だからこそ、自分もまた、誰かが自分を許してくれるとは限らないことを認める必要があります。憎まれ続けるかもしれない、嫌われ続けるかもしれない。それもまた、避けることのできない現実です。それでもなお、自暴自棄にならずに、自分の罪を認め、自分の痛みを認め、そして自他へのケアを始めていくことができれば、それ以上のことはない。それこそが幸せになるということの意味だと考えています。\n「自分が書いたのに」泣いてしまうエピソード\n――印象に残っている、好きなエピソードを教えてください。\n\n中川 龍たまこさんの漫画が素晴らしすぎて、自分が書いた内容なのに泣いてしまうエピソード群があります。\n\n 1つは彩から鳥羽への「死んで欲しいと願われても、それでも、生きて幸せになってください」というメッセージ。\n\n もう1つは鳥羽から北見への「生きよう、生きていこう」というメッセージ。\n\n そして最後に「いつか、生まれてきてよかったと、そう思える日が、きますように」というセリフ。\n\n この3つは、命を繋いでいくエピソードです。悲しみも痛みもこの世界に生まれ落ちてきてしまった瞬間から約束されている。傷つけられる時も、きっと人を傷つけてしまうこともある。取り返しのつかないこともある。死んでしまいたい時もある。死を願われる時さえある。それでも生きていこう。生きて、学び変わって、ケアしあえる関係を生きて、幸せになって、そしていつか「生まれてきてよかった」と思える日がくるように、という願いが繋がっていく。暴力の連鎖ではなく、加害の連鎖ではなく、ケアの連鎖が、幸福の連鎖が続いていくことを願っているからです。\n\n――最後に、『99％離婚 離婚した毒父は変われるか』を手に取る読者のみなさんへ、メッセージをお願いいたします。\n\n中川 この本は、大きく2種類の方に届いて欲しいと願っています。1つは、変わろうとしている、自分を「毒親」と認識している方です。変わることは本当に大変だし、変わっても許されないかもしれない。それでも幸せになることは可能だと思って欲しい。そして、その希望があるからこそ、変わりたいと思って欲しい。そして周りの人、自分自身を、大切にできるように学び変わってもらえたらいいなと思っています。\n\n もう1つは、毒親を持った子どもです。自分の生きづらさを理解しようと色々調べるにつけ、毒親といった知識を得て絶望する人は少なくありません。受け継がれているものなら、自分もそうなのかもしれないと思ってしまうからです。でも、その連鎖を止めることはできます。暴力の、加害の連鎖から、ケアの連鎖、愛の連鎖へと学び変えていくことはできます。その希望があるからこそ、人は学び変わりたいと思えるのだと思います。\n\n こういった物語を通して、「加害者は変われない」というスティグマがこの世界から減ることを願っています。被害者もまた加害者になることがある。加害者は被害者だったこともある。「加害者は変われない」という言葉こそが、最も深刻な意味でのこの社会の「毒」だと考えています。\n\n しかし、最後に絶対に付言させていただきたいことですが、被害者が、加害者を許す必要も義務も責任も決して存在しません。これだけはいくら言っても言い足りません。そして、被害者は加害者を許さなくても、幸せになれると信じています。\n\n 「実の子からは、縁切られちゃってるからね」DV加害者のおじさん同士で始めた“シェアハウス”…しかし、被害者は? へ続く\n「文春オンライン」編集部,['https://newsatcl-pctr.c.yimg.jp/t/amd-img/20240429-00070257-bunshun-000-1-view.jpg?pri=l&w=451&h=640&exp=10800'],"['https://news.yahoo.co.jp/articles/99e5e3d2a2881b7d7db250f15c4a03ddc757b736/images/000', 'https://bunshun.jp/articles/photo/70259?utm_source=news.yahoo.co.jp&utm_medium=referral&utm_campaign=partnerLink']"
8ミリ映画出身・石井岳龍が大学1年の夏休みに撮った『高校大パニック』で感じたエクスタシー（文春オンライン）,https://news.yahoo.co.jp/articles/832ac37ed529362bc962c1771be143dacbc0b7a6,https://newsatcl-pctr.c.yimg.jp/t/amd-img/20240429-00069959-bunshun-000-1-view.jpg?exp=10800,2024-04-29T11:12:57+09:00,2024-04-29T11:12:57+09:00,文春オンライン,bunshun,文春オンライン,3994,\n日本映画のスタジオシステムが崩壊して以降、映画会社の社員になって監督を目指す道は絶たれた。いま日本映画界を第一線で支える映画監督たちには、8ミリ映画を自主制作し、才能を見出され、商業映画にデビューした者たちが少なくない。\n【写真】この記事の写真を見る（4枚）\nそんな日本映画の「青春時代」を自身も自主映画監督である小中和哉が聞き手として振り返る、映画ファン必読のインタビューシリーズ開幕! （全4回の1回目/ 2回目 に続く）\n\n◆◆◆\n8ミリ作家たちはどのように日本映画界を変えていったのか\n石井岳龍監督 ©深野未季／文藝春秋\nその昔映画監督になるためには、映画会社に就職して助監督になり何年も下積みをするしかなかった。8ミリや16ミリフィルムによる自主映画は作られていたが、その作家たちがプロの映画監督になることはなかった。\n\n その壁を打ち破って『ハウス』（1977）で大林宣彦監督が商業映画デビューし、『オレンジロード急行』（1978）で大森一樹監督が続いた。そして80年代に入ると8ミリ自主映画は勢いを増し、8ミリ映画作家が商業映画に続々と進出していった。現在、日本映画界を背負う監督たちに8ミリ出身者は少なくない。\n\n『星空のむこうの国』（1986）でデビューした僕（小中）もその一人。僕もその渦中にいた8ミリ自主映画ブームの頃を振り返り、8ミリ作家たちがどのように商業映画に挑み日本映画界を変えていったのかを明らかにしていきたい。\n\n 最初に登場していただくのは、日大芸術学部の卒業制作作品『狂い咲きサンダーロード』（1980）を商業映画としてヒットさせた石井岳龍（旧名・石井聰亙）監督である。\n\nいしい がくりゅう 1957年福岡県生まれ。日大芸術学部に入学後、『高校大パニック』で8ミリ映画デビュー。\n\n \n\n 78年、『突撃!博多愚連隊』がぴあフィルムフェスティバルに入選。主な作品に『狂い咲きサンダーロード』（80年）、『爆裂都市 BURST CITY』（82年）、『逆噴射家族』（84年）、『水の中の八月』（95年）、『五条霊戦記 GOJOE』（2000年）、『生きてるものはいないのか』（12年）、『パンク侍、斬られて候』（18年）など。\n\n \n\n 2010年、旧名の石井聰亙から改名した。2024年には長年の企画であった安部公房原作の『箱男』が公開予定。\n浪人時代に培った志\n――石井さんが8ミリ映画を作り始めたのはいつ頃からですか?\n石井 大学に入ってからです。私は浪人したんですけど、大学に入ったら同じような志を持って映画を撮りたいと思っていた人間がもう一人いたので。\n\n 大屋君というんですけど、彼と2人で浪人時代から、大学に入ったらお互いに8ミリの機材を分担して買って映画を作る体制を作ろうと話していました。\n\n――大屋龍二（※注1）さんですね。 \n\n石井 そうです。狂映舎（※注2）というのも一緒に作ろうということを考えていました。彼は明治に進学して私は日大に進学したので、私は授業の課題で8ミリを撮る機会があり、それで回したのが最初です。\n『ぴあ』で狂映舎のメンバーを募集\n――日大の芸術学部ですね。大屋さんと知り合ったのは浪人時代ですか?\n\n石井 高校3年の同級生です。両方とも東京の私学を受けて、2人とも落ちて浪人して。\n\n――それで東京に来られたんですか。\n\n石井 いや、私は福岡、彼は北九州の予備校に通っていた。彼の北九州の予備校の仲間も東京の大学に行ったので、狂映舎は私と主に大屋君の友人関係で作った。私は社交的ではなく人付き合いが苦手なほうで、友達があまりいなかったので。\n\n 大屋君のほうが率先して『ぴあ』（※注3）で狂映舎のメンバーを募集しました。\nぶっ飛んでいる8ミリ第1作『高校大パニック』\n――『高校大パニック』を改めて見て、やっぱりぶっ飛んでいるなと思いました。もうクライマックスから始まるみたいな映画ですよね。あの発想はどこから来たんですか。\n\n石井 自分が娯楽映画しか見ていなかったというのもあると思います。あとは、とにかく自分が知っていることじゃないと力を持たないというのは思っていました。\n\n ほとんど実体験みたいなもので、数学の教師に対する思いというのかな。授業が受験数学しかしなくて、非常に不条理を感じていました。受験数学ができないと非常に人を見下すといいますか、人間として見下されるのがおかしいんじゃないかと思っていたので。\n\n――映画を通じてそれを表現したかった。\n石井 そうですね。受験戦争というか、受験の仕組みというのが何かおかしいんじゃないかなというのがあった。\n\n ただ、自分としては娯楽映画しか知らないから娯楽映画にしたい。当時見ていた深作欣二さんの映画とか、サム・ペキンパー監督の映画とか、不条理な人間性や社会への怒りを映画にするという時代でしたし。\n高校や予備校の仲間、先輩たちが映画に出演\n――日芸の実習で8ミリを回したのが最初で、『高校大パニック』はその後すぐですか?\n\n石井 夏休みです。帰省して、撮影場所は福岡のまさに自分が勉強していた母校です。\n\n――そういう意味ではドキュメンタリーに近いですね。\n\n石井 そこに高校時代の仲間に来てもらいました。北九州から大屋君の予備校の仲間も来て、高校の先輩たちにも出てもらった。\n\n 大屋君の中学時代の友人が主役をやってくれたんですけど、彼がテアトル博多という福岡の地元の劇団に所属していたので、テアトル博多の方たちに刑事や警官もやっていただきました。\n日芸文化祭の上映で初めて得た手ごたえ\n――あの主役の方、すごいテンション上げた熱い演技でしたね。8ミリの自主映画であの時代いろいろ見ましたけど、あそこまで芝居をちゃんとやらせた監督ってあまりいなかったなと、改めて見て思いました。\n\n石井 テアトル博多に入っていたということもあったと思いますけど、やっぱりその怒りが本物だと思うんです。\n\n――共有できたんですね。\n\n石井 私も。主人公の怒りはおそらく自分の怒りでもある。その思いだけで作っていますから。ああいうことが現実にあれば、それは大事件で重大犯罪ですけれど、自分の中にそういうものすごい怒りがあるのも本当だった。\n\n 昔からとにかく表現したいという気持ちはものすごく強かった。福岡なので音楽が盛んでバンドもやろうとしましたし、自分でも安いギターを買って毎日のように練習していましたけど、全くうまくいかない。\n\n 小説みたいなものを書いてみたり、漫画を描いてみたりとか、絵も描いてみたりとかしたけど、全く自分は才能がないというか、何をやっても駄目だというコンプレックスの塊だった。そういうエネルギーも入っていると思います。\n作った時よりも見ていただいた瞬間にエクスタシーを感じた\n――映画をやってみて、その思いは変わりました?\n\n石井 映画を一本一本作っていくことでそれで次に進めるといいますか。映画ですから上映を何回も繰り返して、しかもお客さまがそれを見て、一緒に何か反応するという。\n\n それによって自分の孤立した感情が他者とつながれるということを初めて知りました。それまでずっといろんなことを試したけれど、自分は何をやっても駄目だという思いしかなかったので。\n\n だから最初に映画を作った時…作った時よりも見ていただいた瞬間ですけどね。その年の確か10月、日芸の文化祭の時に初めて上映をしたんですけど、その時にお客さんが反応しているのがすごく分かったんです。\n\n 初めて自分の創作に他者が、他人が反応している。しかも、明らかに心動かされているのが分かったので、その時の「何かが通じた」というエクスタシーというかな。\n上映会での喜びはすごく大きい\n――それまでの音楽などでは味わえなかったものが、映画で感じられたんですね。\n\n石井 全く何もできなかったし、表面では明るくふるまっていましたが非常にコンプレックスが深い人間だったので。自分が考えていることとか言いたいことをちゃんと伝えられないという思い、言葉にできない感情をいつも抱えていましたので。\n\n 映画を作った時に初めて何か吐き出せたといいますか、手ごたえを初めて感じたんです。\n\n――日芸の文化祭で初めて上映した時のお客さんはどんな反応だったんですか?\n\n石井 やっぱり最初に「おーっ」と驚いたりとか。黙ってじっと見るという感じじゃなかった。\n\n――場内が沸いたみたいな感じ。\n\n石井 スピルバーグの『フェイブルマンズ』、あれの描写にもありましたけど、上映会をやって、みんながワーッと。あれですよね。あの喜びはやはりすごく大きいと思うんです。\n\n \n\n※注1 大屋龍二 8ミリ版『高校大パニック』（1976）、日活版『高校大パニック』（1978）、『突撃!博多愚連隊』（1978）プロデューサー。『神の堕ちてきた日』（1979）監督。\n\n※注2 狂映舎 石井聰亙と大屋龍二が設立した自主映画製作グループ。\n\n※注3『ぴあ』 1972年創刊の情報誌。映画館と同様に自主映画の上映情報も掲載された。1977年からはぴあフィルムフェスティバル（PFF）を開催し、8ミリ作家を育成。\n\n 自主制作した初8ミリ作を大手映画会社がリメイクの“快挙”も…大学2年生の石井岳龍が現場で味わった屈辱とは へ続く\n小中 和哉／週刊文春CINEMA オンライン オリジナル,['https://newsatcl-pctr.c.yimg.jp/t/amd-img/20240429-00069959-bunshun-000-1-view.jpg?pri=l&w=640&h=426&exp=10800'],"['https://bunshun.jp/articles/photo/69959?pn=2&utm_source=news.yahoo.co.jp&utm_medium=referral&utm_campaign=partnerLink', 'https://news.yahoo.co.jp/articles/832ac37ed529362bc962c1771be143dacbc0b7a6/images/000']"
「この人に殺される！」存在しない夫の暴力を“被害妄想”して…出産後、23歳の彼女はどうして家を飛び出したのか（文春オンライン）,https://news.yahoo.co.jp/articles/236ae028ec5e7283add3de5785216c986afc8d64,https://newsatcl-pctr.c.yimg.jp/t/amd-img/20240429-00070405-bunshun-000-1-view.jpg?exp=10800,2024-04-29T11:02:11+09:00,2024-04-29T11:02:11+09:00,文春オンライン,bunshun,文春オンライン,5427,\n〈「さっさといなくなれ」母は突然、沸かしたお湯を肩からかけてきた…当時小学生だった被害者が語る、“壮絶な虐待”の記憶〉 から続く\n【画像】「この人に殺される!」存在しない夫の暴力を“被害妄想”していたという丘咲つぐみさん\n児童虐待、DV、ハラスメントなどが起こる背景には、加害者の過去の「トラウマ」が影響しているのではないか――。そう指摘するのはノンフィクションライターの旦木瑞穂さんだ。\n\n 旦木さんは、2023年12月に刊行した『 毒母は連鎖する～子どもを「所有物扱い」する母親たち～ 』（光文社新書）などで、家庭内で起こる“タブー”を調べていくうちに、親から負の影響を受けて育ち、自らも「毒親」となってしまう「トラウマの連鎖」こそが、現代を生きる人々の「生きづらさ」の要因のひとつではないかと考えたという。\n\n 今回は、虐待被害者支援団体「Onara」の代表であり、幼い頃から両親の虐待を受け続けてきた丘咲つぐみさんに、高校時代のいじめ、摂食障害や原因不明の左半身の痛みの発症、結婚生活の中で苛まれた“被害妄想”など、苦しかった10代、20代の記憶について尋ねた。（全3回の2回目/ 最初から読む ）\n\n◆◆◆\n摂食障害と不登校\n丘咲さんが入学した高校は女子校だった。丘咲さんは、初日からクラスのボス的な同級生から目をつけられ、仲間はずれにされる。5月の校外での宿泊学習では、丘咲さんだけ部屋に入れてもらえず、部屋の外で1人夜を明かした。\n\n 次第に学校に行けなくなっていく丘咲さんは、家にいればいたで、母親から「奴隷のくせに何の役にも立たない」「学校には行かないくせにお金だけかかる」「そこに居るだけで吐き気がする」などの暴言を吐かれ、当然のように手を出されることもあり、居場所が無かった。\n\n 学校を休んでいると、高校の担任教師から電話がかかってくる。丘咲さんが「いじめを受けている」と打ち明けたところ、担任はいじめをしている数人にヒアリングを実施。数人は「いじめなんてしていない」と口を揃えたらしく、「お前の勘違いじゃないのか? しっかりしろよ。はやく学校に来いよ」と言われた。仕方なく登校すると、担任から呼び出され、「いじめを受けていると嘘を言っただろう?」と説教をされた。\n\n 「掃除の時間、数人から箒で叩かれたりトイレに閉じ込められたりすることが嫌で、誰も利用しない部屋に避難していたのですが、『掃除をさぼっている』と告げ口され、私だけ担任から注意を受けたこともありました」\n\n どこにも居場所がない丘咲さんは、最後の手段に出た。母親が不在の時間を見計らって、母方の祖母に電話をかけたのだ。\n\n「あわよくば祖母の家に逃げたいと思って、『お母さんに暴力をふるわれたり、酷いことを言われたりしているから助けてほしい』って電話したんです。でも祖母には、『お母さんが言ってることが全部正しい。お前が悪い』と言われて諦めました……」\n\n やがて丘咲さんは、夏頃から摂食障害を発症。もともと身長156センチ、体重50キロほどあったが、最も体重を落としたときで25キロ前後まで落ちた。\n「私は幼少期から、勉強や習い事を頑張っても母から暴言や暴力をふるわれる日常が続いていたので、『頑張っても頑張っても認めてもらえない』と思い込まされていました。そこへ父から容姿を蔑まれたことで、『極限まで痩せないと自分を認めてもらえない』という歪んだ発想になってしまったのだと思います」\n\n 特に苛まれたのが、月経が来ることだった。拒食が続くと月経が止まるが、空腹を我慢できずに食べてしまうと、「誘惑に負けて食べてしまった自分はダメ人間だ……」と自分を責め、数日後には月経が始まる。その瞬間、自分の身体への嫌悪感がピークに達した。\n\n「この頃は、ボールペンを見れば『自分の指より細い』。傘を見れば『柄の部分が自分の手より細い』など、ことあるごとに自分が極限まで痩せていないことに辟易としていました……」\n20歳で初めて精神科へ\n©takasu/イメージマート\n高校に入った年の冬頃からは、原因不明の左半身の痛みにも悩まされ始めた。\n\n いじめ自体は2年生になってクラス替えをしてからは無くなったが、摂食障害や左半身の痛みは続き、もう学校には戻れなかった。もともと勉強が嫌いではなかった丘咲さんは、家で勉強して課題やテストを受け、高校を卒業する。\n\n その頃には精神も身体も限界を迎えていた。\n\n 左半身の痛みのために入退院を繰り返していたが、検査をしてもどこにも悪いところはなく、整形外科医は首をかしげるばかり。それでも鎮痛剤をもらいに通っていた。\n\n「鎮痛剤が効くこともあれば効かないこともあって、我慢できないほどの激痛に襲われて自力で病院へ行けないほどの時は、何度も救急車のお世話になっていました」\n\n しかし何度目かの救急搬送の際、救急車はいつも通りかかりつけの整形外科に到着したが、そこでは降ろされず、数分後に再び移動して別の病院で降ろされた。精神病院だった。\n\n「おそらく、『あの患者、よく来るけどどこにも原因が見つからない。精神的なところから来る痛みなのではないか?』というかかりつけの整形外科医の判断で、紹介状を書いたうえで精神病院に向かわせたのだと思っています」\n\n 20歳で初めて精神科にかかった丘咲さんは、うつ病、社会性不安障害、対人恐怖症、解離性同一性障害、パニック障害、境界性人格障害など、いくつもの診断がおりた。\nドアの隙間から差し込まれた姉の手紙\n丘咲さんは、何度も精神科への入退院を繰り返した。長いときは半年に及んだが、回復している感覚は全くなかった。\n\n「家には居場所が無いので、『退院したくない、家に帰りたくない、病院にずっと居続けたい』と思っていました。だから、退院の日が近付いて来ると憂鬱でした」\n\n 暴言や暴力をふるう両親から離れるために、「何とかして早く家を出なければ」と思っていた丘咲さんは、貯金をするため、体調がマシな日は医療事務のアルバイトをするようになった。\n\n ある日、アルバイトを終えた丘咲さんが帰宅し、自分の部屋に入ろうとすると、ドアの隙間から差し込まれた手紙に気付く。開いてみると、差出人は姉だった。\n「簡単に言ってしまえば、『お前のせいで私の人生がめちゃくちゃにされた。隣の部屋にお前がいると思うだけで気持ち悪くてたまらない』というような、私への恨みつらみが何枚にも渡って書かれていました。父はともかく、母は私の他に誰もいないときに限って暴言や暴力をふるってきましたから、姉は私が母に可愛がられていると思っていたのだと思います」\n\n 母親の期待通りに高校まで育った妹と、期待に応えられなかった姉。姉は母親に完全に見放されたわけではなく、必要最低限のことはしてもらえていたが、「自分は眼中にない」と感じていたのだろう。期待に応え続ける妹の苦労やストレス、そして暴言や暴力を受け続けていたことを知らない姉は、妹を妬み、恨んだ。それが極限に達したのがこのときだったのかもしれない。\n\n 丘咲さんは、相変わらず左半身の痛みに悩まされ、酷い時はアルバイトどころかトイレに行くのもやっとな日も少なくなかったが、姉の手紙に後押しされる形で家を出た。\n「家庭という居場所が欲しかった」23歳で結婚\n家を出た丘咲さんだが、生きるのが楽になったかと思いきや、全くそんなことはなかった。\n\n 母親に似たショートヘアの女性を見たときや、父親のような男性の大きな声を聞いたときに、それを引き金に過去の虐待がフラッシュバックするのだ。アルバイトをしていても、少し注意されただけで自分が虐待されている場面がフラッシュバックしたり、「自分は無能で価値がない」と絶望したり、「周りから嫌われている」と被害妄想をするなど、過度な緊張や動悸が起こる。精神科医に相談しても、医師から責められているように感じ、自分は厄介者だと思い込み、気分が塞ぐ。\n\n 極めつけとなったのは左半身の痛みの悪化だった。一日中起き上がれない日が何日も続き、1年経たずに実家に戻ってくることになってしまう。\n\n「家を出る時はすんなり出られましたが、戻る時は両親に土下座をして戻らせてもらいました。母に『みっともないから部屋から出てくるな』と言われ、ほぼ自室で寝たきり状態でした」\n\n そんな中、一筋の光明が差し込んだ。アルバイト先で知り合い、交際をしていた2歳年上の男性に結婚を申し込まれたのだ。\n\n 23歳になっていた丘咲さんは結婚を決めた。相手の男性には、摂食障害のことも、精神疾患があることも、両親から虐待を受けていたということも話していなかった。\n\n「ただ、いつも左半身が痛いということと、両親とあまり仲が良くないということは話していたと思います。もちろん相手のことは好きで結婚しましたが、間違いなく私の中では、実家から解放されたいことと、『家庭という居場所が欲しかった』という気持ちがあったと思います」\n\n 新婚生活が始まると、翌年には妊娠が判明。家庭という居場所を得て、幸せな生活を送れるかと思いきや、またしても全くそうではなかった。\n\n かつて父親から浴びせられていたような暴言を夫から浴びせられているという、“被害妄想”に苛まれるようになっていたのだ。\n「うつ病をはじめ、さまざまな精神疾患の診断がおりたのは20歳のとき。摂食障害の診断を受けたのは30代の頃でしたが、実は私は、40歳を過ぎた頃に『複雑性PTSD』と診断されました。今思うと、この『複雑性PTSD』が根本にあったせいで、いろいろな病気が併発していたのだと思われます。私の場合は、妊娠を機にこの『複雑性PTSD』が急激に悪化し、その影響で、思春期に暴言を浴びせてきた父と夫が重なって見えるようになってしまったのです……」\n\n『複雑性PTSD』とは、持続的な虐待やドメスティック・バイオレンスなどのトラウマ体験をきっかけとして発症し、フラッシュバックや悪夢、過剰な警戒心などといったPTSDの主要症状に加えて、感情の調整や対人関係に困難が生じ、日常生活や社会生活上に大きな支障をきたす精神疾患だ。\n\n あくまでも丘咲さんの“被害妄想”で、夫が暴力をふるったことは一度もない。しかし丘咲さんは、“自分の家庭に”“大人の男性がいる”という条件が一致したことで、夫と父親が重なって見え、かつて父親から受けていた虐待のフラッシュバックを起こした。そのため、夫が仕事から帰宅する時間が近づくにつれ、夫からのDVによって自分の命が危険にさらされるような“被害妄想”をしてしまい、恐怖に慄き、動悸が激しくなったのだ。\n\n 丘咲さんは、夫が帰宅する前に夕食を作っておき、夫が帰宅する時間には自分の部屋で布団に入り、なるべく夫と顔を合わせないようになっていった。\n左半身の痛みと妊娠・出産\nもともと左半身の痛みに悩まされていた丘咲さんは、妊娠3ヶ月頃になると、大きくなった子宮が脊髄を圧迫するため痛みが激しく出るようになった。\n\n さらに、腎臓の中に水が溜まる「水腎症」という病気を併発し、入院することに。\n\n「私は摂食障害がひどかったので、妊娠しても35キロくらいしかなかったんです。左半身の痛みと水腎症と摂食障害で全然食事ができず、栄養のための点滴と、水腎症の水を抜くための点滴と、左半身の痛み止めの点滴を受けていました。妊娠中だから使える薬も限られていて、いつまでお腹の中で育てて、いつ子どもを取り出すかという戦いがずっと続いていました」\n\n 主治医からは「37週までは保たせましょう」という話があったが、35週目に入った頃に、「ちょっともう、母体が保ちませんね」という事態に陥り、急遽36週0日に出産することに決まる。\n\n 無事生まれた子どもは、驚いたことに2000gぴったりの男の子だった。\n\n「早産で未熟児なのですが、2000gあるかないかでぜんぜん違うらしくて。生まれた当初はいろいろ問題があったんですけど、1歳6ヶ月児健診以降は特に問題なく育ちました」\n\n 丘咲さんは産前は7ヶ月ほど、産後は息子と一緒に2ヶ月ほど、実家近くの病院に入院していた。\n\n ところが、退院して夫が待つ家に帰ると、夫に対する恐怖心は出産前から変わらないどころか、大きくなっていくばかり。そして\n＃1\nの冒頭につながる。\n\n「最終的にはもう、『私、この人に殺される!』『子どもと一緒にここに閉じ込められてる!』って思っていました。夫が産院に来てくれたときも『来ないで! 来ないで!』って言ってて、義両親にも、『どうしたの? 息子が何か悪いことした?』ってすごい心配されました」\n\n ついに丘咲さんは、夫と暮らしていた家を飛び出したのだ。\n\n 孫に暴力をふるう母親から逃げ、難病でほぼ寝たきり状態に…「息子を育てていくにはどうしたら」虐待被害者の女性がたどり着いた、“意外な職業”とは へ続く\n旦木 瑞穂,['https://newsatcl-pctr.c.yimg.jp/t/amd-img/20240429-00070405-bunshun-000-1-view.jpg?pri=l&w=640&h=426&exp=10800'],"['https://bunshun.jp/articles/photo/70405?utm_source=news.yahoo.co.jp&utm_medium=referral&utm_campaign=partnerLink&pn=1', 'https://news.yahoo.co.jp/articles/236ae028ec5e7283add3de5785216c986afc8d64/images/000']"
孫に暴力をふるう母親から逃げ、難病でほぼ寝たきり状態に…「息子を育てていくにはどうしたら」虐待被害者の女性がたどり着いた、“意外な職業”とは（文春オンライン）,https://news.yahoo.co.jp/articles/2feeb37abaac62abafb743a54aee141dc53f6982,https://newsatcl-pctr.c.yimg.jp/t/amd-img/20240429-00070406-bunshun-000-1-view.jpg?exp=10800,2024-04-29T11:02:11+09:00,2024-04-29T11:02:11+09:00,文春オンライン,bunshun,文春オンライン,5397,\n〈「この人に殺される!」存在しない夫の暴力を“被害妄想”して…出産後、23歳の彼女はどうして家を飛び出したのか〉 から続く\n【画像】孫に暴力をふるう母親から逃げ、難病でほぼ寝たきり状態に…虐待を受けていた丘咲つぐみさん\n児童虐待、DV、ハラスメントなどが起こる背景には、加害者の過去の「トラウマ」が影響しているのではないか――。そう指摘するのはノンフィクションライターの旦木瑞穂さんだ。\n\n 旦木さんは、2023年12月に刊行した『 毒母は連鎖する～子どもを「所有物扱い」する母親たち～ 』（光文社新書）などで、家庭内で起こる“タブー”を調べていくうちに、親から負の影響を受けて育ち、自らも「毒親」となってしまう「トラウマの連鎖」こそが、現代を生きる人々の「生きづらさ」の要因のひとつではないかと考えたという。\n\n 今回は、虐待被害者支援団体「Onara」の代表であり、幼い頃から両親の虐待を受け続けてきた丘咲つぐみさんに、息子が生まれてからの苦悩と努力の日々を尋ねた。\n\n 存在しない夫からの暴力に怯え、ついに息子と一緒に家を飛び出した丘咲さんだが、学生時代から続く原因不明の左半身の痛みにより、働きに出ることもままならず、絶望に打ちひしがれる。そんな中、「これだ!」と感じた人生の選択肢とは――。（全3回の3回目/ 最初から読む ）\n\n◆◆◆\n孫に暴力をふるう母親\n夫への恐怖心が限界に達していた丘咲さんは、夫と離婚し、再び実家に身を寄せるしかなかった。丘咲さんの姉は結婚して実家を出ていたため、両親と丘咲さんと息子の4人暮らしとなった。\n\n 夫に怯えることはなくなったが、今度は左半身の痛みの悪化により、再び入退院を繰り返すことを余儀なくされる。\n\n 入院している間、息子は母親に預けていた。\n\n ところが退院したある日のこと。実家に帰宅すると、遊んでいる息子を背後から、母親が突き飛ばしているところを目撃する。\n\n「それ以前にも、息子がちょっと玩具の片付けをしなかったら、それを全部ゴミとして捨ててしまったり、『この子は医者か教師にする』と言って一生懸命教材の資料を取り寄せていたりもしたので、『もう危ないな。離れよう』って決めました」\n\n 息子が2歳になるかならないかのうちに、実家を出て母子2人暮らしをスタートしたが、それでも丘咲さんが入院しなくてはならない時は、息子を母親に預ける他なかった。\n希少難病と息子を抱えて\n息子3歳、丘咲さんが28歳になったとき、ようやく丘咲さんの左半身の痛みの原因がわかった。まだほとんど知られていない、脊髄の希少難病だった。\n\n「大学病院で病名が判明し、『どれだけ回復するかわかりませんが、それでも手術しますか?』と聞かれて、私は迷いなく手術を選んだのですが、結局終わってみたら何も変わりませんでした。発症から数年経っていたので、『手遅れです』って言われました……」\n\n 丘咲さんは病院のベッドで横になりながら、人生で何度目かの絶望に打ちひしがれた。ほぼ寝たきり状態で、寝返りがぎりぎり自分で打てるレベルだった。\n「このとき、『こんな状態の私が息子を育てていくにはどうしたらいいんだろう』って考えたんです。私に障害があったり、母子家庭だからといって、息子にお金の不自由は感じさせたくない。しっかりと自分でお金を稼げて、時々寝たきりになってしまう私、大学に行っていない私でもできる仕事を考えていたら、病院の待合室に資格の通信講座の雑誌が置いてあったんです」\n\n その中で「これだ!」と思ったのが「税理士」だった。\n\n「税理士ならパソコン一台あれば仕事ができて、自宅開業できる。ベッドで寝たきりでも一定の収入が得られるから、息子と2人で生きていける!」\n\n そう思った丘咲さんは、ベッドの上で税理士の資格取得のための勉強を始めた。\n借金と生活保護\n©mapo/イメージマート\nその後も入退院を繰り返していた丘咲さんは、退院したタイミングで「母子貸付制度」の利用申請手続きを行った。母子貸付制度とは、母子家庭の母親が就労や児童の就学などで資金が必要となった際に貸付を受けられる制度だ。丘咲さんは貸付期間の2年間で行政から400万円ほどを借り、生活費にあてながら税理士の勉強に打ち込んだ。\n\n 入院時は仰向けに寝たまま、鏡にテキストを映して勉強することもあった。\n\n ところが、貸付期限である2年の間に、税理士になるための5つの試験のうち4つには合格できたが、あと1つに合格することができなかった。2年のうち後半は、病気の悪化で勉強どころではなくなってしまったためだ。治療や手術のため入院を余儀なくされたときは、一時保護所に息子を預けた。\n\n「路上生活するにも、息子がいるからできません。『もうだめだな』と思ったときに、生活保護を申請しようと思って市役所に相談に行ったんです……」\n\n ところが、担当したケースワーカーは、「しっかりしたご両親がいるので、まずはご家庭で何とかしてください」の一点張り。両親から受けてきた仕打ちを話しても、全く聞く耳を持たない。それでも丘咲さんが食い下がると、突然個室に通された。\n\n「不思議に思いながら個室に入ると、その途端、ケースワーカーは机を叩いて椅子を蹴り、『お前みたいなのが生活保護を受ける権利があるわけないだろ!』『親に虐待されているのは全部お前が悪いんだ!』と大声で罵倒されました」\n\n この頃、丘咲さんは30歳だった。\n\n 丘咲さんが「複雑性PTSD」と診断されたのは40歳を過ぎた頃だ。「複雑性PTSD」は、他人から受けた暴言や暴力でどんどん複雑化して症状が悪化していくということを後に知るが、この時は知る由もない。生活保護の申請で出会ったケースワーカーによる暴言は、満身創痍状態の丘咲さんにとって“致命傷”になってしまう。\n\n 生活保護自体は受給できたが、この頃から他人が怖くて外に出られなくなり、家の中にいても「誰かに盗聴されてるんじゃないか」「覗かれているんじゃないか」などと怯えて暮らすようになった。さらに、距離を置いていた両親からは、「自分たちに孫を会わせないとはどういうことだ!」などと罵倒される電話が頻繁にかかって来るため、電話やインターホンが鳴るだけで震えや冷や汗が止まらなくなっていた。\n「息子を保育所に入れたときは、緊急連絡先として実家の住所や電話番号を聞かれたのですが、連絡先を伝えたうえで家庭の事情を話し、『息子のことで実家に連絡することはやめて欲しい』とお願いしました。すると、『近くに住んでいるなら両親を頼らないと子どもが可哀そうだよ』というようなことを言われ、それができない私は非難されているように感じました」\n\n 丘咲さんは、「自分が生きてることが悪い」と自分を責めて閉じこもるようになってしまった。\n生まれて初めて「生きたい」と思えた\nその後丘咲さんは、生活保護受給生活を約5年で脱した。\n\n 脊髄の難病は、何度か手術を受けていくうちに、徐々に症状が改善。リハビリを受け、動ける時間が長くなっていった。\n\n「息子には、まだ小学生なのに代わりに家事を任せてしまったり、入院中は一時保護所に預けて寂しい思いをさせてしまいました。一刻も早く社会復帰して、息子を人並みに育てていきたいと思っていました」\n\n「複雑性PTSD」の悪化により引きこもってしまった丘咲さんは、「このままではいけない」と思い、少しずつ近所の公園やスーパーに出かけるように。最初の頃はサングラスやマスクをして息子に手を引かれながらだったが、次第に一人でも外出できるようになっていった。\n\n 30代半ばで税理士事務所でのアルバイトを始め、36歳のときに税理士の最後の試験にみごと合格。資格を取得した後は大手税理士事務所に勤め独立。さらに2022年には、一般社団法人「Onara」を立ち上げ、「虐待サバイバー」を支援する活動をスタートした。\n\n「今思うと、複雑性PTSDが一番ひどかったのは30代前半のときでした。両親とケースワーカーの3人を殺そうと思って3人分のナイフを用意して、まずは役所の前まで行ったんです。でも1時間くらいして、『あんな人たちのために自分が悪者になるのは嫌だな』と思ってやめました。今となってはもう、過去のことは“いい経験”に変わってしまっているので、両親にもケースワーカーにも恨みはありません。むしろ『ありがとう』って思っています。そういう考え方ができるようになったきっかけは、知人の紹介でメンタルサポートを受けたことでした」\n\n 丘咲さんが最も効果を感じたのは、「自分が経験してきた過去のいろいろな場面を思い出して、その時の自分と本音で会話をする」という課題だった。例えば、「あのときお母さんに熱湯をかけられたよね」「熱かったよね、痛かったよね」「誰も助けてくれないのに、一人でよく頑張ったね」「これからは私が私の味方でいるよ」などと、その時の自分がかけてほしかった言葉を自分でかけてあげることで、その時の自分の気持ちに寄り添うのだ。\n\n 丘咲さんは半日ほどかけて、物心ついた頃からつい最近のことまで全部を振り返った。すると途中から涙がとめどなく溢れて止まらなくなり、すべてを終えた瞬間に、「生きたい」と思えたという。\n実家を出ても、両親と距離を置いても、手術で難病の痛みが軽減しても、税理士の資格を取得しても、毎日のように「死にたい」と考え、何度も自殺未遂を繰り返していた丘咲さんだったが、生まれて初めて「生きたい」と思えたことに驚いた。以降もメンタルサポートを受け続け、見違えるように回復していく。\n「トラウマ」の連鎖は止められる\n丘咲さんは5年ほど前に再婚。息子は社会人になっている。\n\n「一般社団法人『Onara』を立ち上げたのは、自分と同じ境遇の人とともに歩きたいと思うようになったからです。例えば、生活保護の申請ひとつとっても、虐待の後遺症がしんどい中では簡単なことではありません。また、いくら年齢を重ねて、虐待から時間が経ったとしても、後遺症はすぐに治るわけではありません。私自身、虐待の経験を話せるようになったのはここ5年ぐらいです。だから『Onara』ではSOSを求める虐待サバイバーに、年齢に関係なく、話を聞かせてもらったり、居場所を作ったり、支援制度の情報提供や窓口への同行などを行っています。\n\n 私たちの最終的なゴールは、こうしたバックアップを通して、虐待サバイバーの拠り所となること。本来の拠り所は家庭や行政ですが、残念ながら現実はそうじゃない人もいます。私たちのような団体だけでなく、頼れる場所がいくつも持てるような社会になればと願っています」\n\n 社団法人を立ち上げてからの約2年間で、お問い合わせフォームやX（旧Twitter）、イベントや紹介などで「Onara」に繋がり、SOSを発した人は1300人を超え、その大半が30代以上。そして約4割が男性だったという。\n\n「最近は『虐待が連鎖する』というパワーワードが独り歩きし、虐待されて育った人の中には結婚や出産をためらう人が少なくないと思います。でも、連鎖させないことを心から願い、そのための工夫をしたり、信頼できる人や支援先に繋がったりすることで、連鎖は止めることができる場合もあります。ただ、息子から見て私自身が虐待をする親でなかったか、毒親のような存在に映っていなかったかどうかは、息子自身が決めることです。子どもの声を聞かないまま、『私は虐待する親ではない』『毒親ではない』と断言してしまうことは、とても怖いことだと思っています」 \n\n 虐待があったかどうか、毒親であったかどうかは、「子ども自身が判断すること」という丘咲さんの意見に深く共感する。\n\n 虐待の後遺症は「トラウマ」となって残り、当事者の人生に影を落とし続ける。丘咲さんの両親は母親だけでなく、父親もまた虐待を受けて育った犠牲者だったという。両親は「トラウマ」を抱えたまま家庭を持ち、娘たちにもまた「トラウマ」を植え付けてしまった。しかし丘咲さんのように、「トラウマ」から回復することもできる。\n\n「トラウマ」は連鎖し得ること、そして止め得ることを伝えていきたい。\n\nINFORMATION\n\n 児童虐待、DV、ハラスメント……それらの背景には「トラウマの連鎖」の影響があるのではないか。連鎖を繰り返さないためにも「トラウマ」の背景を紐解いていきたい――。\n\n 本シリーズ「トラウマは連鎖する」では、過去に受けた被害の影響により、自身もまた周囲の人々に加害をしてしまう（してしまった）という当事者からの体験談を募集しています。\n\n ぜひあなたの体験をお聞かせください。ご連絡はSoudan@es.bunshun.co.jpまで。取材に応じていただける場合は、その旨もお書き添えください。ご応募、お待ちしております。\n旦木 瑞穂,['https://newsatcl-pctr.c.yimg.jp/t/amd-img/20240429-00070406-bunshun-000-1-view.jpg?pri=l&w=640&h=426&exp=10800'],"['https://bunshun.jp/articles/photo/70406?utm_source=news.yahoo.co.jp&utm_medium=referral&utm_campaign=partnerLink&pn=1', 'https://news.yahoo.co.jp/articles/2feeb37abaac62abafb743a54aee141dc53f6982/images/000']"
“日本でいちばん狭い村”「舟橋村」には何がある？　平成の間に人口が倍増しているナゾ（文春オンライン）,https://news.yahoo.co.jp/articles/ac3ef2c7b4aeca9664c39da003b01416f1b26634,https://newsatcl-pctr.c.yimg.jp/t/amd-img/20240429-00070454-bunshun-000-4-view.jpg?exp=10800,2024-04-29T06:22:07+09:00,2024-04-29T11:22:02+09:00,文春オンライン,bunshun,文春オンライン,3940,\n“日本でいちばん狭い村”「舟橋村」には何がある？\n〈金沢でも福井でもない…北陸新幹線“どことなく地味なターミナル”「富山」には何がある?〉 から続く\n【人口が平成の間に倍増】“日本でいちばん狭い村”「舟橋村」を写真で一気に見る\n都会に住んでいる人の偏見をさらけ出すと、“村”というのは田舎に行けば行くほど多くなるものだと思っている。村のほとんどは一面の田園地帯か、それとも山奥か。ふだん、“村”に触れる機会がほとんどないのだから、そういうイメージを抱いても無理なかろう。\n\n だから、たとえば北陸。金沢や富山といった大都市は馴染みがあるが、それ以外には小さな村がいくつもあるんじゃないか、などと思ってしまう。平成の大合併で多くの村が姿を消した、などと言われてもピンとこない。北陸の山間集落や広大な田園は、都会人の抱く“村”のイメージにピタリ合う。\n\n ところが、調べてみると北陸三県、すなわち富山・石川・福井の中で、村はたったひとつだけだという。\n\n 北陸唯一の村は、富山県中新川郡舟橋村。地図で見ると、富山市街地から東にだいたい9kmくらい。富山平野の真ん中、西側に常願寺川が流れる田園地帯の村らしい。このあたりは、都会に居ながらにして思い描く村のイメージにそぐう。\n\n が、実際にどんな村なのかは、行ってみなければわからない。富山駅からは富山地方鉄道というローカル私鉄に乗って15分。せっかく富山までやってきたのだから、少し足を伸ばして“北陸唯一の村”を歩いてみることにしよう。\n北陸地方で“唯一の村”「舟橋村」には何がある?\n舟橋村の玄関口は、富山地鉄本線の越中舟橋駅だ。新幹線富山駅のすぐ脇の駅ビルから出ている富山地鉄の電車に乗ると、しばらくは富山の市街地の中を走る。車窓が田園地帯に変わるのは、常願寺川を渡ってから。越中舟橋駅は常願寺川を渡ってからふたつ目の駅だ。\n\n 村のターミナルといっても、この駅は実に小さな駅だ。相対式のホームがふたつ。北側には舟橋村の図書館が併設されているものの、改札口に駅員の姿はない。無人駅、というわけだ。\nひとけのない駅舎を抜けると正面に…\nひとけのない駅舎を抜けると、小さな駅前広場に出る。正面には、「日本一ちっちゃな舟橋村」の文字。舟橋村の面積は3.47平方キロメートル。これは、文字通り日本国内の市町村では最も狭いのだという。\n\n ちなみに、お隣の富山市は富山県内のうち30％ほどを占める広大な面積を持ち、全国の市町村の中でも11番目にデカい。とてつもなく大きな町ととてつもなく小さな町が、隣り合っているのだ。\n\n 越中舟橋駅の駅前には、郵便局や小さな商店がいくつかあるくらい。少し歩くと、県道4号線に出る。トラックをはじめ、多くのクルマが絶え間なく行き交っており、この地域一帯のメインルートになっているのだろう。\n\n 駅前から県道4号線に通じる角には、古代この地を治めた豪族の古墳をそのまま活かした神明社。県道の北側の向こうには、北陸新幹線の高架も見える。\n県道沿いを歩く。実は「富山駅まで15分」の近さ\n県道沿いを少し歩く。さすがに交通量に比して、県道の周りには小さな市街地が形成されている。比較的真新しい戸建て住宅が集まっているゾーンもある。富山駅まで15分という近さは、ベッドタウンとしても利便性が高いのだろう。\n\n ただ、県道から離れて踏切を渡り、富山地鉄の線路の南側に出ると、風景は田園地帯に変わる。むしろこちら側の方が、舟橋村の本領なのだろう。まだ田植えの時期を迎えていない北陸の田んぼ。その奥には、いくつかの工場も見える。\n\n 富山県は北陸三県の中でも指折りの工業県だ。富山市街だけでなく、郊外にもこうした内陸工業団地のようなものがあるあたりは、いかにも工業県らしい風景といっていい。\n\n ただし、舟橋村は実に小さな村である。だから、少し歩くだけで村外に出てしまう。田んぼの向こうの工場が舟橋村の中なのか、それとも外なのかはよくわからない。\n\n 広がる田んぼ、そしてその中にいくつかの住宅がまとまっている住宅ゾーン、そしてまた田園地帯。そんな風景の中を歩く。\n南に向かって歩くと、川沿いに満開の桜並木が見えてきた。これは…\n南に向けて進むと、見事に咲き乱れる桜並木が見えてきた。村の真ん中を南北に流れる小さな小川、京坪川。その川沿いには桜の木が植えられていて、一角には親水公園も設けられている。まさに、舟橋村民憩いの場。村役場や村立の小学校、中学校などもこの川の周囲にあるから、村の中心というのはこのあたりになるのだろうか。\n\n 京坪川は、村の北部を流れる白岩川の支流だ。これらの河川は、歴史的にも大きな役割を果たしてきた。富山平野の真ん中の舟橋村は、古くからの農村地帯。駅南東側にある仏生寺というエリアには仏生寺城が築かれて細川氏が治めていたという記録もある。\n\n ただ、基本的にはいまと変わらず田んぼが広がる村だった。江戸時代には前田氏加賀藩領となっている。そして、舟橋村一帯は白岩川や京坪川などを活かした舟運の要になっていたという。\n\n 明治のはじめには、「ばんどり騒動」という農民一揆の舞台にもなっている。駅の北側にある無量寺というお寺を根拠地にして、一帯の農民たちが年貢の減免を訴えたものだ。\n\n しかし、役場はそれを無視。農民たちは無量寺を出て滑川に向かい、竹槍や木の棒を武器に役人たちと戦ったのだとか。こうした一揆の舞台になったのも、舟橋村が舟運の要としての地位を確かなものにしていたからこそだ。\n\n その後も舟橋村は、ずっと変わらずに富山平野の農村として歴史を刻む。富山平野の中心部として都市化が進んだのは常願寺川を挟んだ向こうの富山市だ。それを横目で見ながら、舟橋村は近世以来の農村であり続けた。\n「富山平野の農村」におとずれた“変化のとき”\nそんな中、1931年になると富山電気鉄道（現在の富山地方鉄道）の越中舟橋駅が開業している。1928年に就任した稲田健治村長が精力的に働きかけた結果、多少のルート変更によって舟橋村にも鉄道がやってきた、というわけだ。\n\n 越中舟橋駅は、以来90年以上にわたって村の玄関口としての役割を担い続けている。もちろん昔は有人、つまり改札口に駅員さんのいる駅だったが、1980年代後半には無人化の動き。\n\n そこで、舟橋村は駅を拠点とした新しい町づくりに乗り出した。駅舎に図書館を併設し、さらにそれを中心として中心市街地を整備。パークアンドライドのための駐車場なども整えたのだ。\n\n この頃の舟橋村は、多くの村がそうであるように人口の減少に悩まされていた。村内全域が市街化調整区域になっており、住宅地などの開発ができなかったことが大きな要因のひとつだ。\n\n そこで、1988年には市街化調整区域から外し、1989年には村営住宅を造成。過疎化の食い止めに本腰を入れてゆく。\n平成の時代で人口が倍増、転入数も出生数も増加傾向をキープ…って、なぜ…?\nそれが功を奏し、平成の初め頃には1400人前後だった村の人口は、いまでは3000人を超えるまでに増えている。2010年度時点での15歳未満の人口比率は21.8％で日本一。平均年齢も40歳代で、いまでも転入者数や出生数も増加傾向をキープし続けている。\n\n 年代別人口構成を見ても、男女ともに働き盛りの40代から50代がボリュームゾーン。他の都市では高齢者に偏りがちな人口ピラミッドも、これが日本の村なのかと思うくらいに若い世代の比重が大きくなっている。\n\n 富山の中心市街地まで富山地鉄で15分という利便性、またのどかな田園風景の中にあること、子育ての環境が整っていること、住宅地などの造成が続いていること。いくつも要因は挙げられるのだろうが、少なくともここまで人口を増やし続けている村は他にない。\n\n 村どころか日本中で“衰退傾向”が顕著になった平成の30年間。そこにあって、いち早く対策に本腰を入れて人口を増やしてきたというのは、先見の明があったというべきか、それとも他の町が何もしなかっただけというべきか。\n2時間も歩けば回り切れてしまう村が人口を増やし続ける「ヒント」\n越中舟橋駅を中心に、村の中をうろうろと歩いてもせいぜい2時間もあれば終わってしまう。舟橋村は、それくらいに小さな村だ。\n\n よく晴れた日にやってきたから、遠く東の向こうには立山連峰がよく見える。田園地帯が大部分を占めている風景も、昔とそれほど変わっていないのだろう。\n\n ターミナルの越中舟橋駅は、図書館が併設されているといっても無人駅。駅前に繁華街があるわけでもない。県道沿いにはコンビニなどはあるけれど、お世辞にも賑やかな駅前とは言い難い。少なくとも、同じ時間帯を切り取れば富山駅前とは雲泥の差といっていい。\n\n しかし、そうした村でも人口を増やし続けることができる、というわけだ。ちなみに、越中舟橋駅併設の図書館は、よく住民に利用されているのだとか。住民一人あたりの年間貸出冊数は25冊以上で、これも日本一。\n\n 村内に大きな本屋がないから、とケチをつけたくなるが、電車で15分の富山駅に行けばいくらでも本は買えるからそういう問題でもないのだろう。このあたりに、小さな村が人口増を続けてゆくヒントのようなものがあるような気がするのだが、いかがだろうか。\n\n写真=鼠入昌史\n鼠入 昌史,['https://newsatcl-pctr.c.yimg.jp/t/amd-img/20240429-00070454-bunshun-000-4-view.jpg?pri=l&w=640&h=426&exp=10800'],"['https://news.yahoo.co.jp/articles/ac3ef2c7b4aeca9664c39da003b01416f1b26634/images/000', 'https://bunshun.jp/articles/photo/70454?utm_source=news.yahoo.co.jp&utm_medium=referral&utm_campaign=partnerLink&pn=3']"
「さっさといなくなれ」母は突然、沸かしたお湯を肩からかけてきた…当時小学生だった被害者が語る、“壮絶な虐待”の記憶（文春オンライン）,https://news.yahoo.co.jp/articles/41cdc4b60cf088bb06aaf7e1e7a06eeb0f5c32ef,https://newsatcl-pctr.c.yimg.jp/t/amd-img/20240429-00070404-bunshun-000-1-view.jpg?exp=10800,2024-04-29T11:02:11+09:00,2024-04-29T11:02:11+09:00,文春オンライン,bunshun,文春オンライン,5269,\n児童虐待、DV、ハラスメントなどが起こる背景には、加害者の過去の「トラウマ」が影響しているのではないか――。そう指摘するのはノンフィクションライターの旦木瑞穂さんだ。\n【画像】「さっさといなくなれ」“壮絶な虐待”を受けてきた丘咲つぐみさん\n旦木さんは、2023年12月に刊行した『 毒母は連鎖する～子どもを「所有物扱い」する母親たち～ 』（光文社新書）などで、家庭内で起こる“タブー”を調べていくうちに、親から負の影響を受けて育ち、自らも「毒親」となってしまう「トラウマの連鎖」こそが、現代を生きる人々の「生きづらさ」の要因のひとつではないかと考えたという。\n\n 今回は、虐待被害者支援団体「Onara」の代表である丘咲つぐみさんに、自身の結婚生活に大きな影響を及ぼしてしまった、両親から受けた虐待の記憶について尋ねた。（全3回の1回目/ 続きを読む ）\n\n◆◆◆\n\n 人が生きるところに「トラウマ」あり。\n\n 家庭や学校、職場やサークルなど、社会で生じる「トラウマ」の多くは、連鎖していく傾向にある。\n\n 無意識に受け継いでしまった「トラウマ」こそが、現代を生きる人々の生きづらさの大きな要因のひとつではないだろうか。\n\n そんな「トラウマ」の連鎖を防ぐ手立てを導き出したい。\n「私、この人に殺される!」\n東京都内在住の丘咲つぐみさん（40代）は、21歳の頃にアルバイト先で知り合った2歳年上の男性と交際し、23歳で結婚。新婚生活が始まると、翌年には妊娠した。\n\n 愛する人との子どもを授かり、幸せな生活を送れるかと思いきや、意外にも全くそうではなかった。妊娠を機に、突然夫が恐怖の対象に変わってしまったのだ。\n\n 念のため断っておくが、夫が丘咲さんに暴力をふるったことは一度もない。それなのに丘咲さんは、夫が仕事から帰宅する時間が近づくにつれ、夫からのDVによって自分の命が危険にさらされるような被害妄想をしてしまい、恐怖に慄き、動悸が激しくなった。\n\n そのため丘咲さんは妊娠中、夫が帰宅する前に夕食を作っておき、夫が帰宅する時間には自分の部屋で布団に入り、なるべく夫と顔を合わせないようにした。\n\n やがて産院での出産を終え夫が待つ家に帰っても、恐怖心は変わらないどころか大きくなっていく。\n\n ついに息子が1歳になるかならないかの頃、丘咲さんの恐怖心は抑えきれなくなった。\n\n「私、この人に殺される!」\n\n そう思った丘咲さんは、息子を連れて家を飛び出していた。\n\n「最終的にはもう、『子どもと一緒に夫にここに閉じ込められてる!』って思っていました。夫が産院に来てくれたときも『来ないで! 来ないで!』って言って怯えて、義両親にも、『どうしたの? 息子が何か悪いことした?』ってすごく心配されました……」\n\n 丘咲さんはなぜ夫に対して突然、異常とも思えるほどの強い恐怖心に襲われるようになったのか。その理由は丘咲さんの生い立ちにあった。\n沸かしたお湯を肩から…両親による暴力の数々\n©yamasan/イメージマート\n丘咲さんは、大手自動車メーカーの営業マンである父親が28歳、母親が31歳のときに次女として生まれた。両親が何をきっかけに出会い、何歳で結婚したかについては、「わからない」と言う。\n\n「お見合いではないはずです。3歳上に姉がいるのですが、姉を産む前に結婚しているとは思います。母は公務員として働いていたこともあったと言っていましたが、結婚を機に辞めたようです」\n\n 丘咲さんが物心ついた頃には、すでに両親の仲は険悪だった。\n\n「父は基本的に殆ど喋らない人なんですけど、口を開けば母や私や姉に対してものすごい大声で暴言を浴びせてくるんです。特に母に対しては、私たち姉妹が見ている前でも夕食が気に入らないとかケチを付けるんですが、母はそれを一切無視して取り合わないので、父は怒りがエスカレートして、『俺が稼いできているのにこんなものしか出さない』とか、『ずっと家にいて暇なくせに掃除もできない』など、母の欠点を挙げ連ねていました」\n\n 父親の暴言は長い時は1時間にも及んだというが、その間、母親は父親を無視して夕飯を食べ続けた。父親は言いたいことがなくなると、さっさと自分の部屋に閉じこもることが多かったが、怒りの矛先が丘咲さん姉妹に向かうこともあった。\n\n そんなとき、母親が父親の暴挙から守ってくれる存在だったのかと言えば、全くそうではなかった。\n\n「私が記憶にある限りだと、もう3～4歳ぐらいの時から、『私の人生はお前のせいでめちゃくちゃになった』『お前は私の奴隷にするために産んだんだ』といった暴言だけでなく、後ろからいきなり殴ってくるとか、蹴って転ばせるとかっていうのは普通にありましたね……」\n\n 父親の暴言、母親の暴言・暴力は、何の前触れもなく突然始まった。\n\n 丘咲さんが小学校に上がった頃、夕食の支度をする母親に今日学校であった出来事を話したくて、「お母さん」と話しかけるが、母親は返事をせず、料理の手を止めない。聞こえなかったのかと思い、何度か呼んでみると、母親は突然振り向いたと思ったら、沸かしていたお湯を丘咲さんの肩からかけた。\n\n 丘咲さんは、熱さとショックで何がなんだかわからなくなった。火傷の痛みで我に返ると、丘咲さんは急いで浴室に行き、冷水シャワーで患部を冷やす。そこへ母親が現れ、追い打ちをかけるように、「お前がいると迷惑だ」「さっさといなくなれ」という暴言を浴びせてきた。\n\n「母は病院にも連れて行ってくれませんでした。当時はそれが虐待だと自覚できず、私は自然と『お母さんの機嫌を損ねた自分が悪い』と自分を責めるようになり、母に対して腫れ物に触るように接する習慣がついていきました」\n「嬉しいけど気に入らない」母親が虐待をする理由\n一方で母親は、丘咲さんの教育に関しては熱心だった。3歳頃から算数や漢字のドリルをやらせ、ピアノを習わせた。\n\n「母には、寝たきりで動くこともままならない重度身体障害者の兄が1人いたようです。私が生まれたときにはすでに他界していましたが、その兄の存在は、母の家族においての“秘め事”でした。母はその兄の面倒を見るために作られたような節があり、子どもの頃から兄の世話をすることを強要され、友だちと遊ぶこともできず、本当は勉強がしたかったのに、中学校も満足に通わせてもらえなかったと聞いています」\n\n 自分の子ども時代に我慢を強いられ続けたため、娘の教育に力を入れることで心の均衡を保とうとしていたのかもしれない。\n\n 母親は父親との結婚後、義両親から「女は家の中にいるべき」という価値観を押し付けられ、仕事を辞めさせられてしまう。\n\n それでも社会と繋がっていたかったのだろうか。父親の稼ぎは良かったが、母親は娘たちが幼い頃は内職をしていた。\n\n「母は3歳上の姉にも私に課してきた課題を同じようにさせていたようですが、姉は算数も漢字もできず、ピアノの練習もしようとはしなかった。そのため母は姉を見限り、姉に対してネグレクト（育児放棄）のようになったのだと思います」\n\n 丘咲さんは、母親の期待に応え続けた。ドリルの点数が良かったり、ピアノの先生に褒められたりすると、母親の機嫌はあからさまに良くなった。\n\n「当時は、『期待に応えないと暴力を振るわれる』という恐怖と、何より、『母から褒められたい』という想いで必死でした」\n\n ところが、丘咲さんが期待に応えれば応えるほど、母親からの虐待は激しくなっていく。\n\n「母は、家庭の事情でろくに学校にも通えず、就職はしたものの渋々家庭に入る道を選びましたが、『働き続けたい』という思いが強かった。だからおそらく、『娘が自分の期待通りになってくれるのは嬉しいけれど、自分が叶えられなかったことを娘が叶えていくのは気に入らない』という矛盾した感情があったのでしょう。私が期待に応えれば応えるほど、『もっと優秀にしたい』という気持ちが強くなる一方で、虐待も激しくなったのだと思います」\n\n 筆者はこれまで50人ほどの毒親育ちの人に取材してきたが、多くの毒親がこのような「嬉しいけど気に入らない」という相反する感情をのぞかせる。また、「自分は毒親のようにはなるまい」と思って親になった毒親育ちの人からは、「自分はこんなに大切に育てられなかったのにずるい」という「嫉妬心のような感情を自分の子どもに対して持ってしまう」という話も聞いた。筆者はこの「嫉妬心のような感情」に抗えなかった人が毒親になってしまうのかもしれないと考えている。\n11歳で「心身症」を発症\n物心ついた頃から両親が不仲なうえ、父親には恐怖を感じ、母親からは過度な期待や虐待を受け続けてきた丘咲さんだったが、11歳の時に全身が麻痺しているような痛みや、椅子から立ち上がれなくなるほどの痺れを訴えるように。\n\n 近所の整形外科を受診したが原因が分からず、大きな病院を紹介されて受診すると「心身症」と診断され、すぐに入院することになった。\n心身症とは、ストレスによって発症する病気の総称で、呼吸器系の喘息、循環器系の不整脈、消化器系の胃潰瘍、神経系の片頭痛や自律神経失調症など、幅広い症状が確認されている。\n\n 言うまでもなく、丘咲さんにとってのストレス源は家庭にあった。入院することで家から離れることができた丘咲さんは、2週間ほどで回復。入院中、母親は毎日のように面会に来ており、病院での母親の評判は悪くなかった。\n\n ところが、元気になった丘咲さんが退院して帰宅すると、母親は家の玄関扉を閉めた途端、これまでにないほど荒れ狂った。\n\n「当時、心身症は小児の発症率が低いということもあり、病院の医師が母に、家庭内に問題がないかどうか確認したそうです。そこで母はプライドが傷ついたのでしょうね。退院して家に入った途端、台所にあったフライパンで私を絶え間なく殴りながら、『お前のせいで恥をかいた!』『お前は不幸を呼んでくる!』とヒステリックに叫んでいました」\n\n 外面の良い母親は、丘咲さんの姉が小学校3年生の時からPTA役員を連続して務めており、教師たちとのコミュニケーションを怠らなかった。\n\n「母はものすごく外面を気にする人で、周りから良く見られたい気持ちが強かったのか、人がやらない役回りも率先して受けていました。なのできっと先生方は、私の母が暴力を振るう人だなんて思わなかったでしょうね……」\n\n 退院したばかりの丘咲さんは、母親からの暴行を受けながらも、「お母さんをガッカリさせてしまった」「私なんか生まれてこなければ良かった」という悲しさに苛まれた。\n\n「親から虐待を受けたことのない人には理解し難いかもしれませんが、どれだけ暴力を受けていても、子どもからしたら一番そばにいてくれる大人は母親なので、その存在から『失望されたくない』『褒められたい』という気持ちが拭いきれませんでした」\n「お前はすごく醜い」容姿を貶めてくる父親\n母親が丘咲さんに暴力や暴言をふるうときは、決まって父親や姉がいないときだった。営業マンの父親は、土日も仕事で帰りも遅く、滅多に家にいない。3歳年上の姉は、部活や友だちとの付き合いで家にいないか、自室にいるかのどちらかだった。\n\n 家にいる日の父親は、夕飯時になるとビールを飲みながら野球中継を見ていることが多かったが、丘咲さんが中学生になったある晩からそれは始まった。\n\n 突然テレビの前に立つように言い、その通りにすると、おもむろに父親は「お前はすごく醜い」「獣みたいに太っているけど、本当に人間か?」などと言いながら丘咲さんをジロジロと舐めまわすように見てきたのだ。\n\n「姉は、父に似て目鼻立ちがくっきりしていたせいか何も言われなかったのですが、私に対してはやたらと容姿を蔑んできて、ニヤニヤしながら凝視されるのが嫌でたまりませんでした」\n\n 母親もその場にいたが、父親を止めようとはしなかった。以降、父親が家にいる日は、こんなことが度々行われた。\n\n さらに丘咲さんは、高校生になった途端にひどいいじめに遭い、不登校に。そしてその夏頃から拒食症を発症した。同じ年の冬頃からは背中や左半身全体の耐え難い痛みに悩まされ始める。\n\n「高校入学までの私は母の期待に応え、それなりに結果を出していたと思います。それが思うように出せなくなっていきました……」\n\n 「この人に殺される!」存在しない夫の暴力を“被害妄想”して…出産後、23歳の彼女はどうして家を飛び出したのか へ続く\n旦木 瑞穂,['https://newsatcl-pctr.c.yimg.jp/t/amd-img/20240429-00070404-bunshun-000-1-view.jpg?pri=l&w=640&h=426&exp=10800'],"['https://bunshun.jp/articles/photo/70404?utm_source=news.yahoo.co.jp&utm_medium=referral&utm_campaign=partnerLink&pn=1', 'https://news.yahoo.co.jp/articles/41cdc4b60cf088bb06aaf7e1e7a06eeb0f5c32ef/images/000']"
「外国の人間からしたら、まったく信じられない」駐日ジョージア大使が『欽ちゃんの仮装大賞』は“日本でしか成立しない”と考えるワケ（文春オンライン）,https://news.yahoo.co.jp/articles/3b797b0aa45403d22fc28dd21ab8503c80322c7c,https://newsatcl-pctr.c.yimg.jp/t/amd-img/20240429-00070399-bunshun-000-6-view.jpg?exp=10800,2024-04-29T06:12:58+09:00,2024-04-29T09:32:07+09:00,文春オンライン,bunshun,文春オンライン,1550,\n『欽ちゃんの仮装大賞』はなぜ日本人にしかできない？ ©時事通信社\n〈契約書がなくてもウソをつかない、約束を破らない…“駐日ジョージア大使”が語った「日本のビジネスパーソンの素晴らしい所」〉 から続く\n《写真多数》可愛すぎる…「欽ちゃん仮装大賞」で大絶賛された『あかちゃん寿司』\n「お金をもらって仕事でやるのと同等のクオリティできっちり取り組み、睡眠を削ってまでやる。これは外国の人間からしたら、まったく信じられないことです」\n\n 駐日ジョージア大使で親日家のティムラズ・レジャバ氏が、テレビ番組『欽ちゃんの仮装大賞』を見て気づいた「日本人の素晴らしさ」とは? 新刊『 日本再発見 』（星海社）より一部抜粋してお届けする。（全2回の2回目/ 前編 を読む）\n『欽ちゃんの仮装大賞』のために努力できる日本人はすごい\n私は年末年始のテレビ番組が好きなのですが、『欽ちゃんの仮装大賞』では芸人やタレントではない一般の素人の方々がとんでもない発想で力を合わせて出し物を披露しますよね。仮装を発表したあとのインタビューでは「会社が終わったあとに毎日みんなで練習して……良いものが作れたなって」などと言って声を詰まらせて涙を流したりします。\n\n『仮装大賞』は入賞すれば賞金がもらえますが、ほとんどの参加者はお金目当てに努力しているのではなく、何かを目標にして一丸となってがんばること自体に価値を見いだしていると思います。趣味に情熱を注ぎ、あれだけの正確な表現ができる日本人はすごいとしか言いようがありません。\n\n 私や妻が参加している子供のPTAや保育園の保護者会もそうです。みなさん本職ではなく、学校や保育園からお金をもらっていないどころか頼まれてもいないことにすら、ものすごい時間をかけて議論をし、超細かいところまで丁寧にやっています。うちの妻が入っている保護者会LINEは、1日中通知が止まりません。\n\n 私もキッコーマン時代に任意参加のクラブに入ってみた際に、参加者が議題別に書類やプレゼン資料を作って賛成反対の決議を取って、お金の運用についての話し合いをし……と熱心で、「ボランティアなのに、よくここまでしっかりやるな」と驚かされました。日本人は趣味やプライベートの団体に対して、お金をもらって仕事でやるのと同等のクオリティできっちり取り組み、睡眠を削ってまでやる。これは外国の人間からしたら、まったく信じられないことです。\n関連することとして、日本人は社会での行いのレベルが非常に高いです。たとえばゴミ出しに関して、とても複雑で外国人にとっては難解なほどのルールを徹底的に守ります。ジョージアのお客さんが日本に来たとき、みんな口を揃えて言います――「街の清潔なことに驚いた。どんな国に行ってもこんなのは見たことがない」。極め付けが私の妻の発言です。「日本ではゴミさえ抱きしめられるわ」。大袈裟に聞こえるかもしれませんが、何かいろんなことを集約している気がします。\n日本人はとにかく基本的なレベルが高い\n日本人は「普通の人」が普通でないくらいにすごい。基本的なレベルが高い。このことについて、もっと自信を持っていいと思います。\n\n なんでここまでするのか、さまざまな分析ができると思います。実際にこれを読んでいる人も、脳裏で自分なりにあれこれと巡らせながら考えているのではないでしょうか。\n\n しかし、日本人から何度かこのような言葉を聞いたことがあります――「何もしていないと不安になる」。多くの解説は私からは控えますが、私にとって、このことを巡って一番しっくりくる説明だということだけ言い残しておきます。\nティムラズ・レジャバ／Webオリジナル（外部転載）,['https://newsatcl-pctr.c.yimg.jp/t/amd-img/20240429-00070399-bunshun-000-6-view.jpg?pri=l&w=441&h=640&exp=10800'],"['https://news.yahoo.co.jp/articles/3b797b0aa45403d22fc28dd21ab8503c80322c7c/images/000', 'https://bunshun.jp/articles/photo/70399?utm_source=news.yahoo.co.jp&utm_medium=referral&utm_campaign=partnerLink&pn=3']"
金沢でも福井でもない…北陸新幹線“どことなく地味なターミナル”「富山」には何がある？（文春オンライン）,https://news.yahoo.co.jp/articles/1bb24b3dda0dfd6688d5849477c594cb142d5bb3,https://newsatcl-pctr.c.yimg.jp/t/amd-img/20240429-00070453-bunshun-000-1-view.jpg?exp=10800,2024-04-29T06:22:07+09:00,2024-04-29T06:22:07+09:00,文春オンライン,bunshun,文春オンライン,4112,\n金沢でも福井でもない…北陸新幹線“どことなく地味なターミナル”「富山」には何がある？\n富山は、路面電車の町だ。\n\n 東京から北陸新幹線に乗って、その路線名の通りの北陸の地にやってきて、最初に迎える県都のターミナルは富山駅である。最速達の「かがやき」ならば、長野駅の次が富山駅。そのあとは金沢駅で、今年3月に延伸した区間でも停車駅は福井、敦賀。だから、富山駅は押しも押されもせぬ北陸新幹線の主要ターミナルのひとつといっていい。\n【画像】 北陸新幹線“どことなく地味なターミナル”「富山」を写真で一気に見る\nしかし、同じ北陸三県の県都、金沢や福井と比べてみると、どうだ。申し訳ないけれど、どことなく地味な印象が拭えない。もっといえば、金沢といったら加賀百万石に兼六園や21世紀美術館、福井ならば恐竜など、訪れたことがない人でもピンとくるものがある。\n\n なのに、富山はやはりどうだろう。ホタルイカや白エビが、などとグルメを持ち出せば金沢や福井も負けてはいないし、立山連峰などもあるにはあるが富山駅からはだいぶ離れた山の奥。\n\n たびたび富山を訪れたことがある人ならばともかく、縁がない人にとってはどうしたって地味な印象が拭えない。富山駅は、そんな町のターミナルなのだ。\n\n が、本当に何もない町なんてあるはずもない。富山市の人口は約40万人で、北陸では金沢市に次ぐ人口を抱える大きな都市だ。富山平野のど真ん中。東に常願寺川、西に神通川という大河が流れ、北には富山湾。天気が良ければ立山連峰を望むこともできる。そんな富山の県都は、いったいどんな町なのだろうか。\n金沢でも福井でもない…北陸新幹線“どことなく地味なターミナル”「富山」には何がある?\nそう思って、富山駅で新幹線を降りたらまず目に入ってきたのが、路面電車なのである。\n\n 富山市の中心部には、駅の北側にも南側にも路面電車が走っている。北と南の間には富山駅が横たわっているが、路面電車は富山駅の高架下に乗り入れて、そこにのりばを持つ。\n\n つまり、新幹線（在来線も）の改札口を抜けると、南北をつなぐ自由通路を直進してそのまま路面電車に乗ることができる、というわけだ。\nさっそく路面電車に乗り込む\n路面電車が主役を張っている町は、富山だけではない。たとえば、広島。広電の路面電車は、広島の市内交通の要になっている。\n\n しかし、広島駅と路面電車ののりばはやや離れている。ちょうど広島駅が工事中という事情もあるにせよ、新幹線を降りてから路面電車に乗るまで10分ほどは見ておかねばならない。その点、富山はほとんど乗り換えに要する時間を考えずに済むのだ。これ、なかなかに便利なのではなかろうか。\n\n だからさっそく路面電車に乗り込んだ。富山の市街地の中心は、駅の南側。バスのりばを中心にしてローカル私鉄の富山地鉄ののりばが入る駅ビルなどが取り囲む広大な駅前広場を持ち、その向こうにはいくつものビジネスホテルが建ち並ぶ。\n\n 路面電車はそんな富山駅の駅前を抜けて南へ。中心市街地をぐるりと取り囲むように環状に線路が敷かれている。\n繁華街を抜け県庁の脇で小さな川を渡る\n駅周辺の繁華街を抜け、富山県庁の脇を通ったところで松川という小さな川を渡る。訪れた時期はちょうど桜の季節の終わり頃。まだまだ松川沿いには桜が残っていて、観光客をぎっしり乗せた遊覧船が浮かんでいた。松川の南側には、富山城跡がある。\n\n 富山城は、江戸時代を通じて前田氏富山藩の藩庁が置かれていた城だ。江戸時代の初め頃、加賀藩三代目藩主の前田利常が隠居するにあたり、次男の利次に越中10万石を分け与えたのが富山藩のはじまりである。それ以前にも信長の家臣・佐々成政が富山を治めた時代などもあったが、本格的な都市としての歴史は前田氏の富山藩城下町にスタートしたといっていい。\n実はそのほとんどが1度焼失している市街地\n富山の市街地は、実は戦争で市街地のほとんどが焼失するという大空襲の被害にあっている。そのため、近世の面影を留めていたであろう戦前と、いまの富山の町並みは本質的に異なるものになった。\n\n 富山駅を中心にして放射状にメインストリートが延び、松川の南側にお城や桜木町の歓楽街があるような構造は、戦後になって形作られたものだ。\n\n ただ、そうした中でもやはり今も昔もお城が中心ということは変わらないのだろう。富山城の少し南側には、東西に延びるアーケードの総曲輪という繁華街がある。\n\n そのアーケード街とひとつ南の大通り・平和通りに挟まれた百貨店の大和富山店は、富山の中心市街地のランドマークだ。富山駅の高架下から出た路面電車は、もちろん大和の目の前も走ってゆく。\n\n お城を挟んで駅とは反対の南側に中心繁華街。そして、そのすぐ北側（お城の東側）には、「ハッスルキャバレー ポパイ」などというネオンが煌めく桜木町の歓楽街。\n\n 訪れたのは真っ昼間だから、さすがにネオンは煌めいていなかったし、人通りもまばらだった。が、総曲輪の繁華街ともども駅からはだいぶ離れたこの一帯が、いまもって富山の中心的商業ゾーンであることは変わらないようだ。\n\n もちろん、さすがにいまでは駅の周囲にも繁華街が形成されている。駅前のビジネスホテルなどに宿をとった出張ビジネスパーソンや旅人は、駅の近くにある飲み屋に入れば富山湾の海の幸を堪能できて、そこで充分にこと足りる。ご当地歓楽街巡りでも嗜んでいない限りは、わざわざお城の近くまで遠征する必要がない町が形作られている。\n\n しかし、それでも駅から離れたお城の南側の繁華街がいまも健在だということは、富山の町の大きな特徴であることにちがいない。いったいなぜ、富山の町はこうした構造をしているのだろうか。\n「これは川ではない、滝だ」\nこれは、富山の中心市街地を流れる松川という小さな川が関係している。\n\n いまでこそ、桜が咲いて遊覧船が行き交うようなのどかな小川。しかし、かつてはこの松川が神通川の本流だったという。もちろん松川よりもはるかに川幅は広く、あげくに富山城の北側で大きく曲がって北に流れていた。富山城が別名「浮城」などというのは、北から見ると神通川に浮かんでいるように見えることから名付けられたのだとか。\n\n ちなみに、富山平野を流れるもうひとつの大河川、常願寺川もたびたび水害をもたらしてきた。明治期に全国各地で河川改修などを手がけたオランダ人技師のヨハネス・デ・レーケは、常願寺川の急流を見て「これは川ではない、滝だ」と言ったとか。\n\n 3000m級の山々から一気に富山平野に下ってくる常願寺川や神通川は、富山の町に水の恵みをもたらす一方で、水害との戦いを強いる悩みのタネでもあったのだ。\n\n ともあれ、神通川がお城の、つまり城下町にはじまる中心市街地の北を流れ、富山駅はさらにその川向こうの北側に設置されることになる。駅と市街地は、神通川を挟んで遠く離れた位置関係にあったのだ。\n\n しかし、さすがに何度も水害をもたらす神通川をそのままにしておくわけにもいかず、明治後期に神通川の河道を大きく変更する治水工事が行われている。\n\n そして生まれた旧河道には、大正から昭和のはじめにかけて県庁舎をはじめとするシビックセンターが整備されてゆく。富山城の北側、松川の北岸に建つ富山県庁舎。その場所は、かつての神通川の廃川跡なのである。\nなぜ富山の路面電車はあれほど“存在感”があるのか\n富山の路面電車は、まさにそうした旧来からの市街地と新幹線のターミナルでもある富山駅を巧みに結ぶ役割を果たしている。路面電車は戦後多くの町で廃止されて姿を消したが、富山では生き残り続けた。それが結果として、神通川が駅と市街地を隔てていた時代からの町の形を残すことにつながったのかもしれない。\n\n そして、どちらかというと都市化の遅れていた駅の北側にも、路面電車は進出している。富山駅から海沿いまで走っていた富山港線というJRのローカル線を引き継いで改修し、2006年に開業したのが富山ライトレール。2020年には富山地方鉄道に吸収されて、駅南側の中心市街地を走っていた市内の路面電車と一体化された。\n\n 富山市が公共交通を軸にしたコンパクトシティを推進してきたことは、よく知られるところ。駅の南北に広がる路面電車網は、まさにその中核を担う。歴史的にも、そしていまも将来も。富山の町は路面電車によって支えられている町なのである。\n「富山の薬売り」が広まった理由\nそんなこんなで、市街地をぐるりと一周して富山駅前に戻ってきた。富山駅前の一角には、薬売りのオブジェがある。\n\n 富山といえば、全国を行脚しながら薬をお客の自宅に置き、使用した分だけ代金を回収するという独自のシステムを編み出した富山の薬売り。洪水の影響もあったのだろう、江戸時代の富山平野は生産が安定せず、経済的には本家筋の加賀藩に依存せざるをえなかった。そこで、二代目藩主の前田正甫が奨励したのが製薬で、富山の薬売りが定着したという。\n\n そんな歴史を駅前で学びつつ、再びの富山駅。富山駅に新幹線が乗り入れてから、もう9年が経った。\n\n 新幹線乗り入れに先立って地上にあったホームは高架化され、富山地方鉄道とつながっていたレールも剥がされた。富山地方鉄道は、立山や黒部、宇奈月温泉へと向かう富山県のローカル私鉄だ。\n\n 富山地鉄の路線図を眺めていたら、常願寺川を渡った少し東に越中舟橋という駅を見つけた。なんでも、北陸では唯一の“村”舟橋村の玄関口だという。ここまで来たら、ほんの少しだけ足を伸ばして、北陸唯一の村も訪れてみることにしよう。\n\n写真=鼠入昌史\n\n “日本でいちばん狭い村”「舟橋村」には何がある? 平成の間に人口が倍増しているナゾ へ続く\n鼠入 昌史,['https://newsatcl-pctr.c.yimg.jp/t/amd-img/20240429-00070453-bunshun-000-1-view.jpg?pri=l&w=640&h=426&exp=10800'],"['https://news.yahoo.co.jp/articles/1bb24b3dda0dfd6688d5849477c594cb142d5bb3/images/000', 'https://bunshun.jp/articles/photo/70453?utm_source=news.yahoo.co.jp&utm_medium=referral&utm_campaign=partnerLink&pn=3']"
契約書がなくてもウソをつかない、約束を破らない…“駐日ジョージア大使”が語った「日本のビジネスパーソンの素晴らしい所」（文春オンライン）,https://news.yahoo.co.jp/articles/4c507c94e8a02d7551da1655efce43084ee4105e,https://newsatcl-pctr.c.yimg.jp/t/amd-img/20240429-00070398-bunshun-000-1-view.jpg?exp=10800,2024-04-29T06:12:58+09:00,2024-04-29T06:12:58+09:00,文春オンライン,bunshun,文春オンライン,2728,\n駐日ジョージア大使が驚いた「日本人の性質」とは？ 写真はイメージ ©getty\n「一般の人たちがこれほどまじめでなければ、日本の経済的な繁栄は成し得なかったでしょう。日本は根幹がしっかりしているのです」\n【写真】この記事の写真を見る（4枚）\n駐日ジョージア大使で、日本企業にも務めたことがあるティムラズ・レジャバ氏が語る「日本人の素晴らしいところ」とは? 新刊『 日本再発見 』（星海社）より一部抜粋してお届けする。（全2回の1回目/ 後編 を読む）\n「普通の人」のレベルが普通ではない国・日本\n日本人は社会構造的に、富裕層でも貧困層でもない「中間層」が厚いと言われています。これは非常に立派なことです。もちろん日本の政治家もみなさん力を尽くしてがんばっておられますけれども、一生懸命に働いている、まじめでウソをつかず、プロフェッショナル精神を持つ中間層の人たちこそがもっとも尊い存在だと思います。\n\n そういう人たちが「普通の人」として当たり前にいて日本社会を支えていますが、これはほかの国ではまったく普通でも当たり前でもないことなのです。\n\n たとえば私のところに取材に来られる記者の方々は、みなさん事前にジョージアのことをよく調べ、私の過去の発言も調べた上で、深いコメントをもらえるよう準備してから取材に臨んできます。ジョージアにも優秀な記者はたくさんいますが、あまり下調べせずに初歩的なことから尋ねてくる記者も正直少なくありません。\n\n そういう記者職の人たちは頭が良くて高学歴な人が多いし、ちゃんとしていて当たり前ではないかと思うかもしれません。しかし、日本では、メディアで取り上げられることもなければ、一般的にステータスがあるとはみなされていないような仕事に就いていらっしゃる人でも仕事に手を抜きません。「そんなにバカ真面目にやらなくてもいいだろう」という、社会で注目されないようなところでも高いプロ意識を持っている。どんな職種、役職であっても、です。これは日本特有のことだと思います。\nたとえば清掃員の方がそうですね。外国人は「日本は道もトイレも、どこに行ってもきれいだ」と驚きます。それはもちろん日本人ひとりひとりが汚さないように気をつけていることもありますが、清掃をされる方のクオリティがすばらしいからです。\nまるで心を読んだかのような「接客サービス」\n先日もそれを実感することがありました。デパートの化粧品売り場に行って、保湿用のアフターシェーブローションを探していたのですが、売り場の販売員の女性は非常にテキパキと質問に答えてくれました。失礼ながら初めて知ったブランドの店員さんでしたが、「うちにはアフターシェーブローションはないけれども、ローションはあるし、アフターシェーブローションはこのフロアならあそこで売っているかもしれない」と即座に調べ、その上で「うちの保湿用ローションはこんな感じです」と、ぴかぴかのきれいな手で私の手に塗りながら商品説明をしてくださいました。\n\n その流れはあまりにもスムーズで丁寧で、すべてがこちらの心を読んだかのような対応でした。「この人はサービスのプロだ」と感じ、「こんなによくしてもらうのは悪いな」と思ったほどです。その方に教えていただいた商品を買うことを伝えると、やはり効果が最大限発揮されるような使い方や注意点をひとつひとつわかりやすく教えてくれました。その接客からは、自分の仕事に誇りと責任を持った上で楽しんでいることが伝わってきました。\n\n このように、何気なく足を運んだデパートにこのレベルのスタッフがいるのが日本です。外国人が予期しないようなところで、ものすごいプロフェッショナルと出会えるのが日本なのです。\n\n 私が勤めていたキッコーマンにも長年蓄積されたノウハウが山ほどありました。外に出さないのはもったいないと思えるような独自のノウハウがローカルに閉じた形で使われていたりするのです。日本では庶務の女性が会社の歴史に通暁していて、何十年も前の出来事を生き字引のように語れたりすることもありますよね。\n\n しかも驚くべきは、従業員と企業とが契約を結んでいるがゆえに徹底してプロフェッショナルとして振る舞っている、というわけではないことです。\n日本は会社の中で従業員と会社組織との間で結ぶ契約の内容も曖昧ですし、会社と会社の間の商談ですら契約書なしで話を進めることが多いでしょう。むしろ交渉の内容があらかた決まったあとで事後的に契約を交わす――つまり明文化された契約がなかったとしても、相手がウソをつかない、約束を破らないという信頼に基づいてビジネスが進められていきます。言い換えると、日本人は「言ったことはすべて守る」「発言には責任が伴う」という価値観に厳格なところがあります。\n\n しかし現実には、社内の会議や対外的な交渉ごと、あるいは政治家の発言にしても「言った」「言わない」がいくらでも生じますし、同じ言葉でも受け取り方は人によって変わります。だからこそ契約書で交わしたことや公式な場での発言と、そうでないことを区別する国・地域のほうが世界的には多数なのではないでしょうか。少なくともジョージア人は、日本人ほど言葉に対する責任意識は高くありません。\n\n 翻って、「契約で定められていないことはいい加減にやってもかまわない」「オフィシャルな記録に残らない場での発言に責任を負う必要はない」とは日本人は思っていません。お互いウソをつかないことを前提にして、発言に対する責任を重んじる、そして契約の条文に書かれていなくてもプロとしてこだわりを持って仕事に取り組むというモラルが高い人たちで社会が構成されています。私からするとあまりにも人々の責任感が強すぎて、もう少し肩の力を抜いていいのではないかと思うほどです。\n「日本は根幹がしっかりしているのです」\n一般の人たちがこれほどまじめでなければ、日本の経済的な繁栄は成し得なかったでしょう。日本は根幹がしっかりしているのです。バブル崩壊後に「失われた30年」と呼ばれた停滞期があったものの、近年では改めて外国の著名な投資家も日本に注目し、高く評価した上で投資をするようになっています。\n\n さらに驚くべき日本人の特徴は、お金にならないことにも最大限パワーを注ぐ点です。\n\n 「外国の人間からしたら、まったく信じられない」駐日ジョージア大使が『欽ちゃんの仮装大賞』は“日本でしか成立しない”と考えるワケ へ続く\nティムラズ・レジャバ／Webオリジナル（外部転載）,['https://newsatcl-pctr.c.yimg.jp/t/amd-img/20240429-00070398-bunshun-000-1-view.jpg?pri=l&w=640&h=426&exp=10800'],"['https://news.yahoo.co.jp/articles/4c507c94e8a02d7551da1655efce43084ee4105e/images/000', 'https://bunshun.jp/articles/photo/70398?pn=2&utm_source=news.yahoo.co.jp&utm_medium=referral&utm_campaign=partnerLink']"
ワキ毛を伸ばして「獣のように豹変した」激しい絡みも…森田望智（27）が“最強のカメレオン女優”になるまで《『虎に翼』『シティーハンター』に出演》（文春オンライン）,https://news.yahoo.co.jp/articles/8efeeb76893e6bca6faf42044eddd06f0b2cb20a,https://newsatcl-pctr.c.yimg.jp/t/amd-img/20240429-00070447-bunshun-000-2-view.jpg?exp=10800,2024-04-29T06:12:58+09:00,2024-04-29T09:39:53+09:00,文春オンライン,bunshun,文春オンライン,4474,\n森田望智 ©AFLO\n「どうしても欲しいものがあるならば、したたかに生きなさいってこと」\n\n NHK連続テレビ小説『虎に翼』で注目を集めているのが、主人公・猪爪寅子（伊藤沙莉）の親友・花江を演じる森田望智（もりたみさと）（29）だ。冒頭のセリフは猪突猛進な性格の寅子に送った花江のアドバイス。「どんな道でも、女が好きな方に行くのは大変なのよ」と続く。\n【画像】大胆にワキ毛を見せて…森田望智を一躍有名にした衝撃シーン\nヒロインの寅子とは対照的な女性を演じる\n女学生のうちに結婚し、嫁として家に入った花江の生き方は、日本で初めて女性として法曹界に飛び込み、女性への差別や蔑視と戦いながら生きていく寅子とは対極に見える。ふわっとした雰囲気の中にしたたかさを隠す花江の性格も、真正面からの論戦も辞さない寅子とは対照的だ。\n\n 寅子と花江は、『ブギウギ』の福来スズ子と茨田りつ子のような正反対の性格を持つバディとも言える。今後、ふたりがどのような道を歩むのか、楽しみにしている視聴者も多いだろう。\n\n ドラマは花江の苦悩や痛みも描きつつ、彼女の生き方も肯定する。森田は花江について、「家庭に生きる女性だって、外で仕事をする女性と同じくらい尊いんだよ、ということを伝えられる人」と解釈しているという（ステラnet 2024年4月19日）。\n\n 森田は『虎に翼』だけでなく、Netflixの注目作『シティーハンター』でも、ヒロインの槇村香という重要な役を演じている。ショートカットがトレードマークで、男っぽくてさっぱりとした性格の香は、花江と共通点がないように見えるが、森田は難なく演じきっていた。現代最強の“カメレオン女優”という称号は彼女にこそふさわしい。\n爆発的な反響を呼んだ『全裸監督』\n「私は自由を手にして主張するヴァギナになったんです」\n\n 森田望智の名前を一躍日本中、いや世界中に轟かせたのが、Netflixオリジナルドラマ『全裸監督』（2019年）だ。山田孝之がアダルトビデオの世界の異端児・村西とおるを怪演したピカレスク・ドラマで、森田は一世を風靡したAV女優、黒木香になる佐原恵美を全身全霊で演じている。\n\n 本作は爆発的な反響を呼び、森田の女優人生を一変させることになった。海外では道行く人に「Are you Netflix?」と声をかけられることさえあったという（TV LIFE web 2021年6月24日）。\nマジックペンでワキ毛を描いて臨んだオーディション\n作品の詳細を聞いて「受けたい!」と熱望した森田は、オーディションに黒木のトレードマークだったワキ毛をマジックペンとアイラインで再現して臨んだという逸話がある。もちろん、そんなことをしたのは一人だけ。奇をてらったわけではなく、「ないから描いていかなくちゃ」ぐらいの気持ちだった（「週刊女性」 2020年3月3日）。\n\n 本番には伸びにくいワキ毛を伸ばして臨んだ。初めてビデオ撮影を行う場面では恵美は黒木香となり、周囲から「獣」と言われるほどのプレイで村西を圧倒。「開花」した後、「主張するヴァギナ」となってメディアの寵児となっていく。\n\n 母親から抑圧されて育ったお嬢様の恵美が、セックスとアダルトビデオの世界に出会って自らを解放し、女性だってセックスを自ら求めてもいいと世の中に訴えていく様子は、観る者にカタルシスさえ感じさせた。\n\n アダルト業界の描き方や黒木香という実名の取り扱い方に批判が集まった本作だが（筆者も否定的に捉えている）、作品の持つ猥雑なエネルギーや森田の演技に抗いようのない魔力のようなものを感じてしまったのも確かである。\n\n なお、『虎に翼』の伊藤沙莉とは、このときに共演している。伊藤が演じていたのは、女優の気持ちを大切にするヘアメイク係の順子。恵美が黒木香として初めてビデオ撮影に挑むのをサポートするのも順子だった。女性代表として世の中に出ていくのが森田で、裏から支えるのが伊藤という構図は、ちょうど『虎に翼』と裏表となる。『全裸監督』を意識したキャスティングだと考えるのは穿ち過ぎだろうか。\n“憑依型女優”と言われるワケ\nそんな森田は“憑依型女優”と言われている。準備期間の4か月、黒木香に関する大量の映像や資料を漁った森田には、完全に黒木の口調が乗り移っていた。黒木主演の映像作品を見た感想を森田は次のように語る。\n\n「恥ずかしさを逸脱して獣のような生命力を感じる作品だと思います。私もそういうふうに、むき出しにする気持ちは大事にして挑みました」（BIGLOBE BEAUTY 2019年8月7日）。\n\n 森田の豹変ぶりと凄みのある演技を受け止めた俳優たちも驚きを口にする。「絡みの撮影以降は、怖かったです」「彼女の演技に、本当に食われました」（山田孝之）、「いい意味で、引きました」「本当に黒木香にしか見えなかったです」（玉山鉄二）、「化けるというのは、こういうことかと」（満島真之介）などだ（MOVIE WALKER PRESS 2019年8月14日）。\n森田は『全裸監督』に出演した後も、演技のワークショップに通い続けていた。『情熱大陸』（MBS/TBS系 2019年12月15日）には、そのときの様子が登場する。恋人が浮気したという簡単な設定を与えられ、5分足らずで役を身体に入れた後、すさまじい怒りの即興芝居を40分以上続けてみせた。演技が終わっても、役が抜けきらずに放心状態の場面も映し出されていた。森田が憑依型の女優だということは、満島の次の言葉が証明している。\n\n「現場が終わって、この前、お会いした時もまだ黒木香でした」\nオーディションは落選続き…意識を変えるきっかけとなった一言とは\n1996年、神奈川県生まれ。フィギュアスケートに打ち込んでいた小学生の頃、家の近所で映画やドラマの撮影をしているのを見て、「あの中の一員になりたい」と思うようになった。現場でスカウトされて、女優になることを志したが、オーディションは落ちてばかりだった。\n\n「どうしたらいいかもわからないし、何が正解なのかもわからないし、焦りもあるし、みんなはどんどん前に進んでいくし……本当にぐちゃぐちゃになったような感情がずっとあった」（Harper's BAZAAR Japan 2022年1月17日）。\n\n オーディションに受かる夢は何十回も見た。受かったと喜んだところで目が覚めるパターンが一番多かったという。\n\n 考え方が変わるきっかけは、映画『エゴイスト』（2023年）などで知られる松永大司監督のワークショップへの参加だった。悩みを吐露したところ、「役者辞めたらいいんじゃない?」とあっさり言われて、自分には「覚悟」が足りないことに気づいたという。\n\n「お芝居のうまさとかではなく、求められているのは“この人の演技がみたい”と思わせられる人。それが何かを考えたときに、強い覚悟だったり、例えば歌でも、ただうまいより魂がこもっている人のほうが私自身も好きなので、そういうことを目指すようになりました」（「週刊女性」同前）。\n\n 少しずつ仕事が増えてきた頃、『全裸監督』のオーディションの話が舞い込んだ。そこからの活躍は多くの人が知るとおりだ。\n「自分とはかけ離れた人を演じたい」\n女優をしていて一番面白みを感じるのは「与えられた役に近づこうと頑張っている時です」と語る（「SWITCH」2019年12月号）。役を演じるための準備の時間はどれだけあっても足りないという。\n\n「自分とはかけ離れた人物を演じたい。そんな欲望がムクムク湧いてきています。役柄と自分が違っているほど、その人物像に向けて深く掘り下げていく作業が必要になる。それがおもしろくてたまらないんです」（AERA STYLE MAGAZINE 2019年11月29日）\n不倫男を奈落の底に突き落とす“悪女”を怪演\n演じる役柄を深く掘り下げて、自分に憑依させる。そのことを、森田は「役を生きる」と表現する。「（役の）幼少期の記憶から何からを、自分の記憶と同じくらいの濃度で思い出せないと、本当の意味でその役を生きられないと思うんです」（シネマトゥデイ 2021年6月24日）。\n\n 完璧に役を生きることはできないが、限りなくにじり寄っていく。だから、どんな役柄でも演じることができるのだ。\n\n 柴門ふみの原作のドラマ『恋する母たち』（2020年）で演じた、山下のり子役も強烈だった。セレブ妻（仲里依紗）のエリート弁護士の夫（玉置玲央）と不倫をする女性で、妻を挑発し、不倫男を奈落の底に突き落として、自分だけ幸せになって去っていく“悪女”をねっとりと怪演している。\n\n 当初はのり子に腹を立てていた視聴者が、だんだんのり子に惹かれていくという現象を引き起こした。木村佳乃、阿部サダヲほか、芸達者のキャストが揃っていたが、一番のインパクトを残したのが森田だった。磯山晶プロデューサーは、第1話の撮影の時点で「スタッフは彼女の虜になった」と明かしている（MANTAN WEB 2020年12月12日）。すごいな、森田望智。\n\n 朝ドラ『おかえりモネ』（2021年）には、ウェザーエキスパーツ社の気象予報士・野坂碧役で出演。テキパキと仕事をこなす、モネ（清原果耶）にとって頼りになる先輩をさわやかに演じて、山下のり子ファンの視聴者を大いに戸惑わせた。\n\n『妻、小学生になる』（2022年）では新島圭介（堤真一）の年下の上司で「お弁当友達」の守屋好美役、『作りたい女と食べたい女』（2022年）では野本ユキ（比嘉愛未）にフラットに接する同僚・佐山千春役を演じている。\n\n 地上波初主演ドラマ『バイバイ、マイフレンド』（2023年）で演じたのは、高校時代の親友との複雑な過去を抱える小説家志望の女性・早川麻衣。「自分の人生との境界が分からなくなるほど まいまいと繋がれた作品です」と振り返っている（Xのポスト 2023年5月30日）。森田らしいコメントだと思う。\n若手にして、ロバート・デ・ニーロの風格\n圧巻だったのが佐藤二朗主演の映画『さがす』（2022年）だ。森田は死に場所を探す車椅子の女性、ムクドリを演じた。重い前髪、色つき眼鏡、ぶっきらぼうで高圧的な態度……初見では森田だとわからない人のほうが圧倒的に多いだろう。佐藤は「若手にして、もはや女性版ロバート・デ・ニーロの風格」と絶賛している（映画ナタリー 2022年1月22日）。\n\n かつては「自分とかけ離れた人物を演じたい」と語っていたが、もはやどんな人物だって見事に演じてくれるはずだ。『虎に翼』はもちろんのこと、今後どのような演技を見せてくれるのか、楽しみにしたい。\n大山 くまお,['https://newsatcl-pctr.c.yimg.jp/t/amd-img/20240429-00070447-bunshun-000-2-view.jpg?pri=l&w=383&h=640&exp=10800'],"['https://news.yahoo.co.jp/articles/8efeeb76893e6bca6faf42044eddd06f0b2cb20a/images/000', 'https://bunshun.jp/articles/photo/70447?utm_source=news.yahoo.co.jp&utm_medium=referral&utm_campaign=partnerLink&pn=3']"
「あそこだけはすぐOKでした」岩下志麻が語る、小津安二郎に評価された“特別”なシーン《生誕120年》（文春オンライン）,https://news.yahoo.co.jp/articles/a08ae4e43becaca8fa22a23510d84d193e253839,https://newsatcl-pctr.c.yimg.jp/t/amd-img/20240429-00069113-bunshun-000-1-view.jpg?exp=10800,2024-04-29T06:12:58+09:00,2024-04-29T06:12:58+09:00,文春オンライン,bunshun,文春オンライン,3945,\n小津安二郎監督の最後の作品『秋刀魚の味』に主演した岩下志麻さん。小津監督の生誕120年を機に、岩下さんに思い出を振り返ってもらった。（聞き手 平山周吉・雑文家）\n【画像】父親役の笠智衆と並ぶ岩下志麻さん\n◆◆◆\n小津監督に「どうして結婚なさらないんですか」\n岩下志麻さん（本人提供）\n──岩下さんは昭和37年（1962）に小津安二郎監督の最後の映画『秋刀魚の味』で主演されましたが、その後に「婦人倶楽部」（昭和38年3月号、講談社刊）で、対談もされています。小津監督ときちんと対談した俳優さんは岩下さんだけで、いかに特別な存在だったかがわかります。\n\n 岩下 その対談が私、記憶にないの。不思議ねえ。よっぽど緊張していたのかしら。若かったんですね。\n\n ──小津監督の1月25日の日記には、「晴 婦人倶楽部 岩下志麻他くる」とありますから、間違いありません。北鎌倉の小津監督の家で撮影と対談が行なわれています。\n\n 岩下 対談記事を読みますと、私がズケズケと質問しているんですね（笑）。「どうして結婚なさらないんですか」とか、「家庭が嫌いだからなんですか」とか。ずいぶんすごいこと、先生にうかがってしまったんだって。この対談のコピーは大事に保管しておきます。\n\n ──対談の後、小津監督は新年の松竹監督会があって、吉田喜重監督に酒の席でからんだという伝説の夜になるんです。\n\n 岩下 ああ、有名な話ね。\n\n ──岩下さんが4年後に結婚する篠田正浩監督も同席していて、酒に酔った小津監督を送り届ける役を押しつけられていますよ。\n\n 岩下さんはまず昭和35年（1960）の『秋日和』にちょこっとだけ出演していますね。\n\n 岩下 私の3本目の映画です。その前に篠田の『乾いた湖』で主役だったので、篠田は小津監督から岩下志麻はどうかと、聞かれたそうです。「すごく正確な芝居をする子ですよ」と篠田は答えたそうです。\n小津組が磨き上げる廊下\n──小津監督に初めて会ったのはいつですか。\n\n 岩下 大船撮影所の所長室に呼ばれてお会いしました。「岩下志麻です」ってご挨拶しただけでした。\n\n ──『秋日和』では佐分利信さんの会社の受付嬢の役で、廊下を歩いて部屋をノックし、「どうぞ」とセリフをいう。3回登場しますが、いつもそれだけですね。\n\n 岩下 ただ歩いてきて、コンコンってドアを叩き、お客さまを案内するだけでしたが。小津組って大道具さんがピッカピカに廊下を磨き上げるから滑るんですよ。それが怖くて怖くて。転んじゃいけないと思って、そっちばっかりに神経がいってました。演技どころじゃなかった。私はその時はまだ3本目の新人で、何の癖もついてないからか、1回か2回のテストでOKでした。あまり注文もなさらなかった。とにかく私は転ばないようにまっすぐ歩こうということばかり気にしてましたけど。\n\n ──タイトスカートでハイヒールですね。\n\n 岩下 難しいですよね。ローアングルだから全身が映る。脚がけっこう目立ちますから。歩き方もきれいにしなくちゃ、という意識はありましたね。\n\n ──やはり小津日記で、『秋日和』の撮影が昭和35年の9月20日からとわかるのですが、そこに「昼から出社 小道具の都合で二時すぎからセット 佐分利 北[龍二]岩下志麻 3カットにてやめる」とあって、チョイ役にも関わらず、小津監督の中では岩下さんをもう女優さんとして認められているんです。\n\n 岩下 ありがたいですねえ。『秋日和』は私のテストだったのかな。\n\n ──『秋日和』の時に、小津監督と話されたことはありましたか。\n\n 岩下 ド新人でしょう。だから、何もお話しした記憶はないですね。ただ、すごく優しい監督さんだなという感じはありました。\n\n ──それまでの木下惠介監督（『笛吹川』）と篠田監督とは肌合いが違いましたか。\n\n 岩下 そうですね。『秋日和』をやらせていただくに当たって、小津組というのがどういうものかって、撮影の見学に行ったんです。そうしたら、テストを最低30回ぐらいやってらっしゃる。ベテランの方でもこんなにテストするんだと、「私、大丈夫かな」なんて思って行ったら、私はすぐOKだったから、なんかちょっと拍子抜けしたような感じがしましたけど。きっとまだ癖がついてなかったからでしょうね。\n\n ──いろんな方が、小津監督が岩下さんのことを「あの子はいいよ」と言ったと聞いています。昭和36年8月27日の報知新聞の「上昇株 岩下志麻」という記事の中で、小津監督が撮影所長の白井昌夫さんに「岩下君は大事に使いなさいよ」と耳打ちしたとあります。\n\n 岩下 本当にありがたいことですね。そんなことをおっしゃってくださっていたんですか。\n\n ──それで『秋刀魚の味』になるわけですけれども。笠智衆さんと並ぶ主役ですね。\n\n 岩下 お話をいただいて、ビックリしました。「エッ、私で大丈夫なの?」って。原節子さんがずっとおやりになっているのに、なんで私なんだろう。できるかしらと思って。でも、あの頃はあんまり、「やるぞ」みたいな欲がなかった。“駆けずのお志麻”と呼ばれるぐらいのんびりしていたので、「じゃあ頑張ってやらせていただきます」みたいな感じでした。ドキドキ緊張することもなく撮影に入った記憶がありますね。入ったら大変でしたけど。\n\n ──シボられましたか。\n\n 岩下 テストテストでね、絞られました。小津先生の独特の美学と、独特のリズムがありますから。それにはまらないと、何回もテストして。1、2回でOKだったのは、ラストの花嫁のシーン。あそこだけはすぐOKでしたね。まあ、あんまりセリフもなかったんですけど。で、「花嫁姿はいいね」なんておっしゃってくださって（笑）。\n\n ──小津映画では松竹の女優さんで花嫁姿になった人はいなかった。\n\n 岩下 「初めてだよ」とおっしゃってました。\n\n ──花嫁姿は、かつて東宝に所属していた原節子さんの『晩春』のイメージがすごく強い。そういう意味でも、小津監督にとっても特別な女優さんだったと思います。\n\n 岩下 ありがたいことですね。本当に。\nこれまでにないヒロイン役\n──ただ、岩下さんは、それまでの小津映画に出てきた若い女性とは何か違う。\n\n 岩下 わりとはっきりものを言う現代っ子ぽい女の子でしたね。\n\n ──そうですよね。だから、これは今まで小津映画で登場してこなかった新しいヒロインです。\n\n 岩下 小津映画の娘役はわりとお父さんの言いなりになってやっていたんですけど。あの「路子」の役は「お父さん、早く帰ってきてよ」とか、「お父さん、ご飯ないわよ。電話かけてよこさないんだもの」とか、ハキハキと言う女の子でしたね。\n\n ──それで家では不機嫌そうで。\n\n 岩下 いつも不機嫌そうでね。ただ、ああやって恋をしても、父親の勧めた縁談で結婚していくわけですから、やっぱり昔の女なんだなっていう感じはしますけどね。\n\n ──笠智衆さんがお父さん役です。\n\n 岩下 笠さんはいつも自然体ですよね。笠さんそのままでキャメラの前に立ったという感じで。だから、テストもあんまりないんです。わりとすぐOKが出ちゃって。あと、弟役の三上真一郎さん。三上さんは自然体でやっていたからか、お芝居もすぐOKでしたね。「真公、真公」ってかわいがられてました。\n\n ──三上さんは小津監督を「師匠」と慕っていましたから。\nアイロン50回、巻尺で100回\n岩下 私はやっぱりどちらかというと段取りになっちゃって、自然にいかなかったんですね。緊張してたのかな。アイロンをかけるシーンでも、例えばこっち2回かけて、こっちはワイシャツをパッとやったら、今度はこっちのほうをさっきの倍の速さでかけて、それから置いて、左手でうなじをこう撫でて立ち上がるとかね。そういう細かいご指導をなさるんですよ。それがどうしても段取りになってしまって。こっち2回、こっちは3回というような。自然にできてなかったんだろうと思って。あそこのアイロンのシーンも50回ぐらいテストだったかしら。\n\n ──OKが出る時というのは。\n\n 岩下 全然わからない。どこが悪いのかもわからない（笑）。何回もやることで、最初は段取りになっていたのが、やっているうちに自然になってきて、先生の映画の中にはまってきたんだろうとは思うんです。それと、失恋のシーンでも、顔を上げて、話を聞いて、また顔を下げるというのがあったんですけど、このテンポが私は速かったらしいんです。で、「ゆっくり、ゆっくり、ゆっくり」と言われて。だから、あそこも何回やったか。頭を上げて下げるだけなのに、ずいぶんテストを繰り返しました。\n\n ──そうなんですか。\n\n 岩下 先生のリズムに合うまで。一番駄目だったのは巻尺のシーン。あそこは、失恋した女の子が巻尺をいじっている、それで悲しみを表現するというシーンだったんだけれども。あれ、右手に2回、左手に2回半だったかな。また右手に巻いて、パラッと落とすという。それだけなんだけど、それができなくて。あれは100回以上やりました。あのシーンは本当にできなかったですね。\n\n◆\n\n本記事の全文は「文藝春秋 電子版」に掲載されています（「 生誕120年 お父さんのような小津監督 」）。\n岩下 志麻／文藝春秋 2024年1月号,['https://newsatcl-pctr.c.yimg.jp/t/amd-img/20240429-00069113-bunshun-000-1-view.jpg?pri=l&w=640&h=400&exp=10800'],"['https://bunshun.jp/articles/photo/69113?utm_source=news.yahoo.co.jp&utm_medium=referral&utm_campaign=partnerLink&pn=2', 'https://news.yahoo.co.jp/articles/a08ae4e43becaca8fa22a23510d84d193e253839/images/000']"
アイコニックなデザインが目を引く…100年の時を超えてグッチが世界中で愛されるワケ（文春オンライン）,https://news.yahoo.co.jp/articles/0a9e0859d668cafd0a4889adad216420a4a61f79,https://newsatcl-pctr.c.yimg.jp/t/amd-img/20240429-00070330-bunshun-000-1-view.jpg?exp=10800,2024-04-29T06:12:58+09:00,2024-04-29T06:12:58+09:00,文春オンライン,bunshun,文春オンライン,1715,\nアイコニックなデザインが目を引く…100年の時を超えてグッチが世界中で愛されるワケ\n1921年にフィレンツェで創設されたグッチ。今や世界各国で不動の地位を築いた彼らには、いつの時代も色褪せない秀逸コレクションが揃う。100年もの歴史を誇る伝統を尊重しつつ、創造的で常に進化を続けるグッチのクリエイションを紐解いていこう。\n【画像】グッチの新作コレクションを一気に見る\nイタリアを代表するラグジュアリーブランドであるグッチは、確かなクラフツマンシップを駆使しながら、ファッション性の高いデザインを提案し、ラグジュアリーの再定義への道を歩み続けている。ホースビットを用いた元祖ローファーを筆頭に、グリーンとレッドのウェブストライプ、創設者グッチオ・グッチのイニシャルであるGを2つ重ねたGGパターンと、ひと目でわかる完成度の高いデザインが特徴だ。\n新たにクリエイティブ・ディレクターを迎えてリスタート\n2023年よりグッチのクリエイティブ・ディレクターに就任したのが、サバト・デ・サルノ。彼はファッションスクールの名門であるカルロ・セコリ・ファッション・インスティテュートに入学し、ウィメンズウェアのデザインとパターンメイキングを学ぶ。2003年、プラダにてアシスタント・パターンメーカーとしてファッション業界でのキャリアをスタート。\n\n 2008年、ドルチェ＆ガッバーナのウィメンズ ニットウェアおよびジャージー コレクションのヘッド・デザイナー、2009年にはローマに移りヴァレンティノに入社し、2020年にはメンズ＆ウィメンズ ウェアを統括するファッション・ディレクターを務め、14年間でさまざまなポストを歴任する。そんな経歴を持つサバトは、グッチに対するクリエイティブに『もう一度、もっと、ファッションに恋をしよう』というメッセージを込めている。\n\n 今回はドレス＆ラフなスタイルを格上げできるホースビットローファーや、スニーカー好きも唸らす1足、ゴールデンウィークのお出かけにぴったりなボディバッグやトートバッグと、ブランドの世界観が詰まったアイテムを紹介していこう。\nどんな場面や着こなしもアップデートする1足\n1953年に登場したオリジナルのデザインを復刻した[ホースビット1953]ローファーはアッパーにスムースレザーを採用し、ゴールドのホースビットハードウェアをあしらうことでクラシカルな佇まいに。中敷にはスペシャルなタグが付けられた仕様。ブランドを代表する本作は、時代＆スタイル問わず足元を格上げできる。\n伝統デザインのウェブ ストライプがモダンかつ軽快な足元を演出\nクリエイティブ・ディレクターのサバト・デ・サルノが初めてデザインしたスニーカーが、このグッチ リウェブ。柔軟性と光沢感を出すため特殊加工し、エンボス加工を施したホワイトのアッパーと、ブランドを象徴するウェブ ストライプをシュータンに採用。シンプルながらもブランドらしさを表現したデザインにまとめている。\n持ち手の姿を様にするアイコニックなデザイン\nGGスプリーム キャンバスとブラウンのレザートリムを採用したボディバッグは、クラシカルな印象を高めたデザインに。収納力もあり、ちょっとしたお出かけにちょうどいい。\nリラックス感ある素材で気負いなく持てる\nキャンバス生地のフロントには、“GUCCI MADE IN ITALY”の文字をエンボス加工し、底部分には大ぶりなウェブ ストライプを採用した大胆なトートバッグ。ショルダーストラップが付属され肩掛けも可能と、使い勝手が良好だ。\n洋服を選ばず持てるシックなトーン\n底部分がブラック、フロントに“GUCCI MADE IN ITALY”の文字をエンボス加工しデザインした、先ほどのトートバッグの色違い。柔らかな印象のキャンバス生地は、持ち手のスタイリングをさり気なく格上げしてくれる。\n\n すべての商品のお問い合わせ先/グッチ クライアントサービス ➿0120-99-2177 https://www.gucci.com/jp/ja/\nPOW-DER,['https://newsatcl-pctr.c.yimg.jp/t/amd-img/20240429-00070330-bunshun-000-1-view.jpg?pri=l&w=640&h=369&exp=10800'],"['https://news.yahoo.co.jp/articles/0a9e0859d668cafd0a4889adad216420a4a61f79/images/000', 'https://bunshun.jp/articles/photo/70330?utm_source=news.yahoo.co.jp&utm_medium=referral&utm_campaign=partnerLink&pn=2']"
