headline,mainEntityOfPage,image,datePublished,dateModified,author,media_en,media_jp,str_count,body,images,external_links
10月からの目標再設定、2026年を最高の形で締めくくる「秋の習慣」　心理学者が解説（Forbes JAPAN）,https://news.yahoo.co.jp/articles/4f088bbe5dd634aeb756799e3cb06cfa8c265afa,https://newsatcl-pctr.c.yimg.jp/t/amd-img/20260926-00104939-forbes-000-1-view.jpg?exp=10800,2026-09-26T18:00:00+09:00,2026-09-26T18:00:00+09:00,Forbes JAPAN,forbes,Forbes JAPAN,949,Annamorphosis - stock.adobe.com 今年の目標のうち、どれを諦めるかを決め、残された時間を注ぎ込むべき1つを選ぶ……。この習慣は些細なことに聞こえるかもしれないし、少し気が滅入るかもしれない。 年初にハーフマラソンを走る目標を立てた人を考えてみよう。間もなく10月だ。今年最も長く走った距離は約6キロで、大会申し込みの通知はメールボックスの奥深くに埋もれている。何も決まっていない。目標を諦めたわけではないが、追いかけているわけでもない。そして数週間ごとにその目標は小さな罪悪感となって浮かび上がるものの、物事がより整理されるはずの1月へと先送りされる。 ほとんどの人がこうした目標を少なくとも1つは抱えている。今年も残り3カ月ちょっと。この現時点で身につけておくべき習慣は、目標を自然消滅させるのではなく意図的に終止符を打ち、それまで知らず知らずのうちに奪われていた注意力を、残された数週間で実際に達成できる何かに振り向けることだ。 ■「10月の習慣」とは 今年、自分が何を望んでいたかを、当時使ったありのままの言葉で書き出してみよう。そして、各項目を年末までに実現するためにはどのような条件が満たされなければならないかを考える。ハーフマラソンであれば、今からではカレンダーに収まらないほどのトレーニングが必要になるため、これは除外する。判断はそれだけだ。 だが、目標を手放すというのは、心の中で「仕方ない」と肩をすくめるだけでは不十分だ。もしそうすれば、その目標は頭の片隅でずっとくすぶり続けるだろう。そのため、その目標をそのまま放置するのではなく、リストから外す必要がある。スマホのアプリからトレーニング計画を削除し、周囲からその話題を出されたら「来春に延期した」と伝える。完結していない意図は、何らかの形で決着がつくまで注意を引き続けるからだ。 そして、目標を手放す前に、その代わりとなるものを決める。さらに、11カ月間実行されずに終わってしまうような、「アクティブに過ごす」といったものではなく、今週カレンダーに書き込める具体的な行動、例えば、以前から近況を聞きたかった人と、週末の朝にコーヒーを片手に散歩しながら話し合う、といったものに変更すればよいだろう。,[],[]
仕事の「ストレスをリセットし幸福度を高める」朝晩数分のシンプルな習慣（Forbes JAPAN）,https://news.yahoo.co.jp/articles/81c7a71c3e810e6621a3d0d9887696ac20b530b1,https://newsatcl-pctr.c.yimg.jp/t/amd-img/20260926-00105445-forbes-000-1-view.jpg?exp=10800,2026-09-26T17:00:00+09:00,2026-09-26T17:00:00+09:00,Forbes JAPAN,forbes,Forbes JAPAN,1473,stock.adobe.com まずまずだった日の終わりに何も良いことがなかったように感じる――。そうした経験がどのようなものか、多くの人は知っている。特に何か悪いことがあったわけではない。だがその日を振り返ってみて真っ先に頭に浮かぶのは、イライラさせられたメールや完了できなかったタスクだったりする。 多くの場合、それはその日に良い瞬間が全くなかったからではない。実際には、そうした瞬間のほとんどは注意が他のことに向いている間に起こり、あまり印象を残さずに過ぎる。 心理学者たちはこの問題に対処するのに役立つシンプルな習慣を構成する2つの要素について研究してきた。その実践には数分しかかからない。朝はその日の中で楽しみにしていることを考える。夜にはその日うまくいったことと、うまくいった理由を振り返る。どちらのステップにも日記やアプリは必要ない。この2つを組み合わせることで、良い出来事をそれが起きている最中に心に刻み込み、その後も記憶に留めておくことができるようになる。 ■朝の習慣が喜びをもたらす理由 セイバリングとはポジティブな経験に気づき、それをじっくり味わうことだ。このスキルは練習によって身につけられる。学術誌『Applied Psychology: Health and Well-Being』に2026年に掲載された研究では、セイバリングの実践によって感情面でのウェルビーイングが確実に向上することがわかった。 セイバリングは物事が起こった瞬間に行うこともできるが、「期待」という形で事前に体験することも可能だ。研究によると、何かを楽しみに待つこと自体が真の幸福の源であり、だからこそある出来事を待ち望む時間はその出来事とほとんど同じくらい楽しいものになり得る。 多くの人は休暇を取る際にセイバリングを経験するが、些細なことでもいい。朝、スマートフォンを手に取る前に「今日、自分は何を楽しみにしているか」と自問するといい。その答えは友人と電話するといったささやかなものかもしれない。楽しみにしていることの大小よりも、それを具体的に言葉にすることの方が重要だ。 これが役立つのは部分的に人間の心が中立ではないからだ。人にはネガティビティ・バイアスというよく知られた傾向がある。これは楽しい瞬間よりも問題や苛立ちの方が簡単に注意を引きつけることを意味する。朝、何か楽しみにすべきことがあると決めておけば、それが実際に起きたときに他のことを考えている間に見逃してしまうのではなく、注意を向ける理由ができる。 このステップでわずかな意図を加えるのを好む人もいる。例えば、気が重い会議でもっと辛抱強く振る舞おうと決めることなど。意図は具体的かつ特定の状況と結びついていると定着しやすいため、「良い一日にしたい」という漠然とした願いよりも、1つの明確な意図を持つ方がたいていうまくいく。 ■夜の習慣が喜びを倍増させる理由 夜になると思考の方向を逆にする。先のことを考えるのではなくその日を振り返る。うまくいったことをいくつか思い出し、うまくいった理由についても考える。これは、「3つの良いこと」と呼ばれるよく知られているポジティブ心理学のエクササイズの基礎となっている。学術誌『Proceedings of the National Academy of Sciences』に2025年に掲載された、多くの国で行われた感謝に関する調査を統合した研究では、そのような振り返りはわずかではあるものの幸福感を確実に向上させることが明らかになった。,[],[]
リーダー必読、今の職場を映し出す「AIバズワード」10選（Forbes JAPAN）,https://news.yahoo.co.jp/articles/2bb0584774447873d4f30f68ae485dba0be8ae8b,https://newsatcl-pctr.c.yimg.jp/t/amd-img/20260926-00103998-forbes-000-1-view.jpg?exp=10800,2026-09-26T16:00:00+09:00,2026-09-26T16:00:00+09:00,Forbes JAPAN,forbes,Forbes JAPAN,966,stock.adobe.com 最近、LinkedIn（リンクトイン）で「Meat Proxy（ミート・プロキシ）」の定義を共有している投稿を目にした。筆者はこの種の新語をいくつか耳にしたことがあったが、多くの人はまだ知らないのではないかと思った。これらのAIバズワードの中には、一見するとただのジョークやスラングのように思えるかもしれないが、その背景には、判断力や信頼、説明責任、そして仕事の質に関する深刻な問いが隠されている。これらの言葉は、現在の世相や、クリティカル・シンキング（批判的思考）よりもAIの導入が先行したときに何が起こるかを雄弁に物語っている。 ■1. Meat Proxy（ミート・プロキシ） ミート・プロキシ（肉体の代理人）とは、AIが生成したものを、読みもせず、理解もせず、検証もせずにそのまま右から左へと流す人のことを指す。この言葉はユーモラスに聞こえるかもしれないが、人間の価値という観点から考えると笑い事では済まされない。もし、あなたの仕事がAIに質問をしてその回答を転送するだけであるなら、受け手は「なぜそのプロセスにあなたが介在する必要があるのか」と疑問を抱き始めるだろう。人間がもたらす価値とは、疑問を持ち、解釈し、検証し、文脈を加える能力にある。AIの出力を送信する前に、自問してみてほしい。「自分はこれを理解しているか」「これを信じられるか」「自分は何を付け加えたか」と。 ■2. Workslop（ワークスロップ） ワークスロップとは、一見すると出来が良さそうに見えるが、業務を進めるための実質、文脈、あるいは正確性に欠けるAI生成の仕事を指す。作成者の時間は節約できるかもしれないが、他の誰かがその意味を理解し、チェックし、あるいはやり直さなければならなくなる。行動科学の研究機関であるBetterUp Labs（ベターアップ・ラボ）とStanford Social Media Lab（スタンフォード大学ソーシャルメディア・ラボ）の調査によると、米国のデスクワーカーの40％が、過去1カ月間にワークスロップを受け取ったと回答している。同調査では、従業員1万人規模の組織において、これにより年間900万ドル（約14億4000万円）以上の生産性コストが発生する可能性があると試算している。,[],[]
アンソロピックの金融向け「Claude」、シュワブ・ブラックロックなど11の顧客データ基盤と接続（Forbes JAPAN）,https://news.yahoo.co.jp/articles/19b71324d518e6813b3a31c1d029afcf33bfc97e,https://newsatcl-pctr.c.yimg.jp/t/amd-img/20260926-00104909-forbes-000-1-view.jpg?exp=10800,2026-09-26T14:00:00+09:00,2026-09-26T14:00:00+09:00,Forbes JAPAN,forbes,Forbes JAPAN,1514,Francois Eichinger - stock.adobe.com アンソロピック（Anthropic）の「Claude」が、金融アドバイザーの業務で使われる既存の金融サービス基盤との接続を広げている。チャールズ・シュワブの顧客口座データに加え、ブラックロックやバンガードが提供する運用関連情報などをClaudeから利用できるようにし、資産運用業務へのAI導入をさらに進める。 ■AIによる代替懸念で売られたシュワブ、7カ月後にはClaudeの提携先へ 金融アドバイザー向けAIツールへの警戒が広がった2026年2月、シュワブの株価は1日で7.4％下落した。同じ日、独立系金融アドバイザー向け資産管理プラットフォームのAltruistがAIを使った税務計画機能を発表し、Raymond Jamesは8.8％、LPL Financialは8.3％下落した。 投資家が懸念したのは、AIが金融アドバイザー会社の業務を代替し、各社が顧客から受け取る手数料収入を圧迫する可能性だった。 それから7カ月後、状況は異なる方向へ動いた。アンソロピックは金融アドバイザー向けのAI製品を投入し、シュワブはClaudeを金融アドバイザーへ広げる提携先となった。 ■Claudeが11の金融サービス基盤に接続、面談準備や資産運用業務を支援 アンソロピックは2026年9月14日、金融アドバイザー向けの接続機能と業務用タスクをまとめたClaude for Financial Advisorsを発表した。同社によると、プラグインは同日から利用でき、Enterpriseプランの利用を推奨している。 Claude for Financial Advisorsは、金融アドバイザーが日常業務で使う11のプラットフォームとの接続機能を備える。対象にはシュワブ、ブラックロック、バンガード、Envestnet、SS&C Black Diamondなどが含まれる。 接続先から取得できる情報はサービスによって異なる。Claudeは顧客口座データ、モデルポートフォリオ、ファイナンシャルプラン、顧客との面談記録などを業務に利用できる。 たとえばシュワブとの接続では、顧客口座の残高、保有資産、取引情報などを扱える。Claudeは今回の発表以前から、Microsoft 365、Salesforce、FactSet、S&P Global、Morningstarなどにも接続できた。 用意された業務用タスクには、顧客との面談準備、面談後の記録作成、ポートフォリオのリバランス確認、相続・税務情報の整理、コンプライアンス確認などがある。 アンソロピックはKitcesの調査を引用し、一般的な金融助言会社が顧客との面談に使う時間は、業務時間全体の6分の1にすぎないとしている。それ以外の時間の多くは、面談の準備や記録作成など周辺業務に費やされる。 ●シュワブは1万6000社超の独立系投資顧問会社への導入を支援 シュワブも同じ2026年9月14日に発表を行った。アンソロピックとシュワブは、顧客資産の保管先としてシュワブを利用する1万6000社超の独立系登録投資顧問会社へClaudeを提供すると説明している。 シュワブによると、Claudeは金融アドバイザー会社がすでに業務基盤として使っているソフトウェアと組み合わせて利用できるよう設計されている。 アンソロピックは、Claude for Financial Advisorsを導入した会社数を明らかにしていない。2026年9月末までに新たなライセンスを申請した会社には、1回限りの利用クレジットが付与される。,[],[]
ビル・ゲイツ、AIは「10億人の死者を出すほど強力」──自主規制では不十分と警告（Forbes JAPAN）,https://news.yahoo.co.jp/articles/89644c3dce6386ede0a15b9039ba3fcab4e66d89,https://newsatcl-pctr.c.yimg.jp/t/amd-img/20260926-00105498-forbes-000-1-view.jpg?exp=10800,2026-09-26T13:00:00+09:00,2026-09-26T13:00:00+09:00,Forbes JAPAN,forbes,Forbes JAPAN,1930,Photo by Sean Gallup/Getty Images マイクロソフト共同創業者で慈善活動家の大富豪ビル・ゲイツは、米NBCの報道番組『ミート・ザ・プレス』で、人工知能（AI）には政府による規制が必要だと語った。AIが悪意を持つ人に利用されれば、「10億人が死亡するような事態」を引き起こし得るほど強力だと警告した。AIの危険性を訴える声が相次ぎ、米政界とAI業界は今後の対応を検討している。 ■ゲイツはAI企業の自主規制では不十分として、政府による法規制を求める 米NBCニュースは米国時間2026年9月25日、ゲイツへのインタビューの一部映像を公開した。ゲイツは番組で、AI開発に携わる人々から「AIは人類を絶滅させる可能性がある」と警告が出ていることについて見解を求められた。「AIには、10億人が死亡するような事態を引き起こせるだけの力が間違いなくある」と答えた。さらに、「悪意を持つ人が最新のAIツールを使うことほど強力な武器は、これまで存在しなかった」と警鐘を鳴らした。 ゲイツは、米AI企業アンソロピックのダリオ・アモデイ最高経営責任者（CEO）が最近公表したエッセーについても質問された。アモデイは、最先端AIを開発する企業は開発ペースを落とす必要があるとの考えを示している。その上で、企業同士が「自発的に協力し、AIを巡る基準を設ける」べきだと主張した。 AI企業自身に規制を委ねる考えについて、ゲイツは「自主規制だけで十分だと考える人はいない」と語った。AIを規制する法律は「絶対に」必要だとの立場だ。安全対策と監視のあり方についても、「法執行機関と政治家が議論に加わる必要がある」とした。アモデイもエッセーで政府の関与を求めている。ただし、「残念ながら法律の成立には時間がかかる可能性があり、AIは急速に進歩している」と記した。『ミート・ザ・プレス』は、ゲイツへのインタビュー全編を9月27日朝に米国で放送する。 米連邦政府と議会では、AI規制を法制化する道筋がなお見えない ■米連邦政府と議会では、AI規制を法制化する道筋がなお見えない 連邦政府がAI規制にどう取り組むかは不透明だ。ドナルド・トランプ大統領はAIへの安全対策に強く反対し、AIの危険性を巡る警告を「でっち上げ」と呼んだ。複数の報道によると、トランプ、ルイジアナ州選出で共和党のマイク・ジョンソン下院議長、AI企業幹部は9月29日に会合を開く予定だ。ただ、何を中心議題とするかは明らかになっていない。 ジョンソンは以前、トランプとAI企業のCEOに「大きな部屋へ入り、扉を閉めて、問題を解決してほしい」と述べた。9月16日には記者団に対し、企業が安全を維持する上で負う責任と、政府が果たすべき役割を慎重に議論する必要があると語った。9月29日の会合にどのAI企業幹部が出席するかも未定だ。イーロン・マスクと、米AI企業OpenAIのサム・アルトマンCEOは9月24日、ホワイトハウスで開かれた公式晩餐会に出席していた。 議会でも、AI規制法の成立を急ぐ姿勢は目立たない。ジョンソンは、AIが人類を絶滅させる可能性への懸念を「作り話」だとして退けた。サウスダコタ州選出のジョン・スーン上院共和党院内総務は以前からAI規制を求め、2023年には関連法案を提出している。最近は、緊急の優先課題として扱わない考えを示唆した。9月中旬、年末までに上院がAI法案を可決できるか記者団から問われると、「おそらく未定だ」と回答。「現在抱えている他の課題を考えると、近いうちに何かを成し遂げるのは難しい」と説明した。 スーンはAI規制法案の再提出を検討している。9月23日、米ニュースサイトのアクシオスに対し、2023年法案の再提出に向けた動きを説明した。共同提出者だったミネソタ州選出の民主党議員エイミー・クロブシャーが、民主党側の共同提出者を増やそうとしているという。2023年に提出された法案は、重大な影響を及ぼすAIシステムに認証の枠組みを設ける内容だ。 大手インターネットプラットフォームには、生成AIを使って作成したコンテンツを利用者に表示する際、その事実を通知するよう求める。重大な影響を及ぼすAIを導入する企業にはリスク評価を義務づける。AI生成コンテンツと人間が作ったコンテンツを見分けるための基準整備や、AIの安全対策に関する追加研究を政府に求める内容も盛り込まれている。 この法案や別の法案が議会を通過し、トランプが拒否権を行使せず成立に至るかは分からない。スーンは、トランプには公に示している姿勢よりもAIへの安全対策を受け入れる余地があるとみている。,[],[]
「UMAMI SAUCE」を全米で販売　元舞妓が挑む「食文化」の翻訳（Forbes JAPAN）,https://news.yahoo.co.jp/articles/5a586058552f0fbb5e787c470bdc101a98320c68,https://newsatcl-pctr.c.yimg.jp/t/amd-img/20260926-00104915-forbes-000-1-view.jpg?exp=10800,2026-09-26T12:30:00+09:00,2026-09-26T12:30:00+09:00,Forbes JAPAN,forbes,Forbes JAPAN,1025,山田 萌｜KIMONO MOM FOUNDER & CEO、動画クリエイター Forbes JAPAN 2026年11月号は、文化の力で世界を駆ける「カルチャープレナー」たちを特集。文化やクリエイティブ領域の活動によって新ビジネスを展開し、豊かな世界を実現しようと試みる文化起業家を30人選出する企画で、今回で4回目となる。今年注目したのは、優れた作品や商品を生み出すだけでなく、流通や人材育成、地域との関係まで含め、文化が続いていくための基盤をつくろうとする実践だ。アニメやゲーム、工芸、食、地域開発など領域を越えて、文化を次の創造へと循環させる挑戦を紹介する。 元舞妓で、「KIMONO MOM」として日本の家庭料理を世界に発信してきた山田萌。その味をどうビジネスへと変え、海外の日常に根付かせているのか。 米国の大手オーガニックスーパー「Whole Foods Market」など、全米約4000の小売店で販売されている「UMAMI SAUCE」。たまり醤油に昆布や椎茸のうま味を重ねた、めんつゆのように使える万能調味料だ。手がけるのは、着物に割烹着姿で日本の家庭料理を発信し、世界中に318万人のYouTube登録者をもつ「KIMONO MOM」こと山田萌だ。 京都に生まれ、16歳で舞妓の道へ。長女の出産後、「もう一度社会とつながりたい」と2020年からYouTube配信を始めた。「自分が輝ける場所を探したとき、舞妓時代のお客様からの『いちばん身近なローカルにあることこそがグローバルに続く道だ』という言葉を思い出しました。当時の私にとって身近な『赤ちゃんのお世話と家族のご飯』を海外に発信しようと考えたんです」。 意識したのは、日本文化を押し売りしないこと。着物姿ではあるが元舞妓とは名乗らず、紹介するのもすしや懐石ではなくオムライスやカツカレー。等身大の日本の食卓が支持され、約1年半で登録者数は100万人を超えた。「プロダクトを通じて世界の食卓に日本の味を届けたい」と、22年2月に飲食業経験のある夫とともに起業した。 日々1000件近く届くコメントから見えてきたのは、海外のファンが和食づくりに抱える悩みだ。「アルコール入りのみりんは宗教上使えない」「グルテンフリーの醤油がない」との声を受け、ビーガンや無添加に対応した“めんつゆのような万能調味料”の開発に着手。約3年の試行錯誤を経て、24年にUMAMI SAUCEを発売した。,[],[]
AI需要でマイクロン株が年初来260％超上昇、9月30日決算で問われる持続力（Forbes JAPAN）,https://news.yahoo.co.jp/articles/68d8d7b75e36d6125877be43d80ab4ea62b7b851,https://newsatcl-pctr.c.yimg.jp/t/amd-img/20260926-00105437-forbes-000-1-view.jpg?exp=10800,2026-09-26T12:00:00+09:00,2026-09-26T12:00:00+09:00,Forbes JAPAN,forbes,Forbes JAPAN,1289,Rafael Henrique - stock.adobe.com AI向けデータセンター投資の拡大を追い風に、米半導体大手マイクロンテクノロジー（ティッカー：MU）の株価は2026年に年初から260％超上昇した。広帯域幅メモリー（HBM）やDRAMの需要拡大、メモリー価格の上昇、好業績を背景に、ウォール街ではさらなる株価上昇を見込む声が多い。同社は米国時間9月30日（日本時間10月1日午前5時30分）に2026年度第4四半期決算を発表する予定で、高成長を維持できるかが改めて問われる。ただし、メモリー市場は好況と不況の振れが大きく、巨額の設備投資や競争激化、中国・台湾を巡る地政学も株価のリスクとなる。 ■AI需要で株価260％超、低いPERには期待と警戒が交錯 メモリー半導体を手がけるマイクロンの株価は2025年に245％上昇し、2026年も9月21日時点で年初から260％を超えて上昇した。同日時点の年初来トータルリターンが12.7％のS&P500や、年初来16％上昇したナスダック総合指数を大幅に上回る。 半導体業界には需要と供給によって業績が大きく変動する景気循環がある。それでも専門家がさらなる株価上昇の余地を見込む背景には、AI向けデータセンター建設への巨額投資がある。データセンターで使うメモリー半導体の需要が増え、価格を引き上げやすい状況となったことで、マイクロンの業績は市場予想を上回ってきた。 最大のリスクとして挙げられるのは、メモリー業界が過去に好況と不況を繰り返してきたことだ。過去2年間の株価上昇で投資家の期待は非常に高く、業績が予想を下回れば株価下落につながる可能性がある。現在の低い評価倍率は、将来の業績が期待に届かない可能性を市場が織り込んでいるとも考えられる。 直近12カ月の利益に基づく株価収益率（PER）は22.9倍で、予想1株利益155ドルに対する予想PERは6.9倍だ。大手半導体株の予想PER37.29倍を大幅に下回る。 メモリー株では業績のピーク付近でPERが低下する例があり、現在の低いPERにも景気循環への警戒が反映されている可能性がある。2018年5月にはマイクロンの予想PERが約4.5倍まで低下した後、7カ月で株価が約50％下落した。ただし、過去と同じ動きが繰り返されるとは限らない。 ●株価と主要指標 ストック・アナリシスによる9月21日朝時点のマイクロン株の概要は次の通りだ。 現在値：1041.20ドル 時価総額：1兆1700億ドル（約186兆300億円） 株価収益率（PER）：23.54倍 1株利益（EPS）：44.17ドル 52週レンジ：154.65～1255ドル 配当利回り：0.057％ 急激な株価上昇により、マイクロンの時価総額は1兆ドル（約159兆円）を超えた。それでもPERなどの評価倍率は半導体大手と比べて低い。売上高と利益が投資家の予想を上回るペースで伸び続けるかどうかが、今後の株価を左右する要因となる。市場予想を上回る業績や業績見通しの引き上げを維持できるかも、株価の反応を左右する。,[],[]
太陽、形成初期に「巨大地球型惑星を飲み込んだ」可能性（Forbes JAPAN）,https://news.yahoo.co.jp/articles/b0d0c4e0f79e9c30f04809f636e230f5648f1fb6,https://newsatcl-pctr.c.yimg.jp/t/amd-img/20260926-00105394-forbes-000-1-view.jpg?exp=10800,2026-09-26T11:30:00+09:00,2026-09-26T11:30:00+09:00,Forbes JAPAN,forbes,Forbes JAPAN,1125,"恒星が惑星を飲み込んでいる様子を描いた想像図。青線は惑星の軌跡で、惑星は恒星の方向に螺旋を描くように落ち込み、最終的に突入する（NASA, ESA, CSA, Ralf Crawford (STScI)） 太陽は、数十億年前に飲み込んだスーパーアース（大型の地球型惑星）の「痕跡」を内部に隠し持っている可能性があるとする研究結果が発表された。太陽系初期の歴史における謎の1つに挑んだ最新の研究成果だ。 【画像】太陽の内部構造 初期の太陽に地球の数倍の質量を持つ惑星が突入し、太陽の内部構造や化学組成を変化させた可能性があると、研究チームは示唆している。この変化の痕跡は、現在でも観測・特定できる可能性がある。 さらに今回の研究は、従来の太陽進化モデルと、リチウム存在量の非常に低い観測値との間の不一致を説明する助けになる可能性がある。研究結果をまとめた論文は、英国王立天文学会の学会誌Monthly Notices of the Royal Astronomical Societyに掲載された。 ■スーパーアースが初期太陽に落ち込んだ可能性 モデル計算の結果は、地球の約5～10倍の質量を持つ惑星を太陽が飲み込んだとする仮説を支持するものであり、この仮説上の失われた惑星は確かにスーパーアースのカテゴリーに当てはまる。このような惑星は、太陽の外層を通過する間に驚くほど少ない質量しか失わずに切り抜けられるため、惑星物質を太陽のより深部に浸透させることができた可能性があることを、研究チームは明らかにした。 論文の主執筆者で、トルコ・エーゲ大学教授のムトゥル・ユルディズは「地球の数倍の質量を持つ惑星が初期の太陽の中に落ち込み、その内部深くに長期間消えない化学的痕跡を残した可能性があることを、今回の最新研究は示唆している」として「惑星は、原始惑星系円盤のガスとは化学組成が異なる物質でできているため、初期太陽が惑星を飲み込んだことにより、化学的な痕跡が内部に残された可能性があるのではないかと考えたのだ」と説明している。 ■惑星を飲み込んだ証拠 太陽進化のモデル計算を行い、計算結果を太陽内部の精密な観測データと比較した結果、スーパーアースの飲み込みが、標準太陽モデルと観測結果との間にある既知の差異を説明する助けになる可能性があることを、研究チームは明らかにした。ユルディズは、モデルと観測の差異として「太陽の内部構造のわずかな違いやリチウム存在量の大幅な低下など」が挙げられるとして「惑星の飲み込みが太陽の構造に影響を及ぼす可能性があると考えていたが、計算結果がこのように特定のスーパーアースの質量範囲に収束したのは予想外だった」と述べている。",[],[]
生残率4%で事業化へ 女川町発トリガイ種苗生産で狙う世界市場と最上流｜女川町×チキンクラム×宮城県漁業協同組合（Forbes JAPAN）,https://news.yahoo.co.jp/articles/51650efc8de5f5894aeefca5a00bea226f4a871c,https://newsatcl-pctr.c.yimg.jp/t/amd-img/20260926-00104794-forbes-000-1-view.jpg?exp=10800,2026-09-26T11:30:00+09:00,2026-09-26T11:30:00+09:00,Forbes JAPAN,forbes,Forbes JAPAN,1560,（写真左から）鈴木涼太・長谷川翔亮・小山雄介 Forbes JAPAN 2026年11月号の第2特集は、日本発で世界を驚かす共創プロジェクトに光を当てる「Xtrepreneur AWARD 2026」。4回目の今回は応募要件から大企業の参画を外した。これまで以上に多彩な顔ぶれから、6つの共創プロジェクトを選出した。組織のレガシー（資産）をかけ合わせ、一社単独では生み出せない大きなインパクトを創出する共創物語に迫る。フードイノベーション賞を受賞したのは、宮城県女川町発で世界展開を狙うトリガイの種苗生産プロジェクトだ。 環境負荷の低い次世代タンパク源「トリガイ」の種苗生産に挑む。生残率4％という事業化ラインを見据えつつ、養殖サプライチェーンの最上流を押さえ、女川町発のグローバル展開を狙う。 江戸前寿司の高級ネタ「トリガイ」。年間漁獲量は推定約1000トンと希少で、天然資源への依存度が高い。通常数年かかる種苗生産を、宮城県女川町ではわずか1年で確立し、事業化への第一歩を踏み出した。 スタートアップ企業チキンクラム(社名はトリガイの英名に由来)の代表・長谷川翔亮は、大学時代に学んだ環境学の視点から二枚貝に着目。牛や豚など畜産に比べ、圧倒的に環境負荷の低いタンパク源とされ、なかでもトリガイは1年で育つほど成長が早い。このポテンシャルを見込み、女川町を選んで2024年初めから種苗生産を始めた。 女川町も近年の海水温上昇でホタテ・カキ・ホヤの生産量が落ち込み、水産業を支える新たな柱の模索が課題だった。女川町役場の鈴木涼太は「震災以降、野心的な方を受け入れ、一緒に考えてできることをやろうという機運があった」と語る。 海には「漁業権」という法的な壁があり、誰もが自由に養殖を始められるわけではない。宮城県漁業協同組合の小山雄介は「生産者側の理解と協力がなければ、養殖の場所すら決まらない」と打ち明ける。このハードルを打ち破ったのが町と漁協だ。設備貸与や研究場所の確保などの支援を受け、長谷川が種苗生産に専念し、生産者が海で育てる「二段構え」の体制を整えた。 長谷川は「試行回数の最大化」を重視し、スタッフと水槽数を増やして通年で人工授精実験を積み重ねている。 ■事業化ラインの生残率4％へ 水の変化で全滅するほど繊細な幼生に適した水質や餌の条件を見いだすことで、生残率は初成功時の0.1%未満から1％に向上した。「4％まで到達すれば、事業として成り立つ」と長谷川は目標を見据える。 25年は町内8カ所で約2000匹が飼育され水揚げ目安の殻長7〜8cm超の個体もある。26年は1万匹規模の生産を目指す。 種苗生産は養殖供給網の最上流を握る戦略的ポジションだ。ここを押さえれば、川下の養殖・加工・流通までを女川主導で組み立てられるうえ、緯度や水温帯が近い海外展開も視野に入る。日本産ホタテやカキが海外定着した前例があり、女川のノウハウもその可能性を秘める。 鈴木涼太◎宮城県女川町産業振興課参事兼水産係長。大学卒業後、1999年4月に出身地・宮城県へUターンし宮城県女川町役場に入庁。総務課、企画課などを経て、2021年4月に産業振興課に配属され、現職。（写真左） 長谷川翔亮◎チキンクラム代表、女川町地域おこし協力隊。千葉県出身。米国ブラウン大学卒業後、三菱商事、Uber Japan、米植物工場スタートアップのOishii Farmを経て、女川町に移住。2024年にチキンクラムを創業した。（写真中） 小山雄介◎宮城県漁業協同組合女川町支所課長。2004年4月に旧宮城県漁業協同組合連合会に採用。07年4月に広域合併した宮城県漁業協同組合の本所総務課・指導課を経て、25年4月より現職。（写真右） magazine,[],[]
日本のステーブルコイン「JPYC」、韓国上場直後に一時額面4倍超──法整備の遅れが浮き彫りに（Forbes JAPAN）,https://news.yahoo.co.jp/articles/a62c1ef85336c3b237cdbf4906e12895a598aa2c,https://newsatcl-pctr.c.yimg.jp/t/amd-img/20260926-00105495-forbes-000-1-view.jpg?exp=10800,2026-09-26T11:00:00+09:00,2026-09-26T11:00:00+09:00,Forbes JAPAN,forbes,Forbes JAPAN,1243,（C）JPYC 韓国では、ウォン建てステーブルコインを誰に発行させるか決まらず、銀行各社が準備を進めても法制度が追いついていない。こうした状況で、日本の円建てステーブルコイン「JPYC」が韓国の消費者市場へ先行した。韓国最大の暗号資産交換所アップビットへの上場直後には額面の4倍超まで急騰し、法整備の遅れに加えて、異常価格や海外への資金流出、資金洗浄対策といった課題も浮かび上がっている。 ■JPYCが韓国上場直後に額面4倍超、取引がアップビットへ集中 韓国時間2026年9月17日午後6時すぎ、韓国最大の暗号資産交換所アップビットは、日本円建てステーブルコイン「JPYC」のウォン建て取引を始めた。取引所に預け入れられたJPYCが不足しているとして、取引開始は2度延期されていた。JPYCは、資金移動業者として登録された東京のJPYC株式会社が発行している。保有者がJPYCを発行会社に戻すと、1JPYCにつき1円を受け取れる仕組みだ。 ウォン建て市場の初日の取引は12ウォンで始まり、一時37.6ウォンまで上昇。安値は8.92ウォン、終値は9.37ウォンだった。1円は約8.8ウォンに相当する。1JPYC＝1円を維持する設計にもかかわらず、韓国の投資家は一時、額面の4倍を超す価格でJPYCを買っていた。 ●JPYC取引が上場直後に集中、額面超のプレミアムは急速に縮小 最初の7時間だけで取引額は2427億ウォン（約291億円）に達した。暗号資産の価格や取引量データを提供するCoinMarketCap（コインマーケットキャップ）の集計では、9月21日朝までにアップビットが世界のJPYC現物取引の54.18％を占めていた。アップビットの親会社ドゥナムは価格へのコメントを控えた。 JPYC株式会社の岡部典孝代表取締役は9月18日、発行が急増して「在庫が一晩でなくなった」と記した。額面を上回る価格には「何もしない」とし、「1円での償還を続ける限り」価格は戻るとの見方を示した。上乗せ分は翌日までに急減し、JPYCの価格は数日後には9ウォン未満まで下がった。 ●韓国の暗号資産取引縮小がアップビットの新規上場を後押し アップビットには、新たな取引対象を増やす動機があった。韓国の暗号資産取引額は2026年上半期に前年同期比53.6％減の3721億ドル（約58兆7918億円）。ドゥナムの上半期売上高も49.1％減の4081億ウォン（約490億円）だった。 ドゥナムは2025年11月、企業価値15兆ウォン（約1兆8000億円）でネイバーフィナンシャルと株式交換による統合に合意したが、韓国公正取引委員会の審査が続く。韓国公正取引委員会の委員長は2026年9月21日、「市場支配的な事業者同士」の統合には「慎重な判断」が必要だと述べた。縮小する市場で60％超のシェアを握るアップビットにとって、新規上場は取引対象の拡大につながる。だが、JPYCの異常な価格上昇は問題の一部にすぎない。,[],[]
世界中で高まる「ゴールデンビザ」需要　欧州諸国は制度を厳格化（Forbes JAPAN）,https://news.yahoo.co.jp/articles/42ca3aeb8dd41b15ad481ce4a4d5b72449278ca1,https://newsatcl-pctr.c.yimg.jp/t/amd-img/20260926-00105504-forbes-000-1-view.jpg?exp=10800,2026-09-26T10:00:00+09:00,2026-09-26T10:00:00+09:00,Forbes JAPAN,forbes,Forbes JAPAN,1293,Adobe Stock 一定額以上の投資を行った外国人に居住権を与えるビザ（査証）制度である「ゴールデンビザ」が大きな注目を集めており、各国が次々と参入している。最近ではモーリシャスがゴールデンビザ制度を開始したほか、アルゼンチンで導入予定の新制度や、パラグアイの「投資家パス」にも大きな期待が寄せられている。特に同国は観光業が復興の途上にあり、15万ドル（約2400万円）以上の投資で即座に永住権を取得できる制度を設けている。レバノンも現在、ゴールデンビザ制度の導入を検討している。 他方で、規則やリスクが絶えず変化する中、ポルトガルの事例が示すように、ゴールデンビザ制度は手続きが複雑化し、魅力が低下しつつあるとも言えるだろう。一方で、海外への移住だけでなく、資産の分散や「第2の選択肢」として欧州に注目する米国人が増えているのも確かだ。 米紙ニューヨーク・タイムズによると、何らかの形のゴールデンビザ制度を設けている国は現在、30～35カ国に上り、さらに12カ国は、投資による国籍の取得が認められる「ゴールデンパスポート」制度を実施している。後者は特にパスポート（旅券）の取得に直結する。一方、前者は永住権の取得にとどまり、条件次第では国籍の取得につながることもある。 ■ゴールデンビザとゴールデンパスポート 投資移住に関する情報を提供するプラットフォーム「IMI」の創設者であるクリスチャン・ネスハイムは、外国に定住する過程は即座に完了するものではなく、段階的なものだと説明した。ネスハイムはこれを「定住権のピラミッド」と呼んでいる。この概念はゴールデンビザやゴールデンパスポートといった制度を理解する上で極めて明確な指針となる。このピラミッドは、移民や海外在住者が、一時滞在から始まり、永住権を経て国籍を取得し、最終的に超国家的な市民権に至るまでの階層構造を示している。ネスハイムのピラミッドは、投資による居住権や国籍の取得制度が上位段階に上る道を開くことを示している。 第1段階 就労ビザ、学生ビザ、デジタルノマドビザは、一時滞在に分類される。滞在許可は延長できるが、一定の条件が伴う。 第2段階 永住権は極めて安定した滞在の権利であるとともに、家族の呼び寄せが認められることもある。通常、選挙権などの政治的権利は付与されないが、居住の地位は確固たるものとなる。 第3段階 国籍を取得すると、政治的権利や無条件の居住権、外交的保護が与えられる。投資による国籍取得制度、いわゆるゴールデンパスポートを利用すれば、前述の2つの段階を経ることなく、即座にこの段階に到達することができる。 第4段階 超国家的市民権とは、ある国で認められているのと同じ権利を別の国でも享受できる地位を指す。現在、法的に真の意味でこの形態を取っているのは欧州連合（EU）の市民権のみだが、南米南部共同市場（メルコスル）、東カリブ諸国機構（OECS）、湾岸協力会議（GCC）など、類似した枠組みも存在する。EU市民は、就労、居住、教育を目的とした移動の自由など、27の加盟国全てで平等な権利を享受できる。,[],[]
デル株上昇、マイケル・デルが世界4位の富豪に返り咲き──資産は43.6兆円超へ（Forbes JAPAN）,https://news.yahoo.co.jp/articles/3a9ac44d5d199dc6b3f51360babd6a5e1161a485,https://newsatcl-pctr.c.yimg.jp/t/amd-img/20260926-00105500-forbes-000-1-view.jpg?exp=10800,2026-09-26T09:00:00+09:00,2026-09-26T09:00:00+09:00,Forbes JAPAN,forbes,Forbes JAPAN,1369,Jay Janner/The Austin American-Statesman via Getty Images デル・テクノロジーズ創業者のマイケル・デルが、フォーブスのリアルタイム世界長者番付で4位に返り咲いた。モルガン・スタンレーは、AIサーバーへの旺盛な需要と大量の受注残を理由に、デル・テクノロジーズへ強気の見方を示した。モルガン・スタンレーの評価を受け、デル・テクノロジーズ株は米国時間2026年9月25日に約6％上昇。デルはメタ（Meta）のマーク・ザッカーバーグとグーグル共同創業者のセルゲイ・ブリンを抜いた。 ■デルの資産は43兆円超、世界4位に返り咲く デルの推定資産額は9月25日の取引中に110億ドル（約1兆7380億円）超増え、2764億ドル（約43兆6712億円）に達した。この資産増により、デルは同番付で4位に戻った。 メタ株の下落で、ザッカーバーグの資産は同日約90億ドル（約1兆4220億円）減少した。推定資産額は2572億ドル（約40兆6376億円）となり、順位もデルとブリンを下回る6位へ後退した。米東部時間午後1時30分時点では、デルと3位ラリー・ペイジの資産差は約60億ドル（約9480億円）まで縮まっていた。ペイジの推定資産額は2820億ドル（約44兆5560億円）だった。 同日の取引で、デル・テクノロジーズ株は6％超上昇して570.72ドルとなった。メタ株は対照的に約4％下落し、748.90ドルとなった。 ■AIサーバー需要と受注残がデル株の上昇を支える デル・テクノロジーズ株は、経営幹部による株式売却を受けて一時下落したものの、その後は投資家の買いが戻って上昇した。背景にあるのが、大量に積み上がったAIサーバーの受注残と、同社ハードウェアへの需要拡大に対する期待だ。 モルガン・スタンレーは9月25日、AIサーバー関連インフラへの需要が増えていると指摘した。さらに、デル株が強気シナリオの目標株価756ドルに達する可能性も高まったとの見方を示した。こうした評価が投資家心理を改善し、株価上昇を後押しした。 ●9月には一時世界2位、資産は年初から約94％増 デルが同番付で記録した過去最高順位は2位で、9月上旬に初めて到達した。2026年1月に約1410億ドル（約22兆2780億円）と推定されていた資産額は、それ以降約94％増加している。 ■過去最高売上高7.4兆円、AIサーバー受注残は15兆円超 デル・テクノロジーズは直近の決算で、過去最高となる470億ドル（約7兆4260億円）の売上高を計上した。このうちAIサーバー事業の売上高は164億ドル（約2兆5912億円）を占める。企業からの需要がかつてない規模に拡大し、AIサーバーの受注残は950億ドル（約15兆100億円）に達した。同社株も年初の約128ドルから345％上昇している。 デルはデル・テクノロジーズ株の約40％を保有する。さらに、資産の多くを自身の非公開投資会社DFOマネジメントに置いており、同社を通じてホテルや流動性の高い企業向けクレジット資産に投資している。AI向けハードウェア需要の拡大で恩恵を受けるブロードコム株も、数十億ドル（数千億円）規模で保有する。 Mary Whitfill Roeloffs,[],[]
AI投資の採算懸念でメタ株反落、ザッカーバーグの資産は1日で1.4兆円減少（Forbes JAPAN）,https://news.yahoo.co.jp/articles/453296e1e72ef2da197874732420da765d940125,https://newsatcl-pctr.c.yimg.jp/t/amd-img/20260926-00105501-forbes-000-1-view.jpg?exp=10800,2026-09-26T08:00:00+09:00,2026-09-26T08:00:00+09:00,Forbes JAPAN,forbes,Forbes JAPAN,1423,Robert - stock.adobe.com 米国時間2026年9月25日、メタ（Meta）株が約4％下落し、マーク・ザッカーバーグの推定純資産は1日で89億ドル（約1兆4062億円）減少した。株価は24日に4.5％上昇していたが、ゴールドマン・サックスがAI向け設備投資の採算性に懸念を示したことで反落した。 ■メタ株約4％下落、ザッカーバーグ資産は約1.4兆円減 9月25日午後2時30分時点で、ザッカーバーグの推定純資産は89億ドル（約1兆4062億円）減り、2575億ドル（約40兆6850億円）となった。ザッカーバーグはメタ株の約13％を保有しており、同社株は約4％下落して749.26ドルとなった。 株価下落に伴い、ザッカーバーグは24日の終値時点の世界4位から6位に後退した。推定純資産2599億ドル（約41兆642億円）のセルゲイ・ブリン、2759億ドル（約43兆5922億円）のマイケル・デルを下回った。ザッカーバーグの1日当たりの資産減少額は約90億ドル（約1兆4220億円）で、25日にフォーブスのリアルタイム世界長者番付に掲載された富豪の中で最も大きかった。2番目はラリー・エリソンの16億ドル（約2528億円）減だった。 ■AI投資の回収に年47.4兆円、十分な利益には158兆円 ゴールドマン・サックスは25日、メタなどAI向け計算資源に巨額投資する大手企業について、設備投資を回収するにはAIサービスから年間約3000億ドル（約47兆4000億円）の売上高が必要だと指摘した。十分な利益を得るには年間1兆ドル（約158兆円）が必要になるとの見方も示した。巨額のAI投資に見合う収益を確保できるのかという懸念が強まり、メタ株の売りにつながった。 ■ミューズ人気で9月は36％高、時価総額316兆円に接近 25日の反落まで、メタ株は9月に大きく上昇していた。個人向けAIアシスタント「Muse（ミューズ）」の公開後、月間上昇率は約36％に達した。ミューズはアップルとグーグルのアプリストアでChatGPTを抜き、首位に立った。 アシンメトリック・キャピタル・パートナーズの共同創業者兼マネージングパートナー、ロブ・ビーダーマンは「AIエージェントが多くの人にとってインターネットの入り口になるのは自然な流れで、勢力図はメタに有利になる」と述べた。センサータワーによると、ミューズのダウンロード数は公開から2週間で280万件に達した。 メタの時価総額は24日、2兆ドル（約316兆円）まで1％未満に迫った。2兆ドルに到達すれば、アップル、マイクロソフト、エヌビディア、アルファベットなどに続き、時価総額2兆ドルを記録した少数のテクノロジー大手に加わる。ただ、ゴールドマン・サックスは25日の報告書で、大手企業によるAIインフラ投資が極めて大規模になっているとして注意を促した。対象としてメタのほか、マイクロソフト、アルファベット、アマゾン、オラクルを名指しした。 ■デルは1.58兆円超増、世界長者番付4位へ 同じ25日、マイケル・デルの純資産は100億ドル（約1兆5800億円）超増加した。デルはフォーブスのリアルタイム世界長者番付に掲載された富豪の中で、同日の資産増加額が最も大きかった。ザッカーバーグとグーグル共同創業者のセルゲイ・ブリンを抜き、世界4位に浮上した。 Mary Whitfill Roeloffs,[],[]
先導するドローンに追従して後続機が連続攻撃、「リーダー・フォロワー」方式をウクライナが導入か（Forbes JAPAN）,https://news.yahoo.co.jp/articles/e34aac32240584144fee324b7cd72008af9f630a,https://newsatcl-pctr.c.yimg.jp/t/amd-img/20260926-00105502-forbes-000-1-view.jpg?exp=10800,2026-09-26T07:00:00+09:00,2026-09-26T07:00:00+09:00,Forbes JAPAN,forbes,Forbes JAPAN,1199,ウクライナのFPV攻撃ドローンがロシア軍の2S43マルバ自走榴弾砲に向かっていく様子を、後続する別のFPVドローンが撮影した画像。Xで2026年9月3日ごろに共有された動画から 新たな動画から、ウクライナがFPV（一人称視点）攻撃ドローンの威力を高めるため、AI（人工知能）を活用した新しいタイプの誘導方式を使い始めた可能性が浮上している。「リーダー・フォロワー（先導・追従）」と呼ばれる方式で、1人の操縦士が複数のドローンを目標に誘導し、同じ箇所に立て続けに命中させることができる。 【画像】ウクライナがFPV（一人称視点）攻撃ドローンの威力を高めるため、AI（人工知能）を活用した新しいタイプの誘導方式を使い始めた可能性が浮上している ウクライナはドローンを大量に生産しており、2026年は年間700万機という途方もない数を目標に掲げている。一方でドローン操縦士の数には限りがあるため、ドローンを迅速に目標に投入していくことは課題になり得る。リーダー・フォロワー方式はその解決策のひとつになるものだ。操縦士はFPVドローンを1機ずつ送り込む単発攻撃ではなく、ガトリング砲の連射さながらに、複数機を短い間隔で次々に飛来させる連続攻撃で目標をたたける。 ■先導・追従ドローンによる連続攻撃の映像 ソーシャルメディアで9月2日に共有された動画には、ウクライナ東部ドネツク州のポクロウシク方面で、FPVドローン3機がロシア兵1人を襲撃する様子が映っている。よく見ると、画面左側から2機が目標に接近していたところに、右側から1機が高速で突っ込んできて、先に攻撃している。興味深いのは、左側から接近していたドローンの2機目が、前を飛ぶドローンとまったく同じ経路を、同じ高度と速度でたどっているように見えることだ。1機目の6mほど後方を飛んでいたようだ。 9月3日に共有された別の動画には、ウクライナ陸軍第22独立機械化旅団のFPVドローンが、ウクライナとの国境近くのロシア西部ベルゴロド州内で、ロシア軍の火砲を撃破した様子がまとめられている。攻撃されたのは、全長13m、全幅3m弱の8輪駆動トラックに榴弾砲を搭載した2S43マルバ自走榴弾砲だった。動画にはFPVドローン7機が順にマルバを攻撃する様子が映っており、最後は、炎上して煙を上げる残骸の周囲を8機目が旋回しながら撮影した映像で締めくくられている。 興味深いのは、ドローンが短い間隔で次々と命中していく最初の数機の攻撃だ。とくに0:06～0:07あたりでは、1機のFPVドローンが、すぐ前を飛ぶドローンを追うように飛行しているのが確認できる。そのあとは、各ドローンが個々に、ゆっくりと目標へ接近しており、なかには人間が歩くほどの低速で向かっているものもある。ドローン操縦士たちは弾薬格納部や運転室の位置を見定め、しまいには車両を完全に破壊している。,[],[]
