headline,mainEntityOfPage,image,datePublished,dateModified,author,media_en,media_jp,str_count,body,images,external_links
イスラエル軍がシリア南部を攻撃　少なくとも13人死亡、25人負傷（毎日新聞）,https://news.yahoo.co.jp/articles/7ff79377dbfa23b59d09e386e83052fa8408593c,https://newsatcl-pctr.c.yimg.jp/t/amd-img/20251128-00000097-mai-000-1-view.jpg?exp=10800,2025-11-28T22:50:35+09:00,2025-11-28T22:50:35+09:00,毎日新聞,mai,毎日新聞,476,"イスラエル軍の攻撃を受けて治療を受ける人＝シリア南部で2025年11月28日、ロイター
イスラエル軍は28日、隣国シリア南部の武装組織がイスラエルの民間人への「テロ攻撃」を計画していたとして、軍事作戦を実施したと発表した。中東の衛星テレビ「アルジャジーラ」によると、軍の空爆などで女性や子どもを含む少なくとも13人が死亡、25人が負傷した。
【写真】アサド政権が崩壊したシリア　怒りや悲しみを抱えて
昨年12月のアサド政権崩壊以降、イスラエルは軍をシリア南部に駐留させているが、多数の死傷者を出す軍事作戦は異例だ。

　イスラエル軍によると、武装組織から銃撃を受けて、イスラエル兵6人も負傷した。このうち3人が重傷だという。軍は武装組織が計画していたとする「テロ攻撃」の詳細は明らかにしていない。シリア外務省はイスラエルの攻撃を「戦争犯罪だ」と非難した。

　イスラエルは、シリアの過激派組織に武器が渡ることの防止や少数民族の保護を名目に、シリア領土内で空爆を繰り返している。今年7月には首都ダマスカスの国防省本部などを空爆した。【エルサレム松岡大地】",[],[]
武蔵高校中学切りつけ、過去にトラブル確認されず　「ケア進める」（毎日新聞）,https://news.yahoo.co.jp/articles/83715fc2afb8d8e9e9d69129f394433e42cf3e28,https://newsatcl-pctr.c.yimg.jp/t/amd-img/20251128-00000096-mai-000-1-view.jpg?exp=10800,2025-11-28T22:49:08+09:00,2025-11-28T22:49:08+09:00,毎日新聞,mai,毎日新聞,516,"切り付け事件があった武蔵高校中学校＝東京都練馬区豊玉上1で2025年11月28日午後4時17分、朝比奈由佳撮影
28日正午ごろ、東京都練馬区豊玉上1の武蔵高校中学校で、「生徒がカッターで切られた。友人同士のトラブルだと思う」と教職員から119番があった。警視庁練馬署や学校によると、中学1年の男子生徒（13）が、教室内で同じクラスの男子生徒（13）の首に小型のカッターナイフで切り付けた。切られた生徒は軽傷という。
【写真でみる】切りつけ事件があった武蔵高校中学
事件があったのは英語の個別テスト中で、2人は待機のため控え場所になっている教室にいた。ほかにも30人以上の生徒がいたが、教員はいなかった。2人は何らかの理由で口論になり、一方がカッターナイフを取り出したとみられる。傷は首の左側の1カ所で、全治1週間程度だった。

　学校では杉山剛士校長らが28日夜に記者会見を開き、「捜査への協力と生徒へのケアを進める。再発防止に努めたい」と説明。過去に2人の間にトラブルは確認されていないと述べた。

　武蔵高校中学校は1922（大正11）年創立の中高一貫校で、難関とされる都内私立男子校「御三家」の一つ。【朝比奈由佳、松本ゆう雅】",[],[]
琵琶湖の水位、－63センチまで低下　滋賀県の調整会議が初会合（毎日新聞）,https://news.yahoo.co.jp/articles/f19312012e491e9ab079616ea4124ea233c882c6,https://newsatcl-pctr.c.yimg.jp/t/amd-img/20251128-00000095-mai-000-2-view.jpg?exp=10800,2025-11-28T22:17:56+09:00,2025-11-29T01:21:05+09:00,毎日新聞,mai,毎日新聞,410,"琵琶湖。手前は大津市街地＝本社ヘリから
琵琶湖の水位が28日午前6時、マイナス63センチまで低下し、今後更に下がる恐れがあるとして滋賀県は同日、県水位低下連絡調整会議（議長、伊吹信人・土木交通部長）を設置し、初会議を開いた。

　県によると、この3カ月の降雨量は9月94ミリ（平年194ミリ）、10月181ミリ（同140ミリ）、11月55ミリ（同98ミリ）。水位のマイナス63センチは平年（マイナス40センチ）より23センチ低い状態で、今後しばらくまとまった降雨が見込めないという。水位低下による大きな被害は出ていないとされるが、伊吹部長は「水位低下について総合的、一元的に把握、調整し、水の大切さを県民に呼び掛けるように」と出席職員に指示した。

　県は25日、国に淀川水系のダム群を統合管理して琵琶湖の水位低下を抑制するよう求めている。琵琶湖の観測史上最低水位は1994年9月15日のマイナス123センチ。【北出昭】",[],[]
維新衆院議員ら、政治資金を靖国などに支出　専門家「不適切」　兵庫（毎日新聞）,https://news.yahoo.co.jp/articles/b014c1dbda2eb6a57bd99fcd5aea078d4b2dd233,https://newsatcl-pctr.c.yimg.jp/t/amd-img/20251128-00000094-mai-000-1-view.jpg?exp=10800,2025-11-28T22:12:23+09:00,2025-11-28T22:12:23+09:00,毎日新聞,mai,毎日新聞,629,"兵庫県
兵庫県内の日本維新の会の現職と前職の衆院議員2人の後援会が、政治資金の政治活動費として選挙区外の神社に初穂料や年会費を支出していたことが、県選挙管理委員会が28日に公表した2024年の政治資金収支報告書で分かった。専門家は政教分離の観点から不適切だと指摘している。

　昨秋の衆院選兵庫11区（姫路市の一部）から立候補して落選した維新前職の住吉寛紀氏の後援会は23年6月と24年4月、政治活動費として靖国神社（東京）への初穂料計3万2000円を支出していた。

　同兵庫12区（たつの市など）で立候補し、21年衆院選から2回連続で比例近畿ブロックで復活当選している池畑浩太朗氏は24年9月、政治活動費として姫路護国神社（姫路市）に年会費2万円を支出していた。

　両氏とも支出先は選挙区外で、公職選挙法には抵触しない。だが、政治資金の問題に詳しい神戸学院大の上脇博之教授（憲法学）は、両氏の後援会が、政党交付金を受け取っている日本維新の会国会議員団などから寄付を受けていることを重視。「議員を通じて公金が入っている政治団体が宗教活動の費用を肩代わりするのは不適切」と指摘する。

　一方、住吉氏は「後援会が政党交付金を直接もらっているわけでないので大丈夫と思っていた。報告書の訂正を検討したい」と話している。池畑氏の事務所は「党本部に確認したが『問題ない』ということだった。年会費は毎年支払っており、24年のみ報告書に計上した」としている。【稲生陽】",[],[]
＜デフリンピック＞デフテニス・ダブルス金　菰方里菜選手「感謝の気持ちでいっぱい」（毎日新聞）,https://news.yahoo.co.jp/articles/cc3bfc964905163bceb014058ec545345de21eec,https://newsatcl-pctr.c.yimg.jp/t/amd-img/20251128-00000093-mai-000-1-view.jpg?exp=10800,2025-11-28T21:40:07+09:00,2025-11-28T21:40:07+09:00,毎日新聞,mai,毎日新聞,791,"メダル獲得会見に臨んだ菰方里菜選手＝京都市中京区で2025年11月28日午後2時27分、日高沙妃撮影
15～26日に開催された東京2025デフリンピックのテニス競技で、女子ダブルス金メダル、女子シングルス銅メダルを獲得した菰方里菜選手（23）＝島津製作所＝が28日、京都市内で報告会見を開いた。二つのメダルを手にした菰方選手は「メダルが取れてうれしかった。感謝の気持ちでいっぱい」と喜びを語った。

　頂点に立ったダブルスは、「1回戦からハイレベルな選手との対決となり、集中力を高めるきっかけにつながった」と振り返った。日本チーム同士となった決勝をストレートで制した。混合ダブルスでも8強入りを果たした。

　今大会で「一番印象に残っている」と話すのは、シングルスの準決勝。タイブレークに及ぶ激闘の末、決勝の舞台にあと一歩届かなかった。

　シングルスは全豪オープンで2連覇を果たし、今大会は世界女王として臨んだ。ただ自身のプレーは研究され、「今までにない緊張とプレッシャーがあった。ずっと追われる立場で、怖い部分もあった」という。敗れた準決勝は「こんなに競ったことがなくて、焦った」。悔しさはあるが「負けた方が課題は見つかりやすい。敗戦はプラスに捉えている」とも語った。

　初めてのデフリンピック出場で、会場には多くの友人や知人が応援に駆けつけてくれた。「他の大会とはかける思いが違い、特別な大会と実感した。実際に試合を見てもらうことで（競技に対する）感じ方も変わると思う。その点でもうれしかった」と笑顔を浮かべた。

　大会期間中には、デフスポーツの認知度が上がっていることも感じたが「大会が終わってから大事。『障害がある人もスポーツに参加できる』と伝える場を大切にしたい」と話し、「4年後のリベンジにつなげられるよう、切り替えて頑張っていきたい」と活躍を誓った。【日高沙妃】",[],[]
証券口座乗っ取り、多数のグループがスキーム模倣か　被害拡大の背景（毎日新聞）,https://news.yahoo.co.jp/articles/492580c1d56ceed478aee5c9fab5b491b35b6e4d,https://newsatcl-pctr.c.yimg.jp/t/amd-img/20251128-00000092-mai-000-1-view.jpg?exp=10800,2025-11-28T21:21:45+09:00,2025-11-28T21:21:45+09:00,毎日新聞,mai,毎日新聞,794,"パトカーの赤色灯＝曽根田和久撮影
国内の証券大手で顧客口座が次々と乗っ取られる事案が続く中、警察は、乗っ取られた口座を株の「相場操縦」に使ったとして初めて容疑者の逮捕にこぎ着けた。ただ今回の容疑者が使ったとされる手口は「難しいものじゃない」（捜査関係者）といい、多数の犯罪グループが模倣を重ねることで、被害が拡大したとみられる。
【図で見る】25年1月～10月の不正取引の推移
「大規模犯罪組織によるものというより、いろんな集団が同じスキームを使ってバラバラにやったのだろう」。サイバー捜査の関係者は、一連の証券口座乗っ取り事件の背景をそう推察する。比較的簡単な手口が多数の犯罪グループ間で共有され、一気に広まった可能性があるという指摘だ。

　情報セキュリティー大手「トレンドマイクロ」によると、乗っ取りの多くは、メールで誘導した偽のウェブサイトにIDやパスワードを入力させて盗む「フィッシング」による可能性が高い。今回の事件でも、口座を乗っ取られた10人の一部は、フィッシング被害に心当たりがあったという。

　メールや偽サイトは近年、生成AI（人工知能）により、巧妙かつ簡単に作れるようになった。ある捜査関係者は「手法として難しくなく、海外でも既に起きていた犯罪。日本では比較的セキュリティーの甘い証券会社が狙われたということだろう」と話す。

　今回逮捕された中国籍の男性2人は、不正アクセスして口座を乗っ取ったとされる。その後、勝手に名義人が所有する有価証券を売ったり、口座にひも付けられた銀行口座から入金したりして1億円超を用意し、株を買い付けるための資金にしたとみられる。

　そのうえで、乗っ取った口座を使って株の売買を繰り返し、株価を不正につり上げていた。被害口座には、買い付けた後で値下がりした株が残され、今回は10口座で計1100万円の損失が生じたという。【菅野蘭】",[],[]
「傍観者のような判決」　同性カップル落胆　東京高裁の合憲判断（毎日新聞）,https://news.yahoo.co.jp/articles/6e1d558ac3ade5371e070472bbb1f1085f124536,https://newsatcl-pctr.c.yimg.jp/t/amd-img/20251128-00000091-mai-000-2-view.jpg?exp=10800,2025-11-28T21:14:47+09:00,2025-11-28T22:48:32+09:00,毎日新聞,mai,毎日新聞,1099,"東京高裁の合憲判決を受けて取材に応じる原告ら＝東京都千代田区で2025年11月28日午前11時49分、内藤絵美撮影
同性婚訴訟の控訴審で初めて「合憲」判断を示した28日の東京高裁判決は、国会の立法裁量を重視し、現行制度を合理的とする国の主張を追認した。
【図解】「事実婚」「法律婚」「パートナーシップ」の違いは?
国会が同性婚の法制化に動くことは見込めないとして、原告の同性カップルたちは司法による救済を求めてきた。しかし、問題から目を背けたような判断に落胆が広がった。

　原告の河智志乃さん（53）と鳩貝啓美さん（60）のカップルは、東京高裁の法廷で東亜由美裁判長が読み上げる「合憲」の理由を聴いた。傍観者のような判決だ――。国会の裁量や司法の限界を強調する内容に怒りを感じずにはいられなかった。

　河智さんは子どもの頃から同性の女性が好きだった。18歳の頃、初めて女性と交際したが、誰にも言えなかった。デート中は友達のふりをして距離を取った。自宅の固定電話での長電話を親から注意されれば「友達から悩み相談を受けている」とごまかした。

　親に初めてカミングアウトしたのは、鳩貝さんと18年前に交際を始めてからのことだ。「次の世代には、自分を偽り、隠れながら生きてほしくない」。2人はそう決意し、他の同性カップルら6人と2021年3月に提訴した。明確な違憲判決を得て、国会を動かすことが狙いだった。

　同性愛者への理解は社会で広がっているとは感じているが、今もネガティブな印象をもたれかねないとの懸念を抱えている。訴訟では、異性婚夫婦のような相続ができないといった不利益の実態を訴えてきた。しかし、24年3月の1審・東京地裁判決は一部「違憲状態」の判断にとどまった。

　その後、各地の高裁判決はいずれも「違憲」と言い切り、国会に対して明確な「ノー」を突きつけた。東京高裁には最高裁の統一判断に向けて弾みになるような判断を願ったが、待っていたのは、あまりに冷淡な内容だった。

　判決後の記者会見で原告側弁護団の沢崎敦一弁護士は「私たちは同性カップルが婚姻制度から排除されていることが不合理だと主張しているのに、判決は現行制度が合理的だとした。排除されていることの不合理性は検討していない」と批判した。

　鳩貝さんは「婚姻という（異性カップルと同じ）平等の扉を開けてほしいと訴えてきたが、扉は開かなかった。司法が逃げたとしか思えない」と話した。それでも「このまま黙ってはいられない。当事者として声を上げ続け、ここをバネに最高裁に向かっていきたい」と決意を語った。【安元久美子、安達恒太郎】",[],[]
「沖縄の財産」辺野古の海に土砂　生態系の破壊に抗議の座り込み（毎日新聞）,https://news.yahoo.co.jp/articles/b63f998ebc6dc08a9c05bbb7417a898a0da94211,https://newsatcl-pctr.c.yimg.jp/t/amd-img/20251128-00000090-mai-000-1-view.jpg?exp=10800,2025-11-28T20:55:22+09:00,2025-11-28T20:55:22+09:00,毎日新聞,mai,毎日新聞,1261,"埋め立て工事が始まった米軍キャンプ・シュワブ（右）東側の大浦湾＝沖縄県名護市で2025年11月28日午後3時半、本社機「希望」から幾島健太郎撮影
多くの沖縄県民の反対を押し切り、政府が「美（ちゅ）ら海」を埋め立て始めて7年。米軍普天間飛行場（沖縄県宜野湾市）の名護市辺野古移設計画で、政府は28日、米軍キャンプ・シュワブ南側の海域に続き、東側の大浦湾にも土砂を投入した。「負担軽減」の名の下、多様な生物が生息する世界有数のサンゴ礁の海は、じわじわと削り取られようとしている。
【写真で見る】辺野古移設　大浦湾側の埋め立て工事
軟弱地盤の改良工事に当たる巨大な作業船が何隻も浮かぶ大浦湾。28日午後3時過ぎ、曇り空の下を報道機関の航空機やヘリコプターが旋回する中、護岸で囲われた海域にトラックから土砂が流し込まれた。この日の埋め立て工事は短時間で終了したとみられる。

　大浦湾では起伏に富んだ海底の地形や、周囲の川から運ばれた栄養豊富な泥の堆積（たいせき）によって、多様な生態系が形成されている。沖縄県によると、防衛省沖縄防衛局の環境影響評価では、辺野古と大浦湾周辺の海域で絶滅危惧種262種を含む5300種以上の生物が確認された。

　「沖縄の財産である大浦湾の貴重な環境が、埋め立てによって破壊されることは許しがたい」。移設計画への抗議活動を長年続けてきた名護市議の大城敬人（よしたみ）さん（85）はこの日も正午前に約10人の市民らとキャンプ・シュワブのゲート前で座り込んだ。県警機動隊員が大城さんらを強制的に排除すると、列を作って待っていたトラックが基地内に次々とコンクリートなどを運び込んだ。

　2018年12月にシュワブ南側の海域で埋め立て工事が始まって約7年。着々と進められる工事に、大城さんは「湯水のように使われている予算は、生活に苦しんでいる人たちのために使うべきだ」と憤る。

　大浦湾でも埋め立て工事が始まったものの、並行して進む軟弱地盤の改良工事は難航も予想される。名護市の中村吉且（よしかつ）さん（73）は東京に住んでいた15年から抗議活動に参加し、5年ほど前に名護市に移住した。「今日埋め立てが始まったのは軟弱地盤がない場所だが、軟弱地盤の改良工事の方はいつ終わるかわからない」とし、「辺野古移設とは切り離し、普天間飛行場の返還を進めるべきではないか」と話した。

　一方、防衛省幹部は「護岸で囲ったところがあるので埋め立てていく。工程表に沿って粛々と進めていくだけだ」と話す。木原稔官房長官は28日午後の記者会見で「普天間飛行場の一日も早い全面返還を実現し、基地負担の軽減を図るため、全力で取り組む」と強調。地盤改良のためのくい打ち作業は夏以降、中断し、総事業費の膨張も指摘されるが、「現時点で事業全体に遅れは生じていない。経費の概略については、工事の進捗（しんちょく）等を踏まえつつ検討する必要があることから、現時点では具体的に見直す段階にはない」と述べた。【喜屋武真之介、竹内望、畠山嵩】",[],[]
立憲・野田氏　衆院与党過半数「絶望的は言い過ぎ」　法案巡る質問に（毎日新聞）,https://news.yahoo.co.jp/articles/8871eaffb88f5c10d099479407044b5c6efeb2e1,https://newsatcl-pctr.c.yimg.jp/t/amd-img/20251128-00000089-mai-000-1-view.jpg?exp=10800,2025-11-28T20:43:39+09:00,2025-11-28T20:43:39+09:00,毎日新聞,mai,毎日新聞,389,"記者会見で質問に答える立憲民主党の野田佳彦代表＝衆院第2議員会館で2025年11月28日午後2時14分、平田明浩撮影
立憲民主党の野田佳彦代表は28日の記者会見で、衆院会派「改革の会」の斉木武志氏ら3氏が自民会派に合流し、衆院で与党が過半数に達したことについて「（与野党が）拮抗（きっこう）している状況なので政権運営として、緊張感は同じではないのか」と述べた。

　3氏の合流により、衆院定数465に対し、自民と日本維新の会の与党会派の合計が過半数の233に達したが、「誰かが体調を悪くすると分からなくなる状況だ」と強調。記者から「野党が法案を通すには絶望的な状況」と指摘されると、「絶望的までは言い過ぎじゃないか」と反論。委員会構成によっては、野党側の法案を委員会で可決しうる状況で、本会議でも通過する可能性があるとして「これくらいの差では諦められない」と主張した。【富美月】",[],[]
「何も情報がない」家族と連絡取れず…にじむ焦りと疲れ　香港火災（毎日新聞）,https://news.yahoo.co.jp/articles/aabaa5437d5a767991eb1ab4afde1132d06a37fc,https://newsatcl-pctr.c.yimg.jp/t/amd-img/20251128-00000088-mai-000-1-view.jpg?exp=10800,2025-11-28T20:40:03+09:00,2025-11-28T20:40:03+09:00,毎日新聞,mai,毎日新聞,744,"高層住宅での火災で、家族が取り残されていると嘆く男性＝香港で2025年11月26日、ロイター
香港北部・新界地区の大埔の高層住宅で起きた大規模火災で、住民と連絡が取れない家族らが焦りを募らせている。発火から48時間以上が経過した28日夕時点でも200人以上の安否がわからない状況で、精神的な疲れに悩む人もいる。
【写真でみる】消火活動続くも、煙と炎が上がる高層マンション
火災が起きた高層住宅そばにある集会所では、家族や知人を捜す市民が、死亡した人の写真を見て本人かどうかを確認する作業が行われている。28日午後も、政府職員らに付き添われた市民が中に入る姿があった。

　香港メディアによると、仕切りの付いた20ほどのブースに家族ごとに入り、行方不明者の性別に従って分類された写真を確認。遺体発見時の状況や部屋の場所などの情報と合わせて、照合を進めるという。ショックを受けて精神的に不安定になる場合に備えて、心理学の専門家も待機する。

　父親を捜しに訪れた中年男性は報道陣の問いかけに対し、「何も情報がない。早く見つかってほしい」とだけ答えた。

　香港紙・明報（電子版）によると、住宅の9階に住んでいた99歳の母親を捜す女性は火災発生当日の26日に母親に避難するよう電話したが、同居する親族が出て「すごい煙だ」とだけ聞こえて電話が切れた。集会所には母親の遺体とみられる写真はなかったという。

　高層住宅そばの広場には、心理士の団体がブースを出して、家族を捜す市民や避難者らのカウンセリングにあたっている。心理士のジャック・イエンさんは「いらいらで眠れないと打ち明ける人は多い。遺体が長い間見つからず心理的に不安定になることを想定して、孤立を防ぐ必要がある」と話した。【香港・林哲平】",[],[]
旧統一教会の名称変更の経緯　主要部分の不開示を取り消し　大阪地裁（毎日新聞）,https://news.yahoo.co.jp/articles/992b76cc8af2691d1dbf41b2722819e4674ea689,https://newsatcl-pctr.c.yimg.jp/t/amd-img/20251128-00000087-mai-000-1-view.jpg?exp=10800,2025-11-28T20:39:52+09:00,2025-11-28T20:39:52+09:00,毎日新聞,mai,毎日新聞,738,"世界平和統一家庭連合（旧統一教会）の名称変更を巡る文書を開示するよう求めた訴訟の判決を前に大阪地裁に入庁する上脇博之・神戸学院大教授（中央）と弁護団＝大阪市で2025年11月28日午後1時、岩崎歩撮影
世界平和統一家庭連合（旧統一教会）の名称変更の経緯を記した文書を巡り、大学教授が国の不開示決定を取り消すよう求めた訴訟の判決で、大阪地裁は28日、主要部分の不開示を取り消した。横田典子裁判長は不開示文書には開示できる部分が含まれているとし「（開示できる部分、できない部分の）区別が困難で、全部が違法」と述べた。
【写真】旧統一教会解散命令、政界工作の「闇」未解明　野党「終わりでない」
教団は2015年、文化庁に名称変更を申請して認められた。文化庁は当初は拒否していたとされるが、詳しい経緯は分かっていない。大学教授が関連文書の開示を求めたところ、国側が大半を不開示としたため、適否が訴訟で争われた。

　判決は、行政が保有する宗教団体の情報開示に当たっては、宗教団体の自由な意思決定が害されないかを考慮する必要があるとした。その上で、名称変更の「動機」が記載された文書については「第三者が宗教団体の意思決定の過程に干渉することになる」として国の不開示は妥当とした。

　一方、開示請求の中核だった、名称変更を認めるに至った国内部の協議・検討状況をまとめた文書についても検討。これらの文書には裁判記録といった公に明らかになっている情報が含まれていることを挙げ、「情報を区分すれば不開示情報かどうか評価が異なる可能性がある。全てが不開示情報とは認められない」と判断し、不開示は違法と結論付けた。不開示文書に開示できる部分がないか精査するよう国側に迫ったと言えそうだ。【岩崎歩】",[],[]
死者への中傷、異例の起訴　「判例を作る覚悟」　立花被告の認識が鍵（毎日新聞）,https://news.yahoo.co.jp/articles/385fd747e288a7dde215c80718e27fadf819e769,https://newsatcl-pctr.c.yimg.jp/t/amd-img/20251128-00000086-mai-000-1-view.jpg?exp=10800,2025-11-28T20:24:37+09:00,2025-11-28T20:24:37+09:00,毎日新聞,mai,毎日新聞,973,"兵庫県警本部から送検される立花孝志容疑者（中央）＝神戸市中央区で2025年11月10日午前9時43分、大西岳彦撮影
死亡した元兵庫県議を中傷したとして、神戸地検は28日、政治団体「NHKから国民を守る党」党首の立花孝志容疑者（58）を名誉毀損（きそん）の罪で起訴した。元県議が亡くなった後に繰り返したとされる立花被告の発言も、地検は中傷に当たると判断した。
【表】元県議に対する立花氏の発言と経緯
元兵庫県議の竹内英明さん（当時50歳）は生前だけでなく、死後も立花被告に「兵庫県警に逮捕される予定だった」などと発信されていた。死者への名誉毀損罪を争う刑事裁判は異例だが、捜査を進めてきた検察や警察は立証に自信をみせる。

　名誉毀損罪の法定刑は3年以下の拘禁刑か50万円以下の罰金。生前の人と死者に対しては、成立の要件が異なる。

　生きている人に対しては発信内容が事実か虚偽かにかかわらず、相手の社会的評価を損ねたと判断されれば適用される。ただ、発信に公共性や公益性があり、結果的に虚偽だった場合でも、真実と信じるに足りる相当な理由（真実相当性）があれば罰せられない。

　一方で死者に対しては内容が虚偽で、発信者も虚偽だと分かって発信した場合に限って罰せられる。専門家によると、歴史上の人物への批評まで処罰されないようにするためといい、発信者の認識が問われることから立証のハードルが高い。

　ただ、県警は竹内さんから任意で事情聴取を行った事実はなく、逮捕予定もなかった。発信内容の真偽を自ら判断でき、被告がうそと認識していたとみている。地検も同様の見方を示している模様で、捜査関係者は「死者への名誉毀損の判例を作る覚悟で捜査してきた」と語る。

　立花被告は逮捕前、自身の発信は名誉毀損に当たらないと主張していた。しかし被告の弁護士によると、竹内さんの生前に発信した内容については真実相当性を争わない方針に転換。死後の発信を虚偽と認識していたかは明らかにしていない。

　この方針変更は、早期の保釈実現や、別事件で確定した執行猶予（2027年3月まで）の取り消しを避けるためとの見方もある。

　被告側は竹内さんの妻に示談を申し込んだが、妻は拒否して厳罰を求めている。実際に被告が公判でどのような主張をするかは見通せていない。【木山友里亜】",[],[]
香港火災　死者128人、200人安否不明　出火43時間でほぼ鎮火（毎日新聞）,https://news.yahoo.co.jp/articles/eaaed4962e1f545ca6033043795a5f07a2104073,https://newsatcl-pctr.c.yimg.jp/t/amd-img/20251128-00000085-mai-000-1-view.jpg?exp=10800,2025-11-28T20:20:33+09:00,2025-11-28T20:20:33+09:00,毎日新聞,mai,毎日新聞,457,"大規模火災で焼け残った高層マンション群＝香港・大埔で2025年11月28日、AP
香港北部・新界地区の大埔の高層住宅群で発生した大規模火災で、消防当局は28日夕、死者は消防士1人を含め128人、けが人は79人になったと明らかにした。128人のうち身元が確認されたのは39人で、約200人が安否不明だという。火災は28日午前10時過ぎ、26日午後の出火から約43時間でほぼ鎮火した。
【写真でみる】消火活動続くも、煙と炎が上がる高層マンション
火災は住宅群の改修工事で、燃えやすい発泡材などの資材が使われていたことが広範囲の延焼につながったとの指摘がある。当局は初歩的な判断として、作業員のための安全ネットに最初に火が付き、それが発泡材、さらには竹製の足場へと燃え広がったことで、複数の高層住宅が急速に炎に包まれたとみている。

　消防当局は今後、火災が急速に広まった理由のほか、人的被害が甚大になった原因などについて本格的に調査する。香港当局は改修工事を巡る不正の有無についても捜査をはじめている。【香港・林哲平】",[],[]
「口座乗っ取り」　対策追われる証券会社　いたちごっこ抜け出せず（毎日新聞）,https://news.yahoo.co.jp/articles/ceae4057d878887a87dc17d86db0923187585934,https://newsatcl-pctr.c.yimg.jp/t/amd-img/20251128-00000084-mai-000-2-view.jpg?exp=10800,2025-11-28T20:19:10+09:00,2025-11-28T20:43:39+09:00,毎日新聞,mai,毎日新聞,1022,"証券口座乗っ取りの被害の推移（2025年）
楽天証券は28日、「容疑者逮捕は事件解決への大きな一歩だが、サイバー犯罪の手法は日々進化している。被害が続く可能性もあり、セキュリティー強化を続けたい」とコメントした。
【図で見る】25年1月～10月の不正取引の推移
「証券口座乗っ取り」による不正取引でこれまでに被害を公表している証券会社は18社に上る。被害の多い野村、SBI、楽天の大手3社では、顧客への補償費用として計100億円超を計上する異例の事態だ。

　被害は4月にピークに達した後、証券各社がログイン時にIDとパスワード以外の複数の認証方法を組み合わせる「多要素認証」の必須化を進めるなどセキュリティーを強化した6月ごろから大幅に減少した。

　しかし、その後も中堅証券などに波及したり、新たな不正アクセスの手法が確認されたりしたことで継続した。特に、「リアルタイムフィッシング」と呼ばれる手口が手ごわい。偽メールで誘導した不正サイトで顧客のIDなどを盗むのに加え、ショートメッセージサービス（SMS）などで本人に届く追加の認証コードなども即座に偽サイトに入力させて認証を突破するもので、被害が確認された。

　対策として、日本証券業協会などは、より安全度の高い指紋などを用いた「生体認証」の導入を要請。野村証券が29日から生体認証を原則必須化するなど大手証券は積極的に導入を図っているが、会社によって対策の進捗（しんちょく）には濃淡があるのが現実だ。

　被害が広がった背景には、証券業界の対応が後手に回ったこともある。従来、証券口座から直接資金が盗み出されるケースを念頭に対策を進めており、今回のように不正アクセスで株価操縦されることを想定していなかったからだ。日本証券業協会の日比野隆司会長は10月の記者会見で「資金流出には対策を講じていたが、一般的には想定できない手口だった」と釈明した。

　対策はいたちごっこの様相だ。サイバーセキュリティーに詳しいSBテクノロジーの辻伸弘氏は「彼らがIDを盗み取った具体的な手法が分からないと効果的な対策は打ちづらい」と指摘する。背景にあるのは犯罪組織の国際的な分業化だ。IDをだまし取った組織と今回の容疑者の組織が別だった場合、犯罪手法がパッケージとして確立している可能性があるからだ。金融庁も「証券会社やその利用者は引き続き口座乗っ取りへの警戒が必要だ」としている。【秋丸生帆、福富智】",[],[]
買取店で暴発した拳銃、実は…売却前に署に相談　愛媛県警が見落とし（毎日新聞）,https://news.yahoo.co.jp/articles/0da6ccf5ca566ac97a32110d2b55cd5966d1ecee,https://newsatcl-pctr.c.yimg.jp/t/amd-img/20251128-00000083-mai-000-2-view.jpg?exp=10800,2025-11-28T20:00:33+09:00,2025-11-28T20:29:03+09:00,毎日新聞,mai,毎日新聞,859,"愛媛県警本部＝愛媛県松山市の愛媛県警本部で2019年2月25日、中川祐一撮影
松山市内の買い取り専門店で5月、客から遺品のモデルガンとして買い取った自動式拳銃のようなものが暴発した事件で、愛媛県警は28日、生前に拳銃4丁と実弾6発を所持したとして、同市の80代男性を銃刀法違反の疑いで容疑者死亡のまま書類送検したと発表した。県警は、客はこの男性の遺族で、専門店へ持ち込む前に県警松山南署に持参して処理方法を相談していたが、対応に当たった署員が鑑定や動作確認をせずに「（拳銃ではなく）モデルガンで問題ない」と判断し、客がそのまま持ち帰っていたことも明らかにした。

　送検容疑では、男性は今年5月中旬、自宅で自動式拳銃など計4丁と実弾6発を所持したとしている。

　県警によると、暴発事件は5月27日午後5時ごろに店内で発生。従業員が買い取った複数のモデルガンを整理中、自動式拳銃のようなもの1丁が暴発し、銃弾1発が店内の仕切りを貫通した。けが人はなかった。専門店は同21日、客から「遺品整理中に見つかった」という模造刀1本のほか、「モデルガン」として拳銃のようなものやライフル銃のようなもの計15丁を買い取っていた。県警はその後、店に持ち込まれたものを押収して鑑定した結果、一部の拳銃に発射能力があったという。

　県警によると、専門店に持ち込んだのは、書類送検された男性の遺族で、事前に拳銃など十数丁を同署へ持参して処理方法などを相談していた。この際、対応に当たった当直中の署員1人が、持ち込まれたものの中に拳銃がないと判断。遺族がそのまま持ち帰り、4日後に専門店へ持ち込んだ。署員は「（持ち込まれたものが）モデルガンで問題ない」と上司に口頭で報告していた。

　県警では、拳銃などが持ち込まれた際、本物かどうか判別できない場合は回収して鑑定に回す運用にしているが、署員は独断で判断し、本来は必要な書類の記録も残していなかったという。県警は「今後より一層、職員に対する指導教養を徹底する」とコメントした。【広瀬晃子】",[],[]
10月の台風被害　東京・八丈町と青ケ島村で全壊19件、半壊64件（毎日新聞）,https://news.yahoo.co.jp/articles/d36275b465b9db5eadbedbc9162d95ace6ebf9ad,https://newsatcl-pctr.c.yimg.jp/t/amd-img/20251128-00000082-mai-000-2-view.jpg?exp=10800,2025-11-28T19:55:21+09:00,2025-11-28T20:41:31+09:00,毎日新聞,mai,毎日新聞,408,"台風22号の影響で東京都八丈町末吉の道路に流れ出した土砂と大木＝浅沼碧海さん提供
東京都災害即応対策本部は28日、八丈町と青ケ島村で大きな被害が出た10月の台風22、23号で、八丈町で住宅の全壊19件、半壊64件、青ケ島村では半壊2件（27日時点）になったと発表した。今回の災害対応を振り返り、今後の対策の方向性を出して、同本部を同日付で廃止した。

　同本部によると、ライフラインは八丈町の街灯や廃棄物処分場などの電力を除いて復旧。応急復旧対策について「人命確保を第一に速やかに対応できた」とした一方で、「物資・機材の輸送や情報共有に時間を要する部分もあった」と課題も挙げた。

　また、本格復旧・復興に向けては、観光や産業の活性化、防災対策強化などに取り組み、「より魅力と活気あふれる島へと進化」していくと明記した。

　一方、政府は28日、両町村を「局地激甚災害（局激）」に指定すると閣議決定した。【柳澤一男】",[],[]
「婚姻制度設計、国会に裁量」　同性婚訴訟、2審で初の「合憲」判断（毎日新聞）,https://news.yahoo.co.jp/articles/b89fe3aef1b3f417a785dab5ec72b6fe5d27a546,https://newsatcl-pctr.c.yimg.jp/t/amd-img/20251128-00000081-mai-000-3-view.jpg?exp=10800,2025-11-28T19:40:57+09:00,2025-11-28T22:50:20+09:00,毎日新聞,mai,毎日新聞,950,"東京高裁の合憲判決を受けて取材に応じる原告ら＝東京都千代田区で2025年11月28日午前11時49分、内藤絵美撮影
同性同士の婚姻を認めていない現行の民法や戸籍法の規定が憲法に反するかが争われた訴訟の控訴審判決で、東京高裁は28日、「合憲」と判断した。全国5地裁に6件起こされた同種訴訟で、高裁での「合憲」は初めて。これまで2審は「違憲」が5件続いていたが、最後に判断が分かれた。国の賠償責任は6件いずれも否定した。最高裁が今後、統一判断を示す見通し。
【図解】「事実婚」「法律婚」「パートナーシップ」の違いは?
東亜由美裁判長は、婚姻制度をどう設計するかは一次的に国会に裁量が委ねられていることから、「同性婚を認めない法制度が憲法に違反するとまで断じられない」とした。ただし、現在の状況が続けば違憲の問題が生じることは避けられないとも言及した。

　訴訟は札幌、東京（2件）、名古屋、大阪、福岡の各地裁に起こされ、1審段階でも「違憲」2件▽「違憲状態」3件▽「合憲」1件――と判断が分かれていた。現行制度が法の下の平等を定めた憲法14条、婚姻の自由を保障する24条1項、個人の尊厳と両性の平等に基づいた家族法の制定を求める24条2項に違反するかが主な争点だった。

　28日の東京高裁判決は、性的指向などに従った法制度上の取り扱いを受けることは重要な法的利益だが、同性カップルは十分に尊重されているとはいえない状況にあると指摘。ただし、現行の婚姻制度に同性同士を含めるかは、その他の夫婦や親子関係の法制度との整合性や妥当性の検討を国会がすることが不可欠だとした。

　その上で、夫婦とその子どもを一つの家族として設計された現行の婚姻制度は現在も合理性があると判断。同性愛者に対する理解が社会的に広まっている状況を考慮しても、婚姻を異性愛者に限った現行の法制度はいずれの憲法の条文にも反しないと結論付けた。【安元久美子】

　◇東京高裁判決　骨子

・同性カップルの法的利益は十分に尊重されているとはいえないが、婚姻制度の設計は一次的に国会に裁量がある

・現在の状況が続けば、違憲の問題が生じることは避けられないが、まずは国会内で審議が尽くされるべきだ

・同性婚を認めない民法や戸籍法の規定は合憲",[],[]
介護負担「2割」対象拡大なら「負担増は月7000円まで」　厚労省検討（毎日新聞）,https://news.yahoo.co.jp/articles/0299d3fc4f1dbd199fec47b627921b542f729a5c,https://newsatcl-pctr.c.yimg.jp/t/amd-img/20251128-00000080-mai-000-1-view.jpg?exp=10800,2025-11-28T19:39:54+09:00,2025-11-28T19:39:54+09:00,毎日新聞,mai,毎日新聞,589,"厚生労働省が入る中央合同庁舎第５号館＝東京・霞が関で、竹内紀臣撮影
厚生労働省は、介護保険サービス利用時に2割負担となる人の対象を拡大した場合、新たに負担が増える人に配慮するため、当面は負担増加額の上限を設ける検討に入った。上限額は、月7000円とする方向だ。
【図解】過去に実施された社会保障制度の見直し
現行の介護保険サービス利用時の自己負担は原則1割。所得に応じて負担割合が引き上げられ、単身の場合、年収280万円以上が2割、年収340万円以上が3割になる。厚労省は現在、2割負担の対象拡大の議論を、社会保障審議会介護保険部会で進めている。

　厚労省の試算によると、新たに2割負担の対象となる人は、1割負担の場合と比べて負担が最大月2万2000円増える。家計への影響が大きく配慮する必要があるとして、上限をその約3分の1にあたる7000円までに抑え、負担を軽減したい考えだ。

　新たに2割負担となる人への配慮では、預貯金などが一定額未満の人は利用者の申請により1割負担のままにする案も検討されている。厚労省はこの「一定額」について、「単身500万円、夫婦2人世帯1500万円」など複数のパターンを想定し、議論を進める方針だ。

　介護保険サービス2割負担の対象拡大はこれまでも議論されてきたが、高齢者の負担増につながることから、結論は先送りにされてきた。【寺原多恵子】",[],[]
アイヌ遺骨5体、英自然史博物館から返還へ　幕末に盗掘で持ち去りか（毎日新聞）,https://news.yahoo.co.jp/articles/ea1ff048f473943b9d5b29752e4f7b7f92a4b3ba,https://newsatcl-pctr.c.yimg.jp/t/amd-img/20251128-00000079-mai-000-1-view.jpg?exp=10800,2025-11-28T19:32:27+09:00,2025-11-28T19:32:27+09:00,毎日新聞,mai,毎日新聞,971,"盗掘事件で頭骨を持ち去られ、その後「返還」された13人のアイヌの墓。建立時の資金は英国側から受け取った賠償金が充てられた＝北海道八雲町で2019年11月3日、三股智子撮影
黄川田仁志アイヌ施策担当相は28日、英ロンドンの自然史博物館が保管するアイヌ民族の遺骨5体が日本に返還されると発表した。2026年度の受け取りに向けて英側と協議する。このうち4体は、幕末に英国領事館員による盗掘によって持ち去られた遺骨とみられ、約160年ぶりに返還されることになった。
【写真でみる】アイヌ民族の遺骨が安置されている慰霊施設
返還が決まった遺骨のうち、収集された地域がわかっている4体については、引き取りを希望するアイヌ関係団体からの申請を12月1日から半年間受け付ける。申請がない場合、北海道白老町の国立施設「民族共生象徴空間（ウポポイ）」にある慰霊施設で保管されるという。

　内閣官房アイヌ総合政策室によると、遺骨のうち3体は1865年に道南部の落部（おとしべ）村（現八雲町）で、1体は森村（現森町）で収集された。英自然史博物館には翌66年に、当時の英国の箱館（現在の函館）領事ハワード・バイスと商人アルフレッド・ハウエルから寄贈を受けた記録があるという。もう1体の遺骨は収集地域が不明で、1900年に「アイヌ」の遺骨として寄贈された記録が残されていたという。

　1865年の箱館では、英国領事館員らによるアイヌ墓地の盗掘が発覚し、外交問題に発展した歴史がある。館員らは近郊の森村で4人、落部村で13人の墓を暴いて頭骨などを持ち去ったとされ、アイヌ側が箱館奉行所に訴えた。その後、バイス領事が解任されるなど関係者が処罰され、賠償金も支払われた。

　盗まれた17人のものとされる「遺骨」も返還され、墓が建てられたが、当時から真偽が疑われていたという。アイヌ総合政策室は今回返還される4体について「盗掘事件との関連はわからない」としている。

　研究目的で収集された先住民の遺骨について、保管する博物館や大学から返還される動きは世界で広がっている。海外に保管されているアイヌ遺骨をめぐっては、外交ルートで交渉が行われており、2017年にドイツ、23年にオーストラリアから返還され、24年5月には英エディンバラ大から3体が返還されている。【三股智子】",[],[]
静岡パルコ、27年1月末で閉店へ　競合店の開業・改装で業績伸び悩み（毎日新聞）,https://news.yahoo.co.jp/articles/5a11907a080374f27ce7493186af8e8071df3711,https://newsatcl-pctr.c.yimg.jp/t/amd-img/20251128-00000078-mai-000-1-view.jpg?exp=10800,2025-11-28T19:22:55+09:00,2025-11-28T19:22:55+09:00,毎日新聞,mai,毎日新聞,658,"閉店が発表された「静岡パルコ」＝静岡市葵区で2025年11月28日午後3時14分、丹野恒一撮影
百貨店の大丸や松坂屋を運営するJ・フロントリテイリング（本社・東京）は28日、子会社のパルコ（同）が運営する「静岡パルコ」（静岡市葵区）を2027年1月末で閉店すると発表した。07年の開店以来、中心市街地で若年層を中心に親しまれてきたが、競合店の開業・リニューアルなどで業績が伸び悩んでいることから閉店を決めたとしている。

　葵区内でパルコの溝口岳取締役らが記者会見して明らかにした。静岡パルコには「無印良品」や「ロフト」など現在96店が入居しており、24年度のテナント総売り上げは約81億円。10年度の約109億円をピークに減少を続け、新型コロナ禍後も感染拡大前の19年度実績（約98億円）に戻せていない。

　同店は地上8階、地下1階で店舗面積は約3万1000平方メートル。静岡パルコ自体もビルに賃貸入居しており、「閉店後については全く分からない」（溝口取締役）という。

　パルコは渋谷パルコを旗艦店に全国展開しているが、「津田沼」（千葉県船橋市）▽「新所沢」（埼玉県所沢市）▽「松本」（長野県松本市）の各店舗が23年から毎年閉店し、現在は15店舗。静岡店の売り上げは15店中14位。

　この日、放課後に同店を訪れ、アニメグッズなどの買い物を楽しんだという高校2年の女子生徒2人は「若い子が好きな商品がそろい、いつもにぎわっていたのでびっくり」「卒業前に閉店してしまうのはショックだ」と話していた。【丹野恒一】",[],[]
警察を呼ぶふりで園児脅す　保育士を戒告処分　千葉・旭市（毎日新聞）,https://news.yahoo.co.jp/articles/e97a46f9e4c0c9f558a9f6dda811bab99ca60f50,https://newsatcl-pctr.c.yimg.jp/t/amd-img/20251128-00000077-mai-000-1-view.jpg?exp=10800,2025-11-28T19:09:48+09:00,2025-11-28T19:09:48+09:00,毎日新聞,mai,毎日新聞,366,"千葉県旭市
千葉県旭市は28日、園児に擦り傷を負わせたほか、警察を呼ぶふりをして園児を脅したなどとして、市立中央第三保育所の60代の女性保育士を戒告の懲戒処分にした。市は「市民の皆様に対し信頼を損なう行為であり深くおわびします」としている。

　市によると、保育士は6月12日、保育所内でおもちゃの取り合いをしていた2歳児クラスの男児を注意する際、男児の服をつかんで胸に擦り傷を負わせたほか、自身のスマートフォンを持って「警察ですか。すぐ来てください」などと話し、警察を呼ぶふりをして脅したとされる。

　市は管理監督者として保育所長と担当課長にも厳重注意した。保育士はこの男児にけがをさせた傷害容疑で7月9日に県警に逮捕されたが、千葉地検八日市場支部は7月28日、「事件に関する事情を考慮した」として不起訴処分にした。【近藤卓資】",[],[]
「規模ありき」「積極財政に理解」　補正予算案に野党の反応分かれる（毎日新聞）,https://news.yahoo.co.jp/articles/fb0c5b4ad276bc2897492b8adb8535a98a9f1a1b,https://newsatcl-pctr.c.yimg.jp/t/amd-img/20251128-00000076-mai-000-2-view.jpg?exp=10800,2025-11-28T19:04:58+09:00,2025-11-28T19:42:22+09:00,毎日新聞,mai,毎日新聞,796,"記者会見で質問に答える立憲民主党の野田佳彦代表＝衆院第2議員会館で2025年11月28日午後2時14分、平田明浩撮影
政府が28日に閣議決定した2025年度補正予算案は、一般会計の歳出が前年度を4・4兆円上回る18・3兆円に上った。立憲民主党からは「規模ありき」との批判が上がる一方、国民民主党は高市早苗首相が推進する積極財政方針を支持するなど、野党の反応は分かれた。
【写真で振り返る】日本経済　バブルの始まりと終わり
立憲の野田佳彦代表は記者会見で「これまで言われていたよりもさらに規模が大きくなった。国債の発行も11兆円を超える」と指摘。「緊要性の観点から補正に入れてはおかしいものも相当含まれている。厳しくチェックしてきたい」と述べた。

　中でも「おこめ券は効果があるのか」と疑問視。医療機関への支援や介護士の待遇改善など、立憲が主張している内容も含まれていると認めつつ、「ストレートに賛成なのかというと別だ」と語った。

　共産党の山添拓政策委員長も「肝心の暮らしを支えるための消費税減税、賃上げの実効的な対策がない。今後の論戦の中で問うていくことになる」と国会で追及する姿勢を示した。

　一方、国民民主の榛葉賀津也幹事長は「我々は積極財政を理解している」と、予算規模には一定の評価を示した。所得税がかかり始める「年収の壁」の引き上げで自公と合意していることを踏まえ、「約束をしっかり果たしてもらい、まずは日本経済を元気にすることに尽きる」と強調。「我々の考えも示しながら中身を詰めていきたい」と与党との協議で政策実現を迫る姿勢を示した。

　28日にはガソリン暫定税率の廃止法が成立。野田氏は「野党が結束して主張し与党と協議して、こうした結果を迎えたことは一つの成果だ」と歓迎。榛葉氏も「感無量だ。結党以来、この問題に食らいついて成就した」と振り返った。【富美月、安部志帆子】",[],[]
「16年はあっという間」広島・湯崎知事退任　核抑止論への批判も（毎日新聞）,https://news.yahoo.co.jp/articles/93bd5a74ec72623dbfcabdffab3e63f76eeef506,https://newsatcl-pctr.c.yimg.jp/t/amd-img/20251128-00000075-mai-000-2-view.jpg?exp=10800,2025-11-28T19:02:57+09:00,2025-11-28T20:46:08+09:00,毎日新聞,mai,毎日新聞,880,"職員から花束を受け取る湯崎英彦知事＝広島県庁で2025年11月28日午後4時2分、川原聖史撮影
広島県の湯崎英彦知事（60）が28日、4期16年の任期を終えた。退任の記者会見では「広島県は大きな底力を持っている。その力を引き出すために汗をかいてきた」と振り返り、「広島県は元気になった」と晴れやかな表情で語った。
【写真でみる】湯崎知事の県政運営
湯崎知事はこの日、公用車を使わず歩いて登庁した。午後には県議会の中本隆志議長や各会派の控室を訪ね、4期にわたった県政運営をねぎらわれた。

　最後の記者会見で湯崎知事は「16年は長かったし、短くも感じた。あっという間だった」と感慨を口にした。

　重い決断を迫られたのは新型コロナウイルス禍の時期。「人の命がかかっているし、他方で飲食店などにかかわる人の生活もある。慎重でも迅速に取り組まなければならなかった」と回想した。

　「後継」を強調して当選した元副知事の横田美香氏は12月1日に初登庁する。この日は2人が引き継ぎ書に署名した。湯崎知事は「新しい横田さんなりの政策に取り組んでほしい。実りある広島新時代を実現できるよう頑張ってほしい」とエールを送った。

　午後4時過ぎから退任セレモニーがあり、県庁本館正面玄関前に職員や県議ら約600人が集まった。花束を受け取った湯崎知事は「新しい時代が明日から始まります。皆さんも存分に県政に取り組み、良い広島県をつくっていただきたい」と語り、拍手を浴びながら公用車に乗り込んで県庁に別れを告げた。

　湯崎知事は2009年の就任以降、「身近な県政を作りたい」と発信に力を入れ、全国の知事で初めて育休を取得し、自虐的観光キャンペーン「おしい！広島県」など注目を集めた取り組みも。8月6日の平和記念式典では知事あいさつで核抑止論への批判を続け、今夏は「国守りて山河なし」など印象的な言葉を盛り込み話題を集めた。

　一方で21年の災害復旧工事に関する公文書偽造や、22年には自身が起用した教育長（当時）下での官製談合など、県政の信頼を揺るがす問題もあった。【川原聖史】",[],[]
前国家公安委員長　パチンコ会社からの寄付は「職務関連ではない」（毎日新聞）,https://news.yahoo.co.jp/articles/1aa58a75724a3541a9b9811a3e870f9c8909e1fc,https://newsatcl-pctr.c.yimg.jp/t/amd-img/20251128-00000074-mai-000-1-view.jpg?exp=10800,2025-11-28T18:58:11+09:00,2025-11-28T18:58:11+09:00,毎日新聞,mai,毎日新聞,361,"記者会見する坂井学・国家公安委員長（当時）＝東京都千代田区で2025年9月4日午前、山崎征克撮影
自民党の坂井学・前国家公安委員長（衆院神奈川5区）が代表を務める政党支部が、公安委員長在任期間に、パチンコ店を運営する2社から寄付を受けるなどした問題について、坂井氏の事務所は28日、毎日新聞に「大臣就任前から定期的に寄付をいただき、職務に関連した寄付ではない」と文書で回答した。
【写真】参院選に出馬するパチンコ業界候補を特集した自民党広報誌
文書では「寄付に関しては法律に基づいて公明正大に行わなければならないと思っており、今後も疑惑を招くことのないよう精いっぱい努めたい」としている。大臣規範は、関係業者から接待や贈り物を受けるなどして「国民の疑惑を招くような行為をしてはならない」と定めている。【蓬田正志、矢野大輝】",[],[]
エネ庁にフュージョンエネルギー室　核融合のスタートアップ研究支援（毎日新聞）,https://news.yahoo.co.jp/articles/8419fd17ec09b337aecfb79ef90e618475864dae,https://newsatcl-pctr.c.yimg.jp/t/amd-img/20251128-00000073-mai-000-1-view.jpg?exp=10800,2025-11-28T18:54:36+09:00,2025-11-28T18:54:36+09:00,毎日新聞,mai,毎日新聞,391,"経済産業省本館＝東京都千代田区霞が関1で2019年2月2日、本橋和夫撮影
経済産業省資源エネルギー庁は28日付で、フュージョンエネルギー室を設置した。政府が同日閣議決定した2025年度補正予算案で、3年間で計600億円の関連予算がエネ庁に配分されることになった。要素技術開発は内閣府と文部科学省が担っていたが、政府は30年代の発電実証を目指しており、エネ庁は核融合分野のスタートアップの研究開発などを支援する。

　核融合は、高市早苗政権の看板政策「危機管理投資」を進める半導体など17の戦略分野の一つ。経済安全保障上の重要度が高い技術「国家戦略技術」にも指定される。

　ただ、日本の核融合技術開発は1950年代後半に始まり、88年には米国や欧州などと連携して「ITER計画」を始動させたが、社会実装には至っていない。エネ庁や電力業界にも実現性を疑問視する声は根強い。【中島昭浩】",[],[]
都が新生児に3万円分支援へ　「赤ちゃんファースト＋」事業を発表（毎日新聞）,https://news.yahoo.co.jp/articles/f2b0a80bc98adfb6834e3de119b4b9ca99df1d0c,https://newsatcl-pctr.c.yimg.jp/t/amd-img/default.jpg?exp=10800,2025-11-28T18:53:38+09:00,2025-11-28T18:53:38+09:00,毎日新聞,mai,毎日新聞,530,"出産後の家庭の経済負担軽減を図るため、都は2026年1月～27年3月、新生児1人あたり3万円分を支援する「赤ちゃんファースト＋（プラス）」事業を新たに実施すると発表した。事業費24億円を補正予算案に計上する見通し。

　都によると、対象期間に生まれた子どもの保護者に支給する。所得制限は設けない方針で、国の自治体向け交付金などを活用するという。

　都はこれまで新生児に対し、10万円相当の育児用品や子育て支援サービスなどを選べるギフトカードを贈る「赤ちゃんファーストギフト」事業を展開。同事業に3万円分を追加する。約10万7000人分の利用を見込む。

　1～6月の都の出生数が前年同期比で0・3％増加し、10年ぶりにプラスに転じたことについて、小池百合子知事は28日の定例記者会見で「都民が希望する子育てや出産などに結びついてきている」と述べた上で「さらに（出生数の増加を）後押ししていければ」と述べた。

　また、都は保育園や児童養護施設など中小事業者向けの支援を実施。補正予算案に178億円を計上するとしている。

　都はすでに公表している644億円に今回の追加分を踏まえ、計1726億円の補正予算案を12月開会の都議会に提出する。【遠藤龍、加藤昌平】",[],[]
SAPIXテスト問題をフリマサイトで販売疑い　女性書類送検　千葉（毎日新聞）,https://news.yahoo.co.jp/articles/5939636649b88d042f947fb40b09f88613339f23,https://newsatcl-pctr.c.yimg.jp/t/amd-img/20251128-00000071-mai-000-1-view.jpg?exp=10800,2025-11-28T18:51:12+09:00,2025-11-28T18:51:12+09:00,毎日新聞,mai,毎日新聞,609,"千葉県警本部＝近森歌音撮影
進学塾「SAPIX（サピックス）」のテストの問題用紙などを盗んで販売したとして、千葉県警松戸署は28日、東京都葛飾区の契約社員の女性（64）を窃盗と著作権法違反の疑いで千葉地検松戸支部に書類送検した。署によると「売ったお金を生活費の足しにしたかった」と容疑を認めている。

　書類送検容疑は2023年7月22日～24年4月14日、松戸市の「SAPIX小学部」松戸校などで、入塾希望者が受験する「入室テスト」の問題や解答などの一式13セットを8回にわたって盗み、フリマサイトアプリで計2万7300円で販売してSAPIX運営会社の著作権を侵害したとしている。

　松戸署によると、24年5月に「問題が流出し、フリマサイトアプリで販売されている」と関係者から相談があった。女性は入室テストの試験官としてアルバイトをしており、余った問題用紙などを盗んだとみられる。

　SAPIX小学部の担当者は取材に、「教材を転売したり他人に供与したりすることは厳重にお断りしている。社内で監視体制を強化しており、出品された場合は、可能な限り法的対応をしていく」と話した。

　入室テストはほぼ毎月実施されており、結果次第で入塾後のクラスが決まるため、関心を持つ入塾希望者や保護者もいる。20年にも警視庁がSAPIXのテスト問題を無断で複製・販売したとして、都内の男女を著作権法違反容疑で書類送検した。【林帆南】",[],[]
若手指導者育成「甲子園塾」開催　U18日本代表監督ら経験語る（毎日新聞）,https://news.yahoo.co.jp/articles/da2f2cd84d8b4fc09ae2b1fdc07efdd04eb77ce0,https://newsatcl-pctr.c.yimg.jp/t/amd-img/20251128-00000070-mai-000-1-view.jpg?exp=10800,2025-11-28T18:44:30+09:00,2025-11-28T18:44:30+09:00,毎日新聞,mai,毎日新聞,563,"甲子園塾で講義する宮崎商の橋口光朗監督（右奥）＝大阪市西区で2025年11月28日、長宗拓弥撮影
日本高校野球連盟が2008年度から若手指導者育成のために実施している「甲子園塾」（塾長＝正木陽・日本高野連技術・振興委員会委員長）が28日、大阪市の中沢佐伯記念野球会館で始まった。教員資格を取得して10年未満の監督ら33人が全国から参加した。

　講師の一人、宮崎商の橋口光朗監督は、部員が新型コロナウイルスに感染して初戦を辞退した21年夏の甲子園大会の体験を語った。一人一人に電話で伝え、選手が号泣したエピソードなどに触れつつ「これまでは勝ちたい思いが先行し、一方的な指導になっていた。答えを伝えるのじゃなく、選手の話を聞くようになった」として、日ごろからの対話の重要性などを説いた。

　今秋のU18（18歳以下）ワールドカップ（W杯）で日本代表監督を務めた小倉全由・前日大三監督（日本高野連技術・振興委員）も講義で、長い監督生活で培った部員との信頼関係の築き方などを紹介。「選手たちと一緒になって汗をかく。どこを見られても恥ずかしくない、かっこいい男でいてほしい」とアドバイスした。

　3日間の日程で座学や実技の講義がある。今回は軟式の指導者6人も参加。12月12～14日には今年度の第2回も予定されている。【長宗拓弥】",[],[]
クラスメートと口論か　武蔵高校中学で中1生徒が首切りつけられる（毎日新聞）,https://news.yahoo.co.jp/articles/dc745d9b04dd677673126eaeec431ffbeda0c74a,https://newsatcl-pctr.c.yimg.jp/t/amd-img/20251128-00000069-mai-000-5-view.jpg?exp=10800,2025-11-28T18:41:03+09:00,2025-11-28T22:39:28+09:00,毎日新聞,mai,毎日新聞,418,"切り付け事件があった武蔵高校中学校＝東京都練馬区豊玉上1で2025年11月28日午後4時17分、朝比奈由佳撮影
28日正午ごろ、東京都練馬区豊玉上1の武蔵高校中学校で、「生徒がカッターで切られた。友人同士のトラブルだと思う」と教職員から119番があった。警視庁練馬署や学校によると、中学1年の男子生徒（13）が、教室内で同じクラスの男子生徒（13）の首を小型のカッターナイフで切り付けた。切られた生徒は軽傷という。
【写真でみる】切りつけ事件があった武蔵高校中学
2人は自習中で、教室内に教員はいなかった。何らかの理由で口論になり、一方がカッターナイフを取り出したとみられる。傷は首の左側の1カ所で、全治1週間程度だった。学校は「在校生と教職員のケアに取り組む」とするコメントをホームページに掲載した。

　武蔵高校中学校は1922（大正11）年創立の中高一貫校で、難関とされる都内私立男子校「御三家」の一つ。【松本ゆう雅、朝比奈由佳】",[],[]
羽田空港第2ターミナル、トイレ流れない不具合が復旧　電気設備故障（毎日新聞）,https://news.yahoo.co.jp/articles/3c50b2f88b29f44eb0b2083cdc665a4286154c86,https://newsatcl-pctr.c.yimg.jp/t/amd-img/20251128-00000068-mai-000-1-view.jpg?exp=10800,2025-11-28T18:31:45+09:00,2025-11-28T18:31:45+09:00,毎日新聞,mai,毎日新聞,350,"羽田空港第2ターミナル＝東京・羽田空港で2019年5月10日午後0時13分、米田堅持撮影
羽田空港第2ターミナルで28日、トイレの多くで便器の洗浄水が流れないトラブルが発生した。ターミナルビルを管理する日本空港ビルデングによると、ターミナル内にあるトイレ144カ所のうち、最大7割近くで洗浄水が使用できなくなった。

　同日午前5時ごろ、同社の防災センターから連絡があったという。正午ごろには人力で水を流し、使えないトイレは3割ほどに減少。午後4時ごろに復旧した。

　同社によると、ターミナルの電気設備の一部が故障し、給水ポンプが止まったためだという。原因の詳細を調査している。2019年には水道水から高濃度の塩分が検出され3日間断水したが、今回は異なる不具合とみられる。【小林多美子、山越峰一郎】",[],[]
千葉、政治資金パーティー開催数半減　裏金問題で見送り相次ぐ（毎日新聞）,https://news.yahoo.co.jp/articles/313e061bd3d57772cc9581365b92795a9dbb0025,https://newsatcl-pctr.c.yimg.jp/t/amd-img/20251128-00000067-mai-000-1-view.jpg?exp=10800,2025-11-28T18:24:19+09:00,2025-11-28T18:24:19+09:00,毎日新聞,mai,毎日新聞,1076,"千葉県庁＝千葉市中央区で2019年2月22日、町野幸撮影
千葉県選挙管理委員会は28日、県内の政治団体が提出した2024年分の政治資金収支報告書を公表した。大規模な政治資金パーティーの開催数は前年から半減した。自民党派閥の裏金問題を機に、政治資金パーティーを縮小したり見送ったりする団体が出ているとみられる。
【写真まとめ】裏金問題に関与の議員も　高市早苗内閣
県選管によると、8月末までに県内の政党支部や後援会など1814団体（提出率は92％）が提出した。全体の収入（前年からの繰越額を除く）は前年比1・3％減の36億2845万円、支出は同7・8％減の33億2165万円で、いずれも過去10年で2番目に少なかった。

　政治資金パーティーの開催は25団体40件（前年は26団体54件）。収入は2億1268万円で、前年の2億8177万円から24・5％減少し、04年以降で過去3番目に少なかった。

　収入額が1000万円以上の「特定パーティー」は7団体7件（前年は13団体14件）。そのうち5件が自民国会議員が代表を務める団体によるものだった。

　一方、政党別の収入額は、自民が前年比12・3％増の12億7111万円で13年連続トップだ。パーティーや寄付の収入は減少したものの、24年の衆院選に向けて党本部から支部への交付金が増えたことが影響した。

　自民のベテラン県議はパーティー収入の落ち込みについて「コロナ禍以降の自粛ムードが続いていることに加えて、『政治とカネ』の問題で党への不信感が強いことから開催を控えた団体が多かった」と指摘する。県連も24年はパーティー開催を見送ったといい「人件費などの諸経費もかかるので痛手だ。来年にはパーティーを開かなければ」と話した。

　その他の政党の収入は、共産党7億5038万円（前年比7・0％増）▽立憲民主党2億7752万円（同5・2％減）▽公明党1億6696万円（同44・8％減）▽参政党3498万円（同59・8％増）▽国民民主党3286万円（同2・4％増）が続いた。

　政党以外の政治団体の収入は、県医師連盟が5618万円で最多だった。熊谷俊人知事の資金管理団体「俊葉会」は2764万円、千葉市の神谷俊一市長の資金管理団体「葛野会」は2556万円だった。

　24年分の政治資金収支報告書は県のウェブサイト県のウェブサイト（https://www.pref.chiba.lg.jp/senkan/seijidantai/kouhyou/mokuji/r07.html）で公表している。【中村聡也】",[],[]
安心安全は心配ご無用！　映画「侍タイムスリッパー」俳優が一日署長（毎日新聞）,https://news.yahoo.co.jp/articles/626c7bf7dc6531d0790c1726b60ae1aa5caa0d14,https://newsatcl-pctr.c.yimg.jp/t/amd-img/20251128-00000066-mai-000-3-view.jpg?exp=10800,2025-11-28T18:22:00+09:00,2025-11-28T22:02:54+09:00,毎日新聞,mai,毎日新聞,920,"パトロール部隊の発進を告げる一日警察署長の心配無用之介役、田村ツトムさん＝滋賀県甲賀市水口町水口の市まちづくり活動センター「まるーむ」で2025年11月28日午前11時34分、礒野健一撮影
今年の日本アカデミー賞最優秀作品賞を受賞した映画「侍タイムスリッパー」に出演した俳優の田村ツトムさん（51）が28日、甲賀署の一日警察署長に就任した。田村さんは映画の劇中時代劇の役「世直し侍・心配無用ノ介」の姿で寸劇を披露。若者を闇バイトやロマンス詐欺に誘惑する悪役たちを華麗な殺陣で斬り捨て、「甲賀・湖南の安心安全は、心配ご無用！」と決めぜりふを発した。
【写真まとめ】ロケ地の神社を参拝した「侍タイムスリッパー」出演俳優ら
映画終盤のクライマックスシーンを油日神社（甲賀市甲賀町油日）で撮影した縁で、同署が依頼。橋本登署長は「心配無用ノ介は正義感が強く、古き良き時代劇のヒーローで、警察官が犯罪に立ち向かう姿にも通じるものがある」とあいさつした。田村さんは「心配ご無用を合言葉に、市民の未来の安全を支える力になってもらいたい」と訓示し、パトロール隊の出動を号令した。

　◇出演俳優ら、ロケ地の神社参拝

　同日午後、同映画の安田淳一監督や出演俳優らは、終盤の重要シーンのロケ地となった油日神社を参拝に訪れた。

　安田監督や映画の中で時代劇の大スター役を務めた冨家ノリマサさんらが同神社に到着すると、ロケ地巡りバスツアーに参加したファンたちが歓声を上げて出迎えた。その後、拝殿に俳優陣が並び、代表で安田監督が玉串をささげた。

　参拝後の報道陣の取材に、安田監督は「自主映画として、少人数で寒い中撮影をしていた。宮司さんも夜中2時や3時まで寄り添ってくれた。帰ってこられるなんて夢にも思わなかった」と笑顔を見せた。冨家さんは「ここで撮影させていただけたことで、最後の素晴らしい画が撮れた。3年ぶりに来られて感慨深いものがあります」と話した。【礒野健一、菊池真由】

　◇映画「侍タイムスリッパー」

　時代劇撮影所にタイムスリップし、斬られ役として生きていく武士を描いたコメディー。1館で封切り後、ウェブ上で話題を集めて上映館を増やしていった。",[],[]
立花孝志容疑者を異例の起訴　死者への名誉毀損罪　公判の先例なし（毎日新聞）,https://news.yahoo.co.jp/articles/7f48d4bf3ad345e24429f8d197a17ca8d823def7,https://newsatcl-pctr.c.yimg.jp/t/amd-img/20251128-00000065-mai-000-5-view.jpg?exp=10800,2025-11-28T18:21:29+09:00,2025-11-28T20:45:24+09:00,毎日新聞,mai,毎日新聞,1025,"兵庫県警本部から送検される立花孝志容疑者（中央）＝神戸市中央区で2025年11月10日午前9時43分、大西岳彦撮影
死亡した元兵庫県議を中傷したとして、神戸地検は28日、政治団体「NHKから国民を守る党」党首の立花孝志容疑者（58）を名誉毀損（きそん）の罪で起訴した。元県議が亡くなった後に繰り返したとされる立花被告の発言も、地検は中傷に当たると判断した。
【表】元県議に対する立花氏の発言と経緯
死者に対する名誉毀損が起訴されるのは異例。被告の刑事責任は正式裁判で審理されることになった。

　亡くなった元県議は竹内英明さん（当時50歳）。斎藤元彦知事のパワーハラスメント疑惑などを調べる「県議会調査特別委員会（百条委）」の委員を務めていた。斎藤氏が再選された出直し知事選（昨年11月17日投開票）後、議員辞職した。

　起訴状などによると、立花被告は昨年12月、自身が立候補した大阪府泉大津市長選の街頭演説で「何も言わずに去っていった竹内議員は、めっちゃやばいね。警察の取り調べを受けているのは多分間違いないと」などと発言し、竹内さんの名誉を傷つけたとされる。

　竹内さんは今年1月18日、自宅で死亡しているのが見つかった。遺族側は、被告の発信後に交流サイト（SNS）などで匿名の批判的な投稿が相次ぎ、精神的に追い込まれて自殺したとしている。

　地検は被告が竹内さんの死亡後にした発言も、起訴内容に含めた。今年1月19、20日、自身のSNSなどで「竹内元県議は、昨年9月ごろから兵庫県警からの継続的な任意の取り調べを受けていました」「竹内元県議は、どうも明日逮捕される予定だったそうです」などと虚偽の発信をしたとしている。地検は被告の認否を明らかにしていない。

　最高裁によると記録が残る1978年以降、死後の人に対する名誉毀損を巡って公判が開かれた例はない。

　立花被告は斎藤氏のパワハラ疑惑などを追及した一部の県議らを激しく批判してきた。斎藤氏が再選された出直し知事選では、自身の当選を目指さずに斎藤氏を支援する「2馬力選挙」を展開。竹内さんが疑惑告発の文書作成に関わった「黒幕」などと非難していた。

　竹内さんが任意の事情聴取を受けて逮捕される予定だったという被告の発信内容は、県警が全面否定している。

　一方、斎藤氏は立花被告の起訴について「個別の事案に関してのコメントは控えたい」と述べた。【木山友里亜、柴山雄太、前田優菜】",[],[]
スケボー国際大会　30日に決勝　五輪連覇、堀米選手ら出場　北九州（毎日新聞）,https://news.yahoo.co.jp/articles/626cc2cb3a5e789ce6605cdb64d29849bad9f366,https://newsatcl-pctr.c.yimg.jp/t/amd-img/20251128-00000064-mai-000-2-view.jpg?exp=10800,2025-11-28T18:16:43+09:00,2025-11-28T18:36:59+09:00,毎日新聞,mai,毎日新聞,525,"準決勝・決勝を週末に控え記者会見に応じる堀米雄斗選手(左端)や吉沢恋選手(左から2人目)たち＝北九州市小倉北区で2025年11月27日午後2時46分、山下智恵撮影
スケートボードの国際大会「ワールドスケートボードストリート2025北九州」の準決勝・決勝が29、30日、北九州市小倉北区の北九州メッセ（旧西日本総合展示場新館）で実施される。世界のトップ選手が集結して23日から開催されていた大会が、クライマックスを迎える。

　46カ国・地域から男女約200人が参加。日本人選手では五輪2連覇の堀米雄斗選手、パリ五輪金メダルの吉沢恋（ここ）選手らが出場し、若戸大橋など地元をイメージした特設コースで迫力ある熱戦を繰り広げる。

　27日に記者会見した堀米選手は「（2028年の）ロサンゼルス五輪に向けての大会が始まる。気合を入れベストが出せるよう頑張りたい」、吉沢選手は「日本開催で皆が注目してくれている。全力を出し切り優勝したい」と意気込んだ。

　観戦チケットは大会公式ホームページから購入できる。29、30日は会場隣の「あさの汐風公園」でスケートボードやパルクールなどアーバンスポーツを無料で体験できる催しやキッチンカーの出店がある。【山下智恵】",[],[]
北海道知事「地元判断、重く受け止めた」　泊原発再稼働の容認巡り（毎日新聞）,https://news.yahoo.co.jp/articles/d0ab7a1bbc140afb976ca3fcd5d87fc448cd0ead,https://newsatcl-pctr.c.yimg.jp/t/amd-img/20251128-00000063-mai-000-1-view.jpg?exp=10800,2025-11-28T18:10:43+09:00,2025-11-28T18:10:43+09:00,毎日新聞,mai,毎日新聞,900,"北海道議会の一般質問に対する答弁で、北海道電力泊原発3号機の再稼働について「同意の方針」を示す鈴木直道知事＝札幌市中央区で2025年11月28日午後1時44分、宮間俊樹撮影
原子力規制委員会の安全審査に合格した北海道電力泊原発3号機（北海道泊村、出力91・2万キロワット）の再稼働について、北海道の鈴木直道知事は28日、道議会定例会で「原発の活用は当面取り得る現実的な選択」と容認する考えを示した。一方で、「発電所を訪れて現地で安全対策を直接確認し、4町村長の話を聞いた上で、定例会での議論を踏まえ、最終的に判断する」と説明。定例会の会期中に改めて同意を示すとみられる。
【写真まとめ】22年に札幌地裁が1～3号機の運転差し止め命じた際の原告団
政府が道のほかに同意を要請している原発立地・周辺の4町村のうち、岩内町の木村清彦町長も同日、町議会で同意を表明した。泊村と共和町、神恵内（かもえない）村の3町村長は既に同意を表明しており、全町村の同意が出そろった。北海道電が2027年早期の再稼働を目指す中、知事の最終判断が焦点となる。

　鈴木知事は一般質問で自民党会派の道議の質問に対して初めて容認を表明した。理由として、立地・周辺町村の同意を挙げて「地元の判断を重く受け止めている」と説明。北海道内の電気料金が高い中で再稼働後に値下げが見込まれることや、国が取りまとめた災害時の対応、温室効果ガスの削減なども列挙した。

　再稼働の是非について鈴木知事はこれまで、道議会の議論や自治体の意見、道民の声を踏まえて「総合的に判断する」と繰り返してきた。

　関係者によると、鈴木知事は12月上旬に4町村長と面会する方向で調整。4町村以外に、原発が立地する後志（しりべし）地域の16市町村にも意見を照会している。それらを踏まえ、12月10日に予定されている道議会予算特別委員会で同意を表明するとみられる。

　泊原発3号機は09年に営業運転を始め、12年から定期検査で停止。北海道電は13年7月に規制委に審査を申請し、25年7月、国の新規制基準を満たしていると認められた。【片野裕之、後藤佳怜、森原彩子】",[],[]
東京都中央区議会、79歳副区長の再任案に同意　異例の6期目へ（毎日新聞）,https://news.yahoo.co.jp/articles/0bb6d128754978f1e4e8f71030f4515f895d36ac,https://newsatcl-pctr.c.yimg.jp/t/amd-img/20251128-00000062-mai-000-1-view.jpg?exp=10800,2025-11-28T18:07:02+09:00,2025-11-28T18:07:02+09:00,毎日新聞,mai,毎日新聞,440,"東京都中央区
東京都中央区議会（定数30）は28日、吉田不曇（うずみ）副区長（79）を再任する人事案に同意した。任期は12月1日から4年間。吉田氏は異例の6期目に入る。区によると、1988年以降で3期以上務めた副区長（旧助役）は他にいないという。

　吉田氏は早稲田大理工学部卒。70年に入庁し、都市整備部長や企画部長などを経て、2005年12月に助役に就任した。

　主に街づくり行政に関わり、1990年代に7万人台にまで落ち込んだ区人口の回復に貢献したという。

　この日の本会議で区議から長期在任への批判の声が上がったが、賛成17、反対10の賛成多数で同意された。

　山本泰人区長は「5期20年にわたり副区長を務め、さらに6期目を迎えることに、異例なことであるとの批判があることは承知している」とした上で、日本橋周辺の再開発など進行中のプロジェクトを引き合いに「道筋をより確かなものとする必要があると思料し、熟慮の末、選任の決断をした」とのコメントを発表した。【古瀬弘治】",[],[]
常習的に給食用の日本酒飲む　調理員男性を懲戒免職　大阪・和泉（毎日新聞）,https://news.yahoo.co.jp/articles/a966600cbfc45eb4293a06a1081bfa3a6d15c129,https://newsatcl-pctr.c.yimg.jp/t/amd-img/20251128-00000061-mai-000-2-view.jpg?exp=10800,2025-11-28T17:57:53+09:00,2025-11-28T18:35:06+09:00,毎日新聞,mai,毎日新聞,382,"大阪府和泉市
大阪府和泉市教育委員会は28日、勤務時間中に給食調理用の日本酒を繰り返し飲んでいたとして、市立小学校の給食調理員の男性（60）を懲戒免職処分にした。
【図解】給食の完全無償化、自治体の現状は?
市教委によると、男性は9月からほぼ毎日のように、校内の調理室で早朝の時間帯や調理業務終了後、日本酒をコーヒーカップに3分の1ほど入れて飲んだという。日本酒はパック入りで、調味料や肉のにおい消しのため保管庫に置いていた。

　校長らが男性の話し方に疑いを持ち、調査していた。飲酒後に調理していたケースもあったが、給食の品質に問題はなかった。男性は勤続40年で、長年、小中学校の調理を担当してきた。聞き取りに対し「魔が差した。申し訳ないことをした」と話しているという。

　市教委は「学校給食に関する信頼を損ない、心よりおわびする」とコメントした。【中村宰和】",[],[]
高市氏、宣伝費に8000万円超　24年総裁選　水面下で巨費投じる（毎日新聞）,https://news.yahoo.co.jp/articles/7ed03b109e934e66bace812ec5d971583f5aa275,https://newsatcl-pctr.c.yimg.jp/t/amd-img/20251128-00000060-mai-000-2-view.jpg?exp=10800,2025-11-28T17:50:23+09:00,2025-11-28T18:01:50+09:00,毎日新聞,mai,毎日新聞,1629,"2024年の自民党総裁選に各陣営が支出した費用
2024年の自民党総裁選を巡り、決選投票で敗れた高市早苗首相の政治団体が、宣伝のために8000万円超を支出していたことが、政治資金収支報告書から判明した。3位だった小泉進次郎防衛相側も、PR会社に約2000万円を支出するなどしており、多額の費用を投じた宣伝合戦が水面下で繰り広げられていた実態が浮かび上がる。
【写真で振り返る】過去最多の9人立候補　2024年の総裁選顔ぶれ
24年総裁選は岸田文雄首相の辞任表明に伴い、9月12日告示、27日投開票の日程で行われた。1回目の投票で党員票が最多だった高市氏は、決選投票で石破茂前首相に敗れたものの、25年の総裁選を制する弾みになったとされる。

　高市氏の資金管理団体「新時代政策研究会」の収支報告書によると、24年の収入総額は繰越金を含めて約2億円。このうち8384万円を、告示直前と選挙期間中に宣伝費とみられる支出に充てていた。

　内訳をみると、ウェブ関連では▽動画制作や交流サイト（SNS）の活用などを手がける大阪市の広告会社に「宣伝広告費」3300万円▽選挙プランナーの故・藤川晋之助氏が代表の法人に「WEBサイト等企画制作費」500万円――を支出していた。藤川氏は、総裁選前にあった東京都知事選で2番手につけた石丸伸二氏の選挙参謀。高市氏側に、SNSを駆使する石丸陣営の手法を取り入れる狙いがあったとみられる。

　印刷物関連では、会報の「印刷及び封入費」「発送費」として、計4584万円を支出。これは、物議を醸した政策リーフレットの経費とみられる。

　党の選挙管理委員会は告示前に党員らへのPR文書の郵送を禁じたが、高市陣営は禁止決定前にリーフレットの発送手続きを行い、全国30万人以上の党員らに届いたとされる。他陣営から苦情が相次ぎ、選管が高市氏を注意する事態となった一方、高市氏が多くの党員票を獲得する一因になったと指摘された。

　24年総裁選は、高市氏にとって2度目の出馬だった。関連する過去の収支報告書によると、初出馬だった21年総裁選では1回当たり1000万円を超える宣伝費の支出はなく、2回目から宣伝重視の戦略に転換したことがうかがえる。

　◇小泉氏も多額の宣伝費

　24年総裁選には、高市、石破、小泉各氏のほか、林芳正総務相ら計9人が出馬。毎日新聞が各候補者関連の収支報告書を調べると、高市氏以外に総裁選の宣伝費とみられる支出が多かったのは、初挑戦の小泉氏だった。

　小泉氏の資金管理団体「泉進会」と政党支部の収支報告書によると、「総裁選広報支援活動費」などとして都内のPR会社に2023万円を支出。さらに、総裁選との関連は不明だが、選挙直後に「キャンペーン費用」としてブランド戦略を手がける都内の企業に2919万円を払っていた。

　この他、総裁選期間中に、選挙の情勢調査などを請け負う企業にも1300万円を支出。結局、小泉氏は3位につけ、25年の総裁選では高市氏と決選投票で争うことになる。

　一方、24年の総裁選を制した石破氏の支出はどうか。資金管理団体「石破茂政経懇話会」と政党支部の収支報告書によると、総裁選用の支出と明記されているのは、「総裁選用リーフレット作成代」39万円と、「総裁選広報バナーSNS用作成費」3万円など、わずかしかない。

　両団体が24年中に支出した「宣伝事業費」の総額は1200万円ほどで、仮にこれらがすべて総裁選用だとしても、高市、小泉両氏の支出額には及ばない。

　自民党の総裁選は事実上首相を決める選挙とされてきた一方、公職選挙法の対象ではなく、選挙費用の上限規制や収支の報告義務はない。

　党は総裁選でのリーフレットの郵送や、オートコールによる電話作戦など、資金のかかる行為を禁じているが、違反しても罰則はなく、巨費を投じる宣伝合戦に歯止めがかからない恐れもある。【大場弘行】",[],[]
ウクライナ、イエルマーク大統領府長官の事務所など捜索　汚職疑惑で（毎日新聞）,https://news.yahoo.co.jp/articles/acedc3e7dfba52921f96f5a6e950340d91ec66d5,https://newsatcl-pctr.c.yimg.jp/t/amd-img/20251128-00000059-mai-000-2-view.jpg?exp=10800,2025-11-28T17:36:28+09:00,2025-11-28T18:39:47+09:00,毎日新聞,mai,毎日新聞,736,"和平交渉の合間に記者会見する米国のルビオ国務長官（右）とウクライナのイエルマーク大統領府長官＝スイス・ジュネーブで2025年11月23日、AP
ウクライナのエネルギー部門の汚職疑惑に絡み、ウクライナ国家汚職対策局（NABU）は28日、イエルマーク大統領府長官の事務所や家を捜索した。イエルマーク氏はゼレンスキー大統領の「右腕」とされる。汚職への関与が明らかになれば政権への痛手となる。
【動画あり】ロシア軍がウクライナ東部要衝に侵入し市街戦　住民の被害拡大懸念
イエルマーク氏は28日、交流サイト（SNS）で家宅捜索を受けたことを認めた。「捜査には何の障害もない」と述べ、全面的な協力を表明した。捜索には弁護士が同席したという。

　ウクライナメディアによると、イエルマーク氏は、汚職に関与したグループが不正に得た資金で建てたキーウ近郊の高級住宅のうち、一つを提供されたとみられる。

　また、イエルマーク氏は、7月、ウクライナ政府が汚職対策局などへの政府の介入を強める法律を作ろうとした際、主導的な役割を果たしたとも報じられている。市民からの激しい抗議を受け、独立性を回復する新たな法律が作られた。

　ウクライナは現在、ロシアとの新たな和平計画案を米国と策定中だが、イエルマーク氏は交渉で中心的な役割を果たしている。汚職疑惑は交渉の行方にも不利な影響を与える可能性がある。

　汚職疑惑は、国営原子力企業「エネルゴアトム」の契約を不正に操作し、エネルギー省の関係者らが利益を得たとされる。これまでにゼレンスキー氏のコメディアン時代のビジネスパートナーも捜査を受けた。ゼレンスキー氏に近い人物が立て続けに関与を疑われ、政権への信頼感が揺らいでいる。【ベルリン五十嵐朋子】",[],[]
ダルメシアンの警察犬・ヒマワリ号が誕生　「他の犬の何百倍も練習」（毎日新聞）,https://news.yahoo.co.jp/articles/f0256818a1da714d84f78d7cba4ef2086ca99109,https://newsatcl-pctr.c.yimg.jp/t/amd-img/20251128-00000058-mai-000-4-view.jpg?exp=10800,2025-11-28T17:35:02+09:00,2025-11-28T18:42:42+09:00,毎日新聞,mai,毎日新聞,957,"県内初のダルメシアンの警察犬となったヒマワリ号＝新潟市秋葉区で2025年11月25日午後1時59分、戸田紗友莉撮影
ディズニー映画「101匹わんちゃん」のモデルとして知られている白地に黒のブチ模様が特徴のダルメシアン。新潟県警はこのほど、ダルメシアンの「ヒマワリ号」を嘱託警察犬に委嘱した。シェパードやドーベルマンといった特定犬種でない警察犬の誕生は新潟県内で初めてで、12月1日から1年間、行方不明者の捜索などに出動する。
【写真でみる】訓練をするヒマワリ号の様子
ヒマワリ号は3歳の雌。長野県のブリーダーの元に生まれ、犬や猫の保護活動をしていた新潟市の小船井京子さん（52）が引き取った。

　小船井さんによると、ヒマワリ号は生後半年までは建物から出られないほど、屋外におびえ、引き取って1週間ほど、ほえ続けていたという。

　日常生活に支障が出ないようにとトレーニングを始め、1歳半くらいになったころ、関係者から「警察犬が少ないのでやってもらえないか」と熱心に声をかけられたことから、嘱託警察犬を目指すようになった。

　ダルメシアンは足が速い半面、その速さ故に対象の足跡を見失ってしまうこともあるという。ヒマワリ号は2歳ごろから1年強の訓練を経て、今年10月の審査会で見事合格した。小船井さんは「他の犬の何百倍も練習したんじゃないかな」と振り返る。

　今月25日には秋葉署での委嘱式に先立ち、近くの新潟市立新津第一小で実演会に登場。先輩警察犬と一緒に、捜索対象の匂いを覚えて行方をたどる「足跡追及」や、「伏せ」や「待て」などの命令通りに動く「服従」訓練を披露した。

　足跡追及では匂いを頼りに落ちていたペンなどを発見。見学していた小学生たちからは拍手が上がった。小船井さんは「一人でも多くの方を見つけられたら、やってきたことに意味がある」と意気込んでいる。

　県警などによると、嘱託警察犬の数は年々減少傾向で、審査会で合格する犬も2019年の15頭から25年の8頭にほぼ半減した。

　現状では、捜査や捜索活動などに支障は出ていないというが、県警は23年から犬種の制限を撤廃。「警察犬が増えれば県民の安心安全のためになる。意欲があれば応募してほしい」と幅広い犬種の応募を呼び掛けている。【戸田紗友莉】",[],[]
トランプ氏、南米から陸路での麻薬流入阻止へ　対策を近く開始と表明（毎日新聞）,https://news.yahoo.co.jp/articles/32affbdf10fef74804860f2f869bfe0c75da6bbf,https://newsatcl-pctr.c.yimg.jp/t/amd-img/20251128-00000057-mai-000-1-view.jpg?exp=10800,2025-11-28T17:23:46+09:00,2025-11-28T17:23:46+09:00,毎日新聞,mai,毎日新聞,548,"米軍関係者とビデオ電話するトランプ米大統領＝南部フロリダ州パームビーチで2025年11月27日、AP
トランプ米大統領は27日、南米ベネズエラからの麻薬について、陸路での流入阻止に向けた取り組みを近く開始すると表明した。米政権は9月以降、ベネズエラ周辺で「麻薬運搬船」とみなす船への爆撃を繰り返し、地上攻撃の可能性も取り沙汰されている。
【写真で見る】アメリカで広がる麻薬
トランプ氏は感謝祭の祝日の恒例行事として行われた海外駐留米軍関係者とのビデオ電話で明らかにした。「ベネズエラは米国に毒を送り年間で数十万人を殺害している」と主張。カリブ海や東太平洋での攻撃で、麻薬の流入が大幅に減少したと強調した上で「陸路でも止める。（海よりも）簡単だ。間もなく始める」と語った。

　米国務省は今月、ベネズエラの犯罪組織「太陽のカルテル」を外国テロ組織に指定。「マドゥロ大統領が組織を率いている」と主張している。

　米メディアは、米側がベネズエラの反米左派マドゥロ政権の転覆を狙っていると報じている。米軍は最新型の原子力空母「ジェラルド・フォード」を中心とする空母打撃群をカリブ海に展開し、周辺に約1万5000人の兵士を配備。ヘグセス国防長官は27日、空母を視察して現場を激励した。【ワシントン金寿英】",[],[]
東海テレビ、2期ぶり減収減益　会長セクハラ疑惑は「影響ない」（毎日新聞）,https://news.yahoo.co.jp/articles/5854ea1f09e3bd6096fab3f5f300791d2193d2cc,https://newsatcl-pctr.c.yimg.jp/t/amd-img/20251128-00000056-mai-000-1-view.jpg?exp=10800,2025-11-28T17:23:13+09:00,2025-11-28T17:23:13+09:00,毎日新聞,mai,毎日新聞,467,"東海テレビ放送本社＝名古屋市東区で2025年11月28日午前11時35分、川瀬慎一朗撮影
フジテレビ系列の東海テレビ放送（名古屋市）は28日、2025年9月中間決算を発表した。売上高が前年同期比7・3％減の124億100万円で、最終（当期）利益は前年同期比34・8％減の4億7600万円となり2期ぶりの減収減益となった。フジの一連の問題による広告出稿見合わせが主な要因で1億600万円の営業損失を計上した。
【図解】セクハラ、パワハラだけじゃない　令和時代のハラスメント
スポットCM収入は6・8％減の70億6800万円。4～6月に大きく減り、毎月2億円強売り上げが落ち込んだという。7月以降徐々に回復し、現在も若干の影響が出ているという。

　一方、週刊新潮が報じた小島浩資会長（66）のセクハラ疑惑について、藤田茂経理部長は「現時点では売り上げに影響が出ているとは聞いていない」と説明。現在、第三者を含む調査委員会で調査中で、年内の結果公表を想定しているという。27日には問題に関する社員向け説明会が開かれたという。【川瀬慎一朗】",[],[]
豊洲市場で魚のあら盗み、客に提供か　居酒屋経営の容疑者逮捕（毎日新聞）,https://news.yahoo.co.jp/articles/70a6fad39bba9d598789a955715d5d16c6a50168,https://newsatcl-pctr.c.yimg.jp/t/amd-img/20251128-00000055-mai-000-1-view.jpg?exp=10800,2025-11-28T17:16:52+09:00,2025-11-28T17:16:52+09:00,毎日新聞,mai,毎日新聞,550,"警視庁
世界中の鮮魚が集まる東京の台所・豊洲市場で11月、魚市場ならではの窃盗事件があり、容疑者が捕まった。盗んだとされるのは「魚のあら」。本来は魚の餌として取引されたものだったが、容疑者はこれを調理し、自身が営む居酒屋で客に提供していたという。

　警視庁深川署は28日、魚のあらを盗んだとして、中国籍の居酒屋経営、呉華維容疑者（66）＝東京都中央区勝どき2＝を窃盗と建造物侵入容疑で逮捕したと発表した。「調理すれば食べられると思った」と容疑を認めている。

　深川署によると、あらは市場内の会社が養殖魚のエサに加工するために1キロ7円で仲卸業者から買い取ったものだった。呉容疑者は自身の居酒屋で出す魚を豊洲市場で仕入れており、魚のあらは「つみれにして自分で食べたり、カマ焼きにして客に出したりした」と話しているという。

　逮捕容疑は、11月21日午後11時半ごろ、豊洲市場内にある「魚あら残渣（ざんさ）集積所」に忍び込み、魚のあら30キロ（210円相当）を盗んだとしている。

　市場の防犯カメラに、集積所にある魚のあらを自転車の荷台にくくりつけた箱や前かごに入れる呉容疑者とみられる姿が映っていた。これを見た市場関係者が26日、集積所の近くを歩く呉容疑者に気付き、110番した。【朝比奈由佳】",[],[]
補正予算案閣議決定　税収2.8兆円上振れも国債追加　進む財政悪化（毎日新聞）,https://news.yahoo.co.jp/articles/3ea9f3eb9dc23699f07373f0ab93c75cd7bf74c4,https://newsatcl-pctr.c.yimg.jp/t/amd-img/20251128-00000054-mai-000-1-view.jpg?exp=10800,2025-11-28T17:10:57+09:00,2025-11-28T17:10:57+09:00,毎日新聞,mai,毎日新聞,656,"国会議事堂＝平田明浩撮影
政府は28日、2025年度補正予算案を閣議決定した。一般会計の歳出は18兆3034億円で、物価高対策や投資促進策などを柱にした経済対策を裏付ける。歳入の6割は11兆6960億円の国債を追加発行して賄い、財政悪化が進む。補正予算案は開会中の臨時国会に提出し、早期成立を目指すが、当初予算と合わせた一般会計の規模は133兆5012億円に膨らむことになる。
【写真で振り返る】日本経済　バブルの始まりと終わり
補正予算案で国債は、公共事業費などの財源となる建設国債を3兆5390億円、建設国債を発行しても歳入が足りない分を埋める赤字国債を8兆1570億円それぞれ追加発行する。このほか歳入には、好調な企業業績に伴う所得税収や法人税収が増加し、25年度の税収が従来見通しより上振れするとして2兆8790億円を計上。税外収入1兆155億円、24年度決算の剰余金2兆7129億円を充てる。25年度全体の税収は、過去最高となる80兆6980億円になる見通し。

　歳出のうち、21日に決定した経済対策の関係費用は17兆7028億円となった。このうち物価高への対応に8兆9041億円▽「危機管理投資・成長投資」促進に向けて6兆4330億円▽防衛力強化などに1兆6560億円――を充てる。防衛関連経費には1・1兆円を計上。高市早苗首相が25年度内への前倒し実現方針を示していた「国内総生産（GDP）比2％」目標を達成する。このほか予備費は7098億円を追加し、災害やクマ被害拡大などに備える。【加藤結花】",[],[]
＜ポッドキャスト＞生活保護費の減額改定　最高裁「違法」判決　国と原告、対立の行方は（毎日新聞）,https://news.yahoo.co.jp/articles/c71ead2d92258537a3443bcd36e8530196ba5b91,https://newsatcl-pctr.c.yimg.jp/t/amd-img/20251128-00000053-mai-000-1-view.jpg?exp=10800,2025-11-28T17:00:30+09:00,2025-11-28T17:00:30+09:00,毎日新聞,mai,毎日新聞,623,"国が生活保護費を引き下げたのは違法だとして受給者らが減額の取り消しを求めた訴訟の最高裁判決のため、入廷する原告の千代盛学さん（左から2人目）らと弁護団＝東京都千代田区で2025年6月27日午後1時29分、吉田航太撮影
「毎日新聞ポッドキャスト―世の中の『いま』を記者が読み解く」。11月28日の配信テーマは「生活保護費の減額改定違法判決　国と原告、対立の行方は」です。

　ゲストは、厚生労働省記者クラブの肥沼直寛記者です。

　政府が2013～15年に実施した最大10％の生活保護費の減額改定について、最高裁が6月、違法として取り消しを命じる判決を言い渡しました。原告の生活保護受給者らは改定前基準との差額を全額支給するよう求めていますが、政府は原告が望む形の決着に応じず、対立が深まっています。訴訟の経緯や対立の行方について、肥沼記者が詳しく解説します。

　番組のフルバージョンでは、訴訟を戦った原告が保護費減額でどのような生活状況に陥ったか、生の声をお届けします。また、なぜ国と原告の溝は深まる一方なのか、その背景にあった政府の謝罪を巡る騒動について深掘りします。

　audiobook.jpでは完全版を配信中。Apple Podcast、Spotifyでも視聴できます。

　感想・ご意見はお便りフォームから投稿をお願いします。

　　　　◇

　利用されているブラウザーのCookie設定で、プレーヤーが表示されない場合があります。",[],[]
関西写真記者協会賞決まる　毎日新聞記者に金賞と撮影賞（毎日新聞）,https://news.yahoo.co.jp/articles/c2bc5064f78eae01b5224160316ccc103ce261f0,https://newsatcl-pctr.c.yimg.jp/t/amd-img/20251128-00000052-mai-000-1-view.jpg?exp=10800,2025-11-28T17:00:30+09:00,2025-11-28T17:00:30+09:00,毎日新聞,mai,毎日新聞,519,"ニュース組み部門で金賞を獲得した中川祐一記者の「パンダ、ラストライブ」（5枚組みの1枚）
近畿、北陸、中四国などの新聞、放送、通信社が加盟する関西写真記者協会（事務局・大阪市中央区）は28日、今年度の優れた報道写真と映像に贈る各賞を発表した。
【受賞写真を見る】「パンダ、ラストライブ」　「サボテンの森へようこそ」
「新聞・通信の部」のニュース組み部門では、6月に中国に返還されたアドベンチャーワールド（和歌山県白浜町）のパンダを撮影した毎日新聞写真映像報道部・中川祐一記者の「パンダ、ラストライブ」＝写真・5枚組みの1枚＝が金賞を受賞。北村隆夫記者の「サボテンの森へようこそ」が撮影賞に選ばれた。

　最優秀の協会賞には、朝日新聞社の「能登地震1年　復興願う日」▽毎日放送の「それでも働きたい～重度障がい者の就労を阻む壁～」▽読売テレビ放送の「ブルーインパルスin万博」――の計3点が選ばれた。

　受賞作を中心に写真と映像で今年度を振り返る「第68回新聞・通信・テレビ・ニュース映画報道展」は12月5～11日＝富士フイルムフォトサロン大阪（大阪市中央区）▽12月18～29日＝さんちかホール（神戸市中央区）――で開催される。入場無料。",[],[]
美浜・高浜原発の運転認める　「具体的危険性はない」　高裁金沢支部（毎日新聞）,https://news.yahoo.co.jp/articles/7e4a2f7a097fc9cff615e9fef452bc234206d717,https://newsatcl-pctr.c.yimg.jp/t/amd-img/20251128-00000051-mai-000-1-view.jpg?exp=10800,2025-11-28T16:42:45+09:00,2025-11-28T16:42:45+09:00,毎日新聞,mai,毎日新聞,926,"原発差し止めを認めない決定を出した名古屋高裁金沢支部の前で「不当決定を許さない」などと掲げる申立人の住民ら＝金沢市で2025年11月28日午前10時15分、岩本一希撮影
福井県内にある関西電力美浜原発3号機と高浜原発1～4号機について、地元住民らが関電に運転の差し止めを求めた2件の仮処分申請の即時抗告審で、名古屋高裁金沢支部は28日、差し止めを認めない決定を出した。大野和明裁判長は「抽象的な危険だけで原発の運転差し止めを認めるべきではない」と述べ、住民側の抗告を棄却した。
【写真で見る】「不当決定を許さない」などと書かれた旗を掲げる申立人の住民ら
原発の老朽化に対する安全対策の是非が即時抗告審の主要な争点だった。

　2011年3月に起きた東京電力福島第1原発事故を教訓に、原発の運転期間は「原則40年」とするルールが定められたが、原子力規制委員会の認可を受ければ最長60年まで運転期間が延長可能となる。

　美浜、高浜原発の計5基は1974～85年に運転が始まり、運転期間が40年を超えている。住民側は高温高圧の過酷な環境で運転を続ける原発は稼働年数が進むにつれて事故のリスクが高まると主張していた。

　決定はまず、福島第1原発事故を踏まえても、日本では原子力の平和利用を推進する状況にあり、裁判所が原発の運転差し止めを命じるには、住民の人格的利益が侵害される具体的危険性が存在することが必要だとした。

　その上で、原発の点検や検査結果に信頼性はなく、原発の配管が薄くなる故障が続発しているとする住民側の主張について検討。決定は「原発の運転で不可避的に発生する老朽化現象であるとしても、関電の原因調査や対策が不十分とは認められない」とし、具体的危険性は認められないと結論付けた。

　決定後の記者会見で、住民側の井戸謙一弁護士は「極めて不当な決定。具体的危険性の定義付けすらしておらず、住民側の主張を抽象的と切り捨てている。もう一度、福島のような事故が起きても仕方ないと言わんばかりだ」と語った。住民側は最高裁に不服を申し立てるか協議するとしている。

　関電は「引き続き、安全性・信頼性の向上に努める」とのコメントを出した。【島袋太輔】",[],[]
MAGAアカウントの拠点が米国外?　Xの「所在地」表示機能で判明（毎日新聞）,https://news.yahoo.co.jp/articles/1ab5f444c2bb239107350c7b807469ac690aeba6,https://newsatcl-pctr.c.yimg.jp/t/amd-img/20251128-00000050-mai-000-1-view.jpg?exp=10800,2025-11-28T16:34:33+09:00,2025-11-28T16:34:33+09:00,毎日新聞,mai,毎日新聞,1202,"X会長兼最高技術責任者（CTO）を務める米実業家イーロン・マスク氏＝ワシントンで2025年11月19日、ロイター
X（ツイッター）に導入された新機能「アカウントの所在地」が話題になっている。トランプ米大統領の熱心な支持層である「MAGA（マガ＝米国を再び偉大に）」を名乗るアカウントが米国外に拠点を置くなどプロフィルと異なる事例が相次いで判明。注目を集める投稿で広告収益を得ようとしたり、社会の分断をあおろうとしたりする目的で、国外からMAGAを「利用」していた可能性が表面化した形だ。

　新機能は22日に始まった。アカウントのプロフィル欄にある利用開始時期にカーソルを合わせると、「このアカウントについて」という表示が出現。アカウントの拠点となる国・地域やユーザー名の変更回数が閲覧できるようになった。旅行時などはプライバシー保護のため時間差で反映されるほか、発言内容が監視・罰則対象の国にいる利用者には地域のみ表示される仕様だという。

　Xのプロダクト責任者は投稿で「国際的な交流の場での信頼性確保に向けた重要な一歩」との認識を示し、利用者向け機能を拡充していく方針だと記した。

　新機能が登場すると、「ネット探偵たち」（米紙ニューヨーク・タイムズ）がすかさず活用。トランプ氏やMAGA運動を支持する一部アカウントの拠点が米国外だと突き止めた。

　例えば、フォロワー39万超の「MAGA　NATION」はアカウントの拠点が「東欧（欧州連合＝EU＝非加盟）」だったことが分かった。また、英公共放送BBC（電子版）によると、トランプ氏の長女イバンカ氏のファンを名乗る100万超のフォロワーを抱えるアカウント（現在はアカウント停止）は拠点がナイジェリアだと判明した。昨年の大統領選でトランプ氏への投票を呼びかけていたという。

　近年、Xは仕様変更でフォロワーと表示回数（インプレッション）が多いアカウントに広告収益を配分する仕組みを導入。非常事態に便乗した偽情報や過激な言説で注目を集める「インプ稼ぎ」が問題化した。BBCは問題のアカウントの多くが、収益を得ている可能性があると分析した。

　同様の問題は日本にも波及している。日本在住を自称するアカウントの拠点が他国であるケースが散見されている。

　Xの所在地表示を巡っては以前から検討されていた。ただ、米NBCニュースによると、少なくとも2018年から議論されていたが、繰り返し却下されていたという。IPアドレスや全地球測位システム（GPS）を基に所在地を判別しているとみられるが、正確な位置を反映するには十分とはいえず、所在地表示が偽装されるなどの恐れがあるためだ。

　所在地の情報を信じこむことで、かえって偽情報に基づく投稿に引っかかるケースも懸念され、利用者には情報をうのみにしない慎重な姿勢が求められそうだ。【ワシントン浅川大樹】",[],[]
＜相棒は双眼鏡＞JCで推したいダービー馬　潜在能力はワールドクラス＝井内利彰さん（毎日新聞）,https://news.yahoo.co.jp/articles/b95c5a9dc2b5a4c4afc6b63407cd0651b7942df4,https://newsatcl-pctr.c.yimg.jp/t/amd-img/20251128-00000049-mai-000-1-view.jpg?exp=10800,2025-11-28T16:30:18+09:00,2025-11-28T16:30:18+09:00,毎日新聞,mai,毎日新聞,1017,"ダノンデサイル（右）＝2025年11月26日午前9時、井内利彰さん撮影
23日のマイルCSは京都芝1600メートル外回りで行われた。京都芝では過去3勝、2着3回、3着1回と馬券圏外になったことがないオフトレイルを本命にするも4着。素晴らしい末脚を発揮したが、スローペースが原因でここまでが精いっぱいだった。

　東京芝2400メートルで行われるジャパンカップ（JC）。この舞台で行われるGⅠはJCを入れて3レースしかなく、他の2レースはオークスとダービー。

　過去5年の勝ち馬のうち、3頭がオークスかダービーを勝ち、1頭はダービー2着。オークスかダービーの好走実績がある馬が必ずといってよいほど馬券に絡むレース。もちろん過去のJCで好走していてもよい。

　その点を重視して「好走」の定義を「3着以内」とすれば、6頭に絞ることができる。その中でも注目したいのは、2024年のダービー馬ダノンデサイル。前走の英インターナショナルSは6頭立て5着。この敗戦をどう見るかだが、安田翔伍調教師は「レース後の消耗が少なかったことと現地の気候が日本と違って過ごしやすかったことで海外帰りだから調整が難しいということはありませんでした」とのこと。

　だからこそ、19日の追い切りでは強い負荷をかけたいということで、レースでも騎乗予定の戸崎圭太騎手がまたがって、ハードな調教を行った。

　「厩舎（きゅうしゃ）へ戻ってきた時は疲れていましたね」と安田調教師。だが、意図した通り。これがあったからこそ、26日の追い切りでは速い時計の調教になっても「今週は厩舎へ戻ってきた時にはケロッとしていました」とのこと。間違いなくワールドクラスのポテンシャルを持っている馬だ。

　しかし、今週まで出走を悩んでいた今年のダービー馬クロワデュノールが出走を決めた。今週の追い切りでは本来の走りができており、あっさり勝ってしまう可能性もある。

　これに昨年のJC2着馬シンエンペラー。4歳になって走りの質は進化しており、調教の動きを見るかぎり、昨年以上の走りができるイメージが湧く。（競馬ライター）

　◇いうち・としあき

　1976年生まれ。東大阪市出身。高校の同級生の影響で競馬に興味を持った。92年の菊花賞（GⅠ）を自身と同じように小柄なライスシャワーが制し、その魅力に取りつかれた。大阪経大卒業後、競馬予想サイトの運営会社勤務を経て、フリーライターに。",[],[]
妊婦事故死　胎児への過失致傷罪、立件を断念へ　名古屋地検（毎日新聞）,https://news.yahoo.co.jp/articles/511271085c17d36f0e20a9a20183846d6e423daf,https://newsatcl-pctr.c.yimg.jp/t/amd-img/20251128-00000048-mai-000-3-view.jpg?exp=10800,2025-11-28T16:24:09+09:00,2025-11-28T20:48:33+09:00,毎日新聞,mai,毎日新聞,757,"名古屋地検や名古屋高検が入る名古屋法務合同庁舎＝井口慎太郎撮影
愛知県一宮市で妊娠9カ月の女性（当時31歳）を乗用車ではね死亡させたとして、自動車運転処罰法違反（過失致死）の罪で起訴された児野（ちごの）尚子被告（50）＝公判中＝に対し、名古屋地検は、事故後に生まれ重度の脳障害を負った女児を負傷させたとする同法の過失致傷罪の適用は見送る方針を固めた。関係者への取材で判明した。一方、起訴内容には事故が女児に与えた影響について盛り込む方向で、名古屋地裁一宮支部に訴因変更を求める。
【写真で見る】事故で亡くなった妊婦の女性　長女は重度の脳障害に
事故は5月21日午後、一宮市木曽川町の市道で発生。出産のため里帰り中で散歩をしていた研谷（とぎたに）沙也香さんが、後方から来た児野被告の車にはねられ、硬膜下血腫で2日後に亡くなった。当時、胎内にいた日七未（ひなみ）ちゃんは帝王切開で搬送の約1時間半後に生まれたが、酸素が届かない状態が続いたことで脳が損傷し、人工呼吸器が外せないなどの障害が残った。

　地検一宮支部は6月、児野被告を沙也香さんを死亡させたとする罪のみで起訴。起訴状には日七未ちゃんに関する記載はなかった。

　遺族は「子どもも被害者だ」と訴え、日七未ちゃんへの過失致傷罪も問うよう地検に要望。9月には11万筆以上のオンライン署名を地検に提出し、地検は日七未ちゃんの障害と事故との因果関係などを補充捜査していた。

　刑法で胎児は「人」とみなされていない。地検は、出生前だった日七未ちゃんへの過失致傷罪が成立するかどうかを慎重に検討していた。

　9月に開かれた初公判で、児野被告は起訴内容を認め、「お二人に対するどのような処罰も受けます。本当に申し訳ありませんでした」と述べていた。【丘絢太、塚本紘平】",[],[]
＜1分で解説＞「完全復旧は…」　サイバー攻撃後、アサヒHD初会見（毎日新聞）,https://news.yahoo.co.jp/articles/b770643979660a4934e8e0340d95a6afd27f9973,https://newsatcl-pctr.c.yimg.jp/t/amd-img/20251128-00000047-mai-000-1-view.jpg?exp=10800,2025-11-28T16:16:33+09:00,2025-11-28T16:16:33+09:00,毎日新聞,mai,毎日新聞,799,"サイバー攻撃の調査結果について記者会見するアサヒグループホールディングスの勝木敦志社長（中央）ら＝東京都千代田区で2025年11月27日午後0時12分、渡部直樹撮影
27日、アサヒグループホールディングス（HD）はサイバー攻撃によるシステム障害について記者会見を開き、被害の内容や今後の対応について説明しました。9月29日に被害を公表してから、経営陣が公の場で説明するのは初めてです。1分で読めて役に立つ「サクッとニュース」、今回は「アサヒグループのサイバー攻撃被害」を解説します。
【一覧】サイバー攻撃、私たちにもできる五つの備え
Q　アサヒグループがサイバー攻撃を受けたって聞いたよ。どんなことが起きたの？

A　アサヒグループホールディングス（HD）は、外部からのサイバー攻撃を受けてシステム障害が発生しました。その影響で商品の受注や出荷などが一時的に止まってしまいました。

Q　どんな情報が漏れたの？

A　問い合わせや相談をした人の氏名、性別、住所、連絡先など152万5000件、社外関係者11万4000件など、合計191万4000件の情報が流出した可能性があります。

Q　犯人は誰だったの？

A　ハッカー集団「Qilin（キリン）」が、10月7日にインターネットのダーク（闇）サイトで犯行声明を出しました。

Q　アサヒグループはどうやって対応したの？

A　システム障害で受注や出荷が止まりましたが、「スーパードライ」などの主力商品を中心に電話やファクスで手作業による受注を再開し、順次出荷を増やしています。

Q　今後はどうなるの？

A　システムによる受注を、アサヒグループ食品では12月2日に再開して、11日以降に納品します。アサヒビールとアサヒ飲料では同3日に再開して8日以降に納品するそうです。勝木敦志社長は「完全な姿に戻るのは2月以降になる」との見方を示しています。",[],[]
鈴木農相、おこめ券配布「自治体の自由」　利益誘導の批判に反論（毎日新聞）,https://news.yahoo.co.jp/articles/37569c2e6130259ebeeb11d3a0017f532ae02731,https://newsatcl-pctr.c.yimg.jp/t/amd-img/20251128-00000046-mai-000-2-view.jpg?exp=10800,2025-11-28T16:02:56+09:00,2025-11-28T17:28:13+09:00,毎日新聞,mai,毎日新聞,806,"閣議後記者会見に臨む鈴木憲和農相＝東京都千代田区の農林水産省で2025年11月28日午前8時45分、中津川甫撮影
鈴木憲和農相は28日の閣議後記者会見で、政府が物価高対策として後押しを打ち出す自治体による「おこめ券」の配布について、券を発行する農業団体や業界に対する利益誘導になるとの批判に対して反論した。「それ（券）を使うか、使わないかは自治体の自由」と述べ、配布の責任は政府でないため、批判は当たらないとの認識を示した。
【画像】「おこめ券」や「おこめギフト券」
おこめ券は、コメ卸でつくる全国米穀販売事業共済協同組合（全米販）の「おこめ券」や、全国農業協同組合連合会（JA全農）が発行する「おこめギフト券」などがある。

　いずれも1枚500円の購入費に対し、実際の換金価値は440円。差額の60円分は券の印刷代や流通経費、マージン（利益）などになっているという。自治体にとっても券の配送費が多額になり、事務を担う職員の負担も重くなることから、公費の使い方に疑問の声も多い。政府が券の配布に熱心なのは「業界への利益誘導」との見方もある。

　こうしたおこめ券を巡る指摘などを受け、鈴木氏は自治体から一番多い問い合わせについて「そもそも『おこめ券って何ですか』という質問が多い」と説明。券の存在自体を知らない首長もいるなどとして、おこめ券を含む食料品価格高騰への対応について、12月3日から自治体向けのオンライン説明会を開くとした。

　鈴木氏はおこめ券の配布にこだわらず、電子クーポンなどの形で配布する方法も説明会で伝える考えを強調。持論のおこめ券配布を掲げてきたことについては「（消費者の手元に届くまでの時間が）スピーディーだという観点で、おこめ券などというふうに例示をさせていただいている」と理解を求めた。ただ、いつまでに券が届くかなど、政府が想定する具体的な期間の目安までは示さなかった。【中津川甫】",[],[]
＜1分で解説＞前国家公安委員長の政党支部、パチンコ会社から献金（毎日新聞）,https://news.yahoo.co.jp/articles/173949c8364bb2fd276a93e680205d60ecf7cb92,https://newsatcl-pctr.c.yimg.jp/t/amd-img/20251128-00000045-mai-000-3-view.jpg?exp=10800,2025-11-28T15:53:26+09:00,2025-11-28T16:26:05+09:00,毎日新聞,mai,毎日新聞,850,"坂井学氏
自民党の坂井学・前国家公安委員長（衆院神奈川5区）が代表を務める政党支部が、2022～24年にパチンコ店を運営する2社から計120万円の寄付を受けていたことが政治資金収支報告書から分かりました。さらに、登記上は存在しない「幽霊会社」からも96万円の寄付を受けていた記載もありました。1分で読めて役に立つ「サクッとニュース」、今回は「坂井学・前国家公安委員長の寄付金問題」を解説します。
【写真】パチンコ業界と自民党の蜜月
Q　坂井学・前国家公安委員長が代表の政党支部がパチンコ会社から寄付を受けていたって聞いたよ。どういうことなの？

A　横浜市戸塚区にあるパチンコ会社から毎月3万円、合計108万円の寄付を受けていました。また、同じ区内の別のパチンコ会社からも、24年9～12月に月3万円ずつ、合計12万円を受け取っていました。

Q　坂井さんはいつ国家公安委員長だったの？

A　坂井氏は2024年10月から国家公安委員長を務めていました。そのため、委員長在任中にもパチンコ会社から寄付を受けていたことになります。

Q　国家公安委員会ってなんだっけ。

A　国家公安委員会は、風営法の規制を受けるパチンコ業界などを所管する組織です。

Q　幽霊会社からも寄付があったの？

A　戸塚区の有限会社からも22年1月～24年8月に毎月3万円ずつ、合計96万円の寄付を受けていましたが、この会社は00年2月に解散し、登記も閉鎖されています。

Q　寄付をした会社の社長はなんて言っているの？

A　108万円を献金したパチンコ会社の社長は「地元議員で商店街や自治会でお世話になっていて、長年行ってきた」と説明し、パチンコ業界としての要望は「ない。（坂井氏の）運動の妨げになる」と否定しています。

Q　こういう寄付は問題にならないの？

A　専門家は「政治倫理上、所管企業からの献金は問題がある」と指摘しています。大臣規範でも「国民の疑惑を招くような行為をしてはならない」と決められています。",[],[]
「政界メリーゴーラウンドだ」榛葉氏が皮肉　「改革」の自民会派入り（毎日新聞）,https://news.yahoo.co.jp/articles/2654f97d104932ba48fd75dc85fc44c20d877398,https://newsatcl-pctr.c.yimg.jp/t/amd-img/20251128-00000044-mai-000-2-view.jpg?exp=10800,2025-11-28T15:51:12+09:00,2025-11-28T15:55:29+09:00,毎日新聞,mai,毎日新聞,562,"国民民主党の榛葉賀津也幹事長
国民民主党の榛葉賀津也幹事長は27日の記者会見で、衆院会派「改革の会」所属の斉木武志氏ら3氏が自民党会派に合流し、衆院での少数与党が解消されることについて「自民も必死だ。ただ参院では（過半数に）依然6議席足りない。国民が考えていることを数の力で否決すれば、選挙で返ってくる」とけん制した。
【写真で見る】維新を離れた「改革の会」の顔ぶれ
榛葉氏は3氏が、自民と連立政権を組む日本維新の会の運営を批判して離党届を出し、除名された経緯を踏まえ「維新を抜けた方々が、維新が連立を組んでいる自民に入った。複雑だ。まさに政界メリーゴーラウンドだ」と皮肉った。少数与党が解消された国会での政策実現については「影響はない」と強調。世論調査では高市早苗首相の支持率は高いものの「自民党の支持率は石破茂前内閣と変わっていない」とも指摘した。

　また参院では、政治団体「NHKから国民を守る党」に所属していた斉藤健一郎氏を自民会派入りさせたが、立花孝志党首が兵庫県警に名誉毀損（きそん）容疑で逮捕され、斉藤氏が自民会派から離脱したことに言及。「立花氏の部下を無理やり引っ張ったり手放したりして必死ということでしょう。ただ、有権者が納得するのか。国民はよく見ている」と、自民の対応に疑問を投げかけた。【安部志帆子】",[],[]
武蔵高校中学　生徒が首をカッターで切られ、軽傷か　男子「御三家」（毎日新聞）,https://news.yahoo.co.jp/articles/fdff675840410fb1156800fcd80a920656df1fc6,https://newsatcl-pctr.c.yimg.jp/t/amd-img/20251128-00000043-mai-000-6-view.jpg?exp=10800,2025-11-28T15:40:02+09:00,2025-11-28T22:47:51+09:00,毎日新聞,mai,毎日新聞,263,"切り付け事件があった武蔵高校中学校＝東京都練馬区豊玉上1で2025年11月28日午後4時16分、朝比奈由佳撮影
28日正午ごろ、東京都練馬区豊玉上1の武蔵高校中学校で、生徒同士の切り付けがあったと110番があった。捜査関係者によると、13歳くらいの男子生徒が、別の生徒の首をカッターナイフで切り付けた。切られた生徒は病院に搬送されたが、軽傷とみられる。
【写真でみる】切りつけ事件があった武蔵高校中学
武蔵高校中学校は1922（大正11）年創立の中高一貫校で、難関とされる都内私立男子校「御三家」の一つ。【菅健吾、朝比奈由佳】",[],[]
＜東京2025デフリンピック＞デフリンピック関係者が小池都知事と面会　コーサ会長、手話で報告（毎日新聞）,https://news.yahoo.co.jp/articles/4fbf59130211ef1bf3c85a958aec7e90258c129c,https://newsatcl-pctr.c.yimg.jp/t/amd-img/20251128-00000042-mai-000-2-view.jpg?exp=10800,2025-11-28T15:39:35+09:00,2025-11-28T16:03:47+09:00,毎日新聞,mai,毎日新聞,448,"小池百合子知事（前列中央）と並ぶアダム・コーサ会長（同右）や日本選手ら＝新宿区の都庁で、2025年11月28日午後0時52分、加藤昌平撮影
日本初開催で26日に閉幕した聴覚障害者の国際スポーツ大会「東京デフリンピック」を主催した、国際ろう者スポーツ委員会（ICSD）のアダム・コーサ会長らデフリンピック関係者が28日、東京都新宿区の都庁で小池百合子知事と面会した。
【写真で見る】バスケ女子が「金」　東京デフリンピック
コーサ会長は手話で「今大会では39のデフ世界新記録と62の大会新記録が出た」と報告。「これまでの多大なるご支援について感謝を申し上げる」と謝意を述べた。

　金メダル2個、銀メダル1個を獲得した陸上の山田真樹選手ら日本選手も同席。山田選手は「お客様とアスリートが一緒に盛り上がれたことをとてもうれしく思っている」と手話であいさつした。

　小池氏は「スポーツの力を生かした社会変革、また、インクルーシブな都市づくりの理念を東京から世界へと広げていきたい」と話した。【加藤昌平】",[],[]
証券口座乗っ取りにメス　不正取引で「相場操縦」容疑　2人逮捕（毎日新聞）,https://news.yahoo.co.jp/articles/5d13373a7a59793c9a797430077ad7ef7430fdc4,https://newsatcl-pctr.c.yimg.jp/t/amd-img/20251128-00000041-mai-000-5-view.jpg?exp=10800,2025-11-28T15:34:59+09:00,2025-11-28T23:05:20+09:00,毎日新聞,mai,毎日新聞,789,"パトカーの赤色灯＝曽根田和久撮影
証券口座が乗っ取られ、株を勝手に売買された問題で、ついに捜査のメスが入った。警視庁などの合同捜査本部は28日、他人の証券口座を乗っ取って株を売買し、意図的に株価をつり上げたとして、中国籍の男性2人を不正アクセス禁止法違反と金融商品取引法違反（相場操縦）の疑いで逮捕した。
【図で見る】25年1月～10月の不正取引の推移
1月以降に発覚した不正取引は9000件を超え、総額は7000億円以上に上る。一連の問題で、不正取引に関与したとされる容疑者の逮捕は初めて。捜査本部は、口座への不正アクセスだけでなく、本丸ともいえる相場操縦での摘発に踏み切った。多額に及ぶ不正の実態解明を進める。

　逮捕されたのは、いずれも中国籍で、川崎市川崎区の会社経営、林欣海（38）と東京都江東区の職業不詳、江榕（42）の両容疑者。

　逮捕容疑は、何者かと共謀して3月17日、証券会社の顧客男女10人が持つ10口座へ不正にアクセス。これらの口座と、林容疑者が経営する法人名義の口座を使って、東証スタンダードに上場している1企業の株へ大量の買い注文を出したり、買い付けをしたりして、不正に株価を84円から110円に3割つり上げ、70万株を売り抜けたとしている。警視庁は認否を明らかにしていない。

　警視庁サイバー犯罪対策課によると、両容疑者は株価をつり上げるため、法人口座と乗っ取った口座との間で、同じ価格で売りと買いの注文を同時に出す「なれ合い売買」もしていたとみられる。一連の不正取引で、法人口座には、買い付け額の10％に当たる860万円の売却益が生じたという。

　乗っ取り問題に対し、大手証券各社は数十億円規模の被害補償やセキュリティー強化に乗り出している。不正取引のピークだった4～5月以降、被害は減少傾向にあるが、10月は前月より増加している。【菅野蘭】",[],[]
政府、補正予算案18.3兆円を閣議決定　国債依存6割（毎日新聞）,https://news.yahoo.co.jp/articles/ab0935fc7e18ffb2868cde39074815deab6e5658,https://newsatcl-pctr.c.yimg.jp/t/amd-img/20251128-00000040-mai-000-1-view.jpg?exp=10800,2025-11-28T15:32:21+09:00,2025-11-28T15:32:21+09:00,毎日新聞,mai,毎日新聞,230,"国会議事堂＝東京都千代田区で、平田明浩撮影
政府は28日、2025年度補正予算案を閣議決定した。一般会計の歳出は18兆3034億円で、物価高対策や投資促進策などを柱にした経済対策を裏付ける。歳入の6割は11兆6960億円の国債を追加発行して賄い、財政悪化が進む。
【写真で振り返る】日本経済　バブルの始まりと終わり
補正予算案は開会中の臨時国会に提出し、早期成立を目指すが、当初予算と合わせた一般会計の規模は133兆5012億円に膨らむことになる。【加藤結花】",[],[]
自民会派に「改革の会」3氏が合流　1年ぶり、衆院過半数回復へ（毎日新聞）,https://news.yahoo.co.jp/articles/42877417576168f7a1f3a9a44bb566b90e14cace,https://newsatcl-pctr.c.yimg.jp/t/amd-img/20251128-00000039-mai-000-3-view.jpg?exp=10800,2025-11-28T15:20:45+09:00,2025-11-28T16:26:43+09:00,毎日新聞,mai,毎日新聞,458,"自民党の鈴木俊一幹事長らとの面会を終えて報道陣の取材に応じる斉木武志氏（中央）、守島正衆氏（右）、阿部弘樹氏（左）＝国会内で2025年11月28日午後2時1分、平田明浩撮影
自民党の鈴木俊一幹事長と衆院会派「改革の会」に所属する無所属の3議員は28日、国会内で会談し、3氏が自民会派に合流することで合意した。会派入りの手続きも完了した。

　3氏は斉木武志（比例北陸信越）、阿部弘樹（比例九州）、守島正（大阪2区）で、日本維新の会を9月に除名された後、会を結成していた。

　自民と維新の与党会派は現在230議席で、合流すれば233議席となり、約1年ぶりに衆院で過半数を回復する。10月の首相指名選挙では高市早苗首相に投票しており、過半数確保に向けて協力を打診していた。

　鈴木氏は面会後、記者団に「今まで以上に安定した政権ができる。他党との関係を重視しながらやっていきたい」と述べた。

　ただ、参院では自民、維新両会派で119議席と過半数に6議席足りず、引き続き野党の協力が必要な状況が続いている。【高橋祐貴】",[],[]
米軍普天間飛行場の辺野古移設　大浦湾側の埋め立て工事を開始（毎日新聞）,https://news.yahoo.co.jp/articles/b79941e0fc76d0879707e7b28d5ad091f4225dab,https://newsatcl-pctr.c.yimg.jp/t/amd-img/20251128-00000038-mai-000-7-view.jpg?exp=10800,2025-11-28T15:12:02+09:00,2025-11-28T22:06:54+09:00,毎日新聞,mai,毎日新聞,1056,"埋め立て工事が始まった米軍キャンプ・シュワブ（左）東側の大浦湾＝沖縄県名護市で2025年11月28日午後3時26分、本社機「希望」から幾島健太郎撮影
米軍普天間飛行場（沖縄県宜野湾市）の名護市辺野古への県内移設計画で、防衛省は28日、米軍キャンプ・シュワブ東側の大浦湾で埋め立て工事を開始した。大浦湾側の埋め立ては初めてで、護岸で囲った約4・2ヘクタールの海域に土砂を投入した。今後、湾内の埋め立て予定海域に広がる軟弱地盤の改良工事と並行して、埋め立てを進める。
【写真で見る】辺野古移設　大浦湾側の埋め立て工事
小泉進次郎防衛相は28日午前の閣議後記者会見で、「引き続き地元の皆様に丁寧な説明を行いながら工事を着実に進め、普天間飛行場の一日も早い全面返還を実現したい」と述べた。一方、辺野古移設計画に反対する沖縄県の玉城デニー知事は「（完成の）見通しが立たないにもかかわらず、生物多様性が極めて高く、貴重な自然環境を有する大浦湾を埋め立てるのは性急に過ぎる。政府は辺野古移設計画を断念し、問題解決に向け、県との対話に応じていただきたい」とするコメントを発表した。

　移設計画ではシュワブの沿岸部約152ヘクタールを埋め立てる。水深が比較的浅いシュワブ南側の海域（約41ヘクタール）では2018年12月に土砂投入し、23年9月に埋め立て工事がほぼ完了している。

　一方、大浦湾の埋め立て予定海域では17年4月に護岸工事を始めたが、約66ヘクタールの範囲で海底に軟弱地盤が見つかり、工事は止まった。防衛省は約7万1000本のくいを打ち込む大規模な地盤改良工事を施す予定で、設計変更を県に申請。玉城知事は不承認としたが、法廷闘争の末、国土交通相が23年12月、知事に代わって承認手続きを代執行した。

　これを受け、防衛省は24年8月から大浦湾側での護岸工事を再開し、24年12月から地盤改良工事にも着手。護岸で囲った海域から埋め立ても進める。

　工事は順調に進めば33年ごろに完成する見込みで、米軍への提供手続きも含めた移設の完了は36年以降とされる。総事業費について、政府は当初「少なくとも3500億円」としていたが、地盤改良工事の追加で現在は約9300億円と見積もる。ただし、24年度までにその7割の約6483億円を支出しており、総事業費がさらに膨らむ可能性が指摘されている。

　玉城知事は県内移設に反対の立場を貫くが、工事を止める有効な法的手段はない状況が続いている。【比嘉洋、喜屋武真之介、竹内望】",[],[]
国立大運営費交付金、補正予算案で421億円計上　文科省「画期的」（毎日新聞）,https://news.yahoo.co.jp/articles/c3b84eb719e583b92c4adf6984d829104518c1c7,https://newsatcl-pctr.c.yimg.jp/t/amd-img/20251128-00000037-mai-000-1-view.jpg?exp=10800,2025-11-28T15:07:27+09:00,2025-11-28T15:07:27+09:00,毎日新聞,mai,毎日新聞,803,"文部科学省＝東京都千代田区で、石田奈津子撮影
国立大学に配分されている運営費交付金について、文部科学省は28日、2025年度補正予算案に421億円を計上した。人件費の高騰を反映した。人件費に充てられる予算を補正で計上するのは04年度の国立大学法人化以降初めて。国立大の基盤的経費となる運営費交付金は減少傾向が続いており、文科省の担当者によると補正予算案で400億円超の金額が盛り込まれるのは「画期的」という。
【グラフで見る】私立大と国立大の授業料の推移
当初予算での運営費交付金は23年度以降、1兆784億円で据え置きとなっている。補正予算は23年度が65億円、24年度も93億円にとどまっていたが、25年度は大幅の増額となった。当初予算と合わせると25年度の運営費交付金は1兆1205億円になる見込みという。

　21日に閣議決定された政府の総合経済対策は「未来に向けた投資の拡大」として先端科学技術の支援を挙げ、「物価上昇などを踏まえた国立大学法人の基盤的経費の確保による基礎研究の支援」と明記しており、これらを踏まえた対応とみられる。

　運営費交付金を巡っては、11日に開かれた財政制度等審議会（財務相の諮問機関）の分科会で財務省が「（科学研究費助成事業などの）競争的資金への更なるシフト、運営費交付金依存度低下目標の設定」を促していた。文科省は26年度予算の概算要求では物価や人件費の上昇を踏まえ25年度当初予算比5・8％増の1兆1416億円を要求している。

　一方、都市部の大規模私立大の理系転換を後押しするため、22年度補正予算に創設した3000億円規模の基金に200億円を積み増すとした。省内では当初、1000億円規模の積み増しを検討していたが、財政当局との折衝の結果、計上額を引き下げた。基金の残額が800億円あり、検討していた事業規模は削減しないとしている。【木原真希、斎藤文太郎】",[],[]
「書の良さ感じて」　第31回書神会松山支部展始まる　愛媛（毎日新聞）,https://news.yahoo.co.jp/articles/e4a7a17e071dbd0f1b05a978b3f614164b72753e,https://newsatcl-pctr.c.yimg.jp/t/amd-img/20251128-00000036-mai-000-1-view.jpg?exp=10800,2025-11-28T15:01:32+09:00,2025-11-28T15:01:32+09:00,毎日新聞,mai,毎日新聞,403,"力作が並ぶ第31回書神会松山支部展の会場＝松山市堀之内の愛媛県美術館南館で2025年11月28日午前10時39分、花岡洋二撮影
松山市堀之内の愛媛県美術館南館2階で28日、第31回書神会松山支部展（毎日新聞松山支局など後援）が始まった。支部会員ら約50人の作品63点が並ぶ。30日まで。
【写真】第76回毎日書道展　表彰式の様子
展示されているのは楷書、行書、草書、隷書、かな、甲骨文字の作品。絵を添えた書画や中国・唐時代の銘文1000字以上を全て臨書した作品なども。

　支部長の松長天鴻（てんこう）さんは「皆、柔らかく品のある文字を書くことを目指している。書の良さを感じ取ってください」と話す。

　書神会は同県今治市に本部があり、毎日書道展審査会員の織田蘭齋（らんさい）さんが会長を務める。全国に約7000人の門人がいる。

　入場無料。午前9時40分～午後6時（最終日は午後4時まで）。【花岡洋二】",[],[]
北海道知事　泊原発の再稼働容認を表明「活用は現実的な選択」（毎日新聞）,https://news.yahoo.co.jp/articles/dbbc7776724328c5a078ff5876a435afb67d07fe,https://newsatcl-pctr.c.yimg.jp/t/amd-img/20251128-00000035-mai-000-2-view.jpg?exp=10800,2025-11-28T14:00:52+09:00,2025-11-28T18:07:55+09:00,毎日新聞,mai,毎日新聞,740,"北海道議会の一般質問に対する答弁で、北海道電力泊原発3号機の再稼働について「同意の方針」を示す鈴木直道知事＝札幌市中央区で2025年11月28日午後1時44分、宮間俊樹撮影
原子力規制委員会の安全審査に合格した北海道電力泊原発3号機（北海道泊村、出力91・2万キロワット）の再稼働について、北海道の鈴木直道知事は28日、道議会定例会で「原発の活用は当面取り得る現実的な選択と考えている」と述べた。再稼働を容認する発言だが、「発電所を訪れて現地で安全対策を直接確認し、4町村長の話を聞いた上で、定例会での議論を踏まえ、総合的に判断する」とも語り、最終的な判断に含みを持たせた。定例会の会期中に改めて同意の方針を示すとみられる。
【写真まとめ】22年に札幌地裁が1～3号機の運転差し止め命じた際の原告団
一般質問で自民党会派の道議の質問に答えた。容認する理由として、電力需要が増加する見通しや二酸化炭素の排出量抑制を求められていることを挙げた。

　泊原発3号機は2009年に営業運転を始め、12年から定期検査で停止。北海道電は13年7月に規制委に審査を申請し、25年7月、国の新規制基準を満たしていると認められた。

　政府は8月4日、道と原発立地・周辺の4町村に対し、地元同意を要請。泊村と共和町、神恵内（かもえない）村の3町村長は11月26日までに同意を表明した。残る岩内町の木村清彦町長も28日午後に町議会で同意を表明する見通し。北海道電が27年早期の再稼働を目指す中、知事の判断が焦点になっている。

　関係者によると、鈴木知事は12月上旬に4町村長と面会する方向で調整。4町村以外の原発が立地する後志（しりべし）地域16市町村にも意見を照会している。【片野裕之、後藤佳怜】",[],[]
五輪は「夢から目標」　変化も「意識しすぎず」　中井亜美が公開練習（毎日新聞）,https://news.yahoo.co.jp/articles/997705596f52c154b22610883dfd49775cde9ee1,https://newsatcl-pctr.c.yimg.jp/t/amd-img/20251128-00000034-mai-000-2-view.jpg?exp=10800,2025-11-28T13:46:17+09:00,2025-11-28T17:06:42+09:00,毎日新聞,mai,毎日新聞,747,"公開練習に臨む中井亜美＝千葉県船橋市で2025年11月28日、猪飼健史撮影
来月4日から愛知県で開かれるフィギュアスケートのグランプリ（GP）ファイナルに出場する中井亜美選手（TOKIOインカラミ）が28日、拠点の三井不動産アイスパーク船橋で練習を公開した。自身初のシニアのGPファイナルへ向けて「出られる実感がまだ湧いていなくて。今は緊張感もなく、試合がすごく楽しみ」と笑顔を見せた。
【図解まとめ】フィギュアGPファイナル争いとミラノ五輪代表の決定方法
シニア参戦1季目で17歳の中井選手はGPシリーズ第1戦フランス大会で227・08点をマーク。世界選手権3連覇の実績もある坂本花織選手（シスメックス）らを上回って日本女子3人目のデビュー戦優勝を飾ると、第3戦スケートカナダでも3位に入り、一番乗りでファイナル進出を決めた。

　この日の練習ではフリーの曲を部分的にかけ、ルッツ―トーループのコンビネーションなどを含む3回転までのジャンプ、スピンやステップを重点的に確認。持ち味のトリプルアクセル（3回転半ジャンプ）は跳ばなかったが、スケートカナダ後も好調を維持し、練習ではしっかりと降りているという。

　GPファイナル出場に加え、来年2月のミラノ・コルティナ冬季オリンピックの代表切符も手が届く位置にある。自身もシーズン当初は想定していなかった躍進だが、現状を冷静に受け止めている。中井選手は「五輪が夢から目標に変わっているのは事実だが、五輪を意識しすぎてしまうと実力が発揮できない。まずは全日本選手権が最終目標で、ファイナルも全日本に向けての試合だと思っている。まだまだ（他の選手を）超えられる存在だとはまったく思っていないので、まずは自分の演技ができたら」と意気込んだ。【玉井滉大】",[],[]
大分火災、半島側は鎮火　離島の蔦島も鎮圧状態に　発生から11日目（毎日新聞）,https://news.yahoo.co.jp/articles/bddbaf81af7d55c8227500ebc308c9cc228c58fb,https://newsatcl-pctr.c.yimg.jp/t/amd-img/20251128-00000033-mai-000-3-view.jpg?exp=10800,2025-11-28T13:45:45+09:00,2025-11-28T19:42:08+09:00,毎日新聞,mai,毎日新聞,772,"報道陣に公開された大規模火災現場。今も焼け焦げた臭いが残っている＝大分市佐賀関で27日、玉城達郎撮影
大分市佐賀関の大規模火災で市は28日、佐賀関半島の住宅街と山林の火災が鎮火したと発表した。住宅街から南東に約1・5キロ離れた無人島の蔦（つた）島でも鎮圧に至ったと判断。発生から11日目でほぼ収束した。
【写真まとめ】大分・佐賀関大規模火災　現場を報道陣に公開
市によると、半島側では発生3日目の20日時点で、火が燃え広がる恐れのない「鎮圧状態」となっていた。ただ、山林での消火活動は難航し、火が消えているように見える場所でも熱源が残っていた。

　消防などがドローンや赤外線カメラを使って調査を続けた結果、27日になってようやく熱源が確認されなくなり、28日も確認されなかったため、鎮火と判断した。蔦島では目視で煙は確認されていないものの上陸は難しく、引き続きヘリからの散水を続けるという。

　また28日からは市の通行許可証の発行を受けた住民が、警察官の付き添いがなくても規制線の内側に入れるようになった。渡辺壮太郎さん（77）は立ち入りが制限されていた漁港で漁船の無事を確かめ、「漁師なのでここから離れるわけにはいかない。道具をそろえて漁に出たい」と話した。

　火災では約130世帯が被災し、28日午前7時時点で82世帯114人が避難所に身を寄せる。大分県は28日、避難生活の改善や住宅確保に向け、被災者生活再建支援本部を設置。佐藤樹一郎知事は初会議で「今後は被災者の生活再建のフェーズに移っていく」と述べ、国や関係機関と連携して災害関連死の防止などに取り組むよう指示した。

　火災は18日午後5時45分ごろに発生し、住宅など182棟を焼いて少なくとも4万8900平方メートルを焼失。住民の76歳男性が死亡した。【山口泰輝、出来祥寿】",[],[]
＜1分で解説＞トランプ氏、高市氏に「中国刺激しないように」米報道（毎日新聞）,https://news.yahoo.co.jp/articles/7b7ebba281621a7ce65b04552432fff054177a4a,https://newsatcl-pctr.c.yimg.jp/t/amd-img/20251128-00000032-mai-000-1-view.jpg?exp=10800,2025-11-28T13:42:01+09:00,2025-11-28T13:42:01+09:00,毎日新聞,mai,毎日新聞,850,"トランプ米大統領（左）を出迎え、握手を交わす高市早苗首相＝東京・元赤坂の迎賓館で2025年10月28日午前9時35分（代表撮影）
日米の首脳が電話で協議を行い、米紙ウォール・ストリート・ジャーナル（WSJ）は26日、トランプ米大統領が高市早苗首相に台湾問題で中国を刺激しないよう助言したと報じました。日本政府は一部を否定しています。1分で読めて役に立つ「サクッとニュース」、今回は「高市首相の台湾発言　トランプ氏が自制を助言」を解説します。
【図解】どんな時に「参戦」?　高市首相が言及した台湾有事の例
Q　トランプ大統領が高市首相に台湾発言をめぐって助言したって聞いたよ。どんな内容だったの？

A　ウォール・ストリート・ジャーナル（WSJ）によると、トランプ米大統領は高市早苗首相に、台湾に関する発言のトーンを和らげるよう提案したとされています。日本側の国内事情も考慮し、台湾有事に関する国会答弁の撤回は求めなかったとしています。

Q　アメリカはなぜ中国に配慮しているの？

A　アメリカは中国との貿易交渉を重視していて、関係が悪くならないように気をつけているからです。

Q　トランプ氏は、中国の習近平国家主席とも電話協議をしたの？

A　24日にはアメリカと中国が電話協議を行い、習近平国家主席は約1時間のうち半分を台湾問題や国際秩序について話したとWSJは報じています。

Q　習近平氏は日本について何か言ったのかな。

A　WSJによると、習近平氏は日本については直接言及せず、トランプ氏に日本に圧力をかけるよう求めることもなかったそうです。

Q　日本政府はWSJの報道をどう受け止めているの？

A　木原稔官房長官は27日の記者会見で、「このような事実はない点は明確にしておく」と述べ、一部を否定しました。木原氏が否定したのは記事中の「トランプ大統領から台湾の主権に関する問題で中国政府を挑発しないよう助言」とした部分です。WSJには、こうした事実がないことを申し入れしたそうです。",[],[]
東京都が新生児1人あたり3万円支援へ　所得制限設けない方針（毎日新聞）,https://news.yahoo.co.jp/articles/fe265bef8901bcdfa42961a56a09af775a84cc15,https://newsatcl-pctr.c.yimg.jp/t/amd-img/20251128-00000031-mai-000-2-view.jpg?exp=10800,2025-11-28T12:46:43+09:00,2025-11-28T12:53:42+09:00,毎日新聞,mai,毎日新聞,177,"東京都庁＝小川信撮影
出産後の家庭の負担軽減を図るため、東京都は2026年1月～27年3月、新生児1人あたり3万円を支援する方針を固めた。事業費24億円を補正予算案に計上する見通し。
【図解】日本は子育てしやすい環境ですか？　結果は…
都幹部によると、対象期間に生まれた子供の保護者に支給する。所得制限は設けない方針で、国の交付金など活用する。【遠藤龍】",[],[]
合憲判断に「間違いでは?」　同性婚訴訟　東京高裁判決に原告側憤り（毎日新聞）,https://news.yahoo.co.jp/articles/52345fa3069d7e4617c463e24091ba1ae8982913,https://newsatcl-pctr.c.yimg.jp/t/amd-img/20251128-00000030-mai-000-7-view.jpg?exp=10800,2025-11-28T12:36:10+09:00,2025-11-28T19:24:32+09:00,毎日新聞,mai,毎日新聞,600,"東京高裁の合憲判決を受けて取材に応じる原告ら＝東京都千代田区で2025年11月28日午前11時49分、内藤絵美撮影
同性同士の婚姻を認めていない現行の民法や戸籍法の規定が憲法に反するかが争われた訴訟の控訴審判決で、東京高裁は28日、「合憲」と判断した。全国5地裁に6件起こされた同種訴訟で最後の控訴審判決。これまでの5件はいずれも違憲で、「ダメ押し」となる司法判断を願ってきた原告側からは「間違いではないか」と憤る声が上がった。
【写真で見る】「合憲」判断に落胆する原告ら
午前11時すぎ。控訴審で初めてとなる「合憲」の判断が出されたとのニュースが流れると、東京高裁前で吉報を待っていた支援者たちから「えー、合憲？」「めちゃくちゃだ」とどよめきが起き、涙ぐむ人の姿も見られた。

　しばらくして、判決を聞き終えた原告の同性カップルらが高裁前に現れ、「不当判決　結婚の平等を認めず」と書かれた紙を掲げた。

　原告の一人、鳩貝啓美さん（60）は報道陣を前に「理解しがたく、本当に残念な判決。涙が出ると言うより、怒り、あきれる。裁判官は私たちが届けた声を聞いてくれていたのか」と語った。

　その上で、「この結果にあきらめることなく、最高裁に向けてさらに行動することが大切」と話した。

　最後は支援者たちから原告たちに対して大きな拍手が起き、「おかしい！」「頑張るぞ！」との声援が続いた。【安達恒太郎】",[],[]
＜1分で解説＞衆院で少数与党が解消へ　「改革」3氏が自民会派入り（毎日新聞）,https://news.yahoo.co.jp/articles/058a4442bd62ecb20f0674259bb7c5370daaa5a7,https://newsatcl-pctr.c.yimg.jp/t/amd-img/20251128-00000029-mai-000-1-view.jpg?exp=10800,2025-11-28T12:34:03+09:00,2025-11-28T12:34:03+09:00,毎日新聞,mai,毎日新聞,641,"自民党本部＝東京都千代田区で2025年10月4日、平田明浩撮影
衆議院の会派「改革の会」に所属する3人が自民党の会派に加わることがわかりました。これにより、自民党と日本維新の会は合わせて233議席となり、衆議院で過半数を確保します。2024年10月の衆院選後から続いていた「少数与党」の状態が解消される見通しです。1分で読めて役に立つ「サクッとニュース」、今回は「衆院の少数与党、解消へ」を解説します。

Q　改革の会の3人が自民党会派に入るって聞いたよ。どうしてそんなことになったの？

A　自民党と日本維新の会は、これまで衆議院で過半数に3議席足りませんでした。そこで自民党側が改革の会の3人に会派入りを打診し、交渉を進めてきたのです。3人は25年10月の首相指名選挙で高市早苗首相に投じていました。

Q　改革の会の3人はどんな人たちなの？

A　阿部弘樹氏（比例九州ブロック）、斉木武志氏（同北陸信越ブロック）、守島正氏（大阪2区）の3人です。もともと日本維新の会にいましたが、除名されています。

Q　少数与党って何が問題なの？

A　少数与党とは、与党の会派が過半数に足りない状態のことです。過半数があると、法律や予算を通しやすくなります。2024年10月の衆院選後から、少数与党の状態が続いていました。

Q　参議院ではどうなっているのかな。

A　参議院では自民と維新の会は計119議席で、過半数の125議席に届いていません。そのため、引き続き野党の協力が必要です。",[],[]
駐インドネシア大使、「異例」の空席に　5日で辞任、後任決まらず（毎日新聞）,https://news.yahoo.co.jp/articles/83605a18267438edb9927e3d8351cd1b681431ec,https://newsatcl-pctr.c.yimg.jp/t/amd-img/20251128-00000028-mai-000-1-view.jpg?exp=10800,2025-11-28T12:19:04+09:00,2025-11-28T12:19:04+09:00,毎日新聞,mai,毎日新聞,338,"外務省＝米田堅持撮影
政府は28日の閣議で、正木靖・駐インドネシア大使が退官する人事を決めた。市川恵一・現国家安全保障局長が10月16日に後任の大使に就任していたが、高市早苗首相の抜てきにより、5日後の21日に大使を辞任した上で同局長に転じた。駐インドネシア大使の後任は決まっておらず、空席となる。主要国の大使が病死など以外で空席になるのは異例。
【写真で見る】党首討論に臨む高市首相
大使の交代時は、新大使の赴任に時間がかかるため、発令上は新旧大使の任期が重なるのが慣例。外務省幹部は「正木氏は前大使なのか、元大使なのか難しい」と話す。正木氏は18日の経済協力開発機構（OECD）理事会で次期事務次長への就任が決定しており、12月1日から2年の任期を務める予定。【田所柳子】",[],[]
立花孝志容疑者を起訴　死亡した元兵庫県議への名誉毀損罪　地検（毎日新聞）,https://news.yahoo.co.jp/articles/c4bb6bc3da958736c07ed0b93e162f51af392ca7,https://newsatcl-pctr.c.yimg.jp/t/amd-img/20251128-00000027-mai-000-1-view.jpg?exp=10800,2025-11-28T11:42:37+09:00,2025-11-28T11:42:37+09:00,毎日新聞,mai,毎日新聞,651,"兵庫県警本部から送検される立花孝志容疑者（中央）＝神戸市中央区で2025年11月10日午前9時43分、大西岳彦撮影
元兵庫県議の男性を中傷したとして逮捕された政治団体「NHKから国民を守る党」党首の立花孝志容疑者（58）について、神戸地検は28日、名誉毀損（きそん）の罪で起訴した。
【表】元県議に対する立花氏の発言と経緯
立花被告は交流サイト（SNS）や選挙の演説で昨年12月～今年1月、元兵庫県議の竹内英明さん（当時50歳）が県警の任意聴取を受けて逮捕される予定だったなどと発信し、竹内さんの名誉を傷つけたとされる。中傷は竹内さんの死亡後も続けられたという。

　竹内さんの妻から刑事告訴を受け、県警が9日に逮捕していた。

　竹内さんは斎藤元彦知事のパワハラ疑惑などを調べる「県議会調査特別委員会（百条委）」の委員を務めていた。

　県議会から不信任決議を突きつけられた斎藤氏は、失職に伴う出直し知事選（2024年11月17日投開票）に出馬。立花被告も立候補し、自身の当選を目指さず斎藤氏を支援する「2馬力選挙」を展開した。

　被告はSNSや街頭演説で、斎藤氏に批判的な立場の一部県議らを激しく非難。竹内さんも疑惑を告発する文書の作成に関わったと名指しされ、「黒幕」などと指摘された。

　竹内さんは出直し選直後に県議を辞職。しかし妻らによると、被告の発信に端を発した匿名の誹謗（ひぼう）中傷が相次いだ。竹内さんは今年1月18日に自宅で死亡しているのが見つかった。自殺とみられる。【木山友里亜】",[],[]
「負けず嫌いになって」　B1名古屋の加藤嵩都選手が小学校で講演（毎日新聞）,https://news.yahoo.co.jp/articles/79f59adca54e56b6118ec31cfe5b1a2721a3a3c8,https://newsatcl-pctr.c.yimg.jp/t/amd-img/20251128-00000026-mai-000-1-view.jpg?exp=10800,2025-11-28T11:15:20+09:00,2025-11-28T11:15:20+09:00,毎日新聞,mai,毎日新聞,493,"児童に夢をかなえるために大切なことを話す名古屋ダイヤモンドドルフィンズの加藤嵩都選手（左）と吉田英司さん＝名古屋市東区の市立東桜小で2025年11月27日午前9時56分、川瀬慎一朗撮影
バスケットボールB1「名古屋ダイヤモンドドルフィンズ」の加藤嵩都選手と吉田英司U15ヘッドコーチが27日、名古屋市東区の市立東桜小でトークショーを開き、小学4、5年生計105人が耳を傾けた。

　子供たちの豊かな心を育むため市が進める「夢と命の絆づくり推進事業」の一環。2人は自身の経歴を紹介し、加藤選手は「20歳でプロになりたい思いが強くなり、バスケで生きていく決意をした」と振り返った。

　夢をかなえるために大切な事として、加藤選手は「時間の使い方」を挙げた。その上で「簡単に負けてはいけない。負けず嫌いになってほしい」と呼びかけた。吉田コーチは「自分が夢中になれる好きなことを見つけて、やり続けてほしい」と語った。

　トークショー後は、加藤選手が実技指導を行った。加藤選手のパスを受けてレイアップシュートなど練習し、児童らは「難しかったけれど、楽しかった」と笑顔を見せていた。【川瀬慎一朗】",[],[]
同性婚訴訟、2審で初の「合憲」判決　他5件は「違憲」　判断割れる（毎日新聞）,https://news.yahoo.co.jp/articles/1c0e5b15ca5ad0e7486b571a893ed0289e8870ca,https://newsatcl-pctr.c.yimg.jp/t/amd-img/20251128-00000025-mai-000-12-view.jpg?exp=10800,2025-11-28T11:14:54+09:00,2025-11-28T22:49:31+09:00,毎日新聞,mai,毎日新聞,864,"東京高裁の合憲判決を受けて取材に応じる原告ら＝東京都千代田区で2025年11月28日午前11時49分、内藤絵美撮影
同性同士の婚姻を認めていない現行の民法や戸籍法の規定が憲法に反するかが争われた訴訟の控訴審判決で、東京高裁は28日、「合憲」と判断した。全国5地裁に6件起こされた同種訴訟で、高裁での「合憲」は初めて。これまで2審は「違憲」が5件続いていたが、最後に判断が分かれた。国の賠償責任は6件いずれも否定した。
【一覧】同性婚訴訟　これまでの1審、2審の憲法判断は…
東亜由美裁判長は、現在の状況が続けば「憲法違反の問題が生じることは避けられない」としつつ、「まずは国会で審議が尽くされるべきだ」と判決理由を述べた。

　高裁判断が出そろい、最高裁が今後、統一判断を示す見通し。訴訟は、札幌、東京（2件）、名古屋、大阪、福岡の各地裁に起こされ、1審段階でも「違憲」2件▽「違憲状態」3件▽「合憲」1件――と判断が分かれていた。

　28日の判決の対象となった同性カップル側は訴訟で、現行制度が、法の下の平等を定めた憲法14条▽婚姻の自由を保障する24条1項▽個人の尊厳と両性の平等に基づいた家族法の制定を求める24条2項――に違反すると主張した。

　1審・東京地裁判決（2024年3月）は「同性カップルが婚姻や婚姻に類似した制度がないことで、税・社会保障の優遇措置や、2人の関係を公に証明されるといった利益を一切受けられていない」と指摘。合理的な理由は認められないとする一方で、具体的な制度設計は国会に委ねられているとし、24条2項に違反する状態（違憲状態）とする判断にとどめた。

　控訴審で、同性カップル側は、婚姻に類似した制度では同性カップルが劣った存在だとのレッテルを貼ることになり、個人の尊厳を害するとし、高裁に違憲と言い切るように求めた。

　これに対して国側は、憲法が婚姻について異性間のものであることを前提としており、同性カップルが婚姻できないからといって、違憲とは言えないと反論していた。【安元久美子】",[],[]
自衛隊のクマ捕獲支援、11月末で終了　防衛相「ニーズに応えた」（毎日新聞）,https://news.yahoo.co.jp/articles/a6972006bf5725e3131e7ab217879f619ef9bfc1,https://newsatcl-pctr.c.yimg.jp/t/amd-img/20251128-00000024-mai-000-3-view.jpg?exp=10800,2025-11-28T11:10:49+09:00,2025-11-28T18:12:40+09:00,毎日新聞,mai,毎日新聞,878,"クマ捕獲用の箱わなの運搬を手伝う陸上自衛隊員たち＝秋田県由利本荘市で2025年11月25日午前11時ごろ（陸上幕僚監部提供）
クマによる人身被害が深刻な秋田県で捕獲支援活動中の陸上自衛隊について、小泉進次郎防衛相は28日、当初の想定通り今月末に現地での活動を終了すると明らかにした。
【写真】クマに引っかかれたら　過去にクマに襲われた男性の背中
小泉氏は閣議後の記者会見で「自衛隊の本来任務は国防であり、無制限にクマ対策を実施できないとの前提の下、当初から限られた期間で役割をまっとうすべく活動してきた。各自治体のニーズにお応えしたことから、漫然と期間を延長せず、活動を終了することとした」と述べた。

　陸自の派遣は秋田県の鈴木健太知事が小泉氏に要望。陸自は5日、県と協力協定を締結し、秋田駐屯地（秋田市）の第21普通科連隊を派遣した。協定に基づく派遣期間は30日までとし、延長については状況を踏まえて調整するとしていた。

　陸自によると、27日までに隊員延べ815人が活動。重さ200キロとされる箱わな137基と駆除したクマ9頭を運搬したほか、クマを埋めるための穴の掘削も1件行った。活動地域は鹿角市や大館市、由利本荘市、八峰町、東成瀬村など県内11市町村に及んだ。

　隊員は地元猟友会のメンバーと行動を共にする一方、銃器は携行せず、鉄帽に防弾チョッキ、クマ撃退用スプレーといった「軽装」だったため安全性を懸念する声も上がったが、クマと遭遇する場面はなかったという。

　小泉氏は会見で、自治体との緊密な連携や地元猟友会の助言を受けて隊員の安全対策を図ったなどと説明。「十分な準備の下で活動に臨み、特段の課題が生じることもなく無事に活動を終了できる見込みだ」とも述べた。

　クマ対策を巡っては、政府が取りまとめた被害対策パッケージに、自衛隊や警察の退職者に狩猟免許の取得を促し、駆除への協力を要請することが盛り込まれた。小泉氏はこれを踏まえ「自衛隊OBに対する情報提供などを通じて狩猟者の確保にも協力していければと思っている」とした。【松浦吉剛】",[],[]
特殊詐欺防いだ「最後のとりで」、地元信金に県警が感謝状　愛知（毎日新聞）,https://news.yahoo.co.jp/articles/f0dccde7382a575ce4b33252b3850bfb340f2190,https://newsatcl-pctr.c.yimg.jp/t/amd-img/20251128-00000023-mai-000-1-view.jpg?exp=10800,2025-11-28T10:45:17+09:00,2025-11-28T10:45:17+09:00,毎日新聞,mai,毎日新聞,572,"緑署から感謝状を贈呈された碧海信用金庫鳴海支店の近藤高史さん（右）＝名古屋市緑区青山3で2025年11月27日午後1時20分、丘絢太撮影
特殊詐欺被害を未然に防いだとして、愛知県警緑署は27日、碧海信用金庫鳴海支店（名古屋市緑区）の従業員、近藤高史さん（52）らに感謝状を贈呈した。木村薫史署長は金融機関を「最後のとりで」と強調し、「少しでも不審だと感じたらすぐに警察に連絡してほしい」と呼びかけた。
【写真まとめ】「偶然」で心にすき　ロマンス詐欺で1000万円失った男性の告白
10月22日午後2時ごろ、来店した70代女性が窓口で引き出し限度額を93万円に引き上げるよう求めた。不審に思った近藤さんが丁寧に声をかけると、女性は区職員を語る男性から電話で「医療費の還付手続きをしないといけない」などと言われたと説明したという。

　近藤さんの説得を受け女性が警察に相談したことで、電話は詐欺だと発覚。女性は「よかった」と胸をなで下ろしていたという。

　近藤さんは「地域に根ざす金融機関の使命として、詐欺を未然に防ぐことができてよかった」と語った。

　県警組織犯罪特別捜査課によると、今年1～10月の県内の特殊詐欺の被害件数は前年同期比377件増の1603件で、被害金額は同約38億6300万円増の約66億8700万円に上っている。【丘絢太】",[],[]
災害時も安心して　幼稚園内施設を乳幼児専用の避難場所に　山口（毎日新聞）,https://news.yahoo.co.jp/articles/5f1fb8c5d1bc07573837a4b6e20a7d54e1239603,https://newsatcl-pctr.c.yimg.jp/t/amd-img/20251128-00000022-mai-000-1-view.jpg?exp=10800,2025-11-28T10:42:00+09:00,2025-11-28T10:42:00+09:00,毎日新聞,mai,毎日新聞,947,"野田学園幼稚園子育て支援センターたまごのおうち＝山口市天花１で２０２５年１１月２５日午後０時５２分、藤田宰司撮影
山口市と学校法人野田学園は、災害時に乳幼児とその家族を受け入れる専用避難場所として、法人が運営する認定こども園内の施設を指定し、協力して運営する協定を締結した。乳幼児受け入れに特化した避難場所の協定は県内初めて。【藤田宰司】

　施設は野田学園幼稚園子育て支援センター「たまごのおうち」（山口市天花１）。鉄骨造平屋約１７０平方メートルに２部屋と授乳コーナー、トイレを備え、日ごろは地域の母親や妊婦らの交流や相談会、保護者向けワークショップ、未就園の乳幼児の遊び場などに使っている。

　受け入れ対象を小学校入学前までの子供と家族と定め、災害の規模や避難状況から市が必要と判断した場合、野田学園に開設を要請する。野田学園は、食料や飲料水、おむつ、ミルクなど必要な物資の配布▽ケアにあたる保育士らの配置▽アレルギー対応食や離乳食の提供――などに対応する。開設期間は５日以内を基本に、必要に応じて延長も可能。運営にかかる費用は市の負担とする。

　こども園にはおむつや粉ミルクなどの備蓄や、ケアにあたる保育教諭や養護教諭、食事を準備する管理栄養士らスタッフもそろっている。中村直子副園長は「日常の園児の給食は園内の調理室で作っており、食材の準備、アレルギーや離乳食も問題なく対応できる。安心して過ごしてもらえるよう努めたい」と話す。

　受け入れる家族数は当面５家族を想定。市防災危機管理課の伊藤一孝課長は「大殿地区で最初に開設する避難所は大殿地域交流センターだが、収容人数に限りがある。多数の避難者がいたり、乳幼児家族に特別な配慮が必要となれば開設をお願いすることになる」と説明。「課題を探り、他地区の避難者の受け入れが可能か、同様の協定を他地区でも結べるか検討していきたい」と話した。

　２１日にたまごのおうちで、協定締結式があり、伊藤和貴市長は「避難場所と人的支援の提供は、いざという時に乳幼児や家族が安全に安心して生活できる大きな力となる」と期待し、野田学園の田辺恒美理事長は「市と連携して受け入れ態勢を整え、災害時に安心して過ごせる環境づくりに取り組みたい」とあいさつした。",[],[]
冬の競演へ…五重塔とクロマツ「雪吊り」　名残の紅葉彩り　山口（毎日新聞）,https://news.yahoo.co.jp/articles/a3b89e75e3378fc60121e03339873fcc843cfeee,https://newsatcl-pctr.c.yimg.jp/t/amd-img/20251128-00000021-mai-000-1-view.jpg?exp=10800,2025-11-28T10:31:59+09:00,2025-11-28T10:31:59+09:00,毎日新聞,mai,毎日新聞,392,"国宝瑠璃光寺五重塔の前で行われた雪吊りの取り付け作業＝山口市香山町で２０２５年１１月２７日午前１１時１４分、藤田宰司撮影
山口市香山町の香山公園のクロマツを雪害から守る「雪吊（づ）り」の取り付け作業が２７日あり、雪の季節に備えた。
【写真】重厚な姿　国宝瑠璃光寺五重塔
冬を迎えるための準備作業で、毎年１１月下旬に行っている。庭園を管理する造園業者の職人らがクロマツ９本の幹のそばに支柱を立て、支柱の頂上から放射状に縄を垂らし、雪が積もって枝が折れないよう、縄を結びつけていった。

　公園内の国宝瑠璃光寺（るりこうじ）五重塔は屋根の葺き替え工事に伴い、２０２３年６月～２５年４月に覆いが掛けられていたため、五重塔と雪吊りが一緒に見られるのは２３年３月以来。

　観光客は名残の紅葉と五重塔、雪吊りの競演を眺め、写真を撮って晩秋を味わっていた。雪吊りは３月下旬に撤去する。【藤田宰司】",[],[]
どこからがあおり運転？　弁護士が解説する「交通トラブル六法」（毎日新聞）,https://news.yahoo.co.jp/articles/245e151af87984df7c824027aca4fe30bd679edb,https://newsatcl-pctr.c.yimg.jp/t/amd-img/20251128-00000020-mai-000-1-view.jpg?exp=10800,2025-11-28T10:30:16+09:00,2025-11-28T10:30:16+09:00,毎日新聞,mai,毎日新聞,1047,"「交通トラブル六法」を出版した藤吉修崇弁護士＝東京都港区で2025年11月14日午後2時43分、最上和喜撮影
交通トラブルに巻き込まれた際に役立つ法律知識をまとめた書籍「交通トラブル六法」（KADOKAWA）を、この分野に詳しい藤吉修崇（のぶたか）弁護士（51）＝第一東京弁護士会＝が出版した。来春から始まる自転車の交通違反に対する反則金制度など、時代や社会のあり方とともに変わる複雑な交通ルールを、専門知識がなくても理解できるよう、かみ砕いて説明している。
【図解】反則金の対象となる自転車の主な違反
仕事で交通事案を扱う中で、道路交通法に関する根拠のない言説が交流サイト（SNS）などで広まっている実態を知り、「放っておくのは危険だ」と執筆を決意。本書は、「意外と知らない過失割合の真相」「本当に役に立つ道路交通法のリアル」「『知らなかった！』では済まされない道路の常識と非常識」――のテーマごとに、具体的な事例について関連法令を参照しながら「正しい対処方針」を示している。

　例えば、あおり運転と安全運転の線引き。本書では車間距離を詰めた走行のほか、不必要な急ブレーキや執拗（しつよう）なクラクションなど、あおり運転と判断される10項目の違法行為を紹介。「交通量が多くて自然に車間距離が詰まるのはセーフだが、前の車を威嚇する目的で接近した場合はアウト」など「妨害目的の有無」がポイントになると指摘している。

　あおり運転を巡り国は、2020年の道交法改正で取り締まりを強化。著しい危険が生じた場合は5年以下の拘禁刑または100万円以下の罰金が科され、運転免許も取り消される。ドライブレコーダーなどで撮影され個人が特定されるリスクもあり、藤吉弁護士は「一瞬の感情で人生が台無しになる」と注意を呼びかけている。

　ほかにも、事故を起こした相手が無保険だった場合の対処法や、赤信号で停車中のスマホ操作の是非など、いざという時に役立つ法律知識や交通トリビアをイラスト付きで紹介している。

　藤吉弁護士は、自身のユーチューブチャンネルでも交通トラブルをテーマに取り上げ、道交法の正しい理解や交通安全意識の啓発に取り組んでいる。「一歩外に出れば、交通トラブルの火種はそこらじゅうに転がっている。この本が読者にとっての『エアバッグ』になればうれしい」と笑顔で話した。

　「交通トラブル六法」はA5判、208ページ。定価1870円（税込み）。全国の書店やインターネットで購入できる。【最上和喜】",[],[]
関西電力美浜・高浜原発　運転差し止め認めず　名古屋高裁金沢支部（毎日新聞）,https://news.yahoo.co.jp/articles/fbb46a2a293f3e602a0e5c7b39597427d742e3bf,https://newsatcl-pctr.c.yimg.jp/t/amd-img/20251128-00000019-mai-000-2-view.jpg?exp=10800,2025-11-28T10:16:50+09:00,2025-11-28T11:19:33+09:00,毎日新聞,mai,毎日新聞,808,"関西電力美浜原子力発電所3号機＝福井県美浜町で2021年11月28日、本社ヘリから加古信志撮影
福井県内にある関西電力美浜原発3号機と高浜原発1～4号機について、地元住民らが関電に運転の差し止めを求めた2件の仮処分申請の即時抗告審で、名古屋高裁金沢支部（大野和明裁判長）は28日、いずれも差し止めを認めない決定を出した。
【写真で見る】「不当決定を許さない」などと書かれた旗を掲げる申立人の住民ら
即時抗告審では、原発の老朽化に対する安全対策と、地震の揺れに対する安全性確保の是非が主な争点だった。

　2011年3月に起きた東京電力福島第1原発事故を教訓に、原発の運転期間は「原則40年」とするルールが定められたが、原子力規制委員会の認可を受ければ最長60年まで運転期間が延長可能となる。

　美浜、高浜原発の計5基は1974～85年に運転が始まり、運転期間が40年を超えている。

　住民側は高温高圧の過酷な環境で運転を続ける原発は稼働年数が進むにつれて故障が増加し、事故のリスクが高まっていると主張。関電側は40年を超える運転期間延長の申請時に特別点検を行った上で延長が認められていると反論していた。

　また、両原発で関電が設定した、原発の耐震設計の目安となる「原子力施設の運転中に発生しうる最大の揺れ」（基準地震動）が妥当かどうかも争われた。

　住民側は関電の水準を上回る地震動が全国で数多く発生しており、妥当ではないと訴え、関電側は「地域特性を考慮して（基準地震動を）策定している」としていた。

　仮処分申請は、福井地裁が24年3月に却下する決定を出し、住民側が即時抗告していた。

　美浜、高浜原発を巡っては運転延長の認可の取り消しを求めた行政訴訟の判決で、名古屋地裁が25年3月に請求を棄却し、名古屋高裁で控訴審が続いている。12月には大津地裁で運転差し止め訴訟の判決が言い渡される。【島袋太輔】",[],[]
辺野古、大浦湾側で埋め立て着手へ　小泉防衛相が表明（毎日新聞）,https://news.yahoo.co.jp/articles/8213df7a32272baf4301dca26f2fa51d0b8f30a5,https://newsatcl-pctr.c.yimg.jp/t/amd-img/20251128-00000018-mai-000-2-view.jpg?exp=10800,2025-11-28T10:13:43+09:00,2025-11-28T10:14:40+09:00,毎日新聞,mai,毎日新聞,311,"小泉進次郎防衛相
小泉進次郎防衛相は28日の閣議後記者会見で、米軍普天間飛行場（沖縄県宜野湾市）の名護市辺野古移設計画に関し、同日にも米軍キャンプ・シュワブ東側の大浦湾で埋め立て工事に着手する予定だと明らかにした。
【図解】辺野古移設を巡る沖縄県の主な動きは…
小泉氏は「引き続き地元の皆様に丁寧な説明を行いながら工事を着実に進め、普天間飛行場の一日も早い全面返還を実現したい」と述べた。

　移設計画では、シュワブの沿岸部約152ヘクタールを埋め立てる。防衛省はシュワブ南側の海域（約41ヘクタール）での工事を先行して進めてきた。一方、東側の大浦湾では海底に軟弱地盤が見つかり、地盤改良工事が必要になっていた。【竹内望】",[],[]
法定養育費「月2万円」で正式決定　来年4月からスタート　法務省（毎日新聞）,https://news.yahoo.co.jp/articles/d398a709ca77ab2cf9f8eb96aaae7da1bcdef0b5,https://newsatcl-pctr.c.yimg.jp/t/amd-img/20251128-00000017-mai-000-1-view.jpg?exp=10800,2025-11-28T10:07:24+09:00,2025-11-28T10:07:24+09:00,毎日新聞,mai,毎日新聞,541,"法務省＝本橋和夫撮影
父母が離婚した際、子の養育費に関する取り決めがなくても、子を養育する親が相手に一定額の養育費を請求できる「法定養育費」の額について、法務省は子1人あたり月2万円とすることを正式に決めた。離婚後の父母の共同親権を可能とする改正民法の施行に合わせ、2026年4月1日からスタートする。平口洋法相が28日、閣議後記者会見で明らかにした。
【解説】現行の単独親権と離婚後共同親権、何がどう違う?
法務省が8月、子1人あたり月2万円とする内容を含む省令案を公表。9月から1カ月間、パブリックコメント（意見公募）を実施した。「物価上昇を考えると2万円では足りない」などと、より高額にすることを求める意見が多数寄せられたが、有識者検討会を2回開いて2万円を維持することを決めた。

　法定養育費は離婚した父母が適正な養育費を決めるまでの間支払われる。法務省によると、あくまで暫定的な措置という制度の趣旨を踏まえ、有識者の意見も2万円が妥当との結論に至ったという。

　また、養育費の支払いが滞った場合、支払い義務がある親の財産を優先的に差し押さえられる新たな制度についても、法務省は子1人あたり月8万円を上限として優先的に弁済を受けられるとすることを正式に決めた。【巽賢司】",[],[]
香港火災、消火作業ほぼ終了　高層階では再燃も、作業難航（毎日新聞）,https://news.yahoo.co.jp/articles/8d47f043230bd7c13a953c79522d546852300d3e,https://newsatcl-pctr.c.yimg.jp/t/amd-img/20251128-00000016-mai-000-2-view.jpg?exp=10800,2025-11-28T10:06:02+09:00,2025-11-28T13:07:22+09:00,毎日新聞,mai,毎日新聞,444,"大規模火災が起きた高層住宅で、放水を続ける消防車両＝香港・大埔で2025年11月27日、ロイター
香港北部・新界地区の大埔の高層住宅群で発生した大規模火災で、消防当局は28日、死者は94人、けが人は76人になったと明らかにした。建物内部が激しく燃えて損傷しているほか、一部の住宅の高層階では時折炎が確認されるなど作業は難航している。
【写真でみる】消火活動続くも、煙と炎が上がる高層マンション
消防局幹部は28日未明に消火作業はほぼ終了したが、一部では再燃するケースも起きていると説明した。救助要請があったうち残っている25件の捜索に全力を挙げているという。香港政府トップの李家超行政長官は27日未明に279人と連絡が取れていないと発表したが、その後更新されていない。

　火災は住宅群の改修工事で、燃えやすい発泡材などの資材が使われていたことが延焼につながったとの指摘がある。当局は今後本格的な調査を進めるとともに、他の改修工事現場で同様の資材が使われていないか調べる。【香港・林哲平】",[],[]
幻のキャンドルからハンドクリームまで　ハゼ祭りで特別展　福岡（毎日新聞）,https://news.yahoo.co.jp/articles/359e3549c0dd5af5b21cc548b42e77d358f8f062,https://newsatcl-pctr.c.yimg.jp/t/amd-img/20251128-00000015-mai-000-1-view.jpg?exp=10800,2025-11-28T09:45:18+09:00,2025-11-28T09:45:18+09:00,毎日新聞,mai,毎日新聞,843,"ハゼマッサージキャンドルでハンドマッサージをする松尾利香さん＝久留米市北野町のカフェ「そしじ」で、2025年11月5日午後1時38分、前田博之撮影
紅葉を迎えハゼ祭り開催中の福岡県久留米市山本町の柳坂曽根のハゼ並木特設会場で29、30の両日、「櫨（はぜ）の道」特別展が開かれる。会場では久留米で品種改良されたハゼの歴史紹介のほか、和ろうそくなどの商品、ハゼ活用促進策としてのマッサージ用キャンドルやハンドクリームも販売される。

　ハゼはかぶれる、まけると言われるが、生育期の木の話で、精製したろうでは起きない。ろう油脂には特有の脂肪酸「日本酸」が含まれ、粘性が高い特長があるため、びんつけ油や口紅など肌に触れるものにも使われる。

　ハゼマッサージキャンドルは、同市北野町のカフェ経営者、松尾利香さん（64）が整体エステをしていた8年ほど前に考案した。西洋では蜜ろう主体のものを、ハゼろうにし、椿やホホバ、ココナツなどのオイルを加え、開口部がハート形の高取焼に入れた。灯心に火をつけて和ろうそく特有の明かりに癒やされながら、溶けたろうを手にとって全身マッサージするのがおすすめという。2020年に「筑後川ブランド」に選ばれたが、現在はカフェのみに置く幻の品で、個数限定で出品する。

　県立久留米筑水高校造園デザイン科の生徒は、ハゼろうのハンドクリームを披露する。ハゼ並木の剪定（せんてい）に携わる同科では、3年生7人が2024年からハゼについて学習。ハゼろうに竹エキスやギンバイカ精油などを混ぜて肌に優しいハンドクリームの材料選びからデザインまで考え、市内の会社に委託してチューブ入り商品にした。手島翼さん（17）は「久留米の魅力をふんだんに詰め込んだクリーム」と話す。

　特別展は今年5月に、歴史ある地域文化を登録する市制定「筑後川遺産」に選ばれた記念に初めて開催。30日には筑水高造園デザイン科生徒がバスガイドをするボンネットバスが会場と道の駅くるめ間を巡回する。【前田博之】",[],[]
群馬・JR沼田駅前の公衆トイレにクマ　夜勤の警備員が襲われ軽傷（毎日新聞）,https://news.yahoo.co.jp/articles/410e215773c91c6c8d35c1b151cee1de9a8ed6a8,https://newsatcl-pctr.c.yimg.jp/t/amd-img/20251128-00000014-mai-000-4-view.jpg?exp=10800,2025-11-28T09:43:07+09:00,2025-11-28T14:51:37+09:00,毎日新聞,mai,毎日新聞,312,"群馬県沼田市
28日午前1時20分ごろ、群馬県沼田市のJR沼田駅東口の前にある公衆トイレで、警備員の男性（69）がクマに襲われた。
【図解でわかる】クマがすぐそこに…有効な防御姿勢は
県警沼田署によると、夜間勤務中だった男性はトイレの建物から出ようとしたところ、入り口からトイレをのぞき込むクマと目が合った。男性は驚いて尻餅をついて後ずさりしたが、クマに襲われ、右足の膝から足首にかけて複数箇所をひっかかれて軽傷を負った。男性が大声を出すなどして抵抗すると、クマはその場から逃げた。

　男性は歩いて近くの駅前交番に届け出て、その後病院で手当てを受けた。男性によると、クマは体長約1～1・5メートルだったという。【福田智沙】",[],[]
羽田空港第2ターミナル、トイレが流れないトラブル　7割使用できず（毎日新聞）,https://news.yahoo.co.jp/articles/a777b0bccc0ac2189ccd36102505fe353515ae2c,https://newsatcl-pctr.c.yimg.jp/t/amd-img/20251128-00000013-mai-000-8-view.jpg?exp=10800,2025-11-28T09:25:33+09:00,2025-11-28T18:30:01+09:00,毎日新聞,mai,毎日新聞,272,"羽田空港第2ターミナル＝東京・羽田空港で2019年5月10日午後0時13分、米田堅持撮影
羽田空港第2ターミナルで28日早朝、トイレの多くで便器の洗浄水が流れないトラブルが発生した。ターミナルビルを管理する日本空港ビルデングによると、ターミナル内にあるトイレ144カ所のうち、最大7割近くで洗浄水が使用できなくなった。同日午前5時ごろ、同社の防災センターから連絡があったという。
【写真で見る】量、形、色をスキャン…　TOTOの最新トイレ
同社によると約5年前にも設備の不具合で水道のトラブルがあった。復旧と原因調査を進めている。【小林多美子】",[],[]
交通量多い五差路、歩車分離式に改良へ　中学生死亡事故受け　埼玉（毎日新聞）,https://news.yahoo.co.jp/articles/96a74e10a0ac2446c585d40fdf6e662a6114c5b6,https://newsatcl-pctr.c.yimg.jp/t/amd-img/20251128-00000012-mai-000-1-view.jpg?exp=10800,2025-11-28T09:15:14+09:00,2025-11-28T09:15:14+09:00,毎日新聞,mai,毎日新聞,640,"歩車分離信号になる水判土（みずはた）交差点のイメージ図＝埼玉県警提供
９月にさいたま市西区水判土（みずはた）の埼玉県道交差点で中学３年の女子生徒が死亡した事故を受け、県警大宮西署は交差点を歩車分離信号とし、安全性を高めるよう改良することを決めた。来年度の早い段階での完成を目指す。
【写真】信号機メーカーの社内に並ぶ歴代信号機
事故は９月２０日に発生。午後７時５分ごろ、塾帰りの女子生徒（１５）＝同区＝が横断歩道を渡っていたところ、大宮駅方面から指扇駅方面に右折してきたワゴン車にはねられた。運転手は歩行者の存在に気づくのが遅れたといい、女子生徒は搬送先の病院で死亡が確認された。

　同交差点は五差路で、交通量が多い。地元自治会は２０２０年から、歩行者用の青信号が車から目視しにくいことや、横断する歩行者がいると車両が右折進行できず、青信号でも数台しか通過できないことを挙げ、信号機の歩車分離化を要望していた。

　歩車分離信号は、歩行者の横断中は車の信号が赤になるため、歩行者が青信号で渡っている横断歩道を、右左折車が横切ることがなくなる。事故後、地元自治会は改めて信号機の改良を要望したほか、市ＰＴＡ協議会も声明を発表し、原因究明と実効性ある対策を求めていた。

　事故現場となった横断歩道は、路面標示を補修するため、一時利用停止としている。大宮西署は「歩車分離化にあたって交通量を調査し、通行車両になるべく影響ないように適切な運用に努める」と理解を求めている。【鷲頭彰子】",[],[]
「タイマン」で17歳が重体　殺人未遂容疑で19歳を逮捕　滋賀県警（毎日新聞）,https://news.yahoo.co.jp/articles/aea176dabdeeaca9012361106c73caff4a070694,https://newsatcl-pctr.c.yimg.jp/t/amd-img/20251128-00000011-mai-000-4-view.jpg?exp=10800,2025-11-28T09:05:03+09:00,2025-11-28T10:07:07+09:00,毎日新聞,mai,毎日新聞,447,"現場に向かうパトカー＝佐藤賢二郎撮影
不良グループのメンバーによる「タイマン」でけんか相手を金属バットで殴り殺そうとしたとして、滋賀県警彦根署は27日、岐阜市の自称アルバイトの男性（19）を殺人未遂の疑いで逮捕した。
【写真で見る】社会に衝撃を与えた事件
逮捕容疑は26日午後10時55分～27日午前0時半ごろ、滋賀県多賀町の屋外駐車場で、滋賀県内に住む男性（17）の頭部などを金属バットで複数回殴打し、殺害しようとしたとしている。

　被害者の男性は頭蓋骨（ずがいこつ）骨折や脳挫傷、急性硬膜下血腫で重体という。

　彦根署によると、不良グループ同士でけんかをしようと、岐阜県内から数十人と、滋賀県内の十数人が集合。容疑者と男性がタイマンと称して1対1のけんかを始めた。

　容疑者による金属バットを使った一方的な殴打が続き、周囲が止めに入ったという。

　被害者の男性が受診した病院から警察に通報があり、発覚した。

　彦根署は捜査に支障があるとして、認否を明らかにしていない。【安西李姫】",[],[]
日立駅舎、高校「観光ビジネス」の副教材に　「地域の可能性」紹介（毎日新聞）,https://news.yahoo.co.jp/articles/26be771ad13ba7828811397dc1810895abf8a787,https://newsatcl-pctr.c.yimg.jp/t/amd-img/20251128-00000010-mai-000-1-view.jpg?exp=10800,2025-11-28T08:15:12+09:00,2025-11-28T08:15:12+09:00,毎日新聞,mai,毎日新聞,677,"教材に掲載される日立駅の写真。ガラス張りの駅舎から空と海を見渡せるようになっている＝茨城県日立市提供
２０１１年にリニューアルされたＪＲ日立駅（茨城県日立市）が、高校の商業科向け副教材に取り上げられる。２６年度から主に「観光ビジネス」の授業で使用されるもので、発行部数は約７０００部を予定している。
【写真まとめ】「乗って楽しい」観光列車
日立駅が登場するのは実教出版（本社・東京都千代田区）が発行する「事例探求ワークブック　はじめて学ぶ観光ビジネス編」。

　このなかの「何が観光資源になるのだろう？」という章では、人々を観光へいざなうのは決して「もともとあるもの」ではなく、人々の努力や工夫によって「つくられるもの」であると説明。その具体例として、日立市出身の建築家・妹島和世さんが手がけた駅舎リニューアルのエピソードを紹介している。

　学生時代、駅から近くにある海が見えないことを残念に思っていた妹島さんは、「日立の海と空、人々の暮らしをつなぐ場所にしたい」との思いで駅舎をガラス張りにした。完成後は、眺望の良さを求めて多くの観光客が訪れるようになった。

　教材は現在の駅舎写真を添え、「ガラス張りの駅舎そのものが観光資源であり、海と空を堪能できる」と紹介。「皆さんも自分の地域にある、魅力や可能性を秘めた観光資源を発掘してみよう」と呼びかけている。

　市広報戦略課は「教材をきっかけに全国の高校生が日立駅を訪れ、その魅力を体感してもらえたらうれしい。市民にとっても、地域の魅力を改めて見つめ直す機会になれば」と期待を寄せている。【田内隆弘】",[],[]
食べるバラを特産品に　近大院生が茶葉を加えないローズティー開発（毎日新聞）,https://news.yahoo.co.jp/articles/c62b549f0c33db4161c9164bc4e215ff0ce106f3,https://newsatcl-pctr.c.yimg.jp/t/amd-img/20251128-00000009-mai-000-1-view.jpg?exp=10800,2025-11-28T07:45:15+09:00,2025-11-28T07:45:15+09:00,毎日新聞,mai,毎日新聞,947,"温室でバラを管理する中筋穂奈実さん（右）。隣は母里美さん＝奈良県平群町福貴で2025年11月26日午後2時59分、梅山崇撮影
自家生産のバラの花を使い茶葉を加えない「ローズティー」やパウダーを今秋、近畿大大学院花卉（かき）園芸学研究室2年、中筋穂奈実さん（24）＝奈良県平群町＝が設立したベンチャー企業「ばらめく」が発売した。バラ8種類を低農薬で育て、新鮮な花が年中利用可能。ほんのりした甘さと、香りが特徴で、中筋さんは「生でサラダに加えたり、シロップ漬けやジャムにしたり、活用の可能性を探りたい」と話している。
【写真まとめ】あなたの住む場所のご当地グルメは?
バラは平群町の特産品の一つ。和歌山、広島、島根県などではエディブルフラワー（食べられるバラ）として生産している農家もあるが、県内ではそうした取り組みはなかったとみられる。花びらが厚く、香りが強い品種が食用向きとされるが、どんな品種でも食用にできるという。

　中筋さんは、母里美さん（54）が組合長を務める平群温室バラ組合からバラを購入する形で事業を進める。中筋さん自身も生育にかかわり、セ氏17度以下にならないように設定した約230平方メートルの温室に、8種類約750株を植え、1年で4～5サイクル、通年で収穫できる。

　また、ウドンコ病の発生を防ぐため、近大が開発した技術を生かし、毎晩1時間、紫外線B波を照射。これにより、栽培期間中の農薬使用量を80％以上削減でき、加工品の残留農薬は検出されないレベルになっているという。

　ティーは茶葉を加えず乾燥させた花びらのみとし、パウダーは乾燥させた花を粉末にする。将来的には、生花の提供ルートの開拓も模索する考えだ。

　商品は同町福貴の組合直売所「Heguri　Rose」、JR奈良駅前の「奈良のうまいものプラザ」、平城宮跡の一角にある「平城宮いざない館」などで販売。直売所ではローズティー450円、パウダー1100円などとなっている。

　穂奈実さんは「近大、バラ組合、平群町の連携で、地域の特産品に押し上げ、地元を盛り上げたい。バラが生活に根付き、身近なものとなれば」とこの先を見据える。

　購入などの問い合わせは「ばらめく」（080・8341・7795）。【梅山崇】",[],[]
関門海峡を一望　星野リゾート「リゾナーレ下関」内覧会　12月開業（毎日新聞）,https://news.yahoo.co.jp/articles/1d8a838430cb5355001380716bdedda9236e1945,https://newsatcl-pctr.c.yimg.jp/t/amd-img/20251128-00000008-mai-000-1-view.jpg?exp=10800,2025-11-28T07:30:14+09:00,2025-11-28T07:30:14+09:00,毎日新聞,mai,毎日新聞,1871,"室内に砂浜とハンモックを設けたスイートルーム「海峡カバナスイート」。ホテル全室から関門海峡を一望できる＝山口県下関市あるかぽーとで2025年11月27日午後0時33分、山本泰久撮影
星野リゾート（長野県軽井沢町）が山口県下関市あるかぽーとに建設していたホテル「リゾナーレ下関」が完成し、内覧会が27日あった。関門橋と関門海峡を目前にした真新しいホテルの各施設を、約70人が見学した。開業は12月11日。
【写真で見る】室内に砂浜!?　「リゾナーレ下関」のスイートルーム
星野リゾートが国内外で手がけている宿泊施設としては74番目で、コンセプトは「海峡のデザイナーズホテル」。敷地面積約1万4160平方メートル、地上12階建て（延べ床面積約1万9200平方メートル）で187室。全ての客室から海が臨める。

　星野リゾートの星野佳路（よしはる）代表は、下関市唐戸町から岬之町（はなのちょう）エリア周辺までの開発推進に官民連携で取り組む「あるかぽーと・唐戸エリアマスタープラン」に参加している。

　星野代表は内覧会のあいさつで「マスタープランがすべて完成すると、このエリアは力を持つと確信している。最初のプロジェクトとしてリゾナーレが開業する。ここでこけると投資家が引く。うまく行くと新たな需要を生み、周囲に影響を与え始めると次の投資もスムーズにいく。全力で予定通りの立ち上がりと収益確保をやっていきたい」と強調した。

　前田晋太郎・下関市長は「ロビーに入って感激した。素晴らしい空間を下関に誕生させてくれたことに感謝する。長い道のりだったが、8、9年でここまで成し遂げられたのは奇跡。久しぶりにワクワクして感極まっている」と破顔した。

　続いてホテルをデザインした、クラインダイサムアーキテクツ（東京）のアスリッド・クラインさんと福岡有紀さん、日本設計（東京）の塚川譲さんが登壇。3人は関門海峡からインスピレーションを得たと言い、ホテル全室から海が見えるように設計。「波」を連想させる「曲線」を建物全体だけでなく、屋内にも大胆に取り入れた。

　クラインさんは「街では四角い建物ができやすいが、ユニークな建物を作りたかった」。塚川さんは「曲線をどう使うかにこだわった。施工者さんには苦労をかけたと思います」と苦笑い。福岡さんは「（近接する水族館の）海響館のフグをどうデザインに取り込むかを考えました」とこれまでを振り返った。

　鏡割りでは、酒の代わりにクッキーが入った酒だるを使い、星野代表、前田市長のほか、下関市のご当地ヒーロー「海峡戦士タイガーフーク」も加わってホテル完成を祝った。

　内覧会では参加者が客室、プールなどを見学した。客室は9タイプ。最高のスイートルーム「海峡カバナスイート」には、室内に砂浜を設け、ハンモックを設置。プライベートビーチの感覚が味わえる。最大5人が泊まれる部屋や、愛犬と泊まれる部屋も用意している。

　「食」にもこだわり、メインダイニング「OTTO　SETTE　SHIMONOSEKI」では、名物のフグをイタリア料理フルコースで堪能できる。ビュッフェダイニング「PUKU　PUKU」は、夕食時に唐揚げやブイヤベースなどのフグ料理、海藻で包んだローストビーフなどを提供。朝食時にはフグ出汁（だし）で味わう瓦そば、かんきつを使ったフレンチトーストなど、下関の食材やメニューを楽しめる。

　インフィニティプールは、関門海峡の海面とプール水面がひと続きに見えるように設計され、「非日常」を演出。全天候型プール「ふぐプール」には全長30メートルのウオータースライダーを設け、壁や床のあちこちにフグのデザインがちりばめられている。

　波のようにデザインされた屋外の「なみなみテラス」には芝生エリア、ソファ、カウンター席があり、関門海峡を存分に楽しめる。子供向けコンテンツも多彩で、講座「はじめての関門海峡」では船に乗ったり、船舶の交通ルールを楽しく学んだりする。海響館飼育員からフグの生態などを学ぶ「海響館講座」や、パティシエの格好で子供たちがスイーツを作る講座もある。

　星野代表はインバウンド（訪日客）だけでなく、首都圏や福岡市からも集客していく考えを示し「世界の中で競争力を持てる場所にしたい。投資額は大きいが、この地が持つポテンシャルを発揮できる」と未来を見つめた。

　料金は、2人1室利用時の1人1泊2万1000円（税込み、食事別）から。スイートルームの場合、同条件で5万円から。【山本泰久】",[],[]
学校帰りの小中学生に「宿題席」　神戸の喫茶店が無料開放（毎日新聞）,https://news.yahoo.co.jp/articles/3ea8d9092f46977602b39bbabcff0bdfefab3dfe,https://newsatcl-pctr.c.yimg.jp/t/amd-img/20251128-00000007-mai-000-1-view.jpg?exp=10800,2025-11-28T07:15:12+09:00,2025-11-28T07:15:12+09:00,毎日新聞,mai,毎日新聞,1244,"宿題に取り組む小学生＝神戸市灘区のまるもの“あし跡”で2025年10月6日午後5時18分、山本真也撮影
学校帰りの小中学生が宿題できる席を無料提供している喫茶店がある。神戸市灘区城内通4の「まるもの“あし跡”」で、宿題を終えるとジュースなどのサービスも。オーナーの萩原英治さん（43）には「放課後の子供の居場所」だけでなく、「同席した人全員がお互いさまで過ごせる店にしたい」という思いがある。
【写真まとめ】コクヨが開発「しゅくだいやる気ペン」
王子公園近くで1994年から営業していた「まるも珈琲店」を居抜きで引き継いで5月に開店した。カウンター11席、テーブル2席で、コーヒー通や近所の人たちが利用する街の喫茶店だ。

　萩原さんは創業97年の老舗コーヒー豆卸会社「萩原珈琲」（同区）の4代目社長。まるも珈琲店にも豆を卸していたが、2024年にオーナーから高齢を理由に「店を閉めたい」と相談を受けた。

　店が立地するのは萩原さんが生まれ育った地元で、阪神大震災（1995年）で大きな被害を受け、街の様相は変わったが、喫茶店だけはそのままのたたずまいだった。「店がなくなると思い出がすべて消えていくようで、『それでは僕が引き継いでやります』と後先考えず手を挙げてしまった」と苦笑いする。

　萩原さんは常々、子供に喫茶店を身近に感じてほしいと思っていた。小中学生が昔ながらの喫茶店を利用する機会は少なく、子連れ入店を断っている店もある。そこで思いついたのが、宿題スペースとしての開放だった。店の雰囲気が壊れ、客が離れることも頭をよぎったが、「喫茶店は特定の人のための場所ではない。嫌だと思った人はもう来ないかもしれないが、居合わせた人がお互いを認め合える店にしたい」と決断した。

　平日午後3時～同6時を開放。店の交流サイト（SNS）で呼びかけたところ、地元の小中学生十数人が利用するようになった。店は「ごほうびカード」を発行し、その日の宿題を終えると、空欄を塗りつぶし、ジュースを無料提供する。空欄が5カ所埋まるとミニケーキをプレゼントする。同時に8人くらい来る日もあれば、利用が全くない日もある。一連のサービスは店の売り上げが原資だが、萩原さんは「今のところ無理なく続けられている」と話す。

　無料開放を始めるに当たって、「近所のおっちゃん」のような立場で、宿題の質問を受けたり、騒いでいたら注意したりできるように、高齢者の従業員2人を雇用した。その一人、永蔵彰さん（78）は「おしゃべりするのかなと思ったら、みんな静かに勉強している。注意したことは一度もありません」と言う。子供の横では、読書をしたり、スマートフォンをいじったり、と思い思いに過ごす客がいる。

　萩原さんは「子供は喫茶店での振る舞い方を自然に学んでいる。お客さんからの苦情はなく、気持ちよく受け入れていただいていると思っている」と話している。

　営業は午前9時～午後6時。年末年始を除き無休。【山本真也】",[],[]
「いつでも相談して」もアウト？部下のやる気をそぐNG発言11選（毎日新聞）,https://news.yahoo.co.jp/articles/3eab43c5ddf03f8c74e2eb708d2b8c22d4803e8c,https://newsatcl-pctr.c.yimg.jp/t/amd-img/20251128-00000006-mai-000-3-view.jpg?exp=10800,2025-11-28T07:00:28+09:00,2025-11-28T08:25:00+09:00,毎日新聞,mai,毎日新聞,2185,"「価値観を押し付けてはいけないけど……」と言いつつ、上司が部下に古い価値観を語っているケースもある（写真はイメージ）＝ゲッティ
「昔は（パワハラが）当たり前だった」「最後は君の気持ち次第だ」――。こんな声かけが、部下のやる気をなくさせているかもしれないと、「組織風土」をコンサルティングする「スコラ・コンサルト」（東京都）が警鐘を鳴らしている。
【あなたの判定は?】部下のモチベ下げる発言11選
2000社以上の企業や公的機関を支援する中で捉えた「部下をげんなりさせる発言」には、どんなものがあるのだろうか。

　◇「いつでもいい」と言われても

　「どんなことでも、いつでもいいから相談に来て」

　そう声をかけていたのに、相談もないまま、また退職届が出された。

　入社3年目までに離職する若手が後を絶たず、理由を尋ねても判然としない。

　ある企業が抱えていた悩みだ。

　「なんとか若手の離職を食い止めなければ」

　危機感を抱いた中間管理職は、「今にも辞めそうな」若手社員らと車座になって、ざっくばらんに話し合う機会をつくった。

　出てきたのは、思いもよらない声だ。

　「いつ見てもみんな忙しそうで、相談できない」

　「いつでもいい、の『いつ』がそもそも分からない」

　若手の吐露に驚いた。

　「えっ？　そこでつまずいていたの？」

　相談したくなった時には、最初にメールか（無料通信アプリの）LINEで「今、お電話いいですか」と一報を入れ、相手の承諾をもらって電話するという方法もあるよと話すと、今度は若手が驚いた。

　「そんな方法があるんですね」

　◇「上から目線」に部下は敏感

　「こんなやりとりを今まで何度も見てきました」と話すのは、「部下のモチベーションを下げる上司の発言」のチェックリストを監修したスコラ社の若山修さん（53）だ。

　「会社を良くしようと考える上司は多いですが、一生懸命考えた上での発言でも、部下にどのような影響を与えているかまでは自覚していない人が多い印象です」

　スコラ社が今年5月、社員数100人以上の企業に勤める男女2106人を対象に行ったインターネット調査によると、「1年未満で転職したい」と回答した人は、「転職することがありうる」「転職は全く考えていない」などと回答した人たちに比べて、次のように感じている傾向が顕著だったという。

　「上司に相談しにくい」「同僚と相談や助け合いをしにくい」「公平性や倫理、コンプライアンスは重視されていない」

　若山さんは「管理職であれば双方向のコミュニケーションの重要性については知っていると思いますが、なんとか部下と関わろうとしている人でも上から目線の意識が根幹にあるとうまくいきません」と指摘する。

　経験に裏打ちされた発言であっても、自身が若手だった頃の時代背景や今の社会情勢を顧みずに関わろうとすると、「部下をげんなりさせるような」発言につながってしまうという。

　◇どの企業でも「あるある」発言

　若山さんがチェックリストを監修した「部下のモチベーションを下げる上司の発言」は「俺は聞いていない」「昔は（パワハラが）当たり前だった」など、全部で11種類ある。

　部下に対し何種類使っているかによって「関係良好」「部下と溝ができている可能性大」などと判定する。

　特に「古い価値観を語る」と「昔は当たり前だった」は、業界や規模を問わず「ほぼ100％の確率でどの企業でも遭遇します」と断じる。

　「こうした価値観が理解できる同世代であればそれほど問題にはなりませんが、ポロッとこぼしてしまった相手が部下や若手の場合、反論できません。自分を理解してもらうことは難しい、という印象を与え、『そう言われても……』以外に受け止めようがないのです」

　また、「報連相（報告・連絡・相談）をしっかりしろ」と「どんなことでも、いつでもいいから相談に来て」も「大抵の組織で口にする人が少なくとも1人か2人はいるかな、という印象ですね」と話す。

　一見部下のやる気をそぐような発言ではなさそうだが、「しっかり部下から報連相を受けている上司はこのような言葉を口にしません。コミュニケーション頻度が高い部下と低い部下のギャップを、部下のせいにしている場合が散見されます。なんでも、いつでも、という言葉も、新入社員には分かりにくい発言です」と手厳しい。

　◇「対等で気軽に会話」がカギ

　では、どのように気をつけていけばいいのか。

　若山さんが勧めるのは、立場や役職にとらわれない「フラットな対話」だ。

　「なんでも細かく指示を出して管理したり、部下の成長を見据えて良かれと思ってやったりしても、上から目線がにじむ言動は一生懸命関わるほどに部下を疲れさせることになる可能性があります。こうした言葉が口をついてしまうこともあると思いますが、『と、私は思うけど、あなたはどう思いますか』と言葉を継ぐなど、とにかく相手の話に耳を傾ける姿勢が大切だと思います」

　また、若い世代に対しても「たまたまイマイチな上司に当たったとしてもこういう発言を知っておくことで、『うわっ、出た』と受け取るくらいの余裕を持って、自分を大切にしてほしいですね」と話した。【山本萌】",[],[]
高速道を屋根なしバスで疾走、標識が間近に迫る非日常体験　北九州（毎日新聞）,https://news.yahoo.co.jp/articles/9732deb6d4599e97ed32dfb3b3d3650a5bbd3c81,https://newsatcl-pctr.c.yimg.jp/t/amd-img/20251128-00000005-mai-000-1-view.jpg?exp=10800,2025-11-28T06:45:18+09:00,2025-11-28T06:45:18+09:00,毎日新聞,mai,毎日新聞,716,"オープントップバスで道路標識を間近に感じながら北九州市の街並みを楽しむ人たち＝北九州市小倉北区で2025年11月27日午後1時41分、井土映美撮影
北九州都市高速道路を屋根のないオープントップバスで走り抜けるバスツアーが27日、小倉北区のJR小倉駅発着で開かれた。参加者たちは、開放感あふれるバスで雨風を受けながらも、道路標識や信号が間近に迫る普段とはひと味違う景色を楽しんだ。

　ツアーは、都市高速を維持管理する福岡北九州高速道路公社がより多くの人に都市高速のことを知ってもらおうと企画した。2023年に福岡市での開催はあったが、北九州市では初めてという。

　参加費が無料で非日常な体験ができるとあって、定員約30人の枠に400人ほどが応募。抽選で当選した親子連れらが乗車し、若戸大橋（若松区）や旧官営八幡製鉄所の東田第一高炉跡（八幡東区）などの名所も巡った。参加者は、高さ約3・2メートルにある座席から市内を一望。料金所やトンネルでは天井に届かないものかと皆で手を伸ばした。

　途中で公社の北九州事務所に寄り、交通管制室で管制員が複数のモニターで落下物などを確認してパトロールカーに回収の指示を出す様子を見学した。黒崎東料金所では、通行料金を収受する料金所内に入り、ETCゲートのセンサーについて説明を受けた。

　北九州事務所の松本進所長は「今回を機に都市高速のことを知ってもらい、ファンとなっていただきたい」と語った。看護師の藤枝えりかさん（35）は門司区から娘の和花さん（6）を伴って参加。「思ったよりも高くて、いつもと違う景色が新鮮で楽しかった」と話した。好評であれば再び開催することも検討するという。【井土映美】",[],[]
中国政府、日本の「治安悪化」アピールに躍起　国民へ自衛強化促す（毎日新聞）,https://news.yahoo.co.jp/articles/5587fc9e4d8086bed2a7c22d7ccd562e8362a4c0,https://newsatcl-pctr.c.yimg.jp/t/amd-img/20251128-00000004-mai-000-6-view.jpg?exp=10800,2025-11-28T06:30:14+09:00,2025-11-28T08:35:49+09:00,毎日新聞,mai,毎日新聞,848,"中国外務省＝2021年1月、米村耕一撮影
中国政府が日本の「治安悪化」のアピールに躍起になっている。在日本中国大使館は26日、中国人旅行者が暴行を受けて負傷したなどの報告があるとして、改めて日本への渡航自粛と日本にいる国民に自衛強化を促した。中国外務省も「日本のインターネット上で中国に対する脅迫的な言論が多くある」と主張した。
【写真で見る】中国政府の発表に対し、反論する外務省の投稿
同大使館は26日夜、交流サイト（SNS）で、「差別を受けたとする中国人からの相談が増え、日本を旅行した多くの中国人がいわれのない暴言や暴行を受けてけがをしたと報告している」と主張。日本側に事件の早期解決などの申し入れをしたと明らかにした。

　さらに、日本の警察庁の統計を引用し、刑法犯の認知件数が2021年の約56万8000件から24年には約73万8000件に増加したと指摘。強盗や殺人などの重要犯罪の認知件数も8821件から1万4614件に増えたとして、日本の「治安悪化」を訴えた。

　ただ、21年は新型コロナウイルスの世界的な流行で緊急事態宣言が出ており、外出自粛の影響を考慮する必要がある。24年の認知件数はコロナ禍前の19年の約74万9000件は下回っている。一方、重要犯罪については19年は9899件にとどまっており、増加しているのは事実だ。

　高市早苗首相の台湾有事を巡る国会答弁に反発する中国外務省は14日にも中国人への犯罪多発を理由に渡航自粛を呼びかけた。これに対し、日本の外務省は21日、過去3年に国内で中国国籍の人が被害者になった殺人、強盗、放火の認知件数が減少傾向にある統計をSNSで紹介し「指摘は当たらない」と否定した。

　毛寧報道局長は26日の記者会見で日本の反論について問われた際、最近の事件を例に「日本社会で中国人に対する犯罪が多発している」と強弁。さらにネット上で中国に対する脅迫的な言論が拡散しており、日本の中国大使館も扇動を受けていると主張した。【北京・畠山哲郎】",[],[]
元大阪地検トップの性的暴行事件で訴因変更　検察側「地位利用」追加（毎日新聞）,https://news.yahoo.co.jp/articles/66cbb7ca142e510ad1972ebade5b37fba8bca159,https://newsatcl-pctr.c.yimg.jp/t/amd-img/20251128-00000003-mai-000-2-view.jpg?exp=10800,2025-11-28T05:30:15+09:00,2025-11-28T13:08:59+09:00,毎日新聞,mai,毎日新聞,1004,"大阪高検、大阪地検、大阪区検が入る大阪中之島合同庁舎＝大阪市福島区で、岩井香寿美撮影
部下だった女性に性的暴行を加えたとして、元大阪地検検事正の北川健太郎被告（66）が準強制性交等罪に問われた事件で、大阪地検が訴因変更を大阪地裁に請求し、認められていたことが関係者への取材で判明した。当初は「酒に酔って女性が抵抗できない状態だったことに乗じた」と起訴状に記載していたが、新たに、被告が検事正としての地位を利用したことを追加した。
【グラフで見る】学校、自宅…性暴力被害に遭った場所で多いのは
被告は大阪地検の検事正だった2018年9月12日深夜～13日未明、大阪市内の自身の官舎で部下の女性に性的暴行を加えたとして起訴された。

　準強制性交等罪は、相手が心神喪失や抗拒不能（心理的・物理的に抵抗することが著しく困難）の状態にあることに付け込んで性的行為をした場合に成立する。

　事件当日、女性は、被告の検事正就任に伴う懇親会に参加して深酔い状態となり、被告にタクシーに押し込まれる形で官舎まで連れて行かれ、被害に遭ったとされる。このため検察側は、女性の状態について「飲酒深酔いのため抗拒不能だった」と起訴状に記していた。

　ただ、被告は大阪地検のトップの立場にあり、女性はその指揮監督下に置かれていた。このことを踏まえ、検察側は訴因変更で「被告が、検事正としての影響力を部下職員らに及ぼし得る立場にあることに乗じた」と追加した。女性が酒に酔った影響を受けていたことは維持しつつ、女性が意に反して検事正から性的行為をされる事態に直面して「驚愕（きょうがく）し、恐怖を感じた」ことも明示した。

　訴因変更後も罪名は準強制性交等罪で変わらないが、起訴内容を被害実態により近づけたと言えそうだ。

　北川被告は24年10月の初公判で「深刻な被害を与えたことを反省し、謝罪する」と起訴内容を認めていた。しかし、その後に「同意があったと思っていた」などとして無罪を主張する方針を示した。

　今後の公判は検察側と被告側が全面的に対立する展開が予想されるが、被告側がどのような争い方をするのかが不透明になったため、第2回以降の公判期日は決まっていない。

　検察側が訴因変更した背景には、公判で予定している立証内容を念頭に、起訴内容を具体化・明確化して、弁護側の反論に備える意図があった可能性もある。【飯塚りりん】",[],[]
6件すべて「違憲」となるか　同性婚訴訟、きょう最後の2審判決（毎日新聞）,https://news.yahoo.co.jp/articles/2ebeb3569c8eb46beca783f08ccc70b70c9f1c94,https://newsatcl-pctr.c.yimg.jp/t/amd-img/20251128-00000002-mai-000-1-view.jpg?exp=10800,2025-11-28T05:00:36+09:00,2025-11-28T05:00:36+09:00,毎日新聞,mai,毎日新聞,707,"東京地裁に向かう原告団＝東京都千代田区で2024年3月14日午前9時52分、三浦研吾撮影
同性同士の婚姻を認めていない現行の民法や戸籍法の規定が憲法に反するかが争われた訴訟の控訴審で、東京高裁（東亜由美裁判長）は28日午前11時、判決を言い渡す。全国5地裁に6件起こされた同種訴訟で最後の控訴審判決。これまでの5件はいずれも「違憲」と判断しており、2審判決がすべて違憲判決となるのかが焦点。
【図解】同性婚認めないのは違憲？合憲？　憲法判断一覧
特定の法律を巡って違憲判断が相次ぐことは極めて異例で、内容によっては今後の最高裁の統一判断に大きな影響を与える可能性がある。

　訴訟は、札幌、東京（2件）、名古屋、大阪、福岡の各地裁に起こされ、1審段階では「違憲」2件▽「違憲状態」3件▽「合憲」1件――と判断が分かれていた。

　原告の同性カップルたちが主張する、同性婚を可能にする法整備を怠った国の賠償責任を認める判決は1、2審通じて出ていない。

　28日の判決の対象となる同性カップル側は訴訟で、現行制度が法の下の平等を定めた憲法14条▽婚姻の自由を保障する24条1項▽個人の尊厳と両性の平等に基づいた家族法の制定を求める24条2項――に違反すると主張した。

　1審・東京地裁判決（2024年3月）は「同性カップルが婚姻や婚姻に類似した制度がないことで、税・社会保障の優遇措置や、2人の関係が公に証明されるといった利益を一切受けられていない」と指摘。合理的な理由は認められないとする一方で、具体的な制度設計は国会に委ねられているとし、24条2項に違反する状態（違憲状態）とする判断にとどめた。【安元久美子】",[],[]
愛子さま国際親善デビュー　幸せ祈る白い糸とともにラオスを巡り（毎日新聞）,https://news.yahoo.co.jp/articles/cde31602555031842330aca5316bc2f26ccd8a93,https://newsatcl-pctr.c.yimg.jp/t/amd-img/20251128-00000001-mai-000-2-view.jpg?exp=10800,2025-11-28T05:00:24+09:00,2025-11-28T14:29:12+09:00,毎日新聞,mai,毎日新聞,623,"シェントーン寺院の本堂で説明を受けられる天皇、皇后両陛下の長女愛子さま＝ラオス・ルアンプラバンで2025年11月20日午前11時22分、幾島健太郎撮影
天皇、皇后両陛下の長女愛子さま（23）は17～22日、ラオスを訪問された。自然の恵みをもたらすメコン川のほとりで祈りが根付いた暮らしを送るラオス。2012年に皇太子時代の天皇陛下も訪れた地で、初の海外公務に臨んだ。
【写真で見る】ラオスの伝統衣装姿で「タートルアン大塔」を訪れた愛子さま
今年は国交樹立70周年。ベトナム戦争中の不発弾被害を伝える施設や日本のNPOが設立・運営する小児病院などを訪ね、ラオスが抱える課題や両国の交流の歩みに思いをはせた。

　細やかな気配りもみられた。最も格式が高い黄金の仏塔「タートルアン大塔」では、ラオス側から贈られた伝統衣装の巻きスカート「シン」と肩掛け「パービアン」、ブラウス「スア」を着用。地元の所作を学び、拝礼では正座した右足を少し崩した。「現地の方に近付けた気がした」と話していたという。

　旅の安全や幸せを祈る伝統儀式「バーシー」にも参加。願いを込めて左手に巻かれた白い糸をつけて、その後の古都ルアンプラバンなどを巡った。

　晩さん会では国を代表する花の桜とチャンパーになぞらえて「私たち若い世代が両国の懸け橋となって、美しい花を咲かせていきたい」とあいさつ。友好の輪をこれからも――。そんな思いが感じられた国際親善デビューだった。【柿崎誠】",[],[]
上皇さまの弟、常陸宮さまが卒寿迎える　テレビでドジャース観戦も（毎日新聞）,https://news.yahoo.co.jp/articles/e3d19f3655c25685e1006ee5ed385cc761971915,https://newsatcl-pctr.c.yimg.jp/t/amd-img/20251128-00000000-mai-000-1-view.jpg?exp=10800,2025-11-28T00:00:31+09:00,2025-11-28T00:00:31+09:00,毎日新聞,mai,毎日新聞,667,"常陸宮ご夫妻と愛犬の「福姫」＝東京都渋谷区の常陸宮邸で2025年11月5日（宮内庁提供）
上皇さまの弟の常陸宮さまは28日、90歳（卒寿）の誕生日を迎えられた。高齢になり、昨春以降は公的な場での活動から退いている。宮内庁によると、東京都渋谷区の宮邸では、健康維持のために体を動かし、妻華子さま（85）と一緒に庭を車椅子で散策する日もある。最近は、米大リーグ・ドジャースの試合をテレビ観戦し、大谷翔平ら日本人3選手の活躍を喜んでいたという。
【写真まとめ】常陸宮さまが出席した24年の児童発明くふう展
常陸宮さまは2024年3月末、総裁を務める発明協会が都内で開いた「全日本学生児童発明くふう展」を見学。暮らしに役立つアイデアグッズを創作した子供たちに「おめでとう」と声をかけた。以降は公務を控えているが、今年9月には宮邸で新任の皇宮護衛官のあいさつを受けた。

　高松宮妃癌（がん）研究基金や大日本蚕糸会など、自身が名誉総裁や総裁に就いている団体の主催行事には、華子さまがお一人で出席される場合もある。常陸宮さまは華子さまに感謝の気持ちを伝え、行事の様子の報告を受けているという。

　宮邸では、ミニチュアダックスフントの愛犬「福姫」をかわいがり、庭に飛来する野鳥の観察、ゴルフや大相撲、バスケットボールなどスポーツのテレビ観戦も楽しんでいる。日常的に車椅子を利用しつつ、理学療法士の指導で筋力維持の運動にも励む。長年、生物の腫瘍の研究に取り組んだ経験から、専門雑誌を見るなど今もがん生物学の分野に関心を寄せているという。【山田奈緒】",[],[]
