headline,mainEntityOfPage,image,datePublished,dateModified,author,media_en,media_jp,str_count,body,images,external_links
ロシアとの停戦についてアメリカとウクライナが合意　8時間超の協議を経て（BBC News）,https://news.yahoo.co.jp/articles/91d1fffc8fd93b2dfc8e019a9d33f22c626b06ea,https://newsatcl-pctr.c.yimg.jp/t/amd-img/20250312-25936676-bbcv-000-1-thumb.jpg?exp=10800,2025-03-12T20:07:00+09:00,2025-03-12T20:07:00+09:00,BBC News,bbc,BBC News,395,"© BBC News
ウクライナは11日、アメリカが提案したロシアとの30日間の停戦案を受け入れる用意があると表明した。アメリカとウクライナはこの日、サウジアラビア・ジッダで高官協議を行った。

マルコ・ルビオ米国務長官は、ロシアにこの停戦案を提示し、「ボールをコートのロシア側に」移すつもりだと述べた。

アメリカとウクライナの両大統領が激しく口論した2月末の首脳会談後、アメリカはウクライナとの情報共有と軍事援助を一時停止していた。しかし、11日の協議を経て、これらを直ちに再開すると、発表した。

「両国の代表団は、交渉チームを編成し、ウクライナの長期的な安全保障を提供する恒久的な和平に向けた交渉を直ちに開始することで合意した」と、アメリカとウクライナは共同声明で明らかにした。

ジッダで取材したBBCのトム・ベイトマン米国務省担当特派員が現地から報告する。
© BBC News",[],[]
ルーマニア憲法裁、ジョルジェスク氏の大統領選出馬を禁止　前回投票時の影響工作受け（BBC News）,https://news.yahoo.co.jp/articles/924ef2b5e341543261c077f7b7c748d08667fa2f,https://newsatcl-pctr.c.yimg.jp/t/amd-img/20250312-16597181-bbc-000-1-view.jpg?exp=10800,2025-03-12T18:48:00+09:00,2025-03-12T18:48:00+09:00,BBC News,bbc,BBC News,1856,"カリン・ジョルジェスク氏
ルーマニアの憲法裁判所は11日、5月に行われる大統領選挙のやり直しについて、カリン・ジョルジェスク氏の立候補を禁止する最終判断を下した。

昨年11月に行われた大統領選の第1回投票では、ほぼ無名だった極右ポピュリストのジョルジェスク氏が勝利した。しかし、ロシアがジョルジェスク氏を支援するためにTikTokで800件のアカウントを作っていたことが判明。憲法裁は12月にこの投票を無効としていた。

ルーマニアの中央選挙管理委員会は今月9日、やり直し選挙におけるジョルジェスク氏の立候補を拒否した。ジョルジェスク氏が「民主主義を守る義務そのものに違反」しており、立候補が「合法性の条件を満たしていない」としている。

これに対しジョルジェスク氏は10日、憲法裁に異議を申し立てたが、憲法裁は11日、2時間にわたる審理を経て最終判断を下した。判決は全会一致だったという。

ジョルジェスク氏は11日夜にフェイスブックに動画を投稿。支持者に対してあらためて抗議を呼びかけることはせず、代わりに5月のやり直し選挙で別の候補者を支持するよう提案した。

首都ブカレストではこの日、ジョルジェスク氏に投票する権利を求めて多くの人が往来で声を上げたが、その意向はかなわなかった。裁判所の外に集まった大勢はルーマニアの国旗を肩にかけており、キリスト教正教会のイコンを掲げる人や、大きな木製の十字架を握りしめる人もいた。

抗議参加者らは「カリン・ジョルジェスクは大統領だ」や「自由」と合唱し、裁判官を裏切り者と非難した。「独裁を止めろ」と書かれた看板を持つ女性もいた。

立候補禁止のニュースが群衆に届くと、裁判官に向けた大きなブーイングが響いた。

■大統領選めぐる混乱高まる

親ロシア派のジョルジェスク氏は、極右の泡沫（ほうまつ）候補として出発し、次第に知名度を得た。現在は支持を集め、ルーマニアを再び偉大な国にすると約束している。

ジョルジェスク氏の人気がいきなり高まった要因のひとつに、「ルーマニアの尊厳を回復」し、北大西洋条約機構（NATO）や欧州連合（EU）を含む国際機関への従属を終わらせるという約束があった。

昨年の投票が無効とされる前にはBBCの取材に対し、大統領になった際にはウクライナへの支援をすべて終了すると述べていた。

しかし、ジョルジェスク氏を支援するTikTokでの大規模なキャンペーンにロシアが関わっていたことを示す情報が公開されたため、大統領選は無効となった。

欧州の指導者やルーマニアの大勢には、ロシアが欧州を弱体化させ、その自由主義的価値観を損なわせようとしていると見えた。ルーマニア人の多くは依然として、ロシアのウラジーミル・プーチン大統領をあがめてNATOを毛嫌いする人物を、恐れている。

一方、クレムリン（ロシア大統領府）のドミトリー・ペスコフ報道官は、ロシアがジョルジェスク氏とつながりがあるという指摘は「まったくの根拠のないもの」だと述べた。

ジョルジェスク氏は先月26日、5月のやり直し選挙に候補者として届け出に向かう途中で拘束され、尋問を受けた。これを受け、数万人の市民が抗議のために首都ブカレストの街に繰り出した。

ジョルジェスク氏は、憲法秩序の転覆を図った罪や、ネオファシスト組織に所属した罪で起訴された。同氏はすべての不正行為を否定している。

極右政党「ルーマニア統一同盟（AUR）」の党首でジョルジェスク氏の盟友の、ジョルジェ・シミオン氏はソーシャルメディアに、「恥を知れ！　　我々は敗北しない。ルーマニアの国民は目覚めた。彼らは勝利する」と書いた。

ジョルジェスク氏は、アメリカのトランプ政権からも一定の支持を得ている。J・D・ヴァンス副大統領は2月、ルーマニアが諜報機関の「根拠薄弱な疑惑」と隣国からの圧力に基づいて選挙を無効にしたと批判した。

一方、ルーマニアのエミル・フレゼアヌ外相は、米富豪イーロン・マスク氏がジョルジェスク氏を支持する複数のメッセージをソーシャルメディアに投稿したことを、「選挙干渉の一形態」だと非難した。

（英語記事　Final ruling bars far-right Georgescu from Romanian vote/  Romanian far-right presidential hopeful barred from poll rerun）
(c) BBC News",[],[]
北海での船舶衝突事故、貨物船の船長を重過失故殺容疑で逮捕　（BBC News）,https://news.yahoo.co.jp/articles/e94b5ae54c645d03d7b73385fd7145eef2cc1a06,https://newsatcl-pctr.c.yimg.jp/t/amd-img/20250312-16498498-bbc-000-1-view.jpg?exp=10800,2025-03-12T17:38:00+09:00,2025-03-12T17:38:00+09:00,BBC News,bbc,BBC News,1839,"白い煙が上るポルトガル船籍の貨物船「ソロング」
イギリス東部沖の北海で10日午前、石油タンカーと貨物船が衝突し、炎上した事故で、英ハンバーサイド警察は11日、59歳の男性を重過失故殺容疑で逮捕したと発表した。

クレイグ・ニコルソン刑事警視正は、「ハンバーサイド警察は、船舶2隻の衝突をめぐる、犯罪の可能性がある行為に関する捜査を主導している」と述べた。

「私のチームによる捜査の結果、衝突事故に関する重過失故殺容疑で59歳の男を逮捕した」と警視正は言い、逮捕された男性は勾留中だと説明した。

ソロングを所有するドイツの海運会社エルンスト・ラスは、BBCに対し、逮捕された男性がソロングの船長だと認めた。同社によると、船長はほかの乗組員と共に捜査に協力しているという。

ポルトガル船籍の貨物船「ソロング」とアメリカ船籍の石油タンカー「ステナ・イマキュレート」は10日午前10時ごろ、英イーストヨークシャー沖で衝突した。

英沿岸警備隊によると、これまでに乗組員36人が救出されている。貨物船の乗組員1人が行方不明になっているが、捜索活動は10日夕に打ち切られた。行方不明者は死亡したと推定されると、英運輸省のマイク・ケイン政務次官は述べた。

ソロングからは煙が上がり続けているが、ハイディ・アレクサンダー英運輸長官は、2隻が沈む可能性はないとみているという。

英当局筋がBBCに語ったところによると、ソロングの乗組員にはロシア人数人とフィリピン人数人が含まれる。

ステナ・イマキュレートの乗組員23人は全員アメリカ人だと、BBCの取材で明らかになっている。23人はイングランド東部グリムズビーにいるが、いずれ本国に送還されるとみられる。

英警察は、2隻が衝突した原因について捜査を開始し、沿岸警備隊と連携していると明らかにした。

ニコルソン警視正は、「我々は、行方不明となった乗組員のご家族に思いを寄せている。ご家族と連絡を取り、支援を提供するための、連絡担当者を任命した」と話した。

英海難調査局も事故原因を明らかにするため、予備調査を並行して行っていると、警察は述べた。

■貨物船は鎮火せず

ソロングからは煙が上がり続けている。

所有会社エルンスト・ラスは、行方不明の乗組員の家族を支援しているとしている。

ソロングをめぐっては当初、シアン化ナトリウムが積まれているのではないかと懸念されていたが、積み荷に含まれていないことを同社は確認した。

「過去に有毒な化学物質が入っていたが、現在は空になっているコンテナが4つ積まれている。これらのコンテナについて、監視を継続していく」と、エルンスト・ラスは説明した。

ステナ・イマキュレートを管理する米海運会社クロウリーは、英ハル沖で停泊していたタンカーにソロングが衝突し、タンカーで「複数の爆発」が起こったと説明。積んでいたジェット燃料が流出したとした。流出した量は不明という。

同社によると、タンカーに積まれていた16の分離貨物タンクには、計22万バレルのジェット燃料が入っていた。少なくともそのうちの1つが、衝突事故で破壊されたという。

グレアム・スチュアート下院議員（ビヴァリー・アンド・ホルダーネス選出）は、関係者の話として、いずれかの船から重油が漏れたり、海や大気が汚染されたことを示す証拠は今のところないと語った。

運輸省のケイン政務次官は先に英下院で、貨物船の乗組員1人が死亡したと推定されると語った。

アレクサンダー運輸長官は、海事沿岸警備庁の職員と面会し、2隻とも浮力を維持できる見込みとの初期報告を受けたと明らかにした。

また、ソロングを「岸から離れた場所に曳航（えいこう）し、サルベージ（引き揚げ）作業を開始」できる状況だと付け加えた。

管理会社によると、ステナ・イマキュレートは、米政府のタンカー・セキュリティー・プログラムの一環として運航されていた。同プログラムでは、商業船の一団が、必要に応じて米軍の燃料を運搬する契約を結んでいる。

ステナ・イマキュレートはハンバー川のキリングホルム港での停泊が可能になるのを待っている間、沖合で停泊していたという。

（追加取材:スチュアート・ハラット、ケヴィン・シュースミス）

（英語記事　Cargo ship's captain arrested over North Sea crash）
(c) BBC News",[],[]
カナダへの鉄鋼・アルミ関税、トランプ氏が「50％に倍増」表明も数時間で撤回（BBC News）,https://news.yahoo.co.jp/articles/1da90358c960d502d172d6a034aca786858e3471,https://newsatcl-pctr.c.yimg.jp/t/amd-img/20250312-16055163-bbc-000-1-view.jpg?exp=10800,2025-03-12T15:32:00+09:00,2025-03-12T15:32:00+09:00,BBC News,bbc,BBC News,2025,"トランプ米大統領
アメリカのドナルド・トランプ大統領は11日午前、カナダから輸入する鉄鋼とアルミニウムへの関税を50％に引き上げると発表した。しかし、同日午後にこれを撤回し、当初の25％にするとした。

カナダの鉄鋼とアルミニウムへの25％の関税は、12日に発効する。

トランプ氏がカナダへの関税を大幅に引き上げると警告した数時間後、カナダ・オンタリオ州は、米北部の複数の州に供給する電力に25％の追加料金を課す計画を停止。この対応を受け、トランプ氏は関税を当初の25％に戻した。

北米の隣国同士に経済的損害をもたらしかねない貿易戦争で、再び小競り合いが起きた。

「冷静な判断が勝った」のだと、米政権のピーター・ナヴァロ貿易顧問は米CNBCに語り、トランプ氏が関税を50％に引き上げないことを認めた。

トランプ氏は大統領に就任してからの数カ月間、貿易戦争を仕掛け、アメリカに最も近しい貿易相手国の一つであるカナダはトランプ氏の怒りの矢面に立たされてきた。

トランプ氏は先月、国境を接するメキシコとカナダからの輸入品に25％の関税をかける大統領令に署名。アメリカに流入する麻薬や移民の問題に対処させるためだと説明した。しかしその後、相当数の品目について、関税の発動を一時免除していた。

■カナダが報復措置

カナダは今月3日、トランプ氏の貿易をめぐる攻撃は不当だとして、300億カナダドル相当のアメリカ製品に新たな関税を課すなどの報復措置を発表した。

カナダ・オンタリオ州のダグ・フォード州首相は、自国への関税を撤廃させるため、アメリカに供給する電力に追加料金を課すつもりだと発表していた。

また、アメリカが「事態をエスカレート」させるなら、「電力を完全に停止することも辞さない」とも述べていた。

電力料金の上乗せ計画を一時停止すると発表したフォード氏は、より広範な北米自由貿易協定をめぐる議論に注力するための「正しい決断」だと考えたと述べた。

「いかなる交渉でも、両者がヒートアップしたら、その温度を下げなければならない場面がある」とし、ハワード・ルトニック米商務長官が協議について連絡を取ってくれたと感謝した。

「我々がどれだけ真剣か、彼らは理解している」と、フォード氏は付け加えた。「我々は、冷静な判断が優勢であるべきだということで合意した。我々は腰を据えて、この議論を前進させる必要がある」。

トランプ氏は11日午前、カナダの鉄鋼とアルミニウムへの関税を倍増するとの内容をソーシャルメディアに投稿。フォード氏の動きへの対応だとした。

また、カナダは「軍事的保護」をアメリカに頼っていると批判し、カナダをアメリカの51番目の州にしたいと、改めて述べた。

さらに、カナダがアメリカの州になれば「関税も何もかも完全になくなる」と付け加えた。

ホワイトハウスは、トランプ氏が「世界最高かつ最大のアメリカ経済の影響力を再び使い、アメリカ国民に勝利をもたらした」と声明で述べた。

■世界で株下落

関税をめぐる攻防は、株価が乱高下する中で起きた。

11日のニューヨーク株式市場では、前日に2.7％安となったS＆P500種株価指数が、さらに0.7％下落した。

ロンドン株式市場では、FTSE100種総合株価指数がトランプ氏の最新の発言を受けて下落し、1％以上安で取引を終えた。フランスのCAC40指数と ドイツの株価指数DAXも同様の落ち込みを見せた。

トランプ氏は9日放送の米FOXニュースのインタビューで、アメリカの景気後退への懸念について問われた際、米経済は「過渡期」にあると発言。自身の関税措置によって、世界最大の経済大国アメリカが景気後退に陥る可能性を否定しなかったため、投資家に懸念が広がった。

■「懸念の時」

トランプ氏の11日の発言以前から、関税政策はすでに米企業に懸念をもたらしていた。

ニュージャージー州で従業員50人を抱える、小規模なビールメーカー「イカルス・ブリューイング」の創業者ジェイソン・ゴールドスティーン氏は10日、過去に関税が発表された際、サプライヤーから大量のメールが届いたと、BBCに語った。

穀物やアルミ缶に至るまで、あらゆるものが値上がりすると警告する内容だったという。

ゴールドスティーン氏は、1カ月分の缶飲料を余分に備蓄し、新規購入を控え、不確実で急速に変化する状況に対応しようとしている。

「自分たちにとって間違いないく、心配な毎日だ」、「自分がいる業界が明日どうなるのかを知るために、これほど多くのニュースを読んで、見なくてはならないのは、初めてのことだ」と、ゴールドスティーン氏は話した。

（英語記事　Trump halts plan for 50％ steel and aluminium tariffs on Canada）
(c) BBC News",[],[]
【解説】　トランプ米大統領はもはや株式市場に左右されない……関税が招く混乱の行方は（BBC News）,https://news.yahoo.co.jp/articles/69569273321739622f7a364fd4f8a59e644488a2,https://newsatcl-pctr.c.yimg.jp/t/amd-img/20250312-15846037-bbc-000-1-view.jpg?exp=10800,2025-03-12T15:21:00+09:00,2025-03-12T15:21:00+09:00,BBC News,bbc,BBC News,1603,"ドナルド・トランプ米大統領
ファイサル・イスラム経済編集長

今年1月に行われたドナルド・トランプ米大統領の就任宣誓式の日、私はとあるアメリカの大手テクノロジー企業のトップから、アメリカは報復関税の影響を受ける可能性が高いものの、貿易戦争はすぐに収束すると考えていると聞かされた。

その幹部は、「トランプ大統領はダウ・ジョーンズの反応に従って行動する」と述べた。市場ではこれを「トランプ・プット」と呼んでいる。ホワイトハウスから市場心理を損なう発表があっても、株式市場の下落を見て、トランプ氏が方針を転換するという意味合いだ。

しかし、この前提は変わった。トランプ氏がテレビでのインタビューで、市場動向からの影響を軽視する発言をしたからだ。

そして、アメリカの株式市場がトランプ氏の政策の影響を懸念して急落したその翌日、トランプ氏はカナダに対する鉄鋼とアルミニウムの関税を2倍にすると決定した。

これは、ニューヨーク、ミネソタ、ミシガンの各州で、カナダから供給される電力料金が、請求書1件あたり約100ドルに上昇したことへの対抗措置だ。

カナダ・オンタリオ州のダグ・フォード州首相は10日、アメリカ向けの電力に25％の追加料金を課すことを発表し、供給を完全に停止すると脅した。

トランプ氏は、自分は数十年、さらには1世紀先を見据えた富の再構築を進めており、アメリカ株式市場の四半期ごとの結果ではこれを測ることはできないと述べている。

ホワイトハウスはスコット・ベッセント財務長官のコメントと共に、市場に対し、大統領が短期的な市場および経済の痛みをある程度は許容すると伝えた。これによって計算法が変わった。

ここにはさらに2つの要因が関係している。まず、アメリカ経済に対する市場心理が実際に逆転し得るという根拠があるため、景気後退の懸念が生じている。

アメリカ連邦準備制度（FRB）アトランタ支部による最新のリアルタイム分析では、今年の最初の3カ月間にアメリカ経済が低迷すると予測されている。

政府による予算削減もこの予測に寄与する可能性があるものの、民間セクターの市場心理も関税の影響で打撃を受けている。

そして何より、不確実性が深刻な脅威となっている。政策は日々変わり、時にはさかのぼって一時停止されることもある。

アメリカ政府の主要部門は、ホワイトハウスの方針を完全には把握していない。

さらにカナダでは総選挙が近づいているため、アメリカへの譲歩や妥協を良しとする理由がほとんどない。

トランプ氏が経済的な影響力を使って北の隣国を「51番目の州」にしたいのだと発言している中で、カナダに妥協の余地がどこにあるのか。

状況の方向は、貿易戦争の激化と範囲拡大へと向かっている。

「相互主義」に基づく新しい貿易障壁が、3週間以内に欧州連合（EU）に対して出現する可能性がある。

他国はアメリカでインフレ再燃の兆候を見ると、アメリカの消費者に自分たちの政府の決定による影響を実感させるために、インフレ加速に加担しようとする可能性が高まる。

この2週間で世界は、トランプ大統領が関税に対して真剣だと学んだ。関税は今や、アメリカの同盟国に対しても大々的に適用されている。

アメリカの主要貿易相手国は、同じように報復し、貿易戦争をさらにエスカレートさせるだけの動機を持っている。そうしたなかでホワイトハウスは、自分たちが短期的な経済および市場の混乱に対する高い耐性を持っていると、世間に伝えようとしている。

すべての道は4月2日の「相互関税」の発表に向かっている。現時点ではこれらの緊張が休戦や停戦、または一時停止に向かう兆しは見られない。

（英語記事　Trump is no longer swayed by the stock markets）
(c) BBC News",[],[]
ハマス襲撃の音楽フェス生存者、MDMA使用がトラウマの影響を軽減か　最新研究（BBC News）,https://news.yahoo.co.jp/articles/5cc443707e5ffe2ae717f58c0666408762f329aa,https://newsatcl-pctr.c.yimg.jp/t/amd-img/20250312-25814363-bbcv-000-1-thumb.jpg?exp=10800,2025-03-12T14:38:00+09:00,2025-03-12T14:38:00+09:00,BBC News,bbc,BBC News,523,"© BBC News
2023年10月7日の朝、パレスチナ・ガザ地区との境界近くで開催されたノヴァ音楽フェスティバルの参加者の多くが、MDMA（メチレンジオキシメタンフェタミン）や合成麻薬LSDといった違法な娯楽薬物を摂取していた。

そして夜明けの直後、イスラム組織ハマスの武装勢力がこのイベントを襲撃した際、数百人が薬物の影響下にあった。

このフェスの生存者と協力して調査を進めてきた神経科学者らは、MDMAが心的外傷後ストレス障害（PTSD）に対して心理的な保護効果をもたらした可能性があると指摘している。

現在査読中で、数カ月以内に発表される予定の初期研究は、この薬物がイベント中およびその後の数カ月間にかけて続いた、生存者たちの比較的前向きなな精神状態と関連していることをうかがわせる内容となっている。

MDMAを心理的トラウマの治療にどう使えるか、研究者の間で関心が高まっている。イスラエルのハイファ大学のチームによるこの研究が、注目される可能性がある。

大勢が精神変容薬物の影響下にある状態で、大惨事が起きた事例の研究は、これが初めてと考えられている。

ルーシー・ウィリアムソン中東特派員が取材した。
© BBC News",[],[]
【解説】 今度はロシアがプレッシャーを感じている番か（BBC News）,https://news.yahoo.co.jp/articles/61d33699f16cd64f3d69004a6563b208f5904d8f,https://newsatcl-pctr.c.yimg.jp/t/amd-img/20250312-17003404-bbc-000-1-view.jpg?exp=10800,2025-03-12T13:44:00+09:00,2025-03-12T13:44:00+09:00,BBC News,bbc,BBC News,1485,"ロシアのプーチン大統領
ポール・アダムス外交担当編集委員

アメリカのマルコ・ルビオ国務長官の言うとおり、「ボールは今、ロシア側のコートにある」。これは重要な瞬間といえる。

サウジアラビア・ジッダでの長い協議の末に、アメリカとウクライナが11日に発表した共同声明には、いくつかの大事な文言が含まれている。とりわけ重要なのが、「アメリカはロシアに対し、ロシアがこれに応じることが和平実現の鍵だと伝える」という一文だ。

私たちはここ数週間、アメリカのドナルド・トランプ大統領がウクライナに何を期待し、ウクライナを意のままにするためにどんな露骨な手段を使うのか、しばしば耳にしてきた。

そして今度は、世界が見守る中で、ロシアの意図が試される時が来たようだ。

トランプ氏とロシアのウラジーミル・プーチン大統領の関係は、これまでのところ不確実性に包まれている。トランプ氏がウクライナのウォロディミル・ゼレンスキー大統領に対してかけているような圧力は、米ロの間には見受けられない。

11日の米・ウクライナ共同声明は、トランプ氏が突然、ゼレンスキー氏への態度を変えたと示してはいない。両氏の関係はとげとげしく厄介なもので、その根底には長年の相互不信がある。

だが、11日前の米大統領執務室での険悪な会談によって垂れ込めた醜悪な雲は、平和構築への現実的な動きが始まったことで、消散し始めるのかもしれない。

アメリカは、ウクライナへの情報提供と安全保障面での支援を、直ちに再開することになった。停止はわずか数日で終わる。これにより、今度はロシアがプレッシャーを感じているかもしれない。

取り組みはまだ始まったばかりだ。大量の詳細要素が、今後の交渉で詰められる。

今回の共同声明は、戦争の永続的な終結に関する「実質的な詳細」と、ウクライナが「長期的な安全と繁栄のために」期待できる保証について記している。

一方で最後の段落の文言は、ワシントンの見解を反映したものとなっている。安全と繁栄は、ウクライナが求める具体的な軍事面での保証ではなく、交渉を重ねてきた重要な鉱物資源の取引をまとめることで達成される――というものだ。

共同声明は、ゼレンスキー氏とトランプ氏が「できるだけ早く」取引に合意することで一致したとしている。純粋に商業的な取り決めが将来、ロシアの敵対的な行動をどうやって防ぐのかは、まだ具体的に示されてはいない。

共同声明はまた、「和平プロセスに欧州のパートナーたちが関わること」を、ウクライナ代表団が「再確認した」としている。だが、アメリカが欧州による関与の可能性をどうみているのかは明らかにしていない。

サウジアラビアでの会合は、最近の激しい動きに続く、格好のタイミングでのリセットのように思われる。しかし、だからといって、アメリカとウクライナが今後の進路について完全に一致したわけではない。

ゼレンスキー大統領はトランプ氏について、たとえ以前は考えを固めていなかったとしても、今やはっきり認識しているはずだ。自分が相手にしているのは気まぐれで激しやすく、過去の忠誠や伝統的な外交にほとんど意味を見いださないアメリカの大統領なのだと。

ゼレンスキー氏は、ボールをロシアのコートにとどめようと、できるだけのことをするだろう。だが、自分のコートにボールが戻ってきてしまう可能性があることも、彼は理解している。

（英語記事　It's Russia that may now be feeling the pressure）
(c) BBC News",[],[]
ウクライナ、ロシアとの30日間停戦受け入れ表明　アメリカと高官協議（BBC News）,https://news.yahoo.co.jp/articles/2520c717fe61ea36aa417044602517fac86b7ce6,https://newsatcl-pctr.c.yimg.jp/t/amd-img/20250312-16640672-bbc-000-3-view.jpg?exp=10800,2025-03-12T12:38:00+09:00,2025-03-12T16:11:00+09:00,BBC News,bbc,BBC News,3105,"サウジアラビア・ジッダでのアメリカとウクライナの高官協議後、記者会見に臨むマルコ・ルビオ米国務長官（左）とマイク・ウォルツ米大統領補佐官（国家安全保障問題担当）
ウクライナは11日、アメリカが提案したロシアとの30日間の停戦案を受け入れる用意があると表明した。アメリカとウクライナはこの日、サウジアラビアで高官協議を行った。

マルコ・ルビオ米国務長官は、ロシアにこの停戦案を提示し、「ボールをコートのロシア側に」移すつもりだと述べた。

ウクライナのウォロディミル・ゼレンスキー大統領は、「前向きな」提案に同意するようロシアを説得できるかはアメリカ次第だと述べた。

アメリカとウクライナは11日、米大統領執務室でドナルド・トランプ米大統領とウクライナのゼレンスキー大統領が異例の衝突を繰り広げて以来、初めてとなる公式協議をサウジアラビア・ジッダで行った。

アメリカは両首脳が激しく口論した首脳会談後、ウクライナとの情報共有と軍事援助を一時停止していたが、これらを直ちに再開すると、11日の共同声明で発表した。

「両国の代表団は、交渉チームを編成し、ウクライナの長期的な安全保障を提供する恒久的な和平に向けた交渉を直ちに開始することで合意した」と、アメリカとウクライナは共同声明で明らかにした。

ルビオ国務長官は11日の記者会見で、アメリカが提案した30日間の停戦案をロシアが受け入れることを望んでいると語った。

ルビオ氏は、ウクライナは「銃撃をやめて、話し合いを始める用意ができている」とし、ロシアがこの提案を拒否すれば「残念ながら、ここで和平を妨げているのが何なのかがわかる」と述べた。

「私たちは今日、停戦を開始し直ちに交渉に入るという提案をし、ウクライナ側はそれを受け入れた」

「我々はこの提案をロシア側に伝える。彼らが和平にイエスと言ってくれることを望んでいる。ボールは今、コートの彼ら側にある」と、ルビオ氏は付け加えた。

ゼレンスキー氏は空と海での部分的な停戦を提案していたが、アメリカの30日間停戦案は空と海に限定されず、全ての前線を停戦対象とするもの。

ゼレンスキー氏はジッダでの「建設的」な協議について、トランプ氏に感謝を述べた。

動画メッセージの中で、ロシアは「戦争を止めるか、戦争を続けるかの意思を示さなければならない」とゼレンスキー氏は述べた。

「今こそ事実の全容を明らかにする時だ」

ロシア政府はこれまでのところ、反応していない。クレムリン（ロシア大統領府）は先に、協議結果について米政府から説明を受けてから声明を発表するつもりだとしていた。

■ロシアと協議するとアメリカ、ゼレンスキー氏の再招待も検討と

ロシアは2022年2月にウクライナへの全面侵攻を開始。現在、ウクライナ領土の約20％を掌握している。

トランプ氏はホワイトハウスで記者団に応じ、ロシアのウラジーミル・プーチン大統領と協議するつもりで、「うまくいけば」プーチン氏が提案に同意するだろうと述べた。

また、「責任は両者にある」とし、数日中に合意に至ることを望んでいると付け加えた。

「我々は明日、ロシアとの大きな協議を予定している。いくつかの素晴らしい話し合いができることを期待している」

さらに、ゼレンスキー氏をワシントンに再び招くことに前向きだとも述べた。

ロシア国営タス通信によると、ロシア外務省のマリア・ザハロワ報道官は、同国は数日中に米代表団と協議する可能性を排除していないと述べた。

トランプ氏とゼレンスキー氏の関係は「再び軌道に乗った」のかと記者から問われると、ルビオ国務長官は、再び軌道に乗ったのは「平和」であってほしいと答えた。

「これは（米映画）『ミーン・ガールズ』でもなければ、何かのテレビ番組の回でもない」、「この戦争で今日も人が死ぬ。昨日も人が死んだ。そして悲しいことに、停戦がない限り、明日も人は死ぬ」とルビオ長官は強調した。

アメリカとウクライナの高官協議に先立ち、ロシア・モスクワでは夜間にドローン攻撃があり、少なくとも3人が死亡した。ロシアは、ウクライナが戦争を終わらせるための外交を拒否していることを示すものだと主張した。

■鉱物取引、「できるだけ早期に最終決定」すると

アメリカとウクライナの共同声明によると、トランプ氏とゼレンスキー氏は、ウクライナの重要鉱物をめぐる取引について、「できるだけ早期に」最終決定することで合意したという。

ウクライナは、アメリカからの安全の保証と引き換えに、自国のレアアース（希土類）をアメリカに提供する案を提示していた。しかし、ホワイトハウスで口論となったことから、合意文書への署名式は中止になった。

ルビオ氏によると、11日の議題には鉱物取引は含まれておらず、ウクライナと米財務省が交渉したのだという。

ジッダでの協議には、マイク・ウォルツ米大統領補佐官（国家安全保障問題担当）も参加した。

スティーヴ・ウィトコフ中東特使は数日中にロシアに向かう予定だと、この計画に詳しい情報筋はBBCに語った。ただ、予定はすぐに変更される可能性がある。

■ウクライナの安全保障、対ロシア制裁は

アメリカとウクライナの共同声明によると、ウクライナ政府は、いかなる和平プロセスにも欧州が関与すべきだと「繰り返し述べた」という。

アメリカは、欧州を協議の場から締め出すなど、ウクライナでの戦争に対するアプローチを変化させている。そのため、欧州各国の指導者たちはここ数週間、複数の緊急会合を開く事態となった。

欧州委員会のウルズラ・フォン・デア・ライエン委員長は、欧州連合（EU）は11日のアメリカとウクライナの「前向きな進展」を歓迎すると述べた。

ウクライナでの戦争の早期終結は、トランプ氏が大統領選の最中から掲げた主要公約のひとつ。

ゼレンスキー氏は安全の保証なしに停戦はできないと主張しているが、トランプ氏は安全の保証をすぐに提示しないまま、停戦を受け入れるようゼレンスキー氏への圧力を強めてきた。

トランプ氏は7日、ロシアとウクライナの間で停戦および和平合意が成立するまで、ロシアへの「大規模な制裁」と関税を「強く検討している」と、珍しくロシア政府を脅す発言をした。ウクライナ侵攻をめぐり、ロシアはすでにアメリカから厳しい制裁を受けている。

トランプ氏はこの際、「ロシアはたった今、戦場でウクライナをひどく『たたいている』」ため、対ロ制裁を検討していると説明した。

アメリカとウクライナの高官協議が行われた11日も、戦争は続いた。

ロシア・モスクワではドローン（無人機）攻撃があり、男性3人が死亡した。ウクライナ全面侵攻開始以来最大規模のドローン攻撃とみられる。

ロシア・メディアは保健当局者の話として、子供3人を含む18人が負傷したと伝えた。

ロシア国防省は、ドローン337機がロシア上空で迎撃されたと発表した。うち91機はモスクワ上空で撃墜されたという。

ウクライナ当局は、首都キーウといくつかの地域が、ロシアのドローン攻撃を受けたと発表した。

ウクライナ空軍は、ロシアが発射したドローン126機のうち76機と、短距離弾道ミサイル「イスカンデルM」1発を撃墜したと発表した。

死傷者の有無はすぐには明らかになっていない。

（英語記事　Ukraine ready to accept 30-day ceasefire with Russia）
(c) BBC News",[],[]
ロシア・モスクワ州に「過去最大」のドローン攻撃　3人死亡と当局発表（BBC News）,https://news.yahoo.co.jp/articles/919bdd9da671a0db7fa235e538ae468d4ffe2d77,https://newsatcl-pctr.c.yimg.jp/t/amd-img/20250312-16944419-bbc-000-1-view.jpg?exp=10800,2025-03-12T12:28:00+09:00,2025-03-12T12:28:00+09:00,BBC News,bbc,BBC News,1551,"ロシアが、ウクライナによるドローン攻撃があったと報告した配送センターの駐車場。炎に巻かれたと思われる車が激しく損傷している
ロシアのモスクワ州で11日、ウクライナへの全面侵攻が始まって以来、最大規模とされるドローン（無人機）攻撃があり、3人が死亡した。ロシア当局が発表した。

現地メディアは保健当局の話として、一連の攻撃で3人の子どもを含む18人が負傷したと伝えた。

ロシア国防省は、ロシア全土で337機のドローンを迎撃し、そのうち91機はモスクワ州で撃墜したと発表した。

ウクライナの当局者は、ロシアのウラジーミル・プーチン大統領に対し、空と海での停戦に同意するよう促す信号として、この規模の攻撃を行ったと述べた。

ロシア当局によると、死亡したのは38歳、43歳、50歳の男性計3人。ドモジェドヴォ空港近くのヤム村にあるミラトルグ農業配送センターで働いていた。

モスクワ州のアンドレイ・ヴォロビョフ知事は、うち1人は警備員として働いており、他の2人は同センターで勤務を始めたばかりだったと説明。現地時間11日午前5時14分に、同センターにドローンが直撃したとした。

同センターは後に、駐車場で車40台が損傷したと発表した。

一方、モスクワ市の環状道路の南に位置するヴィドノエでは、集合住宅にドローンが直撃し、数人が負傷した。さらに東にあるラメンスコエでも別の集合住宅が損傷した。

同市のセルゲイ・ソビャーニン市長は、ラメンスコエでアパート7棟が損傷したと発表。これまでに経験した中で「最も大規模な」ドローン攻撃だったと述べた。

ソビャーニン氏によると、建物のうちの1棟の屋根がドローンの破片で損傷したが、その損傷は「軽微」だという。

また、夜間の攻撃後、子ども3人を含む12人が避難を余儀なくされたとも述べた。

攻撃後には、モスクワの鉄道1路線が停止したほか、モスクワの主要空港であるシェレメーチエヴォ、ドモジェドヴォ、ヴヌーコヴォ、ジュコーフスキーの各空港と、ヤロスラヴリ州とニジニ・ノヴゴロド州の空港で飛行制限が実施された。これらの空港は、毎年数百万人の乗客が利用する主要な交通拠点となっている。

ロシア当局はまた、10日夜にウクライナと国境を接するクルスク州のショッピングセンターが砲撃を受け、4人が死亡したと発表した。

ウクライナ当局も11日夜、首都キーウをはじめとするいくつかの地域でロシアのドローン攻撃があったと報告した。

ウクライナ空軍は、ロシアが発射した126機のドローンのうち79機と、イスカンデル-M弾道ミサイルを撃墜したと発表した。

さらに、電子戦対策により35機のドローンが目標に到達しなかった可能性が高いが、他の12機が目標に命中したかどうかは不明だと付け加えた。

犠牲者がいるかどうかは不明だ。

この攻撃は、サウジアラビアにアメリカとウクライナの代表が集まり、この戦争を終わらせることを目的とした重要な会議が始まる数時間前に発生した。

ウクライナはこの会議の後、アメリカが提案したロシアとの30日間の即時停戦を受け入れる用意があると発表した。ウォロディミル・ゼレンスキー大統領は、アメリカがロシアを説得して「前向きな」提案に同意させることができるかどうかは、今やアメリカ次第だと述べた。

一方、会議に出席したマルコ・ルビオ米国務長官は、ロシアに停戦案を示すとし、「ボールは向こうのコートにある」と述べた。

アメリカはまた、中断していたウクライナへの情報共有と安全保障支援を直ちに再開するとも述べた。

（英語記事　Largest drone attack of war hits Moscow region
(c) BBC News",[],[]
