headline,mainEntityOfPage,image,datePublished,dateModified,author,media_en,media_jp,str_count,body,images,external_links
《潜入レポート・劇団四季『アラジン』》「ビーズ1粒でも誰の衣裳のものかわかる」コスチュームスタッフのプロ意識（女性セブンプラス）,https://news.yahoo.co.jp/articles/e434440753df814c8139c110c5a0b11114a37a99,https://newsatcl-pctr.c.yimg.jp/t/amd-img/20251117-00000005-hnrm-000-2-view.jpg?exp=10800,2025-11-17T16:00:00+09:00,2025-11-17T16:02:46+09:00,女性セブンプラス,hnrm,8760 by postseven,2173,"青年アラジンと王女ジャスミンの愛と冒険の物語性に加えて、エキゾチックな衣裳や舞台装置の美しさも魅力（撮影／上原タカシ）（C）Disney
2015年から30年にわたり、ディズニーミュージカルを上演、計7作品で3200万人以上を動員してきた劇団四季。『女性セブンプラス』では、大ヒットロングランの舞台裏を独占で徹底取材！　今回は『アラジン』から、ランプの魔人・ジーニー役俳優が語った舞台裏、そしてゴージャスな衣裳についても、本誌では掲載しきれなかった情報を盛り込んだ完全保存版で公開します！【前・中・後編の後編】
【写真】『アラジン』のコスチューム担当者が豪華衣裳について、普段は見えないところまで解説！
【衣裳スタッフ】10年たってもへたらず色褪せないメンテナンスの極意
大量のビーズ等が使用され、鮮やかな色彩とセクシーなシルエットが特徴的な『アラジン』の舞台衣裳。約300着あるという衣裳のなかから、特にゴージャスなジャスミンとジーニーの衣裳について、パーツやメンテナンスへのこだわりをコスチューム担当の金澤凪紗さんに聞きました。
ジャスミンの衣裳4つのこだわり
『アラビアンナイト』のシーンでジャスミンが着用する衣裳には、ターコイズブルーのシルク生地が使われている。

「肌見せを美しく強調するデザインや、隠す部分の美しいドレープが特徴です。ビーズの刺繍はすべて手縫い。基本はアメリカで作られ、微調整は日本で行っています」（金澤さん・以下同）

　とくにゴージャスなトップスの刺繍はぶら下がるビーズも大ぶりで、エキゾチックな雰囲気を高めている。

「さまざまなパーツを組み合わせながら、植物のツルや葉、花などを組み合わせた“アラベスク模様”が刺繍されています。アラビアを象徴する装飾で、日本では唐草模様として有名ですね」

　ジャスミンのハーレムパンツには、サイドスリットが。そこにもちょっとした工夫を発見！

「ゴムをつけることで、激しく動いても肌が見えすぎないようになっています」

　足元にも細かすぎるこだわりがある。

「靴のアッパーに使われているフラワーモチーフを、ヒールにも使用しています。また、淡い色調の花柄は日本スタッフの手描きによるもの。客席からははっきりと見えないところにも、アラジンの世界観を徹底しているんですよ」
生地は特注！ ジーニーの衣裳は魔人らしい異世界の神秘性が
目にも鮮やかなブルーのジーニーの衣裳は、ベロアに似たソフトな触感。

「アラベスク模様が特徴的なパンツは、クリエイティブスタッフが生地からオーダーして作った特注品。ひざがすり切れやすいのですがすぐに予備が手に入らないので、メンテナンスが欠かせません」

　肩部分には宝石を囲むようにゴールドのスパンコールやビーズが配されている。

「魔人なのでこの世のものと思えない神秘性を表現しています」

　ジーニーをランプに縛り付けておく“手枷（てかせ）”。▲や◆などのビーズとアラビックな模様が組み合わせられている。

　パンツがキラキラ光るのはこのティアドロップ形ビーズのおかげ。

「重さがあるので、通常のビーズより落ちやすい。欠かせない補強ポイントのひとつです。また、パンツの膝部分は擦り切れやすいので、特にメンテナンスには気を使っています」

　アラビアの世界観を体現する、先端が尖ったブーツは本革製。

「海外から土台が届いたら、表面の繊細な柄は、すべて手で描いていきます」

　基本的に俳優のサイズに合わせて衣裳や靴が準備されるので、つまり、この細かいブーツの絵柄を複数回手描きしたことになる。しかも、つねにメンテナンスを重ねて新品同様の美しさをキープしているとは！
取れかけのビーズ1粒さえ見逃さない
衣裳から取れたビーズが1粒でもどこかに挟まると、舞台装置が動かなくなる可能性がある。『アラジン』はオートメーションで舞台装置を動かすための溝が舞台にたくさん刻まれていることもあり、ビーズの管理にはとても神経を使っているという。

「『アラジン』の場合、メインキャストはもちろん、アンサンブルの衣裳にもビーズが多く使われているのが特徴です。踊るシーンも多く、しかもアンサンブルは着替えが多いので、ビーズが落ちるリスクが高い。少しでもゆるみを感じたら早めに補強しています。いまではビーズを1つ見れば、誰の衣裳かわかるようになりました（笑い）」

　金澤さんは元々バレエ経験者で、舞台に立っていた側。演じるよりも衣裳制作の楽しさに目覚め、劇団四季に入団したという。

「自分の経験が生きている点があるとすれば、踊りやすいラインを保持しながらも、激しいダンスでも壊れにくい頑丈さを作れることでしょうか。いまはどんな動きにどんな衣裳が映えるのかを考えることがやりがいですね」

　常にメンテナンス待ちの衣裳がラックにかけられているため、スピーディーに手を動かしながら笑顔で取材に応対してくれた金澤さん。こうしたスタッフの献身があってこそ、華やかで艶やかな『アラジン』の世界が作られていると痛感した。

劇団四季の『アラジン』は今年、上演10周年。微塵も色あせることなく輝き続ける舞台も衣裳も、ぜひご堪能あれ！

取材・文／辻本幸路　撮影／五十嵐美弥",[],[]
《独占インタビュー》劇団四季『アラジン』“ジーニー役10年”の俳優だから語れる真の魔法と「幕前3センチ」のワクワク【ディズニーミュージカル30周年記念】（女性セブンプラス）,https://news.yahoo.co.jp/articles/e62f03efd6247ed4e270dd32bbf1363ed80d6cdf,https://newsatcl-pctr.c.yimg.jp/t/amd-img/20251117-00000004-hnrm-000-2-view.jpg?exp=10800,2025-11-17T15:59:00+09:00,2025-11-17T16:02:05+09:00,女性セブンプラス,hnrm,8760 by postseven,2424,"「理想の相棒─―フレンド ライク ミー」のナンバーで、魔法を駆使するジーニー役（撮影／荒井健）（C）Disney
2015年から30年にわたり、ディズニーミュージカルを上演、計7作品で3200万人以上を動員してきた劇団四季。『女性セブンプラス』では、大ヒットロングランの舞台裏を独占で徹底取材！　今回は『アラジン』から、ランプの魔人・ジーニー役俳優が語った舞台裏、そしてゴージャスな衣裳についても、本誌では掲載しきれなかった情報を盛り込んだ完全保存版で公開します！【前・中・後編の中編】
【写真】おしゃれな私服姿でポーズをとるジーニー役の瀧山久志さん。他、リアルに作られている建物のセットなども
マンパワーで再現されたきらびやかな街こそがまさに“魔法”
前編では、オーディションや稽古について、初演当時やこの10年を振り返って貴重なエピソードを語ってくれた瀧山さん。ここでは、10年にわたり、途切れることなく上演が続いてきた『アラジン』の魅力について、明かしてくれました。

──瀧山さんが思う、『アラジン』の見どころ、魅力はどんなところでしょうか？

瀧山：いちばん見てほしいのは、随所に散りばめられている魔法ですね。よく「魔法の絨毯はどうやって飛んでいるの？」と聞かれるのですが、私が思う魔法とは、ただそうしたことだけじゃない。

　約10年前、ブロードウェイで開幕した当時の最新の舞台技術が使われていることも間違いないんですが、実は意外とアナログな演出もたくさんある。マンパワーも含めてあのきらびやかな舞台が作られていることが、“まさに魔法的”だと感じています。

──では、どういうところがアナログなのでしょう？

瀧山：例えば100人以上もの大行列が登場する『プリンス アリー』のナンバーでは、同じ俳優が1人3〜4回着替えながら、踊って、歌って、はけて、着替えて、また出てきて…というのを繰り返します。

　アラジンが逃げ回る『逃げ足なら負けない』のナンバーでは、実物のビルディングのセットをコンピュータ制御で動かします。映像でできるところをあえて実物にこだわるからこそ、迫力が出るんです。

魔法の絨毯も……おっと、深くは言えませんね（笑い）。

──瀧山さんの好きなシーンを教えてください。

瀧山：好きというか、私にとって刺激的なシーンは、やぱり冒頭ですね。幕が上がる前、幕の目の前3cmのところでスタンバイするんです。音楽とともにバーンと幕が開き、その日の客席の空気を全身で受け止めるわけです。もちろんウェルカムでいらっしゃると思うんですけど、その日のお客さまがどういう感じで来るのか微妙な変化もあって、“サラーム”をどう言うか、ドキドキ綱渡り状態です。
せりふを母音にして棒読みするのが日課
──10年にわたり、試行錯誤しながらジーニー役を演じてきたわけですが、血反吐を吐くような努力があるんでしょうね。せりふや動きは徹底的に叩き込んで…。

瀧山：それはそうですね。私は毎日2回ランニングしているんですが、走りながらジーニーのせりふをすべて母音だけで棒読みするようにしています。

　時間がもったいないので声帯を温めるのと体を温めるのを一緒にしちゃっているだけなんですが、棒読みすることで一度ついてしまった抑揚を洗っている（リセットする）んです。棒読みのほかにも、母音法で言ってみたり、お経みたいに言ってみたり、全部を関西弁にしてみたりもしてみます。それぞれ15分ぐらい。出演しない日でも毎日やっていますね。

──そういえば、ずいぶん体形がスリムになられましたよね。体重がある程度ないと声が出にくいとも聞いたことがあるんですが、発声に支障はないのですか？

瀧山：ピークはいまより20kgも重かったんですよ（苦笑）。かといって、いまと比べて当時はめちゃめちゃ声が出ていたかというと、そうでもないので、体重は関係ないと思います。

　そもそも健康診断でやせた方が良いというお医者さまからの指摘を受けて体重を落とし始めたんですが、数値が良くなると体重を落とすのが楽しくなっちゃって。衣裳がガバガバになって、詰めてもらったりしました。

　初演時はいまより7、8kgは重かったかな？　体重を落としていく過程で、声に影響があると感じたときがあったので、そこから少し体重を戻しましたが…。

──では、いまはおいしいものもセーブしているんですか？

瀧山：いえいえ、自分でご飯を作るのがすごく好きなので、休みの日は基本料理してそれを楽しんでいますよ。ただお酒は下戸で、まったく飲めないタイプですが。

──休日の素顔も教えてくださりありがとうございました。それでは最後に、瀧山さんにとってジーニーはどんな存在でしょうか？

瀧山：出会い、チャンス、気づきをくれた大切な存在です。いろいろなかたと出会えたり、いろいろな機会に恵まれたり、ここからすべてが始まりました。“3つの願い”以上の夢を叶えてもらっていますね。

ジーニーという役が大好きですし、日本初演に立たせていただいた人間として、この役を大事にしないといけないという責任も感じています。これからも立ち止まらず、お客さまに対しても劇団に対しても、この役を磨き続けていきたいと思っています。

　　撮影時には、最近、父を介して譲り受けたという100年前の曽祖父の紬を、ジャケットのようにさらりと羽織っていた瀧山さん。取材スタッフ3人にまんべんなく視線を向けながら真摯に答えてくれていたのも印象的だった。

　インタビュー中、百面相のように表情を変え、声色さえも、まるでジーニーのようにコロコロと変わる様子は、「瀧山劇場」を見ているかのよう。

　相手を楽しませようとするその素顔は、誰のことも取りこぼさない“いい奴ジーニー”そのものでした！

取材・文／辻本幸路　撮影／五十嵐美弥",[],[]
《独占・劇団四季『アラジン』誕生秘話も》ジーニー役俳優が明かす「記念受験だった」オーディションと子どもに泣かれたとき【ディズニーミュージカル30周年記念】（女性セブンプラス）,https://news.yahoo.co.jp/articles/7eee599e1f593c2eca541dd98d24d95873cef04e,https://newsatcl-pctr.c.yimg.jp/t/amd-img/20251117-00000003-hnrm-000-2-view.jpg?exp=10800,2025-11-17T15:58:00+09:00,2025-11-17T16:08:53+09:00,女性セブンプラス,hnrm,8760 by postseven,4796,"上演10周年を迎えた『アラジン』。ジーニー（中央左）役が舞台裏を語る（撮影／荒井健）（C）Disney
2015年から30年にわたり、ディズニーミュージカルを上演、計7作品で3200万人以上を動員してきた劇団四季。『女性セブンプラス』では、大ヒットロングランの舞台裏を独占で徹底取材！　今回は『アラジン』から、ランプの魔人・ジーニー役俳優が語った舞台裏、そしてゴージャスな衣裳についても、本誌では掲載しきれなかった情報を盛り込んだ完全保存版で公開します！【前・中・後編の前編】
【写真】百面相ばりに表情を変えながら身振り手振りでインタビューに応えるジーニー役の瀧山久志さん。他、迫力ある演技で観客を魅了する姿も
【インタビュー】ジーニー役・瀧山久志さん「毎回、綱渡りの応酬を心がけています」
舞台は、砂漠に囲まれた神秘と魅惑の都・アグラバー。魔法のランプを手にした貧しい青年アラジンとアグラバー王国の王女ジャスミンの冒険と愛を描いた『アラジン』は、2015年の開幕以来、いまなお熱い人気を誇る。

　初演時から10年にわたってランプの魔人・ジーニーを演じてきた瀧山久志さんに、コミカルな名シーンが生まれた背景と、役作りの難しさを聞きました。表情豊かに語ってくれたインタビューカットと併せてお届けします。

──瀧山さんは劇団四季に正式に入団する前から『オペラ座の怪人』『サウンド・オブ・ミュージック』に出演されていましたよね。それが『アラジン』のジーニー役をきっかけに入団されたということは、何か運命的なものを感じたのでしょうか。

瀧山：そこは逆なんです。劇団四季に入ることを決めたので、ジーニーのオーディションに挑戦したんです。

　その頃、私は札幌で『オペラ座の怪人』に出演していたのですが、当時は劇団内外で「あの話題作が始まる」という、どこかお祭りみたいな雰囲気もあって。私はいわば記念受験のつもりで、受かるわけがないと思いながらのエントリーでした。

　私はオペラ出身でクラシックの人だという位置づけをされていたと思うのですが、「こういう役もできる」というのを示せたらいいなと思ったんです。

　ただ、オーディションの課題を稽古するだけですごくワクワクしましたし、それをクリエイティブスタッフに見てもらえるなんて、ラッキー！」と思って。

「せっかくだから、好きにやってみよう！」と力が抜けていたのが良かったのかもしれません。

──実際にジーニー役に選ばれたときの気持ちはいかがでしたか？

瀧山：「信じられない！」ですよ。そんじょそこらの“信じられない”っていうんじゃなく、心から「し・ん・じ・ら・れ・な・い！」という思いでした（笑い）。

──海外のクリエイティブスタッフから、「瀧山さんはそのままでいい」と言われたそうですね。

瀧山：『理想の相棒──フレンド ライク ミー』のナンバーの稽古中、私はダンスが苦手なのでとっさにカニ歩きでごまかしたんですが、「それ、いいね！　絶対入れて」と言っていただけて、劇中に取り入れてもらえたこともありました。

　この作品は、ブロードウェイの演出をなぞるのではなく、「日本の文化ではどうやるのが面白いか？」と、いろんなアイデアを出しながら、みんなで作品をクリエイトしていった感じなんです。

　それと、自分ではよくわからないんですが、友達や仲間からは「楽屋にいるタッキーのまんま！」ってしょっちゅう言われます（笑い）。

──簡単に想像できちゃいますね（笑い）。拍手が起きたときに、「もう、いいよ」というのも、もしかして瀧山さん発案ですか？

瀧山：そうです。会場の拍手を促しておきながら、はいはい、もういいよっと止めるあれ。拍手って、なかなか止まらないもので、次のシーンにいくために、ザワザワをピタッと止めるには何がいいかなと思ったとき、皆が知っている方法があるじゃないか！と（笑い）。
上演ごとに変わる雰囲気は“アドリブ”ではなく“お客さまを置いてけぼりにしない”演出
──ジーニーは客席との掛け合いがあったり、俳優によってせりふが違ったり、同じせりふでも言い方が変わったりします。劇団四季の舞台は台本に忠実でアドリブ禁止と思っていたのですが、ジーニーには、アドリブが許されているんでしょうか？

瀧山：基本的にはアドリブが許されているわけではありません。アラジンからどこから来たのかと問われて、ジーニー役の俳優が実際の出身地を答える場面も、実はしっかり台本があるんですよ。

──山口県出身の瀧山さんが「山口から出て来たほっちゃ」という、あの場面ですね！

瀧山：そうです。ただ、クリエイティブスタッフからいちばん大事にしてほしいと言われたのは、ジーニーは出てくるだけで雰囲気を明るくする“太陽のような存在”であるということ。そして少年のような心を持ちながらも、何万年も生きている人間としての深さも持ち合わせている、ということ。

　最初はこれを理解するのが難しくて、いろいろトライしながらも壁にぶち当たっていました。でもある日、劇団の先輩から「ジーニーはとてもいい奴なんですよ」と教えていただいたことで、霧が晴れまして。ジーニーはいい奴。だから、お客さまも置いてけぼりにはしないんです。台本から外れない範囲でお客さまとキャッチボールをするのは、それが理由なんです。

──本番中に子どもが泣いたり笑ったりすると、瀧山さんが反応されることもありますよね。

瀧山：それで言うと2015年の開幕前日の公開稽古中、客席で泣き出したお子さまがいらっしゃったんです。大きな音や光に驚いてしまったんでしょうね。思わず舞台から手を振ったら客席も盛り上がりましたし、クリエイティブスタッフからも「ナイスアシスト！」と言われました。

──「子どもにいい返しをしたね」と褒められたんですか？

瀧山：いえ、「あの子にいいアシストしてもらえたね！」と。いい評価をもらえて、よかった〜って胸をなで下ろしました（笑い）。もしあのときダメ出しされていたら、いまのスタイルはなかったと思います。

　アドリブといえばアドリブかもしれませんが、客席と舞台をつなぐのがジーニーの役目だと自信が持てるようになりました。
浅利慶太さんの教え「居て、捨てて、語る」を追求し続けて
──いい奴すぎると言えば、アラジンがジャスミンと結婚するから、最後の願いはジーニーのために使えないと言ったとき、ジーニーは恨めしさは語らず、アラジンを祝福しますよね。とても哀愁を感じるシーンです。

瀧山：そこは稽古中に、クリエイティブスタッフから「本気でアラジンのことを許して、本気で彼の結婚を祝ってあげてほしい」と言われていたんです。台本を読むと、まるで喧嘩しているかのようなせりふの流れなんですが、ジーニーは決して怒っているわけではない。いまだに演じるのが難しく、試行錯誤しているシーンです。

──長年演じている役でもそうした苦悩はあるのですね。劇団四季には「慣れ、だれ、崩れ＝去れ」というモットーがありますが、10年の間、１つの役を続けてきて、毎回フレッシュに演じることについて心がけていることがあれば教えてください。

瀧山：「慣れ、だれ、崩れ＝去れ」は劇団四季創立者の浅利慶太先生が残してくださった有名なフレーズですけれど、実は他にも「居て、捨てて、語る」という言葉があって、私はこれをいつも意識しています。

　意味は、「ただそこに存在して、顕示欲や自分の都合を捨てて、シンプルに語る」というもの。登場人物がどういう心境でそこに立っているのかを決めるのはお客さまであって、俳優がこういう気持ちなんだと演技に込めた瞬間に、ただの提示で終わってしまう。物語がそれだけになってしまうから、自分がいままで準備してきたものを捨てろ、ということです。

　これは大変難しく、俳優にとって闘いでもあるんですけれど、これこそが新鮮に舞台を届けるということなんだと、最近、実感しています。

──とくに最近、と言うのは？

瀧山：やはりほかの作品（『ゴースト＆レディ』のジョン・ホール役など）から戻ってきて、再びジーニーを演じるときに、強く実感しますね。

　それと、こちらの電通四季劇場［海］が入っているビル（カレッタ汐留）が改修工事で長く閉じた期間（2023年。８か月間）に、クリエイティブスタッフから「みんながこの物語をもう充分理解しているのはわかったから、俳優力をワンランク上げて、この舞台に臨んでみましょう」というアプローチがあったんです。

　そのとき、作品冒頭にジーニーが言う「サラーム（こんにちは）」というせりふに対して、「どういう気持ちでサラームって言っていますか？」と聞かれ「来てくれたお客さまに挨拶しています」と言ったら「本当に？　いま瀧山くんの言ったサラームという音程は、すごく聞き覚えがあるよ？」とダメ出しを受けたんです。「幕が開いた瞬間、目の前にいるのが、キラキラ目を輝かせている子供なのか、週末に家族サービスで来ているお父さんなのかで、かける挨拶は変わってくるだろう？」ということなんですね。

──むしろ、いつ見ても同じように見せることが求められているのかと思っていました。

瀧山：実際に舞台に立った私自身、今日はリピーターのお客さまが多いなって感じるときもあれば、そうではないって感じるときもある。そうではないときにどんどん飛ばしても、初めて見るかたはついて来られないでしょうし、逆にリピーターのかたには、“こうすればこうなる”というお約束を捨てた方が、熱気が高まることもあると思うんです。

　たとえばジーニーが提灯を出すシーンがありますが、流れを知っているリピーターのかたは「はいはい、提灯ね」と思うシーンです。リピーターのかたが多いと感じた日は、演じ方を変えると、お客様の心をほぐしつつ進行できる。

──たしかにあの提灯を取り出すシーンは、リピーターがどう反応するか、緊張すると思います。

瀧山：忘れもしない、上演1周年の日のこと。舞台に出て行っただけで拍手が巻き起こったのに、提灯のくだりでシーンとなって。それまで演じてきて初めてのことでした。

　この場面のみならず、歌を披露した後の熱気はすごいのに、笑っていただけるポイントだとわれわれが思っている部分で、ことごとくシーンとして、空調の音が聞こえるくらい（苦笑）。

こういう経験もあって、こちらがエネルギーをもって舞台に臨むことが、演劇というものなんだなと思います。

──その日は1周年ということで、観客はリピーターがほとんどだったんでしょうね。ただ、本気で役を捨ててしまったらせりふも出てこない気がしてしまうんですが…どうされているんですか？

瀧山：“捨てた”人の演技は見ていてわかります。作品というレールの上をお互いに走っているのに、綱渡りをしているようなドキドキする応酬が生まれるんです。せりふも噛みそうになるくらい勢いがあるし、舞台上で大丈夫かな？って不安になるくらい。でもその方が“生きている”感じがするし、お客さまの熱気も高まるんです。アドリブの応酬とはまったくの別物ですね。

　まさに、劇団四季の『アラジン』誕生秘話ともいえる、10年前を振り返ってくれたジーニー役の瀧山さん。サービス精神旺盛に身振り手振りで話しながらも、インタビュー開始当初は、手にハンカチを握りしめ、汗をかきながら緊張気味だったのが印象的だった。

では、瀧山さんだからこそ話せる『アラジン』の見どころや役作り、休日のリフレッシュ術などをお伝えします。

取材・文／辻本幸路　撮影／五十嵐美弥",[],[]
木村拓哉、レコード会社を移籍もしくは独立か　自らプロデュースするようになれば、コラボも自由に…現実味を帯びる「SMAP再集結」【全文公開・後編】 （女性セブンプラス）,https://news.yahoo.co.jp/articles/b8a538e640bc40cca0131881b6935dd8f797f748,https://newsatcl-pctr.c.yimg.jp/t/amd-img/20251117-00000002-hnrm-000-1-view.jpg?exp=10800,2025-11-17T11:00:00+09:00,2025-11-17T11:00:00+09:00,女性セブンプラス,hnrm,8760 by postseven,1869,"今後の動向に大きな注目が集まっている木村拓哉
2016年末にSMAPが解散してから約10年。木村拓哉（52才）の動向に大きな注目が集まっている。木村にいま、レコード会社の『ビクターエンタテインメント』からの独立、あるいは移籍する計画が持ち上がっているというのだ。もしそうなれば、自社レーベルを立ち上げるか、あるいはほかのレコード会社と提携するなど、あらゆる可能性が考えられる。SMAPデビュー35周年の節目を前に、木村はどう動くのか。【前後編の後編】
【写真】10年前、第66回NHK紅白歌合戦に出演した際のSMAPのメンバー。他、工藤静香のライブ終わり、バイクで帰宅する木村拓哉とKokiなども
何があっても絶対に腐るなよ
この約1年、木村の活動はかつてないほどに多忙を極めた。ソロアーティストとして昨年8月に3作目のオリジナルアルバム『SEE YOU THERE』をリリースし、約2年半ぶりに全国5都市でソロライブツアーを敢行。アルバム制作と前後してスペシャルドラマ『グランメゾン東京』（TBS系）と劇場版『グランメゾン・パリ』の撮影を行い、番宣のためにバラエティー番組にも率先して出演した。

「昨年12月に公開された『グランメゾン』の劇場版は、興行収入40億円を突破する大ヒットを記録し、人気の健在ぶりを改めてアピールしました。その後は、『TOKYOタクシー』の撮影に入り、さらに今年の春頃には来年1月にNetflixで配信される予定の主演映画『教場 Reunion』の撮影を行っています」（映画関係者）

　その木村が珍しく弱気な一面を見せたのは昨年10月。前述のツアー中のMCで2022年のコンサートからの2年間を振り返り“一時はおれも腐りそうなときがあった”と本音を吐露。さらに“いろんなことを言われたり、悔しいときもあるかもしれないけど、おれたちは胸を張って生きていこう”とファンに語りかけたことがネットニュースなどで報じられた。

「木村さんは明言こそしませんでしたが、誰もが2023年に表面化したジャニー喜多川氏の性加害問題との関連を思い浮かべました。一連の報道で旧ジャニーズ事務所に逆風が吹き荒れ、木村さんのみならず、所属タレントの多くが仕事を失った。

　木村さんにしてみれば、そのような状況下でも応援してくれたファンに感謝を伝えたかっただけなのかもしれません。ところが、切り取られた発言がSNSで拡散され、木村さんには“被害者への配慮がない”などといった批判が集中したのです」（芸能リポーター）

“腐るな”というフレーズは、ジャニー氏の問題が明るみになる前から、木村がファンに向けて使っていた言葉だ。

「“何をやってもキムタク”と言われたときも腐りかけて落ち込んだことがあるそうです。ファンに向けて『何があっても絶対に腐るなよ』と呼びかけた彼の言葉は、自分への戒めでもあったのでしょう。SMAP解散で“裏切り者”の烙印を押されたときも、木村さんは黙って耐え続けていました」（芸能関係者）

　グループの解散に最後まで反対したように、木村のSMAPに対する思いはほかのメンバー以上に強い。

「2020年に初めてソロライブを行ったときから、木村さんはファンの前で『夜空ノムコウ』や『SHAKE』などSMAP時代の曲を歌ってきました。その一件を夕刊紙に“SMAPの遺産”と報じられたことに『勝手に遺産にしてんじゃねえよ！　うちらの中でSMAPの曲は財産なんだよ！』と反論したこともある。おれではなく“うちら”と表現したことに、木村さんの思いを感じ取るファンは少なくなかったといいます」（前出・芸能関係者）

　芸能界に大きな影響力を持つ木村の独立か移籍が実現すれば、これまでにない大きなチャレンジとなり、SMAPの再集結も現実味を帯びてくる。前出の芸能関係者が続ける。

「話し合いは現在も水面下で続いているようです。木村さんが環境を変えたいと考える理由は金銭的な問題や条件面のことだけではないのでしょう。

　これまでソロアルバムには毎回、木村さんと親交のあるアーティストが曲を提供することが恒例となっていました。矢沢さんのように自らプロデュースするようになれば、いままで以上に自由にコラボレーションができる。極論を言えば、草なぎさんや香取さんたちの『新しい地図』と共演することも可能なわけですからね」（前出・レコード会社関係者）

　木村の可能性は無限に広がっている。

※女性セブン2025年11月27日号",[],[]
木村拓哉、レコード会社からの独立・移籍を模索　ロールモデルは尊敬する矢沢永吉、周囲には「矢沢さんのように自分でやりたい」【全文公開・前編】（女性セブンプラス）,https://news.yahoo.co.jp/articles/09f263518e7e439d44d1a5529ec02178da0023bb,https://newsatcl-pctr.c.yimg.jp/t/amd-img/20251117-00000001-hnrm-000-1-view.jpg?exp=10800,2025-11-17T10:59:00+09:00,2025-11-17T10:59:00+09:00,女性セブンプラス,hnrm,8760 by postseven,2532,"レコード会社からの独立、または移籍を模索している木村拓哉
知命を超えてなお、“いい男”の代名詞であり続ける木村拓哉（52才）。そんな彼が、かつて所属したグループの節目を前に、ある決意を固めようとしている。苦しいときも前を向いて走り続けた男が描く未来の形と、いまは別の道を歩む元メンバーへの思いとは──。【前後編の前編】
【写真】Kokiを後ろに乗せて、バイクで帰宅する木村拓哉。他、会場から出てくる金髪デニムセットアップ姿の木村拓哉なども
「拍手、小さいですよ！」

　木村拓哉が笑顔でそう促すと、800人近い観客で埋め尽くされた会場から割れんばかりの拍手が沸き起った。10月29日、都内で開催された東京国際映画祭。主演映画『TOKYOタクシー』の舞台挨拶に出席した木村は、共演の倍賞千恵子（84才）と共にステージに立ち、映画祭の特別功労賞を受賞した山田洋次監督（94才）と熱いハグを交わした。

「木村さんが山田組に参加するのは2006年に公開された『武士の一分』以来、実に2019年ぶり。オファーを受けたときは“ボス”と呼ぶ山田監督と再び仕事ができることに感激し、周囲に『何としてもやり遂げたい』と熱っぽく語っていたそうです」（芸能リポーター）

　映画は木村が演じる無愛想なタクシー運転手と、高齢者施設に向かうために乗車した倍賞が、さまざまな場所を巡るうちに心を通い合わせていく姿を描いたヒューマンドラマ。前作で「俳優と会って、こんなに気持ちが高揚したのは（高倉）健さんに会ったとき以来」と木村をほめたたえた山田監督は、今作でも木村の芝居と向き合う真摯な姿を絶賛。撮影現場では木村と倍賞とのかけ合いを見ることを何よりも楽しみにしていたという。

「木村さんも、年齢を重ねても新しいことに挑戦し続ける山田監督の姿勢に大きな刺激を受けているそうです。実は同時期に映画『マスカレード・ホテル』の続編を撮影する計画があったのですが、山田監督との仕事を優先したいという木村さんの意向でクランクインの時期が大幅に延期されてしまった。

　木村さんにとって、山田監督との仕事はそれだけ重要な意味を持っているということ。先延ばしにした仕事がほかにもあり、すでに来年以降もスケジュールがぎっしり埋まっているそうです」（映画関係者）

　2016年末にSMAPが解散してから約10年。2026年にSMAPの元メンバー、すなわち木村と中居正広、稲垣吾郎、草なぎ剛、香取慎吾の5人はデビュー35周年の大きな節目を迎える。だが、記念すべきアニバーサリーイヤーに、かねてファンが期待する再結成やメンバーの再集結は実現への糸口さえ見えてこない。

「今年1月、元アナウンサーの女性とのトラブルがきっかけで、中居さんが芸能界を引退したことが決定打となりました。リーダーが復帰しない限り、SMAPが再集結する可能性は低い。いまのところ周年を記念したイベントなどが行われる予定もないといいます。

　一縷の望みは、このタイミングで中居さんが関係者を通じて木村さんとの対話を求めているという話があること。ツートップが再会すれば、それだけでも事態が大きく動くため、ファンや関係者も固唾をのんで見守っています」（前出・芸能リポーター）
最高だと思ったけど、やっぱり最高！
芸能界では来年以降の木村の動向に大きな注目が集まっている。

「実はいま、木村さんにレコード会社の『ビクターエンタテインメント』からの独立、あるいは移籍する計画が持ち上がっているんです。1991年にSMAPとしてデビュー以降、木村さんは30年以上にわたって同社から数多くのヒット作を世に送り出してきました。現状は、まだ未確定な情報ですが、今後は自社レーベルを立ち上げるか、あるいはほかのレコード会社と提携することも考えられる。木村さんはあらゆる可能性を模索しているそうです」（レコード会社関係者）

　すでに水面下でビクター側との話し合いが進み、早ければ来年9月頃に契約が満了するという話もあるようだ。

「木村さんほどの大物が動くわけですから、当然、音楽業界でも噂で持ちきりです。ビクターといえば、初代ジャニーズも手がけた老舗の大手。『夜空ノムコウ』（1998年）や『らいおんハート』（2000年）など、同社がリリースしたSMAPのヒット曲は枚挙にいとまがありません。

　2020年に木村さんがソロデビューしてからも、同社が全面的にバックアップしていたので、木村さんの予想外の動きは驚きをもって受け止められています」（前出・レコード会社関係者）

　ロールモデルとなったのは木村がもっとも尊敬するアーティストのひとり、矢沢永吉（76才）だという。

「矢沢さんは1975年にキャロルが解散した後、不利な条件を突きつけるレコード会社と自ら交渉し、移籍に際して有利な条件を勝ち取ったことで知られています。その後も単身アメリカに渡って現地のミュージシャンと共演したり、ビートルズにならって自前の音楽出版社を設立するなど、これまで誰も成し得なかったことを次々にやり遂げ、歌手の地位向上にも大きく貢献しました」（前出・芸能リポーター）

　木村が矢沢の存在を強く意識するようになったのはここ数年のこと。きっかけはある夕食会だったという。

「たまたま一緒になった席で、矢沢さんのダンディーな振る舞いを見た木村さんは『うわ、かっけえ！』と強い衝撃を受けたそうです。負けじと生バンドの演奏に合わせてダンスを披露した木村さんに、矢沢さんは『最高だと思ったけど、やっぱり最高！』と声をかけたのだとか。

　その後、2018年に放送された主演ドラマ『BG〜身辺警護人〜』（テレビ朝日系）に矢沢さんがゲスト出演したり、矢沢さんがコンサートに木村さんを招待したりして、次第に親交を深めていきました」（前出・芸能リポーター）

　木村は大スターの生き様に大きな刺激を受け、矢沢の肖像がデザインされたお札を財布に入れて持ち歩くほど尊敬し、移籍についても「矢沢さんのように自分でやりたい」と周囲に話していたという。

※女性セブン2025年11月27日号",[],[]
