headline,mainEntityOfPage,image,datePublished,dateModified,author,media_en,media_jp,str_count,body,images,external_links
「ブルーロック」潔、凪、凛…エゴイストたちを大フィーチャーする展覧会が開催！ 4月26日より池袋にて（アニメ！アニメ！）,https://news.yahoo.co.jp/articles/07d6e6ce55de56927502e055a30ffd77558e5f26,https://newsatcl-pctr.c.yimg.jp/t/amd-img/20250205-00000010-anmanmv-000-1-view.jpg?exp=10800,2025-02-05T21:30:04+09:00,2025-02-05T21:30:04+09:00,アニメ！アニメ！,anmanmv,アニメ！アニメ！,1851,"「ブルーロック展 EGOIST EXHIBITION the animation」
TVアニメ『ブルーロック』の公式フラッグシップ展覧会「ブルーロック展 EGOIST EXHIBITION the animation」が、4月26日より池袋・サンシャインシティ文化会館ビルにて開催されることが決定した。本作に登場する個性豊かなエゴイストたちを大フィーチャーするもので、発表に伴い公式X（旧Twitter）、公式サイトもオープンした。
【フォト】『ブルーロック VS. U-20 JAPAN』
『ブルーロック』は、2024年11月時点の全世界累計発行部数が4000万部を突破し「第45回講談社漫画賞」の少年部門を受賞した、講談社「週刊少年マガジン」で連載中のサッカーマンガを原作とするTVアニメだ。
2022年10月から2023年3月にかけてTVシリーズ第1期が放送され、2024年4月に初の劇場版作品『劇場版ブルーロック -EPISODE 凪-』が公開された。そして同年10月から12月にかけてテレビ朝日系全国ネット“IMAnimation”枠にてTVシリーズ第2期となるTVアニメ『ブルーロック VS. U-20 JAPAN』が放送されてきた。

U-20日本代表戦の興奮も記憶に新しい中で開催が決定した「ブルーロック展 EGOIST EXHIBITION the animation」は、「EGOIST EXHIBITION」と銘打ち本作に登場する個性豊かなエゴイストたちを大フィーチャーする公式フラッグシップ展覧会だ。
TVシリーズ第1期・第2期に加え、『劇場版ブルーロック -EPISODE 凪-』までを網羅した総決算の内容で届けられる。発表に伴い、本展覧会の公式サイトと公式X（旧Twitter）もオープン。グッズ情報などの詳細は近日公開される。

TVアニメ『ブルーロック』の公式フラッグシップ展覧会「ブルーロック展 EGOIST EXHIBITION the animation」は、4月26日より池袋・サンシャインシティ文化会館ビルにて開催される。アニメの世界観を余すところなく体感できる展覧会に期待が高まる。


◆「ブルーロック展 EGOIST EXHIBITION the animation」概要
◆開催場所
池袋・サンシャインシティ文化会館ビル3F 展示ホールC 
◆開催期間
2025年4月26日（土）～5月18日（日） 
◆開催時間
10：00～20：00(最終日は17：00まで／最終入場は各日閉場の30分前まで) 
◆チケット情報 
■前売券 
＜先行抽選販売＞ 
前売入場券: 2,000円(税込) アクリルアートプレート付き入場券:4,500円(税込) 
＜一般販売＞ 
前売入場券: 2,000円(税込) 
■当日券 
アクリルアートプレート引換券:2,500円(税込) 
当日入場券：2,300円(税込) アクリルアートプレート引換券:2,500円(税込) 
■アクリルプレート付き入場券／引換券 内容 
アクリルアートプレート サイズ：B5 ※アクリルアートプレートは足つきの仕様となります。 
■入場特典 
ユニフォーム型ステッカー 
サイズ：約70mm×70mm以内 ※全18種 
▼配布スケジュール 
月：凪 誠士郎、烏 旅人、乙夜影汰、雪宮剣優 
火：潔 世一、蜂楽 廻、我牙丸 吟 
水：糸師 凛、御影玲王、馬狼照英 
木：千切豹馬、氷織 羊、二子一揮、蟻生十兵衛 
金：糸師 冴、オリヴァ・愛空、閃堂秋人、士道龍聖 
土：全18種類の中からランダム配布 
日：全18種類の中からランダム配布 
※月～金曜日については、各曜日のピックアップキャラの中からランダム配布となります。 
■販売情報 
本イベントは全日程日時指定制／整理番号順入場となります
・東京会場
◆前売券 
＜1次先行抽選販売＞ 
【抽選申込受付期間】2月8日(土)10:00～3月3日 (月)23:59 
【抽選結果発表】3月8日(土)13:00 
＜2次先行抽選販売＞ 
【抽選申込受付期間】3月8日(土)18:00～3月24 日(月)23:59 
【抽選結果発表】3月29日(土)13:00 
取り扱い：イープラス 
主催：アニメ ブルーロック展実行委員会 
協賛：イープラス
（C）金城宗幸・ノ村優介・講談社／「ブルーロック」製作委員会
アニメ！アニメ！ 仲瀬 コウタロウ",[],[]
「宇宙戦艦ヤマト」庵野秀明の企画・プロデュースによる企画展が開催！ アニメの礎を築いた名作の原点を辿る（アニメ！アニメ！）,https://news.yahoo.co.jp/articles/eeed0a144e33549445752f791f682247d221522b,https://newsatcl-pctr.c.yimg.jp/t/amd-img/20250205-00000009-anmanmv-000-1-view.jpg?exp=10800,2025-02-05T19:30:03+09:00,2025-02-05T19:30:03+09:00,アニメ！アニメ！,anmanmv,アニメ！アニメ！,1729,"「宇宙戦艦ヤマト 全記録展」
庵野秀明の企画・プロデュースによる『宇宙戦艦ヤマト』の放送50周年を記念する企画展「宇宙戦艦ヤマト 全記録展」が、2025年3月15日から31日にかけて西武渋谷店で開催されることがわかった。貴重な資料の展示に加え、企画展オリジナルグッズの販売なども行われる。庵野からコメントも到着した。
【フォト】「宇宙戦艦ヤマト 全記録展」をチェック！
「宇宙戦艦ヤマト 全記録展」は、「『宇宙戦艦ヤマト』との出会いがなければ、今の自分はなかった」と語る庵野が企画・プロデュースを手掛け、アニメ特撮アーカイブ機構（ATAC）協力のもと、ここでしか見ることができない初公開の貴重な原画や設定資料などを展示する企画展だ。

立ち上げ当時の幻の企画書に始まり、さまざまな設定資料や背景画、セル画などの中間資料まで、テレビシリーズの29万6千光年の航路が26話のエピソードに沿って展示される。作品を追体験しながら、アニメ史の礎を築いた名作の原点とその魅力を感じられる展示が並ぶ。

紙資料のほかにも、1974年の初代のヤマトから現在上映されているリメイクシリーズに至るまで、『宇宙戦艦ヤマト』の歴史が大年表空間で時系列に紹介されるのも見どころだ。当時のレコードや懐かしのアイテムをはじめ、巨大ヤマト艦の模型も展示される。
2025年、昭和からちょうど100年の節目となるこの年に、ヤマトの歴史と昭和の記憶に触れる企画展として、世代を超えた多くのアニメファンが感慨深いひと時を過ごせるだろう。

また「宇宙戦艦ヤマト 全記録展」の開催、ヤマトの50周年を記念し、会場では限定のオリジナル商品が多数販売される。また、会場4階にある「365cafe」でのコラボカフェの開催も決定した。『宇宙戦艦ヤマト』をイメージした特別メニュー、名場面をモチーフにした料理やドリンクを楽しみながら、作品の世界観に浸ることができる。
さらに、展示会場と同フロアにある紀伊國屋書店ではヤマトフェアが実施される。ヤマト関連書籍を集めたフェアや、50周年企画として発売される書籍の予約受け付けを行う。そのほか会期中は西武渋谷店内で、ヤマトを楽しめる企画が予定されている。詳細は後日公式サイトで発表されるので、続報を楽しみに待とう。

庵野秀明の企画・プロデュースによる『宇宙戦艦ヤマト』の放送50周年を記念する企画展「宇宙戦艦ヤマト 全記録展」は、2025年3月15日から31日にかけて西武渋谷店で開催される。詳細は公式サイトまで。

＜以下、コメント全文掲載＞

庵野秀明

日本の「アニメ」は、半世紀前の1974年10月6日に放映された『宇宙戦艦ヤマト』から始まりました。
その時『宇宙戦艦ヤマト』というエポックな作品に出会わなければ、今の自分は無かったと思います。
その「ヤマト」に多大な恩と人生に影響を受けた感謝と敬意と恩返しを込めて、『宇宙戦艦ヤマト』の現存している資料を可能な限り後世に遺し、全記録展のような形でより多くの人に、観て、知って、心に感動を記憶し、広く世界に伝えて頂ければ幸いです。
先ずはこの3月、東京渋谷から始めて行きたいと思います。
よろしくお願い致します。
庵野秀明

宇宙戦艦ヤマト 全記録展　開催概要
■会期：2025年3月15日（土）～31日（月）
■会場：A館2階・7階＝特設会場
企画・プロデュース：庵野秀明
主催：株式会社東北新社
著作総監修：西崎彰司（崎は「たつさき」）
企画：カラー／アニメ特撮アーカイブ機構（ATAC）／乃村工藝社
制作：乃村工藝社／東北新社

◆チケット販売情報
チケットはローソンチケットにて販売いたします。
販売開始： 2025年2月8日（土）10：00～　先着順
販売場所： ローソンチケット　Lコード：35498
◆チケット料金　※金額はすべて税込金額
・大人：前売り券 2,500円／当日券 2,700円
・子供：前売り券 1,300円／当日券 1,500円(小学生以上、高校生以下)
・プレミアグッズ付きチケット：5,000円
（C）東北新社/著作総監修 西崎彰司
アニメ！アニメ！ 仲瀬 コウタロウ",[],[]
「ジョジョ」荒木飛呂彦が美人画を描き下ろし！ オリジナルビール＆グッズも登場の「美人画で巡るヱビス」開催（アニメ！アニメ！）,https://news.yahoo.co.jp/articles/9766934a4779a7d5528c060a9ca067b0b0409edb,https://newsatcl-pctr.c.yimg.jp/t/amd-img/20250205-00000008-anmanmv-000-1-view.jpg?exp=10800,2025-02-05T17:15:03+09:00,2025-02-05T17:15:03+09:00,アニメ！アニメ！,anmanmv,アニメ！アニメ！,1783,"「美人画で巡るヱビス」
『ジョジョの奇妙な冒険』で知られるマンガ家の荒木飛呂彦が描き下ろした美人画などを展示する展示会「美人画で巡るヱビス」が、2月13日から5月31日まで東京のYEBISU BREWERY TOKYOで開催される。サッポロビールの「ヱビスビール」135周年特別企画として行われるもので、会場ではオリジナルビールやオリジナルグッズも販売される。
【フォト】「美人画で巡るヱビス」オリジナルグッズをチェック！
荒木飛呂彦は宮城県仙台市生まれのマンガ家だ。1980年、集英社主催の「第20回手塚賞」にて『武装ポーカー』で準入選を受賞した。1986 年、「週刊少年ジャンプ」にて連載がスタートした『ジョジョの奇妙な冒険』は読者から絶大な支持を獲得している。

2023年2月より、「ウルトラジャンプ」にてシリーズ第9部となる『The JOJOLands』を連載中だ。

このたびの「美人画で巡るヱビス」は、今年で誕生135周年の節目を迎えるヱビスビールが、唯一無二のスタイルで40年以上にわたり日本と世界を魅了し続けるマンガ家・荒木飛呂彦とコラボレーションする展示会だ。
ヱビスの歴史ともいえる美人画ポスターのルーツを辿る展示が並ぶほか、荒木が現代的にアップデートして描き下ろした美人画も高さ3メートルの迫力ある巨大美人画として展示される。2月12日発売の「ヱビスビール 荒木飛呂彦描き下ろしデザイン缶」でも表現している世界観を、さらに色鮮やかなデザインとして「YEBISU BREWERY TOKYO」で楽しめる。

また会場では数量限定で、荒木の作品に思いをはせて醸造された数量限定オリジナルビール「受け継ぐ者」や、Tシャツやクリアファイルなど荒木による描き下ろしデザインのオリジナルグッズも販売される。荒木作品のファンにも見逃せない展示会となりそうだ。

『ジョジョの奇妙な冒険』で知られるマンガ家の荒木飛呂彦が描き下ろした美人画などを展示する展示会「美人画で巡るヱビス」は、2月13日から5月31日まで東京のYEBISU BREWERY TOKYOで開催される。詳細は特設サイトまで。

＜以下、コメント全文掲載＞

YEBISU BREWERY TOKYO 提供ビール監修 ヱビスブランド Chief Experience Brewer有友 亮太


「受け継ぐ者」は荒木飛呂彦氏の漫画という媒体で物語を紡ぎ続ける姿勢に共鳴して開発した商品です。私は物語に触れる中で大切なテーマの一つが「受け継ぐ」ということだと感じました。物語を通して受け継がれるものは「血」、そして「意思」であり、これらをビールで表現することに挑戦しました。 
ビールの原料であるホップは千年以上にわたり人の手により紡がれてきた作物です。そのホップの中には遺伝的なつながりのある品種や、意思をもって後継として育種された品種が存在します。今回採用した2組のホップはそれぞれ遺伝子、もしくは意思を受け継いで育種されている組み合わせとなっています。それらの‘ホップファミリー’による爽やかな香りと黄金色に輝く王道の味わいの一杯で、荒木飛呂彦氏の作品もビールづくりも人の手により連綿と紡がれてきた物語であることを感じていただきたいと思います。

■展示会「美人画で巡るヱビス」概要 
1.イベント名：美人画で巡るヱビス 
2.内容： 
ヱビスと美人画のルーツを辿る展示、荒木飛呂彦氏が特別に描き下ろし た美人画（複製原画・巨大出力）、「ヱビスビール 荒木飛呂彦描き下ろしデザイン缶」の展示。 
3.開催場所・日時：
【YEBISU BREWERY TOKYO】 
東京都渋谷区恵比寿4丁目20-1 
2025 年2月13日(木)～5月31日(土) 
平日:12:00～20:00土日祝:11：00～19：00 
定休日:火曜日（祝日の場合は翌日） 
※2月16日（日）：法定点検のため休館 
※3月10日（月）：営業時間16:00-20:00に変更 
※イベント実施時間・場所・内容は変更の可能性があります。 
※会場の混雑状況によっては、入場を制限させていただく場合がございます。
（C）LUCKY LAND COMMUNICATIONS／集英社
アニメ！アニメ！ 仲瀬 コウタロウ",[],[]
「ベルサイユのばら」原作者“忠実に再現してくれて、感謝”感動の声を集めたPV公開！ 新たな舞台挨拶2ステージも開催決定（アニメ！アニメ！）,https://news.yahoo.co.jp/articles/9337efa46f212d1c18dae3f554c628f69db676a5,https://newsatcl-pctr.c.yimg.jp/t/amd-img/20250205-00000007-anmanmv-000-1-view.jpg?exp=10800,2025-02-05T17:00:04+09:00,2025-02-05T17:00:04+09:00,アニメ！アニメ！,anmanmv,アニメ！アニメ！,3019,"劇場アニメ『ベルサイユのばら』
完全新作の劇場アニメ『ベルサイユのばら』が現在公開中だ。原作者である池田理代子自身も「我が作品ながら泣ける」と言った本作について、このたび感動の声を集めた「スペシャル感涙PV」がお披露目された。さらに、2月18日と3月1日に新たな舞台挨拶の開催が決定。挿入歌のMovieEdit15曲が楽しめる配信アルバムが配信開始となり、CDアルバムの全収録楽曲も明らかになった。
【フォト】『ベルサイユのばら』新たな舞台挨拶情報
登場キャラクターそれぞれの生き様、信念、愛など様々な物語が凝縮された2時間に、「まるでジェットコースターのように感情が揺り動かされ、涙が止まらない！」と話題の本作。このたびの「スペシャル感涙PV」では、数々の物語が垣間見える本編シーンを織り交ぜながら、作品に深く魅了された観客らの姿が映し出されていく。

原作から受け継がれた本作のストーリーやオスカルたちの生き様はもちろん、令和版『ベルサイユのばら』のために誕生した壮大な音楽など、世代を問わずそれぞれの感動ポイントを語る姿が見られる。

さらに、原作者の池田が本作について「原作にこれほど忠実に仕上げてくださって、本当に感動いたしました」と、連載開始当時を思い起こしながら語る姿も収められた。思わず胸が熱くなる、本作が様々な感情を呼び起こす作品であることが伝わってくる。

さらに、2月18日と3月1日に新たな舞台挨拶の開催が決定した。2月18日の「大ヒット記念舞台挨拶付き上映会～オスカルを愛した男たち～」では、沢城みゆき（オスカル役）、豊永利行（アンドレ役）に加え、衛兵隊の一員で、オスカルも一目置くほどの剣の腕前を持つアラン役の武内駿輔、オスカルが近衛隊隊長を務めていたときに副官として従っていたフローリアン・ド・ジェローデル役の江口拓也が待望の本作初登壇を果たす。原作ファンからも人気の高い、オスカルを愛する3人の男たちを演じるキャストが集結し、それぞれの愛を語る。

そして3月1日の「マリー・アントワネットとフェルゼンの愛の歌唱付き上映会」には、平野綾（マリー・アントワネット役）、加藤和樹（フェルゼン役）が登壇する。本作を彩る麗しく壮大な挿入歌を初生歌唱するとのことで、マリー・アントワネットとフェルゼンの美しい歌に酔いしれたい。

このほか本日2月5日より、本作の世界を鮮やかに彩る澤野弘之による挿入歌が楽しめる配信アルバム「Song Collection from The Rose of Versailles - MovieEDIT -」の配信が開始された。Spotify公式プレイリスト“Anime Now”にリストインもした「The Rose of Versailles（MovieEdit）」など全15曲が配信でも楽しめる。新たに公開されたジャケットにも注目してみたい。

さらに、CDアルバムの「Song Collection」と「Original Soundtrack」は全収録楽曲が公開され、各曲のタイトルや歌唱キャラクターも明らかになった。本編を見た後、再び聴きたくなる名曲の数々。ぜひ音楽とともに、本作をさらに深く楽しもう。

完全新作の劇場アニメ『ベルサイユのばら』は現在公開中。


劇場アニメ『ベルサイユのばら』舞台挨拶情報
＜劇場アニメ『ベルサイユのばら』大ヒット記念舞台挨拶付き上映会～オスカルを愛した男たち～＞
■日時：2月18日（火）
15：35の回（上映後）／19：00の回（上映前）
会場：TOHOシネマズ日比谷　スクリーン12
■登壇者（予定）：
沢城みゆき（オスカル役）、豊永利行（アンドレ役）、
武内駿輔様（アラン役）、江口拓也様（ジェローデル役）

＜劇場アニメ『ベルサイユのばら』マリー・アントワネットとフェルゼンの愛の歌唱付き上映会＞
■日時：3月1日（土）
12：50の回（上映後）／16：20の回（上映前）
会場：TOHOシネマズ六本木　スクリーン7
■登壇者（予定）：
平野 綾（マリー・アントワネット役）、加藤和樹（フェルゼン役）

＜Song Collection from The Rose of Versailles - MovieEDIT -＞
配信日：2月5日（水）
アルバムアーティスト名：澤野弘之
収録曲：全15曲
1.The Rose of Versailles (MovieEdit)／オスカル、マリー・アントワネット、アンドレ、フェルゼン（CV.沢城みゆき、平野 綾、豊永利行、加藤和樹）
2.Ma Vie en Rose (MovieEdit)／マリー・アントワネット（CV.平野 綾）
3.Enchanting Masquerade (MovieEdit)／仮面の貴族たち
4.Our King and Queen／パリ市民たち
5.Soul to Soul (MovieEdit)／フェルゼン（CV.加藤和樹）
6.Resonance of Love (MovieEdit)／マリー・アントワネット ＆ フェルゼン（CV.平野 綾＆加藤和樹）
7.心の在り処 (MovieEdit)／オスカル（CV.沢城みゆき）
8.Believe in My Way (MovieEdit)／オスカル、マリー・アントワネット、アンドレ、フェルゼン（CV.沢城みゆき、平野 綾、豊永利行、加藤和樹）
9.Never surrender (MovieEdit)／アラン（CV.武内駿輔）
10.Return to nothing (MovieEdit)／オスカル（CV.沢城みゆき）
11.Ravine (MovieEdit)／アンドレ（CV.豊永利行）
12.Child of Mars (MovieEdit)／オスカル（CV.沢城みゆき）
13.Anger and pain (MovieEdit)／ベルナール（CV.入野自由）、パリ市民たち
14.夜をこめて (MovieEdit)／オスカル ＆ アンドレ（CV.沢城みゆき＆豊永利行）
15.Libération／Tielle
※収録内容・商品内容は予告なく変更になる場合もございます。

＜Song Collection from The Rose of Versailles＞
澤野弘之による挿入歌全15曲を収録！ムービーエディット版10曲も含めた全25トラック収録！
発売日：2月26日(水）
価格：￥3,850（税込）
＜仕様＞MAPPA描き下ろしジャケット（オスカル）

＜The Rose of Versailles Original Soundtrack＞
澤野弘之・KOHTA YAMAMOTOによる美麗な世界観を形作るサウンドトラック全31曲を収録！
ブックレットには澤野弘之とともに作曲を手掛けるKOHTA YAMAMOTOのインタビューを掲載！
発売日：2月26日(水）
価格：￥3,850（税込）
＜仕様＞ MAPPA描き下ろしジャケット（マリー・アントワネット）
※収録内容・商品内容は予告なく変更になる場合もございます。

劇場アニメ『ベルサイユのばら』大ヒット上映中！
（C）池田理代子プロダクション／ベルサイユのばら製作委員会
アニメ！アニメ！ 仲瀬 コウタロウ",[],[]
「ワンピース」鍛え抜かれた“ルフィボディ”を目指せ！ キャラ再現度も観点の史上初・ボディメイクコンテスト開催（アニメ！アニメ！）,https://news.yahoo.co.jp/articles/5145a6e7ed3c3074e515734ab1948a41745d1589,https://newsatcl-pctr.c.yimg.jp/t/amd-img/20250205-00000006-anmanmv-000-1-view.jpg?exp=10800,2025-02-05T12:30:04+09:00,2025-02-05T12:30:04+09:00,アニメ！アニメ！,anmanmv,アニメ！アニメ！,1504,"エントリー者の名前と写真の入った特製手配書イメージ
東京・渋谷のフィットネスジム「ONE PIECE FITNESS BragMen（ワンピース フィットネス ブラグメン）」による、ゴールドジム主催の人気ボディコンテスト「MUSCLE GATE（マッスルゲート）」と『ワンピース』をテーマにしたボディメイクコンテスト「ONE PIECE ボディメイクコンテスト Presented by BragMen」が開催されることがわかった。現在、エントリーを受付中だ。
【フォト】「ONE PIECE ボディメイクコンテスト Presented by BragMen」
「ONE PIECE FITNESS BragMen」は、マンガ『ONE PIECE（ワンピース）』の世界を感じながらトレーニングが楽しめるフィットネスジムとして、2023年1月に東京・渋谷モディにオープンし、2025年1月13日で2周年を迎えた。

このたびの「ONE PIECE ボディメイクコンテスト Presented by BragMen」は、主人公モンキー・D・ルフィのように鍛え抜かれたボディを競い合う、『ワンピース』史上初のボディメイクコンテストとして開催されるもの。コンテストエントリー者は、麦わら帽子とデニムパンツをまとい、セリフに合わせたポーズでルフィになりきって披露し、頂上を目指して競い合うことになる。

審査においてはボディメイクの基礎要素のほか、『ワンピース』要素として「ポージングや選定ポーズから見える、作品に対する理解度」、「コスチュームのセンスや着こなし・成り切り具合から見える、キャラクター再現度」も基準とされる。

コスチュームは「デニム生地のハーフパンツ」と「麦わら帽子」と指定されているが、どのようなコスチュームを着用するか詳細は自由となっており、これもキャラクター再現度が問われるかたちだ。比較審査時の規定ポーズに、「“ギア2（セカンド）”!!」や「“ゴムゴムの銃乱打（ガトリング）”!!」などルフィにちなんだものも取り入れられる。

エントリー期間は4月30日23時59分まで。18歳以上の男性であれば、誰でもエントリーできる。参加特典として、大会前日の5月31日まで「ONE PIECE FITNESS BragMen」施設を無料利用できるほか、大会当日にはエントリー者の名前と写真の入った特製手配書をもらえる。ボディメイクに関心の高い『ワンピース』ファンには見逃せないコンテストとなりそうだ。

『ワンピース』をテーマにしたボディメイクコンテスト「ONE PIECE ボディメイクコンテスト Presented by BragMen」は、2025年6月1日に神奈川・川崎のカルッツかわさきを会場に開催される。詳細は大会特設サイトまで。


大会概要
[大会名] ONE PIECE ボディメイクコンテスト Presented by BragMen
[開催日]2025年6月1日(日)
[会場]カルッツかわさき（神奈川県川崎市川崎区富士見1-1-4）
[エントリー期間]2025年2月4日(火)18:00～4月30日(水)23:59
[エントリー方法]MUSCLE GATE公式サイトより応募
[エントリー条件]18歳以上の男性であればどなたでも可
※同日開催されます「MUSCLE GATE」他部門との同時応募も可
※MUSCLE GATE大会への参加費が別途必要となります
※詳細はMUSCLE GATE公式サイトをご確認ください
（C）尾田栄一郎／集英社
アニメ！アニメ！ 仲瀬 コウタロウ",[],[]
「ガンダム」初のハリウッド実写版映画制作へ！バンダイナムコフィルムワークスが米・LEGENDARYと共同投資契約を締結（アニメ！アニメ！）,https://news.yahoo.co.jp/articles/2df0b769f35982b36aa86962baf13f2b78cca44e,https://newsatcl-pctr.c.yimg.jp/t/amd-img/20250205-00000005-anmanmv-000-1-view.jpg?exp=10800,2025-02-05T12:21:36+09:00,2025-02-05T12:21:36+09:00,アニメ！アニメ！,anmanmv,アニメ！アニメ！,1008,"ハリウッド実写映画版『GUNDAM（仮称）』
バンダイナムコグループの株式会社バンダイナムコフィルムワークスが、アメリカの大手メディア企業LEGENDARYと『機動戦士ガンダム』シリーズのハリウッド実写映画版『GUNDAM（仮称）』（以下『GUNDAM』）について、2025年1月に共同投資契約を締結したことがわかった。また、『ガンダム』シリーズの海外展開拡大の拠点として、「Bandai Namco Filmworks America, LLC」が設立された。
【フォト】ハリウッド（イメージ画像）
『機動戦士ガンダム』は原作者・富野由悠季により生み出され、1979年に放送が開始された。ロボットを「モビルスーツ」という「兵器」として扱ったリアルな戦争描写や緻密な科学考証、複雑に織り成す深い人間ドラマで、それまでのロボットアニメの潮流であった単純な勧善懲悪では語れない「リアルロボットアニメ」というジャンルを確立し、一大ブームを巻き起こした。

以後、現在に至るまでシリーズとして、TVアニメーション・シリーズ25作品、劇場・上映34作品、OVA27作品、配信・イベント映像・TV スペシャルなどが多数製作されてきた。アニメのみならず、玩具・プラモデル・ゲームや関連商品なども幅広く展開され、現在では年間で1,400億円を超える売上を誇る世界的な作品だ。

このたびのハリウッド実写映画版『GUNDAM』はその初めての実写映画化となり、制作はLegendary Pictures、監督・脚本はJim Mickle（”Sweet Tooth”）が手掛ける。全世界での劇場公開が予定されており、 詳細については決まり次第随時伝えられる。

また、その『GUNDAM』の製作に向けて、2025年4月1日に北米法人である「Bandai Namco Filmworks America, LLC」が設立されることもわかった。本法人は、バンダイナムコグループの北米地域統括会社であるBandai Namco Holdings USA Inc.の100％子会社となる。バンダイナムコフィルムワークスのコントロールのもと、今後の海外におけるライセンス事業の拡大およびガンダムシリーズのブランド価値拡大に向けて活動していく。

これからの『ガンダム』シリーズの新たな挑戦に期待が高まるばかりだ。
アニメ！アニメ！ 仲瀬 コウタロウ",[],[]
“笑顔”キャラといえば？ 2位は「銀魂」神威＆「文スト」宮沢賢治、1位は劇場版も上映中の「プロセカ」鳳えむ ＜25年版＞（アニメ！アニメ！）,https://news.yahoo.co.jp/articles/cc25487f4364f6817349d023255b85c7bfbcd3ae,https://newsatcl-pctr.c.yimg.jp/t/amd-img/20250205-00000004-anmanmv-000-1-view.jpg?exp=10800,2025-02-05T12:05:02+09:00,2025-02-05T12:05:02+09:00,アニメ！アニメ！,anmanmv,アニメ！アニメ！,2886,"『文豪ストレイドッグス』キービジュアル（C）2016 朝霧カフカ・春河35/KADOKAWA/文豪ストレイドッグス製作委員会
2月5日は「笑顔の日」です。
嬉しそうに微笑むさまを表現した「にこにこ（25）」の語呂合わせから生まれた記念日です。
【フォト】[“笑顔”キャラといえば？ 2025年版]ランキング1位～5位をチェック
アニメの世界にも笑顔が印象に残るキャラクターが数多く存在します。前向きで元気いっぱいだったり、皮肉めいたニヒルなスマイルが魅力だったり、辛い出来事が起きたときこそ笑って自分を奮い立たせたりと、キャラによって笑顔を見せる場面もさまざま。


そこでアニメ！アニメ！では「“笑顔”キャラといえば？」と題した読者アンケートを昨年に引き続き実施しました。1月21日から1月25日までのアンケート期間中に430人から回答を得ました。
男女比は男性約25パーセント、女性約75パーセントで、女性が多め。年齢層は19歳以下が約30パーセント、20代が約50パーセントと若年層が中心でした。


■ポジティブ＆アクティブなキャラクターが集結！

第1位

1位は『プロジェクトセカイ カラフルステージ！ feat. 初音ミク』の鳳えむ。支持率は約8パーセントで、3年連続のトップでした。

鳳えむはユニット・ワンダーランズ×ショウタイムのメンバーです。「彼女が作った言葉『わんだほーい』は笑顔になれるおまじない。みんなを笑顔にするためにいつも頑張っていて応援したくなる」や「『わんだほーい』の言葉と一緒に見せる笑顔がメチャメチャ可愛い！」と笑顔で読者を虜にしています。
「つらいことがあっても心配をかけまいと、人前では涙を見せずに笑顔でいようとする姿が健気」という意見や、「“えむ”という名前も“笑む＝笑顔”を思わせます」と彼女の名前に注目したコメントも。『劇場版プロジェクトセカイ 壊れたセカイと歌えないミク』が公開中のタイトルからランクインしました。

第2位

2位は『銀魂』の神威と『文豪ストレイドッグス』の宮沢賢治が同票。支持率は約5パーセントでした。


『銀魂』の神威は戦闘民族・夜兎族の生き残りで、万事屋の神楽の兄です。「つねに笑みを浮かべていて優しげな印象を受けるが、本人いわく笑顔は“殺しの作法”であり、殺意そのもの。戦いを何よりの愉悦としていて、笑顔で戦う様はまるで遊んでいるかのようです」や「笑いながら“殺しちゃうぞ”などの物騒な台詞を放つギャップにメロメロ！」、「強敵が相手でも臆することなく、戦闘を心から楽しんでいるように思える笑顔が大好き」と戦闘狂のキャラクターが上位に入りました。


『文豪ストレイドッグス』の宮沢賢治は武装探偵社に所属する能力者。農村からやってきた純朴な青年には「笑顔を絶やさない優しい人格者。彼の素直さのおかげでどんな事件も解決に導きます」や「『文スト』は一癖も二癖もあるキャラが揃っていますが、天真爛漫な賢治くんの笑顔に毎回癒されています。笑顔で怪力を披露するシーンはあまりの落差に笑っちゃいます」と作品の癒しになっているとの声が。バトルで大活躍しますが性格は正反対のキャラが同順位となっています。

■そのほかのコメントをご紹介！

『ワンピース』モンキー・D・ルフィには「バギーに処刑されそうになった瞬間でさえ“わりい おれ死んだ”と笑顔を見せていたから。最近はヒトヒトの実モデル ニカの能力者であることも判明。その名の通り、ニカッと笑う姿が特徴的」。
『WIND BREAKER』蘇枋隼飛には「初登場のときからニコニコしているので冗談好きで優しい先輩かと思いきや、笑顔の裏に怖さを秘めていることも……。ケンカの場面では氷のように冷たい表情を見せるギャップがたまりません！」。

『ディズニー ツイステッドワンダーランド』カリム・アルアジームには「魔法士養成学校ナイトレイブンカレッジの生徒の中では珍しく、優しい性格の持ち主。困っている人がいれば誰にでも手を差し伸べてくれる天使のような存在です」。
『暗殺教室』殺せんせーには「“ヌルフフフ”という超生物ならではの独特な笑い方が癖になり、小学生のころに友達と一緒にマネして遊んでいました。そんな『暗殺教室』も今年アニメ放送10周年！ 4月から始まる再放送が楽しみです」と作品の節目を祝うコメントも届いています。

2025年版でも多彩なキャラクターがランクイン。運動神経が優れていたり、戦闘で圧倒的な強さを発揮したりと、活発で躍動感のあるキャラが目立つ結果となりました。

■ランキングトップ10

[“笑顔”キャラといえば？ 2025年版]
1位 鳳えむ 『プロジェクトセカイ カラフルステージ！ feat. 初音ミク』
2位 神威 『銀魂』
2位 宮沢賢治 『文豪ストレイドッグス』
4位 毛利蘭 『名探偵コナン』
5位 日向翔陽 『ハイキュー!!』
5位 星空みゆき／キュアハッピー 『スマイルプリキュア』
5位 モンキー・D・ルフィ 『ワンピース』
8位 中野四葉 『五等分の花嫁』
8位 矢澤にこ 『ラブライブ！』
10位 河田ナホヤ（スマイリー） 『東京リベンジャーズ』

（回答期間：2025年1月21日～1月25日）


■ランキングトップ20

[“笑顔”キャラといえば？ 2025年版]
1位 鳳えむ 『プロジェクトセカイ カラフルステージ！ feat. 初音ミク』
2位 神威 『銀魂』
2位 宮沢賢治 『文豪ストレイドッグス』
4位 毛利蘭 『名探偵コナン』
5位 日向翔陽 『ハイキュー!!』
5位 星空みゆき／キュアハッピー 『スマイルプリキュア』
5位 モンキー・D・ルフィ 『ワンピース』
8位 中野四葉 『五等分の花嫁』
8位 矢澤にこ 『ラブライブ！』
10位 河田ナホヤ（スマイリー） 『東京リベンジャーズ』
11位 潔世一 『ブルーロック』
11位 うずまきナルト 『NARUTO -ナルト-』
13位 殺せんせー 『暗殺教室』
14位 蘇枋隼飛 『WIND BREAKER』
14位 白膠木簓 『ヒプノシスマイク-Division Rap Battle-』
16位 オールマイト 『僕のヒーローアカデミア』
16位 島村卯月 『アイドルマスターシンデレラガールズ』
16位 弦巻こころ 『BanG Dream!』
16位 トガヒミコ 『僕のヒーローアカデミア』
16位 日暮かごめ 『犬夜叉』
16位 星野アイ 『【推しの子】』

（回答期間：2025年1月21日～1月25日）

※本アンケートは、読者の皆様の「今のアニメ作品・キャラクターへの関心・注目」にまつわる意識調査の一環です。結果に関しては、どのキャラクター・作品についても優劣を決する意図ではございません。本記事にて、新たに作品やキャラクターを知るきっかけや、さらに理解・興味を深めていただく一翼を担えれば幸いです。
アニメ！アニメ！ 高橋克則",[],[]
「攻殻機動隊」初となる全アニメシリーズ横断展覧会が26年開催！「GHOST IN THE SHELL」公開30周年記念（アニメ！アニメ！）,https://news.yahoo.co.jp/articles/bc68fb0a3062eb4940fa4cbecf55c8127b0ecac9,https://newsatcl-pctr.c.yimg.jp/t/amd-img/20250205-00000003-anmanmv-000-1-view.jpg?exp=10800,2025-02-05T12:00:03+09:00,2025-02-05T12:00:03+09:00,アニメ！アニメ！,anmanmv,アニメ！アニメ！,1250,"『攻殻機動隊』全アニメシリーズ横断展覧会 ティザービジュアル
劇場アニメーション『GHOST IN THE SHELL / 攻殻機動隊』が1995年の公開から30周年を迎えることを記念して、2026年に東京にて『攻殻機動隊』初めてのシリーズ横断展覧会が開催されることがわかった。発表に伴い、過去最大規模となる本展覧会のティザービジュアルも公開された。
【フォト】『攻殻機動隊』シリーズキービジュアル
ティザービジュアルは、『GHOST IN THE SHELL /攻殻機動隊』での草薙素子のアニメ原画に、今までのアニメシリーズの名シーンが散りばめられたデザインが印象的な仕上がりだ。2月1日より作品公式SNSで謎のカウントダウンが行われており、ファンの中で話題を集めていた中での発表となった。

シリーズ横断展覧会は、士郎正宗によるマンガ原作の『攻殻機動隊』をはじめ、1995年に押井守が監督を務めた劇場アニメーション『GHOST IN THE SHELL / 攻殻機動隊』、2002年に神山健治が監督を務めたテレビアニメーション『攻殻機動隊STAND ALONE COMPLEX』、2004年に公開され昨年公開20周年を迎えた劇場アニメーション『イノセンス』、2013年に黄瀬和哉が総監督を務めたOVA『攻殻機動隊ARISE』、2020年に神山健治、荒牧伸志のダブル監督で制作された配信アニメーション『攻殻機動隊SAC_2045』、2026年に放送が予定されているサイエンスSARUがアニメーション制作を担当する新作TVアニメ作品まで網羅するもの。
全アニメシリーズを横断した、『攻殻機動隊』の全てが詰まった展覧会として開かれる。30年続く『攻殻機動隊』の全アニメシリーズが一同に横断する展覧会はこれが初の開催となる。

歴代の作品のアニメーション制作を担当してきたProduction I.G、2026年放送予定の新作アニメを担当するサイエンスSARUが全面協力する展覧会とあって、『攻殻機動隊』ファンはもちろん、まだ作品に触れていない人に向けても必見の内容になることは間違いない。

国内のみならず海外からも高い評価を得てきた『攻殻機動隊』。今後の詳細続報は作品公式グローバルサイトおよび各公式SNSで公開されていくので、引き続き注目となりそうだ。

（C）士郎正宗／講談社 （C）1995士郎正宗／講談社・バンダイビジュアル・MANGA ENTERTAINMENT （C）2004士郎正宗／講談社・IG,ITNDDTD （C）士郎正宗・Production I.G／講談社・攻殻機動隊製作委員会
（C）士郎正宗・Production I.G／講談社・「攻殻機動隊ARISE」製作委員会 （C）士郎正宗・Production I.G／講談社・「攻殻機動隊新劇場版」製作委員会 （C）士郎正宗・Production I.G/講談社・攻殻機動隊2045製作委員会
アニメ！アニメ！ 仲瀬 コウタロウ",[],[]
コリラックマ×イチゴが最高に甘くて可愛い♪ 限定スイーツやフォトスポット登場！ 佐野アウトレットにて（アニメ！アニメ！）,https://news.yahoo.co.jp/articles/807441045524512262050190319ae3f67dc8db81,https://newsatcl-pctr.c.yimg.jp/t/amd-img/20250205-00000002-anmanmv-000-1-view.jpg?exp=10800,2025-02-05T07:30:03+09:00,2025-02-05T07:30:03+09:00,アニメ！アニメ！,anmanmv,アニメ！アニメ！,2091,"『リラックマ』「とちぎいちごフェア」（C）2025 San-X Co., Ltd. All Rights Reserved.
とちぎのいちご大使・コリラックマも登場する「とちぎいちごフェア」が2025年2月7日から3月31日まで開催。栃木県産のいちごを使った期間限定スイーツを提供する。
【フォト】コリラックマがキュートに盛り上げる♪／「とちぎいちごフェア」を画像でチェック
サンエックスが展開する『リラックマ』に登場するどこからともなくやってきた白いクマの子・コリラックマ。リラックマの知り合いではなかったようだが、胸に赤いボタンが付いているため本物のクマではないようだ。キイロイトリに名付けられ、いたずらが大好きで元気なやんちゃな子。好きな食べ物は、いちご、りんご、さくらんぼ。

栃木県は、冬期の長い日照時間や、肥沃な大地とおいしい水などの恵まれた条件により、いちごの生育に適しており、「とちあいか」や「とちおとめ」など、いちごの生産量が日本一。
佐野プレミアム・アウトレットの「とちぎいちごフェア」は、栃木県内で採れたてのフレッシュないちごを使ったメニューを提供するこの時期限定のフェアで、2016年に初開催して以来、2025年で10回目となる。

そんな栃木県産のいちごを使った期間限定スイーツを提供する「とちぎいちごフェア」が開催。「とちぎのいちご大使」の「コリラックマ」と一緒に、いちごの美味しさを存分に楽しめるイベントとなっている。

「とちぎいちごフェア」の10年目を記念し、コリラックマによるグリーティングやフォトスポット設置など、特別な催しが行われる。

飲食店舗では、7店舗で多彩なメニューを展開。中華料理店「紅虎菜舗」では、毎年人気のパフェが今年も登場。ジューシーで甘さが際だつとちあいかを10個以上使用した贅沢なパフェを、産地ならではのリーズナブルな価格で楽しめる。

「コールド・ストーン・クリーマリー」からも、とちあいかを贅沢に混ぜ込んだアイスクリームスイーツが登場。那須に本店を構える「チーズガーデン」では、レアチーズケーキの風味ととちおとめのマリアージュが楽しめるフロマージュドリンクを提供する。

また、アウトレット場内には「コリラックマのいちごフォトスポット」が登場。さらに、2月8日、9日の2日間は、「とちぎのいちご大使」の衣装を着たコリラックマのグリーティングも開催される。可愛らしいコリラックマとの記念写真を撮影することも可能だ。

2月22日、23日の2日間は、様々ないちごグルメに出会える「とちぎいちごマルシェ」を開催。栃木県内を中心に飲食店、キッチンカーや専門店などの出店者が各日13店舗以上集結し、いちごを使った大福やどら焼き、ビール、雑貨などが販売される。県内の対象いちご狩り施設で配布するチラシを持参すると、アウトレットの対象店舗で使えるクーポンシートをもらえる企画も開催されるため要チェックだ。

コリラックマが盛り上げるいちご尽くしの佐野プレミアム・アウトレットで、ぜひこの時期だけのフレッシュな味わいを楽しみたい。

とちぎのいちご大使・コリラックマも登場する「とちぎいちごフェア」が2025年2月7日から3月31日まで開催。


開催内容：栃木県産の「とちあいか」や「とちおとめ」を使った期間限定のスイーツを、佐野プレミアム・アウトレット内の飲食店7店舗で販売します。
販売期間：2月7日（金）～3月31日（月）
※2月20日（木）を除く（プレミアム・アウトレット休館日）
対象店舗：紅虎菜舗、コールド・ストーン・クリーマリー、カプリチョーザ、チーズガーデン、ベーグル＆ベーグル、クア・アイナ、クレージークレープス

開催内容：「とちぎのいちご大使」のコリラックマといちごの可愛らしいフォトスポットです。ご来場の記念として、ご家族や友人、恋人との記念撮影にご利用ください。
設置期間：2月7日（金）～5月6日（火・休）
※2月20日（木）を除く（プレミアム・アウトレット休館日）
設置場所：Casio Watch、Jimmy Choo店舗付近

開催内容：「とちぎのいちご大使」の衣装を着たコリラックマと写真が撮れるグリーティングを開催します。栃木県のいちごを食べた感想を伝えてあげるとコリラックマが喜ぶかも!?
開催期間：2月8日（土）、9日（日）
開催場所：Casio Watch店舗付近
開催時間：11:00～、14:00～、16:00～　各日3回、各回30分

開催内容：栃木県内を中心に飲食店、キッチンカーや専門店などの出店者が各日13店舗以上集まり、グルメや雑貨を販売する2日間限定のマルシェです。この機会にぜひ様々ないちごグルメをご堪能ください。
開催期間：2月22日（土）、23日（日）
開催時間：10:30～18:30
開催場所：佐野プレミアム・アウトレット内 遊歩道
（C）2025 San-X Co., Ltd. All Rights Reserved.
アニメ！アニメ！ animeanime",[],[]
アニメ「花ざかりの君たちへ」八代拓、戸谷菊之介らメインキャスト発表♪ アニメで動く瑞稀、泉、秀一がお披露目（アニメ！アニメ！）,https://news.yahoo.co.jp/articles/e738dc2bb8d6435a1b65bae734e33d0088108a40,https://newsatcl-pctr.c.yimg.jp/t/amd-img/20250205-00000001-anmanmv-000-1-view.jpg?exp=10800,2025-02-05T00:00:04+09:00,2025-02-05T00:00:04+09:00,アニメ！アニメ！,anmanmv,アニメ！アニメ！,2140,"TVアニメ『花ざかりの君たちへ』ティザーPV場面写
TVアニメ『花ざかりの君たちへ』について、キャラクターが登場するティザーPVが公開された。メインキャスト情報も明らかになり、芦屋瑞稀を山根綺、佐野泉を八代拓、中津秀一を戸谷菊之介が演じる。各キャストからはコメントが到着した。
【フォト】TVアニメ『花ざかりの君たちへ』を画像でチェック！
『花ざかりの君たちへ』は、「花とゆめ」（白泉社）にて1996年20号から2004年18号まで連載された中条比紗也によるマンガ。単行本は花とゆめコミックスより全23巻が発売している。2007年の日本ドラマ化を期に愛蔵版（全12巻）も発売され、シリーズ累計は1,700万部を突破している人気作だ。

このたび、2024年春にアニメ化が発表され次第SNSでは関連ワードが各種トレンド入りするという、話題のTVアニメ『花ざかりの君たちへ』の続報が到着。キャラクターが登場し、動いている姿を確認できるティザーPVが公開された。

映像内では、メインキャラクターである3人が登場。芦屋瑞稀役は山根綺、佐野泉役は八代拓、中津秀一役は戸谷菊之介が務めることが明らかになった。各キャストからは演じるにあたり、コメントが寄せられている。

また本PVは、2025年2月7日より開催の原画展「～中条比紗也画業30周年の軌跡～ 花ざかりの君たちへ展」でも放映。本展は、東京・池袋のサンシャイン60展望台てんぼうパークにて、2月24日まで開催される。

中条比紗也の初の原画展で、230点以上の貴重な原画や製作物などの展示のほか、本展開催を記念したオリジナルグッズも登場だ。
またカフェ「てんぼうパーク CAFE」では、原画展の余韻とともにコラボメニューを楽しめる。海抜251mのてんぼうパークの眺望とともに、中条比紗也の世界観を楽しもう。

TVアニメ『花ざかりの君たちへ』について、今後の続報は公式サイトや公式Xを要チェックだ。

＜以下、コメント全文＞
芦屋瑞稀役：山根綺
Q1：ご出演が決まったときの心境を伺えますでしょうか。
今作のオーディション資料を見た瞬間に、2007年放送版のドラマを観ていた青春時代を思い出しました。大人になってから自分が瑞稀を演じられる日が来るなんて......本当に夢のようです。
合格を聞いた時は「夢じゃないかな?」とふわふわしていたのですが、地に足をつけて、しっかりと走りきりたいと思います！

Q2：キャラクターを演じるにあたっての意気込みを教えてください。
瑞稀は素直でお転婆で、ちょっぴり天然な一面もある、明るい女の子。彼女を演じられることが、今からとても楽しみです！
原作を愛している皆様、ドラマを観て青春を過ごした皆様、全ての花ざかりファンの皆様の期待に応えられるよう、精一杯頑張ります！
あの頃のときめきを全力でお届けしますので、ぜひ放送を楽しみにしていてくださいね！

佐野泉役：八代拓
Q1：ご出演が決まったときの心境を伺えますでしょうか。
「花ざかりの君たちへ」は多くの方々にとって青春であり続けている作品だと思います。
オーディションの時から、この偉大なタイトルがアニメーションになるという事実に胸を躍らせていた
ので、いざ決まった時は幸せな興奮が込み上げてきました。今はその青春にも似た気持ちをより多くの方にお届けしたいという思いでいっぱいです。

Q2：キャラクターを演じるにあたっての意気込みを教えてください。
佐野泉という人物が思う気持ち、そして彼に向けられる気持ち、1つ1つを大切にしながら演じていきたいと思っております。
またこの作品がもつ色とりどりの魅力を最大限表現できるよう、スタッフの皆様や共演する皆様と一緒に、全力で向き合っていきたいと思います。

中津秀一役：戸谷菊之介
Q1：ご出演が決まったときの心境を伺えますでしょうか。
超ド世代でリアルタイムに楽しんでいた作品なので、アニメ化に関わることができるんだー!と嬉しい気持ちでいっぱいになりました!
どう演じようかな～、共演者の皆さんとのお芝居がどうなるかな～などめちゃめちゃワクワクしています!

Q2：キャラクターを演じるにあたっての意気込みを教えてください。
中津は登場人物の中で特に「思春期」なところが多く、いろんな感情を見せてくれるのが魅力だと思っています。
大人になった今、忘れてしまっているその時の気持ちを一つ一つ思い出しながら演じたいです。
ムードメーカーな中津と一緒に作品を盛り上げられるように頑張ります!!!


◆原画展『～中条比紗也画業 30 周年の軌跡～ 花ざかりの君たちへ展』
【開催概要】
イベント名：～中条比紗也画業 30 周年の軌跡～花ざかりの君たちへ展
開催期間：2025 年 2 月 7 日（金）～2 月 24 日（月・祝）
開催時間：11：00～19：00 ※最終入場は 18：30
会場：池袋・サンシャイン 60 展望台てんぼうパークイベントスペース
主催：花ざかりの君たちへ展実行委員会
（C）中条比紗也・白泉社／「花ざかりの君たちへ」アニメ製作委員会
アニメ！アニメ！ 八羽汰 わちは",[],[]
