headline,mainEntityOfPage,image,datePublished,dateModified,author,media_en,media_jp,str_count,body,images,external_links
TGM Grand Prix池田代表、テスト2日目にトップから2.2秒落ちタイムを記録したJujuに驚きも「まだまだいけます」（motorsport.com 日本版）,https://news.yahoo.co.jp/articles/add6d9f337f1d2bf9e2e1908a8681cf58481f914,https://newsatcl-pctr.c.yimg.jp/t/amd-img/20231207-00000020-msportcom-000-1-view.jpg?exp=10800,2023-12-07T21:48:23+09:00,2023-12-07T21:48:23+09:00,motorsport.com 日本版,msportcom,motorsport.com 日本版,1121,\nテスト2日目も改善を見せたJuju\nスーパーフォーミュラの合同／ルーキーテストにTGM Grand Prixから参加しているJuju。17歳の女性ドライバーということでひときわ注目を集めているが、そのパフォーマンスにはチーム代表の池田和広氏も驚いたようだ。\n【リザルト】スーパーフォーミュラ合同／ルーキーテスト：2日目午後タイム結果\nこれまで海外を拠点に様々なレースシリーズに参戦しながらも、その実力は未知数な部分が多いJujuのスーパーフォーミュラ合同テスト参加には、パフォーマンス面やフィジカル面で懸念の声が挙がっていたことも確か。ただ本人は「最後尾で元々」という心持ちで、初日から着実にタイムを上げていった。\n\n 初日のベストタイムは、トップから4.225秒遅れの1分41秒219。予選通過は問題ないようなレベルだったとはいえ、ライバルとは大きなギャップがある状況だった。ただJujuは2日目午前に1分40秒039をマークすると、午後には1分38秒539までタイムを上げた。これはトップとは2.243秒差のタイムで、初日と比較すると2.680秒改善した形。また一歩着実な進歩を見せた。\n\n このJujuのパフォーマンスには、池田代表も驚いている様子。とはいえタイムシートの下位に沈んでいるのも事実（同チームから参加のラスムス・リンドの上、21番手）だが、まだまだ彼女からポテンシャルを引き出せると考えているようだ。\n\n「誰しもそうだと思いますが……驚いています」\n\n「その反面、『まだまだいけます』という思いもあります」\n\n 池田代表はそう語る。\n\n「今まで（Jujuの走りを）見てきている訳ではないので、フィジカルも含めてどのくらいの潜在能力があるのか、第三者には分かりませんでした。しかしNODA RACINGの野田（英樹／Jujuの父）さんと議論をしてきた中で、これまでのマイレージや乗っているクルマを考慮した結果、SFテストも乗れると判断して、今回乗ってもらっています」\n\n「その中でどのくらい走れるのかは皆さん疑問に思うところだろうし、私たちも同じでした。ただ、実際にはタイム的にあと2秒くらいは上げないといけないながらも、2日終わって体力的に問題ないというのは素直にすごいと思います」\n\n「当然、我々はレーシングチームですので、トップから2秒落ちだからといって満足している訳ではありません。彼女のスピードを限界まで引き出してあげて、少しでも上の順位に行けるようにすることが我々の仕事だと思います。2日間を終えて、伸びしろはまだまだ、まだまだありますので、楽しみですね」\n戎井健一郎,['https://newsatcl-pctr.c.yimg.jp/t/amd-img/20231207-00000020-msportcom-000-1-view.jpg?pri=l&w=640&h=426&exp=10800'],"['https://news.yahoo.co.jp/articles/add6d9f337f1d2bf9e2e1908a8681cf58481f914/images/000', 'https://jp.motorsport.com/super-formula/news/2023-rookie-test-session4-time/10555823/']"
鈴鹿テストでKCMGの18号車をシェアする関口雄飛と福住仁嶺。SFを代表する実力者ふたりは競わされているのか？「彼らは“意識”はしている」（motorsport.com 日本版）,https://news.yahoo.co.jp/articles/c7b569de270897edac2e16408ad2d3e20840301d,https://newsatcl-pctr.c.yimg.jp/t/amd-img/20231207-00000017-msportcom-000-1-view.jpg?exp=10800,2023-12-07T20:16:01+09:00,2023-12-07T20:16:01+09:00,motorsport.com 日本版,msportcom,motorsport.com 日本版,1652,\n福住仁嶺\n鈴鹿サーキットで行なわれているオフシーズン恒例のスーパーフォーミュラ合同／ルーキーテスト。ホンダ陣営からトヨタ陣営への移籍が噂されていた福住仁嶺は、今回のテストでトヨタ陣営のKids com Team KCMGから参加し、18号車をドライブしているが、この18号車は関口雄飛とシェアする形になっている。\n【写真】移籍組、新顔、続々登場……！ スーパーフォーミュラ合同／ルーキーテスト：フォトギャラリー\nトヨタ陣営のその他のチームにおいては、ルーキー限定枠の3日目だけ別のドライバーを走らせるというケースはあれど、レギュラードライバー枠の初日、2日目にそれぞれ別のドライバーを走らせるというのは、KCMGの18号車だけ。そのため、KCMGの18号車のドライバーはまだ決定しておらず、関口と福住を天秤にかけているのではないかという噂がパドックでも持ち上がっている。実際、関口も福住も積極的にタイムを出しに行くシーンが多く、自身をアピールする意気込みを感じさせた。\n\n これについてKCMGのチーム代表である土居隆二氏は、正式な体制発表前ということもあり多くを語ることはなかったが、ふたりのドライバーは「見られる」立場にあるという意識はあるだろうと言及した。\n\n 今回のテストは、福住と関口のオーディション的意味合いがあるのかと尋ねると、土居代表は次のように語った。\n\n「彼らは2日間のプログラムを1日に詰めないといけないので、赤旗などでアタックが台無しにならないように、早め早めのアタックになると思います。（どんどんタイムを）出しにいくというよりは、普通のプロセスで進めていますし、何も特別なことはしていません」\n\n「福住選手は初めてのトヨタエンジンということで、ホンダエンジンとの違いなど、色々と慣れることが必要でしたが、最初から良い順位にいますし、極めて落ち着いて良いコメントをしてくれていて、クルマ（の違い）も感じてくれています。関口選手も午前中から攻めていましたが、（マシンとセットアップが）乗りやすいということもあったと思います」\n\n「当然、意識はしています。たくさんの人に見られていると。だからこそ、悔いのないように走ろうと思っているところは絶対にあると思いますね」\n\n 関口と福住は、共にスーパーフォーミュラで実績を残したドライバーでありながら、今季は共に苦戦した。2021年のランキング2位でもある福住は昨年にThreeBondに加入して以降は苦しみ、今季もランキング16位。SF通算7勝を誇る関口に至っては無得点に終わった。しかし今回ふたりは18号車に乗って、自分が今季乗ったマシンとは違ったフィーリングを感じたという。\n\n「まずはこのテストの機会をもらえたことに感謝です。今年1年全然結果が出なかったですが、それが本来の自分じゃないということを示せたので、すごく良い日になりました」\n\n そう語るのは、初日の走行を担当した関口。インタビュー中も、いつも以上に笑顔が多いように見受けられた。\n\n「（今季乗ったIMPULのマシンとはフィーリングが）全然違います。セッティングの感度も違いましたね」\n\n 初のトヨタエンジン車ということで、様々なアジャストにも苦労したと語る福住は、チームメイトの小林可夢偉にタイムが届かず2番手でテスト2日目を終えたことについて悔しいと語った。\n\n「今まで乗ってきたのとは全然違うし、その特性を掴む上でも午前中はちょっと時間がかかりました。エンジンの感覚も違うし、何もかも新しいなという感じです。色々経験することもできたので、今後の自分のレースキャリアにおいて経験を活かせればと思います」\n\n「来年のことはまだまだわからないですが、最終的にはまずまずのタイムを出すことができました。ただ、もう少しドライビングの部分が良ければトップタイムが出せたと思うので、そこは悔しい1日でした」\n戎井健一郎,['https://newsatcl-pctr.c.yimg.jp/t/amd-img/20231207-00000017-msportcom-000-1-view.jpg?pri=l&w=640&h=426&exp=10800'],"['https://news.yahoo.co.jp/articles/c7b569de270897edac2e16408ad2d3e20840301d/images/000', 'https://jp.motorsport.com/super-formula/photos/?filters%5Bevent%5D%5B0%5D=277813']"
笹原右京、テストから投入の”新品シャシー”に大きな手応え「色々ハッキリ反応してくれるようになった印象があります」｜スーパーフォーミュラ鈴鹿合同テスト（motorsport.com 日本版）,https://news.yahoo.co.jp/articles/e257cc0ad2294a9e569a1585291bf7de99b42139,https://newsatcl-pctr.c.yimg.jp/t/amd-img/20231207-00000016-msportcom-000-1-view.jpg?exp=10800,2023-12-07T19:36:52+09:00,2023-12-07T19:36:52+09:00,motorsport.com 日本版,msportcom,motorsport.com 日本版,1341,"\n笹原右京（VANTELIN TEAM TOM’S）\n鈴鹿サーキットで行なわれているスーパーフォーミュラの合同テスト兼ルーキードライバーテスト。初日、2日目とVANTELIN TEAM TOM’Sの36号車を走らせた笹原右京は、今回から投入されることとなった新品シャシーに手応えを感じているようだ。\n【リザルト】小林可夢偉がトップタイム。プルシェールは午前に続きルーキー最上位の6番手｜スーパーフォーミュラ合同／ルーキーテスト：2日目午後タイム結果\n笹原は10月末に鈴鹿サーキットで行なわれたスーパーフォーミュラの第8戦で大クラッシュ。130Rで大津弘樹（TCS NAKAJIMA RACING）のマシンと接触した笹原のマシンはデブリキャッチフェンスを飛び越え、デグナーのコース脇まで落下することとなった。\n\n 幸い笹原に大きな怪我はなかったが、マシンは全損。そのためチームは、今回の合同テストに新シャシーを投入。ノーズ以外はほとんどカラーリングの施されていない、カーボン地のままのクルマで、笹原は初日、2日目と36号車のドライブを担当した。\n\n 笹原は2日間の走行を終え、新シャシーには好感触を得ているようだ。\n\n「（新シャシーは）色々ハッキリと反応してくれるようになった印象があります」\n\n そう笹原は新シャシーのフィーリングについて語った。\n\n「もちろん、前のクルマはシャシーだけが悪かったわけではないと思います。セットアップも含め、色々な細かいところが見直せていなかったという部分もあります。そういう部分を詰めていって、新車の良さを感じられるところもありましたし、セットアップでこうしたいなという部分もありました。そういうことを徹底的にやれたという意味では、すごくポジティブだったと思います」\n\n「やっと自分として『こうやったらこうなるんだ……やっぱりそうだよね！』というところをちゃんと掴めたのは、今までにはなかったことでした。これまでは不思議なこともたくさんあったので、そこがクリアになったと思います」\n\n「それはクルマだけでなく、セットアップの部分でも詰め切れていなかったことだと思います。その精査をもう少しクリアにしたいと思います」\n\n 笹原は2023年、ジュリアーノ・アレジの後任として第6戦からエントリー。しかし1ポイントも獲得できぬままシーズンを終えることとなった。来季の参戦体制はまだ発表されていないものの、もし今回の体制で2024年シーズンを戦えるとしたら、2勝を挙げた2022年のように上位争いに戻る自信はあるかと尋ねると、笹原は次のように答えた。\n\n「今回は新車になったばかりで、チーム総出で組み上げてくれたばかりなので、基礎的なシステムチェックとか、何もトラブルがないかとか、そういうことを確認する段階からのスタートでした」\n\n そう笹原は言う。\n\n「今の段階では、もう少し細かい部分を確認することがまだ必要かなと思います。でも、今年の途中から出させていただいた時の感触とは全く違います」\n\n「そういう手応えはありますから、それを踏み外さないようにしたいなと思います」\n田中健一, 戎井健一郎",['https://newsatcl-pctr.c.yimg.jp/t/amd-img/20231207-00000016-msportcom-000-1-view.jpg?pri=l&w=640&h=426&exp=10800'],"['https://news.yahoo.co.jp/articles/e257cc0ad2294a9e569a1585291bf7de99b42139/images/000', 'https://jp.motorsport.com/super-formula/news/2023-rookie-test-session4-time/10555823/']"
坪井翔、チャンピオンカー走行のプレッシャーなし。別チーム＆共通ダンパーを体験し、有益な2日間「勉強になったけど、一歩抜け出すにはまだやるべきことがある」（motorsport.com 日本版）,https://news.yahoo.co.jp/articles/8e0300351e084c97b05b367851dda7eb558f6274,https://newsatcl-pctr.c.yimg.jp/t/amd-img/20231207-00000018-msportcom-000-2-view.jpg?exp=10800,2023-12-07T20:46:07+09:00,2023-12-07T20:46:29+09:00,motorsport.com 日本版,msportcom,motorsport.com 日本版,1858,\nVANTELIN TEAM TOM’Sの37号車を走らせた坪井翔\nスーパーフォーミュラの合同テスト＆ルーキードライバーテストで、VANTELIN TEAM TOM’Sの37号車を走らせた坪井翔は、ドライビングを合わせ込むことができた初日午後以降のセッションを全てトップ3圏内で終えた。スーパーフォーミュラのダンパーは今後共通化されるが、それにも十分対応できているようだ。\n【写真】移籍組、新顔、続々登場……！ スーパーフォーミュラ合同／ルーキーテスト：フォトギャラリー\n2023年シーズンのスーパーフォーミュラではP.MU／CERUMO・INGINGのマシンを走らせた坪井。しかし今回のテストでは、VANTELIN TEAM TOM’Sの37号車をドライブすることになった。このマシンは、宮田莉朋がシリーズ王者に輝いた、いわばチャンピオンマシンである。\n\n 坪井曰く、セルモとトムスでは、走らせ方や考え方が違う部分があったという。\n\n「これまでのセルモのクルマや走り方とは、また違った環境でのテストになりました。トムスはトムスの走らせ方や考え方があって、クルマのキャラクターも少し違う印象でした」\n\n そう坪井は明かす。\n\n「その中でドライビングを合わせるのは難しい部分もありましたが、2日間を通じて色々学べました。これまではずっとセルモでやってきて、それは勉強になったのですが、今回はその枠の外を見られたような気がします。それが新たな勉強になりました」\n\n チャンピオンマシンを走らせることにプレッシャーがあったかと尋ねられた坪井は、ダンパーが共通化されたこともあり、プレッシャーは感じなかったと明かす。\n\n「特にプレッシャーは感じませんでした。共通ダンパーになってしまうし、ライバルもレベルアップしてきますから。パッケージが全く変わらないなら、チャンピオンカーに乗ることはプレッシャーになったかもしれませんが、色々と変わっているので、そんなことはなかった……そういうことに関してはリセットかなと思います」\n\n 共通ダンパーになることで、マシンの性格が少し変わったという坪井。走行開始当初はそれに戸惑ったようだが、すぐにアジャストでき、その後は3セッション連続でトップ3タイムを記録した。\n\n「今日は風も強かったですし、実際の数値に関しては分かりません」\n\n 共通ダンパーによってダウンフォースにも変化があったかと尋ねられた坪井は、そう語った。\n\n「ただ少なくともキャラクターに関しては少し変わっていたので、そこに対してのアジャストは必要でした。それについては、この2日間で色々試せました」\n\n「1回目のセッションでは、本当に分からないというか、合わせきれないところもありました。でも2セッション目からはドライビングを合わせることができ、その後はトップ3のタイムを記録できました」\n\n「ただ、一歩抜け出すためにはまだ必要な部分はあると思いますので、次のテストまでに色々考えなきゃいけないと思います。次のテストで、どのチームのマシンに乗れるのかは、まだ分かりませんけどね」\n\n 坪井はスーパーGTでは、宮田とチームメイトだった。そのチームメイトがチャンピオンを獲得したマシンに乗ったことで、何か発見はあったのだろうか？\n\n「発見というか、ある程度イメージ通りだったかなと思います」\n\n「宮田選手の走りは見てきたので、ある程度クルマの走らせ方とか走り方、その時のタイムなんかは散々見てきました。なのでそのイメージ通りだったというか、こういう感じなんだな～と思いましたね」\n\n「実際に乗ってみて、自分の走らせ方が意外とこうなのか……とか、こういう風に走らせなきゃいけないんだとか、こうやったら速く走ってくれるんだとか、そういう発見は色々ありました。色々と勉強になった2日間でした」\n\n その今季王者である宮田は、来季は欧州のレースに参戦するため、スーパーフォーミュラには参戦しない。そういうこともあり、疑問があれば尋ねてみるつもりだと、坪井は言う。\n\n「GTで一緒に走った仲なので、そこは聞けば教えてくれると思います。来年は共通ダンパーに変わってしまいますから、今年とまったく同じにはならないと思いますが、どういう風に走らせていたとか、そういうことは教えてくれると思います」\n\n「なので疑問に思うことがあれば、聞いてみようと思います」,['https://newsatcl-pctr.c.yimg.jp/t/amd-img/20231207-00000018-msportcom-000-2-view.jpg?pri=l&w=640&h=426&exp=10800'],"['https://news.yahoo.co.jp/articles/8e0300351e084c97b05b367851dda7eb558f6274/images/000', 'https://jp.motorsport.com/super-formula/photos/?filters%5Bevent%5D%5B0%5D=277813']"
ローディン、F1超えの性能目指すハイブリッドハイパーカー“エフゼロ”の初テストを完了「他にはないクルマだ！」（motorsport.com 日本版）,https://news.yahoo.co.jp/articles/2c42be3e832a557008f62d7c7356e6d6a7d4cd3e,https://newsatcl-pctr.c.yimg.jp/t/amd-img/20231207-00000019-msportcom-000-1-view.jpg?exp=10800,2023-12-07T21:03:27+09:00,2023-12-07T21:03:27+09:00,motorsport.com 日本版,msportcom,motorsport.com 日本版,1462,"\nローディン・カーズ""FZERO""\nニュージーランドに本拠地を置くローディン・カーズが、ハイパーカー“FZERO（エフゼロ）”のシェイクダウンを実施した。\n【ギャラリー】ニュージーランド発のハイパーカー、ローディン”エフゼロ”が初テストを実施\nこのハイパーカー計画は、昨年発表されたモノ。72度のバンク角を持つ4リッターV型10気筒ツインターボエンジン「RC.TEN」に、130kWの回生兼ブースト用のモーター／ジェネレータを組み合わせている。最高出力は9,500rpmで1,027ps、最大トルクは8.500rpmで700Nm、最大回転数は10,500rpmで、最高速度は360km/hに達すると予想されている。\n\n シャシー＆ボディワーク共にカーボンコンポジット製。フロント、リヤ、フロアなどの空力パッケージで、合計4000kgのダウンフォースを発生させる。ローディンが目指すのは、F1マシン超えの走行パフォーマンスを実現することだ。\n\n ローディンは、2016年からこのFZEROの開発に着手。頓挫したロータスのカスタマーF1マシン”T125”プログラムを引き継いだことで、FZEROの開発計画は加速した。\n\n 当初発表されていた通り、ローディンは2024年の到来を前にプロトタイプ・テストマシンでのシェイクダウンを完了。ローディン創設者のデビッド・ディッカーは、順調にテストをこなすことができたと語った。\n\n「テストと開発には長い道のりがあるが、FZEROを初めて走らせて、このプログラムを実現するためにローディン・カーズの全員が成し遂げたことに大きな誇りを感じている」\n\n「テストは非常に上手くいき、プログラムをこなすことができた」\n\n「FZEROプロジェクトが次の段階に入り、我々はワクワクしている。本当に、これは他にはないクルマだ」\n\n また、ローディンでジェネラル・マネージャーを務めるエマ・ダンカンは、FZEROの初回テストはブランドにとって「極めて重要な進展」であり、「このクルマはエンジニアリングの卓越性を象徴するもので、まさに傑作だ」と付け加えた。\n\n V10ツインターボエンジンの初期プロトタイプ2基は、イギリスのニール・ブラウン・エンジニアリングによって製造されたが、ローディンは現在、エンジン製造も完全に社内で行なうことを決めている。\n\n ローディンはRC.TENの自然吸気バージョンも開発中。このエンジンは他のモータースポーツプロジェクトにも応用される予定だ。\n\n このエンジンは、インディアナポリスで開催されるパフォーマンス・レーシング・インダストリーショーに出展される予定だ。\n\n ローディンはこの1年でモータースポーツへの関与を大幅に拡大。2023年シーズン開幕に先駆けて、FIA F2を始めとするジュニアカテゴリーで長年活躍するカーリンのシングルシーター事業を買収した。\n\n そしてローディンは、FIAが入札を行なった2025年からのF1新規参入に手を上げた組織のひとつだったが、申請が承認されることはなかった。彼らのF1計画では、少なくともひとりの女性ドライバーを起用することが含まれていた。\n\n なお、このFZEROでのレース参戦計画について尋ねられたディッカーは、以前次のように答えていた。\n\n「我々が取り組んでいる面白いプロジェクトがいくつかあるが、今のところ話せないのだ」\nStephen Lickorish",['https://newsatcl-pctr.c.yimg.jp/t/amd-img/20231207-00000019-msportcom-000-1-view.jpg?pri=l&w=640&h=426&exp=10800'],"['https://news.yahoo.co.jp/articles/2c42be3e832a557008f62d7c7356e6d6a7d4cd3e/images/000', 'https://jp.motorsport.com/automotive/news/rodin-fzero-hypercar-completes-first-test/10555909/']"
F1、雨対策のホイールカバーテストは来年5月に再開へ。ロジスティクスやコストの問題で一時延期（motorsport.com 日本版）,https://news.yahoo.co.jp/articles/fda8bd3f2360447b9ef998f8c6794a34571f01b2,https://newsatcl-pctr.c.yimg.jp/t/amd-img/20231207-00000015-msportcom-000-1-view.jpg?exp=10800,2023-12-07T19:12:53+09:00,2023-12-07T19:12:53+09:00,motorsport.com 日本版,msportcom,motorsport.com 日本版,1993,\nF1とFIAは、ウエットコンディション時にホイールにカバーを装着することで、視界を大きく妨げる水飛沫を最小限に抑える方法を評価し、実際にテストも行なっていたが、一時停止されていた。しかし来シーズン、このテストが再開されるようだ。\n【動画】角田裕毅＆岩佐歩夢が登場！ 臨時講師として”古巣”HRSのスクール生とカートバトル\n2023年の7月、シルバーストン・サーキットで最初のプロトタイプであるスプレーガードがテストされた。しかし期待されたような結果は得られなかったため、より大型のカバーの開発が進められていた。当初は11月にプロトタイプの第2弾が実際にマシンに装着され、確認のためのテストが行なわれる予定だった。\n\n しかしシーズン終盤のロジスティクスが非常に厳しかったことや、コスト面の兼ね合いから、テストに協力することを申し出ていたチームは、次の走行を計画するのは来年5月まで待ったほうがいいと考えたようだ。\n\n FIAのシングルシーター担当ディレクターであるニコラス・トンバジスは、次の段階にどのように臨むのがベストなのか、チームの意見に耳を傾けることに満足していると語った。\n\n「計画されていた作業は11月上旬ごろに行なわれる予定だったが、パーツの入手可能性や関係チームの生産能力から、すべてを外部調達する必要があった」\n\n「そこで彼らは、コストを削減するためにテストを春まで遅らせられないかと言ってきた。我々はそれが賢明だと考えた」\n\n「技術的な観点からいえば、もちろんあまり高価でないのなら、それは歓迎だ」\n\n トンバジスは、FIAは水しぶきを完全に排除するホイールカバーを作るのは不可能に近い目標だと理解しているが、大幅な改善は可能だと感じているという。しかし現在のグラウンドエフェクトカーのディフューザーがどれほどの飛沫を巻き上げているのか、より深く理解することが重要だという。\n\n「（最初の）カバーは小さすぎて、ホイールを十分にカバーできていなかった」\n\n「そのため、それが解決策になるかどうかという疑問に対する答えにはなっていないと感じていた」\n\n「まだ疑問があるのは、ディフューザーがコースから吸い上げる水がどの程度の割合を占めているかということで、これは明らかに解決できないものだ。そしてどれだけホイールが巻き上げる（水飛沫の）量がどれだけあるのかということだ」\n\n「どちらの要因も非常に大きいことは分かっているし、すべてを解決しようとしているわけではないのは明らかだ」\n\n「まだ視界の問題があることは分かっているが、ホイールを完全にカバーすることで何パーセント解決できるかを見極めなければならない。もしそれが具体的な前進だとわかれば、それを最適化することになる」\n\n「5月にテストするのは最終的な解決策ではない。それが実際に正しい道なのかどうかを確認するための情報収集のようなものだ」\n\n「あるいは、テストがうまくいかなかった場合、その道筋を断念し、どうすべきか考え直すことになるかもしれない」\n\n テストが成功し、ウエットコンディション時の対策として採用する可能性が出てくれば、2025年の導入に向けて準備をする時間は十分あるだろう。しかしさらなる作業が必要となった場合は、2026年まで待つことになるだろう。\n\n ディフューザーから噴き上げられる飛沫を防ぐ方法の可能性について尋ねられたトンバジスは、次のようにmotorsport.comに答えた。\n\n「レギュレーション上、ドライの時は仕様をひとつに固定し、ウエットのときに何らかの変更を加えなければならないようなクルマでそれを行なうのは複雑すぎる」\n\n「もしディフューザーが（水飛沫による視界悪化の）主な要因だと結論づけるなら、2026年のレギュレーションが目指す方向は、一歩前進することになると思う。しかし第二に、そうなれば我々はそこに作業の一部を集中させ、さらに何ができるかを検討することができるだろう」\n\n またトンバジスは、空力により飛沫を地面に戻すエアカーテンのようなモノを導入することも現実的ではないと語った。\n\n「ダウンフォースを失わないようにするのは難しいんだ。ホイールカバーの課題のひとつが、ダウンフォースを失わないようにすることであり、ちょっとしたトレードオフになっている」\n\n「（エアカーテンのような）アイデアが提案されているが、そのエリアに何かを入れるとダウンフォースを失うことになる。クルマのダウンフォースの半分を失うようなことになれば、ドライバーは突然、グリップのほとんどないクルマをドライブすることになる。それは安全なのか、そうでないのか、ということだ」\nJonathan Noble,['https://newsatcl-pctr.c.yimg.jp/t/amd-img/20231207-00000015-msportcom-000-1-view.jpg?pri=l&w=640&h=364&exp=10800'],"['https://news.yahoo.co.jp/articles/fda8bd3f2360447b9ef998f8c6794a34571f01b2/images/000', 'https://jp.motorsport.com/general/video/hrs-special-kart-race-with-tsunoda-and-iwasa/644236/']"
2日目はKCMGの小林＆福住のワンツー、トヨタ勢が上位を独占。Jujuは初日から2.6秒改善｜スーパーフォーミュラ合同／ルーキーテスト2日目（motorsport.com 日本版）,https://news.yahoo.co.jp/articles/094b61b2cd3943d6be055a1bda6eca74e8a2a304,https://newsatcl-pctr.c.yimg.jp/t/amd-img/20231207-00000013-msportcom-000-1-view.jpg?exp=10800,2023-12-07T17:06:19+09:00,2023-12-07T17:06:19+09:00,motorsport.com 日本版,msportcom,motorsport.com 日本版,1399,\n小林可夢偉（Kids com Team KCMG）\n12月7日、鈴鹿サーキットでスーパーフォーミュラの合同テスト兼ルーキードライバーテストの2日目が行なわれた。この日の総合トップタイムは小林可夢偉（Kids com Team KCMG）だった。\n【タイム結果】スーパーフォーミュラ合同／ルーキーテスト：2日目午後\n8日のルーキー限定枠も含め、計3日間の日程で行なわれている今回の鈴鹿テスト。2日目は初日と異なるドライバーが乗り込むチームもあり、Kids com Team KCMGの18号車は関口雄飛に代わって福住仁嶺が、TCS NAKAJIMA RACINGの64号車は大津弘樹に代わってイゴール・オオムラ・フラガが、TGM Grand Prixの55号車は松下信治に代わってラスムス・リンドが乗り込んだ。\n\n 初日よりもやや曇りがちな天候でスタートした2日目は、10時から午前のセッションがスタート。開始直後に、小林が最終コーナーでスピンして赤旗が出された。その後もフラガ、木村偉織（B-Max Racing Team）といったルーキー勢がヘアピンでオーバーシュートして赤旗が出される場面があった。\n\n 初日に続いて、セッション序盤は野尻智紀（TEAM MUGEN）がトップに立っていたが、福住が1分37秒806でトップ浮上。その後も笹原右京（VANTELIN TEAM TOM’S）、 坪井翔（VANTELIN TEAM TOM’S）といったトヨタ勢のドライバーがトップタイムを更新した。\n\n 最終的にトップで午前を終えたのは牧野任祐（DOCOMO TEAM DANDELION RACING）。タイムは1分37秒096だった。またチームメイトの太田格之進も最終盤に区間ベストを更新するペースでアタックしていたが、最終コーナーでスポンジバリアにクラッシュしてしまった。坪井、笹原に次ぐタイムを記録したテオ・プルシェール（ITOCHU ENEX TEAM IMPUL）が、ルーキー最上位の4番手だった。\n\n 午後のセッションでは、来季スーパーフォーミュラにデビューすることが決まっている岩佐歩夢（TEAM MUGEN）が開始直後から1分37秒011を記録しトップに。しかし15分ほどが経過したタイミングで、デグナー2個目のスポンジバリアにぶつかってしまい、赤旗の原因となった。\n\n 車両が回収されてセッションが再開されてからは、クラッシュなどもなくセッションが進行していった。ラストアタックでは1分36秒台のタイムが連発され、最終的に小林、福住のKCMG勢がワンツーとなってセッション終了となった。小林のトップタイムは1分36秒296だった。\n\n 3番手から7番手まではトヨタ勢が続き、ルーキー最上位は午前に続いて6番手のプルシェール。ホンダ勢最上位は、午前のクラッシュからマシンを修復してコースに復帰した太田で、1分36秒631がベストの8番手だった。\n\n その他、17歳女性ドライバーの参戦ということで注目を集めているJujuは、初日こそトップと4秒遅れのタイムにとどまっていたが、2日目午後のセッションでは1分38秒539というベストタイムをマーク。トップとは2.243秒差で、初日からは2.680秒速くなっており、大きな改善を見せた。\n戎井健一郎,['https://newsatcl-pctr.c.yimg.jp/t/amd-img/20231207-00000013-msportcom-000-1-view.jpg?pri=l&w=640&h=426&exp=10800'],"['https://news.yahoo.co.jp/articles/094b61b2cd3943d6be055a1bda6eca74e8a2a304/images/000', 'https://jp.motorsport.com/super-formula/news/2023-rookie-test-session4-time/10555823/']"
マクラーレンF1、“自分に厳しすぎる”ノリスをメンタル面でサポートへ。強力チームメイト、ピアストリの存在も走りに影響？（motorsport.com 日本版）,https://news.yahoo.co.jp/articles/d74842616ae165c24d0f9e1f45fada4c28596cdd,https://newsatcl-pctr.c.yimg.jp/t/amd-img/20231207-00000014-msportcom-000-1-view.jpg?exp=10800,2023-12-07T18:35:30+09:00,2023-12-07T18:35:30+09:00,motorsport.com 日本版,msportcom,motorsport.com 日本版,1361,\nランド・ノリス（マクラーレン）\nマクラーレンF1は、“自分に厳しい”ランド・ノリスをメンタル面からサポートする方法を検討している。\n【動画】ノリス、勢い余ってフェルスタッペンの優勝トロフィーを割る\n2023年シーズン、ノリスはミスを犯す度に自己批判を繰り返した。アブダビGPではレッドブルのマックス・フェルスタッペンからポールポジションを奪うチャンスを逃して「クソな仕事だった」と語り、アメリカGPやメキシコシティGPの予選でも同様に自己批判を行なった。\n\n そのため、ノリスを様々な側面からサポートする体制（アントラージュ）を組織したり、完璧さよりも一貫性を目標にさせるなど、マクラーレンはいくつかの変更を検討している。\n\n motorsport.comがマクラーレンのアンドレア・ステラ代表に対して、チームがノリスのミスを防ぐために協力すべきかと尋ねると、彼は次のように答えた。\n\n「状況をどう判断するか、状況についてどう話すか、自分自身をどう解釈するかという問題だ。確かに、これは注目に値する」\n\n「99.9%のラップで十分だと受け入れることができるのか？ 何に対して？ 常に100％を求めるのか？ それとも一貫性か？」\n\n「テニスを見れば分かるように、選手たちの周りには取り巻き（アントラージュ）がいて、彼らのポテンシャルを最大限に発揮するためにサポートしている」\n\n またドライバーのミスが続いたことを受けて、マクラーレンは今季のMCL60をレッドブルに挑戦できるマシンに変貌させたシーズン中の大型アップデートが、ハンドリングをトリッキーにしたのかどうかを評価する作業を行なっている。\n\n しかしステラはそうした状況ながら、ノリスは「自分に対して厳しい」と付け加えた。\n\n「確かに、彼が自分自身のパフォーマンスに取り組むやり方は注目に値すると思う。彼は自分自身に対してとても厳しいように見えるからね」\n\n「時にはポジティブな面にも目を向けることも必要だ。ポジティブなことは沢山あるし、そのことに目を向けるようにして、ネガティブなことは単に自分を罰するためではなく、パフォーマンスを発揮するために機能させるようにする必要がある」\n\n そしてチームメイトとして今年から加わった1年目のオスカー・ピアストリの存在が、ノリスへのプレッシャーを増大させ、ミスに繋がったのではないか、とも訊かれたステラは、ドライバーふたりの関係について次のように語った。\n\n「競争力のあるチームメイトがいるからこそ、自分がいかに速く走れるかが分かるというところもある」\n\n「我々はドライバーをサポートし、彼らのポテンシャルを引き出す必要がある。これは継続的な改善だ」\n\n「予選中の傾向を見ることも含め、全ての情報を活用する必要がある。例えば、ミスした時に何が起こるのか？ どのような状況でミスをしたのか？ といったことだ」\n\n「技術的に改善できることがあるのか？ それとも人間的に改善できることがあるのだろうか？」\n\n「チームメイトが強いと、ふたつ目の要素（ミス）が多くなる傾向があることは間違いない。だから、これは間違いなく考える必要のあることだ」\nMatt Kew,['https://newsatcl-pctr.c.yimg.jp/t/amd-img/20231207-00000014-msportcom-000-1-view.jpg?pri=l&w=640&h=426&exp=10800'],"['https://news.yahoo.co.jp/articles/d74842616ae165c24d0f9e1f45fada4c28596cdd/images/000', 'https://jp.motorsport.com/f1/news/video-norris-smashed-hungary-gp-winners-trophy/10499501/']"
フェルスタッペンとハミルトンの“最強コンビ”はあり得ない？　レッドブルF1重鎮、緊張関係と給料の面で実現不可能と語る（motorsport.com 日本版）,https://news.yahoo.co.jp/articles/a11b2c687b516a293e5a03238fa1ccd018062a86,https://newsatcl-pctr.c.yimg.jp/t/amd-img/20231207-00000008-msportcom-000-1-view.jpg?exp=10800,2023-12-07T17:52:14+09:00,2023-12-07T17:52:14+09:00,motorsport.com 日本版,msportcom,motorsport.com 日本版,1514,"\nレッドブルのマックス・フェルスタッペンとメルセデスのルイス・ハミルトン\nマックス・フェルスタッペンのチームメイトとしてレッドブル加入のウワサが一時的に立ったルイス・ハミルトン（メルセデス）だが、レッドブルでモータースポーツアドバイザーを務めるヘルムート・マルコは、このF1チャンピオン同士の組み合わせが上手くいくはずがないと語った。\n【動画】F1ドライバーにMotoGPライダー……世界のホンダがもてぎに集結！ ホンダ・レーシング・サンクスデー2023\nこのウワサが噴出したのは最終戦アブダビGPでのこと。今年初め、ハミルトンの父アンソニーがレッドブルのクリスチャン・ホーナー代表と会話を交わし、ハミルトンに連絡を取るよう提案していたことが明らかになったのだ。\n\n ホーナー代表はハミルトンと非公式な会話をしようと連絡を試みたものの、ホーナー代表が持っていたハミルトンのアドレスは古いモノで、しばらくの間ハミルトン本人がメッセージを確認することはなかった。\n\n その間、ハミルトンはメルセデスと新たな2年契約を結び、再びF1の頂点に返り咲くことに集中しており、ハミルトンのレッドブル加入という憶測は否定された。\n\n 7度のF1チャンピオンであるハミルトンと3度のF1チャンピオンであるフェルスタッペンという組み合わせは、F1ファンの興味をそそるモノかもしれない。しかしレッドブル首脳陣は、このアイデアに意欲を示したことはない。\n\n そしてレッドブルのドライバー人事に深く携わってきたマルコは、ふたりがコンビを組むという説がありえない理由としてふたつの要素を挙げた。\n\n ハミルトンのレッドブル加入というウワサについてmotorsport.comがマルコに尋ねると、彼は次のように語った。\n\n「クリスチャンが私に知らせてくれたし、彼が（ハミルトンから）受け取ったテキストメッセージも見せてくれた。しかし私は彼に『ハミルトンとマックスではうまくいかない』と伝えた」\n\n「アクションが多すぎるし、2021年はなんというか……緊張感があった。また、最も高給取りのドライバーふたりを1チームに置く余裕はない」\n\n「絶対にあり得ない。だからクリスチャンにも『とんでもない』と言ったのだ」\n\n ハミルトンとメルセデスの新契約は8月下旬まで明らかにならなかったが、6回のタイトル獲得を共に経験したメルセデスにとどまるという選択をする上で疑問を抱くことはなかったとハミルトンは明言した。\n\n メルセデスとの契約交渉中に引退や移籍を考えたことはあったか、とmotorsport.comが尋ねるとハミルトンは次のように答えた。\n\n「いや、交渉中はなかったよ」\n\n「僕らは必ずそこ（F1の頂点）にたどり着くと信じている。僕らはチームとしてここで戦って長いし、どんどん新しい人たちが入ってきているけど、素晴らしい価値観を持っていることに変わりはない」\n\n「ファクトリーに戻ってみんなと本当に良い会話をすることで、彼らが実際に変化を起こし、正しい決断を下すことができると思える」\n\n「今年に関しては、彼らは（マシンの）基礎がしっかりしていると考えていたようだけど、実際はそうでもなかった。だから2月の時点では、僕が要求したような変更が行なわれていないことに苛立っていたんだ」\n\n「でも今行なっている変更で、僕らが正しい道に進むことを願っている。とは言え、レッドブルが何をしようとしているのか、僕らには見当もつかないけどね」\nJonathan Noble, Ronald Vording",['https://newsatcl-pctr.c.yimg.jp/t/amd-img/20231207-00000008-msportcom-000-1-view.jpg?pri=l&w=640&h=426&exp=10800'],"['https://news.yahoo.co.jp/articles/a11b2c687b516a293e5a03238fa1ccd018062a86/images/000', 'https://jp.motorsport.com/general/video/honda-racing-thanks-day-2023-recap/644293/']"
小林可夢偉がトップタイム。プルシェールは午前に続きルーキー最上位の6番手｜スーパーフォーミュラ合同／ルーキーテスト：2日目午後タイム結果（motorsport.com 日本版）,https://news.yahoo.co.jp/articles/2c71b39c4bca63fd8d125cae9d3042b126092627,https://newsatcl-pctr.c.yimg.jp/t/amd-img/20231207-00000011-msportcom-000-1-view.jpg?exp=10800,2023-12-07T16:30:35+09:00,2023-12-07T16:30:35+09:00,motorsport.com 日本版,msportcom,motorsport.com 日本版,1078,\nテオ・プルシェール（ITOCHU ENEX TEAM IMPUL）\n鈴鹿サーキットで行なわれているスーパーフォーミュラ合同／ルーキーテスト。2日目午後のセッションでトップタイムをマークしたのは小林可夢偉（Kids com Team KCMG）だった。\n【動画】2度のスーパーフォーミュラ王者、野尻智紀が2021年のF1を戦ったレッドブル・ホンダRB16Bをドライブ「すごく興奮した！」\n1. 小林可夢偉（Kids com Team KCMG）1'36''296\n2. 福住仁嶺（Kids com Team KCMG）1'36''337\n3. 坪井翔（VANTELIN TEAM TOM’S）1'36''363\n4. 山下健太（KONDO RACING）1'36''392\n5. 大湯都史樹（P.MU／CERUMO・INGING）1'36''454\n6. テオ・プルシェール（ITOCHU ENEX TEAM IMPUL）1'36''586\n7. 阪口晴南（P.MU／CERUMO・INGING）1'36''592\n8. 太田格之進（DOCOMO TEAM DANDELION RACING）1'36''631\n9. 牧野任祐（DOCOMO TEAM DANDELION RACING）1'36''667\n10. 野尻智紀（TEAM MUGEN）1'36''737\n11. 佐藤蓮（TCS NAKAJIMA RACING）1'36''834\n12. 木村偉織（B-Max Racing Team）1'36''901\n13. 岩佐歩夢（TEAM MUGEN）1'37''011\n14. 笹原右京（VANTELIN TEAM TOM’S）1'37''179\n15. 国本雄資（ITOCHU ENEX TEAM IMPUL）1'37''419\n16. 大嶋和也（docomo business ROOKIE）1'37''485\n17. イゴール・オオムラ・フラガ（TCS NAKAJIMA RACING）1'37''672\n18. 三宅淳詞（ThreeBond Racing）1'37''689\n19. 小高一斗（KONDO RACING）1'37''880\n20. 小出峻（B-Max Racing Team）1'38''435\n21. Juju（TGM Grand Prix）1'38''539\n22. ラスムス・リンド（TGM Grand Prix）1'39''547\nmotorsport.com日本版,['https://newsatcl-pctr.c.yimg.jp/t/amd-img/20231207-00000011-msportcom-000-1-view.jpg?pri=l&w=640&h=426&exp=10800'],"['https://news.yahoo.co.jp/articles/2c71b39c4bca63fd8d125cae9d3042b126092627/images/000', 'https://jp.motorsport.com/general/video/2-time-super-formula-champ-nojiri-gets-f1-drive-at-motegi/644239/']"
オコン、2024年は”戦闘モード”切り替えを誓う「今年は他のドライバーと比べて、リタイアが多すぎた」（motorsport.com 日本版）,https://news.yahoo.co.jp/articles/4c6aa2d763cdaeb5a797cfa5702c84f7ba17365d,https://newsatcl-pctr.c.yimg.jp/t/amd-img/20231207-00000010-msportcom-000-1-view.jpg?exp=10800,2023-12-07T16:12:16+09:00,2023-12-07T16:12:16+09:00,motorsport.com 日本版,msportcom,motorsport.com 日本版,972,\nアルピーヌのエステバン・オコン\n2023年のF1をドライバーズランキング12位で終えたアルピーヌのエステバン・オコンは、2024年は気を紛らわすモノを減らし、「戦闘モード」きに切り替えることに注力すると宣言した。\n【動画】F1ドライバーにMotoGPライダー……世界のホンダがもてぎに集結！ ホンダ・レーシング・サンクスデー2023\nオコンは2023年、モナコGPでは3位表彰台、ラスベガスGPでは16番グリッドからのスタートながら4位という成績を挙げた。しかしシーズンを通して見ると取りこぼしも多く、ドライバーズランキングは12位。チームとしてもコンストラクターズランキング6位と、獲得ポイントでは下位4チームに大差をつけたものの、上位5チームには大きく引き離されることとなった。\n\n「非常に良いこともいくつかあったし、非常に良いチャンスも掴むことができたと思う」\n\n 今シーズンについて問われたオコンは、そう語った。\n\n「しかし全体的には一貫性がなかった」\n\n「でも、DNF（リタイア）が多すぎた。それは大きな代償を払うことになった。合計9回もDNFがあったと思う。これはおそらく、全ドライバー中最多だったはずだ」\n\n「シンガポールでのギヤボックスの問題と、オースティンでのオスカー（ピアストリ／マクラーレン）との接触がなければ、チャンピオンシップでトップ10に入れたかもしれない。だから、それは少し無駄なことだった」\n\n オコンは来シーズン、今年よりも自分のレースに集中したいとも語る。\n\n「1月2日からテストが始まるまで、トレーニングキャンプに本格的に戻る」\n\n そうオコンは語った。\n\n「2022年と同じように、今後もやっていく。それは人生についてではなく、レースに全力を尽くすつもりだ。今年僕らは、コース外でも様々なことを行なってきた」\n\n「来年は状況が変わるはずだ。戦闘モードに戻り、レースに完全に集中する。その前に、チームのクリスマスパーティがあり、シミュレータ作業もある」\n\n「しばらく会えていなかった家族とも数日間会うことができる。12月にはミック（シューマッハー）や友人たちと楽しい時間を過ごす。その後は、来年に向けて完全に集中するつもりだ」\nAdam Cooper,['https://newsatcl-pctr.c.yimg.jp/t/amd-img/20231207-00000010-msportcom-000-1-view.jpg?pri=l&w=640&h=426&exp=10800'],"['https://news.yahoo.co.jp/articles/4c6aa2d763cdaeb5a797cfa5702c84f7ba17365d/images/000', 'https://jp.motorsport.com/general/video/honda-racing-thanks-day-2023-recap/644293/']"
宮田莉朋、IMSAのプレシーズンテストでRC F GT3をドライブへ。デイトナ24時間レース参戦の可能性も？（motorsport.com 日本版）,https://news.yahoo.co.jp/articles/e4d3596cb6fcfc014015357968ca750c8c469262,https://newsatcl-pctr.c.yimg.jp/t/amd-img/20231207-00000009-msportcom-000-3-view.jpg?exp=10800,2023-12-07T13:04:07+09:00,2023-12-07T13:05:20+09:00,motorsport.com 日本版,msportcom,motorsport.com 日本版,989,\n宮田莉朋\n12月6日からIMSAウェザーテック・スポーツカー選手権のプレシーズンテストがデイトナ・インターナショナル・スピードウェイで行なわれているが、そのエントリーリストに宮田莉朋の名前がある。\n【動画】アンドレア・カルダレッリが、ランボルギーニのLMDhマシン”SC63”を解説\n宮田がエントリーしているのは、GTDクラスのバッサーサリバン12号車。レクサスRC F GT3を走らせているチームだ。\n\n 走行は12月6日から計4日間予定されているが、初日のセッションはLMDh車両が走るGTPクラスとLMP2車両のみが対象となる。2日目となる7日にはGTD PROおよびGTDクラスも合流して、計10時間の走行が行なわれる。\n\n 3日目の8日はGTD PROおよびGTDクラスが走行。また、性能調整（BoP）を評価するためのパフォーマンス・バランス・テストも行なわれる。4日目はパフォーマンス・バランス・テストのための走行のみが許される。\n\n 宮田は、11月29日から3日間のFIA F2のテストをアブダビで行なったばかりだが、今度はアメリカに飛んでテストをこなすことになるようだ。\n\n 宮田にとってRC F GT3は、LM corsaからスーパーGTのGT300クラスに参戦していた2018年、2019年にドライブしていた馴染みのあるマシンだ。ただ、オーバルとオーバル内のインフィールドを利用したデイトナのコースには慣れが必要だろう。\n\n 宮田は2024年、F2とヨーロピアン・ル・マン・シリーズ（ELMS）に参戦する予定であるのは既報の通りだ。ただF2の開幕は2月末、ELMSの開幕は4月になってからとなっている。\n\n そのため1月の19日～21日に事前テストが行なわれ、1月25～28日がレースウィークとなるIMSA開幕戦デイトナ24時間レースへの参戦は不可能ではない。\n\n トヨタの先輩である小林可夢偉が連覇（2019～2020）した伝統のレースに、宮田が世界を目指す挑戦の第一歩として出場するのか。同じデイトナで行なわれるこのプレシーズンテストに参加したのも、その伏線ではないかと期待してしまうのは無理からぬことだろう。\n\n またこのテストは、LMDh車両のランボルギーニSC63が公に走行する初めての機会ともなっている。,['https://newsatcl-pctr.c.yimg.jp/t/amd-img/20231207-00000009-msportcom-000-3-view.jpg?pri=l&w=640&h=426&exp=10800'],"['https://news.yahoo.co.jp/articles/e4d3596cb6fcfc014015357968ca750c8c469262/images/000', 'https://jp.motorsport.com/lst/video/technical-walk-around-sc63-with-andrea-caldarelli/643826/']"
ドゥカティ、目指すはレッドブルF1の勝率95％！？　MotoGP連覇＆ランキングトップ3独占も野望底知れず（motorsport.com 日本版）,https://news.yahoo.co.jp/articles/ee1244a26a43300d13f814f2727c4787da84c4b3,https://newsatcl-pctr.c.yimg.jp/t/amd-img/20231207-00000007-msportcom-000-1-view.jpg?exp=10800,2023-12-07T12:30:47+09:00,2023-12-07T12:30:47+09:00,motorsport.com 日本版,msportcom,motorsport.com 日本版,1088,\nフランチェスコ・バニャイヤ\nMotoGPに参戦するドゥカティは、2023年シーズンにフランチェスコ・バニャイヤが連覇を達成。陣営としても大成功を収めているが、ジジ・ダッリーニャ（ゼネラルマネージャー）はまだまだ満足していないようだ。\n【動画】F1ドライバーにMotoGPライダー……世界のホンダがもてぎに集結！ ホンダ・レーシング・サンクスデー2023\nドゥカティは昨年、バニャイヤがケーシー・ストーナー（2007年）以来となるMotoGPクラスでのライダーズタイトルを獲得。そして2023年はメーカー史上初となる連覇を達成した。\n\n 2023年のドゥカティはこれまで以上に強く、チャンピオン争いもドゥカティ陣営同士となり、プラマックのホルヘ・マルティンが最終戦までバニャイヤと競い合った。\n\n その強さはランキングの上位3人をドゥカティ陣営が占めるほど。そしてシーズン20戦中17勝、ポールポジション17回、表彰台合計44回という記録にも、それが現れている。\n\n しかし、ダッリーニャはこの大成功ぶりを経ても、まだ上を目指すことができると満足していない。2023年のF1で22戦中21勝を記録したレッドブルこそ、ドゥカティが次に目指す目標の例だと語った。\n\n「どの勝利も、成し遂げてきたことへの満足感を持ちながら、祝われるべきだ」とダッリーニャは言う。\n\n「私としても、非常に重要かつ素晴らしいことを成し遂げられたと思っている。そして、ドゥカティ・コルセの全スタッフがこの瞬間に、真の幸せを感じてくれていること、我々のしてきたことの重大さを感じてくれることを願っている」\n\n「昨年は同様の結果を再現するのは難しいと言ったが、我々はそれ以上にいい成績を収めることができた」\n\n「だから来年はさらにいい成績を収めていけるように努力する。F1におけるレッドブルは我々よりも優れているし、あれは我々が真似るべき良い例だ」\n\n なおダッリーニャは、中盤戦まで大きなリードを保っていたバニャイヤが、転倒と怪我をきっかけにタイトル争いでマルティンに急接近を許し、最後まで接戦が続いたことについて、バニャイヤにとっては良い成長の機会になったと語っている。\n\n「ペッコ（バニャイヤ）はたしかに複雑な時期を過ごし、困難も抱えてきた」\n\n「だが彼は非常に速く、意志の強いライバルを前にしてもなんとか持ちこたえた。そういったエピソードのおかげで、最終的には成長に繋がったと思うし、彼（バニャイヤ）はとても良かったと思う」\nLewis Duncan,['https://newsatcl-pctr.c.yimg.jp/t/amd-img/20231207-00000007-msportcom-000-1-view.jpg?pri=l&w=640&h=426&exp=10800'],"['https://news.yahoo.co.jp/articles/ee1244a26a43300d13f814f2727c4787da84c4b3/images/000', 'https://jp.motorsport.com/general/video/honda-racing-thanks-day-2023-recap/644293/']"
韓国のハンコック、2025年からWRCにタイヤを供給。ミシュランとの入札を勝ち抜く（motorsport.com 日本版）,https://news.yahoo.co.jp/articles/1087940623693841d691ca03abdea5f9b34df830,https://newsatcl-pctr.c.yimg.jp/t/amd-img/20231207-00000006-msportcom-000-1-view.jpg?exp=10800,2023-12-07T12:20:43+09:00,2023-12-07T12:20:43+09:00,motorsport.com 日本版,msportcom,motorsport.com 日本版,973,\n2025年からWRCにタイヤを供給するハンコック\nFIAは今年7月から、世界ラリー選手権（WRC）のタイヤサプライヤー入札を実施していたが、2025年から2027年までのタイヤサプライヤーとして韓国のハンコックが選ばれた。\n【動画】F1にMotoGP、WRC戦わせたら誰が一番速いの？？ レッドブルが究極対決を実現\n2021年から、ミシュランに代わってピレリがタイヤサプライヤーを務めていたが、ピレリは次期タイヤサプライヤー入札に参加しておらず、供給継続を見送っていた。\n\n そして今回のFIA世界モータースポーツ評議会（WMSC）で、ハンコックのサプライヤー契約が承認された。\n\n\n「WMSCは、2025年から3年間の契約で、ハンコックをFIA世界ラリー選手権の公式タイヤ・パートナーおよびサプライヤーに任命するというWRC委員会の勧告を承認した」\n\n「この決定は、サプライヤーの能力、持続可能性、技術的品質、タイヤ1本あたりのコスト、マーケティングなどの基準に基づき、FIAが7月に開始した詳細な入札プロセスを受けたものである。ハンコックは、2024年のシーズン終了をもってWRCのシングル・サプライヤー契約が終了するピレリに取って代わることになる」\n\n motorsport.comの調べによると、ハンコックは今回のタイヤサプライヤー入札で、2011年から2020年までオフィシャル・サプライヤーとしてWRCにタイヤを供給していたミシュランを退けたようだ。\n\n ハンコックにとって、WRCへのタイヤ供給は初めて。また2027年にはWRCのラリー1規則が変更される予定であり、ハンコックは新レギュレーションにも対応することになる。\n\n ハンコックは2000年代からラリー用タイヤの開発を行なっており、今年はジュニア・ヨーロピアン・ラリー選手権の公式タイヤサプライヤーに指名されている。\n\n FIAの入札では、入札者は少なくとも2スペックのグラベルおよびターマックタイヤと、スノータイヤ（許可がある場所ではスタッドを装着）およびターマックのウインタータイヤ（スタッドなし）のタイヤを製造しなければならない。冬用のタイヤ2種類は、異なるタイプ／コンパウンドでも構わないとされている。\nTom Howard,['https://newsatcl-pctr.c.yimg.jp/t/amd-img/20231207-00000006-msportcom-000-1-view.jpg?pri=l&w=640&h=426&exp=10800'],"['https://news.yahoo.co.jp/articles/1087940623693841d691ca03abdea5f9b34df830/images/000', 'https://jp.motorsport.com/general/news/Who-would-be-the-fastest-F1-against-MotoGP-and-WRC/10517706/']"
角田裕毅、F1参戦4年目も“全戦全力投球”アプローチは変えず「寿命が縮んだように感じた」と吐露も笑い飛ばす（motorsport.com 日本版）,https://news.yahoo.co.jp/articles/7b86e90efb334de766f9e6521d979e36db121747,https://newsatcl-pctr.c.yimg.jp/t/amd-img/20231207-00000004-msportcom-000-1-view.jpg?exp=10800,2023-12-07T12:12:23+09:00,2023-12-07T12:12:23+09:00,motorsport.com 日本版,msportcom,motorsport.com 日本版,1774,"\n角田裕毅\n角田裕毅は来る2024年に向けて、2023年シーズンと同様に全レースで「自分の100％の力を出し切る」アプローチを貫くと語った。\n【動画】角田裕毅＆岩佐歩夢が登場！ 臨時講師として”古巣”HRSのスクール生とカートバトル\n来季で角田はF1参戦4年目。スクーデリア・アルファタウリからチーム名称が変更されるイタリア・ファエンツァ籍のチームでF1キャリアを継続することとなる。\n\n 2023年シーズンの角田は一皮むけたと言っても過言ではないだろう。チームメイトがコロコロと変わる中でチームを牽引。シーズン序盤から、戦闘力不足のマシンながら入賞争いを展開した。\n\n シーズン後半にかけてチームがマシンのパフォーマンスを改善すると、角田はシーズン終盤の5戦で3回入賞。アメリカGPでは初のファステストラップ、最終戦アブダビGPでは初のラップリードを記録した。そのアブダビでは好走がファンに評価されてドライバー・オブ・ザ・デイにも選ばれた。\n\n 右肩上がりで2023年シーズンを終えた角田。その好調の要因には、彼自身の内省が関係しているようだ。\n\n 角田はF1参戦2年目の2022年シーズンを振り返った際、「もっと力を振り絞れた」と思う瞬間があったという。そこから1戦1戦、100％の力を発揮することに焦点を置いたと語った。\n\n 全22戦で争われた2023年シーズンを終え、“全力投球”による疲労を吐露しつつも、このアプローチを続けるつもりだと語った。\n\n 来年3月に開幕する全24戦の2024年シーズンはどのような角田裕毅でありたいか？ motorsport.comが角田に尋ねると彼は2023年を振り返りつつ、次のように答えた。\n\n「今年は去年に比べていい方向にステップを踏み出すことができましたし、今やっていることが正しいからこそ成長できていると思います」\n\n「このリズムを崩さず、もちろんオフシーズンも準備を欠かさず、同じ方向性を継続しながら、去年から今年に向けて大きく変えたアプローチを自分自身に浸透させて完成形に近づけたいです」\n\n「またフィードバックやレースに必要な部分など、まだもう少しレース数が必要になる部分は積み重ね、今年以上に一貫性のある成績を出せればいいなと思っています」\n\n 角田の言うアプローチについて詳しい説明を求めると、彼は次のように続けた。\n\n「気合いですね。簡単に言うと、毎レース悔いがないように自分の100％の力を出し切るということです」\n\n「去年、シーズンを振り返った時にもう少し自分の力を振り絞れたという部分がありました。24レースで全て出し切るというのは簡単に思えますが、順位によっては難しかったり、3週連続のレースもあったりします。疲れながらも自分の100％、前週以上かそれと同等くらい発揮しなければいけないというのは難しいことです」\n\n「だから、今年は寿命が短くなったように感じましたよ（笑）」\n\n「結構、疲れがドッと来ました。逆に後悔はないですし、良いシーズンだったと心から思えたので、そういったことを繰り返していきたいと思います」\n\n 最終戦後のポストシーズンテストも既に終了し、角田は一時帰国。12月2日（土）には、特別講習会という形で“母校”でもあるホンダ・レーシングスクール・鈴鹿（HRS）のスクール生とカート対決を実施し、翌日にはホンダ・レーシング・サンクスデー2023に参加した。\n\n 12月5日（火）には地元神奈川県・相模原市で角田裕毅応援団が主催するファンミーティングに登壇。短いシーズンオフの中でも忙しい日々を送っている。\n\n そんな角田に、100％の力を注いだ2023年シーズンの疲れを癒すことができる時間はあるか？ と訊くと角田は「12月中盤までは無いでしょうね」と答え、疲れを温泉で洗い流すつもりだと明かした。\n\n「2週間くらいは休めると思います」\n\n「1番は温泉ですね。温泉は日本人ならではというか……僕は小さい頃からお風呂に入る文化で育ってきましたが、海外に行くとシャワーですからね」\n\n「お風呂入った時の疲れが取れるあの感覚は、日本にしかありません！」\n滑川 寛, 田中 健一",['https://newsatcl-pctr.c.yimg.jp/t/amd-img/20231207-00000004-msportcom-000-1-view.jpg?pri=l&w=640&h=426&exp=10800'],"['https://news.yahoo.co.jp/articles/7b86e90efb334de766f9e6521d979e36db121747/images/000', 'https://jp.motorsport.com/general/video/hrs-special-kart-race-with-tsunoda-and-iwasa/644236/']"
牧野任祐がトップタイム。初日下位のプルシェールも4番手に｜スーパーフォーミュラ合同／ルーキーテスト：2日目午前タイム結果（motorsport.com 日本版）,https://news.yahoo.co.jp/articles/aea8ad574904327e9e148eb2e8f9e41bf456e1c6,https://newsatcl-pctr.c.yimg.jp/t/amd-img/20231207-00000005-msportcom-000-2-view.jpg?exp=10800,2023-12-07T12:15:12+09:00,2023-12-07T12:23:08+09:00,motorsport.com 日本版,msportcom,motorsport.com 日本版,1095,\n4番手タイムのプルシェール\n鈴鹿サーキットで行なわれているスーパーフォーミュラ合同／ルーキーテスト。2日目午前のセッションでトップタイムをマークしたのは牧野任祐（DOCOMO TEAM DANDELION RACING）だった。以下はそのタイム結果。\n【写真】移籍組、新顔、続々登場……！ スーパーフォーミュラ合同／ルーキーテスト：フォトギャラリー\nスーパーフォーミュラ合同／ルーキーテスト：セッション3タイム結果\n1. 牧野任祐（DOCOMO TEAM DANDELION RACING）1'37''096\n2. 坪井翔（VANTELIN TEAM TOM’S）1'37''503\n3. 笹原右京（VANTELIN TEAM TOM’S）1'37''513\n4. テオ・プルシェール（ITOCHU ENEX TEAM IMPUL）1'37''665\n5. 佐藤蓮（TCS NAKAJIMA RACING）1'37''657\n6. 福住仁嶺（Kids com Team KCMG）1'37''806\n7. 阪口晴南（P.MU／CERUMO・INGING）1'37''969\n8. 太田格之進（DOCOMO TEAM DANDELION RACING）1'38''032\n9. 小高一斗（KONDO RACING）1'38''212\n10. 野尻智紀（TEAM MUGEN）1'38''417\n11. 小林可夢偉（Kids com Team KCMG）1'38''513\n12. 国本雄資（ITOCHU ENEX TEAM IMPUL）1'38''531\n13. 大湯都史樹（P.MU／CERUMO・INGING）1'38''540\n14. 木村偉織（B-Max Racing Team）1'38''612\n15. 小出峻（B-Max Racing Team）1'38''825\n16. 山下健太（KONDO RACING）1'38''873\n17. 大嶋和也（docomo business ROOKIE）1'39''074\n18. イゴール・オオムラ・フラガ（TCS NAKAJIMA RACING）1'39''122\n19. 岩佐歩夢（TEAM MUGEN）1'39''147\n20. 三宅淳詞（ThreeBond Racing）1'39''508\n21. Juju（TGM Grand Prix）1'40''039\n22. ラスムス・リンド（TGM Grand Prix）1'42''526\nmotorsport.com 日本版,['https://newsatcl-pctr.c.yimg.jp/t/amd-img/20231207-00000005-msportcom-000-2-view.jpg?pri=l&w=640&h=426&exp=10800'],"['https://news.yahoo.co.jp/articles/aea8ad574904327e9e148eb2e8f9e41bf456e1c6/images/000', 'https://jp.motorsport.com/super-formula/photos/?filters%5Bevent%5D%5B0%5D=277813']"
フェラーリ、レッドブルに挑むためなら今年の強みも捨てる？　「どこでも速くなるためには有り得る」とサインツJr.（motorsport.com 日本版）,https://news.yahoo.co.jp/articles/df45d275caf9992e1c87fd64f341ad62a1df4fb5,https://newsatcl-pctr.c.yimg.jp/t/amd-img/20231207-00000001-msportcom-000-1-view.jpg?exp=10800,2023-12-07T07:42:49+09:00,2023-12-07T07:42:49+09:00,motorsport.com 日本版,msportcom,motorsport.com 日本版,1287,\nフェラーリ、レッドブルに追いつける？\nフェラーリのカルロス・サインツJr.は、来季レッドブルに挑戦するため、チームは2024年のF1マシンで今季のSF-23の強みを捨てることになるかもしれないと語った。\n【動画】角田裕毅＆岩佐歩夢が登場！ 臨時講師として”古巣”HRSのスクール生とカートバトル\n2023年シーズンのフェラーリは予選で特に強さを見せ、サインツJr.とチームメイトのシャルル・ルクレールのふたりで7回のポールポジションを獲得した。\n\n この予選での強さには、ライバルのレッドブルがどちらかといえばレースペースを重視していたことが要因の一部にある。そしてフェラーリはレースでタイヤのデグラデーション（性能劣化）に悩まされ、レッドブルに十分なプレッシャーをかけることができなかった。\n\n そのため、サインツJr.としてもレッドブルと競うためにフェラーリが力を入れるべき領域は、タイヤマネジメントだと考えている。\n\n 2024年マシンに対して、今季マシンからどの部分を引き継ぎたいか？ そうサインツJr.に尋ねると、彼は「直線速度、ブレーキングパフォーマンス、そして90度コーナーのような短いコーナーでのパフォーマンスだ」と答えた。\n\n「それから縁石に乗った時も大きな強みだと思う。このマシンには強みがいくつもあるんだ」\n\n サインツJr.はSF-23の持つ強みをそう語ったが、フェラーリがレッドブルに挑むという“現実的な目標”を達成するためには、全体としての進歩のためにも2023年のマシンが持っていた強みを犠牲にすることもあるだろうと語った。\n\n「1年を通じて使えるクルマを必要として、どこでも、特にレースで速く走れることを確実にしたいなら、そういった特徴をいくつか手放す必要があるかもしれない」\n\n「レースは僕らが本当に集中すべき部分で、このマシンで何をしているのかを理解しなくちゃいけないんだ」\n\n「僕らのタイヤの扱い方によって、ブラジルではレッドブルとマクラーレンと同レベルで争うことができなかった。たとえばオースティンでも同じで、僕らはそれだけのレースペースが無くて、レースに”参加”できていないことが明らかだった」\n\n サインツJr.は来季のレッドブルとの戦いについては、さらに以下のように続けた。\n\n「それが現実的な目標であるべきだ。なんとかできるだろうか？ それは時間だけが教えてくれる」\n\n「僕はこれが可能だと信じているから、チームもそう思っていて欲しい」\n\n「それに、マクラーレンがシーズン中にああいったステップアップが可能だったのなら、フェラーリもオフシーズン中にそれができると僕は確信している」\n\n「僕はチームのことを信じている。地元に戻った僕らには状況を好転させる力があると思う」\n\n「レッドブルに0.3秒差でポールポジションを獲得してるコースがあるんだ。このクルマにはとても優れた特性があって、僕らはそれをオールラウンダーにする必要があるだけなんだ」\nMatt Kew,['https://newsatcl-pctr.c.yimg.jp/t/amd-img/20231207-00000001-msportcom-000-1-view.jpg?pri=l&w=640&h=426&exp=10800'],"['https://news.yahoo.co.jp/articles/df45d275caf9992e1c87fd64f341ad62a1df4fb5/images/000', 'https://jp.motorsport.com/general/video/hrs-special-kart-race-with-tsunoda-and-iwasa/644236/']"
ブリヂストン、次期フォーミュラEタイヤサプライヤーに決定！　2026-27年シーズンから2スペックのタイヤを供給（motorsport.com 日本版）,https://news.yahoo.co.jp/articles/2166d9fd56252fa5452608955ed0c061ee779463,https://newsatcl-pctr.c.yimg.jp/t/amd-img/20231207-00000002-msportcom-000-3-view.jpg?exp=10800,2023-12-07T08:10:25+09:00,2023-12-07T10:07:35+09:00,motorsport.com 日本版,msportcom,motorsport.com 日本版,1114,\nフォーミュラEにタイヤを供給することになったブリヂストン\nフォーミュラEは、2026-2027年シーズン（シーズン13）から使用されるGen4マシンのシャシー、バッテリー、タイヤの生産を担当する企業の申請を承認したと発表した。\n【動画】角田裕毅＆岩佐歩夢が登場！ 臨時講師として”古巣”HRSのスクール生とカートバトル\n6日（水）に開催された世界モータースポーツ評議会で、フォーミュラEのサプライヤー入札の結果が明らかとなった。ブリヂストンは、2010年にF1との長期にわたる関係が終了して以来、初めて世界選手権のシングルシーター競技に戻ってくることになった。\n\n ブリヂストンは最近、F1へのタイヤ供給復帰を目指し入札に参加したが、F1ではピレリが少なくとも2027年までF1へのタイヤ供給を続けることになった。\n\n 一方でブリヂストンがハンコックに代わってフォーミュラEにタイヤを供給することになり、2026-2027年シーズンから少なくとも4年間にわたって使用されるGen4マシン用の2種類のタイヤを製造する。\n\n 2種類のタイヤは、”ベースライン”と”タイフーン”と呼ばれる。ベースラインは、全天候型の溝ありタイヤであり、小雨時も含めて安全にレースを行なうために十分なグリップを保証しなければならない。タイフーンは、大雨時に使用が命じられるタイヤとなっている。\n\n フォーミュラEのチームとドライバーが同じイベントで2種類のタイヤを使用するのは、9シーズンぶりのことだ。\n\n Gen4マシンにバッテリーを供給するのは、世界耐久選手権（WEC）でグリッケンハウスと組んでいたポディウム・アドバンスド・テクノロジーズ。フロントのパワートレインはマレリが供給する。\n\n シャシーはシリーズ発足以来、前3世代のマシンも手がけていたスパーク・レーシング・テクノロジーズ・グループが引き続き担当する。\n\n FIAによるとこれらの企業が選ばれたのは、「提出された入札を徹底的に分析し、各製品の技術仕様、製造能力、イベントでのサポート案など、様々な点を評価し、それぞれの候補者の施設の視察を行なった」結果だという。\n\n 2021-22年シーズンに導入されたGen3マシンと比べ、Gen4マシンはピーク出力が現在の約2倍の600kWになるなど、大幅なパワーアップを果たす予定だ。\n\n またエアロダイナミクスにも重点が置かれる。ハイ・ダウンフォース仕様とロー・ダウンフォース仕様の2種類のパッケージが設定され、Gマシンの全幅は100mm、重量は76kg増加する。\nStefan Mackley,['https://newsatcl-pctr.c.yimg.jp/t/amd-img/20231207-00000002-msportcom-000-3-view.jpg?pri=l&w=640&h=426&exp=10800'],"['https://news.yahoo.co.jp/articles/2166d9fd56252fa5452608955ed0c061ee779463/images/000', 'https://jp.motorsport.com/general/video/hrs-special-kart-race-with-tsunoda-and-iwasa/644236/']"
F1がFIAと全面対立？　メルセデス代表夫妻の利益相反疑惑に、全チームが一致団結して関与を否定（motorsport.com 日本版）,https://news.yahoo.co.jp/articles/e8cf0c40a577796e5b68d5659fdad3f2c8262537,https://newsatcl-pctr.c.yimg.jp/t/amd-img/20231207-00000003-msportcom-000-1-view.jpg?exp=10800,2023-12-07T09:31:52+09:00,2023-12-07T09:31:52+09:00,motorsport.com 日本版,msportcom,motorsport.com 日本版,1540,\nメルセデスF1のチーム代表であるトト・ウルフとその妻であるスージー・ウルフ\nメルセデスのトト・ウルフ代表とその妻であるスージー・ウルフが、利益相反の疑いでFIAのコンプライアンス部門による調査を受けていることが明らかになったが、F1の全10チームが足並みを揃えて声明を発表。FIAに申し立ては行なっていないと態度とはっきりさせた。\n【動画】角田裕毅＆岩佐歩夢が登場！ 臨時講師として”古巣”HRSのスクール生とカートバトル\nFIAは、あるチーム代表とFOM（F1マネジメント）の従業員との間の機密情報の授受に関する利益相反の疑惑を調査していると発表した。\n\n FIAは具体的な名前を挙げたわけではなかったが、これがメルセデスのトト・ウルフ代表と、その妻でF1アカデミーシリーズのマネージングディレクターを務めるスージー・ウルフのことだと広く理解されている。\n\n FIAは声明の中で、コンプライアンス調査は『BusinessF1』の記事に言及したメディアの憶測に端を発していると述べ、一方でFIAの情報筋はチーム代表からの苦情があったことを示唆している。\n\n しかしメルセデスのライバルはすべて、いかなる苦情にも関与していないと表明。メルセデスの疑惑に異議を唱えたことを否定している。\n\n 各チームは疑惑が明らかとなった翌日、水曜日の夕方にほぼ同じ声明を発表。自分たちがFIAの行動の引き金になったわけではないことを明らかにした。\n\n チーム名の違いなど内容に僅かな差はものの、チームが発表した声明は以下のようなものだ。\n\n「F1チーム代表とFOMスタッフの間で機密情報が交わされたとの疑惑について、我々はFIAに苦情を申し立てていないことを確認できる」\n\n「我々は、来シーズンからF1アカデミーとそのマネージング・ディレクターのスポンサーになることを約束し、F1アカデミーをサポートできることを喜ばしく、誇りに思う」\n\n レッドブルのチーム代表であるクリスチャン・ホーナーもまた、FIAに正式な苦情申し立てはしていないと明言した。\n\n ホーナーは『Sky Sports News』に次のように語った。\n\n「スージーやトト、メルセデスについてFIAに公式に苦情を申し立てたことはない」\n\n「実際、レッドブルはF1アカデミーの立ち上げ当初から最も関与してきたチームであり、レッドブル傘下の2チームで3台のマシンをエントリーするほどだ。F1アカデミーで素晴らしい仕事をしているスージーと密接に協力してきた」\n\n「だから、我々も他の人たちと同じように、昨晩発表された声明にはかなり驚いたと思う。しかし、レッドブルが扇動したわけでも、要求したわけでも、仕組んだわけでもない」\n\n この疑惑に対する各チームの対応はほとんど前例がないほど一致している。F1側は、コンプライアンス部門を巻き込む決断を下した理由についてFIAに説明するよう圧力をかけることになりそうだ。\n\n メルセデスは水曜日の夜の段階で、まだFIAから調査に関する公式文書を受け取っていないことがわかった。\n\n メルセデスはウルフに対する疑惑を否定し、強い言葉で火曜夜に声明を発表。FIAに透明性のある対応を要求している。\n\n「当然のこととして、我々はFIAコンプライアンス部門からこの調査とその内容に関して、完全かつ迅速で透明性のある対応を求めている」\n\n F1とFIAは、新規チーム（アンドレッティ）参入についても姿勢が異なっており、この件をうまく収拾できなければ、より両者の対立が深まりかねない事態となっている。\nJonathan Noble,['https://newsatcl-pctr.c.yimg.jp/t/amd-img/20231207-00000003-msportcom-000-1-view.jpg?pri=l&w=640&h=426&exp=10800'],"['https://news.yahoo.co.jp/articles/e8cf0c40a577796e5b68d5659fdad3f2c8262537/images/000', 'https://jp.motorsport.com/general/video/hrs-special-kart-race-with-tsunoda-and-iwasa/644236/']"
