headline,mainEntityOfPage,image,datePublished,dateModified,author,media_en,media_jp,str_count,body,images,external_links
【愛知県】AIが予測する10年後の地価上昇率ランキング・トップ5！　2位は名古屋市中村区、1位はどこ？（ダイヤモンド不動産研究所）,https://news.yahoo.co.jp/articles/5ea825a2049c7f7a7793f5385619af758ce89d15,https://newsatcl-pctr.c.yimg.jp/t/amd-img/20251228-01112991-diamondf-000-1-view.png?fmt=jpeg&q=85&exp=10800,2025-12-28T11:00:40+09:00,2025-12-28T11:00:40+09:00,ダイヤモンド不動産研究所,diamondf,ダイヤモンド不動産研究所,1656,"愛知県の市区町村ごとの「10年後の地価上昇ランキング」を作成しました。このランキングは、東京都市大学の教授が監修するベンチャーの協力を得て、約1,000万件の不動産取引データとAI技術を用いて、地価（実勢価格）を推計したものです。
10年後の地価上昇率ランキング【完全版】をみる
予測は、約1,000万件の「不動産取引情報・成約価格情報」（出典:国土交通省・不動産情報ライブラリ）などを基に、AI（人工知能）により作成。東京都市大学建築都市デザイン学部都市工学科秋山研究室の大学発ベンチャーである都市空間総合研究所で培われた学術的な知見と、最新のAI技術を用いて構築。各地点の詳細はダイヤモンド不動産研究所サイト内の「不動産価格データベース」のページを参照。データベースは更新中のため、当ランキングのデータと一部異なる場合がある。
愛知県の10年後の地価上昇率ランキング1位は名古屋市熱田区
1
/
2
ダイヤモンド不動産研究所
名古屋市熱田区金山駅総合駅北口の様子(出典：PIXTA)
土地の価格に関する指標はいくつもあり、政府が発表する「公示地価」「都道府県地価調査」「路線価」などが代表的なものです。これらの”公的評価額”は、長期にわたるデータがあるものの、主に税金を算出するために存在する価格で、”実勢価格（実際に取引される価格）”とは異なっています。

　都市部の実勢価格は公示地価の1.5〜2.0倍、一方で地方では公示地価の1.0〜1.1倍と言われています。

　実勢価格についてはさまざまなものが存在していますが、実際の不動産の売買に役立つものはそう多くはありません。そこでダイヤモンド不動産研究所では、市区町村単位、町単位、駅単位での網羅的な実勢価格を推計しました。

　その数値から、AIで予測した10年後の地価上昇率ランキング（愛知県）を作成しました。ここではトップ5を掲載します。

　1位は名古屋市熱田区で、10年後に15.34％増加の、坪あたり98万円を予想。金山駅の南部に広がる、文化施設や歴史的建造物が豊富なエリアです。再開発やインフラ整備が進んでおり、住みやすさが向上しています。

　2位は名古屋市中村区で、10年後に14.23％増加の、坪あたり93万円を予想。名古屋駅西側に広がるエリアで、リニア新幹線開通に向けた再開発も進んでいます。地価の上昇が続くエリアです。

　そのエリアの公示地価地点で、過去の上昇率が高かった名駅2-36-10について、不動産鑑定士は以下のように分析しています。

　「概ね現状維持と予測するが、名鉄名駅再開発計画やリニア中央新幹線の進捗に伴い、更なるオフィス集積や繁華性の向上が期待される」とのことです。

　3位は名古屋市西区で、10年後に11.89％増加の、坪あたり81万円を予想。名古屋市の中心に近く、商業施設や公共施設が充実しています。区中心部まで15分〜25分程度と交通の便も良く、住みやすい環境が整っています。

　そのエリアの公示地価地点で、過去の上昇率が高かった名駅3-6-20について、不動産鑑定士は以下のように分析しています。

　「名駅地区に位置するため高度利用が進展し、店舗や事務所等の現況利用形態が維持されるものと予測する。建築費高騰等の懸念も残るが、利便性・収益性を反映して地価は微増又は横ばい傾向で推移するものと予測する」とのことです。

※不動産鑑定士のコメントの出典:国土交通省「鑑定評価書情報・地価公示」
まとめ
愛知県の10年後の土地上昇率ランキング1位は名古屋市熱田区でした。名古屋市中心部へのアクセスの良さと再開発の進展により、商業・住宅の需要が増加し、地価が大きく上昇することが予測されています。

　◆ダイヤモンド不動産研究所では、愛知県の地価ランキング【完全版】を公開しています。現在の地価ランキングや10年後の地価上昇率マップも掲載しているので、ぜひ参考にしてください◆
ダイヤモンド不動産研究所",[],[]
