headline,mainEntityOfPage,image,datePublished,dateModified,author,media_en,media_jp,str_count,body,images,external_links
【バドミントン】三橋健也＆岡村洋輝が準決勝進出！　「ここからが本当に勝負。もう一回気持ちを入れ直して」（三橋）「結果を気にせず、出せる力を出すだけ」（岡村）＜全日本総合2025＞（バド×スピ！／バドミントン・マガジン）,https://news.yahoo.co.jp/articles/6a68880eadce772c05ccba55c141da254027e802,https://newsatcl-pctr.c.yimg.jp/t/amd-img/20251228-00010061-badspi-000-1-view.jpg?exp=10800,2025-12-28T23:16:38+09:00,2025-12-28T23:16:38+09:00,バド×スピ！／バドミントン・マガジン,badspi,バド×スピ！／バドミントン・マガジン,942,"橋健也（左）＆岡村洋輝 （BIPROGY）
第79回全日本総合バドミントン選手権大会4日目の28日、男子ダブルス準々決勝で川邊悠陽／松川健大（日立情報通信エンジニアリング）に2-0で勝利した三橋健也＆岡村洋輝（BIPROGY）のコメントを紹介する。
【トーナメント表】全日本総合2025男子ダブルス
――試合を振り返って

岡村　終盤、ちょっと緊張しましたけど、普段通りのプレーだったのかなという感想です。

三橋　役割分担がハッキリして、相手に終始プレッシャーを与えることができたかなと思います。

――内容面の手応えは

岡村　相手の攻撃がちょっと脅威だなと思っていたので、最初から簡単に上げないように意識しましたけど、その中で、無理はせずにちゃんとロブも使うという形がうまくいきました。上げすぎず、プレッシャーをかけていくことで、相手がミスをしてくれたので、それがハマった感じです。

三橋　第1ゲームは、シャトルが飛ぶ方だったので、攻めていきました。第2ゲームは、相手が何球かロブをアウトにしてくれた。それで、相手のプレーが少しずつ小さくなっていって、ロブも浅くなってきた。そこで、僕らが前に詰めて行って攻撃ができた。一発では決まらないけど、連打で攻めることができて、それが相手に少しずつダメージを与えられたかなと思います。

――この勝利でベスト4入り

三橋　ここからが、本当に勝負。一昨年、昨年と準決勝で同じような負け方をしている。ここまでも大事でしたけど、ここからが本当の全日本総合だと思って、もう一回気持ちを入れ直して臨みたいです。

――日本代表選考を考えると、立場の逆転をねらいにかなければいけない状況だと思うが

岡村　そうですね。結果が求められる状態ではあると思います。でも、それは気にせずに、明日はいこうかなと思います。いつも結果ばかり気にして、力んで、イージーミスが出て、納得いかない負け方になることが多いので、気にせず、出せる力を出すだけです。

三橋　やっぱり、今日みたいに、対戦相手と自分たちの状況を理解して、相手の好きなことをさせないことを大事にして、頭の中を整理して臨みたいです。
取材／バドミントン・マガジン編集部、楊順行、平野貴也、吉井信行",[],[]
【バドミントン】霜上＆野村が激闘を制してベスト4進出！　第1シードの山下＆緑川も準決勝へ！＜全日本総合2025男子ダブルス＞（バド×スピ！／バドミントン・マガジン）,https://news.yahoo.co.jp/articles/bc1537eeb294151f5614d692a0c4686551d40d73,https://newsatcl-pctr.c.yimg.jp/t/amd-img/20251228-00010060-badspi-000-1-view.jpg?exp=10800,2025-12-28T23:11:30+09:00,2025-12-28T23:11:30+09:00,バド×スピ！／バドミントン・マガジン,badspi,バド×スピ！／バドミントン・マガジン,2464,"山下恭平（右）／緑川大輝（NTT東日本）
日本の頂点をかけて争われる第79回全日本総合バドミントン選手権（東京都調布市・京王アリーナTOKYO）。大会4日目は各種目準々決勝が行なわれた。男子ダブルスのダイジェストを紹介する。
【トーナメント表】全日本総合2025男子ダブルス
【男子ダブルス】

昨年優勝の山下恭平／緑川大輝（NTT東日本）が、武井優太／遠藤彩斗（NTT東日本）との同チーム対決を制した。緑川、武井、遠藤の3人は、埼玉栄中・高の同級生。しかし、代表入りしているのは緑川のみ。武井／遠藤は「挑戦する気持ち」と臨んでいた。第1ゲーム序盤から、目まぐるしくローテーションしながら打ちまくる武井／遠藤。後ろから打っても、レシーブが堅い山下／緑川には決まらない。ラリーの中でチャンスをつくり、ネット前で仕留めるしかないと果敢に決めにいく。互いに手の内を知る同士、長い長いラリーが続く中、山下／緑川が第1ゲームを22-20で先取した。

第1ゲームを奪われた武井／遠藤が、気落ちすることはなかった。第2ゲームに入ってもスピードを落とすことなく、前へ前へと詰めていく。11-7とリードして折り返すと、連続得点で一気にリード。やや引き気味になった山下／緑川を攻めたて、21-13で第2ゲームを奪い返した。ファイナルゲームも試合序盤から変わることなく、武井／遠藤は攻め続けた。折り返しは11-6で武井／遠藤がリード。しかし、鉄壁のレシーブに加えて攻撃力もある山下／緑川。山下がスマッシュ、緑川が決める形も出て、終盤まで点の取り合いが続いた。武井／遠藤のロブがアウトとなり、20-18で山下／緑川がマッチポイント。最後は武井／遠藤のネットミスで、山下／緑川が勝利。武井／遠藤のミス2本でゲームオーバーとなったが、それぞれの持ち味を存分に発揮した66分間だった。
熊谷翔（右）／西大輝（BIPROGY）
山下／緑川の準決勝の相手は、昨年と同じ熊谷翔／西大輝（BIPROGY）。昨年と同じく、柴田一樹／山田尚輝（NTT東日本）を倒して勝ち上がった若手ペアだ。第1ゲームはリベンジに燃える柴田／山田が、序盤からスピード感あふれるプレーを披露。柴田＝後ろ、山田＝前という得意の形にこだわらず、山田が後ろで打ち続け、柴田が打ち込みながら前に出て仕留める姿も見られた。守る場面では、大きく振るロングレシーブと、勝負にいくドライブレシーブを使い分けて攻撃へ。攻守に成長の跡を見せた柴田／山田が、21-13で第1ゲームを先取した。

第2ゲームに入っても、後衛を得意とする柴田が前で勝負するなど、流れは柴田／山田にあった。しかし、熊谷／西の角度あるショットが決まりはじめる。柴田／山田に下から取らせれば、スピードと角度のある連続攻撃を武器とする熊谷／西が勢いを増す。前に出ようとする柴田／山田に対してロブを放つなど、相手のよさを封じ込めた熊谷／西が、21-11で第2ゲームを奪い返した。

ファイナルゲームも熊谷／西が主導権を渡さず。角度あるショットからの連続攻撃が次々と決まる。柴田／山田はネット前で当てたり落としたりはするものの、ラケットを振ってたたき込めないのが痛かった。最後は西のヘアピンがネット前にスッと落ちてゲームオーバー。緩急をつけた見事なショットで、準決勝進出を決めた。
霜上雄一（左）／野村拓海（日立情報通信エンジニアリング）
この日の最終試合を制したのは、霜上雄一／野村拓海（日立情報通信エンジニアリング）。相澤桃李／佐野大輔（ジェイテクトStingers）との対決が始まったのは19時15分。どちらも男子ダブルスらしい攻撃主体のペアで、激しい打ち合いがくり広げられた。第1ゲームは21-19で相澤／佐野、第2ゲームは21-19で霜上／野村。まったく互角のスコアで突入したファイナルゲームは、第2ゲームを奪った勢いで霜上／野村がリードする展開。序盤と中盤に連続得点を重ね、17-11と6点差をつけた。

しかし、あきらめない相澤／佐野が5連続得点で差を詰め、ついに18-18で追いつく。そこで霜上／野村はリードを許さず、19-18の場面ではドライブ合戦から相手のミスを誘って20-18。最後はロングサービスから打ち込まれた相手のストレートスマッシュを、クロスにロングレシーブ。前に出ようとした相澤／佐野の逆を突く技ありのショットで、83分の激闘を終わらせた。霜上は混合ダブルスと2種目でベスト4。激闘を経ての体のケアが、勝負を分けるカギとなりそうだ。
前回大会に続きベスト4進出を決めた三橋（右）／岡村
霜上／野村と準決勝で対戦するのは、昨年と同じ三橋健也／岡村洋輝（BIPROGY）。売り出し中の若手、川邊悠陽／松川健大（日立情報通信エンジニアリング）の挑戦を、21-16、21-15で退けた。男子ダブルスのベスト4は昨年と同じ顔ぶれ。さらに、対戦カードも同じとなった。昨年、決勝に進んだのは、山下／緑川と霜上／野村。今年はどんな結果になるだろうか。

▼準々決勝（12月28日）
山下恭平／緑川大輝（NTT東日本）②〔22-20、13-21、21-18〕1●武井優太／遠藤彩斗（NTT東日本）
熊谷翔／西大輝（BIPROGY）②〔13-21、21-11、21-12〕1●柴田一樹／山田尚輝（NTT東日本）
三橋健也／岡村洋輝（BIPROGY）②〔21-16、21-15〕0●川邊悠陽／松川健大（日立情報通信エンジニアリング）
霜上雄一／野村拓海（日立情報通信エンジニアリング）②〔19-21、21-19、21-18〕1●相澤桃李／佐野大輔（ジェイテクトStingers）

▼準決勝（12月29日）
山下恭平／緑川大輝（NTT東日本）　—　熊谷翔／西大輝（BIPROGY）
三橋健也／岡村洋輝（BIPROGY）　—　霜上雄一／野村拓海（日立情報通信エンジニアリング）
取材・文／バドミントン・マガジン編集部  写真／井出秀人",[],[]
【バドミントン】熊谷翔＆西大輝は準決勝進出！　「少しダメなときも立て直せるようになってきている」（熊谷）「今大会は優勝しかねらっていません」（西）＜全日本総合2025＞（バド×スピ！／バドミントン・マガジン）,https://news.yahoo.co.jp/articles/229b6eb6efe28fbdadfe95c31c2cb6fe193bbf9e,https://newsatcl-pctr.c.yimg.jp/t/amd-img/20251228-00010059-badspi-000-1-view.jpg?exp=10800,2025-12-28T23:00:54+09:00,2025-12-28T23:00:54+09:00,バド×スピ！／バドミントン・マガジン,badspi,バド×スピ！／バドミントン・マガジン,713,"熊谷翔（左）＆西大輝 （BIPROGY）
第79回全日本総合バドミントン選手権大会4日目の28日、男子ダブルス準々決勝で柴田一樹／山田尚輝（NTT東日本）に2-1で勝利した熊谷翔＆西大輝（BIPROGY）のコメントを紹介する。
【トーナメント表】全日本総合2025男子ダブルス
熊谷　第1ゲームは、相手が何をしてくるんだろうって様子をうかがってから、こっちが行動を取ってしまった。そこが後手に回る要因だったと思います。第2ゲーム以降は、自分たちが優位に立てる形を続けられるようにと意識してできたのが勝ちにつながりました。

（この1年間での成長は？）お互いにやりたいことがあるけど、ここは助け合わなきゃいけないところだよねとかを、本当に素直に打ち明けられているのが、着実に結果につながってきているのかな。少しダメなときでも立て直せるようにはなってきているので、そうしたこと（コミュニケーション）がいいのかなと思います。

西　自分たちはシャトルが飛ばない方のコートから入っていて、大きい展開をしすぎてしまったのが1ゲーム目。昨日同様に相手から前へのプレッシャーもあって、自分たちが迷ってしまったのがゲームを取られた要因です。ただ、第2ゲーム以降は自分たちの持ち味でもあるスピードで、相手よりプレッシャーをかけられたから、いい形でゲームを続けられたんじゃないかなと思います。

去年は山下／緑川ペアに負けて終わったので、明日リベンジするのはもちろん、今大会は優勝しかねらっていません。まずは明日、自分たちの出せる最大限のパフォーマンスを出して頑張りたいと思います。
取材／バドミントン・マガジン編集部、楊順行、平野貴也、吉井信行",[],[]
【バドミントン】シード勢が順当にベスト4入り！　古賀＆齋藤、緑川＆松山は準決勝で激突！＜全日本総合2025混合ダブルス＞（バド×スピ！／バドミントン・マガジン）,https://news.yahoo.co.jp/articles/9cd58a5cad2088c870b825d844533c230dc8ca35,https://newsatcl-pctr.c.yimg.jp/t/amd-img/20251228-00010058-badspi-000-1-view.jpg?exp=10800,2025-12-28T22:54:54+09:00,2025-12-28T22:54:54+09:00,バド×スピ！／バドミントン・マガジン,badspi,バド×スピ！／バドミントン・マガジン,2177,"緑川大輝（左）／松山奈未（NTT東日本／再春館製薬所）
日本の頂点をかけて争われる第79回全日本総合バドミントン選手権（東京都調布市・京王アリーナTOKYO）。大会4日目は各種目準々決勝が行なわれた。混合ダブルスのダイジェストを紹介する。
【トーナメント表】全日本総合2025混合ダブルス
【混合ダブルス】

新たなペアとしてスタートした緑川大輝／松山奈未（NTT東日本／再春館製薬所）が、2024年ランキングサーキット準優勝の実績がある下農走／大澤陽奈（金沢学院クラブ／ACT SAIKYO）に、ストレート勝ちを収めた。序盤は点を取り合う互角の展開。緑川がジャンピングスマッシュを打ち込むも、下農／大澤が大きく返して緑川を走らせ、松山をラリーに絡ませない。しかし、中盤から松山が仕留める形が増えはじめ、後半は緑川のフェイントカットも決まり、徐々に点差がついていった。最後は浅くなったサービスリターンを緑川がたたき込み、21-12で第1ゲームを奪った。

第2ゲームに入ると緑川の攻撃的ショットの威力が上がり、緑川と松山の連携による得点が増えていく。大澤も果敢にネット前で勝負して点を奪い、下農もフェイントカットで緑川／松山の足を止めたが、リードを奪われたまま追いつけない。サービス周りでも世界で戦ってきた緑川／松山が上回り、最後は変化をつけたサービスに大澤が対応できず。緑川／松山が、ベスト4一番乗りを果たした。
古賀輝（後ろ）／齋藤夏（ジェイテクトStingers／PLENTY GLOBAL LINX）
準決勝で緑川／松山と対戦するのは、第1シードの古賀輝／齋藤夏（ジェイテクトStingers／PLENTY GLOBAL LINX）。日本代表ペアの吉田翼／関野里真（日本体育大／ヨネックス）に、2−0で勝利した。今大会は混合ダブルスのみ出場の吉田／関野はコンディションもよく、前日の2回戦後には、「1年を通して一番いい試合だった」（関野）、「勝ちに向けて2人の方向が一緒になれた」（吉田）と充実ぶりを口にしていた。それでも終わってみれば、21-14、21-14。「ぼくだけ代表じゃないので、チャレンジャーの気持ちで」と話していた古賀だが、若き代表ペアの挑戦を退けた形になった。
渡辺勇大（後ろ）／田口真彩（J-POWER／ACT SAIKYO）
渡辺勇大／田口真彩（J-POWER／ACT SAIKYO）は、山澤直貴／曽根夏姫（コンサドーレ／北都銀行）にストレート勝利。序盤から渡辺が攻撃的ショットを打ち込み、田口が前で仕留める形が機能する。富岡中・高で渡辺の1学年後輩の山澤と、山澤と同学年の曽根は、時に声をかけながらローテーション。渡辺のショットに対応し、しっかりラリーで崩して点を奪う場面もあった。

ただ、田口が大きく崩れることはなかった。ネット前で素早く反応してチャンスをつくり、渡辺の緩急自在のショットへとつなげていく。長いラリーで山澤／曽根が前に置きにくれば、見逃さずたたき込む。第1ゲームは21-14で渡辺／田口が奪った。

第2ゲームも渡辺／田口が積極的に攻める。山澤／曽根はロングレシーブでコート奥をねらうが、バックアウトが多いのが痛かった。中盤まで8-11と迫るが、インターバル明けから渡辺／田口が4連続得点で勝負あり。田口がミスをして嫌な流れになりかけても、サービスまわりからすぐ取り返せるのが渡辺の強さ。最後は渡辺がセンタークリアーで山澤／曽根を崩し、渡辺がスマッシュ、田口がネット前で仕留める最高の形でゲームオーバーとなった。

渡辺／田口と対戦するのは、代表ペアの霜上雄一／保原彩夏（日立情報通信エンジニアリング／ヨネックス）。竹内宏気／川添麻依子（岐阜Bluvic）のねばりと巧みさに、22-20、24-22と苦戦するも、2−0で勝ちきった。霜上、保原ともに男女ダブルスとの2種目で準決勝進出。さらに厳しくなる戦いを前に、フィジカル面でのケアも勝負のポイントになりそうだ。
試合巧者の相手に苦しめられながらも勝利をつかんだ霜上（右）／保原。2種目でベスト4入り
▼準々決勝（12月28日）
古賀輝／齋藤夏（ジェイテクトStingers／PLENTY GLOBAL LINX）②〔21-14、21-14〕0●2吉田翼／関野里真（日本体育大／ヨネックス）
緑川大輝／松山奈未（NTT東日本／再春館製薬所）②〔21-14、21-12〕0●下農走／大澤陽奈（金沢学院クラブ／ACT SAIKYO）
渡辺勇大／田口真彩（J-POWER／ACT SAIKYO）②〔21−15、21−16〕0●山澤直貴／曽根夏姫（コンサドーレ／北都銀行）
霜上雄一／保原彩夏（日立情報通信エンジニアリング／ヨネックス）②〔22-20、24-22〕0●竹内宏気／川添麻依子（岐阜Bluvic）

▼準決勝（12月29日）
古賀輝／齋藤夏（ジェイテクトStingers／PLENTY GLOBAL LINX）　—　緑川大輝／松山奈未（NTT東日本／再春館製薬所）
渡辺勇大／田口真彩（J-POWER／ACT SAIKYO）　—　霜上雄一／保原彩夏（日立情報通信エンジニアリング／ヨネックス）
取材・文／バドミントン・マガジン編集部  写真／井出秀人",[],[]
【バドミントン】現日本代表など経験豊富なベテラン勢が準々決勝を突破！＜全日本総合2025女子ダブルス＞（バド×スピ！／バドミントン・マガジン）,https://news.yahoo.co.jp/articles/60249f56b0b7c32c48e1954a026780ea2aa3966d,https://newsatcl-pctr.c.yimg.jp/t/amd-img/20251228-00010057-badspi-000-1-view.jpg?exp=10800,2025-12-28T22:47:10+09:00,2025-12-28T22:47:10+09:00,バド×スピ！／バドミントン・マガジン,badspi,バド×スピ！／バドミントン・マガジン,1959,"福島由紀（奥）／松本麻佑（岐阜Bluvic／ほねごり相模原）
日本の頂点をかけて争われる第79回全日本総合バドミントン選手権（東京・京王アリーナTOKYO）。大会4日目は各種目準々決勝が行なわれた。女子ダブルスのダイジェストを紹介する。
【トーナメント表】全日本総合2025女子ダブルス
【女子ダブルス】

第1シードの福島由紀／松本麻佑（岐阜Bluvic／ほねごり相模原）が、若き日本代表ペア、鈴木陽向／山北奈緖（NTT東日本）の挑戦を退けた。ゲーム序盤は鈴木／山北にミスが目立ち、福島／松本がリード。しかし、「コンディションがあまりよくなくて、集中力もなかなか上がらなかった」（福島）という二人に、単純なミスが重なって同点、逆転。鈴木／山北が11-9とリードして折り返した。

そのまま終盤まで点を取り合う展開が続き、20-19でゲームポイントを握ったのは鈴木／山北。そこから松本のストレートスマッシュ2本、松本と福島による連続攻撃がセンターを割って22-20。福島／松本が第1ゲームを先取した。
廣田彩花（左）／櫻本絢子（岐阜Bluvic／ヨネックス）
第2ゲームは、福島／松本がリードする展開。相手スマッシュをロングレシーブで軽々と返して左右に振り、絶妙なタイミングでショートレシーブを入れる。攻撃場面ではつなぎのスマッシュと、決めにいく形をつくるスマッシュを的確に打ち分け、若いペアを崩していく。不利な展開になるショットを出した後のリカバリーも早く、長いラリーを確実に奪ってリードを広げた。最後までよく攻めた鈴木／山北だが、最後はロブがアウトになってゲームオーバー。試合後、多くの反省点を口にしていた鈴木／山北だが、まだ23歳と20歳。最後まで攻め続けた姿勢に、成長の期待をかけたい。

廣田彩花／櫻本絢子（岐阜Bluvic／ヨネックス）は、インカレ優勝の中出すみれ／田邉裕美（龍谷大）の挑戦を退けた。前に出ながら、後ろに下がりながら攻撃し続ける中出／田邉が、第1ゲームを22-20で先取。しかし、世界を舞台に戦ってきた廣田／櫻本は慌てることなく、21-12、21-17と逆転勝利。全日本社会人優勝ペアが、70分に及ぶ戦いを制した。準決勝の相手は福島／松本だったが、すでにケガによる棄権が発表されており、廣田／櫻本は決勝進出が決まった。
五十嵐有紗（前）／志田千陽（BIPROGY／再春館製薬所）
ペアとして初出場の五十嵐有紗／志田千陽（BIPROGY／再春館製薬所）は、大澤佳歩／田部真唯（山陰合同銀行）にストレート勝利。9月に結成したばかりとは思えない高速ローテーションで、大澤／田部を圧倒した。タッチの速さ、ショットの速さ、前に出る速さと、あらゆるスピードが速い五十嵐／志田。相手の体勢が崩れたところを逃さず、確実に仕留めていく。

五十嵐がハーフから押し込んでネット前に出てプッシュという、混合ダブルス的なプレーも見せるなど、終始、強さを見せつけた。大澤／田部はしのぎきれず、9本、8本。35分でゲームオーバーとなった。「女子ダブルスでは優勝したことがない」という五十嵐。悲願の初優勝に向けて、コンディションも良好のようだ。
保原／廣上は若手を14本オールでしっかり抑えベスト4入り
五十嵐／志田の準決勝の相手は、最後にベスト4入りを決めた保原彩夏／廣上瑠依（ヨネックス）。国際大会を転戦しながら力をつけてきた清瀬璃子／原菜那子（岐阜Bluvic）に、21-14、21-14で勝利した。保原は混合ダブルスで代表入りしており、今大会は女子で唯一、混合ダブルスと2種目でベスト4。保原とのペア結成のために再春館製薬所から移籍した廣上と、熱望する女子ダブルスでの代表入りをかけて戦う。


▼準々決勝（12月28日）
福島由紀／松本麻佑（岐阜Bluvic／ほねごり相模原）②〔22-20、21-13〕0●鈴木陽向／山北奈緖（NTT東日本）
廣田彩花／櫻本絢子（岐阜Bluvic／ヨネックス）②〔20-22、21-12、21-17〕1●中出すみれ／田邉裕美（龍谷大）
保原彩夏／廣上瑠依（ヨネックス）②〔21-14、21-14〕0●清瀬璃子／原菜那子（岐阜Bluvic）
五十嵐有紗／志田千陽（BIPROGY／再春館製薬所）②〔21-9、21-8〕0●大澤佳歩／田部真唯（山陰合同銀行）

▼準決勝（12月29日）
保原彩夏／廣上瑠依（ヨネックス）　—　五十嵐有紗／志田千陽（BIPROGY／再春館製薬所）
廣田彩花／櫻本絢子（岐阜Bluvic／ヨネックス）　○棄権●　福島由紀／松本麻佑（岐阜Bluvic／ほねごり相模原）
※福島／松本は棄権を発表
取材・文／バドミントン・マガジン編集部  写真／井出秀人",[],[]
【バドミントン】前回ファイナリストの田中湧士、武井凜生がベスト4進出！　奈良岡功大、西本拳太も準々決勝を制す！＜全日本総合2025男子シングルス＞（バド×スピ！／バドミントン・マガジン）,https://news.yahoo.co.jp/articles/2c451b64d85433b86d1327408e5342a2d97593d6,https://newsatcl-pctr.c.yimg.jp/t/amd-img/20251228-00010056-badspi-000-1-view.jpg?exp=10800,2025-12-28T22:39:37+09:00,2025-12-28T22:39:37+09:00,バド×スピ！／バドミントン・マガジン,badspi,バド×スピ！／バドミントン・マガジン,1287,"奈良岡功大（NTT東日本）
日本の頂点をかけて争われる第79回全日本総合バドミントン選手権（東京・京王アリーナTOKYO）。大会4日目は各種目準々決勝が行なわれた。男子シングルスのダイジェストを紹介する。
【トーナメント表】全日本総合2025男子シングルス
【男子シングルス】

ベスト4をかけた戦いで勝利をつかんだのは、奈良岡功大、田中湧士、武井凜生のNTT東日本3選手と、西本拳太（ジェイテクトStingers）。奈良岡は、昨季までチームメートだった古賀穂（AC長野パルセイロBC）と対戦。ねばる相手を14本、18本で退け、準決勝進出を決めた。
田中湧士（NTT東日本）
連覇に挑む田中は、同じ日本代表の沖本優大（BIPROGY）の挑戦を受ける。第1ゲームは沖本が11−7とリードしてインターバルに入ったが、その後、田中が9連続ポイントで逆転。16-11とした。しかし、沖本も負けじとねばり強いラリーを見せて17オールに。前半から激しい戦いとなったゲームは、田中が再び連続ポイントを奪い21−17で先取した。第2ゲームは田中がリードをつかみ、20-15で先にマッチポイントを握る。沖本も負けじと底力を発揮して19点まで迫ったが、追い上げはここまで。最後は田中が逃げ切って2−0で勝利。ベスト4進出を決めた。

西本はインカレ王者の宮下怜（明治大）を2−0で撃破。第1ゲーム前半は、初の準決勝進出をめざす宮下が積極的に仕掛け、西本からポイントを奪って13オール。しかし、ここから西本が本領を発揮する。怒涛の8連続得点で第1ゲームを制すと、第2ゲームは西本が主導権を握り、追走する宮下を振り切って21−12で勝利。順当にベスト4へと駒を進めた。
ベテランの西本拳太がベスト4に進出。2回目の総合制覇まであと2勝とした
前回大会で準優勝を飾った武井は、3回戦で日本代表の渡邉航貴（BIPROGY）を破って勝ち上がった増本康祐（ジェイテクトStingers）と激突。第1ゲームは増本が14本に抑えて先制するも、第2ゲームは武井が反撃。5連続得点などで差を広げて最終ゲームに持ち込むと、中盤11オールから武井が先に抜け出し、21−16で勝利を飾った。

準決勝は奈良岡と西本、田中と武井が決勝の切符を争う。
勢いのある相手を制した武井凜生。2年連続決勝進出なるか
▼準々決勝（12月28日）
奈良岡功大（NTT東日本）②〔21-14、21-18〕0●古賀穂（AC長野パルセイロBC）
西本拳太（ジェイテクトStingers）②〔21-14、21-12〕0●宮下怜（明治大）
田中湧士（NTT東日本）②〔21-17、21-19〕0●沖本優大（BIPROGY）
武井凜生（NTT東日本）②〔14-21、21-9、21-16〕1●増本康祐（ジェイテクトStingers）

▼準決勝（12月29日）
奈良岡功大（NTT東日本）　—　西本拳太（ジェイテクトStingers）
田中湧士（NTT東日本）　—　武井凜生（NTT東日本）
取材・文／バドミントン・マガジン編集部  写真／井出秀人",[],[]
【バドミントン】山口茜が後輩との勝負を制して準決勝へ！　水津愛美は郡司莉子をファイナル勝負の末に下す！＜全日本総合2025女子シングルス＞（バド×スピ！／バドミントン・マガジン）,https://news.yahoo.co.jp/articles/e4fb5b69b473d078fabd8b383a9a729c1b668547,https://newsatcl-pctr.c.yimg.jp/t/amd-img/20251228-00010055-badspi-000-1-view.jpg?exp=10800,2025-12-28T22:32:42+09:00,2025-12-28T22:32:42+09:00,バド×スピ！／バドミントン・マガジン,badspi,バド×スピ！／バドミントン・マガジン,1091,"山口茜（再春館製薬所）
日本の頂点をかけて争われる第79回全日本総合バドミントン選手権（東京・京王アリーナTOKYO）。大会4日目は各種目準々決勝が行なわれた。女子シングルスのダイジェストを紹介する。
【トーナメント表】全日本総合2025女子シングルス
【女子シングルス】

女子シングルスは、現日本代表6選手が準々決勝に進出。第1シードの山口茜（再春館製薬所）は、同じ再春館製薬所の後輩・明地陽菜と対戦する。明地は、「できるだけラリーに持ち込もう、相手より1本でも多く拾おうと思って入った」と先輩の山口にストローク戦を挑んだが、第1ゲームは山口が18−9と大量リード。明地もここから5連続ポイントなどで差を縮めたが、山口が21−19で先制する。第2ゲームは、中盤まで明地が14−11と先行したものの、後半は山口がペースを握って逆転。2−0のストレートで勝利をつかんだ山口が、ベスト4に進出した。
水津愛美（ACT SAIKYO）
再春館製薬所からは郡司莉子もベスト8に勝ち進み、準々決勝で水津愛美（ACT SAIKYO）と激突。日本代表への復帰をねらう水津は、第1ゲームを16本で先制して郡司にプレッシャーをかける。一方の郡司は、第2ゲームを12本で取り返して最終ゲームに持ち込んで見せたが、後半にペースをつかんだのは水津。大きい展開からメリハリの効いたラリーで16−5と一気にリードすると、そのまま21−8で押し切り、総合で初の準決勝進出を決めた。
連覇に向けて調子を上げてきた宮崎友花がベスト4入り
前回大会の女王・宮崎友花（ACT SAIKYO）は、経験豊富な古川佳奈（岐阜Bluvic）を13本、16本に抑えてベスト4入り。奥原希望（東京都協会）は、前回準優勝の仁平菜月を軽快なラリーで制し、準決勝の切符をつかんでいる。

▼準々決勝（12月28日）
山口茜（再春館製薬所）②〔21-19、21-19〕0●明地陽菜（再春館製薬所）
水津愛美（ACT SAIKYO）②〔21-16、12-21、21-8〕1●郡司莉子（再春館製薬所）
奥原希望（東京都協会）②〔21-10、21-16〕0●仁平菜月（ヨネックス）
宮崎友花（ACT SAIKYO）②〔21-13、21-16〕0●古川佳奈（岐阜Bluvic）
戦略的なラリーで試合を制した奥原希望。好調をキープし準決勝へ
▼準決勝（12月29日）
山口茜（再春館製薬所）　—　水津愛美（ACT SAIKYO）
奥原希望（東京都協会）　—　宮崎友花（ACT SAIKYO）
取材・文／バドミントン・マガジン編集部  写真／井出秀人",[],[]
【バドミントン】武井優太＆遠藤彩斗はベスト8。「あと一歩…二歩かもしれないですけど、足りなかった。でも、めげずに次に向かっていきたい」＜全日本総合2025＞（バド×スピ！／バドミントン・マガジン）,https://news.yahoo.co.jp/articles/9a6451cf66fe51f653b46a19f6cc76776e12b955,https://newsatcl-pctr.c.yimg.jp/t/amd-img/default.jpg?exp=10800,2025-12-28T22:26:39+09:00,2025-12-28T22:26:39+09:00,バド×スピ！／バドミントン・マガジン,badspi,バド×スピ！／バドミントン・マガジン,980,"第79回全日本総合バドミントン選手権大会4日目の28日、男子シングルス準々決勝で山下恭平／緑川大輝（NTT東日本）に1-2で敗れた武井優太＆遠藤彩斗（NTT東日本）のコメントを紹介する。

――好勝負だったが、惜敗

遠藤　悔しいです。練習では、ここまでの勝負はできていなかった。本番だから、相手も緊張感の中でやっていたので、このパフォーマンスだったかなとは思います。その中で、オレらは挑戦者の気持ちで、いいパフォーマンスでやれたかなとは思いますけど、あと一歩……二歩あるのかもしれないですけど、足りなかった。でも、めげずに、次に向かっていけたらと思います。

武井　相手が緊張して100パーセントの力は出せずに引いてくれていて、自分たちがいいプレーをできて、それでどうにかなるかなという思いがありました。でも、まだちょっと足りないんだなという感じです。

――ファイナルゲームの戦い方は

遠藤　相手に勝って折り返すなんていうことが、練習でもほぼなかった。その経験がなく、未知数なところがありました。相手が開き直って、前を潰してくるようになって、こっちが気持ちよく攻め続けられなくなって、どうするかだったかなと。リスクもある中で攻めてミスもあって負けてしまった。

――力を発揮できた試合で年内最後の試合を終えた。来季に向けて

遠藤　武井がケガをしていて、個人で練習する時間もあったので、個の力をもっと上げないといけないと思っています。特に、ロブは、もっと足腰をしっかりして打てれば安定すると思うので、自信をもてるような身体作りをしたいです。ペアとしては、自分たちは、まだチームの中でセカンド、サードのペア。日本ランキングサーキットや全日本社会人選手権を見据えて、来年は結果でチームメートを追い越して、リーグでも第1ダブルスの座を取れる位置にもっていきたいです。

武井　今回は、大会の2週間前くらいに右足をケガしてしまったし、ちょっとケガが多かったので、ケガをしない身体作りと、試合にコンディションをしっかり合わせることは目標の一つにしたいです。それ以外では、レシーブはできるようになって我慢のラリーができるようにはなってきているので、やっぱり攻撃力。サービス周りからの攻撃を磨きたいです。
取材／バドミントン・マガジン編集部、楊順行、平野貴也、吉井信行",[],[]
【バドミントン】山下恭平＆緑川大輝が準決勝進出！　「最後は気持ちで負けなかった」（山下）「自分たちのいいところが出せなかった試合」（緑川）＜全日本総合2025＞（バド×スピ！／バドミントン・マガジン）,https://news.yahoo.co.jp/articles/9af4cb7193cd6bea2badbc78002de08046f0956b,https://newsatcl-pctr.c.yimg.jp/t/amd-img/20251228-00010053-badspi-000-1-view.jpg?exp=10800,2025-12-28T22:20:36+09:00,2025-12-28T22:20:36+09:00,バド×スピ！／バドミントン・マガジン,badspi,バド×スピ！／バドミントン・マガジン,743,"山下恭平（左）＆緑川大輝 （NTT東日本）
第79回全日本総合バドミントン選手権大会4日目の28日、男子ダブルス準々決勝で武井優太／遠藤彩斗（NTT東日本）に2-1で勝利した山下恭平＆緑川大輝（NTT東日本）のコメントを紹介する。
【トーナメント表】全日本総合2025男子ダブルス
――準々決勝を振り返って

緑川　相手がすごくよかったというか、ガンガン詰めてこられて、自分たちは引いて引いてって感じで。本来のプレーというか、自分たちのいいところがまったく出てなかった試合かなと思います。

――あれほど攻め込まれた要因は？

緑川　相手は低空戦が得意なペアなので、速い展開にならないようにっていうところを考えてはいたんですけど、それ以上に相手の攻撃がすごくよかったです。それに、自分たちもだいぶ球を置きにいっていたし、点数を取りたくて逆に強い球打ってしまったり。ちょっと冷静さを欠いてたのかなと思います。

山下　自分はちょっと足が止まっていて、相手の出方を見すぎたかな。自分からっていうのがなかった試合でした。ちょっとレシーブで我慢できなかったのもあります。

――最後は勝ち切った

山下　気持ちで負けなかったことですかね。もう本当に最後は負けてもいいやって思うぐらい、6−11でリードされていたんですけど、そこで気持ちが吹っ切れて、思い切ってやってきたことをやるだけだと言い聞かせました。そこでスピード上げていったら、うまくハマっていきました。

――緑川選手は2種目で準決勝進出。2種目で優勝をめざしていく？

緑川　そうですね。でも、まずは内容っていうところをしっかりと組み立ててやっていきたいなと思ってます。
取材／バドミントン・マガジン編集部、楊順行、平野貴也、吉井信行",[],[]
【バドミントン】保原彩夏＆廣上瑠依が準々決勝突破！　「勝ちたい一心でこの試合に臨んだ。明日も勝ちにこだわってやりたい」（廣上）＜全日本総合2025＞（バド×スピ！／バドミントン・マガジン）,https://news.yahoo.co.jp/articles/97b0b5e1a95606cf93fbb60da584e1322d86c6a9,https://newsatcl-pctr.c.yimg.jp/t/amd-img/20251228-00010052-badspi-000-1-view.jpg?exp=10800,2025-12-28T22:16:13+09:00,2025-12-28T22:16:13+09:00,バド×スピ！／バドミントン・マガジン,badspi,バド×スピ！／バドミントン・マガジン,1094,"保原彩夏（左）＆廣上瑠依 （ヨネックス）
第79回全日本総合バドミントン選手権大会4日目の28日、女子ダブルス準々決勝で清瀬璃子／原菜那子（岐阜Bluvic）に2-0で勝利した保原彩夏＆廣上瑠依（ヨネックス）のコメントを紹介する。
【トーナメント表】全日本総合2025女子ダブルス
――試合を振り返って

保原　1試合を通して、廣上に助けてもらったなという試合でした。自分がやりたいプレーができなかっただけでなく、自分が前衛で決めきっていれば、廣上を疲れさせずに勝てたのかなと思います。ただ、やっぱり、この1勝をするかしないかで（日本代表選考の面で）大きく変わってくるという場面。今大会で一番緊張してしまって、なかなかラケットを振れなくなってしまいました。置きにいってしまうプレーが多くて、ラリーが長くなってしまったけど、廣上が最後まですごく我慢して打ってくれて、決めきってくれたので、大感謝です。

廣上　1試合1試合戦おうという気持ちで大会に入りましたけど、代表選考を兼ねているというのは、やっぱり頭の片隅にありました。今年の日本ランキングサーキットで優勝できず、代表に選んでもらえなかったのが、自分の中ではすごく悔しかった。半年、自費派遣で日本代表選手たちと一緒に国際大会に出場させてもらう中でも、ずっと悔しい気持ちがあったので、本当に勝ちたい一心でこの試合には臨みましたし、最後まで気持ちを出してプレーできたのは良かったと思います。

――明日に向けて

廣上　これまでは、途中で中西／岩永ペアに負けることが多かったし、そんな話を（五十嵐）有紗先輩とも話していた。今大会もかなと思っていたけど（中西／岩永が棄権して相手が変わった中で）、今回は勝ち進んで、やっと五十嵐／志田ペアと対戦できる。あっちもスピードが速いし、個々の力では全然及ばないと思うので、どれだけ二人で協力してプレーできるかが大事だと思う。しっかりと気持ちを高めて臨みたいです。

保原　まず、自分の力を出し切ることはもちろんですけど、やっぱり、総合は内容より結果が大事な大会。どんな点数でも諦めず、勝ちにこだわってやりたいです。いつも、先輩たちと対戦すると、力を出し切るという目標で終わってしまうけど、そうじゃなくて、結果、勝つということに、こだわってやりたいです。相手は、個々の能力が高い先輩だけど、ペアとしては組み始めたばかり。まだ連係で穴もあったりするかなと思うし、チャンスがないわけではないと思うので、二人で頑張っていければいいなと思います。
取材／バドミントン・マガジン編集部、楊順行、平野貴也、吉井信行",[],[]
【バドミントン】中出すみれ＆田邉裕美はベスト8。「去年はベスト16だったから、それは超えたいと話していて、超えられたのはよかったですけど、でも、ちょっと…後悔が残る結果になった」＜全日本総合2025＞（バド×スピ！／バドミントン・マガジン）,https://news.yahoo.co.jp/articles/ff9806c3dfd34c12c75fbb360ad08b80563400ae,https://newsatcl-pctr.c.yimg.jp/t/amd-img/default.jpg?exp=10800,2025-12-28T22:10:19+09:00,2025-12-28T22:10:19+09:00,バド×スピ！／バドミントン・マガジン,badspi,バド×スピ！／バドミントン・マガジン,485,"第79回全日本総合バドミントン選手権大会4日目の28日、女子シングルス準々決勝で廣田彩花／櫻本絢子（岐阜Bluvic／ヨネックス）に1-2で敗れた中出すみれ＆田邉裕美（龍谷大）のコメントを紹介する。

――試合を振り返って

田邉　最初から思いきり向かって攻めていこうと話をしていて、第1ゲームはそれがうまくできていたけど、第2ゲームで対応されたときに、自分たちが引く場面が少しずつ出てきた。最後までもっと強気でいけたらと思う部分がたくさんあります。

中出　強気なプレーをちょっとは出せたと思いますけど、やっぱり、後半は簡単なミスが出てしまった。もっとねばりを見せたかったです。

――ベスト8という結果について

田邉　去年はベスト16だったから、それは超えたいと話していて、超えられたのはよかったですけど、でも、もうちょっと……後悔が残る結果になったかなと思います。

中出　8割くらいは力を出せた気がするけど、やっぱり、先輩たちをどんどん倒していきたいなという気持ちはあるから、悔しいなと思います。
取材／バドミントン・マガジン編集部、楊順行、平野貴也、吉井信行",[],[]
【バドミントン】廣田彩花＆櫻本絢子が準決勝進出！　「第2ゲームから相手の球を見て球出しすることにフォーカスして、自分たちの形を取り戻せた」（廣田）＜全日本総合2025＞（バド×スピ！／バドミントン・マガジン）,https://news.yahoo.co.jp/articles/c158a7848ba28b588cd417fe18eb32d4acaae7dd,https://newsatcl-pctr.c.yimg.jp/t/amd-img/20251228-00010050-badspi-000-1-view.jpg?exp=10800,2025-12-28T22:06:11+09:00,2025-12-28T22:06:11+09:00,バド×スピ！／バドミントン・マガジン,badspi,バド×スピ！／バドミントン・マガジン,878,"廣田彩花（左）＆櫻本絢子（岐阜Bluvic／ヨネックス）
第79回全日本総合バドミントン選手権大会4日目の28日、女子ダブルス準々決勝で中出すみれ／田邉裕美（龍谷大）に2-1で勝利した廣田彩花＆櫻本絢子（岐阜Bluvic／ヨネックス）のコメントを紹介する。
【トーナメント表】全日本総合2025女子ダブルス
――試合を振り返って

廣田　出だしから硬さがなかなか取れなかった部分があったのですが、第2ゲームから相手の球をしっかり見て球出しをすることにフォーカスしていたら、それができてきたら自分たちの形を取り戻すことができた。第1ゲームを取られましたけど、第2ゲームで切り替えてできたのがよかったと思います。

櫻本　第1ゲームを取れたらよかったのですが、第2ゲームで切り替えて、相手の球筋をしっかり読んでいくことができた。第2ゲーム前半から廣田さんが相手の球を利用したり、かわしたりというのをしてくれて、自分が思い切ってできるプレーが増えたかなと思います。

――準々決勝は福島由紀／松本麻佑ペアとの対戦になる

廣田　ずっとライバルとして戦ってきた松本選手と、ずっと組んできた福島先輩とやれるということ自体を楽しみたいなというふうに思っています。二人で100パーセントの力を出し切れたら、いい試合になるんじゃないかなと思うので、まずは出し切ることを精いっぱいできたらと思っています。

櫻本　この組み合わせでやれるというのは、なかなかないと思いますし、味方にも敵にもフクヒロペアがいるというのは、なんか不思議な状況ではあるのですが（笑）、私もA代表のときに一緒に海外を回らせてもらって対戦させてもらった相手なので、やっぱりすごく楽しみです。久しぶりに世界のトップレベルの選手とやるので、そのレベルで自分がどれくらい通用するのか、二人でやってきたことがどれくらい通じるのか、そこがすごく楽しみです。

（※その後、福島／松本ペアは、両者とも足の痛みのため、準決勝を棄権することが発表された）
取材／バドミントン・マガジン編集部、楊順行、平野貴也、吉井信行",[],[]
【バドミントン】五十嵐有紗＆志田千陽は準決勝進出！　「出だしから自分たちのリズムが取れた」（五十嵐）「明日もう一回、危機感をもって臨みたい」（志田）＜全日本総合2025＞（バド×スピ！／バドミントン・マガジン）,https://news.yahoo.co.jp/articles/925f3e542af7a57aee7bc783a53c143c09c205b3,https://newsatcl-pctr.c.yimg.jp/t/amd-img/20251228-00010049-badspi-000-1-view.jpg?exp=10800,2025-12-28T22:00:57+09:00,2025-12-28T22:00:57+09:00,バド×スピ！／バドミントン・マガジン,badspi,バド×スピ！／バドミントン・マガジン,1129,"五十嵐有紗（右）＆志田千陽（BIPROGY／再春館製薬所）
第79回全日本総合バドミントン選手権大会4日目の28日、女子ダブルス準々決勝で大澤佳歩／田部真唯（山陰合同銀行）に2-0で勝利した五十嵐有紗＆志田千陽（BIPROGY／再春館製薬所）のコメントを紹介する。
【トーナメント表】全日本総合2025女子ダブルス
――試合を振り返って

五十嵐　今日は、いいテンポで点数が取れていたので、出だしから自分たちのリズムが取れたかなと思います。

志田　出だしから積極的にプレーをして、それを続けられたのでよかったと思います。

――攻撃がスムーズになっている印象だが？

五十嵐　今日は自分が前に入る形が多くつくれたと思いますし、互いの球の出し方が、コンビネーションで回りやすくできていたかなと思います。

志田　組み始めた頃は、パートナーが打つ球に対して（相手の返球を）張ろうという意識でやっていましたが、今は、二人で相手に対してどうするかを話してできているので、スムーズになってきている。そういう話をしながら明確になることで、いいプレーにつながっているところもあると思います。

――完ぺきな内容だったのでは？

五十嵐　一定のペースでいけた感じでしたけど、いつもそうはいかないと思うし、明日以降は変化があったり、自分たちのやりたいことができなくなったりすると思うので、そこでどうするかを二人でできればと思います。

――昨日は緊張したと話していたが？

五十嵐　今日もちょっと緊張しましたけど、出だしがいいとリズムがつかめて余裕が生まれてくるので、出だしからしっかりいこうと話してコートに入ったのが、うまくいきました。

――明日に向けて

五十嵐　今日の反省点を修正して、明日もまた作戦を立てて臨めるように頑張りたいと思います。（反省点は）飛ばない方からのロブがちょっと浅かったかなと思うので、そこは修正したいです。

志田　昨年、準決勝では本当に負けかけた試合を何とか勝てた。ここからは、本当に何が起きるか分からない。自分たちはペアとしては初めてですし、向かっていく立場ではありますけど、無名というわけでもなく、相手が向かってくるという部分もあるし、受けてしまったら飲まれてしまうと思う。その点では、今日はしっかり準備できた。明日以降も気持ちの部分を準備しつつ、自分たちらしいプレーができれば負けないと信じているので、頑張りたい。まだ苦しい場面が来ていないけど、絶対に出てくると思うので、どこかで苦しい場面がきたときの準備もしっかりしながら、明日はもう一回、危機感をもって臨みたいです。
取材／バドミントン・マガジン編集部、楊順行、平野貴也、吉井信行",[],[]
【バドミントン】鈴木陽向＆山北奈緖は準々決勝敗退。「エイトで終わってしまって悔しい気持ちです」（鈴木）（全日本総合2025）（バド×スピ！／バドミントン・マガジン）,https://news.yahoo.co.jp/articles/09ee9f4b7a0db7c416c1c1adbd832a9a1fe97e04,https://newsatcl-pctr.c.yimg.jp/t/amd-img/default.jpg?exp=10800,2025-12-28T21:56:51+09:00,2025-12-28T21:56:51+09:00,バド×スピ！／バドミントン・マガジン,badspi,バド×スピ！／バドミントン・マガジン,629,"第79回全日本総合バドミントン選手権大会4日目の28日、女子ダブルス準々決勝で福島由紀＆松本麻佑（岐阜Bluvic／ほねごり相模原）に0-2で敗れた鈴木陽向＆山北奈緖（NTT東日本）のコメントを紹介する。

――試合を振り返って

鈴木　自分たちの持ち味である、攻めの形で決まらない相手。簡単なミスも少ない。守り切る力は相手の方が全然ある。その中で我慢してプレーできたらよかったけど、第2ゲームは、連続失点が多かったかなと思います。

山北　自分たちの強みが通じないとき、何か徹底してできることがない。レシーブも中途半端になっちゃったり、決めにいくこともできず、中途半端になってしまった。それが最後まで続いて、展開を変えることができなかったのが、一番の敗因かなと思います。

――ベスト8という結果について

鈴木　来年からU24ができることが発表されてからは、やっぱり世界のトップで戦っている先輩たちに勝たないと代表には入れないと思っていたので、エイトで終わってしまって悔しい気持ちです。

山北　今回の大会は、一戦一戦が本当に勝負だった。昨日は一つの山場で勝つことができた。今日もすごく大事な勝負だったけど、やっぱり、まだまだ勝てない。1ゲーム目も取れそうで取れなかった。そういうことが、上の選手と対戦すると多い。やっぱり1ゲームでも取り切る力をもっとできるようになっていけたらと思います。
取材／バドミントン・マガジン編集部、楊順行、平野貴也、吉井信行",[],[]
【バドミントン】福島由紀＆松本麻佑は準決勝進出！　「コンディションが上がらない中でも、相手をよく見てコントロールできた」（福島）＜全日本総合2025＞（バド×スピ！／バドミントン・マガジン）,https://news.yahoo.co.jp/articles/c5cc3db293573cf51b39524a4a3507f381249275,https://newsatcl-pctr.c.yimg.jp/t/amd-img/20251228-00010047-badspi-000-1-view.jpg?exp=10800,2025-12-28T21:38:42+09:00,2025-12-28T21:38:42+09:00,バド×スピ！／バドミントン・マガジン,badspi,バド×スピ！／バドミントン・マガジン,519,"福島由紀（左）＆松本麻佑（岐阜Bluvic／ほねごり相模原）
第79回全日本総合バドミントン選手権大会4日目の28日、女子ダブルス準々決勝で鈴木陽向／山北奈緖（NTT東日本）に2-0で勝利した福島由紀＆松本麻佑（岐阜Bluvic／ほねごり相模原）のコメントを紹介する。
【トーナメント表】全日本総合2025女子ダブルス
福島　コンディションがあまりよくなく、集中力もなかなか上がらない中、第1ゲームはミスで追いつかれ、逆転されて。でもそこからなんとか取れた流れのまま、第2ゲームは相手もよく見え、しっかりコントロールできたと思います。コンディションが上がらない中でどう勝つか、がこの大会の目的なので、そこはよかったと思います。

松本　第2ゲームは相手が飛ぶコートで、奥へのミスが出てきたので、こっちがフルで打つのではなく、ミスを誘うようにしました。ただ、甘くならないように気をつけたのに、甘い球が出てしまったのは修正点です。コンディションが万全ではない中で、どういう展開なら点が取れるのか。第2ゲームは、無理せずしっかり我慢するところと攻めるところができていたと思います。
取材／バドミントン・マガジン編集部、楊順行、平野貴也、吉井信行",[],[]
【バドミントン】宮下怜はベスト8。「自分の攻めたいパターンをことごとく防がれてしまった」＜全日本総合2025＞（バド×スピ！／バドミントン・マガジン）,https://news.yahoo.co.jp/articles/2e8423c6386a3e2556dc83e1a0457ce616df6d90,https://newsatcl-pctr.c.yimg.jp/t/amd-img/default.jpg?exp=10800,2025-12-28T21:33:55+09:00,2025-12-28T21:33:55+09:00,バド×スピ！／バドミントン・マガジン,badspi,バド×スピ！／バドミントン・マガジン,314,"第79回全日本総合バドミントン選手権大会4日目の28日、男子シングルス準々決勝で西本拳太（ジェイテクトStingers）に0-2で敗れた宮下怜（明治大）のコメントを紹介する。

完敗です。第1ゲームの中盤までは競っていたんですけど、そこから一気に離されて、自分の攻めたいパターンをことごとく防がれてしまった。自分からミスしてしまいました。強い人とやれてうれしかったっていうのはあるけど、もったいない負け方だったなと。出しきれてはいないと思いますね。

来年は実業団に入るので、プレッシャーとかも違うと思うんですけど、楽しみながらやることを忘れないように頑張ります。
取材／バドミントン・マガジン編集部、楊順行、平野貴也、吉井信行",[],[]
【バドミントン】西本拳太は準決勝進出！　「明日の試合を楽しみにしてくださる皆さんに、いい試合を見せられたら」＜全日本総合2025＞（バド×スピ！／バドミントン・マガジン）,https://news.yahoo.co.jp/articles/7881d9f039843ca94cfeccdff320f01f26692998,https://newsatcl-pctr.c.yimg.jp/t/amd-img/20251228-00010045-badspi-000-1-view.jpg?exp=10800,2025-12-28T21:12:06+09:00,2025-12-28T21:12:06+09:00,バド×スピ！／バドミントン・マガジン,badspi,バド×スピ！／バドミントン・マガジン,609,"西本拳太（ジェイテクトStingers）
第79回全日本総合バドミントン選手権大会4日目の28日、男子シングルス準々決勝で宮下怜（明治大）に2-0で勝利した西本拳太（ジェイテクトStingers）のコメントを紹介する。
【トーナメント表】全日本総合2025男子シングルス
――試合を振り返って

相手は（小川）翔悟に勝ってきているので、警戒していました。第1ゲームに、僕が彼の球を見極めることができて、うまく捕まえられたのが大きかったかなと思います。第1ゲームはシャトルが少し飛ぶ方だったので、うまく後ろを使いながらやれたのもよかったと思います。

――この1年を振り返って

序盤は海外の大会でも安定した成績だったと思うのですが、夏前あたりはプレー面で迷いが出たりした。そうした時期も経て、11 月には熊本マスターズで決勝にいくことができて、そういう意味ではよかったと思います。崩れるときがあったとしても、その大会数をなるべく少なくしていければと思っています。

――準決勝は熊本マスターズの決勝で対戦した奈良岡選手と対戦する

皆さんがその試合を楽しみに来てくださると思うので、今日しっかり準備して、また見に来てよかったと思ってもらえるような試合ができればいいかなと思います。対応は試合の中で見つけていくしかないと思うので、気持ちも身体も準備します。
取材／バドミントン・マガジン編集部、楊順行、平野貴也、吉井信行",[],[]
【バドミントン】武井凜生は準決勝進出！　「第2ゲームから気持ちで引かずに、踏み込んでロブを出せた」＜全日本総合2025＞（バド×スピ！／バドミントン・マガジン）,https://news.yahoo.co.jp/articles/1da1d90fa229735ffb3a34879146cdef248660cf,https://newsatcl-pctr.c.yimg.jp/t/amd-img/20251228-00010044-badspi-000-1-view.jpg?exp=10800,2025-12-28T21:07:09+09:00,2025-12-28T21:07:09+09:00,バド×スピ！／バドミントン・マガジン,badspi,バド×スピ！／バドミントン・マガジン,574,"武井凜生 （NTT東日本）
第79回全日本総合バドミントン選手権大会4日目の28日、男子シングルス準々決勝で増本康祐（ジェイテクトStingers）に2-1で勝利した武井凜生（NTT東日本）のコメントを紹介する。
【トーナメント表】全日本総合2025男子シングルス
――試合を振り返って

昨日からどんな感じになるのかというのは想像していたんですけど、思っていた以上に相手が大きかったのと、スマッシュのキレが凄くて、第1ゲームはそこに対応できなかった。でも、第2ゲームからは気持ちで引かずに、踏み込んで高いロブを出せましたし、それに対して打ってきた球も取れたので、それが自信になっていきました。

――準決勝進出については

去年も決勝で（田中）湧士さんに負けていますし、また負けたら自分の中では（ドローの）場所がよかっただけとなってしまう。練習ではあまり勝てていませんけど、相手も本番は違うと思うし、気持ちの準備をして明日に臨みたいですね。

――勝機を見いだすとすればどこが大事になる

相手の方が絶対にプレッシャーを感じると思うんです。昨年は優勝していますし、向かってこられる立場の相手だし。こっちが引くことなく、プレッシャーをかけながら要所で攻めていくしかないと思っています。
取材／バドミントン・マガジン編集部、楊順行、平野貴也、吉井信行",[],[]
【バドミントン】沖本優大は準々決勝敗退。「前回と同じベスト8なので、成長できていない。もっと上まで行きたかった」＜全日本総合2025＞（バド×スピ！／バドミントン・マガジン）,https://news.yahoo.co.jp/articles/147ac3636b1d84803b499762fcb9a688a7b1586a,https://newsatcl-pctr.c.yimg.jp/t/amd-img/default.jpg?exp=10800,2025-12-28T21:00:58+09:00,2025-12-28T21:03:14+09:00,バド×スピ！／バドミントン・マガジン,badspi,バド×スピ！／バドミントン・マガジン,416,"第79回全日本総合バドミントン選手権大会4日目の28日、男子シングルス準々決勝で田中湧士（NTT東日本）に0-2で敗れた沖本優大（BIPROGY）のコメントを紹介する。

最後、持っているものを全部出し切ろうと思って、フルスピードでやった結果、ちょっと追い上げることができた。それを出す場面が、点数が離れてからになってしまったので、もっと早めに出して、相手にプレッシャーをかけることができていたら違ったかなと思います。

取るなら1ゲーム目だったかなと思います。飛ばない方だったので。第2ゲームは、田中さんから余裕を持って後ろに打たれてしまった。11-6くらいまではリードできていたけど、そこから自分のミスが出てしまった。

この大会は、自分が1年間やってきたことを発揮する大会。結果としては、前回と同じベスト8なので、成長できていない。もっと上まで行きたかったです。
取材／バドミントン・マガジン編集部、楊順行、平野貴也、吉井信行",[],[]
【バドミントン】田中湧士は準決勝進出！　「自分としてはここからが勝負。明日はこの1年経験してきたことを出したい」＜全日本総合2025＞（バド×スピ！／バドミントン・マガジン）,https://news.yahoo.co.jp/articles/251a9479cc093953b02105e9d3ef1937de58a4ec,https://newsatcl-pctr.c.yimg.jp/t/amd-img/20251228-00010042-badspi-000-1-view.jpg?exp=10800,2025-12-28T20:56:43+09:00,2025-12-28T20:56:43+09:00,バド×スピ！／バドミントン・マガジン,badspi,バド×スピ！／バドミントン・マガジン,371,"田中湧士 （NTT東日本）
第79回全日本総合バドミントン選手権大会4日目の28日、男子シングルス準々決勝で沖本優大（BIPROGY）に2-0で勝利した田中湧士（NTT東日本）のコメントを紹介する。
【トーナメント表】全日本総合2025男子シングルス
自分の中でうまくいかない中でも、やるべきことというか、ここは外せないなっていうところはしっかりやりながら、自分の方が強いぞという雰囲気を出せたのがよかったと思います。

自分としては、ここからが勝負だと思っているので、今までやってきたこととか、海外で経験してきたこととかを、明日からしっかり出していきたい。明日はスピードを今日の倍ぐらい出して、もっともっと自分が主導権を握るラリーを、多くできるように頑張ってきたいと思います。
取材／バドミントン・マガジン編集部、楊順行、平野貴也、吉井信行",[],[]
【バドミントン】古賀穂はベスト8。「去年ベスト16だったので、1歩前進っていうところが成果です」＜全日本総合2025＞（バド×スピ！／バドミントン・マガジン）,https://news.yahoo.co.jp/articles/9c51523d59c6feb6521d0ef00361727371e0847e,https://newsatcl-pctr.c.yimg.jp/t/amd-img/default.jpg?exp=10800,2025-12-28T20:52:19+09:00,2025-12-28T20:52:19+09:00,バド×スピ！／バドミントン・マガジン,badspi,バド×スピ！／バドミントン・マガジン,397,"第79回全日本総合バドミントン選手権大会4日目の28日、男子シングルス準々決勝で奈良岡功大（NTT東日本）に0-2で敗れた古賀穂（AC長野パルセイロBC）のコメントを紹介する。

相手はここまでファイナルゲームにもいったりしていて、ハートスケジュールの中で今回の大会に臨んでいると思う。その点では、準備ができた自分の方が余裕があったので、パフォーマンスもよかったと思いますけど、ちょっと実力の差が出たのかな。

（奈良岡選手は）勝負をかけたときの対応とか、そういうところの引き出しをすごく持っていて、武器がたくさんあるなというイメージ。その辺りで実力の差が出たとは思います。去年ベスト16だったので、1歩前進っていうところが成果ですし、ここでもう1つ上にいって、しっかり優勝もねらえるような実力をこれからつけていきたいと思います。
取材／バドミントン・マガジン編集部、楊順行、平野貴也、吉井信行",[],[]
【バドミントン】奈良岡功大は準決勝進出！　「昨日より早めにスピードを上げられた。明日も集中を欠かないようにしたい」＜全日本総合2025＞（バド×スピ！／バドミントン・マガジン）,https://news.yahoo.co.jp/articles/b830cedc617618b0c4ff039bf127d7295260410d,https://newsatcl-pctr.c.yimg.jp/t/amd-img/20251228-00010040-badspi-000-1-view.jpg?exp=10800,2025-12-28T20:45:15+09:00,2025-12-28T20:45:15+09:00,バド×スピ！／バドミントン・マガジン,badspi,バド×スピ！／バドミントン・マガジン,777,"奈良岡功大（NTT東日本）
第79回全日本総合バドミントン選手権大会4日目の28日、男子シングルス準々決勝で古賀穂（AC長野パルセイロBC）に2-0で勝利した奈良岡功大（NTT東日本）のコメントを紹介する。
【トーナメント表】全日本総合2025男子シングルス
――試合を振り返って

長くなるかなと思っていましたけど、そうでもなく終わることができた。第1ゲームの序盤は結構リードされていたけど、逆転することができて、第2ゲームはそのままいけてよかったと思います。1ゲーム目の方がシャトルが飛ぶ側でしたけど、そんなに気にせずにコントロールできたと思います。第2ゲームの20－17の1点のラリーはかなり激しかったと思いますけど、古賀さんもついてきていて、すごくいいラリーができたと思います。

――昨日も出だしは相手のペース

最初は動かなくて、慣れてきて…という感じ。今日、序盤は結構相手にリードされましたけど、昨日より早めに、イレブンの前にスピードを上げました。相手が（試合巧者の）古賀さん。点差が開いて相手に余裕が出てくると、いろいろな球を打たれてしまうと思ったので。

――試合全体のコントロールを考えてできるようになっている手応えは？

それは、あるかもしれないですね。ちょっときつかったり、僕が点数を取っていなかったりしても、相手を動かしておけば、あとで流れが来るかなとか。そこで僕が一気にペースを上げれば、相手は動けないし、こっちは動けるので決まるとか。スコアを見てヤバイとは思いますけど、それでもこうすればいいんだろうなと思いながらやっています。

――ベスト4進出

よかったです。明日、どちらがきても強敵だし、スマッシュも速いタイプ。集中力を欠かないようにしたいと思います。
取材／バドミントン・マガジン編集部、楊順行、平野貴也、吉井信行",[],[]
【バドミントン】仁平菜月はベスト8。「来年すぐに試合があるので、そこでまた頑張れたらなと思います」＜全日本総合2025＞（バド×スピ！／バドミントン・マガジン）,https://news.yahoo.co.jp/articles/16e72f94a9bf0cfd0a22924272bab2f70993d2d4,https://newsatcl-pctr.c.yimg.jp/t/amd-img/default.jpg?exp=10800,2025-12-28T17:25:57+09:00,2025-12-28T17:25:57+09:00,バド×スピ！／バドミントン・マガジン,badspi,バド×スピ！／バドミントン・マガジン,429,"第79回全日本総合バドミントン選手権大会4日目の28日、女子シングルス準々決勝で奥原希望（東京都バドミントン協会）に0-2で敗れた仁平菜月（ヨネックス）のコメントを紹介する。

最初から思い切って勝負にいけなかった。第1ゲーム、シャトルが飛ぶ方のコートというのを意識しすぎて、出だしから相手の球に合わせるラリーを増やしてしまい、リズムを掴めずに終わってしまった。

終盤、やっぱり勝負どころになったところで、最初からリズムをつかめていなかったことや、1ゲームを取られていることもあって、自分がリスクのあるプレーをしてしまった。返球でタイミングをずらされることもありましたし、自分の反応が遅くなったり、ラリーを嫌がってしまったりしたので、ああいう展開になってしまったかなと思います。

試合のことは反省するけど、これで終わりではないし、来年すぐに試合があるので、そこでまた頑張れたらなと思います。
取材／バドミントン・マガジン編集部、楊順行、平野貴也、吉井信行",[],[]
【バドミントン】奥原希望が準決勝進出！　「終始相手を上回って、いい試合ができたと思う」＜全日本総合2025＞（バド×スピ！／バドミントン・マガジン）,https://news.yahoo.co.jp/articles/ad50bbc88236df4c1ea33a0634ae691e706b7081,https://newsatcl-pctr.c.yimg.jp/t/amd-img/20251228-00010038-badspi-000-1-view.jpg?exp=10800,2025-12-28T17:22:18+09:00,2025-12-28T17:22:18+09:00,バド×スピ！／バドミントン・マガジン,badspi,バド×スピ！／バドミントン・マガジン,508,"奥原希望（東京都バドミントン協会）
第79回全日本総合バドミントン選手権大会4日目の28日、女子シングルス準々決勝で仁平菜月（ヨネックス）に2-0で勝利した奥原希望（東京都バドミントン協会）のコメントを紹介する。
【トーナメント表】全日本総合2025女子シングルス
（相手の仁平は）代表でいつも一緒に練習していた相手で、昨日よりはレベルが上がることを覚悟していました。私は世界で下位のトーナメントを回っていたので、上位を回っていた相手には向かっていくだけと、楽しみに試合に入りましたが、スピード、動き、終始相手を上回ることができ、いい試合ができたと思います。

3日目にしては、コンディションも悪くありません。明日の相手は宮崎選手。あまり見る機会はなかったですが、スピードがあってミスが少なく、上からのショットが切れるという印象です。彼女が、1年間世界のトップと対戦してどんな経験をしてきたのか、明日はシャトルを交えて学んでいきたいと思います。ただこの大会は、相手どうこうというより、自分にとって来年はどんな引き出しがあるのかを確認する位置づけですね。
取材／バドミントン・マガジン編集部、楊順行、平野貴也、吉井信行",[],[]
【バドミントン】宮崎友花が準決勝進出！　「相手のことも見えているし、動きはよくなっている」＜全日本総合2025＞（バド×スピ！／バドミントン・マガジン）,https://news.yahoo.co.jp/articles/5f02786b44ce0aa87a28b03bfabc011144bd192e,https://newsatcl-pctr.c.yimg.jp/t/amd-img/20251228-00010037-badspi-000-1-view.jpg?exp=10800,2025-12-28T17:15:54+09:00,2025-12-28T17:15:54+09:00,バド×スピ！／バドミントン・マガジン,badspi,バド×スピ！／バドミントン・マガジン,404,"宮崎友花（ACT SAIKYO）
第79回全日本総合バドミントン選手権大会4日目の28日、女子シングルス準々決勝で古川佳奈（岐阜Bluvic）に2-0で勝利した宮崎友花（ACT SAIKYO）のコメントを紹介する。
【トーナメント表】全日本総合2025女子シングルス
（自分の）スピードも上がっていって、自分の球が増えてきたり、相手のこともすごく見えてきたりしてるんで、動きはよくはなってると思います。今日はすごくたくさん動いてくる相手だったので、そこに対して自分が嫌がらないことだったり、逆に自分もたくさん動いて、ストロークをしっかりしていこうっていう考えでした。動きも今日は出だしからよかったかなと思います。

（ワールドツアーファイナルズの直後だが）あんまりケガはしないタイプなので、ケガなどはないんですけど、疲れは多少はあるかなと感じています。
取材／バドミントン・マガジン編集部、平野貴也、吉井信行",[],[]
【バドミントン】郡司莉子はベスト8。「自分が仕掛けてミスという失点がほとんど。それがすごくもったいなかった」＜全日本総合2025＞（バド×スピ！／バドミントン・マガジン）,https://news.yahoo.co.jp/articles/2007b72d2abf0bf491c404cfac7bd5004ee26d6f,https://newsatcl-pctr.c.yimg.jp/t/amd-img/default.jpg?exp=10800,2025-12-28T17:12:06+09:00,2025-12-28T17:12:06+09:00,バド×スピ！／バドミントン・マガジン,badspi,バド×スピ！／バドミントン・マガジン,432,"第79回全日本総合バドミントン選手権大会4日目の28日、女子シングルス準々決勝で水津愛美（ACT SAIKYO）に1-2で敗れた郡司莉子（再春館製薬所）のコメントを紹介する。

第2ゲームは相手が崩れてくれたところもあったのですが、第1ゲームもファイナルゲームも自分のミスが目立ってしまった。相手にやられての失点というよりは、自分が仕掛けてミスという失点がほとんど。それがすごくもったいなかったと思います。

全日本総合は日本の大会の中でも特別な舞台。緊張感もあり、プレッシャーもある中でプレーしなくてはいけないのは、海外の大会とはまた違う雰囲気があり、今日はそこに飲まれてしまった。メンタルの部分でもっと安定していかないと、プレッシャーのかかったときに勝ち切れなかったり、今日のようなもったいない試合になってしまう。技術面はもちろん、メンタルの部分でのふり幅が少なくなるように来年1年頑張りたいと思います。
取材／バドミントン・マガジン編集部、平野貴也、吉井信行",[],[]
【バドミントン】水津愛美がベスト4進出！　「一つ乗り越えられたので、去年の自分よりは成長している」＜全日本総合2025＞（バド×スピ！／バドミントン・マガジン）,https://news.yahoo.co.jp/articles/2ac3179dfa0c522afdeff7ae7e906a23b726bdf4,https://newsatcl-pctr.c.yimg.jp/t/amd-img/20251228-00010035-badspi-000-1-view.jpg?exp=10800,2025-12-28T17:08:07+09:00,2025-12-28T17:08:07+09:00,バド×スピ！／バドミントン・マガジン,badspi,バド×スピ！／バドミントン・マガジン,699,"水津愛美（ACT SAIKYO）
第79回全日本総合バドミントン選手権大会4日目の28日、女子シングルス準々決勝で郡司莉子（再春館製薬所）に2-1で勝利した水津愛美（ACT SAIKYO）コメントを紹介する。
【トーナメント表】全日本総合2025女子シングルス
――試合を振り返って

今日は、思ったよりシャトルが飛ばない印象。特に第1ゲームはやりやすいと思いました。第2ゲームは全然飛ばなくて、相手も一気にスピードを上げてきて、差し込まれる展開がすごく多くなってしまいました。第2ゲーム後半に、ものすごく高いロブを1回打ってみようと思って、そういうのを使い始めたら、焦っていた気持ちが落ち着いてきて、ファイナルゲームに少し余裕を持って臨めたかなと思います。

――初のベスト4

ベスト8に入れることはあったけど、そこを越えるかどうか。世界ランクも30番台で、そこから上の段階に行く難しさを感じています。ただ、今日の試合も難しくなるだろうと思っていたけど、一つ乗り越えられたので、去年の自分よりは成長している。明日の相手は、山口選手。まだ対戦したことがない。でも、オーストラリア・オープンでアン・セヨン選手と対戦したり、少しずつトップ選手に挑戦する機会は経験してきているので、思い切りぶつかっていきたいと思います。

――自分のプレーで見てほしいところは？

スピードタイプなので、そこ。あとは、気合いをしっかり入れてやるところが、持ち味じゃないかと。今日、山口選手の応援がすごく多い印象があったので、その中でも頑張りたいと思います（笑）。
取材／バドミントン・マガジン編集部、平野貴也、吉井信行",[],[]
【バドミントン】明地陽菜はベスト8。「緊張したというか、全然楽しめていなくて、パニックになってしまう部分が多かった」＜全日本総合2025＞（バド×スピ！／バドミントン・マガジン）,https://news.yahoo.co.jp/articles/13646a194b0ed1045abf2e7790fd79fc52500c44,https://newsatcl-pctr.c.yimg.jp/t/amd-img/default.jpg?exp=10800,2025-12-28T16:48:22+09:00,2025-12-28T16:48:22+09:00,バド×スピ！／バドミントン・マガジン,badspi,バド×スピ！／バドミントン・マガジン,525,"第79回全日本総合バドミントン選手権大会4日目の28日、女子シングルス準々決勝で山口茜（再春館製薬所）に0-2で敗れた明地陽菜（再春館製薬所）のコメントを紹介する。

2ゲームとも19点のわりには、あまりラリーがなく、単調な打ち合いになってしまいました。ここで1点欲しいというときに、やっぱり、山口選手は取って来る。自分は取りたいと思ったときに、サイドに割ってしまったり、ネットに引っ掛けてしまったり。そういうところが敗因かなと思います。

できるだけラリーに持ち込もう、相手より1本でも多く拾おうと思って入りましたけど、緊張したというか、全然楽しめていなくて、パニックになってしまう部分が多かった。あとは、できるだけネット前で勝負にいくとか、後ろへの入りを早くして、スマッシュを打ちにいこうと思っていましたけど、山口選手がどこでスピードを上げてくるのかが分からなくて、そういうときに後れを取ってしまいました。

山口選手と戦って「対戦できてよかった」で終わらせるのではなく、もっと自分がどうしたらいいか改善点を見直したいです。海外でもどんどん上の大会に出て勝てていけたらいいなと思っています。
取材／バドミントン・マガジン編集部、平野貴也、吉井信行",[],[]
【バドミントン】山口茜は準決勝進出！　「日本で試合を見てもらえる数少ないチャンス。楽しんでもらいたい気持ちが強い」＜全日本総合2025＞（バド×スピ！／バドミントン・マガジン）,https://news.yahoo.co.jp/articles/ae0154c7b558777adb244367345fd33353e342e5,https://newsatcl-pctr.c.yimg.jp/t/amd-img/20251228-00010033-badspi-000-1-view.jpg?exp=10800,2025-12-28T16:44:23+09:00,2025-12-28T16:44:23+09:00,バド×スピ！／バドミントン・マガジン,badspi,バド×スピ！／バドミントン・マガジン,823,"山口茜（再春館製薬所）
第79回全日本総合バドミントン選手権大会4日目、女子シングルス準々決勝で明地陽菜（再春館製薬所）に2-0で勝利した山口茜（再春館製薬所）のコメントを紹介する。
【トーナメント表】全日本総合2025女子シングルス
――試合を終えて

山口　昨日までよりは、リズムよく動けていたのかなと思います。1、2ゲームとも19点でしたけど、流れが少し違う中で、第2ゲームの最後でなんとか勝ち切れました。

――試合では初対戦。後輩の明地選手のプレーについては

山口　全体的な配球、特にネット前の打ち分け、相手のヤマを外すプレー、相手を崩すというところはすごくうまいと思います。

――会場の雰囲気は

山口　自分のイメージとしては、例年よりも観客が入ってくれているように思うので、すごくうれしいです。応援もありがたいですが、純粋にバドミントンのプレーを生で見るというのを楽しみに来てくださっている方が多いのかなと感じます。

――山口選手にとって全日本総合に出場する意味合いは

山口　今年は日本代表の選考基準が変わって、そのことについて聞かれることが多いので、自分なりにいろいろと考えてみたりしたのですが、純粋に日本で試合を見てもらえる数少ないチャンスで、自分はやっぱり楽しんでもらいたいという気持ちが強い。あとは総合では、年下の選手と対戦する機会も多い。同じ日本代表であっても、同じ国際大会に出場して、対戦するという機会は多くないですし、高校生や同じ土俵ではない選手とは、こういう機会でしか対戦できない。自分も学生の頃から全日本総合でトップ選手と対戦する機会を多く与えられてきた方ですし、そこで感じてきたこともたくさんある。そういった部分で、自分が出場することで、何か未来につながることがあれば、と思っています。もちろん、自分自身も、どんな対戦相手からも学ぶ気持ちでいます。
取材／バドミントン・マガジン編集部、平野貴也、吉井信行",[],[]
【バドミントン】竹内宏気＆川添麻依子はベスト8。「二人の実力をしっかり出して、ここまで勝ち上がってこれたのはよかった」（川添）＜全日本総合2025＞（バド×スピ！／バドミントン・マガジン）,https://news.yahoo.co.jp/articles/61abd593e7b2acb3574fce954dbbc5541513e83b,https://newsatcl-pctr.c.yimg.jp/t/amd-img/20251228-00010032-badspi-000-1-view.jpg?exp=10800,2025-12-28T16:38:53+09:00,2025-12-28T16:38:53+09:00,バド×スピ！／バドミントン・マガジン,badspi,バド×スピ！／バドミントン・マガジン,895,"竹内宏気（右）＆川添麻依子 （岐阜Bluvic）
日本一を争う「第79回全日本総合バドミントン選手権」大会4日目の28日、混合ダブルス準々決勝で霜上雄一／保原彩夏に0-2で敗れた竹内宏気＆川添麻依子（岐阜Bluvic）のコメントを紹介する。
【トーナメント表】全日本総合2025混合ダブルス
――試合を振り返って

竹内　もっと点数を抑えられて負けるかと思っていたけど、案外、1、2ゲームとも競り合いになった。その中で、最後の1、2点を取りきれず、少し悔いが残る。向こうの方が、実力が一枚も二枚も上手だったかなと思います。

川添　もっとボコボコにされると思ったけど、自分たちの形が、相手にはちょっとやりづらいところもあったのか、結構、点数を取れた。でも、最後に競ったところで、こっちがミスをして勝ち切れなかったのは、ちょっと悔しいです。

――混合ダブルスのセオリーとは逆で、男子が前衛、女子が後衛の形

竹内　男子が後ろ、女子が前というのが当たり前のスタイルですけど、セオリー通りにやっても……と。普段からミックスでペアを組んで練習しているわけでもないし、川添は（女子ダブルスでは後衛で）スマッシュをもっているし、どっちかというと、僕は（男子ダブルスでは）前衛。そのスタイルでやってみようとやってみたら、今回は意外とハマって、相手に取ってはやりづらさがあったのかなと思います。

川添　自分は、女子ダブルスのときみたいに、前でつくってもらった球を必死に打つ感じでやれたし、しっかりとついていけたから、いいプレーができたかなと思います。

――ベスト8という成績について

川添　予選からファイナルゲームを戦ったし、練習をしていない分、ずっとバタバタしていましたけど、二人の実力をしっかり出して、ここまで勝ち上がってこれたのはよかったかなと思います。

竹内　まさか、ミックスでここまで来れると思っていなかった。予選を勝てるかなぐらいだったので、勝ち上がって、試合をたくさんできたことも、川添の経験になったこともよかったと思います。
取材／バドミントン・マガジン編集部、平野貴也、吉井信行",[],[]
【全日本総合2025】霜上雄一＆保原彩夏は準決勝進出！　「やりづらい相手だったけど、なんとかカバーできた」（霜上雄一）「明日は自分のやれることを出し切れるように頑張る」（保原彩夏）＜4日目／選手コメント4＞（バド×スピ！／バドミントン・マガジン）,https://news.yahoo.co.jp/articles/a635856e1e9aa0a49abf9bded3264fbe421c41ac,https://newsatcl-pctr.c.yimg.jp/t/amd-img/20251228-00010031-badspi-000-1-view.jpg?exp=10800,2025-12-28T16:28:26+09:00,2025-12-28T16:28:26+09:00,バド×スピ！／バドミントン・マガジン,badspi,バド×スピ！／バドミントン・マガジン,615,"霜上雄一（右）＆保原彩夏（日立情報通信エンジニアリング／ヨネックス）
日本一を争う「第79回全日本総合バドミントン選手権」が、12月25日に東京・京王アリーナで開幕した。大会4日目の28日、混合ダブルス準々決勝で竹内宏気／川添麻依子（岐阜Bluvic）に2-0で勝利した霜上雄一＆保原彩夏（日立情報通信エンジニアリング／ヨネックス）のコメントを紹介する。
【トーナメント表】全日本総合2025混合ダブルス
霜上　今日の相手は、女子では珍しく後ろでも打てるタイプの選手で、男子選手も前への詰めが速くて、プレッシャーがありました。やりづらかったですし、保原もあまり調子がよくなかったけど、そこは僕がしっかりカバーできたのでよかったなと思います。（明日は渡辺／田口と対戦）僕は向かっていく気持ちで頑張ろうかなと思います。渡辺選手、強いんで。僕と同級生ですけど、めっちゃ強いんで、負けじと頑張っていこうと思います。

保原　ミックスっぽくない形の相手に対して、こっちもつきあってしまったというか……。女子選手が出てくると思って落としたら、男子選手が出てきてバンって決めきられたりとか。ちょっと違うって思った場面で自分が引いてしまって、1試合通して自分の役割が全然できてなかったなっていう感じでした。明日はまず、しっかり自分の役割を、やれることを出し切れるように頑張りたいと思います。
取材／バドミントン・マガジン編集部、平野貴也、吉井信行",[],[]
【バドミントン】渡辺勇大＆田口真彩は準決勝進出！　「田口がいいプレーをしてくれて、攻撃場面で点を取れた」（渡辺）「明日は初めての準決勝を楽しみたい」（田口）＜全日本総合2025＞（バド×スピ！／バドミントン・マガジン）,https://news.yahoo.co.jp/articles/056098f334becffaf5f0d65d65b7bec1a6bba892,https://newsatcl-pctr.c.yimg.jp/t/amd-img/20251228-00010030-badspi-000-1-view.jpg?exp=10800,2025-12-28T16:25:20+09:00,2025-12-28T16:25:20+09:00,バド×スピ！／バドミントン・マガジン,badspi,バド×スピ！／バドミントン・マガジン,901,"渡辺勇大（左）＆田口真彩（J-POWER／ACT SAIKYO）
日本一を争う「第79回全日本総合バドミントン選手権」が、12月25日に東京・京王アリーナで開幕した。大会4日目の28日、混合ダブルス準々決勝で山澤直貴／曽根夏姫（コンサドーレ／北都銀行）に2-0で勝利した渡辺勇大＆田口真彩（J-POWER／ACT SAIKYO）のコメントを紹介する。
【トーナメント表】全日本総合2025混合ダブルス
――試合を振り返って。

渡辺　終始、自分たちがアドバンテージを取りながらラリーを進められたと思うので、ストレスはあまりなく、田口もいいプレーをしてくれたので、攻撃場面でかなり点数が取れたかなと思います。

田口　自分たちがリードした展開だったので、自分の課題と勇大さんやスタッフに言われたことを意識しました。ミスをしてもいいからやってみようって言ってくれたので、そこを今日できたのがよかったと思います。

――田口選手の反応がよくなっているように感じたが

田口　相手がバック前に多く落としてきて、最初は勇大さんに任せていたんですけど、自分からいこうと意識を変えてみた。そこをプッシュにいけたのはよかったと思います。

――渡辺選手は田口選手の動きをどう見ていた？

渡辺　1回戦より2回戦、2回戦より3回戦と動きはよくなっていると思うし、課題も試合の中で克服しようという動きが見られるので、僕もそこに負けないようにトライを続けて、明日も頑張りたいなと思ってます。

――今日は会場のレイアウトが変わって雰囲気も変わったが

渡辺　観客が近いところにいるっていうのは、いいと思います。観客の人も増えて、やっぱり国内で盛り上がってほしいっていうのは、僕自身はずっと思い続けているところなので。バドミントンを休日の楽しみに見に来るっていう人を増やしたいですね。

田口　お客さんが近いのはわかっていたので、緊張はしたんですけど、去年よりはそんなにビビらずできたかなとは思います。でも、明日の準決勝は初めてなので、その初めてを楽しみたいと思います。
取材／バドミントン・マガジン編集部、平野貴也、吉井信行",[],[]
【全日本総合2025】吉田翼＆関野里真は準々決勝敗退。「環境に対応するのに時間がかかってしまいました」（吉田）＜全日本総合2025＞（バド×スピ！／バドミントン・マガジン）,https://news.yahoo.co.jp/articles/8cd21eae9f3f36f4301f048697da06bd01924d84,https://newsatcl-pctr.c.yimg.jp/t/amd-img/20251228-00010029-badspi-000-1-view.jpg?exp=10800,2025-12-28T16:22:06+09:00,2025-12-28T16:22:06+09:00,バド×スピ！／バドミントン・マガジン,badspi,バド×スピ！／バドミントン・マガジン,669,"吉田翼（左）＆関野里真（日本体育大／ヨネックス）
日本一を争う「第79回全日本総合バドミントン選手権」が、12月25日に東京・京王アリーナで開幕した。大会4日目の28日、混合ダブルス準々決勝で古賀輝／齋藤夏（ジェイテクトStingers／PLENTY GLOBAL LINX）に0-2で敗れた吉田翼＆関野里真（日本体育大／ヨネックス）のコメントを紹介する。
【トーナメント表】全日本総合2025混合ダブルス
――試合を振り返って

関野　昨日とは空調の感覚が違い、最初、飛ばない方のコートだったけど、互いにコントロールができていなかった。自分は、前衛で勝負できたら良かったかなと思うけど、それができずに、ハーフや奥に出す球で崩れてしまい、自分たちの（縦の）形ができなかった。

吉田　（2コート運用で観客席も近い）こういう会場、舞台の雰囲気は初めてだったし、相手のレベルも一段と上がって、環境に対応するのに時間がかかってしまいました。自分が古賀さんともっと勝負できればよかったし、そういう力があれば、もっと関野さんを生かせたし、全然違うゲームにできたと思うので、すごく悔しさが残ります。

――来季のU24ナショナルチームの対象年齢でもあるが、今後のペア継続は？

吉田　そこは、まだ分からないです。チーム間で話し合うと思うので。今回の結果がまったくダメだったら、可能性はなかったと思いますし。でも、もしU24で選んでもらえるのだとしたら、自分はやってみたいという気持ちがあります。
取材／バドミントン・マガジン編集部、平野貴也、吉井信行",[],[]
【バドミントン】古賀輝＆齋藤夏は準々決勝突破！　「雰囲気に飲まれたけど、夏に助けられた」（古賀）「明日は二人で楽しくプレーしたい」（齋藤）＜全日本総合2025＞（バド×スピ！／バドミントン・マガジン）,https://news.yahoo.co.jp/articles/b40f278c4e14dc4f56ccde4c3d0da23032d5a227,https://newsatcl-pctr.c.yimg.jp/t/amd-img/20251228-00010028-badspi-000-1-view.jpg?exp=10800,2025-12-28T16:09:32+09:00,2025-12-28T16:09:32+09:00,バド×スピ！／バドミントン・マガジン,badspi,バド×スピ！／バドミントン・マガジン,660,"古賀輝（左）＆齋藤夏（ジェイテクトStingers／PLENTY GLOBAL LINX）
日本一を争う「第79回全日本総合バドミントン選手権」が、12月25日に東京・京王アリーナで開幕した。大会4日目の28日、混合ダブルス準々決勝で吉田翼／関野里真（日本体育大／ヨネックス）に2-0で勝利した古賀輝＆齋藤夏（ジェイテクトStingers／PLENTY GLOBAL LINX）のコメントを紹介する。
【トーナメント表】全日本総合2025混合ダブルス
古賀　自分がちょっと緊張しちゃって、今日から変わった会場の雰囲気に飲まれちゃって。でも、途中で夏に助けられて、なんとか勝てました。相手はおそらく組んで1、2年のペア。熟練のペアではないので、まずは自分たちのプレーをやることを心がけました。明日は、（緑川／松山と）ペアとしての熟練度などの部分は一緒だと思う。自分の力を出せたら本当にどっちが勝つかわからない勝負だと思うので、その中でも勝てるようにしたいです。

齋藤　1ゲーム目も2ゲーム目も、前半は焦りすぎてしまった。でも、イレブンからは落ち着いて攻めと守りをはっきりできたのがよかったと思います。1、2ゲーム目ともに同じプレーというか、低い展開のプレーをイレブンまではしてしまっていました。そこから女子選手に対して上げたりとか、男子選手にさわらせないような配球などをちょっと考えながらやりました。明日は二人で思い切っていくのみ。二人で楽しくやりたいと思います。
取材／バドミントン・マガジン編集部、平野貴也、吉井信行",[],[]
【バドミントン】緑川大輝＆松山奈未は準決勝進出！　「昨日の反省を生かして、いいプレーができた」（松山）「ペアに合った配球を試行錯誤中」（緑川）＜全日本総合2025＞（バド×スピ！／バドミントン・マガジン）,https://news.yahoo.co.jp/articles/c4f0afa6b7cf8e26914028aa28ee2aab5a7a0167,https://newsatcl-pctr.c.yimg.jp/t/amd-img/20251228-00010027-badspi-000-1-view.jpg?exp=10800,2025-12-28T16:06:23+09:00,2025-12-28T16:06:23+09:00,バド×スピ！／バドミントン・マガジン,badspi,バド×スピ！／バドミントン・マガジン,822,"緑川大輝（左）＆松山奈未（NTT東日本／再春館製薬所）
日本一を争う「第79回全日本総合バドミントン選手権」が、12月25日に東京・京王アリーナで開幕した。大会4日目の28日、混合ダブルス準々決勝で下農走／大澤陽奈（金沢学院クラブ／ACT SAIKYO）に2-0で勝利した緑川大輝＆松山奈未（NTT東日本／再春館製薬所）のコメントを紹介する。
【トーナメント表】全日本総合2025混合ダブルス
－－ここまで3試合戦ってきて、特によくなってきた部分があれば

緑川　今日は自分もカバーしやすかったですし、決めにいきやすかったというか、つなぎやすかったので、そこは昨日よりは成長したんじゃないかなと思います

松山　本当に昨日がひどい試合だったので、成長するしか、昨日よりよくなるしかないっていう気持ちで挑みました。昨日の反省を生かしての試合だったので、いいプレーができたんじゃないかなと思います。

－－昨日よりも、よくなった感じがあった？

緑川　今日はもう（松山に）助けてもらいましたね。自分も迷いながらやってるので……。配球のところは探り探りなので、やっぱり打たれる部分は結構あったんですけど、（松山が）スマッシュとかも前衛で止めてくれて、すごい助けられました。

――松山選手は段々慣れてきた？

松山　いや、まだまだ相手によってスマッシュの角度とかコースも違いますし、練習はしていても試合でしか感じられない難しさがあるなと。よくも悪くもいろいろと吸収できてるかなと思います。

――緑川選手の迷いは、新ペアとしての配球とかの部分？

緑川　そうです。ペアが変わることによって、男子の配球も変わらなくちゃいけないと思ってますし、そのペアに合った配球というのは絶対にあると思う。そこは試行錯誤していかなくちゃいけないところだと思います。松山さんに合った配球を探し中かなという感じです。
取材／バドミントン・マガジン編集部、平野貴也、吉井信行",[],[]
【バドミントン】山城政人＆寺島拓夢は3回戦惜敗。「二人の持ち味が出せて、思っていたよりもいい試合ができた」＜全日本総合2025＞（バド×スピ！／バドミントン・マガジン）,https://news.yahoo.co.jp/articles/4c564f7beab2b2a516f11dec0a7cc85938843e34,https://newsatcl-pctr.c.yimg.jp/t/amd-img/20251228-00010026-badspi-000-1-view.jpg?exp=10800,2025-12-28T10:35:59+09:00,2025-12-28T10:35:59+09:00,バド×スピ！／バドミントン・マガジン,badspi,バド×スピ！／バドミントン・マガジン,638,"ファイナル23-25で敗れた山城政人（右）＆寺島拓夢　（ふたば未来学園高）
日本一を争う「第79回全日本総合バドミントン選手権」が、12月25日に東京・京王アリーナで開幕した。大会3日目の27日、男子ダブルス3回戦で相澤桃李／佐野大輔（ジェイテクトStingers）に1-2で敗れた山城政人＆寺島拓夢　（ふたば未来学園高）のコメントを紹介する。
【トーナメント表】全日本総合2025男子ダブルス
山城　思っていたよりもいい試合ができたのは、よかったと思います。さっきの試合も、（優勝した）全日本ジュニアのときと同じように、二人の持ち味が出たプレーが多かった。おそらくそこが相手にとってもプレッシャーがかかって、相手も引いて、どんどん点数が取れたのかなと思います。全日本総合に出たら自分たちが向かっていく立場ですが、高校の大会になると逆に向かってこられる立場になることが多い。そのときに今回のようなプレーができたらいいなと思います。

寺島　社会人選手相手に勝つことは難しいので、試合前はいい試合をしようということをずっと考えていました。いけるかもしれないと思った場面もあったんですけど、自分のミスとか多かったりして、相手も少しプレーが乗ってきてしまった。詰めが甘かったです。自分の前衛とか先輩の後衛とか、いろいろと決まっていい部分もあったので、そのまま継続して、高校生相手でも引かずに向かっていけるように頑張りたいです。
取材／バドミントン・マガジン編集部、平野貴也、吉井信行",[],[]
【バドミントン】熊谷翔＆西大輝は準々決勝進出！　「自分たちが落ち着いてプレーできるところを見いだせてきた」（熊谷）＜全日本総合2025＞（バド×スピ！／バドミントン・マガジン）,https://news.yahoo.co.jp/articles/6281ea06a31252ae517995e105e482b825a6f668,https://newsatcl-pctr.c.yimg.jp/t/amd-img/20251228-00010025-badspi-000-1-view.jpg?exp=10800,2025-12-28T10:30:21+09:00,2025-12-28T10:30:21+09:00,バド×スピ！／バドミントン・マガジン,badspi,バド×スピ！／バドミントン・マガジン,767,"熊谷翔（左）＆西大輝 （BIPROGY）
日本一を争う「第79回全日本総合バドミントン選手権」が、12月25日に東京・京王アリーナで開幕した。大会3日目の27日、男子ダブルス3回戦で野田悠斗／大田隼也（トナミ運輸）に2-0で勝利した熊谷翔（左）＆西大輝（BIPROGY）のコメントを紹介する。
【トーナメント表】全日本総合2025男子ダブルス
――試合を振り返って

熊谷　第1ゲームのイレブンくらいまで、相手はドライブでプレーをつくってきて、自分たちが後手になりながらドライブに付き合ってしまったのが、よくなかったと思います。イレブン以降は、付き合わないようにしたら、自分たちが優位に立てる状況を長く続けられたので、逆転できたし、第2ゲームも点差を離せてよかったのかなと思います。

――状況に応じた戦い方の使い分けができている

西　悪いときに、同じプレーではなく、こうしようという最低限のことは、話し合ってできるようになってきていると思います。

――大会全体での、現段階での手応えは？

熊谷　昨日、今日で出だしは、会場の感覚などでタイミングが合わないところも要所でありましたけど、そうなったときに「最悪、このプレーをしておけば簡単には負けない、自分たちが落ち着いて冷静にプレーできる」というところを見いだしてきています。これからも最悪の状況を想定してプレーできれば、優勝も近づいてくるのではないかと思っています。

――明日に向けて

西　どっちが勝ち上がってきても、自分たちのことをやり抜くだけ。相手が誰であろうと、自分たちのパフォーマンスができれば、それなりに戦えるんじゃないかなと思うので、まずはしっかりとケアをして、明日、いい状態で試合できるようにしたいです。
取材／バドミントン・マガジン編集部、平野貴也、吉井信行",[],[]
【バドミントン】山下恭平＆緑川大輝は準々決勝進出！　「前回優勝しているので、いいイメージでプレーできている」（山下）「挑戦者の気持ちでやった結果が連覇につながれば」（緑川）＜全日本総合2025＞（バド×スピ！／バドミントン・マガジン）,https://news.yahoo.co.jp/articles/0507e344132872a9b23742716a8264f3682806c1,https://newsatcl-pctr.c.yimg.jp/t/amd-img/20251228-00010024-badspi-000-1-view.jpg?exp=10800,2025-12-28T10:26:08+09:00,2025-12-28T10:26:08+09:00,バド×スピ！／バドミントン・マガジン,badspi,バド×スピ！／バドミントン・マガジン,545,"山下恭平（右）＆緑川大輝 （NTT東日本）
日本一を争う「第79回全日本総合バドミントン選手権」が、12月25日に東京・京王アリーナで開幕した。大会3日目の27日、男子ダブルス3回戦で鈴木利拓／滝口友士（豊田通商）に2-0で勝利した山下恭平＆緑川大輝（NTT東日本）のコメントを紹介する。
【トーナメント表】全日本総合2025男子ダブルス
山下　（今大会の初戦だったが）あまり緊張することもなく、出だしでリードできたので、すごく気持ち的にも楽にプレーできました。体育館などの相性っていうのは、自分の中でも前回優勝してるんでいいイメージがある。そこはすごいプラスに考えてやってます。（連覇については）最後に勝てていたら、その結果が優勝だったらいいなと思います。

緑川　前回の優勝は忘れて、もう1回挑戦者の気持ちでやっていけたらなというふうに思ってます。また、その挑戦者の気持ちでやった結果が、連覇になったらいいなと。（明日対戦する武井／遠藤は）一度、総合でも対戦したことがあって、そのときは自分たちが勝っています。だから、たぶん相手はすごい向かってくると思うので、それに負けないようなプレーをしつつ、しっかりと勝ち切りたいと思います。
取材／バドミントン・マガジン編集部、平野貴也、吉井信行",[],[]
【バドミントン】保原彩夏＆廣上瑠依は準々決勝進出！　「廣上の強い気持ちが自分を引っ張ってくれている」（保原）「大会前の練習期間で、保原さんへの信頼を深めていけた」（廣上）＜全日本総合2025＞（バド×スピ！／バドミントン・マガジン）,https://news.yahoo.co.jp/articles/5213986cc4667aebab82b200b902c6d4b496df5a,https://newsatcl-pctr.c.yimg.jp/t/amd-img/20251228-00010023-badspi-000-1-view.jpg?exp=10800,2025-12-28T10:22:46+09:00,2025-12-28T10:22:46+09:00,バド×スピ！／バドミントン・マガジン,badspi,バド×スピ！／バドミントン・マガジン,933,"保原彩夏（右）＆廣上瑠依（ヨネックス）
日本一を争う「第79回全日本総合バドミントン選手権」が、12月25日に東京・京王アリーナで開幕した。大会3日目の27日、女子ダブルス3回戦で今井優歩／齋藤夏（ほねごり相模原／PLENTY GLOBAL LINX）に2-0で勝利した保原彩夏＆廣上瑠依（ヨネックス）のコメントを紹介する。
【トーナメント表】全日本総合2025女子ダブルス
保原　今日は自分があまり出だしからいけなかったんですけど、廣上が攻めのときに後ろから前に詰めながら打ってくれたので、自分も落ち着くことができました。役割がはっきりして自分は入れるだけとか、前だけっていうのが意識できたので、無駄なミスも少なかったと思います。

正直、女子ダブルスは廣上と組めないなら、もうやらないと言って去年でやめてミックスに切り替えたので、最初は気持ちの面で難しかったです。でも、廣上が本気でオリンピックをめざしているんだなっていう気持ちがすごく伝わってきたし、そこに対して自分も頑張ろうと気持ちの部分で引っ張ってもらいました。ミックスをやりながらなので、自分が大変というより、廣上も練習ができなかったりと気持ちの面で迷惑をかけてしまう部分も多かった。それでも頑張りたいって言ってくれるので、それに応えようっていうふうに思えた1年だったと思います。

廣上　12月のオーストラリアでの試合を終えて、一旦、海外での試合が終わったので、チームに戻って二人で練習する期間がしっかり取れました。練習期間が取れたことで、二人の形にしっかり自信を持って試合に入れています。保原さんに対しての信頼をより深めてプレーできてるのかなと思います。

移籍してきて気持ちの面でもうまくいかない部分と同時に、今までにはないワクワクする気持ちだったりもすごく大きかったです。自分の気持ちをストレートに保原さんにぶつけても、受け止めてもらいつつ、保原さんの意見も言ってもらうなど、ぶつかり合いながらできていました。移籍してよかったなと思っています。パートナーがいないとできない種目なので、そこに対しての感謝は常に持ってプレーするようにしてます。
取材／バドミントン・マガジン編集部、平野貴也、吉井信行",[],[]
【バドミントン】大竹望月＆髙橋美優は3回戦敗退。「ミスをしてはいけない場面で我慢しきれずにミスが多くなった」（大竹）＜全日本総合2025＞（バド×スピ！／バドミントン・マガジン）,https://news.yahoo.co.jp/articles/61d915f99b3d9c0d949f2aa44b1a4e870187a407,https://newsatcl-pctr.c.yimg.jp/t/amd-img/default.jpg?exp=10800,2025-12-28T10:19:26+09:00,2025-12-28T10:19:26+09:00,バド×スピ！／バドミントン・マガジン,badspi,バド×スピ！／バドミントン・マガジン,1047,"日本一を争う「第79回全日本総合バドミントン選手権」が、12月25日に東京・京王アリーナで開幕した。大会3日目の27日、女子ダブルス3回戦で中出すみれ／田邉裕美（龍谷大）に1-2で敗れた大竹望月＆髙橋美優（BIPROGY）のコメントを紹介する。

――試合を振り返って

大竹　1ゲーム目は頑張ったし、美優もすごく我慢してくれた。でも、2ゲーム目の後半になるにつれて、やっぱり自分の足が全然動かなくなってしまって、スピードが落ちた。そこでのミスが、大事な場面での点差になってしまった。ファイナルゲームも、イレブンは先に取っていたけど、後半の方がシャトルが飛ぶ中、ミスをしてはいけない場面で我慢しきれずにミスが多くなったのが敗因かなと思います。

髙橋　今、できることはやったかなと思います。

――大竹選手は負傷を抱えた状態での出場だったが、二人で久々に戦った大会を終えて、どんな気持ち？

大竹　自分はずっとケガで、この半年、まともに練習もできてないし、この大会も万全に練習を積めない状況の中でした。ずっと、美優は待ち続けてくれたり、一人での個々の練習をずっと頑張ってくれたりしていた。この試合の負けもそうですけど、もっと自分ができていたら、もっと自分が動けていたら、勝ちにつなげられたというのが、すごく悔しい気持ちです。

髙橋　1回戦のコートに立つかどうかも、1週間前くらいまでずっと迷っていて、でも、やっぱりやりたい、やりきろうみたいな感じで大会に入りました。多分（大竹は）相当、痛くなっていたと思うけど、最後まで頑張ってくれた。私も、もっと力があれば勝たせることができたと思うけど、後半は私も迷ってしまったり、点が欲しくなった場面で取り切ることができなかったりしたので、そこは自分の力のなさを感じました。

――来年に向けて

大竹　私は足（股関節痛）が回復していなくて、1月に手術をする予定です。なので、また長期間というか、どのくらいかは決まっていないですけど、バトミントンから離れてしまうと思います。ただ、今回の試合の負けの悔しさもあるし、この内容からでも学べることはあったかなと思っているので、それを、しっかりと次に生かせればと思います。

髙橋　私は、年明けもリーグ戦があるし、1月には（五十嵐）有紗さんと国際大会にも出ます。そういう試合も、自分自身のレベルアップにつながると思うので、練習を積んで頑張っていきたいです。
取材／バドミントン・マガジン編集部、平野貴也、吉井信行",[],[]
【バドミントン】五十嵐有紗＆志田千陽が準々決勝進出！　「勝ちたい思いが出すぎて、緊張した」（五十嵐）「しっかり準備して、やるべきことをやった結果、いい内容だった」（志田）＜全日本総合2025＞（バド×スピ！／バドミントン・マガジン）,https://news.yahoo.co.jp/articles/86e1fd0c4de7179f5a801d25d84ec6fe50cead84,https://newsatcl-pctr.c.yimg.jp/t/amd-img/20251228-00010021-badspi-000-1-view.jpg?exp=10800,2025-12-28T10:13:14+09:00,2025-12-28T10:13:14+09:00,バド×スピ！／バドミントン・マガジン,badspi,バド×スピ！／バドミントン・マガジン,1061,"五十嵐有紗（右）＆志田千陽（BIPROGY／再春館製薬所）
日本一を争う「第79回全日本総合バドミントン選手権」が、12月25日に東京・京王アリーナで開幕した。大会3日目の27日、女子ダブルス3回戦で新見桃芭／相磯美心（広島ガス）に2-0で勝利した五十嵐有紗＆志田千陽（BIPROGY／再春館製薬所）のコメントを紹介する。
【トーナメント表】全日本総合2025女子ダブルス
――昨日は緊張したと話していたが、今日は快勝。試合を振り返って

五十嵐　いつもは緊張しないタイプなんですけど、今日も出だしは緊張していて。でも、出だしから二人の形を多くつくれて余裕ももてましたし、出だしからよかったかなと思います。

志田　1ゲーム目はシャトルが飛ばない方でしたし、相手もレシーブがいいのでフルスマッシュを打っても決まらないだろうというのがあって、打ち分けを意識しながらプレーしました。

――緊張した要因は？

五十嵐　やっぱりすごく優勝したい気持ちが強くて。勝ちたい思いが出すぎたのかなと思います。緊張してたの感じたでしょ？

志田　「緊張して、サービスが浮いちゃう」とは言ってましたけど、それでも戦えるので気にならなくて、むしろ緊張はプラスだと思っていて。思いが強いのは同じなんだなとわかったし、その中でサービスが浮いても自分がカバーできるようにやれば、サービス場面も自信をもってやれると思っていました。なんといっても経験があるので、調子が戻ってくるだろうと思っていたら、最後はサービス場面で一人でどんどん決めてくれて。信じていました。

五十嵐　おかげで、ほぐれました（笑）。

――今日のよかったところは？

志田　今日の相手は熊本マスターズでタン／ティナー（マレーシア）とファイナルゲームを戦っていたりとか、S/Jリーグでの戦いぶりを見ても、若くて勢いのある、伸びてくる選手だと感じていた。自分たちも組んだばかりで、一回のまれてしまったら、危なくなるので、しっかり準備しました。自分たちがやるべきことをコートの中でやり通した結果、いい内容になりました。

――明日の準々決勝に向けて

五十嵐　一戦一戦ですが、明日また強い相手と対戦するので、また出だしから二人で話し合いながら、コートやシャトルなど環境にも対応しながら、勝てるように頑張っていきます。

志田　明日の相手は勢いのあるペアですし、のまれないようにして、自分たちの力を出し切れるように頑張りたいです。
取材／バドミントン・マガジン編集部、平野貴也、吉井信行",[],[]
【バドミントン】中西貴映＆岩永鈴が途中棄権。「今日の朝になって、（右肩の）痛みが増していった」＜全日本総合2025＞（バド×スピ！／バドミントン・マガジン）,https://news.yahoo.co.jp/articles/3bb96c9cb4dd29d5cd5363251f56074063a71a26,https://newsatcl-pctr.c.yimg.jp/t/amd-img/default.jpg?exp=10800,2025-12-28T09:25:09+09:00,2025-12-28T09:25:09+09:00,バド×スピ！／バドミントン・マガジン,badspi,バド×スピ！／バドミントン・マガジン,751,"日本一を争う「第79回全日本総合バドミントン選手権」が、12月25日に東京・京王アリーナで開幕した。大会2日目の27日、女子ダブルス3回戦で清瀬璃子／原菜那子（岐阜Bluvic）に対し、途中棄権で敗退した中西貴映＆岩永鈴（BIPROGY）のコメントを紹介する。

――途中棄権となったが、試合を終えて

中西　優勝したいという気持ちがこの1年ずっとありました。でも、コンディション的にベストでは入ってこられなくて、ワールドツアーファイナルズの時から、ちょっと難しい状態ではありましたけど、（総合に）出ないといけないという気持ちもあったし、最後まで戦いたかったんです。ただ、試合の中でも（岩永の肩の）痛みがすごく増している状態だったので、ダメだねという感じでした。

岩永　昨日、試合をやってみて、思ったよりも大丈夫そうだったのですが、今日の朝になって、やっぱり（右肩の）痛みが増していって、試合をやっていくうちに、だんだん、何もしなくてもズキズキと痛んできてしまいました。第1ゲームは大きい展開になってしまって、こっちも苦しくなったし、この展開でやっても肩が痛くなるだけだったので、第2ゲームは早めのタッチでラリーをすぐに切れるようにやったのがよかったかなと思います。ただ、そのまま続けて、試合に勝ったとしても、あと3試合勝たないと優勝できないですし、いつか棄権するぐらいなら、悪化し過ぎる前に（棄権の判断を）と思いました。全日本総合は、毎年、あまりよくなくて、ケガをしたり、棄権したり。今年は優勝したいと思っていましたけど、大会に入る前から状態を上げられませんでした。そこはしっかりと反省して、来年は年末にも調整していけるように頑張りたいです。
取材／バドミントン・マガジン編集部、平野貴也、吉井信行",[],[]
【バドミントン】「できることを一戦一戦やるだけ」（福島）「コンディションを踏まえた戦い方もできている」（松本）＜全日本総合2025＞（バド×スピ！／バドミントン・マガジン）,https://news.yahoo.co.jp/articles/0f08a2f3982070eb0201c28287d8f6585165efda,https://newsatcl-pctr.c.yimg.jp/t/amd-img/20251228-00010019-badspi-000-1-view.jpg?exp=10800,2025-12-28T09:21:20+09:00,2025-12-28T09:21:20+09:00,バド×スピ！／バドミントン・マガジン,badspi,バド×スピ！／バドミントン・マガジン,941,"福島由紀＆松本麻佑（岐阜Bluvic／ほねごり相模原）
日本一を争う「第79回全日本総合バドミントン選手権」が、12月25日に東京・京王アリーナで開幕した。大会3日目の27日、女子ダブルス3回戦で川添麻依子／宮﨑淳美（岐阜Bluvic）に2-0で勝利した福島由紀＆松本麻佑（岐阜Bluvic／ほねごり相模原）のコメントを紹介する。
【トーナメント表】全日本総合2025女子ダブルス
――試合を終えて

福島　昨日よりは集中して、体も少し動いたので、よかったかなと思います。

松本　今日は自分もしっかりラリーできましたし、集中力を上げて、決めるべきところをしっかり決められたので、よかったと思います。

――松本選手は混合ダブルス後の試合。疲れは？

松本　多少、いつもはミスらないようなところでミスしたりといったことは昨日も今日もありましたけど、しっかり修正していけたらと思います。

――明日の試合に向けて

福島　明日もしっかり準備をして、ケガをしないように終われればいいのかなと思います。

松本　相手も強くなっていくと思うので、気持ちを入れて戦いたいと思います。

――全日本総合というタイトルについては

福島　強いて言うなら、パートナーを変えても優勝できるというところを見せたいなという思いがある反面、体のコンディション的には不利というか、なかなか厳しいのかなという気持ちもあります。そこは高望みせず、できることを一戦一戦やるだけかなと。

――ペアを組んで1年戦ってみて

福島　ツアー優勝したり、ツアーファイナルズの決勝にいけるというのは、なかなか頑張ったと、正直、自分たちを褒めたいなと思います。形をつくっていく中で、お互いに難しいところはありましたが、それを話し合いながらやってきた結果なのかなと思います。

松本　勝ったり負けたりは当たり前の世界で、タイトルを取ることもあり、負けることももちろんありましたけど、1年を通したら、結構いい成績が出せたんじゃないかと思っています。試行錯誤しながら、コンディションを踏まえた戦い方というのも、考えながらできているので、毎回、次につながる試合にはなっています。
取材／バドミントン・マガジン編集部、平野貴也、吉井信行",[],[]
【バドミントン】第1シードの山下＆緑川が緒戦ストレート勝ち！　ほかの日本代表ペアも順当に準々決勝へ！＜全日本総合2025男子ダブルス＞（バド×スピ！／バドミントン・マガジン）,https://news.yahoo.co.jp/articles/853f3b12ac8ae601d486b623c834f7c10c8f0aaa,https://newsatcl-pctr.c.yimg.jp/t/amd-img/20251228-00010018-badspi-000-1-view.jpg?exp=10800,2025-12-28T09:17:27+09:00,2025-12-28T09:17:27+09:00,バド×スピ！／バドミントン・マガジン,badspi,バド×スピ！／バドミントン・マガジン,1971,"山下恭平（奥）／緑川大輝（NTT東日本）
日本の頂点をかけて争われる第79回全日本総合バドミントン選手権（東京・京王アリーナTOKYO）。大会3日目は各種目2、3回戦が行なわれた。男子ダブルス2回戦のダイジェストを紹介する。
【トーナメント表】全日本総合2025男子ダブルス
【男子ダブルス】

第1シードの山下恭平／緑川大輝（NTT東日本）は、今日の2回戦から登場。緑川は混合ダブルスで試合をこなしているが、山下は最初の試合。それでも昨年優勝していることもあり、特に緊張した様子もなく、持ち前の大きなショット、混合ダブルスで培った広いカバー力を発揮。鈴木利拓／滝口友士（豊田通商）に対して無理に打ち込むことはせず、ドロップ・カットを多用してミスを誘い、勝利を決めた。

準々決勝では、ファイナル勝負を制して勝ち上がった、同チームの武井優太／遠藤彩斗（NTT東日本）と対戦する。NTT東日本からは、柴田一樹／山田尚輝（NTT東日本）もベスト8入り。準決勝進出をかけて、熊谷翔／西大輝（BIPROGY）と激突する。熊谷／西は2回戦で、野田悠斗／大田隼也（トナミ運輸）にストレート勝ち。この結果、トナミ運輸勢は準々決勝を前に姿を消すこととなった。
三橋健也（右）／岡村洋輝（BIPROGY）
日本代表ペアに挑んだ高校生3ペアが、会場を沸かせた。

高校1年生の萩原駿希／松本眞優（埼玉栄高）は、1回戦は不戦勝。2回戦の相手は三橋健也（上写真・右）／岡村洋輝（BIPROGY）。埼玉栄高の先輩にある岡村を徹底的に外しながら、スピード勝負を挑んだ。終わってみれば、17本、14本のストレート負けだったが、代表ペアを圧倒するラリーも披露。高校1年生とは思えない完成度の高いプレーを見せた。

萩原／松本の2学年上の澤田修志／石井叶夢（埼玉栄高）は、1回戦で社会人ペアを2−0で倒し、2回戦で霜上雄一／野村拓海（日立情報通信エンジニアリング）と対戦。パワーと正確性をもって的確に攻めてくる代表ペアの前に、前日のような勢いは出せなかったが、こちらも完成度の高さを感じさせた。

この日の最後を飾ったのが、高校2年生と1年生のペア、山城政人／寺島拓夢（ふたば未来学園高）と、相澤桃李／佐野大輔（ジェイテクトStingers）の試合。高校生ペアは1回戦が不戦勝で、今大会初試合。第1ゲームは21-14で相澤／佐野が先取し、このままいくかと思われた。しかし、山城／寺島はひるむことなく、第2ゲームを21-15で奪い返す。パワーでは相澤／佐野が上回るが、山城／寺島は巧みにシャトルを散らし、相手を細かく走らせてラリーを奪う。

ファイナルゲームは終盤まで一進一退。日本代表として絶対に負けられない相澤／佐野が20-19でマッチポイントを握るも、山城／寺島が追いつき20-20。息詰まる攻防は23-23まで続き、サービスまわりでわずかに上回った相澤／佐野が、25-23で勝ちきった。試合時間は1時間超えの68分。激闘を終えた勝者と敗者に、会場から拍手が沸き起こった。

▼2回戦（12月27日）
山下恭平／緑川大輝（NTT東日本）②〔21-12、21-17〕0●鈴木利拓／滝口友士（豊田通商）
武井優太／遠藤彩斗（NTT東日本）②〔18-21、21-9、21-19〕1●小野寺雅之／谷岡大后（BIPROGY）
柴田一樹／山田尚輝（NTT東日本）②〔22-20、18-21、21-13〕1●小川航汰／永渕雄大（ジェイテクトStingers）
熊谷翔／西大輝（BIPROGY）②〔21-16、21-13〕0●野田悠斗／大田隼也（トナミ運輸）
三橋健也／岡村洋輝（BIPROGY）②〔21-17、21-14〕0●萩原駿希／松本眞優（埼玉栄高）
川邊悠陽／松川健大（日立情報通信エンジニアリング）②〔21-13、20-22、21-7〕1●松居圭一郎／玉手勝輝（日立情報通信エンジニアリング）
相澤桃李／佐野大輔（ジェイテクトStingers）②〔21-14、15-21、25-23〕1●山城政人／寺島拓夢（ふたば未来学園高）
霜上雄一／野村拓海（日立情報通信エンジニアリング）②〔21-13、21-13〕0●澤田修志／石井叶夢（埼玉栄高）

▼準々決勝の組み合わせ
山下恭平／緑川大輝（NTT東日本）　—　武井優太／遠藤彩斗（NTT東日本）
柴田一樹／山田尚輝（NTT東日本）　—　熊谷翔／西大輝（BIPROGY）
三橋健也／岡村洋輝（BIPROGY）　—　川邊悠陽／松川健大（日立情報通信エンジニアリング）
相澤桃李／佐野大輔（ジェイテクトStingers）　—　霜上雄一／野村拓海（日立情報通信エンジニアリング）
取材・文／バドミントン・マガジン編集部  写真／井出秀人",[],[]
【バドミントン】上位候補が順当に準々決勝へ！　郡司莉子はファイナル勝負を制してベスト8進出！＜全日本総合2025女子シングルス＞（バド×スピ！／バドミントン・マガジン）,https://news.yahoo.co.jp/articles/74bc270038c22451467166e95c85515b9ebd53c1,https://newsatcl-pctr.c.yimg.jp/t/amd-img/20251228-00010017-badspi-000-1-view.jpg?exp=10800,2025-12-28T09:09:36+09:00,2025-12-28T09:09:36+09:00,バド×スピ！／バドミントン・マガジン,badspi,バド×スピ！／バドミントン・マガジン,1298,"奥原希望（東京都バドミントン協会）
日本の頂点をかけて争われる第79回全日本総合バドミントン選手権（東京・京王アリーナTOKYO）。大会3日目は各種目2、3回戦が行なわれた。女子シングルス3回戦のダイジェストを紹介する。
【トーナメント表】全日本総合2025女子シングルス
【女子シングルス】

実力者が順当に勝ち上がっている女子シングルスは、3回戦も大きな番狂わせなく終わった。第1シードの山口茜（再春館製薬所）は、高校生の白川菜結（柳井商工高）に第1ゲームを奪われたものの、第2ゲーム以降は実力を発揮して10本、9本に抑えて逆転勝利。準々決勝では、3回戦で渡邉柚乃（倉敷中央高）との競り合いを制したチームの後輩である明地陽菜（再春館製薬所）と激突する。

前回女王の宮崎友花（ACT SAIKYO）は、齋藤栞（PLENTY GLOBAL LINX）を2−0で下しベスト8進出。岐阜Bluvicの小西春七と対戦した奥原希望（東京都協会）は、第1ゲームこそ相手に先行を許したものの、後半はショットの精度を上げながらラリーを制し22−20。第2ゲームに入ると、完全に主導権を握った奥原が7本に封じて勝利。2回戦に続き、2−0のストレート勝ちで準々決勝進出を決めている。
郡司莉子（再春館製薬所）
上位進出をめざす日本代表の郡司莉子（再春館製薬所）は、日本代表経験のある舛木さくら（北都銀行）と対戦。第1ゲームは、なかなかリズムをつかめない郡司に対し、ラリーの先手を奪った舛木が21−12で先取する。後がない状況の郡司だが、第2ゲーム以降はスピードを上げてペースを掌握。21−9で第2ゲームを取り返すと、最終ゲームも10本に抑えてベスト8入りを決めた。準々決勝は日本代表の復帰をねらう水津愛美（ACT SAIKYO）と対戦する。

▼3回戦（12月27日）
山口茜（再春館製薬所）②〔15-21、21-10、21-9〕1●白川菜結（柳井商工高）
明地陽菜（再春館製薬所）②〔21-19、21-18〕0●渡邉柚乃（倉敷中央高）
水津愛美（ACT SAIKYO）②〔21-18、21-8〕0●近藤七帆（広島ガス）
郡司莉子（再春館製薬所）②〔12-21、21-9、21-10〕1●舛木さくら（北都銀行）
仁平菜月（ヨネックス）②〔21-12、14-21、21-11〕1●木村百伽（ヨネックス）
奥原希望（東京都協会）②〔22-20、21-7〕0●小西春七（岐阜Bluvic）
古川佳奈（岐阜Bluvic）②〔15-21、21-19、21-19〕1●杉山薫（BIPROGY）
宮崎友花（ACT SAIKYO）②〔21-13、21-9〕0●齋藤栞（PLENTY GLOBAL LINX）

▼準々決勝の組み合わせ
山口茜（再春館製薬所）　—　明地陽菜（再春館製薬所）
水津愛美（ACT SAIKYO）　—　郡司莉子（再春館製薬所）
仁平菜月（ヨネックス）　—　奥原希望（東京都協会）
古川佳奈（岐阜Bluvic）　—　宮崎友花（ACT SAIKYO）
取材・文／バドミントン・マガジン編集部  写真／井出秀人",[],[]
【バドミントン】渡邉航貴が3回戦敗退！　「切り替えも難しく、ふわふわしたまま、よくないプレーが出てしまった」＜全日本総合2025＞（バド×スピ！／バドミントン・マガジン）,https://news.yahoo.co.jp/articles/99e139fc5a84f0d3e8569cebbbc495bea28486cb,https://newsatcl-pctr.c.yimg.jp/t/amd-img/default.jpg?exp=10800,2025-12-28T09:03:29+09:00,2025-12-28T09:03:29+09:00,バド×スピ！／バドミントン・マガジン,badspi,バド×スピ！／バドミントン・マガジン,490,"日本一を争う「第79回全日本総合バドミントン選手権」が、12月25日に東京・京王アリーナで開幕した。大会2日目の27日、男子シングルス3回戦で増本康祐（ジェイテクトStingers）に0-2で敗れた渡邉航貴（BIPROGY）のコメントを紹介する。

海外での大会を含め、今年は自分が成長できたのかどうかわからず、その結果がそのまま出たような試合だったかなと思います。練習をしても、なかなか調子がいいと思えず、試合でも消極的になったり、視野が狭くなってしまう。切り替えも難しく、ふわふわしたまま、よくないプレーが出てしまった。配球がうまくいかず、高く返さないといけないところで、低く出してしまったり、相手の動きやすいようなプレーをずっとしてしまったかなと思います。どこか自信がないのが出てしまったのかなと。

まずは自分のプレーをもう一度見直して、自分のプレーを言語化できるようにするのが大事だと思う。まずは、自分の中で、こういうときはこういうプレーをするというようなことを頭の中で思い描けるようにしていきたいと思っています。
取材／バドミントン・マガジン編集部、平野貴也、吉井信行",[],[]
【バドミントン】増本康祐がベスト8進出！　「最初から120パーセントを出して、プレッシャーをかけようと思っていた」＜全日本総合2025＞（バド×スピ！／バドミントン・マガジン）,https://news.yahoo.co.jp/articles/360f974f10dd705ea53ad06f227616e76bdf226f,https://newsatcl-pctr.c.yimg.jp/t/amd-img/20251228-00010015-badspi-000-1-view.jpg?exp=10800,2025-12-28T08:57:52+09:00,2025-12-28T08:57:52+09:00,バド×スピ！／バドミントン・マガジン,badspi,バド×スピ！／バドミントン・マガジン,491,"増本康祐（ジェイテクトStingers）
日本一を争う「第79回全日本総合バドミントン選手権」が、12月25日に東京・京王アリーナで開幕した。大会2日目の27日、男子シングルス3回戦で渡邉航貴（BIPROGY）に2-0で勝利した増本康祐（ジェイテクトStingers）のコメントを紹介する。
【トーナメント表】全日本総合2025男子シングルス
最初から120パーセントを出して、自分からスピードを上げてプレッシャーをかけようとは思っていました。長いラリーになることはわかっていたので、決め急がずに。第2ゲーム序盤で点数を離されてしまって、結構きついかなと思ったのですが、そこはしっかり我慢して。なんとかしっかり食らいついて、我慢できていたので、最後は気持ちで押し切ろうと思ってやれたのが、よかったのかなと思います。

総合での目標はベスト4。明日、とりあえずもう1回勝ちたい。明日は武井（凜生）選手か森口（航士朗）選手のどちらが来ても、長い試合になると思う。どちらにしても年下の選手ですが、向かっていくつもりで頑張りたいです。
取材／バドミントン・マガジン編集部、平野貴也、吉井信行",[],[]
【バドミントン】櫻本＆廣田が若手の挑戦を退けベスト8に進出！　福島＆松本、五十嵐＆志田らも3回戦を制す！＜全日本総合2025女子ダブルス＞（バド×スピ！／バドミントン・マガジン）,https://news.yahoo.co.jp/articles/0d5099972a763e3f808d9feca101ef55e7a2f63c,https://newsatcl-pctr.c.yimg.jp/t/amd-img/20251228-00010014-badspi-000-1-view.jpg?exp=10800,2025-12-28T08:52:18+09:00,2025-12-28T08:52:18+09:00,バド×スピ！／バドミントン・マガジン,badspi,バド×スピ！／バドミントン・マガジン,2075,"廣田彩花（前）／櫻本絢子（岐阜Bluvic／ヨネックス）
日本の頂点をかけて争われる第79回全日本総合バドミントン選手権（東京・京王アリーナTOKYO）。大会3日目は各種目2、3回戦が行なわれた。女子ダブルス3回戦のダイジェストを紹介する。
【トーナメント表】全日本総合2025女子ダブルス
【女子ダブルス】

第1シードの福島由紀／松本麻佑（岐阜Bluvic／ほねごり相模原）は、川添麻依子／宮﨑淳美（岐阜Bluvic）と対戦。松本は前日に続き、混合ダブルスで1時間超の試合をこなしており、疲労が心配された。ゲームが始まれば後ろからは無理に打たず、ドロップ・カットでチャンスをつくり、相手がネット前に置きにくれば、素早く詰めて仕留める。ネット前に入った時は丁寧にシャトルをさばき、福島の強打を引き出す。さすがのプレーを披露した。福島にとってはチームの後輩ペアとの対戦だが、やりづらいというより、苦手なところはわかっているという印象。14本、14本で勝利を収め、ベスト8進出を決めた。準々決勝では日本代表ペア、鈴木陽向／山北奈緖（NTT東日本）の挑戦を受ける。

全日本社会人からの継続ペア、廣田彩花／櫻本絢子（岐阜Bluvic／ヨネックス）の相手は、自分たちと同じ右左ペアで所属チームも異なる、若手の加藤佑奈／田口真彩（再春館製薬所／ACT SAIKYO）。廣田／櫻本は一人が仕掛けた後のパートナーのフォローが速く、スムーズにローテーションしていく。対する加藤／田口は、仕掛けたものの崩される場面が見られた。序盤から廣田／櫻本がリードを保ち、加藤／田口が終盤に追いつくもミスが重なり、21-19で廣田／櫻本。第2ゲームに入ると、廣田／櫻本は右左ペアの弱点でもある「真ん中」を徹底的にねらい、加藤／田口に気持ちよく打たせない。ショット力でも線の細い若手を上回り、最後は櫻本がクロススマッシュ、浅いリターンを廣田が打ち込みゲームオーバーとなった。
中出すみれ（左）／田邉裕美（龍谷大）
準々決勝で廣田／櫻本と対するのは、インカレ優勝ペアの中出すみれ／田邉裕美（龍谷大）。来春入社予定のBIPROGYのペア、大竹望月／髙橋美優に第1ゲームを奪われたが、ひるまず攻め続けて逆転勝利。前後にローテーションしながらも攻撃の形を保ち、先輩ペアをスピードとパワーで打ち抜いた。

第2シードの五十嵐有紗／志田千陽（BIPROGY／再春館製薬所）は、伸び盛りの新見桃芭／相磯美心（広島ガス）に2−0で勝利した。新見／相磯は二人を崩してセンターに決めるなどいい攻めもあったが、安定したレシーブとロングリターンなど、五十嵐／志田の安定感が上回った。最後は五十嵐が、元パートナーの渡辺勇大（J-POWER）ばりのジャンピングカットを決めて21-14。準々決勝では、2028年ロサンゼルス五輪への挑戦を公言して活動する、大澤佳歩／田部真唯（山陰合同銀行）と対戦する。

第3シードの中西貴映／岩永鈴（BIPROGY）は、第2ゲームを終えて1−1となったところで棄権。清瀬璃子／原菜那子（岐阜Bluvic）が勝ち上がり、準々決勝で保原彩夏／廣上瑠依（ヨネックス）と対戦。保原は混合ダブルスでも準々決勝進出。女子選手で唯一、2種目でベスト8入りを果たしている。

▼3回戦（12月27日）
福島由紀／松本麻佑（岐阜Bluvic／ほねごり相模原）②〔21-14、21-14〕0●川添麻依子／宮﨑淳美（岐阜Bluvic）
鈴木陽向／山北奈緖（NTT東日本）②〔21-9、21-16〕0●石川心菜／平本梨々菜（岐阜Bluvic）
中出すみれ／田邉裕美（龍谷大）②〔17-21、21-18、21-15〕1●大竹望月／髙橋美優（BIPROGY）
廣田彩花／櫻本絢子（岐阜Bluvic／ヨネックス）②〔21-19、21-14〕0●加藤佑奈／田口真彩（再春館製薬所／ACT SAIKYO）
清瀬璃子／原菜那子（岐阜Bluvic）◯〔21-19、13-21、棄権〕●中西貴映／岩永鈴（BIPROGY）
保原彩夏／廣上瑠依（ヨネックス）②〔21-14、21-9〕0●今井優歩／齋藤夏（ほねごり相模原／PLENTY GLOBAL LINX）
大澤佳歩／田部真唯（山陰合同銀行）②〔21-10、21-11〕0●矢﨑月子／播摩朋奈（ほねごり相模原）
五十嵐有紗／志田千陽（BIPROGY／再春館製薬所）②〔21-7、21-14〕0●新見桃芭／相磯美心（広島ガス）

▼準々決勝の組み合わせ
福島由紀／松本麻佑（岐阜Bluvic／ほねごり相模原）　—　鈴木陽向／山北奈緖（NTT東日本）
中出すみれ／田邉裕美（龍谷大）　—　廣田彩花／櫻本絢子（岐阜Bluvic／ヨネックス）
清瀬璃子／原菜那子（岐阜Bluvic）　—　保原彩夏／廣上瑠依（ヨネックス）
大澤佳歩／田部真唯（山陰合同銀行）　—　五十嵐有紗／志田千陽（BIPROGY／再春館製薬所）
取材・文／バドミントン・マガジン編集部  写真／井出秀人",[],[]
【バドミントン】宮下怜は準々決勝進出！　「総合の目標にしていた試合。2年前のリベンジができてよかった」＜全日本総合2025＞（バド×スピ！／バドミントン・マガジン）,https://news.yahoo.co.jp/articles/0ea40fc7231d13b981000476a2d8d98827f4e0d2,https://newsatcl-pctr.c.yimg.jp/t/amd-img/20251228-00010013-badspi-000-1-view.jpg?exp=10800,2025-12-28T08:41:03+09:00,2025-12-28T08:41:03+09:00,バド×スピ！／バドミントン・マガジン,badspi,バド×スピ！／バドミントン・マガジン,482,"宮下怜（明治大）
日本一を争う「第79回全日本総合バドミントン選手権」が、12月25日に東京・京王アリーナで開幕した。大会2日目の27日、男子シングルス3回戦で小川翔悟（ジェイテクトStingers）に2-0で勝利した宮下怜（明治大）のコメントを紹介する。
【トーナメント表】全日本総合2025男子シングルス
今大会は小川選手に勝つことを目標にしていて。2年前の準々決勝で小川選手にボコボコにされて、苦い思い出だったのですが、リベンジできてよかったです。小川選手のスマッシュはコースもよくて、キレもあるので、それをどれだけ返せるか。レシーブから組み立てて、相手に上げさせてから、自分がやりたい形をつくるというのがうまくできたかなと思います。

準々決勝は観客が近かったり、雰囲気もまた違ってくる。一度準々決勝を経験しているので、その経験を生かして、会場の風や相手のプレースタイルをしっかり見ながら、自分のベストを尽くせたら。今回の大会で日本代表に選んでもらえるような実力を示していけたらいいなと思っています。
取材／バドミントン・マガジン編集部、平野貴也、吉井信行",[],[]
【バドミントン】渡辺＆田口が1時間を超える熱戦を制して準々決勝へ！＜全日本総合2025混合ダブルス＞（バド×スピ！／バドミントン・マガジン）,https://news.yahoo.co.jp/articles/c3f5c5efea0ca5328cd312368b7143ce97a456fd,https://newsatcl-pctr.c.yimg.jp/t/amd-img/20251228-00010012-badspi-000-1-view.jpg?exp=10800,2025-12-28T08:37:46+09:00,2025-12-28T08:37:46+09:00,バド×スピ！／バドミントン・マガジン,badspi,バド×スピ！／バドミントン・マガジン,2430,"緑川大輝（奥）／松山奈未（NTT東日本／再春館製薬所）
日本の頂点をかけて争われる第79回全日本総合バドミントン選手権（東京・京王アリーナTOKYO）。大会3日目は各種目2、3回戦が行なわれた。混合ダブルス2回戦のダイジェストを紹介する。
【トーナメント表】全日本総合2025混合ダブルス
【混合ダブルス】

第1シードの古賀輝／齋藤夏（ジェイテクトStingers／PLENTY GLOBAL LINX）は、前日と同じく、朝一番の第1コートで大学生ペアと対戦。竹澤陽生／今泉明日香（日本体育大）の動きがよく、序盤は競り合う展開となった。練習不足だと明かす古賀／齋藤だが、各自のスキルは高い。中盤以降は一気に突き放し、21-11で第1ゲームを先取した。第2ゲームに入ると、古賀のフェイントショットが炸裂。大学生ペアは足が出ず、パートナーの齋藤に笑顔が出る一方、大学生ペアはラリーでもミスを重ねてしまった。最後は齋藤が後ろから打ったドロップを、ヘアピンで返そうとしたのがネットを越えず。試合時間27分で、古賀／齋藤がベスト8一番乗りを果たした。準々決勝の相手は、若き日本代表ペアの吉田翼／関野里真（日本体育大／ヨネックス）だ。

第2コートでは、こちらも組みはじめて間もない緑川大輝／松山奈未（NTT東日本／再春館製薬所）が、永渕雄大／今井優歩（ジェイテクトStingers／ほねごり相模原）と対戦。緑川と松山が重なったり、緑川が大きく走らされる場面もあったが、21-18で第1ゲームを先取した。永渕／今井はスピード感のある鋭い連続攻撃が機能。緑川／松山を崩して仕留めるラリーも光った。それでも、さすが、世界で戦ってきた緑川と松山。連係ミスもカバーしながら、21-16で勝ちきった。準々決勝では、ランキングサーキットで上位の実績がある、下農走／大澤陽奈（金沢学院クラブ／ACT SAIKYO）と対戦する。
渡辺勇大（左）／田口真彩（J-POWER／ACT SAIKYO）
渡辺勇大／田口真彩（J-POWER／ACT SAIKYO）と相澤桃李／松本麻佑（ジェイテクトStingers／ほねごり相模原）の対戦は、1時間を超えるファイナルゲームの末、渡辺／田口が勝利した。田口が前、渡辺が後ろの形になれば、渡辺が緩急自在のショットを放ち、確実にラリーを奪えるのが強み。長身ペアの相澤／松本の肩口をねらった強打も効果的だった。相澤／松本はなんとかしのぎ、要所で田口にシャトルを集めてミスを誘う。第1ゲームは最終盤で田口のミスが重なり、21-19で相澤／松本が奪った。

第2ゲームに入ると、相澤／松本にミスが目立ちはじめる。相手を崩してチャンスを作りながら、最後に決められない場面もあってリードを許す展開に。終盤には大きく振ったレシーブがアウトになるなど、明らかなミスが続いてしまった。第2ゲームは21-14で渡辺／田口。田口を後ろに釘付けにしようとする相澤／松本に対し、田口が後ろから打ち込みながら前に出ていく形が成功。スマッシュに対してはラケット面を合わせて、相手コートのあきスペースに送り込むレシーブが冴えていた。ファイナルゲームも渡辺／田口がリードを奪いながら進み、最後は松本のドロップがネットにかかって21-14。渡辺／田口が、昨年と同じベスト8まで進んだ。準々決勝の相手は、1時間を超える激闘を制した山澤直貴／曽根夏姫（コンサドーレ／北都銀行）だ。

初戦はファイナルでの勝ち上がりとなった霜上雄一／保原彩夏（日立情報通信エンジニアリング／ヨネックス）は、同じチーム同士のペア、井上誠也／須藤海妃（日立情報通信エンジニアリング／ヨネックス）にストレート勝ち。準々決勝では、同じく2−0で勝ち上がった竹内宏気／川添麻依子（岐阜Bluvic）と対戦する。

▼2回戦（12月27日）
古賀輝／齋藤夏（ジェイテクトStingers／PLENTY GLOBAL LINX）②〔21-11、21-8〕0●竹澤陽生／今泉明日香（日本体育大）
吉田翼／関野里真（日本体育大／ヨネックス）②〔21-14、21-11〕0●滝口友士／植村理央（豊田通商）
下農走／大澤陽奈（金沢学院クラブ／ACT SAIKYO）②〔21-11、21-13〕0●大関修平／志波寿奈（大同特殊鋼／広島ガス）
緑川大輝／松山奈未（NTT東日本／再春館製薬所）②〔21-18、21-16〕0●永渕雄大／今井優歩（ジェイテクトStingers／ほねごり相模原）
渡辺勇大／田口真彩（J-POWER／ACT SAIKYO）②〔19-21、21-14、21-13〕1●相澤桃李／松本麻佑（ジェイテクトStingers／ほねごり相模原）
山澤直貴／曽根夏姫（コンサドーレ／北都銀行）②〔17-21、21-18、21-19〕1●家壽多慶太／新見桃芭（大同特殊鋼／広島ガス）
竹内宏気／川添麻依子（岐阜Bluvic）②〔21-16、21-17〕0●中島巧／千葉美采（TrickyPandars／七十七銀行）
霜上雄一／保原彩夏（日立情報通信エンジニアリング／ヨネックス）②〔21-11、21-17〕0●井上誠也／須藤海妃（日立情報通信エンジニアリング／ヨネックス）

▼準々決勝の組み合わせ
古賀輝／齋藤夏（ジェイテクトStingers／PLENTY GLOBAL LINX）　—　吉田翼／関野里真（日本体育大／ヨネックス）
下農走／大澤陽奈（金沢学院クラブ／ACT SAIKYO）　—　緑川大輝／松山奈未（NTT東日本／再春館製薬所）
渡辺勇大／田口真彩（J-POWER／ACT SAIKYO）　—　山澤直貴／曽根夏姫（コンサドーレ／北都銀行）
竹内宏気／川添麻依子（岐阜Bluvic）　—　霜上雄一／保原彩夏（日立情報通信エンジニアリング／ヨネックス）
取材・文／バドミントン・マガジン編集部  写真／井出秀人",[],[]
【バドミントン】西本拳太がファイナル勝負を制してベスト8入り！渡邉航貴は増本康祐に敗れ3回戦で散る…＜全日本総合2025男子シングルス＞（バド×スピ！／バドミントン・マガジン）,https://news.yahoo.co.jp/articles/10992ea0f4ab706311fd5df20801c594b966f800,https://newsatcl-pctr.c.yimg.jp/t/amd-img/20251228-00010011-badspi-000-1-view.jpg?exp=10800,2025-12-28T08:27:07+09:00,2025-12-28T08:27:07+09:00,バド×スピ！／バドミントン・マガジン,badspi,バド×スピ！／バドミントン・マガジン,1548,"世界ランキング14位の西本拳太（ジェイテクトStingers）は、準々決勝進出
日本の頂点をかけて争われる第79回全日本総合バドミントン選手権（東京・京王アリーナTOKYO）。大会3日目は各種目2、3回戦が行なわれた。ここでは、男子シングルス3回戦のダイジェストを紹介する。
【トーナメント表】全日本総合2025男子シングルス
【男子シングルス】

精鋭たちがコートでしのぎを削った3回戦。男子シングルスの優勝候補の一角である西本拳太（ジェイテクトStingers）が、トナミ運輸の秦野陸と激突。第1ゲームは西本が先制したものの、第2ゲームは秦野が13本で制し、勝負の行方はファイナルゲームへ。西本がディフェンスからポイントを重ねて15−8とリードしたものの、負けられない秦野も意地を見せて、17−19と2点差まで迫る。しかし、秦野の反撃はここまで。西本が先にマッチポイントを奪うと、最後は21−18で勝利を決めて3回戦を突破した。

奈良岡功大（NTT東日本）は、同い年の野田統馬（日立情報通信エンジニアリング）との勝負に挑み、2−0のストレート勝ち。積極果敢に攻めてくる野田に対し、第1ゲームは奈良岡が12-17とリードを許す展開。「もう厳しいかなと思った」と振り返った奈良岡だが、ここから盛り返して21−18で逆転に成功。第2ゲームもスピードを上げる野田に苦戦した奈良岡だったが、21オールからの勝負所を制して辛勝。準々決勝進出を決めた。前回大会のファイナリストである田中湧士、武井凜生（ともにNTT東日本）も、アグレッシブに攻めてくる相手を振り切り準々決勝に進んでいる。
世界ランキング25位の渡邉を破った増本
番狂わせが起こったのは、第2シードに入った渡邉航貴（BIPROGY）と増本康祐（ジェイテクトStingers）の勝負。前半は高身長の増本の攻撃に対し、渡邉のミスが目立つ。増本が18-9とリードをつくると、後半も渡邉の追走を振り切って第1ゲームを奪取した。第2ゲームに入ると、渡邉が少しずつペースを取り戻したものの、チャンスをつかんだ増本もねばり強く応戦。スコアは拮抗しながら進み、終盤19オール。緊迫した場面を制したのは増本だ。20‐19で先にマッチポイントを握ると、最後はネット前の攻防から渡邉のミスを誘い、勝負あり。金星をつかんだ増本が、ベスト8入りを決めた。

▼3回戦（12月27日）
奈良岡功大（NTT東日本）②〔21-18、23-21〕0●野田統馬（日立情報通信エンジニアリング）
古賀穂（AC長野パルセイロBC）②〔21-12、21-16〕0●馬屋原光大郎（日本体育大）
宮下怜（明治大）②〔21-18、22-20〕0●小川翔悟（ジェイテクトStingers）
西本拳太（ジェイテクトStingers）②〔21-15、13-21、21-18〕1●秦野陸（トナミ運輸）
田中湧士（NTT東日本）②〔23-25、21-12、21-4〕1●藤原睦月（明治大）
沖本優大（BIPROGY）②〔21-12、21-10〕0●髙野日向（埼玉栄高）
武井凜生（NTT東日本）②〔21-17、23-21〕0●森口航士朗（BIPROGY）
増本康祐（ジェイテクトStingers）②〔21-16、21-19〕0●渡邉航貴（BIPROGY）

▼準々決勝の組み合わせ
奈良岡功大（NTT東日本）　—　古賀穂（AC長野パルセイロBC）
宮下怜（明治大）　—　西本拳太（ジェイテクトStingers）
田中湧士（NTT東日本）　—　沖本優大（BIPROGY）
武井凜生（NTT東日本）　—　増本康祐（ジェイテクトStingers）
取材・文／バドミントン・マガジン編集部  写真／井出秀人",[],[]
【バドミントン】武井凜生は3回戦突破！　「昨日の夜から準備して、最後自信をもって勝ち切ることができた。まずは明日に集中したい」＜全日本総合2025＞（バド×スピ！／バドミントン・マガジン）,https://news.yahoo.co.jp/articles/53722b298d1ea61773250e4bb2213ab8b5970ee4,https://newsatcl-pctr.c.yimg.jp/t/amd-img/20251228-00010010-badspi-000-1-view.jpg?exp=10800,2025-12-28T08:20:38+09:00,2025-12-28T08:20:38+09:00,バド×スピ！／バドミントン・マガジン,badspi,バド×スピ！／バドミントン・マガジン,581,"武井凜生（NTT東日本）
日本一を争う「第79回全日本総合バドミントン選手権」が、12月25日に東京・京王アリーナで開幕した。大会2日目の27日、男子シングルス3回戦で森口航士朗（BIPROGY）に2-0で勝利した武井凜生（NTT東日本）のコメントを紹介する。
【トーナメント表】全日本総合2025男子シングルス
今日の相手は全日本社会人で負けていて、ここで一度、気持ちを入れなきゃなというのは思っていました。昨日の夜から準備してきて、第2ゲームで15-10から追いつかれたときは、ちょっと自分でも引いてるな、勝ちを意識しているなっていうのは感じていたんですけど、なんとか最後、自信を持って勝ち切ることができたので、よかったかなとは思います。

（昨年の準優勝という結果について）少しプレッシャーに感じてましたけど、よく考えてみれば準優勝でしたし、（田中）湧士さんと1試合目で当たっていれば自分はベスト32だったと思う。別に誇れる成績でもないなというのは、ちょっと感じていました。優勝まで届かなかったからこそ、今年はもう優勝だけ見ていければいいかなと思います。決勝にいかないと去年より下の成績になってしまうのは確定なので、まずは明日一つ勝たないと、その先も見えてこない。まずは明日に集中したいと思ってます。
取材／バドミントン・マガジン編集部、平野貴也、吉井信行",[],[]
【バドミントン】奈良岡功大は準々決勝進出！　「相手のパフォーマンスがすごくよかったけど、第1ゲームを取れて気持ちが楽になった」＜全日本総合2025＞（バド×スピ！／バドミントン・マガジン）,https://news.yahoo.co.jp/articles/8ae11b5c54acd1da5c45a918168125a8ac6c6c15,https://newsatcl-pctr.c.yimg.jp/t/amd-img/20251228-00010009-badspi-000-1-view.jpg?exp=10800,2025-12-28T08:14:39+09:00,2025-12-28T08:14:39+09:00,バド×スピ！／バドミントン・マガジン,badspi,バド×スピ！／バドミントン・マガジン,978,"世界ランキング9位の奈良岡功大（NTT東日本）
日本一を争う「第79回全日本総合バドミントン選手権」が、12月25日に東京・京王アリーナで開幕した。大会3日目の27日、男子シングルス3回戦で野田統馬（日立情報通信エンジニアリング）に2-0で勝利した奈良岡功大（NTT東日本）のコメントを紹介する。
【トーナメント表】全日本総合2025男子シングルス
――第1ゲームは12－17から追い上げた

正直、もう厳しいかなと思ったんですけど、いや、ワンチャンスあるんじゃないかと思ってやったら、いけました。後ろのコートで宮下怜vs小川翔悟をやっていて、宮下選手が勝ったのを見て、あっ、オレも（第1ゲームを取られたら）こうなるわと思って、そうはなりたくないと思って頑張りました。もし1ゲームを取られていたら、第2ゲームもあんなに自信を持っていけなかったと思うし、もっと引いていたと思うので、よかったです。第1ゲームを取れたことで、だいぶ、気持ち的に楽になりました。

――追い上げる中では、何に気をつけていた？

相手のクロススマッシュが、どちらからもすごいのが飛んできていて、これは結構厳しいと思いました。だから、とりあえず基本的には攻めて、その中でロブを使おうと思ってやっていました。

――第2ゲームは、リードしているが追い上げられる展開

ちょっと、相手が振り切っていたというか、ヘアピンを打ってクロススマッシュというのを、やることを決めてやってきている感じで、キレキレでした。そこにちょっとやられてしまいました。どうにか、自分の土俵に持っていけるようにしましたけど、あまり乗ってくれなくて、速い球を打たせようと思っても、かわしてきたので、そこでまたゆっくりしたラリーになってしまいました。相手がねらった展開だったかどうかはわからないですけど、相手の今日のパフォーマンスはすごくよかったと思います。

――明日の準々決勝は、古賀穂選手と対戦

長い試合になりますね（笑）。頑張ります。結構、体がきついんですけど、精いっぱいやります。スマッシュも打てるし、ラリーもできる、オールラウンダー。足も強い選手ですね。気をつけたいこと？　いや、普通にやります。あとは、自分のコンディションだけ整えたいと思います。
取材／バドミントン・マガジン編集部、平野貴也、吉井信行",[],[]
【バドミントン】仁平菜月は準々決勝進出！　「明日は、一気にレベルが上がるので、心と体の準備の面で、もう一度引き締め直していきたい」＜全日本総合2025＞（バド×スピ！／バドミントン・マガジン）,https://news.yahoo.co.jp/articles/e77997927d5380eabb3c0b7632d960c0762ec947,https://newsatcl-pctr.c.yimg.jp/t/amd-img/default.jpg?exp=10800,2025-12-28T08:10:20+09:00,2025-12-28T08:10:20+09:00,バド×スピ！／バドミントン・マガジン,badspi,バド×スピ！／バドミントン・マガジン,607,"日本一を争う「第79回全日本総合バドミントン選手権」が、12月25日に東京・京王アリーナで開幕した。大会2日目の27日、女子シングルス3回戦で木村百伽（ヨネックス）に2-1で勝利した仁平菜月（ヨネックス）のコメントを紹介する。

対戦相手は、チームメートとはいえ、後輩。国内の試合は、年下と対戦することが多くなっているので、あまり気負わずに出だしからやれたかなと思います。ただ、第2ゲームでシャトルが飛ぶ方になったときに、ちょっとスピードを上げすぎて、自分のリズムを崩したり、相手がスピードに乗って攻めてきたところがあったので、第2ゲーム前半に一気に点数を持っていかれてしまったのは、反省かなと思います。

今日の反省点は、山ほどありますが、それを気にしていても。終わったことなので、明日に繋げられたらと思います。明日は、一気にレベルが上がるので、心と体の準備の面で、もう一度引き締め直していきたいと思います。

明日は、自分ができることをコートの中で出すということは変わりませんけど、この試合を楽しみに総合に来ました。考えすぎずにやりたいけど、考えなさすぎたらやられてしまう。出だしから向かっていけるようにしたいです。自分が気負うところは何もないと思っているので、奥原さんにどれだけ向かっていけるか、自分の意地も持ちながら、コートでぶつかれたらと思います。
取材／バドミントン・マガジン編集部、平野貴也、吉井信行",[],[]
【バドミントン】奥原希望は3回戦突破！　「ストレートで終わることができてよかった。準々決勝からは自然にギアが上がる」＜全日本総合2025＞（バド×スピ！／バドミントン・マガジン）,https://news.yahoo.co.jp/articles/e1ffeaddf98f441c1c4ab9624e92f50d1f73c984,https://newsatcl-pctr.c.yimg.jp/t/amd-img/20251228-00010007-badspi-000-1-view.jpg?exp=10800,2025-12-28T08:06:50+09:00,2025-12-28T08:06:50+09:00,バド×スピ！／バドミントン・マガジン,badspi,バド×スピ！／バドミントン・マガジン,486,"奥原希望（東京都バドミントン協会）
日本一を争う「第79回全日本総合バドミントン選手権」が、12月25日に東京・京王アリーナで開幕した。大会3日目の27日、女子シングルス3回戦で小西春七（岐阜Bluvic）に2-0で勝利した奥原希望（東京都バドミントン協会）のコメントを紹介する。
【トーナメント表】全日本総合2025女子シングルス
第1ゲームは接戦になりましたけど、しっかり勝ち切ってストレートで終わることができて、よかったかなと思います。1ゲームで競ってしまうのは仕方ないところ。序盤で冷静に相手のショットやリズムを見て、警戒していくのが大事だと考えながらプレーしていました。今日の相手は、ダブルスをやっている分、上からのショットや、前に詰める展開にキレがある。そういったところに気を付けてプレーしました。

明日も相手がどうであれ、自分の精いっぱいを出そうかなと思います。全日本総合が独特なのは、準々決勝から環境などが整ってくるところ。だからこそ、こちらも準々決勝から自然にギアが上がっていくのかなと思います。
取材／バドミントン・マガジン編集部、平野貴也、吉井信行",[],[]
【バドミントン】宮崎友花は3回戦突破！　「今大会はスピードを出せている。しっかり勝負して、来年につなげられたら」＜全日本総合2025＞（バド×スピ！／バドミントン・マガジン）,https://news.yahoo.co.jp/articles/d016c3275202f06f6e1803daa9e816c5b45f3c72,https://newsatcl-pctr.c.yimg.jp/t/amd-img/20251228-00010006-badspi-000-1-view.jpg?exp=10800,2025-12-28T00:40:46+09:00,2025-12-28T00:40:46+09:00,バド×スピ！／バドミントン・マガジン,badspi,バド×スピ！／バドミントン・マガジン,441,"宮崎友花（ACT SAIKYO）
日本一を争う「第79回全日本総合バドミントン選手権」が、12月25日に東京・京王アリーナで開幕した。大会2日目の27日、女子シングルス3回戦で齋藤栞（PLENTY GLOBAL LINX）に2-0で勝利した宮崎友花（ACT SAIKYO）のコメントを紹介する。
【トーナメント表】全日本総合2025女子シングルス
自分がしっかり先手を取って、自分から仕掛けていくことができたんで、そこはよかったです。相手は力が強いけど、そこまでスピードのある選手ではないので、しっかり自分から先に動かして、相手にショットを打たせないように、スピードで勝負していこうと思っていました。今、出ている海外の大会では1回戦からすごく苦戦する感じも多かったり、なかなか自分のプレーが出せないことも多い。今大会はスピードを出せている分、しっかり勝負できるところで勝負して、来年につなげれる試合にできたらいいなと思います。
取材／バドミントン・マガジン編集部、平野貴也、吉井信行",[],[]
【バドミントン】舛木さくらは3回戦敗退。「対応力が相手の方が上でした」＜全日本総合2025＞（バド×スピ！／バドミントン・マガジン）,https://news.yahoo.co.jp/articles/897c8ca3cf306deb6cd06c84acef85c7d4334950,https://newsatcl-pctr.c.yimg.jp/t/amd-img/default.jpg?exp=10800,2025-12-28T00:36:58+09:00,2025-12-28T00:36:58+09:00,バド×スピ！／バドミントン・マガジン,badspi,バド×スピ！／バドミントン・マガジン,438,"日本一を争う「第79回全日本総合バドミントン選手権」が、12月25日に東京・京王アリーナで開幕した。大会3日目の27日、女子シングルス3回戦で郡司莉子（再春館製薬所）に1-2で敗れた舛木さくら（北都銀行）のコメントを紹介する。

直近のS/Jリーグでは、自分が2-0で勝っていたのですが、相手は日本代表ですし、そこは忘れてチャレンジしていこうと思ったのですが、相手の方が一枚上手だなと感じました。相手もやり方を変えてくるだろうと思っていたので、こちらも気持ちをつくって試合に入って、第1ゲームはコート環境もあってうまくいきましたが、そこから相手が自分の球やコートに慣れて対応してきた。対応力が相手の方が上でした。

今年は、S/Jリーグでも世界ランキング上位の選手と対戦させてもらったり、いい経験になっています。その中で自分の足りない部分が見えてきていますが、昨年に比べたらラリー力はついてきているのかなと思っています。
取材／バドミントン・マガジン編集部、平野貴也、吉井信行",[],[]
【バドミントン】郡司莉子「勝ちたい気持ちが強くて硬くなったけれど、ファイナルにもっていけたのがよかった」＜全日本総合2025＞（バド×スピ！／バドミントン・マガジン）,https://news.yahoo.co.jp/articles/25884b6703824b8f12613869238c9ffc0a52a6e5,https://newsatcl-pctr.c.yimg.jp/t/amd-img/20251228-00010004-badspi-000-1-view.jpg?exp=10800,2025-12-28T00:29:47+09:00,2025-12-28T00:29:47+09:00,バド×スピ！／バドミントン・マガジン,badspi,バド×スピ！／バドミントン・マガジン,473,"郡司莉子（再春館製薬所）
日本一を争う「第79回全日本総合バドミントン選手権」が、12月25日に東京・京王アリーナで開幕した。大会2日目の27日、女子シングルス3回戦で舛木さくら（北都銀行）に2-1で勝利した郡司莉子（再春館製薬所）のコメントを紹介する。
【トーナメント表】全日本総合2025女子シングルス
1ゲーム目にシャトルが飛ぶ方のコートから入って、昨日みたいに流れをつかんでから2ゲーム目に行けたらいいなと思っていたんですけど……。やっぱり苦手意識がある相手なので、昨日よりも勝ちたいという気持ちが強くて、ちょっと固くなってしまった。打ちにいったところでカウンターを取られたりして、なかなか流れがつかめなかったです。でも、2ゲーム目は相手もやりづらいコートだったので、結構アウトを出してくれた。そこで、ファイナルにもっていけたのはよかったかなと思います。今日は1ゲームの入りが悪かったので修正して、明日は出だしからいい動きができるように、もう一回、気を引き締めてやりたいと思います。
取材／バドミントン・マガジン編集部、平野貴也、吉井信行",[],[]
【バドミントン】渡邉柚乃は3回戦敗退。「終盤リードする場面もあったが、最後詰め切れなかった」＜全日本総合2025＞（バド×スピ！／バドミントン・マガジン）,https://news.yahoo.co.jp/articles/47b980f07d0879e3ff8551f8021feb6e6c14706f,https://newsatcl-pctr.c.yimg.jp/t/amd-img/20251228-00010003-badspi-000-1-view.jpg?exp=10800,2025-12-28T00:26:27+09:00,2025-12-28T00:26:27+09:00,バド×スピ！／バドミントン・マガジン,badspi,バド×スピ！／バドミントン・マガジン,391,"渡邉柚乃（倉敷中央高）
日本一を争う「第79回全日本総合バドミントン選手権」が、12月25日に東京・京王アリーナで開幕した。大会3日目の27日、女子シングルス3回戦で明地陽菜（再春館製薬所）に0-2で敗れた渡邉柚乃（倉敷中央高）のコメントを紹介する。
【トーナメント表】全日本総合2025女子シングルス
やりたいことをやらせてもらえず、大人と子どもというような試合展開だったかなと思います。ショットの精度が全然違って、それに伴ってラリーの長さも変わってくる。自分は体力はある方なので、なんとかついていけたかなと思いますが、最後は体力の差もあったかなと思います。第1ゲームは、終盤リードする場面もありましたが、最後詰め切れなかった。

来年はまずは、今日越えられなかったベスト8が目標。経験を積んで、対応力をつけていきたいです。
取材／バドミントン・マガジン編集部、平野貴也、吉井信行",[],[]
【バドミントン】明地陽菜は3回戦突破！　「受け身に立ったところもあったが、なんとか乗り切れた。明日は向かっていくだけ」＜全日本総合2025＞（バド×スピ！／バドミントン・マガジン）,https://news.yahoo.co.jp/articles/0c390aace47e4de684042a369853a06de5834959,https://newsatcl-pctr.c.yimg.jp/t/amd-img/20251228-00010002-badspi-000-2-view.jpg?exp=10800,2025-12-28T00:20:17+09:00,2025-12-28T00:21:12+09:00,バド×スピ！／バドミントン・マガジン,badspi,バド×スピ！／バドミントン・マガジン,436,"明地陽菜（再春館製薬所）
日本一を争う「第79回全日本総合バドミントン選手権」が、12月25日に東京・京王アリーナで開幕した。大会3日目の27日、女子シングルス3回戦で渡邉柚乃（倉敷中央高）に2-0で勝利した明地陽菜（再春館製薬所）のコメントを紹介する。
【トーナメント表】全日本総合2025女子シングルス
相手は高校1年生でしたけど、強い選手だというのもわかった上で、受け身に立つとよくないなと思ったので、できるだけ挑戦者の気持ちでこうやっていました。ですけど、点数差が縮められたときにやっぱり受け身に立てしまうところがありました。そうしたなかで乗り切れたところはよかったかなと思います。

（明日対戦する山口茜について）練習とかで、たまに1ゲームだけやるとかはありますが、試合では初めての対戦です。先輩でもまずは勝ちにいかないといけないと思うので、そこはもう向かっていくだけです。勝つために頑張りたいと思います。
取材／バドミントン・マガジン編集部、平野貴也、吉井信行",[],[]
【バドミントン】白川菜結は3回戦敗退。「第2ゲーム、第3ゲームは完全に技術や戦術で攻略されてしまった」＜全日本総合2025＞（バド×スピ！／バドミントン・マガジン）,https://news.yahoo.co.jp/articles/7cff63960c53db1cb4a85fd977382c8f1428a9ec,https://newsatcl-pctr.c.yimg.jp/t/amd-img/20251228-00010001-badspi-000-1-view.jpg?exp=10800,2025-12-28T00:16:25+09:00,2025-12-28T00:16:25+09:00,バド×スピ！／バドミントン・マガジン,badspi,バド×スピ！／バドミントン・マガジン,577,"白川菜結（柳井商工高）
日本一を争う「第79回全日本総合バドミントン選手権」が、12月25日に東京・京王アリーナで開幕した。大会3日目の27日、女子シングルス3回戦で山口茜（再春館製薬所）に1-2で敗れた白川菜結（柳井商工高）のコメントを紹介する。
【トーナメント表】全日本総合2025女子シングルス
ずっと目標にしている選手と、この大きな舞台でできたことがすごくうれしかったですが、戦うだけじゃダメだと最初から思っていて。しっかり相手に食らいついていくことを意識してやってきたのですが、やはり第2ゲーム、第3ゲームは完全に技術や戦術で攻略されてしまったのが悔しいです。

第1ゲームは体感的に自分のやりやすいコートで、相手からのシャトルがバックアウトしやすい状態だったので、自分からどんどん仕掛けて相手のミスを誘うことができたのが、よかったです。

一番に感じたのはフィジカルの差。自分の方が動かされる場面が多かったので、体力的にきついところが多かった。自分が相手を動かせていなかったというのもありますが、相手は全然普通の感じで。そこにまず差を感じました。自分も4月からは社会人で同じカテゴリーになるので、めざすところが明確に見えたと思いました。来年はベスト4に入れるように頑張っていきたいです。
取材／バドミントン・マガジン編集部、平野貴也、吉井信行",[],[]
【バドミントン】山口茜「ショットの感覚をつかむのに少し苦労したけど、第2ゲーム以降は修正しながらできた」＜全日本総合2025＞（バド×スピ！／バドミントン・マガジン）,https://news.yahoo.co.jp/articles/444e7d189c30b235d07c0aceb9062a648438f297,https://newsatcl-pctr.c.yimg.jp/t/amd-img/20251228-00010000-badspi-000-1-view.jpg?exp=10800,2025-12-28T00:11:42+09:00,2025-12-28T00:11:42+09:00,バド×スピ！／バドミントン・マガジン,badspi,バド×スピ！／バドミントン・マガジン,682,"山口茜（再春館製薬所）
日本一を争う「第79回全日本総合バドミントン選手権」が、12月25日に東京・京王アリーナで開幕した。大会2日目の27日、女子シングルス3回戦で白川菜結（柳井商工高）に2-1で勝利した山口茜（再春館製薬所）のコメントを紹介する。
【トーナメント表】全日本総合2025女子シングルス
――試合を振り返って

第1ゲームは、ちょっとリズム感だったり、ショットの感覚をつかむのにちょっと苦労してしまいましたけど、第2ゲーム、第3ゲームは修正しながらできたかなと思います。

――3つのゲーム、それぞれの戦い方は？

第1ゲームが少しシャトルが伸びるコートだったので、そこがうまくできなかったのですが、第2ゲームは逆に飛ばない方だったので、あまり考えすぎず、回してプレーしようと思いました。第3ゲームの出だしが重要だと思ったので、打ち下ろしつつ、後ろもできるだけ使えるように意識しました。

――相手はインターハイ王者。印象は？

ゆっくりのスピードで大きい展開になったときは、丁寧にミスなく精度のいいショットがたくさんくるなというイメージでしたけど、ちょっとスピードが上がったときは、ミスが出るかなという感じ。高校生だし、低い展開になったときも思い切ったプレーはありましたが、流れで打ってしまっているようなところで、読みやすさも多少あったのかなとは思います。

――明日に向けて

修正が必要な個所がたくさんあるので、しっかり修正して、今日よりいいプレーができるように頑張りたいなと思います。
取材／バドミントン・マガジン編集部、平野貴也、吉井信行",[],[]
