headline,mainEntityOfPage,image,datePublished,dateModified,author,media_en,media_jp,str_count,body,images,external_links
ど真ん中の窓に騒然　ミスヤンチャン2026が色めき立つ衝撃の姿「むちむち感最高」「反則すぎるくらい眼福！」（よろず～ニュース）,https://news.yahoo.co.jp/articles/ab1e6451dc1fee760faf41ea486bca3e1aae94f3,https://newsatcl-pctr.c.yimg.jp/t/amd-img/20260906-11784193-yorozuns-000-1-view.jpg?exp=10800,2026-09-06T22:20:40+09:00,2026-09-06T22:20:40+09:00,よろず～ニュース,yorozuns,よろず～ニュース,754,三雲そらインスタグラム＠sora_oshioseより 「ミスヤングチャンピオン2026」でグランプリに輝いた三雲そらが4日、自身のインスタグラムを更新。大胆なデザインのウエアに身を包んだ姿を披露した。 【写真】くるまった布からのぞく肌 どうにもドキドキ止まらない姿 グラビアアイドルや「推し推せ14」でのユニット活動も行っている三雲は「昨日のyoutube見た？ みんなこの水着に大興奮でおもろい」と記し、中央部が窓のように丸くあいたバンドゥタイプのスイムウエア姿をアップした。三雲が触れたYouTubeはコンセプトカフェ「推しは推せる時に推せっ！」の「推し推せっ!ちゃんねる」で、三雲は投稿した写真の姿で出演している。 YouTubeでは「そ、そらちゃん！」「反則すぎるくらい眼福！」「めっちゃイイ！とにかくイイ！」「色々とすげえええ」「むちむち感最高すぎるな」「一言言わせてもらうと…そらちゃん、ありがとう」など、三雲へのコメントが数多く寄せられていた。 翌5日にはプールサイドに腰掛けたショットを投稿。まとっているのは上は青と水色がクロスするホルターネックタイプで下はサイドがヒモになっている。「わたしの夏はまだまだ終わらない っ！」と添えられていたが、確かに永久に夏が終わってほしくないと思わせるカット。クロスされた布が目を引くドキドキが止まらない姿だった。 3日にはX(旧ツイッター)に毛量が気になる幼少期の写真と現在の姿を並べて「これが、こう。」と投稿。こんもりした髪の毛が気になるファンに「これ1歳半とかなんだよね やばいよね」と返答。「髪型ホットパイで可愛い」との声には「成長してようやく髪の毛が馴染んできた」と返すなど、ファンを楽しませていた。 （よろず～ニュース編集部） よろず〜ニュース,[],[]
素肌に羽ショール、網タイツ＋くり抜き変形ワンピも「かなーり大人っぽく」ちとせよしの「週プレ」登場（よろず～ニュース）,https://news.yahoo.co.jp/articles/4e8a92f7745013897d59b231c06dc3e81d0ed100,https://newsatcl-pctr.c.yimg.jp/t/amd-img/20260906-11784191-yorozuns-000-1-view.jpg?exp=10800,2026-09-06T21:50:17+09:00,2026-09-06T21:50:17+09:00,よろず～ニュース,yorozuns,よろず～ニュース,713,ちとせよしののインスタグラム＠chitose_yoshinoより グラビアアイドル・ちとせよしの(26)が、8月31日に発売された「週刊プレイボーイ」最新号に登場した。 【写真】肩出し私服でこの“主張” 美カーブくっきり 自身のインスタグラムには上は肩ひもなしでギュッと締めたボディスーツ、下はほぼヒモという大胆衣装姿、ゴールドのやはり肩ひもがない面積小さめのバンドゥタイプの衣装を着たショット、前も後ろもくり抜かれた変形ワンピースと網タイツを組み合わせた姿などを掲載。「週プレ」と同時発売のデジタル写真集「MASTER PIECE」の表紙は素肌に羽のショールをまとっただけという姿だ。 大胆さもさることながら、独特な姿が多い。「今回もかなーり大人っぽく、奇抜な衣装も着こなしてるかな♡と思いますのでぜひ見てください」とアピールした。 さらに「撮影日がたまたま初グラビア撮影からちょうど8年な日でした」と現場で記念日を迎えたことも報告。「おしりに虹もかかっていい感じ♡」と屋外での水しぶき撮影で起きた“祝福”にも喜んでいた。「今なおこうして雑誌に出続けられていることに、ファンのみんなには感謝の気持ちでいっぱいです いつも本当にありがとう」と息の長いグラビア活動ができていることへの思いもつづった。 「週プレ」公式サイトにはインタビューも掲載。「グラビアは私の原点なので、需要がなくなるまで自分なりの美学を持って続けていきたい」とまだまだ精力的だった。 同号は豊島心桜が表紙＆巻頭を担当。すずら、宮崎あみさ、はのんまゆ、すずめ、橘香恋（たちばな・かれん）、柳瀬さきも登場している。 （よろず～ニュース編集部） よろず〜ニュース,[],[]
形まるわかり！素肌シャツ　ニットをガバッ、過去最大の大胆“続編”七瀬なな「もっとみつめて。」（よろず～ニュース）,https://news.yahoo.co.jp/articles/7bd1bb8e417f77632be9e5c948528520da410d9e,https://newsatcl-pctr.c.yimg.jp/t/amd-img/20260906-11784190-yorozuns-000-1-view.jpg?exp=10800,2026-09-06T21:35:21+09:00,2026-09-06T21:35:21+09:00,よろず～ニュース,yorozuns,よろず～ニュース,640,写真集発売イベントを行った七瀬なな=東京・HMV＆BOOKS SHIBUYA グラビアアイドル、女優の七瀬なな(26)が2日、デジタル写真集「もっとみつめて。」(集英社)を発売した。 【写真】横からの圧がスゴっ もはや収まりきらないボリューミー タイのバンコクとサメット島、七瀬の故郷・福井を舞台に撮り下ろし、過去最大の露出にも挑戦した1st写真集「みつめて。」のアナザーエディション。本編に入りきらなかった衣装やシチュエーションを含むアザーカットを収録している。 七瀬は自身のインスタグラムに、ニットをガバッと脱いで大胆にワキを見せるショット、素肌にシャツだけで横から形がまるわかりになってしまう画像を掲載。「1st写真集みつめて。には掲載されていない衣装もかなり盛りだくさんとなっております 皆さまぜひチェックしてくださいね」とアピールした。 同作は「週刊プレイボーイ」公式ECサイト「週プレ グラジャパ!」など、主要な電子書店で発売。別バージョンの「動画版」「週プレ グラジャパ!限定版」もある。 なお、1st写真集「みつめて。」(集英社)は7月に発売。こちらも素肌にサロペットだけをまとった、あふれてしまいそうな横からショットなど大胆に攻めている。発売イベントで七瀬は撮影のために、あえて体重を8キロ増量したことを明かし「お腹は太らないようにしつつ、いい感じのむちむちボディにできたかなと思います」と自信たっぷりに語っていた。 （よろず～ニュース編集部） よろず〜ニュース,[],[]
お腹薄ッ！グループ掛け持ちの“二刀流”アイドルが魅惑の曲線美を大胆解放　可児愛梨｢FLASH｣登場（よろず～ニュース）,https://news.yahoo.co.jp/articles/1b33f5c32f36a526dd7e62361ad7b0697d6e6772,https://newsatcl-pctr.c.yimg.jp/t/amd-img/20260906-11784182-yorozuns-000-1-view.jpg?exp=10800,2026-09-06T21:10:25+09:00,2026-09-06T21:10:25+09:00,よろず～ニュース,yorozuns,よろず～ニュース,453,可児愛梨 FLASHデジタル写真集「夏が嫌いだった。」ⓒ光文社／週刊FLASH（写真・髙橋慶佑） アイドルグループ「idy」・「Lovelys」の可児愛梨(20)が、8月25日発売の写真週刊誌「FLASH」最新号に登場した。 【写真】お腹うっす！二刀流アイドルの衝撃スタイル 可児は2つのアイドルグループを掛け持ちする二刀流アイドル。スレンダーながら女性らしい柔肌を生かしたグラビアでも人気を博している。同号でもワンピース型の水着やランジェリーショットなど、刺激的なグラビアを展開している。 自身のX(旧ツイッター)でも「雑誌も写真集もGETした♡ メタメタに素敵な写真集になってるからみんな絶対GETしてね」と登場をアピール。お腹の薄さを横から見ることができる大胆なオフショットも掲載している。 同号の表紙と巻頭グラビアは女優の志田音々が飾っている。可児のほかにも大島璃乃、新田妃奈、兵頭美波、小池里奈、白石希望、旭萌花、森末妃奈がまぶしい姿を披露している。 （よろず～ニュース編集部） よろず〜ニュース,[],[]
「やば」23歳料理人女優“特大の一本”に満面笑み　あまりのデカさによろめく船上　釣って捌いて｢凄いですなぁ～｣（よろず～ニュース）,https://news.yahoo.co.jp/articles/6a3dc26ac8f03e439228a2e6ec2e83a3bb120415,https://newsatcl-pctr.c.yimg.jp/t/amd-img/20260906-11784179-yorozuns-000-1-view.jpg?exp=10800,2026-09-06T20:30:38+09:00,2026-09-06T20:30:38+09:00,よろず～ニュース,yorozuns,よろず～ニュース,429,川越にこのインスタグラム＠kawagoenikoより セクシー女優で料理人の川越にこ(23)が6日、自身のインスタグラムを更新。10キロ超えのカンパチを釣り上げたことを伝えた。 【写真】このサイズ感…お見事です！ 故郷・八丈島の海で船釣りを楽しむ動画を公開。「八丈島で10キロ台のカンパチ再び釣ってきたよ」とつづり、良型の一本を釣り上げた。立って一人で持ち上げようとすると、大きさと重さでよたよたとふらつくほどの大物。カンパチ以外にもかごからはみ出す大型サイズを何本も仕留め、釣果は上々だ。 川越は女優、タレント活動のほか、調理師の顔も持つ。これまでもSNSで釣行記録や調理、寿司を握るシーンなどを投稿。今回もきれいに捌いたカンパチの中骨を得意げに見せている。釣ってよし捌いてよしの腕前には、ファンから「凄いですなぁ～」「やば」「釣りが出来て、料理も出来るから、素晴らしく最高」などと感心する声が寄せられている。 （よろず～ニュース編集部） よろず〜ニュース,[],[]
不倫騒動のプロ雀士、3カ月謹慎を経て活動再開｢二度と皆様を裏切ることがないよう｣　妻もサポート約束（よろず～ニュース）,https://news.yahoo.co.jp/articles/881e5c91fdc3a7113c1a5183bba32563a9e9799c,https://newsatcl-pctr.c.yimg.jp/t/amd-img/20260906-11784174-yorozuns-000-1-view.png?fmt=jpeg&q=85&exp=10800,2026-09-06T20:10:01+09:00,2026-09-06T20:10:01+09:00,よろず～ニュース,yorozuns,よろず～ニュース,1316,渋川難波のYouTubeチャンネルより 今年6月から活動を自粛していたプロ雀士の渋川難波が4日、自身のX(旧ツイッター)を更新。この日から活動再開することを発表した。 【写真】復帰を報告した渋川難波&早川林香夫妻 渋川に関しては2023年にプロ雀士の早川林香と結婚、25年7月には第1子が誕生している。今年6月には一部週刊誌で不倫が報道され、自身のYouTubeチャンネルで投稿した動画で、「私が妻以外の女性と関係を持っていたこと。その関係は2022年10月ごろから最近まで続いていた」と認めた。同日中には所属していた麻雀プロリーグ・Mリーグのチーム「KADOKAWAサクラナイツ」から退団が発表され、自身のXでは活動自粛を報告した。 自粛から約3カ月後のこの日、渋川はメディアプラットフォーム「note」を更新。不倫について改めて謝罪し「本日より少しずつではございますが、活動を再開させていただきます」とした。 今後について「責任の重さを決して忘れず、二度と皆様を裏切ることがないよう、 一から己を厳しく律してまいります」と記し、「そして、失った信頼を少しずつでも取り戻せるよう、誠心誠意日々の行動に努めていく所存です。改めて、この度は本当に申し訳ございませんでした」とつづった。 妻の早川も夫・渋川の復帰投稿をXで引用し、「様々な意見があると思いますが、私たち家族としては前を向くことを決めました」と投稿。「見捨てずにいてくれた周りの人達を大切に、 少しずつ信頼を取り戻せるようサポートしていけたらと思います どうか今後ともよろしくお願いします」としている。 翌5日にも渋川はnoteを更新。「妻だけは、僕の元を離れなかった。それが子どものためか、生活のためか、情のためか、その本当の理由は僕には分からない。ただ、それでもそばにいてくれたことが僕の生きる理由となった」と記した。自粛中の3カ月間は妻が大部分を担っていた家事を引き受け、家族との時間に費やしたことを明かした。 そして、「僕の償いは、『今後の人生において妻と子どもに、何不自由ない暮らしをさせること』だ」と決意表明し、「目標を達成するためには、今一度収入を得る必要がある。しかし、こんなにも麻雀しかしてこなかった僕が、今更別の仕事で生きていくのは不可能に近い。できたとしても、何不自由なく暮らすことは厳しいだろう。だから、まずYouTube活動を再開する」とプランを示した。noteのメンバーシップ(有料会員)も始めるという。 「一度信頼を失った僕が成功するかどうかは勿論わからないが、最後のチャンスと思い全力でやる」と今後について記し、「おそらく、僕が渋川難波として表舞台に立つことはもう無いだろう。だが、精一杯やっていく」と覚悟をみせた。 また、「正直もっと批判一色になるかと思っていたが、こんな僕でも応援してくださると言うコメントが沢山ついた。こんなに多くの方が待っていてくれたのかと思うと、目頭が熱くなる。応援してくださる方を、2度も裏切るわけにはいかない。これからの僕を、どうか見守ってほしい」と感謝を記した。 （よろず～ニュース編集部） よろず〜ニュース,[],[]
夫は人気力士、2児のママ37歳美人歌手　ハワイの海で夕陽に映える艶肌に反響「写真集にされては?」（よろず～ニュース）,https://news.yahoo.co.jp/articles/0cbdfebba57ff48c39db70307a55d79471b1cfd6,https://newsatcl-pctr.c.yimg.jp/t/amd-img/20260906-11784172-yorozuns-000-1-view.jpg?exp=10800,2026-09-06T19:40:26+09:00,2026-09-06T19:40:26+09:00,よろず～ニュース,yorozuns,よろず～ニュース,590,杜このみ 大相撲・高安の妻で演歌歌手の杜このみ(37)が6日、自身のインスタグラムを更新。ハワイでの麗しいビーチショットを公開した。 【写真】ベアトップのデコルテもまぶしい、2児のママとは思えない美スタイル 仕事でハワイに滞在中の杜は連日、オフショットを投稿。初めてのビキニに挑戦した姿も話題となっている。この日は「hawaii三泊歌の旅 ラストは最終日の夕暮れ時にビーチをお散歩した時のお写真」とつづり、黒のベアトップに白いレースをスカートのように腰に巻いた姿でビーチに立ち、カメラを見つめるカットなどを公開。デコルテも艶やかに大人の美しさを漂わせている。 「あっという間の滞在でしたが、ハワイの豊かな自然に触れて、不思議なパワーをたくさん感じた素敵な旅になりました」と南の島での日々を満喫した様子で、「ハワイで頂いたご縁にも心から感謝しています また来られますように…」と再訪を願っていた。 2020年に高安と結婚。21年2月に長女、22年8月に長男を出産している2児のママだが、スラリとした美スタイルはモデルのよう。フォロワーからも「とてつもなくお綺麗です」「芸能人とはいえ、こんな若々しくて綺麗な人はなかなかおりません」「写真集にされてはどうですか?いっぱい買います」「可愛いしスタイル良すぎます」といった声が寄せられている。 （よろず～ニュース編集部） よろず〜ニュース,[],[]
父はプロゴルファーの広島の人気女性アナ　30歳誕生日に「見えないです」「かわいいです」の声（よろず～ニュース）,https://news.yahoo.co.jp/articles/935e1b767ae38aa7a0911ccd184f844ed6278e09,https://newsatcl-pctr.c.yimg.jp/t/amd-img/20260906-11784164-yorozuns-000-42382041-view.jpg?exp=10800,2026-09-06T19:10:18+09:00,2026-09-06T19:36:45+09:00,よろず～ニュース,yorozuns,よろず～ニュース,524,田村友里アナウンサーのインスタグラム＠yuri_tamura0894より RCC（中国放送）の田村友里アナウンサーが5日、自身のインスタグラムを更新。30歳になったことを報告した。 【写真】プロゴルファーの父との2ショット 「9月4日で30歳になりました」と投稿。「節目っぽい数字ですが特に何も変わりません 何事にも全力で！頑張ります！！！」と抱負を記し、「9/13『田村友里生誕祭』なるイベントやるので ぜひ遊びに来てください チケット販売のリンクはストーリーに載せます」と呼びかけた。 また、「9/4田村、9/5新本ちゃん、9/6近藤さん 誕生日3連ちゃんを記念して毎年恒例となってる写真撮影」とつづり、同局の新本穂乃佳アナ、気象予報士の近藤志保との3ショットやケーキを手に笑みを浮かべる掲載。「ケーキは何歳にっても嬉しい！！！」と喜んだ。 フォロワーからは「広島を元気にしちゃってくださいね」「30歳に見えないです」「かわいいです」などの声が寄せられた。 田村アナは1996年9月4日生まれ、広島県出身。明治大学卒業後、2019年にRCC入社した。愛称は「ガッツ」。父はプロゴルファーの田村尚之。 （よろず～ニュース編集部） よろず〜ニュース,[],[]
16年に亡くなった大物アーティストから刺激　デビュー25周年の英ロックバンド、楽曲制作スタイルを刷新（よろず～ニュース）,https://news.yahoo.co.jp/articles/3da7fc68e254efd21d393abf2bc73e45605092c1,https://newsatcl-pctr.c.yimg.jp/t/amd-img/20260906-11784153-yorozuns-000-1-view.jpg?exp=10800,2026-09-06T18:10:04+09:00,2026-09-06T18:10:04+09:00,よろず～ニュース,yorozuns,よろず～ニュース,711,ガイ・ガーヴィー 英ロックバンド「エルボー」のフロントマン、ガイ・ガーヴィーが、2016年に亡くなったデヴィッド・ボウイさんの展覧会に刺激を受け、バンドの楽曲制作スタイルを刷新したことを明かした。 【写真】在りし日のデヴィッド・ボウイさん ロンドンのキングス・クロスにある体験型展示スペース「ライトルーム」でボウイさんの没入型展示を鑑賞したガイは、大きな衝撃を受けたという。音楽メディアNMEの取材に対し、ガイは鑑賞直後にバンドのグループチャットへ電話をかけ、メンバーに働きかけたエピソードを披露した。 「過去15年間、自分たちはデータを送り合う形で作業をしてきた。だが、離れた場所で『火星の生活』（ボウイが1971年に発表した代表曲）のような名曲が生まれるとは思えない。同じ部屋に集まる必要がある。ただし、5人全員の意見が1つの部屋に揃うのも上手くいかない」と分析したガイは、少人数に分かれて膝を突き合わせる制作方法を提案。 ギタリストのマーク・ポッターの自宅庭でセッションを行い、1日で2曲を書き上げたそうで、「16歳の頃以来の作業だったけど、魔法のような時間だった」と手応えを語っている。 デビューアルバム「Asleep in the Back」のリリースから25年が経過したエルボーだが、ガイ・ガーヴィーは「情熱とエネルギーを保ち、そこに経験と知恵を組み合わせれば、全く新しいものが生まれる。トム・ウェイツやデヴィッド・バーン、ジョニー・キャッシュのように、歳を重ねるほど良くなっていく存在を目指したい」と意気込みを語った。 （BANG Media International／よろず～ニュース） よろず〜ニュース,[],[]
「8月の思い出。」有村架純の姉・藍里　ノースリでニッコリ「素敵な笑顔」「ヤバいです」の声（よろず～ニュース）,https://news.yahoo.co.jp/articles/6a67a78fa78b3057c50eb02fb5b04f24ecf81ae7,https://newsatcl-pctr.c.yimg.jp/t/amd-img/20260906-11784137-yorozuns-000-1-view.jpg?exp=10800,2026-09-06T17:10:06+09:00,2026-09-06T17:10:06+09:00,よろず～ニュース,yorozuns,よろず～ニュース,243,有村藍里(2023年) 女優の有村架純の姉でタレントの有村藍里が5日、自身のインスタグラムを更新。8月を振り返った。 【写真】ノースリで笑顔がまぶしいです 「8月の思い出。」と書き出し、ノースリーブ姿でビールを手に笑みを浮かべる写真を掲載。「少し夏っぽいことできました」と振り返り、「9月もよろしくお願いします。」と記した。 フォロワーからは「素敵な笑顔」「めちゃ可愛い」「一緒に飲みたいです」「あいりさんヤバいです」などの声が寄せられた。 （よろず～ニュース編集部） よろず〜ニュース,[],[]
健康問題のためフェス出演キャンセル　伝説的英ロックバンドのメンバー、代わりに慈善団体に5万ドル寄付（よろず～ニュース）,https://news.yahoo.co.jp/articles/bc3dac4b8419f07cb87a70598d6b073505844677,https://newsatcl-pctr.c.yimg.jp/t/amd-img/20260906-11784121-yorozuns-000-1-view.jpg?exp=10800,2026-09-06T16:10:01+09:00,2026-09-06T16:10:01+09:00,よろず～ニュース,yorozuns,よろず～ニュース,459,ピート・タウンゼント ロックバンド「ザ・フー」のピート・タウンゼント（81）は、バンドに復帰できるよう、「回復に努めている」という。今月26日と27日に予定されているエリック・クラプトン主催によるクロスロード・ギター・フェスティバル出演を、健康問題のため中止していたが、「将来的には」再び演奏することを視野に入れているそうだ。 【写真】若かりし頃のメンバー クラプトンのXでシェアされた声明でピートは、バランスを崩し、左足を負傷したことを報告、イギリスからアメリカのオースティンへの移動が困難なため、今回のフェスティバル出演を断念するに至ったと説明した。 ピートは出演キャンセルの代わりに、薬物依存からの回復を支援するクラプトンの慈善団体クロスロード・センターへ5万ドル（約790万円）を寄付している。 ザ・フーは2025年以来、ステージに立っていないものの、今年の5月にピートはそれが最後ではないことを示唆する発言をしていた。 （BANG Media International／よろず～ニュース） よろず〜ニュース,[],[]
「帰ってきました！」テレ東人気女性アナがポニテ＆ノースリワンピ　「可愛いがすぎる」「姫降臨」の声（よろず～ニュース）,https://news.yahoo.co.jp/articles/506aa7d17ef4ee4580ef1844631e1f79a859aaef,https://newsatcl-pctr.c.yimg.jp/t/amd-img/20260906-11784113-yorozuns-000-1-view.jpg?exp=10800,2026-09-06T15:10:09+09:00,2026-09-06T15:10:09+09:00,よろず～ニュース,yorozuns,よろず～ニュース,350,冨田有紀アナウンサー テレビ東京の冨田有紀アナウンサーが5日、自身のインスタグラムを更新。担当番組「ウイニング競馬」のオフショットを公開した。 【写真】キュートで可愛いポニテ＆ノースリワンピ 「中山競馬場へ帰ってきました！」と投稿し、ポニーテールでノースリーブのワンピース姿の写真を掲載。「夏競馬中はそれぞれの持ち場にいたため、スタッフさん含めてウイニング競馬ファミリー全員で中継をお届けできることに一層幸せを感じました。嬉しいなぁ」と記した。 続けて、「競馬場を出る頃にはすっかり秋の空気が どんな秋になるのか、するのか、楽しみです！」とつづった。 フォロワーからは「可愛いがすぎる」「姫降臨で幸せです」「癒されたー」「キュート」などの声が寄せられた。 （よろず～ニュース編集部） よろず〜ニュース,[],[]
甘い炭酸飲料を毎日1杯で胃がんリスクが2倍以上に高まる可能性　米学術誌に研究チームが発表（よろず～ニュース）,https://news.yahoo.co.jp/articles/9d23d606bd2068ebebf565b4565de1d8914f0f22,https://newsatcl-pctr.c.yimg.jp/t/amd-img/20260906-11784109-yorozuns-000-1-view.jpg?exp=10800,2026-09-06T14:40:01+09:00,2026-09-06T14:40:01+09:00,よろず～ニュース,yorozuns,よろず～ニュース,839,画像はイメージです（Joshua Resnick／stock.adobe.com） 毎日1杯の加糖炭酸飲料を飲むだけで、胃がんの発症リスクが2倍以上に高まる可能性があるとする研究結果が発表された。研究チームによると、加糖飲料を1日1杯以上飲む人は、ほとんど飲まない人に比べ胃がんの発症リスクが2.45倍に上ったという。 【写真】コーラ140リットルを凍らせた巨大氷「デカすぎる」「コーラをコーラせた」と反響 老舗の氷屋が本気見せた この研究は、通常の炭酸飲料やパンチ、レモネード、スポーツドリンクの摂取量を数十年にわたり追跡調査したもので、対象者は11万2284人。このうち278人が胃がんを発症し、内訳は女性140人、男性138人だった。 リスクの上昇は特に女性で顕著で、加糖炭酸飲料を毎日飲む女性は発症リスクが3倍に達した一方、男性は2倍だった。ただし、炭酸飲料を月や週に数回程度しか飲まない人には、有意なリスク上昇は見られなかった。 米学術誌「Gastro Hep Advances」に発表した研究チームは、果物に含まれ清涼飲料水にも添加される果糖の摂取量が多いほど胃がんリスクも高まる関連性も確認したが、果糖そのものが原因かは特定できていない。人工甘味料入りの飲料はリスク上昇との関連は見られなかったが、この分野のエビデンスはまだ解明中だと研究者らは注意を促している。 加糖飲料が胃がんと関連する理由もまだ明らかになっていない。研究チームは、体重増加やインスリンの問題、ホルモンの変化、炎症、腸内細菌叢の乱れなどが要因として考えられるとしている。 胃がんは世界のがん死因の第4位で、日本では毎年約10万人以上が新たに診断されている。重要な点として、今回の研究はあくまで観察研究であり、関連性は示せても加糖飲料が胃がんの原因だと証明するものではなく、さらなる研究が必要だとしている。 （BANG Media International／よろず～ニュース） よろず〜ニュース,[],[]
テイラー・スウィフトのMVに出演した俳優　ダンスは前日に知らされていた「嘘だろ？大の苦手なのに」（よろず～ニュース）,https://news.yahoo.co.jp/articles/e0ab929b060acca8ccdbec5e60c2d8f44609cda7,https://newsatcl-pctr.c.yimg.jp/t/amd-img/20260906-11784098-yorozuns-000-1-view.jpg?exp=10800,2026-09-06T13:40:05+09:00,2026-09-06T13:40:05+09:00,よろず～ニュース,yorozuns,よろず～ニュース,641,テイラー・スウィフト 俳優ドーナル・グリーソンは、シンガー・ソングライターのテイラー・スウィフトの「Opalite」ミュージックビデオ出演時、ダンスを求められて愕然としたそうだ。「スター・ウォーズ」でのハックス将軍や「ハリー・ポッター」シリーズのビル・ウィーズリー役などで知られるドーナルは、トーク番組「グレアム・ノートン・ショー」にテイラーと共に出演したことがきっかけで、同シングルのミュージックビデオに出演することとなったが、テイラーの「信頼」なしではそのストーリーをうまく表現できなかったと振り返っている。 【写真】歌姫のMVでまさかの展開 ダンスを披露した人気俳優 ザ・ガーディアン紙にドーナルはこう話す。「ダンスがあるって前日に知らされたんだ。嘘だろ？大の苦手なのに！って思った」「テイラーは『動きなんて関係ない。ただ、思いっきりやって楽しめばいい。信頼して経験すればいいだけ』って感じだった」「それを信じて楽しむ気持ちがやり遂げる助けになる」 テイラーはドーナルだけでなく、俳優キリアン・マーフィー、女優のグレタ・リー、ジョディ・ターナー＝スミス、シンガー・ソングライターのルイス・キャパルディ、そして司会のグレアムら当日の共演者全員をミュージックビデオに招待したが、それがドーナルはとても「大胆」なアイデアだったとして、そんなことを実現できたのはテイラーだけだろうと話している。 （BANG Media International／よろず～ニュース） よろず〜ニュース,[],[]
骨折休養中の瀬戸朝香「回復へと向かってます」と報告　「無理し過ぎずに」「しっかり治して」と激励の声（よろず～ニュース）,https://news.yahoo.co.jp/articles/6f2e433a966d91d4c5e78cff4e38943fa81f30ec,https://newsatcl-pctr.c.yimg.jp/t/amd-img/20260906-11784085-yorozuns-000-42381285-view.jpg?exp=10800,2026-09-06T12:50:05+09:00,2026-09-06T15:16:00+09:00,よろず～ニュース,yorozuns,よろず～ニュース,362,瀬戸朝香 女優の瀬戸朝香が5日、自身のインスタグラムを更新。骨折が順調に回復していることを報告した。8月23日には「このたび、私の不注意により 第一腰椎を圧迫骨折してしまいました」と記し、しばらく休養することを明かしていた。 【写真】元気出して！うつむき加減の様子 この日は「確実に 回復へと向かってます」と投稿。「ご心配をおかけして 本当に本当にごめんなさい」とキャップを目深にかぶる写真を添え、「あとは 主治医のご指示に従うのみ」とつづった。 続けて「今日の夕焼けがとってもキレイだった “Power”をもらった いろんな景色見たいな…」とした。 フォロワーからは「あまり無理し過ぎずに」「しっかり治してから復帰してください」「元気そうでよかった」など激励の声が寄せられた。 （よろず～ニュース編集部） よろず〜ニュース,[],[]
イラストを無断AI使用&虚偽報告した配信者が活動休止　当該漫画家は憤慨｢友人として嘘をつかれたことがとても悲しい｣（よろず～ニュース）,https://news.yahoo.co.jp/articles/b4b0421cc72cb02b83b1642be3694a29dda16054,https://newsatcl-pctr.c.yimg.jp/t/amd-img/20260906-11784080-yorozuns-000-1-view.jpg?exp=10800,2026-09-06T12:30:09+09:00,2026-09-06T12:30:09+09:00,よろず～ニュース,yorozuns,よろず～ニュース,1507,画像はイメージです(Sanchai/stock.adobe.com) 配信者のLEON代表が4日、自身のX(旧ツイッター)を更新。ネット上で問題となった自身の不祥事を謝罪し、活動休止を発表した。 【実際の画像】2023年の配信でLEON代表のイラストを描くしろまんた氏 こんなことになるとは… LEON代表は「AIイラスト使用疑惑について 添付画像の時系列のとおり、私は頂いたイラストをAIに使用し、しろまんた先生の信用を欠いてしまいました」と発表。「私自身、イベント中に自分の行動で様々な方にご迷惑をおかけしているのにも関わらず、イベント終了後のしろまんた先生の問に対して嘘をついてしまいました。取り返しのつかない行動をしてしまい、しろまんた先生にご迷惑をおかけし大変申し訳ございませんでした」と記した。 この謝罪投稿に添付された画像では時系列で事実を箇条書きでまとめている。 まず2023年にLEON代表は友人の漫画家・しろまんた氏が描いたイラストを譲り受けた。その約3年後の今年8月23日にLEON代表は自身主催のイベントを開催。そのイベント時に使用していた画像について、しろまんた氏のイラストをAI利用したかどうか、しろまんた氏本人から問われたという。 実際にはAI使用を理解していたことを明かしながらも、LEON代表は「秘密保持の観点で開示できない」「(AIだと)自分は知らずに利用していた」などと“嘘”をついたことを説明した。しろまんた氏は自身のXや公式サイトでも、自身の作品について「AI学習使用禁止」であることを明言している。 またLEON代表は追記で「今回、私が主催したイベントのロゴにつきまして過去に頂いたイラストをもとにAIを使用してしまいました」と改めて経緯を説明。関係者やファンに向けて謝罪した上で「今回起こしてしまった事を真摯に反省し、1人の人間として当面自分を見つめ直す機会として活動を休止致します」と活動休止を発表し、「皆様ご迷惑をおかけし、本当に申し訳ございませんでした」とつづった。 LEON代表の発表を受けて、被害者のしろまんた氏も動画配信サイト「Twitch」で生配信を実施。発見した経緯について「(LEON代表主宰イベントの)配信を見たら僕のイラストが土台になっていそうなものがありました。絵をかいている身としてはAIを使用したイラストに見えて」と明かし、イベント終了後にLEON代表に質問したという。 LEON代表からは上記の通り「自身の意思でAI使用をしていない」「秘密保持で開示できない」という回答があり、しろまんた氏は最後に「本当にやってないんですよね？」と確認。その際にもLEON代表は「本当にやっていない」と答えていたという。最終的にはLEON代表本人の告白で嘘だったということが判明し、しろまんた氏は「そのときは(LEON代表を)信じることにしたんですけど…」と涙ながらに絶句した。 続けて「本人からは謝罪文をいただいたんですけど、誠意のある謝罪を求める形にするのであればSNSで今回の問題についてちゃんと説明をしてほしいとお願いして、今回LEON代表からSNS投稿されたという形になります」と、事の顛末を説明した。最後には「AI利用のこともあるんですけど、友人として嘘をつかれたことがとても悲しくて。容認はできなかった」と怒りをにじませた。 しろまんた氏は漫画「先輩がうざい後輩の話」などで知られる漫画家。SNS上ではゲーム配信なども行っており、配信者やバーチャルユーチューバー（VTuber）との交友も深い。 （よろず～ニュース編集部） よろず〜ニュース,[],[]
脳のがんで母を失った元天才子役も敬礼　演出舞台に53歳ガンダム芸人　38歳ラウンドガールは母子でポーズ（よろず～ニュース）,https://news.yahoo.co.jp/articles/10f8bce76905196981c168053243cafe42e5e187,https://newsatcl-pctr.c.yimg.jp/t/amd-img/20260906-11784079-yorozuns-000-1-view.jpg?exp=10800,2026-09-06T12:10:21+09:00,2026-09-06T12:10:21+09:00,よろず～ニュース,yorozuns,よろず～ニュース,937,若井おさむ＝2018年 フリーアナウンサーでタレント、女優の長久梨那が3日、自身のインスタグラムを更新。出演している舞台の集合ショットをアップした。 【写真】元天才子役も女優も敬礼 いかなる時もガンダム芸人は連邦軍の制服姿 長久はバレエ講師としての顔を持ち、ラウンドガールとしても活躍。2022年に結婚も25年に離婚している。この日は俳優の黒田勇樹が作・演出の「三栄町LIVE×黒田勇樹プロデュースvol.22『SHINKYO QUEST2〜修羅しゅしゅしゅ〜』」に母子で出演。「昨日は母の初舞台」と記し、8月6日にX(旧ツイッター)で「アラカン？アラ古希？の挑戦をぜひ応援していただけると嬉しいです」とつづっていた共演が実現したことを報告した。 黒田は0歳で赤ちゃんモデルとしてデビュー。6歳でNHK大河ドラマ「武田信玄」(1988年)に出演。2010年に28歳で一度俳優業を引退したが、芸能界に復帰。12年に歌手・中村瑠衣と結婚も翌年離婚している。また、21年に女優・珠居ちづるとの結婚と子供の存在を明かしたが、24年に離婚を報告。今年5月には4月に母を脳のがんで亡くしたことを伝えている。 長久は「ゲストは #若井おさむ さん」の後に「アムロ 行ッキマース!!」と続け、お笑いタレント・若井おさむが2日の日替わりゲストだったことを明かした。「さすがのおもしろさでした」と感嘆。「今度クリスタルジム行こー」と若井がトレーナーとして名を連ねる、お笑いコンビ・マヂカルラブリーの野田クリスタルが経営するジムの名前を挙げた。 若井は1973年生まれ。人気アニメ「機動戦士ガンダム」の主人公アムロ・レイのものまねで知られる。2008年に結婚も14年に離婚。21年に再婚している。この日も地球連邦軍の制服姿。長久母子も黒田も敬礼ポーズで写真におさまっている。 インスタグラムにもガンダムグッズや劇中のフレーズがたびたび登場する若井。直近1日の投稿は都内で展示されていた「実物大ユニコーンガンダム立像」(8月31日で終了)の前で、赤ちゃんを抱いている姿。「ユニコーンお疲れ様でした この子も4歳になって弟も2人出来たよ」とつづっていた。 （よろず～ニュース編集部） よろず〜ニュース,[],[]
マンションのベランダでBBQ→近隣住民が大激怒…これってダメなの？賠償請求される？【弁護士が解説】（よろず～ニュース）,https://news.yahoo.co.jp/articles/a9d26a2c641de3fe9ed653e465c235d164efa9f1,https://newsatcl-pctr.c.yimg.jp/t/amd-img/20260906-11784070-yorozuns-000-42381032-view.jpg?exp=10800,2026-09-06T11:50:05+09:00,2026-09-06T13:43:54+09:00,よろず～ニュース,yorozuns,よろず～ニュース,1231,ベランダバーベキューって法的にダメ？ ※画像はイメージです（LAKI 0308/photoAC） ベランピングという言葉でも知られるように、マンションのベランダで友人とバーベキューを楽しむ人は増えている。ただ、近隣住民から「煙と臭いが酷い！今すぐやめろ！」と大激怒されてしまうことも。 【写真】自宅でダウンした女優、近所の人の手助けで病院 このように「自分の家」という意識でおこなった行為が、思わぬ法的トラブルや賠償責任に発展することもありえる。そんなベランダ利用にはどのような法的リスクが潜んでいるのだろうか。まこと法律事務所の北村真一さんに話を聞いた。 ーマンションのベランダで、バーベキューをするのは自由ですか？ ベランダは専有部分ではなく、マンションの共用部分にあたります。住民には「専用使用権」が認められているに過ぎず、管理規約や使用細則による制限を受けます。 多くのマンションでは避難経路の確保や防火上の理由から、ベランダでの火気使用や迷惑行為が禁止されています。「自分の家だから自由」という認識は誤りであり、共同住宅である以上、近隣へ迷惑をかけない範囲で利用する法的義務があります。 ーマンションの管理規約で火気禁止なら、法的に処罰されますか？ 管理規約違反が直ちに刑事罰に結びつくわけではありません。しかし、区分所有法に基づき、管理組合から使用中止の勧告や差止請求を受ける対象となります。 指示に従わず悪質な違反を継続した場合は、裁判所から専有部分の使用停止など、民事上の厳しい法的措置がとられる可能性があります。規約違反は居住権を脅かす重大なトラブルに発展し得ます。 ー煙や匂いで洗濯物を汚されたと、近隣から賠償請求されることはありますか？ 受忍限度（社会生活上で我慢すべき限度）を超える煙や臭い、騒音で危害を与えた場合、民法709条の不法行為に基づき損害賠償責任を負う可能性があります。 近隣住民の洗濯物が煙で汚れた場合のクリーニング代や買い替え費用、衣類が使えなくなったことによる被害額、あるいは精神的苦痛に対する慰謝料などを請求されるリスクがあります。 ー警察に通報された場合、どんな罪に問われる可能性がありますか？ 大声や大音量の音楽で騒ぎ、警察官や周囲の制止を聞かずに不快な喧噪を生じさせた場合は、軽犯罪法違反（1条14号）に問われる可能性があります。また、火気を使用して火災の危険を生じさせた場合は過失失火罪などの検討対象となります。 さらに、注意しに来た近隣住民や警察官に対して逆上し、大声で威圧したり脅したりした場合は、脅迫罪（刑法222条）や強要罪（刑法223条）が成立する恐れもあるため注意が必要です。 ●北村真一（きたむら・しんいち） 弁護士 大阪府茨木市出身の人気ゆるふわ弁護士。「きたべん」の愛称で親しまれており、恋愛問題からM&Aまで幅広く相談対応が可能。 （よろず〜ニュース特約ライター・夢書房） よろず〜ニュース,[],[]
英政府　国民に備蓄を要請「ホーム・ディフェンス」推進策の一環　サイバー攻撃に「非常に脆弱」の指摘も（よろず～ニュース）,https://news.yahoo.co.jp/articles/255bf10d389a6d4101aac4885f7bef429603f3f6,https://newsatcl-pctr.c.yimg.jp/t/amd-img/20260906-11784063-yorozuns-000-1-view.jpg?exp=10800,2026-09-06T11:10:04+09:00,2026-09-06T11:10:04+09:00,よろず～ニュース,yorozuns,よろず～ニュース,1261,英政府が国民に備蓄を要請 ※写真はイメージです サイバー攻撃や国家間の緊張に備え、英政府が各家庭に飲料水や缶詰の備蓄を呼びかける方針を固めた。新たな「ホーム・ディフェンス」推進策の一環として実施される。 【写真】まるで映画!？蛾を使った秘密裏のコカイン撲滅計画を検討していた元英首相 政府高官らが金融紙に対し語ったところによると、この取り組みはサイバー攻撃、異常気象、敵対国家による行動などによる深刻な混乱に対処するため、家庭の対応力を高めることが目的だという。 計画されているソーシャルメディアを活用したキャンペーンでは、家庭での備えを強めるための簡単な方法に焦点を当てる方針で、米国における冷戦期の助言を念頭に「『身を隠して伏せろ』といったものではありませんが、飲料水や缶詰を備蓄するといった、自宅で身を守るために実践できる実用的なアドバイスとなります。不安をあおるものではなく、常識的な内容です」と政府関係者は述べている。 今回の動きは英国の外部脅威への対応手順をまとめた政府の「ウォーブック(有事マニュアル)」の改訂作業を閣僚らが加速させる中で進められている。この文書が最後に更新されたのは2004年で、ロシアと北大西洋条約機構(NATO)の衝突の可能性に関する警告を受けて、新版の策定作業が強化されてきた。 さらに、イランに関係するとされるハッカーグループが国内の小規模なエネルギー施設を攻撃したとみられる事件を受け、サイバー戦に対する懸念も高まっている状況だ。エネルギー専門家らは英国の電力インフラの一部がサイバー攻撃に対して脆弱であると警鐘を鳴らしており、家庭や企業に混乱が生じる懸念が指摘されている。 オックスフォード大学経済政策教授のディーター・ヘルム氏は、英国のエネルギーシステムがサイバー攻撃に対して「非常に脆弱」であると述べ、閣僚らに対して脅威をより深刻に受け取るよう求めた。主な標的としては、欧州を結ぶ送電線、ガスインフラ、洋上風力発電所などが挙げられている。もっとも、ダウニング街(英首相官邸)は、英国が世界でも有数の強固なエネルギーシステムを有していると主張している。 また、当局は8月初めにイングランドおよびウェールズ全域の山火事をめぐって緊急アラートが発令されたことを受け、緊急携帯電話アラートの運用見直しも進めている。 内閣府は「国家安全保障の守りは、いかなる政府にとっても最優先事項であります。我々は、家庭が備えを強めるために講じられる簡単な手順についての意識向上に取り組むとともに、さまざまな脅威に対する国の備えを構築する『ホーム・ディフェンス・プログラム』を強力に推進していきます」と表明している。 なお、今回提案されるアドバイスは差し迫った攻撃を予想していることを意味するものではなく、政府高官らはパニックを引き起こすことではなく、賢明な備えを目的としたキャンペーンになると強調している。 （BANG Media International／よろず～ニュース） よろず〜ニュース,[],[]
ロバート・カーライル「終わらせるつもりはなかった」 約10年ぶり監督は長編　性意識の違いなど描く（よろず～ニュース）,https://news.yahoo.co.jp/articles/004d8aefe00e5941c50a2ec337f3dacde5f759b2,https://newsatcl-pctr.c.yimg.jp/t/amd-img/20260906-11784051-yorozuns-000-1-view.jpg?exp=10800,2026-09-06T10:30:05+09:00,2026-09-06T10:30:05+09:00,よろず～ニュース,yorozuns,よろず～ニュース,795,ロバート・カーライル 俳優ロバート・カーライルが監督を務めた短編映画「Three」が、長編映画化されることになった。「トレインスポッティング」で知られるロバートが監督を務めるのは、2015年の「バーニー・トムソンの殺人日記」以来。脚本はアイザック・グリン氏とパトリック・マクファーソン氏が手がけ、グリンがマット役、女優ヴィクトリア・ハミルトンがサラ役、俳優ニコラス・ロウがエド役でそれぞれ出演している。 【写真】悪役俳優もさすがに憤慨！最も卑劣で嫌な役のオファー断ってた 物語は24歳の青年マットが、裕福な初老の夫婦サラとエドのロンドンの豪邸へ深夜に招かれるところから始まる。夫婦からの性的な誘いを受け入れたマットだったが、その関係は次第に支配と権力をめぐる危うい駆け引きへと変貌していく。 23分の本作は同意のあり方や階級、特権、抑圧された欲望、世代間の性意識の違いといったテーマを扱っており、ロバートはこれを「コンセプトの提示」だったと説明する。グリン氏とマクファーソン氏は現在、同じ登場人物たちを描く長編版の脚本に取り組んでいるという。 BANGショービズの取材に対し、ロバートは次のように語った。「最初から短編だけで終わらせるつもりはなかったんだ。長編化のための資金を集める、いわばコンセプト提示として作ったものだからね」「実現できることを願っているよ。インディーズ規模の映画で資金を集めるのは本当に難しいけど、いつか日の目を見てほしい」「あれが第1幕だと感じてもらえたなら嬉しいね。抑圧された欲望についての話であり、3人の間の力関係についての話でもあるんだ」 ロバートは経済力を武器にマットの体をさまざまな形で利用しようとする夫婦とマットとの間にある階級差を意識的に描き出そうとしたという。 （BANG Media International／よろず～ニュース） よろず〜ニュース,[],[]
グラドル→女優→29歳で社長　ベッドの上で魅せた｢いい女｣っぷりに反響 ｢オーラがすごい｣｢女神ですね｣（よろず～ニュース）,https://news.yahoo.co.jp/articles/10764e1885efe6d58d12fa091b30d5a53f75cdaf,https://newsatcl-pctr.c.yimg.jp/t/amd-img/20260906-11784042-yorozuns-000-1-view.jpg?exp=10800,2026-09-06T09:50:57+09:00,2026-09-06T09:50:57+09:00,よろず～ニュース,yorozuns,よろず～ニュース,501,清瀬汐希 女優の清瀬汐希(29)が5日、自身のインスタグラムを更新。大人の雰囲気漂う自撮りショットが反響を呼んでいる。 【写真】敢えて雑多な雰囲気が…オトナ女子の日常をのぞき見したみたい 「いい女ぶってるいい女です」とひと言だけ添え、ベッドに腰掛けた鏡越しのセルフショットを投稿。バッグをベッドの上に投げ出し、外出先から帰ったばかりのようなシーンだ。 薄い黄色のノースリーブワンピースからは、スラリとした腕と鎖骨も露わ。モデルやグラドルとしても活躍したスタイルの良さは健在で、「めちゃいい女 女神ですね」「可愛い、綺麗美しい、素敵です」「なんだ…ただただステキなイイオンナじゃないか!!こんな彼女欲しい」「めっちゃオーラがすごい」などとフォロワーを虜にしている。 清瀬はモデルやグラビアのほか、青山ひかる、橋本梨菜らグラドルで結成したアイドルグループ「sherbet」の一員としても活動。女優業にも進出し、2024年には映画「ル・ジャルダンへようこそ」で主演を務めた。26年4月にはシステムエンジニアリングサービス企業を立ち上げ、代表取締役に就任している。 （よろず～ニュース編集部） よろず〜ニュース,[],[]
ブラピ元妻の女優　恋人の後押しで「深い恐怖」を克服中　過去2度の結婚歴　ストレスへの対処法も明かす（よろず～ニュース）,https://news.yahoo.co.jp/articles/6eba9e17f145fef4fef613012aed797941340e3e,https://newsatcl-pctr.c.yimg.jp/t/amd-img/20260906-11784039-yorozuns-000-1-view.jpg?exp=10800,2026-09-06T09:10:05+09:00,2026-09-06T09:10:05+09:00,よろず～ニュース,yorozuns,よろず～ニュース,813,ジェニファー・アニストン 女優ジェニファー・アニストンが、恋人であるヒプノセラピスト、ジム・カーティス氏の後押しを受け、「深い恐怖」の克服に取り組んでいる。ジム氏はジェニファーが自信を持って人前で話せるようになるよう導こうとしており、その第一歩として、2日にニューヨークの「92NYレジデンス」内カウフマン・コンサートホールで行われた、自身の新著「TheBook of Possibility」刊行イベントの司会役をジェニファーに任せた。 【写真】思わず目を覆いたくなるイチャイチャぶり 恋多き人気女優 昨年11月、ジムの誕生日にインスタグラムで交際を公表していたジェニファーは、恋人であるジムにインタビューをした後、2人で観客からの質問に応じた。デイリー・メール紙によると、ある観客から「今日選ぶ『可能性』は何か」を尋ねられたジェニファーは「人前で話すことへの、とても深い恐怖を克服することを選ぶわ」と答えたという。ジェニファーは俳優のブラッド・ピットと2000年から05年まで、ジャスティン・セローと15年から18年までと2度の結婚歴がある。 ストレスへの対処法を聞かれると、ジェニファーはこう語った。「うまくやれていると思う。深呼吸と瞑想ね」「本当よ。深く5回、呼吸をするの。集中して、一呼吸置くのよ」 一方、トランスフォーメーショナル・コーチとして活動するジム氏は20代前半に脊髄に病変が見つかり、部分的な麻痺と慢性的な神経障害を抱えることになった当初、自身の健康状態を受け入れるのに苦労したという。「医師に何かを指示されたら、それに逆らって席を立てと言っているわけではない。僕が言いたいのは、被害者として生きる必要はないということなんだ。苦しみの中で生きる必要はない。それは、あなたの力に変えることができるから」と語っている。 （BANG Media International／よろず～ニュース） よろず〜ニュース,[],[]
えっ60歳！ 父はエースと呼ばれた名優　「キングダム」大将軍演じた俳優が激シブ還暦姿　ケーキもかっこよ（よろず～ニュース）,https://news.yahoo.co.jp/articles/4a11c921f6903258c97169d46b0cf3c37dff733c,https://newsatcl-pctr.c.yimg.jp/t/amd-img/20260906-11784035-yorozuns-000-1-view.jpg?exp=10800,2026-09-06T08:50:33+09:00,2026-09-06T08:50:33+09:00,よろず～ニュース,yorozuns,よろず～ニュース,765,宍戸開＝2014年 俳優・宍戸開が4日、自身のインスタグラムを更新。誕生日を迎えたことを報告し、祝福のコメントが寄せられている。 【写真】赤でまとめた還暦姿 とんでもない60歳の貫禄とシブさ 「 #還暦 」と記し、投稿したショットは赤でそろえた頭巾にちゃんちゃんこ姿。小首をかしげたカットに、正面を向いた姿、達筆で「六」とデコレーションされたチョコレートケーキの写真をアップした。ケーキの上には「HAPPY BIRTHDAY KAI」のプレートが配され、「6」と「0」の数字のキャンドルには火がともっている。 宍戸は1966年9月4日生まれ。父は日活アクション映画「渡り鳥」シリーズなどで活躍し、「エースのジョー」の愛称で親しまれた俳優の宍戸錠さん。88年のNHK大河ドラマ「武田信玄」で俳優デビューし、映画初主演の「マイフェニックス」(89年)では日本アカデミー賞の新人俳優賞を受賞している。2012年の映画「テルマエ・ロマエ」やフジテレビ系「くいしん坊！万才」では父子でリポーターを務めた。また「ファイト、イッパーツ！」で知られるエナジードリンクのCMなどでも活躍。写真家としての顔も持つ。 7月17日には公開中の映画「キングダム 魂の決戦」の衣装姿の写真を投稿。同作では山岳民族を束ねる燕の大将軍オルドを演じている。「よかった」「オルド将軍そのままでした」「ハマり過ぎでした」「イメージのまま最高でした」など多くの反応が寄せられていた。 この日の投稿にも節目への祝福はもちろん、「オシャレ」「カッコイイケーキですね」と達筆文字ケーキへの反応や、シブさを感じさせるダンディーな60歳に「ずっとそのまんまでいてください」「益々のご活躍楽しみにしております！」といった声が届いていた。 （よろず～ニュース編集部） よろず〜ニュース,[],[]
青信号だと…運転中に急ブレーキ！「歩車分離式」の信号機でドライバーが戸惑う理由とは【専門家が解説】（よろず～ニュース）,https://news.yahoo.co.jp/articles/7c01a5acb889dcfa8edfe3c04707158d534b6117,https://newsatcl-pctr.c.yimg.jp/t/amd-img/20260906-11784034-yorozuns-000-1-view.jpg?exp=10800,2026-09-06T08:30:19+09:00,2026-09-06T08:30:19+09:00,よろず～ニュース,yorozuns,よろず～ニュース,1516,青信号だと思ったら赤信号だった！ ※画像はイメージです（NEOヤジ1970/photoAC） 会社員のAさんは、休日に家族を車に乗せて普段は通らない道を運転していた。片側2車線の大きな交差点で赤信号のため先頭で停車し、信号が青に変わるのを待っていた。 【画像】運転中、ストレスに感じることとは しばらくすると、交差する側の車の流れが止まり、周囲の歩行者が横断歩道を渡り始めた。Aさんは「次はこちらが青だ」と思い込み、正面の信号を十分に確認しないままアクセルを踏んだ。しかし車が動き出した直後、右側の横断歩道から自転車が進んできたため、Aさんは慌てて急ブレーキを踏む。どうにか事故を免れたAさんが顔を上げると、正面の車両用信号は赤のままだ。 Aさんの目の前の信号は、歩行者と車両の通行時間を分ける「歩車分離式信号」だった。帰宅後に調べてみると、歩車分離式信号は人身事故が約4割、人対車両の事故が約7割減少させる効果があるらしい。ただこの信号に対してJAFは、一般的な信号機と勘違いして車や歩行者がうっかり進入するケースがあるとして注意を呼びかけている。 これを見たAさんは、自分が信号をしっかり確認しなかったことは反省しつつも「なんで事故数は減少している信号なのに、うっかり侵入してしまうんだ？」と疑問を抱いた。この疑問について、交通心理学の専門家である中井宏さんに聞いた。 ―歩車分離式の交差点では、なぜ周囲の信号や歩行者の動きから「次は自分が青だ」と思い込み、発進してしまうことがあるのでしょうか？ 運転は経験を積むほど、多くの動作を無意識に処理するようになります。普段の交差点で、交差する側の信号が赤になったのを見て「次は自分が青だな」と予測する経験を繰り返していると、同じ予測が別の交差点でも働くことがあります。正面の信号を確認しないのはミスですが、過去の経験が思い込みにつながることはあります。 ―「歩車分離式」の表示がない交差点もあります。事前に見分ける必要がありますか？ 表示がある交差点もありますが、重要なのは歩車分離式かどうかを見分けることではありません。発進するときは、対面する車両用信号の表示を確認することが基本です。歩行者用信号や隣の車の動きを発進の合図にしないことが大切です。 ―「つられ発進」を防ぐには、どのような確認を習慣にすればよいでしょうか？ 「周囲が動いたら発進する」のではなく、「正面の車両用信号が青になったことを確認してから発進する」と決めておくことです。歩行者や隣の車が動いても、一度正面の信号を見る習慣をつけることで、つられて発進するリスクを減らせます。 ―右左折する際、特に注意すべき点はありますか？ 歩車分離式には複数の制御方式があり、歩行者と車両の動きが常に完全に分かれているとは限りません。「歩車分離式だから横断者はいない」と思い込まず、横断歩道や周辺を直接確認してください。 特に自転車は、通行場所や信号の表示によって従う信号が異なる場合があります。「歩行者・自転車専用」の表示がある信号もあります。歩行者がいないことだけで安全だと判断せず、自転車を含め、自分の進路と交わる人や車両がいないかを確認することが大切です。 ◆中井宏（なかい・ひろし） 大阪大学大学院人間科学研究科准教授／日本交通心理学会事務局長 交通心理学・産業心理学を専門とし、ヒューマンエラーや違反の発生メカニズム、ドライバーのリスク知覚や安全行動などについて研究している。共著に「子どもを全力で守る本」、共編著に「応用心理学ハンドブック」などがある。 （よろず〜ニュース特約ライター・夢書房） よろず〜ニュース,[],[]
東日本大震災で感じた音楽の意味 作品づくりのために養蜂業も　MONKEY MAJIK「解散はもうない」メジャーデビュー20周年（よろず～ニュース）,https://news.yahoo.co.jp/articles/b5e8dbf7cb2accb763a135634b6db5d2e9432a36,https://newsatcl-pctr.c.yimg.jp/t/amd-img/20260906-11784023-yorozuns-000-1-view.jpg?exp=10800,2026-09-06T08:10:17+09:00,2026-09-06T08:10:17+09:00,よろず～ニュース,yorozuns,よろず～ニュース,2439,MONKEY MAJIKのメイナード（左）とタックス 2006年フジテレビ系ドラマ「西遊記」の主題歌「Around The World」が大ヒットするなど、今年でメジャーデビュー20周年を迎える4人組ロック・バンド「MONKEY MAJIK」（モンキーマジック）のメイナードとタックスがこのほど、大阪市内でよろず～ニュースの取材に応じた。仙台を拠点に活動する彼らが、東日本大震災への思い、養蜂を立ち上げた理由、これからについて語った。 【写真】防護服を着て養蜂の準備をするメイナード インディーズ時代の2001年から仙台を拠点に活動を続けているなかで、11年に東日本大震災で被災。メンバーは無事だったが、津波で大きく被害を受けた場所いる友人の安否確を確認し、多くの被災者に手助けができないかを考えた。 タックス「地元で起こった震災だったので、音楽で何かという発想よりは、何かできることっていうので、メイナードは泥かきに行って、ブレイズもそうだったし、僕もそういう活動していて。もう体があるんだったら、体を使って手伝いに行こうっていう風にして、しばらくはメンバーそれぞれで動いてやってました」 音楽活動は一時休止。被災地でのボランティア活動をしながら、震災前に決まっていた仕事のスケジューリング、被災者にできることはないかを話し合った。 タックス「被災されていないエリアでライブをして、集まったお金で、困っている方たちに役立ててもらうというか、そのために、音楽、僕らの力を使った方がいいんじゃないかと」 仙台のミュージシャンを集めて、バスで大阪に出向き、万博記念公園でフェスを行った。 タックス「自分たちも半信半疑だったんですけど。やったことによってすごく意味のあること、今まで音楽やってきてよかったなっていう部分もあるし、何かそういう弱っている人たちのための支えになる部分っていうので、サポートできたのかなって」 同年に「東北観光親善大使」に任命され、また東日本大震災復興支援プロジェクト｢SEND 愛｣を主催。チャリティーライブやオークションを実施し、その後も東北復興支援に向けた活動を継続している。 8年前からはメイナードとタックスは養蜂業をスタート。作詞に苦しんでいたタックスがメイナードに声をかけたのが、きっかけだった。 タックス「詞が作れないっていうか、もう感覚的に言葉が出ないっていうか。もう（歌詞を）置きに入っちゃう、ただの歌の言葉っていう感じになっちゃった時期があって。で、これじゃちょっとダメだなって思ったんですよ」 スタッフからもアドバイスをもらい、悩んだ末、自身の実体験を増やさなければならない、音楽以外で苦しい時間や張りのある時間をつくる必要があると感じた。メイナードから幼少期に親戚の養蜂を手伝った話を聞いていたこともあって、1年間準備をしてから、蜂蜜専門店「 Eight Crowns Japan」を設立した。 タックス「やればやっただけとちゃんと結果が出る時もあれば、そうじゃない時もあるので。そういったわびしさっていうか、そういうものもちゃんと自分で感じられることによって、その苦しみを作品に変えていこうって。あとは喜びも作品に変えられると思って、本当の言葉っていうのを自分の中から出せるようにしたいって思ったんです。なので、今はすごく作品づくりもやりやすくなってます。やっぱり生活の中にある音楽っていうのってすごく、人の心にも届くし、自分でもつくる意味があると思います」 熊に襲われて巣箱が全滅になったこともあったが、その経験は「Golden Road」の曲に生かされている。蜂蜜の通販など、養蜂業も徐々に軌道に乗っている。 インディーズからデビューして26年、メジャーデビュー20年。 メイナード「次々、楽しくてね、もうやめられないんじゃないかなっていうぐらい。ここまで長くやると、やり方は違ってもいいんですけど、なんかこう、解散っていうのはないんじゃないかな。まずは結成30周年が3年後なので、それまでたくさん活動していきたいなと思います。区切りというか、毎年目標がなくても、そのパーツパーツで頑張りたいですね。日本にはずっといると思います」 タックス「やっぱりいいメロディーをちゃんと作ってて、そこに歌詞を乗せて、みんなに届けていくっていう。その音楽の基本的なところをちゃんと大切にして、これからも多くの世代に愛されるような作品を作っていけたらいいなって思います」 9月2日にリリースした15thアルバム「Frequency」をでは、新進気鋭のソングライター・友成空やバンドファンを公言するJO1・川西拓実とのコラボ曲も収録。世代を超えたアーティストとの出会いも重ねがら、自分たちの歩きたい道を進んでいく。 ◆MONKEY MAJIK（モンキーマジック）カナダ人兄弟・メイナード(ボーカル&ギター)とブレイズ(ボーカル&ギター)、日本人のタックス(ドラム)とディック(ベース) からなる宮城県在住の4人組ロック・バンド。2006年1stシングル｢fly｣をリリースし、メジャーデビュー。2ndシングル｢Around The World｣は香取慎吾主演の2006年フジテレビ系ドラマ｢西遊記｣の主題歌として爆発的なヒットを記録。数多くのCMソングやドラマ・映画主題歌を手がけ、アーティストとのコラボレーションや楽曲提供も行う。2011年には｢東北観光親善大使｣に任命され、また同年に東日本大震災復興支援プロジェクト｢SEND 愛｣を主催、チャリティーライブやオークションを実施、その後も東北復興支援に向けた活動を継続。また、アジア・北米などのワールドツアーなど海外活動も行っている。今年2026年にメジャーデビュー20周年を迎え、2027年には年明けからアニバーサリーツアーを予定している。 （よろず～ニュース・中江 寿） よろず〜ニュース,[],[]
保育園の先生と13年間両立　元ミニスカポリス女優「何故か選ばれてしまった私」から始まった15周年に思い（よろず～ニュース）,https://news.yahoo.co.jp/articles/1a97a93d11715cdfb4f0c008e658a596c2726fcf,https://newsatcl-pctr.c.yimg.jp/t/amd-img/20260906-11784021-yorozuns-000-1-view.jpg?exp=10800,2026-09-06T07:51:01+09:00,2026-09-06T07:51:01+09:00,よろず～ニュース,yorozuns,よろず～ニュース,1187,"幸野ゆりあインスタグラム＠yulia.kohnoより 女優の幸野ゆりあが5日、自身のインスタグラムを更新。15代目ミニスカポリス時代やアイドル活動など軌跡を振り返り、思いをつづった。 【写真】可憐に着こなす制服のスカートふわり こゆりポリスだった頃 幸野は「2011.9.4 まだ学生だった今から15年前。 セクシーとは皆無だったのに何故かオーディションで選ばれてしまった私は、アイドルユニット『復活！ミニスカポリス』の正規メンバー、""こゆりポリス""としてステージでお披露目されました。」と明治学院大在学中に加入した新人時代を振り返る。 同年に初舞台も経験。「初めて出来たファンの人たちが応援してくれて、 #ミスFLASH2013 でファイナリスト、最高2位まで上り詰めることができました。」と続け、「15代目解散後は別ユニットやソロやらでしばらくアイドルやりながら舞台に出たり、振り返ると色々と懐かしく感じます。」と感慨深げに記した。 15代目ミニスカポリスを務めた後は13年に加入したアイドルグループ・怪傑！トロピカル丸(純情！トロピカル丸)のメンバーとして活動。15年の卒業後は人気メディアミックス作品「けものフレンズ」のアニメではインドゾウ役の声優を、舞台ではオオフラミンゴ役を担当した。ほかにもドラマや映画に出演している。 「最近はあまりLIVEをやる機会がなくなってしまいましたが… 大勢の観客の中で仲間と気持ちよく歌えたTIFのステージ。 けもフレLIVEでオオフラミンゴとしてポップアップ登場した時に沸いた歓声 忘れられない、忘れたくない、最高の瞬間たくさんありました。」と心に刻まれた思い出に触れた。 6月21日には「この13年間、保育園の先生として働きながら芸能活動をして参りましたが、今の保育園と今月いっぱいで契約満了となったのを機に、しばらく芸能・エンタメの道に専念してみることにしました…！」と告白。当時の投稿では「どちらも本業」と強い思いを持って臨んでいたこともうかがせている。 さらに「喉の手術から1ヶ月が経ち、歌うとまだ少し疲れやすいところはあるけど、またいつかステージ上でキラキラと歌う姿を見てもらえるようにリハビリ頑張ります (早くて今月の復帰イベントか!?)」と復活の日を見据えて意欲。26日に15周年記念イベントを予定していることも明かした。 女優としての顔に加え、7月14日にはマジシャンとしてパフォーマンスをした際のことを伝えている。今月2日には芸能事務所ジャスティスジャパンエンターテイメントと正式に業務提携することも発表。「何かのご縁で出会ってくれた皆様に感謝を伝え、 私自身もパワーをもらって、今後の活動の糧にしたいです 目指せ、20周年…!!!」と前向きな言葉で締めくくった。 （よろず～ニュース編集部） よろず〜ニュース",[],[]
東尋坊で撮影した写真でAI機能「人物を削除」を試したら→なぜか僧侶の人影のようなものが（よろず～ニュース）,https://news.yahoo.co.jp/articles/d9cf490697ce4410e1f266faeb5987f489d78b3c,https://newsatcl-pctr.c.yimg.jp/t/amd-img/20260906-11784020-yorozuns-000-1-view.jpg?exp=10800,2026-09-06T07:30:29+09:00,2026-09-06T07:30:29+09:00,よろず～ニュース,yorozuns,よろず～ニュース,1343,撮影した東尋坊の写真（宮田森さん提供） 「怖い話してもいいですか」 ピアニストである宮田森さん（@shin_miyata0112）が、福井県の名勝・東尋坊を撮影した写真にAI機能「人物を削除」を使うと不可解な現象が起こったことをSNSで明かした。 【写真】僧侶に見える人影 東尋坊にいる人々を選択してAI機能「人物を削除」を使用しただけ。それだけなのに、選択した人影はたしかに消えたが、新たにひとつの人影を生成したのだ。不思議すぎる。 その人影を拡大してみると、どうも僧侶の姿をしているように見える。そもそも、「東尋坊」の地名の由来は、悪僧である東尋坊を酔わせて突き落とした伝説から。この僧侶の影は、東尋坊そのひとなのか？はたまた、東尋坊を突き落とした真柄覚念なのか？それとも落ちる東尋坊に道連れにされた僧侶かもしれない。 伝説では、落とされた東尋坊の祟りで荒れ狂ったこの地だが、土地の者に頼まれた僧の長老瑞雲が「好図見性到心清 迷則平泉不太平 北海漫々風浪静 東尋何敢碍舟行」という詩を沈めたおかげで祟りは鎮まったのだという。 一般に知られる悪僧・東尋坊の伝説とは別に、福井市に伝わる伝説では、善僧「当仁坊」の話も残る。寺領を奪う者を戒めたために酔わされ、崖から落とされたという。こちらも死後に雷雨が起き、平泉寺が焼けたとも伝えられる。 AI生成が絡んだホラーといえば、2023年2月、富士の樹海である「AOKIGAHARA」をキーワードにしてAIに画像を生成させると、なぜか黒髪ロングの女性が生成されることが発見されて話題になった。こちらは、なぜ女性なのかがわからなかったが、東尋坊の僧侶は伝説と重なるのが面白い。 宮田森さんはこの写真を見たとき、どんな気持ちになったのか。こうした不可解な現象はこれまでもあったのか。話を聞いた。 ーー最初、この僧侶の姿を見たとき、どんな気持ちになりましたか。 宮田森：最初は二度見してしまうほど、信じられない気持ちでした。少し不気味だなとは思いましたが、不思議と嫌な怖さはありませんでした。 ーーAI機能「人物を削除」を使ったのははじめてでしょうか。 宮田森：これまでも何回か使用したことがあります。でも、今回みたいなことが起きたのははじめてでした。 ーー宮田さんは霊感があるほうですか。 宮田森：実はあります。今までもそれで怖い心霊体験をしたことが何度かありました。 ーーいろんな反応が集まっていますが、「これが答えかも」と感じたコメントはありましたか。 宮田森：「『人物』を削除する機能なので『人物』以外は消せない」というコメントが、なんとなくしっくり来ました（笑）。 ーー投稿の反響へのご感想をお聞かせください。 宮田森：正直、こんなに反応があるとは思っていなかったので、びっくりしています。皆さんがいろいろな推察をして楽しんでくれているようなので「良かったのかな」と思っています。 ◆ ◆ 宮田森さんは11月に静岡、東京、大阪の三都市でピアノのソロコンサートを開催する予定であり、ピアノ演奏の依頼にも全国で対応しているそうだ。これを機にピアノの演奏を聴きに行ってみてはいかがだろうか。 （よろず〜ニュース特約・モトタキ） よろず〜ニュース,[],[]
テストに出たら超難問！「姉の夫の妹の夫の娘」複雑すぎる関係　「前の夫の娘」はリアルだと「姉の夫の妹」の娘（よろず～ニュース）,https://news.yahoo.co.jp/articles/41c69dc7f96e288782de9b79441eac80715877d1,https://newsatcl-pctr.c.yimg.jp/t/amd-img/20260906-11784016-yorozuns-000-1-view.jpg?exp=10800,2026-09-06T07:10:29+09:00,2026-09-06T07:10:29+09:00,よろず～ニュース,yorozuns,よろず～ニュース,1077,藤田朋子＝2015年 女優の藤田朋子が4日、自身のインスタグラムを更新。人気ドラマの共演者と撮影した写真を投稿し、ファンを喜ばせた。 【写真】ホントの母娘みたい 撮影したのは「姉の夫の妹の夫の娘」 1日に都内で行われた演出家でプロデューサーの石井ふく子氏の「百寿を祝う会」。藤田は同氏が手がけた1990年からスタートしたTBS系ドラマ「渡る世間は鬼ばかり」で五女・長子役を演じた。そうそうたる面々が集ったなか、「渡鬼」フリークにはたまらない数々の写真を公開している。 「娘、大谷玲凪ちゃん(本間日向子)photo by 宇野なおみちゃん 前の夫の娘、山辺江梨ちゃん(遠山遊) 姉の息子」と続き、「富田慎之介くん(高橋望)とリアル旦那、桑山哲也」と藤田の本当の夫も登場。再び「渡鬼」に展開し、「姉の夫の上の妹の夫の娘(合ってる？)宇野なおみちゃん(加津) 夫の妹、小林綾子ちゃん(本間由紀) すぐ上の姉、野村真美さん(大原葉子) 」とキャストをどんどん登場させた。ちなみにドラマでは長子の血のつながらない娘を演じた山辺は小島邦子役(長子の姉の夫の妹)で出演した女優・東てる美の実の娘と頭がパニックになりそうな相関関係と言える。 どのショットも笑顔があふれており、「渡鬼」メンバーの絆を感じさせる。最後は窓辺に置かれた花瓶の写真。「石井ふく子先生の百寿のお誕生日会のあと、スタンド花を持ち帰って良いとのことで、好きな花を手に。」と説明し、「 #擬似親戚たち #渡る世間は鬼ばかり #慶事 #なんて平和な集まりでせう 」と思いが伝わるハッシュタグも添えていた。 前日3日には石井ふく子氏との写真もアップ。「この日を笑顔で迎えられたことが何よりも幸せ 感謝だらけの時間でした」と記したが、2枚目に「朝ドラ撮影の時にラブロマンスまで飛び出した仲(笑)」の俳優・船越英一郎をまじえた“訳あり”な3ショットも披露。藤田が主演した1988年のNHK連続テレビ小説「ノンちゃんの夢」では船越との結ばれない恋が描かれている。 ファンからは「(合ってる？)」と半信半疑だった難解な関係に「加津ちゃんは、姉の夫の妹の夫の娘じゃないですか」の声が寄せられ、「そこ！妹だ！態度が大きいから姉のイメージ！訂正します！」の冗談まじりのやりとりも。コメント欄は「かずちゃんとひなちゃんと長子ママが並ぶのレア〜」「遊ちゃんとのお別れシーンは涙腺崩壊でした 面影あります」「玲凪ちゃんと朋子さん本当の親子のよう」など歓喜のコメントであふれていた。 （よろず～ニュース編集部） よろず〜ニュース,[],[]
妻は絶頂期で引退した元アイドル　大河ドラマに主演の唯一無二の俳優の素顔【徹子の部屋】（よろず～ニュース）,https://news.yahoo.co.jp/articles/63491f020f68db6b8e500b93b52f440b2d3226ce,https://newsatcl-pctr.c.yimg.jp/t/amd-img/20260906-11784012-yorozuns-000-42380337-view.jpg?exp=10800,2026-09-06T06:50:10+09:00,2026-09-06T10:24:43+09:00,よろず～ニュース,yorozuns,よろず～ニュース,539,「徹子の部屋」 黒柳徹子(右)、竹中直人＝テレビ朝日提供 俳優の竹中直人が、7日放送予定のテレビ朝日系「徹子の部屋」(月～金、後1・00)に出演する。 【写真】人気絶頂時に引退した元アイドル妻が可愛すぎる！ 27歳で初出演した時、モノマネをする人だと思われていたという竹中。今年、70歳の古希を迎え、今や日本を代表する実力派の俳優として大活躍している。 30年前の、大河ドラマ「秀吉」で主演の豊臣秀吉に大抜擢され、俳優としての地位を確立した竹中、今年の大河では松永久秀役を熱演し話題になったが、若い共演者の中で…!? 今回は70歳の記念に、初出演した27歳の時、そして30代、40代、50代の貴重な“面白”映像を大公開！ 竹中の忘れられない大先輩の俳優が丹波哲郎さん、そして岸田今日子さん。2人との「最高」な想い出とは。更に子供の頃から憧れていた加山雄三と初めて会った日の驚きのエピソードも披露！竹中の愛する家族“孫”“愛猫”の話も飛び出し、楽しいトークと磨き上げられたモノマネ披露する。 過去に出演したときには元アイドル妻・木之内みどりさんとの電撃婚についてや、コメディアンとしてデビューし、毎日泣いていたことなどを明かしている。 （よろず～ニュース編集部） よろず〜ニュース,[],[]
