headline,mainEntityOfPage,image,datePublished,dateModified,author,media_en,media_jp,str_count,body,images,external_links
ザ・ノース・フェイス、高機能アウターが半額。楽天スーパーSALEに「トランスアンタークティカパーカ」登場（トラベル Watch）,https://news.yahoo.co.jp/articles/23dec019cd254f37b6ad0489c51f6f909edc0337,https://newsatcl-pctr.c.yimg.jp/t/amd-img/20240904-00000178-imptrw-000-1-view.jpg?exp=10800,2024-09-04T20:00:00+09:00,2024-09-04T20:00:00+09:00,トラベル Watch,imptrw,トラベル Watch,513,"\n写真：トラベル Watch\n楽天市場は、超目玉商品が半額以下になる「楽天スーパーSALE」を9月4日20時～11日1時59分に実施している。\n\n 本セールでは、THE NORTH FACE（ザ・ノース・フェイス）の「トランスアンタークティカパーカ（メンズ）」を50％オフで提供しており、通常価格7万1280円のところ、半額の3万5640円で販売する。販売期間は9月5日14時00分～14時59分の1時間。\n\n トランスアンタークティカパーカは、南極横断の隊員が着用していたウエアをベースにデザインしたフード付き防水シェルジャケット。GORE-TEX プロダクトの2層構造素材に、耐久性の優れた200デニールのリサイクルナイロン表地を採用している。\n\n フロントはダブルフラップ仕様により防水性を向上しているほか、脇下にはベンチレーションを備え、衣服内のムレを効率的に放出するデザイン。\n\n 左胸と背面には、南極横断隊に参加した各国の国旗、左腕には「TransAntarctica Expedition」のシリコンワッペンをあしらっている。着丈は、お尻が隠れる長めのつくり。\nトラベル Watch,編集部",['https://newsatcl-pctr.c.yimg.jp/t/amd-img/20240904-00000178-imptrw-000-1-view.jpg?pri=l&w=640&h=470&exp=10800'],['https://news.yahoo.co.jp/articles/23dec019cd254f37b6ad0489c51f6f909edc0337/images/000']
EcoFlowの512Whポータブル電源「RIVER 2 Max」が50％オフ。楽天スーパーSALEで（トラベル Watch）,https://news.yahoo.co.jp/articles/1690c298a1df523e5391c2ef9a6fa9de2c44ece7,https://newsatcl-pctr.c.yimg.jp/t/amd-img/20240904-00000177-imptrw-000-2-view.jpg?exp=10800,2024-09-04T20:00:00+09:00,2024-09-04T21:57:31+09:00,トラベル Watch,imptrw,トラベル Watch,470,"\n写真：トラベル Watch\n楽天市場は、超目玉商品が半額以下になる「楽天スーパーSALE」を9月4日20時～11日1時59分に実施している。\n\n 本セールでは、EcoFlowが512Whのポータブル電源「RIVER 2 Max」を50％オフで提供しており、通常価格6万4900円のところ、半額の3万2450円で販売する。販売期間は4日21時30分～59分限定。\n\n RIVER 2 Maxは、リン酸鉄リチウムイオンセルを採用したポータブル電源で、定格出力は500W（X-Boostで750W）。出力はACコンセント×4系統、USB Type-A×3系統、USB Type-C×1系統、シガーソケット×1系統、DC×2系統の計11ポートを備えている。\n\n 本体の充電はACコンセント、ソーラーパネル、シガーソケット、USB Type-Cの4通りに対応し、ACの場合（最大660W）は約1時間で満充電になる。\n\n 充放電サイクルは約3000回で、そのあとも初期容量の80％を維持するという。\nトラベル Watch,編集部",['https://newsatcl-pctr.c.yimg.jp/t/amd-img/20240904-00000177-imptrw-000-2-view.jpg?pri=l&w=640&h=426&exp=10800'],['https://news.yahoo.co.jp/articles/1690c298a1df523e5391c2ef9a6fa9de2c44ece7/images/000']
新型GoPro、2024年は2モデル！　4種のレンズキット対応の「HERO13 Black」と86gのコンパクト機「HERO」（トラベル Watch）,https://news.yahoo.co.jp/articles/ca90dfb0fc7401f576c4521545b291c82f7c7fae,https://newsatcl-pctr.c.yimg.jp/t/amd-img/20240904-00000182-imptrw-000-1-view.jpg?exp=10800,2024-09-04T22:00:00+09:00,2024-09-04T22:00:00+09:00,トラベル Watch,imptrw,トラベル Watch,2467,"\n写真：トラベル Watch\nGoProは9月4日、アクションカムの新モデル「GoPro HERO13 Black」と「GoPro HERO」を発表した。GoPro HERO13 Blackは9月10日、GoPro HEROは9月22日に発売する。\n【画像】GoPro HERO13 Black\n■ 設定連動の自動検出レンズ、マグネットマウント、新型バッテリほか、正統進化の「HERO13 Black」\n\n GoPro HERO13 BlackはHERO9から続くボディ形状を踏襲したメインストリーム機で、センサーサイズや手ブレ補正など内蔵エンジンまわりはHERO12と変わっていないが、細かな改良を加えて現行ボディ形状での最高地点に到達したといえる充実の仕様に仕上がっている。\n\n 本体価格は399ドル（日本での販売価格は6万8800円前後）。\n\n 最も大きなトピックは、「HBシリーズレンズ」4種を用意したことだ。既存のMaxレンズMod2.0と同等の「超広角レンズモジュラー」、露出を制御してモーションブラー効果などを得られる減光フィルターの「NDフィルター4個パック」、クローズアップ撮影が可能な「マクロレンズモジュラー」、21：9の映画撮影向けアスペクト比に対応する「アナモフィックレンズモジュラー」。\n\n いずれも手ブレ補正のHyperSmoothをサポート、傷のつきにくい撥水コーティングを施しており、特筆すべきは取り付けたレンズを“GoPro本体が自動検出する”点だ。例えば、NDフィルターはサードパーティの製品が以前から存在しているが、ND4～ND32など減光する量に応じてシャッター速度などを手動で設定する必要があった。\n\n しかし、今回登場したGoPro公式のレンズ群にはセンサーが埋め込まれているため、装着したレンズ種別をHERO13 Blackが自動認識して、最適な設定を適用する仕組みになっている。なお、解像度とフレームレート、Protuneの設定などは装着したレンズに応じて選ぶことができる。\n\n また、駆動時間向上のためにバッテリを一新している。容量を以前の1720mAhから1900mAhへ拡大することで、2.5時間以上（1080p30撮影時）の撮影が可能になった。ただし、バッテリ形状そのものと接点形状が変わっているため、過去製品との互換性はない（接点も1つ増えている）。\n\n 駆動時間の向上という点では、本体正面にヒートシンクを搭載したこともトピックと言える。\n\n マウントは、HERO12 Blackで伝統のフィンガーに加えて1/4ネジをサポートしたことが記憶に新しいが、新たにマウント基部にマグネットを内蔵した。「マグネット式のラッチマウント」（24.99ドル）を組み合わせることで素早い着脱が可能になった。他社のアクションカムで先行して取り入れていたマグネット式のマウントに追い付いた格好だ。\n\n マウントを駆使して画角を決めたあとにバッテリ交換などの理由で本体を外す状況はしばしばあるが、マグネット式になったことで着脱が容易になり、決めたアングルを崩すことなくGoProの取り外しができるようになった。\n\n 最後にもう1つユニークなアクセサリとして、「Contactoマグネット式ドア＋電源ケーブルキット」（79.99ドル）を紹介したい。サイドドアをマグネット式の防水接点に交換することで、ドアを開けずに充電（給電）が可能になるもの。IPX7準拠の10m防水に対応しており、さまざまな利用シーンが生まれそうだ。\n\n■ 「HBシリーズレンズ」4種を紹介\n□超広角レンズモジュラー\n\n 新しいアスペクト比1：1に対応する超広角レンズ。視野角は標準の155度に対して最高177度まで広がっており、最大4K60/1080p120のスローモーションをサポートする。\n\n 価格は99.99ドル（1万6800円前後）。\n\n□NDフィルター4個パック\n\n ND4/ND8/ND16/ND32の減光フィルター4枚セット。明るい環境ではシャッター速度が速くなり過ぎて流体などが止まったように撮れてしまうが、NDフィルターを使うことで水の流れや背景ブレなどを美しく映像に収めることができる。\n\n 価格は69.99ドル（1万2100円前後）。\n\n□マクロレンズモジュラー\n\n 標準レンズの4倍の接写が可能になるマクロレンズ。最短焦点距離は11cmで、レンズ内蔵リングを回すことでピント調節も可能。また、ピント位置は本体画面でフォーカスピーキング（ProtuneでON/OFF）として表示できる。\n\n 価格は129.99ドル（2万1800円前後）。\n\n□アナモフィックレンズモジュラー\n\n 映画制作などに向けたワイドスクリーン撮影用レンズ。21：9と16：9のアスペクト比に対応しており、カメラ本体内蔵のデスクイーズ機能でレンズにあわせて収録・再生できる。\n\n 価格は149.99ドルで、2025年発売。\n\n■ バッテリ内蔵、199ドルで4K撮影のシンプルコンパクト「GoPro HERO」\n\n HERO11 Blackの世代でディスプレイレスのHERO11 Black Miniが登場しているが、こちらはディスプレイを搭載しつつ、ビデオ（4K30、1080p30）、スローモーション（2.7K60）、写真（12MP）の3機能に絞り込んだモデル。\n\n 操作をシンプルにしたことでエントリーユーザー向けでもあり、AirPods Proケースと同等の56.6×29.4×47.7mm（幅×奥行き×高さ）のボディサイズに、86gの軽量設計のため、口でくわえるバイトマウントや頭部での固定などにも強みを発揮しそうだ。\n\n 本体価格は199ドル（3万4800円前後）。\nトラベル Watch,編集部：松本俊哉",['https://newsatcl-pctr.c.yimg.jp/t/amd-img/20240904-00000182-imptrw-000-1-view.jpg?pri=l&w=640&h=426&exp=10800'],"['https://news.yahoo.co.jp/articles/ca90dfb0fc7401f576c4521545b291c82f7c7fae/images/000', 'https://travel.watch.impress.co.jp/img/trw/docs/1621/335/html/02_o.jpg.html']"
このあと20時開始！　楽天トラベル スーパーSALE、海外ツアー最大5万円オフクーポンは先着利用（トラベル Watch）,https://news.yahoo.co.jp/articles/e8597f47dec4424d9e7f35204dcecd776081a1e3,https://newsatcl-pctr.c.yimg.jp/t/amd-img/20240904-00000173-imptrw-000-1-view.jpg?exp=10800,2024-09-04T19:30:23+09:00,2024-09-04T19:30:23+09:00,トラベル Watch,imptrw,トラベル Watch,564,"\n写真：トラベル Watch\n楽天トラベルは、全国の宿泊施設をお得に予約できる「楽天トラベル スーパーSALE」を9月4日20時～20日23時59分に実施する。\n【画像】クーポンの組み合わせで期間中毎日最大20％オフ\n国内宿泊では、セール期間中通期で利用できる5％オフクーポンを配布し、秋冬対象クーポンや、SALEプランを合わせると毎日最大20％オフになる。さらに、全国の宿泊施設1万9000点以上のお得な宿泊プランが登場。半額プランやポイント20倍のSALEプランも用意している。\n\n そのほか、9月6日、13日に利用できるテーマパーク提携ホテルを対象としたクーポン、9月7日19時から時間限定で利用できる最大1万円引きクーポンを配布。\n\n 事前配布している海外ツアー最大5万円引きクーポンは9月4日20時から先着利用で25枚。5万円引きクーポンは、9月14日19時には海外ツアー最大5万円引きクーポンも配布などを配布する。\n\n また、楽天モバイル契約者限定のポイントアップ還元キャンペーン、ボーナスプログラムキャンペーン、初めて利用の人限定のキャンピングカーレンタルセンターなども同時開催する（要エントリー）。\n\n 詳細はセール公式ページを確認いただきたい。\nトラベル Watch,編集部：二村 茜",['https://newsatcl-pctr.c.yimg.jp/t/amd-img/20240904-00000173-imptrw-000-1-view.jpg?pri=l&w=640&h=315&exp=10800'],"['https://news.yahoo.co.jp/articles/e8597f47dec4424d9e7f35204dcecd776081a1e3/images/000', 'https://travel.watch.impress.co.jp/img/trw/docs/1621/310/html/04_o.jpg.html']"
じゃらん、スリル満点な絶景アクティビティランキング。1位は群馬・天狗山のジップライン（トラベル Watch）,https://news.yahoo.co.jp/articles/cab128ed77e94d0102ac183182fd616a25faa9d8,https://newsatcl-pctr.c.yimg.jp/t/amd-img/20240904-00000163-imptrw-000-1-view.jpg?exp=10800,2024-09-04T18:00:00+09:00,2024-09-04T18:00:00+09:00,トラベル Watch,imptrw,トラベル Watch,982,"\n写真：トラベル Watch\nリクルートは、旅行情報誌「じゃらん」による「じゃらん スリル満点な絶景アクティビティランキング」を発表した。\n【画像】2位「フォレストアドベンチャー・三島スカイウォーク ロングジップスライド」\n調査はインターネットで行ない、「じゃらん」掲載スポットを中心にピックアップしたアクティビティのなかから、スリルを感じられると思う箇所を3つまで選択する形式で集計した。\n\n 1位から9位タイまでを公開しており、ランキングは以下のとおり。\n\n1位：天狗山プレイゾーン「BanZipTENGU」（群馬県）\n2位：フォレストアドベンチャー・三島スカイウォーク ロングジップスライド（静岡県）\n3位：鷲羽山ハイランド スカイサイクル（岡山県）\n4位：白馬岩岳マウンテンリゾート ヤッホー！スウィング（長野県）\n5位：天空ブランコ「みたけムササビスウィング」（東京都）\n6位：ニセコHANAZONOリゾート HANAZONO ZIPFLIGHT（北海道）\n7位：ぐんまこどもの国 サマーボブスレー（群馬県）\n8位：～河口湖～富士山パノラマロープウェイ カチカチ山絶景ブランコ（山梨県）\n9位タイ：大館・小坂鉄道レールバイク（秋田県）\n9位タイ：静岡市立 日本平動物園 ローラースライダー（静岡県）\n\n 1位の「天狗山プレイゾーン『BanZipTENGU』」は、草津温泉スキー場（群馬県吾妻郡草津町草津白根国有林158）内にあるジップライン。全長500m、高低差は108mに達し、草津温泉街を眼下に望める。\n\n 2位の「フォレストアドベンチャー・三島スカイウォーク ロングジップスライド」もジップラインで、こちらは日本一長い歩行者専用吊橋である三島スカイウォーク（静岡県三島市笹原新田313）に併設。全長は往復で560mあり、伊豆の山々だけでなく富士山まで眺望できる。\n\n 3位の「鷲羽山ハイランド スカイサイクル」は、その名のとおり鷲羽山ハイランド（岡山県倉敷市下津井吹上303-1）に設置。地上16mの高さに突き出したレールを2人乗り自転車で進むアトラクションで、レールには左右の傾きもあり、スリル満点。一方、瀬戸内海に向かって漕ぎ出すような広い眺めも楽しめる。\nトラベル Watch,編集部：町田莞太",['https://newsatcl-pctr.c.yimg.jp/t/amd-img/20240904-00000163-imptrw-000-1-view.jpg?exp=10800'],"['https://news.yahoo.co.jp/articles/cab128ed77e94d0102ac183182fd616a25faa9d8/images/000', 'https://travel.watch.impress.co.jp/img/trw/docs/1621/227/html/01_o.jpg.html']"
東京ディズニーランド、新ナイトエンタテイメント「Reach for the Stars」グッズ公開（トラベル Watch）,https://news.yahoo.co.jp/articles/ee3779ca4e5e13547b1c3cbb3181894f24f042c7,https://newsatcl-pctr.c.yimg.jp/t/amd-img/20240904-00000153-imptrw-000-1-view.jpg?exp=10800,2024-09-04T17:00:00+09:00,2024-09-04T17:00:00+09:00,トラベル Watch,imptrw,トラベル Watch,583,"\n写真：トラベル Watch\n東京ディズニーランドは、9月20日にスタートする新ナイトタイムエンターテイメント「Reach for the Stars」の記念グッズをお披露目した。東京ディズニーランドの商品店舗「グランドエンポーリアム」などで取り扱う。発売は9月19日。\n【画像】「トレーナー」（4500円）\n記念グッズは、舞台となるシンデレラ城を雲がふわりと取り囲む幻想的なデザイン。ディズニーのキャラクターが周囲に描かれ、華やかな雰囲気になっている。\n\n ラインアップは、トータル＆お揃コーデが楽しめる「トレーナー」（4500円）や「キャップ」（3200円）、ショー鑑賞前に使いたい「ブランケット」（5500円）に、荷物などをまとめられる「トートバッグ」（4200円）など、パークで活躍するアイテムを筆頭に、手にすればいつでもキャラクターたちとの大冒険の思い出が蘇るものばかり。\n\n「Reach for the Stars」は、ディズニーのキャラクターたちが夢を追い求めて空を翔ける姿を描くキャッスルプロジェクション。ディズニーの名曲とともに、シンデレラ城に映し出される鮮やかな映像にパイロのダイナミックな効果を始め、感動の約20分間が楽しめる。公演回数は1日1～2回を予定している。\n\n(c)Disney\nトラベル Watch,相川真由美",['https://newsatcl-pctr.c.yimg.jp/t/amd-img/20240904-00000153-imptrw-000-1-view.jpg?pri=l&w=640&h=426&exp=10800'],"['https://news.yahoo.co.jp/articles/ee3779ca4e5e13547b1c3cbb3181894f24f042c7/images/000', 'https://travel.watch.impress.co.jp/img/trw/docs/1621/223/html/002_o.jpg.html']"
NANGA、ミリタリー由来の防寒ダウン「ハッピージャケット」。街でもアウトドアでも着回しやすい（トラベル Watch）,https://news.yahoo.co.jp/articles/5eca32287077c9381f63c56e2cd070ef83ad6794,https://newsatcl-pctr.c.yimg.jp/t/amd-img/20240904-00000159-imptrw-000-1-view.jpg?exp=10800,2024-09-04T17:30:43+09:00,2024-09-04T17:30:43+09:00,トラベル Watch,imptrw,トラベル Watch,593,"\n写真：トラベル Watch\nアウトドアブランド「NANGA」と寝具メーカー「AQUA」は、共同開発したハッピージャケットおよびインナーダウンベストをCAMPFIREで先行販売している。応援購入は9月30日まで受け付け、10月中旬～末に順次発送予定。\n【この記事に関する別の画像を見る】\nハッピージャケットは、米軍海兵隊のアウターとして支給されていたジャケットの通称。防寒・撥水・軽量に優れたNANGAダウンに、ミリタリーらしいゆとりあるシルエットながら余分な装飾を省いたミニマルさ、街でもアウトドアでも使える着回し力を備えた。ブラックとアイボリーの2色展開で、サイズはM、L、XL、2L、3L（3Lはブラックのみ）。\n\n 一般販売予定価格7万9800円のところ、37％オフの超超早割で5万円、20％オフの超早割で税込6万4000円。\n\n インナーダウンベストは、ハッピージャケットと同じ生地を使用。光沢のないマットな質感なので、普段着だけでなくスーツのインナーにも適する。軽アウターとして、パーカーや厚手のニットに合わせて秋から春先まで使える。ブラックの1色展開で、サイズはM、L、XL、2L、3L。\n\n 一般販売予定価格3万8000円のところ、34％オフの超超早割で2万5000円、16％オフの超早割で3万2000円。\nトラベル Watch,編集部：白江ちなみ",['https://newsatcl-pctr.c.yimg.jp/t/amd-img/20240904-00000159-imptrw-000-1-view.jpg?pri=l&w=640&h=426&exp=10800'],"['https://news.yahoo.co.jp/articles/5eca32287077c9381f63c56e2cd070ef83ad6794/images/000', 'https://travel.watch.impress.co.jp/img/trw/docs/1621/215/html/03_o.jpg.html']"
東京ディズニーリゾート、Reach for the Starsプレビュー公演の実施を発表。ゲストに向けて当日の公演時間や注意事項など告知（トラベル Watch）,https://news.yahoo.co.jp/articles/5adc4460678450b69473ae55b501bd3848b80934,https://newsatcl-pctr.c.yimg.jp/t/amd-img/20240904-00000149-imptrw-000-1-view.jpg?exp=10800,2024-09-04T16:33:51+09:00,2024-09-04T16:33:51+09:00,トラベル Watch,imptrw,トラベル Watch,515,"\n写真：トラベル Watch\n東京ディズニーリゾートは、9月20日からスタートする新ナイトタイムエンターテイメント「Reach for the Stars」のプレビュー公演の実施を公式サイトでアナウンスした。\n\n お知らせには、前日の9月19日に実施する「Reach for the Stars」プレビュー公演の概要が記されている。\n\n 実施場所は、シンデレラ城（キャッスル・フォアコート）。開始時間は、1回目が18時15分（予定）、2回目が20時40分（予定）とのこと。公演時間は各回約20分。プレビュー公演のため、予告なく内容の変更や休止をする場合もある。\n\n お知らせでは、鑑賞ならびに通行ができないエリアをマップで表記。また、本公演はメディア関係者や各種キャンペーンに当選したゲスト向けであることや、大型機材の使用などにより視界が遮られる可能性もあると記している。なお、当日のディズニー・プレミアアクセスの販売、エントリー受付もない。\n\n さらに、地域や近隣住民への配慮を促すとともに、深夜・早朝から入園を待つ行為をしないよう言及している。\n\n(c)Disney\nトラベル Watch,相川真由美",['https://newsatcl-pctr.c.yimg.jp/t/amd-img/20240904-00000149-imptrw-000-1-view.jpg?pri=l&w=640&h=426&exp=10800'],['https://news.yahoo.co.jp/articles/5adc4460678450b69473ae55b501bd3848b80934/images/000']
ハウステンボス、2024年のハロウィーンフェスは9月13日から。今年もミッフィーが登場、夜の恐怖体験はさらに進化（トラベル Watch）,https://news.yahoo.co.jp/articles/0e9eb097ee91051bc3987bed896069b9e2ec3672,https://newsatcl-pctr.c.yimg.jp/t/amd-img/20240904-00000141-imptrw-000-1-view.jpg?exp=10800,2024-09-04T15:51:22+09:00,2024-09-04T15:51:22+09:00,トラベル Watch,imptrw,トラベル Watch,766,"\n写真：トラベル Watch\nハウステンボス（長崎県佐世保市ハウステンボス町1-1）は、2024年の「ハロウィーンフェスティバル」を9月13日～11月4日に実施する。\n【画像】ミッフィーとメラニーのハッピーハロウィーンパレード\n昼と夜で異なる体験を取り入れており、日中はミッフィーをフィーチャーしたイベント、夜間は恐怖を前面に押し出したプログラムを行なう。\n\n フロートが園内を巡る「ミッフィーとメラニーのハッピーハロウィーンパレード」では、途中でミッフィーたちと踊るダンシングタイムを初めて開催。シャボン玉が浮かぶ中、パレードに参加しているような感覚が楽しめるという。また、ミッフィーがシーツを被った「おばけミッフィー」が毎日登場し、ぬいぐるみなどオリジナルグッズも展開する。\n\n 一方、夜間は園内を不気味な色合いで演出する「ホーンテッド・ハロウィーン」を実施（火・水曜を除く）。18時になると「闇の使者」が園内に繰り出し、突然ゲストに襲い掛かったかと思えば一斉にダンスを踊り出したりと、さまざまな動きを見せる。また、ホラーに特化したミッションクリア型メイズ「ミッション・イン・サイレンス」も登場し、音を立てずに呪いを解く体験ができる。\n\n このほか、「ハロウィーンナイト花火」を主に土・日曜限定で開催。ランタンを空に放つ「スペクタクルランタンナイトショー」の期間もハロウィーン期間まで延長となる。\n\n 秋のグルメ情報も公開しており、「とろ～り旨なすのレアサーモンドリア ～たっぷり県産茸と共に～」「長崎対馬地どりと県産キノコのフリカッセ」といった秋の味覚を使った料理のほか、安納芋と紫芋を使った「ハロウィーン風パフェ」も提供する。\n\n(c)Mercis bv\nトラベル Watch,編集部：町田莞太",['https://newsatcl-pctr.c.yimg.jp/t/amd-img/20240904-00000141-imptrw-000-1-view.jpg?pri=l&w=640&h=388&exp=10800'],"['https://news.yahoo.co.jp/articles/0e9eb097ee91051bc3987bed896069b9e2ec3672/images/000', 'https://travel.watch.impress.co.jp/img/trw/docs/1621/192/html/01_o.jpg.html']"
ホノルルクッキー、秋限定「パンプキン」。ホワイトチョコがけ/ハロウィンBOX詰合せ/ハワイ大学コラボも（トラベル Watch）,https://news.yahoo.co.jp/articles/877ac091729babaac03ae850eab9104d24cfddad,https://newsatcl-pctr.c.yimg.jp/t/amd-img/20240904-00000140-imptrw-000-1-view.jpg?exp=10800,2024-09-04T15:39:50+09:00,2024-09-04T15:39:50+09:00,トラベル Watch,imptrw,トラベル Watch,1089,"\n写真：トラベル Watch\nホノルル・クッキー・カンパニーは、2024年秋限定コレクションを9月4日に発売した。\n【画像】ハロウィン限定パッケージBOX\n秋フレーバーとして、かぼちゃのスパイスと甘みを絶妙なブレンドで焼き上げた「パンプキン」と、それにクリーミーなホワイトチョコをかけた「ホワイトチョコレートパンプキン」の2種類が再登場。\n\n そのほかハロウィン気分を盛り上げる詰合せBOX、ギフトに人気の“パイナップル缶”秋限定バージョン、オンライン限定販売の秋フレーバー16枚入りBOX、グッズのステッカーなどをラインアップしている。\n\n また、一口サイズのパンプキンクッキーが約198g入った袋タイプも発売。再密封可能な袋なので、秋の旅先で味わったりシェアしたりするのにお勧めという。\n\n さらに今回、ハワイ大学ウエスト・オアフ校とコラボした“サーフボード缶”が同時発売。コンテストで選ばれた学生のパッケージデザインになっている。\n\n 日本への発送は未対応（9月時点）としているが、Yahoo!ショッピングや一部コストコで秋限定アイテムを購入できるとのこと。\n\n■ ホノルルクッキー 2024年秋限定コレクション\nハロウィン トリート ボックス アラカルト\n\n価格：5.95ドル\n内容：選べるフレーバー5枚入り\n\nハロウィン トリート ボックス\n\n価格：5.95ドル\n内容：5フレーバー5枚入り\n\nデカール トリック オア トリート パイナップル（ステッカー）\n\n価格：3ドル\n\nパンプキン ミニバイト スナック パック 7オンス\n\n価格：7.95ドル\n内容：ミニサイズパンプキン約198g（約37～40個）入り\n\nパンプキン パイナップル ギフト缶\n\n価格：13.95ドル\n内容：2フレーバー9枚入り（パンプキン5枚、ホワイトチョコレートパンプキン4枚）\n\nシングル フレーバー ボックス パンプキン（オンライン限定）\n\n価格：20.95ドル\n内容：パンプキン16枚入り\n\nシングル フレーバー ボックス ホワイトチョコレートパンプキン（オンライン限定）\n\n価格：20.95ドル\n内容：ホワイトチョコレートパンプキン16枚入り\n\nカリッサ ムーア アロハ サーフボード ギフト缶\n\n価格：20.95ドル\n内容：6フレーバー15枚入り\n\nデカール カリッサ ムーア アロハ サーフボード（ステッカー）\n\n価格：3ドル\nトラベル Watch,編集部：白江ちなみ",['https://newsatcl-pctr.c.yimg.jp/t/amd-img/20240904-00000140-imptrw-000-1-view.jpg?pri=l&w=640&h=512&exp=10800'],"['https://news.yahoo.co.jp/articles/877ac091729babaac03ae850eab9104d24cfddad/images/000', 'https://travel.watch.impress.co.jp/img/trw/docs/1621/193/html/02_o.jpg.html']"
ロゴス、キャンプ用品がお得な「LOGOS 2024秋セット」。シュラフ/チェア/フリース素材のチェアカバーなど（トラベル Watch）,https://news.yahoo.co.jp/articles/76789a463f2ae69d520ef79ecb94354d537aa15e,https://newsatcl-pctr.c.yimg.jp/t/amd-img/20240904-00000112-imptrw-000-1-view.jpg?exp=10800,2024-09-04T13:15:36+09:00,2024-09-04T13:15:36+09:00,トラベル Watch,imptrw,トラベル Watch,592,"\n写真：トラベル Watch\nアウトドアブランド「LOGOS」を展開するロゴスコーポレーションは、秋キャンプにお勧めのアイテムをお得に購入できる「LOGOS 2024秋セット」を発売した。全国のロゴス専門店、公式オンライン店、取扱店舗の約87店舗で取り扱う。\n【画像】丸洗いソフトタッチシュラフ・-4 2個セット\nセットに含まれるのは、丸洗いできるシュラフやゆったり座れるダイニングチェア、フリース素材のチェアカバー、置いたものが落ちにくいテーブルなど。ほかにもカップルや家族でシェアできる寝具や椅子の2個セットを用意する。ロゴスお勧めセット3選は以下のとおり。\n\n■ 丸洗いソフトタッチシュラフ・-4 2個セット\n\n価格：2万5000円（通常3万1900円）\n内容：「丸洗いソフトタッチシュラフ・-4」×2個\n\n■ ダイニングマスターチェア＋チェアカバーセット\n\n価格：1万1000円（通常1万3860円）\n内容：\n・Tradcanvas ダイニングマスターチェア\n・フリースチェアカバー（LOGOS LAND）\n\n■ ポータブルあぐらチェア＋ローテーブルセット\n\n価格：1万1000円（通常1万4850円）\n内容：\n・Tradcanvas ポータブルあぐらチェア\n・ハードマイテーブル・ワイド\nトラベル Watch,編集部：丸山花梨",['https://newsatcl-pctr.c.yimg.jp/t/amd-img/20240904-00000112-imptrw-000-1-view.jpg?pri=l&w=640&h=288&exp=10800'],"['https://news.yahoo.co.jp/articles/76789a463f2ae69d520ef79ecb94354d537aa15e/images/000', 'https://travel.watch.impress.co.jp/img/trw/docs/1621/124/html/02_o.jpg.html']"
立山黒部アルペンルートの紅葉情報が配信開始。1000円超引きの「秋の早割10」実施中（トラベル Watch）,https://news.yahoo.co.jp/articles/567b469c8681ddda7aef2f071cf6057d5da0586b,https://newsatcl-pctr.c.yimg.jp/t/amd-img/20240904-00000120-imptrw-000-1-view.jpg?exp=10800,2024-09-04T13:49:42+09:00,2024-09-04T13:49:42+09:00,トラベル Watch,imptrw,トラベル Watch,224,"\n写真：トラベル Watch\n立山黒部貫光は、立山黒部アルペンルートの紅葉情報の配信を開始した。11月上旬までの予定。\n【画像】みくりが池周辺\n期間中は、ルート内10か所の紅葉情報を週2回程度配信する。\n\n また、11月4日利用分までを対象に、10日前までの予約で割引となる「秋の早割10」をWebサイトで販売している。例として、立山駅～扇沢間の片道は通常から1140円引きの9800円となる。\nトラベル Watch,編集部：町田莞太",['https://newsatcl-pctr.c.yimg.jp/t/amd-img/20240904-00000120-imptrw-000-1-view.jpg?exp=10800'],"['https://news.yahoo.co.jp/articles/567b469c8681ddda7aef2f071cf6057d5da0586b/images/000', 'https://travel.watch.impress.co.jp/img/trw/docs/1621/148/html/01_o.jpg.html']"
フロントオープン型スーツケース「BLUE WHALE」、キャスターの改良、持ち手追加などリニューアル（トラベル Watch）,https://news.yahoo.co.jp/articles/447858a9cbf8e6b61d028bd70b690726cf19ee1d,https://newsatcl-pctr.c.yimg.jp/t/amd-img/20240904-00000113-imptrw-000-1-view.jpg?exp=10800,2024-09-04T13:23:35+09:00,2024-09-04T13:23:35+09:00,トラベル Watch,imptrw,トラベル Watch,453,"\n写真：トラベル Watch\nティーアンドエスは、「LEGEND WALKER」ブランドから展開しているスーツケース「BLUE WHALE」をリニューアルした。\n【画像】エキスパンダブル寄稿、フックを兼ねる台座など既存のポイント\n「BLUE WHALE」はフロントオープン型で、拡大幅約7cmのエキスパンダブル（拡張）機構を搭載。生地やファスナーには撥水素材を使用している。今回のリニューアルでは、キャスターを緩衝性・滑らかさ・静音性に優れる「FlexWalker」としたほか、底部に持ち手、側面にはドリンクホルダーを追加。最新のTSロックも採用した。\n\n 37/48LのS、65/81LのM、88/108LのL（容量はそれぞれ拡張前/拡張後）からなる3サイズを展開しており、公式オンラインショップでの価格はそれぞれ2万2800円、2万7280円、3万1680円。カラーは各サイズともブラック、シャンパンゴールド、ネイビー、オレンジ、グリーンの5種類。\nトラベル Watch,編集部：町田莞太",['https://newsatcl-pctr.c.yimg.jp/t/amd-img/20240904-00000113-imptrw-000-1-view.jpg?pri=l&w=640&h=360&exp=10800'],"['https://news.yahoo.co.jp/articles/447858a9cbf8e6b61d028bd70b690726cf19ee1d/images/000', 'https://travel.watch.impress.co.jp/img/trw/docs/1621/134/html/01_o.jpg.html']"
開業直前「キャノピーbyヒルトン大阪梅田」を見てきた！　眺めのいいスイート含む全308室、日本進出第1号店（トラベル Watch）,https://news.yahoo.co.jp/articles/efae131f75079eeb690267bec0684cc4563f4cf5,https://newsatcl-pctr.c.yimg.jp/t/amd-img/20240904-00000105-imptrw-000-1-view.jpg?exp=10800,2024-09-04T13:00:03+09:00,2024-09-04T13:00:03+09:00,トラベル Watch,imptrw,トラベル Watch,1388,"\n写真：トラベル Watch\nJR大阪駅北側の大規模再開発プロジェクト、うめきた2期区域「グラングリーン大阪」が9月6日に先行まちびらきする。\n【画像】駅直結の都市型公園としては世界最大規模を誇るうめきた公園。写真は南街区のサウスパーク\nグラングリーン大阪は、約9万1150m2の敷地のうち、約4割の施設が完成。北街区の商業施設「ショップ＆レストラン」や日本初進出ホテル「キャノピーbyヒルトン」、そして南街区の芝生広場などがオープンする。\n\n 6日のオープンに先立ち、関係者や報道陣にオープン予定の施設内覧会が行なわれ、一足先にグラングリーン大阪を体感してきた。\n\n なかでもひときわ存在感を放っていたのが「キャノピーbyヒルトン大阪梅田」（大阪府大阪市北区大深町6-38グラングリーン大阪 北館）。「キャノピーbyヒルトン」は2014年にスタートした、ヒルトンが展開する地域密着型ライフスタイルホテルブランドで、ホテルが立地する地域の文化を随所に取り入れたデザインやサービスが売りのホテル。「キャノピーbyヒルトン大阪梅田」はその日本進出第1号店となる。\n\n ホテルは北街区のノースタワーの9階から25階を専有。ノースタワー1階にはホテル専用のエレベーターと、カフェスペース「Bean There, UMEDA」を併設。レセプションは11階で、13階から25階を客室フロアとして使用する。\n\n 客室数は全308室で、うち53室がスイートルーム、19室のコネクティングルームを有し、あらゆる顧客のニーズに対応する。\n\n。大阪の街並みが楽しめる「キャノピールーム」とうめきた公園や淀川を一望できる「キャノピービュールーム」がある\n\nのコーナースイートルーム。各階の角部屋に位置しており、計51室。ベッドルームのコーナーウィンドウからの景色は絶景\n\nを誇り、ソファやダイニングテーブルを配置。コーナーウィンドウからはうめきた公園や淀川を望むことができる\n\n また11階にはレセプション、朝食・昼食・ディナーを提供するオールデイダイニング「CC: CARBON COPY」、再開発地区が一望できるバー＆ラウンジ「！JAJA！BAR（ジャジャバー）」を併設。そのほかにも、さまざまなシーンに対応可能な3つのミーティング施設や24時間利用可能なフィットネスを備えている。\n\n グラングリーン大阪の先行まちびらきでは、北街区の中核施設「JAM BASE」や商業施設「ショップ＆レストラン」、南街区の芝生広場などが同時にオープンする。\n\n うめきた2期区域は、西日本最大のターミナル駅「JR大阪駅」の北側に位置。旧梅田北ヤードの跡地再開発で、2013年に開業した「グランフロント大阪」に続く再開発プロジェクトとなる。\n\n うめきた2期区域「グラングリーン大阪」の総面積は約9万1150m2で、駅直結の都市公園としては世界最大規模4万5000m2を誇る「うめきた公園」を中心に、南街区・北街区を有する総事業費約6000億円の大規模複合開発地区となっている。\n\n 2025年春ごろには現在工事中の南街区の商業施設やオフィス、ホテルが入る南館が開業する予定で、2027年度に全体まちびらきを予定している。\nトラベル Watch,竹信大悟",['https://newsatcl-pctr.c.yimg.jp/t/amd-img/20240904-00000105-imptrw-000-1-view.jpg?pri=l&w=640&h=426&exp=10800'],"['https://news.yahoo.co.jp/articles/efae131f75079eeb690267bec0684cc4563f4cf5/images/000', 'https://travel.watch.impress.co.jp/img/trw/docs/1621/104/html/002_o.jpg.html']"
親子で着ると「E353系あずさ」がつながる、OJICO長袖Tシャツ。中央線沿線で先行発売（トラベル Watch）,https://news.yahoo.co.jp/articles/51226fa8181e30cca66b6cd9557b7262707491bf,https://newsatcl-pctr.c.yimg.jp/t/amd-img/20240904-00000109-imptrw-000-1-view.jpg?exp=10800,2024-09-04T13:06:51+09:00,2024-09-04T13:06:51+09:00,トラベル Watch,imptrw,トラベル Watch,304,"\n写真：トラベル Watch\nチャンネルアッシュは、同社が展開するブランド「OJICO」から、E353系あずさをモチーフにした長袖Tシャツを中央線沿線で9月5日に先行発売する。\n\n 価格は大人サイズ（S・M・L・LL・3L）が各6270円、子供サイズ（90～145cm）が各4510円で、カラーはブラックの1色展開。\n\n 9月5日～18日は三鷹駅、9月30日～10月14日はエキュート立川のOJICO期間限定ショップで取り扱う。10月15日以降は、沿線で開催するOJICO期間限定ショップや公式オンラインショップ、そのほか取扱店舗にて販売を予定している。\nトラベル Watch,編集部：二村 茜",['https://newsatcl-pctr.c.yimg.jp/t/amd-img/20240904-00000109-imptrw-000-1-view.jpg?pri=l&w=640&h=426&exp=10800'],['https://news.yahoo.co.jp/articles/51226fa8181e30cca66b6cd9557b7262707491bf/images/000']
伊豆シャボテン動物公園、今年の「元祖カピバラの露天風呂」は11月1日から（トラベル Watch）,https://news.yahoo.co.jp/articles/d83d8f866215b729bb024be5a26501e4ccd0b975,https://newsatcl-pctr.c.yimg.jp/t/amd-img/20240904-00000104-imptrw-000-1-view.jpg?exp=10800,2024-09-04T12:58:17+09:00,2024-09-04T12:58:17+09:00,トラベル Watch,imptrw,トラベル Watch,378,"\n写真：トラベル Watch\n伊豆シャボテン動物公園（静岡県伊東市富戸1317-13）は、「元祖カピバラの露天風呂」を11月1日から実施する。\n【画像】鬼ゆずの湯\n1982年に開始した恒例のイベントで、今年はイベントの人気を受けて例年より早くスタート。実施期間は11月1日～4日、9日～10日、11月16日～2025年4月5日で、平日は13時30分～14時30分の1日1回、土日祝・冬休み・春休み期間は1回目10時30分～11時30分、2回目13時30分～14時30分に行なう。\n\n 11月1日のイベント初日は10時30分からテープカットを模した“カピバラの草カット”を行なう。お風呂は「鬼ゆずの湯」。また、週末や冬休み・春休み期間には「だいだいの湯」「りんごの湯」「バラの湯」などの変わり湯も行なう。\nトラベル Watch,編集部：二村 茜",['https://newsatcl-pctr.c.yimg.jp/t/amd-img/20240904-00000104-imptrw-000-1-view.jpg?pri=l&w=640&h=426&exp=10800'],"['https://news.yahoo.co.jp/articles/d83d8f866215b729bb024be5a26501e4ccd0b975/images/000', 'https://travel.watch.impress.co.jp/img/trw/docs/1621/073/html/02_o.jpg.html']"
「クラフト餃子フェス」さいたま新都心で10月開催。肉汁爆弾！　見た目も具材もユニークな全国26品（トラベル Watch）,https://news.yahoo.co.jp/articles/5fa8392d8cef65cc167c7788be93741b619d5274,https://newsatcl-pctr.c.yimg.jp/t/amd-img/20240904-00000083-imptrw-000-1-view.jpg?exp=10800,2024-09-04T12:00:00+09:00,2024-09-04T12:00:00+09:00,トラベル Watch,imptrw,トラベル Watch,1550,"\n写真：トラベル Watch\nLAF Entertainmentは、「クラフト餃子フェス SAITAMA 2024」を10月9日～14日に開催する。会場は、さいたま新都心 けやきひろば（埼玉県さいたま市中央区新都心10）。\n【画像】料理やドリンクを行列に並ぶことなくスタッフが運んでくれる「有料シート」予約受付は、クラフト餃子フェス公式アプリで9月10日から\n今年は餃子13店舗とチャーハンブース、ドリンク＆スイーツ7店舗が出店。北海道から宮崎まで、全国26種類のクラフト餃子がラインアップする。焼き、水、揚げ、蒸しなどの多様な食べ方はもちろん、餡や皮、タレにこだわる餃子、豚肉だけでなく牛肉や鶏肉、エビや野菜を使った餃子など、工夫を凝らした見た目や食感の個性が楽しめるという。\n\n 入場料は無料で、飲食代はキャッシュレス決済のみ。イープラスでは、食券5枚+ファストチケット1枚がセットになったお得な「前売りセット券受付」（3800円）を販売している。\n\n なお、グループやファミリーでゆっくり食事できる「事前予約制の有料シート（テーブルオーダー＆テーブル会計）」をクラフト餃子フェス公式アプリ（Android/iOS版）で9月10日から受け付ける。料理やドリンクを行列に並ぶことなくスタッフが運んでくれるシステムで、1テーブル6600円の80分制（大人最大4名まで）。有料シートの場合は現金/電子マネー/食券/クレジットカードが利用可能。\n\n また、会場内には冷凍餃子の物販コーナー「クラフト餃子SHOP」も出店。お気に入り餃子をお土産にして、自宅で焼いて食べるのもお勧めという。\n\n■ 「クラフト餃子フェス SAITAMA 2024」出店メニュー\n博多八助\n\n博多ひとくち餃子、炭火焼き鳥餃子\n\nじゃげな\n\n明太ネギマヨ餃子、信州味噌だれ餃子\n\nWORLD DINER\n\n牛タン小籠包、トムヤムクン小籠包\n\n餃子のさんくみ\n\n野菜マシマシ背脂ニンニク餃子、あっさり生姜ネギポン餃子\n\n肉処天穂\n\n肉汁爆弾！佐賀牛餃子\n\n餃子専門丸虎MARCO\n\nうま辛！ヤキモチよだれ餃子、海老入り飛魚出汁とろろのヤキモチ餃子\n\n餃子とワイン 果皮と餡\n\n十勝産濃厚味噌バター牛カツ餃子、旨味溢れるコリコリ牛タン餃子\n\n風来軒\n\n宮崎名物 風来軒餃子\n\n玉川精肉店\n\n肉屋のチキン南蛮餃子、禁断のあんバター餃子\n\n餃子の宮でんでん\n\nチーズのせ爆汁丸餃子、小江戸黒豚羽付き餃子\n\n元祖肉玉そば越智×浅草開化楼\n\n謹製旨味肉汁餃子、やわとろネギと柚子の温かいスープ餃子\n\n香港点心楼\n\nプリプリエビ蒸し餃子、贅沢フカヒレ餃子\n\n六本木 砂浜\n\n濃厚ゴマだれ坦々餃子、ゴマだれ坦々スープ餃子\n\nチャーハンSTAND\n\n特製チャーハン\n\nオフィシャルドリンクBAR\n\nサントリー生ビール 樽生、翠ジンソーダ、ハイボール、レモンサワー、ワイン（赤/白）ほか、ソフトドリンク各種\n\nhokkaido brewing\n\n限定フルーツビール ナイアガラハニーほか\n\nDHCビール\n\n金賞ラガー、静岡みかんフルーツエールほか\n\n富士桜高原麦酒\n\n富士桜高原麦酒ヴァイツェン、富士桜高原麦酒ピルス、ゆずヴァイツェンほか\n\nサントリー生ビール\n\nサントリー生ビール 樽生\n\n翠ジンソーダ\n\n翠ジンソーダ\n\nThe 3rd.Shibuya\n\nタンフル（いちご、MIX）、選べるソースのディップチュロス\nトラベル Watch,編集部：白江ちなみ",['https://newsatcl-pctr.c.yimg.jp/t/amd-img/20240904-00000083-imptrw-000-1-view.jpg?pri=l&w=640&h=326&exp=10800'],"['https://news.yahoo.co.jp/articles/5fa8392d8cef65cc167c7788be93741b619d5274/images/000', 'https://travel.watch.impress.co.jp/img/trw/docs/1620/949/html/05_o.jpg.html']"
DOD、天板を持ち上げるだけで組み立てられる小型の折りたたみ式収納棚（トラベル Watch）,https://news.yahoo.co.jp/articles/700b340dd787088dddecfbf0a0d8fc066c0d61db,https://newsatcl-pctr.c.yimg.jp/t/amd-img/20240904-00000018-imptrw-000-1-view.jpg?exp=10800,2024-09-04T06:00:00+09:00,2024-09-04T06:00:00+09:00,トラベル Watch,imptrw,トラベル Watch,396,"\n写真：トラベル Watch\nビーズは、アウトドアブランド「DOD」から小型の折りたたみ式収納棚「KOKONIMO RACK（ココニモラック）」を9月3日に公式オンラインストアで発売した。価格は1万230円。\n【画像】天板を持ち上げれば組み立て完了\nロックを外して天板を持ち上げるだけで組み立てられるラックで、3段の棚とサイドポケットに小物を収納できる。天板と棚板はハードタイプで、安定して物を置ける。\n\n また、棚数は1～3段までジッパーで調整できるため、大型の荷物も収納できる。調理中の食材や食器の整理、テント内の小物整理、ペットボトルやコップなどドリンクステーションなど幅広いシーンで使えるという。\n\n サイズは40×39×58cm（幅×奥行き×高さ）、収納時は40×39×8cmになり、重量は約4.5kgで全体加重は25kg。\nトラベル Watch,編集部：二村 茜",['https://newsatcl-pctr.c.yimg.jp/t/amd-img/20240904-00000018-imptrw-000-1-view.jpg?pri=l&w=640&h=426&exp=10800'],"['https://news.yahoo.co.jp/articles/700b340dd787088dddecfbf0a0d8fc066c0d61db/images/000', 'https://travel.watch.impress.co.jp/img/trw/docs/1620/925/html/02_o.gif.html']"
成田から直行便で行く初めてのマカオ。ラグジュアリーなアンダーズでまずは1泊（トラベル Watch）,https://news.yahoo.co.jp/articles/32efe6cf780016a1ed8adbbc94507de1a5277888,https://newsatcl-pctr.c.yimg.jp/t/amd-img/20240904-00000082-imptrw-000-1-view.jpg?exp=10800,2024-09-04T12:00:00+09:00,2024-09-04T12:00:00+09:00,トラベル Watch,imptrw,トラベル Watch,1195,"\n写真：トラベル Watch\nマカオ政府観光局主催の視察ツアーに行ってきた。マカオへは成田国際空港からマカオ航空の直行便でひとっ飛び。しかもフライト時間は4時間ほど。小さなお子さんのいる家庭でも比較的行きやすい海外だろう。\n【画像】成田空港を16時発なので、ターミナルが比較的空いている時間帯なのも実はちょっとポイントが高い\nマカオは香港と同様に特別行政区なので、90日以内の滞在なら日本国籍の人はビザが不要だ（中国は2024年8月現在、旅行目的の渡航でもビザの申請が必要）。ちなみに日本からは関西国際空港からもマカオへの直行便がある。新型コロナウイルスによるパンデミック前には福岡線も飛んでいたが、2024年8月現在、いまだ復便していない。\n\n マカオ航空は、成田発は出発の24時間前から、マカオ発は前日の14時からWebチェックインが可能。座席指定もできて便利だ。ちなみに成田～マカオ線はANAとのコードシェア便なので、ANAのマイレージも貯めることができる。\n\n マカオ航空の搭乗者は、Swissport（スイスポート）の運営するラウンジ「ASPIRE AIRPORT LOUNGES」を利用できる（利用条件はマカオ航空のWebサイトを確認していただきたい）。専用のバーカウンターではカクテルなどを用意しており、軽食やスイーツ、ソフトドリンクも充実。出発ゲートにも近い場合が多いので、快適に過ごせそうだ。\n\n ラウンジ「ASPIRE AIRPORT LOUNGES」でくつろいでいると、窓から見えるゲートに搭乗機であるマカオ航空のエアバス A321neo型機がスポットイン。成田～マカオ線はこのA321neoで運航しており、新しい機材なのでとてもきれいだ。\n\n マカオ航空のエアバス A321neoはビジネスクラス12席、エコノミークラス186席の計198席で、Webチェックインでは窓側の席を押さえた。\n\n 個人用モニターはないものの、自身のモバイル端末でフライトマップや機内エンタテイメントを楽しむことができる。やや後方座席だったからか機内食のチョイスはできなかったが、通常は2種類のメインディッシュを選ぶことができる。夕暮れのフライトということもあり、降下中にはきれいな夕焼けを機窓から楽しみつつ、夜のマカオ国際空港へと到着した。\n\n 今回の宿泊先はギャラクシー・マカオに8つあるホテルのうちの1つ「アンダーズ・マカオ」の高層階「1キング」の部屋。\n\n キングベッド1台とガラス張りのシャワー、深めのバスタブ。ちなみにこのガラスはスマートガラスになっていてプライバシーにも配慮している。天然素材を使用したラ・ボッテガのバスアメニティも。寝心地のよいベッドで明日からのマカオ探求へ備えてまずはゆっくりと眠ろう。\nトラベル Watch,深澤 明",['https://newsatcl-pctr.c.yimg.jp/t/amd-img/20240904-00000082-imptrw-000-1-view.jpg?pri=l&w=640&h=426&exp=10800'],"['https://news.yahoo.co.jp/articles/32efe6cf780016a1ed8adbbc94507de1a5277888/images/000', 'https://travel.watch.impress.co.jp/img/trw/docs/1620/464/html/001_o.jpg.html']"
駅ナカ「アルデ新大阪」に6店舗が秋オープン。関西だし牛骨ラーメン/カフェ＆酒場/宇治抹茶バターサンドほか（トラベル Watch）,https://news.yahoo.co.jp/articles/24c74f154aadba68bd8251c9411429d23d9991ed,https://newsatcl-pctr.c.yimg.jp/t/amd-img/20240904-00000016-imptrw-000-1-view.jpg?exp=10800,2024-09-04T06:00:00+09:00,2024-09-04T06:00:00+09:00,トラベル Watch,imptrw,トラベル Watch,422,"\n写真：トラベル Watch\n新大阪ステーションストアは、新大阪駅2階のショッピングセンター「アルデ新大阪」に秋から6軒の新店舗をオープンする。\n【画像】「アルデ新大阪」新店舗マップ\n牛骨スープ×関西風だしのラーメン店「らーめん 牛骨の王」、夜は酒場としても使えるカフェ「PRONTO」が加わるほか、リニューアルを行なったスイーツゾーンには「PRESS BUTTER SAND」が出店。旅行や出張の関西土産にお勧めという限定フレーバー「バターサンド〈宇治抹茶〉」などをラインアップする。\n\n新店舗\n\n・らーめん 牛骨の王（9月12日オープン）\n・青山フラワーマーケット（10月17日オープン）\n・PRONTO（11月1日オープン）\n・PRESS BUTTER SAND（11月オープン）\n・コカルド（11月リニューアルオープン）\n・神戸フランツ（11月リニューアルオープン）\nトラベル Watch,編集部：白江ちなみ",['https://newsatcl-pctr.c.yimg.jp/t/amd-img/20240904-00000016-imptrw-000-1-view.jpg?pri=l&w=640&h=426&exp=10800'],"['https://news.yahoo.co.jp/articles/24c74f154aadba68bd8251c9411429d23d9991ed/images/000', 'https://travel.watch.impress.co.jp/img/trw/docs/1620/905/html/01_o.jpg.html']"
ANA、本日14時販売スタート。石川県「北陸応援割」でダイナミックパッケージ最大3万円引き（トラベル Watch）,https://news.yahoo.co.jp/articles/cfb540c765abfa947aae21a54412751d72e0b19e,https://newsatcl-pctr.c.yimg.jp/t/amd-img/20240904-00000017-imptrw-000-1-view.jpg?exp=10800,2024-09-04T06:00:00+09:00,2024-09-04T06:00:00+09:00,トラベル Watch,imptrw,トラベル Watch,557,"\n写真：トラベル Watch\nANAは、石川県「北陸応援割」第3弾の開始に伴い、本日9月4日14時に販売を再開する。\n\n 対象の旅行商品は「ANAトラベラーズダイナミックパッケージ（航空券＋宿泊）」で、9月5日出発～12月1日帰着分。引き続き、旅行代金の最大50％が助成される（割引上限は1予約1人あたり1泊2万円、2泊以上3万円）。\n\n■ 「北陸応援割」について\n\n 政府が発表した「北陸応援割」は、令和6年能登半島地震の影響により落ち込んだ北陸4県の観光需要を回復するため、国内外から訪れる人に対して旅行代金（宿泊商品や交通付き宿泊旅行商品）の最大50％を助成するというもの。\n\n 参画する宿泊施設での直接予約ほか、各県が定める旅行会社・OTAなどで順次予約を受け付ける（実施期間は自治体の予算により異なる）。\n\n割引限度額（1予約1人あたり）\n\n宿泊のみ：最大2万円\n交通付き宿泊旅行商品（1泊）：最大2万円\n交通付き宿泊旅行商品（2泊以上）：最大3万円\n\n各県の公式ページ\n\n石川県「いしかわ応援旅行割」\n福井県「ふくいdeお得キャンペーン」\n富山県「とやま応援キャンペーン」\n新潟県「にいがた応援旅割キャンペーン」\nトラベル Watch,編集部：白江ちなみ",['https://newsatcl-pctr.c.yimg.jp/t/amd-img/20240904-00000017-imptrw-000-1-view.jpg?pri=l&w=640&h=328&exp=10800'],['https://news.yahoo.co.jp/articles/cfb540c765abfa947aae21a54412751d72e0b19e/images/000']
宝島社、pecoプロデュース「Tostalgic Clothing」のブランドムック。マルチに使える大容量ポーチ（トラベル Watch）,https://news.yahoo.co.jp/articles/4327ddf3398d4c94ebdc9a2a126faca42a264f83,https://newsatcl-pctr.c.yimg.jp/t/amd-img/20240904-00000014-imptrw-000-1-view.jpg?exp=10800,2024-09-04T06:00:00+09:00,2024-09-04T06:00:00+09:00,トラベル Watch,imptrw,トラベル Watch,425,"\n写真：トラベル Watch\n宝島社は、タレント・モデルとして活躍するpecoプロデュース「Tostalgic Clothing」のブランドムックとして「Tostalgic Clothing SPECIAL BOOK produced by peco」を9月12日に発売する。価格は3168円。\n【画像】メッシュポケット2つ\n「Tostalgic Clothing」は80年代のアメリカンカルチャーをイメージしたブランドで、今回は西海岸のビーチをイメージしたデザインの大容量ポーチを同梱。\n\n サイズは約24×6×19cm（幅×奥行き×高さ）で、メッシュポケット2つ、ファスナー付きメッシュポケット1つが付き、メインポケットを2つに分ける仕切りもファスナー付きポケットになっている。また、背面にもポケットを1つ備えている。\n\n ダブルファスナーで大きく開閉でき、コスメなどがたっぷり入る容量。\nトラベル Watch,編集部：二村 茜",['https://newsatcl-pctr.c.yimg.jp/t/amd-img/20240904-00000014-imptrw-000-1-view.jpg?pri=l&w=640&h=544&exp=10800'],"['https://news.yahoo.co.jp/articles/4327ddf3398d4c94ebdc9a2a126faca42a264f83/images/000', 'https://travel.watch.impress.co.jp/img/trw/docs/1620/892/html/02_o.jpg.html']"
この秋はくまのプーさんグッズ大収穫～！　銀座三越でイベント開催（トラベル Watch）,https://news.yahoo.co.jp/articles/58684df163c525d3eb216009ad79ffa4f55cf326,https://newsatcl-pctr.c.yimg.jp/t/amd-img/20240904-00000002-imptrw-000-1-view.jpg?exp=10800,2024-09-04T00:00:00+09:00,2024-09-04T00:00:00+09:00,トラベル Watch,imptrw,トラベル Watch,873,"\n写真：トラベル Watch\n銀座三越は、くまのプーさんの商品が一堂に会するショッピングイベント「くまのプーさん DISNEY WINNIE THE POOH FESTIVAL 2024」を9月4日～16日に開催する。\n【画像】「大きめショッピングバッグ ボタニカル くまのプーさん」（2310円）\n会場には、ナチュラルをテーマに新製品や先行販売アイテムが勢揃い。日替わりでデザインが異なるステッカーも商品購入者にプレゼントする。\n\n 三越伊勢丹限定アイテムのイチオシは、エコな雰囲気の「大きめショッピングバッグ」（2310円）。ボタニカル柄でやわらかな雰囲気なうえ、コンパクトにたたんで持ち歩ける。\n\n くすみピンクカラーがキュートな「ミニグラス」（1100円）や、奇妙な造形が印象的なズオウとヒイタチが描かれた「ビッグシルエット Tシャツ」（5500円）や「トートバッグ」（4210円）も販売される。\n\n ほのぼのとした雰囲気のなか、焚き火でスモアを楽しむカンガとルー、プーが愛らしい「Tシャツ」（4950円）や「トートバッグ」（2750円）も手に入る。\n\n 秋コーデにプラスしてプーコーデを楽しめるバッグや小物類も取り扱う。サマンサタバサの「ナイロンリュック」（3万6300円）や、サマンサタバサプチチョイスの「総柄 スマホショルダー」（1万8700円）、「BOXチャーム」（1万2100円）も実際に手に取ってから購入可能だ。\n\n 会場で1会計につき3300円以上購入すると、毎日先着100名に「三越伊勢丹オリジナル くまのプーさん 日替りステッカー」をもらえる。なお、SNSと連動してコンプリートセット（全13種）を抽選で5名にプレゼントするキャンペーンも8月28日～9月9日に実施する。\n\n(c)Disney\n(c)Disney.Based on the “Winnie the Pooh” works by A.A. Milne and E.H. Shepard.\nトラベル Watch,相川真由美",['https://newsatcl-pctr.c.yimg.jp/t/amd-img/20240904-00000002-imptrw-000-1-view.jpg?pri=l&w=640&h=308&exp=10800'],"['https://news.yahoo.co.jp/articles/58684df163c525d3eb216009ad79ffa4f55cf326/images/000', 'https://travel.watch.impress.co.jp/img/trw/docs/1620/938/html/002_o.jpg.html']"
アラジンにレスキュー・レンジャーズも！　MOUSSY秋の新作はコーデのポイント使いが楽しそう（トラベル Watch）,https://news.yahoo.co.jp/articles/91150f7fb650b3d5aa781e5e29432cfbfdfbe2b0,https://newsatcl-pctr.c.yimg.jp/t/amd-img/20240904-00000003-imptrw-000-1-view.jpg?exp=10800,2024-09-04T00:00:00+09:00,2024-09-04T00:00:00+09:00,トラベル Watch,imptrw,トラベル Watch,483,"\n写真：トラベル Watch\nMOUSSYは、「Disney SERIES CREATED」の秋コレクションを9月4日に発売する。\n【画像】「MD OT FACE EMB ニット」（1万1990円）\nディズニー映画「アラジン」をフィーチャー、魔神・ジーニーを中心に登場キャラが描かれたスペシャルコレクションを展開する。また、レトロな雰囲気が愛らしいミッキーマウスとミニーマウスのデザインも登場。異なるタイプの新作で秋の装いが楽しめそうだ。\n\n 映画「アラジン」デザインは、アーカイブの貴重なデザインを採用。作品らしい配色や、アップリケ刺繍などを施し、目立ち度抜群なアイテムに仕上がっている。\n\n ヴィンテージテイストを加え、コーデしやすくアレンジしたアイテムには、レトロスタイルのミッキーマウスとミニーマウスをデザイン。総柄シャツなど、1980年代風の懐か新しいコーデも楽しめそうだ。なお、アニメシリーズ「チップとデールの大作戦 レスキュー・レンジャーズ」にフォーカスしたアイテムも発売。\n\n(c)Disney\nトラベル Watch,相川真由美",['https://newsatcl-pctr.c.yimg.jp/t/amd-img/20240904-00000003-imptrw-000-1-view.jpg?pri=l&w=640&h=452&exp=10800'],"['https://news.yahoo.co.jp/articles/91150f7fb650b3d5aa781e5e29432cfbfdfbe2b0/images/000', 'https://travel.watch.impress.co.jp/img/trw/docs/1620/951/html/002_o.jpg.html']"
