headline,mainEntityOfPage,image,datePublished,dateModified,author,media_en,media_jp,str_count,body,images,external_links
「シチュエーションが謎すぎ」Travis Japan松田元太、雑誌表紙で筋肉美披露も止まらぬ“失笑”（週刊女性PRIME）,https://news.yahoo.co.jp/articles/4912bbb26cbafe7445e8fd8d45de26978f120cd3,https://newsatcl-pctr.c.yimg.jp/t/amd-img/20250408-00036267-jprime-000-1-view.jpg?exp=10800,2025-04-08T21:02:20+09:00,2025-04-08T21:02:20+09:00,週刊女性PRIME,jprime,週刊女性PRIME,1400,"TravisJapanの松田元太
『ぽかぽか』や『芸能人が本気で考えた!ドッキリGP』（共にフジテレビ系）などのレギュラーに加え、4月8日からは初主演ドラマ『人事の人見』（フジテレビ系）が放送開始と、現在大ブレイク中のTravis Japan・松田元太。今回、4月16日発売の『anan』の表紙を松田が飾ったのだが、なぜかツッコミの声が続出している。
【写真】「ズボン脱ぐの忘れた?」松田元太の“入浴シーン”
肉体美を強調した衣装だが……
話題の表紙は、上半身裸で泡風呂に松田が入っているセクシーなもの。しかしジーンズを履いたまま、ゴールドのネックレスにピアス、ブレスレットとアクセサリーもジャラジャラと身に着けている。せっかくのセクシーショットだが、チグハグ感が否めないスタイリングに、

《ズボン脱ぐの忘れちゃったの?》
《アクセサリーいっぱい付けて風呂はやめて欲しいな》
《松田くんはかっこいいんだけど、シチュエーションが謎すぎる》

　といった声が。

「実は松田さんはほんの3か月前にも『anan』の表紙を飾っていて、今回は異例の速さで表紙再登場となりました。前回の表紙はシャツの前を胸元から腹部まで大胆に開け、前髪を掻き上げたもの。こちらもセクシーな表紙でしたが、長めのヘアスタイルなど全体的に漂う雰囲気から《元ホストの城咲仁に似すぎ》《狩野英孝かと思った……》などの声も。

　他にも、2024年に同じグループの松倉海斗さんとともに表紙を飾った際には、2人とも鼻に絆創膏を貼っていたために《小学生かよ》《さすがにヤンチャが過ぎる》とツッコまれていました」（ファッション誌ライター）

　表紙になるたびにツッコミが止まらない松田だが、今回も前回も“肉体美""をかなり推された表紙になっているように見える。それもそのはず、実は松田は筋肉には自信があるようで、2023年には筋トレ雑誌『Tarzan』の表紙にも抜擢されているのだ。この時は潔く上半身裸になっており、鍛え上げられた胸筋と美しいシックスパッドが話題となった。

「実は『Tarzan』の撮影にあたって、松田さんは2か月間身体を徹底的に鍛えぬいたそう。そうして手に入れた肉体美は、その後テレビでもたびたび披露されています。2024年のバラエティ『有吉クイズ』では、全日本プロレスの青柳優馬選手にプロレス技をかけられるという企画に挑戦。上半身裸になり、バキバキの筋肉を見せていました。

　まあ、そのあと、プロレス技に“イヤアアア!”、“痛い痛い!”、“ギャー!”と絶叫して苦痛の表情をさらすことになったのですが……」（前出・ファッション誌ライター）

　松田元太を表紙にするからには、『anan』としてはやはり肉体美を強調したいところだろう。そうなるとどうしても露出の高いスタイリングになってしまうのかもしれないが、『anan』の謎衣装にツッコミが起きるのは初めてではない。

　2024年6月に目黒蓮が表紙を飾った際にもファンを騒然とさせており、このときの目黒はキラキラのスパンコール付きのタンクトップを着用。これには《さすがに変過ぎるでしょ》《この謎衣装は何?》という悲鳴が続出していた。

　現在人気絶頂の松田なので、また『anan』に登場する可能性は高いだろう。そのときは、さらに個性溢れるショットを見せてくれるかもしれない。",[],[]
大谷翔平、出演CMの“デコルテ”ポーズがチーム内で流行！コーセーから嬉しい悲鳴「売上が約1.5倍」（週刊女性PRIME）,https://news.yahoo.co.jp/articles/b05a3e6b90f1ba1a5e835c2048b06a1e6fa930b8,https://newsatcl-pctr.c.yimg.jp/t/amd-img/20250408-00036285-jprime-000-1-view.jpg?exp=10800,2025-04-08T20:02:17+09:00,2025-04-08T20:02:17+09:00,週刊女性PRIME,jprime,週刊女性PRIME,1289,"大谷翔平
日本時間4月8日、4試合ぶりとなる4号ホームランを放った大谷翔平。チーム内で流行している“ポーズ”も披露した。
【写真】ドジャース内でも流行!デコルテポーズを披露する大谷翔平
「ドジャースではチームの団結を高めるため、ヒットやホームランを打つと、同じポーズを取るのが定番です。昨年は両手を上げ、上体を傾けながら左足を上げる“キケポーズ”が祝福の動きとして話題になりました」（スポーツ紙記者、以下同）
『デコルテ』ポーズがチームに浸透
今年も同じポーズをしていたが、4月から新たな“儀式”が定着している。

「大谷選手はコーセーが販売するコスメブランド『デコルテ』のCMに出演中。その中で右手の親指と人差し指で商品のボトルを持ち、顔の前を左から右にウインクしながら動かすシーンがあります。これをマネしたポーズがチーム内で流行っているようで、出塁したときやホームランを打った後に選手たちがそのポーズをしています。大谷選手自身も“イジられて盛り上がるぶんには、いいんじゃないかな”という前向きなコメントをしていました」

　大谷も4月3日のブレーブス戦でサヨナラホームランを放つと、チームメイトと一緒に“デコルテ”ポーズを披露。

「同僚のコンフォートによれば、打者のミーティングで対戦相手の投手の動画を見ていた際、大谷選手がホームランを打った映像の後に、この『デコルテ』CMに切り替わったことがきっかけだったようです。ドジャース公式Xにも大谷やベッツなどが“デコルテポーズ”をしている特集動画が投稿されて、アメリカのアパレルメーカー『RotoWear』は早くも、デコルテポーズのデザインのTシャツを制作し、販売しています」

　日米で話題になっているこのポーズ。現地メディアでは、

《デコルテの人たちは喜んでいるに違いない。こんな宣伝はお金では買えない》

　と報じたところもあった。
コーセーへの影響力
ドジャースが好調であればあるほど登場回数が増える“無料宣伝”。週刊女性PRIMEがコーセーにデコルテポーズの流行について問い合わせてみると、

「CMで採用させていただいたポーズが、ここまで話題になっていることに大変驚いております。チーム内のセレブレーションポーズとして使っていただき光栄に思っていると同時に、ドジャース・チーム内のムードづくりに少しでも貢献できているのであればうれしく感じます」

　ドジャースナインがデコルテポーズを始めてから、商品の売り上げや注目度も上がっているようで……。

「4月6日の大谷選手キャンペーンの特設サイトのセッション数が、それ以前の平均と比較して約10倍に伸長するなど、想定した以上にCMやキャンペーンの話題が醸成されていると感じています。

　また、4月6日におけるブランド公式ECの対象商品の売上が、それ以前の平均と比較して約1.7倍に伸びたほか、大谷選手を起用したポップアップショップの4月4日から6日における売上が、前週と比べて約1.5倍で伸長しております」（コーセー担当者）

　やはり大谷の影響力は計り知れない。",[],[]
多部未華子主演の新ドラマ、リアルさ追求したママ像に“共感できすぎてツラい”の声続出（週刊女性PRIME）,https://news.yahoo.co.jp/articles/09c9bd82f063534b6c96a285edf4eb06e48a0688,https://newsatcl-pctr.c.yimg.jp/t/amd-img/20250408-00036224-jprime-000-1-view.jpg?exp=10800,2025-04-08T19:02:13+09:00,2025-04-08T19:02:13+09:00,週刊女性PRIME,jprime,週刊女性PRIME,934,"多部未華子
4月1日、新ドラマ『対岸の家事〜これが、私の生きる道!〜』（TBS系）の初回が放送された。女優・多部未華子が主演を務め、ドラマの内容が話題を集めている。
【写真】まるで別人級、垢抜ける前だった16歳の多部未華子
リアルすぎる描写が話題
「今回のドラマは、2019年に放送された『わたし、定時で帰ります。』の著者である朱野帰子さんの小説が原作です。多部さん演じる専業主婦の詩穂が、ワーママが増える現代での孤立感を感じながら、様々な家庭で悩みを抱える人々と交流していく物語で、視聴者が共感できる内容になっているようです」（テレビ局関係者、以下同）

　多部は、2019年に写真家の熊田貴樹と結婚を発表し、2021年には第一子を出産している。TBSのドラマに出演するのは5年ぶりとなり、私生活でも母となった彼女の母親役は感慨深いが、ドラマのリアルすぎる描写に視聴者からこんな声があがっている。

《もう人ごとに思えないね》
《多部ちゃん出てるから見てるけど、なんだこのしんどいドラマは...動悸が...》
《多部ちゃんのドラマ、心痛すぎて凝視できないwww　むりwwww》

　視聴者が抱える問題とリンクする内容は、深い“共感”が止まないのだ。

「第一話では、専業主婦の詩穂と真反対で、女優の江口えりこさん演じる“バリキャリママ”の礼子とのエピソードが繰り広げられました。冒頭、詩穂がつぶやいた『だれか大人と話したい』という言葉は、子どもが生まれて家にいる時間が長くなると、どの母親も思う感情でしょう。

　さらに、働きながら子育てをする礼子が、子どもの発熱で急遽お迎えの電話が鳴り、周りの目を気にしながら帰宅する場面は“ワーママあるある”で、思わず感情移入ざるを得ないほど、細かくリアルに描かれているんです」

　現実世界に限りなく近いドラマ。その再現性に世間のママから大きな頷きが起こっている。

「子育ては、ある意味“孤独”とも隣り合わせ。日々正解のない世界を生きる戸惑いもあるでしょう。このドラマが世間のママたちの共感を生み、1日の終わりに心がホッとする瞬間にもなるかもしれませんね」

　今後、どんな共感が生まれるのか、見逃せないドラマになりそうだ。",[],[]
W不倫騒動の２年前にキャンドル氏が“予見”していた逮捕劇「広末涼子は普通ではない精神状態に陥る」（週刊女性PRIME）,https://news.yahoo.co.jp/articles/2945bc27a574403f5c1819270451d0d81777584c,https://newsatcl-pctr.c.yimg.jp/t/amd-img/20250408-00036282-jprime-000-3-view.jpg?exp=10800,2025-04-08T18:32:04+09:00,2025-04-09T01:27:56+09:00,週刊女性PRIME,jprime,週刊女性PRIME,1141,"広末涼子と次男を抱いた夫のキャンドル・ジュン氏（2011年）
【現在、当該事案については捜査中であるため、詳細の公表は差し控えさせていただきますが、本人は当面の間すべての芸能活動を自粛する運びとなりました】
【写真】長男を高級車の助手席に乗せてハンドルを握る広末涼子
広末涼子が傷害の疑いで現行犯逮捕された件を受け、自らが代表取締役を務める個人事務所『R.H』公式サイトにて、騒動への謝罪と芸能活動の自粛が発表された。



　事件が伝えられたのが4月8日未明、7日に新東名高速道路の上り線で大型トレーラーとの追突事故を起こし、静岡県内の病院に搬送された広末。すると【一時的にパニック状態に陥った結果】、看護師を蹴る、腕を引っ掻くなどの暴行を加えて怪我を負わせたとのこと。

　現在、警察捜査のためとして事務所は詳細の公表を控えたが、名前と顔が広く知られた人気女優に考えられない行動。『テレビ静岡』によると、警察が事故現場に駆けつけた際、本線にはみ出しそうになるなどの不審な動きも見られた広末。呼吸検査でアルコールは検知されず、薬物検査も今後実施される方針だという。

　3月28日には、『ザ・共通テン!等身大の広末涼子を今夜解禁!私生活が謎な人の人生密着SP』（フジテレビ系）に出演し、2年ぶりのテレビ出演が話題になっていた広末。留学した長男の育児について、

「ドラッグとセックスについてはちゃんと親として言わなきゃと思って」

　との持論を展開すると、一部の視聴者からはツッコミも上がっていた。
2年に1回、心の安定が崩れる
2023年6月、鳥羽周作シェフとのW不倫が発覚し、翌月にキャンドル・ジュン氏と離婚。当時の所属事務所から無期限の活動禁止処分を受けるも、翌2024年2月に処分もあやふやのまま独立。現在の個人事務所を立ち上げ、社長として再出発を果たす。

　離婚前にはキャンドル氏による緊急会見が開かれ、誠意ある対応を見せない鳥羽氏への不満、広末から「離婚してほしい」と迫られていること、過去に鳥羽氏以外にも起きていた“男性問題”などがぶちまけられた。そして報道陣を驚かせたのが、

「自分の幸せはこの12年、13年近くですけど、2年に1回くらい様々な仕事の色んなことで彼女の心の安定が崩れること以外は、最も自慢できる幸せな家族だったって思っていますし、できればその頃に戻りたいなと思っています」

　広末と“復縁”願望があること、彼女が「2年に1回」のペースで「普通ではない精神状態に陥る」こと。鳥羽氏との騒動も、さも「これが原因」とするような暴露劇だった。

　W不倫から「2年」、再び世間を騒がせた広末だが、現在は「普通ではない精神状態」に陥っているのだろうか。",[],[]
広末涼子の看護師暴行逮捕でトレンド入り、「救急車蹴って逮捕」された歌姫の黒歴史（週刊女性PRIME）,https://news.yahoo.co.jp/articles/3d716d2a3891ce0fa2ad2d89b2faf4ca0437b873,https://newsatcl-pctr.c.yimg.jp/t/amd-img/20250408-00036284-jprime-000-1-view.jpg?exp=10800,2025-04-08T18:02:24+09:00,2025-04-08T18:02:24+09:00,週刊女性PRIME,jprime,週刊女性PRIME,965,"映画『ステップ』公開記念トークショーでの広末涼子（'20年3月）
4月8日の早朝、“自称”広末涼子容疑者が逮捕されたという速報が流れると、瞬く間にネット上の話題を席巻した。
【写真】長男を高級車の助手席に乗せてハンドルを握る広末涼子
事故の前から不審な行動
「7日の夜に新東名高速道路上り線で、広末容疑者が運転する乗用車が大型トレーラーに追突する事故が発生しました。

　広末容疑者は搬送された病院で、救急外来の待合中に歩き回っており、それを制止しようとした看護師に対して暴行を加えてケガを負わせた容疑で現行犯逮捕されたとのことです。逮捕された際、免許証などの身分証を持っていなかったため、当初は“自称”と報道されていました」（全国紙社会部記者、以下同）

　その後の捜査で広末涼子本人であることが確認できたという。

「一部の報道によると、広末容疑者は事故を起こす前からサービスエリアで見知らぬ人に声をかけて身体を触ったり、大声をあげたりと、不審な行動をとっていたそうです。また、取り調べ中にも大きな声をあげて落ち着かない様子を見せているといいます」
“医療関係者への暴力”共通の歌手
4月8日の昼ごろに所属事務所がコメントを発表し、当面の間すべての芸能活動を自粛することとなった広末。

　一方、この報道で過去の逮捕が蒸し返された人がいて……。

「広末容疑者が“病院で看護師に暴行した”ということから、2021年11月に“救急車を蹴った”という容疑で逮捕された歌手の鬼束ちひろさんが連想されたようです」（スポーツ紙記者）

　ネット上では鬼束の名前がトレンド入りして、

《なんか鬼束ちひろの事件を思い出したわ》

《救急車蹴って逮捕された鬼束ちひろ思い出した》

《鬼束ちひろの救急車蹴った話掘り起こされててわらう》

　などと話題に。

「当時、鬼束さんは友人が体調不良になって救急車を呼んだところ、通行人に嫌味を言われてパニックになり、救急車を蹴ってしまったと供述していました。その後、不起訴になりましたが、広末容疑者と“医療関係者への暴力”という点で一致するため、再び話題になるというトバッチリを受けてしまったようです」（前出・スポーツ紙記者）

　広末は今後、薬物検査も実施されるとのこと。全容の解明が待たれる。",[],[]
広末涼子が現行犯逮捕の10日前に見せていた”矛盾”、またも守れなかった「財産」（週刊女性PRIME）,https://news.yahoo.co.jp/articles/2c43e2d0dd9e2a69725739ccced97e6598a3746a,https://newsatcl-pctr.c.yimg.jp/t/amd-img/20250408-00036279-jprime-000-2-view.jpg?exp=10800,2025-04-08T17:32:15+09:00,2025-04-08T19:24:55+09:00,週刊女性PRIME,jprime,週刊女性PRIME,1277,"広末涼子（'11年）
自称・広末涼子、逮捕。4月8日の早朝に飛び込んできたのは、あまりに衝撃的なニュースだった。
【写真】長男を高級車の助手席に乗せてハンドルを握る広末涼子
薬物検査も実施予定
広末は7日午後6時50分ごろ、新東名・上りの掛川PA付近で普通乗用車を運転中、大型トレーラーに追突する事故を起こし、病院に搬送され治療を受ける中で事件に至った。4月8日午前0時20分ごろ、静岡県島田市にある市立総合医療センターで、看護師の女性に足蹴りしたほか、腕をひっかくなどの暴行を加えケガをさせたという。

「病院に搬送された際、混乱の中で運転免許証や健康保険証を携帯していなかったことから、当初の報道では“自称・広末涼子”となっていましたが、後に身元確認ができました。警察によると、広末さんは事故現場で、ときおり座りこんだかと思えば歩きまわるなど、不審な動きが見られたものの、呼気検査からアルコールは検知されず。今後、薬物検査も実施する方針とのことです」（全国紙社会部記者）

　広末“容疑者”が代表取締役を務める『株式会社R.H』は、《交通事故を起こし、搬送先の病院において一時的にパニック状態に陥った結果、医療関係者の方にケガを負わせてしまいました。被害に遭われた方をはじめ、関係者の皆様に多大なるご迷惑とご心配をおかけしましたこと、心より深くお詫び申し上げます。本人は当面の間、すべての芸能活動を自粛する運びとなりました》とのコメントを発表している。
守れていない「一番の財産」
未だ大きな波紋を呼んでいる今回の事件だが、一部では、つい最近彼女が語っていた言葉が蒸し返されている。

「広末さんは3月28日、フジテレビ系『ザ・共通テン!等身大の広末涼子を今夜解禁!私生活が謎な人の人生密着SP』に出演。番組内でママ友たちとトークを繰り広げた際、子育てについて、“ドラッグとセックスについてはちゃんと親として言わなきゃと思って”“家族と友達が一番の財産”と発言していました。

　広末さんといえば、2023年の鳥羽周作さんとのダブル不倫騒動が印象に残っている人もまだ多く、この放送の際も《あんたが言うな》とツッコミが殺到していましたが、今回交通事故と傷害事件を起こしたことで、《どの口が言ってたんだ本当に》《一番の財産……ずっと守れてなくない?》《“親として”子どもにどんな姿見せてんのよ》と、厳しい指摘が集まっています」（ワイドショースタッフ）

　鳥羽氏との不倫が報じられた当初、『Smart FLASH』の取材に対して「（不倫は）絶対にありません!子ども3人いるんです。ありません!」と、子どもを引き合いに出して完全否定していた広末。しかしその後、不倫を認め、インスタグラムに《私自身の家族、3人のこどもたちには、膝をつき合わせ直接、「ごめんなさい」をしました》と、直筆の謝罪文をアップしていた。

　そして今回、またしても子どもに「ごめんなさい」をしなければならないことが増えた広末。どうかこれ以上、子どもの心労を増やすことがないように――。",[],[]
「今回も偽物かと思った」広末涼子逮捕で思い出される、大物アーティストを自称した万引き事件（週刊女性PRIME）,https://news.yahoo.co.jp/articles/0d3766da4329455eaa0af3f7c8b4ae70cbe1e18e,https://newsatcl-pctr.c.yimg.jp/t/amd-img/20250408-00036278-jprime-000-1-view.jpg?exp=10800,2025-04-08T17:02:10+09:00,2025-04-08T17:02:10+09:00,週刊女性PRIME,jprime,週刊女性PRIME,1248,"広末涼子
4月8日に女優の広末涼子が傷害容疑で現行犯逮捕されたと報じられたが、当初は自称広末容疑者と報じられていた。事件の経緯をスポーツ紙記者が振り返る。
【写真】破片が散乱!広末涼子容疑者が起こしたと思われる事故現場
「広末さんは7日の午後6時50分ごろに、静岡県の新東名自動車道を走行中に大型トレーラーに追突する事故を起こしました。車は広末さんが運転しており、マネージャを自称する男性も同乗。搬送先の病院で治療を受ける中で、女性看護師の足を蹴る、腕をひっかくなどの暴行を加えた容疑がかけられています。現行犯逮捕された人間は身分証明書で身元確認が行われますが、広末さんは運転免許証や保険証を携帯していなかったよう。そのため、身元確認が取れるまでは職業や名前はすべて“自称”として報じられました」
自称で思い起こされた、万引き事件
ネット上ではひとりあるきしてしまった“自称”の響きに、あの事件を思い起こす声が相次いでいる。

《広末涼子逮捕で、自称福山雅治の人が再度注目されてますねぇ……》
《ニュースを見たら本物のご本人であったようで驚きました。昔、福山雅治と自称した（偽物）被疑者がいたことを思い出して今回も偽物だと思っていましたが》
《あらま。ご本人だったとは。自称:福山雅治的な事かと思ったら》
《福山雅治なら自称したいが、いまさら広末涼子を自称したい人はないだろうから最初から本物だとわかる》
《自称福山雅治みたいな類いかと思ったら自称広末涼子はホンモノだったややこしい事件である》

　ネットで注目を集める“自称福山雅治事件”について前出のスポーツ紙記者が続ける。

「2015年に岐阜県内のスーパーで焼酎など25点を万引きしたとして逮捕された男性が、歌手で俳優の福山雅治さんの名前を名乗ったため『自称・福山雅治』として報じられました。実際は40代の無職男性であり、過去にも万引きで逮捕歴があり、そこでも福山雅治だと主張していました。報道では男性の姿も映されたのですが、本物の福山さんのイケメンぶりとは似ても似つかないただの中年のオジサンだったため、ネット上で話題となりました」

　今回の報道は最初から広末の顔写真付きで報じられており、確定的なものだった。

　広末涼子の個人事務所、株式会社R.Hではウェブサイトで《被害に遭われた方をはじめ、関係者の皆様に多大なるご迷惑とご心配をおかけしましたこと、心より深くお詫び申し上げます。本人は当面の間、すべての芸能活動を自粛する運びとなりました》と経緯を説明している。

　広末といえば2023年6月に『週刊文春』に人気シェフとのW不倫が報じられたスキャンダルを受け芸能活動を休止。7月には夫のキャンドル・ジュン氏と離婚を発表した。2024年2月には芸能事務所フラームからの退社し独立した。

　最近では全国区のバラエティー番組への出演や台湾の音楽フェスに出演するなど、活躍の幅を広げていた。その矢先の逮捕だけに失うものは大きそうだ。",[],[]
看護師暴行で逮捕の広末涼子、元夫が明かしていた「心が壊れてしまった」不安定な一面（週刊女性PRIME）,https://news.yahoo.co.jp/articles/3056829966a82bedd427c447bfc27353065a3062,https://newsatcl-pctr.c.yimg.jp/t/amd-img/20250408-00036280-jprime-000-1-view.jpg?exp=10800,2025-04-08T16:02:16+09:00,2025-04-08T16:02:16+09:00,週刊女性PRIME,jprime,週刊女性PRIME,1138,"広末涼子
不倫騒動や事務所の独立など、最近では「お騒がせタレント」の印象も強い広末涼子。4月8日には、ついに“逮捕”報道が飛び出してしまった。
【写真】破片が散乱!広末涼子容疑者が起こしたと思われる事故現場
報道によると、広末は4月7日に新東名高速道路で大型トレーラーに追突する事故を起こし、この事故による怪我で病院に運ばれたが、4月8日の未明に看護師の女性を蹴り、腕をひっかくなどの暴行を加えたという。
「擁護できない」
「この暴行により、広末さんは事故の捜査で病院にきていた警察官に現行犯逮捕されました。当初、各社の報道では『自称広末涼子』『広末涼子を名乗る容疑者』など、本人かどうかは“未確定”の状態になっていましたが、その後、所属事務所が事実関係を認めました」（全国紙社会部記者）

　4月8日の『サン!シャイン』（フジテレビ系）でも、武田鉄矢が「でも、まだ自称なんで、本人とは……」と困惑した表情を見せるなど、それだけ報道の衝撃は大きかった。世間からも、

《本当に広末だとしたら、かなりショック》

《事故を起こしてしまったのはともかく、暴行までいくと擁護できないよね》

《看護師に暴行って、相当ヤバいでしょ。だいぶ不安定な人なのかもね》

　と、驚きの声が続出している。
「心が壊れてしまった」
「今回の広末さんの行動に、メンタル面を心配する人も多く見られました。実は、広末さんの不安定さについては、不倫騒動の際、当時の夫であるキャンドル・ジュンさんが語っていたこともあります。

　2023年6月18日の会見では、“憧れだった芸能界に若くして入り、その当時の芸能界を知るわけではないけれど、今よりも強烈なプレッシャーがあったと思う”“まじめで優等生だった彼女が何とか受け止めようと必死になっていった先に心が壊れてしまったのではないか”などと明かしていました」（芸能ライター）

　同会見では、普段の広末は「メイクなんかしないし、美容も気にかけず、ひたすら家事をしたり、子どもたちの学校行事や子どもの友人のお母さんたちとの仕事なんかに没頭」していると語ったジュン氏。その一方で、「過度なプレッシャーがかかったりとか、不条理なことに出くわすと、濃い化粧をして派手な格好をしたり、寝られなくなったり」することもあったという。

　こういった状況でも「事情も分からない人に助けを求めてしまうだろう」という心配から、強く叱ることもできずにいたというジュン氏。広末の母や周囲の友人たちとともに、広末をサポートしてきたそうだ。

　ジュン氏との離婚、さらには長年所属した事務所からの独立も経て、良くも悪くも解き放たれた広末。表舞台に戻って来られるのは、いつになるのか……。",[],[]
広末涼子の「新東名・追突事故映像」か、高級車のフロントボディ大破が物語る“あわやの惨状”（週刊女性PRIME）,https://news.yahoo.co.jp/articles/16a888a8398c338f143bb17216f18e949d51d936,https://newsatcl-pctr.c.yimg.jp/t/amd-img/20250408-00036276-jprime-000-4-view.jpg?exp=10800,2025-04-08T14:02:18+09:00,2025-04-09T01:24:57+09:00,週刊女性PRIME,jprime,週刊女性PRIME,1217,"ハンドルを握る広末涼子（2009年）
【このたび、弊社代表取締役の広末涼子が逮捕されました。】

　4月8日、広末涼子の個人事務所『R.H』公式HP上で報告されたのは、社長である彼女自身が逮捕された衝撃の事実。同日未明に駆け巡った「自称・広末涼子容疑者を逮捕」のニュースを受けてのものだ。
【写真】長男を高級車の助手席に乗せてハンドルを握る広末涼子
逮捕容疑は「傷害罪」の現行犯で、静岡県内の病院にて治療を待つ間に看護師に対して蹴る、腕を引っかくなどの暴行を加えた疑い。15年以下の懲役または50万円以下の罰金が科せられる、立派な犯罪行為である。

　事務所によると、暴行を働いた理由として【一時的にパニック状態に陥った結果】と説明しているが、キー局・情報番組ディレクターは首を傾げる。

「搬送先でパニックを起こして暴れた際に、抑え込んだ医療従事者に怪我を負わせた、という話はまま聞きますが、即逮捕に至ったとのことで、よほど周囲に対して暴力的だった、また言動に問題があった可能性もある。

　そもそも搬送された理由が自ら起こした交通事故とのことで、“自称”がつく時点で運転免許証はおろか、身分証を所持していなかったのか、“普通”とは言えない状態だったのでは」

　広末が、新東名高道路の掛川付近の上り線で事故を起こしたのが4月7日の午後6時50分ごろ。帰京の途中だったのか、自ら乗用車を運転していたところ、前方の大型トレーラーに追突したというもの。

　広末は擦り傷などの軽傷を負い、またトレーラーの運転手も怪我はなく、お互いに命に別状はない模様。しかし、SNS上では“あわや大事故”を思わせる、事故直後とされる衝撃的な映像が動画で拡散されている。
“あわや”の大事故だった可能性
たまたま遭遇した事故後を収めたと思われる映像には、トンネル内の道路脇に寄せられた黒い乗用車が映っている。あるはずのバンパーやフェンダーは見当たらず、大きくへし曲がったボンネット、車両のフロントボディは潰れて大破している。その様は、決して“当たった”だけの軽い事故ではないことを物語っている。

　また別のポストでは、ナンバープレートがついたバンパーらしき残骸、車両のものと思われる破片や部品が道路に散乱。ハンドルを握っていた広末が、軽傷で済んだことが不思議なくらいの“あわや”の大事故だった。

「車内には“マネージャー”を名乗る男性が同乗していたとのことで、仕事の帰りだったのか、広末さんの3人のお子さんが乗っていなかったのが不幸中の幸いでした。

　不倫、離婚も含めて私生活でのお騒がせが慣れっこの女優ですが、パニック状態だったとはいえ、医療従事者に暴行を加えた印象はまずい。活動自粛もやむを得ないでしょう」

　冒頭の発表では、当面のすべての芸能活動の自粛を発表した広末。W不倫騒動から約2年ぶりの活動休止となるが、今度は復帰できるのだろうか。",[],[]
「ショックだけど驚かない」の声多数、逮捕の広末涼子イメージ崩壊の契機となった過去の“奇行”（週刊女性PRIME）,https://news.yahoo.co.jp/articles/ed9da125acb9d340e2b715546e272ac34c1cd38f,https://newsatcl-pctr.c.yimg.jp/t/amd-img/20250408-00036275-jprime-000-1-view.jpg?exp=10800,2025-04-08T12:54:54+09:00,2025-04-08T12:54:54+09:00,週刊女性PRIME,jprime,週刊女性PRIME,1500,"広末涼子
「交通事故を起こし、搬送先の病院において一時的にパニック状態に陥った結果、医療関係者の方にケガを負わせてしまいました」
【写真】破片が散乱!拡散される広末涼子容疑者が起こしたと思われる事故現場
広末涼子、傷害容疑で逮捕
女優の広末涼子（44）が病院の看護師に対する傷害容疑で現行犯逮捕された。看護師を足で蹴り、腕をひっかくなどの暴行を加えたとされる事件は、ファンだけでなくネットユーザーにも衝撃を与えている。

　各社の報道によると広末容疑者は7日午後、新東名・上りの掛川PA付近で普通乗用車を運転中、大型トレーラーに追突する事故を起こし病院に搬送後、治療を受ける中で暴行に至ったという。これを受けて広末容疑者が代表取締役を務める株式会社R.Hは冒頭のコメントと芸能活動自粛を発表している。

　かつて「国民的清純派アイドル」として一世を風靡した広末だが、実はこれまでも数々の「奇行報道」がたびたび取り沙汰されてきた。

　1996年、CM「広末涼子、ポケベルはじめる」で一躍有名になり、翌年には竹内まりやプロデュースによる『MajiでKoiする5秒前』で歌手デビュー。約60万枚のヒットを記録し、瞬く間に「国民的清純派アイドル」として人気を博した。当時高校生だった彼女の無垢な笑顔と健康的な魅力は、多くの日本人の心を掴んだ。

　その後も女優として順調にキャリアを重ね、数々のヒット作に出演。しかし、2000年代に入ると、イメージとのギャップを示す報道が相次ぐようになる。
始まりは「クラブ遊びと号泣会見」から
清純派として売り出していた広末のイメージに最初の傷がついたのは、2001年だった。

　映画『WASABI』の記者会見では突如号泣し、会場を騒がせるなどした後、予定していた新作CMの公開取材を急遽キャンセル。さらに同年、クラブで豪遊後、東京渋谷区の自宅から150キロも離れた千葉・白浜市まで4万円相当のタクシー代を踏み倒し地面に座り込み、片腕を天に向けて掲げる衝撃的な姿が週刊誌に報道され、大きな話題となった。こうした一連の出来事から、一時期は精神状態を心配され“プッツン女優”というレッテルを貼られてしまう。

　SNS上では今回の逮捕を受け、過去の「奇行」を振り返る声が相次いでいる。

《広末涼子の逮捕、ショックだけど正直驚かない。昔から奇行エピソードは有名だったよね》

《広末涼子で驚くのは鳥羽シェフ不倫が最後だと思ってたのに…》

《積み上げてきたものを定期的にぶち壊すスタイル、嫌いじゃない》

《自称マネージャーの男は、新しい男か?》

　といった広末の報道に対して憶測を呼ぶ声もあがっている。

「16歳で一躍スターダムに上り詰め、『国民の理想』を背負わされた彼女は、自分自身のアイデンティティ形成期に『広末涼子』を演じ続けなければなりませんでした。2001年のタクシー無賃乗車事件や『WASABI』会見での突然の涙は、そうした精神的プレッシャーのサインだったかもしれません。今回の暴行による逮捕は、複数回の離婚や再婚、長年蓄積されたものが事故をきっかけに表に出てしまったのかもしれません」

　SNS上では彼女を心配する声も。

《福祉的な支援が必要なんじゃないかと心配に思ってしまう》

《普通に精神面が心配なんやが》

　といった長年のファンからは精神面を心配する声が目立った。

　活動自粛が報道されている広末。必要であれば治療やケアを経ることで、新たな姿で再出発する可能性も十分にある。多くのファンが、理解を持って彼女の再起を見守っているだろう─。",[],[]
「女性への接し方がプロ」木村拓哉、スタッフ苦笑でも…野呂佳代の“カミングアウト”対応に絶賛（週刊女性PRIME）,https://news.yahoo.co.jp/articles/840d88f3a0fd83b956743a0f6d24e73a7b543874,https://newsatcl-pctr.c.yimg.jp/t/amd-img/20250408-00036269-jprime-000-1-view.jpg?exp=10800,2025-04-08T12:02:21+09:00,2025-04-08T12:02:21+09:00,週刊女性PRIME,jprime,週刊女性PRIME,1082,"木村拓哉
俳優の木村拓哉が、4月5日に自身のYouTubeを更新。

　今回は、視聴者の女性から「子どもが居て動きやすい服ばかりなので、オシャレコーデを考えて欲しい」というリクエストに応える企画動画が投稿された。ゲストには、タレントの野呂佳代が登場し、アパレルブランド・GUで“女子一週間コーデ”にチャレンジした。
【写真】木村拓哉の真摯すぎる野呂佳代への振る舞い
「芸能活動する前から木村さんのファンだったという野呂さん。冒頭、『私でいいのかな』と緊張する場面もありましたが、すかさず木村さんが『替える?』といきなりいじりるなどして緊張をほぐすような気遣いも見えていて、その場は和やかなムードになっていましたね」（芸能プロ関係者）

　その後、“女性にデニム履いてほしい”という木村のリクエストに応えて、デニムを選ぶことに。ベアトップサロペットパンツを真剣な表情で見ている木村の横で、野呂は「木村さん、気をつかってLを選んでくれていますけど、（私のサイズ）多分XLなんです。すいません」と自身の体型について吐露。

　周りのスタッフは思わず苦笑いしたものの、木村は表情一つ変えることなく、「他のも?」と確認し、すぐさま選んだ服を全てLサイズからXLに変更していたのだ。さらに野呂が「でも、ちょっとダイエットしてきたんです」と自虐ネタを話しても、木村は一切茶化さず真剣に服を選んでいった。
《女性に対しての接し方がプロ》
この木村の真摯な対応にネットは反応。視聴者からは賞賛の声が上がったのだ。

《キムタクが終始紳士すぎて本当に素敵だった　視聴者も共演者も嫌な気持ちにさせない天才》
《やっぱり娘さんふたりもいるから女性に対しての接し方がプロですよね》
《世の中キムタク感性だらけになれば平和しかない》

　その後も、カゴを最後まで自分で持っている姿、ベルトを丁寧にカゴに入れる様子も絶賛された。木村の気配りは今に始まった事ではないと前出の芸能プロ関係者は振り返る。

「中居正広さんの問題でネットで話題になっていましたが、2000年12月24日、“20世紀最後のクリスマスイブ”に放送された特番『SMAPシークレットX'masパーティー』（日本テレビ系）で、共演した宮沢りえさんに中居さんが言い寄り、手を触るなどを続けていた際にも、木村さんは、中居さんと宮沢さんの間に座って彼女を守っていました。木村さんは昔から気配り上手な方ですよね」

　男女問わずに色んな人に配慮をしてきた木村。年齢を重ねても気配りを欠かさない姿は今もなおスーパースターだと言えるだろう。",[],[]
【コメント全文】自称・広末涼子逮捕は本人「パニック状態に陥り」看護師を暴行、事務所が認める（週刊女性PRIME）,https://news.yahoo.co.jp/articles/aeb8490875869919202e2f0cedcc3c11c3daf133,https://newsatcl-pctr.c.yimg.jp/t/amd-img/20250408-00036272-jprime-000-2-view.jpg?exp=10800,2025-04-08T11:02:12+09:00,2025-04-08T11:39:52+09:00,週刊女性PRIME,jprime,週刊女性PRIME,922,"広末涼子
《マジ?一気に目覚めたわ》
《自称って、免許不携帯だったの?》
《本人確認できないってどういうこと?》
【写真】NEXCO中日本が出した、広末涼子容疑者の事故と思われる情報
自称・広末涼子容疑者が逮捕された。

　4月8日午前0時20分、静岡県島田市の病院で看護師の女性を蹴る、腕をひっかくなどのケガをさせ傷害の容疑で掛川署に現行犯逮捕と、早朝から報じたれたショッキングなニュース。
自称・広末涼子は本人だった
広末は前日の7日夜、マネージャーと同乗する車で新東名の掛川PAでトレーラーに突っ込む事故を起こしており、マネージャーとは別の病院に搬送されたという。

「報道では俳優の広末涼子だと名乗っていると、“自称”扱いになっています。被害にあった看護師の女性は軽いケガとのことです。“同乗の男性マネージャー”との報道ですので、運転していたのは広末本人なのでしょう」（地方紙記者）

　同署によると身分証明などの照会はできていないため“自称”と報じられたようだが、容疑者の外見から広末涼子本人だとみられるという。

　情報が少ない中での報道に戸惑う人がいる中、広末涼子の事務所が公式コメントを発表。

　このたび、広末涼子が逮捕されました。

　4月8日、本人が運転する車による交通事故を起こし、搬送先の病院において一時的にパニック状態に陥った結果、医療関係者の方に怪我をおわせてしまいました。

　被害に遭われた方をはじめ、関係者の皆様に多大なるご迷惑とご心配をおかけしましたこと、心より深くお詫び申し上げます。

　現在、当該事案については捜査中であるため、詳細の公表は差し控えさせていただきますが、本人は当面の間、すべての芸能活動を自粛する運びとなりました。

　ファンクラブの今後の運営につきましては、現在対応を協議しており、あらためてご案内させていただきます。お時間をいただくこととなりますが、何卒ご理解賜りますようお願い申し上げます。

　日頃よりご支援いただいているファンの皆様には、多大なるご迷惑とご心配をおかけしましたことを重ねてお詫び申し上げます。

　今後の対応につきましては、誠意をもって取り組んでまいります。",[],[]
《フリーになりそうな女性アナランキング》水卜アナを抑えた1位は「いまは存在感が薄いアナ」（週刊女性PRIME）,https://news.yahoo.co.jp/articles/9d79931dda578e611976ec74e2daded23644d0c7,https://newsatcl-pctr.c.yimg.jp/t/amd-img/20250408-00036158-jprime-000-2-view.jpg?exp=10800,2025-04-08T11:01:57+09:00,2025-04-08T14:36:56+09:00,週刊女性PRIME,jprime,週刊女性PRIME,2713,"写真左から井上清華アナ、水卜麻美アナ、桑子真帆アナ、市來玲奈アナ
テレ東の大江アナやフジの椿原アナ、永島アナなど人気アナが相次いで退社した。フジテレビの女性アナ“上納”疑惑なども報じられ、何かと受難が伝えられる局アナの世界を飛び出し、羽ばたこうとしているのは誰なのかー。
【写真】3月末で退社してフリーになった中川安奈アナの「裸に見える」衣装
5位はセレブ俳優と結婚したNHKアナ
フジテレビに勤める女性アナウンサーの退社が相次いでいる。

「3月いっぱいでカトパンこと加藤綾子アナと同期の椿原慶子アナウンサーと、永島優美アナウンサーが退社しました。彼女たちは30歳を超えたのでセオリーどおりともいえなくないですが、まだ入社3年目で『GO!GO!チャギントン』を任されている岸本理沙アナウンサーも6月いっぱいで退社を発表し、フジテレビのアナウンス室が泥船と化している、ともっぱらの噂です。次にそこから抜け出すアナは誰なのか、業界で注目されています」（テレビ局関係者）

　昨年、パリ五輪特番での衣装が「裸に見える」と話題になったNHKの中川安奈アナウンサーも3月末で退社。ホリプロに所属することが発表された。今、女性アナ界は逃げるが勝ちなのか。そこで、1000人の女性視聴者に緊急アンケート。「次にフリーになりそうな女性アナウンサーは?」

「セレブ俳優の旦那もつかまえたし子どもができたら産休・育休を使い切って辞めそう」（東京都・28歳）

　5位にランクインしたのは、NHKの桑子真帆アナウンサー（37）。'21年に俳優の小澤征悦と再婚し、セレブファミリーの仲間入りを果たしている。

　『ブラタモリ』の2代目アシスタントを務めたり、『紅白歌合戦』の総合司会を4回務めるなど、局の顔ともいえる活躍をしている桑子アナ。

「桑子さんは'17年にフジテレビの男性アナウンサーと結婚し、1年余りで離婚しています。女性からあまり支持されないような過去のプリクラが出回ったりと、同性人気が低いのでフリーになってバリバリ働くというよりは、家庭を中心にゆるく仕事をしていくのでは」

　と、女性アナに詳しいライターの津田春子さん。小澤ファミリーのニューカマーが期待されている?

「担当番組も終わるし、そろそろ辞めそう」（千葉県・37歳）
4位に入ったのは市來玲奈アナウンサー（29）。乃木坂46から女性アナに転向し、'17年から日本テレビアナウンサーとして活躍。'18年からは『行列のできる法律相談所』3代目秘書MCに抜擢されたが、その番組もこの3月で終了した。
3位は中居正広氏問題に揺れるフジテレビの人気アナ
「『行列〜』が終わり、来年は30歳になるので節目で辞めるのでは?　ただ市來さんは、日本テレビ入社が決まる直前まで『中居正広の金曜日のスマイルたちへ』（TBS系）の人気企画、金スマ社交ダンス部に参加していたものの大学3年生のときに急きょこのコーナーを降板しています。この辞め方が批判を浴びたので退社には慎重になりそう」（津田さん）

　行列の終了のタイミングは確かに良さそうだ。

「朝ときどき、とても疲れている顔をしていて体調不良で休む日もあるので心配」（神奈川県・42歳）

　視聴者から心配されているのはフジテレビの井上清華アナ（29）。入社早々『GO!GO!チャギントン』のナビゲーター、自社CMに抜擢され、現在は『めざましテレビ』のMC、『ホンマでっか!?TV』の2代目アシスタントを務め、まさにエース的存在。それだけに注目も大きいようで─。

「井上アナは'15年のミス青学のファイナリスト。当時からそのビジュアルが注目されていました。フジに入社してからは“女性アナのステマ疑惑”に巻き込まれる災難もあったり、今回の“上納”報道でも疲弊しきっているように見えます。

　チャームポイントの笑顔も心なしか曇っているように見えますね。男性人気が高いですが同性からも支持される可愛らしさを持つ女性なので、印象の悪いフジテレビを退社してフリーになったほうがイメージアップになるかも」（津田さん）

　清華スマイルは他局でも通用するだろう。

「働かされすぎだからプライベートを大切にしてほしい」（大阪府・30歳）

「このまま局に酷使されるのはかわいそう。女性としての幸せを」（福岡県・50歳）

　働きすぎを心配されているのは日本テレビの顔・水卜麻美アナ（37）。'23年に俳優の中村倫也との電撃婚を発表し世間を驚かせたが、仕事のペースは変わっていない。

「中村さんと水卜アナの子孫を残すべきという、余計なお世話でしかないご意見が多く見られました。水卜さんはワーカホリックぎみというか、自ら背負いたいタイプだと思うので、仕事も家庭もバリバリこなしそうですが今の『ZIP!』のスケジュールだと確かに妊娠は難しそう……。

　会社を代表して『24時間テレビ』での寄付金着服の謝罪をさせられるなど気の毒な面もあるので、フリーになってほしいという視聴者の声はおせっかいというより優しさだと思いますね」（津田さん）

　そんなに背負い込まないで!
「もう推されてないから拗ねてそう」（埼玉県・40歳）

「まったく目立ってないからやめそう」（静岡県・29歳）
1位に輝いたのは“あざと可愛い”女性アナ
3位の井上アナ、2位の水卜アナとは真逆の理由で1位にランクインしたのは、テレビ朝日の弘中綾香アナ（34）。元TBSアナの田中みな実とともに『あざとくて何が悪いの?』を立ち上げるなど、“あざとい系”の代表のように振る舞っていたが─。

「'22年に起業家男性と結婚、'23年に第1子を出産し、育休などを取らずに早期の職場復帰を希望したなどと報道されていました。存在感の薄い現状には確かに耐えられなさそうですね。

　でも田中さんと違って、よくも悪くもアクが強くないし、同性からの支持が低いのでフリーになったら失敗しそうなタイプに見えます」（津田さん）

　あざとい芸も通用しない?
　　　　　　
「女性アナウンサーの退社は続きそうな気がします。どの局を見ても仕事量のばらつきが極端すぎる。TBSだと『ラヴィット!』の田村真子さん、『CDTV』などの江藤愛さんが働かされすぎだと感じる場面が多々あります。

　こういった仕事量の格差などの原因も不透明ですし、田村さんや江藤さんは違うと思いますが、人気番組に起用される女性アナなどを見ていると接待や上納があるのではないかと疑ってしまいます」（津田さん）

　女性アナはつらいよ?",[],[]
広末涼子容疑者が傷害の疑いで現行犯逮捕、“自称”報道の違和感「免許不携帯だったの？」声続出（週刊女性PRIME）,https://news.yahoo.co.jp/articles/44bcd3d2b1be8b506ea279671861ce8b4ae7f127,https://newsatcl-pctr.c.yimg.jp/t/amd-img/20250408-00036271-jprime-000-4-view.jpg?exp=10800,2025-04-08T08:22:10+09:00,2025-04-08T10:32:21+09:00,週刊女性PRIME,jprime,週刊女性PRIME,1137,"広末涼子容疑者
広末涼子容疑者が逮捕された。

　4月8日午前0時20分、静岡県島田市の病院で看護師の女性を蹴る、腕をひっかくなどのケガをさせ傷害の容疑で掛川署に現行犯逮捕と、早朝からショッキングなニュースが報じられた。
【写真】NEXCO中日本が出した、広末涼子容疑者の事故と思われる情報
広末は前日の7日夜、マネージャーと同乗する車で新東名の掛川PAでトレーラーに突っ込む事故を起こしており、マネージャーとは別の病院に搬送されたという。

「報道では俳優の広末涼子だと名乗っていると、“自称”扱いになっています。被害にあった看護師の女性は軽いケガとのことです。“同乗の男性マネージャー”との報道ですので、運転していたのは広末本人なのでしょう」（地方紙記者）

　同署によると身分証明などの照会はできていないため“自称”と報じられたようだが、容疑者の外見から広末涼子本人だとみられるという。
「自称・広末涼子」が現行犯逮捕
この報道にネットでは

《マジ?一気に目覚めたわ》
《自称って、免許不携帯だったの?》
《本人確認できないってどういうこと?》

　と、曖昧な報じられ方に疑問を抱く声が多数上がっている。

　一部では「警察によると事故現場に駆け付けた際、女は立ったり座ったり歩いたりと本線上にはみ出しそうな不審な動きが見られた」「免許証も保険証も不携帯のため本人確認ができていない」という報道もある。

　広末といえば、鳥羽周作シェフとの泥沼不倫劇を繰り広げ、夫のキャンドル・ジュン氏と離婚。その後、活動休止と事務所の退所を経て、芸能活動に復帰。

　3月29、30日には台湾で開催された「大港開唱　Megaport Festival」に出演したことを報告し、真っ赤なドレス姿を披露したばかりだ。

「以前、音楽番組の司会を務めた際に、昔の自分の歌を“絶対歌わない”発言していましたが、代表曲である『MajiでKoiする5秒前』や『大スキ!』をファンの前で歌っていますね。そのためか、言ってることとやってることが支離滅裂と、批判の声が上がりました」

「あれは10代だから歌えた曲」と言っていたヒット曲を44歳になった今でも歌い、ファンを再び喜ばせてきた。
　
　また3月28日にはフジテレビ系『ザ・共通テン!』に出演し、今後の人生を問われると、「自分らしく」とひと言いったあと、

「無理しすぎないで、自分の大切なものを大切にしていける形でお仕事をしながら、家族を守りながら生きていくのが、一番の理想です」

　と語った。

　不倫離婚騒動のときも「家族を守る」との言葉を真っ先に伝えた広末だが、今回の衝撃的な“逮捕”に家族、子どもたちはどう感じたのだろうかーー",[],[]
「恒例の外国人ルーキーいじめ」佐々木朗希を裁いた審判が物議、“ストレスフル”なメジャーの負担（週刊女性PRIME）,https://news.yahoo.co.jp/articles/b34656df9fb091d48cdf27f4566969116d9e0ef7,https://newsatcl-pctr.c.yimg.jp/t/amd-img/20250408-00036266-jprime-000-2-view.jpg?exp=10800,2025-04-08T07:02:22+09:00,2025-04-08T10:54:57+09:00,週刊女性PRIME,jprime,週刊女性PRIME,1304,"佐々木朗希
メジャーリーグのロサンゼルス・ドジャースの佐々木朗希が、4月5日（日本時間6日）のフィラデルフィア・フィリーズ戦に先発登板。5回途中1失点で降板したもののメジャー最長登板を記録した。
【写真】佐々木朗希、結婚前に見せていた美人女優とのデレデレショット
しかし、試合中にはメジャーに慣れていない点を露呈。それは、1回に、無死一、三塁でプライス・ハーパーと対戦する際、初球を投げる直前に起きた。

　ハーパーがルーティンをこなし、構えに入ろうとすると、既に佐々木はセットポジションに入っていた。ところが、ハーパーが間を嫌うと、球審は佐々木へ人さし指と中指で目を指さし、打者と間合いを合わせるよう注意。

　さらに審判は、バッターが打席で十分な構えをする前に投げようとする「クイックピッチ」だと指摘した。実は佐々木は、日本で行われたメジャーリーグ開幕戦のカブス戦でも同様の指摘を受けているのだ。
《恒例の外国人ルーキーいじめやろな》
そんな審判の対応に対して、ネットからはこんな声が集まっている。

《いろいろ面倒だな》
《恒例の外国人ルーキーいじめやろな》
《アホみたいなルールやな》

　など、佐々木に対して同情的なコメントが目立つ。

　メジャーリーグがなぜ細かいルールを導入しているのか、メジャーを取材している野球ライターに聞いてみた。

「今回指摘されたクイックピッチは、打者が構える前に投げるのは危ないという理由で、前々から導入されていますが、佐々木選手が早く投げようとしたのは、メジャー独自のルール“ピッチクロック”が原因だと思われます。

　“ピッチクロック”は、試合時間の短縮を目的に2023年から導入されました。現行では、投手は走者なしだと15秒以内、走者がいる場面は18秒以内に投球動作に入るという決まりです。佐々木選手は、このルールに慣れてないから慌てたのでしょう」

　メジャーには、他にも独自のルールがある。一つは、塁間に内野手を3人置く守備陣形の禁止。もう一つは、投手の牽制球は3回までと定めた牽制球の制限だ。試合時間短縮を狙って、これらのルールが定められた。

「この試合時間短縮とデータ偏重のメジャーリーグを批判したのが、イチローさんと松井秀喜さんです。お二人は、昨年12月22、23日に放送された『情熱大陸』（TBS系）で対談した際に、松井さんから“今のメジャー見ているとストレスたまりません?”と振ると、イチローさんが“たまる、たまる。めちゃめちゃたまるよ!退屈な野球”と応じた場面がありました。

　その後、データの蓄積によって、野球が統計学に支配されてしまい、かつてような試合の醍醐味を感じにくくなっている点や、試合時間の短縮を優先してルールが改正され、攻守の“間合い”がなくなることで選手個々の“感性が消えていく”ことへの危機感を訴えてました」（同・野球ライター）

　イチローも松井も日米を代表するレジェンド。現在もマリナーズ、ヤンキースとメジャー球団で仕事をしている。その二人が揃っての提言を、メジャーリーグ及び日本球界関係者はどう考えているのだろうか。",[],[]
両親を早くに亡くし未婚で出産…朝ドラ『あんぱん』が“名作になる”と断言できるワケ（週刊女性PRIME）,https://news.yahoo.co.jp/articles/da0e419561b22bbb24a8e7a25f5be0759b8cb484,https://newsatcl-pctr.c.yimg.jp/t/amd-img/20250408-00036151-jprime-000-3-view.jpg?exp=10800,2025-04-08T06:02:02+09:00,2025-04-08T12:51:59+09:00,週刊女性PRIME,jprime,週刊女性PRIME,1303,"『あんぱん』の主演・今田美桜と北村匠海
《“アンパンマン”を生み出したやなせたかしと暢の夫婦をモデルに、生きる意味も失っていた苦悩の日々と、それでも夢を忘れなかった二人の人生。何者でもなかった二人があらゆる荒波を乗り越え、“逆転しない正義”を体現した『アンパンマン』にたどり着くまでを描き、生きる喜びが全身から湧いてくるような愛と勇気の物語です》（NHK公式サイトより）
【写真】朝ドラではこの姿に? メイクばっちりになる前のミセス大森元貴
3月31日から始まった朝ドラ『あんぱん』。脚本を担当するのは『西郷どん』『花子とアン』（ともにNHK）、『Doctor―X 外科医・大門未知子』（テレビ朝日系）、『ハケンの品格』（日本テレビ系）など数々のヒット作を手がけた中園ミホ氏。実は中園氏は現役の占い師という意外な一面を持っている。

「中園さんは14歳のころから占いを学んでいました。占い師は人間観察に優れていて、それは脚本家にも共通する点があります」と言うのは、ドラマウォッチャーのカトリーヌあやこさん。中園氏自身もヒット作のルーツは占いにあると公言している。

「10歳でお父さんを亡くした中園さんは、つらかったときに読んだやなせさんの詩集『愛する歌』に感動して手紙を送ったことから、やなせさんと文通を始めたそうです。19歳のときにお母さんも亡くなり、その後、未婚で出産、シングルマザーになるなど人生経験が豊富なことも、長くトップクラスの脚本家でいられるゆえんだと思いますね」（カトリーヌあやこさん、以下同）
朝ドラヒットの法則は“著名人の妻”
主演で朝田のぶ役は今田美桜、のぶの夫の柳井嵩役は北村匠海。さらに二宮和也、加瀬亮、吉田鋼太郎、松嶋菜々子、竹野内豊、阿部サダヲら実力派俳優が勢ぞろい。Mrs.GREEN APPLEの大森元貴も作曲家役での出演で話題を呼んでいる。

「二宮さん、竹野内さんは朝ドラ初出演で新鮮かつ豪華、高橋文哉さんなど若手のイケメンもいます。ミセスの大森さんは、やなせさんが作詞した『手のひらを太陽に』の作曲家として知られるいずみたくさんがモデルの役で、曲の誕生秘話も描かれるのでは」

『あんぱん』は戦前から戦後にかけての激動の時代を舞台にしている。

「やなせさんは戦地に行き、餓死寸前の体験をしました。反戦への思いが、日持ちするあんぱんをモチーフにしたアンパンマンの誕生へとつながります。戦争は物語の重要な要素になるでしょう」

　水木しげるさん夫人の『ゲゲゲの女房』、日清食品創業者の安藤百福さん夫人の『まんぷく』など、著名人の妻がヒロインの朝ドラはヒットしやすいといわれている。

「夢を追いかける夫とそれを支える妻が成功していく姿、深い夫婦愛を視聴者も応援し、思い入れも強くなる。『おむすび』『ちむどんどん』『舞いあがれ!』などオリジナル脚本は半年間の放送中に迷走しがちですが、実在の人物がモデルだと結末は決まっています。のぶはドキンちゃんのモデルだといわれていて、そこも描かれたら面白そうですね」

　視聴者にアンパンチのような衝撃を与えるドラマになりそうだ。",[],[]
