headline,mainEntityOfPage,image,datePublished,dateModified,author,media_en,media_jp,str_count,body,images,external_links
「マクロスF」全銀河待望！シリーズ史上最大の単独ライブ「ギャラクシーライブ☆ファイナル 2025」ブルーレイが発売決定（アニメ！アニメ！）,https://news.yahoo.co.jp/articles/50e4adc9b53c76075028b4c5fdebadc3bb1387e3,https://newsatcl-pctr.c.yimg.jp/t/amd-img/20251123-00000021-anmanmv-000-1-view.jpg?exp=10800,2025-11-23T21:00:04+09:00,2025-11-23T21:00:04+09:00,アニメ！アニメ！,anmanmv,アニメ！アニメ！,1375,"（写真：アニメ！アニメ！）
本日開催された『シェリル・ノーム誕生日記念「マクロスF ギャラクシーライブ☆ファイナル 2025」を振り返ろう!!!! powered by 超時空ファンクラブ マクロス魂』にて、2025年7月に開催された単独ライブ「マクロスF ギャラクシーライブ☆ファイナル 2025」のライブブルーレイが、ランカ・リーのバースデーとなる2026年4月29日（水・祝）にリリースされることが発表された。
【フォト】『マクロスF』　関連画像はコチラ
放送から17年を経た現在もまだまだ勢いがとまらないアニメ『マクロスF（フロンティア）』。
「マクロスF ギャラクシーライブ☆ファイナル 2025」は、今年の7月26日（土）・27日（日）にKアリーナ横浜で開催され、2日間で約38,000人の観客を動員した『マクロス』シリーズ史上最大の単独ライブだ。

ブルーレイ本編ディスクには、主人公・早乙女アルトのバースデーでもある千秋楽・2025年7月27日公演の全編がアンコール含め完全収録される。なんと千秋楽公演のシークレットゲストには15年ぶりの共演となる菅野よう子が降臨。さらに、本編ディスクにはMay’n・中島愛の2人によるオーディオコメンタリーも収録となっている。

限定盤・特装盤にはライブフォト収録ブックのほか、特典ブルーレイディスクが付属。特典ブルーレイディスクにはKアリーナ横浜の初日・7月26日公演の日替わり曲のほか、メイキング映像、インタビュー映像を特別収録。また、完全生産限定の特装盤は、特典ブルーレイディスクのほかにライブ音源CDや豪華スペシャルパッケージ仕様、銀テープストラップ2種セットとアクリルスタンドが付いたヤックデカルチャー仕様。

本日あわせてお披露目となったジャケットイラストは『マクロスF』キャラクターデザインを担当する江端里沙による描き下ろしだ。

そして、本日から期間中に対象店で「マクロスF ギャラクシーライブ☆ファイナル 2025」を予約すると、江端描き下ろしジャケットイラストを使用した「バックステージパス風ネックストラップ」がもらえる早期予約キャンペーンもスタート。ギャラクシーライブ☆ファイナルの記念となるスペシャルな特典となっている。デザインは後日発表となるため、お楽しみに。

さらに、各チェーン別のオリジナル特典も用意されているので、こちらもお見逃しなく。

その他の商品詳細は、今回の発表と同時に開設された「マクロスF ギャラクシーライブ☆ファイナル 2025」特設サイトをチェックしてほしい。


＜リリース情報＞
■「マクロスF ギャラクシーライブ☆ファイナル 2025」
アーティスト：シェリル・ノーム starring May’n ／ ランカ・リー＝中島 愛
発売日 ：2026年4月29日（水・祝）

Blu-ray通常盤：VTXL-59　￥8,800（税込）
Blu-ray限定盤：VTZL-265 ￥13,200（税込）
完全生産限定・ヤックデカルチャー特装盤（Blu-ray）：VTZL-266 ￥18,700（税込）
Illustrated by Risa Ebata
（C）2021 BIGWEST/MACROSS F PROJECT
アニメ！アニメ！ 米田果織",[],[]
「楽園追放 心のレゾナンス」26年11月13日公開！佐倉綾音、早見沙織、青山吉能、天城サリーがオーディション経て起用（アニメ！アニメ！）,https://news.yahoo.co.jp/articles/b6487ba63cbbe94e9421fdc88bf33418a445d8f5,https://newsatcl-pctr.c.yimg.jp/t/amd-img/20251123-00000020-anmanmv-000-1-view.jpg?exp=10800,2025-11-23T19:30:04+09:00,2025-11-23T19:30:04+09:00,アニメ！アニメ！,anmanmv,アニメ！アニメ！,1269,"『楽園追放 心のレゾナンス』キービジュアル
劇場アニメーション『楽園追放 心のレゾナンス』の公開日が、2026年11月13日（金）に決定。新キャラクター登場の最新PV・キービジュアルと、メインキャスト陣が公開された。
【フォト】オーディションを勝ち抜いた声優4人＆場面カットはコチラから
2014年11月15日（土）に劇場公開された『楽園追放 -Expelled from Paradise-』。虚淵玄（ニトロプラス）×水島精二による、初のオリジナル劇場作品にて、人類が肉体や地球を捨て、電脳世界ディーヴァで暮らすようになった西暦2400年を舞台に、壮大なSF的ビジョンと、目を見張るアクションが融合したフル3DCGアニメは、圧倒的なセンスに最先端の映像美が交わり、大ヒットを記録した。

そして、2024年には劇場公開10周年を記念して、11月15日（金）より2週間限定にて、4Kアップコンバート版を『楽園追放 -Impelled by 10th Anniversary-』と題し、全国34館でのリバイバル上映を開催。そして、2026年には待望の次回作『楽園追放 心のレゾナンス』が公開予定。水島精二監督のもと、脚本虚淵玄（ニトロプラス）、キャラクターデザイン齋藤将嗣、音楽のNARASAKIのメインスタッフ陣が再集結し、“その先の新たな物語”を描く。

このたび、最新の第3弾ティザーPVが公開。映像内では、4人の新キャラクター「ガブリエル」「アルマ」「ダネル」「ラグエル」が初登場。キャラクターはもちろん、作中内に登場するメカ「トラディショナルアーハン」が画面内を動き回る大迫力の映像が描かれた。

そして、最新となる第三弾キービジュアルも発表。あわせてアニメーションスーパーバイザーには荻田直樹、 モデリングスーパーバイザーには久目健人、メカモデリングリードには橋本豊和というスタッフ陣も明らかとなった。

さらに、4名の新キャラクターの声優陣も公開に。保安局の三等官エージェント・ガブリエル役には佐倉綾音。アルマ役には早見沙織。ダネル役には青山吉能。そして環境調査局員のラグエル役には天城サリーと、個性豊な声色を持つ実力の声優陣がオーディションを経て決定となった。


＜作品情報＞
■『楽園追放 心のレゾナンス』
2026年11月13日（金）公開

【STAFF】
監督：水島精二 
脚本 ：虚淵玄（ニトロプラス） 
キャラクターデザイン ：齋藤将嗣 
メカニックデザイン ：海老川兼武・石垣純哉 ・柳瀬敬之 　 
アニメーションスーパーバイザー：荻田直樹 
モデリングスーパーバイザー ：久目健人 
メカモデリングリード ：橋本豊和 　
音楽：NARASAKI
プロデューサー：野口光一 
アニメーション制作：東映アニメーション

【CAST】
佐倉綾音（ガブリエル）
早見沙織（アルマ）
青山吉能（ダネル）
天城サリー（ラグエル）
（C）東映アニメーション・ニトロプラス／楽園追放ソサイエティ2
アニメ！アニメ！ 米田果織",[],[]
「ウマ娘 シンデレラグレイ」オグリキャップ、ベルノライトがローソン店舗に集合！ お菓子を買ってオリジナルクリアファイル をもらおう♪（アニメ！アニメ！）,https://news.yahoo.co.jp/articles/c47256c90f350a3c9007f75af53a5a09959b7288,https://newsatcl-pctr.c.yimg.jp/t/amd-img/20251123-00000022-anmanmv-000-1-view.jpg?exp=10800,2025-11-23T18:30:04+09:00,2025-11-23T18:30:04+09:00,アニメ！アニメ！,anmanmv,アニメ！アニメ！,1676,"アニメ『ウマ娘 シンデレラグレイ』キャンペーン　ローソンで開催
TVアニメ『ウマ娘 シンデレラグレイ』より、オグリキャップやベルノライトが全国のローソン店舗（一部店舗・ナチュラルローソン・ローソンストア 100 は除く）に登場だ。11月25日から「オリジナルクリアファイル」がもらえる企画やグッズ販売を実施する。
【フォト】明治「ガルボ チョコ」の「ウマ娘」パケは注目！／コラボ詳細をチェック
競走馬を擬人化したアプリゲーム『ウマ娘 プリティーダービー』のスピンオフ作品『ウマ娘 シンデレラグレイ』は、久住太陽が「週刊ヤングジャンプ」にてマンガを連載中だ。TVアニメは2025年4月より分割2クールで放送されている。
寂れた地方にあるカサマツトレセン学園に入学するオグリキャップが主人公。その圧倒的な走りは常識を覆していく。オグリキャップ役は『ウマ娘 プリティーダービー』ゲーム版＆アニメ版と変わらず高柳知葉が担当する。アニメーション制作はCygamesPictures。

オグリキャップ、ベルノライト、タマモクロス、ディクタストライカ、ゴールドシチー、オベイユアマスター。6名のウマ娘が全国のローソンに集合だ。

11月25日から、対象のお菓子を3点購入すると「オリジナルクリアファイル」（全7種）が先着・数量限定でゲットできるほか、オリジナル菓子として明治「ガルボシリーズ」（オリジナルフォト風カード1枚入り）も3種類で展開。また、たらみ「グラスゼリー 白桃味」もオリジナルパッケージ2種を用意して販売する。

ローソン店頭では描き下ろしイラスト使用したグッズも用意。全6種の「アクリルスタンド」は見逃せない。

11月25日10時～2026年1月26日23時30分まで「@Loppi・HMV＆BOOKS online」で受注するオリジナルグッズにも注目したい。

全3種の「なりきり！からあげクンぬいぐるみ」をはじめ、「B2タペストリー」「アクリルジオラマ」「フェイスタオル」「缶バッジ（全6種）」「缶バッジ コンプリートセット」と充実のラインナップだ。

そのほか、「トラッドスタイル」をコンセプトにした描き下ろしイラストを使用した「エンタメくじ」、店頭のマルチコピー機・ローソンプリントを使った「オリジナルブロマイド」の販売も行う。


■アニメ『ウマ娘 シンデレラグレイ』キャンペーン
・実施期間：2025年11月25日（火）7時～12月8日（月）
・実施店舗：全国のローソン店舗（一部店舗・ナチュラルローソン・ローソンストア100は除く）

【オリジナル菓子】※なくなり次第販売終了
・明治「ガルボ チョコ」：899円（税込）
・明治「ガルボ いちご」：899円（税込）
・明治「ガルボ ブラック」：899円（税込）
・たらみ「グラスゼリー 白桃味」：968円（税込）

【エンタメくじ】※なくなり次第販売終了
価格：1回770円（税込）

【ローソン店頭グッズ】※なくなり次第販売終了
・アクリルスタンド（全6種）：各1,650円（税込）

【@Loppi・HMV＆BOOKS online オリジナルグッズ】
・受注期間：11月25日（火）10:00～2026年1月26日（月）23:30 ※期間中でも受付終了の場合あり
・なりきり！からあげクンぬいぐるみ（全3種）：各3,850円（税込）
・B2タペストリー（全6種）：各3,850円（税込）
・アクリルジオラマ：3,850円（税込）
・フェイスタオル（全2種）：各2,640円（税込）
・缶バッジ（全6種）：各550円（税込）
・缶バッジ コンプリートセット：3,300 円（税込）

【ローソンプリント】
・ブロマイド L判：300円（税込）
・ブロマイド 2L判：500円（税込）
（C）久住太陽・杉浦理史＆Pita・伊藤隼之介／集英社・ウマ娘 シンデレラグレイ製作委員会
（C）Cygames, Inc.
（C）Lawson, Inc.
アニメ！アニメ！ hidegomi",[],[]
Kis-My-Ft2・宮田俊哉「HUNTER×HUNTER」クラピカの“美しすぎる”コスプレ披露！ファン悶絶「似合いすぎでは？」「本物やんけ！」（アニメ！アニメ！）,https://news.yahoo.co.jp/articles/734fc5c8a36af2f776f24b9d2b75cb5c6b46fea8,https://newsatcl-pctr.c.yimg.jp/t/amd-img/20251123-00000019-anmanmv-000-1-view.jpg?exp=10800,2025-11-23T18:14:50+09:00,2025-11-23T18:14:50+09:00,アニメ！アニメ！,anmanmv,アニメ！アニメ！,855,"コスプレの撮影会のイラスト「いらすとや」
Kis-My-Ft2の宮田俊哉が22日、自身のSNSに『HUNTER×HUNTER』のクラピカのコスプレ写真を掲載。あまりの完成度の高さに「美しい……！」「かっこよすぎる！」などの声が上がった。
【フォト】関連・イメージ画像
宮田といえば、アイドルきってのアニメ好きとして有名。SNSや番組などで知識や愛をアピールしており、その“ガチ”っぷりからアニメファンの間で「俺たちの宮田」「宮田ニキ」などの愛称で親しまれている。


今年10月に行われた「池袋ハロウィンコスプレフェス2025 Powered by dwango」では、コスプレ情報誌「COSPLAY MODE（コスプレイモード）」10月号表紙を飾った際に身に纏っていたオリジナルキャラクターのコスプレ姿を披露。「イヤァァァかっこいい！！！」「王子綺麗すぎ」「ポージング色気が凄い！！！！」と大きな話題となった。

このオリジナルキャラクターは、事前に宮田のXで「どんなキャラクターのコスプレを見たい？」と募った際に、ファンから届いた特徴をひとつにまとめて完成したものとのこと。「今後コスプレをやってみたい作品やキャラクターは？」と問われると、『ファイナルファンタジー』や『HUNTER×HUNTER』のクラピカ、自身が声優を務めたキャラクターにも挑戦したいと述べていた。

このたび、その念願のクラピカ姿を披露。宮田いわく「子どもの頃から憧れていたクラピカ！！」とのことで、その完成度はすさまじいもの。ファンからは「天才か！！！！！！」「似合いすぎでは？」「本物やんけ！！！！」「美しすぎるだろ」「めっちゃかっこいい！」と絶賛する声が上がっていた。その中には、こちらもアニメファンにはお馴染みのアーティスト・大石昌良の声も。

さらに宮田は「クラピカのコスプレ写真今日のは第一弾だから、第二弾も楽しみにしててくれたら嬉しいなっ！！」ともコメントしており、ファンの期待を煽っていた。
アニメ！アニメ！ 米田果織",[],[]
「ブルーロック」潔や凪、凛たちが“おとぎ話”の世界へ！描き下ろしイラスト使用グッズを「POP UP STORE in ロフト」で販売（アニメ！アニメ！）,https://news.yahoo.co.jp/articles/2c8ba8ac4867df3f28ecaa3759535213c0bd0041,https://newsatcl-pctr.c.yimg.jp/t/amd-img/20251123-00000018-anmanmv-000-1-view.jpg?exp=10800,2025-11-23T18:00:04+09:00,2025-11-23T18:00:04+09:00,アニメ！アニメ！,anmanmv,アニメ！アニメ！,2387,"特製カード「ロフト特典」(全8種)
TVアニメ『ブルーロック』POP UP STORE in ロフトが、2025年12月4日よりを開催される。
【フォト】「ブルーロック」描きおろしグッズをチェック
『ブルーロック』の原作は、第45回講談社漫画賞少年部門を受賞したサッカーマンガ。ストーリーは金城宗幸、作画はノ村優介が手がけ、「週刊少年マガジン」で連載中だ。
日本をワールド杯優勝に導くストライカーを育成するため、日本フットボール連合が立ち上げた“ブルーロック（青い監獄）”プロジェクト。そこに集められた高校生300名は全員がFW（フォワード）を担当していた。彼らが世界一のストライカーになるための生き残りをかけたセレクションに挑む姿が描かれる。

TVアニメは2022年10月から連続2クールで放送され、2024年4月に『劇場版ブルーロック -EPIOSODE 凪-』も公開。TVアニメ第2期が10月5日から全14話で放送された。

このたび開催されるTVアニメ『ブルーロック』POP UP STORE in ロフトでは、おとぎ話をイメージした描き下ろしイラスト使用の商品が登場。潔世一、蜂楽廻、千切豹馬、凪 誠士郎、御影玲王、糸師凛、氷織羊、雪宮剣優の8人がラインナップしている。会計、会計2,500円（税込）購入ごとに、店舗・通販それぞれ別デザインとなる特製カード（全8種）がランダムで1枚配布される。

開催はロフトの梅田、池袋、横浜、天神、栄の全国6店舗。詳細は特設サイトをチェックしていただきたい。

＜開催詳細＞
梅田ロフト：2025年12月4日(木)～2025年12月17日(水)
池袋ロフト：2025年12月4日(木)～2025年12月22日(月)
横浜ロフト：2025年12月27日(土)～2026年1月19日(月)
天神ロフト：2025年12月27日(土)～2026年1月19日(月)
栄ロフト：2026年1月24日(土)～2026年2月11日(水)
モユク札幌ロフト：2026年1月24日(土)～2026年2月11日(水)

＜商品ラインナップ＞
■アクリルスタンド Fairy tale
全8種
各￥1,760 (税込)
※お一人さま1会計につき各3点まで

■アクリルキーホルダー Fairy tale
全8種
各￥880 (税込)
※お一人さま1会計につき各3点まで

■トレーディング缶バッジ Fairy tale
全8種 BOX8個入り ブラインド仕様
1PACK ￥495 (税込)
1BOX ￥3,960 (税込)
※お一人さま1会計につき3BOX(24PACK)まで

■クリアファイル Fairy tale
全1種
￥440 (税込)
※お一人さま1会計につき3点まで

■キラキラチャーム Fairy tale
全8種
各￥1,430 (税込)
※お一人さま1会計につき各3点まで

■トレーディングスクエア缶バッジ Fairy tale
全8種 BOX8個入り ブラインド仕様
1PACK ￥495 (税込)
1BOX ￥3,960 (税込)
※お一人さま1会計につき3BOX(24PACK)まで

■ミニミニアクリルスタンドCollection Fairy tale
全8種 BOX8個入り ブラインド仕様
1PACK ￥715 (税込)
1BOX ￥5,720 (税込)
※お一人さま1会計につき3BOX(24PACK)まで

■アクリルスタンドmini Fairy tale
全8種
各￥1,210 (税込)
※お一人さま1会計につき各3点まで

■アクリルキーホルダーmini Fairy tale
全8種
各￥880 (税込)
※お一人さま1会計につき各3点まで

■缶クッキー Fairy tale
全2種
各￥972 (税込)
※お一人さま1会計につき各3点まで

※画像はイメージです。実際の商品とは異なる場合がございます
※お一人さま1会計あたりの購入制限がございます
※購入制限は予告なく解除となる場合がございます
※スタッフの指示に従っていただけない場合、販売をお断りすることがございます
※当日の状況によりご案内が変更となる場合がございます
※不良品以外の返品・交換はお受けできかねますので、あらかじめご了承ください
※店舗の営業状況および展開につきましては、情勢により変更となる場合がございます

商品購入特典：特製カード「ロフト特典」(全8種)
サイズ：W62.5×H88mm
※オンラインショップ特典と配布デザインが異なりますのでご注意ください。
※数量限定のため、なくなり次第終了となります
※レシート合算不可となります
※ランダムでのお渡しとなるため、絵柄はお選びいただけません
※画像はイメージです。実際の商品とは異なる場合がございます
※特典の不良交換はお受けできかねますので、あらかじめご了承ください

＜マズルオンラインショップ＞
注文受付期間：2026年1月9日(金)12：00～2026年2月6日(金)23：59
お届け予定：2026年3月中旬
※在庫限りの商品がございますので、あらかじめご了承ください
※商品のお届け予定は状況により前後する場合がございます

特典：特製カード「マズルオンラインショップ特典」(全8種)
サイズ：W62.5×H88mm
※店舗特典と配布デザインが異なりますのでご注意ください。
※特典対象金額には、合計内の送料分は含まれません
※画像はイメージです。実際の商品と異なる場合がございますのでご了承ください
※特典の不良交換のご対応は出来かねます。ご了承ください
(C)金城宗幸・ノ村優介・講談社／「ブルーロック」製作委員会
アニメ！アニメ！ 米田果織",[],[]
“お仕事アニメ”といえば？ 3位「SHIROBAKO」、2位「文スト」、1位「はたらく細胞」【＃勤労感謝の日】（アニメ！アニメ！）,https://news.yahoo.co.jp/articles/96c6963a61f09b36c6a5b339e345a291eca5c74e,https://newsatcl-pctr.c.yimg.jp/t/amd-img/20251123-00000017-anmanmv-000-2-view.jpg?exp=10800,2025-11-23T17:45:03+09:00,2025-11-23T18:21:47+09:00,アニメ！アニメ！,anmanmv,アニメ！アニメ！,2786,"TVアニメ『SHIROBAKO』キービジュアル（C）「SHIROBAKO」製作委員会
11月23日は「勤労感謝の日」。

五穀豊穣を祝う新嘗祭をルーツに持つ国民の祝日です。
【フォト】[“お仕事アニメ”といえば？ 2025年版]第1位～第5位を見るならコチラ
アニメにもさまざまな仕事のリアルや理想を描いた「お仕事アニメ」と呼ばれるジャンルが存在します。誰もが知る身近な職業を扱ったり、あまり馴染みのない仕事の最前線に迫ったり、作品の描かれ方もバラエティに富んでいます。

そこでアニメ！アニメ！では「“お仕事アニメ”といえば？」と題した読者アンケートを昨年に引き続き実施しました。11月5日から11月11日までのアンケート期間中に143人から回答を得ました。
男女比は男性約45パーセント、女性約55パーセントで、ほぼ同数。年齢層は19歳以下が約40パーセント、20代と30代がそれぞれ約15パーセントでした。


■仕事が好きになれるかも？ 名作たちがランクイン

第1位

1位は『はたらく細胞』。支持率は約19パーセントでした。
『はたらく細胞』は「月刊少年シリウス」にて連載されたマンガが原作。酸素を運ぶ赤血球や細菌と戦う白血球など、体内に存在する細胞たちを擬人化した人気作です。

読者からは「自分の体の中で毎日休みなく働いている細胞たちに、感謝の気持ちでいっぱいになれる作品です」や「赤血球、白血球、血小板など、細胞の役割を楽しく知ることができるので勉強にもなります。こんなに役立つお仕事アニメは他にはありません！」と、面白くてためになる作品だというコメントが寄せられました。
またスピンオフコミックが原作の『はたらく細胞BLACK』にも投票がありました。不健康な体を舞台にした同作については、「この年になると『BLACK』の方が身近に感じられる……」と、50代の読者からの声も届いています。

第2位

2位は『文豪ストレイドッグス』。支持率は約8パーセントでした。
『文豪ストレイドッグス』は「ヤングエース」連載のマンガが原作。異能集団・武装探偵社の異能力者たちが、さまざまな依頼に挑むバトルアクションです。

「異能力者たちは武装探偵社の“社員”。敵対するポートマフィアをはじめ、組合（ギルド）、天人五衰など、いろいろな組織が抗争を繰り広げています。それぞれが自分の組織のために動いているところから、お仕事らしさが感じられる」と、メインキャラクターたちの職業人としての側面に注目した意見がありました。
2026年にはスピンオフ第2期『文豪ストレイドッグスわん！2』の放送が決定しており、来年迎えるアニメ10周年に向けて、今まさに盛り上がりを見せているタイトルです。

第3位

3位は『SHIROBAKO』。2位との差はごくわずかでした。
『SHIROBAKO』はアニメ業界を舞台にしたオリジナル作品。制作進行、原画、声優、CG、脚本という異なる職種で夢を追う5人の女性キャラクターが、日々のトラブルや葛藤に向き合いながら成長していきます。

読者からは「アニメ業界に詳しくなれる名作！ 才能はチャンスを掴み取る握力と失敗から学ぶ冷静さ、という本編に出てくる言葉が大好き」や「アニメ制作の裏側を知るきっかけになった作品だから。放送を落としそうになったときの“万策尽きた”は放送当時話題になっていましたね」との声が。アニメがどう作られているのかを知ることで、アニメ鑑賞がより豊かなものになるでしょう。

■そのほかのコメントをご紹介！

『うらみちお兄さん』には「幼児向け番組の体操のお兄さんや歌のお姉さんの、テレビでは見られない裏の顔が面白い。仕事の厳しさが丸見えです」。
『ギルドの受付嬢ですが、残業は嫌なのでボスをソロ討伐しようと思います』には「ファンタジーなのに残業描写が生々しくて、ここは本当に異世界なのかと衝撃を受けました。残業をなんとか回避して、主人公には幸せになってほしいものです」。

『HUGっと！プリキュア』には「今作ではプリキュアたちがさまざまな仕事を体験し、その楽しさと大変さを学んでいきます。とくに産婦人科のエピソードで描かれた、夢を変えてもいいし、どんな道を選んでも後悔はあるというメッセージが印象的。それでも前を向いて進む大切さを教えてくれました」。
『笑顔のたえない職場です。』には「ちょっと頼りないマンガ家をはじめ、アシスタント、編集者、営業など、出版業界の仕事振りを描いた作品だから。一癖も二癖もある人たちがいる職場、大変そうだけど憧れてしまいます」と、現在放送中のタイトルにも投票がありました。

2025年版では、さまざまな職場を舞台にした作品はもちろん、主人公たちが依頼や任務をこなしていく作品も複数ランクイン。仕事の悩みややりがいを描いた作品は、視聴者の背中をそっと後押ししてくれそうです。

■ランキングトップ10

[“お仕事アニメ”といえば？ 2025年版]
1位 『はたらく細胞』
2位 『文豪ストレイドッグス』
3位 『SHIROBAKO』
4位 『うらみちお兄さん』
5位 『笑顔のたえない職場です。』
5位 『花咲くいろは』
5位 『銀魂』
8位 『新しい上司はど天然』
8位 『NEW GAME!』
8位 『HUGっと！プリキュア』
8位 『こちら葛飾区亀有公園前派出所』

（回答期間：2025年11月5日～11月11日）


■ランキングトップ20

[“お仕事アニメ”といえば？ 2025年版]
1位 『はたらく細胞』
2位 『文豪ストレイドッグス』
3位 『SHIROBAKO』
4位 『うらみちお兄さん』
5位 『笑顔のたえない職場です。』
5位 『花咲くいろは』
5位 『銀魂』
8位 『新しい上司はど天然』
8位 『NEW GAME!』
8位 『HUGっと！プリキュア』
8位 『こちら葛飾区亀有公園前派出所』
12位 『アイドルマスター ミリオンライブ！』
12位 『怪獣8号』
12位 『株式会社マジルミエ』
12位 『白い砂のアクアトープ』
12位 『はたらく魔王さま！』
12位 『不器用な先輩。』
12位 『舟を編む』
12位 『僕のヒーローアカデミア』
12位 『夢色パティシエール』

（回答期間：2025年11月5日～11月11日）

※本アンケートは、読者の皆様の「今のアニメ作品・キャラクターへの関心・注目」にまつわる意識調査の一環です。結果に関しては、どのキャラクター・作品についても優劣を決する意図ではございません。本記事にて、新たに作品やキャラクターを知るきっかけや、さらに理解・興味を深めていただく一翼を担えれば幸いです。
アニメ！アニメ！ 高橋克則",[],[]
「とある科学の超電磁砲T」白井黒子・初春飾利・佐天涙子と“ビーチバレー”で寒さをぶっ飛ばせ！ オンラインくじ登場（アニメ！アニメ！）,https://news.yahoo.co.jp/articles/e2963367676192f6dd19cb15c5b66059b239c6ae,https://newsatcl-pctr.c.yimg.jp/t/amd-img/20251123-00000016-anmanmv-000-1-view.jpg?exp=10800,2025-11-23T17:30:04+09:00,2025-11-23T17:30:04+09:00,アニメ！アニメ！,anmanmv,アニメ！アニメ！,1944,"［A賞］ロングタペストリー(全3種)
TVアニメ『とある科学の超電磁砲T』のオンラインくじ2か月連続リリースの第2弾となる、「『とある科学の超電磁砲T』オンラインくじ ビーチバレーStyle Part2」が登場。「ビーチバレー」をテーマに新たに描き下ろされた白井黒子・初春飾利・佐天涙子のグッズなどが当たるもので、オンラインくじサービス「くじメイト」（アニメイト通販）と「どこプラ」にて取り扱い中だ。
【フォト】全等級のグッズを見るならコチラ！
『とある科学の超電磁砲』は、コミックス・TVアニメ・劇場版など数々のメディアミックスを誇る学園異能バトルの金字塔『とある魔術の禁書目録』シリーズのスピンオフとして、冬川基の作画によるマンガ、およびそれを原作とするアニメなどが展開されているシリーズだ。J.C.STAFF制作によるアニメは、2009年の第1期を皮切りに2013年に第2期『とある科学の超電磁砲S』、2020年に第3期『とある科学の超電磁砲T』が放送され、第4期の制作も決定している。

物語の舞台となるのは、230万人を数える総人口の8割を占める学生全員を対象に超能力の開発実験が行われている「学園都市」。その頂点に立ち最強と謳われる7人の「超能力者（レベル5）」の第3位で「超電磁砲（レールガン）」の異名を持つ御坂美琴が、持ち前の性格と電撃能力を武器に学園都市で起こるさまざまな事件に乗り込んでいく姿を描く。

このたびの「『とある科学の超電磁砲T』オンラインくじ ビーチバレーStyle Part2」はそんな本作より、「ビーチバレー」をテーマに新たに描き下ろされた白井黒子・初春飾利・佐天涙子のイラストを使用した「ロングタペストリー」や、ゆーぽんの描き起こしによる体操服姿のちみキャラのアクリルキーホルダーなどが当たるもの。

「アクリルスタンド」や「缶バッジ」も含め、全21種のグッズがラインナップされている。

また購入特典として、くじを10回購入ごとに「缶バッジ（特典ver.）」もいずれか1点をランダムでもらえる。「どこプラ」の公式X（旧Twitter）アカウントでは、缶バッジの全種セットが当たるリポスト企画も行われているのでぜひ参加してみたい。
バニーガール姿の白井黒子・初春飾利・佐天涙子のグッズなどが当たる、再販中の「『とある科学の超電磁砲T』オンラインくじ 2024」もあわせてチェックしてみよう。

「『とある科学の超電磁砲T』オンラインくじ ビーチバレーStyle Part2」の価格は税込みで1回825円。販売期間は2025年12月11日23時59分まで。送料など詳細は各販売ページにて確認を。


「『とある科学の超電磁砲T』オンラインくじ ビーチバレーStyle Part2」　概要
●販売期間：～2025年12月11日（木）23:59
●販売価格：1回825円（税込）
※送料等はサービスサイトをご確認ください。
■サービスサイト
くじメイト（アニメイト通販）
どこプラ
■賞品ラインナップ
［A賞］ロングタペストリー(全3種)
［B賞］アクリルスタンド(全3種)
［C賞］アクリルキーホルダー(全5種)
［D賞］缶バッジ(全10種)
［購入特典］缶バッジ（特典ver.）（全3種）
くじを10回ご購入毎に【缶バッジ（特典ver.）】いずれか1点（ランダム）をプレゼント！
※特典は各サービスサイトによって配布する条件が異なる場合がございます。
■リポストキャンペーン
「どこプラ」公式Xアカウントでは、「『とある科学の超電磁砲T』オンラインくじ ビーチバレーStyle Part2」発売を記念して、抽選で2名様に缶バッジ全13種セットが当たる、プレゼントキャンペーンを実施中です。「どこプラ」公式Xのアカウントをフォローし、対象の投稿をリポストしていただくことでご応募いただけます。
〈「『とある科学の超電磁砲T』オンラインくじ ビーチバレーStyle Part2」リポストキャンペーン〉概要
●応募期間：2025年12月11日（木）23時59分まで
●賞品：缶バッジ全13種セット
●当選者数：2名
●応募方法：
・「どこプラ」公式Xアカウント（@dokoprize）をフォロー
・対象のキャンペーンポストをリポスト
●当選確認方法：当選者様にXのダイレクトメッセージでご連絡いたします。
※画像はイメージです。実物とは異なる場合があります。
※期間中でも予告なく終了する場合がございます。あらかじめご了承ください。
（C）2018 鎌池和馬／冬川基／KADOKAWA／PROJECT-RAILGUN T
アニメ！アニメ！ 仲瀬 コウタロウ",[],[]
「オーバーロード」アルベド＆シャルティアが刺激的なナース姿でプライズフィギュア化！アミューズメント施設にて展開中（アニメ！アニメ！）,https://news.yahoo.co.jp/articles/5223bd0d5f8887966a9b96fba6c1953cdd14cb73,https://newsatcl-pctr.c.yimg.jp/t/amd-img/20251123-00000015-anmanmv-000-1-view.jpg?exp=10800,2025-11-23T17:00:03+09:00,2025-11-23T17:00:03+09:00,アニメ！アニメ！,anmanmv,アニメ！アニメ！,1198,"「オーバーロード　Vivitフィギュア」アルベド ブラックナースVer.＆シャルティア・ブラッドフォールン ナースVer.
『オーバーロード』のアルベドとシャルティア・ブラッドフォールンが、システムサービスのプライズフィギュアブランド「Vivit」よりナース姿でフィギュア化された。2025年11月より順次、アミューズメント施設にて展開中だ。
【フォト】「オーバーロード」アルベド＆シャルティアのフィギュアをもっと見る
『オーバーロード』はシリーズ累計発行部数が1400万部を突破する、丸山くがねが「KADOKAWA」より刊行中のライトノベルを原作とするダークファンタジー。プレイしていた仮想現実体感型オンラインゲームと似た異世界へと転移した主人公が、骸骨の姿をした最強の大魔法使いアインズ・ウール・ゴウンとして世界征服を目指す姿を描く。

TVアニメは2015年7月～9月に放送された第1期を皮切りに、2018年1月～4月に第2期、2018年7月～10月に第3期、2022年7月～9月に第4期が放送されてきた。2017年には第1期の劇場版総集編も前後編で劇場公開されている。2024年9月には原作でも人気の高いエピソードをアニメ化する、シリーズ初となる完全新作劇場版「劇場版『オーバーロード』聖王国編」が公開された。

このたびの「オーバーロード　Vivitフィギュア アルベド ブラックナースVer.」および「オーバーロード　Vivitフィギュア シャルティア・ブラッドフォールン ナースVer.」は、「あざやかで衝撃的な出会い」をもたらすプライズフィギュアブランド「Vivit」による、アルベドとシャルティアのフィギュアだ。

アルベドは“ブラックナースVer.”、シャルティアは“ナースVer.”として、刺激的なナース姿で立体化された。ともにアミューズメント専用景品となるので、ぜひアミューズメント施設で見つけて狙ってみよう。

「オーバーロード　Vivitフィギュア アルベド ブラックナースVer.」および「オーバーロード　Vivitフィギュア シャルティア・ブラッドフォールン ナースVer.」は、11月より順次アミューズメント施設にて展開中。導入店は各情報ページまで。


＜商品詳細＞
【商品名】オーバーロード　Vivitフィギュア アルベド ブラックナースVer.
【種類】全1種
【登場時期】2025年11月2週より順次登場予定
※無くなり次第終了となります。
【商品名】オーバーロード　Vivitフィギュア シャルティア・ブラッドフォールン ナースVer.
【種類】全1種
【登場時期】2025年11月2週より順次登場予定
※無くなり次第終了となります。
（C）丸山くがね・KADOKAWA刊／劇場版「オーバーロード」聖王国編製作委員会
アニメ！アニメ！ 仲瀬 コウタロウ",[],[]
「サンリオ」シナモロールやはなまるおばけとハッピーホリデ～♪“オトナっぽかわいい”限定アイテムが勢揃い「Happyくじ」（アニメ！アニメ！）,https://news.yahoo.co.jp/articles/091fc88cd97bded28bc5df09dd8c877070d50668,https://newsatcl-pctr.c.yimg.jp/t/amd-img/20251123-00000014-anmanmv-000-1-view.jpg?exp=10800,2025-11-23T16:00:04+09:00,2025-11-23T16:00:04+09:00,アニメ！アニメ！,anmanmv,アニメ！アニメ！,1553,"Happyくじ『Sanrio characters Holiday Collection』
サンリオキャラクターたちがホリデーコレクションテーマの衣装を身に纏ったHappyくじ『Sanrio characters Holiday Collection』が販売される。2025年12月6日（土）よりローソン、ファミリーマート、ミニストップ、書店、ホビーショップなどにて、数量限定で取り扱う。
【フォト】特賞「BIG! クロミ ぬいぐるみ」サイズ（約）：全高40cm／ほかのラインナップを見るならコチラ
今回のテーマは「ホリデーコレクションをテーマに、ネイビー・ホワイト・ゴールドの上品なカラーを基調とした、ゴージャスで“オトナっぽかわいい”サンリオキャラクターズが登場。Happyくじ初登場となる「はなまるおばけ」や「ハローキティ」をはじめ、今年デビュー50周年を迎えた「マイメロディ」、デビュー20周年の「クロミ」など、全10キャラクターが勢ぞろいする。ラインアップはフィギュアや全高約40cmの大きなぬいぐるみなど、全9等級＋LAST賞だ。

特賞は「BIG! クロミ ぬいぐるみ」（全1種）。全高40cmの大きなぬいぐるみで、Happyくじでしか手に入らない限定デザインとなっている。

最後のくじを引いた人が手にできるLAST賞は、「BIG! シナモロール ぬいぐるみ」（全1種）。ふわふわな素材とゴージャスな衣装が目を惹く、ふわふわ素材の大きなぬいぐるみだ。

A賞は全10種展開のフィギュア。全キャラクターおそろいのネイビーを基調とした装いで、メタリック塗装が施されたゴールドの宝石を身に付けている。

B賞は全5種展開のぬいぐるみチャーム。バッグに付けて持ち歩くなど、さまざまな用途で楽しめる人気アイテムだ。

C賞は全4種展開のギフトポーチ。大きなサテンリボンがあしらわれた高級感のあるデザインで、大切な人へのギフトにもおすすめだ。

D賞は全10種展開のキャニスター。まるで宝石箱のようなデザインで、大切なアイテムを入れるのにぴったりだ。

E賞は全10種展開のアクリルチャーム。マーブルアクリルを使用したオトナっぽかわいいデザインで、飾るのはもちろん、バッグなどに付けても楽しめる。

F賞は全5種展開の缶バッジSET。ホログラムコーティングを施した、キラキラ輝くホリデーコレクションらしいデザインとなっている。

G賞は全10種展開のマルチケース。コスメやコレクショングッズなどの小物入れにぴったりで、持ち運びに便利なキーチェーンが付いている。

H賞は全5種展開のミニケース付ステッカーSET。チケットなどの保管や持ち運びにぴったりサイズのミニケースが付いている。

きらめく冬の装いで特別な季節を華やかに彩るはサンリオキャラクターズは必見。本くじでしか手に入らないホリデー仕様のアイテムに注目だ。


■Happyくじ『Sanrio characters Holiday Collection』商品概要

・価格：税込850円
・発売日：2025年12月6日(土)より順次販売
・販売箇所：ローソン、ファミリーマート、ミニストップ、ドン・キホーテ、イトーヨーカドー、古本市場、WonderGOO、GEO、駿河屋、玉光堂、TSUTAYA、その他ホビーショップ、書店 など
・景品内容：全9等級+LAST賞

※店舗により取り扱い中止になる場合や発売時期が異なる場合がございます。
※一部取り扱いのない店舗もございます。
※店舗へのお問い合わせはお控えください。
（C）2025 SANRIO CO., LTD. APPROVAL NO. E25102901
アニメ！アニメ！ 堀めぐみ",[],[]
リラックマ、すみっコたち、たれぱんだで流行りのデコしよっ♪ 「ワッペンシリーズ」新登場（アニメ！アニメ！）,https://news.yahoo.co.jp/articles/de75a56ea1f4ce8383b3fe380585084300f22731,https://newsatcl-pctr.c.yimg.jp/t/amd-img/20251123-00000013-anmanmv-000-1-view.jpg?exp=10800,2025-11-23T15:30:05+09:00,2025-11-23T15:30:05+09:00,アニメ！アニメ！,anmanmv,アニメ！アニメ！,872,"サンエックス「ワッペンシリーズ」スクエアミニポーチ（C）2025 SAN-X CO., LTD. ALL RIGHTS RESERVED.
『リラックマ』『すみっコぐらし』など、サンエックスの展開する人気キャラクターたちの新アイテム「ワッペンシリーズ」が登場した。自由にカスタムを楽しんだり、持っているだけで気分が上がる「ワッペン」や「キーホルダー」などを12月ごろより発売する。
【フォト】アイロン接着はもちろん、シールとしても使用できるワッペンが便利すぎん？／アイテム写真はコチラ
Production I.Gによるアニメ化も発表されている『リラックマ』、“すみっこにいると、なぜか落ち着く。”をテーマにした『すみっコぐらし』。さらに平成時代に人気を集めた『たれぱんだ』や『にゃんにゃんにゃんこ』、三日坊主で自分をついつい甘やかしてしまうイヌ『いしよわちゃん』などが「ワッペンシリーズ」に集合だ。

アイロン接着はもちろん、シールとしても使用できる「ほわほわワッペンステッカー」や、ワッペンを好きな位置に張り付けて自由にカスタムが楽しめる「タグキーホルダー」で、自分だけのオリジナルアイテムを作ることができる。

そのほかにも、トレーディングカードやチェクの収納に便利な「フォトカードキーホルダー」、トレンドのワッペンがたっぷり付いた「スクエアミニポーチ」も登場。小物の持ち歩きにぴったりのサイズだ。

各アイテムは、全国の販売店やネットショップにて12月中旬ごろから発売予定。キャラクターのワッペンで、自由なデコレーションで遊んじゃおう！


■サンエックス「ワッペンシリーズ」
・ほわほわワッペンステッカー（全15種）：各550円（税込）
・タグキーホルダー（全5種）：各1,980円（税込）
・フォトカードキーホルダー（全4種）：各2,530円（税込）
・スクエアミニポーチ（全2種）：各3,080円（税込）
（C）2025 SAN-X CO., LTD. ALL RIGHTS RESERVED.
アニメ！アニメ！ hidegomi",[],[]
「ゴジラ」×「Zoff」が初コラボ！ 1950年版、VSメカゴジラ版、“-1.0”版と象徴的な作品世界をフレームデザインに（アニメ！アニメ！）,https://news.yahoo.co.jp/articles/56608daef4b024ac883f1be7ed628b074ff8b0bb,https://newsatcl-pctr.c.yimg.jp/t/amd-img/20251123-00000012-anmanmv-000-1-view.jpg?exp=10800,2025-11-23T15:00:04+09:00,2025-11-23T15:00:04+09:00,アニメ！アニメ！,anmanmv,アニメ！アニメ！,1163,"ゴジラモデル　ZA251052_14F1　15,500円
日本を代表する怪獣映画『ゴジラ』シリーズとメガネブランド「Zoff」がコラボしたアイウェアコレクション「Zoff｜GODZILLA」が、2025年12月5日より一部Zoff店舗およびZoff公式オンラインストアほかで発売される。また、11月21日よりZoff公式オンラインストアでは先行予約受付が開始された。
【フォト】各アイテムをよく見るならコチラ！
『ゴジラ』といえば、1954年（昭和29年）の公開とともに、観客を驚愕の世界に引き込んだ日本映画のスーパーヒーローとして知られる。第1作は観客動員数が961万人を数えるヒットとなり、戦後の日本映画界に特撮怪獣映画という輝かしいジャンルを築いた。

全国522館で封切られた最新作『ゴジラ-1.0』も大ヒットを記録し、2023年12月3日時点で観客動員248万人、興行収入38.2億円を突破する。2024年にはハリウッド版の新作『ゴジラxコング 新たなる帝国』も公開され、熱狂的なファンは世界中に広がり続けている。

今回発売されるアイウェアコレクション「Zoff｜GODZILLA」は、昭和から平成、そして2023年公開の邦画最新作まで、各時代の象徴的な作品世界をフレームデザインに落とし込んだアイテム。
『ゴジラ』モデルは1950年代をイメージしたクラシックなシェイプで、テンプルは初代ゴジラのゴツゴツとした質感を表現。

『ゴジラVSメカゴジラ』モデルはゴジラとメカゴジラを左右非対称のデザインで表している。それぞれの熱線の色をイメージしたフロントピンや、「国連G対策センター」のマークなど、各種劇中モチーフがふんだんに散りばめられた。

『ゴジラ-1.0』モデルは左頬の傷や重厚な色味や「東洋バルーン」のロゴ、ゴジラを模した木片モチーフなど作品の要素が随所に取り入れられている。テンプル内側には、放射熱線をイメージしたブルーのラインをあしらわれているのも注目だ。

各アイテムには、ゴジラの表皮を彷彿とさせる黒く凹凸のあるメガネケースと、各作品の象徴的なビジュアルがプリントされたメガネ拭きが付属する。

Zoff公式オンラインストアでは既に先行予約受付が開始されているので、欲しい方はお早めにご予約を。


【概要】
商品名｜「Zoff｜GODZILLA」
種類・価格｜メガネ全3種 ￥15,500（セットレンズ代込）※オリジナルケース・メガネ拭き付き
発売日｜2025年12月5日（金）発売
先行予約｜2025年11月21日（金）11時～Zoff公式オンラインストア
取扱店舗｜Zoff一部店舗・Zoff公式オンラインストアほか

TM ＆ © TOHO CO., LTD.
アニメ！アニメ！ 井の上心臓",[],[]
“eスポーツ”アニメ「DARK MACHINE」完全オリジナルで26年放送！主演は小野賢章＆内山昂輝、沢城みゆき、中村悠一ら共演（アニメ！アニメ！）,https://news.yahoo.co.jp/articles/a6a8fbc9cbb48ae0a4b6b33ec2300e9f1561f339,https://newsatcl-pctr.c.yimg.jp/t/amd-img/20251123-00000011-anmanmv-000-1-view.jpg?exp=10800,2025-11-23T14:00:04+09:00,2025-11-23T14:00:04+09:00,アニメ！アニメ！,anmanmv,アニメ！アニメ！,3027,"「DARK MACHINE THE ANIMATION」ＫＶ
小野賢章主演・完全新作オリジナルアニメ『DARK MACHINE THE ANIMATION』が2026年放送にフジテレビで放送することが分かった。また、発表に伴い、内山昂輝、杉山里穂、沢城みゆき、会沢紗弥、中村悠一ら出演者をはじめ、KV＆SUGIZOが手掛ける劇伴を使用したティザーPVも公開された。
【フォト】場面写真や設定画を見るならコチラ
本作は、業界初となるeスポーツ向けゲームとアニメのクロスメディアプロジェクト「DARK MACHINE」による完全新作オリジナルアニメ。全世界配信を予定しているeスポーツ向けゲームと同時展開され、「主人公・チームの成長」「競技の刷新」を主軸に、今までになかった“eスポーツ”アニメを描く。アニメーション制作は、『地球外少年少女』や映画『デッドデッドデーモンズデデデデデストラクション』をはじめ、クオリティーの高い作品を多数制作するProduction +h.が手掛ける。

物語の舞台は、急激な海面上昇に伴い千葉が関東から分離した近未来の日本だ。世界的に圧倒的な人気を誇るeスポーツ「ダークマシン」は人々を熱狂させ、日本の経済体系までも変革していた。日本で唯一、「ダークマシン」経済特区に指定されている街・ゴールデンバレー。

その頂点に君臨するのが、「ダークマシン」最強プレイヤーの称号『千鬼』を襲名している7代目「千鬼」のアジマだった。アジマは「ダークマシン」によってゴールデンバレーを実質的支配する存在となっていた。
主人公のカイリは、亡き祖父の遺言「千鬼を探せ」を胸にゴールデンバレーを訪れたところ、偶然アジマ配下の「阿流堕美瑠（あるだびる）」に追われる少女「ルドラ」と出会う。ルドラに巻き込まれる形で「ダークマシン」プレイヤーとなったカイリは、度重なる激戦の末、徐々にその才能を開花させていくという物語。

本作への出演がすでに発表されていたキャスト陣には、『ジョジョの奇妙な冒険 黄金の風』のジョルノ・ジョバァーナ役や『機動戦士ガンダム 閃光のハサウェイ』のハサウェイ・ノア役などで活躍する小野賢章、『僕のヒーローアカデミア』の死柄木弔役や『ブルーロック』の糸師凛役などで活躍する内山昂輝、『波よ聞いてくれ』の鼓田ミナレ役や『ネクロノミ子のコズミックホラーショウ』の黒廼ミコ役などで活躍する杉山里穂といった豪華な面々が。

小野が今回演じるのは、主人公の青年・カイリ。共に暮らしていた祖父の死をきっかけに千葉の孤島を離れたカイリは、eスポーツゲーム「ダークマシン」と出合い、その中で仲間を得て新たな居場所と目標を見つけていく、という役どころだ。
そんなカイリと深く関わるクールな天才かつイケメンで毒舌な青年・シン役を内山が、冷静で一歩引いた立場から物事を見ることができる女性・ブラン役を杉山が務める。

また、沢城みゆき、会沢紗弥、中村悠一の出演も決定。沢城は、「ダークマシン」のプロチーム「カーバンクル（赤い宝石）」の創設者で、カイリを自身のチームに誘い「ダークマシン」をやらせた張本人でもあるルドラ役を務める。

ルドラがオーナーを務める船上喫茶店「カーバンクル」の料理人・イサナを、『サイレント・ウィッチ 沈黙の魔女の隠しごと』のモニカ・エヴァレット役や『ウマ娘 プリティーダービー』のメジロアルダン役などで活躍する会沢が、「ダークマシン」の最強プレイヤーの称号「千鬼（せんき）」の7代目を襲名しており、カイリの最大の敵となるアジマを中村が演じる。

あわせて、メインキャスト6人が担当するキャラクターのビジュアル、小野演じるカイリが「ダークマシン」でプレイするメカの設定画や、本作への期待が高まるキービジュアルや躍動感あふれるティザーPVも公開した。

迫力あるメカが目を引くキービジュアルには、主人公・カイリを中心に「ダークマシン」をプレイするシンやブラン、その奥には新たなキャラクターの姿が。ティザーPVでは、近未来日本を駆け抜けるカイリが「ダークマシン」にログインし、仲間と共に戦う姿を初公開。映像とあわせてPV内では、小野、内山、杉山らのボイスも聴くことができる。

そして、このたび劇伴音楽をロックミュージシャン・音楽プロデューサーのSUGIZOが担当することも分かった。重厚なサウンドスケープと繊細な旋律が、メカと人の魂が共鳴する本作を強烈に彩る。

今回、最新情報の発表に伴い、本作のゲーム・アニメのクリエイティブプロデューサーを務める谷口悟朗、ゲーム・アニメともにメカニカルアートを務めるメカデザイナーの天神英貴、アニメの監督を務める寺田和生からコメントが到着するなど、期待が高まる。

人気アニメに出演する実力派豪華キャストや、アニメファンからの信頼も厚いスタッフが集結した「DARK MACHINE THE ANIMATION」は、2026年に放送予定。今後も次々に明かされるであろう続報が楽しみだ。

以下、コメント全文掲載
◇谷口悟朗（クリエイティブプロデューサー）
「時に軽やかに、時に熱く。eスポーツを題材に、寺田監督をはじめ多くの才能が紡ぐ物語をぜひお楽しみください！」

◇天神英貴（メカデザイナー）
「『ダークマシン』は、おそらく私のキャリアの中でも最も多くのロボットを生み出した作品になったと思います。気づけば、数年にわたって日々ロボットデザインと向き合い続けていました。
それぞれに個性を込めたので、きっと皆さんの心に響くマシンがあるはずです。スタッフ一同、全力で取り組んでおります。ぜひ、その世界を堪能してください」

◇寺田和生（監督）
「格好良いマシンの数々！激しい戦闘！弾幕と爆発！チームの努力と友情と成長！主人公に降りかかる数々の逆境と解き明かされていく謎！ワクワクする要素を沢山詰め込んで、勢い良く組み立てました。お酒やジュースを片手に楽しんでもらえると幸いです！！！」


TVアニメ「DARK MACHINE THE ANIMATION」
≪放送日時≫
2026年放送
≪出演者≫
カイリ：小野賢章 
ルドラ：沢城みゆき 
シン：内山昂輝 
ブラン：杉山里穂 
イサナ：会沢紗弥 
アジマ：中村悠一
他
≪原作≫
Project Carbuncle
≪スタッフ≫
監督：寺田和生
シリーズ構成・脚本：チームカーバンクル（鈴木貴昭、浦畑達彦、イシノアツオ、佐多賢人） 
メインキャラクターデザイン：吉成 鋼
サブキャラクターデザイン：三谷あきら
メカデザイナー：天神英貴
衣装デザイン：めばち
総作画監督：黒岩裕美、伊藤秀樹
イメージボード：荒川眞嗣
色彩設計：niko＊miko
美術設定：立岩大実、えんがわ、小木斉之
美術監督：立岩大実、池田裕輔
CGディレクター：稲見 叡
CGアクションディレクター：木村 亮
撮影監督：田中直子
撮影監修：脇顯太朗
編集：本田優規
音響監督：高寺たけし
音響効果：大塚智子
音楽：SUGIZO
音楽制作：フライングドッグ
クリエイティブプロデューサー：谷口悟朗
アニメーション制作：Production +h.

(C)Project Carbuncle/ DARK MACHINE Committee
アニメ！アニメ！ 村田真琴",[],[]
「NARUTO」ナルト、サスケ、カカシたちをオーバーサイズで着こなせ！「LIBERE」コラボ第2弾登場　（アニメ！アニメ！）,https://news.yahoo.co.jp/articles/f2c747b2edb4588bd95d12b2e41d9f839a374ecf,https://newsatcl-pctr.c.yimg.jp/t/amd-img/20251123-00000010-anmanmv-000-1-view.jpg?exp=10800,2025-11-23T13:00:04+09:00,2025-11-23T13:00:04+09:00,アニメ！アニメ！,anmanmv,アニメ！アニメ！,1225,"「LIBERE」×『NARUTO』新章コレクション“SHINOBI ∞ CONTINUE”
TVアニメ『NARUTO-ナルト- 疾風伝』とハイエンドストリートブランド「LIBERE (リベーレ)」がタッグを組んだ、コラボレーションコレクションの第2弾が登場。2026年1月28日の発売に向け、全16型のカプセルコレクションが先行予約受付中だ。
【フォト】サスケ、サクラのデザインもかっこいい！アパレルアイテムを見るならコチラ
『NARUTO -ナルト-』は、1999年から2014年にかけて「週刊少年ジャンプ」にて連載された、岸本斉史による忍者アクションマンガを原作とするTVアニメだ。主人公の忍者うずまきナルトがライバルとの死闘や過去の因縁を乗り越えて、木ノ葉隠れの里の長・火影（ほかげ）を目指す姿を描く。TVアニメは2002年からスタートし、『NARUTO-ナルト- 疾風伝』はその続編として2007年から2017年にかけてされた。2022年10月をもってシリーズ放送20周年を迎えた今もなお人気を誇る。

そんな『NARUTO』と「LIBERE」の2021年以来の再タッグとなる本コレクションは、「『LIBERE』26春夏コレクション“MUGEN∞SPECTRUM”」のコンセプトを継承し、「瞬間は無限に続く」をテーマに全16型で展開された。

「LIBERE」が持つストリート美学と、『NARUTO』が紡いできた物語性を融合しキャラクターやストーリーを象徴的に落とし込んだ、「LIBERE」らしいオーバーサイズと『NARUTO』の名場面を掛け合わせたデザインのアイテムを取り揃える。

ラインナップは、「KAKASHI」をはじめ「HOKAGE」、「RIVAL」、「NARUTO」、「SASUKE」デザインのT-SHIRTSのほか、「NARUTO」、「SASUKE」、「KAKASHI」、「JOINT BATTLE」デザインのLONG SLEEVE T-SHIRTS、「NARUTO」、「SAKURA」、「SASUKE」、「SASUKE NARUTO」、「TEAM 7」デザインのHOODIEにLOGO CAP、LOGO BAGなどが用意された。

「LIBERE」のデザインソースである“何度でも生まれ変わるスタイル”と、不屈の精神で常に進化を遂げるキャラクターたちが活躍する『NARUTO』の世界観をリンクさせた、“SHINOBI ∞ CONTINUE”のテーマにふさわしいコラボレーションコレクションをぜひ手に取ってみたい。

TVアニメ『NARUTO 疾風伝』とハイエンドストリートブランド「LIBERE」によるコラボレーションコレクション第2弾のアイテム各種は、「LIBERE」オフィシャルサイトにて先行予約受付中。2026年1月28日より、国内外の取り扱い店でも発売される。詳細は情報ページまで。
アニメ！アニメ！ 仲瀬 コウタロウ",[],[]
「サンリオ」キティ、ポチャッコたちを大人かわいく持とう♪ 日常使いにも◎“チャーム付ミドルバッグ”登場（アニメ！アニメ！）,https://news.yahoo.co.jp/articles/37bcb85b70934da77b179ccbd43604dfb81886cd,https://newsatcl-pctr.c.yimg.jp/t/amd-img/20251123-00000009-anmanmv-000-1-view.jpg?exp=10800,2025-11-23T12:45:04+09:00,2025-11-23T12:45:04+09:00,アニメ！アニメ！,anmanmv,アニメ！アニメ！,742,"（写真：アニメ！アニメ！）
サンリオキャラクターズと、アーバンリサーチのバッグ＆シューズブランド「RODE SKO（ロデスコ）」がコラボレーション。特別なコラボバッグが発売される。
【フォト】各アイテムをよく見るならコチラ！
このたび、RODE SKOの定番“チャーム付ミドルバッグ”から、サンリオキャラクターズとコラボした特別なデザインが登場。ハローキティ・ポムポムプリン・マイメロディ・ポチャッコの全4種類が展開される。

「ハローキティ」は、イギリス・ロンドンの郊外出身の明るくてやさしい女のコ。身長はりんご5個分。体重はりんご3個分。フルネームはキティ・ホワイトだ。「ポムポムプリン」はこげ茶色のベレー帽がトレードマークの、ゴールデンレトリバーの男のコ。のんびり屋で、好きな言葉は「おでかけ」、嫌いな言葉は「おるすばん」。

「マイメロディ」はすなおで明るい、弟思いの女のコ。宝物は、おばあちゃんが作ってくれた、かわいいずきん。お母さんといっしょにクッキーを焼くのが好き。そして、“ぽちゃぽちゃしているから”という理由で名前がついた「ポチャッコ」。好奇心旺盛でおっちょこちょいで、ちょっぴりおせっかいだ。

そんなそれぞれのキャラクターをイメージしたバッグの配色に、キャラクターモチーフをあしらったチャームをプラス。さらに、バッグを開けるたびに心が躍るキャラクターの総柄プリントを施した裏地まで、細部にわたりこだわりが詰め込まれた。

本商品は現在、URBAN RESEARCH ONLINE STOREにて予約受付中だ。


＜商品詳細＞
■サンリオキャラクターズ チャーム付バッグ
品番：XXA6-2AW3101
価格：15,400円 (税込)
アニメ！アニメ！ 米田果織",[],[]
「葬送のフリーレン」ヒンメル、フェルンらを水彩タッチで♪ “暗いよー!!怖いよー!!”“手を取れフリーレン”ほか劇中シーンを楽しむカレンダーも！新グッズ（アニメ！アニメ！）,https://news.yahoo.co.jp/articles/804d9ca588719db4e611f028703b71bd6c773627,https://newsatcl-pctr.c.yimg.jp/t/amd-img/20251123-00000008-anmanmv-000-1-view.jpg?exp=10800,2025-11-23T12:30:03+09:00,2025-11-23T12:30:03+09:00,アニメ！アニメ！,anmanmv,アニメ！アニメ！,1563,"TVアニメ『葬送のフリーレン』集合 Ani-Art aqua label BIGアクリルスタンド ver.A（C）山田鐘人・アベツカサ／小学館／「葬送のフリーレン」製作委員会
TVアニメ『葬送のフリーレン』より、キャラクターイラストを水彩調のアナログテイストで描いた「Ani-Art aqua labelシリーズ」の新作グッズが登場。フリーレンやヒンメルを新たなタッチで魅力的に表現している。
【フォト】全グッズのラインナップを見るならコチラ！
山田鐘人の原作、アベツカサの作画によるマンガ『葬送のフリーレン』は、2023年9月にTVアニメがスタート。勇者たちによって魔王が倒された“その後”の世界を舞台に、千年以上生きる魔法使い・フリーレンが、かつて共に魔王を倒した勇者・ヒンメルの死をきっかけに“人を知るための旅”に出かける物語が描かれている。

魔王が倒された“その後”の世界で、キャラクター同士のクスッと笑ってしまうコミカルなやりとり、魔法や剣を使ったシリアスな戦闘シーンなど、緩急に富んだストーリーが人気を呼んだ。2024年9月の「アニメ放送1周年記念 特別上映」にて第2期制作決定が発表され、2026年1月16日からスタートする第2期では、原作ではコミックス7巻収録の第61話からの物語が描かれる。

フリーレン、ヒンメル、ハイター、アイゼン、フェルン、シュタルクが「Ani-Art aqua labelシリーズ」で登場した。同シリーズは通販サイト「AMNIBUS（アムニバス）」を運営するarma biancaのオリジナルグッズで、キャラクターイラストを元にアナログ水彩風のアーティスティックな加工でデザインで魅力的に仕上げるものだ。

旅の仲間が集う「BIGアクリルスタンド」と、キャラクターごとの「BIG缶バッジ」が用意されている。

また、ボタニカルデザインに溶け込むよう繊細なタッチで描く「Botaniaシリーズ」のアイテムも登場。こちらもarma biancaオリジナルグッズになる。

「フリーレン＆ヒンメル＆フェルン Botania 缶バッジ3個セット」と、全3種の「BIGアクリルキーホルダー」をラインナップする。

日常生活のさまざまなシーンで使える全10種の「トレーディングアクリルコースター」と「トレーディングダイカットステッカー」も販売。

「ダイカットステッカー」は合成紙にコーティングされ、耐水性・耐候性に優れている。

また、アニメ本編の印象的なシーンを日替わりで楽しめる「旅の軌跡を辿るカレンダー」にも注目したい。1～31までの数字が入り、年月が経過しても使用できるリングタイプの卓上カレンダーだ。

各アイテムは、通販サイト「AMNIBUS」にて12月17日まで予約受付中。商品の2026年2月下旬より順次発送を予定。


■TVアニメ『葬送のフリーレン』新グッズ
・集合 Ani-Art aqua label BIGアクリルスタンド（全2種）：各3,300円（税込）
・Ani-Art aqua label BIG缶バッジ（全7種）：各1,155円（税込）
・フリーレン＆ヒンメル＆フェルン Botania 缶バッジ3個セット：1,485円（税込）
・Botania BIGアクリルキーホルダー（全3種）：各1,100円（税込）
・トレーディングアクリルコースター（全10種）：単品 880円、BOX 8,800円（各税込）
・トレーディングダイカットステッカー（全10種）：単品 550円、BOX 5,500円（各税込）
・旅の軌跡を辿るカレンダー：2,750円（税込）
（C）山田鐘人・アベツカサ／小学館／「葬送のフリーレン」製作委員会
アニメ！アニメ！ hidegomi",[],[]
「五等分の花嫁」二乃、三玖、四葉たちと暖炉のそばでリラックス♪ 温かみのある新作グッズ登場（アニメ！アニメ！）,https://news.yahoo.co.jp/articles/84608e9e3bab0d4140b9aa3b7efa190550c113d6,https://newsatcl-pctr.c.yimg.jp/t/amd-img/20251123-00000007-anmanmv-000-1-view.jpg?exp=10800,2025-11-23T12:15:04+09:00,2025-11-23T12:15:04+09:00,アニメ！アニメ！,anmanmv,アニメ！アニメ！,1607,"TVスペシャルアニメ『五等分の花嫁＊』～暖炉のそばで Silent Time～　AKIHABARAゲーマーズ本店で開催（C）春場ねぎ・講談社／「五等分の花嫁＊」製作委員会
TVスペシャルアニメ『五等分の花嫁＊』より、中野家の五つ子たちが暖炉のそばでくつろぐ新作グッズが登場。2025年12月19日から、AKIHABARAゲーマーズ本店にて販売イベントが行われる。
【フォト】一緒にリラックスして過ごすホリデーを夢見ちゃう♪　グッズラインナップはコチラ
春場ねぎが2020年2月まで週刊少年マガジンで連載していたラブコメディ『五等分の花嫁』は、学年トップの成績を誇る主人公・上杉風太郎が、勉強嫌いで落第寸前の美少女・中野家の五つ子の家庭教師となり、彼女たちを高校卒業まで導くストーリーだ。

TVアニメは第1期が2019年1月～3月、第2期『五等分の花嫁∬』が2021年1月～3月に放送。風太郎と五つ子による高校生活最後のイベント「学園祭」が描かれた映画『五等分の花嫁』は2022年5月20日から公開され、物語はクライマックスを迎えた。その後TVシリーズで描かれていなかった原作エピソードを映像化した『五等分の花嫁∽』が2023年7月に、風太郎と五つ子の新婚旅行編を描いた『五等分の花嫁＊』が2024年9月にそれぞれ劇場公開された。

中野家の一花、二乃、三玖、四葉、五月が、おそろいの柄のトレーナー姿で暖炉を囲んでリラックスタイムを送る新作グッズの登場だ。

AKIHABARAゲーマーズ本店にて12月19日～2026年1月4日にかけて開催する「TVスペシャルアニメ『五等分の花嫁＊』～暖炉のそばで Silent Time～」では、ゲーマーズ専売の「A3マットポスター」をはじめ、豊富なラインナップを用意する。

自宅に飾ればにぎやかになること間違いなしの定番アイテム「アクリルスタンド」、暖炉を囲む様子を再現した「ジオラマアクリル」、ほっこり気分を演出してくれそうな「アロマキャンドル」など盛りだくさんだ。

そのほかにも、「着るブランケット」「クッション」「ミニマグカップ」「トートバッグ」など日常を彩るものや、トレーディングアイテムも「トレーディングレア入り缶バッジ」「トレーディングクリアファイル」「トレーディングレア入りチェキ風カード」の3種を展開する。

「マシュマロ」や「ドーナツパッケージキーホルダー」も面白い。

期間中は『五等分の花嫁＊』関連グッズを2,000円（税込）購入ごとに、全5種の「特製ブロマイド」をランダムで1枚配布する。

会場はAKIHABARAゲーマーズ本店7F。


■TVスペシャルアニメ『五等分の花嫁＊』～暖炉のそばで Silent Time～ 
・【ゲーマーズ専売】A3マットポスター（全5種）：各880円（税込）
・アクリルスタンド（全5種）：各1,980円（税込）
・トレーディングレア入り缶バッジ（全5種）：600円（税込）
・トレーディングクリアファイル（全5種）：600円（税込）
・トレーディングレア入りチェキ風カード（全5種）：各600円（税込）
・B2タペストリー（全5種）：各3,850円（税込）
・アクリルプレート：3,300円（税込）
・ジオラマアクリル：3,850円（税込）
・着るブランケット（全5種）：各9,900円（税込）
・アロマキャンドル：1,760円（税込）
・クッション：4,400円（税込）
・メタルブックマーカー（全5種）：各1,540円（税込）
・ミニマグカップ（全5種）：各1,430円（税込）
・トートバッグ：2,200円（税込）
・マシュマロ：990円（税込）
・ドーナツパッケージキーホルダー（全5種）：各1,210円（税込）
（C）春場ねぎ・講談社／「五等分の花嫁＊」製作委員会
アニメ！アニメ！ hidegomi",[],[]
「呪術廻戦」五条悟、夏油傑、脹相らをデザイン！釘崎の「尻尾巻いて逃げたってな」スウェットもインパクト大!! マンガート ビームスコラボ第4弾（アニメ！アニメ！）,https://news.yahoo.co.jp/articles/6fb2f69fd59be932793aaf701580e0b519ae86d1,https://newsatcl-pctr.c.yimg.jp/t/amd-img/20251123-00000006-anmanmv-000-1-view.jpg?exp=10800,2025-11-23T12:00:05+09:00,2025-11-23T12:00:05+09:00,アニメ！アニメ！,anmanmv,アニメ！アニメ！,1318,"アニメ『呪術廻戦』と「マンガート ビームス」のコラボ第4弾が発売（C）芥見下々／集英社・呪術廻戦製作委員会
劇場版 『呪術廻戦「渋谷事変 特別編集版」×「死滅回游 先行上映」』の公開を記念したスペシャルアイテムが、ビームスの手がける「マンガート ビームス」より登場。コラボレーション第4弾として2025年12月1日より発売を開始する。
【フォト】「釘崎 スウェット」ほかのラインナップも見るならコチラ！
『呪術廻戦』は、芥見下々が「週刊少年ジャンプ」にて連載したダークファンタジーマンガ。ある日“呪い”に襲われた学友を救うため、自身の魂に呪いを宿した主人公・虎杖悠仁の、呪いを廻る壮絶な物語だ。2024年9月30日発売の同誌44号で完結し、コミックスは累計1億部を突破して話題になった。

2020年10月にTVアニメ化され、2023年7月に第2期となる「懐玉・玉折／渋谷事変」が放送。第3期「死滅回游 前編」は2026年1月よりスタートする。劇場版 『呪術廻戦「渋谷事変 特別編集版」×「死滅回游 先行上映」』は2025年11月7日から公開された。全国巡回中の「芥見下々『呪術廻戦』展」は2026年2月14日より仙台会場・東北福祉大学ギャラリーミニモリにて開催。

脹相、伏黒恵、五条悟、夏油傑たちが「マンガート ビームス」コラボ第4弾となる新作グッズに登場だ。

上映中の劇場版 『呪術廻戦「渋谷事変 特別編集版」×「死滅回游 先行上映」』を記念したもので、イラストレーター・HERによる描き起こしイラストをメインモチーフとした脹相、伏黒の「ロングスリーブ Tシャツ」や冥冥・憂憂の「ショートスリーブ Tシャツ」。

象徴的なシーンを切り取った場面写にした「スウェット」では、野薔薇のセリフ「あぁ　尻尾巻いて逃げたってな」が英訳でプリントされた名シーンが印象的な「釘崎 スウェット」などが登場。

コラボ初となる「ラグ」や「バンダナ」、「アイシングクッキー」など豊富なラインナップを展開する。
「脹相 ラグ」のサイズは150cm×100cmで、ビームス メン 渋谷及びビームス公式オンラインショップが予約販売を行う。

「アイシングクッキー」は、ビームス メン 渋谷で先行発売を実施する（12月1日～12月14日の期間限定）。

各アイテムは、本作の舞台である“渋谷”にちなんで、ビームス メン 渋谷とビームス公式オンラインショップにて展開する。


■アニメ『呪術廻戦』×「マンガート ビームス」コラボ第4弾グッズ
【HER】
・ロングスリーブ Tシャツ（全2種）：各9,350円（税込）
・五条・夏油 スウェット：14,300円（税込）
・冥冥・憂憂 ショートスリーブ Tシャツ：各7,150円（税込）

【場面写】
・スウェット（全3種）：各13,200円（税込）
・獄門疆 スウェット：16,500円（税込）

【雑貨】
・脹相 ラグ：16,500円（税込）
・獄門疆 バンダナ：2,750円（税込）
・アイシングクッキー：3,080円（税込）
（C）芥見下々／集英社・呪術廻戦製作委員会
アニメ！アニメ！ hidegomi",[],[]
「夏目友人帳」ニャンコ先生と“夏目、ケーキ食うぞ”！ 好みを選べるクリスマスケーキ登場（アニメ！アニメ！）,https://news.yahoo.co.jp/articles/5392cbfbdbe6fa3a3c94e218537a0391e0e8b3a6,https://newsatcl-pctr.c.yimg.jp/t/amd-img/20251123-00000005-anmanmv-000-1-view.jpg?exp=10800,2025-11-23T11:30:04+09:00,2025-11-23T11:30:04+09:00,アニメ！アニメ！,anmanmv,アニメ！アニメ！,1336,"（写真：アニメ！アニメ！）
アニメ『夏目友人帳』より夏目貴志とニャンコ先生の描き下ろしイラストを含むクリスマス限定デザインがあしらわれた、公式のキャラクターケーキ・マカロン・カップケーキを手掛ける「PRIROLL（プリロール）」によるクリスマスケーキが登場。各商品ページにて予約受付中だ。
【フォト】特典の缶バッチや、デザイン全種を見るならコチラ！
『夏目友人帳』は、コミックスの国内累計発行部数が1800万部を突破する、緑川ゆきが白泉社「LaLa」にて連載中のマンガが原作のあやかし契約奇譚だ。小さい頃から妖怪を見ることができた少年・夏目貴志が祖母レイコの遺産「友人帳」を受け継ぎ、自称用心棒のニャンコ先生と共にそこに名を縛られた妖怪たちに名を返す日々を送る姿を描く。

TVアニメは2008年7月～9月放送の第1期を皮切りに展開しており、2024年10月から12月にかけて最新シリーズにあたる第7期『夏目友人帳 漆』が放送された。2014年2月発売のOVA『夏目友人帳 いつかゆきのひに』や2018年9月公開の『劇場版 夏目友人帳 ～うつせみに結ぶ～』、2021年1月より限定上映された新作アニメ『夏目友人帳 石起こしと怪しき来訪者』も制作されている。

そんな本作のクリスマス限定デザインがあしらわれた「PRIROLL」による今年の「Xmasプリケーキ2025」には、夏目貴志＆ニャンコ先生の2025年描き下ろしイラストをはじめ、ニャンコ先生の2023年描き下ろしイラスト、そして夏目貴志、田沼要＆ニャンコ先生、多軌透、名取周一＆柊、的場静司＆夏目貴志＆ニャンコ先生がそれぞれあしらわれた全7種が用意された。

「プリケーキ」はふわふわのスポンジにさっぱりとしたホイップクリームとさわやかなフルーツが挟み込まれた、特別な日にぴったりのケーキだ。

イラストは可食インクでプリントされているので、安心して食べられる。また、たっぷりの甘酸っぱいイチゴが入ったケーキは、購入時に「ホイップクリーム」か「チョコクリーム」を選べる。さらに購入特典として、缶バッジ付きで届くのもファンには嬉しいところ。購入したケーキと同じデザインの缶バッジを、ケーキ1点を購入ごとに1つもらえる。見ても食べても美味しい、推しキャラクターで彩られたケーキとともに楽しいクリスマスを過ごしたい。

アニメ『夏目友人帳』のクリスマス限定デザインがあしらわれた、「PRIROLL（プリロール）」のクリスマスケーキ「Xmasプリケーキ2025」の価格は税込みで各5,670円。ホールケーキ 5号サイズ（直径15cm×高さ7cm）で、ヤマト運輸のクール便送料が別途かかることに留意したい。11月、12月の配達指定分は受付数量に限りがあるので、ぜひ早めに申し込もう。詳細は各商品ページまで。


■商品名
クリスマスプリケーキ
■商品価格
5,670円（税込）※クール便送料別
■商品サイズ
ホールケーキ 5号サイズ（直径15cm×高さ7cm）
■注文方法
商品専用サイトより注文
■配送形態
ヤマト運輸によるクール便配送
（C）緑川ゆき・白泉社／「夏目友人帳」製作委員会
アニメ！アニメ！ 仲瀬 コウタロウ",[],[]
「ちいかわ」“どんこ”うさぎや、“いつも…「強さ」をありがとッ…”ハチワレも！全部集めたくなるカード付きウエハースに第2弾登場（アニメ！アニメ！）,https://news.yahoo.co.jp/articles/7dbf1356cec2565ccf245d029821fda4123b483e,https://newsatcl-pctr.c.yimg.jp/t/amd-img/20251123-00000004-anmanmv-000-1-view.jpg?exp=10800,2025-11-23T11:00:04+09:00,2025-11-23T11:00:04+09:00,アニメ！アニメ！,anmanmv,アニメ！アニメ！,1252,"（写真：アニメ！アニメ！）
『ちいかわ』のコレクションカード付きウエハースに第2弾が登場。20個入りのセット商品が、バンダイナムコグループの公式通販サイト「プレミアムバンダイ」内、「キャンディオンラインショップ」にて予約受付中だ。
【フォト】キラキラカードは全31種！一部見るならコチラから！
『ちいかわ』は2020年に連載が開始された、イラストレーターのナガノが X（旧Twitter）に投稿しているマンガだ。ちいさくてかわいいキャラクターたちと、シビアな世界観のギャップが大人から子どもまで幅広い人気を博し、フォロワーは現在までで439万人を突破している。

7月2日に実施された「日本キャラクター大賞 2025」ではグランプリを獲得し、これで2022年、2024年に続いて3度目のグランプリ受賞を果たした。『めざましテレビ』公式 YouTube チャンネル内で公開されている動画の総再生回数は4億回超を数える。アニメは7月15日から通常放送が再開され、新シリーズが放送中。9月17日からはディズニーの公式動画配信サービス「Disney+（ディズニープラス）」にて、シーズン1全240話の一挙配信もスタートした。

このたびの「ちいかわ ウエハース ラッキーカードコレクション2」はそんな本作のコレクションカード付きウエハースの第2弾となる。ちいかわやハチワレ、うさぎたちの魅力をたっぷり味わえる、メタリックに輝くキラキラカードは全31種が用意された。

「季節だもん」、「イースター」、「花束」、「成長」、「サイダーフルーツポンチ湧きどころ」、「おそろい」、「一句」、「梅干し」、「ラーメン」、「巨・モダン焼き」などのビジュアルがあしらわれたカードを、食べ応えたっぷりのココアクリーム味ウエハースを味わいつつコレクションしてみたい。

「ちいかわ ウエハース ラッキーカードコレクション2」の価格は、20個入りで税込み3,420円。「プレミアムバンダイ」内「キャンディオンラインショップ」ではセット商品のみの取り扱いで、1セットで全種揃わないことに留意したい。発送は2025年12月が予定されている。詳細は商品ページまで。


「ちいかわ ウエハース ラッキーカードコレクション2(20個入)」
￥3,420(税込)
お届け日 2025年12月発送予定
ショップ名 キャンディオンラインショップ
【単品内容】
●メタリックプラカード1枚(全31種/うちシークレット1種)
●ココアクリーム味ウエハース1枚
※セット販売のみ承っております。
※1セットで全種揃いません。
【素材】
カード：PET・PP
【サイズ】
H約86mm×W約59mm
【対象年齢】
3歳以上
【賞味期限】
出荷日から賞味期限1か月以上を保った商品を発送いたします。
※配送の関係等で発売日に届かない可能性がございます。
※注文期間は予告なく変更となる場合がございます。
(C)nagano
アニメ！アニメ！ 仲瀬 コウタロウ",[],[]
「ムーミン」リトルミイやニョロニョロのぬいぐるみ＆雑貨・実用グッズが当たる！80周年記念くじが登場（アニメ！アニメ！）,https://news.yahoo.co.jp/articles/75e02baf7b61618413d3a74652db5a516259164e,https://newsatcl-pctr.c.yimg.jp/t/amd-img/20251123-00000003-anmanmv-000-1-view.jpg?exp=10800,2025-11-23T10:00:04+09:00,2025-11-23T10:00:04+09:00,アニメ！アニメ！,anmanmv,アニメ！アニメ！,1630,"LH賞　ウェルカムボード付きニョロニョロ ぬいぐるみ（全1種／約80cm）
『ムーミン』の80周年を記念する、タイトーくじの新商品「タイトーくじ ムーミン　Anniversary Year」が登場。部屋を彩るインテリア雑貨から毎日使いたくなる実用グッズまで、ムーミンの世界観をたっぷり楽しめる景品がはずれなしで当たる。全国のローソン、ホビーショップ、書店などの対象店舗にて、2025年11月21日より順次発売中だ。
【フォト】「ムーミン」と「リトルミイ」のぬいぐるみが可愛い！／全ラインナップを見るならこちら
『ムーミン』は、作家にして画家、芸術家であるトーベ・ヤンソンによって生み出された。ムーミントロールやその仲間たちが繰り広げる物語は、1945年に出版された小説『小さなトロールと大きな洪水』から始まり、50か国以上の国々で翻訳出版されている。原作である小説、コミックス、絵本をもとにしたグッズやスポット、アニメーションなどは、本国フィンランドだけではなく、日本をはじめとする多くの国の人々に愛される。

このたびの「タイトーくじ ムーミン　Anniversary Year」は、そんなムーミンの小説出版80周年を記念するくじとなる。「ムーミン」、「リトルミイ」、「ニョロニョロ」などの人気キャラクターのぬいぐるみや、80周年ロゴを使用したここでしか手に入らない限定アイテムがラインナップされた。部屋を彩るインテリア雑貨から毎日使いたくなる実用グッズまで、ムーミンの世界観をたっぷり楽しめる。

A賞・B賞は、「ムーミン」と「リトルミイ」がそれぞれウェルカムボードを持った、存在感たっぷりのぬいぐるみだ。部屋のインテリアとして飾れば、いつでもムーミンたちが優しく迎えてくれる。

C賞には、80周年ロゴがあしらわれたメモリアルプレートがラインナップされた。記念アイテムとして飾れるほか、小物置きとしても使用できるデザインだ。D賞の80周年チャーム付きのマスコットバッジは、「ムーミン」、「リトルミイ」、「スナフキン」、「ニョロニョロ」の4キャラクターから選べる。バッグやポーチに付けて、毎日一緒におでかけを楽しめる。

E賞は、カップケーキ風に仕立てたハンドタオルだ。見た目もかわいく、パーティーシーンやちょっとした贈り物にも向くだろう。F賞には、80周年アートを使ったカラフルなダイカットメモ帳が揃った。仕事やプライベートで使える実用性と、ムーミンの世界観を感じられるデザインが魅力だ。

さらにLH（ラストハッピー）賞では、ウェルカムボードを持った約80cmの大きさの「ニョロニョロ」のぬいぐるみが待っている。存在感のあるサイズとふわふわの質感が魅力で、部屋のインテリアとしても楽しめる。最後のくじを引くともらえる景品となる。
このほかWH（ダブルハッピー）賞には、A賞、B賞、LH賞のセットが用意された。「タイトーくじ」公式サイトからくじの半券に記載されたID番号を入力して応募すると、抽選で30名に当たるので奮って応募してみよう。

「タイトーくじ ムーミン　Anniversary Year」の価格は税込みで1回770円。お求めは全国のローソン、ホビーショップ、書店などの対象店舗まで。


「タイトーくじ　ムーミン　Anniversary Year」概要
【商品名】タイトーくじ　ムーミン　Anniversary Year
【発売日】2025年11月21日(金)
【価　格】1回770円（税込）
【等級数】全6等級＋LH（ラストハッピー）賞
【取扱店舗】全国のローソン、ホビーショップ、書店などの対象店舗
※店舗により発売時期が異なる場合、またお取り扱いが無い場合がございます。
※商品はなくなり次第終了となります。
（C）Moomin Characters TM
（C）TAITO CORPORATION
アニメ！アニメ！ 仲瀬 コウタロウ",[],[]
「薬屋のひとりごと」阿多妃と里樹妃、在りし日の“幸せ”が蘇る…♪ 「猫猫、壬氏と巡る四季」11月ビジュアル（アニメ！アニメ！）,https://news.yahoo.co.jp/articles/7ded2c836b91b898747f025455179ed49918c34f,https://newsatcl-pctr.c.yimg.jp/t/amd-img/20251123-00000002-anmanmv-000-1-view.jpg?exp=10800,2025-11-23T09:30:04+09:00,2025-11-23T09:30:04+09:00,アニメ！アニメ！,anmanmv,アニメ！アニメ！,1378,"TVアニメ『薬屋のひとりごと』「猫猫、壬氏と巡る四季」11月ビジュアル（C）日向夏・イマジカインフォス／「薬屋のひとりごと」製作委員会
TVアニメ『薬屋のひとりごと』は、毎月22日に季節の植物とキャラクターを描いた「猫猫、壬氏と巡る四季」ビジュアルを公開中だ。このたび、11月のビジュアルが発表された。
【フォト】壬氏様や猫猫のあんな表情なこんな表情も／「猫猫、壬氏と巡る四季」過去のビジュアルはコチラから
『薬屋のひとりごと』は、日向夏が「ヒーロー文庫」より刊行中の小説が原作。後宮を舞台に「毒見役」の少女が様々な難事件を解決する姿を描く物語だ。
TVアニメは2023年10月から24年3月まで第1期、25年1月から7月まで第2期を放送。そしてTVアニメ第3期は26年10月からの放送、劇場版は26年12月の公開が決まっている人気作である。

「猫猫、壬氏と巡る四季」の11月ビジュアルは、銀杏をテーマに描かれた一枚。秋の柔らかな日差しの中、色づいた銀杏を拾い微笑みあう阿多妃と里樹妃の2人を表現した。
阿多妃がまだ淑妃として後宮にいた頃の在りし日、華やかな裏に人間の愛憎が渦巻く後宮の中、まるで親子のように心を通わせている多幸感あふれる仕上がりとなった。

公式ホームページでは、今回のビジュアルを使ったPCとスマホの壁紙を配布中。公式X（旧Twitter）ではフォロー＆リポストキャンペーンも行っている。アカウントをフォローしてキャンペーンの投稿をリポストすると、1月のビジュアルカードが抽選で5名にプレゼントされる。


『薬屋のひとりごと』「猫猫、壬氏と巡る四季」11月ビジュアル
原画：堀内修
作画監督：中谷友紀子
色彩設計：相田美里
仕上げ：新見知哉
背景：NGOC THANH
　　　NHAT QUANG
　　　岩崎朱音
撮影：武山篤

TVアニメ『薬屋のひとりごと』第3期
2026年10月より、日本テレビ系にて分割2クールで放送！
（第1クール2026年10月／第2クール2027年4月）
原作：日向夏（ヒーロー文庫／イマジカインフォス刊）
キャラクター原案：しのとうこ
監督：筆坂明規
出演：悠木 碧、大塚剛央ほか
制作：OLM

劇場版『薬屋のひとりごと』
2026年12月公開
原作・ストーリー原案：日向夏（ヒーロー文庫／イマジカインフォス刊）
キャラクター原案：しのとうこ
監督：長沼範裕
出演：悠木 碧、大塚剛央ほか
制作：TOHO animation STUDIO
配給：東宝

■NOVELS
『薬屋のひとりごと』1～15巻 好評発売中！
著者：日向夏　イラスト：しのとうこ
ヒーロー文庫／イマジカインフォス
■COMICS
『薬屋のひとりごと』1～15巻好評発売中！
作画：ねこクラゲ　構成：七緒一綺　原作：日向夏（ヒーロー文庫／イマジカインフォス刊）
掲載 月刊「ビッグガンガン」（毎月25日発売）　スクウェア・エニックス刊
『薬屋のひとりごと～猫猫の後宮謎解き手帳～』1～20巻 好評発売中！
作画：倉田三ノ路　原作：日向夏（ヒーロー文庫／イマジカインフォス刊）
掲載 月刊「サンデーGX」（毎月19日ごろ発売）　小学館刊
（C）日向夏・イマジカインフォス／「薬屋のひとりごと」製作委員会
アニメ！アニメ！ 高橋克則",[],[]
「キミプリ」史上最上級にかわいい♪ 特別パケ＆コースター付きの「ビアードパパ」コラボシュークリーム登場（アニメ！アニメ！）,https://news.yahoo.co.jp/articles/3faab09d5f2290011c8e7c337fb21e52902f9202,https://newsatcl-pctr.c.yimg.jp/t/amd-img/20251123-00000001-anmanmv-000-1-view.jpg?exp=10800,2025-11-23T09:00:04+09:00,2025-11-23T09:00:04+09:00,アニメ！アニメ！,anmanmv,アニメ！アニメ！,1386,"（写真：アニメ！アニメ！）
TVアニメ『キミとアイドルプリキュア♪』とコラボレーションした、シュークリーム専門店「ビアードパパ」による「プリキュアシュー」が登場。本作デザインの特別パッケージ入り、「キラキラ！紙製コースター」付きで、2025年12月1日より数量限定で販売される。
【フォト】「キミとアイドルプリキュア♪」がデザインされた特別なパッケージはこちらからチェック！
『プリキュア』は、2004年2月1日から放送が開始された『ふたりはプリキュア』以来、子どもたちの“あこがれ”の姿として幅広く愛され続けているシリーズだ。その最新作で、「アイドル」をモチーフにした『キミとアイドルプリキュア♪』は、毎週日曜8時30分よりABCテレビ・テレビ朝日系列での放送が行われている。

「“キミ”がいるから輝ける、強くなれる！」をテーマに掲げる本作は、歌うことが大好きな少女・咲良うたが、チョッキリ団ボス・ダークイーネによって闇に包まれてしまった〈キラキランド〉を救うべく、伝説の救世主“アイドルプリキュア”を探しにやってきた妖精・プリルンと出会い、歌って踊ってファンサして戦う“アイドルプリキュア”に変身するというストーリーが展開する。2025年9月からは『映画キミとアイドルプリキュア♪ お待たせ！キミに届けるキラッキライブ！』も公開された。

ビアードパパによるこのたびの「プリキュアシュー」は、そんな本作とのコラボレーションによるもの。サクサク食感のパイシュー生地の表面にいちごチョコがコーティングされ、ハート型のマシュマロとカラフルなハートシュガーチップがトッピングされた。

生地の中にはミルキーな優しい甘さが広がるいちごミルククリームが詰め込まれた、ビアードパパ史上最上級にかわいいシュークリームとなる。

提供の際は『キミとアイドルプリキュア♪』がデザインされた特別なパッケージ入りで、1個ご購入につき全5種からランダムで1枚「キラキラ！紙製コースター」も付いてくる。かわいいパッケージのプリキュアたちと一緒に、思わず写真を撮りたくなる“キラッキランラン♪”なシュークリームをこの機会に楽しもう。

TVアニメ『キミとアイドルプリキュア♪』とコラボレーションした、シュークリーム専門店「ビアードパパ」による「プリキュアシュー」の価格は税込みで420円。全国のビアードパパ店舗にて、12月1日より数量限定で販売される。


■2025年12月1日（月）発売 【数量限定】“プリキュアシュー”
キミと食べたい！キラッキランラン♪シュークリーム！
商品名称：プリキュアシュー（キラキラ！紙製コースター1枚付き）
販売期間：2025年12月1日（月）～なくなり次第終了
販売価格：420円（税込）
販売店舗：全国のビアードパパ
※写真はイメージです。
※店舗により販売期間や品目の変更、取扱いのない場合がございます。
※一部店舗でのイートイン利用の場合は税率が10％となり販売価格が異なります。
※一部店舗及びデリバリーでは販売価格が異なります。
※売り切れの際はご容赦ください。
※クリーム内の黒い粒は果実の顆粒です。
※キラキラ！紙製コースターは全5種の中からランダムでのプレゼントとなり、種類をお選びいただくことはできません。
アニメ！アニメ！ 仲瀬 コウタロウ",[],[]
