headline,mainEntityOfPage,image,datePublished,dateModified,author,media_en,media_jp,str_count,body,images,external_links
記念すべきシビック初PPはAstemo塚越／太田組！　ニューマシンは富士スピードウェイで“死角なし”か「全域で良いフィーリングがあった」（motorsport.com 日本版）,https://news.yahoo.co.jp/articles/231614ec59673cf8651352af43520190e2b4e331,https://newsatcl-pctr.c.yimg.jp/t/amd-img/20240503-00000014-msportcom-000-1-view.jpg?exp=10800,2024-05-03T20:40:29+09:00,2024-05-03T20:40:29+09:00,motorsport.com 日本版,msportcom,motorsport.com 日本版,1084,\n#17 Astemo CIVIC TYPE R-GT\n富士スピードウェイで行なわれたスーパーGT第2戦。ポールポジションを獲得したのは17号車Astemo CIVIC TYPE R-GTの塚越広大／太田格之進組だった。今季デビューのシビック・タイプR-GTにとっても、初のポールとなった。\n\n 開幕戦岡山では1周目の混乱に巻き込まれ、早々にレースを終えるという不本意な週末となった17号車。しかし迎えた富士では練習走行から速さを見せた。チームと共に見直したセットアップがうまくハマったとのことで、それに伴う好成績へのプレッシャーによって塚越は「気持ち悪くなるくらい」だったという。ただそんな中で迎えた予選でも太田がQ1トップ、塚越がQ2で3番手のタイムを出し、ポールを手中に収めた。\n\n 今季の開幕前テストの段階では、ホンダ陣営のドライバーや関係者から「シビックは発展途上でありポテンシャルを引き上げている最中」といったような控えめなコメントが多く聞かれた。しかしながら、シビック勢は2戦目ながら予選で速さを見せ、17号車がポール、そして3台がトップ6に入るというパフォーマンスを見せた。\n\n これは富士との相性によるものなのか、それともシビックのポテンシャルが引き出せている証拠なのかと記者会見で尋ねると、太田は富士のあらゆる区間で速さを感じられているといい、次のように語った。\n\n「確かに今年からのクルマで、発展途上というか、初めは開発で少し後れをとっているのかなという部分が見受けられました。ですが、その辺りはホンダ陣営としてアップデートを重ねてきています」\n\n「『（シビックは）ダウンフォースが減ってドラッグも減ってストレート重視』みたいなことを言われてますけど、今日の予選ではグリップも抜群だったし、全域で上回ってるようなフィーリングも感じられたので、これからさらにシビックの強みを出すのが楽しみです」\n\n 一方でベテランの塚越は、「オフの間色々テストしてきた中でいくと、シビックの良いセッティングはまだ見つけきれてないと感じている」としつつも、「僕たち17号車としても、開幕戦の時よりは良いシビックのセットの方向性が見つかってきたのかなとは思っています」と述べた。\n\n 翌日の決勝レースは3時間レースという初のフォーマットになるが、塚越は「3時間レースで色々とあると思いますが、僕らとしては『まず速くないと勝てない』と思っています。しっかり速さを磨いて、ここ（会見場）に帰ってきたいと思ってます」と述べて会見を締め括った。,['https://newsatcl-pctr.c.yimg.jp/t/amd-img/20240503-00000014-msportcom-000-1-view.jpg?pri=l&w=640&h=426&exp=10800'],['https://news.yahoo.co.jp/articles/231614ec59673cf8651352af43520190e2b4e331/images/000']
富士で好調シビック、追い上げもイケる！？　ARTA佐藤蓮「ストレートで4～5キロ速そう。レースに向けてポジティブ」（motorsport.com 日本版）,https://news.yahoo.co.jp/articles/b7812ec0f97f6a2928afbf3f1c016abe493104a7,https://newsatcl-pctr.c.yimg.jp/t/amd-img/20240503-00000016-msportcom-000-2-view.jpg?exp=10800,2024-05-03T21:59:34+09:00,2024-05-03T22:11:35+09:00,motorsport.com 日本版,msportcom,motorsport.com 日本版,1118,\n16号車ARTA MUGEN CIVIC TYPE R-GT\n富士スピードウェイで行なわれたスーパーGT第2戦の予選では、ホンダのシビック・タイプR-GTを使う17号車Astemo CIVIC TYPE R-GTがポールポジションを獲得したのを筆頭に、予選トップ6にシビック・タイプR-GTが3台が入る好調ぶりを見せた。14番グリッドからのスタートになる16号車ARTA MUGEN CIVIC TYPE R-GTの佐藤蓮も、レースに向けてポジティブな要素があると感じているようだ。\n【リザルト】スーパーGT第2戦富士：予選結果\n今季からNSX-GTに代わってホンダがGT500クラスに導入したシビック・タイプR-GT。開幕当初は、車両パッケージが「発展途上」だとして関係者から控えめなコメントが多かったが、蓋を開けてみればデビュー2戦目で早速好調な走りを見せている。\n\n 16号車ARTAも好調さを見せていた1台だった。Q1では大津弘樹が3番手タイムを記録すると、Q2でも佐藤蓮が好タイムを記録してQ1、Q2合算タイムで2番手につけていた。これでフロントロウ獲得かに思われたが、佐藤のベストラップは黄旗区間走行だったとして抹消され、16号車は14番手に転落となった。\n\n どうやら当該区間を通過するギリギリのタイミングでイエローフラッグが出されていたようで、視認は難しかったと説明する佐藤。タイミング的に不運な形でのタイム抹消となったが、アタックラップ前のウォームアップ中にも速いラップを刻んでいたため、107％タイム未達によるピットスタートは回避することができた。\n\n「（ポールポジションの）17号車（Astemo CIVIC TYPE R-GT）には少し及ばなかったですけど、シビックとしてはすごく良いポテンシャルを発揮できたなと思います」\n\n 予選をそう振り返った佐藤。特にシビックがストレートで速かった点は、決勝レースで追い上げやすくなるという点でポジティブに捉えているという。\n\n「岡山で見た感じだと、そこまでストレートでアドバンテージがあるようには思えませんでした。ただ今回でいうと（他メーカーより）4～5キロ速そうなので、レースに向けてはすごくポジティブかなと思います」\n\n 3時間という長丁場のレースに向けて、「公式練習ではロングランも調子良さそうだったので、ストレートが速いというアドバンテージを活かして着実に順位を上げ、確実にポイントを取って次に繋げたいです」と意気込んだ佐藤。上位につけるシビック勢も注目だが、グリッド下位から追い上げるシビックからも目が離せない。\n戎井健一郎,['https://newsatcl-pctr.c.yimg.jp/t/amd-img/20240503-00000016-msportcom-000-2-view.jpg?pri=l&w=640&h=426&exp=10800'],"['https://news.yahoo.co.jp/articles/b7812ec0f97f6a2928afbf3f1c016abe493104a7/images/000', 'https://jp.motorsport.com/supergt/news/2024-r2-qf-time/10605954/']"
RB角田裕毅、F1中国GPで謎の失速。チームが原因究明も「完全には理解できていない」気持ち新たにマイアミへ（motorsport.com 日本版）,https://news.yahoo.co.jp/articles/8b0aaaead792a57d1fd8cc84c5809668e455a7da,https://newsatcl-pctr.c.yimg.jp/t/amd-img/20240503-00000017-msportcom-000-1-view.jpg?exp=10800,2024-05-03T22:04:58+09:00,2024-05-03T22:04:58+09:00,motorsport.com 日本版,msportcom,motorsport.com 日本版,1783,"\n角田裕毅（RB）\nRBの角田裕毅は、前戦中国GPで苦戦を強いられたが、その原因について「完全には理解できていない」と明かした。\n【動画】ストロール、リカルドに追突。レース再開直前に大混乱｜F1中国GP\n角田は今季開幕4戦中2戦で入賞と、激しい中団争いの中で力強い走りを見せてきた。しかし第5戦中国GPでは謎の失速。週末を通してチームメイトのダニエル・リカルドに後れを取った。ここには角田にとって初の中国GPであったこと、そしてその中国GPがスプリントフォーマットで開催されたことも関係していた可能性もある。\n\n 決勝レースで角田はハースのケビン・マグヌッセンに当てられる形でリタイア。リカルドもアストンマーティンのランス・ストロールに追突されたことが原因でレースを諦め、RBはノーポイントで中国を後にした。\n\n 中国GPから2週間。F1はアメリカに舞台を移して第6戦マイアミGPを迎えるが、RBは角田の苦戦原因を完全には突き止められていないようだ。\n\n ただ角田曰く、チームはいくつかの問題を発見。再びスプリントフォーマットでの開催となるマイアミGPではより良いパフォーマンスを発揮できるはずだと語った。\n\n「ありがたいことに、チームはかなり多くのことをやってくれました」と角田は言う。\n\n「僕らは中国とマイアミの間に（原因を）理解するために多くの時間を割きましたが、正直なところなぜ（中国で）それまでのレースほど良いパフォーマンスが出せなかったのか、完全には理解できませんでした」\n\n「それでもいくつか（問題が）見つかりましたし、そのコンマ数秒がかなり大きな影響を及ぼすと考えています。特に今のタイトな中団争いの中では、このコンマ数秒で2～3ポジション変わってきます」\n\n「中国での違いについてはまだ十分な説明が得られていないと思います。でも、そのレースは忘れ、リセットしてマイアミに挑みたいと思います」\n\n「どうなるか見てみようと思います。中国よりもいい仕事ができるとは確信しています」\n\n また、コンマ数秒というのはマシンに問題があったのか？ それともセットアップに問題があったのか？ と尋ねられた角田は次のように答えた。\n\n「マシンの問題と言えますが、それだけの問題ではありません。チームとして、もっと早く理解することができたはずですし、それは僕自身にも言えることです」\n\n「誤解してほしくありませんが、これはマシンやチームだけの問題ではなく、僕自身としても、もっと上手くやれたはずだったことが沢山あったんです」\n\n「特にスプリント予選では、タイトで多忙なスケジュールの中で完璧を期すことが非常に重要になります。そういったことは今後改善されていくと思います」\n\n 中国GPでは、角田のチームメイトであるダニエル・リカルドが新しいシャシーを投入。不運もありポイント獲得には繋がらなかったものの、それまでの苦戦が嘘のような好走を見せた。\n\n 一変して厳しい戦いを強いられた角田だが、シャシーが苦戦の原因ではないと考えている。\n\n「中国とは全く別の話だと思います。ダニエルはシャシーを変えましたが、（苦戦は）シャシーの問題ではありません」と角田は言う。\n\n「正直、以前のレースと比べて僕は大きく出遅れてしまいました。8位とか9位を争っていたのに、急に19位まで落ちて、18位まではコンマ2秒差という状況で……何らかの理由でペースが上がらなかったんです」\n\n「（レースがない間に）その理由を見つけようとしました。いくつか見つけましたし、気持ちは全てリセットしています」\n\n なお中国GPでは、コースマーシャルがリタイアした角田のマシンを回収する際に、クレーンから落とすというアクシデントも発生していた。これについて角田は「ハッピーではありません」と語る一方で、シャシーにダメージが及ぶという最悪の状況は免れたと明かす。\n\n「DNFの後、主催側が僕のマシンを回収する際にクレーンから落としたことについてはあまりハッピーではありません」と角田は続ける。\n\n「ただチームは全て問題ないと確認しましたし、僕も自分のシャシーには満足しています」\n滑川 寛, Filip Cleeren",['https://newsatcl-pctr.c.yimg.jp/t/amd-img/20240503-00000017-msportcom-000-1-view.jpg?pri=l&w=640&h=426&exp=10800'],"['https://news.yahoo.co.jp/articles/8b0aaaead792a57d1fd8cc84c5809668e455a7da/images/000', 'https://jp.motorsport.com/f1/news/video-stroll-crashs-into-ricciardo-at-chinese-gp/10601715/']"
アップデート投入でGT300予選を制圧！　88号車JLOCランボルギーニに取り付けられたパーツとは（motorsport.com 日本版）,https://news.yahoo.co.jp/articles/3edcd242666e2d2c761e79630755260c894fe29f,https://newsatcl-pctr.c.yimg.jp/t/amd-img/20240503-00000018-msportcom-000-1-view.jpg?exp=10800,2024-05-03T22:52:07+09:00,2024-05-03T22:52:07+09:00,motorsport.com 日本版,msportcom,motorsport.com 日本版,970,\nPPとなった88号車\n富士スピードウェイで行なわれたスーパーGT第2戦の予選では、88号車JLOC Lamborghini GT3がGT300クラスで圧倒的な速さを見せてポールポジションを獲得した。その裏には、アップデートパーツが投入されたことも一因としてあるようだ。\n【リザルト】スーパーGT第2戦富士：予選結果\n昨年ウラカン GT3を“Evo2”パッケージにアップデートした88号車は、最終戦で優勝してランキング8位に。今季も小暮卓史、元嶋佑弥のコンビでシーズンに臨んでいるが、第2戦富士の予選では他を寄せ付けないパフォーマンスを発揮した。Q1、Q2（アッパー16）ともに最速タイムをマークし、文句なしのポールポジションを獲得したのだ。\n\n そんな88号車は今回の富士戦に向けて、アップデートパーツを新たに取り付けていた。これは則竹功雄チーム代表が自ら、イタリアの本部から届いたパーツを空港まで取りに向かい、メカニックが遅くまで懸命な作業をした結果、実現したアップデートだという。\n\n アップデートされたのはボンネット。整流のフィンが追加されており、これによってラジエターから来る熱を逃し、ルーフにある吸気口にできる限り冷たい空気を送ってエンジンの吸気温度を下げ、パワーダウンを防ぐ効果があるという。元嶋は記者会見の中でアップデートについて次のように説明した。\n\n「ボンネットのエアが抜けるところにフィンがついています」\n\n「元々そこにはフィンがなくて、ラジエーターからの空気がまっすぐ（ルーフに）抜けていました。\n\n「Evo2になって吸気が天井にあるんですけど、ラジエーターの熱を全部吸っちゃっていました。だからEvo1に比べても全然（吸気）温度が高くなっていました。昨年の最終戦は気温が低かったので大丈夫だったんですけど、今年の開幕戦岡山ではそこの温度が高かったです」\n\n「それで今回、新しくボンネットの中に空気を外側に逃がすような形状のフィンが付きました。それをつけただけなんですけど、吸気温度も下がりました。何より車内が涼しくなったのがいいですね。今まで車内に熱しか入ってこなくて、ものすごい暑かったんですけど（笑）。今回は車内にも風が入ってきて、ドライバーも快適に走れています」\n戎井健一郎,['https://newsatcl-pctr.c.yimg.jp/t/amd-img/20240503-00000018-msportcom-000-1-view.jpg?pri=l&w=640&h=426&exp=10800'],"['https://news.yahoo.co.jp/articles/3edcd242666e2d2c761e79630755260c894fe29f/images/000', 'https://jp.motorsport.com/supergt/news/2024-r2-qf-time/10605954/']"
ペレス、レッドブル離脱のニューウェイは「どのチームでもすぐに良い影響を及ぼすはず」（motorsport.com 日本版）,https://news.yahoo.co.jp/articles/ee7e0c931618ee0d0d107d99ff3842f94275e38d,https://newsatcl-pctr.c.yimg.jp/t/amd-img/20240503-00000015-msportcom-000-2-view.jpg?exp=10800,2024-05-03T21:45:46+09:00,2024-05-03T21:46:15+09:00,motorsport.com 日本版,msportcom,motorsport.com 日本版,1432,\nエイドリアン・ニューウェイとセルジオ・ペレス\n先日、レッドブルは長年チームに在籍し活躍してきた伝説的なF1デザイナー、エイドリアン・ニューウェイが離脱することを発表した。\nこれが鬼才の仕事。エイドリアン・ニューウェイ作のベスト10マシン\nフェラーリとアストンマーティンがニューウェイ獲得に乗り出していることが分かっているが、セルジオ・ペレス（レッドブル）はニューウェイがどのチームに移籍したとしても、様々な分野で迅速かつ積極的に意見を述べ、影響を与えるだろうと確信している。\n\n ペレスはマイアミGPの木曜会見で、次のように語った。\n\n「エイドリアンは、彼の経験によってレッドブルの哲学に多くの貢献をしてきた。だから、彼がどこに行こうが、何をしようが、即座に影響を与えるだろうね」\n\n「彼はとてもクレバーで、ハードワーカーだ。エイドリアンと一緒に仕事をすると、彼はデザイナー以上の存在で、戦略やセットアップにまで影響を与えることができる」\n\n「レースウイークエンドに彼がいるのは素晴らしいことだ。彼はとても強い個性の持ち主で、どこに行ってもすぐに影響を与える。でもそれは、彼が周りにいることを求めた人々のグループ全体の影響でもある」\n\n ペレスはニューウェイのレッドブル退団が間近に迫っていることに落胆しながらも、それでもレッドブルがF1の先頭を走る力を維持できる組織であると確信している。\n\n「いうまでもなく理想的なことではないよね。特に僕たちのチームや組織に多大な貢献をしてくれたエイドリアンのような人物がチームを離れるのはね。彼は僕のとても良い友人でもあるんだ」\n\n「でも結局のところ、20年もレッドブルで過ごせば、人生にはそういう時期もある。彼はおそらく他のことをやりたがっていると思うし、それはフェアなことだ」\n\n「僕はレッドブルは素晴らしい位置にいると思うし、とても強力な組織がある。空力部門全体がとても強力で、将来が楽しみなんだ」\n\n「こういうビッグチームでは、ビッグネームが去っても常に存在し続ける。組織全体やクリスチャン（ホーナー代表）は、次の世代のために素晴らしい仕事をしてきたと思う」\n\n ペレスは、ニューウェイの離脱がさらなるレッドブルの弱体化に繋がることはないと確信している。\n\n 今年、レッドブルの主要経営陣数人の将来がスポットライトを浴びてきたが、なかでもホーナーのチーム代表としての立場は、女性従業員との不適切な行為に関する疑惑に関する調査で最も厳しく追求された。\n\n 調査の結果、潔白であるとの結論に達し、ホーナー代表はその立場を維持している。一方、モータースポーツアドバイザーであるヘルムート・マルコは、サウジアラビアGPの週末に自身の立場が脅かされていると語ったが、レッドブルCEOであるオリバー・ミンツラフとの話し合いの結果、そのポストにとどまっている。\n\n レッドブルを去るチームメンバーが増えることを心配しているかと尋ねられたペレスは、「そうは思わない」と答えた。\n\n「みんなチームのために全力を尽くしていると思うし、僕たちは再び素晴らしいシーズンを送っている」\n\n「このような動きがあって、メンバーがいなくなるのは普通のことだと思う。でもレッドブルの組織は本当に強いままだと思うし、この件でそれ以上の変化はないと考えている」\nHaydn Cobb,['https://newsatcl-pctr.c.yimg.jp/t/amd-img/20240503-00000015-msportcom-000-2-view.jpg?pri=l&w=640&h=426&exp=10800'],"['https://news.yahoo.co.jp/articles/ee7e0c931618ee0d0d107d99ff3842f94275e38d/images/000', 'https://jp.motorsport.com/f1/news/top-10-adrian-neweys-best-racing-car-designs-ranked/4314360/']"
MotoGPカザフスタンGP、大洪水の影響で開催延期。被災地域への負担を避ける（motorsport.com 日本版）,https://news.yahoo.co.jp/articles/ec944ac5ae3d9a3a75d82ea76eb4781813723e23,https://newsatcl-pctr.c.yimg.jp/t/amd-img/20240503-00000012-msportcom-000-1-view.jpg?exp=10800,2024-05-03T19:41:56+09:00,2024-05-03T19:41:56+09:00,motorsport.com 日本版,msportcom,motorsport.com 日本版,1400,\n初開催がまた遠のいてしまったカザフスタンGP\nMotoGPは、6月14～16日に初開催される予定だったカザフスタンGPが、洪水の影響を受けて開催延期となることを発表した。\n\n カザフスタンGPは昨年7月、カザフスタン最大の都市アルマトイ近郊に新設されたソコル・インターナショナル・レーストラックで初開催される予定だった。\n\n しかしサーキットの準備が整っていなかったため、このイベントは中止となり、2023年の開催は見送られた。\n\n そして今季、カザフスタンGPはようやく初開催を迎える予定だったものの、5月3日にMotoGPはここ数週間、該当地域に影響を及ぼしている洪水による緊急事態のため、開催を延期することを発表した。\n\n この地域では過去80年間で最悪の洪水と言われるウラル川の氾濫が起きており、高温と大雨により雪と氷が急速に解けた結果、4月に堤防が決壊してしまった。\n\n 地元メディアの報道によると、5月1日の段階で4万人以上の避難民が自宅に戻り、撤去作業が続けられているという。\n\n FIMは次のように声明を発表した。\n\n「前例のない気象条件により中央アジア全域で洪水が発生し、カザフスタンでは国家的緊急事態が発生し、住民の多くが避難している」\n\n「MotoGPは、カザフスタン全土で被災した何万人もの人々を支援するために活動している当局やサービスに、新たな負担を強いるようなことはしない」\n\n「そのため、ソコル・インターナショナル・レーストラックでは、以前に発表された日程でMotoGPを開催しない」\n\n「MotoGPは最優先事項として、カザフスタンの人々と中央アジアの洪水で被害を受けたすべての人々に哀悼と支援を送る。被災した国、地域、コミュニティが一刻も早く回復することを願っている」\n\n カザフスタンが当初のカレンダーから外れたことで、MotoGPの開催日程には2つの大きな空白が生じる。\n\n 6月2日にムジェロでイタリアGPが開催された後、MotoGPは6月28～30日のオランダGPまでレースを行なわない。\n\n その1週間後にはザクセンリンクでドイツGPが開催されるが、MotoGPは8月2～4日のイギリスGPまで3週間の夏休みに入る。\n\n そのため、MotoGPは6月の最終週から9週間でわずか3戦というスケジュールに直面することになる。\n\n 2024年のMotoGPカレンダーでもうひとつ疑問符がつくのは、昨年初めて開催されたインドGPの行方だ。9月20～22日の開催が予定されているが、まだチケットが販売されていないのだ。昨年もレース直前になってのチケット発売だったが、初開催とは事情も異なるだろう。\n\n またMotoGPは今季すでに、1レースのキャンセルを余儀なくされている。政府の支出削減の影響で、4月のアルゼンチンGPが開催できなかったためだ。\n\n MotoGPは最初に2024年のカレンダー発表を行なった際、ハンガリーのバラトン・パークがホモロゲーション取得を条件にリザーブ会場として機能することを確認していた。\n\n しかし今季後半のスケジュールはタイトなため、カザフスタンGPを開催することも、代替開催地でのレースを追加するのも容易なことではないだろう。\nLewis Duncan,['https://newsatcl-pctr.c.yimg.jp/t/amd-img/20240503-00000012-msportcom-000-1-view.jpg?pri=l&w=640&h=426&exp=10800'],['https://news.yahoo.co.jp/articles/ec944ac5ae3d9a3a75d82ea76eb4781813723e23/images/000']
シビックが2戦目で初ポール獲得！　開幕戦で苦杯なめた17号車Astemoが予選最速｜スーパーGT第2戦富士（motorsport.com 日本版）,https://news.yahoo.co.jp/articles/36c0abe4804fe789062654a92375f95b81a99849,https://newsatcl-pctr.c.yimg.jp/t/amd-img/20240503-00000010-msportcom-000-1-view.jpg?exp=10800,2024-05-03T17:37:13+09:00,2024-05-03T17:37:13+09:00,motorsport.com 日本版,msportcom,motorsport.com 日本版,2509,\n17号車Astemo CIVIC TYPE R-GT（塚越広大／太田格之進）\n5月3日、スーパーGT第2戦の公式予選が富士スピードウェイで行なわれた。ポールポジションを獲得したのは、GT500クラスが17号車Astemo CIVIC TYPE R-GT（塚越広大／太田格之進）、GT300クラスが88号車JLOC Lamborghini GT3（小暮卓史／元嶋佑弥）だった。\n【リザルト】スーパーGT第2戦富士：予選結果\nゴールデンウィーク恒例の富士ラウンドは今季、初の3時間レースフォーマットで開催される。富士での長時間レースということで、決勝でのグリッド順は開幕戦の岡山ほど重要にはならないかもしれないが、予選で使うタイヤは決勝第1スティントでも使用されるため、予選で各車がどのようなタイヤを持ち込み、それがどう機能するかが注目ポイントと言えた。\n\n■GT500クラス\n\n GT500のQ1はGT300の後、14時58分からスタートした。ほとんどの車両がトップと1秒差以内に収まる接戦となったが、その中で一歩抜け出したのは17号車Astemo CIVIC TYPE R-GTだった。\n\n 17号車Astemoはルーキーの太田格之進がドライブし、1分26秒709をマーク。これがQ1最速タイムとなった。2番手、3番手にはARTA勢が食い込み、ホンダ・シビック勢の好調さをうかがわせた。トヨタ・スープラ勢の最速は14号車ENEOS X PRIME GR Supraの4番手で、日産Z勢の最速は3号車Niterra MOTUL Zの5番手。36号車au TOM'S GR Supraをはじめ、開幕戦で好成績を挙げてサクセスウエイトを多く積む車両は軒並み下位に沈んだ。\n\n なおQ1の途中では、24号車リアライズコーポレーション ADVAN Zが本格的なアタックに入る前にガレージインする一幕があった。開幕戦までの規則では、Q1で107％タイムを記録できなかった車両はピットスタートが確定していたが、今回から規則が修正され、Q1で1周でもタイムを計測していれば、Q2で107％以内のタイムを出せばピットスタートは回避できるようになっている。\n\n Q2では目まぐるしくトップタイムが入れ替わる展開となった。その中でQ1トップの17号車Astemoは、塚越広大がQ2で3番手のタイムをマークし、合算でポール獲得。開幕戦では混乱に巻き込まれる形で1周もできず悔しい思いをした17号車が、雪辱を果たすべく最前列からレースを迎える。なお、今季から導入されたシビック・タイプR-GTにとっても記念すべき初ポールとなった。\n\n 2番手以下にはZとシビックが続き、開幕戦で躍動したスープラ勢は7番手の14号車ENEOS X PRIME GR Supraが最上位という結果になった。なお、一時2番手となっていた16号車ARTA MUGEN CIVIC TYPE R-GTはQ2ベストタイム抹消により14番手。Q1でガレージインがあった24号車リアライズはQ2で107%以内のタイムを出し、15番手となった。\n\n■GT300クラス\n\n GT300のQ1はGT500に先んじて14時30分にスタートした。Q1は2組に分けられるが、その組分けは開幕戦の奇数順位チームがA組、偶数順位チームがB組という形。走行順は抽選によって決定され、今回はB組→A組の順での走行となった。\n\n B組を驚異的な速さでトップ通過したのは、88号車JLOC Lamborghini GT3の元嶋佑弥。1分36秒084をマークし、2番手以下にコンマ6秒以上の差をつけ、Q1＆Q2合算タイムでのポールポジションに大きく前進した。ただ元嶋はタイムを上げるべく複数回アタックしており、そこがQ2にどう影響するかも気になるところであった。\n\n A組では、車両製作が間に合わず開幕戦を欠場した11号車GAINER TANAX Zが登場。今回のレースウィークでも練習走行を欠席して懸命な作業が続けられた結果、晴れて車検を合格しての出走となった。\n\n そのゲイナーZは岡山でシェイクダウンをしたのみで、予選が富士初走行となったが、富田竜一郎はいきなり好タイムを記録。最終的にA組の4番手に食い込んで見せた。\n\n A組トップタイムは、4号車グッドスマイル 初音ミク AMGの片岡龍也で1分36秒156。2番手には開幕戦は苦戦した56号車リアライズ日産メカニックチャレンジ GT-R、3番手には開幕戦ウイナーの2号車muta Racing GR86 GTが入った。\n\n このQ1セッションでトップ8に入った車両は、ポールポジションを決するQ2“アッパー16”に進出。9番手以下の車両は下位グリッドを決めるQ2“ロワー17”に回った。\n\n Q2はまず下位組のロワー17からスタート。Q1、Q2合算で最速タイムとなったのは、31号車apr LC500h GTだった。31号車をはじめとするロワー17の上位4台は、アッパー16の下位4台とミックスされ合算タイム順に並び替えられるため、31号車は最高で13番グリッドになる可能性がある……そんな状況だった。\n\n Q1でトラックリミット違反がありロワー17行きになっていた777号車D'station Vantage GT3は、今回がデビュー戦となるチャーリー・ファグがロワー17最速の1分35秒835をマーク。合算タイムでは下位グリッドとなったが、ポテンシャルの高さを見せつけた。\n\n そしてQ2アッパー16でも速さを見せたのが、88号車JLOCだった。88号車は小暮卓史がQ2を担当し、1分36秒066をマーク。文句なしでのポールポジションを獲得した。2番グリッドは4号車グッドスマイル、3番グリッドは56号車リアライズと、ヨコハマタイヤを履くGT3勢が上位を占めた。開幕戦を制してサクセスウエイトを44kg積む2号車mutaはそれでも5番手に滑り込んだ。\n戎井健一郎,['https://newsatcl-pctr.c.yimg.jp/t/amd-img/20240503-00000010-msportcom-000-1-view.jpg?pri=l&w=640&h=426&exp=10800'],"['https://news.yahoo.co.jp/articles/36c0abe4804fe789062654a92375f95b81a99849/images/000', 'https://jp.motorsport.com/supergt/news/2024-r2-qf-time/10605954/']"
ゴタゴタ続くレッドブル、それでもフェルスタッペン簡単には離れない？　「金は差別化要素じゃない。パフォーマンスだ」（motorsport.com 日本版）,https://news.yahoo.co.jp/articles/60217252b786a7db3849261a63d585575c918309,https://newsatcl-pctr.c.yimg.jp/t/amd-img/20240503-00000013-msportcom-000-1-view.jpg?exp=10800,2024-05-03T19:53:52+09:00,2024-05-03T19:53:52+09:00,motorsport.com 日本版,msportcom,motorsport.com 日本版,1424,\n現在レッドブルに所属するマックス・フェルスタッペンは、2025年以降移籍の可能性があるのではないかとして注目を集めている。メルセデスから巨額のオファーもあると言われているが、フェルスタッペンはお金は自身の去就を決める上での「差別化要素」にはならないと考えている。\nF1マシン vs MotoGPマシン vs ラリーマシン！？レッドブルが究極対決実施\nフェルスタッペンは2028年までの長期契約をレッドブルと結んでいるため、ドライバー市場でこれまで注目されることはなかった。しかし2024年シーズン開幕前にレッドブルのクリスチャン・ホーナー代表の女性従業員に対する不適切行為疑惑が報道されると、状況は一変した。\n\n レッドブルはチーム内部で権力闘争の様相を呈しており、これをきっかけにフェルスタッペンが移籍する可能性が浮上してきた。彼はチームの主要な“柱”が維持されることがレッドブルの将来の鍵だと語ってきたが、先日技術責任者のエイドリアン・ニューウェイのチーム離脱が発表……重要人物がひとり抜けることになってしまった。\n\n ニューウェイの離脱はフェルスタッペンの将来にさらに疑問を抱かせるものだったが、今のところ彼は「外部から見たほど劇的ではない」とその影響を軽視しているようだ。\n\n 一方でフェルスタッペンの獲得を狙っていることを公言しているメルセデスは、一部で年間1億5000万ユーロ（約246億）とも言われる超高額オファーを提示しているともされており、フェルスタッペンの将来がどうなるかは、ますます注目を集めている。\n\n しかしフェルスタッペンは巨額オファー自体は差別化要素になるわけではないと語っている。\n\n 1億5000万ユーロのオファーの噂が真実かどうかについて訊かれたフェルスタッペンは、次のように語った。\n\n「ノーだ。でも結局のところ、たとえそう（超高額オファーが来ていた）だったとしても、1億5000万ユーロでも……お金は僕がどこかへ行くための差別化要素にはならないよ」\n\n「僕は既に稼いできたお金に満足しているから、重要なのはパフォーマンスだ」\n\n レッドブル内部の混乱は続いているとはいえ、フェルスタッペンが2024年に4連覇を成し遂げる可能性は非常に高いだろう。しかし仮に2025年にメルセデスへ移籍した場合、現在の各チームのパフォーマンスを考えれば、タイトルからは遠ざかることになるかもしれない。\n\n「僕自身、5番手や6番手を走ることになれば、かなり不機嫌になってしまうだろうというのは分かっている」\n\n「だから結局のところはパフォーマンスが常に大事なんだ。皆もそれは分かっていると思うし、トト（ウルフ／メルセデス代表）も知っている」\n\n「現時点では、レッドブルに僕の将来がある」\n\n なおウルフ代表がドライバー候補としてフェルスタッペンのことを公然と語り続けていることについては、気にしていないという。\n\n「奇妙だとかはないよ。誰もが楽観的で、物事に対して希望を持っているべきだと僕は思っているからね」\n\n「でも今のところ僕が言えるのは、このプロジェクトの関係者全員を僕は信じていて、チームに残りたいと思っているということだ」\n\n「でも結局のところ、スポーツだけではなく人生において、将来何が起こるのかは分からないことだ」\nFilip Cleeren,['https://newsatcl-pctr.c.yimg.jp/t/amd-img/20240503-00000013-msportcom-000-1-view.jpg?pri=l&w=640&h=426&exp=10800'],"['https://news.yahoo.co.jp/articles/60217252b786a7db3849261a63d585575c918309/images/000', 'https://jp.motorsport.com/general/video/f1-car-vs-motogp-bike-vs-rally-car-ultimate-drag-race/639535/']"
GT500は17号車Astemoシビック、GT300は88号車JLOCウラカンがポール獲得！｜スーパーGT第2戦富士：予選タイム速報（motorsport.com 日本版）,https://news.yahoo.co.jp/articles/7450f72835a8ed07914fd3df615b795b12708f56,https://newsatcl-pctr.c.yimg.jp/t/amd-img/20240503-00000009-msportcom-000-2-view.jpg?exp=10800,2024-05-03T16:23:48+09:00,2024-05-03T16:24:07+09:00,motorsport.com 日本版,msportcom,motorsport.com 日本版,2712,\n#88 JLOC Lamborghini GT3\nGT500クラス\n\n1.\n#17\nAstemo CIVIC TYPE R-GT（1'26''709／1'27''222／2'53''931）\n2.\n#3\nNiterra MOTUL Z（1'27''134／1'27''205／2'54''339）\n3.\n#23\nMOTUL AUTECH Z（1'27''282／1'27''077／2'54''359）\n4.\n#8\nARTA MUGEN CIVIC TYPE R-GT（1'26''825／1'27''573／2'54''398）\n5.\n#12\nMARELLI IMPUL Z（1'27''243／1'27''379／2'54''622）\n6.\n#100\nSTANLEY CIVIC TYPE R-GT（1'27''396／1'27''590／2'54''986）\n7.\n#14\nENEOS X PRIME GR Supra（1'27''050／1'28''062／2'55''112）\n8.\n#19\nWedsSport ADVAN GR Supra（1'27''193／1'27''961／2'55''154）\n9.\n#39\nDENSO KOBELCO SARD GR Supra（1'27''557／1'27''617／2'55''174）\n10.\n#38\nKeePer CERUMO GR Supra（1'27''397／1'27''780／2'55''177）\n11.\n#36\nau TOM'S GR Supra（1'27''398／1'27''913／2'55''311）\n12.\n#37\nDeloitte TOM'S GR Supra（1'27''724／1'27''835／2'55''559）\n13.\n#64\nModulo CIVIC TYPE R-GT（1'27''788／1'28''415／2'56''203）\n14.\n#16\nARTA MUGEN CIVIC TYPE R-GT（1'26''944／1'29''774／2'56''718）\n15.\n#24\nリアライズコーポレーション ADVAN Z（1'42''248／1'28''380／3'10''628）\n2024 スーパーGT開幕戦岡山：決勝ハイライト（GT500）\nGT300クラス\n\n1.\n#88\nJLOC Lamborghini GT3（1'36''084／1'36''066／3'12''150）\n2.\n#4\nグッドスマイル 初音ミク AMG（1'36''156／1'36''476／3'12''632）\n3.\n#56\nリアライズ日産メカニックチャレンジGT-R（1'36''254／1'36''548／3'12''802）\n4.\n#65\nLEON PYRAMID AMG（1'36''719／1'36''268／3'12''987）\n5.\n#2\nmuta Racing GR86 GT（1'36''450／1'36''749／3'13''199）\n6.\n#45\nPONOS FERRARI 296（1'36''502／1'36''708／3'13''210）\n7.\n#96\nK-tunes RC F GT3（1'36''845／1'36''461／3'13''306）\n8.\n#61\nSUBARU BRZ R&D SPORT（1'36''958／1'36''448／3'13''406）\n9.\n#7\nStudie BMW M4（1'36''525／1'36''950／3'13''475）\n10.\n#52\nGreen Brave GR Supra GT（1'37''047／1'36''502／3'13''549）\n11.\n#18\nUPGARAGE NSX GT3（1'36''942／1'36''679／3'13''621）\n12.\n#20\nシェイドレーシング GR86 GT（1'36''679／1'37''093／3'13''772）\n13.\n#31\napr LC500h GT（1'36''796／1'36''517／3'13''313）\n14.\n#9\nPACIFIC ぶいすぽっ NAC AMG（1'37''138／1'36''582／3'13''720）\n15.\n#87\nMETALIVE S Lamborghini GT3（1'36''925／1'36''904／3'13''829）\n16.\n#62\nHELM MOTORSPORTS GT-R（1'37''174／1'36''996／3'14''170）\n17.\n#60\nSyntium LMcorsa GR Supra GT（1'37''282／1'37''051／3'14''333）\n18.\n#6\nUNI-ROBO BLUEGRASS FERRARI（1'37''027／1'37''206／3'14''233）\n19.\n#30\napr GR86 GT（1'36''649／1'38''363／3'15''012）\n20.\n#50\nANEST IWATA Racing RC F GT3（1'37''315／1'37''575／3'14''890）\n21.\n#5\nマッハ車検 エアバスター MC86 マッハ号（1'37''768／1'38''013／3'15''781）\n22.\n#777\nD'station Vantage GT3（1'40''019／1'35''835／3'15''854）\n23.\n#25\nHOPPY Schatz GR Supra GT（1'37''971／1'37''886／3'15''857）\n24.\n#360\nRUNUP RIVAUX GT-R（1'38''158／1'37''847／3'16''034）\n25.\n#48\n脱毛ケーズフロンティアGO&FUN猫猫GT-R（1'38''963／1'38''125／3'17''088）\n26.\n#22\nアールキューズ AMG GT3（1'40''549／1'38''044／3'18''593）\n27.\n#11\nGAINER TANAX Z（1'36''484／--／--）\nMotorsport.com日本版,['https://newsatcl-pctr.c.yimg.jp/t/amd-img/20240503-00000009-msportcom-000-2-view.jpg?pri=l&w=640&h=426&exp=10800'],"['https://news.yahoo.co.jp/articles/7450f72835a8ed07914fd3df615b795b12708f56/images/000', 'https://jp.motorsport.com/supergt/video/supergt-2024-r1-video-gt500/649224/']"
アストンのペナルティ再審請求、特別厳しい理由を知るため？　アロンソは納得できておらず（motorsport.com 日本版）,https://news.yahoo.co.jp/articles/5822de32fd3536aa592f8ea542ece4c46a1b2e37,https://newsatcl-pctr.c.yimg.jp/t/amd-img/20240503-00000011-msportcom-000-1-view.jpg?exp=10800,2024-05-03T18:06:28+09:00,2024-05-03T18:06:28+09:00,motorsport.com 日本版,msportcom,motorsport.com 日本版,1147,\nアストンマーティンはF1中国GPのスプリントで発生したフェルナンド・アロンソに対するペナルティについて、再審請求を行なっている。アロンソはこの行動について、スチュワード側に何も問題が無かったことを確認するためだと語っている。\n【動画】レース最終盤にドラマ！ 6位争いのラッセルが大クラッシュ｜F1オーストラリアGP\n中国GPのスプリントでアロンソはレース終盤にフェラーリのカルロス・サインツJr.と接触。結果的にアロンソはパンクでリタイアとなったが、接触の原因を作ったとして10秒のタイム加算ペナルティとペナルティポイント3点を科された。\n\n スチュワードは「運転基準のガイドラインに従って」アロンソへの措置を決定したとしているが、アロンソは自身に非があるとは考えていなかった。そして、チーム側はマイアミGPを前にこの一件について再審請求を行ない、5月3日に新証拠についてのヒアリングが実施される予定となっている。\n\n アロンソはこの件について詳しくは語りたがらなかったが、アストンマーティンが追い求めている重要な答えがいくつかあったと話した。\n\n なおアロンソはオーストラリアGP決勝でのジョージ・ラッセル（メルセデス）との一件など、最近のレースインシデントについて、なぜ自らが特段に厳しく扱われているのか、ある程度明確にしたがっている。\n\n「様々な見解があるのは言うまでもないことだ。それはどんなスポーツでもあることだからね」とアロンソは言う。\n\n「TVでサッカーを観ていても、どのチームを応援しているかで、イエローカードかレッドカードか、そうではないのか決まってくるし、常に僕らは様々な意見を持っている」\n\n「でも中国GPでは、99％の人がスプリントとそのバトルを楽しんでいたと思う。そして僕は、このレースで最も厳しいペナルティを受けた」\n\n「だからちょっと混乱したのかもしれない。明日（のヒアリングで）どうなるか様子を見てみよう」\n\n アロンソはオーストラリアGPと中国GPで自らに科されたペナルティについて、そうした決定が下された理由について答えを得ることが自分とチームにとって重要だと語った。\n\n「ルールはルールだし、僕らもそれは受け入れる」とアロンソは言う。\n\n「同意することもあれば、同意しないこともある。でも彼ら（スチュワード）にはそうした決定を下す権限全てがあって、彼らはルールを理解しているから受け入れる必要がある」\n\n「でも僕が話してきたように、オーストラリアと中国の2戦で僕は最も厳しいペナルティを受けた。だから何も問題が無かったことや、何も起きていなかったことを確認できればいいね」\nJonathan Noble,['https://newsatcl-pctr.c.yimg.jp/t/amd-img/20240503-00000011-msportcom-000-1-view.jpg?pri=l&w=640&h=426&exp=10800'],"['https://news.yahoo.co.jp/articles/5822de32fd3536aa592f8ea542ece4c46a1b2e37/images/000', 'https://jp.motorsport.com/f1/news/video-russell-missed-checker-flag-after-huge-shunt-at-melbourne/10591187/']"
リカルド、中国GPでの接触にモヤモヤ残る「ストロールが反省してないから、彼と話しても意味ない」（motorsport.com 日本版）,https://news.yahoo.co.jp/articles/f2f065cd480d415346913b672d052e58eafe77d8,https://newsatcl-pctr.c.yimg.jp/t/amd-img/20240503-00000008-msportcom-000-1-view.jpg?exp=10800,2024-05-03T15:32:05+09:00,2024-05-03T15:32:05+09:00,motorsport.com 日本版,msportcom,motorsport.com 日本版,1239,\nRBのダニエル・リカルド\nRBのダニエル・リカルドは、F1中国GP決勝のセーフティカー（SC）走行中にランス・ストロール（アストンマーティン）から追突を受けリタイア。それから2週間弱が経ったが、まだスッキリとできてはいないようだ。\n【動画】ストロール、リカルドに追突。レース再開直前に大混乱｜F1中国GP\nリカルドはSCからのリスタートに向けて各車がタイヤを温める中で、前のクルマに合わせてブレーキを踏んだところ、ストロールの減速が間に合わず突っ込まれてしまった。\n\n リカルドはこのインシデントに憤慨。特にストロールは自分の非を認めず、前を走っていたドライバーたちを非難したことが明らかになった後、リカルドは「血が沸騰した」と激怒した。\n\n\n\n リカルドはマイアミで、彼とストロールがまだ話をしておらず誤解を解いていないことを明かしたが、もしストロールが接触について自分に非がないと感じているのであれば、話をすることに意味はないだろうと示唆した。\n\n リカルドはストロールと話したいと思うかという質問に「ノーだ」と答えた。\n\n「というのも、それは何の意味もないような気がするからだ」\n\n「謝罪は受け入れられる。でも、それすらないというのは……彼は明らかに自分が悪いことをしたと思っていない。だから、あまり言うことはないかな」\n\n「もちろん、ドライバーズブリーフィングで隣に座っていて、彼がおしゃべりしたいと言ったら、無視したりするつもりはないよ」\n\n リカルドはこれまで、たとえ自分が悪いと完全には確信していなくても、他のドライバーが自分をターゲットにするのを避けるために、ライバルと誤解を解くことを常に心がけていたと説明した。\n\n「若いころはもっと頑固で、自分のせいだと謝らなかったかもしれない」\n\n「でもここ数年は、もし僕が誰かをリタイアさせてしまって、たとえそれが五分五分だったとしても『もっと上手くやれたかもしれない。僕たちの1日を台無しにしてごめんね』ってメールをして、空気をスッキリさせるんだ」\n\n「僕らはみんなライバルだけど、ターゲットにされたくないし、敵もいらない。彼が敵だとは言っていない。これはひとつのインシデントだし、僕たちは次に進むよ」\n\n「情けは人の為ならずじゃないけど、僕があの立場だったら、もし彼に直接会わなかったとしても、少なくとも『ヘイ、ごめんよ。別の所を見ていたんだ』とか、『君が急ブレーキを踏んで、僕は油断していたんだ』とか伝えるだろう。何でも良いんだ」\n\n「でも、問題ないよ。そのことについて話しているのは明らかだけど、僕は確実に前に進んでいる」\n\n 一方のストロールはマイアミで、インシデントに関する質問をかわし、リカルドにコンタクトを取ろうとしたかと聞かれると「それはこの部屋でやることじゃない。そういうのは密室でやることだ」と答えた。\nFilip Cleeren,['https://newsatcl-pctr.c.yimg.jp/t/amd-img/20240503-00000008-msportcom-000-1-view.jpg?pri=l&w=640&h=426&exp=10800'],"['https://news.yahoo.co.jp/articles/f2f065cd480d415346913b672d052e58eafe77d8/images/000', 'https://jp.motorsport.com/f1/news/video-stroll-crashs-into-ricciardo-at-chinese-gp/10601715/']"
「ニューウェイは“一緒に働きたい人リスト”で一番上」ハミルトン、フェラーリで夢実現するか？（motorsport.com 日本版）,https://news.yahoo.co.jp/articles/9383aa2884ac1e2be93b6cedec2fe8d70becd132,https://newsatcl-pctr.c.yimg.jp/t/amd-img/20240503-00000007-msportcom-000-1-view.jpg?exp=10800,2024-05-03T12:31:51+09:00,2024-05-03T12:31:51+09:00,motorsport.com 日本版,msportcom,motorsport.com 日本版,1423,\nエイドリアン・ニューウェイ\nレッドブルを離脱することが明かされたエイドリアン・ニューウェイについて、ルイス・ハミルトン（メルセデス）は「F1で一緒に働きたい人物」のリストでトップに位置すると語った。\nこれが鬼才の仕事。エイドリアン・ニューウェイ作のベスト10マシン\n多数のチャンピオンマシンを送り出してきたデザイナーとして著名なニューウェイ。彼は2025年の第1四半期を最後にレッドブルを離れる。それ以降についてはアナウンスされていないが、ライバルチームが彼の獲得を目指していることが分かっている。\n\n そしてニューウェイ獲得へと動いているチームのひとつがフェラーリだ。フェラーリは2025年にハミルトンを迎え入れるが、もしニューウェイも加入することになれば、それはハミルトンのフェラーリでのタイトル獲得に向けた大きな助けとなるはずだ。\n\n ハミルトン自身、ニューウェイとフェラーリで仕事ができればとてもエキサイティングだろうと語っていて、「F1で一緒に働きたい人物」のリストでトップに位置するという。なお彼はフェラーリ移籍交渉において、ニューウェイ獲得が含まれていたかどうかには口をつぐんでいる。\n\n「それは非公開の話だからね。でも、もし“一緒に働きたい人リスト”があるとすると、彼（ニューウェイ）はそのトップに位置しているのは間違いないだろう」\n\n ハミルトンはそう語り、もしフェラーリが獲得できればさらにチームが最前線で進歩していく助けになるはずだと続けた。\n\n「エイドリアン……彼には素晴らしい歴史とコース上の実績がある」\n\n「言うまでもなく彼はキャリアを通じて、その知識をもってチームと共に素晴らしい仕事をしてきている。彼は（フェラーリ加入すれば）素晴らしい補強になるだろうと思うよ」\n\n「僕は（フェラーリが）既に素晴らしいチームを築いているとも思っている。彼らは既に大きく進歩していて、その歩幅は大きい。今年のマシンはより速くなっている。彼と一緒に仕事ができれば光栄だよ」\n\n\n\n ニューウェイへのリスペクトを示すハミルトンだが、彼はキャリアを通じて一緒のチームで働いたことはない。もっとも両者が近づいたのは、2007年にハミルトンがマクラーレンに加入したときだ。この直前の2006年に、ニューウェイはレッドブルへと移籍している。\n\n「僕がマクラーレンに加わったときが、彼のクルマの進化系だったと思う」とハミルトンは言う。\n\n「彼が去ったすぐあとに僕が加わったから、マシンは彼が取り組んできたコンセプトから進化したものだった。彼が取り組んでいたモノに触れる機会をもてて、僕は光栄だった」\n\n なおニューウェイの離脱によってレッドブルが打撃を受けるのではないかという考えもある。ただハミルトンはあまりそうは思っていないようだ。\n\n「舞台裏には多くの人達がいて、キーパーソンひとりだけではないということを、覚えておく必要がある」\n\n「仕事をするのはチーム全体なんだ。だから彼がチームにもたらした素晴らしい経験の全てを通じて、彼と一緒に働いている人達が、素晴らしい仕事を続けるだろう」\n\n「レッドブルが今後も素晴らしいクルマを作り続けることはないとは予想していない。でも、どのチームであれ彼と仕事をする機会を得られれば、それは幸運だろう」\nJonathan Noble,['https://newsatcl-pctr.c.yimg.jp/t/amd-img/20240503-00000007-msportcom-000-1-view.jpg?pri=l&w=640&h=426&exp=10800'],"['https://news.yahoo.co.jp/articles/9383aa2884ac1e2be93b6cedec2fe8d70becd132/images/000', 'https://jp.motorsport.com/f1/news/top-10-adrian-neweys-best-racing-car-designs-ranked/4314360/']"
【MotoGP】バニャイヤ、マルケスのファクトリー昇格あり得ると予想？　チームに「うまく適応してくるはず」と言及（motorsport.com 日本版）,https://news.yahoo.co.jp/articles/c81b515f340dad11bb1dfc3434de732865e617bf,https://newsatcl-pctr.c.yimg.jp/t/amd-img/20240503-00000006-msportcom-000-1-view.jpg?exp=10800,2024-05-03T12:16:33+09:00,2024-05-03T12:16:33+09:00,motorsport.com 日本版,msportcom,motorsport.com 日本版,1118,\nバニャイヤとマルケス\nマルク・マルケス（グレシーニ）はドゥカティのファクトリーチーム昇格候補のライダーだとされている。実現した場合にはフランチェスコ・バニャイヤがチームメイトになるが、彼はマルケスがファクトリーチームにうまく適応するはずだと考えている。\n【動画】MotoGP2024 第4戦スペインGPハイライト\nマルケスは2013年のMotoGPクラスデビュー以来、常にホンダでレースを戦ってきた。しかしホンダが大苦戦にあえぐ中、マルケスは移籍を決断……ドゥカティ陣営のグレシーニへ加入した。\n\n 初めて他メーカーのMotoGPマシンに乗ることになったマルケスだったが、彼は見事にマシンを乗りこなし、第4戦スペインGPで早くもポールポジションを獲得。決勝レースではドゥカティ・ファクトリーのバニャイヤと優勝争いを展開し、2位という好結果を記録した。\n\n ドゥカティは2025年以降のラインアップとして、既にバニャイヤと契約を延長済み。もうひとつのシートに関しては、エネア・バスティアニーニの残留か、ホルヘ・マルティン（プラマック）もしくはマルケスが争うことになるというのが、現在の状況だ。\n\n そしてマルケスのファクトリーチーム昇格の可能性について、バニャイヤはその場合でも状況にマルケスがうまく適応してくるはずだと語っている。\n\n「どうだろうね。マルクはこの12年間ホンダでやっていた。僕は彼がドゥカティのようなファクトリーチームに対して何か貢献できると思っているけど、今のところ僕らはとても競争力が高い」\n\n「僕たちは様々な細かい部分にまで注意を払っていて、とても高いレベルにある。そして、マルケスも状況にうまく適応してくるだろう」\n\n なおマルケスはスペインGP後にドゥカティのファクトリーマシンに乗ることだけが、2025年の唯一の選択肢ではないと語っており、他のファクトリーチームからも話が来ていることを明らかにしていた。\n\n「重要なのは結果がついてくることで、今のところスピードはあるけど結果は出ていない」\n\n「ル・マン（フランスGP）で見てみよう。いつも言っていることだけど、コース上で速く走れば走るほど、選択肢は増える」\n\n「“計画”が上手くいっていることが重要で、結果が出ればファクトリーから連絡が来るし、既に話もしている」\n\n「メンタル的にも、自分が何を望んでいるかハッキリしているんだ」\n\n「全体的に、全てが絡んでいる。しかし重要なことは、僕には明確なモノがあって、選択肢がひとつしかないということじゃないんだ」\nGerman Garcia Casanova,['https://newsatcl-pctr.c.yimg.jp/t/amd-img/20240503-00000006-msportcom-000-1-view.jpg?pri=l&w=640&h=426&exp=10800'],"['https://news.yahoo.co.jp/articles/c81b515f340dad11bb1dfc3434de732865e617bf/images/000', 'https://jp.motorsport.com/motogp/video/MotoGP2024-rd4-highlight/649862/']"
フェルスタッペン「ニューウェイ離脱は外部から見たほど劇的ではない」一方で本音は“残留”希望だったとも（motorsport.com 日本版）,https://news.yahoo.co.jp/articles/a8a9ea4d0d14d1a7be6f3257f0e7f224a2b48b53,https://newsatcl-pctr.c.yimg.jp/t/amd-img/20240503-00000005-msportcom-000-1-view.jpg?exp=10800,2024-05-03T12:00:25+09:00,2024-05-03T12:00:25+09:00,motorsport.com 日本版,msportcom,motorsport.com 日本版,1268,\nフェルスタッペンとニューウェイ\nレッドブルF1は先日、F1マシンデザイナーとして著名なエイドリアン・ニューウェイがチームを離れることを発表した。この件についてドライバーのマックス・フェルスタッペンは、「外部から見たほどに劇的なことではない」と語っている。\n【ギャラリー】F1史上最も醜い、2014年のF1マシン全車\n多数のチャンピオンマシンを送り出してきたニューウェイは、2006年にレッドブルに加入。現在のレッドブルの成功に、多大な貢献を果たしてきた人物だ。\n\n そんなニューウェイがチームを離脱するということで、他のチームからはレッドブルにとっては打撃になると受け止められている。またニューウェイを獲得しようとする動きもあり、その場合もレッドブルにとっては痛手となるはずだ。\n\n ただニューウェイの離脱は外部の人間が考えるほど劇的なことにはならないかもしれない。ドライバーのフェルスタッペンは、ニューウェイ離脱について次のように語った。\n\n「もちろん、エイドリアンはレッドブルの成功に対してとても重要な存在だった。でも時間が経つにつれて、彼の役割も少し変わってきた」\n\n「多くの人達は、実際に彼が何をしていたかを理解していないと思う。彼が何もしていないと言うつもりじゃなくて、彼の役割は進化していたんだ。多くの優秀な人物がチームに加わって、部門全体が強くなった」\n\n「当然だけど、僕は彼に留まって欲しかった。彼の経験は常に助けになってくれるからだ。そして個人としても彼は素晴らしい人物だからね」\n\n「だけど僕はエイドリアン以外の技術チームがとても、とても強いと心から信頼しているし、彼らはここ数年間、マシンの競争力によってそれを示してきた」\n\n「だから外部から見たら、今回のことはとても劇的だと見えるだろうけど、実施にチーム内部で起こっていることを知っていれば、見た目ほど劇的ではないんだ」\n\n なおフェルスタッペンは個人的にニューウェイへ残留を説得することには意味がなく、新たな挑戦へ進もうとしていることを止めるべきではないという自論も口にしている。\n\n「説得する必要はないよ。結局のところ、もし誰かが去りたいと思っているのなら、それはそうすべきなんだ」とフェルスタッペンは言う。\n\n「それは僕が彼に送ったことでもある。自分自身や家族にとって正しい判断だと思ったり、あるいは別の挑戦を求めたりするのなら、そうすべきなんだ」\n\n「F1の世界というのは、“サメの水槽”だからね。誰もが自分自身のことを考えているんだ。それは僕も分かっているし、バカじゃないんだ。だからそれでいい」\n\n「彼の人間性やその知識、そしてもし他のチームに加わることを望んで、もたらす可能性がある物事を考えると、僕は彼に残って欲しかったという気持ちを否定することはできない」\n\n「その一方で、僕はウチのスタッフ達はこの仕事において信じられないほど優れていると信じている」\nFilip Cleeren,['https://newsatcl-pctr.c.yimg.jp/t/amd-img/20240503-00000005-msportcom-000-1-view.jpg?pri=l&w=640&h=426&exp=10800'],"['https://news.yahoo.co.jp/articles/a8a9ea4d0d14d1a7be6f3257f0e7f224a2b48b53/images/000', 'https://jp.motorsport.com/f1/news/worst-looks-cars-in-2014-season/10564315/']"
小山美姫が新たな挑戦。ランボルギーニ・スーパートロフェオ・アジアにアイアン・リンクスから参戦へ（motorsport.com 日本版）,https://news.yahoo.co.jp/articles/3220127431819bf05b26054e9dae7a2ea04942f6,https://newsatcl-pctr.c.yimg.jp/t/amd-img/20240503-00000003-msportcom-000-1-view.jpg?exp=10800,2024-05-03T10:14:25+09:00,2024-05-03T10:14:25+09:00,motorsport.com 日本版,msportcom,motorsport.com 日本版,800,\n小山美姫\nスーパーGTに唯一の日本人女性ドライバーとして参戦している小山美姫が、ランボルギーニ・スーパートロフェオ・アジアに参戦することが明らかとなった。\n【動画】2024 スーパーGT開幕戦岡山：決勝ハイライト（GT500）\n今季はR'Qs MOTOR SPORTSの第4ドライバーとして、複数レースに出走する予定の小山。しかし今週末の第2戦に向けては開催地の富士スピードウェイに姿を見せておらず、マレーシアのセパン・サーキットにいることを本人がSNSで明らかにしていた。これはランボルギーニ・スーパートロフェオ・アジアの開幕ラウンドに参戦するためだったのだ。\n\n ランボルギーニ・スーパートロフェオ・アジアはランボルギーニ・ウラカン GT3によるワンメイクレース。アジアに限らず、ヨーロッパ、北米と各地でシリーズ戦が開催されている。\n\n 参戦チームはアイアン・リンクス。同チームは“アイアン・デイムス”のプロジェクトを通して女性ドライバーを積極的に起用するなど、女性ドライバーの支援に積極的なチームだ。そして小山はプロクラスの32号車をチャールズ・レオンと共にドライブすることになる。セオドールレーシングとのコラボにより、マシンカラーは赤となるようだ。\n\n 小山は以前motorsport.comのインタビューの中で、当面の目標であるGT300チャンピオンに近付くためにも、ツーリングカーカテゴリーの幅を広げたいとして、今季はスーパーGT以外にも参戦予定のカテゴリーがあると明かしていた。それがランボルギーニ・スーパートロフェオ・アジアだったということのようだ。アイアン・リンクスはWEC（世界耐久選手権）をはじめとする世界中のレースカテゴリーに参戦するチームであり、ここで活躍すればさらなるチャンスが開ける可能性もあるかもしれない。\nmotorsport.com 日本版,['https://newsatcl-pctr.c.yimg.jp/t/amd-img/20240503-00000003-msportcom-000-1-view.jpg?pri=l&w=640&h=425&exp=10800'],"['https://news.yahoo.co.jp/articles/3220127431819bf05b26054e9dae7a2ea04942f6/images/000', 'https://jp.motorsport.com/supergt/video/supergt-2024-r1-video-gt500/649224/']"
GT500は17号車Astemoシビック、GT300は56号車リアライズGT-Rが最速｜スーパーGT第2戦富士：公式練習タイム結果（motorsport.com 日本版）,https://news.yahoo.co.jp/articles/13484078d19c13a1397f0618bc41d2e696863443,https://newsatcl-pctr.c.yimg.jp/t/amd-img/20240503-00000004-msportcom-000-1-view.jpg?exp=10800,2024-05-03T11:12:37+09:00,2024-05-03T11:12:37+09:00,motorsport.com 日本版,msportcom,motorsport.com 日本版,1916,\nトップタイムの17号車\nスーパーGT第2戦の公式練習が富士スピードウェイで行なわれた。トップタイムを記録したのは、17号車Astemo CIVIC TYPE R-GTだった。以下はそのタイム結果。\n【動画】2024 スーパーGT開幕戦岡山：決勝ハイライト（GT500）\n■スーパーGT第2戦富士：公式練習タイム結果\n\nGT500クラス\n\n1.\n#17\nAstemo CIVIC TYPE R-GT 1'27''126\n2.\n#3\nNiterra MOTUL Z 1'27''205\n3.\n#8\nARTA MUGEN CIVIC TYPE R-GT 1'27''298\n4.\n#23\nMOTUL AUTECH Z 1'27''345\n5.\n#14\nENEOS X PRIME GR Supra 1'27''568\n6.\n#19\nWedsSport ADVAN GR Supra 1'27''600\n7.\n#12\nMARELLI IMPUL Z 1'27''639\n8.\n#16\nARTA MUGEN CIVIC TYPE R-GT 1'27''642\n9.\n#38\nKeePer CERUMO GR Supra 1'27''823\n10.\n#37\nDeloitte TOM'S GR Supra 1'27''920\n11.\n#39\nDENSO KOBELCO SARD GR Supra 1'27''987\n12.\n#36\nau TOM'S GR Supra 1'28''079\n13.\n#100\nSTANLEY CIVIC TYPE R-GT 1'28''202\n14.\n#24\nリアライズコーポレーション ADVAN Z 1'28''502\n15.\n#64\nModulo CIVIC TYPE R-GT 1'28''510\n\nGT300クラス\n\n1.\n#56\nリアライズ日産メカニックチャレンジGT-R 1'36''242\n2.\n#88\nJLOC Lamborghini GT3 1'36''328\n3.\n#6\nUNI-ROBO BLUEGRASS FERRARI 1'36''539\n4.\n#52\nGreen Brave GR Supra GT 1'36''578\n5.\n#61\nSUBARU BRZ R&D SPORT 1'36''644\n6.\n#45\nPONOS FERRARI 296 1'36''703\n7.\n#87\nMETALIVE S Lamborghini GT3 1'36''778\n8.\n#4\nグッドスマイル 初音ミク AMG 1'36''853\n9.\n#2\nmuta Racing GR86 GT 1'36''854\n10.\n#65\nLEON PYRAMID AMG 1'36''957\n11.\n#96\nK-tunes RC F GT3 1'37''095\n12.\n#777\nD'station Vantage GT3 1'37''132\n13.\n#31\napr LC500h GT 1'37''156\n14.\n#7\nStudie BMW M4 1'37''182\n15.\n#60\nSyntium LMcorsa GR Supra GT 1'37''428\n16.\n#50\nANEST IWATA Racing RC F GT3 1'37''621\n17.\n#5\nマッハ車検 エアバスター MC86 マッハ号 1'37''708\n18.\n#9\nPACIFIC ぶいすぽっ NAC AMG 1'37''720\n19.\n#18\nUPGARAGE NSX GT3 1'37''829\n20.\n#20\nシェイドレーシング GR86 GT 1'37''977\n21.\n#62\nHELM MOTORSPORTS GT-R 1'38''161\n22.\n#30\napr GR86 GT 1'38''232\n23.\n#48\n脱毛ケーズフロンティアGO&FUN猫猫GT-R 1'38''453\n24.\n#25\nHOPPY Schatz GR Supra GT 1'38''463\n25.\n#360\nRUNUP RIVAUX GT-R 1'38''532\n26.\n#22\nアールキューズ AMG GT3 1'38''959\nmotorsport.com 日本版,['https://newsatcl-pctr.c.yimg.jp/t/amd-img/20240503-00000004-msportcom-000-1-view.jpg?pri=l&w=640&h=426&exp=10800'],"['https://news.yahoo.co.jp/articles/13484078d19c13a1397f0618bc41d2e696863443/images/000', 'https://jp.motorsport.com/supergt/video/supergt-2024-r1-video-gt500/649224/']"
【MotoGP】マルケス、バニャイヤとの激闘を今後に活かす「ドゥカティのお手本から学べるのは喜び」（motorsport.com 日本版）,https://news.yahoo.co.jp/articles/482729d6d084ab167fbaffa23e7e125630da1a7b,https://newsatcl-pctr.c.yimg.jp/t/amd-img/20240503-00000002-msportcom-000-1-view.jpg?exp=10800,2024-05-03T08:28:19+09:00,2024-05-03T08:28:19+09:00,motorsport.com 日本版,msportcom,motorsport.com 日本版,946,\nMotoGP第4戦スペインGPは、グレシーニのマルク・マルケスとドゥカティのフランチェスコ・バニャイヤが激戦を繰り広げた。\n【動画】MotoGP2024 第4戦スペインGPハイライト\n最終的にバニャイヤに軍配が上がり、マルケスは0.372秒差で2位。マルケスにとっては、ドゥカティ陣営に移籍してから決勝レースでは初となる表彰台獲得となった。\n\n この2人はこれまでにも何度かコース上で激突しており、2021年のアラゴンGPでは、8度の世界チャンピオンに輝いたマルケスの激しいプレッシャーを受けながら、バニャイヤがMotoGP初優勝を飾っている。\n\n 今年のポルトガルGPでは、ふたりはトップ5を争っていたが接触し共に転倒。物議を醸した。\n\n マルケスは、今やドゥカティにおけるベンチマークとなったバニャイヤと戦えることに喜びを感じると語った。\n\n「ポルティマオで彼に言ったように、僕にとって世界チャンピオンであり、ドゥカティ陣営における”お手本”となるライダーと戦えることは喜びだ」\n\n「（スペインGPでは）もう1度、彼と同じレベルで戦うことができた」\n\n「オーバーテイクを試みるだけのスピードもあった。だから僕にとって、彼から学べることはすでにとても嬉しいことなんだ」\n\n「それでも、彼は僕よりも強いところを持っている。でも、今後はもう少しうまく、彼に近づけるかどうか見てみよう」\n\n ポイントリーダーのホルヘ・マルティン（プラマック）が転倒リタイアしたため、マルケスは現在32ポイント差のランキング6番手につけている。\n\n スペインGPの予選でポールポジションを獲得したマルケスは、ドゥカティのバイクへの適応が完了したとコメントしていた。\n\n しかしマルケスは、チャンピオンシップについて考えるのは「早すぎる」と言う。\n\n「『いや、チャンピオンはいらない』というわけではない。でも、チャンピオンシップのことを考えるのはまだ早すぎる」\n\n「どうなるか見てみよう。まだ現時点で、このマシンでは僕のライディングスタイルの強みが少し弱まっているように感じるけど、ウィークポイントのひとつは少し強化されているんだ」\nLewis Duncan,['https://newsatcl-pctr.c.yimg.jp/t/amd-img/20240503-00000002-msportcom-000-1-view.jpg?pri=l&w=640&h=426&exp=10800'],"['https://news.yahoo.co.jp/articles/482729d6d084ab167fbaffa23e7e125630da1a7b/images/000', 'https://jp.motorsport.com/motogp/video/MotoGP2024-rd4-highlight/649862/']"
マクラーレンF1、最速レッドブルに追いつくまで“最短1年”？「この開発ペースなら到達できるかもしれない」（motorsport.com 日本版）,https://news.yahoo.co.jp/articles/002d831421096c3916e1d5a3f12a679373281d9d,https://newsatcl-pctr.c.yimg.jp/t/amd-img/20240503-00000001-msportcom-000-2-view.jpg?exp=10800,2024-05-03T07:26:32+09:00,2024-05-03T07:48:05+09:00,motorsport.com 日本版,msportcom,motorsport.com 日本版,1331,\n現在のF1は、最速レッドブル・レーシングに対して上位4チームが追いかけるという構図になっている。上位争いでしのぎを削るマクラーレンは、昨年からの開発ペースを今後1年継続できればレッドブルに追いつくことも可能だと考えている。\n【動画】真っ暗闇の中で2.84秒……！？ レッドブルF1が驚異のピットストップパフォーマンス\n2023年シーズンは開幕5戦でわずか14ポイントという厳しいスタートを切ったマクラーレンだったが、ステラ代表の指揮の下、大どんでん返しを成し遂げてみせた。シーズン中盤から大型アップデートをマシンに投入し、中団争いから一気に表彰台争いに加わるまでになった。\n\n そしてマクラーレンはこの開発ペースを2024年に引き継ぎ、開幕5戦を終えた段階で、メルセデスを上回りコンストラクターズランキング3番手につけている。\n\n ステラ代表は、この開発ペースを維持することが重要だと説明。そうすれば2025年にレッドブルと勝利を争うことも現実的に可能だと考えている。\n\n「12ヵ月という期間を考えれば、全体として我々は誰よりも成長していると思う。レッドブルは昨年あまり成長しなかったと思う。それは明らかに（2024年に向けて）マシンを劇的に革新するため、裏でかなり多くの作業を行なっていたからだ」\n\n「彼らのようにマシンを革新するためには、何ヵ月もかけて再設計する必要がある。彼らはこの作業をすべてやり、新マシンを発表した時には大きな一歩となった」\n\n「見かけ上我々が離されたように見えても、それは彼らが成長していない間、我々が以前より接近していたからだ」\n\n「だからこそ、長い目で物事を見る必要がある。長い目で見れば、我々は強力な軌道に乗っている。私としては、これはチーム内でも言っていることだが、今後12ヵ月で、この開発ペースを維持することができればどうだろう？ レッドブルに到達できるかもしれない」\n\n\n マクラーレンはマイアミGPで一連の新パーツを投入する予定だが、昨シーズン中に導入された大型アップデートの規模にはならないと認めている。\n\n ただ、チームのシミュレーションとコース上での結果の間で正しい相関関係が保たれているとすれば、今回の新パーツ投入も「正しいステップ」になるとステラ代表は考えている。\n\n「マイアミではいくつかのアップデートが予定されている。どのようなパフォーマンスになるか見てみよう。他チームと同様に、我々のファクトリーには多くのスタッフがいて、その全員が開発を進めることに集中している」とステラ代表は言う。\n\n「コンスタントにマシンを改善すること。それがF1での本当の仕事だ。我々がやらなければならないことはそれだ」\n\n「今回は、昨年オーストリアやシンガポールで行なったふたつのアップデートほど大きなモノではないが、それなりのステップになるはずだ」\n\n「違いに気づくはずだ。風洞の数値やコンピューターシミュレーションなど、我々の予想通りであればね。過去12ヵ月間、この相関関係の的中率が良かったとはいえ、常にサプライズはあり得る」\nJake Boxall-Legge,['https://newsatcl-pctr.c.yimg.jp/t/amd-img/20240503-00000001-msportcom-000-2-view.jpg?pri=l&w=640&h=426&exp=10800'],"['https://news.yahoo.co.jp/articles/002d831421096c3916e1d5a3f12a679373281d9d/images/000', 'https://jp.motorsport.com/f1/video/%E7%9C%9F%E3%81%A3%E6%9A%97%E9%97%87%E3%81%AE%E4%B8%AD%E3%81%A7284%E7%A7%92%E3%83%AC%E3%83%83%E3%83%89%E3%83%96%E3%83%ABf1%E3%81%8C%E9%A9%9A%E7%95%B0%E3%81%AE%E3%83%94%E3%83%83%E3%83%88%E3%82%B9%E3%83%88%E3%83%83%E3%83%97%E3%83%91%E3%83%95%E3%82%A9%E3%83%BC%E3%83%9E%E3%83%B3%E3%82%B9/644493/']"
