headline,mainEntityOfPage,image,datePublished,dateModified,author,media_en,media_jp,str_count,body,images,external_links
50代にクイズ！いくつ知ってる？Z世代にバズり中「ライフハック」「HP」「チーム友達」（ハルメク365）,https://news.yahoo.co.jp/articles/a154e1429e4f50d7bf2c701660127d8898905401,https://newsatcl-pctr.c.yimg.jp/t/amd-img/20241024-00000002-halmek-000-1-view.jpg?exp=10800,2024-10-24T10:15:03+09:00,2024-10-24T10:15:03+09:00,ハルメク365,halmek,ハルメク365,1255,\nZ世代に聞いてみた！\n今年の新語・流行語大賞……今年はどんな言葉かな？\n言葉は生き物。時代によって様変わりをし、新しい言葉もどこかで生まれ、しなやかに世の中に浸透していきます。今年の新語・流行語大賞、どんな言葉が選ばれるかな？ いやいや……もう年末の話題が頭によぎります!?\nライフハックって何？HPって何？\n1\n/\n3\n成人式以来の振袖をキャッキャッキャと着るZ世代着付けの手順は理にかなっており「ライフハック」の宝庫といえる!?\nハルメク365\nパソコン捌きの速さと脳内商品知識量がエグい（あえての令和語⁈）\nとある機会に、私は仲良しの彼女に着物の畳み方を教えていました。\n\n成人式以来の振袖をキャッキャッキャと着るZ世代\n着付けの手順は理にかなっており「ライフハック」の宝庫といえる!?\nその時、彼女は目を丸くして「ライフハック～!!」と言いました。\n\n私は、NHKの連続テレビ小説『虎に翼』の寅ちゃん並みに「はて？ それって何？」と、こちらも目をぱちくり……。\n\nこの言葉を教えてくれたのは、バブル時代に入ったいわゆる「お宝保険」の維持管理者でもあるバイタリティーあふれる某企業のバリキャリ。年齢差30才の仲良し女子です（バリキャリとは、バリバリ働くキャリアウーマンのこと）。\n\n急な災難時にはリリーフエースとしてスペシャルで華麗な動きで対処してくれる、心強いZ世代女子でもあります(*^^*)\n\nちなみにZ世代、ジェネレーションZとは、1990年代後半から2000年代に生まれた世代を指すことが多いと定義されているそう（wikiペディア）。\n知らなかった「ライフハック」という言葉\n新しく知った言葉の意味に「目からうろこ」が落ちてきた！\nどうやら「ライフハック」とは、「すごーく役に立つ！」とか「便利でびっくり！」の意味のように感じます。\n\n検索すると……日常生活や仕事で役立つアイデア、または、いかに作業を効率よく行うかのテクニックのことを指す、とありました。\n\n私は、その時初めて聞く言葉でしたが、用語として登場したのは20年も前の2004年。「ライフ = 人生」「ハック＝うまくやり抜く」に起因するらしく、どうやら、IT技術の分野が発祥のようです。\n\n言葉って……誰かが生み出しているものでもあるんだ！\nでは「HP」とは……？\n1\n/\n2\nハルメク365\n「HP」マックス！楽しく元気に!!\nホームページのこと？ それともパソコンメーカー？\n\nいえいえ、ところがどっこい（この表現も最近めったに聞きません(>_\n2024年の上半期にバズった言葉\nハルメク365\n最後に、2024年の上半期Z世代にバズったこれらの言葉、皆さんわかりますか？「猫ミーム」「それガーチャー？ ほんまゴメンやで」に「チーム友達」……はて？\n\nでも私、「チーム友達♪ チーム友達♪」だけはわかりますよ！ イェーイ！\nいずみん,"['https://newsatcl-pctr.c.yimg.jp/t/amd-img/20241024-00000002-halmek-000-1-view.jpg?exp=10800', 'https://newsatcl-pctr.c.yimg.jp/t/amd-img/20241024-00000002-halmek-001-1-view.jpg?exp=10800', 'https://newsatcl-pctr.c.yimg.jp/t/amd-img/20241024-00000002-halmek-002-1-view.jpg?exp=10800', 'https://newsatcl-pctr.c.yimg.jp/t/amd-img/20241024-00000002-halmek-003-1-view.jpg?exp=10800', 'https://newsatcl-pctr.c.yimg.jp/t/amd-img/20241024-00000002-halmek-004-1-view.jpg?exp=10800', 'https://newsatcl-pctr.c.yimg.jp/t/amd-img/20241024-00000002-halmek-005-1-view.jpg?exp=10800', 'https://newsatcl-pctr.c.yimg.jp/t/amd-img/20241024-00000002-halmek-006-1-view.jpg?exp=10800', 'https://newsatcl-pctr.c.yimg.jp/t/amd-img/20241024-00000002-halmek-007-1-view.jpg?exp=10800']","['https://news.yahoo.co.jp/articles/a154e1429e4f50d7bf2c701660127d8898905401/images/000', 'https://news.yahoo.co.jp/articles/a154e1429e4f50d7bf2c701660127d8898905401/images/001', 'https://news.yahoo.co.jp/articles/a154e1429e4f50d7bf2c701660127d8898905401/images/002', 'https://news.yahoo.co.jp/articles/a154e1429e4f50d7bf2c701660127d8898905401/images/003', 'https://news.yahoo.co.jp/articles/a154e1429e4f50d7bf2c701660127d8898905401/images/004', 'https://news.yahoo.co.jp/articles/a154e1429e4f50d7bf2c701660127d8898905401/images/005', 'https://news.yahoo.co.jp/articles/a154e1429e4f50d7bf2c701660127d8898905401/images/006', 'https://news.yahoo.co.jp/articles/a154e1429e4f50d7bf2c701660127d8898905401/images/007']"
2000万円持ってますか？知っておきたい老後資金を作る裏ワザ3選！（ハルメク365）,https://news.yahoo.co.jp/articles/4c167fd562de71432c856acf279d2c55e10dcbeb,https://newsatcl-pctr.c.yimg.jp/t/amd-img/20241024-00000003-halmek-000-2-view.jpg?exp=10800,2024-10-24T11:15:02+09:00,2024-10-24T21:15:04+09:00,ハルメク365,halmek,ハルメク365,3638,\n3つの老後資金調達方法のメリット・デメリットを紹介\nハルメク365\n老後資金を作る裏技！リースバックやリバースモーゲージ、不動産担保ローンなど、自宅不動産を活用した老後資金の調達方法とそれぞれのメリット・デメリットを紹介します。何かとお金がかかる老後生活を、大きなリスクなく過ごしたい人は要チェックです！\n老後資金はどのくらいあれば安心？\nzon / PIXTA\nこれまで老後資金は2000万円あればいいといわれてきましたが、平均寿命が長くなったこともあり、最近ではそれ以上の金額が必要だとされています。\n\nでは、老後資金がどのくらいあればゆとりある生活ができるのでしょうか。\n\n■年金だけではゆとりある暮らしは難しい\n「老後は年金で生活するから大丈夫」「生活にかかるお金も減るから年金だけで暮らせるだろう」と思っている人もいるかもしれませんが、近年では年金のみでの生活が難しい人も多いといわれています。\n\n厚生労働省が発表した令和6年度の年金支給額（20歳から60歳まで40年加入して満額を受け取る場合）は、国民年金（老年基礎年金1人分）で6万8000円です。配偶者も国民年金に加入していれば、2人分の13万6000円が世帯収入となります。\n\n厚生年金の場合は、国民年金のみ加入している人よりも受給額は高くなり、夫婦2人の老年基礎年金を含む標準的な金額は23万483円です。\n\n一方、総務省が発表した「家計調査年報2020年」によると、2人以上の世帯のうち世帯主が65歳以上の無職世帯の消費支出は22万4390円となっています。\n\n国民年金のみの場合は約9万円の赤字となるため、その赤字を毎月どうにかして補填する必要があります。厚生年金では約6000円の黒字になりますが、ゆとりある暮らしとは言い難いでしょう。\n\n■ゆとりある老後を過ごすにはどのくらいあれば安心？\n老後資金には食費や光熱費、住居費、医療費などの生活に必要不可欠な費用だけでなく交際費や趣味、娯楽に使う費用、介護費用、子や孫への教育資金の提供なども含まれています。\n\n2022年に生命保険文化センターが行った「生活保障に関する調査」によると、老後のゆとりのための上乗せ額は月額平均で14万8000円となっています。\n\n前述の2人以上の世帯のうち世帯主が65歳以上の無職世帯の消費支出にその額を上乗せすると、月々37万2390円以上あればゆとりある老後を過ごせるといえるでしょう。\n\n65歳から100歳までの間、この生活費用が必要だとすると1300万円ほど必要です。\n\nさらにがんなどで先進医療を受けたり、介護を受けたりなどライフステージにおける大きな出費があることを考えると、老後資金が2000万円あったとしても安心はできません。\n老後資金を作る裏技！自宅不動産を活用する方法とは？\nfreeangle / PIXTA\n主な収入源が公的年金になってしまった後の急な出費に耐えられるか、老後の生活に不安を感じている人は、老後の資金作りに持ち家を有効に活用するのがおすすめです。\n\nあまり知られていませんが、戸建てやマンションなどの自宅不動産を活用することで、負担なく老後資金を調達できる可能性があります。\n\nここでは、老後の経済的な不安を軽減させる自宅不動産の3つの活用法のメリット・デメリットを紹介します。\n\n■リースバック\n「リースバック」とは、自宅をリースバック業者に売却し、それと同時に売却した物件を賃借する方法です。\n\nうまく活用すれば、老後の安定した生活や自分が亡くなったときの相続問題を解決できます。\n\n以下は、リースバックのメリットです。\n\n・生活環境を変えずに資金調達できる\n・比較的早く現金化できる\n・持ち家を維持するための費用負担がなくなる\n・災害などによるリスクを軽減できる\n・現金化することで相続トラブルが起きにくくなる\nリースバックは自宅を売却後に毎月家賃を支払うことで、これまで過ごしてきた自宅に住み続けられるのがメリットです。\n\n通常の売却と比べて比較的早く現金化できるだけでなく、売却費用は一括で支払われるため、まとまった老後資金を調達しなければならない場合や、持ち家はあるけれど現金での収入が少ない場合などに向いています。\n\nまた、固定資産税などの持ち家を維持するための費用負担がなくなるのも、メリットの一つだといえます。自然災害による修繕費や建て替え費用の負担もなく、資産価値の低下による損失も生じません。\n\nさらに、現金化することで相続人が複数いるときに分配しやすくなるため、トラブルが起こりにくくなります。\n\nただし、マイホームが自分のものではなくなってしまうことや通常よりも安い価格での売却になる可能性があること、リースバック業者に毎月家賃を支払わなければならないこと、子どもや孫に家を残せないことなどのデメリットがあることも理解しておきましょう。\n\n■リバースモーゲージ\n「リバースモーゲージ」とは、担保となる住宅（自宅）の評価額を基準にした融資枠の範囲でお金を借り、死亡時に売却するなどして一括返済する仕組みのローン商品のことです。\n\n自分が死ぬまで自宅を手放さずに資金が調達できるため、持ち家はあるけれど現金での収入が少ない人、特に自分の死後に家を残す必要がない人からの需要が高まっています。\n\nリースバックでも持ち家に住み続けられますが、リバースモーゲージでは自宅を手放さずに資金を調達できます。\n\n以下は、リバースモーゲージのメリットです。\n\n・大手金融機関や地方自治体が提供主体で信頼性が高い\n・生活環境を変えずに資金調達できる\n・毎月の返済は利息のみ\n・相続に手間のかかる不動産が残らない\nリバースモーゲージは、大手金融機関や地方自治体が提供主体で信頼性が高く、自宅を担保提供しても住み続けられるのが特徴です。住み慣れた土地を離れたくない人に向いています。\n\n毎月の返済は利息のみです。使い道は限定されるものの、返済負担が少なくて済むため、予想外の出費に備えておくこともできます。\n\nまた、不動産は売却手続きなどが残された家族の負担となる可能性もあります。\n\nどこまで対応してくれるかは金融機関によって異なりますが、リバースモーゲージでは金融機関などが手続きを代行してくれることも。\n\nただし、リバースモーゲージの利用には推定相続人全員の同意が必要だったり、想定外の長生きによって借りたお金では足りなくなったり、自宅の不動産価値が下がると借入限度額が下がったりなどのデメリットもあります。\n\nそもそもリバースモーゲージの対象にならない可能性もあるため、事前によく確認しておきましょう。\n\n■不動産担保ローン\n「不動産担保ローン」とは、土地や建物などの不動産を担保に借入を行うローン商品のことです。\n\n不動産担保ローンは自宅以外の不動産を対象とするのが一般的ですが、場合によっては自宅を担保にできます。\n\n以下は、不動産担保ローンのメリットです。\n\n・低金利で借りられる\n・借入限度額が大きい\n・返済期間を長く設定できる\n不動産担保ローンは、不動産を担保にすることでお金を回収できないリスクが低くなるため、無担保ローンと比べて低金利でお金を借りられます。\n\n担保不動産の評価額によって借入金額が変化することから、借入限度額が1億円以上になることも少なくありません。\n\nまた、不動産担保ローンは返済期間を長く設定できるのも特徴です。最長30年程度に設定できる場合もあるため、毎月の返済額を抑えられる可能性もあります。\n\nただし、事務手数料や不動産調査費用、印紙代、登記費用などの手数料がかかること、借入までに最短でも数日から数週間かかること、返済不能の場合は競売にかけられてしまうことなどのデメリットに注意しましょう。\n老後資金が不安なときは自宅不動産の活用も検討しよう\nどのような暮らしを望むかにもよりますが、老後に安定した暮らしをするにはまとまった資金が必要です。\n\n年金では足りず、自己資金に頼らなければならない場合もあるため、いざというときに慌てないためにも、40代や50代のうちから資金調達について考えておかなければいけません。\n\n戸建てやマンションなどの持ち家がある場合は、自宅不動産を活用するのも一つの方法です。リースバックやリバースモーゲージ、不動産担保ローンにはそれぞれメリットとデメリットがあるため、きちんと理解したうえで検討するようにしましょう。\n\n取材協力：株式会社セゾンファンデックス\nハルメク365編集部,"['https://newsatcl-pctr.c.yimg.jp/t/amd-img/20241024-00000003-halmek-000-2-view.jpg?exp=10800', 'https://newsatcl-pctr.c.yimg.jp/t/amd-img/20241024-00000003-halmek-001-2-view.jpg?exp=10800', 'https://newsatcl-pctr.c.yimg.jp/t/amd-img/20241024-00000003-halmek-002-2-view.jpg?exp=10800']","['https://news.yahoo.co.jp/articles/4c167fd562de71432c856acf279d2c55e10dcbeb/images/000', 'https://news.yahoo.co.jp/articles/4c167fd562de71432c856acf279d2c55e10dcbeb/images/001', 'https://news.yahoo.co.jp/articles/4c167fd562de71432c856acf279d2c55e10dcbeb/images/002']"
もしあなたが認知症になったら銀行口座が凍結されるって本当？お金を守る対策は（ハルメク365）,https://news.yahoo.co.jp/articles/2b0ca247d3296246d28c2c9ae5df637e72c7ab59,https://newsatcl-pctr.c.yimg.jp/t/amd-img/20241024-00000001-halmek-000-2-view.jpg?exp=10800,2024-10-24T10:15:02+09:00,2024-10-24T21:15:03+09:00,ハルメク365,halmek,ハルメク365,1795,\n「もしも」のとき、銀行口座は凍結される!?\nLuce / PIXTA\nもし自分が認知症になったら、銀行に預けてあるお金はどうなるの？ 子どもたちへうまく資産が引き継がれるかしら？ そんなふとした不安を、安心に変える方法をご紹介します。\nもしも認知症になったら銀行口座はどうなる？\nLuce/ PIXTA\nもし認知症などで口座名義人の判断能力が低下したり、暗証番号が思い出せなくなったりした場合、銀行はその人の口座を凍結する可能性があります。\n\nこれは銀行が詐欺などの悪質な犯罪から名義人の財産を守るためです。振り込まれる年金の受け取りや介護費用などの工面のために、ご家族が口座から引き出すこともできなくなります。\n信頼できるご家族に銀行口座の管理を任せる方法の1つに「代理人カード」、または「家族カード」があります。\n発行に際して諸条件ありますが、これらのカードが発行できれば、ご本人の代わりにカードの持ち主によってお金の出し入れが可能になります。\nただし、ご本人の判断能力が低下し、銀行口座が凍結された場合には、これらのカードも利用できなくなってしまいますので、注意が必要です。\nもしも認知症になったら保険契約はどうなる？\nLuce/ PIXTA\n加入している保険内容を思い出せなければ、保険請求やその受け取りに時間がかかる可能性があります。\nたとえご家族が把握していたとしても、保険会社に事情を説明するなどする必要がありますので、やはり時間がかかります。\nそのような場合を踏まえ、「指定代理請求特約」が付加できる保険を選ぶのも良いでしょう。\nこの場合はご本人が意思表示できない状態になっても、あらかじめ指定しておいた人が代理人となり、保険金や給付金の請求手続きを行えます。\nまた、認知症と診断されたときに給付金を受け取れる「認知症保険」を用意している保険会社もあります。認知症介護に備える保険として検討してみるのも良いでしょう。\nもしも認知症になったら不動産はどうなる？\nふじよ/ PIXTA\n物事を判断する能力が著しく低下すれば、不動産の売却などが行えなくなります。\nその場合は法定後見制度を利用することで、後見人が本人の利益のために諸手続きを行えます。\n法定後見制度ってなに？\n39chi-chan/PIXTA\n「法定後見制度」をご存じでしょうか。\n実は銀行や保険契約、不動産に関するさまざまな手続きは、法定後見人を立てることによって、多くの手続きを円滑に進めることができます。\n\n法定後見人は、家庭裁判所への申し立てによって選定されるもので、なれる人は親族、福祉・法律の専門家などです。\n相続の手続きはどうなる？\ny.uemura/ PIXTA\nどなたかご家族が亡くなって相続が発生した場合は、相続人たちの間で遺産分割を行う必要があります。\n\nここで問題になるのが、相続人の中に認知症の人がいる場合です。遺産分割を行う協議ができないためです。\n\nしかし、このときも法定後見制度により後見人を立てることで、協議を進めることができます。\nただし「遺言書」がある場合は、原則として遺言通りに財産を分けることができ、遺産分割協議は必要ありません。遺言書は、相続手続きを円滑に進めるために大変有効なものなのです。\nまた「家族信託」であらかじめ承継先を決めておくのも、遺産分割の協議を回避する１つの方法です。\n\n家族信託とは、不動産や金銭といった財産を信頼できる家族に託して管理や処分を任せることです。銀行口座の凍結への対策としても有効です。\n今のうちから資産の管理に備えましょう\nUSSIE/ PIXTA\nいかがでしたか。誰でも年齢を重ねれば、認知症を発症する可能性があります。\n\nいざという時にご自身やご家族が苦労しないためにも、ご家族と資産に対する考え方をしっかりと話し合っておきましょう。そのためには、日頃のコミュニケーションが大切です。\nまた地域包括支援センターや金融機関に気になることを相談したり、わからないことを聞いて知識を得たりしておくのも良いでしょう。\n\n早めの対策が安心への第一歩です。\n\n記事協力：Theoria technologies株式会社\nハルメク365編集部,"['https://newsatcl-pctr.c.yimg.jp/t/amd-img/20241024-00000001-halmek-000-2-view.jpg?exp=10800', 'https://newsatcl-pctr.c.yimg.jp/t/amd-img/20241024-00000001-halmek-001-2-view.jpg?exp=10800', 'https://newsatcl-pctr.c.yimg.jp/t/amd-img/20241024-00000001-halmek-002-2-view.jpg?exp=10800', 'https://newsatcl-pctr.c.yimg.jp/t/amd-img/20241024-00000001-halmek-003-2-view.jpg?exp=10800', 'https://newsatcl-pctr.c.yimg.jp/t/amd-img/20241024-00000001-halmek-004-2-view.jpg?exp=10800', 'https://newsatcl-pctr.c.yimg.jp/t/amd-img/20241024-00000001-halmek-005-2-view.jpg?exp=10800', 'https://newsatcl-pctr.c.yimg.jp/t/amd-img/20241024-00000001-halmek-006-2-view.jpg?exp=10800']","['https://news.yahoo.co.jp/articles/2b0ca247d3296246d28c2c9ae5df637e72c7ab59/images/000', 'https://news.yahoo.co.jp/articles/2b0ca247d3296246d28c2c9ae5df637e72c7ab59/images/001', 'https://news.yahoo.co.jp/articles/2b0ca247d3296246d28c2c9ae5df637e72c7ab59/images/002', 'https://news.yahoo.co.jp/articles/2b0ca247d3296246d28c2c9ae5df637e72c7ab59/images/003', 'https://news.yahoo.co.jp/articles/2b0ca247d3296246d28c2c9ae5df637e72c7ab59/images/004', 'https://news.yahoo.co.jp/articles/2b0ca247d3296246d28c2c9ae5df637e72c7ab59/images/005', 'https://news.yahoo.co.jp/articles/2b0ca247d3296246d28c2c9ae5df637e72c7ab59/images/006']"
自分に無理せずラクに生きるには？人疲れしやすい内向型に必要な2つの時間【内向型人間のトリセツ3】（ハルメク365）,https://news.yahoo.co.jp/articles/c0d12aa36501058a255cb744d5bfa0c061f7ad03,https://newsatcl-pctr.c.yimg.jp/t/amd-img/20241024-00000004-halmek-000-1-view.jpg?exp=10800,2024-10-24T21:15:03+09:00,2024-10-24T21:15:03+09:00,ハルメク365,halmek,ハルメク365,2808,\n「内向型」の人の生きづらさを解放するヒント・3\nハルメク365\n内向型は外向型の人と比べて、騒音などの“刺激”を感じやすいと言われています。第3回では、内向型カウンセラー井上ゆかりさんの著書『世界一やさしい内向型の教科書』から一部抜粋し、「心を元気に保つ「静かな時間」について紹介していきます。\n■中島輝さんと学ぶ自己肯定感とは？自分を好きになる方法・全4回\n内向型が「静かな時間」を必要とするのはなぜ？\nks__1984 / PIXTA(ピクスタ)\n内向型と外向型の違いについて、オックスフォード大学やハーバード大学で教鞭を執った研究者のブライアン・R・リトルが、自著で興味深い説明をしています。\n\n「生理学的には、外向型と内向型の違いは、脳の新皮質の特定領域における覚醒レベルの違いだと考えられています。つまり、外向型の人は普段の覚醒レベルが低く、内向型の人は高い状態にあります」（『自分の価値を最大にするハーバードの心理学講義』大和書房刊）\n\n「覚醒レベル」とは、「覚醒水準」とも呼ばれる心理学用語。パフォーマンスにかかわる緊張状態のレベルのことをいいます。\n\n「覚醒レベルが高い」とき、心拍数は上がり、興奮・緊張状態になります。しかし低すぎると、集中力に欠けて本来の力を発揮できなくなってしまいます。いいパフォーマンスを発揮するには、ほどよい緊張感のある、適度な覚醒レベルが理想です。\n\n私たち内向型は、その「覚醒レベルが高い状態」が標準なのだそう。そのため、少しの刺激でも心拍数が上昇し、不快に感じやすいのです。人が多く集まる商業施設や満員電車、爆音が鳴り響くイベント会場などで、心身ともに疲れて余裕がなくなってしまうのも、刺激を受け過ぎてしまうためです。\n\nだから内向型は、受けた刺激を「静かな時間」で和らげ、心の余白を確保する必要があります。\n\n内向型は「静かな人」ではなく「静かな時間を求める人」なのです。\n\nこの内向型の意味を誤ってとらえていると、「私は内向型だから、静かでおとなしい性格なんだ」という“言葉の呪い”にとらわれてしまうので注意しましょう。なんでも内向型のせいにして自分を諦めてしまうクセがついては、自己評価が下がってしまいます。\n\n心の余白を確保することは、自分らしくいるためにも大切です。「静かな時間」があれば、内向型は心穏やかに、元気に過ごすことができます。\n静かな時間1：「ひとりで考える時間」\nKiRi / PIXTA(ピクスタ)\n内向型に必要な「静かな時間」は、大きく分けると、2種類あります。\n\n一つ目は、「ひとりで考える時間」。内向型は外向型に比べて、短時間で情報を理解して考えをまとめて伝えるのに、時間がかかりやすいそうです。\n\nですが裏を返せば、「考える時間」さえあれば、外向型と同じように（あるいは外向型よりも深く）情報整理ができるということです。\n\n誰にも邪魔されずに一人で考え事ができる時間は、私たちに心の余裕を与えてくれます。内省して思考を深めることが好きな人も多いので、考える時間を取ることで気持ちを落ち着けることもできます。\n\nもう一つ大切なのは、一人になれる静かな環境を整えて、内省する時間を取ること。\n\n紙に自分の考えを書き出すのもおすすめです。自分の頭の中が可視化されて、考えが整理されるためです。日々のインプットで頭に溜まっている情報や、考えをデトックスする習慣をつくりましょう。\n\n普段から頭の中を整理しておけば、とっさのやりとりでの受け答えもスムーズになりますよ。\n\n■頭の中を整理するときのポイント\n気がかりなことを整理する\n\n・日々のTODOを書き出す\n・後回しにしている用事をリストアップする\n自分の気持ちを整理する\n\n・最近モヤモヤしていることを紙に書き出す\n自分の考えを整理する\n\n・仕事や日常の会話で、質問された内容とその答えを改めて書く\n・気になったニュースに対する感想や意見をひと言書く\n静かな時間2：「自分を癒やす時間」\n1\n/\n2\ngenzoh / PIXTA(ピクスタ)\nハルメク365\nもうひとつ、内向型にとって大切なのが、「自分を癒す時間」です。\n\n内向型は、ストレスを和らげるために刺激を減らすことを好みます。\n\nみんなで過ごすよりも、一人で過ごす。繁華街に出掛けるよりも、自宅や行き慣れた場所で過ごす。予定を詰め込んで一日中アクティブに過ごすよりも、ぼ～っとのんびり過ごす時間を大切にしたい。\n\n自分以外の誰かの存在も刺激に感じる人が多いので、内向型にとって一人で過ごすひとときは、この上ない癒やしの時間です。\n\nだから内向型は自分の趣味として、本を読む、テレビや映画を見る、料理をする、絵を描く、美術館に行く、釣りに行くなど、一人でも完結することを挙げる人が多いのです。\n\n内向型の人は「人とかかわるのが苦手」とよくいわれますが、人が嫌いなのではなく、「ずっと人とかかわっているのは疲れるから苦手」というだけ。自分にとって安心安全なスペースの中で、誰にも邪魔されない「自分を癒やす時間」が必要なのです。\n\n普段、頭を使い過ぎている人は、体をゆるめて頭を休ませる時間を一日5分でも、自分にプレゼントしてあげましょう。\n\n次回は、内向型が避けたい5つの落とし穴について解説していきます。\n\n■もっと読みたい■\n内向型を知る1「2人に1人？あなたの「内向型度」をセルフチェック」\n内向型を知る2「内向型さんと同じ？繊細さん（HSP）の特徴」\n内向型を知る3「人疲れしやすい内向型が「静かな時間を求める」理由」\n内向型を知る4「内向型が避けたい5つの落とし穴とその対策」\n\n■著者：井上 ゆかりさん（内向型カウンセラー）\n\nいのうえ・ゆかり 内向型カウンセラー。自身が20年間コンプレックスを感じていた内向性を受け入れられるようになった経験と独自の分析力をもとに、2018年からSNSなどで「内向型を直さず活かす生き方」を発信。これまでに内向型コミュニティの主宰や講演、カウンセリングセッションなどを行う。\n\n■監修：本橋へいすけさん\nもとはし・へいすけ ライフコーチ。Mindset Coaching School 卒業。個人、法人、延べ3000 人以上を対象に認知科学をベースにした講座やコーチングを行う。本書では、脳と心のしくみの解説部分において監修を担当する。\n\n※本記事は『世界一やさしい内向型の教科書 「静かな人」の悩みがちな気質を直さず活かす3ステップ（世界文化社刊）』より一部抜粋して構成しています。\nハルメク365編集部,"['https://newsatcl-pctr.c.yimg.jp/t/amd-img/20241024-00000004-halmek-000-1-view.jpg?exp=10800', 'https://newsatcl-pctr.c.yimg.jp/t/amd-img/20241024-00000004-halmek-001-1-view.jpg?exp=10800', 'https://newsatcl-pctr.c.yimg.jp/t/amd-img/20241024-00000004-halmek-002-1-view.jpg?exp=10800', 'https://newsatcl-pctr.c.yimg.jp/t/amd-img/20241024-00000004-halmek-003-1-view.jpg?exp=10800', 'https://newsatcl-pctr.c.yimg.jp/t/amd-img/20241024-00000004-halmek-004-1-view.jpg?exp=10800']","['https://news.yahoo.co.jp/articles/c0d12aa36501058a255cb744d5bfa0c061f7ad03/images/000', 'https://movie.halmek.co.jp/set/2334', 'https://news.yahoo.co.jp/articles/c0d12aa36501058a255cb744d5bfa0c061f7ad03/images/001', 'https://news.yahoo.co.jp/articles/c0d12aa36501058a255cb744d5bfa0c061f7ad03/images/002', 'https://news.yahoo.co.jp/articles/c0d12aa36501058a255cb744d5bfa0c061f7ad03/images/003', 'https://news.yahoo.co.jp/articles/c0d12aa36501058a255cb744d5bfa0c061f7ad03/images/004']"
