headline,mainEntityOfPage,image,datePublished,dateModified,author,media_en,media_jp,str_count,body,images,external_links
生成AIを統合したWebブラウザ「Opera Neon」。ユーザーの代わりの作業も（PC Watch）,https://news.yahoo.co.jp/articles/c5cd5409c785ca405620222f2e6e5dff83635970,https://newsatcl-pctr.c.yimg.jp/t/amd-img/20250529-00000011-imppcw-000-1-view.jpg?exp=10800,2025-05-29T18:12:07+09:00,2025-05-29T18:12:07+09:00,PC Watch,imppcw,PC Watch,498,"写真：PC Watch
Operaは、生成AI機能を統合したWebブラウザ「Opera Neon」を発表した。現在はアルファ版となっており、メールを登録することでテストに招待してもらうことが可能だ。将来的にはサブスクリプションモデルで提供予定となっており、価格と詳細については近日中に発表する。

　AI内蔵により、ユーザーはチャットベースでさまざまな質問に対する回答を得たり、確実な情報に基づいた調査やコンテンツ生成が可能。また、アプリやウィンドウを切り替えることなく、調査、執筆、翻訳作業が可能だという。表示中のWebページに関するコンテキストを取得することもできる。

　また、シンプルなコマンドでタブを閉じたりグループ化したり、保存したり、ピン留めしたりできる。プロンプトによる画像生成、データ分析、ツール構築、長文コンテンツの作成、コード開発なども行なえるという。

　AIエージェント機能も備えており、Webサイト内での情報入力、予約、登録といった作業を任せることができる。各ステップを表示するため、ユーザーは常に最新情報を把握してコントロールできるという。
PC Watch,劉 尭",[],[]
iOS 18の次はiOS 26？西暦準拠のバージョン表記に変わるとの報道（PC Watch）,https://news.yahoo.co.jp/articles/aa6ad9862c7e757a59b0c9f8e8dd0ab3026cb93b,https://newsatcl-pctr.c.yimg.jp/t/amd-img/default.jpg?exp=10800,2025-05-29T13:42:09+09:00,2025-05-29T13:42:09+09:00,PC Watch,imppcw,PC Watch,249,"海外メディアBloombergが報じたところによると、AppleがiOSなど各種OSのバージョン表記を西暦に合わせたものへ変更する計画だという。

　これによると、6月に開催されるWWDCにて、OSのデザイン刷新に合わせてバージョン表記の変更を発表する予定だとのこと。たとえばiPhone向けのiOSであれば、リリース以来1から順に番号を刻んでおり、現行バージョンは「iOS 18」だが、次期バージョンは「iOS 19」ではなく「iOS 26」として提供されるという。
PC Watch,宇都宮 充",[],[]
Endgame Gear、超低遅延モード搭載の無線ゲーミングマウス「XM2w 4K」（PC Watch）,https://news.yahoo.co.jp/articles/66c61b99f05b8198b9f194dd06d61923bb05ae72,https://newsatcl-pctr.c.yimg.jp/t/amd-img/20250529-00000009-imppcw-000-1-view.jpg?exp=10800,2025-05-29T13:40:10+09:00,2025-05-29T13:40:10+09:00,PC Watch,imppcw,PC Watch,714,"写真：PC Watch
アーキサイトは29日、独Endgame Gearの無線ゲーミングマウス「XM2w 4K」を発売した。実売価格は1万7,800円。カラーはブラック、ホワイト、ダークフロスト、ホワイトフロストの4色。
【画像】ホワイト
最大4,000Hzのポーリングレートに対応した有線/無線両対応マウス。SPDT構造の低遅延メカニカルスイッチ「Kailh GX」を採用しており、専用アプリで超低遅延の「GXスピードモード」と安定性重視の「GXセーフモード」に切り替えられる。クリック遅延は平均310ms以下としており、GXスピードモードではさらに1msの高速化が見込めるとする。本体形状は幅広の左右対称(サイドボタンは左側のみ)で、つかみ持ちのユーザーに適するという。

　ボタン耐久性はメインボタンが左右各8,000万回、ミドルボタンとサイドボタンがそれぞれ2,000万回。

　光学センサーはPixArtの「PAW3395」。専用アプリから設定可能な解像度は50～26,000CPI(50CPI刻み)でプリセットは400/800/1,600/3,200CPI。最大加速度は50G、最大速度は650IPS。PCとの接続はUSBドングルによる2.4GHz無線とUSB 2.0ケーブルによる有線。

　リフトオフディスタンスは1mmまたは2mm(調整可能)。バッテリ容量は335mAhで、連続使用時間の目安は30時間(ポーリングレート4,000Hzで使用した場合)。

　本体サイズは約122×66×38mm、重量は約62g(ブラック/ホワイト)、約63g(ダークフロスト/ホワイトフロスト)。
PC Watch,関根 慎一",[],[]
シャープ、ライカ監修カメラ搭載の「AQUOS R10」。防犯機能を強化したベーシック機も（PC Watch）,https://news.yahoo.co.jp/articles/b2d6a89e2222bcb960a2b14c37bb330b3285b2e6,https://newsatcl-pctr.c.yimg.jp/t/amd-img/20250529-00000008-imppcw-000-1-view.jpg?exp=10800,2025-05-29T13:03:09+09:00,2025-05-29T13:03:09+09:00,PC Watch,imppcw,PC Watch,1628,"写真：PC Watch
シャープは29日、Androidスマートフォン「AQUOS R10」および「AQUOS wish5」を発表した。価格は未発表。発売時期は前者が7月上旬以降、後者が6月下旬以降としている。
【画像】Cashmere White
■ AQUOS R10

　ピーク時輝度3,000cd/平方mの6.5型Pro IGZO OLEDディスプレイを採用したハイエンドモデル。明暗差の大きさを生かして細部の質感まで描写する表現力を特徴としている。HDR非対応のコンテンツも明るく鮮やかに表示できるという「バーチャルHDR」とDolby Atmosへの対応により、映像作品の視聴に適するとしている。

　SoCにSnapdragon 7 Gen3を採用。メモリは12GB LPDDR5X、ストレージは256GB/512GB。IP65/IP68およびMIL-STD-810G準拠の防塵、防滴、耐衝撃性能のほか、おサイフケータイにも対応。OSはAndroid 15でOSバージョンアップは発売日から最大3回、セキュリティアップデートは5年。

　カメラはライカ監修のシステムを採用。14chスペクトルセンサーの搭載で色再現性や暗所画質の改善を図った。前面/背面ともに約5,030万画素CMOS。背面カメラはメインが焦点距離35mm換算で23mm相当/F1.9、広角が13mm相当/F2.2。前面カメラは23mm相当/F2.2。機能面では被写体に落ちた影をAIが検出して取り除く影除去やハイブリッド手ブレ補正、被写体追尾機能などを備えている。

　通話機能としては、通話中に出たキーワードやハイライトをAIがまとめてメモに残すAIアシスタント機能を装備。残したメモに日時があればカレンダーアプリに登録できるようになっている。

　そのほかの主な仕様は、ディスプレイ解像度が1,080×2,340ドット、リフレッシュレートは可変で1～240Hz、マスク対応顔認証、指紋認証など。

　インターフェイスはUSB 3.2 Gen 1 Type-C(DisplayPort 1.4対応)、Wi-Fi 7、Bluetooth 5.4、microSDカードスロット、Nano SIM/eSIM対応。

　バッテリ容量は5,000mAh。本体サイズは約156×75×8.9mm、重量は約197g。カラーはCashmere White、Charcoal Black、Trench Beigeの3色。

■ AQUOS wish5

　120Hz駆動液晶搭載の6.6型ベーシックモデル。SoCはDimensity 6300でメモリは4GB、ストレージは64GB/128GB。

　本体を強く振ると大音量のアラームを鳴らすほか、設定した端末に位置情報を共有する「防犯アラート」機能を装備する。IPX5/X8/X9準拠およびMIL-STD-810H準拠の防塵、防滴、耐衝撃性能を備え、アルコール除菌シートで拭くこともできる。おサイフケータイや通話時のAIアシスタント機能も装備する。OSはAndroid 15でOSバージョンアップは発売日から最大2回、セキュリティアップデートは4年。

　カメラは背面カメラが約5,010万画素で25mm相当/F1.8。前面カメラは約800万画素で26mm相当/F2。

　そのほかの主な仕様は、ディスプレイ解像度が720×1,612ドット、マスク対応顔認証、指紋認証など。

　インターフェイスはUSB 2.0 Type-C、Wi-Fi 5、Bluetooth 5.3、microSDカードスロット、Nano SIM/eSIM対応。

　バッテリ容量は5,000mAh。本体サイズは約166×76×8.8mm、重量は187g。カラーはMISORA、NADESHIKO、WAKABA、YUKI、SUMIの5色。
PC Watch,関根 慎一",[],[]
ゲーム攻略法を教えてくれるAI「Copilot for Gaming」（PC Watch）,https://news.yahoo.co.jp/articles/db6406185b7ca20b88e40a0ef97deb7ec8b24607,https://newsatcl-pctr.c.yimg.jp/t/amd-img/20250529-00000007-imppcw-000-1-view.jpg?exp=10800,2025-05-29T12:44:07+09:00,2025-05-29T12:44:07+09:00,PC Watch,imppcw,PC Watch,598,"写真：PC Watch
Microsoftは5月28日(米国時間)、ゲームの攻略法や今のXboxの実績などを尋ねることができるAIチャットボット「Copilot for Gaming」の早期プレビューを、iOSおよびAndroid向けの「Xbox Beta」アプリ内の機能として提供開始した。
【画像】UIや初期音声こそ英語だが、質問や回答自体は日本語を通して行なえる
現在は初期バージョンとなっているが、スマートフォンやタブレット上で、テキストチャットもしくは音声を介して、さまざまな質問を問いかけることができる。例としてゲームの攻略方法も含まれており、「Minecraftで剣を作るための材料」や「ボスを倒すコツ」なども教えてくれるという。

　また、Xboxの実績やサブスクリプション状況にもアクセスできるため、特定ゲームにおけるもっともレアな実績はなんなのか、これまで最後に取得した実績はなんなのか、Xbox Game Passサブスクリプションの更新時期はいつか、などについても尋ねられる。さらに、ユーザーの嗜好を教えることでおすすめのゲームを教えてもらうことも可能だ。

　なお、早期プレビューは日本を含む地域で18歳以上のユーザーを対象に提供しているが、現在は英語板として提供しているという。ただ、音声を含む質問や応答そのものは日本語に対応しているようだ。
PC Watch,劉 尭",[],[]
MSI、4K/160HzとフルHD/360Hzを切り替えられる27型ミニLEDゲーミングモニター（PC Watch）,https://news.yahoo.co.jp/articles/4d41c897047ffaadd705b40aa8f2437daac9a26d,https://newsatcl-pctr.c.yimg.jp/t/amd-img/20250529-00000006-imppcw-000-1-view.jpg?exp=10800,2025-05-29T12:35:10+09:00,2025-05-29T12:35:10+09:00,PC Watch,imppcw,PC Watch,634,"写真：PC Watch
MSIは、4K/160HzとフルHD/320Hzの2つの表示モードを切り替えて使える27型ミニLED採用ゲーミングモニター「MAG 274UPDF E16M」を6月12日に発売する。価格は10万9,800円。

　1,152ゾーンのローカルディミングに対応したミニLEDパネルを搭載。DisplayHDR 1000認証も取得し、リアルな映像表現が可能だとする。加えて、4K(3,840×2,160ドット)/160HzとフルHD(1,920×1,080ドット)/320Hzで表示モードを切り替えられるデュアルモード機能にも対応。表示コンテンツに応じて解像度とリフレッシュレートを変更できる。

　そのほかゲーム向け機能として、表示シーンにあわせて明るさやコントラスト、彩度を自動で最適化するAIビジョン、表示サイズを24.5型モニター相当に変更する機能などを搭載。Adaptive-Syncにも対応する。

　主な仕様は、パネルがRAPID IPS(ミニLED)、表示色数が約10億7,300万色、中間色応答速度が0.5ms、輝度が400cd/平方m、コントラスト比が1,000:1、視野角が上下/左右178度。

　インターフェイスは、HDMI 2.1 2基、DisplayPort 1.4a、USB Type-C、ヘッドフォン出力などを備える。

　本体サイズは約614×228×424mm、重量は約7.5kg。
PC Watch,宇都宮 充",[],[]
Claudeに「音声モード」搭載。Googleカレンダーやメールを代わりにチェックしてくれるが……（PC Watch）,https://news.yahoo.co.jp/articles/0d0d69c30a9f951bbbfd9387b3d0da4c54de4512,https://newsatcl-pctr.c.yimg.jp/t/amd-img/20250529-00000005-imppcw-000-1-view.jpg?exp=10800,2025-05-29T12:22:10+09:00,2025-05-29T12:22:10+09:00,PC Watch,imppcw,PC Watch,465,"写真：PC Watch
AnthropicのAIチャットボット「Claude」のiOSおよびAndroid対応モバイルアプリにおいて、音声モードでやり取りができる機能が順次展開開始となった。

　音声モードを利用すれば声で話しかけて、応答を音声で聞けるので、手がふさがっている際でも作業に集中できる。音声は5つのオプションから選択可能で、ほかのテキスト会話と同様にチャット履歴が残される。

　また、有料プラン契約ユーザーはGoogle Workspaceと連携することも可能で、ドキュメント、カレンダー、Gmail、Web検索へのアクセスが可能なため、Google関連サービスを利用している場合は、日々のスケジュールの確認や重要なメールの確認といったことも行なえる。

　ただ現時点では英語でのみ利用可能なため、残念ながら日本のユーザーには縁が薄い。また、無料ユーザーの場合は約20～30件程度しかメッセージを送信できない。有料プランではこの使用制限が大幅に緩和されるため、より長時間の音声会話が可能。
PC Watch,劉 尭",[],[]
Windows 11、ゲーム動作不可などの不具合修正や多数の新機能を含む「KB5058499」（PC Watch）,https://news.yahoo.co.jp/articles/2926b91acc5edb919916fa3c4010176405c1ec8f,https://newsatcl-pctr.c.yimg.jp/t/amd-img/20250529-00000004-imppcw-000-1-view.jpg?exp=10800,2025-05-29T12:14:07+09:00,2025-05-29T12:14:07+09:00,PC Watch,imppcw,PC Watch,1266,"写真：PC Watch
Microsoftは5月28日、Windows 11バージョン24H2向けのプレビュー更新プログラム「KB5058499(OSビルド26100.4202)」を公開した。これまでInsider向けに展開してきたCopilot機能の拡張やClick to Doの強化、Windows検索の改善など、多数の新機能が含まれている。

　段階的なロールアウトとして、新たに提供される「Click to Do(プレビュー)」では、テキストや画像を選択することで、Copilotに直接送信して処理を依頼できる「Ask Copilot」アクションを追加。Copilot+ PCでは、選択したテキストから要約や箇条書き、トーンの調整(カジュアル/フォーマル/洗練)などの処理が可能となった。

　また、インク対応機能として、ペンボタンによるClick to Doの起動設定や、ペンメニューへの登録も可能になった。

　Copilot関連では、Win+Cキーでの起動や、キー長押しによる「音声で話す」機能の導入、Alt+Spaceによる音声入力起動が可能となり、作業中でも中断せずCopilotの応答が得られるとしている。

　そのほか機能は以下の通り。

・クロスデバイス再開:モバイルで開いていたOneDrive内のファイルを、PC上で作業を再開可能
・省電力機能:Microsoft Intuneを使用しグループポリシーやMDMで省電力設定を制御
・HDR表示制御:Dolby VisionとHDRを個別制御可能に。動画再生の柔軟性が向上
・ナレーター強化:Copilot+ PCにおいて画像、図表、グラフに対するAI音声説明を追加
・Windows検索:設定検索の自然言語対応や、クラウド画像の検索強化(欧州のみ)
・プリンター名変更:プリンター名前変更ダイアログが刷新
・マウス設定:コントロールパネルではなく設定からアクセス可能に
・Windows共有:共有ウィンドウで共有された画像に対して切り取りや回転、フィルタ適用などが可能に。ドラッグ時にトレイも表示
・音声入力:伏字フィルタのオン/オフを切り替え可能に

　順次ロールアウトによる問題の修正としては、起動サウンドが再生されない問題、Bluetoothデバイス関連情報読み込み時に設定が応答しなくなる問題、設定におけるカメラ設定で、コンテンツ操作時に設定が機能しなくなる問題、一部デバイスでスリープ解除後に画面サイズやウィンドウの位置に予期しない変更が発生する問題、CopyPixelsを使用すると特定のケースでピクセルが予期せず反転してしまう問題などへの対処が行なわれる。

　また、順次ロールアウトではない改善点としては、リムーバブルドライブにBitLockerが有効になっているとブルースクリーンが発生する問題、初期ブート画面の表示が遅い問題、一部のゲームが応答しない不具合、入力サービスのメモリリークの問題などが修正される。
PC Watch,劉 尭",[],[]
Googleドライブ、Geminiが動画の内容をまとめてくれる機能（PC Watch）,https://news.yahoo.co.jp/articles/6785f2de0e048cf5cf6d650d9f89fe50a86d097b,https://newsatcl-pctr.c.yimg.jp/t/amd-img/20250529-00000003-imppcw-000-1-view.jpg?exp=10800,2025-05-29T11:44:07+09:00,2025-05-29T11:44:07+09:00,PC Watch,imppcw,PC Watch,499,"写真：PC Watch
Googleは28日、Googleドライブ上で利用できるGeminiの機能を拡張し、動画の内容について要約したり質問に答えたりする機能を順次展開開始した。

　Googleドライブ上にアップロードされた動画の内容をGeminiが理解し、動画全体を要約したり、ユーザーの要望や質問に応じて情報を提供したりしてくれる機能。現時点では英語のみに対応し、オーバーレイプレビューまたはスタンドアロンファイルプレビュー画面にて、サイドパネルから利用できる。

　即時リリースドメイン向けにはすでに順次展開中で、計画的リリースドメイン向けには6月16日に実装を開始する予定。利用できるユーザーは以下の通り。

・Google Workspace Business Standard/Plus
・Google Workspace Enterprise Standard/Plus
・Gemini Education/Education Premiumアドオン
・Google One AI Premium
・Gemini Business/Enterprise
PC Watch,宇都宮 充",[],[]
「Kindle Paperwhite キッズモデル」の新モデルが発売（PC Watch）,https://news.yahoo.co.jp/articles/9d037fed6d34001d62c6325bf3d0508794c197d2,https://newsatcl-pctr.c.yimg.jp/t/amd-img/20250529-00000002-imppcw-000-1-view.jpg?exp=10800,2025-05-29T11:17:07+09:00,2025-05-29T11:17:07+09:00,PC Watch,imppcw,PC Watch,314,"写真：PC Watch
Amazonは、子ども向けのAmazon Kids+ 6カ月利用権および2年間の限定保証、キッズカバーをセットにした「Kindle Paperwhite キッズモデル(16GB)」の新モデルを発売した。価格は2万9,980円。

　第12世代Kindle Paperwhiteをベースとしており、前モデルと比較してページめくりが25%高速化。また、IPX8等級の防水機能を備える。ディスプレイは300dpi/16階調グレースケールの7型。

　無線は2.4GHzと5GHzに対応。充電はUSB Type-Cで行なう。本体サイズは178×132.2×13.2mm、重量は329g。
PC Watch,劉 尭",[],[]
ガチくんに! 第372回 ベルギー大会の振り返り&実装間近の「エレナ」をチェック（PC Watch）,https://news.yahoo.co.jp/articles/244e0158bb5bfd4597d9389e9df369337adf44bc,https://newsatcl-pctr.c.yimg.jp/t/amd-img/20250529-00000001-imppcw-000-1-view.jpg?exp=10800,2025-05-29T06:00:08+09:00,2025-05-29T06:00:08+09:00,PC Watch,imppcw,PC Watch,404,"写真：PC Watch
※毎週木曜日にプロ格闘ゲームプレイヤーであるガチくんをパーソナリティに迎え、ストリートファイター6攻略企画「ガチくんに!」をTwitchで配信しています。レギュラー出演者はカワノ、ぷげら、奥村茉実。ここでは当日放送したおおまかな内容を紹介するとともに、YouTubeにアップロードしたアーカイブの動画を掲載しています。

　5月22日の配信では、ガチくん、ぷげらさんとともに、5月17日から18日にかけてベルギーにて行なわれた大会「Brussels Challenge Major Edition 2025」を振り返り。スト6だけでなく、ぷげらさんが参戦した「餓狼伝説 City of the Wolves」のトーナメントもチェックしました。

　後半では、まもなく実装予定の新キャラクター「エレナ」について、動画を見ながらトークしています。
PC Watch,PC Watch編集部",[],[]
