headline,mainEntityOfPage,image,datePublished,dateModified,author,media_en,media_jp,str_count,body,images,external_links
杉田水脈氏が元兵庫県議の死をめぐり誹謗中傷を猛批判どの口で？ SNSで《あなたは加害側》とブーメラン（日刊ゲンダイDIGITAL）,https://news.yahoo.co.jp/articles/1bc659ec59568a95a3141e1b646c03b1c3c51b86,https://newsatcl-pctr.c.yimg.jp/t/amd-img/20250122-00000034-nkgendai-000-1-view.jpg?exp=10800,2025-01-22T16:03:00+09:00,2025-01-22T16:03:00+09:00,日刊ゲンダイDIGITAL,nkgendai,日刊ゲンダイDIGITAL,1410,"どの口が？（Ｃ）日刊ゲンダイ
「精神的に追い込まれていたようだ」

　兵庫県議会調査特別委員会（百条委員会）の委員として斎藤元彦知事（47）のパワハラ疑惑などを追及してきた元県議、竹内英明氏（50）の自死が報じられた際、同僚議員らはこう漏らしていたという。
【写真】杉田水脈氏の衆院選行脚が“デス応援”？
議員辞職前からSNS上などでの誹謗中傷に悩まされてきたという竹内氏。ネット上では早すぎる死を悼む声で溢れているのだが、この「竹内氏に対する誹謗中傷」のニュースを引用する形で自身のX（旧ツイッター）に持論を投稿した自民党前衆院議員、杉田水脈氏（57）が話題となっている。

《お亡くなりになられた竹内元県議に衷心より悔やみ申し上げます。私も昔はSNSによる誹謗中傷に傷付いたり、落ち込んだりしていましたし、家族に向けられたものに対しては今でも強い憤りを感じます。が、現在、一番恐ろしいと感じるのは、短期間でコロコロ変わるSNSを中心とした世論です》

《言葉足らずで、申し訳ありません。もちろん、オールドメディアの事実に基づかない偏向報道や切り取り報道、報道しない自由等が一番酷いということは大前提の上で、書いています》

《テレビのコメンテーターさんが、「集団リンチは許せない」と、コメントしていましたが、集団リンチは、テレビをはじめとするオールドメディアの「お家芸」でしょう》

■「筋金入りの差別主義者」として知られた人物

　この投稿に対して、《本当にそう》といった賛同の声がある一方で、目立つのが《あなたの場合は被害者じゃなくて加害側ではないか》《おまいう》といった否定的な意見だ。

　杉田氏と言えば「筋金入りの差別主義者」として知られた人物だ。

　2016年にスイスで開かれた国連女性差別撤廃委員会の参加者について、ブログやXに「チマ・チョゴリやアイヌの民族衣装のコスプレおばさんまで登場。完全に品格に問題があります」などと投稿。札幌法務局が人権侵犯の事実があったと認定した。

　18年には月刊誌で同性カップルらを念頭に「生産性がない」と表現。この表現が22年の参院予算委員会で取り上げられ、杉田氏は謝罪と撤回に追い込まれ、総務政務官を辞任。性暴力被害を巡っても「女性はいくらでも嘘をつけますから」と党の部会で発言したほか、ジャーナリストの伊藤詩織さんを中傷する投稿に「いいね」を押したことに関し、賠償を命じる判決も受けている。

　憶測と偏見に満ちた杉田氏による他者の尊厳を傷つける言動は、枚挙にいとまがないだろう。杉田氏は《誹謗中傷に傷付いたり、落ち込んだりしていました》と書いているが、自身の人権侵犯によって侮辱されたり、傷ついたりした人についてはどう考えているのか。

　自民党の派閥を巡る裏金事件で収支報告書への不記載額が1564万円に上り、党役職停止6カ月の処分を受けて衆院選（比例代表）の出馬を辞退した杉田氏。今夏の参院選に全国比例で立候補する意向を表明したが、世論の風当たりはいまだに強い。

　　◇　　◇　　◇

　参院からの鞍替え出馬を狙う杉田氏。●関連記事【もっと読む】で《杉田水脈がハシゴ外され参院転出に“赤信号”…裏金非公認の免罪符「政倫審」弁明は現職のみ》【さらに読む】で《杉田水脈氏の衆院選行脚が“デス応援”に？ 選挙区で10人中6人が敗北のトホホ》を取り上げている。",[],[]
フジHD「資産価値1兆円強」の不動産群を物言う株主が狙う！下げ材料ばかりなのに株価連日高騰の“カラクリ”（日刊ゲンダイDIGITAL）,https://news.yahoo.co.jp/articles/b8aaedd7d66791ed191e29be817fc5559abb53b2,https://newsatcl-pctr.c.yimg.jp/t/amd-img/20250122-00000033-nkgendai-000-1-view.jpg?exp=10800,2025-01-22T16:03:00+09:00,2025-01-22T16:03:00+09:00,日刊ゲンダイDIGITAL,nkgendai,日刊ゲンダイDIGITAL,1623,"無能をさらけ出すこととなったフジテレビの港浩一社長の会見（Ｃ）共同通信社
17日の自滅会見から株価は連日の高騰だ。21日、フジテレビを傘下に持つフジ・メディア・ホールディングス（HD）の株価は続伸。前日比37円50銭高の1823円で引けた。先週末の終値から2日間で7.8％アップ。中居正広の女性トラブルにフジ社員の関与が報じられて以来の下落続きから一転、先月24日の直近高値1863円に近づいている。
テレビ局による大物タレントへの“肉弾接待”はこうして常態化していく…フジ以外でもあるのか、ないのか？
この「まさか」の株価急回復にクビをかしげる向きも多いだろう。港社長らのオソマツ対応により、スポンサー企業75社がCM出稿を差し止める事態に。21日の取引中には、放送事業を所管する村上総務相が「独立性が確保された形」の「できる限り早期の調査を」と異例の注文をつけ、大株主である文化放送の斎藤社長はフジHDの社外取締役の立場から「臨時取締役会の開催」を求めた。

　下げ材料しかない中、ある意味、逆行高だ。フジ存亡の機を尻目に、21日の売買高は東証プライム上場企業の上位6番目という過熱ぶりに「7％超を保有し、経営陣に怒りの書簡を突きつけた米投資ファンドのダルトン・インベストメンツなど『物言う株主』たちが買い増しているのではないか」（市場関係者）との声も上がる。

　物言う株主の目当ては、フジHDが抱える広大な不動産群のようだ。

　傘下のサンケイビルはそれぞれ超一等地に立つ、東京・大手町の「東京サンケイビル」（地上31階、地下4階）や、大阪・梅田の「ブリーゼタワー」（地上34階、地下3階）をはじめ、24棟のオフィスビルを所有。関東・関西両エリアで計193棟（1万5127戸）に及ぶ高級マンションの分譲・賃貸事業も手がける。
利益の7割近くを稼ぐ
東京サンケイビル＝大手町（Ｃ）日刊ゲンダイ
また、2015年に「グランビスタ ホテル＆リゾート」（旧三井観光開発）を傘下に収めると新ブランド「ホテルインターゲート」を立ち上げ、東京・京橋、大阪・梅田、京都、金沢、広島に次々と進出。千葉の「鴨川シーワールド」と兵庫の「神戸須磨シーワールド」などレジャー施設も運営している。

　フジHDの今期（25年3月期）中間決算は売上高こそ放送事業が2053億円と全体の74.5％を占めるが、コストを差し引いた営業利益は不動産事業が逆転。全体の65.6％を稼ぎ出している。もはや「電波も扱う不動産屋」で、所有する土地・建物など固定資産の価値は約1兆439億円（昨年度末時点）にも上るのだ。

■意に従う取締役を送り込むチャンス

「1兆円を突破する不動産を持ちながら、フジHDのPBR（株価純資産倍率）は現在0.4％台の割安水準で及第点の1％を大きく割り込んでいます。物言う株主にすれば、経営陣に『豊富な資産を生かし切れておらず、株主の利益を損ねている』と迫る材料となり得る。中居トラブルで深刻な企業統治不全を露呈した今、6月の株主総会で経営陣の総入れ替えを突きつけ、意に従う取締役を送り込むチャンス。2年前の総会では複数の取締役選任に際し、賛同が6割を切るなど株主構成も盤石とはいえない。議決権比率20％未満という放送法の外資規制に守られているとはいえ、株主提案権はクリアできる。物言う株主の要求に一定数が同調しかねないのです」（市場関係者）

　無能な経営陣のせいで、フジHDが乗っ取られるリスクは強まるばかりだ。

　　◇　　◇　　◇

　スポンサーありきの民放放送「フジテレビ」は存亡の機を迎えているが、「諸悪の根源」として取締役相談役の日枝久氏の責任問題が社内外から叫ばれている。●関連記事『【もっと読む】フジ女子アナ“上納接待”疑惑「諸悪の根源」は天皇こと日枝久氏か…ホリエモンは「出てこい！」と訴え、OBも「膿を全部出すべき」』で詳報する。",[],[]
元兵庫県議の死をめぐり虚偽情報拡散…立花孝志氏は名誉毀損で立件なるか？若狭勝弁護士が見解（日刊ゲンダイDIGITAL）,https://news.yahoo.co.jp/articles/705645619fcd2c724669415f2f7500c237ca7e4d,https://newsatcl-pctr.c.yimg.jp/t/amd-img/20250122-00000032-nkgendai-000-1-view.jpg?exp=10800,2025-01-22T16:03:00+09:00,2025-01-22T16:03:00+09:00,日刊ゲンダイDIGITAL,nkgendai,日刊ゲンダイDIGITAL,1189,"初めから「虚偽」と分かっていながら発信したのか（Ｃ）日刊ゲンダイ
兵庫県の斎藤知事を告発した文書を調査する県の百条委員会のメンバーだった竹内英明元県議の死をめぐり、再び動揺が広がっている。
【写真】元県議死去で激震！いよいよ狭まる兵庫県警の斎藤元彦知事“包囲網”…震災式典終え捜査解禁
自殺したとみられる竹内元県議について、N国党党首の立花孝志氏はSNS上で「（竹内元県議は）県警から事情聴取を受けていた。逮捕されるのが怖くて自ら命を絶った」などと発信していた。

　しかし、20日の兵庫県議会警察常任委員会で、兵庫県警本部の村井紀之本部長は「全くの事実無根であり、明白な虚偽がSNSで拡散されているのは、極めて遺憾だと受け止めている」と、異例のコメントを発表。立花氏が発信した内容を、キッパリと否定した。

　また、同会では今回の事態を重く見た委員から「名誉毀損で取り調べて欲しい」との質問が飛んだ。これに県警本部は「法と証拠に基づいて適切に対処してまいりたい」と回答するにとどめた。

　一方で、X上では立花氏への批判の声が高まったのか、21日夜に「
#立花孝志を逮捕しろ
」がトレンド入りした。果たして、立花氏が名誉毀損で立件される可能性はあるのか。元東京地検特捜部副部長の若狭勝弁護士はこう話す。

■真実相当性がカギ

「今回の件は名誉毀損に該当すると思います。ただ、立花氏が発信した内容について、真実であると信ずるに足る正当な理由や根拠があるのか。つまり、“真実相当性”の有無が争点になります。もちろん、初めから虚偽であることが分かっていながら発信していたとすれば、有罪になる。一方で、立花氏が『自分はこういう根拠があったので、真実だと思った』と、納得できる理由を説明できれば、罪には問われません」

　立花氏は20日までに、自身のユーチューブチャンネルに動画を投稿。一連の投稿について「間違いでございました」と訂正、謝罪した。そのうえで「社会部的なニュースに詳しい人から情報が入り、県議会議員に詳しい人にも確認した」「真実相当性は自信があります」とも話していた。

　ただし、誰から「（竹内元県議が）県警に事情聴取を受けていた」と聞いたのか、具体的には説明していない。

「今後、立花氏がこの件で告発されるかもしれません。そうすると任意の取り調べを受けることになる。あとは立花氏がそこで話す内容次第で、状況は変わってきます」（若狭勝氏）

　追及の手をかわせるか。

　　◇　　◇　　◇

　通常の警察対応なら「法と証拠に基づき適切に処理する」と繰り返すのが一般的だが、兵庫県警の踏み込んだ発言が際立つ裏には――。●関連記事『【もっと読む】死亡した元兵庫県議めぐる立花孝志氏の発言を県警本部長が完全否定＆異例の言及…いよいよ“ガチ捜査”に突入か』にて詳報している。",[],[]
フジテレビ時代に11年不倫の神奈川県知事が古巣の会見対応に苦言も…賛同が広がらない当たり前（日刊ゲンダイDIGITAL）,https://news.yahoo.co.jp/articles/62fe312d213d68dbba084d23419082c015c08d94,https://newsatcl-pctr.c.yimg.jp/t/amd-img/20250122-00000031-nkgendai-000-1-view.jpg?exp=10800,2025-01-22T16:03:00+09:00,2025-01-22T16:03:00+09:00,日刊ゲンダイDIGITAL,nkgendai,日刊ゲンダイDIGITAL,1405,"ウワサでも聞いたことがない？（Ｃ）共同通信社
タレントの中居正広（52）の女性トラブルを巡り、幹部社員の関与が報じられたフジテレビ。港浩一社長（72）が釈明会見を開いて疑惑の“火消し”に動いたものの、かえって火に油を注ぐ展開となり、スポンサー企業のCM放送差し止めが加速。同局を傘下に持つフジ・メディア・ホールディングス（HD）は23日に臨時取締役会を開き、あらためてトラブルを調査する独立性を担保した形の第三者委員会を設置する方針だ。

　こうした状況に対し、フジOBらが苦言を呈する声を上げ始めた。とりわけ注目されたのが早大卒業後の1980年にフジに入社した黒岩祐治・神奈川県知事（70）の発言だ。

　黒岩氏は21日の会見で港社長の会見に触れ、「社長の会見で中継をしない。カメラを入れないという意思決定をされたということが信じられない」などと古巣の対応を批判。在職中に女性社員が絡む接待などを見聞きしたことはあるかと問われると、「報道分野が長かったので芸能界の方とのつきあいは全くなかった」「うわさでも聞いたことがない」と振り返りつつも、「女性アナウンサーが自ら関係者との会食に来たいと言って来たことがあるが接待などはなかった」と発言したことから、ネット上ではこんな声が飛び交った。

《ん？女子アナが自ら会食に来たいと。接待じゃなく？どんな立場で？興味本位？取材？合コン？》

《フジの疑惑とは、上司の命令で会食に強制出席させられる→出席者と意図的に2人きりさせられる→トラブルがあっても「恋愛関係」などと言い逃れされる、ではなかったか》

■不倫関係の女性に「生放送前のナマだよ～！！」とメール

　さらに黒岩氏自身の「女性トラブル問題」をあらためて指摘する声も。

　黒岩氏といえば2023年4月、「新報道2001」のキャスターを務めていたフジ社員時代の2000年から11年に知事選に初出馬するまでの間、女性と不倫関係にあったと「週刊文春」にスッパ抜かれた。記事では、黒岩氏が送ったメールとされる画像もあり、「生放送前のナマだよ～！！」「A子の料理ってどんなかな？アワビにバナナをさしたやつとか…」など、およそ報道マンとは思えない不適切な用語が多用されていた。

　このため、《これがフジでは当たり前の文化だったのでは？》《黒岩さんの軽い不倫ノリを振り返る限り、現役時代に女性接待について、うわさでも聞いたことがないって本当か？》といった意見がみられ、賛同が広がらないようだ。

　もっとも、フジ社員を巡る不倫は黒岩氏だけでなく、「週刊朝日」（23年5月休刊）にイベントコンパニオンとの不倫が報じられ、「俺は上げチン」といった変態的なメールを送っていたイケメンアナや、不倫関係の女性に執拗に「つきまといメール」を送っていたと「FRIDAY」（講談社）に報じられたOBアナがいる。

　フジを舞台に繰り返される男女間のトラブル。問題が表面化するのも時間の問題だったのではないか。

　　◇　　◇　　◇

　終わりの見えない中居正広の女性トラブル問題。●関連記事【もっと読む】で《一部ファンが現実逃避？ 中居正広“別人疑惑”再燃…「本人すでに死亡」と考える人々が現れる》【さらに読む】で《いまだ雲隠れ中居正広を待つ違約金地獄…スポンサーとTV局からの請求「10億円以上は確実」の衝撃》を取り上げている。",[],[]
高額療養費の制度改悪「自己負担上限引き上げ」に待った！ がん患者から相次ぐ悲痛な叫び（日刊ゲンダイDIGITAL）,https://news.yahoo.co.jp/articles/6540f6b5384abb2bebaac09ad0b40b956b1ebe57,https://newsatcl-pctr.c.yimg.jp/t/amd-img/20250122-00000030-nkgendai-000-1-view.jpg?exp=10800,2025-01-22T11:22:00+09:00,2025-01-22T11:22:00+09:00,日刊ゲンダイDIGITAL,nkgendai,日刊ゲンダイDIGITAL,1431,"立憲民主党のヒアリングに出席、アンケート結果を手交（全国がん患者団体連合会の天野慎介理事長＝中央）／（Ｃ）日刊ゲンダイ
「治療の断念、生活が成り立たなくなる可能性が危惧される」──。政府が今年8月から負担上限を引き上げる「高額療養費制度」の見直しをめぐり、21日、国会内で開かれた立憲民主党のヒアリングに全国がん患者団体連合会（全がん連）の天野慎介理事長が出席。政府に制度見直しの再考を訴えた。
【写真】小倉智昭さんは77歳で他界…膀胱がんは再発リスクが高い
高額療養費制度は、医療機関や薬局での窓口負担が一定額を超えた場合に払い戻しを受けられる仕組み。政府は年収区分に応じて負担上限額を2.7～15％段階的に引き上げる。最終的に2027年8月には、例えば年収約700万円なら、上限額が現行の8万100円から13万8600円へと跳ね上がる。実に5万8500円もの負担増だ。

　厚労省は上限引き上げについて「保険加入者1人あたり年1100～5000円の保険料が軽減される」と意義を説明するが、かなり眉唾モノだ。

　そもそも、高額療養費制度の見直しは「子育て支援金制度」の創設にかかる財源捻出のため。支援金制度によって増えた保険料負担が高額療養費制度の見直しによって相殺されるだけで「軽減効果」はない。むしろ、がんや白血病など重篤な疾患を抱える患者たちが負担増を強いられる改悪に他ならない。

　こうした問題こそが、21日のヒアリングのテーマだった。天野理事長は全がん連が今月17～19日に実施した「上限額引き上げ反対に関する緊急オンライン調査」を紹介。3日間でがん患者や家族、医師など3623人もの声が寄せられたという。厚労省の担当者に手渡した報告書は厚さ3センチを超えた。

　誰もが大病する可能性があり、ゆえに高額療養費制度は全世代にとって重要なセーフティーネットだ。アンケートには、高齢者だけでなく若年の現役世代のがん患者が抱える悲痛な思いが並ぶ。
手取り半分が飛んで生活カツカツ
上限引き上げは眉唾モノの切り捨て政策（福岡資麿厚労相）／（Ｃ）共同通信社
〈小さな子どもがおり、この子を残して死ねません。高額療養費制度を使っていますが、支払いは苦しいです。（上限額が）引き上げされることを知り泣きました〉（20代女性）

〈小学生、未就学児の子どもがいます。がんの手術、抗がん剤で休職しましたが、今の高額療養費制度の負担上限でもかなりキツかったです。子どものためのお金を優先させ、治療を断念する可能性もあります〉（30代男性）

〈月の手取りの約半分が毎月（治療費に）飛び、生活はすでにカツカツです。その上更なる引き上げ。正直政府に「治療をやめて死ね」と言われているのかと思いました〉（20代女性）

　こうした声を受け、天野理事長はヒアリングで「現役世代で中間層の方は、ギリギリのところで踏ん張っている。（上限額引き上げは）そこに最後の一撃を加えることになりかねない」と強調した。

「家族に申し訳ない」と思いながら治療を続ける患者もいる。社会的弱者を追い込む「制度改悪」を許してはダメだ。

　　◇　　◇　　◇

　高額療養費制度の見直しは弱者切り捨て以外の何物でもない。●関連記事『【もっと読む】高額医療費見直し「現役世代の負担軽減」は政府の詭弁…恩恵どころか、弱者に負担を付け回し』では、全国保険医団体連合会事務局次長に話を聞くなど詳報している。",[],[]
東国原英夫に《#テレビに出すな》の声殺到！元兵庫県議死去で立花孝志氏のデマ拡散（日刊ゲンダイDIGITAL）,https://news.yahoo.co.jp/articles/9a955731b4bef2d0a51f42c075132b0b47cd8383,https://newsatcl-pctr.c.yimg.jp/t/amd-img/20250122-00000029-nkgendai-000-1-view.jpg?exp=10800,2025-01-22T11:22:00+09:00,2025-01-22T11:22:00+09:00,日刊ゲンダイDIGITAL,nkgendai,日刊ゲンダイDIGITAL,1726,"元宮崎県知事でタレントの東国原英夫（Ｃ）日刊ゲンダイ
元宮崎県知事でタレントの東国原英夫（67）によるデマ拡散に批判が殺到している。

　発端は、兵庫県の斎藤元彦知事のパワハラ疑惑などを告発した文書問題を究明する県議会の調査特別委員会委員だった竹内英明元県議が18日に死去したことについて、東国原が19日に自身のXで「死に至る直接の理由はご本人しか分からないが、竹内議員は百条委員会で数々の疑惑が指摘されていた事も事実。警察から事情聴取もされていたと聞く」と投稿したことだ。
【写真】兵庫県知事選で公選法違反疑惑…雲隠れのPR会社女性社長は今何を？斎藤元彦氏まさかの再選から2カ月
東国原が投稿の情報源としていたのが、政治団体「NHKから国民を守る党」党首の立花孝志氏（57）の発信だ。立花氏は「竹内元県議は、昨年9月ごろから兵庫県警からの継続的な任意の取り調べを受けていました」とXや自身のYouTubeチャンネルだけでなく、19日に行われた川越市議会議員選挙の街頭演説でも同様の主張を繰り返していた。

　その後、兵庫県警の捜査関係者が竹内氏への事情聴取を完全否定したと報じられ、東国原は当該の投稿を削除するも、19日深夜には「立花孝志氏の投稿　兵庫県警が否定→どっちが本当なの？」と投稿。

　20日には兵庫県警のトップ村井紀之本部長が「全くの事実無根、明白な虚偽が拡散。極めて遺憾」と異例のコメントを出し、これに対して東国原は「成る程、了解です。こういう風に県警トップが迅速に対応されますと真偽が明確になりますね」と反応するも、竹内元県議の名誉を傷つけるデマ拡散に加担してしまった東国原に対し、批判が殺到し炎上状態に陥った。

　その後、東国原は「自分も真偽不明の一部の情報を十分なファクトチェックもせず拙速に発信してしまった事を深く反省し謝罪をさせて頂きます」と謝罪をXに投稿した。しかし、現在TBS系「ゴゴスマ」のコメンテーターを務める東国原に対し、《こんなデマに踊らされるような人をテレビのコメンテーターにしといていいのか？》という声とともに、「
#東国原英夫をテレビに出すな
」というハッシュタグをつけた投稿が散見されるなど、東国原をコメンテーターとして起用するテレビ局への視聴者の不信感も募り始めているようだ。

■前置きをすればデマを拡散していい…わけがない

「全体的に主張に一貫性がなく、その時の声の大きな方に加担する印象があり、東国原さんのコメンテーターとしての危うさに対する指摘は、これまでも視聴者から上がっていました。ですが今回、真偽不明なことを実況感覚でXに投稿してしまうリテラシーの低さや、立花氏のデマを信用してしまう危うさが改めて露見し、コメンテーターとしての資質がないと視聴者に印象づけてしまったように思います」（情報番組制作関係者）

　昨年11月22日、YouTubeチャンネル「東国原英夫の『時事砲談TV』」にアップされた動画でも、斎藤元彦知事に対する一連の疑惑報道に関して、自身のテレビなどでの発言を「オールドメディアの偏向報道とかあるいは印象操作に加担してしまったのは本当に反省すべき点だと思います」と謝罪しており、世間と自身のズレに対する軌道修正は心がけているようだが……。

「自身のYouTubeでは、発言時には必ず『この報道が事実であれば』『まだ疑惑の段階ですが』と前置きして話すようにしていると話していましたが、どんな前提があったとしても今回のようにデマを積極的に拡散するのは論外。東国原氏をコメンテーターとして起用するテレビ局側も、番組などで今回の件をしっかり検証しなければ、視聴者の不信感は拭えないと思います」（同）

　該当投稿を削除し、謝罪しても誤った情報を拡散した事実は消えない。東国原をコメンテーターとして起用してきたテレビ局も対応が迫られている。

　　◇　　◇　　◇

　ファクトチェックをせずSNSに投稿する東国原のデマ拡散は今回に限ったことではない。■関連記事【あわせて読む】東国原英夫氏がトランプ暗殺未遂事件を「やらせ」と投稿し大炎上！謝罪撤回も批判やまず…も要チェック。",[],[]
イチロー氏MLB殿堂入りも満票逃す…前日まで得票率「100%維持」も1票に泣く（日刊ゲンダイDIGITAL）,https://news.yahoo.co.jp/articles/dd5bd27d0b7dc88cf4dc26a7a369cec7f64de295,https://newsatcl-pctr.c.yimg.jp/t/amd-img/20250122-00000028-nkgendai-000-1-view.jpg?exp=10800,2025-01-22T11:10:00+09:00,2025-01-22T11:10:00+09:00,日刊ゲンダイDIGITAL,nkgendai,日刊ゲンダイDIGITAL,887,"イチロー（Ｃ）ゲッティ＝共同
米国野球殿堂は日本時間22日、今年の殿堂入りメンバーを発表し、マリナーズなど計3球団でプレーし、通算3089安打をマークしたイチロー（51）がアジア人として初めて選出された。
❤ＳＥＸＹすぎるっ！！！❤ 元日本ハム選手の美人妻が「胸元パックリ」の「超ＳＥＸＹ」ドレスで表舞台に登場！
全米野球記者協会（BBWAA）会員による投票では99.7％の得票率に終わり、2019年のマリアノ・リベラ（ヤンキース）に次いで史上2人目の満票での受賞とはならなかった。

　米野球殿堂入りにはメジャーで10年以上プレーし、引退から5年が経過した元選手らが対象。BBWAAに10年以上在籍する記者の投票で、75％以上の得票で受賞が決まる。

　記者投票の状況を伝える米サイト「ホール・オブ・フェイム・ボート・トラッカー」で、イチローは前日まで100％の得票率を維持していたが、1人だけが投票しなかった。
日米での栄誉を手に
マリナーズ球団殿堂入りのときのイチロー＝2022年（Ｃ）ゲッティ＝共同
イチローは00年オフにポスティングシステムを利用して日本人の野手では初めてメジャーに移籍した。渡米1年目の01年には首位打者と盗塁王のタイトルを獲得し、マリナーズの地区優勝に貢献。ア・リーグMVPと新人王を同時受賞した。04年には262安打を放ってジョージ・シスラーの持つシーズン最多安打記録を更新して自身2度目の首位打者を獲得した。

　デビューから10年連続で200安打以上を記録し、主に右翼手としてゴールドグラブ賞に10年連続で選出された。

　19年に45歳で引退し、メジャー通算2653試合で打率.311、117本塁打、780打点、509盗塁。

　今月16日には日本の野球殿堂にも選ばれており、日米での栄誉を手にした。

 　　◇　　◇　　◇

    ところで、イチローと大谷翔平はどちらも天才として知られるが、2人には「決定的な差異」がある。いったいどういうことか。何が、どう違うのか。●関連記事【もっと読む】…では、それらについて詳しく報じている。",[],[]
長寿番組「くいしん坊！万才」も放送中止…「フジテレビに関わると損をする」業界総スカンでお台場“沈没”（日刊ゲンダイDIGITAL）,https://news.yahoo.co.jp/articles/7d01a6ff697b9130a5855c741936e14ac1938d35,https://newsatcl-pctr.c.yimg.jp/t/amd-img/20250122-00000027-nkgendai-000-1-view.jpg?exp=10800,2025-01-22T11:03:00+09:00,2025-01-22T11:03:00+09:00,日刊ゲンダイDIGITAL,nkgendai,日刊ゲンダイDIGITAL,1591,"フジテレビ（Ｃ）日刊ゲンダイ
フジテレビは完全壊滅に向かって歩み始めた。企業のCM出稿差し止めドミノは50社を超えただけでなく、キッコーマンがフジテレビに対し、1社提供の長寿番組「くいしん坊！万才」の放送を26日分から見合わせるよう要請したこともわかった。また村上誠一郎総務相が中居正広の女性トラブルにフジテレビ社員の関与が報じられていることについて問われ「できる限り早期の調査をし適切な対応を」と要求するなど放送局としての真摯な対応が求められている。
【写真】フジテレビ日枝久相談役に「超老害」批判…局内部の者が見てきた数々のエピソード
しかしながら、先の記者会見で港社長らフジテレビのトップはメディア取材を制限し、動画撮影すら禁じた。とても報道機関らしからぬ対応に批判の声が上がるなか「次はタレント、芸能プロがNGを出す」とみられているという。元フジテレビの芸能評論家、中野義則氏が言う。

「フジテレビに関わるとマイナスイメージがついて損をする。そう業界からも判断されて仕方ない状況にはあると思います。まず打撃を受けるのは現場で仕事をしているスタッフたちでしょう。あんな会見をすれば、批判されることも分かっていないようなトップのせいで、取材対象者から取材を拒否されたり、ドラマなどでロケ場所を使わせてもらえなくなるなどのダメージは計り知れません」

■社員やスタッフからは「もう局には行きたくない」という声も

　このままスポンサーからの広告収入が激減すれば制作費カットにつながり、「関連会社は戦々恐々ではないか」と中野氏は続けた。そうしてさらに空疎なコンテンツばかりとなれば、フジテレビは視聴者からも見捨てられていく。もはやテレビメディアとして完全にアウトだろう。リポーターの小柳美江さんはこう言う。

「たとえば事件の取材では『カメラなしでならしゃべる』と言われることがしばしばあります。そういうときに『私たちはテレビだから映像がないと説得力がないんです』と言って、撮影を受け入れてもらう交渉を数えきれないくらいしてきました。『フジテレビだったらインタビューに応じる』と言ってもらうこともありましたが、今は正反対に『フジテレビだったら話さない』と言われかねない状況だと思います。一生懸命やっているスタッフたちが気の毒になります」

　社員やスタッフからは「もう局には行きたくない」という声も上がっているそうだ。幹部社員による女子アナの「上納」疑惑によって、アナウンサーたちのイメージも失墜し、退社ラッシュが起こる可能性もあるのではないか。かつて花形職業とされたアナウンサーが営業手段として、いかがわしい接待要員とされていたりすれば、就職志望者の人数にも影響を与えてしまうだろう。前出の中野氏が言う。

「出直すには完全に膿を出し切り、会社の風土から改めていく必要があるでしょうね。日枝氏をはじめ経営陣は総退陣すべきですし、港社長は会見をきちんとした形でやり直すか、日弁連の想定する第三者委員会を発足させて調査結果をつまびらかにしていく。本当にゼロからの出直しをしない限り、フジテレビは本当に終わりでしょうね」

　フジ・メディア・ホールディングス（HD）は23日に臨時取締役会を開き、まずは日弁連の想定する第三者委員会設置を求めるとみられているが、その通りに進行するのかは不明だ。「現経営陣が居座り続ける限り、状況は同じ」という声が局内からも上がっているというのだから、末期的だ。

　　◇　　◇　　◇

　フジテレビには「天皇」と呼ばれている人物がいるらしい。関連記事【もっと読む】フジ女子アナ“上納接待”疑惑「諸悪の根源」は天皇こと日枝久氏か…ホリエモンは「出てこい！」と訴え、OBも「膿を全部出すべき」…では、同社相談役取締役の日枝久氏の強権ぶりについて伝えている。",[],[]
“上納接待”疑惑でフジテレビ大激震…女子アナたちの怒りと困惑「#MeToo運動」に発展か？（日刊ゲンダイDIGITAL）,https://news.yahoo.co.jp/articles/af8b31571b0a47994be2f4602551e0ec90a434cb,https://newsatcl-pctr.c.yimg.jp/t/amd-img/20250122-00000026-nkgendai-000-1-view.jpg?exp=10800,2025-01-22T11:03:00+09:00,2025-01-22T11:03:00+09:00,日刊ゲンダイDIGITAL,nkgendai,日刊ゲンダイDIGITAL,1464,"フジテレビアナウンサーによる朗読劇「ラブシーン」の制作発表（2002年）／（Ｃ）日刊ゲンダイ
元SMAPの中居正広（52）のフジテレビ勤務の女性との「9000万円トラブル」で、同社の幹部社員の関与があったと報じられたことで、50社以上のCMスポンサーの撤退が見込まれ、社の存続を揺るがす事態となっているフジテレビ。同局で流れるCMが、日に日に「ACジャパン」に切り替わる中、人気タレントへ女子アナを“上納”している疑惑が取り沙汰された渦中の同局の女子アナたちが、会社への怒りと悲鳴の声を上げている。
【写真】フジテレビ日枝久相談役に「超老害」批判…局内部の者が見てきた数々のエピソード
19日放送の「Mr.サンデー」では、同局の藤本万梨乃アナ（29）が「私は中居さんとお会いしたこともなくて、今回のようなことについても詳しくは知らないまま、こういった状態となりました。今、根拠のない臆測にさらされて、否定する場もなく、苦しい思いをしている仲間もいます」とコメント。「これから調査をするということですが、きちんと第三者の目線で、独立性と客観性と中立性がきちんと担保される体制づくりが大事だと、私も思っています」として、会社側に説明を求めた。

「フジのアナウンサーたちは、『女子アナブーム』に踊らされ、他の局に比べ、最も“タレント化”を余儀なくされてきた。もちろん本人たちもそれを自覚し、人気を獲得することで、フリーに転身した人も多い。局側もそれを承知の上で利用してきたのですが、それと権力のある上司やプロデューサーが、彼女たちが断れない状況にあることを承知の上で、彼女たちを大物タレントへの“性上納”“性接待”に駆り出すこととは話は根本的に違う」（スポーツ芸能担当記者）というとおり、たとえ実質的な人気商売であっても、あたりまえのように性上納の道具として扱われたら、本人たちはたまったものではないだろう。

■“タレント化”のダークサイド

　フジテレビのアナウンス室は現在、重苦しい雰囲気に包まれているというが、「我々も女子アナのタレント化に加担してきたことは否定できないが」と前置きした上で、女子アナ評論家の松本京也氏はこう話す。

「今回の騒動で、フジテレビ関係者や、すべての女性アナウンサーが2次的被害を受けています。テレビ局がアイコンの一つとして“女子アナ”を利用してきた経緯があり、芸能人のような扱われ方をしてきたのは事実です。もちろん、それに見合った逸材も数多く現れましたが、特に民放キー局の女子アナなどは、本人は望んでいなくとも、生存競争を強いられたことでしょう。しかし、その究極のダークサイドとも言うべき事件が露見したことで、今後のテレビ界には厳しい視線が向けられることは確実です。人材の流出や視聴率の著しい低下さえ危惧されます。一部報道のような悪しき体質が存在するのであれば、膿を出し切るのが最善。被害経験のある女子アナが声を上げられるかどうかがカギになりそうです」

　アナウンサーは週刊誌などの直撃取材を避けるためにタクシー通勤になったという。今後、女子アナ版の「
#MeToo運動
」が起こる可能性が出てきた。

　　◇　　◇　　◇

　フジテレビには「天皇」と呼ばれている人物がいるらしい。関連記事【もっと読む】フジ女子アナ“上納接待”疑惑「諸悪の根源」は天皇こと日枝久氏か…ホリエモンは「出てこい！」と訴え、OBも「膿を全部出すべき」…では、同社相談役取締役の日枝久氏の強権ぶりについて伝えている。",[],[]
大動脈弁狭窄症は聴診器をあてるとすごい雑音がする【心臓外科医が教える患者のための基礎知識】#6（日刊ゲンダイDIGITAL）,https://news.yahoo.co.jp/articles/baf736fe1fdd845272a59f2f74efe3f2668198ac,https://newsatcl-pctr.c.yimg.jp/t/amd-img/20250122-00000025-nkgendai-000-1-view.jpg?exp=10800,2025-01-22T09:06:00+09:00,2025-01-22T09:06:00+09:00,日刊ゲンダイDIGITAL,nkgendai,日刊ゲンダイDIGITAL,1207,"聴診器をあたればすぐわかる
【心臓外科医が教える患者のための基礎知識】
#6
心臓の弁は薄く透明でひらひらしています。これが1日に10万回、開いたり閉じたりするのです。生きた細胞が表面にぱらぱらと配置され、それらがメンテナンスしているようです。
元の心臓より小さくなったので…スギちゃん先天性の心疾患「心房中隔欠損症」を振り返る
心臓の出口にある大動脈弁と呼ばれる弁では、石のように硬い塊がこびりついてこのひらひらの部分がカチカチになってくることがあります。原因は不明です。開きにくくなって、血液が左心室から全身に押し出されるのを邪魔するようになります。

　この開きにくい状態は「狭くなっている状態」でもあるので「狭窄症」と呼んでいます。とにかく原因は不明なのです。

　こういうと「原因は動脈硬化に決まってるじゃない」と食ってかかるアホな医者がいるかもしれません。でもそれは「センセイ、熱があるんです。今朝測ったら体温が39度もあるんです。原因は何ですか」と、訴える患者に「それは発熱です」と言っているのと同じです。

　動脈硬化も現状を表現しているだけの病名です。病気の話ではよくこういった不毛な病名で楽しむヒマな医者がいます。皆さんも付き合わない方がいいと思います。

　なぜ大動脈弁に石灰化が起こるのか？　起こる人と起こらない人の違いは何か？　誰にもわかりません。大動脈弁以外の全身の動脈に石灰化が起こっている人もいれば、なぜか大動脈にだけ、ピンポイントに石灰化が起こっている人もいます。

　出口が狭くなると、心臓は困ってしまいます。心臓はマヨネーズを絞り出すように、一生懸命がんばらなければならなくなります。ある日突然、キレてしまって心室細動（心室が不規則にけいれんする状態）が起こってしまうかも知れません。

　大動脈弁が狭くなって血液の通過障害があればスゴイ雑音がします。これは聴診器をあてればすぐわかります。しかし、すべての医者が聴診器を使えるとは限りません。医者になるのに実技試験はないのです。心臓の超音波検査を受ければ狭窄症があるかどうか、そしてその重症の度合いがすぐにわかります。ちなみに超音波検査ができる検査技師さんはみな優秀で引く手あまたです。病院で働く検査技師さんがアルバイトで休みの日に別の病院で仕事をすることはどこの病院も固く禁止していますが、結構みんなやっています。そのせいで彼女たちの実力が高められているのだと私は分析します。毎週、他流試合をしているわけですから。反対に病院は何を怖がっているのでしょうか？

　大動脈弁の狭窄の度合いが重症だと人工弁に取り換える手術を行います。外科手術で胸を開いて心臓を停止して人工弁を縫い付ける方法もありますが、ご年配の方にはカテーテルで人工弁を植え込むTAVI（タビ）という方法が行われるようになっています。

（南渕明宏／昭和大教授）",[],[]
早期の「乳がん」治療で新たな選択肢 乳房を切らないラジオ波焼灼療法が23年末から保険適用で実施（日刊ゲンダイDIGITAL）,https://news.yahoo.co.jp/articles/23ccaff8e068597ea1dab7c340480d3cb9cd84c2,https://newsatcl-pctr.c.yimg.jp/t/amd-img/20250122-00000024-nkgendai-000-1-view.jpg?exp=10800,2025-01-22T09:06:00+09:00,2025-01-22T09:06:00+09:00,日刊ゲンダイDIGITAL,nkgendai,日刊ゲンダイDIGITAL,1713,"術後の経過は順調。腫瘍はほとんど見えなくなるほどに（中部国際医療センター提供）
早期乳がんに新たな治療選択肢が加わっている。岐阜県・中部国際医療センター乳腺外科/乳癌治療・乳房再建センターの德丸剛久副部長に話を聞いた。
トリプルネガティブ乳がん…新たなメカニズムの薬の登場で診療はどう変わる？
新たな治療選択肢とは「ラジオ波焼灼療法」だ。乳がんの中に細い電極針を差し込み、ラジオ波という電流を流して、がん細胞を死滅させる。肝臓がん、肺がん、悪性骨腫瘍などで保険適用となっていたが、2023年12月、乳がんも保険適用となった。

「切らないので、体への負担が小さい。傷は数ミリ程度の針穴程度で、乳房の形が変わらないので、個人的には精神面への負担が小さいことにも着目しています」（德丸副部長=以下同）

　中部国際医療センターでラジオ波焼灼療法を受けた70代の乳がん患者は、乳がんと診断された時、看護師に「もうおばあちゃんだから、胸のことは気にしていない」と話していた。しかし治療後、乳房が変化なく残っているのを見て、非常に喜んでいたという。

　早期乳がんの治療は、がんを取り除く手術と、薬物療法や放射線治療を組み合わせて行うのが標準だ。

「手術には乳房の一部を切除する温存療法と、全摘術があります。温存療法は一部ではあっても切除は切除なので、乳房が変形したり傷が残る可能性があります。全摘術は、術後の乳房再建が保険適用となって以来、件数が増えていますが、『乳房を切らなくて済むのなら』といった患者さんが少なからずいます」

　そういったニーズに応えるのがラジオ波焼灼療法になる。心身への負担が小さくても、がんの取り残しがあれば問題外だ。乳がんへのラジオ波焼灼療法は当初“切らない治療”として注目を集め、自由診療で行われていたが、再発・転移のケースが報告された。そこで適正使用と保険適用を目的に、2013年から臨床試験（RAFAELO試験）が開始された。

　その前年に発表された全国8施設の多施設共同研究、39例の結果では再発率10％。「乳癌診療ガイドライン治療編2011年版」では、エビデンスが不十分であることから推奨グレードC（実践することは基本的には勧められない）だったが、RAFAELO試験がこれを変えた。

　13年8月から17年11月までに9施設で372例が集まり、22年、5年間のデータが全て集まってから解析。乳房温存手術と同等の根治性があり、高い整容性を保てることが確認され、23年に保険適用に至った。

■基準を満たした施設、医師のみ実施可能

　ラジオ波焼灼療法の乳がんの対象は「直径1.5センチ以下の早期乳がん」など厳密に定められている。乳がんの形は円形とは限らず、おたまじゃくしのような形もある。おたまじゃくしの“胴体”が1.5センチ以下でも、“尻尾”の部分を含めた大きさが1.5センチ超なら、適応とならない。

「実際に対象となるのは、肌感覚として早期乳がんの1割前後」

　ラジオ波焼灼療法では術後の放射線治療がセットだ。これは温存療法でも同様。放射線療法終了後、3カ月前後で吸引式針生検でがん細胞の焼き残しがないかを確認し、見つかった場合は手術で切除する。

「RAFAELO試験では5年間の無再発生存割合を評価項目としており、長期的にも一定の評価はできると思います。ラジオ波焼灼療法の適応であっても、全摘、温存療法も含めてそれぞれのメリット、デメリットを説明し、最終的には患者さんが決定します」

　ラジオ波焼灼療法は、どこの施設でも受けられるわけではない。施設基準、そして治療を実施できる医師にも基準がある。たまたま受診した病院、医師がそれに該当していない場合、ラジオ波焼灼療法の適応に合致していても、受けられない。

「ラジオ波焼灼療法という選択肢がある」ということは、頭の片隅に置いておきたい。

▼“切らない治療”　他にも凍結療法や集束超音波療法があるが、臨床試験は行われていない。ラジオ波焼灼療法は第三相臨床試験でエビデンスが得られ、適応の患者が選定されたことで標準治療に加わった。",[],[]
足のむくみは要注意な症状…少しの変化も見逃さず速やかに対処【老親・家族 在宅での看取り方】（日刊ゲンダイDIGITAL）,https://news.yahoo.co.jp/articles/3c39b0e1b72ff2cb5934ddf8538ac36f155ae52b,https://newsatcl-pctr.c.yimg.jp/t/amd-img/20250122-00000023-nkgendai-000-1-view.jpg?exp=10800,2025-01-22T09:06:00+09:00,2025-01-22T09:06:00+09:00,日刊ゲンダイDIGITAL,nkgendai,日刊ゲンダイDIGITAL,1196,"むくみの原因はさまざま
【老親・家族 在宅での看取り方】
#127
自宅で療養中の患者さんから、足のむくみについて相談をうけることがよくあります。
なぜ、いまの日本で足の専門医が求められているのでしょうか？
むくみの原因はさまざまです。例えば、「座りっぱなしの時間の多さ」「体の冷え」「塩分の多い食生活」「薬の飲み合わせ」といった、ご本人の日ごろの食習慣や生活スタイルの影響でむくみが起こっていることがあります。

　高齢の患者さんの場合は、心不全や腎不全、甲状腺機能低下症などの持病が背景にある場合が少なくありません。加齢による心肺機能や筋力の低下といった体の衰えによる血行不良が原因という場合も多いでしょう。

　仮に患者さんやご家族から「むくみがつらい」との訴えがあった場合は、お薬や点滴の調整、弾性ストッキングの使用、クッションを使って足を高いところに上げてもらうといった暮らしの知恵など、具体的なむくみ対策を提案しています。

　患者さんの中には、少しぐらいのむくみなら我慢してやり過ごそうとする方もいます。でも仮にこのむくみを放置しておくと、そのうち痛みが出てきたり、腫れたりする場合もあり注意が必要です。

　さらにひどくなると皮膚の硬化、赤みや色素沈着が起こります。血液や体液の流れがふさがれ滞り、その部分の皮膚に炎症が起こる「うっ滞性皮膚炎」が起こることも。

　うっ滞性皮膚炎が起こると最終的には血管が耐えられなくなり、毛細血管が切れて血液が漏出し、内出血が起こります。そして内出血した血液中の赤血球からヘモグロビンが放出され、最終的には鉄を含む色素の一種であるヘモジデリンを生成。これが皮膚に沈着することで、かゆみや湿疹、色素沈着が起こるのですが、この状態を放っておくと、傷の治りが遅くなるだけでなく、最悪の場合は感染症を引き起こすことがあります。すると、傷が治らず皮膚に穴があく「皮膚潰瘍」に至るリスクも高くなります。

　もし高齢の患者さんが感染症になったとしたら、連日抗生剤の投与が必要になり、足のむくみはさらに加速することになります。しばらくの間はベッドでの療養を余儀なくされるため、筋力低下によるフレイルの恐れも出てきます。場合によっては歩くことが難しくなるかもしれません。ですからむくみをあなどってはいけないのです。

　当院では皮膚科医も訪問診療を行っています。皮膚科医が訪問できない時も、訪問宅から常駐する皮膚科医へ画像を送り、処方や対処法を仰ぐようにしています。とにかく少しの変化も見逃さず、早期の対処を行えるように心がけているのです。

　たとえ軽いむくみだとしても弾性包帯を巻いたり、保湿することで症状を軽くすることができます。患者さんやご家族には常々「我慢せずスタッフや医師に相談してください」と伝えています。

（下山祐人／あけぼの診療所院長）",[],[]
必要なタンパク質とカロリー量を知ることが大切なのはなぜ？【正解のリハビリ、最善の介護】（日刊ゲンダイDIGITAL）,https://news.yahoo.co.jp/articles/34e5da937dc13641797d969dc1fc8255708b0187,https://newsatcl-pctr.c.yimg.jp/t/amd-img/20250122-00000022-nkgendai-000-1-view.jpg?exp=10800,2025-01-22T09:06:00+09:00,2025-01-22T09:06:00+09:00,日刊ゲンダイDIGITAL,nkgendai,日刊ゲンダイDIGITAL,1645,"ねりま健育会病院の酒向正春院長（Ｃ）日刊ゲンダイ
【正解のリハビリ、最善の介護】
#63
高齢者の食事と栄養の基本として、第3に大切なことは「1日に必要なタンパク質量を知ること」です。自分に必要なタンパク質量は、前回お話しした自分の適切な体重（身長-95～110キロ）の1.2～1.5倍です。筋肉を維持する場合は体重の1.2倍、筋肉を増強したい場合は体重の1.5倍のタンパク質量を食事でとるようにしてください。
高齢者は「体重」が重要…標準を下回ると死亡リスクが急上昇
たとえば、体重60キロの人が筋肉量を増やす場合は、90グラムのタンパク質を1日の食事でとる必要があります。とりわけ肉類は必須アミノ酸のバランスがいい良質なタンパク質源ですので、しっかり計画的においしく食べましょう。

　参考までに、タンパク質が多い食材を100グラムあたりで紹介します。

　まず、先ほども触れた肉類です。鶏ささみは24グラム、豚ヒレ肉は22グラム、牛ヒレ肉は19グラムのタンパク質が含まれています。

　魚介類では、カツオとマグロが26グラム、ウナギが23グラム、サケが22グラム、ブリが21グラム、サンマが18グラム、イカが20グラム、タコが16グラムです。魚介類にはDHAやEPAといった不飽和脂肪酸が多く含まれ、中性脂肪やコレステロールを下げる働きも期待できます。

　卵には12グラムのタンパク質が含まれていて、卵白の方が卵黄より多いです。また、ビタミンとミネラル、脂質も豊富に含まれます。乳製品のタンパク質量は、カマンベールチーズが19グラム、プレーンヨーグルトが3.6グラム、牛乳が3.3グラムで、カルシウムも豊富です。

　豆類では、油揚げが25グラム、豆腐が16グラム、大豆が15グラムで、植物繊維も豊富に含まれます。

　穀類は、食パンが9グラム、パスタが6グラム、ソバが5グラム、白米が2.5グラムですが、カロリーは肉類以上に高くなります。野菜類は、枝豆が11グラム、タケノコが3.5グラム、モヤシが3グラム、タマネギが2グラム、キャベツが1グラムなので、覚えておきましょう。

■体重を1キロ増やすには7000キロカロリーが必要

　第4に大切な「健康的な食事」といえば、地中海食が世界的にも有名です。

　私は1997年から3年間、デンマーク国立オーフス大学脳神経病態生理学研究所で脳卒中研究チームの責任者を務めました。当時、暮らした北欧での食事はとてもシンプルで色合いも寂しかったため、私は地中海食に肉を追加することを好みました。

　地中海食は彩りが良く、野菜、果物、パスタやパエリアなどの穀類、豆類、ナッツ類にオリーブオイルをたくさん使い、ハーブやスパイスを利かせた魚介類と適量のワインを楽しみます。ただ、オリーブオイルは100グラムあたり894キロカロリーと非常にカロリーが高いため、当然、とり過ぎるとカロリーオーバーで太る原因になります。

　健康を維持するためのカロリーに関する方針はとてもシンプルです。1日に必要なエネルギー量は60歳以上の男性で2200キロカロリー、女性で1800キロカロリーです。体重を増加させたい人は、1日蓄積量として1日200～700キロカロリーを追加します。体重を1キロ増加させるには、7000キロカロリーが必要になります。

　一方で、体重を減少させたい時は、1日のエネルギー量を1200キロカロリーまで減らします。ちなみに、脳出血などの治療で体重100キロ以上の人を標準近くまで戻す時は、6カ月間は1日のエネルギー量を600～800キロカロリーにまで減量させます。

　高齢者の健康管理の基本で最も重要なことは、じつは毎日の食生活の管理なのです。おいしい食事を楽しみながら、張りのある筋肉を保ち、筋肉トレーニングで生活習慣病や骨変形、そして、認知症を予防する--。毎日、普通にできることなのです。

（酒向正春／ねりま健育会病院院長）",[],[]
HPVワクチンの無料接種期間が1年延長される対象者の条件は？【クスリ社会を正しく暮らす】（日刊ゲンダイDIGITAL）,https://news.yahoo.co.jp/articles/fcc063dcd18520aea64811e3684ed394b021fd78,https://newsatcl-pctr.c.yimg.jp/t/amd-img/20250122-00000021-nkgendai-000-1-view.jpg?exp=10800,2025-01-22T09:06:00+09:00,2025-01-22T09:06:00+09:00,日刊ゲンダイDIGITAL,nkgendai,日刊ゲンダイDIGITAL,992,"「キャッチアップ接種」対象者は25年3月末までに最低1回の接種を
【クスリ社会を正しく暮らす】

　ヒトパピローマウイルス（HPV）の予防接種を公費（無料）で受けられる「キャッチアップ接種」について、2026（令和8）年3月まで1年間の延長が決定しました。ただし、25年3月末までに最低1回の接種を受けていることが条件です。対象者は、誕生日が1997年4月2日～2008年4月1日の10～20代の女性です。
偶然の不調がなかったら…休井美郷さん子宮頸がん一歩手前での手術を振り返る
子宮頚がんのほとんどは、HPV感染が原因であることがわかっています。このHPVは性交渉により男性にも女性にも感染し、このうち一部の女性は前がん病変を経て、数年以上をかけて子宮頚がんに進行します。国内では、毎年約1万人の女性が子宮頚がんにかかり、約3000人が死亡しています。感染してからがんになるまでには10年以上経過する場合が多く、10代でHPVに感染すると30歳前後でがんになるリスクがあるのです。妊娠の際にがんが発見されて出産を諦めなければならない事例なども多く報告されています。

　HPVにはワクチンがあり、ワクチンを接種することで、多くのHPV感染を予防することができます。ただ、ワクチンはすでに今感染しているHPVを排除したり、子宮頚部のがん細胞を治す効果はなく、あくまで接種後のHPV感染を防ぐものです。ですから、HPVに初感染するまでにいかに早くワクチンを接種するかが重要だと考えられます。

　日本におけるHPVワクチンは、13年4月に定期接種化されたものの、わずか2カ月後に複数の有害事象が報告されたことを受けて国は積極的な勧奨を取りやめています。それらの有害事象は、HPVワクチンとの因果関係が不明とされているにもかかわらず、多くのメディアがニュースとして取り上げ広く報道しました。結果的に同ワクチンの接種率は1％未満に落ち込み、現在でもその低迷状態は続いています。

　しかし、厚生労働省は最新の知見を踏まえ、ワクチンの安全性について特段の懸念が認められないことなどを確認し、22年4月から積極的勧奨を再開しています。「キャッチアップ接種」対象となる10～20代の女性には、今年3月末までに間に合うようにこれらの情報を広く知っていただきたいと思います。

（荒川隆之／薬剤師）",[],[]
NOK×三菱ロジスネクスト 製造業を支える輸送用機器の大手を比較（日刊ゲンダイDIGITAL）,https://news.yahoo.co.jp/articles/788ab979ebc5bdd4167cb47ebeaf8375d8e70689,https://newsatcl-pctr.c.yimg.jp/t/amd-img/20250122-00000020-nkgendai-000-1-view.jpg?exp=10800,2025-01-22T09:06:00+09:00,2025-01-22T09:06:00+09:00,日刊ゲンダイDIGITAL,nkgendai,日刊ゲンダイDIGITAL,1030,"「NOK」と「三菱ロジスネクスト」／（Ｃ）日刊ゲンダイ
【ライバル企業の生涯給与】

　トランプ米大統領（20日就任）は、この先どんな経済政策を打ち出すか。日本だけでなく世界中が戦々恐々としています。
【写真】三井住友建設×東急建設 円安が業績を直撃しかねない準大手ゼネコン2社を比較
米国第一を掲げるトランプ氏は米国の製造業を守るため、外国からの輸入品に高い関税をかけると公言。日本の自動車産業への影響も少なくないでしょう。

　今回は国内の製造業を支える「NOK」と「三菱ロジスネクスト」の社員待遇を比較してみます。両社とも「輸送用機器」に分類される会社です。

　NOKは1941年設立の日本ベアリング製造からスタート。61年上場、85年に現社名となりました。日本初のオイルシールメーカーで、現在はシール製品や防振製品を中心に、高度な技術で幅広い産業を支えています。自動車・産業機械向けシール製品やフレキシブル基板を製造。グローバル展開を推進しています。

　三菱ロジスネクストは37年設立の日本輸送機が源流。2017年にニチユ三菱フォークリフトとユニキャリアが経営統合し、現体制が発足しました。フォークリフトや物流機器で物流と流通を支えます。国内外で事業展開し、効率的で環境に優しい物流を支援しています。

　業績はどうでしょうか。

　24年3月期（連結）で比較してみます。売上高はNOKが7505億円、三菱ロジスネクストが7018億円。営業利益は229億円と426億円、純利益は316億円と275億円です。

　有価証券報告書によると、社員の平均年収はNOKが759万7000円、三菱ロジスネクストが671万8000円。役員報酬は1人あたり平均で3190万円と2140万円です。

　年代別の推定年収は、30歳時はNOKが620万円、三菱ロジスネクストが486万円。40歳時は770万円と604万円、50歳時は869万円と681万円となっています。

　生涯給与はこうです。

▽NOK…2億7800万円
▽三菱ロジスネクスト…2億4300万円

　両社の社員がこの収入に応じた平均的な支出を続けた場合、65歳時の推定資産（貯蓄可能額）はNOK6596万円、三菱ロジスネクスト5921万円です。85歳時は1523万円と1531万円。どちらも安定した老後が待っていそうです。

（データ提供「Milize」=https://milize.co.jp）",[],[]
自民大阪府連が新たな金策…政治資金パーティー代わりの「運動会」や「水泳教室」はアリなのか？（日刊ゲンダイDIGITAL）,https://news.yahoo.co.jp/articles/b9f175b354587f7b64c3b4448e0289222adcfdf7,https://newsatcl-pctr.c.yimg.jp/t/amd-img/20250122-00000019-nkgendai-000-1-view.jpg?exp=10800,2025-01-22T09:06:00+09:00,2025-01-22T09:06:00+09:00,日刊ゲンダイDIGITAL,nkgendai,日刊ゲンダイDIGITAL,994,"もちろん大真面目（自民党大阪府連会長の青山繁晴参院議員）／（Ｃ）日刊ゲンダイ
何ともシュールなアイデアだ。

　自民党大阪府連の青山繁晴会長（参院議員）が19日、府連主催の政治資金パーティーを当面見送ることを明らかにした。新たな政治資金獲得の手段として、府民が参加する運動会や親子スキー教室、水泳教室を開き、参加者から寄付を募るという。
【写真】赤沢経済再生相「過剰気遣いマニュアル」流出の赤っ恥
府連は日刊ゲンダイの取材に対し、「総務会で決定した事項なので、今後計画を進めてまいります。具体的な内容は今後決めていきますが、イベントには議員も参加し、幅広く府民の方に来ていただく方向で検討中です」と話した。

　政治資金パーティーは、派閥裏金事件の舞台となり批判が集まっているだけでなく、かねてその実態が疑問視されている。パーティー券は1枚2万円が相場。売り上げから会場費や食事代、手土産代などの経費を差し引いた利益を政治資金にするが、会場での飲食代の原価はごくわずか。利益率は9割を超える場合もあり、政治家はボロ儲けだ。パー券は対価ではなく「実質寄付」との指摘もある。

■識者は悪用を懸念

　パーティーに代わるものとして、府連の試みはアリなのか。政治学者で政治資金に詳しい日大名誉教授の岩井奉信氏はこう話す。

「これまでも政治家や政治団体は、ゴルフやゲートボール、旅行などのイベントを開き、それらで得た利益は事業収入として認められてきました。しかし、運動会は聞いたことがない。地元選挙区で自民党を知ってもらう広報目的であれば、チャレンジングで面白い取り組みだと思います」

　ただ、悪用の懸念もある。

「イベントなどの事業収入は総額を明らかにすればよく、カネ集めの観点でいえば規制が緩いと言えます。それをいいことに大規模で組織的な資金調達が行われてしまうと、それは結局、形を変えた政治資金パーティーになるだけ。有権者の反発も出てくるでしょう。カネ集め目的なのか、それとも広報の一環なのかを、ハッキリさせた方がいいと思います」（岩井奉信氏）

　集客など課題もありそうだが……、国会議員と徒競走というのもまた一興か。

　　◇　　◇　　◇

　都議会自民党の政治団体の裏金をめぐり、石破首相が全国調査を指示したため、自民党は大混乱です。関連記事【もっと読む】で詳しく報じています。",[],[]
ライフスタイルの「多様化」と「時短」がゴルフの常識を変える バーチャル×リアルの新リーグまで始動（羽川豊）（日刊ゲンダイDIGITAL）,https://news.yahoo.co.jp/articles/ce4ea1b748d0fe3e837a9a58ee4bf243678a9f27,https://newsatcl-pctr.c.yimg.jp/t/amd-img/20250122-00000018-nkgendai-000-1-view.jpg?exp=10800,2025-01-22T09:06:00+09:00,2025-01-22T09:06:00+09:00,日刊ゲンダイDIGITAL,nkgendai,日刊ゲンダイDIGITAL,1200,"新リーグの舞台は屋内スタジアム（Ｃ）ロイター／USA TODAY NETWORK
【羽川豊の視点 Weekly Watch】

「ゴルフの未来はどうなるのか」

　そんなことを考えたのは、バーチャルとリアルを融合させた、新しいゴルフリーグが米国でスタートしたからです。
【写真】ゴルフ界の“ビジュアルクイーン”臼井麗香がコース新「63」の大爆発！前夜祭では「悩殺衣装」披露
この新リーグは屋内スタジアムが舞台。ドライバーやアイアンは巨大スクリーンに向かって打ち、50ヤード以内のショートゲームは実際にプレーする。既存のシミュレーションゴルフをワイドに進化、発展させたもので、T・ウッズやR・マキロイ、松山英樹ら、PGAツアーの24選手が6チームに分かれ、1日1マッチ（残り4チームはオフ）を行う。試合開始から終了までは約2時間とスピード感が求められる時代に合ったフォーマットで若いファンを獲得する狙いもあるようです。

　ゴルフ界に若い人を引き込みたいのは日本も同じです。今年はゴルフ市場を支えてきた団塊世代が全員75歳以上となります。数年前から「ゴルフ業界の2025年問題」としてマスコミが取り上げ、競技人口の急激な減少が懸念されてきました。

　一方で、コロナ禍以降、若者の中でもとくに女性ゴルファーが急増し、雑誌やテレビでも関連情報が増えました。

　ライフスタイルの多様化が進み、スポーツの「時短化」もあって、プレースタイルやスタート時間も変わってきました。すでにアマチュアの間ではキャディーなしのセルフプレーや、早朝や薄暮ゴルフは全国に浸透しています。

　アウト・インの2ウエースタートでハーフ終了後にランチを挟む従来の形式は残るものの、早朝や薄暮にナイター、休憩なしのスループレーなどを求めるゴルファーがこれまで以上に増えてくれば、ゴルフ場の対応も問われることになります。

　そうなれば、プレー時間のスピード化は拍車がかかるはずです。

　先日、都内在住のアマチュアからこんな話を聞きました。

「今は関東のゴルフ場へ宅配便でバッグを送ると往復で4000円以上もかかります。だから最近はキャディーバッグを担いで電車に乗る人が増えている」そうです。

　それなら、14本のクラブは要らないでしょう。練習場に持っていくような小型のバッグに、ドライバー、ユーティリティー、7I、PW、パターの5本でいい。残り距離でクラブの選択に迷うことがなく「時短」にも寄与する。距離の打ち分けは、ロフトを立てたり、寝かしたりして対応できる。コース攻略は緻密になり、クラブの使い方を工夫することで腕も上がります。

　毎日ニュースを見れば、計り知れないSNSのパワーに圧倒される日々ですが、柔軟な発想と「時短」が当たり前の若者が、「ゴルフの常識」を変える日がくるのではないか。

（羽川豊／プロゴルファー）",[],[]
「いつから共通テストの教室は男女別になったの？」数年前から疑問が続々…その理由は？（日刊ゲンダイDIGITAL）,https://news.yahoo.co.jp/articles/477d686c920a4244c2b3b60aa09eaa84d369c592,https://newsatcl-pctr.c.yimg.jp/t/amd-img/20250122-00000017-nkgendai-000-1-view.jpg?exp=10800,2025-01-22T09:06:00+09:00,2025-01-22T09:06:00+09:00,日刊ゲンダイDIGITAL,nkgendai,日刊ゲンダイDIGITAL,746,"今年も無事に共通テストが終了（Ｃ）共同通信社
今年も大学入学共通テストの本試験が終了した。18日と19日の2日間で49万人余りが出願し、全国651カ所で実施された。実はここ数年、受験生から疑問として寄せられているのが、会場の問題だ。
【写真】悠仁さま筑波大進学は“東大反対勢”を黙らせられるか「脱・学習院と異例推薦」に求められる宮内庁の説明
《共通テストの教室って男女別だっけ？俺の会場が特別？》

《うちの学校の共通テストの申し込みで分けられた学校（共テス受験地）は笑えるけど男女別。交通の便とか考えて普通駅ごととかで分けない？》

　Yahoo!知恵袋でも、「共通テストの試験会場って男女で分けられてますか？」という質問が寄せられている。

　だが、全会場が男女別でもなく、地域によってバラバラのようだ。最近はジェンダー問題の観点からも、性別で会場を分けるのは物議を醸しそうだが……。

「共通テスト」を実施する大学入試センターに聞いた。

「会場が女子校・男子校、女子大になった場合、トイレなどの設備の都合で男女別になっています。このように割り当てたのはここ5年ほどでしょうか。性別で分けることは今の時代そぐわない面もありますが、今回の本試験も含めてクレームは一度もありません」（広報担当）

　ちなみに試験会場の割り振りは、会場となる大学ごとに都道府県が、受験生の住所などを元に決定しているという。

　　◇　　◇　　◇

　今年の入試傾向は？●関連記事【もっと読む】2025年度共通テスト出願者は7年ぶり増加 私立では新推薦入試で志願者増の東洋大に注目、【こちらも読む】朝ドラ""モデル""の母校・明大と4年連続増の関学大 2025年入試で志望者が多くなりそうな大学は？…もおすすめだ。",[],[]
新卒初任給の引き上げラッシュで給与“逆転”も？中高年社員から漏れる「仕事教えるからおごれ」の複雑心境（日刊ゲンダイDIGITAL）,https://news.yahoo.co.jp/articles/516315e57474b85501c370fafefb4956ce0b8f72,https://newsatcl-pctr.c.yimg.jp/t/amd-img/20250122-00000016-nkgendai-000-1-view.jpg?exp=10800,2025-01-22T09:06:00+09:00,2025-01-22T09:06:00+09:00,日刊ゲンダイDIGITAL,nkgendai,日刊ゲンダイDIGITAL,1141,"うらやましい…（Ｃ）日刊ゲンダイ
新卒社員の初任給引き上げラッシュが止まらない。

「大和ハウス工業」は20日、新卒の初任給を一律10万円引き上げると発表。同社の大卒社員の初任給は35万円になる見通しだ。
【写真】2025年は「日経平均3000円」と予測した森永卓郎氏
同社は2008年から早期退職優遇制度（キャリアデザイン支援制度）を導入。21年度には対象者を45～54歳の勤続10年以上の社員（子会社への出向含む）に広げ、その割合が全社員の25%にあたる約4300人規模になる見通し――などと報じられていたのが記憶に新しい。支援制度によって人員や年齢構成に一定のメドがつき、今度は高給で優秀な若手社員を募りたいと考えているのだろう。

　新卒初任給を巡っては、衣料品店「ユニクロ」を展開する「ファーストリテイリング」が今年3月入社の新入社員の初任給を30万円から33万円に引き上げ。「三井住友銀行」は26年4月入行の大卒社員の初任給を大手行では初となる30万円にするほか、「東京海上日動火災保険」も26年新卒の初任給（大卒総合職）を最大41万円にするという。

「大成建設」や「西松建設」でも総合職の大卒初任給をそろって30万円に引き上げ、戸建て住宅販売などの「オープンハウスグループ」は今年4月に入社する新入社員の初任給を36万円にするという。

■既存社員のモチベーションが下がる？

　バブル崩壊による景気低迷で新卒採用もままならず、長らく給料が増えない時代を過ごしてきた氷河期世代にとってはうらやましい限りだが、高給新卒を迎え入れる企業の中高年社員も心境は複雑のようだ。

「うちの会社も新卒で30万円超になるが、この金額は以前であれば新卒から10年以上経ってようやく手にした金額。会社は全体の底上げも図りたいというが、それでも、既存社員全員をこの金額水準でアップするのは厳しい。ささやかれているのは、新卒と先輩社員の給与額が逆転することで既存社員のモチベーションが下がり、『新人に仕事を教えるのが馬鹿らしい』『俺よりたくさんもらっているのだから、説明しなくても理解できるでしょ』とならないかということ。『先輩おごってください』から『仕事を教えるからおごれ』になる、なんて冗談も出始めている」（損保社員）

　サラリーマン社会は政界以上に常在戦場だ。

　　◇　　◇　　◇

　企業の人材確保競争が激しくなってきた。●関連記事【もっと読む】で《三井住友銀行「初任給30万円」に引き上げに氷河期世代から恨み節…《実績あげた社員に還元して》の悲痛》、【さらに読む】で《主要100社の6割が2024年春入社の初任給を引き上げ 企業が強く意識するのは離職防止》を取り上げている。",[],[]
社外向け文書では（株）と略してはダメ【ビジネスマナー常識チェック／金森たかこ】（日刊ゲンダイDIGITAL）,https://news.yahoo.co.jp/articles/1aec37e36578331ccbb8852fbe54fe35a757702b,https://newsatcl-pctr.c.yimg.jp/t/amd-img/20250122-00000015-nkgendai-000-1-view.jpg?exp=10800,2025-01-22T09:06:00+09:00,2025-01-22T09:06:00+09:00,日刊ゲンダイDIGITAL,nkgendai,日刊ゲンダイDIGITAL,819,"（株）って、大丈夫？ダメ？（Ｃ）日刊ゲンダイ
【それ間違いかも？ビジネスマナー常識チェック】
#99
ビジネス文書編（6）

　　◇　　◇　　◇
【写真】電話伝言メモに残すべき「4つの項目」
前回の社内文書に続き、今回は、社外文書の基本構成と記載のポイントについて解説します。社外文書は、企業の印象を左右する重要な役割を担っています。正確さとともに礼儀を重視し、相手に失礼のない内容を心がける必要があります。

▼社外文書の書式　

「新製品発表会のご案内」を例に、具体的に確認していきましょう。

①文書番号

　管理や追跡のために記載します。社内規定に基づき、適切に設定します。

②発信日付

　発信日を記入します。

③宛名

　社名、部署名、役職名、氏名、敬称の順に記入します。正式名称を用い、「㈱」などの略記は避けましょう。

④発信者名

　社名、部署名、役職名、氏名の順に記入します。役職がない場合、氏名だけを書きます。

⑤表題（件名）

　文書の目的がひと目でわかる件名にします。紙面の左右中央に、本文より少し大きめの文字を入れるとバランスよく見えます。

【前文⑥⑦】

⑥頭語

　ビジネスでは、一般的に「拝啓」がよく使われます。

⑦時候の挨拶

　頭語から1字分空けて時候の挨拶、会社の繁栄を祝う言葉、日頃の感謝へと続きます。

⑧主文

「さて」「ところで」「このたび」などの言葉に続けて、用件を記載します。

【末文⑨⑩】

⑨結びの挨拶

「まずは～」「取り急ぎ～」「略儀ながら～」などの締めくくりの言葉で、文章を結びます。

⑩結語

　頭語と結語の組み合わせは決まっています。一般的にビジネスでは「拝啓」と「敬具」が用いられます。

⑪記書き

　日時や場所など、主文の詳しい内容は箇条書きにするとわかりやすく伝わります。

⑫以上

　最後は「以上」で締めくくります。

（金森たかこ／マナー講師）",[],[]
米ダラスの女性がネットで買った中古家具に高価な食器セットが！その後の顛末（日刊ゲンダイDIGITAL）,https://news.yahoo.co.jp/articles/6e9fc6bfd81954eccded0f92db62c0ee50df8438,https://newsatcl-pctr.c.yimg.jp/t/amd-img/20250122-00000014-nkgendai-000-1-view.jpg?exp=10800,2025-01-22T09:06:00+09:00,2025-01-22T09:06:00+09:00,日刊ゲンダイDIGITAL,nkgendai,日刊ゲンダイDIGITAL,597,"やっぱりね…（TikTokから）
米テキサス州ダラスに住む女性の体験談が話題になっている。

　アマンダ・デウィットさんは先日、フェイスブックを利用して「ルイ16世風の高級収納キャビネット」を3200ドル（約50万円）で購入。同じダラスに住む売り手によると、購入価格は2万2500ドル（約352万円）だったというから超お買い得だった。
【写真】「逆さビキニ」が再流行？仏ファッション誌も太鼓判
1月2日にそのアンティークの収納家具が搬入され、アマンダさんが5つのキャビネットを確認してみたところ……なんとエルメスの箱13個とティファニーの箱1つが入っていた！　中身は高そうな皿などの食器コレクションだった。

　これは、売り手が収納したのを忘れたのか、まさかプレゼントだったりして……混乱したアマンダさんが、この状況を短い動画にまとめてTikTokに投稿したところ、急拡散。数百万回の視聴と何千ものコメントが寄せられた。

「売り手には黙っておいて、もらっちゃいなよ」という意見が多かったのは、米国っぽい？

　アマンダさんが正直に売り手に連絡したところ、食器セットは結婚した際の記念の品だと判明。引っ越した時に収納したのを忘れていたそうで、後日、アマンダさんの家まで取りに来たそうだ。

　写真（TikTokから）は、食器を返さなければならないことが分かり、ちょっとがっかりのアマンダさんだ。",[],[]
スポンサーのマーケ担当者が明かす大谷の「最大の魅力」 伊藤園がド軍、MLBともパートナーシップ契約締結（日刊ゲンダイDIGITAL）,https://news.yahoo.co.jp/articles/04c5e257b7e4bd4f05998105270dcc85ca0bb9e5,https://newsatcl-pctr.c.yimg.jp/t/amd-img/20250122-00000013-nkgendai-000-1-view.jpg?exp=10800,2025-01-22T09:06:00+09:00,2025-01-22T09:06:00+09:00,日刊ゲンダイDIGITAL,nkgendai,日刊ゲンダイDIGITAL,1664,"ムーキー・ベッツ（Ｃ）日刊ゲンダイ
大谷翔平（30）が「お～いお茶」のグローバルアンバサダーを務める飲料大手メーカーの伊藤園は昨21日、MLB、ドジャースとパートナーシップ契約を結んだと発表。3月18、19日のカブスとの日本開幕シリーズ（東京ドーム）の公式スポンサー契約も併せて発表された。
❤ＳＥＸＹすぎるっ！！！❤ 元日本ハム選手の美人妻が「胸元パックリ」の「超ＳＥＸＹ」ドレスで表舞台に登場！
都内で行われた会見には昨年のワールドシリーズ終了後に受けた左肩手術のリハビリに励んでいいる大谷に代わって、MVPトリオの1人であるムーキー・ベッツ（32）が出席。約2か月後に迫った日本開幕シリーズについて聞かれると「情熱があるファンが多い東京でプレーするのは楽しみ。ショウヘイは東京の2試合で本塁打3本、二塁打1本、単打1本を放つと思う。誰もできないであろう3本塁打を期待している」とリップサービスも忘れなかった。

　クラブハウスでの様子も惜しげもなく披露し「ショウヘイは試合開始の30分前になると、決まってお茶を飲んでいる。彼の活躍を目の当たりにして自分もお茶を飲んだ方がいいのかなと思った」と明かした。

　世界的なマーケット拡大を目指す同社は昨年4月、大谷とグローバルアンバサダー契約を結んだ。日本や世界の60紙以上の新聞に全面広告を掲出、パッケージに本人の画像が描かれた「大谷翔平ボトル」を発表するなど、プロモーション活動を展開し、売り上げは9％増を記録したという。

　今回は新たにド軍と契約したことで、ユニフォームを着用した大谷の画像や映像を宣材に使用できるだけなく、MLBとも契約を結んだことからロサンゼルスだけでなく、他の29球団の本拠地でもプロモーション活動が可能になるという。
負のイメージがない、アンチいない最適な人材
大谷翔平（Ｃ）ロイター/USA TODAY Sports
日本では企業が特定の球団や選手のスポンサーに付くと、他球団のファンから反発を招くケースもある。ライバル球団のファンからアンチが出現し、企業の業績に少なからず影響を与えるといわれるが、同社のマーケーティング担当者は「大谷選手に関してはアンチが発生せず、企業にとって負のイメージをもたらすことがないのは最大の魅力です」と明かす。

　大谷は日本はもちろん、米国でも好感度は高い。特に10代の若者と60代の女性からの支持を集めているという。

　大谷は投打の二刀流として結果を残し、23年にはアジア人初の本塁打王のタイトルを獲得。3度のMⅤPを受賞している。昨季は前人未到の「50‐50」（54本塁打、59盗塁）を達成するなど、異次元のパフォーマンスを披露してきた。

「投打ともハイレベルなことに加え、グラウンドでの審判や相手ベンチ、選手をリスペクトする振る舞いは素晴らしい。そんな人間性から、日本や米国で大谷選手に不快感を抱く消費者がほとんどいないため、企業のイメージキャラクターとしては最適な人材です」（前出の関係者）

　米調査会社「スポンサーユナイテッド」が11日に発表した米5大プロスポーツのスポンサー収入によれば、MLBは18億4000万㌦（約2900億円）でNFL（アメリカンフットボール）の23億㌦（約3630億円）に次いで2位。中でも大谷の加入で日系企業12社と契約し、計7000万㌦（約110億円）の増収があったドジャースが大きく貢献したという。

　広告業界における大谷の市場価値はドジャースだけでなく、リーグ全体を潤おしている。

　　◇　　◇　　◇

　そんな大谷にとって、今オフド軍に加わった佐々木朗希の存在は「お荷物」になりかねない。メジャー移籍1年目で右も左も分からなくて、体力面も含めて課題だらけ。そんな同郷の後輩に大谷が何かと世話を焼くことになるのは目に見えていて、そこに「大谷の事情」も重なるからだ。いったいどういうことか。

●関連記事【もっと読む】…では、それらについて詳しく報じている。",[],[]
クライマックスシリーズ日程見直し待ったなし！プロ野球の杓子定規なやり方にファンの不満は増す一方（日刊ゲンダイDIGITAL）,https://news.yahoo.co.jp/articles/95201d602c0beb49cbf4b22a7f58a32e1b3b67a2,https://newsatcl-pctr.c.yimg.jp/t/amd-img/20250122-00000012-nkgendai-000-1-view.jpg?exp=10800,2025-01-22T09:06:00+09:00,2025-01-22T09:06:00+09:00,日刊ゲンダイDIGITAL,nkgendai,日刊ゲンダイDIGITAL,990,"巨人・阿部監督（右）、桑田二軍監督（Ｃ）日刊ゲンダイ
「日程を詰めることによって、アドバンテージになるんじゃないかという話をした」

　巨人の阿部慎之助監督（45）が20日、12球団監督会議に出席。CSの日程の変更を求めた。
❤ ＳＥＸＹすぎるっ！！！❤ 現役時代の阿部監督と「禁断の愛」…胸元チラリ❤な元グラドルを見る！！！
現在はファイナルステージ（S）で、リーグ優勝チームに1勝のアドバンテージがあるが、昨年リーグ優勝を果たした巨人がCSでシーズン3位のDeNAに3勝4敗で敗退。議論が再燃しているのだ。

「優勝したチームはポカンと空いちゃうから連戦にしちゃえばいい」

　そう提案した阿部監督の案では、シーズン終了後すぐにCSに入るイメージ。さらにCSのファーストSとファイナルSも連戦とする。そうすれば、下位から勝ち上がるチームは投手のやりくりが厳しくなり、それが優勝チームのアドバンテージになるという考えだ。

　昨年、ドジャース大谷の活躍で盛り上がったメジャーリーグのポストシーズンは、ワールドシリーズ（WS）にフレキシブルな日程が採用されたことも話題になった。初の試みとして「両リーグの優勝決定シリーズが第5戦までに終了した場合、WSの日程を前倒しする」という画期的なものだ。

　巨人OBの評論家、高橋善正氏がこう言う。

「WSでさえ前倒しするなんて、日本ではその発想すら出ないでしょう。これはプレーオフ（リーグ優勝決定シリーズ）が終わってからWSの開幕まで間隔が空きすぎて、選手がパフォーマンスを落としたり、ファンの盛り上がりがトーンダウンしたりすることを避けるのが狙い。日本も見習って欲しい。昨年の大谷とドジャースの快進撃で、日本の多くの野球ファンが、スピーディーでダイナミックな大リーグの運営を目の当たりにした。翻ってプロ野球の杓子定規的なやり方に不満を持ったファンも多いはずです」

　現状維持では、ますますメジャーに置いていかれる。

　　◇　　◇　　◇

　CSといえば、昨季DeNAが巨人を破って日本シリーズ進出を決めた夜、石井琢朗コーチは三浦監督との《関係悪化説》を払拭すべく、「ピエロを演じた」そうだ。あの日の夜にいったい何が起きていたのか。そもそもの《関係悪化説》とは。

●関連記事【もっと読む】…では、それらについて詳しく報じている。",[],[]
大リーグ殿堂入りの基準は時代とともに変わる 背景には指標開発による分析の進化も（鈴村裕輔）（日刊ゲンダイDIGITAL）,https://news.yahoo.co.jp/articles/962906a28294fa78e22611d0263719657cad1f98,https://newsatcl-pctr.c.yimg.jp/t/amd-img/20250122-00000011-nkgendai-000-1-view.jpg?exp=10800,2025-01-22T09:06:00+09:00,2025-01-22T09:06:00+09:00,日刊ゲンダイDIGITAL,nkgendai,日刊ゲンダイDIGITAL,1332,"メジャーの野球殿堂入りが確実視されるイチロー（Ｃ）共同通信社
【メジャーリーグ通信】

　大リーグにおいて、打者であれば3000安打や500本塁打、投手の場合は300勝を達成すれば、資格初年か否かを別にして、多くの場合、野球殿堂で顕彰されている。
❤ＳＥＸＹすぎるっ！！！❤ 元日本ハム選手の美人妻が「胸元パックリ」の「超ＳＥＸＹ」ドレスで表舞台に登場！
一方、時代の推移に伴う野球に対する人々の見方の変化も、殿堂への選出に求められる基準や対象となる選手の層を変えている。

　例えば、2002年に殿堂入りしたオジー・スミスである。シーズン本塁打は6本が最高と打撃での活躍は乏しかったものの、カージナルス時代の監督であったホワイティ・ハーゾックが「毎シーズン何勝か上積みしてくれた」とスミスの遊撃の守備を高く評価したため、守備だけと思われていた選手への見方そのものが好転する。

　殿堂入りの候補から外れた選手らを審議するベテランズ委員会が、1994年にフィル・リズート（元ヤンキースの遊撃手）を選出したのも、守備の貢献度の高さが評価された結果だった。

　あるいは、各種の指標の開発による野球の分析の進化も、選手の評価に新たな尺度をもたらしている。

　出塁率と長打率を合計したOPSを、球場の特性などを加味したパークファクターで調整したOPS＋は100でリーグの平均となり、他のシーズンや通算記録の比較を可能にするための指標として考案された。その結果、異なる時代の選手の成績を相対化して比較できるようになった。

　2024年12月にベテランズ委員会が選出したディック・アレン（元フィリーズ、ホワイトソックスなど）は、1970年代を代表する強打者の一人だった。

　投手が優位の時代であったために大リーグ15年間の通算成績は1848安打、351本塁打、1119打点と傑出したものではなかったが、通算のOPS＋は24年シーズンの終了時点で歴代25位だった。

　アレンより上位の24人のうち、現役選手4人を除けば15人が殿堂入りしていただけに、選出も間近と考えられていた。今回の選出は現代の指標が過去の成績の価値を正当に評価した典型例ということになるだろう。

　また、大リーグ機構によるニグロ・リーグの記録の整備事業の進展は、24年5月に大リーグの公式データベースに同リーグの数値が反映されたことで一つの区切りを迎えた。

　現在、機構はニグロ・リーグの再評価を進めていることもあり、今後はデータベースを活用した同リーグの選手の殿堂での顕彰が活発になることが予想される。

　野球人の最高の栄誉は、その名前と肖像が野球殿堂に掲額されることである。これまで基準がさまざまに変化してきただけに、今後も思いがけない選手が栄誉に浴することになるだろう。

（鈴村裕輔／野球文化学会会長・名城大准教授）

　　◇　　◇　　◇

　ところで、メジャーの野球殿堂入りが確実視されるイチローと大谷翔平はどちらも天才として知られるが、両者には「決定的な差異」がある。いったいどういうことか。何が、どう違うのか。

●関連記事【もっと読む】…では、それらについて詳しく報じている。",[],[]
佐々木朗希のドジャース1年目はシーズン途中「強制終了」に現実味…ポストシーズンはベンチ観戦か（日刊ゲンダイDIGITAL）,https://news.yahoo.co.jp/articles/4337eb7008ca15d54a3a014576890abff8b35933,https://newsatcl-pctr.c.yimg.jp/t/amd-img/20250122-00000010-nkgendai-000-1-view.jpg?exp=10800,2025-01-22T09:06:00+09:00,2025-01-22T09:06:00+09:00,日刊ゲンダイDIGITAL,nkgendai,日刊ゲンダイDIGITAL,1839,"佐々木朗希（Ｃ）共同通信社
ドジャースと合意した佐々木朗希（23=前ロッテ）への期待は高まるばかりだ。

　米野球データサイト「ファングラフス」は日本時間18日、成績予想システムとして的中率が高いと評判の「ZiPS　プロジェクション」を更新し、佐々木の渡米1年目の成績を「26試合（148イニング）に先発し、10勝8敗、防御率3.20、190奪三振」と予想。ドジャース投手陣では勝ち星は大谷と並ぶ4位タイ、奪三振数は2位。貢献度を示すWARはエース右腕グラスノーと並ぶ3.7と高い数値をマークした。
❤ＳＥＸＹすぎるっ！！！❤ 元日本ハム選手の美人妻が「胸元パックリ」の「超ＳＥＸＹ」ドレスで表舞台に登場！
日本の解説者からも期待する声が上がっている。

　メッツなどでプレーした五十嵐亮太氏は19日、テレビ朝日系の「有働Times」に出演し「（登板試合数）は25試合くらいじゃないか。その中でいいところで15勝」とエース級の活躍を予想した。

　昨年12月10日の交渉解禁後、代理人のジョエル・ウルフ氏に20球団が接触を図った。まだ23歳と若く伸びしろを残し、多くのメジャー球団から評価されたとはいえ、1年目から2ケタ勝利は厳しいと見るのが妥当なところではないか。

　今季のド軍の先発候補は佐々木以外に、グラスノー、ジャイアンツから移籍の左腕スネル、2年目の山本のエース級3人に、5月に投手復帰が予定される大谷の他、ナック、シーハンら計9人がズラリと並ぶ豪華布陣だ。

　移籍1年目の佐々木が開幕からローテ入りするかどうかはともかく、レギュラーシーズンでは登板を制限されそうだ。

　大リーグに詳しいスポーツライターの友成那智氏がこう言った。

「今季のドジャースはメイ、ゴンソリンといった実績のある投手がトミー・ジョン手術から復帰する予定で、先発だけで9人を用意しています。開幕から6人ローテで行くのは確定しており、選手の好不調、故障の有無、疲労度を見極めて順次、入れ替える方針です。ド軍は投手、特に先発は故障防止に細心の注意を払っており、心身への負担を軽減するためにも無理はさせない。25歳以下の若手投手にはその傾向が顕著で、昨年は山本が右肩を故障したこともあり、レギュラーシーズンの登板は18試合、23年にメジャーデビューして11勝（4敗）をマークしたミラーも安定した投球を続けていたが、22試合の登板にとどまった。佐々木も同様に登板数、イニング数を制限されるはずです」
「フロントは佐々木の故障防止には細心の注意を払う」
佐々木朗希（Ｃ）共同通信社
多くの米メディアはドジャース入りの決め手になったのは、負担の少ない「6人ローテ」を編成できる投手陣の層の厚さだと指摘している。昨季までのロッテでの実働4年間で最も多く投げたのは2022年の129回3分の1。暇さえあれば、右腕のコンディション不良などで離脱し、一度も規定投球回数（143）をクリアしていない。中6日のローテすら守れず、日本以上に登板間隔が短いメジャーではシーズンを通じて投げるのは厳しい。将来性はあっても、フィジカルの不安を拭えないのは本人もドジャースも織り込み済みだろう。

「数年後には大谷、山本と3人の日本人ローテを見込むド軍フロントは佐々木の故障防止には細心の注意を払うはずです。今季は少しでも調子を崩したり、異変が生じれば、肩、肘を痛めていなくても、負傷者リスト（IL）入りさせて様子を見るでしょう。新人投手の目安である20試合に満たなくても、レギュラーシーズン途中でシャットダウンする可能性もあり、ローテとして十分に機能し、仮にチームが13年連続ポストシーズン（PS）進出を果たしたとしても、投げさせてもらえないのではないか。PS進出やリーグ優勝決定の瞬間はロースターから外れ、ベンチで見届けることになるかもしれません」（前出の友成氏）

「未完の大器」として、将来性を高く評価されている佐々木。期待に応えられるようになるまで、しばらく時間がかかりそうだ。

　　◇　　◇　　◇

　佐々木は大谷の「お荷物」になりかねない。メジャー移籍1年目で右も左も分からなくて、体力面も含めて課題だらけ。そんな同郷の後輩に大谷が何かと世話を焼くことになるのは目に見えていて、そこに「大谷の事情」も重なるからだ。いったいどういうことか。

●関連記事【もっと読む】…では、それらについて詳しく報じている。",[],[]
豚肉を食べない金峰山のパワーの源…朝青龍に見いだされ来日、大好物は寿司や刺し身（日刊ゲンダイDIGITAL）,https://news.yahoo.co.jp/articles/7b4d347bc299f37fdcd45f9eb9d8d728babf44f4,https://newsatcl-pctr.c.yimg.jp/t/amd-img/20250122-00000009-nkgendai-000-1-view.jpg?exp=10800,2025-01-22T09:06:00+09:00,2025-01-22T09:06:00+09:00,日刊ゲンダイDIGITAL,nkgendai,日刊ゲンダイDIGITAL,913,"阿炎（右）が金峰山を突き落とす（Ｃ）共同通信社
ついに土がついた。

　無敗街道を突っ走っていた西前頭14枚目の金峰山（27）が、小結阿炎に突き落とされて初黒星。立ち合いの出足をもろ手で止められ、いなされると土俵にばったりと両手をついた。
❤ＳＥＸＹ すぎるっ！！！❤ 貴景勝の妻は元大関・北天佑の次女で4歳年上の「ＳＥＸＹすぎる」元モデル！
その間、わずか1秒。それでも、1敗の千代翔馬も敗れて単独トップはキープし、「思い切りいったけど、肩に力を入れ過ぎた。でも、体は動いている」と振り返った。流暢な日本語を話すが、出身は中央アジアのカザフスタンだ。

　母国で柔道をしていたところ、たまたま現地を訪れていた元横綱朝青龍の目に留まり、18歳で現在の目黒日大高に編入したのは有名な話。日大卒業後の2021年11月場所でデビューし、22年9月場所で十両昇進。同国出身初の関取になった。

「カザフスタンは人口の約70％がイスラム教徒。金峰山も宗教上の理由で豚肉、酒を口にしない。所属の木瀬部屋ではちゃんこに豚肉を使う際は、金峰山用に別のメニューを作っています」

　とは、部屋OB。

　195センチ、180キロの体から繰り出す、突きと押しの威力は角界随一。食事の制限がある中でパワーの源になっているのが、刺し身と寿司だという。特にサーモンに目がなく、寿司屋に行くと店中のサーモンを食いつくす勢いだという。

　初のストレートでの勝ち越しを決めた19日に、「あとは全部負けてもいいや」と周囲を笑わせていたが、すぐに「大勝ちしたい」と前言撤回、欲を見せた金峰山。今場所で初の賜杯を抱けるかどうかはともかく、八角理事長も認める素質があるだけに、今場所で自信をつければ、出世街道をまい進する可能性もありそうだ。

　　◇　　◇　　◇

　大相撲と言えば、先場所限りで土俵を降りた貴景勝は、過去に2場所連続で「優勝に準ずる成績、優勝」しながら横綱になれなかった。いったいなぜか。貴乃花の元弟子だからなのか。日本相撲協会・八角理事長を直撃すると、意外な答えが返ってきた。

●関連記事【もっと読む】…では、それらについて詳しく報じている。",[],[]
フジテレビAC祭りの中、なかやまきんに君とゆうちゃみが大フィーバー→どちらもCMに起用していた企業が存在した！（日刊ゲンダイDIGITAL）,https://news.yahoo.co.jp/articles/f3220ba55f00982b65e4d3ae89a3cacaf620f9e4,https://newsatcl-pctr.c.yimg.jp/t/amd-img/20250122-00000008-nkgendai-000-1-view.jpg?exp=10800,2025-01-22T09:06:00+09:00,2025-01-22T09:06:00+09:00,日刊ゲンダイDIGITAL,nkgendai,日刊ゲンダイDIGITAL,1035,"ゆうちゃみ（Ｃ）日刊ゲンダイ
元SMAPの中居正広（52）の女性トラブルに端を発したフジテレビの幹部社員による上納疑惑。同局に提供していたCMをACに差し替える企業は75社に達したと報じられるなど騒動の拡大が続いているが、この状況に対し、《久々にフジテレビ見たらほんとにACジャパンのCMだらけ》といった声がX（旧ツイッター）に続々と上がっている。
【写真】フジテレビ日枝久相談役に「超老害」批判…局内部の者が見てきた数々のエピソード
実際、フジテレビの放送は20日頃から放送の至る箇所のCMがACだらけに。ただ、一口にACのCMと言っても、それには複数のバージョンがあるのも事実だ。このため、《AC〜のCM見たいからフジテレビでも見るか》といった野次馬的な投稿も見られるほか、《きんに君とゆうちゃみACバブルだな》というように、中山きんに君バージョンとゆうちゃみバージョンを見たとする声が特に多い。
きんに君は2022年、ゆうちゃみは23年に起用
なかやまきんに君（Ｃ）日刊ゲンダイ
ACのCMは他の芸能人が出演するバージョンのCMも流れており、CMの差し替えが相次ぐ中、フジテレビはこれらの人たちに頭が上がらないだろう。その中でも、視聴者からの反応を見ると、特に、お笑い芸人・なかやまきんに君（46）とモデル・ゆうちゃみ（23）には感謝してもしきれないのではないだろうか。それこそ、この2人を今後フジテレビは積極的に起用するという恩返しが必要かもしれないが、実は、きんに君とゆうちゃみのどちらもCMに起用していた企業があることをご存じだろうか。

　その企業の名は、大阪市に本社を置く阪神住建。同社は2022年にきんに君、23年にはゆうちゃみを起用し、同社が運営する「SPAWORLD HOTEL&RESORT」のプール「スパプー」を宣伝するCMを関西地区で放送していたのだ。同社が2人を起用していたことと今回の2人のフィーバーぶりは全くの偶然だが、たまたまとはいえ2人にブームが来ている以上、阪神住建は今度は2人をまとめて起用して全国CM……なんて展開もありかもしれない。

　　◇　　◇　　◇

　フジテレビには「天皇」と呼ばれている人物がいるらしい。関連記事【もっと読む】フジ女子アナ“上納接待”疑惑「諸悪の根源」は天皇こと日枝久氏か…ホリエモンは「出てこい！」と訴え、OBも「膿を全部出すべき」…では、同社相談役取締役の日枝久氏の強権ぶりについて伝えている。",[],[]
TBS「金スマ」打ち切りで次は…フジテレビ“女子アナ志望”学生番組の気になる今後（日刊ゲンダイDIGITAL）,https://news.yahoo.co.jp/articles/3adf0f518420e0abdcd9b01dede262ce068fe8bf,https://newsatcl-pctr.c.yimg.jp/t/amd-img/20250122-00000007-nkgendai-000-1-view.jpg?exp=10800,2025-01-22T09:06:00+09:00,2025-01-22T09:06:00+09:00,日刊ゲンダイDIGITAL,nkgendai,日刊ゲンダイDIGITAL,1316,"女子大生がおじさんたちにいじられる番組に世間は…（Ｃ）日刊ゲンダイ
1月20日、TBSはトークバラエティー「中居正広の金曜日のスマイルたちへ（以下、金スマ）」の放送終了を発表した。中居正広の女性トラブルの影響で、出演番組の打ち切りや降板が続いているが、騒動前から「金スマ」はSNSではスタジオに並ぶ「赤い服」の女性たちの存在に賛否があった。
【写真】フジテレビ日枝久相談役に「超老害」批判…局内部の者が見てきた数々のエピソード
タレントのフィフィも19日、自身のXで《番組MCの後ろに赤い服を着たミニスカートの女性が、何をするわけでもなくただズラーっと並んで座っている光景に、あの頃ずっと違和感がありました》と投稿し、大きな反響があった。

　同時に視聴者から《金スマ終わるやん。オールナイトフジコも早く終われ！！》という反応も続々と上がっている。

　23年4月からフジテレビ系深夜枠で放送中の『オールナイトフジコ』のことだ。1983年から91年まで放送された『オールナイトフジ』を32年ぶりに復活させた後継番組である。

「“オールナイターズ”と称される女子大生が出演し、『女子大生ブーム』の火付け役となった伝説の番組で、94年にも半年間復刻番組が放送されています。性風俗を扱ったコーナーもあって、男性からの支持が絶大でした。当番組にはディレクターとして港浩一社長が携わっていました」（芸能ライター）

　その後、2009年から1年間は後継番組として『キャンパスナイトフジ』が復活。現在の『オールナイトフジコ』に繋がる。

「令和の現在も、昭和のノリで女子大生タレントに下ネタの企画をやらせていますが、女子大生側もミスコン出身者などのアナウンサー志望もいて、前から“がんばらされている感”が不快だという声もありました。今回、中居騒動があって、番組ファンは複雑ながらこの状況で続けることに否定的な反応は日に日に大きくなっています。また、フジテレビは3月末で終了の『ワイドナショー』でも、“ワイドナ女子高生”としてティーンの女子を中心に出演枠をもうけていましたが、視聴者からはその必要性がたびたび議論に上がっていました。中居騒動後の放送では姿を消して話題になっています」（前出）

《フジはオールナイトフジコみたいな気持ち悪い番組をまだ続けているので、局を解体しないとダメだと個人的には思う》

《中居正広の女性トラブルで女性の人権が大きな問題になっている最中に、こういうフザけた番組を放送するかね？》

《オールナイトフジコはほぼ間違いなく3月末終了やろな。今のフジテレビにおいて深夜の女子大生わちゃわちゃは相性最悪でしょ》

《フジテレビの件を受けてオールナイトフジコ終了しそう　この情勢で権力持ったおじさんたちが若い女性にエロいことさせる構図とか絶対アウトでしょ》

　フジテレビ不信が始まった現在、女性を集めた番組には厳しい目を向けられている。

　　◇　　◇　　◇

　港社長の人物像は？●関連記事【もっと読む】フジ港浩一社長から消えなかったバブル臭…伊豆温泉不倫旅行に麻布十番デート、女子大生ブームの仕掛け人…に詳しい。",[],[]
フジテレビ「芸能界との蜜月」は港社長に引き継がれ…87歳日枝久氏はなぜ引退しないのか？（日刊ゲンダイDIGITAL）,https://news.yahoo.co.jp/articles/e1bef2851c4f2e8f9d101d7752015e255b532f80,https://newsatcl-pctr.c.yimg.jp/t/amd-img/20250122-00000006-nkgendai-000-1-view.jpg?exp=10800,2025-01-22T09:06:00+09:00,2025-01-22T09:06:00+09:00,日刊ゲンダイDIGITAL,nkgendai,日刊ゲンダイDIGITAL,1819,"日枝久氏（Ｃ）日刊ゲンダイ
中居正広（52）の女性トラブルと、フジテレビ編成幹部の“上納疑惑”を受けて、同社の港浩一（72）社長らの定例社長会見が17日、前倒しで開かれた。だが、週刊誌やウェブメディアなどの出席が認められず、生中継や動画撮影などが不可に。さらに、肝心な質問に「回答を控える」を連発する有り様で、幹部の疑惑を一層深めることとなった。
【写真】フジテレビ日枝久相談役に「超老害」批判…局内部の者が見てきた数々のエピソード
「定例社長会見の前に発売された『週刊文春』で、編成幹部の関与について、新たな被害者である現役女子アナの爆弾告白が掲載されました。同時に港社長が常務時代に、大手芸能プロの社長らを接待し、その場に女子アナがアテンドされていたとも報じられている。この件に関して、港社長は“調査委員会に委ねる“と逃げ切りましたが、人気タレントや大手プロへの迎合、癒着は、フジに今なお君臨する日枝久氏の時代から行われていたという声も上がっている」（芸能ライター）

　日枝氏は1961年に早稲田大学を卒業後、フジテレビに入社。労働組合結成に奔走し、組合の書記長に就任。1980年5月に42歳の若さで編成局長に抜擢され、1980年代のフジの黄金期をけん引した。

「1988年にフジサンケイグループの初代議長の鹿内信隆氏の長男、春雄氏が急死後に日枝氏は社長に就任。2001年には会長の座に就いて、長きに渡って“ドン“として君臨。17年に相談役に退き、たびたび『引退すべき』との声があがっていますが、いまだに影響力を持ち続けています」（週刊誌記者）

　近年、日枝氏に対して、フジ・メディア・ホールデングスの株式総会で「日枝、やめろ！」と怒号が飛んだこともあるが、引退する様子は一向に見せない。日枝氏が隠然とした力を持ち続ける背景に、政財界、芸能界の幅広い人脈があるという。

「編成局長時代に『夕やけニャンニャン』、社長時代に『とんねるずのみなさんのおかげです』で高視聴率を記録している日枝氏は、とんねるず、特に石橋貴明をかわいがり、プライベートで食事やゴルフによく行っていました。同時に『ドリフ大爆笑』のドリフターズ所属の『イザワオフィス』の井澤健氏などとも蜜月関係を築いています。ちなみに当時、これら番組のスタッフだったのが港社長。港社長は日枝氏同様、石橋と個人的に親しい。大手芸能プロ幹部を囲む会で女子アナをアテンドしていたと文春に報じられた港社長は、日枝イズムの継承者といっても過言ではありません」（前出・芸能ライター）

■ライブドア買収騒動で芸能界の重鎮との関係は強固に

　日枝氏が芸能界との関係をさらに深めたと言われるのが、会長時代の2005年に起こったライブドアによるニッポン放送、フジテレビ買収騒動だという。
　
「当時、ライブドアの社長だったホリエモンこと堀江貴文氏は、フジテレビに影響力を持つ大手芸能プロのオーナーらを味方につけようと奔走したといいます。『夕やけニャンニャン』で放送作家として一躍、脚光を浴びた秋元康氏は当時、ライブドア子会社の取締役だったことから、堀江氏と芸能界の重鎮たちのパイプ役となった」と話す大手芸能プロ幹部はこう続ける。

「あるとき、堀江氏は芸能界の重鎮が飲んでいた銀座の高級クラブに赴いた。しかし、ジーパンにTシャツ姿で現れた堀江氏が銀座のドレスコードとはおよそかけ離れていたことから、重鎮の一人が堀江氏を追い返し、根回しは失敗に終わったといいます。芸能界の重鎮たちのほか、タモリをはじめフジと関係の深いタレントらは堀江氏ではなく、フジに味方したことで、日枝氏らは彼らに頭が上がらなくなったというのがもっぱらです」

　港社長の会見後、スポンサー離れが加速し、その数およそ50社にのぼっている。窮地に陥ったフジテレビは、自らの手で膿を出し切ることができるのか。

（本多圭／芸能ジャーナリスト）

　　◇　　◇　　◇

　87歳日枝氏の進退に影響は出るのか？ 関連記事【もっと読む】フジ女子アナ“上納接待”疑惑「諸悪の根源」は天皇こと日枝久氏か…ホリエモンは「出てこい！」と訴え、OBも「膿を全部出すべき」、【あわせて読む】フジテレビは株主総会に戦々恐々…宿敵ホリエモンら“くせ者”が日枝久氏ら経営陣に退陣要求も？…では、日枝氏の今後について考えられる可能性について伝えている。",[],[]
フジ港浩一社長から消えなかったバブル臭…伊豆温泉不倫旅行に麻布十番デート、女子大生ブームの仕掛け人（日刊ゲンダイDIGITAL）,https://news.yahoo.co.jp/articles/e9376d7c6414d5c1c55cce1fec616d9ab815269a,https://newsatcl-pctr.c.yimg.jp/t/amd-img/20250122-00000005-nkgendai-000-1-view.jpg?exp=10800,2025-01-22T09:06:00+09:00,2025-01-22T09:06:00+09:00,日刊ゲンダイDIGITAL,nkgendai,日刊ゲンダイDIGITAL,1504,"フジテレビの港浩一社長（Ｃ）日刊ゲンダイ
中居正広（52）の女性トラブルをめぐり、幹部社員の関与が「週刊文春」などに報じられたフジテレビ。17日に同社の港浩一社長（72）の会見が行われたが、案の定、大炎上した。参加できたのは「ラジオ・テレビ記者会」の記者クラブ加盟者のみで、テレビ局の会見なのに動画撮影は禁止。しかも、港社長は会見冒頭から約10分間にわたって書面を読み上げ、質疑応答では「調査委員会にゆだねたい」と繰り返した。
【写真】フジテレビ日枝久相談役に「超老害」批判…局内部の者が見てきた数々のエピソード
フジテレビ社員がタレントとアナウンサーを二人きりにして性的に接触させることが常態化しているとの内容も報じられたが、この点について、記者からただされた港社長は「私はなかったと信じたいと思う」と答えた。さらに港社長自身が食事会に女性社員を同席させたことがあるとの報道に対し、「番組制作や企業活動に伴って、出演者やプロダクションなど取引先と懇親の場を持つことはもちろんある」とした上で「わたくしも調査対象」として明言を避けた。

「23日にはフジテレビを中核子会社とするフジ・メディア・ホールディングスが臨時取締役会を開き、日弁連が規定する『企業等不祥事における第三者委員会ガイドライン』に基づく第三者委員会の設置が議題に上がる予定です。独自の調査委員会の設置で済まそうとしていた港社長は取締役会で厳しい立場に立たされそうです」（フジテレビ関係者）

　会見で苦しい説明に終始した港社長だが、元々は1980年代にディレクターとして『夕やけニャンニャン』や『オールナイトフジ』などの番組を手がけたヒットメーカー。女子大生ブームの火付け役となり、プロデューサーに昇格すると『とんねるずのみなさんのおかげです』や『とんねるずのみなさんのおかげでした』などの大ヒット番組を生み出し、04年には『FNS27時間テレビ』も手掛けた。

■まことしやかに囁かれるフジを象徴する格言

「まさにバブル時代、最もフジテレビが勢いがあった時代にバラエティー部門の頂点に長年君臨した人物ですから、トップアイドルやトップバラエティータレントと一緒に遊んでいたエピソードには事欠きません。そのモテ方も半端なかったと聞いています。当時は『キャバクラで遊び、女性と酒を飲みながら企画書を練れ』なんて格言がフジにあると囁かれていました。フジ社内には現代とは明らかに異なる空気がありました」（フジのバブル時代を知る広告代理店関係者）

　14年には『週刊文春』が、当時62歳だった港社長が、銀座の高級クラブで働いていた30歳年下の女性と伊豆の温泉に不倫旅行をする様子を報じた。

「その後も、麻布十番と若い女性と手を繋いで、一緒に蕎麦店で食事をする姿が目撃されるなど、『70歳近くになってもあの人の若い派手な見た目の女性好きは変わらない』と呆れられていました。あの人の感覚はバブル時代から全く抜けていないんでしょう。今回の騒動も、『どうせ、世間はすぐに忘れるだろう』くらいに軽く考えていたと思います」（芸能プロダクション関係者）

　港社長は21日に社員との「対話集会」を開くというが、早く港社長が表舞台から去ることを願う社員の声が日増しに強まっている。

　　◇　　◇　　◇

　23日の臨時取締役会には、フジ・メディアHDの取締役相談役でフジサンケイグループに君臨する日枝久氏も参加する予定。関連記事【あわせて読む】フジテレビは株主総会に戦々恐々…宿敵ホリエモンら“くせ者”が日枝久氏ら経営陣に退陣要求も？…も一緒にご覧ください。",[],[]
唐沢寿明主演「プライベートバンカー」は、バブル崩壊期の若者たちの30年後を見るようで…（碓井広義／メディア文化評論家）（日刊ゲンダイDIGITAL）,https://news.yahoo.co.jp/articles/865577f626cea62c03b338f4b5a6e9b0f8d3b8e8,https://newsatcl-pctr.c.yimg.jp/t/amd-img/20250122-00000004-nkgendai-000-1-view.jpg?exp=10800,2025-01-22T09:06:00+09:00,2025-01-22T09:06:00+09:00,日刊ゲンダイDIGITAL,nkgendai,日刊ゲンダイDIGITAL,662,"唐沢寿明（Ｃ）日刊ゲンダイ
【碓井広義　テレビ 見るべきものは!!】

　面白い題材を持ってきたものだ。木曜ドラマ「プライベートバンカー」（テレビ朝日系）である。
鈴木保奈美と石橋貴明の明暗…離婚した女性は途端に輝き、男性はおとなしくなる
プライベートバンカーとは、富裕層のための資産管理・運用を専門とする金融のプロフェッショナルだ。主人公の庵野甲一（唐沢寿明）が際立っているのは、顧客の資産を守るためならどんな雑務もいとわず、あらゆる手段を駆使することだ。

　現在の雇い主は外食業界のドン、天宮寺丈洋（橋爪功）。その依頼で、投資詐欺に遭った老舗だんご屋の主人・飯田久美子（鈴木保奈美）を救ったり、天宮寺家の長男で常務取締役の努（安井順平）が抱える愛人問題を解決したりしてきた。

　このドラマの特色は、物語を通じて「資産」や「投資」や「相続」に関する制度や仕組みが明かされ、そこから生まれるサスペンスや悲喜劇を堪能できることだ。

　また唐沢が演じる庵野のキャラクターが見る側を飽きさせない。銀髪に黒ぶちメガネ。雨傘を手にした英国紳士風のたたずまい。金融の知識や経験から繰り出す奇手・奇策。時々、カメラ（視聴者）に向かって独白するが、その本心は見通せない。

　そんな庵野を「マネーの師」と決め、弟子入りしたのが、だんご屋の久美子だ。唐沢と鈴木が並ぶと、往年の青春ドラマ「愛という名のもとに」（フジテレビ系）が思い浮かぶ。バブル崩壊期の若者たちの30年後を見るようで、何やら感慨深い。

（碓井広義／メディア文化評論家）",[],[]
大泉洋「室町無頼」で時代劇の完全復活なるか？ 「侍タイムスリッパー」は興収8億円の大ヒット（金澤誠／映画ライター）（日刊ゲンダイDIGITAL）,https://news.yahoo.co.jp/articles/7fd7fe93a60d176d0e40ba622dc2a71bb21fc987,https://newsatcl-pctr.c.yimg.jp/t/amd-img/20250122-00000003-nkgendai-000-1-view.jpg?exp=10800,2025-01-22T09:06:00+09:00,2025-01-22T09:06:00+09:00,日刊ゲンダイDIGITAL,nkgendai,日刊ゲンダイDIGITAL,1599,"大泉洋（Ｃ）日刊ゲンダイ
昨年は真田広之がプロデュースも兼ねた主演作「SHOGUN 将軍」がエミー賞で18部門受賞、製作費2600万円の「侍タイムスリッパー」が興行収入8億円を超える大ヒットと、時代劇が話題を集めた。そして年明けの1月17日から大泉洋主演のアクション大作「室町無頼」が公開中だ。
【写真】飯豊まりえと新垣結衣、似ている？
これは垣根涼介の同名小説を入江悠監督が映画化した作品。時は大飢饉と疫病が日本中を襲った、応仁の乱前夜の1461年。生活に苦しむ民衆のために、日本史上、初めて武士階級として一揆を起こした首謀者・蓮田兵衛と、その仲間たちの活躍を描いた一大エンターテインメントである。剣客でもある兵衛をカッコよく演じる大泉をはじめ、彼の旧友で今は幕府の手先になっている宿敵・骨皮道賢に堤真一、兵衛と師弟のような関係で結ばれる「六尺棒」の達人・才蔵役に長尾謙杜、さらには松本若菜、柄本明、北村一輝ら個性的なキャストが顔をそろえている。

　この映画が注目されるのは、東映と東映アニメーションが手を組んで作られた時代劇大作であること。東映アニメーションは「デビルマン」（2004年）から実写映画にVFXで参加してきたが、私は「デビルマン」の撮影現場を実際に見て、あの時は実写とCGアニメーションの表現が連動していないのが気になった。以来20年、東映アニメーションは「男たちの大和　YAMATO」（05年）で迫力ある戦艦大和での戦闘シーンをVFXで実現し、「ハッピーフライト」（08年）や「ヤッターマン」（09年）など、東映作品以外でも実写映画のVFXを担当して技術を磨いてきた。そして今回、初めて本格的に東映時代劇のVFX表現にチャレンジしている。

　才蔵が「六尺棒」の達人になるまでの1年間にわたる命がけの修行のシーンや、室町時代を再現した京の町並み、剣や矢が人の体を斬り、刺さるリアルな描写など、VFX映像は全編に及ぶが、実写との連動に全く違和感はない。兵衛を中心とするアウトローたちは、いずれも超人的な身体能力の持ち主だが、彼らの動きも合成をうまく使ってスピーディーかつテンポよく見せている。

　全体として貧困と病が蔓延する、社会に対する民衆の怒りが一揆の原動力になっているが、その描き方はあくまでエンタメ寄り。兵衛を含めた9人の仲間たちが、圧倒的な数を誇る幕府軍に戦いを挑む姿は、どこか「ONE　PIECE」の麦わらの一味を思わせるし、今は立場が分かれた兵衛と骨皮の関係は西部劇のアウトローと保安官を思わせる。その意味でも実写の時代劇とアニメーションのアクションが一体となった世界観になっていて、一つのジャンルではくくれない面白さを持った作品だ。

　昨年、時代劇が話題にはなったが、その主な映画の興行収入の数字を見ると、「碁盤斬り」が4億円（昨年12月23日現在、以下同）、「身代わり忠臣蔵」が4.8億円、「八犬伝」が6.6億円、「十一人の賊軍」が3.9億円と、公開規模に違いがあるので一概には言えないが、いずれも大ヒットとは言いがたい。それだけに「侍タイムスリッパー」の健闘が目立つのだが、あの作品はSF、コメディー、人間ドラマ、時代劇へのオマージュなど、複合的な要素を持ったエンタメとしての面白さが、幅広い世代から支持された。「室町無頼」もエンタメとしては、それに続く可能性を秘めた作品だけに、観客の反応が気になるところ。2025年は数字の上でも時代劇の完全復活なるか。その期待がかかる一本である。

（映画ライター・金澤誠）

　　◇　　◇　　◇

　ウクライナやガザの様子を見る限り、戦争は今も日常のすぐ隣にある。関連記事【もっと読む】大泉洋「終りに見た街」が描くのは、戦争は過去のものではないという現実的な「苦み」だ…では、大泉洋の迫真の演技について伝えている。",[],[]
「M-1グランプリ」V2王者の令和ロマンには「実力・戦略・運」すべてが備わっている（ラリー遠田／お笑い評論家）（日刊ゲンダイDIGITAL）,https://news.yahoo.co.jp/articles/e6a9a1f5e3e5be9e314a422114e8a459f8af7aeb,https://newsatcl-pctr.c.yimg.jp/t/amd-img/20250122-00000002-nkgendai-000-1-view.jpg?exp=10800,2025-01-22T09:06:00+09:00,2025-01-22T09:06:00+09:00,日刊ゲンダイDIGITAL,nkgendai,日刊ゲンダイDIGITAL,1033,"令和ロマン（Ｃ）日刊ゲンダイ
【2025新春「笑」芸人解体新書】
#6
令和ロマン

　　◇　　◇　　◇

　昨年末、20回目を迎えた漫才の大会「M-1グランプリ」でまた新たな記録が生まれた。高比良くるまと松井ケムリの2人から成る前年王者の令和ロマンが再び優勝を果たし、前人未到の連覇を達成したのだ。
【写真】令和ロマンが「連覇を目指します！」と宣言した「M-1グランプリ2024」開催会見
1万組前後の出場者が集まるこの大会で、激戦を勝ち抜いて優勝するというのは並大抵のことではない。それを2年続けて達成してしまったというのは、お笑い界の常識をはるかに超えた異常事態である。

　圧倒的な実力が求められるのはもちろん、場の空気をつかんで勝ち抜くための戦略や、くじで決められる出番順の運も必要とされる。恐ろしいことに、昨年の令和ロマンはそのすべてを備えていた。

　彼らが連覇に挑んだのは、ボケ担当のくるまが1度目の優勝に納得していなかったからだ。彼は大会そのものを盛り上げたかったのに、歯車が噛み合わず、不本意な形で優勝をしてしまったという思いがあった。だからこそ参加を決めたのだ。

　一度優勝した人はどういう芸風なのかも世間に知られているし、「勝っているのにまた出場するのか」と他の出場者やお笑いファンからは白い目で見られやすい。

　しかし、彼らはあくまでも漫才師であることにこだわり、優勝後も舞台を大切にして、テレビの出演回数を意図的に抑えていた。そういう姿勢を見せたことで業界内でも嫌われることはなかった。

「M-1」の予選が始まると、くるまは自分たちを「害悪」と位置づけて、ヒールキャラに転身した。肩パッドの入ったサンローランのスーツを着てラスボスのような邪悪な雰囲気を漂わせた。ファイナリスト発表会見の席でも彼は「すべての子羊漫才師を檻に帰す。ただそれだけですね」と語った。

　決勝当日には、前年に続いてくじで1番手に選ばれるという奇跡が起こり、会場が最高潮に盛り上がる中で舞台に現れた。漫才の冒頭でくるまは「終わらせましょう」と挑発的な言葉を放って場を盛り上げ、そのまま爆笑をさらっていった。

　2本目のコント仕立ての漫才でも大きな笑いを取った令和ロマンは、見事に連覇を達成。優勝した瞬間、くるまはヒールキャラを捨てて達成感に満ちた表情をしていた。実力、戦略、運、すべてを備えたV2王者が新たな伝説をつくった。

（ラリー遠田／お笑い評論家）",[],[]
