headline,mainEntityOfPage,image,datePublished,dateModified,author,media_en,media_jp,str_count,body,images,external_links
北海道　記録的高温の後は雨が降る　河川の増水や道路の冠水などに注意（tenki.jp）,https://news.yahoo.co.jp/articles/56bd746614312bd9e44c3e85f58e9cbbc1d668e2,https://newsatcl-pctr.c.yimg.jp/t/amd-img/20240218-00023856-tenki-000-1-view.jpg?exp=10800,2024-02-18T16:00:01+09:00,2024-02-18T16:00:01+09:00,tenki.jp,tenki,tenki.jp,1089,\n画像：tenki.jp\n道内は明日(19日)、この時季では考えられないほどの暖かさとなりますが、午後には道北や道央、道南方面で広く雨が降り出すでしょう。雨に雪解け水も加わるため、河川の増水や道路の冠水が発生する恐れがあります。また、積もっている雪が緩んで雪崩が起こったり、雪解け水や雨が土壌にしみ込むことで地盤が緩んで土砂災害が起こったりする可能性もあるため、注意が必要です。\n記録的高温 のち 雨\n北海道付近には、明日にかけて上空約1500メートル付近に4月下旬から5月中旬並みの、この時季としては非常に暖かい空気が流れ込む見込みです。\n\nこのため、明日の道内は広い範囲で記録的な高温となるでしょう。2月には観測されたことがないような最高気温となる可能性もあります。標高の高い所でもプラスの気温となる所が多くなりそうです。この陽気に加え、明日は南寄りの風がやや強くなる見込みです。暖かい空気が吹きつけると、雪にとっては熱風を浴びせられるようなもの。山間部なども含め、各地で雪解けが進むでしょう。\n\nさらに、午後は道北や道央、道南方面で広く雨が降り出す見込みです。明後日(20日)朝にかけては道南方面を中心に局地的にまとまった雨となりそうです。高温によって雪解け水が多い所に雨水も加わり、雨が降ることによってさらに雪解けが進むことになります。\n融雪災害の恐れ\n画像：tenki.jp\n今回の雨で、春先に起こるような融雪災害が起こる可能性があります。\n\n水が高い所から低い所に流れ込み、道路の冠水が起こって交通障害の発生する恐れや、広い範囲で雪解けが進むことで河川に流れ込む水の量が多くなって河川が増水する恐れがあります。\n\n雪解けによって固くしまっていた積雪が緩み、柔らかくなって急な斜面などで雪崩の発生する恐れや、雨や解けた水が地面にしみ込んで土壌が緩み、土砂災害の発生する危険性も高まります。\n\n道路に水が溜まっている場合、思わぬ深さになっている可能性があるため、通行を避けるようにして下さい。また、増水している河川や急な斜面など、危険な場所には近づかないようにして下さい。\n雨の後は再び真冬に戻る\n画像：tenki.jp\n雨の後、北海道付近には非常に強い寒気が流れ込む見込みです。\n\n道内は21日からは広い範囲で最高気温が0℃未満の真冬日となるでしょう。春のような気温からは一転、真冬の寒さとなりそうです。気温差が大きいと体調を崩しやすくなるため、今週は体調管理にも十分注意が必要です。\n日本気象協会 北海道支社 鎌田 隆則,"['https://newsatcl-pctr.c.yimg.jp/t/amd-img/20240218-00023856-tenki-000-1-view.jpg?pri=l&w=640&h=480&exp=10800', 'https://newsatcl-pctr.c.yimg.jp/t/amd-img/20240218-00023856-tenki-001-1-view.jpg?pri=l&w=640&h=480&exp=10800', 'https://newsatcl-pctr.c.yimg.jp/t/amd-img/20240218-00023856-tenki-002-1-view.jpg?pri=l&w=640&h=480&exp=10800']","['https://news.yahoo.co.jp/articles/56bd746614312bd9e44c3e85f58e9cbbc1d668e2/images/000', 'https://news.yahoo.co.jp/articles/56bd746614312bd9e44c3e85f58e9cbbc1d668e2/images/001', 'https://news.yahoo.co.jp/articles/56bd746614312bd9e44c3e85f58e9cbbc1d668e2/images/002']"
激しい寒暖差に注意　今週前半は春本番の暖かさ　後半は真冬の寒さ　都心も一桁の気温（tenki.jp）,https://news.yahoo.co.jp/articles/339764f45c3c88b5fb4af6a9b454c4a0e7db288e,https://newsatcl-pctr.c.yimg.jp/t/amd-img/20240218-00023853-tenki-000-4-view.jpg?exp=10800,2024-02-18T14:33:46+09:00,2024-02-18T20:33:21+09:00,tenki.jp,tenki,tenki.jp,1467,\n画像：tenki.jp\nこの先1週間も、激しい寒暖差に注意が必要です。前半は「春本番」ですが、後半は「真冬の寒さ」に逆戻りとなりそうです。\n週明け暖気ピーク 後半は寒気\n画像：tenki.jp\n明日19日(月)は、前線が日本海を次第に南下する見込みです。前線に向かって、季節先取りの暖気が北日本まで北上し、全国的に今日18日(日)以上に気温上昇。北海道は、記録的な暖かさとなりそうです。\n\nただ、20日(火)は前線が本州付近を通過したあと、23日(金:天皇誕生日)頃まで本州南岸に停滞。上空には寒気が流れ込み、気温は一気に急降下。全国的に真冬並みの寒さが戻る見込みです。\n\n明日19日(月)～23日(金:天皇誕生日)にかけては全国的に雨で、20日(火)～22日(木)は西日本・東日本では大雨、東北など北日本では雪の強まる所があるため注意・警戒が必要です。\n18日(日)は4月並み 19日(月)は更に上昇 記録的な暖かさ\n画像：tenki.jp\n今日18日(日)は、広い範囲で晴れて4月並みの暖かさの所が多くなっています。14時までの最高気温は、九州～関東では20℃前後まで上がり、東京都心は18.1℃と4月上旬並み。北陸周辺では昨日17日(土)より10℃くらい高く、石川県小松市20.6℃、金沢市18.9℃、輪島市16.0℃など、20℃を超えている所も。また北日本も所々で15℃を超え、福島県いわき市山田町では19.8℃と4月下旬並み、札幌市は6.2℃と3月下旬並みの陽気となっています。\n\n明日19日(月)は、今日18日(日)以上に気温が上がり、記録的な暖かさの所もありそうです。\n「春本番」→「真冬の寒さ」\n画像：tenki.jp\n明日19日(月)は、北日本で記録的な暖かさとなる見込みです。最高気温は、札幌市14℃、函館市15℃、青森市18℃の予想です。予想通り上がれば、これらの地点では2月1位を更新する見込みです。\n\n北海道内では、これまで2月の歴代最高気温は15.8℃(斜里町宇登呂:2010年2月25日)ですが、記録を更新する可能性があります。\n\n九州～東北南部にかけては、20℃くらいまで上がる所が多いでしょう。新潟市で2月に20℃以上になると、2004年以来、20年ぶりとなります。北陸周辺も、この時期としては記録的な暖かさとなりそうです。\n\n20日(火)も、九州～関東では所々で20℃くらいまで上がり、東京都心は22℃と5月上旬並みの予想です。\n\nただ、21日(水)は各地でグッと気温が下がり、札幌は最高気温が0℃未満の真冬日が続くでしょう。東京都心もグッと寒くなり、10℃に届かず一桁の気温の日もありそうです。\n\n今週の天気ポイントは、「春本番から真冬の寒さに逆戻り」です。気温変化が非常に大きくなるため、体調管理にご注意下さい。\n気温と服装の目安\n画像：tenki.jp\n一般的に、気温が10℃を下回ると「冬のコート」や「ダウンコート」」が必須。気温が10℃を超えると「薄手のコート」や「セーター」、15℃を超えると「カーディガン」など軽めの上着、20℃を超えると昼間は上着なしで過ごせると言われます。\n\n人によって暑さや寒さの感じ方が異なりますので、あくまで目安ですが、今週後半は東京都心でも真冬の寒さが戻ります。日々の気温差に加え、一日の中でも気温差が大きくなりますので、重ね着などで上手く調節しましょう。\n日本気象協会 本社 福冨 里香,"['https://newsatcl-pctr.c.yimg.jp/t/amd-img/20240218-00023853-tenki-000-4-view.jpg?pri=l&w=640&h=480&exp=10800', 'https://newsatcl-pctr.c.yimg.jp/t/amd-img/20240218-00023853-tenki-001-4-view.jpg?pri=l&w=640&h=480&exp=10800', 'https://newsatcl-pctr.c.yimg.jp/t/amd-img/20240218-00023853-tenki-002-4-view.jpg?pri=l&w=640&h=480&exp=10800', 'https://newsatcl-pctr.c.yimg.jp/t/amd-img/20240218-00023853-tenki-003-4-view.jpg?pri=l&w=640&h=481&exp=10800', 'https://newsatcl-pctr.c.yimg.jp/t/amd-img/20240218-00023853-tenki-004-4-view.jpg?pri=l&w=640&h=480&exp=10800']","['https://news.yahoo.co.jp/articles/339764f45c3c88b5fb4af6a9b454c4a0e7db288e/images/000', 'https://news.yahoo.co.jp/articles/339764f45c3c88b5fb4af6a9b454c4a0e7db288e/images/001', 'https://news.yahoo.co.jp/articles/339764f45c3c88b5fb4af6a9b454c4a0e7db288e/images/002', 'https://news.yahoo.co.jp/articles/339764f45c3c88b5fb4af6a9b454c4a0e7db288e/images/003', 'https://news.yahoo.co.jp/articles/339764f45c3c88b5fb4af6a9b454c4a0e7db288e/images/004']"
花粉情報　明日19日(月)は天気下り坂も気温上昇　東京で「多い」　各地のピークは（tenki.jp）,https://news.yahoo.co.jp/articles/4d9933ecba560e92d8045af348dd6da5a111d6be,https://newsatcl-pctr.c.yimg.jp/t/amd-img/20240218-00023855-tenki-000-1-view.jpg?exp=10800,2024-02-18T15:26:46+09:00,2024-02-18T15:26:46+09:00,tenki.jp,tenki,tenki.jp,1284,\n画像：tenki.jp\n明日19日(月)は、全国的に天気は下り坂ですが、今日18日(日)以上に気温が上昇。東京は「多い」予想。対策は万全に。各地のピークは?\n明日19日(月) 天気下り坂も油断禁物\n画像：tenki.jp\n明日19日(月)は、全国的に天気は下り坂ですが、雨が降り出すまでは花粉が飛びやすいでしょう。\n\n九州は朝から雨、中国・四国、近畿、東海は午後から所々で雨、北陸や東北、北海道も夜は広い範囲で雨となるでしょう。関東も夜遅くから雨が降り出す見込みです。\n\n九州や四国、東北南部は「やや多い」、東京は「多い」予想です。花粉症の方は、対策を万全に行いましょう。\n20日(火)以降は雨が降りやすい\n画像：tenki.jp\n20日(火)以降は、全国的に雨が降りやすいでしょう。ただ、雨雲がかからない時間帯は、花粉が飛びやすくなります。\n\n21日(水)は東京で「多い」、仙台では「やや多い」予想です。\n\n福岡など九州でも、「やや多い」日が多く、25日(日)は「多い」見込みです。\n\n今週は雨の日が多いですが、油断せずに対策をとりましょう。\nピークが近づく\n画像：tenki.jp\nスギ花粉の飛散がピークを迎える時期は、福岡・高松・東京は2月下旬から、広島・大阪・名古屋・金沢・仙台は3月上旬からとなるでしょう。ピークの期間は10日から1か月ほど続く見込みです。特に、晴れて、気温の高い日は要注意です。\n\nまた、ヒノキ花粉のピークは、3月下旬から4月上旬の所が多いでしょう。仙台はヒノキ花粉の飛散量は少なく、はっきりしたピークは現れない見込みです。\n\n東京都内では、春一番の吹いた15日(木)は青梅でスギ花粉が287.7個/cm2観測されるなど花粉の飛散が急増しました。雨上がりの晴れ、気温高い、風が強い、空気が乾燥する日は花粉が多く飛ぶため注意が必要です。\n外出時の花粉対策\n画像：tenki.jp\n花粉症の症状を緩和させるには、花粉を避けることが大切です。マスクやメガネをつけ、衣類も工夫しましょう。\n\n①メガネ\nメガネを使用しない場合に比べて眼に入る花粉量はおよそ40%減少し、防御カバーのついた花粉症用のメガネではおよそ65%も減少するという実験結果があります。\n\n②マスク\n感染症予防として使用している方も多いかと思いますが、花粉を吸いこむ量もおよそ3分の1から6分の1に減らすことができます。マスクは顔にフィットするものを選ぶことが大切です。また、マスクの内側にガーゼを当てること(インナーマスク)でさらに鼻に入る花粉が減少することが分かっています。\n\n③衣類の工夫\n一般的にウール製の衣類などは木綿や化繊に比べて花粉が付着しやすく、花粉を屋内に持ち込みやすくなります。ウールの花粉のつきやすさは、綿に比べるとおよそ10倍にもなります。外出の際は、外側にウール素材の衣服を着ることは避けて、表面がツルツルした素材の上着を選ぶようにしましょう。\n日本気象協会 本社 福冨 里香,"['https://newsatcl-pctr.c.yimg.jp/t/amd-img/20240218-00023855-tenki-000-1-view.jpg?pri=l&w=640&h=480&exp=10800', 'https://newsatcl-pctr.c.yimg.jp/t/amd-img/20240218-00023855-tenki-001-1-view.jpg?pri=l&w=640&h=480&exp=10800', 'https://newsatcl-pctr.c.yimg.jp/t/amd-img/20240218-00023855-tenki-002-1-view.jpg?pri=l&w=640&h=480&exp=10800', 'https://newsatcl-pctr.c.yimg.jp/t/amd-img/20240218-00023855-tenki-003-1-view.jpg?pri=l&w=640&h=480&exp=10800', 'https://newsatcl-pctr.c.yimg.jp/t/amd-img/20240218-00023855-tenki-004-1-view.jpg?pri=l&w=640&h=480&exp=10800']","['https://news.yahoo.co.jp/articles/4d9933ecba560e92d8045af348dd6da5a111d6be/images/000', 'https://news.yahoo.co.jp/articles/4d9933ecba560e92d8045af348dd6da5a111d6be/images/001', 'https://news.yahoo.co.jp/articles/4d9933ecba560e92d8045af348dd6da5a111d6be/images/002', 'https://news.yahoo.co.jp/articles/4d9933ecba560e92d8045af348dd6da5a111d6be/images/003', 'https://news.yahoo.co.jp/articles/4d9933ecba560e92d8045af348dd6da5a111d6be/images/004']"
今週の天気　春本番から真冬の寒さに逆戻り　前線停滞で長雨　西・東日本は大雨の恐れ（tenki.jp）,https://news.yahoo.co.jp/articles/a2d1c3424d5accc2e876a2aecc9d26550242ac05,https://newsatcl-pctr.c.yimg.jp/t/amd-img/20240218-00023857-tenki-000-5-view.jpg?exp=10800,2024-02-18T17:20:51+09:00,2024-02-18T20:32:27+09:00,tenki.jp,tenki,tenki.jp,1933,\n画像：tenki.jp\n今週の天気ポイントは、「激しい寒暖差」と「大雨」に注意が必要です。前半は春本番ですが後半は真冬の寒さに逆戻り。本州付近に前線が停滞するため季節外れの長雨となり、20日(火)～22日(木)頃は、西日本や東日本では大雨の恐れがあるため警戒が必要です。\n前線が停滞 季節外れの長雨に\n画像：tenki.jp\n明日19日(月)は、前線が日本海から次第に南下、西からは別の前線が東進する見込みです。前線に向かって、季節先取りの暖かい空気が北日本まで流れ込み、全国的に気温が平年より大幅に高くなる見込みです。特に、北日本では、記録的な暖かさとなるでしょう。南よりの風が強まるため、九州北部などで「春一番」の可能性があります。\n\n20日(火)以降は、前線が本州付近に停滞する見込みです。22日(木)頃にかけて、前線に向かって暖かく湿った空気が流れ込み、九州～関東を中心に大雨となる恐れがあります。石川県では、20日(火)～21日(水)は、警報級の大雨の可能性があるため警戒が必要です。\n19日(月) 天気下り坂 南風強まり「春一番」か\n画像：tenki.jp\n明日19日(月)は、全国的に天気は下り坂です。西日本は朝の通勤・通学の時間帯から雨で、雷を伴い激しく降る所もあるでしょう。午後は東日本や北日本でも雨が降り出す見込みです。全国的に南よりの風が強まり、九州北部や近畿などで「春一番」の発表があるかもしれません。\n\n「春一番」は、荒天をもたらす「春の嵐」のため、注意・警戒が必要です。\n季節外れの大雨の恐れ\n画像：tenki.jp\n20日(火)は全国的に雨で、この雨を境に、上空の寒気が南下する見込みです。北海道や東北では雪の日が多くなり、強まる所もあるでしょう。一方、九州から関東では23日(金)頃にかけて断続的に雨で、20日(火)～22日(木)頃は活発な雨雲が次々とかかり、2月ひと月分の雨量を超えるような大雨になる恐れがあります。\n\n2月の雨量は、東京都心など一年で最も少ない時期ですが、九州～関東の所々で平年の2月ひと月の雨量を超すような雨が予想されています。道路の冠水などに注意が必要です。\n春本番から真冬の寒さに逆戻り\n画像：tenki.jp\n明日19日(月)は、今日18日(日)以上に気温が上昇し、北日本で記録的な暖かさとなる見込みです。札幌市14℃、函館市15℃、青森市18℃の予想です。予想通り上がれば、これらの地点では2月1位を更新する見込みです。\n\n北海道内では、これまで2月の歴代最高気温は15.8℃(斜里町宇登呂:2010年2月25日)ですが、記録を更新する可能性があります。\n\n九州～東北南部にかけては、20℃くらいまで上がる所があるでしょう。新潟市で2月に20℃以上になると、2004年以来、20年ぶりとなります。北陸周辺も、この時期としては記録的な暖かさとなりそうです。\n\n20日(火)も、九州～関東では所々で20℃くらいまで上がり、東京都心は22℃と5月上旬並みの予想です。\n\nただ、21日(水)は各地でグッと気温が下がり、札幌は最高気温が0℃未満の真冬日が続くでしょう。東京都心もグッと寒くなり、10℃に届かず一桁の気温の日もありそうです。\n\n今週の天気ポイントは、「春本番から真冬の寒さに逆戻り」です。気温変化が非常に大きくなるため、体調管理にご注意下さい。\n今週前半は気温上昇 融雪災害に注意\n画像：tenki.jp\n暖かくなることで心配されるのが、融雪による災害です。積雪が多く残る所では、気温の上昇や雨により雪解けが進むことで、次の3つの災害が発生する恐れがあります。\n\n①雪解けによって「全層なだれ」が発生しやすくなります。山に積もった雪が全て滑り落ちる現象で、気温の上昇や雨の後などに多く発生します。過去になだれが発生した斜面や積雪に亀裂が入っている所では、特に注意が必要です。\n\n②雪解けにより大量の水分が地面に浸み込むことで地盤が緩み、「土砂災害」が発生することがあります。山間部や急な傾斜地では、特に注意が必要です。\n\n③雪が多く積もった道路で、気温が上昇したり、雨が降ったりすると、「冠水」のおそれがあります。路肩に集められた雪によって排水が悪くなったり、雪の塊が排水溝を塞いだりしてしまうことがあるためです。大雪のあとの雨は、たとえ大雨でなくても、道路の冠水に十分ご注意ください。\n\nこのほか屋根からの落雪も多くなるため、屋根の上の雪下ろしや軒先で作業する際は注意が必要です。\n日本気象協会 本社 福冨 里香,"['https://newsatcl-pctr.c.yimg.jp/t/amd-img/20240218-00023857-tenki-000-5-view.jpg?pri=l&w=640&h=480&exp=10800', 'https://newsatcl-pctr.c.yimg.jp/t/amd-img/20240218-00023857-tenki-001-5-view.jpg?pri=l&w=640&h=480&exp=10800', 'https://newsatcl-pctr.c.yimg.jp/t/amd-img/20240218-00023857-tenki-002-5-view.jpg?pri=l&w=640&h=480&exp=10800', 'https://newsatcl-pctr.c.yimg.jp/t/amd-img/20240218-00023857-tenki-003-5-view.jpg?pri=l&w=640&h=480&exp=10800', 'https://newsatcl-pctr.c.yimg.jp/t/amd-img/20240218-00023857-tenki-004-5-view.jpg?pri=l&w=640&h=480&exp=10800', 'https://newsatcl-pctr.c.yimg.jp/t/amd-img/20240218-00023857-tenki-005-5-view.jpg?pri=l&w=640&h=480&exp=10800']","['https://news.yahoo.co.jp/articles/a2d1c3424d5accc2e876a2aecc9d26550242ac05/images/000', 'https://news.yahoo.co.jp/articles/a2d1c3424d5accc2e876a2aecc9d26550242ac05/images/001', 'https://news.yahoo.co.jp/articles/a2d1c3424d5accc2e876a2aecc9d26550242ac05/images/002', 'https://news.yahoo.co.jp/articles/a2d1c3424d5accc2e876a2aecc9d26550242ac05/images/003', 'https://news.yahoo.co.jp/articles/a2d1c3424d5accc2e876a2aecc9d26550242ac05/images/004', 'https://news.yahoo.co.jp/articles/a2d1c3424d5accc2e876a2aecc9d26550242ac05/images/005']"
北極付近の寒気放出　ニューヨークで積雪　日本は何故こんなに暖かい?今後は寒さ戻る（tenki.jp）,https://news.yahoo.co.jp/articles/6806fbcdca283978ce037f6638c6668b9bd2b853,https://newsatcl-pctr.c.yimg.jp/t/amd-img/20240218-00023854-tenki-000-1-view.jpg?exp=10800,2024-02-18T15:08:59+09:00,2024-02-18T15:08:59+09:00,tenki.jp,tenki,tenki.jp,1523,\n画像：tenki.jp\n北極付近に蓄積していた寒気が、中緯度帯に放出しています。負の北極振動と呼ばれる現象です。日本にも寒波をもたらすことのある現象ですが、今回、日本ではこの現象とはあべこべに、季節先取りの暖かさになっています。その原因と今後の見通しです。\n北極付近の寒気放出 ニューヨークではこの時期らしい寒さ 積雪も\n画像：tenki.jp\n北極付近に蓄積していた寒気が、2月に入って、中緯度帯に放出しています。\n上の図は、2月上旬の上空5500メートル付近の大気の状態です。オレンジ色は平年より高度が高く、水色は平年より高度が低いことを示しています。北極付近は相対的にも高度が高くなっています。このため、北極付近に蓄積されていた寒気は、相対的に高度の低い中緯度帯に流れ出しやすくなっています。負の北極振動と呼ばれる現象です。\n\n今回、例えば、アメリカ東北部に度々寒気が流れ込み、現地時間14日頃は、上空5400メートル付近でマイナス30℃以下の強い寒気が流れ込みました。ニューヨークセントラルパークでは、最高気温41℉(5℃)以下と、この時期らしい寒さが続いています。雪も降り、現地時間14日は積雪の深さ2インチ(約5センチ)を観測しました。\n日本は季節先取り 何故こんなに暖かい?\n画像：tenki.jp\n北極付近の寒気が中緯度帯に流れ出しやすい負の北極振動のときは、日本も寒波に見舞われることがあります。ところが、今回、この現象とはあべこべに、季節先取りの暖かさになっています。\n\n一番上の図は、きのう17日の日平均気温の平年差です。日本は平年より高い黄色やオレンジ色が目立ちます。\nきょう18日午後3時までの最高気温は、仙台市で15.3℃、東京都心18.8℃、大阪19.7℃、福岡21.9℃など、いずれも4月並みと、季節先取りの暖かさになりました。\n\n上の図は、今月2月16日まで5日間の上空5500メートル付近の大気の状態です。日本付近はオレンジ色で、高度が平年より高くなっています。日本付近の高度は相対的にも高く、北極付近の寒気は日本には流れ込みにくくなっています。このため、日本は冬の空気ではなく、春の空気に覆われています。\n日本付近で高度が高くなり、それを強めている原因の一つは、図の矢印のように、波のエネルギーが伝わっているためです。\n今後の見通し\n画像：tenki.jp\nこの後、北極付近の寒気が中緯度帯に流れ出しやすい負の北極振動は、次第に解消するでしょう。とはいうものの、北半球全体が一斉に春に向かうことはありません。\n\n日本では、又もやあべこべです。負の北極振動が解消するにもかかわらず、この後は、寒気が流れ込みやすくなるでしょう。\n上の図は、2月の最後の週から3月に入る頃にかけての上空5500メートル付近の予想図です。日本付近は水色で、高度が平年より低くなる見込みです。日本付近では相対的にも高度が低くなります。このため、西シベリア付近で生成された寒気が、日本に流れ込みやすくなるでしょう。\n日本付近で高度が低くなることを強めている原因は、図の矢印のように、ヨーロッパ方面から伝わる波のエネルギーです。もう一つ、アラビア半島付近からも波のエネルギーが伝わり、日本付近の高度が低くなることを強めています。\n\n26日から3月1日の5日間平均気温は、近畿から九州北部は、平年より低い予想です。九州南部や奄美、沖縄は平年よりかなり低くなるでしょう。寒の戻りに備えて、暖かいセーターなど、冬のアイテムは、少し残しておくとよさそうです。\n日本気象協会 本社 白石 圭子,"['https://newsatcl-pctr.c.yimg.jp/t/amd-img/20240218-00023854-tenki-000-1-view.jpg?pri=l&w=640&h=480&exp=10800', 'https://newsatcl-pctr.c.yimg.jp/t/amd-img/20240218-00023854-tenki-001-1-view.jpg?pri=l&w=640&h=480&exp=10800', 'https://newsatcl-pctr.c.yimg.jp/t/amd-img/20240218-00023854-tenki-002-1-view.jpg?pri=l&w=640&h=480&exp=10800', 'https://newsatcl-pctr.c.yimg.jp/t/amd-img/20240218-00023854-tenki-003-1-view.jpg?pri=l&w=640&h=480&exp=10800']","['https://news.yahoo.co.jp/articles/6806fbcdca283978ce037f6638c6668b9bd2b853/images/000', 'https://news.yahoo.co.jp/articles/6806fbcdca283978ce037f6638c6668b9bd2b853/images/001', 'https://news.yahoo.co.jp/articles/6806fbcdca283978ce037f6638c6668b9bd2b853/images/002', 'https://news.yahoo.co.jp/articles/6806fbcdca283978ce037f6638c6668b9bd2b853/images/003']"
近畿～東海　午後も雨が降りやすい　紀伊半島周辺では本降り（tenki.jp）,https://news.yahoo.co.jp/articles/a7926948fbc98993c4d4733461079b211f4a35f9,https://newsatcl-pctr.c.yimg.jp/t/amd-img/20240218-00023851-tenki-000-1-view.jpg?exp=10800,2024-02-18T12:03:28+09:00,2024-02-18T12:03:28+09:00,tenki.jp,tenki,tenki.jp,508,\n画像：tenki.jp\n今日18日(日)は、広い範囲で晴れていますが、近畿～東海では雲が多く、所々で雨が降っています。このあとも雨が降りやすく、沿岸部では本降りとなる所もありそうです。外出の際、雨が降っていなくても念のため雨具をお持ち下さい。\n紀伊半島中心に本降りの雨\n画像：tenki.jp\n今日18日(日)は、本州付近は東の海上に中心を持つ高気圧に覆われ、広い範囲で晴れています。ただ、近畿～東海では、湿った空気の影響で雲が広がりやすく、所々で雨となっています。\n\n18日(日)午前11時までの1時間雨量の日最大値は、三重県志摩市12.0ミリ(10:40まで)、三重県鳥羽市7.0ミリ(11:00まで)など、紀伊半島で本降りの雨となっています。\n今夜にかけて雨が降りやすい\n画像：tenki.jp\n今夜(18日)にかけて、近畿～東海は雲が広がりやすく、所々で雨が降るでしょう。三重県や和歌山など紀伊半島周辺では、本降りの雨の所もありそうです。また、大阪市や名古屋市などでも、にわか雨の可能性があります。お出かけの際は、雨が降っていなくても雨具をお持ち下さい。\n日本気象協会 本社 日直主任,"['https://newsatcl-pctr.c.yimg.jp/t/amd-img/20240218-00023851-tenki-000-1-view.jpg?pri=l&w=640&h=480&exp=10800', 'https://newsatcl-pctr.c.yimg.jp/t/amd-img/20240218-00023851-tenki-001-1-view.jpg?pri=l&w=640&h=480&exp=10800', 'https://newsatcl-pctr.c.yimg.jp/t/amd-img/20240218-00023851-tenki-002-1-view.jpg?pri=l&w=640&h=480&exp=10800']","['https://news.yahoo.co.jp/articles/a7926948fbc98993c4d4733461079b211f4a35f9/images/000', 'https://news.yahoo.co.jp/articles/a7926948fbc98993c4d4733461079b211f4a35f9/images/001', 'https://news.yahoo.co.jp/articles/a7926948fbc98993c4d4733461079b211f4a35f9/images/002']"
北陸　20～21日は石川で警報級大雨　暖気優勢で雪崩や融雪による土砂災害にも注意（tenki.jp）,https://news.yahoo.co.jp/articles/392805a0ddc1f4a07aa9c35741bfcaea227b547b,https://newsatcl-pctr.c.yimg.jp/t/amd-img/20240218-00023852-tenki-000-1-view.jpg?exp=10800,2024-02-18T13:09:24+09:00,2024-02-18T13:09:24+09:00,tenki.jp,tenki,tenki.jp,957,\n画像：tenki.jp\n北陸地方では、19日以降は、しばらく雲に覆われて雨や雪の降る日が続く見込みです。石川県では、20日と21日は警報級の大雨となる可能性もあります。土砂災害には十分注意して安全な場所でお過ごし下さい。また、北陸地方には、このあと20日頃をピークに、季節外れの強い暖気が流れ込む見込みです。21日頃にかけては、積雪地域でも雨が降り、雪解けが急速に進むでしょう。雪崩や融雪による土砂災害(地滑り)、浸水害などにも十分注意して下さい。\n22日頃まで 低気圧や前線に伴う降水が続く 総雨量が多くなる所も\n画像：tenki.jp\n19日は、はじめ晴れ間もありますが、西から天気は下り坂となり、次第に雨が降りだす見込みです。南よりの風が次第に強まるでしょう。海上や南北走行の川沿いから先行する強風に十分注意して下さい。\n20日は、日本海を南下する前線が北陸地方を通過する見込みです。前線の通過時を中心に雨脚が強まり、雷を伴う所もありそうです。\n21日は、新たな前線が大陸方面から日本海に延び、前線上を低気圧が進む見込みです。22日頃にかけて、断続的に雨が降るでしょう。平野部では22日の日中いっぱいまでは、雪ではなく雨が降りやすい見込みで総雨量が多くなる所もありそうです。雨の降り方には十分注意して、安全な場所でお過ごし下さい。\n21日頃までは標高1500メートル付近でも雨 融雪災害に注意\n画像：tenki.jp\n21日頃にかけては、標高の高い所や積雪の多い地域でも雨が降りやすくなる見込みです。雪解けが急速に進むでしょう。融雪が進むと、地中の水分が多くなり、がけ崩れや地滑りなどの土砂災害の危険性が高まる所が出てきますので十分な注意が必要です。\n\nまた、斜面に積もった雪が崩落する雪崩が発生するおそれもあります。季節先取りの暖気の影響で「全層なだれ」が発生しやすく、流れ下る速度や距離は「表層なだれ」に比べて小さいものの、破壊力が大きくなる傾向があり危険なものがあります。前兆現象を伴うことが多く、雪の斜面にひび割れやしわができる、あるいは融雪が急に増えるなど、ふだんと違う現象が現れた時は危険性が高まっていることがあり十分注意して下さい。\n日本気象協会 北陸支店 河原 毅,"['https://newsatcl-pctr.c.yimg.jp/t/amd-img/20240218-00023852-tenki-000-1-view.jpg?pri=l&w=640&h=480&exp=10800', 'https://newsatcl-pctr.c.yimg.jp/t/amd-img/20240218-00023852-tenki-001-1-view.jpg?pri=l&w=640&h=480&exp=10800', 'https://newsatcl-pctr.c.yimg.jp/t/amd-img/20240218-00023852-tenki-002-1-view.jpg?pri=l&w=640&h=480&exp=10800']","['https://news.yahoo.co.jp/articles/392805a0ddc1f4a07aa9c35741bfcaea227b547b/images/000', 'https://news.yahoo.co.jp/articles/392805a0ddc1f4a07aa9c35741bfcaea227b547b/images/001', 'https://news.yahoo.co.jp/articles/392805a0ddc1f4a07aa9c35741bfcaea227b547b/images/002']"
18日　広く晴天　春本番の陽気　花粉の飛散量が増える　雪解けによる災害に注意（tenki.jp）,https://news.yahoo.co.jp/articles/23f89940e8efc639d7995089f77103f7c0393ca6,https://newsatcl-pctr.c.yimg.jp/t/amd-img/20240218-00023849-tenki-000-1-view.jpg?exp=10800,2024-02-18T08:01:24+09:00,2024-02-18T08:01:24+09:00,tenki.jp,tenki,tenki.jp,1174,\n画像：tenki.jp\n今日18日の日中は広い範囲で晴れて、春本番の陽気に。この暖かさで、九州や四国を中心にスギ花粉の飛散量が増えそう。積雪が多い地域では、なだれや落雪などにご注意を。\n広い範囲で晴天 雨は局地的\n画像：tenki.jp\n今日18日は、高気圧に覆われて、広い範囲で晴れるでしょう。お出かけ日和の所が多くなりそうです。\n\nただ、気圧の谷や湿った空気の影響を受ける近畿や東海は雲が広がりやすいでしょう。朝晩を中心に所々で雨が降り、紀伊半島の南東側では断続的に雨雲がかかりそうです。関東は雲が多い所もありますが、日中は日差しが届くでしょう。\n\n一方、大陸から次第に前線がのびてきます。夜は、九州で雨の降る所があるでしょう。\n春本番の暖かさ 最適な服装は?\n画像：tenki.jp\n最高気温は、昨日17日より5℃以上高い所もあり、各地で春本番の暖かさになるでしょう。九州から近畿は20℃前後まで上がる所もあり、日なたでは暖かく感じられそうです。東海から東北は広く15℃を超えて、夜も強い冷え込みはないでしょう。気温が上がる日中は、薄手のジャケットや春物のコートで過ごせるくらいの所が多い見込みです。\n\nこの暖かさで、九州から東北ではスギ花粉が飛びやすいでしょう。特に花粉の飛散量が多くなるのが、九州や四国です。短い時間の外出でも、マスクやメガネなどで花粉を取り込まないようにしましょう。\n\n※服装指数は、朝晩や日中の予想気温からどのような服装が適しているか提案するものです。人により暑さや寒さの感じ方が異なりますが、服装選びの参考にしてください。\n急な雪解け 注意点は?\n画像：tenki.jp\n暖かくなることで心配されるのが雪解けによる災害や事故です。積雪が多く残る所では、次の3つの点に注意が必要です。\n\n①雪解けによって「全層なだれ」が発生しやすくなります。山に積もった雪が全て滑り落ちる現象で、気温の上昇や雨の後などに多く発生します。過去になだれが発生した斜面や積雪に亀裂が入っている所では、特に注意が必要です。\n\n②気温の上昇によって積もった雪が滑り、「屋根からの落雪」が起こりやすくなります。軒先で作業する際は頭上の状況を確認するなど注意が必要です。また、除雪作業を行う場合は、命綱とヘルメットを装着し、できるだけ複数人で実施するなど、安全を確保するようにしてください。\n\n③ 雪が多く積もった道路で、気温が上昇したり、雨が降ったりすると、「冠水」のおそれがあります。路肩に集められた雪によって排水が悪くなったり、雪の塊が排水溝を塞いだりしてしまうことがあるためです。大雪のあとの雨は、たとえ大雨でなくても、道路の冠水に十分ご注意ください。\n日本気象協会 本社 青山 亜紀子,"['https://newsatcl-pctr.c.yimg.jp/t/amd-img/20240218-00023849-tenki-000-1-view.jpg?pri=l&w=640&h=480&exp=10800', 'https://newsatcl-pctr.c.yimg.jp/t/amd-img/20240218-00023849-tenki-001-1-view.jpg?pri=l&w=640&h=480&exp=10800', 'https://newsatcl-pctr.c.yimg.jp/t/amd-img/20240218-00023849-tenki-002-1-view.jpg?pri=l&w=640&h=480&exp=10800', 'https://newsatcl-pctr.c.yimg.jp/t/amd-img/20240218-00023849-tenki-003-1-view.jpg?pri=l&w=640&h=480&exp=10800']","['https://news.yahoo.co.jp/articles/23f89940e8efc639d7995089f77103f7c0393ca6/images/000', 'https://news.yahoo.co.jp/articles/23f89940e8efc639d7995089f77103f7c0393ca6/images/001', 'https://news.yahoo.co.jp/articles/23f89940e8efc639d7995089f77103f7c0393ca6/images/002', 'https://news.yahoo.co.jp/articles/23f89940e8efc639d7995089f77103f7c0393ca6/images/003']"
花粉情報　日曜日は春本番の暖かさで飛散増　「非常に多い」所も　対策を万全に（tenki.jp）,https://news.yahoo.co.jp/articles/3694fdcb2702062f58840507d28e86f4f3cfde9b,https://newsatcl-pctr.c.yimg.jp/t/amd-img/20240218-00023847-tenki-000-2-view.jpg?exp=10800,2024-02-18T05:52:55+09:00,2024-02-18T05:53:09+09:00,tenki.jp,tenki,tenki.jp,969,\n画像：tenki.jp\n今日18日(日)は晴れて、春本番の暖かさになる所が多いでしょう。花粉の飛散量は増えて、「非常に多い」所もありそうです。花粉症の方は万全な対策をなさってください。\n今日18日 「非常に多く」飛ぶ所も\n今日18日(日)は晴れて、春本番の暖かさの所が多いでしょう。\n\n花粉の飛散量は、九州南部や四国で「非常に多い」、九州北部で「多い」予想です。中国地方や近畿、関東は「やや多く」飛ぶでしょう。花粉症の方はしっかりと対策をなさってください。\n\n東海や北陸、東北も「少ない」ながらも花粉は飛びますので、敏感な方ほど対策をしておくと安心です。\n週前半ほど花粉が飛びやすい\n画像：tenki.jp\n19日(月)は天気は西から下り坂です。ただ、雨が降りだす前は花粉が飛びやすく、花粉の飛散量は九州は「多い」、四国で「非常に多い」予想です。東京も「やや多く」飛ぶ予想です。\n\n20日(火)以降は雨の降る所が多くなりますが、関東は雨雲のかからない時間があり、20日(火)と21日(水)は花粉の飛散量は「多い」でしょう。油断せずに対策をなさってください。\n外出時の花粉対策\n画像：tenki.jp\n花粉症の症状を緩和させるには、花粉を避けることが大切です。マスクやメガネをつけ、衣類も工夫しましょう。\n\n①メガネ\nメガネを使用しない場合に比べて眼に入る花粉量はおよそ40%減少し、防御カバーのついた花粉症用のメガネではおよそ65%も減少するという実験結果があります。\n\n②マスク\n感染症予防として使用している方も多いかと思いますが、花粉を吸いこむ量もおよそ3分の1から6分の1に減らすことができます。マスクは顔にフィットするものを選ぶことが大切です。また、マスクの内側にガーゼを当てること(インナーマスク)でさらに鼻に入る花粉が減少することが分かっています。\n\n③衣類の工夫\n一般的にウール製の衣類などは木綿や化繊に比べて花粉が付着しやすく、花粉を屋内に持ち込みやすくなります。ウールの花粉のつきやすさは、綿に比べるとおよそ10倍にもなります。外出の際は、外側にウール素材の衣服を着ることは避けて、表面がツルツルした素材の上着を選ぶようにしましょう。\n日本気象協会 本社 吉田 友海,"['https://newsatcl-pctr.c.yimg.jp/t/amd-img/20240218-00023847-tenki-000-2-view.jpg?pri=l&w=640&h=480&exp=10800', 'https://newsatcl-pctr.c.yimg.jp/t/amd-img/20240218-00023847-tenki-001-2-view.jpg?pri=l&w=640&h=480&exp=10800', 'https://newsatcl-pctr.c.yimg.jp/t/amd-img/20240218-00023847-tenki-002-2-view.jpg?pri=l&w=640&h=480&exp=10800']","['https://news.yahoo.co.jp/articles/3694fdcb2702062f58840507d28e86f4f3cfde9b/images/000', 'https://news.yahoo.co.jp/articles/3694fdcb2702062f58840507d28e86f4f3cfde9b/images/001', 'https://news.yahoo.co.jp/articles/3694fdcb2702062f58840507d28e86f4f3cfde9b/images/002']"
月曜から前線南下　西・東日本で大雨か　季節外れの暖かさのち真冬の寒さ　2週間天気（tenki.jp）,https://news.yahoo.co.jp/articles/bf198a1fd9f1fece497307f4d7ae7e06614f9e42,https://newsatcl-pctr.c.yimg.jp/t/amd-img/20240218-00023848-tenki-000-1-view.jpg?exp=10800,2024-02-18T07:04:42+09:00,2024-02-18T07:04:42+09:00,tenki.jp,tenki,tenki.jp,1143,\n画像：tenki.jp\n19日(月)は前線が南下し、天気は下り坂に。20日(火)から22日(木)頃は九州から関東甲信で大雨となる恐れがあります。20日(火)までは季節外れの暖かさになりますが、その後は気温が急降下。東京都心なども真冬並みの寒さになりそうです。\n季節外れの大雨の恐れ\n画像：tenki.jp\n19日(月)は前線が日本海から南下するでしょう。九州は朝から雨、四国は昼頃から次第に雨が降り、局地的に雷を伴って激しく降りそうです。中国地方や近畿、北陸も夕方以降は雨が降りだし、夜になると関東甲信や東北、北海道も所々で雨が降るでしょう。東海は湿った空気の影響で、午前中から断続的に雨が降りそうです。\n\n20日(火)以降は前線が本州付近に停滞するでしょう。22日(木)頃は前線上を低気圧が進む見込みです。九州から関東甲信は断続的に雨が降り、20日(火)から22日(木)頃は大雨となる恐れがあります。2月は雨量がそれほど多くなることはない時期ですが、今回は平年の2月ひと月の雨量を超すような雨が予想されている所があります。道路の冠水などにご注意ください。\n\n北陸から北海道は20日(火)頃まで雨が降り、積雪の多い所では雪どけが進むでしょう。融雪による土砂災害や道路の冠水、河川の増水、雪崩や屋根からの落雪に注意が必要です。21日(水)頃からは寒気が流れ込み、所々で雪が降るでしょう。\n季節外れの暖かさのあと真冬の寒さに逆戻り\n20日(火)までは暖気が流れ込みます。最高気温は広い範囲で平年より高いでしょう。九州から東北では20℃くらいまで上がる所がありそうです。19日(月)は金沢市で21℃と5月上旬並み、20日(火)は東京都心で22℃と5月上旬並みとなるでしょう。北海道も季節外れの暖かさで、札幌市では19日(月)は14℃と2月としては記録的な暖かさとなりそうです。\n\n一転して、21日(水)以降は、気温が急降下。最高気温は平年並みか低くなりそうです。東京都心は22日(木)から24日(土)は10℃に届かず、真冬の寒さに逆戻りするでしょう。札幌市では真冬日(最高気温0℃未満)が多くなりそうです。\n\nこの先も日々の寒暖差が大きくなりますので、体調管理にご注意ください。\n26日～27日頃は雨や風が強まる恐れ\n画像：tenki.jp\n26日(月)から27日(火)頃は低気圧や前線の影響で本州付近は雨が降り、雨や風が強まる可能性があります。28日(水)頃からは太平洋側は天気が回復し、日差しが届きそうです。日本海側は雪や雨の降る日が多いでしょう。\n\n26日(月)以降は最高気温は平年並みの日が多くなりそうです。\n日本気象協会 本社 吉田 友海,"['https://newsatcl-pctr.c.yimg.jp/t/amd-img/20240218-00023848-tenki-000-1-view.jpg?pri=l&w=640&h=488&exp=10800', 'https://newsatcl-pctr.c.yimg.jp/t/amd-img/20240218-00023848-tenki-001-1-view.jpg?pri=l&w=640&h=480&exp=10800', 'https://newsatcl-pctr.c.yimg.jp/t/amd-img/20240218-00023848-tenki-002-1-view.jpg?pri=l&w=640&h=488&exp=10800']","['https://news.yahoo.co.jp/articles/bf198a1fd9f1fece497307f4d7ae7e06614f9e42/images/000', 'https://news.yahoo.co.jp/articles/bf198a1fd9f1fece497307f4d7ae7e06614f9e42/images/001', 'https://news.yahoo.co.jp/articles/bf198a1fd9f1fece497307f4d7ae7e06614f9e42/images/002']"
貴重な日差し有効に　明日19日は天気下り坂も記録的な暖かさ　札幌14℃　雪崩注意（tenki.jp）,https://news.yahoo.co.jp/articles/c378a4ce325cfff6221cb8f4a3f9d33c0225e02a,https://newsatcl-pctr.c.yimg.jp/t/amd-img/20240218-00023850-tenki-000-2-view.jpg?exp=10800,2024-02-18T11:20:43+09:00,2024-02-18T11:28:04+09:00,tenki.jp,tenki,tenki.jp,1441,\n画像：tenki.jp\n今日18日(日)は広い範囲で晴れて、4月並みの陽気。明日19日(月)は、天気下り坂も更に気温アップ。北日本で記録的な暖かさとなる見込み。気温上昇と雨による雪崩や落雪などに注意が必要です。\n明日19日(月) 日本海から前線南下 暖気ピーク\n画像：tenki.jp\n今日18日(日)は、高気圧に覆われて広い範囲で晴れて(紀伊半島の一部で雨)、4月並みの陽気となるでしょう。\n\n明日19日(月)は、前線が日本海を次第に南下する見込みです。天気は下り坂ですが、前線に向かって季節先取りの暖気が北日本まで北上し、全国的に気温上昇。北海道は、記録的な暖かさとなりそうです。\n\nまた、南風が強まるため、九州北部などで「春一番」の可能性があります。\n19日(月) 天気下り坂\n画像：tenki.jp\n明日19日(月)は、前線が日本海から次第に南下するため、天気は下り坂です。九州は朝から雨で、雷を伴い激しく降る所があるでしょう。中国・四国～近畿、東海は午後から雨。北陸や北日本の日本海側も夜は広く雨となるでしょう。日中は日が差す、関東や北日本の太平洋側も夜遅くなると雨の降り出す所があるでしょう。\n\n最高気温は全国的に今日18日(日)より更に高く、5月並みの所もあるでしょう。特に、北日本では記録的な暖かさとなる見込みです。札幌市14℃、函館市15℃、青森市18℃の予想です。予想通り上がれば、これらの地点では2月1位を更新する見込みです。\n\n北海道内では、これまで2月の歴代最高気温は15.8℃(斜里町宇登呂:2010年2月25日)ですが、記録を更新する可能性があります。\n\n東北南部～九州にかけては、20℃くらいまで上がる所もあるでしょう。新潟市で2月に20℃以上になると、2004年以来、20年ぶりとなります。北陸周辺も、この時期としては記録的な暖かさとなりそうです。\n「なだれ注意報」・「融雪注意報」発表中\n画像：tenki.jp\n18日(日)午前11時現在、日本海側では広い範囲で「なだれ注意報」、新潟県と富山県には「融雪注意報」が発表されています。\n\n午前10時の積雪は、青森県八甲田山系の酸ヶ湯で288センチ(平年比84%)。札幌市でも66センチ(平年比87%)と、市街地でも多くの雪が積もっています。気温が上昇し、雨も降るため、積雪の多い所では雪崩や屋根からの落雪に注意が必要です。\n融雪災害に注意\n画像：tenki.jp\n積雪が多く残る所では、気温の上昇や雨により雪解けが進むことで、次の3つの災害が発生する恐れがあります。\n\n① 雪解けによって「全層なだれ」が発生しやすくなります。山に積もった雪が全て滑り落ちる現象で、気温の上昇や雨の後などに多く発生します。過去になだれが発生した斜面や積雪に亀裂が入っている所では、特に注意が必要です。\n\n② 雪解けにより大量の水分が地面に浸み込むことで地盤が緩み、「土砂災害」が発生することがあります。山間部や急な傾斜地では、特に注意が必要です。\n\n③ 雪が多く積もった道路で、気温が上昇したり、雨が降ったりすると、「冠水」のおそれがあります。路肩に集められた雪によって排水が悪くなったり、雪の塊が排水溝を塞いだりしてしまうことがあるためです。大雪のあとの雨は、たとえ大雨でなくても、道路の冠水に十分ご注意ください。\n日本気象協会 本社 福冨 里香,"['https://newsatcl-pctr.c.yimg.jp/t/amd-img/20240218-00023850-tenki-000-2-view.jpg?pri=l&w=640&h=480&exp=10800', 'https://newsatcl-pctr.c.yimg.jp/t/amd-img/20240218-00023850-tenki-001-2-view.jpg?pri=l&w=640&h=480&exp=10800', 'https://newsatcl-pctr.c.yimg.jp/t/amd-img/20240218-00023850-tenki-002-2-view.jpg?pri=l&w=640&h=480&exp=10800', 'https://newsatcl-pctr.c.yimg.jp/t/amd-img/20240218-00023850-tenki-003-2-view.jpg?pri=l&w=640&h=480&exp=10800', 'https://newsatcl-pctr.c.yimg.jp/t/amd-img/20240218-00023850-tenki-004-2-view.jpg?pri=l&w=640&h=480&exp=10800']","['https://news.yahoo.co.jp/articles/c378a4ce325cfff6221cb8f4a3f9d33c0225e02a/images/000', 'https://news.yahoo.co.jp/articles/c378a4ce325cfff6221cb8f4a3f9d33c0225e02a/images/001', 'https://news.yahoo.co.jp/articles/c378a4ce325cfff6221cb8f4a3f9d33c0225e02a/images/002', 'https://news.yahoo.co.jp/articles/c378a4ce325cfff6221cb8f4a3f9d33c0225e02a/images/003', 'https://news.yahoo.co.jp/articles/c378a4ce325cfff6221cb8f4a3f9d33c0225e02a/images/004']"
