headline,mainEntityOfPage,image,datePublished,dateModified,author,media_en,media_jp,str_count,body,images,external_links
「えっ……」EVシフトは今後どうなる!? 世界4位の自動車グループ「ステランティス」が ハイブリッド戦略を発表（VAGUE）,https://news.yahoo.co.jp/articles/0882fdb67a11e742b1dc67160aae3f9ed30fe717,https://newsatcl-pctr.c.yimg.jp/t/amd-img/20240715-10228140-vague-000-1-view.jpg?exp=10800,2024-07-15T20:10:00+09:00,2024-07-15T20:10:00+09:00,VAGUE,vague,VAGUE,2184,\nEVやPHEVより価格が安いハイブリッドが欧州で人気上昇中\nステランティスは2024年7月9日、欧州のユーザー需要を満たすため、今後幅広いブランドでハイブリッド（HEV）モデルを採用すると発表しました。\n【画像】日本ではまもなく登場!? ステランティスの新型ハイブリッドを写真で見る（46枚）\n2024年4月から欧州市場で発売されたジープ新型「アベンジャーeハイブリッド」\nステランティス グループは、現在プジョー、シトロエン、DS、フィアット、アバルト、アルファロメオ、ランチア、クライスラー、ジープ、ダッジ、オペル、ボクスホールなど、14ブランドで構成される、販売台数世界第4位の自動車メーカーです。\n\n 現在、ヨーロッパではハイブリッド車（HEV）への注目が高まり、ステランティスではその受注増加に対応しています。\n\n フル電動車（BEV）やプラグインハイブリッド車（PHEV）よりも手ごろな価格で、CO2排出量の削減を確保しながら、優れた運転体験を提供するため、HEVの人気が高まっているのです。\n\n ステランティスは、今年30のHEVモデルを提供し、2026年までにさらに6つのモデルを導入する予定です。\n\n 2023年と比較して、ステランティスのHEVは2024年の売上高が41％増加しました。今後、新しいHEVが登場すれば、顧客獲得率はさらに増加するでしょう。\n\n ステランティスは、A／Bセグメントの小型商用車では、BEV、FCEV（燃料電池自動車）、PHEV、HEVを含む低排出ガス車の販売リーダーなのです。\n\n また、ハイブリッド技術を進歩させるということは、従来のエンジンの効率と性能を向上させるだけでなく、低排出ガス、車両の航続距離の延長、そして手ごろな車両価格という未来に向けて推進していくのです。\n\n ステランティスの現行および登場予定のHEVラインナップを紹介しておきましょう。\n\n●アルファロメオ：ジュニア、トナーレ\n●シトロエン：新型C3、新型C3エアクロス、C4、C4X、C5エアクロス、C5X\n●DS：DS3、DS4\n●フィアット：パンダ、600\n●ジープ：アベンジャー、レネゲード、コンパス\n●ランチア：新型イプシロン\n●マセラティ：グレカーレ\n●オペル／ボクスホール：コルサ、アストラ、アストラ スポーツトゥアラー、モッカ、フロンテラ、新型グランドランド\n●プジョー：208、308、308SW、408、2008、新型3008、新型5008\n\n ステランティスは、マルチエネルギー マニュファクチャリング フットプリントを活用して、さまざまな顧客の好み、運転ニーズ、車両サイズに適したオプションを確保することで、HEV、PHEV、BEVなど、さまざまな技術を提供しています。\n\n HEVは、ブレーキや減速中に失われる運動エネルギーを回収し、そのエネルギーはコンパクトで軽量なバッテリーに蓄えられ、加速中に再利用され、より効率的な運転に貢献します。\n\n HEVは扱いやすく、従来のエンジン車から運転スタイルを変える必要はありません。ステランティスでは電動デュアルクラッチ トランスミッション（eDCT）の採用により、とくに低速運転中はエンジンを停止させることができ、CO2排出量と燃料消費量を削減します。\n\n これは、誰もが手の届くところにあるイノベーションなのです。\n\n ヨーロッパで販売されているほとんどのステランティス製HEVには、最先端のeDCTと統合された21kWの電気モーターが備わっており、市街地などではモーターのみの駆動やシームレスでイージーな運転が可能です。\n\n 48Vのシステムと0.9kWhのバッテリーは、最大1kmのモーター走行を可能にし、ブレーキング時にはモーターは発電機となりバッテリーに電気を供給します。\n\n eDCTを採用したハイブリッドのパワートレーンは、ATを搭載したエンジン車と比較して、CO2排出量を最大20％削減します。\n\n また、モジュール化によりコンポーネントの93％を共通としたため、PHEVにも対応し、BEVとはインバーターの変更のみで対応できます。\n\n※ ※ ※\n\n ステランティスは現在、ヨーロッパの工場の70%以上でHEVを生産しています。ステランティスとそのパートナーは現在、フランスのメスとイタリアのトリノでeDCTを生産し、11の工場に供給しています。複合生産能力は、年間120万基を超えています。\n\n ステランティスは2030年までに、ヨーロッパではBEV乗用車の販売100％を、米国ではBEV乗用車と小型トラックの販売50％を達成するという、「デアフォワード 2030」の目標を達成するために、10年間で世界中で500億ユーロ以上を電動化のために投資しています。\n\n これらの販売目標を達成するために、ステランティスは北米とヨーロッパのバッテリー製造工場からのサポートを含む、約400GWhのバッテリー容量を確保しています。ステランティスは2038年までに、残りの排出量の1ケタの割合で補償する、カーボンネットゼロ企業になる予定です。\nVAGUE編集部,['https://newsatcl-pctr.c.yimg.jp/t/amd-img/20240715-10228140-vague-000-1-view.jpg?pri=l&w=640&h=426&exp=10800'],"['https://vague.style/photo/228140', 'https://news.yahoo.co.jp/articles/0882fdb67a11e742b1dc67160aae3f9ed30fe717/images/000']"
伝統の「タータン柄」でコーディネートにアクセントを！ デザインのヒントはジャズ音楽!? トレンドを品よく取り入れる方法とは（VAGUE）,https://news.yahoo.co.jp/articles/a5a1b68edbf48a7b832522e2a2ce6a57fc58e7bf,https://newsatcl-pctr.c.yimg.jp/t/amd-img/20240715-10228658-vague-000-1-view.jpg?exp=10800,2024-07-15T14:10:00+09:00,2024-07-15T14:10:00+09:00,VAGUE,vague,VAGUE,1568,\n●“ジャズ・アット・リンカーン・センター”をテーマに据えた2024年秋冬コレクション\n日本発祥のトラッドブランドとして、日本人の体形に合わせたタイムレスなスタイリングを提案しているらNEWYORKER（ニューヨーカー）。\n【画像】定番のコーディネートにアクセントをプラスするアイテム群を画像で見る（8枚）\nくつろいだ場面でもカジュアルに流れることなく、品のある着こなしを楽しみたい人に支持されているブランドですが、中でも創業以来、幅広い年代から愛されているのが「タータンチェック」のウェアや小物です。\n印象的なグラデーションが舞台照明を思わせる「スポットライトクルーネックニット」（3万800円、消費税込）、上質なファインウールを使用したミドルゲージニット\n同ブランドのアイデンティティを象徴するデザインとして特に広く知られているのが“ハウスタータン”として定められているタータン柄ですが、これと別にシーズンごとに展開しているのが“シーズンタータン”と呼ばれる新柄アイテム。\n\n 普遍的な美意識の下、その時々の時代感覚を落とし込んだコレクションは、トレンドを品よく、かつ程よいテイストで取り入れたいユーザーに大いに歓迎されています。\n\n 2024秋冬は、シーズンテーマである“ジャズ・アット・リンカーン・センター”、あるいはドラマティックなスポットライトのイメージなどから着想を受けたアイテムが登場。\n\n リラックスした休日のドライブはもちろんビジネスカジュアルにも違和感なく溶け込む、ハイセンスなコレクションが揃っています。\nコンサバティブな装いの中でも、違和感なくトレンド感を楽しめる\n例えば「クレイジーパターンシャツ」（2万2000円、消費税込。8月中旬発売）は、トラディショナルなタータンを無地の生地と組み合わせたクレイジーパターンで、遊び心を演出した一着。\n\n 素材はオーガニックコットン100%、表面に施した起毛加工が袖を通した際のなめらかな感触を提供します。\n襟と袖に無地、前身頃にタータン柄。アイコニックなパターンを切り替えで遊んだ「クレイジーパターンシャツ」（2万2000円、消費税込）はビジネスカジュアルを品よく仕上げる1着\nまた「ジャカードダイヤモンドネクタイ（1万5400円、同。6月下旬より発売中）「ジャカードダイヤモンドシャツ」（1万9800円、同。8月中旬発売）は、24年秋冬シーズンのイメージソース“格子越しに見る夜の街並み” から着想を得て、定番のニューヨーカータータンにダイヤ柄のジャガードをプラスした特別デザイン。\n\n オーソドックスな装いの中で、さりげなく個性を主張できます。\n\n 一方、秋からの装いに重宝するのが「スポットライトクルーネックニット」（3万800円、同。9月下旬発売）。\n\n こちらは同じく24年秋冬のイメージソースである“ジャズの演奏者に当たるスポットライト”にヒントを得て、グラデーションを大胆に取り入れたクルーネックニット。\n\n 上質なファインウールを使用したミドルゲージで、秋口から初春までさまざまなコーディネートが楽しめそう。\n\n さらにネイビーのレザーとハウスタータンを組み合わせた「レザーベルト」（1万6500円、同。発売中）をアクセントとして組み合われば、上質かつ統一感のあるコーディネイトが完成します。\n\n 日頃コンサバティブな装いを好む人でも、違和感なくトレンドや個性を楽しめるのが“シーズンタータン”の面白さ。\n\n 2024秋冬コレクションでは共通素材を使ったウイメンズアイテムも登場しているので、小物使いなどでパートナーとのリンクコーデをさりげなく楽しむのもいいですね。\nVAGUE編集部,"['https://newsatcl-pctr.c.yimg.jp/t/amd-img/20240715-10228658-vague-000-1-view.jpg?pri=l&w=640&h=426&exp=10800', 'https://newsatcl-pctr.c.yimg.jp/t/amd-img/20240715-10228658-vague-001-1-view.jpg?pri=l&w=640&h=426&exp=10800']","['https://vague.style/photo/228658', 'https://news.yahoo.co.jp/articles/a5a1b68edbf48a7b832522e2a2ce6a57fc58e7bf/images/000', 'https://news.yahoo.co.jp/articles/a5a1b68edbf48a7b832522e2a2ce6a57fc58e7bf/images/001']"
「ただの“小ベンツ”」じゃ満足できない人へ！ 名車「190EエボII」をモチーフにした“レストモッドモデル”「HWA EVO」の正体とは（VAGUE）,https://news.yahoo.co.jp/articles/c7c9dcf35b985db54f98bc2e80362df08d219118,https://newsatcl-pctr.c.yimg.jp/t/amd-img/20240715-10228454-vague-000-2-view.jpg?exp=10800,2024-07-15T21:10:00+09:00,2024-07-16T02:57:26+09:00,VAGUE,vague,VAGUE,2128,\nAMGの創業者が生み出した「190E」のレストモッド車両\n旧車をレストアし、そこに独自のモディファイを加えるレストモッド界において、今、1台のモデルに注目が集まっています。AMGの共同創業者が手がけるメルセデス・ベンツ「190E 2.5-16 エボリューションII」の現代解釈版「HWA EVO」がそれ。\n【画像】「えっ…！」これがAMGの創業者が手がける名車「190E」のレストモッド車両です（11枚）\n“小ベンツ”ことメルセデス・ベンツの名車「190E」をベースとするレストモッド車両「HMV EVO」（C）HWA CARS GMBH\nこのモデルを生み出すHWA AGは、アポロ「IE」やパガーニ「ウアイラR」といったハイパーカーの開発において重要な役割を担ったエンジニアリング会社で、ハンス・ヴェルナー・アウフレヒト氏が立ち上げた会社です。\n\n アウフレヒト氏はあのAMGの共同創業者のひとり。AMGという名称にある「A」は、何を隠そうアウフレヒト氏のイニシャルなのです（ちなみに「M」はメルヒャー、「G」はグロースアスパッハのイニシャル）。\n\n HWA社は、「CLK DTM」や「SL65ブラックシリーズ」など、AMGが手がけたスペシャルモデルの技術開発に携わった経験も有しています。\n\n また、AMGがメルセデス・ベンツと資本提携を結んだ1999年の前年には、AMGからレース部門とパーツ製造をHWA社に移管。以降、2000年からの新生DTM（ドイツ・ツーリングカー選手権）に参戦するメルセデス・ベンツ車両の開発や、F3用カスタマーエンジンのデリバリーを担当してきました。\n\n その後も、2020-2021シーズンにフォーミュラEでHWAレースラボというチーム名にてメルセデス・ベンツのワークスチームを運営したり、FIA F2とFIA F3におけるメルセデス・ジュニアドライバーの育成を担当したりしています。\n\n そんなHWA社がレストモッドによって生み出す「190E 2.5-16 エボリューションII」の現代解釈版「HWA EVO」は、かつてのDTMを制することを目指し、メルセデス・ベンツが開発した「190E 2.5-16エボリューション」がモチーフ。\n\n 本家のホモロゲーションモデルにはエボリューションIとIIの2種類が存在し、合計1000台が生産されました。\n\n●伝説のDTMマシンを現代解釈してレストモッド\n\n「HWA EVO」のベースとなるのは、1980年代にデビューしたメルセデス・ベンツのコンパクトセダンで、現在の「Cクラス」の祖先である「190E」です。\n\n レストモッドに際してあらゆるパーツが取り外され、車両の下地づくりがおこなわれます。腐食やサビなどから車両を守るための“KTLコーティング”と呼ばれるコーティングが施され、ロールケージが装着されます。\n\n インテリアはまだ公開されていませんが、レカロ製のクラシックなシートを備え、電動パワーウインドウ、最新のエアコンを装備。インパネ回りにはデジタルディスプレイを装備するそうです。\n\n またオーディオシステムは、カーナビと連動。Bluetoothでスマホなどの接続も可能にするそうです。最新のクルマに遜色ない装備を持つということでしょう。\n\n もちろんエクステリアは、「190E 2.5-16 エボリューションII」にインスパイアされたものに仕上がっています。\n\n 気になるエンジンは、メルセデス・ベンツの3リッターV6ツインターボエンジンをHWA社がチューニングしたもの。最高出力は450ps、最大トルクは550Nmを発生するそうです。\n\n 組み合わされるトランスミッションは6速MT。トランスアクスル方式により前後重量配分50：50を実現します。\n\n なおブレーキは、フロントに380mmディスクと6ポットキャリパー、リアに360mmディスクと4ポットキャリパーがおごられます。\n\n 最新技術を用いて“現代版”の「190E 2.5-16 エボリューションII」に仕立てられた「HWA EVO」。ポッと出のカスタムショップがレストモッドブームでひともうけしようとしているのではなく、確かな技術力を有する由緒正しいHWA社が手がけるモデルだけに、きっと高い人気を獲得することでしょう。\n\n 気になる車両価格は、オプションを除いて71万4000ユーロ～（約1億2350万円～）。12か月／2万マイルの保証つきで、公道走行のための書類も備わっています。\n\n 100台限定で、2025年からデリバリーがスタートする模様の「HWA EVO」ですが、すでに75台分の枠は売れているとの情報も漏れ伝わってきています。\n\n なお、2024年7月24日にドイツで開催されるRMサザビーズのオークションには、1台分の生産“枠”が出品されています。伝説のエンジニアリング集団が手掛ける究極のレストモッド車両。その価値は、時を経るとともにさらに高まっていくに違いありません。\n古賀貴司（自動車王国）,['https://newsatcl-pctr.c.yimg.jp/t/amd-img/20240715-10228454-vague-000-2-view.jpg?pri=l&w=640&h=426&exp=10800'],"['https://vague.style/photo/228454', 'https://news.yahoo.co.jp/articles/c7c9dcf35b985db54f98bc2e80362df08d219118/images/000']"
マツダの“夢のスポーツカー”は「ロータリーエンジンでタイヤを直接駆動」か？ 美しさも魅力的な「アイコニックSP」の未来は明るい？（VAGUE）,https://news.yahoo.co.jp/articles/676efdc78ec532d8d020ad15c0722d508d07ba85,https://newsatcl-pctr.c.yimg.jp/t/amd-img/20240715-10228514-vague-000-2-view.jpg?exp=10800,2024-07-15T21:40:00+09:00,2024-07-15T22:19:05+09:00,VAGUE,vague,VAGUE,1905,\nマツダの思いが結実した次世代のロータリースポーツカー\n「ジャパンモビリティショー2023」で世界初公開されたロータリーエンジン搭載のコンセプトカー「アイコニックSP（ICONIC SP）」。世のマツダファンやクルマ好きを魅了しているこの夢のスポーツカーに、新たな可能性が浮上しました。\n【画像】「えっ！…」ロータリーエンジンがタイヤを駆動!? これがマツダの「夢のスポーツカー」です（71枚）\nなんとマツダの毛籠勝弘社長が「ロータリーエンジンがタイヤを直接駆動する時代が来るかもしれない」と発言したのです。\n毛籠勝弘社長の発言により、ロータリーエンジンで直接タイヤを駆動する可能性も急浮上しているマツダ「アイコニックSP」\n「ジャパンモビリティショー2023」で世界初公開された「アイコニックSP」は、コンパクトスポーツカーのスタイルにまとめあげられた美しいコンセプトカー。\n\n 時代が変わっても、その時代に適合したソリューションを活用。「クルマっていいよね、楽しいよね」というクルマへの憧れを提供し続けていくという、マツダの情熱を示した1台でもあります。\n\n パワートレインには、2ローター・ロータリーEVシステムの搭載を想定。コンパクトでレイアウトの自由度が高い心臓部は、「アイコニックSP」のスポーツカーらしい美しく低重心のフォルムを形づくることに貢献しています。\n\n 想定されるボディサイズは、全長4180mm、全幅1850mm、全高1150mm、ホイールベース2590mmとコンパクト。この小さなボディの中央部にコンパクトなロータリーエンジンが搭載されています。\n\n そんな「アイコニックSP」は、ボディの両サイドに“シザーズドア”を採用。スーパーカーのような斬新なルックスをまとっています。\n\n また「アイコニックSP」は、実用性の高さも魅力のひとつ。ふたり分のキャリーバッグを積載できるラゲッジスペースを確保するなど、小旅行などのドライブも気軽に楽しめるスポーツカーを目指しています。\n\n「アイコニックSP」の心臓部である2ローター・ロータリーEVシステムは、ハイパワーかつ低重心、さらに50：50の前後重量配分などにより、スポーツカーらしい優れた運動性能を実現するとされています。\n\n モーターを駆動させるための電力を蓄えたバッテリーは、再生可能エネルギー由来の電力で充電することで、実質的にカーボンニュートラルを実現するとうたわれています。\n\n また、水素など多彩な燃料を燃やせるロータリーエンジンの拡張性の高さを活かし、「アイコニックSP」はカーボンニュートラル燃料での発電を想定しているといいます。\n\n 想定されるスペックは、システム出力370ps、車両重量1450kg、パワーウエイトレシオ3.9kg。それによって具現するパフォーマンスは、なんとポルシェ「911」級だといいます。\n\n●ネガティブな声を吹き飛ばす毛籠社長の力強い発言\n\n このように、市販に向けて夢がふくらむ「アイコニックSP」ですが、ネットなどでは、一部、ネガティブな声が聞かれていました。\n\n というのも、ロータリーエンジンは発電専用で、直接、タイヤを駆動することはないとアナウンスされていたからです。\n\n そんななか、2024年6月25日に開催されたマツダの「第158回定時株主総会」において、毛籠勝弘社長は「厳しい排ガス規制に適合し、さらにカーボンニュートラル燃料などが広く浸透したときには、直接ロータリーエンジンで（タイヤを）駆動する時代がまた来るかもしれない。そうした夢を追い続けて取り組んでいきたい」と発言。ロータリーエンジンの将来的な可能性について言及したのです。\n\n マツダ社内にあるロータリーエンジン開発グループには、鍛錬を経たロータリーエンジンの技術者たちがすでに再結集するなど新たな動きが見られるほか、先日おこなわれた「マルチパスウェイワークショップ」では、縦置きの2ローター・ロータリーEVシステムの開発をおこなっていることも明らかにされています。\n\n これらの動きから、マツダの魂ともいうべきロータリーエンジン搭載のコンパクトスポーツカーが誕生する日は近いものと予想されます。\n\n しかもそれが、ロータリーエンジンがダイレクトにタイヤを駆動するシステムを搭載しているスポーツカーとなれば、マツダファンそして世のクルマ好きにとって、これほどの朗報はないでしょう。期待して続報を待ちたいと思います。\nVAGUE編集部,['https://newsatcl-pctr.c.yimg.jp/t/amd-img/20240715-10228514-vague-000-2-view.jpg?pri=l&w=640&h=426&exp=10800'],"['https://vague.style/photo/228514', 'https://news.yahoo.co.jp/articles/676efdc78ec532d8d020ad15c0722d508d07ba85/images/000']"
新世代ハイパーカーがテーマ!? 「ジェイコブ×ブガッティ」最新コラボ時計もクルマも大注目！ 至高の複雑機構は何がすごい？（VAGUE）,https://news.yahoo.co.jp/articles/7e360db3d3f9190d1332b6e9dceb62f0d4a4bb50,https://newsatcl-pctr.c.yimg.jp/t/amd-img/20240715-10228673-vague-000-1-view.jpg?exp=10800,2024-07-15T08:30:00+09:00,2024-07-15T08:30:00+09:00,VAGUE,vague,VAGUE,1541,\n●毎回話題騒然の“ジェイコブ×ブガッティ”コラボ、今回は新世代の電動ハイパーカーがテーマ\n超高級スポーツカーブランド・ブガッティとの間で確かなパートナーシップを結び、毎回魅力的なコラボレーションモデルを展開しているジェイコブ。\n【画像】「えっ…」これが究極の時計×クルマのコラボした姿です（11枚）\nその最新作として、新時代の電動ハイパースポーツカーとして発表された“ブガッティ トゥールビヨン”からインスピレーションを得た特別なタイムピース「ブガッティ トゥールビヨン」が発表されました。\n\n ブガッティはこのハイパーカーの概要について、2022年9月の段階ですでにジェイコブに対して秘密裏に伝達。18ヶ月にわたる開発の末完成したのは、独創的なアイデアを超絶技巧で再現した、驚きのラグジュアリーウォッチです。\n●V16エンジンをミニサイズで再現、クリアサファイア製“V16エンジン・オートマトン”に視線集中\n後ろ姿ももちろん抜かりなし、緻密なムーブメントとオートマトンの動きをじっくり堪能できる。ケースバックに添えた“トゥールビヨン”の文字とダブルネームの刻印にも注目したい\n心臓部として搭載するムーブメント“キャリバーJCAM55”には数え切れないほどの見どころがありますが、やはり特筆すべきはケース中央に鎮座する複雑機構。\n\n“V16エンジン・オートマトン”と名付けられたこの機構は、いうまでもなくハイパーカー“トゥールビヨン”に搭載するV型16気筒エンジンから着想を得たもの。\n\n 大きな透明サファイアのブロックには16組のサファイア製シリンダー＆ピストンが収められていて、ケース下部のプッシャーを押すとクランクシャフトが回転し、16個のシリンダーそれぞれが上下動を一斉にスタート！ \n\n サファイアの煌めきとともに、精巧かつ緻密な動きをは圧巻の一言です。\n\n またレトログラード機構を採用したスピードメーター調のダイヤルもかなりユニーク。\n\n 分表示は270°の弧を描きながら時刻を伝え、59分から00分に移る瞬間に再び左端のゼロ位置にジャンプ。時表示も同じくゼロ位置からスタートしますが、こちらは1時間ごとに次の時間にジャンプする特別仕様を備えます。\n\n 一方でダイヤルの左隣には高精度を維持するための高速フライング・トゥールビヨンを装備、30秒で1回転と一般的なトゥールビヨンの2倍のスピードで高速回転する姿は迫力満点。\n\n さらにメーター右隣では燃料計をイメージしたインジケーターを配して、残りの駆動時間を視覚的に表現しています。\n\n 他にもケース側面や竜頭周辺にも、フロントグリルやサイドラジエーターのインレット、巨大なサイドウィンドウなど“トゥールビヨン”の特徴的なデザインから材を得た意匠が散りばめられるなど、グラマラスなハイパーカーの世界観が存分に味わえる1本となっています。\n\n●製品仕様\n「ブガッティ トゥールビヨン」\n・品番：BU300.21.AA.AA.A\n・ケースサイズ：52x44mm・15mm厚\n・ケース：ブラックDLCチタン\n・風防：反射防止加工を施したサファイアクリスタル4個\n・ケースバック：3個のサファイア・クリスタル＆ブラックDLCチタン\n・ストラップ：交換可能なルーバー付きブラックラバーストラップ\n・バックル：ブラックDLCチタン製ディプロイメント・バックル\n・ムーブメント：手巻き JCAM55 21'600振動/時 (3Hz) 構成部品:557\n・駆動時間：パワーリザーブ48時間\n・防水性能：3気圧防水\n・限定数量：150本\nVAGUE編集部,['https://newsatcl-pctr.c.yimg.jp/t/amd-img/20240715-10228673-vague-000-1-view.jpg?pri=l&w=640&h=427&exp=10800'],"['https://vague.style/photo/228673', 'https://news.yahoo.co.jp/articles/7e360db3d3f9190d1332b6e9dceb62f0d4a4bb50/images/000']"
クルマが進化するとタイヤも変わる!? ミシュランが考える「サステナブル」って何？ 乗り比べてわかったタイヤの方向性とは（VAGUE）,https://news.yahoo.co.jp/articles/5c7f43ec1dc0b2965c74615f5fd1fbfa34ba66ae,https://newsatcl-pctr.c.yimg.jp/t/amd-img/20240715-10227917-vague-000-1-view.jpg?exp=10800,2024-07-15T17:10:00+09:00,2024-07-15T17:10:00+09:00,VAGUE,vague,VAGUE,2577,\n乗用車用タイヤ4種類をクローズドコースで体感\nミシュランのタイヤづくりの思想を学ぶイベント、サステナブル試乗会2024が開催されました。\n【画像】梅雨のドライブはタイヤに注目！ 最新タイヤを写真で見る（26枚）\nこれは代表的なミシュランの乗用車用タイヤを4種類、5台のテストカーを使ってクローズドのテストコースで試乗し、ミシュランが目指すサステナブルを体験するものです。\nミシュラン「e・プライマシー」を装着したレクサス「LBX」でハンドリング路を走行\n新車販売されるクルマの割合は、2022年にはHEV、PHEV、BEVなどの電動車が52％を占めるまでに増加しています。\n\n ICE（内燃機関）だけのクルマは減少傾向にありますが、電動車の中で電気モーターと一緒にICEがまだまだ多く使われています。そうした車両の進化や構造変化により、タイヤの果たす役割と範囲も変わっています。\n\n こうした環境の変化から、さらなるタイヤ性能の高水準化と汎用性向上の要求が増えていると考えられます。つまりタイヤに求められる性能は、安全性、経済性、居住性だけでなくCO2削減を筆頭に環境性も考えなくてはいけない時代になりました。\n\n ミシュランの目指すサステナブル性能の方向性をレーダーチャート図で見るとわかりやすいです。\n\n「ドライグリップ」、「ウエットグリップ」、「ハンドリング」、「乗り心地の良さ」、「静粛性」、「摩耗しにくさ」、「使い始めの性能が長持ちすること」、「低燃費性能」といった項目が標準タイヤでは円形の性能だとすると、これまでは低燃費タイヤ、スポーツタイヤ、ラグジュアリータイヤなどはどこかに特化していても許されていましたが、これからは円全体を大きくして特化するところはそこからさらに広げていくことが大事になります。\n\nこれからの技術としてはサステナブル材料を用い、トータルパフォーマンスの引き上げを行い、トレッド・部材のさらなるイノベーションを目指さなければなりません。\n\nミシュランの良さはこうした性能目標があっても、原点であるドライバーが操りやすいタイヤという味付けの面では後退しないことが条件になっています。グリップ限界付近での穏やかな変化、直進付近のハンドルの手応えや微小舵での反応も素直で扱いやすいタイヤなので安心して選ぶことができます。\n\n まず試乗したのは、e・プライマシーを履いたメルセデス・ベンツ「A180」とコンパクトSUVのレクサス「LBX」です。タイヤサイズはA180が225／45ZR18 95YXL、LBXが225／55R18 98Hです。\nミシュラン「e・プライマシー」を装着したメルセデス・ベンツ「A180」で高速周回路を走行\n当日の雨のため、ハンドリング路も高速周回路もウエットかセミウエット路面でしたが、こんな路面でもグリップに不安を抱くことはありませんでした。\n\n コーナーでさらに切り足した場合でも期待どおりの追従がありました。A180もLBXも予想よりシャープな反応でした。\n\n 高速周回路で速めの操舵でレーンチェンジをすると応答遅れが若干感じられましたが、スムーズさは失われてはいないので問題はありませんでした。スラロームでは良く曲がり楽に走れるくらいでした。\n摩耗したタイヤと新品タイヤでウエット制動を比較\n続いて試乗したのはパイロットスポーツ4SUVを履いたレクサスRX350hです。タイヤサイズは235／50R21 101Wです。\nミシュラン「パイロットスポーツ4 SUV」を履いたレクサス「RX350h」\n小雨の中、幅の狭いハンドリング路でしたが、危なげなく自信を持って走れました。それは応答性の素直さ、角の丸さ、スムーズさといったミシュランらしさが活きているので、ドライバーがコースセッティングすれば簡単にコーストラッキングできるからです。\n\n 高速周回路では一般の高速道路に準じた走行をしました。\n\n 速度が上がってもニュートラル付近の遊びは小さいままだし、微小舵の適度な手応えもあって走りやすいと感じました。\n\n 車線変更も、ライントレースがしやすく正確な運転ができました。パイロンスラロームでもグリップ限界は高く、正確にパイロンをクリアして走れました。\n\n 実はこのタイヤは、試乗したクルマのワンランク上のRX500h Fスポーツパフォーマンスに純正装着されているものでした。確かにRXとのマッチングが良く、さすがにOEMに純正採用されているタイヤだと思いました。\n\n 最後に試乗した日産エクストレイルでは、プライマシーSUV+の新品タイヤと残溝2mmまで削ったタイヤでウエットブレーキテストをしました。タイヤサイズは265／60R18 103Vです。\n日産「エクストレイル」で、ミシュラン「プライマシーSUV+」の新品タイヤ・摩耗タイヤのウエットブレーキの比較を行った\n70km／hから0（停止）までのABSが作動するフルブレーキでの距離の比較をすると、トライ3回の平均では新品が19.6mでしたが、残溝2mmタイヤでは28.8mまで行きました。\n\n この時はちょうど雨が強めに降ってきたタイミングだったので、水深が深くABSが作動してもハイドロプレーン状態だったので滑走してしまい、制動距離が伸びたのが原因でしょう。\n\n 追加テストで車速を下げて50km／hから0までの比較をしたら、その差は無視できるほど小さくなりました。\n\n 50km／hからでも同じように差がつくのではないかと思っていたので、これは予想外に良い結果でした。\n\n ミシュランは初期の性能が長く続くタイヤに仕上げてありますが、いくらミシュランでも2mmまで減ってしまうと市街地はなんとかなっても雨の高速道路は走らないほうがいいでしょう。\nミシュランの乗用車用タイヤ\n※ ※ ※\n\n OEM用のタイヤを除いて、市販タイヤの方は転がり抵抗とウエットグリップのラベリングがパイロットスポーツ5というハイグリップタイヤにも採用している点でも、ミシュランのサステナブル戦略が進んでいることを確認しました。\nこもだきよし,"['https://newsatcl-pctr.c.yimg.jp/t/amd-img/20240715-10227917-vague-000-1-view.jpg?pri=l&w=640&h=426&exp=10800', 'https://newsatcl-pctr.c.yimg.jp/t/amd-img/20240715-10227917-vague-001-1-view.jpg?pri=l&w=640&h=426&exp=10800', 'https://newsatcl-pctr.c.yimg.jp/t/amd-img/20240715-10227917-vague-002-1-view.jpg?pri=l&w=640&h=426&exp=10800', 'https://newsatcl-pctr.c.yimg.jp/t/amd-img/20240715-10227917-vague-003-1-view.jpg?pri=l&w=640&h=426&exp=10800', 'https://newsatcl-pctr.c.yimg.jp/t/amd-img/20240715-10227917-vague-004-1-view.jpg?pri=l&w=640&h=426&exp=10800']","['https://vague.style/photo/227917', 'https://news.yahoo.co.jp/articles/5c7f43ec1dc0b2965c74615f5fd1fbfa34ba66ae/images/000', 'https://news.yahoo.co.jp/articles/5c7f43ec1dc0b2965c74615f5fd1fbfa34ba66ae/images/001', 'https://news.yahoo.co.jp/articles/5c7f43ec1dc0b2965c74615f5fd1fbfa34ba66ae/images/002', 'https://news.yahoo.co.jp/articles/5c7f43ec1dc0b2965c74615f5fd1fbfa34ba66ae/images/003', 'https://news.yahoo.co.jp/articles/5c7f43ec1dc0b2965c74615f5fd1fbfa34ba66ae/images/004']"
名古屋にある“世界初の電波塔に泊まるホテル”!? 「ミシュランガイド」のホテル版として始まった「ミシュランキー」を獲得！（VAGUE）,https://news.yahoo.co.jp/articles/ac7de6a5aaa7ab3fae879b954e3a08169088f2c9,https://newsatcl-pctr.c.yimg.jp/t/amd-img/20240715-10228145-vague-000-1-view.jpg?exp=10800,2024-07-15T11:40:00+09:00,2024-07-15T11:40:00+09:00,VAGUE,vague,VAGUE,1022,\n名古屋の街のシンボルがホテルに！\n世界初の電波塔に泊まるホテル「THE TOWER HOTEL NAGOYA」が、国内初となるミシュランキーホテルのセレクションにおいて、“特別な滞在”にあたる「1ミシュランキー」を獲得しました。\n【画像】「え...」これがミシュランキーを獲得した客室です！（6枚）\n合わせて、カテゴリーの枠を超えたユニークなキーホテルにも選出。同ホテルを拠点にした、五感を刺激する名古屋旅を体験してみてください。\n世界初のテレビ塔をリノベーションしたホテル\n1954年、戦後復興のシンボルとして開業し、人々に勇気と希望を与え続けてきた「名古屋テレビ塔」。そして、2020年には世界初のホテルリノベーションを成功させ、“電波塔に泊まる”というユニークな価値を持つ同ホテルが誕生しました。\n\n 「ローカライジング」をコンセプトに掲げ、全15室の“都市型オーベルジュ”として、東海3県で育まれた文化・伝統・食材・アート・クラフトなどを、国内はもとより世界に向けて発信しています。\n\n ホテル1Fには、気軽に立ち寄れるテラスカフェ「Farm＆（ファームアンド）」を配置。2Fでは、“地産美食”と称されるレジョナルキュイジーヌレストラン「lily（リリィ）」や、ミュージックホール「Sign（サイン）」が、さまざまな出会いを演出してくれます。\n\n そして、4Fには13室のゲストルームとレストラン「glycine（グリシーヌ）」、5Fにはバークビューを一望できるテラス付きのスイートルーム2室と、宿泊者専用のフィットネスジムが完備されています。\n\n 大きな見どころは、テレビ塔の駆体鉄骨がそのまま剥き出しで突き抜けている客室や、ホテル内のそこかしこに散りばめられたアート＆クラフトです。\n\n ミシュランキーは、世界のレストラン格付けで知られる「ミシュランガイド」のホテル版。今年4月からフランス・米国・スペイン・イタリアで順次実施され、7月に日本のホテル108軒が選出されています。\n\n 格付けは「3つの鍵」で表され、最上級の滞在には「3ミシュランキー」、素晴らしい滞在には「2ミシュランキー」、特別な滞在には「1ミシュランキー」という称号が与えられます。\n\n 東海3県の魅力を融合し、すべてのモノ・コトが五感を刺激する同ホテルなら、まさに“特別な滞在”を楽しめるはずです。\nVAGUE編集部,['https://newsatcl-pctr.c.yimg.jp/t/amd-img/20240715-10228145-vague-000-1-view.jpg?pri=l&w=640&h=426&exp=10800'],"['https://vague.style/photo/228145', 'https://news.yahoo.co.jp/articles/ac7de6a5aaa7ab3fae879b954e3a08169088f2c9/images/000']"
MTで操れるトヨタのコンパクトスポーツカー「GR86」が進化！ “グリーンのボディ×ブラウンの内装”がおしゃれな限定車も注目です（VAGUE）,https://news.yahoo.co.jp/articles/42569cecfdec69a740cbb883520eee202a5f294c,https://newsatcl-pctr.c.yimg.jp/t/amd-img/20240715-10228690-vague-000-3-view.jpg?exp=10800,2024-07-15T07:30:00+09:00,2024-07-15T08:58:57+09:00,VAGUE,vague,VAGUE,2030,\nモータースポーツで培った技術とノウハウをフィードバック\nTOYOTA GAZOO Racing（トヨタ ガズー レーシング、以下TGR）は、2ドアのコンパクトスポーツクーペ「GR86」の商品改良を実施。2024年8月1日の発売をアナウンスしました。\n【画像】「えっ！…」限定車はシックでおしゃれ！ これが進化した「GR86」です（27枚）\n併せて、同年10月頃より200台限定で発売される特別仕様車「RZ“リッジグリーンリミテッド”」の詳細についても明らかにしています。\n\n 果たして新型「GR86」はどんなモデルに仕上がっているのでしょうか？\n“GRらしい走りの味”にさらに磨きをかけたトヨタ新型「GR86」。おしゃれでシックな限定車「RZ“リッジグリーンリミテッド”」も見逃せない\n「GR86」は、2012年に誕生した「86（ハチロク）」を前身とする2ドアのコンパクトスポーツカーです。トヨタ自動車とスバル（スバル版は「BRZ」）が共同開発されたモデルであり、2代目に当たる現行モデルは2021年に誕生しました。\n\n その際「86」は、トヨタが手がけるスポーツカーブランド・GRよって展開されることになり、ネーミングも新たに「GR86」へと変更されています。\n\n「GR86」はスバル「BRZ」とクルマのベースを共有しながら、「ドライバーが意のままに操れる“手の内感”」や「限界域でのリニアな応答、キビキビした走り」といった“GRらしい走りの味”を獲得。多くのクルマ好きから高い評価を獲得しています。\n\n 今回の商品改良は、「GR86」で参戦を継続している、さまざまなモータースポーツからの“学び”を反映しているのがポイント。レースという極限の環境でクルマを鍛えるプロドライバーからのフィードバックを生かし、“GRらしい走りの味”にさらに磨きをかけています。\n\n まず肝心の足回りは、ショックアブソーバーの減衰特性を改良。スポーツカーらしいダイレクトなハンドリングレスポンスはそのままに、接地感を向上させています。\n\n 加えて、より意のままに“ドライバーと対話できるクルマ”を目指し、パワーステアリングの特性を改良。さまざまなモータースポーツでの“使われ方”を想定し、俊敏なレスポンスと操舵安定性を両立させるとともに、限界域におけるステアリングフィールを向上させています。\n\n またMT車では、モータースポーツで求められるブリッピング操作のしやすさに着目し、エンジントルクの制御を変更。アクセル操作に対してよりダイレクトなレスポンスが得られるスロットル制御とし、限界域での扱いやすさを向上させています。\n\n 対するAT車では、モータースポーツに参戦するユーザーからのリクエストに応え、ダウンシフト操作時におけるエンジン回転数の許容領域を拡大。より広いトルクバンドを活用したスポーツ走行を楽しめるようにしています。\n\n そのほか、「RZ」、「SZ」の両グレードにはタイヤ空気圧警報システムを標準設定。さらに「RZ」グレードには、デイタイムランニングライトを標準設定しています。\n\n●シックでおしゃれなコーディネートの特別仕様車\n\n そんな新しい「GR86」は、200台限定の特別仕様車もトピックです。それが、新たにカラーバリエーションに加わった“リッジグリーン”のボディカラーに、専用のパーツ類を組み合わせた「RZ“リッジグリーンリミテッド”」です。\n\n この特別仕様車のベースモデルは「RZ」グレードで、ボディカラーには上記した“リッジグリーン”を採用。ブロンズ塗装が施された専用ホイールを組み合わせることでシックなエクステリアを演出しています。\n\n インテリアでは、ブラック＆“タンカラー”でコーディネートしたフロントシートが印象的。また、“タンカラー”のステッチ類、キャストブラック塗装を施したインストルメントパネルモール、ダイヤル式ヒータースイッチ＋ピアノタッチスイッチ＋オーナメント、ブラック仕上げのVSCオフスイッチ＋走行制御モードスイッチ（AT車）＋TRACKスイッチ、専用のドアトリム刺しゅうなども採用しています。\n\n 加えてメカニズム面においても、ブレンボ製のベンチレーテッドディスクブレーキやザックス製のショックアブソーバーを標準装備。走りにもこだわった仕様としています。\n\n この「RZ“リッジグリーンリミテッド”」は200台限定。GRブランドの地域拠点であるGR Garageにおいて、2024年7月28日まで抽選受付をおこなっています。\n\n＊ ＊ ＊\n\n モータースポーツを起点とした“もっといいクルマづくり”に取り組んでいるTGR。その最新モデルである新型「GR86」がどんな乗り味に仕上がっているのか、試乗できる日が楽しみです。\nVAGUE編集部,['https://newsatcl-pctr.c.yimg.jp/t/amd-img/20240715-10228690-vague-000-3-view.jpg?pri=l&w=640&h=426&exp=10800'],"['https://vague.style/photo/228690', 'https://news.yahoo.co.jp/articles/42569cecfdec69a740cbb883520eee202a5f294c/images/000']"
今ではグーグルマップより使いやすい!? 人気上昇中の無料地図アプリ アップル純正「マップ」 の“現在の実力”とは（VAGUE）,https://news.yahoo.co.jp/articles/404a89e8d716366e1c211a7ec468eb798398c452,https://newsatcl-pctr.c.yimg.jp/t/amd-img/20240715-10228209-vague-000-6-view.jpg?exp=10800,2024-07-15T12:10:00+09:00,2024-07-15T15:38:55+09:00,VAGUE,vague,VAGUE,2541,\niPhone標準の 無料で使えるカーナビ用アプリ\n日本では、携帯電話所有者のうちスマートフィン（スマホ）の割合は、2024年1月の調査で97％だといわれています（NTTドコモ モバイル社会研究所調べ。以下同）。\n【画像】狭い道を案内しない！ アップル純正地図アプリの機能を写真で見る（20枚）\n初代iPhoneが登場したのは2007年のこと。2010年でのスマホ比率は4％だったのが、爆発的に普及が進み、2015年には51.1％と初めて50％を超え、2017年には71.7％、2019年には85％、2021年には92.8％となりました。\niPhone純正のアップル「マップ」。目的地を音声で探すにはSiriを起動させて、「○○にある△△」というように条件を追加することで簡単に絞り込める\nスマホの普及にともない、多くの無料アプリが開発されてきました。\n\n スマホに内蔵されたGPSを用いて道案内をしてくれる地図アプリ、カーナビアプリも多数存在しています。\n\n いま、日本でのシェアが一番だといわれている無料地図アプリが「Googleマップ」です。\n\n Googleマップは、2005年7月にすでに日本語のベータ版がリリースされています。2010年には正式版が登場、ゼンリンの地図データを使いながら、アップデートでストリートビューや渋滞情報などが提供され、現在に至っています。\n\n iPhoneのOS、「iOS」に標準搭載されるアップル純正の「map（Appleマップ）」は、Googleマップよりも後、2012年にリリースされました。\n\n ただしリリース当初、全世界的に不具合が発生。この段階で、iPhoneユーザーの多くがGoogleマップへと移行してしまったといいます。\n\n その後「Yahoo!カーナビ」や「モビリンク」など、市販カーナビのような案内が受けられる無料地図アプリも続々と登場、有料の地図アプリを含め現在では多くのアプリがリリースされています。\n\n そんななか、Appleマップの使い勝手は2024年現在、どうなのでしょうか。\n\n※ ※ ※\n\n Appleマップは言わずと知れた、iPhoneの「iOS」に添付される無料で使えるカーナビ用アプリです。\n\n 2012年に提供された当初はさまざまなトラブルに見舞われましたが、iOSの更新とともにアップデートされて着実に進化を遂げ、今ではそうしたトラブルもすっかり解消。\n\n むしろ、特に狭い道を案内するようなこともなく、安心してルート案内を任せられることに好感が持てます。\nSiriでの音声入力にも対応 安心してルート案内を任せられる\nAppleマップは地図の使い勝手も良好で、多彩な機能を備えているにも関わらず動作もスムーズそのもの。表示される地図の表現力も美しく、特に3D表示での描画能力はかなりレベルが高いことを実感します。\n\n ルート案内中はオランダの「TomTom」が独自に収集したプローブデータを反映した交通情報を提供。もちろん、渋滞回避も行います。\nアップル「マップ」の縦表示画面。建物は高さデータと形状を反映しているが、リアル感には欠ける。GPS信号をロストしたトンネル内では分岐点には追従できず\n目的地検索では、文字入力やSiriでの音声入力に対応しています。特に音声入力の認識レベルは十分に実用的で、ほとんどの場合で対象地のリストアップしてくれました。目的地とした付近の様子を写真や住所、口コミといった情報を案内する機能も備えています。また、出発時刻や到着時刻を指定することができるのもポイントになるでしょう。\n\n 目的地検索で惜しいのは、対象地がマイナーな場所になると思うように探せなくなることです。やはり検索能力ではGoogleマップに見劣りしていると感じます。\n\n 目的地を探し終えたら、下側に表示されるアイコンをタップすると目的地へ向かうのに、自動車のほか、公共交通機関、徒歩、自転車から利用方法を選びます。利用方法に応じて所要時間がアイコン上に表示されるのはわかりやすいですね。\n \n 自動車でルートを探索した際は、あらかじめ有料道路／高速道路の回避設定も行えます。\n\n ルート案内中は他のカーナビ用アプリと同様、交差点拡大図を表示することはありませんが、分岐点に近づくに従い地図を拡大して周辺を見やすく表示します。\n\n 交差点名を音声で読み上げ、車線ガイドは一部ではあるものの表示するので、複雑な交差点でもない限り、ルート案内で不安を感じることはないと思います。一時停止や制限速度などの道路標識情報は初めての場所で重宝するかもしれません。\n\n トンネル内に入ってGPS信号をロストした時は、トンネルに入った時点の速度のまま簡易的に進んでいきますが、一定時間を過ぎると停止。左右方向の動きにも追従はしないため、トンネル内の分岐には追従はできませんでした。\n\n※ ※ ※\n\n カーナビとして使う以上、重要なのは目的地がスムーズに探せて、わかりやすいルート案内で目的地へと誘導することです。\n\n 目的地の検索能力では「Googleマップ」を超えるアプリがないのは明らかで、それは曖昧な名称や住所、あるいはイベント情報なども検索対象とし、ありとあらゆるものをターゲットとしているからです。\n\n 案内のわかりやすさとしてはAppleマップも優れています。\n\n 一方でGoogleマップは、ショートカットするルートを優先しがちで、時折、狭い道を案内されて困ることもあります。分岐点での案内では自動的にズームアップして交差点名も案内しますが、案内そのものは道路上に矢印を載せるだけと物足りなさを感じます。\n\n これまで無料アプリといえば、GoogleマップとYahoo!カーナビが双璧とされてきましたが、ここへ来てAppleマップも侮れない実力を付けていることがわかりました。\n\n 今後も互いに切磋琢磨して、より良いアプリへと進化していくことを期待したいと思います。\n会田肇,"['https://newsatcl-pctr.c.yimg.jp/t/amd-img/20240715-10228209-vague-000-6-view.jpg?pri=l&w=640&h=426&exp=10800', 'https://newsatcl-pctr.c.yimg.jp/t/amd-img/20240715-10228209-vague-001-6-view.jpg?pri=l&w=640&h=426&exp=10800']","['https://vague.style/photo/228209', 'https://news.yahoo.co.jp/articles/404a89e8d716366e1c211a7ec468eb798398c452/images/000', 'https://news.yahoo.co.jp/articles/404a89e8d716366e1c211a7ec468eb798398c452/images/001']"
