headline,mainEntityOfPage,image,datePublished,dateModified,author,media_en,media_jp,str_count,body,images,external_links
“霊長類最強女子”吉田沙保里さんが静岡県の国保特定健診メインキャラクターに「健康が一番大事」県民に受診呼びかけ（テレビ静岡NEWS）,https://news.yahoo.co.jp/articles/c5087b911746ba30e99f2bbe90f3cca6a9752abf,https://newsatcl-pctr.c.yimg.jp/t/amd-img/20251002-90034220-sut-000-1-thumb.jpg?exp=10800,2025-10-02T21:17:01+09:00,2025-10-02T21:17:01+09:00,テレビ静岡NEWS,sut,テレビ静岡NEWS,435,"テレビ静岡
オリンピック三連覇を達成するなどレスリング選手として活躍した吉田沙保里さんが、静岡県の特定健診を促すメインキャラクターに起用され県庁でPRしました。

県庁を訪れたのはレスリングのオリンピック金メダリストの吉田沙保里さんです。

県は健康の大切さを誰よりも知っていることなどから、吉田さんを特定健診の受診を促す県のメインキャラクターに起用しました。

特定健診は生活習慣病の早期発見や予防のために国が導入し、40歳から74歳を対象に行っていますが、2023年度の県の受診率は37.9％にとどまっていて、吉田さんはまずは受けてみてほしいと話します。

吉田沙保里さん：
レスリングもケガ無く健康でいられたからここまで頑張れた。生きていくためには健康が一番大事と思っているのでより多くの人に健診が大事だよということを発信できて皆さんに響いたらうれしい

吉田さんを起用した広報は来年1月まででテレビCMや駅構内の広告などでPRしていくということです。
テレビ静岡",[],[]
令和の米騒動で酒造りに暗い影　日本酒の原料価格が高騰　酒造会社は嘆息　「商品価格を変更せざるを得ない。市場の感覚とマッチするのか危惧」（テレビ静岡NEWS）,https://news.yahoo.co.jp/articles/4618e2bbd092aea776b0e79081758cbdd7318d18,https://newsatcl-pctr.c.yimg.jp/t/amd-img/20251002-90034211-sut-000-1-thumb.jpg?exp=10800,2025-10-02T19:44:02+09:00,2025-10-02T19:44:02+09:00,テレビ静岡NEWS,sut,テレビ静岡NEWS,1791,"テレビ静岡
全国のスーパー約1000店で販売されたコメ5kgあたりの直近の平均価格は4246円と、前の年の同じ時期と比べ1000円以上も高くなっています。長引く令和の米騒動は酒造りにも暗い影を落としています。
9月14日。

JR清水駅前で開かれた地酒ストリート。

全国の蔵元が集結し、静岡が誇る自慢の地酒から海外でも愛される全国の銘酒までずらりと並びました。

来場者：
おいしい。飲みやすい

来場者：
すっきりと飲みやすくて、いくらでも飲めそうな感じ

来場者：
辛口、大好き

ただ、蔵元の表情は晴れません。

青島酒造（喜久酔）・青島孝 社長：
（酒米の）値段は飯米以上に上がっている。固定費が随分上がってしまうので経営的には厳しい

大信州酒造（大信州）・中村築さん：
（酒米の）価格は上がっている。去年に比べて相当上がっている状態

三和酒造（臥龍梅）・鈴木孝昌 専務：
酒米農家が減ってしまい、酒米にも影響がある。値段を上げざるを得ないところもあるが、お客さんにリーズナブルな価格で提供したい思いもあり、ギリギリの戦い

聞こえてきたのは日本酒の原料である酒米の高騰に喘ぐ声です。
静岡県静岡市清水区由比で113年続く神沢川酒造場。

現在酒造りはオフシーズンですが、仕込みに向けてこれから仕入れる酒米の価格上昇は深刻な状況になっています。

神沢川酒造場（正雪）・望月正隆 社長：
去年に比べて70%くらい（上がる）と思っていたが、100%以上上がっているものもある。最終的に3月くらいまでの間の酒米価格を見て、もう一度（商品の）価格を変更せざるを得ないくらいの上り幅

神沢川酒造が使用している酒米の1つが県内産の令和誉富士。

2024年の仕入れ価格は60kgあたり1万7000円ほどと、前の年と比べて約20％値上がりしましたが、2025年はさらに高騰して3万円を超える見通しで、商品への価格転嫁が避けられない状況です。

神沢川酒造場（正雪）・望月正隆 社長：
値上げ幅もかなり大きくなるが、そうなった時に市場の感覚と商品の価格がマッチするのか危惧している
さらに追い打ちをかけているのが酒米の作付面積の減少です。

JA全農によると、2024年に収穫された県内産のコメの60kgあたりの価格は、食用米のコシヒカリが日本酒の原料となる誉富士を大きく上回りました。

このため、酒米の栽培から収益性の高い食用米へと転作する農家も増えていて、県内における酒米の作付面積は2024年から2025年にかけて15%ほど減少しています。
焼津市で酒米を育てている八木栄幸さん。

県内の酒造に協力したいとの思いから栽培を続けていますが、昨今の市況を見て本音がこぼれます。

八木青空農場・八木栄幸さん：
酒米はやりづらい、価格が安いとなると、減らして普通のコメを作った方が経営的には有利。（酒米の）価格からみると“やめたい”というのは正直あった

八木さんによれば、60kgあたりの価格を比較したときに2024年は食用米と酒米とで最大5000円の開きがあり、出荷量が増えればその分だけ収入に影響が…

このため、価格が急激に変動しないような流通システムの構築を望んでいます。

八木青空農場・八木栄幸さん：
余れば安くなる、足りなければ高くなるということはコメの世界ではあってほしくない。苦しい思いをするためにコメを作りたくないので、バランスよく酒米にも飼料用米にも十分コメが行く状況を作ってほしい
酒米が危機に瀕する中、全国では酒造業に補助金を出す自治体も増えていて、県内でも酒造組合が県に支援を要望しました。

これを受け、県議会9月定例会では県内の酒造会社が静岡産の酒米を購入する際の補助金として約1000万円を計上した補正予算案が上程されています。

ただ…

神沢川酒造場（正雪）・望月正隆 社長：
誉富士以外の一般の（もろみ造りに使われる）掛米や加工米も静岡の農家に作ってもらっているので、こういうところも補助してもらえるようになると静岡のメーカーは誉富士だけでお酒を造っているわけではないので本当に助かる。ぜひお願いしていかないといけない

コメの価格が安定しない中で地域の酒造りを守ることができるのか…酒造会社は苦悩はしばらく続きそうです。
テレビ静岡",[],[]
掛川産・和栗の新作スイーツ　全国の産地つなぎ魅力を世界へ（テレビ静岡NEWS）,https://news.yahoo.co.jp/articles/7fde04362a401525ee35fcef2e494984594074a1,https://newsatcl-pctr.c.yimg.jp/t/amd-img/20251002-90034214-sut-000-1-thumb.jpg?exp=10800,2025-10-02T19:40:01+09:00,2025-10-02T19:40:01+09:00,テレビ静岡NEWS,sut,テレビ静岡NEWS,947,"テレビ静岡
日本原産の栗・和栗、静岡県内では掛川市で栽培が盛んに行われています。いま改めて和栗の魅力を発信しようと旬を迎えた栗をふんだんにつかった新作スイーツが開発されました。
熊崎結萌アナウンサー
熊崎結萌アナウンサー：
こちらにはモンブランやタルトなど旬の和栗をたっぷりと使ったスイーツが並んでいます

9月25日浜松市で開かれた新作スイーツの試食会。

モンブランやタルトなど4品が並びました。

使われているのは掛川産の栗と石川県・能登地方で採れた栗です。

その味はというと？

熊崎結萌アナウンサー：
和栗シャンティ頂きます。口当たりとっても軽いクリームに繊細な栗のペーストがよく合います。香ばしいタルトの上にジュワっとみずみずしいスポンジがのっていて、さらに和栗のクリームが豪華な味わいです
栗の収穫作業（資料）
旬の栗を堪能できる新作スイーツ。

開発の背景には栗農家が抱えているある課題がありました。

古くから栗の栽培が盛んな掛川市。

粒が大きく糖度が高いのが特徴です。

ただ、農家の高齢化や後継者不足から生産量は最盛期の5分の1にまで減少。

栗農家を支えていくには安定的な出荷先の確保が必須でした。

春華堂・間宮純也 専務取締役：
このままだと栗の生産者が畑をやめてしまう。掛川の栗を使ってお菓子を作ってくれないかと言われそこから始まった

浜松市の菓子メーカー・春華堂はJAや地元の企業などと和栗協議会を立ち上げ、遠州地域で採れる和栗のブランド化を目指すことになりました。
間宮純也 専務取締役
和栗の魅力を発信したい。

その大きな一歩が今回のスイーツです。

試食会には栗の生産者も参加していました。

和栗生産者・海野一二三さん：
我々が作った栗がこんな状態になっているのは驚き。（販売ルートが）確保できれば農家も期待できるのではないか。生産者としてもやりがいがある

春華堂・間宮純也 専務取締役：
最終的には日本全国の栗産地をつないで交流と世界に和栗を発信して、生産者に経済的な循環、農業を続けていくエネルギーをみなさんと作っていきたい

持続可能な栗農業へ。

そして、和栗を世界へ。

掛川の栗を起点とした挑戦はまだ始まったばかりです。
テレビ静岡",[],[]
温泉街の上流で土石流被害　土砂をせき止める砂防えん堤が完成し住民向け見学会（テレビ静岡NEWS）,https://news.yahoo.co.jp/articles/76e7316cba2d3523b33b692f07437f0286f38fbd,https://newsatcl-pctr.c.yimg.jp/t/amd-img/20251002-90034213-sut-000-1-thumb.jpg?exp=10800,2025-10-02T19:38:02+09:00,2025-10-02T19:38:02+09:00,テレビ静岡NEWS,sut,テレビ静岡NEWS,595,"テレビ静岡
3年前の台風で土石流の被害を受けた松崎町の雲見地区に土砂をせき止める砂防えん堤が完成し、10月2日に住民向けの見学会が行われました。

2022年8月、台風にともなう大雨で雲見地区では土石流が発生し、建物58棟が被害を受けた他、川の護岸の破損や停電・断水が起きる事態となりました。

この災害を受け、県は温泉街を流れる川の上流2カ所で約6億4000万円をかけ、土砂をせき止める砂防えん堤の増設を進めてきました。

その工事が完了し、2日に行われた見学会には地元住民や工事関係者など約30人が集まりました。

地元住民：
今回完成した砂防えん堤が今後、同地区の暮らしを力強く支え、地域のさらなる発展につながっていくことを心から願っております

このあと住民たちは完成した施設の1つを訪れ、県の職員から説明を受けました。

見学したえん堤は高さ10ｍ・長さ37.5ｍあり、3000立方メートル・50ｍプール3杯分の土砂をせきとめることができます。

松崎町・深澤準弥 町長：
たくさんの方が非常につらい思いをした災害なので、そういった意味で言うとこの砂防えん堤が完成したことで安全・安心が担保できるのは心強いなと

建設にあたっては多くの杭を打ち込み強度を増す「EPルートパイル工法」が県内で初めて導入され、地盤を改良する費用の圧縮や工期の短縮が図られたということです。
テレビ静岡",[],[]
田久保市長の“学歴問題”で停滞　「伊東を前に」若い世代からも声あがる　「失われた3カ月を少しでもいい方向に…」（テレビ静岡NEWS）,https://news.yahoo.co.jp/articles/c1604e8ac73dbcf90cf3bab4c13a86ffe3ce899f,https://newsatcl-pctr.c.yimg.jp/t/amd-img/20251002-90034215-sut-000-1-thumb.jpg?exp=10800,2025-10-02T18:58:02+09:00,2025-10-02T18:58:02+09:00,テレビ静岡NEWS,sut,テレビ静岡NEWS,788,"テレビ静岡
田久保眞紀 市長の学歴詐称問題に端を発し、混迷が続く静岡県伊東市。選挙権を持たない子供たちが停滞する市政を前に進めてほしいと、田久保眞紀 市長に要望書を提出しました。
次々と露呈する田久保市長の”矛盾”　辞めるの止めた　疑惑の“卒業証書”は今も金庫の中　新図書館の建設反対⇒温泉カフェ図書館構想ぶち上げる　メガソーラー計画は「水面下で激しく動いている」⇒市が否定
いとう子どもみらい会議・宮内友暉 代表：
「初心を決して曲げることなく、一方で皆様の声にしっかりと耳を傾けながら即決即断し、行動力を発揮し、伊東のまちが真の意味で活力ある街に再生を果たす」という言葉に基づき、市民の意見を反映させる体制づくりを強く要望します

田久保市長に要望書を渡したのは、小学生から高校生までのグループ・いとう子どもみらい会議の代表を務める宮内友暉さんです。

グループでは混迷が続く伊東市政に「若者の声も反映させてほしい」と9月21日に小中学校の統廃合や公共施設の老朽化など、要望や市の未来像について話し合いました。

10月2日はこの話し合いで出た電車やバスの本数増加や市内の駅周辺に自習室の設置などを求め、田久保市長は「一緒に考える機会をつくりたい」と答えていました。

伊東市・田久保眞紀 市長：
ただやるだけではなくて（意見を）反映できるよう、やり取りする機会をつくっていきたい

提案については各担当課と検討した上で回答するということです。

宮内さんは今の伊東市の現状について若い世代から見ても「停滞している」と感じると話します。

いとう子どもみらい会議・宮内友暉 代表：
この3～4カ月に停滞していたものを前に動かすことが1つの目的なので、伊東市の失われた3カ月を少しでもいい方向に動かせたらよかった

こうした中で注目されているのが伊東市議選です。
テレビ静岡",[],[]
自転車の高校生が重体　道路脇に停車中のワンボックスカーに衝突　下り坂が続く直線道路　通報時は意識もうろう状態も警察が到着した際は意識なし（テレビ静岡NEWS）,https://news.yahoo.co.jp/articles/bb3ba052d1709e513e7ce7157700d6fd15d2dc58,https://newsatcl-pctr.c.yimg.jp/t/amd-img/20251002-90034212-sut-000-1-thumb.jpg?exp=10800,2025-10-02T18:48:01+09:00,2025-10-02T18:48:01+09:00,テレビ静岡NEWS,sut,テレビ静岡NEWS,285,"テレビ静岡
自転車に乗っていた男子高校生が意識不明の重体です。

10月2日午前8時頃、静岡県三島市三ツ谷新田の市道で自転車が道路脇に止まっていたワンボックスカーに衝突しました。

この事故で自転車に乗っていた男子高校生（16）が頭を強く打ち、病院に搬送されましたが意識不明の重体となっています。

車の運転手の男性にケガはありませんでした。

警察によりますと、男性が消防に通報した時、高校生の意識はもうろうとした状態で、警察が到着した時には意識がなかったということです。

現場は片側1車線の下り坂が続く直線道路で、警察が事故の原因を詳しく調べています。
テレビ静岡",[],[]
工場で爆発事故…3人搬送　いずれも意識あり命に別条なし　製品試験に使用する圧力容器が破裂（テレビ静岡NEWS）,https://news.yahoo.co.jp/articles/9768553fcafd356433be5d190208d47b17385579,https://newsatcl-pctr.c.yimg.jp/t/amd-img/20251002-90034209-sut-000-1-thumb.jpg?exp=10800,2025-10-02T18:17:02+09:00,2025-10-02T18:17:02+09:00,テレビ静岡NEWS,sut,テレビ静岡NEWS,262,"テレビ静岡
10月2日午前、静岡県沼津市にある工場で爆発事故があり作業員3人が病院に搬送されました。いずれも意識はあり軽傷と見られています。

2日午前10時15分過ぎ、沼津市東間門にある明電舎沼津事務所の工場で爆発事故があり、関係者から「製品試験に使用する圧力容器が破裂した」などと消防に通報がありました。

この事故で作業にあたっていた20代から30代の男性3人が救急搬送されましたが、いずれも命に別条なく軽傷と見られています。

警察によると爆発したのは空気を圧縮する機械で、消防と共に原因を調べています。
テレビ静岡",[],[]
114日ぶりの涼しい朝に　1日の気温差大きく　体調管理に注意を【ただいま天気　10/2】（テレビ静岡NEWS）,https://news.yahoo.co.jp/articles/86decf59c15ba34cb40212076c3aa20323cd1aca,https://newsatcl-pctr.c.yimg.jp/t/amd-img/20251002-90034219-sut-000-1-thumb.jpg?exp=10800,2025-10-02T18:14:02+09:00,2025-10-02T18:14:02+09:00,テレビ静岡NEWS,sut,テレビ静岡NEWS,804,"テレビ静岡
小塚恵理子気象予報士

【　２日の気温　】
2日朝はシーズン1番低くなって全地点20℃以下でした。これは6月10日以来114日ぶりです。井川や御殿場は暖房が必要なくらいの気温となりましたが各地10月上旬並で平年並でした。最高気温は、16地点で25℃を超える夏日。天竜・三島は29℃台。浜松・静岡は28℃台でした。昼間は日差しが暑く感じられました。


【　気温グラフ　】
1日（水）から2日（木）にかけての静岡の気温変化です。1日（水）は変動小さく昼間は20℃まで下がった時間もあって涼しい1日でした。晴れて風が弱かったので放射冷却が効いた為、夜は更に気温が下がりました。2日（木）はグンと気温が上がって、朝から10℃以上の差になりました。今月しばらくは雨だと涼しく、晴れると気温差大きいので気温差にご注意ください

【 3日（金）の天気　】
雲が広がるでしょう。空の高い所に出る雲で　明るいくもり空となりそうです。夜は雨の降る所がありそうですのでお帰りが遅い方は折りたたみ傘をカバンに入れておいてください。最低気温は2日（木）より高めで20℃以上となりそうです。2日（木）朝ほどの涼しさではなさそう。 最高気温はやや下がるでしょう。日差しが弱い分、暑さは楽になるでしょう。

【　天気痛予報　】
各地とも安心でしょう。体調も落ち着きやすい1日となるでしょう。

【　週間予報　】
雲の多い日が続くでしょう。その中で雨が降ったり、晴れ間が出たりしそうです。
晴れるのは5日(日)と9日(木)の予想です。5日（日）以降は暖かい空気が入って気温高めの予想です。

【　台風21号　】
熱帯低気圧が2日（木）に台風になりました。21号です。西へ進むので県内への影響はないと思われます。過去には10月に静岡県に上陸した台風もあるのでまだ油断できない季節。台風の情報が出たときはご注意ください。
テレビ静岡",[],[]
三嶋大社で千歳飴の袋詰め　子供たちの健やかな成長願う（テレビ静岡NEWS）,https://news.yahoo.co.jp/articles/e64d963a2edace0edb0c054fa634d5a5571a65ee,https://newsatcl-pctr.c.yimg.jp/t/amd-img/20251002-90034210-sut-000-1-thumb.jpg?exp=10800,2025-10-02T18:14:02+09:00,2025-10-02T18:14:02+09:00,テレビ静岡NEWS,sut,テレビ静岡NEWS,269,"テレビ静岡
子供たちの健やかな成長を祝う七五三を11月に控え、三嶋大社で千歳飴の袋詰めが行われました。

10月2日は朝から巫女さんと地元婦人会のメンバーが、紅白の千歳飴と大社にゆかりのある源頼朝の顔をあしらった頼朝飴を丁寧に袋に詰めていきました。

きょう1日で約5500袋を準備したということです。

三嶋大社巫女・安齋優さん：
七五三参りを迎える子供と家族が皆さん健康で心豊かにお参りとお祝いをできるようにお祈りして奉製している

三嶋大社の七五三の参拝客は10月下旬から11月上旬にかけてピークを迎えるということです。
テレビ静岡",[],[]
田久保市長に対する支持・不支持を表明しない候補も？　伊東市議選には30人前後が立候補の見通し　不信任案反対を明言している予定者は1人のみ（テレビ静岡NEWS）,https://news.yahoo.co.jp/articles/bbfda6038eb31fc478475686a51eee9b11d7f96f,https://newsatcl-pctr.c.yimg.jp/t/amd-img/20251002-90034208-sut-000-2-thumb.jpg?exp=10800,2025-10-02T18:13:01+09:00,2025-10-02T18:17:02+09:00,テレビ静岡NEWS,sut,テレビ静岡NEWS,974,"テレビ静岡
田久保市長に対する不信任案可決に伴う市議会の解散で行われる伊東市議選。10月1日までに事前審査が終わり30人前後が立候補するとみられています。
次々と露呈する田久保市長の”矛盾”　辞めるの止めた　疑惑の“卒業証書”は今も金庫の中　新図書館の建設反対⇒温泉カフェ図書館構想ぶち上げる　メガソーラー計画は「水面下で激しく動いている」⇒市が否定
登庁した田久保市長（10月2日）
記者：
市議選まで10日になりました（市議選の）候補者も30人ほどになりそうですがどのようにみてますか？

午前10時前に登庁した伊東市の田久保市長。

10月2日も報道陣の問いかけに答えることはありませんでした。

田久保市長の議会解散により19日に行われる伊東市議選。

その構図も固まりつつあります。
立候補が想定される人数
9月30日と10月1日に行われたのは立候補予定者の事前審査です。

必要な書類を受け取っていたのは38陣営ありましたが、この事前審査を終えたのは31陣営。

審査後に1人が断念し、これまでのところ前職18人と新人12人が立候補するとみられます。

これまでに田久保市長を支持すると明言している立候補予定者は1人。

また、田久保市長に近い立場の立候補予定者が2人、他にも数人態度を明確にしていない新人候補もいます。
伊東市役所
田久保市長が再びの不信任を阻止するためには市長に近い立場の候補者7人の当選が必要ですが、これまで市長自身が擁立することはないと話しています。

また、今後の議会に期待することとして語っていたのが「議員それぞれが市政をけん引していくこと」と「新しい力の出現」です。

伊東市・田久保眞紀 市長：
議員は議員の意思と考えで市政を牽引していく立場であるべき。私自身が議員であったこともあり、私に常にイエスマンであるような議会であってはならないと思う。ただ、今の状況を鑑みて、もっといろいろな議論・結論があって然るべしと考えているので、そういった意味での新しい力に期待をしています

今回の市議選では田久保市長に対し、どのような姿勢で臨むのか明らかにせずに出馬する人もいるとみられています。

停滞する市政をどう進めていくのか関心が集まる中で行われる伊東市議選は10月12日告示、19日投開票です。
テレビ静岡",[],[]
田久保市長の学歴詐称問題で混迷　「街に混乱がなく伊東出身と胸を張って言える環境が…」高校生が率直な思い吐露　所信表明の言葉通り市民の声に耳を傾け意見が反映しやすい体制づくりを要望（テレビ静岡NEWS）,https://news.yahoo.co.jp/articles/c6b3d2e63b2390ffa4f8cc596174b9b00cf0de88,https://newsatcl-pctr.c.yimg.jp/t/amd-img/20251002-90034218-sut-000-1-view.jpg?exp=10800,2025-10-02T17:48:02+09:00,2025-10-02T17:48:02+09:00,テレビ静岡NEWS,sut,テレビ静岡NEWS,697,"要望を聞く田久保市長
田久保眞紀 市長の学歴詐称問題により混乱が続く伊東市では、選挙権を持たない子供たちが停滞する市政を前進させるよう市長に要望書を提出しました。
次々と露呈する田久保市長の”矛盾”　辞めるの止めた　疑惑の“卒業証書”は今も金庫の中　新図書館の建設反対⇒温泉カフェ図書館構想ぶち上げる　メガソーラー計画は「水面下で激しく動いている」⇒市が否定
伊東市では市政を憂う高校生の有志が「いとう子どもみらい会議」を立ち上げ、9月21日に意見を交わしました。

参加したのは小学生から高校生までの16人で、背景には伊東市が混乱する中、選挙権を持っていない若者の声を市政に反映させてほしいという思いがあります。

会議では自由に遊ぶことができる公園の設置や自習室の設置を求める声があがり、10月2日は宮内友暉 代表が田久保市長に要望書を提出しました。

この中で、宮内代表は田久保市長が市議会6月定例会の所信表明で述べた「『市民目線を忘れず、初心を決して曲げることなく、一方で皆様の声にしっかりと耳を傾けながら、即決即断し、行動力を発揮して、伊東のまちが真の意味で活力のあるまちに再生を果たす』という言葉に基づき、市民の意見を反映しやすくする体制づくりを強く要望します」と伝えると、田久保市長は「やり取り（の場）を作っていきたい」と返しています。

終了後、取材に応じた宮内代表は「伊東市の失われた3カ月をちょっとでも良い方向に動かせたらいい」と口にした上で、いま市政に対して一番欲していることについて「街に混乱がなく、伊東出身と胸を張って言える環境が非常に大事」と話しました。
テレビ静岡",[],[]
10代女性に一方的な好意　ストーカー行為繰り返したとして44歳男を逮捕　待ち伏せや見張り（テレビ静岡NEWS）,https://news.yahoo.co.jp/articles/5925c07fea6779fd423420539e94670dfc052a44,https://newsatcl-pctr.c.yimg.jp/t/amd-img/20251002-90034217-sut-000-1-view.jpg?exp=10800,2025-10-02T16:46:01+09:00,2025-10-02T16:46:01+09:00,テレビ静岡NEWS,sut,テレビ静岡NEWS,334,"富士警察署
面識のない女性に対して複数回ストーカー行為をしたとして、富士市に住む会社員の男が逮捕されました。

ストーカー規制法違反容疑で10月2日に逮捕されたのは富士市原田に住む会社員の男（44）で、7月から9月にかけて静岡県東部地区に住む女性（10代）に対して待ち伏せをしたり、見張ったりするなどストーカー行為を繰り返した疑いです。

事件は6月下旬に女性から富士警察署に「待ち伏せをされている。不審人物がいる」と相談があったことで発覚し、捜査を進めたところ、その後もストーカー行為が確認されたため逮捕に至りました。

警察によると2人の間に面識はなく、男が一方的に好意を抱いたと見られています。

一方で、警察は男の認否や動機を明らかにしていません。
テレビ静岡",[],[]
“田久保派”の擁立は現状で“不信任阻止ライン”の7人に届かず？　午前10時前に登庁した田久保市長は問いかけに“だんまり”　構図が固まりつつある伊東市議選　告示まであと10日（テレビ静岡NEWS）,https://news.yahoo.co.jp/articles/1918dcdc381ec950393c099a408ff738eb6cc952,https://newsatcl-pctr.c.yimg.jp/t/amd-img/20251002-90034216-sut-000-1-view.jpg?exp=10800,2025-10-02T16:24:01+09:00,2025-10-02T16:24:01+09:00,テレビ静岡NEWS,sut,テレビ静岡NEWS,712,"伊東市・田久保眞紀 市長
田久保眞紀 市長が議会を解散したことに伴う伊東市議選は告示まであと10日となりました。これまでに定数20に対して30人前後が立候補すると見られています。
次々と露呈する田久保市長の”矛盾”　辞めるの止めた　疑惑の“卒業証書”は今も金庫の中　新図書館の建設反対⇒温泉カフェ図書館構想ぶち上げる　メガソーラー計画は「水面下で激しく動いている」⇒市が否定
伊東市の田久保眞紀 市長をめぐっては大学を除籍されていたにもかかわらず、市の広報誌に「東洋大学法学部卒業」と記載していた学歴詐称が問題となり、市議会は田久保市長に対する不信任を議決しました。

これを受け、田久保市長が議会を解散したため、10月19日に市議会議員選挙が行われます。

10月12日の告示を前に同月1日までに計31陣営が事前審査を終えているものの、このうち1人が立候補を取りやめたため、現在のところ前職18人と新人12人が出馬する見通しです。

これまでに田久保市長に対する不信任案が再度提出された場合に反対票を投じると明言しているのは1人ですが、田久保市長に近い立場の立候補予定者が2人いるほか、新人の中には態度を明らかにしていない立候補予定者が数人います。

不信任案の採決には全議員（20人）の3分の2以上の出席が必要で、このため田久保市長が再びの不信任を阻止するためには7人以上の当選が必要となる一方、現状では“市長派”の立候補予定者は7人に届いていないと見られます。

こうした中、10月2日午前10時前に登庁した田久保市長は報道陣から市議選について問われましたが、質問に答えることなく無言で執務室に入りました。
テレビ静岡",[],[]
女性の入浴姿を盗撮　70歳男を再逮捕　住居侵入容疑で逮捕後にスマホを調べたところ動画が見つかり犯行発覚　容疑認める（テレビ静岡NEWS）,https://news.yahoo.co.jp/articles/84ccfd1610d4256c346504bef6d0110ef7f6be49,https://newsatcl-pctr.c.yimg.jp/t/amd-img/20251002-90034207-sut-000-1-view.jpg?exp=10800,2025-10-02T15:54:02+09:00,2025-10-02T15:54:02+09:00,テレビ静岡NEWS,sut,テレビ静岡NEWS,267,"静岡南警察署
静岡市駿河区の住宅で、この家に住む女性の入浴姿を盗撮したとして、同区に住む70歳の男が再逮捕されました。

性的姿態等撮影容疑で10月2日に再逮捕されたのは静岡市駿河区根古屋に住む男（70）で、9月11日午後8時半頃、同区にある住宅で住人の女性（40代）の入浴姿を盗撮した疑いが持たれています。

男は女性の自宅に侵入した疑いで9月14日に逮捕されていて、捜査の中で男のスマートフォンから入浴中の女性を撮影した動画が見つかったため今回の事件が発覚しました。

調べに対して男は容疑を認めているということです。
テレビ静岡",[],[]
片側一車線道路で自転車が停車していたトラックに追突　男子高校生が頭を打って重体　現場は下り坂（テレビ静岡NEWS）,https://news.yahoo.co.jp/articles/4fb4a72440c6965152342d681e532cf889d61577,https://newsatcl-pctr.c.yimg.jp/t/amd-img/20251002-90034206-sut-000-2-view.jpg?exp=10800,2025-10-02T14:00:02+09:00,2025-10-02T14:02:01+09:00,テレビ静岡NEWS,sut,テレビ静岡NEWS,263,"三島警察署
10月2日朝、三島市の市道で自転車が道路脇に停車していたトラックに衝突する事故があり、自転車に乗っていた男子高校生が意識不明の重体です。

10月2日午前7時54分頃、三島市三ツ谷新田を走る片側一車線の市道で自転車が道路脇に停車していたトラックに衝突する事故があり、トラックの運転手から消防に通報がありました。

自転車に乗っていたのは16歳の男子高校生で、意識不明の重体です。

トラックの運転手にケガはありません。

警察によると、現場は下り坂で、自転車はトラックの後方に追突したと見られています。
テレビ静岡",[],[]
スポーツ庁長官に浜松市出身・河合純一 氏が就任　パラリンピアンの起用は初めて（テレビ静岡NEWS）,https://news.yahoo.co.jp/articles/0c6a8f115a2f82259629482df513a7883190b6c8,https://newsatcl-pctr.c.yimg.jp/t/amd-img/20251002-90034203-sut-000-1-thumb.jpg?exp=10800,2025-10-02T12:54:01+09:00,2025-10-02T12:54:01+09:00,テレビ静岡NEWS,sut,テレビ静岡NEWS,388,"テレビ静岡
スポーツ庁の新たな長官に静岡県浜松市出身で元パラリンピック競泳選手の河合純一さんが就任し、「スポーツの価値をより高めたい」と抱負を語りました。

浜松市出身の河合純一さん（50）はパラリンピックの競泳で21個のメダルを獲得し、日本パラリンピック委員会の委員長を務めてきました。

スポーツ庁長官へのパラリンピアンの起用は初めてで、第3代長官に就いた河合さんは「スポーツの価値をさらに高めるとともにスポーツを通じて共生社会を実現したい」と語りました。

スポーツ庁・河合純一 新長官（50）：
期待と不安と両方あるが、国民の皆さんがスポーツを通じてより豊かな人生を進んでいけるように私なりに感じたことを皆さんと共有してしっかり進めていきたい

任期は2年で、河合さんは職員に対し「さまざまな視点からアイデアを出し合えるチームになりたい」と伝えていました。
テレビ静岡",[],[]
「給湯器の無料点検」と高齢者宅訪問　うその工事持ち掛け契約交わす　男3人を逮捕　（テレビ静岡NEWS）,https://news.yahoo.co.jp/articles/27d069cd3a2922f0cfda2173ada476c6d60736af,https://newsatcl-pctr.c.yimg.jp/t/amd-img/20251002-90034201-sut-000-1-thumb.jpg?exp=10800,2025-10-02T12:52:01+09:00,2025-10-02T12:52:01+09:00,テレビ静岡NEWS,sut,テレビ静岡NEWS,331,"テレビ静岡
高齢者の家を訪れ、給湯器に異常があるなどとうその工事を持ちかけて工事代金をだまし取ろうとした疑いで、会社役員の男など3人が逮捕されました。

逮捕されたのは神奈川県の会社役員の男（40）と訪問販売員の男（40）など3人です。

3人は2025年3月、静岡県伊豆市の83歳と78歳の女性の家を訪れて、給湯器に異常があるとうその工事を持ち掛け代金をだまし取ろうとしたほか、不備がある契約書を交わした疑いがもたれています。

2人の女性は代金が高額だったことを不審に思い、消費生活センターと警察に相談したことから事件が発覚しました。

これまでの捜査で3人が結んだ契約は約8000万円にのぼっていることがわかっていて、警察が余罪を調べています。
テレビ静岡",[],[]
覚醒剤を使用した疑いで航空自衛官を逮捕　抜き打ち検査で陽性反応（テレビ静岡NEWS）,https://news.yahoo.co.jp/articles/7521ae5d96a3af73b463ca58b4573cfeaa9add73,https://newsatcl-pctr.c.yimg.jp/t/amd-img/20251002-90034202-sut-000-2-thumb.jpg?exp=10800,2025-10-02T12:49:01+09:00,2025-10-02T12:52:01+09:00,テレビ静岡NEWS,sut,テレビ静岡NEWS,250,"テレビ静岡
航空自衛隊浜松基地に所属する自衛官の男が覚醒剤を使用した疑いで緊急逮捕されました。

逮捕されたのは航空自衛隊浜松基地の三等空曹の男（34）で、9月下旬、静岡県内またはその周辺で覚醒剤を使用した疑いがもたれています。

浜松基地が10月1日、隊員に対し抜き打ちの尿検査をしたところ、男から覚醒剤の陽性反応が出て「薬物使用の疑いがある隊員がいる」と相談を受けた警察が緊急逮捕しました。

調べに対し男は容疑を認めているということです。

警察は入手経路などを詳しく調べています。
テレビ静岡",[],[]
工場で空気を圧縮する機械が爆発　作業員3人を救急搬送もいずれも意識あり命に別条なし（テレビ静岡NEWS）,https://news.yahoo.co.jp/articles/a43f6d481ab7698b257588d9cb6758ea09d9f2fc,https://newsatcl-pctr.c.yimg.jp/t/amd-img/20251002-90034205-sut-000-2-view.jpg?exp=10800,2025-10-02T12:44:01+09:00,2025-10-02T13:00:01+09:00,テレビ静岡NEWS,sut,テレビ静岡NEWS,268,"沼津警察署
10月2日午前、沼津市にある工場で爆発事故があり、作業員3人が救急搬送されました。いずれも意識はあるということです。
沼津市の工場で圧力容器が破裂　作業員3人が救急搬送　火災は確認されず
10月2日午前10時15分過ぎ、沼津市東間門にある明電舎沼津事務所の工場内で空気を圧縮する機械が爆発する事故があり、関係者から「圧力容器が破裂した」と消防に通報がありました。

この事故で、作業員3人が病院に運ばれましたが、いずれも命に別条はなく、軽傷と見られています。

警察は今後、消防と共に爆発の原因を調べる方針です。
テレビ静岡",[],[]
沼津市の工場で圧力容器が破裂　作業員3人が救急搬送　火災は確認されず（テレビ静岡NEWS）,https://news.yahoo.co.jp/articles/589f33a26fba5708441b607d5565367a7abae807,https://newsatcl-pctr.c.yimg.jp/t/amd-img/20251002-90034204-sut-000-3-view.jpg?exp=10800,2025-10-02T12:18:01+09:00,2025-10-02T13:00:01+09:00,テレビ静岡NEWS,sut,テレビ静岡NEWS,212,"沼津警察署
10月2日午前、沼津市にある工場で爆発事故があり、作業員3人が救急搬送されました。

10月2日午前10時15分過ぎ、沼津市東間門にある明電舎沼津事務所の工場内で機械が爆発する事故があり、関係者から「圧力容器が破裂した」と消防に通報がありました。

この事故で、作業員3人が病院に運ばれましたが、これまでに3人の容体はわかっていません。

消防によると、現場では火災などは起きていないということです。
テレビ静岡",[],[]
自衛官が覚醒剤使用か　航空自衛隊浜松基地の自衛官の男を逮捕　静岡県浜松市（テレビ静岡NEWS）,https://news.yahoo.co.jp/articles/5f023f4a5b077c48ba8e841c7f5ed0c6acf1866e,https://newsatcl-pctr.c.yimg.jp/t/amd-img/20251002-90034200-sut-000-3-view.jpg?exp=10800,2025-10-02T01:12:01+09:00,2025-10-02T09:04:01+09:00,テレビ静岡NEWS,sut,テレビ静岡NEWS,242,"航空自衛隊浜松基地
静岡県浜松市の航空自衛隊浜松基地に所属する自衛官の男が、覚醒剤を使用したとして逮捕されました。

逮捕されたのは静岡県浜松市にある航空自衛隊浜松基地の三等空曹の男（34）で、警察によりますと男は9月下旬ごろ静岡県内かその周辺で覚醒剤を使用した疑いがもたれています。

10月1日に浜松基地が抜き打ちで隊員への尿検査を実施したところ男から陽性反応が出たため警察に相談し緊急逮捕に至りました。

男は容疑を認めていて警察は入手経路などを詳しく調べています。
テレビ静岡",[],[]
