headline,mainEntityOfPage,image,datePublished,dateModified,author,media_en,media_jp,str_count,body,images,external_links
定番人気「ビルケンシュトック」のサンダルはどうすれば差をつけられる？ オシャレな人のリアル愛用品。（MEN’S NON-NO WEB）,https://news.yahoo.co.jp/articles/771b3b48a812a3320f7467caf1f9a61ebf153882,https://newsatcl-pctr.c.yimg.jp/t/amd-img/20240902-00010000-mensnonno-000-1-view.jpg?exp=10800,2024-09-02T18:05:21+09:00,2024-09-02T18:05:21+09:00,MEN’S NON-NO WEB,mensnonno,MEN’S NON-NO WEB,544,\n定番人気「ビルケンシュトック」のサンダルはどうすれば差をつけられる？\n僕らの夏ワードローブに欠かすことのできない「ビルケンシュトック」のサンダル。ボストン、チューリッヒ、アリゾナなど数ある名作の中から、服好きたちはどんなモデルを選んで、どう着こなしているのか。リアルな愛用品をお届け！\n【画像】「ビルケンシュトック」サンダルの正解着こなしをもっと見る！\nビルケンシュトック / ボストン\nビルケンシュトック / ボストン\n「ラフなのにおしゃれに決まるこの感じ、さすがビルケンシュトックですよね。どんなスタイルに合わせても大人っぽさをプラスしてくれる、お気に入りの一足です」。（メンズノンノモデル H.T）\nビルケンシュトック / ビームス別注チューリッヒ\nビルケンシュトック / ビームス別注チューリッヒ\n「夏のレザーサンダルといえば『リゾート』というイメージがあり、ビルケンソールの柄がアッパーに型押しされたカジュアルなサンダルを選びました。合わせたパンツも、リネン調のものにし、サマームードを意識したコーディネートに。今季はビーサンが流行っているようですが、同じトング型でもレザー素材を選ぶことでこなれ感を演出できると思います！」。（ビームス プレス／K.Mさん）,"['https://newsatcl-pctr.c.yimg.jp/t/amd-img/20240902-00010000-mensnonno-000-1-view.jpg?pri=l&w=640&h=640&exp=10800', 'https://newsatcl-pctr.c.yimg.jp/t/amd-img/20240902-00010000-mensnonno-001-1-view.jpg?pri=l&w=640&h=426&exp=10800', 'https://newsatcl-pctr.c.yimg.jp/t/amd-img/20240902-00010000-mensnonno-002-1-view.jpg?pri=l&w=640&h=640&exp=10800']","['https://news.yahoo.co.jp/articles/771b3b48a812a3320f7467caf1f9a61ebf153882/images/000', 'https://www.mensnonno.jp/fashion/new-topics/512482/?utm_source=news.yahoo.co.jp&utm_medium=referral&utm_campaign=mensnonno_ynews.240902', 'https://news.yahoo.co.jp/articles/771b3b48a812a3320f7467caf1f9a61ebf153882/images/001', 'https://news.yahoo.co.jp/articles/771b3b48a812a3320f7467caf1f9a61ebf153882/images/002']"
グリーンのナイキ「エアクキニ」がカジュアルとモードな要素を両立！（MEN’S NON-NO WEB）,https://news.yahoo.co.jp/articles/12ff8f935970a5008f67879c295680f7a857a0ca,https://newsatcl-pctr.c.yimg.jp/t/amd-img/20240902-00010001-mensnonno-000-1-view.jpg?exp=10800,2024-09-02T19:03:27+09:00,2024-09-02T19:03:27+09:00,MEN’S NON-NO WEB,mensnonno,MEN’S NON-NO WEB,248,\nメンズノンノ\nカジュアルとモードな要素を両立させたナイキ「エア クキニ」。今回はグリーンのエアクキニをスナップ。\n【写真】ナイキ「エアクキニ」とリーバイス®をあわせたコーデを見る！\nメンズノンノ\nグリーンのエア クキニもアメリカで購入。モードなスタイルに合う黒いエア クキニも気になりますが、僕はスニーカーで色を取り入れるのが好きなので、インパクトのあるグリーンを選びました。\nメンズノンノ\nくすんだトーンで派手になりすぎず、カジュアルなスタイルに落とし込みやすいのが嬉しいです！,"['https://newsatcl-pctr.c.yimg.jp/t/amd-img/20240902-00010001-mensnonno-000-1-view.jpg?pri=l&w=640&h=426&exp=10800', 'https://newsatcl-pctr.c.yimg.jp/t/amd-img/20240902-00010001-mensnonno-001-1-view.jpg?pri=l&w=640&h=426&exp=10800', 'https://newsatcl-pctr.c.yimg.jp/t/amd-img/20240902-00010001-mensnonno-002-1-view.jpg?pri=l&w=640&h=426&exp=10800']","['https://news.yahoo.co.jp/articles/12ff8f935970a5008f67879c295680f7a857a0ca/images/000', 'https://www.mensnonno.jp/fashion/513430/?utm_source=news.yahoo.co.jp&utm_medium=referral&utm_campaign=mensnonno_ynews.240902', 'https://news.yahoo.co.jp/articles/12ff8f935970a5008f67879c295680f7a857a0ca/images/001', 'https://news.yahoo.co.jp/articles/12ff8f935970a5008f67879c295680f7a857a0ca/images/002']"
