headline,mainEntityOfPage,image,datePublished,dateModified,author,media_en,media_jp,str_count,body,images,external_links
「孤独のグルメ」原作者が選んで描いた日本酒「赤城山 からくち 久住昌之描きおろしラベル」を名酒センターが発売（グルメ Watch）,https://news.yahoo.co.jp/articles/f9b317c037d25560f09b157f4d3b41ee54bfd892,https://newsatcl-pctr.c.yimg.jp/t/amd-img/20251226-00000017-impgrw-000-1-view.jpg?exp=10800,2025-12-26T18:00:00+09:00,2025-12-26T18:00:00+09:00,グルメ Watch,impgrw,グルメ Watch,1033,"写真：グルメ Watch
名酒センターは「孤独のグルメ」の原作者・久住昌之氏がラベルを描いた「赤城山 からくち 久住昌之描きおろしラベル」を12月26日に発売した。また、先着順100本限定でアクリルスタンドをプレゼントするほか、「お酒＋アクリルスタンド＋Tシャツコンプリートセット」の予約の受付も開始した。
【画像】「赤城山 からくち 久住昌之描きおろしラベル」と先着100名のアクリルスタンド
名酒センターが発行する日本酒の情報誌「月刊ビミー」にて、エッセイ「久住昌之のふらっと旅酒」を連載中の久住氏が選んだのは群馬県・近藤酒造の「赤城山」。雑味のないスッキリとした味わいは「孤独の晩酌には、こういうのが一番」と久住氏も太鼓判を押す。

■ 名酒センター「赤城山 からくち 久住昌之描きおろしラベル」

販売開始日：2025年12月26日
製造元：近藤酒造（群馬県みどり市）
販売方法：名酒センター店舗、Web販売「名酒センターオンラインストア」
容量：720mL瓶
価格：2750円

■ 名酒センター「お酒＋アクリルスタンド＋Tシャツコンプリートセット」

予約販売開始日：2025年12月26日
配送予定時期：2026年1月下旬頃
販売方法：Web販売「名酒センターオンラインストア」
価格：7700円
商品内容：
・「赤城山 からくち 久住昌之描きおろしラベル」×1
・「描きおろしイラストアクリルスタンド」×1
・「赤城山 からくち 久住昌之描きおろしTシャツ」×1

久住昌之氏コメント

　若い頃から日本酒のラベルのデザインをするというのは夢でした。それがまさかこの歳になってこういう形で実現するとは思いませんでした。最初は凝りまくったいかにも日本酒、というラベルを考えたんですが、歴史を持った今までの酒瓶に並ぶにはどうしても稚拙貧弱頭でっかち。そこで思い切って何十年も描いてきた自分のキャラの絵にしました。デザインはボクの単行本やCDやポスターのデザインをいつもやってくれている西野直樹さんに手伝っていただきました。ずいぶん試行錯誤して、シンプルな形にまとまりました。心を込めて作ったので、売れるといいな。中身のお酒は飲み飽きない、飲み疲れしない、キラキラし過ぎてない、普通のおいしさで、ボクは大好きです。このお酒のデザインできたことも本当に嬉しいです。この機会を与えてくださった近藤酒造と名酒センターに感謝します。
グルメ Watch,野村シンヤ",[],[]
安楽亭、お肉と野菜をトルティーヤで巻いた「マキニクーヤ」発売。お肉は牛と豚/ソースは焼き肉ダレと旨辛ダレから選べる（グルメ Watch）,https://news.yahoo.co.jp/articles/c131e7a2cee82037400579dbf88c96ebfd3d4e81,https://newsatcl-pctr.c.yimg.jp/t/amd-img/20251226-00000016-impgrw-000-1-view.jpg?exp=10800,2025-12-26T17:00:00+09:00,2025-12-26T17:00:00+09:00,グルメ Watch,impgrw,グルメ Watch,384,"写真：グルメ Watch
焼き肉レストラン安楽亭は、神奈川県と静岡県の一部店舗で「マキニクーヤ」を発売した。

■ 安楽亭「マキニクーヤ」

価格：単品 610円、ドリンクバー・ポテトセット 869円
取り扱い店舗：
［神奈川県］厚木船子店、相模原九沢橋店、大井松田店
［静岡県］磐田店、浜松ささがせ店

　お肉と野菜をトルティーヤで巻いたラップサンドで、放課後・部活帰りの学生や小腹を満たしたい人、変わったものや新作が食べたいミーハー気質な層をターゲットに据えている。

　お肉は牛肉と豚肉から、味付けは焼き肉ダレと旨辛ダレから選択でき、計4通りの組み合わせが楽しめる。また、単品のほかドリンクバーとポテトのセット（869円）も展開。ファストフード店と同等の価格設定で、焼肉屋のお肉を使った商品を食べられる点をアピールしている。
グルメ Watch,編集部：引地 慶",[],[]
吉野家「牛肉玉ラーメン鍋膳（とんこつ）」SNSでのアレンジ拡散や幅広い層からの支持により発売約1か月で100万食突破（グルメ Watch）,https://news.yahoo.co.jp/articles/a0a826ad76dda7774d10c7e2ab29ab97ea682d4c,https://newsatcl-pctr.c.yimg.jp/t/amd-img/20251226-00000015-impgrw-000-1-view.jpg?exp=10800,2025-12-26T16:37:00+09:00,2025-12-26T16:37:00+09:00,グルメ Watch,impgrw,グルメ Watch,723,"写真：グルメ Watch
吉野家は、11月27日に発売した冬の期間限定新商品「牛肉玉ラーメン鍋膳（とんこつ）」が、発売約1か月で販売数100万食を突破したことを発表した。
【画像】「煮込みラーメン」と「つけ麺風」の2通りの食べ方ができる
卓上で加熱しながら熱々で楽しめるうえ、濃厚なとんこつ醤油スープで牛肉・玉子・野菜・麺、そしてご飯も楽しめる、満足感のある麺メニュー第2弾のラーメン鍋。鍋で麺を煮込む「煮込みラーメン」と、スープに麺をくぐらせ玉子を絡める「つけ麺風」という2通りの食べ方を楽しめ、別添の「にんにくマシマシだれ」による味変や、残ったスープにご飯を投入した〆の雑炊風の楽しみ方もできる。

「アレンジを真似したくなる商品」としてSNS上で話題となり、中でも最後のしめとしてサイドメニューのキムチやチーズを加えるリゾット風の食べ方が拡散され、それを参考にした投稿が次々と生まれている。また、ボリューム感を重視する学生やビジネスマンからはご飯の増量・おかわり無料や、最後まで楽しめる点で、ファミリーからは好きな具材をそれぞれが好きなように食べたり、子供と取り分けて食べたりしやすいスタイルで好評を得た。このように、商品そのものの味わいに加え、食べ進め方やトッピングによる楽しみ方の広さ、年齢・ライフスタイル・利用シーンを問わず楽しめる点が販売好調につながっている。

■ 吉野家「牛肉玉ラーメン鍋膳（とんこつ）」

・「牛肉玉ラーメン鍋膳（とんこつ）」（店内987円/テイクアウト969円）
・「牛肉玉ラーメン鍋膳（とんこつ/単品）」（店内899円/テイクアウト883円）
※ご飯の増量・おかわり無料
グルメ Watch,編集部：宮内楓",[],[]
ドール、スムージーボウルから濃厚ヨーグルトと爽やかなザクロの2種が登場（グルメ Watch）,https://news.yahoo.co.jp/articles/f7f97866af00b8457437c3f8c84943f19c8fd8b1,https://newsatcl-pctr.c.yimg.jp/t/amd-img/20251226-00000014-impgrw-000-1-view.jpg?exp=10800,2025-12-26T16:23:00+09:00,2025-12-26T16:23:00+09:00,グルメ Watch,impgrw,グルメ Watch,649,"写真：グルメ Watch
ドールは「Dole スムージーボウル ヨーグルトボウル」と「Dole スムージーボウル ザクロボウル」を12月30日から埼玉県のセブン-イレブンにて、数量限定で販売する。
【画像】「Dole スムージーボウル ヨーグルトボウル」
今回は、Dole スムージーボウルシリーズの第5弾、第6弾となる。甘酸っぱいフルーツとクリスピーなグラノーラ、濃厚でなめらかなスムージーの組み合わせが手軽に楽しめるのがシリーズの特徴だという。

■ Dole スムージーボウル ヨーグルトボウル

価格：497.88円
販売地域：埼玉県
内容量：113g

　濃厚なグリークヨーグルトの味わいが特徴。スムージーベースは、はちみつの優しい甘さが感じられ、ザクロボウルやアサイーボウルなどの他のスムージーボウルと混ぜると、新しい味わいが楽しめるという。

■ Dole スムージーボウル ザクロボウル

価格：497.88円
販売地域：埼玉県
内容量：113g

　爽やかな甘酸っぱさが楽しめるザクロ果汁をバナナピューレと合わせ、濃厚で甘酸っぱいスムージーベースに仕上げたという。

　トッピングやザクロボウルのバナナピューレには、これまでのスムージーボウルと同様、Doleの「もったいないバナナ」を使用。「もったいないバナナ」とは、まだ食べられるにも関わらず、流通過程の要因で捨てざるを得ない規格外バナナのことを指し、フードロス削減にも貢献しているという。
グルメ Watch,編集部：齋藤可歩",[],[]
ブロンコビリー、5000円分のクーポン券や保冷バッグなどが入った「福袋」1月2日発売（グルメ Watch）,https://news.yahoo.co.jp/articles/062bc44173ffa8ff3310413df5857efd56c86487,https://newsatcl-pctr.c.yimg.jp/t/amd-img/20251226-00000013-impgrw-000-1-view.jpg?exp=10800,2025-12-26T15:34:00+09:00,2025-12-26T15:34:00+09:00,グルメ Watch,impgrw,グルメ Watch,758,"写真：グルメ Watch
ステーキハウス ブロンコビリーは「ブロンコビリー福袋」を2026年1月2日に数量限定で発売する。価格は5000円。なお初日の発売時刻は、各店・地域によって異なる。
【画像】うまうまラッキーカード
福袋の内容は、5000円分のクーポン券やブロンコビリーオリジナルのベーコンドレッシング、大判ブランケット、スープジャー、保冷バッグの計5点。加えて10袋に1袋の確率で、追加で景品がもらえる「うまうまラッキーカード」（総数2850枚）が封入してあるとのこと。景品はステーキセットや魚沼産コシヒカリ、ブロンコビリーのクーポン券などを用意する。

■ ブロンコビリー福袋

発売日：2026年1月2日（なくなり次第終了）
価格：5000円
取扱店舗：ブロンコビリー146店舗
発売時間：
［9時～］東京都、神奈川県、千葉県、埼玉県、群馬県の店舗
［9時30分～］愛知県、岐阜県、三重県、静岡県の店舗/福岡県の大野城御笠川店
［10時～］大阪府、京都府、奈良県、兵庫県、滋賀県の店舗/福岡県の八幡青山店、久留米店、飯塚カホテラス店、古賀店
内容：福袋限定特別クーポン1000円×5枚（有効期限2026年1月5日～3月31日×2枚、2026年4月1日～6月30日×3枚）、オリジナルベーコンドレッシング、オリジナルお買い物保冷バッグ、オリジナル大判ブランケット、オリジナルスープジャー、うまうまラッキーカード（10袋に1袋の確率）
うまうまラッキーカード景品（2850人）：
・ステーキセット2人前（5人）
・魚沼産コシヒカリ2kg（10人）
・ブロンコビリーギフトセット（10人）
・500円引券（100人）
・ジェラート＆ドリンクバー無料券 1人用（2725人）
グルメ Watch,編集部：引地 慶",[],[]
銀座コージーコーナー、物事がうまくいく2026年の干支「午」や正月モチーフのケーキやプチケーキアソート発売（グルメ Watch）,https://news.yahoo.co.jp/articles/ccf8c3effe76dd76aa489c073a172aa338e80638,https://newsatcl-pctr.c.yimg.jp/t/amd-img/20251226-00000012-impgrw-000-1-view.jpg?exp=10800,2025-12-26T14:04:00+09:00,2025-12-26T14:04:00+09:00,グルメ Watch,impgrw,グルメ Watch,1085,"写真：グルメ Watch
銀座コージーコーナーは「干支のケーキ（午）」、プチケーキアソート「スイーツおせち」などを全国の生ケーキ取扱店で12月30日に発売する。
【画像】「干支のケーキ（午）」（810円）
力強く前進する姿から飛躍、成功など物事がうまくいく縁起のよい干支とされる「午」モチーフの「干支のケーキ（午）」や「夢見るレインボーユニコーン」を用意した。正月らしいモチーフのプチケーキをお重イメージのボックスに詰め合わせ、それぞれが好きなケーキを選べるまるで“おせち”の毎年人気のアソート「スイーツのおせち」も発売する。そのほか新春スイーツとして、縁起のいいモチーフを飾って楽しく仕上げた「おみくじ付き初夢ケーキ」と、“しっとり、ふわシュワッ”食感でおなじみの「チーズスフレ」が新春限定パッケージで登場する。

■ 銀座コージーコーナー「【新春】スイーツ初め」

販売期間：2025年12月30日〜2026年1月4日頃

□干支のケーキ（午）

価格：810円

　チョコクリームをスポンジでサンドし、抹茶スポンジクラムとキャラメルクリームで草原を駆ける、2026年の干支“午”を表現した。スポンジのふんわり食感と、2種類のクリームの風味を楽しめる。

□おみくじ付き初夢ケーキ

価格：810円

　苺クリームをサンドしたふわふわのココアスポンジの上に、レモンクリームの富士山や、招き猫、初日の出など縁起のよい正月モチーフをぎゅっと詰め込んだ。おみくじ付きピックで、美味しく楽しく運だめしができる。

□スイーツおせち（9個入）/スイーツおせち（12個入）

価格：9個入 3132円/12個入 4212円

　干支の“午”や初日の出モチーフのタルト、おみくじ付きピックを飾ったロールケーキなど、9種または12種のプチケーキをおせちのお重をイメージしたボックスに詰め合わせた。

□新春チーズスフレ

価格：691円

　メレンゲをきめ細かく泡立てて、気泡をつぶさないようにゆっくり蒸し焼きにし“しっとり、ふわシュワッ”と広がる北海道産クリームチーズのコク深い味わいと食感を楽しめる。「新春」デザインの帯が付いた限定パッケージで、年賀や手みやげにもおすすめ。

□夢見るレインボーユニコーン

価格：518円

　2026年の干支“午”を連想させる、メロン・レモン・苺・ブルーベリーの4色のフルーツ風味スポンジと間にサンドした苺クリームを一緒に食べると、魅惑のミックスフルーツ風味を味わえる“ゆめかわいい”ユニコーンのケーキ。
グルメ Watch,編集部：宮内楓",[],[]
スターバックス、バレー オブ ボルケーノ農園で初収穫した希少な「グアテマラ バレー オブ ボルケーノ」世界初の発売（グルメ Watch）,https://news.yahoo.co.jp/articles/e42968459f65b221f956f41724dbb1da346076ec,https://newsatcl-pctr.c.yimg.jp/t/amd-img/20251226-00000011-impgrw-000-1-view.jpg?exp=10800,2025-12-26T13:04:00+09:00,2025-12-26T13:04:00+09:00,グルメ Watch,impgrw,グルメ Watch,888,"写真：グルメ Watch
スターバックス コーヒー ジャパンは、昨年10月に開設した世界で3つ目の自社農園「バレー オブ ボルケーノ農園」で初収穫した「グアテマラ バレー オブ ボルケーノ」を世界で初、スターバックス リザーブ ロースタリー 東京にて発売した。価格はコーヒー豆100gが1710円で、ブリュード コーヒー Tallサイズが店内880円・テイクアウト864円。
【画像】バレー オブ ボルケーノ農園
バレー オブ ボルケーノ農園は、中米グアテマラのアンティグア地方に位置し、アグア火山、フエゴ火山、アカテナンゴ火山の3つの雄大な火山に囲まれた谷に広がる。北側と西側は自然保護区域と隣接し、豊かな自然環境に寄り添うサステナブルな栽培が求められる。火山性の肥沃な土壌や標高・気候の多様性に恵まれた環境を活かし、世界のコーヒー生産の多くを支える小規模生産者が直面するさまざまな課題に向き合い、より持続可能な未来を共に築いていくために、研究拠点として活用していく。土壌の健全性を維持する取り組みや、森林と農業の共生をめざすアグロフォレストリー、気候変動の影響を受けやすい小規模生産者でも取り入れやすい生産モデルの開発など、多角的な研究が進められる予定。また、水資源の有効活用の方法や、加工過程で生じる副産物の再利用といった循環型のアプローチなど、生産現場の課題に寄り添う実践的な取り組みも計画されている。これらの取り組みから得られた知見は、スターバックスが世界各地で展開するファーマーサポートセンターを通じて共有され、世界のコーヒーコミュニティが“変化の中でも安定して生産を続けられる未来”を支える取り組みにつながることを目指すという。

「グアテマラ バレー オブ ボルケーノ」は、オレンジやほのかにゆずを感じるみずみずしいシトラス感が広がり、上質なアーモンドを思わせるやさしいコクと、キャラメルのような甘みが長く続くなめらかな口あたりの同農園で収穫された少量ロット。初年度の収穫量は限られており、ロースタリー 東京でのみ楽しめる。
グルメ Watch,編集部：宮内楓",[],[]
松のや、あっさり仕上げた「“肉厚”チキンムネかつ」発売。定食のほか唐揚げや海老フライとの盛り合わせなども（グルメ Watch）,https://news.yahoo.co.jp/articles/82120628d46ad0262635574f564df5923b9601bd,https://newsatcl-pctr.c.yimg.jp/t/amd-img/20251226-00000010-impgrw-000-1-view.jpg?exp=10800,2025-12-26T12:31:00+09:00,2025-12-26T12:31:00+09:00,グルメ Watch,impgrw,グルメ Watch,507,"写真：グルメ Watch
とんかつ専門店の「松のや」（松屋フーズ）は、「“肉厚”チキンムネかつ」を2026年1月7日15時に発売する。
【画像】「“肉厚”チキンムネかつ定食」（890円）
ヘルシーでしっとりやわらかな鶏むね肉を、特製パン粉をまぶしてサクッと揚げた、あっさり仕上げの食べやすさが特徴。また、濃厚バターにガーリックのパンチが効いた「ガーリックバターソース」との組み合わせは相性抜群だという。

　メニューは単品のほか、ライスとみそ汁が付く定食や、定食に唐揚げや海老フライなどを追加した盛り合わせも展開する。

■ 松のや「“肉厚”チキンムネかつ」

・「“肉厚”チキンムネかつ」単品（610円）
・「“肉厚”チキンムネかつ定食」（890円）
・「“肉厚”チキンムネかつ＆ロースかつ定食」（1280円）
・「“肉厚”チキンムネかつ＆唐揚げ定食」（1170円）
・「“肉厚”チキンムネかつ＆海老フライ1尾定食」（1170円）
・「“肉厚”チキンムネかつ＆海老フライ2尾定食」（1420円）
・「ガーリックバターソース」単品（150円）
※テイクアウトのみそ汁は別途料金
グルメ Watch,編集部：引地 慶",[],[]
ケンタッキー、辛さと旨さがクセになる「レッドホットチキン」と「レッドホットツイスター」が年明けに再登場（グルメ Watch）,https://news.yahoo.co.jp/articles/fe90e6fbe6246160cef2588dc8d7e25fd3b0583c,https://newsatcl-pctr.c.yimg.jp/t/amd-img/20251226-00000009-impgrw-000-1-view.jpg?exp=10800,2025-12-26T12:03:00+09:00,2025-12-26T12:03:00+09:00,グルメ Watch,impgrw,グルメ Watch,807,"写真：グルメ Watch
日本ケンタッキー・フライド・チキンは「レッドホットチキン」と「レッドホットツイスター」を2026年1月5日に数量限定で発売する。
【画像】レッドホットチキン
「レッドホットチキン」は、衣にまぶされたスパイスが口の中で刺激する一方で、チキンの中からは、KFC独自の「中から旨味じゅわじゅわ製法」によって引き出されたジューシーな旨みがあふれる人気メニュー。噛んだ瞬間に広がる辛さと、その後に追いかけてくる肉の旨みが重なり合う“辛旨”な味わいが楽しめる。

　また、「レッドホットツイスター」は、KFC定番のツイスターに「レッドホットチキン」の本格的な辛さを再現した特製ソースを合わせている。さらに辛さをカスタマイズして楽しめる「激辛ソース」も販売する。

■ ケンタッキーフライドチキン「レッドホットチキン」

・「レッドホットチキン」（340円）
・「食べくらべセット」（990円）
　レッドホットチキン、オリジナルチキン、選べるサイド1種、ドリンク（M）
・「食べくらべ4ピースパック」（1540円）
　レッドホットチキン2ピース、オリジナルチキン2ピース、選べるサイド1種
・「食べくらべ6ピースパック」（2290円）
　レッドホットチキン3ピース、オリジナルチキン3ピース、選べるサイド2種
・「レッドホット満喫パック」（2290円）
　レッドホットチキン6ピース、選べるサイド1種
・「激辛ソース」（30円）
・「激辛チャレンジセット」（1020円）
　レッドホットチキン、オリジナルチキン、選べるサイド1種、ドリンク(M)、激辛ソース

■ ケンタッキーフライドチキン「レッドホットツイスター」

・「レッドホットツイスター」（390円）
・「レッドホットツイスターセット」（800円）
　レッドホットツイスター、ポテト（S）、ドリンク（M）
グルメ Watch,編集部：友部珠枝",[],[]
アッポローニオ＜ディヴォート＞コペルティーノ・リゼルヴァ（赤）（グルメ Watch）,https://news.yahoo.co.jp/articles/541237c768e3b15fde602b8364c8a50bfca46f0c,https://newsatcl-pctr.c.yimg.jp/t/amd-img/20251226-00000008-impgrw-000-1-view.jpg?exp=10800,2025-12-26T12:00:00+09:00,2025-12-26T12:00:00+09:00,グルメ Watch,impgrw,グルメ Watch,1041,"写真：グルメ Watch
ワインを購入しようと売り場を訪れたものの、種類が多すぎてどうやって選んだらいいのか分からない。でも、値段を考えると失敗もしたくない。そんなときに参考にしたいのがプロのアドバイスだ。
【画像】ワインキュレーション 商品開発部 部長の成瀬さん
今回は、ワイン専門のECサイト「京橋ワイン」を運営するほか、飲食店や酒販店向けの卸売なども手掛けるワインキュレーション 商品開発部 部長の成瀬さんにオススメの1本を伺った。

――このワインを選んだ理由を教えてください。

成瀬氏：実は「アッポローニオ」は、私が輸入を決めたブランドではありません。前任者から「これだけは守ってほしい」と託された特別な生産者です。その理由は、飲めばすぐにわかります。唯一無二の個性で、今も弊社の看板ブランドとして多くのお客さまに愛されています。

――生産者や産地には、どんなストーリーや背景がありますか？

成瀬氏：イタリア南部プーリア州サレントで150年以上続く家族経営の名門で、創業者の名を冠した兄弟が伝統を守り続けています。地中海の陽光と石灰質の土壌が育むネグロアマーロやプリミティーヴォは、濃厚な果実味と複雑な余韻が魅力。南イタリアの個性がギュッと詰まったワインを造っています。なお、“DIVOTO（ディヴォート）”とは日本に直訳すると“神に感謝する年”、まさに神に感謝するかのような大当り年だけに造られる、ワイナリー渾身の一撃とも言える傑作です。

――このワインにあう最高のペアリングを挙げるとすれば何ですか？

成瀬氏：熟成による深みとネグロアマーロの力強さが魅力の赤ワインなので、ローストビーフやラムのグリル、熟成チーズと抜群の相性です。豊かな果実味と複雑な余韻が、食卓を格上げしてくれます。

――どんな場面で飲んでもらいたいですか？

成瀬氏：2013年はまだ若々しさも感じますが、濃厚な果実味と魅惑的な完熟ジャムの旨味はまさにディヴォート！　はじめは強さが目立ったタンニンも時間の経過とともにヴェルヴェットのようなバランスに変貌します。大切な人とゆったりと語らいながら、または自分へのご褒美でワインと静かに向き合う時間にしっとりとお楽しみください。

■ テイスティングメモ

甘み：ドライ ───●─ スイート
渋み：控えめ ───●─ しっかり
酸味：穏やか ───●─ キリッと
重さ：ライト ────● フルボディ
グルメ Watch,編集部：湯野康隆",[],[]
はなまるうどん、12月31日限定「上海老天」「野菜かき揚げ」の年越し天ぷらパックを販売（グルメ Watch）,https://news.yahoo.co.jp/articles/3c504ca7235f4684c3a57c5b59fc0d75c781311d,https://newsatcl-pctr.c.yimg.jp/t/amd-img/20251226-00000007-impgrw-000-1-view.jpg?exp=10800,2025-12-26T11:55:00+09:00,2025-12-26T11:55:00+09:00,グルメ Watch,impgrw,グルメ Watch,278,"写真：グルメ Watch
讃岐うどんチェーン「はなまるうどん」（はなまる）は、「上海老天」と「野菜かき揚げ」の年越し天ぷらパックを12月31日限定で販売する。
【画像】上海老天2本
大ぶりでプリプリとした「上海老天2本」700円、出汁と相性のよい天ぷらとして人気の高い野菜「かき揚げ2個」340円の2つのパックで提供する（店内利用・テイクアウト可）。上海老天は、通常販売している「大海老天」を上回るサイズで弾力があり、火を通してもプリプリ感が残るブラックタイガーを使用している。なお、上海老天1本は360円で販売する。
グルメ Watch,編集部：友部珠枝",[],[]
カルディ、淡いピンクの「カラビナ付き ダブルウォールマグ」のプレゼント企画がスタート（グルメ Watch）,https://news.yahoo.co.jp/articles/419b847b43f18a6f88c108623c66cfd05920d25f,https://newsatcl-pctr.c.yimg.jp/t/amd-img/20251226-00000006-impgrw-000-1-view.jpg?exp=10800,2025-12-26T11:30:00+09:00,2025-12-26T11:30:00+09:00,グルメ Watch,impgrw,グルメ Watch,302,"写真：グルメ Watch
カルディコーヒーファーム（KALDI COFFEE FARM・キャメル珈琲）はオンラインストア限定で、「オリジナル カラビナ付き ダブルウォールマグ（ピンクベージュ）」のプレゼント企画をスタートした。
【画像】普段使いにもアウトドアにも
ステンレス製のダブルウォールマグで、持ち手がカラビナになっているためアウトドアにも持ち出しやすい。満水時の容量は約285mL。

　オンラインストアでの会計が税込1万円以上の注文1件につき、マグを1点プレゼント（1万円ごとではなく1つの注文に対し1点）。プレゼント企画は予定数がなくなり次第終了となる。
グルメ Watch,編集部：稲葉隆司",[],[]
【うちの福袋はここがスゴイ！】ケンタッキーフライドチキン「ケンタ福袋」（グルメ Watch）,https://news.yahoo.co.jp/articles/1c944c5bf4003cd030f90acca25722d5ff3f4660,https://newsatcl-pctr.c.yimg.jp/t/amd-img/20251226-00000005-impgrw-000-1-view.jpg?exp=10800,2025-12-26T10:00:00+09:00,2025-12-26T10:00:00+09:00,グルメ Watch,impgrw,グルメ Watch,790,"写真：グルメ Watch
こんにちは！ ケンタッキーフライドチキンの福袋担当です。2026年の「ケンタ福袋」は、総額5350円相当のKFC全店共通引換券に加え、初登場の限定アイテム「ビスケット型お昼寝枕」がセットに。人気メニュー「ビスケット」の親しみやすさを日常でも感じていただきたいという想いから生まれた、直径約20cmの使いやすいサイズが特徴です。お昼寝やリラックスタイムにぴったり。さらに、抽選で人気商品の無料券が当たる「ケンタおみくじ」付きで、価格は3500円ととってもおトク。2026年のスタートは、ぜひKFCで！
【画像】引換券で換えられる商品イメージ
■ ケンタッキーフライドチキン「ケンタ福袋」

発売日：2026年1月1日
※一部店舗では12月26日以降、または1月2日以降の発売となる場合があります。詳細は各店舗へお問い合わせください
※事前抽選販売で予定数量に達した場合、当選者以外への販売はありません
価格：3500円
内容：
・KFC全店共通引換券（総額5350円相当）
　オリジナルチキン2ピース×3枚、バーガー×2枚、ポテトS×3枚、ビスケット×3枚、カーネルクリスピー×3枚
・ビスケット型お昼寝枕（直径約20cm）
・ケンタおみくじ（抽選で無料券が当たる）

□［ポイント1］総額5350円相当の引換券

　人気メニューを網羅したおトクなラインアップ。昨年よりさらに充実した内容です。

□［ポイント2］ビスケット型お昼寝枕

「ビスケット」の焼き色や特製ハニーメイプルを再現した遊び心あるデザイン。お昼寝や移動時のリラックスにぴったり。

□［ポイント3］ケンタおみくじ

［小吉］オリジナルチキン1ピース無料券
［中吉］バーガー無料券
［大吉］トクトク4ピースパック無料券
　外れても必ずクーポン2種がもらえます。
グルメ Watch,編集部",[],[]
ローソンストア100、年始の緊縮財政に効く「生活応援セール」実施。バナナ1房108円やお茶無料引換クーポンを発行（グルメ Watch）,https://news.yahoo.co.jp/articles/b0ffdfb7162d2897f7a5761072034fb26f0c47e2,https://newsatcl-pctr.c.yimg.jp/t/amd-img/20251226-00000004-impgrw-000-1-view.jpg?exp=10800,2025-12-26T09:00:00+09:00,2025-12-26T09:00:00+09:00,グルメ Watch,impgrw,グルメ Watch,982,"写真：グルメ Watch
ローソンストア100は、お買い得商品の販売やドリンク無料引換券の進呈、特定商品のセット割引などを行なう「生活応援セール」を2026年1月5日～20日の期間に実施する。
【画像】バナナ（108円）
お買い得商品は、バナナ1房を108円で販売する。ドリンク無料引換券は、対象のおにぎり・寿司各種を税込390円購入するごとに進呈する。セット割引は、パックの特盛ごはんと対象のレトルト食品を一緒に購入することで、税込価格より50円引きする。

■ ローソンストア100「生活応援セール」
□バナナ・108円（数量限定）

　バナナ1房を期間中は毎日108円で販売する。商品はなくなり次第、終了となる。

□対象のおにぎり・寿司の購入で飲料無料券を進呈

発券期間：2026年1月5日～20日
利用期間：2026年1月5日～27日
内容：対象のおにぎり・寿司各種を1会計で税込390円購入ごとに、対象の飲料各種に使える無料券を進呈
引換対象商品：キリン「生茶」525mL、キリン「生茶 ほうじ煎茶」525mL、サントリー「緑茶 伊右衛門」600mL、コカ・コーラ「やかんの濃麦茶」600mL、伊藤園「お～いお茶緑茶」600mL
※実施店舗はローソンストア100のみ

□人気の特盛商品のセット購入で50円引き

実施期間：2026年1月5日～20日
内容：対象商品の［1］と［2］を同時購入すると1セットごとに税込価格より50円引き
対象商品［1］：
・ウーケ「北アルプス国内産特盛ごはん 300g」（192円）
対象商品［2］：
・「VL特盛カレー 300g」各種（甘口・中辛・大辛・激辛）（117円）
・「VL大盛ハヤシ 250g」（127円）
・「VL大盛クリームシチュー 250g」（127円）
※実施店舗はローソンストア100のみ

□その他の施策

・2026年1月5日～1月13日：会員限定で100円おでんシリーズにボーナスポイントを各種10ポイント
・2026年1月5日～1月13日：ファストフーズ導入店限定で、対象のコロッケ、メンチカツを各種10円引き
・2026年1月5日～1月13日：VL大きな中華まんシリーズを購入すると次回から使える20円引きクーポンを発行
・一部デリカや一部精肉の増量企画
グルメ Watch,野村シンヤ",[],[]
サブウェイ「福袋」本日発売！　ニットバッグやサンドイッチチケットがセットに（グルメ Watch）,https://news.yahoo.co.jp/articles/ceb19ff7a4defdc7935ae0657e5f2a95003967b2,https://newsatcl-pctr.c.yimg.jp/t/amd-img/20251226-00000003-impgrw-000-1-view.jpg?exp=10800,2025-12-26T08:00:00+09:00,2025-12-26T08:00:00+09:00,グルメ Watch,impgrw,グルメ Watch,567,"写真：グルメ Watch
サンドイッチチェーン「サブウェイ」（WATAMI FAST CASUAL MANAGEMENT）は「サブウェイ 2026 福袋」を数量限定で12月26日に発売する。
【画像】「オリジナルニットバッグ」約250×100×450mm（幅×奥行き×高さ）
サブウェイ限定デザインのニットバッグにサンドイッチチケットなどがセットになって「3000円」と「5000円」の2種で展開。5000円の福袋にはテーブルウェアブランド「KINTO」とコラボしたオリジナルデザインのウォーターボトルも入っている。

■ サブウェイ 2026 福袋

販売期間：2025年12月26日～なくなり次第終了
販売店舗：サブウェイ全店（レジャー施設内店舗など一部除く）
価格：3000円/5000円
「3000円」福袋の内容：
・「オリジナルニットバッグ」約250×100×450mm（幅×奥行き×高さ）
・「ピンバッチ」5種からランダムで1つ
・「サンドイッチチケット 6枚」計3560円分
「5000円」福袋の内容：
・「オリジナルニットバッグ」（幅×奥行き×高さ）
・「ピンバッチ」5種からランダムで1つ
・「サンドイッチチケット 9枚」計5630円分
・「ウォーターボトル」容量は約500mL
グルメ Watch,編集部：稲葉隆司",[],[]
ココイチ、2500円分のお食事補助券やサコッシュなどが付いて“2500円”の「福袋」いよいよ発売（グルメ Watch）,https://news.yahoo.co.jp/articles/f07524fb54ad5bd9e664a31c2dfa12de85c7fea2,https://newsatcl-pctr.c.yimg.jp/t/amd-img/20251226-00000002-impgrw-000-1-view.jpg?exp=10800,2025-12-26T07:00:00+09:00,2025-12-26T07:00:00+09:00,グルメ Watch,impgrw,グルメ Watch,594,"写真：グルメ Watch
壱番屋はカレーハウスCoCo壱番屋で「ココイチ福袋2026」を数量限定で発売する。
【画像】オリジナルサコッシュ
3wayスタイルのサコッシュなどのアイテム類に、「お食事補助券 2500円分」が付いて価格は2500円。福袋20点に1つの確率で「お食事補助券 2500円分」（500円券×5枚）の代わりに「金のお食事補助券」（500円券×4枚＋1000円券×1枚）が入っている。

■ カレーハウスCoCo壱番屋「ココイチ福袋2026」

販売期間：2025年12月26日～なくなり次第終了
販売店舗：全国のカレーハウスCoCo壱番屋、あんかけスパゲッティ パスタ・デ・ココ
※［カレーハウスCoCo壱番屋］愛知医科大学店、ナゴヤドーム店、東京競馬場店、中京競馬場店、京都競馬場店、小倉競馬場店、京橋エドグラン店、名古屋JRゲートタワー店、中山競馬場店、［パスタ・デ・ココ］中京競馬場は対象外
価格：2500円
・「オリジナルサコッシュ」約250×195mm（横×縦）
・「オリジナルコイン＆カードケース」約130×100mm（横×縦）
・「レトルトポークカレー 1個」
・「お食事補助券 2500円分」500円券×5枚
※20個に1個「金のお食事補助券」入り
Webサイト：カレーハウスCoCo壱番屋「ココイチ福袋2026」
グルメ Watch,編集部：稲葉隆司",[],[]
ファミマ、ハズレなし！総額1億円相当のクーポンやポイントがもらえる「ファミペイジャンボ」を実施（グルメ Watch）,https://news.yahoo.co.jp/articles/b240894bd9b1174e746753524f4c89b0bc3e116d,https://newsatcl-pctr.c.yimg.jp/t/amd-img/20251226-00000001-impgrw-000-1-view.jpg?exp=10800,2025-12-26T00:00:00+09:00,2025-12-26T00:00:00+09:00,グルメ Watch,impgrw,グルメ Watch,892,"写真：グルメ Watch
ファミリーマートはアプリ「ファミペイ」で総額約1億円相当のクーポン・ポイントがもらえる「ファミペイジャンボ」を12月26日～2026年1月5日に実施する。さらに、対象のスイーツやアイスを2個買うと合計金額から38円引きになる「38円（サンバ）引き」や、3800円相当のファミマポイントが当たるSNSキャンペーンも同時に実施する。
【画像】「ファミペイジャンボ」挑戦の流れ
キャンペーン期間中は税込200円以上購入した際に「ファミペイ」を提示すると、ご褒美ゲーム「ファミペイジャンボ」の挑戦権が進呈される。ゲームに参加すると、ファミチキやラインソックスの無料引換クーポン、ファミマポイントなどがハズレなしで当たる。期間中は松平健さんが登場するTVCMも放映される。

■ ファミリーマート「ファミペイジャンボ」概要

ゲーム挑戦権獲得期間：2025年12月26日0時～2026年1月5日23時59分
ゲーム挑戦権有効期間：2025年12月26日0時～2026年1月6日23時59分
クーポン利用期限：取得日～2026年1月12日
期間限定ファミマポイント利用期限：取得日～2026年5月31日
内容：「ファミペイ」の「チャレンジ」タブから1日1回ゲームに参加可能
Webサイト：キャンペーンサイト
※一部対象外の商品・サービスあり
※ゲーム挑戦権の獲得は1日1回が上限

■ ファミリーマート「サンバ引き」概要

キャンペーン実施期間：2025年12月26日～2026年1月5日
内容：対象商品を同時に2個買うごとに合計金額（税込）より38円を値引き
※対象商品は売り場にて確認のこと
※他のセール・割引券・引換券との併用は不可

■ ファミリーマート「SNSキャンペーン」概要

キャンペーン実施期間：2025年12月26日13時～2026年1月1日23時59分
応募方法：ファミリーマート公式X（@famima_now）をフォローのうえ、対象の投稿をリポストする
賞品：3800円相当のファミマポイントが抽選で38名に当たる
グルメ Watch,野村シンヤ",[],[]
