headline,mainEntityOfPage,image,datePublished,dateModified,author,media_en,media_jp,str_count,body,images,external_links
韓国完成車メーカー5社　昨年の世界販売が5年ぶりに800万台突破（聯合ニュース）,https://news.yahoo.co.jp/articles/4e2595c8c7d4c444998df24587260f3ba8b74936,https://newsatcl-pctr.c.yimg.jp/t/amd-img/20240103-00418898-yonh-000-1-view.jpg?exp=10800,2024-01-03T19:13:15+09:00,2024-01-03T19:13:15+09:00,聯合ニュース,yonh,聯合ニュース,732,\n韓国完成車メーカー5社の2023年の世界販売台数が830万1221台となり5年ぶりに800万台を突破した（資料写真）＝（聯合ニュース）\n【ソウル聯合ニュース】現代自動車、起亜、韓国GM、ルノーコリア自動車、KGモビリティーの韓国完成車メーカー5社が3日までに発表した業績によると、5社の2023年の世界販売台数は計830万1221台で、前年比7．5％増加した。国内販売は145万2051台、海外販売は684万9170台だった。韓国完成車メーカーの世界販売台数が800万台を超えたのは823万1418台を記録した2018年以来5年ぶり。\n\n メーカー別では現代（6．9％増）、起亜（6．3％増）、韓国GM（30．3％増）、KGモビリティー（2．2％増）の4社は販売台数が前年より増え、ルノーコリアは38．5％減少した。\n\n 国内販売は現代（10．6％増）、起亜（4．6％増）、韓国GM（4．1％増）が増加し、ルノーコリアは58．1％減、KGモビリティーは7．7％減となった。\n\n 海外販売は韓国GMが32．1％、KGモビリティーが17．2％、起亜が6．7％、現代が6．2％それぞれ増加し、ルノーコリアは29．7％減少した。\n\n 昨年、国内販売台数が最も多かったモデルは現代の大型セダン「グレンジャー」で、11万3062台を記録した。10万台を超えたのはグレンジャーだけだった。グレンジャーが最多販売モデルになったのは、2020年（14万5463台）以来3年ぶり。2022年にトップだった現代の小型トラックー「ポーター」は9万7657台で2位だった。\nCopyright 2024YONHAPNEWS. All rights reserved.,['https://newsatcl-pctr.c.yimg.jp/t/amd-img/20240103-00418898-yonh-000-1-view.jpg?exp=10800'],['https://news.yahoo.co.jp/articles/4e2595c8c7d4c444998df24587260f3ba8b74936/images/000']
現代自の23年販売台数421万台　前年比6．9％増も目標届かず（聯合ニュース）,https://news.yahoo.co.jp/articles/ae3804e3b238bd97abec3497bd3708f809d5c736,https://newsatcl-pctr.c.yimg.jp/t/amd-img/20240103-00418891-yonh-000-1-view.jpg?exp=10800,2024-01-03T18:19:55+09:00,2024-01-03T18:19:55+09:00,聯合ニュース,yonh,聯合ニュース,333,\n現代と起亜の社屋（現代自動車グループ提供）＝（聯合ニュース）≪転載・転用禁止≫\n【ソウル聯合ニュース】韓国の現代自動車は3日、昨年の世界販売台数が前年比6．9％増の421万6680台だったと発表した。国内販売が10．6％増の76万2077台、海外販売が6．2％増の345万4603台だった。\n\n 現代は「コナ」や「サンタフェ」など多目的スポーツ車（SUV）の新モデル発売、エコカーのラインアップ補強などを通じて販売好調が続き、国内販売と海外販売が共に増えたと説明した。\n\n ただ、昨年初に発表した2023年の販売目標台数432万1000台には届かなかった。\nCopyright 2024YONHAPNEWS. All rights reserved.,['https://newsatcl-pctr.c.yimg.jp/t/amd-img/20240103-00418891-yonh-000-1-view.jpg?exp=10800'],['https://news.yahoo.co.jp/articles/ae3804e3b238bd97abec3497bd3708f809d5c736/images/000']
韓国　きょうのニュース（1月3日）（聯合ニュース）,https://news.yahoo.co.jp/articles/1d49ad69e6db8d3ab78f1382aef6b2bdc70a4157,https://newsatcl-pctr.c.yimg.jp/t/amd-img/20240103-00418889-yonh-000-1-view.jpg?exp=10800,2024-01-03T18:00:01+09:00,2024-01-03T18:00:01+09:00,聯合ニュース,yonh,聯合ニュース,1060,\n青瓦台（旧大統領府）で開かれた新年あいさつ会で発言する尹大統領（大統領室通信写真記者団）＝3日、ソウル（聯合ニュース）\n◇尹大統領が各界代表と新年あいさつ 「国民だけ見つめ全力注ぐ」\n\n 尹錫悦（ユン・ソクヨル）大統領は3日、国会議長、大法院長（最高裁長官）、憲法裁判所長、首相、中央選挙管理委員長の「5部要人」と、経済界や労働界、宗教界、国民の代表など約200人を青瓦台（旧大統領府）迎賓館に招き、新年のあいさつを交わした。尹大統領は昨年を振り返り、「内外の状況は大変厳しかったが、国民と力を合わせ、危機を乗り越えることができた」と述べ、「新年も一層強い覚悟で国民だけを見つめ、国民経済のため全力を注ぐ」と決意を新たにした。\n\n◇襲撃された最大野党代表 家族以外は面会謝絶 \n\n 南部・釜山を訪問中、男に刃物で切り付けられた革新系最大野党「共に民主党」の李在明（イ・ジェミョン）代表は、3日もソウル大病院の集中治療室で治療を受けている。李氏は前日に釜山大病院で応急処置を受けた後、ソウル大病院に搬送され、約2時間にわたって手術を受けた。同党の朴省俊（パク・ソンジュン）報道官は記者団に対し「李代表は集中治療室におり、家族以外は面会できない」として、党執行部も見舞いに行けていないと伝えた。\n\n◇ポスコグループ会長 次期会長候補から外れる \n\n 鉄鋼大手、ポスコグループの崔正友（チェ・ジョンウ）会長が次期会長候補から外れたことが分かった。ポスコホールディングスは、会長候補推薦委員会の会議でグループ内から選ばれた会長候補の8人に崔氏は含まれていないと明らかにした。8人の候補者の氏名や崔氏が候補を辞退したのかについては公表しなかった。2018年7月にポスコグループ会長に就任し、21年3月の再任を経て5年以上にわたり会長を務めた崔氏は、今年3月の株主総会を最後に退任する見通しだ。\n\n◇政府「日本の地震による原発への影響ない」\n\n 政府は日本で1日に発生した能登半島地震による韓国の海域と原発への影響はないと明らかにした。国務調整室の朴購然（パク・グヨン）国務第1次長が定例記者会見で伝えた。朴氏は、2011年の東京電力福島第1原発事故を機に韓国内の全ての原発に防水門と排水ポンプを設置し、地震、津波、浸水に徹底的に備えているとし、状況が落ち着くまで原発への影響の確認を続けると説明した。\nCopyright 2024YONHAPNEWS. All rights reserved.,['https://newsatcl-pctr.c.yimg.jp/t/amd-img/20240103-00418889-yonh-000-1-view.jpg?exp=10800'],['https://news.yahoo.co.jp/articles/1d49ad69e6db8d3ab78f1382aef6b2bdc70a4157/images/000']
襲撃された韓国最大野党代表　一般病室に＝「絶対安静必要」（聯合ニュース）,https://news.yahoo.co.jp/articles/878c3b27cf2f7c6e27adf1f04142e10e47e95e35,https://newsatcl-pctr.c.yimg.jp/t/amd-img/20240103-00418893-yonh-000-1-view.jpg?exp=10800,2024-01-03T18:27:36+09:00,2024-01-03T18:27:36+09:00,聯合ニュース,yonh,聯合ニュース,469,\n2日、ソウル市内のソウル大学病院に移送される李氏＝（聯合ニュース）\n【ソウル聯合ニュース】韓国南部・釜山で2日に首を切り付けられてソウル大学病院に搬送された革新系最大野党「共に民主党」の李在明（イ・ジェミョン）代表は3日午後、集中治療室から一般病室に移った。同党が発表した。\n\n 李氏は2日に60代の男に首の左側を刃物で切りつけられ、内頸（けい）静脈に損傷を負った。ソウル大学病院に移送され、約2時間にわたって血管再建術などの手術を受けた。\n\n 共に民主党は「面会できる状況ではなく、当分の間は面会は受け付けない」と明らかにした。同党の関係者は病院で行った記者会見で、「（李氏は）回復しているが、当分の間は絶対的な安静が必要だ」と説明。「手術後、少しの水だけを飲んでいて、抗生剤や鎮痛剤などを投与中」とし、「指標検査は良好な方だ」と伝えた。また、「初期は非常に重篤な状態だった。天運が命を救ったと言っても過言ではない」と述べた。\nCopyright 2024YONHAPNEWS. All rights reserved.,['https://newsatcl-pctr.c.yimg.jp/t/amd-img/20240103-00418893-yonh-000-1-view.jpg?exp=10800'],['https://news.yahoo.co.jp/articles/878c3b27cf2f7c6e27adf1f04142e10e47e95e35/images/000']
韓国警察　最大野党代表刺した男の逮捕状請求＝殺人未遂容疑で（聯合ニュース）,https://news.yahoo.co.jp/articles/c7c15679b60cced6fcb2855a128dcc55e8804453,https://newsatcl-pctr.c.yimg.jp/t/amd-img/20240103-00418907-yonh-000-1-view.jpg?exp=10800,2024-01-03T21:22:34+09:00,2024-01-03T21:22:34+09:00,聯合ニュース,yonh,聯合ニュース,318,\n釜山警察庁に移送される容疑者の男＝2日、釜山（聯合ニュース）\n【釜山聯合ニュース】韓国の釜山警察庁は3日、最大野党「共に民主党」の李在明（イ・ジェミョン）代表を刃物で刺した60代の男について、殺人未遂の容疑で釜山地検に逮捕状を請求した。\n\n 男は2日、南部・釜山で李氏の首の左側を刃物で切りつけ、現行犯逮捕された。\n\n 警察は3日、中部・忠清南道の峨山にある男の自宅や男が運営していた不動産仲介業者の事務所などを強制捜査した。また、共に民主党と与党「国民の力」の協力を得て男の党籍を調べるとともに、犯行動機の解明を進めている。\nCopyright 2024YONHAPNEWS. All rights reserved.,['https://newsatcl-pctr.c.yimg.jp/t/amd-img/20240103-00418907-yonh-000-1-view.jpg?exp=10800'],['https://news.yahoo.co.jp/articles/c7c15679b60cced6fcb2855a128dcc55e8804453/images/000']
現代・起亜自　今年の世界販売目標を744万台に設定（聯合ニュース）,https://news.yahoo.co.jp/articles/7bfeaa8a4a9d7ce03088f428bdbaafa09954dcd4,https://newsatcl-pctr.c.yimg.jp/t/amd-img/20240103-00418887-yonh-000-1-view.jpg?exp=10800,2024-01-03T17:41:18+09:00,2024-01-03T17:41:18+09:00,聯合ニュース,yonh,聯合ニュース,440,\n現代と起亜の社屋（現代自動車グループ提供）＝（聯合ニュース）≪転載・転用禁止≫\n【ソウル聯合ニュース】韓国完成車最大手の現代自動車と子会社・起亜自動車は3日、今年の世界販売台数を744万3000台とする目標を発表した。内訳は現代が424万3000台、起亜が320万台で、国内販売は123万6000台、海外販売は620万7000台を見込む。\n\n 今年の目標は昨年の販売台数に比べ1．9％増えた。\n\n 現代と起亜の昨年の世界販売台数は前年比6．7％増の730万2000台だった。現代が421万7000台、起亜が308万6000台だった。\n\n 現代自動車グループの鄭義宣（チョン・ウィソン）会長はこの日開かれた同社の新年会で、今年の展望について「世界的に変化が大きいため、多くの準備をしなければならない」とし、「役員と社員が知恵を集めて準備することが最も重要だ」と述べた。\nCopyright 2024YONHAPNEWS. All rights reserved.,['https://newsatcl-pctr.c.yimg.jp/t/amd-img/20240103-00418887-yonh-000-1-view.jpg?exp=10800'],['https://news.yahoo.co.jp/articles/7bfeaa8a4a9d7ce03088f428bdbaafa09954dcd4/images/000']
公共施設の耐震化率　35年までに100％に引き上げへ＝韓国首相（聯合ニュース）,https://news.yahoo.co.jp/articles/a6dafea0045b621c9b1b3c98e722c2c437108fcc,https://newsatcl-pctr.c.yimg.jp/t/amd-img/20240103-00418884-yonh-000-1-view.jpg?exp=10800,2024-01-03T17:29:47+09:00,2024-01-03T17:29:47+09:00,聯合ニュース,yonh,聯合ニュース,508,\n国政懸案関係閣僚会議で発言する韓首相＝3日、ソウル（聯合ニュース）\n【ソウル聯合ニュース】韓国の韓悳洙（ハン・ドクス）首相は3日、政府ソウル庁舎で開かれた国政懸案関係閣僚会議で、公共施設と民間施設の耐震補強を推進し、公共施設の耐震性能確保率（耐震化率）を現在の77％から2028年に87％、35年には100％まで引き上げる方針を示した。耐震化率の引き上げを強制できない民間建築物に対してはインセンティブを提供し、積極的な参加を促す。\n\n 韓氏は耐震化率の拡大に合わせて地震の観測・警報システムを高度化するとした上で、地震観測網を拡充して地震探知や警報発出までの時間を短縮し、被害を最小限に抑える計画も明らかにした。\n\n また、韓国は比較的地震の発生頻度が低く規模が小さいが、昨年11月に南東部の慶尚北道慶州市で発生した地震など東海岸地域を中心に地震が増えており、「決して安心できる状況ではない」と指摘。日本など近隣地域で地震が発生し、津波が韓国に影響を及ぼす場合にも徹底的に備えなければならないと強調した。\nCopyright 2024YONHAPNEWS. All rights reserved.,['https://newsatcl-pctr.c.yimg.jp/t/amd-img/20240103-00418884-yonh-000-1-view.jpg?exp=10800'],['https://news.yahoo.co.jp/articles/a6dafea0045b621c9b1b3c98e722c2c437108fcc/images/000']
韓国の23年版外交白書　日本は「最も近い隣国」かつ「協力パートナー」（聯合ニュース）,https://news.yahoo.co.jp/articles/71b2f24052681c3c7a81f8607f2447ca38080cd8,https://newsatcl-pctr.c.yimg.jp/t/amd-img/20240103-00418878-yonh-000-1-view.jpg?exp=10800,2024-01-03T16:24:37+09:00,2024-01-03T16:24:37+09:00,聯合ニュース,yonh,聯合ニュース,922,\n23年版外交白書（外交部ホームページより）＝（聯合ニュース）≪転載・転用禁止≫\n【ソウル聯合ニュース】韓国の外交部は3日、2022年の国際情勢や政府の外交政策、主な外交活動などをまとめた2023年版外交白書を発刊した。\n\n 白書では、尹錫悦（ユン・ソクヨル）政権の外交目標として提示された「自由・平和・繁栄に寄与するグローバル中枢国家」と、このようなビジョンを履行するための「インド太平洋戦略」が主に紹介された。\n\n 政府の外交政策については「外交活動の地域的範囲を北東アジアに限定せず、外交の外縁拡張と多角化を指向した」と説明した。\n\n 朴振（パク・ジン）外交部長官は発刊のあいさつで「われわれと価値を共有する同盟・パートナー国との連帯を深めることで外交力を強化し、地平を広げていく努力を傾けている」と述べた。さらに、22年には北朝鮮の非核化、韓米関係のグローバル包括的戦略同盟への格上げ、韓日関係の回復に向けた意志疎通の継続、能動的な経済安全保障外交の推進に努めたと説明した。\n\n 白書は、北朝鮮の非核化を進めるために「大胆な構想」を発表し、北朝鮮人権問題に対する国際的関心を喚起するために努力したと強調。周辺国との外交に関しては「歴代最高水準の韓米関係の構築、信頼回復を通じた韓日関係復元に向けた環境づくり、韓米日協力強化のモメンタム（勢い）形成、新たな韓中協力時代構築のための共通認識の形成、国際規範に基づいた韓ロ関係の安定的管理」などのために努力したと記した。\n\n 日本については「最も近い隣国であり協力パートナー」と表現した。20～22年版では「最も近い隣国」としていたが、新たに「協力パートナー」という文言が追加された。\n\n 韓米同盟に関しては「韓米日協力強化」という項目を別立てにし、「3カ国の首脳は地域・グローバル課題に対応する過程で自由民主主義と人権、法治主義といった基本的な価値を共有する韓米日間の協力が緊要であることについて共感した」と伝えた。\n\n 白書は外交部のホームページに掲載される。\nCopyright 2024YONHAPNEWS. All rights reserved.,['https://newsatcl-pctr.c.yimg.jp/t/amd-img/20240103-00418878-yonh-000-1-view.jpg?pri=l&w=496&h=640&exp=10800'],['https://news.yahoo.co.jp/articles/71b2f24052681c3c7a81f8607f2447ca38080cd8/images/000']
韓国政府「日本の地震による原発への影響ない」（聯合ニュース）,https://news.yahoo.co.jp/articles/26c69d15a6d38c9eb4665cd0f94a955d180bcb39,https://newsatcl-pctr.c.yimg.jp/t/amd-img/20240103-00418882-yonh-000-1-view.jpg?exp=10800,2024-01-03T16:49:22+09:00,2024-01-03T16:49:22+09:00,聯合ニュース,yonh,聯合ニュース,384,\n記者会見を行う朴次長（中央）＝3日、ソウル（聯合ニュース）\n【ソウル聯合ニュース】韓国政府は3日、日本で1日に発生した能登半島地震による韓国の海域と原発への影響はないと明らかにした。国務調整室の朴購然（パク・グヨン）国務第1次長が定例記者会見で伝えた。\n\n 朴氏は、2011年の東京電力福島第1原発事故を機に韓国内の全ての原発に防水門と排水ポンプを設置し、地震、津波、浸水に徹底的に備えているとし、状況が落ち着くまで原発への影響の確認を続けると説明した。\n\n また、今回の地震発生地域付近の海流が韓国の海域に流れ込む可能性は低いとの見方を示した上で、「地震が発生した地域の原発に被害が生じたとしても、わが国の海域への直接的な影響はないと判断される」と述べた。\nCopyright 2024YONHAPNEWS. All rights reserved.,['https://newsatcl-pctr.c.yimg.jp/t/amd-img/20240103-00418882-yonh-000-1-view.jpg?exp=10800'],['https://news.yahoo.co.jp/articles/26c69d15a6d38c9eb4665cd0f94a955d180bcb39/images/000']
韓国外相候補　徴用問題の解決策「揺るぎなく推進」＝野党は攻勢強める構え（聯合ニュース）,https://news.yahoo.co.jp/articles/da854f715d51e6cd1bca365ba7829c295d343e99,https://newsatcl-pctr.c.yimg.jp/t/amd-img/20240103-00418880-yonh-000-1-view.jpg?exp=10800,2024-01-03T16:42:19+09:00,2024-01-03T16:42:19+09:00,聯合ニュース,yonh,聯合ニュース,1023,\n趙兌烈・外交部長官候補（資料写真）＝（聯合ニュース）\n【ソウル聯合ニュース】韓国の趙兌烈（チョ・テヨル）外交部長官候補は3日、国会に提出した人事聴聞会の答弁書で、徴用問題で政府傘下の財団が日本企業に代わって賠償金を支払う解決策「第三者弁済」を今後も進める考えを明らかにした。一方、野党は趙氏が徴用訴訟を巡る「裁判取引」疑惑に関わっていたとして攻勢を強める構えで、徴用問題が8日に予定されている趙氏の人事聴聞会の争点になる見通しだ。\n\n 趙氏は答弁書で徴用問題について、「原告の方々が大法院（最高裁）で勝訴が確定した場合、早期に判決金を受け取れるよう、政府が現在推進中の解決策を今後も揺るぎなく推進していかなければならない」との考えを示した。\n\n 韓国政府は昨年3月、日本企業への賠償命令が確定した訴訟の原告らに対し、政府傘下の「日帝強制動員被害者支援財団」が民間企業の寄付金を財源として賠償相当額を支払う第三者弁済を解決策として発表した。趙氏はこの解決策に関し、「1965年の請求権協定やその後の韓国政府の解釈、2018年の大法院判決の内容を総合的に考慮し、全体的にバランスの取れた合理的な方策」と評価した。\n\n 韓国政府の解決策発表後、日本側の「誠意ある措置」があったと思うかとの質問に対しては、「国民の期待には及ばないが、日本もそれなりに悩んでいると思う」と答弁した。\n\n 趙氏は「外交や対外的な国益と関連した事案については立法・司法・行政部が一つの声を出すことが望ましいと思う」との見解も示した。徴用問題で日本との関係が悪化したことを念頭に置いた発言とみられ、司法部が法理だけでなく外交や国益を考慮して判決を下す必要があるとの意味で受け止められ、不適切との指摘も出ている。\n\n 一方、朴槿恵（パク・クネ）政権時代、当時の司法部が海外に派遣する裁判官の数を増やすため、朴政権の要求を受けて徴用訴訟の再上告審の判決を遅らせた裁判取引疑惑を巡り、疑惑の中心人物である法院行政処の元次長の起訴状に外交部第2次官だった趙氏と3回にわたって会合したことが記されており、野党は人事聴聞会で趙氏の関与を追及する見通しだ。趙氏は「関係者に対する裁判が進められている事案について詳細な内容に言及することは困難」として具体的な説明は避けた。\nCopyright 2024YONHAPNEWS. All rights reserved.,['https://newsatcl-pctr.c.yimg.jp/t/amd-img/20240103-00418880-yonh-000-1-view.jpg?exp=10800'],['https://news.yahoo.co.jp/articles/da854f715d51e6cd1bca365ba7829c295d343e99/images/000']
韓国総合株価指数が大幅反落　2．34％安（聯合ニュース）,https://news.yahoo.co.jp/articles/d24884b5ad885ba585953f6e06f5bd3e5d68ee10,https://newsatcl-pctr.c.yimg.jp/t/amd-img/20240103-00418876-yonh-000-1-view.jpg?exp=10800,2024-01-03T15:50:24+09:00,2024-01-03T15:50:24+09:00,聯合ニュース,yonh,聯合ニュース,298,\n3日のKOSPIは大幅に反落した＝（聯合ニュース）\n【ソウル聯合ニュース】3日の韓国株式市場で、総合株価指数（KOSPI）は5営業日ぶりに反落した。終値は前日比62．50ポイント（2．34％）安の2607．31。\n\n KOSPIはこの日、前日比26．27ポイント（0．98％）安の2643．54で寄り付くと、海外投資家と機関投資家の売り注文が膨らみ、下げ幅をじわじわ広げた。\n\n 新興企業向け株式市場コスダックの指数は前日比7．36ポイント（0．84％）安の871．57で取引を終えた。\nCopyright 2024YONHAPNEWS. All rights reserved.,['https://newsatcl-pctr.c.yimg.jp/t/amd-img/20240103-00418876-yonh-000-1-view.jpg?exp=10800'],['https://news.yahoo.co.jp/articles/d24884b5ad885ba585953f6e06f5bd3e5d68ee10/images/000']
最大野党代表は集中治療室　家族以外は面会謝絶＝韓国（聯合ニュース）,https://news.yahoo.co.jp/articles/837b46314d2cd3d1a44cbe08486ddec67d514a28,https://newsatcl-pctr.c.yimg.jp/t/amd-img/20240103-00418875-yonh-000-1-view.jpg?exp=10800,2024-01-03T15:40:54+09:00,2024-01-03T15:40:54+09:00,聯合ニュース,yonh,聯合ニュース,1043,\n2日、ソウル市内のソウル大学病院に移送される李代表＝（聯合ニュース）\n【ソウル聯合ニュース】韓国南部・釜山で2日に首を切り付けられてソウル大学病院に搬送された革新系最大野党「共に民主党」の李在明（イ・ジェミョン）代表は3日も同病院の集中治療室で治療を受けている。同党の朴省俊（パク・ソンジュン）報道官はこの日、党最高委員会議の後、「李代表は集中治療室に入っており、家族以外は面会できない」と記者団に説明した。党執行部も見舞えないという。朴氏は手術について「病院側の話ではうまくいった」とラジオ番組で伝えた。\n\n 李氏は2日に首の左側を刃物で切りつけられ、内頸（けい）静脈に損傷を負った。釜山大学病院で応急処置を受けた後、ソウル大学病院に移送され、約2時間にわたって手術を受けた。\n\n 3日の最高委員会議で鄭清来（チョン・チョンレ）最高委員は「状況は非常に厳しく、面会すら難しい。当分は面会謝絶だ」と伝えた。党執行部としてできるだけ早期に面会したい考えを示しながら、党務を一分の隙もなく執行すると述べた。\n\n 李氏は首に約1．5センチの裂傷を負ったと発表されたが、党は「裂傷でなく『刺傷』」とした。朴報道官は「深く刺されてできた傷なので頸静脈の縫合手術をした。よって刺傷と表現するのが正しい」とし、報道でも訂正するよう求めた。\n\n 李氏を襲った60代の男は、保守系与党「国民の力」に党籍を置いていたが昨年共に民主党に入党したという話がある。これに関し朴氏は「まずはテロの動機など全容が警察の捜査で明らかにされなければならない」とし、党籍については「警察の公式要請があれば積極的に協力する」と述べた。\n\n 同党の姜仙祐（カン・ソヌ）報道官はラジオ番組で「今のところ、（党籍の）確認に関し（警察から）公式要請はないと認識している」と答えた。\n\n 一方、党はインターネットコミュニティーで李氏に対するテロや殺人予告の投稿があるとして、「突き止めて厳重な法的措置を取る」との姿勢を示した。ユーチューバーによる偽ニュースにも法的措置を取るとした。\n\n 党はこの日、非常議員総会で李氏襲撃への対策を話し合った後、「政治家を標的にしたテロを強く糾弾する」とした声明を採択した。また「捜査の過程で政治的な考慮や縮小、歪曲（わいきょく）の試みがあるなら座視しない」と強調した。\nCopyright 2024YONHAPNEWS. All rights reserved.,['https://newsatcl-pctr.c.yimg.jp/t/amd-img/20240103-00418875-yonh-000-1-view.jpg?exp=10800'],['https://news.yahoo.co.jp/articles/837b46314d2cd3d1a44cbe08486ddec67d514a28/images/000']
韓国・ポスコグループ会長　次期会長候補から外れる（聯合ニュース）,https://news.yahoo.co.jp/articles/346b742ba1fcd9454be55d9c1134e349cc77bf20,https://newsatcl-pctr.c.yimg.jp/t/amd-img/20240103-00418868-yonh-000-1-view.jpg?exp=10800,2024-01-03T14:59:58+09:00,2024-01-03T14:59:58+09:00,聯合ニュース,yonh,聯合ニュース,789,\n崔正友・ポスコグループ会長（ポスコ提供）＝（聯合ニュース）≪転載・転用禁止≫\n【ソウル、世宗聯合ニュース】韓国鉄鋼大手、ポスコグループの崔正友（チェ・ジョンウ）会長が次期会長候補から外れたことが分かった。ポスコホールディングスは3日、会長候補推薦委員会の会議でグループ内から選ばれた会長候補の8人に崔氏は含まれていないと明らかにした。\n\n 委員会は、8人の候補者の氏名や崔氏が候補を辞退したのかについては公表しなかった。\n\n ポスコグループ内の会長候補としてはグループの中核を担う金学童（キム・ハクドン）ポスコ副会長、鄭鐸（チョン・タク）ポスコインターナショナル副会長のほか、財務に明るい鄭起燮（チョン・ギソプ）ポスコホールディングス社長の名前も挙がっている。\n\n 2018年7月にポスコグループ会長に就任し、21年3月の再任を経て5年以上にわたり会長を務めた崔氏は、今年3月の株主総会を最後に退任する見通しだ。在任中には2次電池分野への果敢な投資により、伝統的な鉄鋼会社から未来素材企業への大転換を主導したと評価されている。\n\n これに先立ち、国民年金公団はポスコグループの次期会長選出手続きに異議を唱え、事実上崔氏の3選をけん制していた。\n\n ポスコグループは韓国5位の財閥であるにもかかわらず、尹錫悦（ユン・ソクヨル）大統領の海外訪問に同行する経済使節団から毎回外れるなど、文在寅（ムン・ジェイン）前政権時代に就任した崔氏と現政権の間には不協和音が生じていた。\n\n 会長候補推薦委員会は現在募集中のグループ外の会長候補と合わせて20～30人規模の候補者リストを確定し、ここから5人前後に絞り込んだ後、2月に最終候補1人を取締役会に推薦する予定だ。\nCopyright 2024YONHAPNEWS. All rights reserved.,['https://newsatcl-pctr.c.yimg.jp/t/amd-img/20240103-00418868-yonh-000-1-view.jpg?pri=l&w=486&h=640&exp=10800'],['https://news.yahoo.co.jp/articles/346b742ba1fcd9454be55d9c1134e349cc77bf20/images/000']
尹大統領　最大野党代表襲撃事件を「テロ」と厳しく批判（聯合ニュース）,https://news.yahoo.co.jp/articles/860cc44357f2e0a2721143f808fb37392f29aeef,https://newsatcl-pctr.c.yimg.jp/t/amd-img/20240103-00418867-yonh-000-1-view.jpg?exp=10800,2024-01-03T14:16:28+09:00,2024-01-03T14:16:28+09:00,聯合ニュース,yonh,聯合ニュース,552,\n青瓦台（旧大統領府）で開かれた新年あいさつ会で発言する尹大統領（大統領室通信写真記者団）＝3日、ソウル（聯合ニュース）\n【ソウル聯合ニュース】韓国の尹錫悦（ユン・ソクヨル）大統領は3日、国会や政府の要人らとの新年あいさつ会で、革新系最大野党「共に民主党」の李在明（イ・ジェミョン）代表が男に刃物で首を刺された事件について、「この場に出席する予定だった李代表がきのうテロに遭った。現在治療中」として、「テロはどのようなものであっても被害者に対する加害行為、犯罪行為を超えて人間の自由を抑圧し、自由社会を目指す皆の敵といえる。自由民主主義の敵」と批判した。\n\n また、「今は一つになって被害者を慰め、同じ気持ちで断固として対応しなければならない」とし、李氏の回復を祈った。\n\n 李氏は2日、訪問先の南部・釜山で60代の男に首の左側を刃物で切りつけられ、ソウル大病院に搬送された。内頸（けい）静脈の損傷が確認され手術を受け、現在は集中治療室に入っている。\n\n 尹大統領は李氏襲撃事件の報告を受け、「決してあってはならないことが起きた」と述べたうえで、迅速な捜査や真相解明、治療支援を指示していた。\nCopyright 2024YONHAPNEWS. All rights reserved.,['https://newsatcl-pctr.c.yimg.jp/t/amd-img/20240103-00418867-yonh-000-1-view.jpg?exp=10800'],['https://news.yahoo.co.jp/articles/860cc44357f2e0a2721143f808fb37392f29aeef/images/000']
［韓流］「2024ビジョナリー」発表　ソン・ヘギョら7組選定（聯合ニュース）,https://news.yahoo.co.jp/articles/1c1456e81832905c7628a1d14f798fb3b8ecfd60,https://newsatcl-pctr.c.yimg.jp/t/amd-img/20240103-00418865-yonh-000-1-view.jpg?exp=10800,2024-01-03T13:50:50+09:00,2024-01-03T13:50:50+09:00,聯合ニュース,yonh,聯合ニュース,756,\nCJ ENMが「2024ビジョナリー」を発表した（同社提供）＝（聯合ニュース）≪転載・転用禁止≫\n【ソウル聯合ニュース】韓国総合コンテンツ大手のCJ ENMは3日、今年の韓国エンターテインメント産業のビジョンを示した人物を選ぶ「2024ビジョナリー」を発表した。女優のソン・ヘギョ、オム・ジョンファ、俳優のリュ・スンリョンら7組が選ばれた。\n\n 「ビジョナリー」は韓国エンターテインメント業界での成果、世界的な影響力、経済的な波及効果、独創性などを総合的に評価し選定される。\n\n ソン・ヘギョは昨年放送された米動画配信大手ネットフリックスのオリジナル韓国ドラマ「ザ・グローリー ～輝かしき復讐～」で、高校時代に壮絶ないじめに遭い、加害者に復讐（ふくしゅう）する主人公を演じた。優れた演技でドラマを世界的にヒットさせた。\n\n オム・ジョンファはケーブルチャンネルJTBCのドラマ「医師チャ・ジョンスク」で主人公を演じ、最高視聴率18．5％をたたき出した。また、バラエティー番組で華やかなステージを披露し、24年ぶりの単独コンサートを開催した。\n\n リュ・スンリョンは米ディズニーの動画配信サービス「ディズニー＋（プラス）」のオリジナル韓国ドラマ「ムービング」での激しいアクションシーンや繊細な感情表現が好評を得た。\n\n このほか、ネットフリックスのオリジナル韓国ドラマ「マスクガール」を手がけたキム・ヨンフン監督、人気グループのStray Kids（ストレイキッズ）、ドラマ「ムービング」の脚本を担当したウェブトゥーン（縦スクロール漫画）作家のKang Full、振付師のモニカが名を連ねた。\nCopyright 2024YONHAPNEWS. All rights reserved.,['https://newsatcl-pctr.c.yimg.jp/t/amd-img/20240103-00418865-yonh-000-1-view.jpg?pri=l&w=441&h=640&exp=10800'],['https://news.yahoo.co.jp/articles/1c1456e81832905c7628a1d14f798fb3b8ecfd60/images/000']
「国旗に間違い」　韓国政府が仏放送局に厳重抗議（聯合ニュース）,https://news.yahoo.co.jp/articles/a7b3c7a2b7caa9d5da72b40fa0f54a36ad7725be,https://newsatcl-pctr.c.yimg.jp/t/amd-img/20240103-00418870-yonh-000-1-view.jpg?exp=10800,2024-01-03T15:14:00+09:00,2024-01-03T15:14:00+09:00,聯合ニュース,yonh,聯合ニュース,376,\nフランスのニュース専門放送局、LCIの番組で間違った太極旗が表示された（ユーチューブの映像より）＝（聯合ニュース）≪転載・転用禁止≫\n【ソウル聯合ニュース】韓国外交部は3日、フランスのニュース専門放送局、LCIの番組で間違った太極旗（韓国の国旗）が表示されたことを受け、LCIに抗議したと発表した。\n\n 同部によると、在フランス大使館が厳重に抗議し、 LCIは遺憾を表明した。問題の映像は削除されたという。\n\n LCIは先月31日（現地時間）、番組で朝鮮半島問題に言及した。このとき北朝鮮の国旗とともに映し出された太極旗に間違いがあった。太極旗の中央の円が赤く塗られ、日本の国旗を連想させ、韓国だけでなくほかの国からも指摘と批判が寄せられた。\nCopyright 2024YONHAPNEWS. All rights reserved.,['https://newsatcl-pctr.c.yimg.jp/t/amd-img/20240103-00418870-yonh-000-1-view.jpg?exp=10800'],['https://news.yahoo.co.jp/articles/a7b3c7a2b7caa9d5da72b40fa0f54a36ad7725be/images/000']
最大野党代表襲撃の容疑者自宅など捜索へ　きょうにも逮捕状請求＝韓国（聯合ニュース）,https://news.yahoo.co.jp/articles/1fce526563a698cf6b5eed4447253e8d20dff6b2,https://newsatcl-pctr.c.yimg.jp/t/amd-img/20240103-00418864-yonh-000-1-view.jpg?exp=10800,2024-01-03T13:44:54+09:00,2024-01-03T13:44:54+09:00,聯合ニュース,yonh,聯合ニュース,515,\n釜山警察庁に移送される容疑者（中央）＝2日、釜山（聯合ニュース）\n【釜山聯合ニュース】韓国の革新系最大野党「共に民主党」の李在明（イ・ジェミョン）代表が襲撃された事件で、裁判所は3日、容疑者の男に関する捜索令状を発付した。法曹関係者の話で分かった。警察は男の自宅など関係先を家宅捜索して犯行の証拠品を押収し、犯行動機を調べるとみられる。また警察は検察と協議した上で、早ければ同日中に殺人未遂容疑で男の逮捕状を請求する予定だ。\n\n 中部・忠清南道在住の60代の男は2日午前10時半ごろ、南部・釜山を訪問中だった李氏の左首を刃物で切りつけ、その場で取り押さえられた。\n\n その後、日付が変わる頃まで警察の取り調べを受けた。単独で犯行に及んだと供述しているという。\n\n 男は1日午前に釜山に到着した後、蔚山に行き、2日午前に再び釜山に移動したことが確認されている。警察は慶尚南道と釜山を回る李氏のあとを男がついて回ったとみて、詳しい足取りを調べている。男の携帯電話に対するデジタルフォレンジック（電子鑑識）も進める予定だ。\nCopyright 2024YONHAPNEWS. All rights reserved.,['https://newsatcl-pctr.c.yimg.jp/t/amd-img/20240103-00418864-yonh-000-1-view.jpg?exp=10800'],['https://news.yahoo.co.jp/articles/1fce526563a698cf6b5eed4447253e8d20dff6b2/images/000']
韓国国防相　独島の領有権巡る投稿「日本の主張に同意したことはない」（聯合ニュース）,https://news.yahoo.co.jp/articles/08b0c4a949f951faa1d23dc59dc635938c392eff,https://newsatcl-pctr.c.yimg.jp/t/amd-img/20240103-00418862-yonh-000-1-view.jpg?exp=10800,2024-01-03T13:32:24+09:00,2024-01-03T13:32:24+09:00,聯合ニュース,yonh,聯合ニュース,683,\n申源湜・国防部長官（資料写真）＝（聯合ニュース）\n【ソウル聯合ニュース】韓国国防部の申源湜（シン・ウォンシク）長官は3日、韓国と日本の間には独島の領有権紛争が存在するとした自身の国会議員時代のSNS（交流サイト）への投稿について、「日本が領土紛争を試みている」という意味で記したものだとして、独島の領有権を巡る日本の不当な主張に同意したものではないとの立場を表明した。\n\n 申氏は昨年3月、革新系最大野党「共に民主党」の李在明（イ・ジェミョン）代表に対する公開質問と題したフェイスブックへの投稿で「現在韓日間に過去の歴史、独島の領有権紛争があるのは事実」と主張した。\n\n これについて申氏は、投稿では過去の歴史問題や独島の領有権などに常に関心を持ち、警戒するのは当然だと言及したと説明。「日本の根拠のない主張に同意したことはない」と強調した。\n\n また、昨年9月に開かれた長官候補者に対する国会の人事聴聞会でも「日本の独島領有権の主張に対しては強く抗議すべきで、断固として排撃しなければならない」との立場を示したと説明した。\n\n 独島の領有権を巡る紛争があるという主張は、独島は韓国固有の領土であり、領土紛争は存在しないという韓国政府の立場に反するものだ。\n\n 一方、国防部は同日、日本気象庁が1日に石川県能登半島で発生した地震で独島に対し自国の領土であるかのように津波注意報を出したことについて日本側に強く抗議し、是正措置を求めたと発表した。\nCopyright 2024YONHAPNEWS. All rights reserved.,['https://newsatcl-pctr.c.yimg.jp/t/amd-img/20240103-00418862-yonh-000-1-view.jpg?exp=10800'],['https://news.yahoo.co.jp/articles/08b0c4a949f951faa1d23dc59dc635938c392eff/images/000']
［韓流］TWICE　来月13枚目ミニアルバム発売＝約1年ぶり新譜（聯合ニュース）,https://news.yahoo.co.jp/articles/69176320bdf345d64738f2e8c60d2be8a10de1fb,https://newsatcl-pctr.c.yimg.jp/t/amd-img/20240103-00418849-yonh-000-1-view.jpg?exp=10800,2024-01-03T10:49:44+09:00,2024-01-03T10:49:44+09:00,聯合ニュース,yonh,聯合ニュース,356,\nTWICE（JYPエンターテインメント提供）＝（聯合ニュース）≪転載・転用禁止≫\n【ソウル聯合ニュース】韓国の人気女性グループ、TWICE（トゥワイス）が2月23日に13枚目のミニアルバム「With YOU―th」を発売する。所属事務所のJYPエンターテインメントが3日、伝えた。\n\n 新譜のリリースは、昨年3月の12枚目ミニアルバム「READY TO BE」以来約1年ぶり。\n\n タイトルの「With YOU―th」には「輝かしい青春の中でいつも一緒にいる存在に向けた思い」という意味が込められている。\n\n TWICEは新譜の発売に先立ち、来月2日にシングル「I GOT YOU」を先行公開する。\nCopyright 2024YONHAPNEWS. All rights reserved.,['https://newsatcl-pctr.c.yimg.jp/t/amd-img/20240103-00418849-yonh-000-1-view.jpg?exp=10800'],['https://news.yahoo.co.jp/articles/69176320bdf345d64738f2e8c60d2be8a10de1fb/images/000']
少子化で小学校入学者減少が加速　今年は初めて40万人割る見通し＝韓国（聯合ニュース）,https://news.yahoo.co.jp/articles/224227f018cf16ff03958a0be1c220c80568a05a,https://newsatcl-pctr.c.yimg.jp/t/amd-img/20240103-00418847-yonh-000-1-view.jpg?exp=10800,2024-01-03T10:33:33+09:00,2024-01-03T10:33:33+09:00,聯合ニュース,yonh,聯合ニュース,799,\n小学校で入学式の準備をする教員。韓国の新学年は3月に始まる（資料写真）＝（聯合ニュース）\n【ソウル聯合ニュース】少子化が進む韓国で、2024年度の小学校入学者数が初めて40万人を下回る見通しであることが3日、分かった。\n\n 教育部や行政安全部などによると、24年度の就学通知書の送付を終えた時点で、同年3月に小学校に入学する就学児童は41万3056人となっている。この数は前年度10月1日時点で住民センターで把握するが、その後国外に転出したり健康上などの理由で就学義務の猶予または免除を申請したりするケースもあり、実際の入学者数は就学対象者の9割前後となることが多い。これを踏まえると、今年の入学者数は30万人台後半にとどまるとみられる。\n\n ソウル市の場合、今年の就学児童数は5万9492人で前年比10．3％急減した。2019年の7万8118人から減少し続けており、23年（6万6324人）に初めて7万人を下回ったのに続き、今年は6万人も割り込んだ。\n\n 韓国は少子化が加速している。今年小学校に入学するのは17年生まれの子どもだが、同年の出生数は35万7771人で前年より4万8000人以上少ない。2年後の26年に小学校に入学する19年出生者は30万2676人で、実際の入学者数は30万人を下回ると予想される。今年初めて入学者数が40万人割れするのに続き、2年後には30万人も割り込むことになる。\n\n 23年出生数の確定値はまだ発表前ながら、住民登録ベースでは23万5039人と過去最低を記録している。\n\n ある教育関係者は「このように児童数が急速に減れば小規模な学校が増え、学校の統廃合が進み、地方はもちろん首都圏でも児童の学習権侵害が深刻化しかねない」と懸念を示した。\nCopyright 2024YONHAPNEWS. All rights reserved.,['https://newsatcl-pctr.c.yimg.jp/t/amd-img/20240103-00418847-yonh-000-1-view.jpg?exp=10800'],['https://news.yahoo.co.jp/articles/224227f018cf16ff03958a0be1c220c80568a05a/images/000']
尹大統領が各界代表と新年あいさつ　「国民だけ見つめ全力注ぐ」（聯合ニュース）,https://news.yahoo.co.jp/articles/351ba2ca9cc4d3e3da3d86535f1a5cd5fde1dfa7,https://newsatcl-pctr.c.yimg.jp/t/amd-img/20240103-00418853-yonh-000-1-view.jpg?exp=10800,2024-01-03T11:38:56+09:00,2024-01-03T11:38:56+09:00,聯合ニュース,yonh,聯合ニュース,758,\n新年のあいさつをする尹大統領（大統領室通信写真記者団）＝3日、ソウル（聯合ニュース）\n【ソウル聯合ニュース】韓国の尹錫悦（ユン・ソクヨル）大統領は3日、国会議長、大法院長（最高裁長官）、憲法裁判所長、首相、中央選挙管理委員長の「5部要人」と、経済界や労働界、宗教界、国民の代表など約200人を青瓦台（旧大統領府）迎賓館に招き、新年のあいさつを交わした。\n\n 尹大統領は昨年を振り返り、「内外の状況は大変厳しかったが、国民と力を合わせ、危機を乗り越えることができた」と述べ、「新年も一層強い覚悟で国民だけを見つめ、国民経済のため全力を注ぐ」と決意を新たにした。\n\n 保守系与党「国民の力」からは韓東勲（ハン・ドンフン）非常対策委員長と尹在玉（ユン・ジェオク）院内代表が出席した。党は来年4月の総選挙を見据え、尹大統領の最側近の韓氏を委員長に、臨時執行部の非常対策委員会を先月29日に発足させたばかり。韓氏が委員長として尹大統領と対面するのはこの日が初めて。\n\n 一方、革新系最大野党「共に民主党」の関係者は出席しなかった。李在明（イ・ジェミョン）代表が前日、訪問先の南部・釜山で男に刃物で切りつけられ、集中治療室に入っている。\n\n この日は金振杓（キム・ジンピョ）国会議長が乾杯の音頭を取り、5部要人や国民の力の韓委員長らがあいさつに立った。最後に韓悳洙（ハン・ドクス）首相が新年の決意を示した。\n\n 新年会は約40分間、立ったまま行われ、出席者は茶菓を手に歓談した。厳しい経済状況を踏まえ簡素な催しにしたと、大統領室は説明した。祝賀公演はやめ、代わりに子ども合唱団と国防部声楽兵が国歌斉唱した。\nCopyright 2024YONHAPNEWS. All rights reserved.,['https://newsatcl-pctr.c.yimg.jp/t/amd-img/20240103-00418853-yonh-000-1-view.jpg?exp=10800'],['https://news.yahoo.co.jp/articles/351ba2ca9cc4d3e3da3d86535f1a5cd5fde1dfa7/images/000']
4日から尹大統領への新年業務報告　テーマ別に討論会形式で（聯合ニュース）,https://news.yahoo.co.jp/articles/4b511c52f9db006a056843f8f7ad24d384b7c54e,https://newsatcl-pctr.c.yimg.jp/t/amd-img/20240103-00418846-yonh-000-1-view.jpg?exp=10800,2024-01-03T10:12:47+09:00,2024-01-03T10:12:47+09:00,聯合ニュース,yonh,聯合ニュース,671,\nソウルの韓国取引所で2日に開かれた証券市場の開場式（大発会に相当）に出席した尹大統領（中央）＝（聯合ニュース）\n【ソウル聯合ニュース】韓国大統領室は3日、尹錫悦（ユン・ソクヨル）大統領が4日から「国民と大統領が共にする民生（国民生活）討論会」と題した新年の政府業務報告を受けると発表した。\n\n 今年は昨年のような各官庁による業務報告とは異なり、テーマごとに大統領が国民や専門家らと討論する形で約10回にわたり実施される。\n\n 業務報告では住宅、雇用、中小企業、国民安全、保育・介護、交通、医療改革、メディア政策、少子化対策、エネルギー政策などを扱う予定。4日の第1回業務報告のテーマは「活力ある民生経済」だ。\n\n 業務報告の場所もテーマに関連した現場を予定しているという。\n\n 「住宅」をテーマに10日に開かれる第2回業務報告は老朽化した新都市の再開発予定地域で開かれる。このほか産業団地、スタートアップ企業、大学、広域交通施設の事業予定地、軍部隊などが検討されている。\n\n 尹大統領は昨年下半期から現場・国民生活中心の国政運営基調を打ち出しており、今回の業務報告はテーマに関連する多数の官庁が参加して問題解決策を話し合うことで「官庁間の協業」を実現する場という意味が大きいという。\n\n 大統領室は、今回の討論会では「検討だけする政府」ではなく、現場の声を聞いてどんな問題も「直ちに解決する政府」を目指すと強調した。\nCopyright 2024YONHAPNEWS. All rights reserved.,['https://newsatcl-pctr.c.yimg.jp/t/amd-img/20240103-00418846-yonh-000-1-view.jpg?exp=10800'],['https://news.yahoo.co.jp/articles/4b511c52f9db006a056843f8f7ad24d384b7c54e/images/000']
韓国最大野党がきょう議員総会開催　李代表襲撃事件の対策協議（聯合ニュース）,https://news.yahoo.co.jp/articles/bfc68e4c43e6f70bebe587e3328bb1bb6b9de25f,https://newsatcl-pctr.c.yimg.jp/t/amd-img/20240103-00418837-yonh-000-1-view.jpg?exp=10800,2024-01-03T08:31:30+09:00,2024-01-03T08:31:30+09:00,聯合ニュース,yonh,聯合ニュース,357,\n李氏は襲われた直後、首から血を流して倒れた＝（聯合ニュース）\n【ソウル聯合ニュース】韓国の革新系最大野党「共に民主党」の李在明（イ・ジェミョン）代表が襲撃された事件を受け、同党は3日午前、非常議員総会を開き対策を協議する。\n\n 李氏は前日、訪問先の南部・釜山で60代の男に首の左側を刃物で切りつけられ、釜山大病院で応急治療を受けた後、ソウル大病院に搬送された。内頸（けい）静脈の損傷が確認され、約2時間にわたって手術を受け、現在は集中治療室に入っている。\n\n 共に民主党は事件について「李代表に対する政治テロが起き驚愕（きょうがく）を禁じ得ない」と非難し、捜査を通じて真相が究明されるべきだと強く求めた。\nCopyright 2024YONHAPNEWS. All rights reserved.,['https://newsatcl-pctr.c.yimg.jp/t/amd-img/20240103-00418837-yonh-000-1-view.jpg?exp=10800'],['https://news.yahoo.co.jp/articles/bfc68e4c43e6f70bebe587e3328bb1bb6b9de25f/images/000']
韓国　けさのニュース（1月3日）（聯合ニュース）,https://news.yahoo.co.jp/articles/a85c1188e7ac43638475df01599f659c0587743a,https://newsatcl-pctr.c.yimg.jp/t/amd-img/20240103-00418845-yonh-000-1-view.jpg?exp=10800,2024-01-03T10:00:02+09:00,2024-01-03T10:00:02+09:00,聯合ニュース,yonh,聯合ニュース,1095,\n李氏は襲われた直後、首から血を流して倒れた＝（聯合ニュース）\n◇最大野党がきょう議員総会 李代表襲撃事件の対策協議\n\n 革新系最大野党「共に民主党」の李在明（イ・ジェミョン）代表が襲撃された事件を受け、同党は3日午前、非常議員総会を開き対策を協議する。李氏は前日、訪問先の南部・釜山で60代の男に首の左側を刃物で切りつけられ、釜山大病院で応急治療を受けた後、ソウル大病院に搬送された。内頸（けい）静脈の損傷が確認され、約2時間にわたって手術を受け、現在は集中治療室に入っている。\n\n◇昨年の出生登録数23．5万人 過去最少\n\n 行政安全部の統計によると、昨年の住民登録に基づく出生登録は計23万5039人で、過去最少を記録した。出生登録は昨年6月に2万人を割り込んでから2万人台を回復できず、9月には初めて1万7000人台に落ち込んだ。10月には2万346人と小幅増加したが、11月には1万8405人に減少。12月には1万6996人まで減り、初めて1万7000人を下回った。急速な少子化が続く中、新型コロナウイルス感染症の流行により結婚を控える傾向が数年間続いたことが出生登録数の減少に影響を及ぼしたと分析される。\n\n◇金与正氏が尹大統領の新年あいさつに皮肉 北の核戦力増強に「正当性与えた」 \n\n 北朝鮮の金正恩（キム・ジョンウン）国務委員長（朝鮮労働党総書記）の妹、金与正（キム・ヨジョン）党副部長は2日、「大韓民国大統領に送る新年メッセージ」と題した談話を発表し、韓国の尹錫悦（ユン・ソクヨル）大統領の新年あいさつを取り上げ「われわれに、より圧倒的な核戦力確保へ拍車をかける正当性を与えてくれた」と主張した。尹大統領が今年も北朝鮮の軍事的増強に「寄与」する姿勢を示したとして「もろ手を挙げて歓迎する」と述べ、韓国で安全保障不安が日常的に生じているのも「全面的に尹大統領の功労」と皮肉った。\n\n◇韓米の金利逆転現象今年も続く見通し 最長記録更新へ\n\n 米国の政策金利が韓国の政策金利を上回る金利逆転現象は今年末まで続く見通しで、最長記録の更新が確実視されている。韓国銀行（中央銀行）によると、韓米の政策金利の逆転現象は一時的に金利差がなかった2022年8月を除き、同年7月から今月まで19か月間続いており、このままだと今年9月にこれまでの最長記録を更新することになる。米国と韓国の政策金利の逆転幅は、昨年7月から今月まで過去最大の2．00％を維持している。\nCopyright 2024YONHAPNEWS. All rights reserved.,['https://newsatcl-pctr.c.yimg.jp/t/amd-img/20240103-00418845-yonh-000-1-view.jpg?exp=10800'],['https://news.yahoo.co.jp/articles/a85c1188e7ac43638475df01599f659c0587743a/images/000']
韓国総合株価指数　反落で始まる（聯合ニュース）,https://news.yahoo.co.jp/articles/5ba609bd63ecaa085bd3af78b23ef6ab175374c7,https://newsatcl-pctr.c.yimg.jp/t/amd-img/20240103-00418843-yonh-000-1-view.jpg?exp=10800,2024-01-03T09:17:44+09:00,2024-01-03T09:17:44+09:00,聯合ニュース,yonh,聯合ニュース,235,\n3日のKOSPIは反落して始まった＝（聯合ニュース）\n【ソウル聯合ニュース】3日の韓国株式市場で、総合株価指数（KOSPI）は反落して始まった。前日比26．27ポイント（0．98％）安の2643．54で寄り付き、午前9時3分現在は2639．61となっている。\n\n 新興企業向け株式市場コスダックの同時刻の指数は前日比7．42ポイント（0．84％）安の871．51。\nCopyright 2024YONHAPNEWS. All rights reserved.,['https://newsatcl-pctr.c.yimg.jp/t/amd-img/20240103-00418843-yonh-000-1-view.jpg?exp=10800'],['https://news.yahoo.co.jp/articles/5ba609bd63ecaa085bd3af78b23ef6ab175374c7/images/000']
［韓流］ソウル歌謡大賞　NCTドリームが2年連続の大賞（聯合ニュース）,https://news.yahoo.co.jp/articles/557b0fbee5e454d7129f4f79314cc78b38533f37,https://newsatcl-pctr.c.yimg.jp/t/amd-img/20240103-00418844-yonh-000-1-view.jpg?exp=10800,2024-01-03T09:47:13+09:00,2024-01-03T09:47:13+09:00,聯合ニュース,yonh,聯合ニュース,508,\nNCT DREAM（ソウル歌謡大賞提供）＝（聯合ニュース）≪転載・転用禁止≫\n【ソウル聯合ニュース】韓国の男性グループ、NCT DREAM（エヌシーティードリーム）が2日、タイ・バンコクで開かれた第33回ソウル歌謡大賞の授賞式で大賞と本賞の2冠に輝いた。大賞受賞は2年連続。\n\n 最高アルバム賞はSEVENTEEN（セブンティーン）、最高音源賞はNewJeans（ニュージーンズ）が受賞した。両グループとも本賞も受賞し、2冠を達成した。\n\n 本賞の受賞者はNCT DREAM、SEVENTEEN、NewJeansのほか、BTS（防弾少年団）のV（ブイ）、JUNG KOOK（ジョングク）、JIMIN（ジミン）をはじめ、Stray Kids（ストレイキッズ）、IVE（アイブ）、aespa（エスパ）など計18組。\n\n BLACKPINK（ブラックピンク）はワールドベストアーティスト賞、BTSはファンの投票で決まるワールドトレンドアーティスト賞、BTSのVはファン・チョイス・オブ・ザ・イヤーに選ばれた。\nCopyright 2024YONHAPNEWS. All rights reserved.,['https://newsatcl-pctr.c.yimg.jp/t/amd-img/20240103-00418844-yonh-000-1-view.jpg?exp=10800'],['https://news.yahoo.co.jp/articles/557b0fbee5e454d7129f4f79314cc78b38533f37/images/000']
金与正氏が尹大統領の新年あいさつに皮肉　北の核戦力増強に「正当性与えた」（聯合ニュース）,https://news.yahoo.co.jp/articles/940ffb2d405f1c47a8980bc3106a78e799551b74,https://newsatcl-pctr.c.yimg.jp/t/amd-img/20240103-00418842-yonh-000-1-view.jpg?exp=10800,2024-01-03T09:03:20+09:00,2024-01-03T09:03:20+09:00,聯合ニュース,yonh,聯合ニュース,732,\n金与正氏（資料写真、北朝鮮・朝鮮中央テレビの映像より）＝（聯合ニュース）≪転載・転用禁止≫\n【ソウル聯合ニュース】北朝鮮の金正恩（キム・ジョンウン）国務委員長（朝鮮労働党総書記）の妹、金与正（キム・ヨジョン）党副部長は2日、「大韓民国大統領に送る新年メッセージ」と題した談話を発表し、韓国の尹錫悦（ユン・ソクヨル）大統領の新年あいさつを取り上げ「われわれに、より圧倒的な核戦力確保へ拍車をかける正当性を与えてくれた」と主張した。\n\n 金与正氏は尹大統領が今年も北朝鮮の軍事的増強に「寄与」する姿勢を示したとして「もろ手を挙げて歓迎する」と述べ、韓国で安全保障不安が日常的に生じているのも「全面的に尹大統領の功労」と皮肉った。尹大統領が北朝鮮政権を「消滅すべき主敵」と見なしたおかげで北朝鮮が真の敵を明らかにすることができたとも言及した。\n\n また、韓国の文在寅（ムン・ジェイン）前大統領に関し「文在寅の平和への意志に足を引っ張られ、われわれが戦力強化のためになすべきこともできず、少なからぬ時間を浪費したのは大きな損失」と指摘。これと比較する形で尹大統領について、北朝鮮の自衛的な軍事力増強へ「しっかり貢献した特等功臣」と皮肉を重ねた。\n\n 北朝鮮の朝鮮労働党中央委員会総会最終日の先月30日、金正恩氏は「南朝鮮（韓国）の全領土を平定するための大事変の準備に拍車をかけ続けなければならない」と威嚇した。一方、尹大統領は今月1日の新年のあいさつで「今年上半期に、増強された韓米の拡大抑止体制を完成し、北の核・ミサイルの脅威を根源から封鎖する」と述べた。\nCopyright 2024YONHAPNEWS. All rights reserved.,['https://newsatcl-pctr.c.yimg.jp/t/amd-img/20240103-00418842-yonh-000-1-view.jpg?exp=10800'],['https://news.yahoo.co.jp/articles/940ffb2d405f1c47a8980bc3106a78e799551b74/images/000']
韓国主要紙の朝刊ヘッドライン（1月3日）（聯合ニュース）,https://news.yahoo.co.jp/articles/d77b32508307bbd4b7b586b4c14d712355e9b6cf,https://newsatcl-pctr.c.yimg.jp/t/amd-img/default.jpg?exp=10800,2024-01-03T08:00:00+09:00,2024-01-03T08:00:00+09:00,聯合ニュース,yonh,聯合ニュース,292,\n＜朝鮮日報＞「嫌悪の政治」 刃に倒れた李在明・最大野党代表\n\n＜東亜日報＞李在明代表襲撃される…「総選挙」がテロに遭った\n\n＜中央日報＞李在明氏襲撃…「総選挙の年」明けた途端にショック\n\n＜ハンギョレ＞李在明氏襲撃…「民主主義揺るがす深刻な脅威」\n\n＜京郷新聞＞李在明氏、凶器で襲撃される…与野党「テロを糾弾」\n\n＜毎日経済＞外国人労働者6倍になれば 人手不足「崖っぷち」の危機脱出\n\n＜韓国経済＞尹大統領「金融投資所得税導入取りやめ推進…証券市場規制も廃止」\nCopyright 2024YONHAPNEWS. All rights reserved.,[],[]
2023年は観測史上「最も暑い年」に　平均13．7度＝韓国（聯合ニュース）,https://news.yahoo.co.jp/articles/6164e151fa70c5acf135f6dd3b048524faea6b85,https://newsatcl-pctr.c.yimg.jp/t/amd-img/20240103-00418829-yonh-000-1-view.jpg?exp=10800,2024-01-03T07:01:00+09:00,2024-01-03T07:01:00+09:00,聯合ニュース,yonh,聯合ニュース,464,\n韓国南東部・大邱市内に設置されている燃える地球の造形物（資料写真）＝（聯合ニュース）\n【ソウル聯合ニュース】韓国全国の2023年の平均気温が13．7度を記録し、1973年の統計開始以来最高だったことが3日、気象庁の統計で分かった。\n\n これまでは2016年に記録した13．4度が最高で、23年はこれを0．3度上回った。\n\n これまでの記録を高い順にみると、3位は2021年（13．3度）、4位は2019年（13．3度）、5位は1998年（13．2度）、6位は2015年（13．1度）、7位は2020年（13．0度）、8位は2007年（13．0度）、9位は1994年（13．0度）、10位は2022年（12．9度）だった。気象に関する記録は、同じである場合は後に発生したものが上位に置かれる。\n\n 上位10位のうち1998年と1994年を除けば、いずれも2005年以降で、温暖化が進んでいることを示しているといえる。\nCopyright 2024YONHAPNEWS. All rights reserved.,['https://newsatcl-pctr.c.yimg.jp/t/amd-img/20240103-00418829-yonh-000-1-view.jpg?exp=10800'],['https://news.yahoo.co.jp/articles/6164e151fa70c5acf135f6dd3b048524faea6b85/images/000']
今日の歴史（1月3日）（聯合ニュース）,https://news.yahoo.co.jp/articles/ee7a317dea86a9f7131d18e4e4efd0b61989c02b,https://newsatcl-pctr.c.yimg.jp/t/amd-img/default.jpg?exp=10800,2024-01-03T00:00:03+09:00,2024-01-03T00:00:03+09:00,聯合ニュース,yonh,聯合ニュース,299,\n1923年：大韓民国臨時政府が内紛を収拾するため上海で国民代表会議を開催\n\n1951年：国連朝鮮統一復興委員会（UNCURK）が発足\n\n1951年：朝鮮戦争で共産軍に押され政府が首都を釜山に移転\n\n1981年：新軍部が言論弾圧のため制定した言論基本法が施行\n\n1989年：財閥企業の大宇が北朝鮮との初の直接貿易として北朝鮮の芸術品612点を釜山港から搬入\n\n2002年：陸軍の梁承淑（ヤン・スンスク）大佐が准将に昇進、韓国軍初の女性将官に\n\n2003年：独島に郵便番号を付与\nCopyright 2024YONHAPNEWS. All rights reserved.,[],[]
