headline,mainEntityOfPage,image,datePublished,dateModified,author,media_en,media_jp,str_count,body,images,external_links
「移民」と日本人　留学生は学生か、労働者か（下）　１６００人の所在不明者を出した大学　「留学生は日本の宝」と岸田首相（産経新聞）,https://news.yahoo.co.jp/articles/f9399341459cb359e0ae400cc2e23bb7dfd3cd6e,https://newsatcl-pctr.c.yimg.jp/t/amd-img/20240103-00000127-san-000-1-view.jpg?exp=10800,2024-01-03T21:00:00+09:00,2024-01-03T21:00:00+09:00,産経新聞,san,産経新聞,895,\n大量の所在不明留学生を出した東京福祉大。現在は留学生の９割は中国人で、彼らはアルバイトはしないという＝昨年１２月、東京都内\n外国人留学生は学生か、労働者か。コンビニなどの人材供給源になっている大学側は中途半端な立場のまま今に至っている。\n\n■裕福な中国人留学生にも苦労\n\n平成３１年、所在不明の留学生が３年間で計１６１０人いたことが判明した東京都北区の東京福祉大。国内の日本語学校を出ても大学進学できなかった留学生を「研究生」として受け入れたが、増えすぎた学生に業務が追い付かず、連絡すら取れなくなったという。\n\n当時の留学生は、経済的に比較的貧しいネパール、ベトナム、スリランカのアジア３カ国が７割を占めた。当初から就労目的とみられ、大半が現地ブローカーに借金して来日。返済のためにコンビニアルバイトなどに明け暮れ、週２８時間の労働上限を超えるケースもあったという。\n\n同大は現在も私学助成金の全額不交付が続いており、１８歳人口が減少する中、大学経営に相当な痛手となった。入学課係長（６０）は「授業料の審査を厳格化した結果、今度は３カ国に代わって裕福な中国人が増えた。お金に不自由していないためアルバイトはせず、自室にこもってゲームなどをしている。教務課は別の意味で出席させるのに苦労している」。\n\n■「経営安定のため」否定しない\n\n東京福祉大と同じ路線にある荒川区の宝塚医療大東京キャンパスは「留学生別科」を持つ。留学生数は関西にある本校と合わせて約１７００人で日本人学生の約１千人よりも多い。\n\n同大の学長企画室長（５０）は「少子化で安穏としていられないのは全く事実」と話し、さらにこう続けた。「留学生でも日本人でも学生が１人増えるか減るかはとても大きい。留学生受け入れが経営安定のためであることは否定しない」\n\n４０年前の昭和５８年に「留学生１０万人計画」を出して以来、わが国では積極的に彼らを受け入れ、平成３１年に３０万人を達成した。\n\n「留学生は日本の宝」。そう訴えた岸田文雄首相は、９年後の「２０３３年までに４０万人」の目標を立てた。,['https://newsatcl-pctr.c.yimg.jp/t/amd-img/20240103-00000127-san-000-1-view.jpg?pri=l&w=640&h=450&exp=10800'],['https://news.yahoo.co.jp/articles/f9399341459cb359e0ae400cc2e23bb7dfd3cd6e/images/000']
東京・秋葉原駅で女が刃物振り回す　４人けがの情報、警視庁が身柄確保（産経新聞）,https://news.yahoo.co.jp/articles/057043063aae6d82a0fe0b08b7882dca76e10c5e,https://newsatcl-pctr.c.yimg.jp/t/amd-img/20240103-00000149-san-000-3-view.jpg?exp=10800,2024-01-03T23:58:09+09:00,2024-01-04T00:48:25+09:00,産経新聞,san,産経新聞,237,\n警視庁外観\n３日午後１１時ごろ、東京都千代田区のＪＲ秋葉原駅で「女が刃物を振り回している」と１１９番通報があった。東京消防庁によると４０代と６０代の男性２人が刺し傷を負った。いずれも意識はあるという。このほかに２人のけが人がいるとの情報もある。刃物で男性らにけがを負わせたとみられる女はすでに警視庁に確保されたという。\n【写真】ＪＲ秋葉原駅の山手線ホームで、刃物で切り付けられたとみられる人を搬送する消防隊員ら\n事件の影響でＪＲ山手線外回りは運転を見合わせている。,['https://newsatcl-pctr.c.yimg.jp/t/amd-img/20240103-00000149-san-000-3-view.jpg?pri=l&w=640&h=426&exp=10800'],"['https://news.yahoo.co.jp/articles/057043063aae6d82a0fe0b08b7882dca76e10c5e/images/000', 'https://www.iza.ne.jp/article/20240103-BT2T63AA2FJQXH7PX7Q3S4YBO4/photo/4VWBIWS2V5IILL3BI5EEARLFMI/?utm_source=yahoo%20news%20feed&utm_medium=referral&utm_campaign=related_link']"
法大６位、亡き仲間にささげるシード権　箱根駅伝（産経新聞）,https://news.yahoo.co.jp/articles/284fa7c63870e4dbc38069309d1b3640b16ffcf5,https://newsatcl-pctr.c.yimg.jp/t/amd-img/20240103-00000128-san-000-1-view.jpg?exp=10800,2024-01-03T21:02:09+09:00,2024-01-03T21:02:09+09:00,産経新聞,san,産経新聞,273,\nゴールする法大・宗像直輝＝東京・大手町（福島範和撮影）\n３日に行われた第１００回東京箱根間往復大学駅伝で、往路９位の法大は、６区の武田が爽快な走りで山を下り、５８分２秒で区間賞を獲得。その後も着実にたすきをつなぎ、復路４位の総合６位に順位を上げた。\n\n昨年８月にエース候補だった２年生の高橋彰太さんが急逝した。坪田監督は、選手たちに「彼と一緒に最後までやっていこう」と話したという。選手たちは喪章をつけて走った。３年連続でシード権を取り、坪田監督は「気持ちのこもった走りを２日間やってくれた。彰太にも届いているんじゃないかな」と語った。,['https://newsatcl-pctr.c.yimg.jp/t/amd-img/20240103-00000128-san-000-1-view.jpg?pri=l&w=420&h=640&exp=10800'],['https://news.yahoo.co.jp/articles/284fa7c63870e4dbc38069309d1b3640b16ffcf5/images/000']
イランで爆発、１００人超死亡　殺害司令官の墓近くで追悼中　当局者「テロ攻撃だ」（産経新聞）,https://news.yahoo.co.jp/articles/28366f70e08fa39bab5f0b3f4efe7426f4220ae3,https://newsatcl-pctr.c.yimg.jp/t/amd-img/default.jpg?exp=10800,2024-01-03T22:47:23+09:00,2024-01-03T23:39:26+09:00,産経新聞,san,産経新聞,235,\n【カイロ＝佐藤貴生】イラン南東部ケルマンで３日、２度の爆発があり、ロイター通信はイラン国営メディアの情報として、少なくとも１０３人が死亡したと伝えた。負傷者も多数いるもよう。原因は不明。地元政府関係者は「テロ攻撃だ」と述べた。\n\n現場の近くには２０２０年、イラクの首都バグダッドで米軍に暗殺されたイラン革命防衛隊の精鋭「コッズ部隊」のソレイマニ司令官の墓がある。３日はソレイマニ氏の殺害からちょうど４年だったため追悼式典が営まれており、多数の人が詰めかけていた。,[],[]
「停止位置まで地上走行」「１番目。ありがとう」　管制の指示、海保機の認識焦点に　羽田空港衝突（産経新聞）,https://news.yahoo.co.jp/articles/9ebe17e4432bb84df10b932c3bd10a8a9a066753,https://newsatcl-pctr.c.yimg.jp/t/amd-img/20240103-00000129-san-000-11-view.jpg?exp=10800,2024-01-03T21:13:22+09:00,2024-01-04T01:09:55+09:00,産経新聞,san,産経新聞,1042,\n日本航空機と衝突したと見られる海上保安庁の航空機を調査する運輸安全委員会の航空事故調査官ら＝３日午前、羽田空港（関勝行撮影）\n世界有数の過密空港として知られる羽田空港で２日に起きた日航機と海上保安庁の航空機の衝突事故。国土交通省は３日、日航機と海上保安庁の航空機、管制官との交信記録を公表した。交信そのものに大きな問題は見られないが、実際には海保機が滑走路まで進んで衝突事故が起きており、海保機の機長（３９）が、管制官の指示をどうとらえたかが今後の焦点となりそうだ。\n【写真】衝突した海保機と同型機のボンバルディア「ＭＡ７２５」みずなぎ２号\n国交省によると、管制官は滑走路ごとに担当が割り当てられ、地上から航空機に対し、英語で指示や許可を与える。滑走路と駐機場の間の走行を担当する管制官も別におり、細分化されている。事故が起きたＣ滑走路は当時、２人の管制官が担当し、両機に指示を出していた。\n\n交信記録では管制官が２日午後５時４５分に海保機に英語で、「１番目。Ｃ５上の滑走路停止位置まで地上走行してください」と指示し、海保機長は「滑走路停止位置Ｃ５に向かいます。１番目。ありがとう」と回答。海保機はその後、滑走路に進入し、日航機と衝突した。\n\n元日航機長の土井厚氏によると、離陸する航空機は通常、緊急時にも余裕を持って停止できるよう滑走路全体を使って離陸するが、海保機は滑走路の途中を指す「Ｃ５」から離陸する「ショートフィールドテークオフ（短距離離陸）」を要望していたことが読み取れるという。この状況から土井氏は「海保機は早めに離陸したいという状況だったのではないか」と分析する。\n\nさらに、土井氏は海保機長が「１番目」と復唱している点について、管制官は離陸の順番が１番目という意味で伝達していたが、「海保機長は１番目と復唱しており、急ぐ思いもあり、１番目と言われたから入っていいと錯覚した可能性がある」と推察する。\n\nまた、管制官は日航機の次に到着する便に対し、減速を求める指示を出している。土井氏は「管制官は日航機を着陸させた後に海保機を離陸させようとしていた。プロペラ機でも安全に出発できるよう次の到着便にゆっくり来てくださいと指示している」とする。\n\n土井氏は、事故は一つの間違いではなく、さまざまな原因が連鎖して起きるとし、「海保機長が管制官の指示をどう判断したのか、海保機のボイスレコーダーがあるなら検証する必要がある」と述べた。（大渡美咲）,['https://newsatcl-pctr.c.yimg.jp/t/amd-img/20240103-00000129-san-000-11-view.jpg?pri=l&w=640&h=418&exp=10800'],"['https://news.yahoo.co.jp/articles/9ebe17e4432bb84df10b932c3bd10a8a9a066753/images/000', 'https://www.iza.ne.jp/article/20240102-C33G4RCMZVNM5F3HVPFKKT7WGQ/photo/MQU4MWJU4NLBRNKB3BH4SVPSTU/?utm_source=yahoo%20news%20feed&utm_medium=referral&utm_campaign=related_link']"
往路の「貯金」守った城西大、過去最高の３位　箱根駅伝（産経新聞）,https://news.yahoo.co.jp/articles/eeb515bd1ad03ac9ba408bc15a84babe68d68c25,https://newsatcl-pctr.c.yimg.jp/t/amd-img/20240103-00000125-san-000-1-view.jpg?exp=10800,2024-01-03T20:45:45+09:00,2024-01-03T20:45:45+09:00,産経新聞,san,産経新聞,638,\n総合３位でゴールする城西大・中田侑希＝３日午後、東京・大手町（鴨川一也撮影）\n第１００回東京箱根間往復大学駅伝最終日は３日、神奈川県箱根町から東京・大手町までの復路５区間、１０９・６キロに関東の２３校が参加して行われ、城西大が過去最高の３位に入った。\n\n新たな歴史へ、着実にたすきをつないだ。往路３位の城西大は、復路もその順位をキープし、総合３位に滑り込んだ。２０１０年、１２年の６位を超える過去最高順位で、初の２年連続シード権を獲得。櫛部監督は「うれしく思う」と安堵（あんど）した。\n\nなんとか踏ん張った。復路５区間で一桁順位だったのは、７区で５位の林だけ。ただ、どの区間でも大崩れはしなかった。復路スタート時に３分４９秒あった４位東洋大との差を２１秒まで縮められながらも逃げ切り。往路の〝貯金〟を生かし、１０区の中田は「後ろとの差がつまっていて怖くて仕方なかった。死守できてよかった」と振り返った。\n\n昨年大会の前に櫛部監督が掲げた今大会の目標は３位以内だった。中田は「監督に失礼なんですけど、何言ってんだろうと思っていた」と笑う。留学生のヴィクターや山本唯ら実力者が引っ張る形で練習を積み、各選手が地力をつけた。\n\n今季は出雲で３位、全日本で５位と、いずれも過去最高順位を更新した。勢いそのままに、箱根路でも躍進した。５区で区間新をマークし、最優秀選手に選ばれた山本唯は、「後輩たちにいい形でつなぐことができた」と充実感をにじませた。（久保まりな）,['https://newsatcl-pctr.c.yimg.jp/t/amd-img/20240103-00000125-san-000-1-view.jpg?pri=l&w=483&h=640&exp=10800'],['https://news.yahoo.co.jp/articles/eeb515bd1ad03ac9ba408bc15a84babe68d68c25/images/000']
大東大が９季ぶりにシード権獲得　１０区で再逆転　箱根駅伝（産経新聞）,https://news.yahoo.co.jp/articles/e64ed330d0e7772fc7e91f7f8572847008838f0b,https://newsatcl-pctr.c.yimg.jp/t/amd-img/20240103-00000126-san-000-1-view.jpg?exp=10800,2024-01-03T20:51:51+09:00,2024-01-03T20:51:51+09:00,産経新聞,san,産経新聞,509,\nゴールした大東大１０区の佐々木真人＝東京・大手町（福島範和撮影）\n３日に行われた第１００回東京箱根間往復大学駅伝で、大東大が９年ぶりにシード権を獲得した。復路は往路８位だった大東大以下の１６校が箱根・芦ノ湖を一斉にスタート。見た目の順番では総合順位がわからない中、最終１０区で再逆転し、アンカーの佐々木は「実感がない。人生で一番のうれしさはあった」と笑みがこぼれた。\n\n佐々木がたすきを受けて１０区に入った際はシード圏外の１１位。４秒差の１０位東海大の姿は見えず、「差を考えて走らないといけなかったので、難しい部分はあった」という。それでも、最初の５キロで流れを作り、１５キロ付近では東海大を記録面で抜いて「４０秒差というのを監督から聞いた」。最後は１分以上の差をつけてゴールし、歓喜の雄たけびを上げた。\n\n真名子監督が就任した昨季、４年ぶりに箱根路を走った。２年連続の予選会トップ通過で臨んだ今季、シード権まで手が届いた。「正直（１０区は）ドキドキした。それをはねのけてシード圏内に入っていかないと、今後上位にはいけない」と指揮官。総合優勝４度を誇る古豪が、復活への歩みを着実に進めている。（小川寛太）,['https://newsatcl-pctr.c.yimg.jp/t/amd-img/20240103-00000126-san-000-1-view.jpg?pri=l&w=424&h=640&exp=10800'],['https://news.yahoo.co.jp/articles/e64ed330d0e7772fc7e91f7f8572847008838f0b/images/000']
青学大が最強駒大から王座奪還　原監督「学生たちが諦めなかった」　箱根駅伝（産経新聞）,https://news.yahoo.co.jp/articles/8dc6672de08bafc8f8bc279519baa07bfd4ba58a,https://newsatcl-pctr.c.yimg.jp/t/amd-img/20240103-00000123-san-000-1-view.jpg?exp=10800,2024-01-03T20:38:07+09:00,2024-01-03T20:38:07+09:00,産経新聞,san,産経新聞,889,\n総合優勝で胴上げされる青学大・原晋監督＝東京・大手町（代表撮影）\n第１００回東京箱根間往復大学駅伝最終日は３日、神奈川県箱根町から東京・大手町までの復路５区間、１０９・６キロに関東の２３校が参加して行われ、青学大が１０時間４１分２５秒の大会新記録で２年ぶり７度目の総合優勝を果たした。\n【写真】両手を広げてゴールテープを切るアンカーの宇田川\nアンカーの宇田川は両手を広げてゴールテープを切り、仲間の下へ飛び込んだ。青学大は復路も他を寄せ付けず、最後は２位駒大に６分３５秒差をつけての圧勝。原監督は「誰も勝つと思っていなかったと思う。学生たちが諦めなかった結果」と誇った。\n\nたすきが渡るたび、独走態勢はより強固となった。６区の野村が序盤から快調に飛ばし、復路スタート時に２分３８秒だった差を４分１７秒まで広げると、続く選手も駒大との差を広げ続けた。\n\n昨季の大学３大駅伝すべて優勝の三冠を達成した駒大は、今季も出雲全日本選抜、全日本大学駅伝とも全区間で首位を譲らぬ圧勝劇を演じていた。下馬評では原監督も「最強軍団」と認める駒大が優勝候補の大本命で、青学大は対抗馬の域を出なかった。\n\nただ、箱根には出雲、全日本とは違う要素がある。１区間の距離が長く、そして山がある。原監督は就任以来、前半飛ばしても後半粘り切れる選手の育成をテーマの一つとして取り組んできた。\n\n区間賞をとった８区の塩出はその走りを体現した。区間記録を上回るペースで攻め、１時間４分０秒と他を圧倒する記録をたたき出した。塩出は「勢いづけたいと積極的にいった」と笑顔。原監督は「箱根に向けた一連のメソッドが合っていたということ」と力を込めた。\n\n大会間近の昨年１２月２８日の全体ミーティング。原監督は「準優勝でもいい」と選手たちに語りかけたという。原監督は「８割本音、２割奮起を促すため」と打ち明けたが、１区を走った荒巻によると「やっぱり優勝したい」とメンバーは決意を新たにしたという。過去１０大会で７度目の頂点。「箱根に強い青学大」の力を改めて示した２１７・１キロだった。（石原颯）,['https://newsatcl-pctr.c.yimg.jp/t/amd-img/20240103-00000123-san-000-1-view.jpg?pri=l&w=640&h=443&exp=10800'],"['https://news.yahoo.co.jp/articles/8dc6672de08bafc8f8bc279519baa07bfd4ba58a/images/000', 'https://www.iza.ne.jp/article/20240103-FOFS6YV4ZJPK3NHR4DUMVDXPXU/photo/VRF7OHKAEBLBLLVMUZDSPXVKFM/?utm_source=yahoo%20news%20feed&utm_medium=referral&utm_campaign=related_link']"
２季連続３冠逃した駒大　復路全区間で差を広げられ「やっぱり箱根は別物」　箱根駅伝（産経新聞）,https://news.yahoo.co.jp/articles/a1eee0de81f64caf7b73a46f16d2b627e4386e0e,https://newsatcl-pctr.c.yimg.jp/t/amd-img/20240103-00000124-san-000-1-view.jpg?exp=10800,2024-01-03T20:38:55+09:00,2024-01-03T20:38:55+09:00,産経新聞,san,産経新聞,725,\n２位でゴールする駒大・庭瀬俊輝＝東京・大手町（福島範和撮影）\n第１００回東京箱根間往復大学駅伝最終日は３日、神奈川県箱根町から東京・大手町までの復路５区間、１０９・６キロに関東の２３校が参加して行われ、史上初となる２季連続の大学駅伝３冠を狙った駒大は２位に終わった。\n\n完敗だった。トップと２分３８秒差の２位で走り出した駒大は、復路の５区間すべてで青学大に区間順位で及ばず、ゴールの大手町では６分３５秒もの大差をつけられた。総合２位に終わり、藤田監督は「総合優勝を目指していたので、２位で満足はできない」と悔しさをにじませた。\n\n山下りから想定が崩れた。差を詰めたかった６区で帰山が区間１２位にとどまり、青学大との差は４分１７秒に広がった。「６区で少しでも詰まれば、追撃態勢を整えることができたが…」と指揮官。気勢をそがれたか、その後も区間３位以上は１人も出ず。差を広げられる一方だった。\n\n今季、主将の鈴木ら１万メートルで２７分台の記録を持つ３人を軸に、他大学もうらやむ選手層を作り上げてきた。昨季の駒大への挑戦をテーマに２季連続大学駅伝３冠を狙い、出雲、全日本と全区間トップでたすきをつないで優勝。「史上最強」との呼び声も高かったが、後手に回ると動揺を見せる姿は、往路に続いてこの日も見られた。７区を走った安原は「他大学が前を走ることは全員がイメージをしていたけど、準備が少し足りなかったかもしれない」と漏らした。\n\n過去に８度の総合優勝に導いた大八木総監督から、今季指揮官の座を引き継いだ藤田監督にとっても苦い経験となった。「やっぱり箱根は他の駅伝と比べても別物だなという難しさを感じた」。今後の糧にしていく。（小川寛太）,['https://newsatcl-pctr.c.yimg.jp/t/amd-img/20240103-00000124-san-000-1-view.jpg?pri=l&w=428&h=640&exp=10800'],['https://news.yahoo.co.jp/articles/a1eee0de81f64caf7b73a46f16d2b627e4386e0e/images/000']
関西電力送配電、石川県などに74人応援派遣、高圧発電機車なども（産経新聞）,https://news.yahoo.co.jp/articles/989860bc068486991a06e620e7e9be1e7e82bbc7,https://newsatcl-pctr.c.yimg.jp/t/amd-img/20240103-00000121-san-000-1-view.jpg?exp=10800,2024-01-03T20:18:17+09:00,2024-01-03T20:18:17+09:00,産経新聞,san,産経新聞,376,\n大阪市北区の関西電力本店\n関西電力子会社の関西電力送配電は３日、北陸電力送配電の要請を受け、能登半島地震で被害を受けた地域の電力供給を応援するため、高圧発電機車や高所作業車などの車両計３４台と人員計７４人を派遣すると発表した。\n\n関西送配電によると、２日夜に先発隊として富山市の北陸電力本店に２人が入り、３日午前には石川県内の被災地に向けて３５人が関西を出発した。４日にさらに３７人を派遣するという。また、高圧発電機車は１０台を派遣。１台当たりの出力５００キロワットで、一般家庭２００～３００軒分の電気を発電できる。\n\nまた、関西送配電は１日午後５時～２日午前０時、電力広域的運営推進機関からの指示を受け、北陸送配電に最大６０万キロワットの電気を融通した。関西電力グループの電気工事会社「きんでん」も高所作業車や人員を派遣すると発表した。,['https://newsatcl-pctr.c.yimg.jp/t/amd-img/20240103-00000121-san-000-1-view.jpg?pri=l&w=640&h=426&exp=10800'],['https://news.yahoo.co.jp/articles/989860bc068486991a06e620e7e9be1e7e82bbc7/images/000']
穴水町で6人行方不明　能登半島地震（産経新聞）,https://news.yahoo.co.jp/articles/499bc541ca48782a58cf30342490b32f393b8664,https://newsatcl-pctr.c.yimg.jp/t/amd-img/20240103-00000120-san-000-1-view.jpg?exp=10800,2024-01-03T20:01:08+09:00,2024-01-03T20:01:08+09:00,産経新聞,san,産経新聞,232,\n石川県輪島市内から穴水町方面に続く車の渋滞＝３日午後２時１４分（渡辺恭晃撮影）\n１日に最大震度７を観測した能登半島地震で、石川県穴水町によると、町内で６人が行方不明となっている。各地で生き埋めが発生したとの情報があり、沿岸部では津波被害もあったとみられる。\n【写真】「まるで戦場のよう」甚大な被害を受けた観光名所「輪島朝市」\n県によると、道路の陥没やのり面崩落などにより、珠洲市、七尾市、穴水町、能登町で計約７５０人が孤立している。輪島市は調査中という。,['https://newsatcl-pctr.c.yimg.jp/t/amd-img/20240103-00000120-san-000-1-view.jpg?pri=l&w=640&h=413&exp=10800'],"['https://news.yahoo.co.jp/articles/499bc541ca48782a58cf30342490b32f393b8664/images/000', 'https://www.iza.ne.jp/article/20240103-Q4GKXV4XCNNP7KSV6OR2RIMFTA/photo/WRA4I7QECRLHZNZHQC7R5IYSPE/?utm_source=yahoo%20news%20feed&utm_medium=referral&utm_campaign=related_link']"
行ってみよう終着駅　石炭輸送でにぎわいの駅　今は１日３往復で希少価値　長門本山駅（産経新聞）,https://news.yahoo.co.jp/articles/c90bf630cb6d9fda1b9d71e4523a7cdd42bedaae,https://newsatcl-pctr.c.yimg.jp/t/amd-img/20240103-00000116-san-000-1-view.jpg?exp=10800,2024-01-03T19:30:00+09:00,2024-01-03T19:30:00+09:00,産経新聞,san,産経新聞,1333,\n簡素な建物が建つ長門本山駅。石炭輸送が行われた当時、ホームの反対側のスペースにも線路が説かれていたと思われる\n「終着駅」と聞いて多くの人は哀愁を感じるのではないだろうか。人里離れた最果てに行き着き、周りに何もない駅、線路は先に延びる予定だったが、計画が頓挫して図らずも行き止まりになった駅。ただ、そんな寂しい駅だけでなく、観光地の玄関口として駅自体が名所になっているケースもある。さまざまな表情を持つ終着駅を２回にわたり紹介する。\n【写真】車止めのすぐそばを通る県道を渡れば、周防灘と対岸の九州を眺めることができる\n■全線完乗の「鬼門」\n\n山口県内を走る小野田線に雀田（すずめだ）駅（山陽小野田市）から出ている支線がある。長門本山駅（同市）までの２・３キロ。通称本山支線は、鉄道の全線完乗を目指すファンにとっては「鬼門」だ。一日に３往復しか列車が走っていないからだ。\n\n乗りつぶすには時間の調整が必要で、前泊を余儀なくされる場合もあるだろう。走っている列車は１両編成。荷物電車を旅客用に改造した黄色いクモハ１２３形が使われ、何ともシンプルな感じを醸し出している。\n\n本山支線の終着駅、長門本山は当然、無人駅。駅舎と呼べるものはなく、ホームには雨をしのげるほどの建物があり、ベンチが設置されている。すぐ脇を県道が通り、ここに駅があることに気付かずに通り過ぎる車もあるだろう。周辺には住宅が広がり、体育館もある。駅前のバス停からはおよそ１時間に１本、小野田駅までの便がある。終着駅の「秘境感」は一切なく、日常に溶け込んでいる。\n\n■ローカル線の役割\n\n駅の歴史をたどると、終着駅としての役割が浮き彫りになってくる。山口県南部を走る宇部線、小野田線は明治、大正時代に主に石炭、石灰石を運搬するために開通した軽便鉄道が始まり。長門本山の開業は昭和１２年１月（開業時の駅名は本山）。海底炭鉱である本山炭鉱の石炭輸送が目的だった。\n\n３８年に閉鎖される直前の３７年７月に撮影された長門本山周辺の航空写真を見ると、駅と海に挟まれた南側には大きな炭鉱施設が建っているのがわかる。その北西側には炭鉱住宅が並び、多くの人々が作業にあたっていたことを示している。おそらく線路は駅を越え、海岸まで続いていただろう。現在、単線が乗り入れているホームの反対側には、引き込み線があったとみられるスペースが残っている。\n\n炭鉱施設のあった場所はいったんは更地になり、現在はソーラーパネルが敷き詰められ、時代の流れを感じさせる。駅から徒歩１０分の場所に「旧本山炭鉱斜坑坑口」が残り、山陽小野田市で盛んだった石炭産業を今に伝える建造物として市指定文化財となっている。\n\nこのほかにも本山岬、竜王山公園といった美しい景色が楽しめるスポットに近い。駅とともに訪れるのもいいだろう。\n\n本山炭鉱が閉鎖された後、４２年１０月の本山支線のダイヤを見ると１日に２５往復も走っている。現在の１日の平均乗車人員は２２人（令和４年度山口県統計年鑑）、そして３往復。駅を取り巻く環境は変わっていくが、ローカル線としての役割がある限り、単行の黄色い電車は走り続ける。（鮫島敬三）,['https://newsatcl-pctr.c.yimg.jp/t/amd-img/20240103-00000116-san-000-1-view.jpg?pri=l&w=640&h=457&exp=10800'],"['https://news.yahoo.co.jp/articles/c90bf630cb6d9fda1b9d71e4523a7cdd42bedaae/images/000', 'https://www.iza.ne.jp/article/20231221-55ISL6WOKNKIJFRCAXNM4C5MUY/photo/OGCH245XQZK7RKZTTWIPTUBQ5A/?utm_source=yahoo%20news%20feed&utm_medium=referral&utm_campaign=related_link']"
桐蔭学園、苦しんで４強　ＦＷ戦優位も守備に甘さ　全国高校ラグビー（産経新聞）,https://news.yahoo.co.jp/articles/12a64249b833a8faca3e214867eb5f92497e42ae,https://newsatcl-pctr.c.yimg.jp/t/amd-img/20240103-00000118-san-000-1-view.jpg?exp=10800,2024-01-03T19:53:38+09:00,2024-01-03T19:53:38+09:00,産経新聞,san,産経新聞,628,\n後半、桐蔭学園・中森真翔（４）がトライを決め盛りあがる桐蔭学園フィフティーン＝花園ラグビー場（水島啓輔撮影）\n全国高校ラグビー大会第５日は３日、大阪府東大阪市の花園ラグビー場で準々決勝が行われ、選抜大会を制した桐蔭学園（神奈川）が東海大大阪仰星（大阪第３）を３４―２４で下し、４強入りした。\n\n昨春の選抜大会王者で、優勝候補の桐蔭学園が苦しみながら４強入りを果たした。前半は積極的に攻撃を仕掛けた。「ゲームプランを遂行できた。タックルでも前に出られた」とロックの中森。終盤で東海大大阪仰星に連続トライを許したものの、前半のリードを生かして逃げ切った。\n\n序盤からＦＷ戦で優位に立った。前半２分、フッカーの川口が先制トライを奪った。同１５分には敵陣深くのスクラムからターンオーバーし、最後は中森が複数のタックルを振り切りトライ。同１９分には相手の意表を突いてＦＢ吉田がＤＧに成功し、ナンバー８の城主将は「夏から準備していたプレー」と強調した。\n\nＡシードの常連校。前回は花園出場を逃し、フィジカル面の強化から新チームを作り上げてきた。ただ、後半は相次いでトライを許し、終わってみればトライの数は同じ４本。後半のスコアは相手を下回り、守りの課題を露呈した。\n\n城主将は「自分たちの甘さが出た」と反省を忘れなかった。準決勝は大阪桐蔭との〝桐蔭対決〟になる。３大会ぶりの決勝進出へ、勝利に浮かれることなくチームを引き締めていく。（嶋田知加子）,['https://newsatcl-pctr.c.yimg.jp/t/amd-img/20240103-00000118-san-000-1-view.jpg?pri=l&w=640&h=390&exp=10800'],['https://news.yahoo.co.jp/articles/12a64249b833a8faca3e214867eb5f92497e42ae/images/000']
砂に消えた１７００年前の「貿易都市」　竪穴建物跡３２０棟以上、ヤマト王権と関係か（産経新聞）,https://news.yahoo.co.jp/articles/c47812f690daa1be75d4e341b0824666ee203d15,https://newsatcl-pctr.c.yimg.jp/t/amd-img/20240103-00000119-san-000-3-view.jpg?exp=10800,2024-01-03T20:00:00+09:00,2024-01-03T21:24:51+09:00,産経新聞,san,産経新聞,2212,\n令和４年度から行われている長瀬高浜遺跡の発掘調査。遺跡は厚さ約２～６メートルのシロスナ層の下に眠っている＝鳥取県湯梨浜町（松田則章撮影）\n鳥取砂丘から西に約３５キロ離れた鳥取県湯梨浜（ゆりはま）町の海岸近くの砂の下に「古代の大集落」が眠っている。冒険映画に出てきそうなこの遺構は「長瀬高浜遺跡」。昭和と平成の２次にわたる発掘調査で約２６０棟の竪穴建物跡が鉄器や青銅器とともに見つかり、交易で栄えた古墳時代前期（３世紀半ば～４世紀後半ごろ）の大集落跡と判明している。昨年度からは、前回調査からほぼ四半世紀ぶりに令和の調査がスタートし、すでに６０棟以上の建物跡を確認。調査は来年度も予定されており、さらなる発見に期待が高まっている。\n【写真】令和の調査で、竪穴建物跡から出土した大量の土器\n■重文の埴輪群出土\n\n「弥生の王国を掲げる鳥取県では青谷上寺地（あおやかみじち）遺跡や妻木晩田（むきばんだ）遺跡が有名だが、かつては鳥取といえば長瀬高浜遺跡というくらい全国に知られた遺跡だった」\n\n同遺跡の発掘を手掛ける県教育文化財団調査室の君嶋俊行室長は力を込める。昭和５５年には大量の埴輪（はにわ）が発見され、６１年に国の重要文化財に指定された。この埴輪群は古墳からではなく、集落の一角で見つかったことにより全国の注目を集めた。\n\n発掘調査は昭和４９年の遺跡発見後、昭和に７年、平成に３年の計１０年間行われ、約８万平方メートルの調査地から２６１棟の竪穴建物跡をはじめ、掘立柱建物跡６４棟、井戸跡１２基、古墳を含む埋葬施設１０１基を確認。大量の埴輪や土器のほか、高さ９センチ足らずの小銅鐸、手裏剣のような形をした巴形銅器といった希少な遺物が出土した。\n\n昭和５６年には、巨大な柱穴の大型掘立柱建物跡が見つかり「神殿」とも推測されている。さらに、国内最古級（弥生時代前期）の玉作工房跡も注目を集めた。\n\n令和の発掘調査は国道改築に伴うもので、昨年度から３年かけて約８５００平方メートルで実施。すでに６０棟以上の竪穴建物跡や廃棄された大量の土器が確認されており、これまでの調査成果とあわせて、同財団は「今から約１７００～１６００年前の古墳時代前期の竪穴建物跡の数がさらに増加し、遺構が密集する集落の特徴がより鮮明となった」とする。\n\n■地下６メートルに眠るクロスナ層\n\n長瀬高浜遺跡では、古墳時代を中心に、弥生時代から鎌倉・室町時代の畠跡まで約２千年にもわたる人々の営みの痕跡が確認されている。これらの遺構や遺物は、地表面から約２～６メートルの厚さがあるシロスナ層の下にあるクロスナ層から見つかったものだ。\n\nシロスナ層は日本海からの季節風に乗って運ばれた飛砂で、１５世紀以降に堆積したとされる。同財団によると、地球が寒冷期を迎えたことによる海水面の後退などが飛砂の原因とみられるという。一方、クロスナ層は硬めの黒色砂で人々が住みやすい草原のような土地だった。\n\n同遺跡の特徴のひとつは出土土器の保存状態の良さだ。国重文の埴輪群のほか、令和を含めた３次にわたる調査では甕（かめ）や高坏（たかつき）などが完形のものを含めて大量に出土している。今年度の調査でも、竪穴建物跡からまとまって出土しており、君嶋室長は「土器が大量に出土しているのはそれだけ多くの人が住んでいたからではないか。保存状態が良いのは、砂に埋まっていたためとも考えられる」と話した。\n\n土器の中には近畿型の甕が多数見つかっているほか、鉄器も３００点以上見つかり、これらは日本海を介した交易によりもたらされたとみられている。同遺跡の近くには東郷池や天神川があり、「貿易港」を中心に大集落が形成された可能性を示している。\n\n■ヤマト王権とつながる豪族\n\n古墳時代前期初めごろの約１７００年前（４世紀後半）から繁栄した長瀬高浜遺跡は、同時代中期後半の約１５５０年前には衰退し、古墳の集積地へと変貌する。この後、平安時代に再び人々が居住した痕跡が見つかり、鎌倉・室町時代の畠跡へとつながっていく。\n\n繁栄期の集落の規模について、君嶋室長は「推定はとても難しい。４世紀後半の竪穴建物が約６０棟。これらが同時に存在していたわけではないため、同時期に暮らしていた人の数は１５０人程度ではないか」と推測。そのうえで、どんな集落だったかについては、こう話した。\n\n「ヒントは神殿説もある特殊な建物や、首長が居住した可能性がある大型の竪穴建物・掘立柱建物跡、長瀬高浜遺跡近くにある全長約１００メートルの前方後円墳『馬ノ山４号墳』にある。馬ノ山４号墳の被葬者はこの一帯を支配下に置いた豪族で、長瀬高浜遺跡はその『城下町』のような集落だった」\n\nそして、「朝鮮半島などとの交易を差配していたこの豪族は、ヤマト王権とも政治的なつながりをもち、長く栄えた」と想像を膨らませる。\n\n令和５年度の発掘調査では、約１７００年前の竪穴建物跡から類例のない構造の囲炉裏（いろり）と考えられる炉跡を確認したほか、約１４００年前の円墳から副葬品として鉄鏃（てつぞく）（鉄のやじり）が出土した。君嶋室長は「来年度の調査では、引き続き竪穴建物跡や古墳などの検出が期待される。さらに、小銅鐸のような青銅器類が出ればすごい」と期待を示した。（松田則章）,['https://newsatcl-pctr.c.yimg.jp/t/amd-img/20240103-00000119-san-000-3-view.jpg?pri=l&w=640&h=480&exp=10800'],"['https://news.yahoo.co.jp/articles/c47812f690daa1be75d4e341b0824666ee203d15/images/000', 'https://www.iza.ne.jp/article/20231213-6Q7CXE7FKBNZTBITZMCZQJDFFM/photo/DSGW23UPX5LAPNQX4W2X7TAWPY/?utm_source=yahoo%20news%20feed&utm_medium=referral&utm_campaign=related_link']"
「佐渡島の金山」も能登半島地震で被害　新潟県災害対策本部会議で公表（産経新聞）,https://news.yahoo.co.jp/articles/4b181b3dfe6d9720850ad4b29b26ade975da92af,https://newsatcl-pctr.c.yimg.jp/t/amd-img/20240103-00000117-san-000-1-view.jpg?exp=10800,2024-01-03T19:50:25+09:00,2024-01-03T19:50:25+09:00,産経新聞,san,産経新聞,584,\n佐渡島の金山＝新潟県佐渡市（植村光貴撮影）\n国連教育科学文化機関（ユネスコ）の世界文化遺産登録を目指している「佐渡島の金山」（新潟県）の一部が能登半島地震の被害を受けていたことが３日、分かった。この日午後開かれた県災害対策本部会議の資料で公表された。県側は「大きな被害ではない」としている。\n【写真】新潟市内で生じた液状化現象とみられる痕跡\n佐渡島の金山は、「相川鶴子（あいかわつるし）金銀山」と「西三川（にしみかわ）砂金山」という２つの鉱山遺跡で構成。いずれも佐渡市内にある。\n\n県の資料によると、相川鶴子金銀山の一部である相川金銀山遺跡の法面に落石があったほか、西三川砂金山跡でも道路脇の法面が崩落した。\n\n一方、県内の地震による負傷者は３日午後１時半現在、前日より５人増えて２６人（重傷１人、軽傷２５人）となった。死者はいない。住宅への被害は４２０棟。内訳は、全壊１棟、半壊１０棟、一部破損が４０９棟となっている。\n\n鉄道では、ＪＲ越後線の越後赤塚駅－関屋駅（いずれも新潟市西区）間で運転を見合わせている。レールや枕木を支える道床が陥没したためで、６日の運転再開を目指している。\n\n道路では、上越市茶屋ケ原付近の国道８号が土砂崩落により通行止めになっている。国土交通省北陸地方整備局は「復旧作業の完了見通しは立っていない」と話している。,['https://newsatcl-pctr.c.yimg.jp/t/amd-img/20240103-00000117-san-000-1-view.jpg?pri=l&w=640&h=366&exp=10800'],"['https://news.yahoo.co.jp/articles/4b181b3dfe6d9720850ad4b29b26ade975da92af/images/000', 'https://www.iza.ne.jp/article/20240101-VIXLI6IAHVKOFAHSCHEENE6INQ/photo/CKMF3YO3KZMEBD3UB3MRTY64PU/?utm_source=yahoo%20news%20feed&utm_medium=referral&utm_campaign=related_link']"
石川県内、死者７３人に　余震相次ぐ（産経新聞）,https://news.yahoo.co.jp/articles/93d1ad1ca6459da70f454d2d67fa6c8289338110,https://newsatcl-pctr.c.yimg.jp/t/amd-img/20240103-00000115-san-000-1-view.jpg?exp=10800,2024-01-03T19:29:17+09:00,2024-01-03T19:29:17+09:00,産経新聞,san,産経新聞,203,\n倒壊したビルで続く救出活動＝３日午後２時１分、石川県輪島市（恵守乾撮影）\n１日に震度７を観測した能登半島地震は３日午後、発生から４８時間が経過。石川県は同日夕までに７３人の死亡が確認されたと発表した。輪島、七尾、珠洲、穴水、能登の３市２町で孤立集落が発生。延べ７５０人以上に影響した。\n【表でみる】能登半島付近で近年発生した震度５弱以上の主な地震\n余震が相次ぐなか、安否情報の確認は難航している。,['https://newsatcl-pctr.c.yimg.jp/t/amd-img/20240103-00000115-san-000-1-view.jpg?pri=l&w=640&h=435&exp=10800'],"['https://news.yahoo.co.jp/articles/93d1ad1ca6459da70f454d2d67fa6c8289338110/images/000', 'https://www.iza.ne.jp/article/20240102-44DAXWX2GBITJL2HCZEEDZZPRE/photo/5PUJXPUDYZLPBJ6XPDPJR4RSUQ/?utm_source=yahoo%20news%20feed&utm_medium=referral&utm_campaign=related_link']"
共通テスト、被災受験生は追試可能に　石川県に会場設置検討（産経新聞）,https://news.yahoo.co.jp/articles/870485fa52a4a7f48a76b893d3c3a5f41c80e0eb,https://newsatcl-pctr.c.yimg.jp/t/amd-img/20240103-00000114-san-000-3-view.jpg?exp=10800,2024-01-03T18:48:11+09:00,2024-01-03T21:04:08+09:00,産経新聞,san,産経新聞,188,\n文部科学省\n文部科学省は３日、１３、１４日に行われる大学入学共通テストを予定通り実施し、能登半島地震で被災した受験生らに対して救済措置を講じる考えを表明した。被災を２７、２８日の追試験の受験を認める要件に加える。\n【写真】「まるで戦場のよう」甚大な被害を受けた観光名所「輪島朝市」\n追試験会場は東京都と京都府の計２カ所となっているが、石川県にも会場の設置を検討する。,['https://newsatcl-pctr.c.yimg.jp/t/amd-img/20240103-00000114-san-000-3-view.jpg?pri=l&w=640&h=480&exp=10800'],"['https://news.yahoo.co.jp/articles/870485fa52a4a7f48a76b893d3c3a5f41c80e0eb/images/000', 'https://www.iza.ne.jp/article/20240103-Q4GKXV4XCNNP7KSV6OR2RIMFTA/photo/WRA4I7QECRLHZNZHQC7R5IYSPE/?utm_source=yahoo%20news%20feed&utm_medium=referral&utm_campaign=related_link']"
海保機に滑走路への進入指示なし　日航機「着陸支障なし」　羽田事故で国交省が交信記録公表（産経新聞）,https://news.yahoo.co.jp/articles/4764dbd29c1ba9462970bcf3066301e6d2164cf7,https://newsatcl-pctr.c.yimg.jp/t/amd-img/20240103-00000113-san-000-2-view.jpg?exp=10800,2024-01-03T18:42:54+09:00,2024-01-03T19:15:01+09:00,産経新聞,san,産経新聞,491,\n羽田空港で炎上する日本航空機＝２日午後、羽田空港（松井英幸撮影）\n羽田空港で日航機と海上保安庁の航空機が衝突した事故で、国土交通省は３日、両機と管制官のやりとりに関する交信記録を公表した。事故で５人が死亡した海保機との最後の交信は午後５時４５分１９秒。事故の直前１分半前で、記録上は海保機に滑走路への進入指示は出ていなかった。\n【写真】原形をとどめないほど焼け焦げた海上保安庁の航空機\n両機と管制官とのやりとりはすべて英語で行われた。交信記録によると、最初の交信は５時４３分２秒。日航機の機長から「ＪＡＬ５１６スポット１８番です」と連絡があり、１０秒後に管制官が「滑走路に進入を継続してください。出発機があります」と指示。同４５分１秒に日航機から「滑走路、着陸支障なし」と報告が入った。\n\n一方、海保機の機長は同４５分１１秒に「ＪＡ７２２Ａ、Ｃ誘導路上です」と応答があり、管制官は「１番目。滑走路停止位置まで地上走行してください」と返答。同４５分１９秒に機長から「滑走路停止位置に向かいます。１番目。ありがとう」と連絡があり、このやりとりが両機とは最後の交信になった。,['https://newsatcl-pctr.c.yimg.jp/t/amd-img/20240103-00000113-san-000-2-view.jpg?pri=l&w=640&h=406&exp=10800'],"['https://news.yahoo.co.jp/articles/4764dbd29c1ba9462970bcf3066301e6d2164cf7/images/000', 'https://www.iza.ne.jp/article/20240103-TCUFXFKOU5MSXA7QFWV533PJLY/photo/ITBW5R2HV5IUHBDE2YZXXDNOAE/?utm_source=yahoo%20news%20feed&utm_medium=referral&utm_campaign=related_link']"
「日本の地震は報い」　中国の男性アナウンサー、ＳＮＳでの不適切発言で停職処分（産経新聞）,https://news.yahoo.co.jp/articles/9c79f6e0793889872898220b6b494de846d2bdcf,https://newsatcl-pctr.c.yimg.jp/t/amd-img/20240103-00000110-san-000-2-view.jpg?exp=10800,2024-01-03T18:14:43+09:00,2024-01-03T18:24:37+09:00,産経新聞,san,産経新聞,656,\n能登半島地震の影響で火災が発生した石川県輪島市の朝市通り周辺（桐原正道撮影）\n１日に発生した能登半島地震を巡り、中国海南省の放送局の男性アナウンサーが「日本の地震は報い」などと発言した動画を自身のＳＮＳに投稿し、物議を醸している。男性アナウンサーは調査結果が判明するまで、停職処分となったという。\n【画像】「不適切発言」をする海南テレビの男性アナウンサー（現在は動画が削除されている）\n日本国内向けの中国情報サイト「レコードチャイナ」は３日、「『日本の地震は報い』動画投稿か、中国のテレビキャスター停職」との見出しで記事を掲載。記事によると、中国海南省にある放送局「海南広播電視総台」が同局の男性アナウンサーについて、「不適切な発言をしたとされる問題について調査結果が出るまで停職にしたと明らかにした」と報じた。\n\n韓国の全国紙、中央日報（日本語電子版）も「ＳＮＳアカウントで「報いがきたのか？ 地震が日本を強打！」という内容で投稿した」などとして、今回の男性アナウンサーの発言を取り上げた。\n\n中国の短文投稿サイト「微博」（ウェイボ）では、今回の男性アナウンサーの発言について「明らかに不適切」と批判する声が寄せられている。\n\n日本で発生した地震を巡っては、平成２３年９月に韓国で行われたサッカーのアジア・チャンピオンズリーグ（ＡＣＬ）準々決勝で、韓国チームのサポーターが「日本の大地震をお祝い（し）ます」などと東日本大震災を揶揄する横断幕を掲げ、韓国チームが謝罪する事態に追い込まれた。,['https://newsatcl-pctr.c.yimg.jp/t/amd-img/20240103-00000110-san-000-2-view.jpg?pri=l&w=640&h=426&exp=10800'],"['https://news.yahoo.co.jp/articles/9c79f6e0793889872898220b6b494de846d2bdcf/images/000', 'https://www.iza.ne.jp/article/20240103-HDBZWZRECJOEFBYJTBNFY2DDJU/photo/IG6VAQILQVOA3MGOX3F5ERM5TU/?utm_source=yahoo%20news%20feed&utm_medium=referral&utm_campaign=related_link']"
がれきの中から男性救出、倒壊家屋に２日間以上　能登半島地震（産経新聞）,https://news.yahoo.co.jp/articles/0cd96bb77e47196ad9018b2a0aba0560be0e5f04,https://newsatcl-pctr.c.yimg.jp/t/amd-img/20240103-00000108-san-000-6-view.jpg?exp=10800,2024-01-03T18:02:50+09:00,2024-01-04T00:22:18+09:00,産経新聞,san,産経新聞,810,\n地震発生から２日以上経過し、倒壊した自宅から救出された江表大司郎さん＝３日午後、石川県珠洲市（桐原正道撮影）\n最大震度７を観測した能登半島地震で、倒壊した家屋の中に２日間以上閉じ込められていた男性が無事に救出された。生存率が大幅に下がるとされる発生７２時間まであと１日と迫る中での救出劇に、見守った家族の目からは涙がこぼれた。\n【別カット】倒壊した自宅から救出された江表大司郎さん\n救出されたのは、石川県珠洲市春日野地区の木造２階建て民家に１人で暮らしていた江表大司郎さん（７９）。石川県能登地方では１日午後４時過ぎに震度５強の揺れに見舞われた。同県七尾市に住む長男の洋司さん（５０）は、父親の様子が気になって電話をかけた。\n\n「大丈夫。無事だ。今の地震で家がゆがんだから、ちょっと見てくる」。大司郎さんは洋司さんと話しながら、母屋に入った。\n\nその瞬間、最大震度７の揺れが再び同地方を襲った。洋司さん自身も揺れに見舞われる状態だったが、父親との電話を切ってはいけないと思った。\n\nガサガサガサ…。すさまじい轟音（ごうおん）が耳に飛び込んできたと思ったら、通話は切れた。洋司さんの姉がすぐに家の様子を見に行くと、母屋はぺしゃんこにつぶれていた。声をかけても反応はなかった。\n\n３日午後３時過ぎ、交通規制が解除されて洋司さんはようやく家にたどり着いた。ダメかもしれないと思いながら「おーい」「おーい」と何度も声をかけると、「うー」「うー」と父親のかすかな声が聞こえた。\n\n慌てて消防を呼び、救助活動が始まった。地元消防に京都市消防局も加わり、がれきを人力で取り除き、通路を確保するなど、余震が続く中での約２時間の作業の結果、大司郎さんは無事に救助。救助段階では目立ったけがもなかった。\n\n洋司さんは「助かってくれただけでありがたい。ほんとうにうれしい」と涙をこらえて絞り出すように語った。,['https://newsatcl-pctr.c.yimg.jp/t/amd-img/20240103-00000108-san-000-6-view.jpg?pri=l&w=640&h=449&exp=10800'],"['https://news.yahoo.co.jp/articles/0cd96bb77e47196ad9018b2a0aba0560be0e5f04/images/000', 'https://www.iza.ne.jp/article/20240103-XPQDAGSHKNMBFJG3PSWFSICIQU/photo/OK3Z3FN22JPWPC5DL4YLZZ46ZE/?utm_source=yahoo%20news%20feed&utm_medium=referral&utm_campaign=related_link']"
＜独自＞万博　旧ソ連のラトビアとリトアニアが共同館出展へ　アピール強化、コスト押し下げ効果も（産経新聞）,https://news.yahoo.co.jp/articles/4274b38709afa4981021059998fe89c04aeaa29a,https://newsatcl-pctr.c.yimg.jp/t/amd-img/20240103-00000107-san-000-1-view.jpg?exp=10800,2024-01-03T17:52:38+09:00,2024-01-03T17:52:38+09:00,産経新聞,san,産経新聞,705,\n工事が進む夢洲の万博会場＝令和５年１２月、大阪市此花区（甘利慈撮影）\n２０２５年大阪・関西万博に参加する旧ソ連のラトビアとリトアニアが、パビリオンを共同で出展する方針であることが３日、分かった。ラトビア政府関係者が産経新聞の取材に対し、明らかにした。大阪・関西万博を巡っては、北欧諸国も共同館方式で出展する計画を進めている。地理的に近接する地域がパビリオンを共同出展することで、幅広い内容の出展をアピールする動きが広まる可能性がある。\n【表で見る】万博における海外パビリオンの種類\nラトビアとリトアニアの両国は旧ソ連構成国で、隣接するエストニアと合わせて「バルト三国」と呼ばれる。エストニアは今回の万博から撤退する方針が明らかになっており、共同館への参加は計画されていない。\n\n共同館では「観光や輸出産業の紹介、投資の呼び込み」（ラトビア政府関係者）などを行う計画で、現在、内容の詳細を検討している。各国が独自に設計、建設する「タイプＡ」ではなく、日本側が建設した建物を借り受ける「タイプＢ」で出展する予定という。\n\n大阪・関西万博ではほかに、デンマークやノルウェー、フィンランドなど北欧５カ国がタイプＡの共同館を出展する計画が明らかになっている。共同館は、単独出展より幅広い内容を展示できるため、来場者へのアピールが強まることが期待されている。\n\nコスト面でも１カ国あたりの負担を押し下げる可能性がある。ラトビアとリトアニアが出展するタイプＢは、建物は日本側が提供するが、内外装は出展者側が行う必要がある。共同館にすることで、それぞれの国の負担を抑えられる効果が見込まれる。（黒川信雄）,['https://newsatcl-pctr.c.yimg.jp/t/amd-img/20240103-00000107-san-000-1-view.jpg?pri=l&w=640&h=404&exp=10800'],"['https://news.yahoo.co.jp/articles/4274b38709afa4981021059998fe89c04aeaa29a/images/000', 'https://www.iza.ne.jp/article/20231110-5SN2BC5BPVP25IK54STDZAEGJQ/photo/5FJSWQHYRFJF3DOZSUL7M72JWY/?utm_source=yahoo%20news%20feed&utm_medium=referral&utm_campaign=related_link']"
守備力高い駿台学園・亀岡　器用さ光る金蘭会・井上らに注目　春の高校バレー（産経新聞）,https://news.yahoo.co.jp/articles/5ce0eb29f331d16f09de3b672c19b24f2e8943bc,https://newsatcl-pctr.c.yimg.jp/t/amd-img/20240103-00000105-san-000-1-view.jpg?exp=10800,2024-01-03T17:41:57+09:00,2024-01-03T17:41:57+09:00,産経新聞,san,産経新聞,999,\n駿台学園の選手ら＝２０２３年１１月、東京都八王子市（岩崎叶汰撮影）\n「ジャパネット杯 春の高校バレー」として行われる第７６回全日本バレーボール高等学校選手権大会は４日、東京都渋谷区の東京体育館で開幕し、１回戦が行われる。男子では前回覇者で全国高校総体との２冠が懸かる駿台学園（東京）の亀岡聖成（せな）主将（３年）、女子ではＶリーグ１部（Ｖ１）の久光入りが内定している金蘭会（大阪）の井上未唯奈（みいな）（３年）らの活躍が期待される。（奥村信哉）\n【写真】ブロックする金蘭会の選手ら\n■男子\n\n厚い選手層を誇り、大会連覇と高校総体との２冠を狙う駿台学園の屋台骨が亀岡だ。２０２２年アジアＵ－１８（１８歳以下）選手権ではリベロとして日本の優勝に貢献。同じアタッカーの荒井貴穂（ひで）（３年）らとともに安定したサーブレシーブを担い、チームの多彩な攻撃を下支えする。「どんな相手でも自分たちのやることをしっかりやれば負けることはない。相手どうこうよりも自分たちのプレーをしたい」と意気込む。\n\n総体４強の昇陽（大阪）の得点源、小山海皇（みこと）（３年）は的確にブロックを見極めてスパイクを放つサウスポー。「最後の最後まで打ち切ってこそのエース。打ち切れる選手になりたい」と初出場で初戦敗退となった前回大会の雪辱に燃える。国体を制した高川学園（山口）の門田凌也（３年）、Ｕ－１８代表でセッターを務めた東福岡の葭原逢太（よしはらおうた）（３年）も能力が高い。\n\n■女子\n\n高校総体、国体を制した下北沢成徳（東京）の２年生エース、イェーモンミャは元ミャンマー代表選手の父を持ち、コースの巧みな打ち分けや安定感が光る。「毎試合、力を発揮するようにやれれば結果がついてくる」と高校３冠達成に意欲を示す。\n\n国体準優勝の金蘭会はＶ１のＰＦＵ入りする上村杏菜（３年）らがコンディションに不安を残す中、昨年の春高を直前のけがで棒に振った井上がキープレーヤーとなりそうだ。本職はセンターながらアタッカーもこなせる器用な１８２センチは貴重な存在で、「昨年迷惑をかけた分、貢献したい」と力をこめる。\n\n今年度の日本代表に高校生で唯一選ばれた共栄学園（東京）の秋本美空（みく）（２年）やＵ－１８代表主将を務め、Ｖ１トヨタ車体入りが内定した旭川実（北海道）の笠井季璃（りり）（３年）にも注目したい。,['https://newsatcl-pctr.c.yimg.jp/t/amd-img/20240103-00000105-san-000-1-view.jpg?pri=l&w=640&h=436&exp=10800'],"['https://news.yahoo.co.jp/articles/5ce0eb29f331d16f09de3b672c19b24f2e8943bc/images/000', 'https://www.iza.ne.jp/article/20240103-ZNY4YOV4RFJJBAV7H6FUJLVPRU/photo/M52PAYOKJZJSDKXOVOEX7VAB2I/?utm_source=yahoo%20news%20feed&utm_medium=referral&utm_campaign=related_link']"
春の高校バレー４日開幕　石川代表も東京入り（産経新聞）,https://news.yahoo.co.jp/articles/1a2e9b93db30c6e61961642d681aa850ac2ad156,https://newsatcl-pctr.c.yimg.jp/t/amd-img/20240103-00000104-san-000-2-view.jpg?exp=10800,2024-01-03T17:27:03+09:00,2024-01-03T19:09:30+09:00,産経新聞,san,産経新聞,516,\n男子決勝 駿台学園（東京）対鎮西（熊本） 優勝を決め喜ぶ駿台学園の選手ら＝２０２３年１月８日、東京体育館（桐原正道撮影）\n「ジャパネット杯 春の高校バレー」として行われる第７６回全日本バレーボール高等学校選手権大会は４日、東京都渋谷区の東京体育館で開幕し、１回戦が行われる。都道府県予選を勝ち抜いた男女計１０４校が出場。４大会ぶりに全日程で観客を入れて開催され、男女の決勝は８日に行われる。全試合がバーチャル春高バレーで配信される。\n【表で見る】春の高校バレー対戦カード\n１日に発生した能登半島地震の影響が懸念された石川県代表は、男子の小松大谷と女子の金沢商が３日までに会場のある東京都内に到着した。周辺の新潟、富山両県の代表も都内入りし、全１０４校が予定通りに出場する見通し。\n\n金沢商の小坂慎吾監督によると、チームは３日早朝に石川県内をバスで出発し、新潟経由で約７時間かけて移動してきた。被害が甚大だった地域の実家で被災し、避難した選手もいたといい、約１５０人の応援団は来られなくなった。南桃花主将は「なんで今なんやろうって気持ち。みんなテレビで応援すると言ってくれたので、今年こそは結果を残したい」と前を向いた。,['https://newsatcl-pctr.c.yimg.jp/t/amd-img/20240103-00000104-san-000-2-view.jpg?pri=l&w=640&h=421&exp=10800'],"['https://news.yahoo.co.jp/articles/1a2e9b93db30c6e61961642d681aa850ac2ad156/images/000', 'https://www.iza.ne.jp/article/20231203-XT2TGMS6LJP7FDVKL7ZCZ3G4GQ/photo/LFHNGCOYXFGVLLNCV5ESNBFFDQ/?utm_source=yahoo%20news%20feed&utm_medium=referral&utm_campaign=related_link']"
羽田滑走路１減で遅延多発、欠航の恐れ　凄惨な事故映像から「需要の萎縮」懸念も（産経新聞）,https://news.yahoo.co.jp/articles/8f2731efafff8fad6c7c1cb267ad4c93340e0b67,https://newsatcl-pctr.c.yimg.jp/t/amd-img/20240103-00000106-san-000-1-view.jpg?exp=10800,2024-01-03T17:50:36+09:00,2024-01-03T17:50:36+09:00,産経新聞,san,産経新聞,1026,\n日本航空機と衝突したと見られる海上保安庁の航空機の残骸が滑走路には散乱している＝３日午前、羽田空港（関勝行撮影）\n羽田空港で日本航空と海上保安庁の航空機が衝突、炎上した事故の影響で、同空港の発着便に遅延の多発や欠航が生じる恐れが出てきた。現場の滑走路が事故原因の調査で当面は使えず、１本少ない残り３本の滑走路で対応しなければならないためだ。３日に起きたような遅延が、状況次第で長期化する可能性がある。事故の凄惨（さん）さから「航空需要の萎縮」を懸念する声も上がった。\n【写真】「飛行機が燃えちゃった」日航機の乗客が家族に送った客席からの写真\n■１時間に最大９０回発着\n\n「遅延覚悟で全ての発着便を飛ばしたい」\n\n羽田空港の発着便に数時間単位の遅れが出た３日、全日本空輸の広報担当者はそう話した。帰省や旅行からのＵターンラッシュで発着のピークを迎えた中で、利用客への影響を可能な限り抑えたいとの考えだ。\n\n「羽田は日本で一番忙しい空港」（国土交通省の平岡成哲航空局長）とされ、発着数が１日約１３００回、ピーク時となれば１時間に８０～９０回に上る過密なダイヤで運航されている。\n\n影響の程度は滑走路が１本少ない中、航空管制がどこまで対応できるかにかかってくるが、３日も既に多数の遅延が発生している状況から、全日空の広報担当者は「今後も遅延が多発するのではないか」と予測する。\n\n遅延した場合、行き先によっては騒音対策で深夜帯の運用が不可能な空港もあり、「運用時間の延長なども検討されるべきだ」（航空業界関係者）との声が上がった。\n\n■「欠航は不可避」\n\nただ、滑走路ごとに大幅な遅延がドミノ式に続いていけば翌日の運航にも影響がおよぶ。慶応大の加藤一誠教授（交通経済）は「欠航は避けられない」と指摘。滑走路の再開時期については、死者が出た事故で警察が現場検証中であることを挙げ、時間がかかるとの見方を示した。\n\n事故から一夜明けた３日の羽田空港では、黒く焦げ、原形をとどめないほど損傷した機体が滑走路脇に残され、利用客らは「もし自分が乗っていたら…」と不安げな表情を浮かべた。事故映像も繰り返し報じられる。\n\n加藤氏は、最も心配されるのは「『飛行機は怖い』と信頼性が揺らぎ、航空需要が萎縮してしまうことだ」と訴え、こう懸念した。\n\n「長く積み上げられてきた信頼は、崩れれば回復にも時間がかかる」（福田涼太郎）,['https://newsatcl-pctr.c.yimg.jp/t/amd-img/20240103-00000106-san-000-1-view.jpg?pri=l&w=640&h=388&exp=10800'],"['https://news.yahoo.co.jp/articles/8f2731efafff8fad6c7c1cb267ad4c93340e0b67/images/000', 'https://www.iza.ne.jp/article/20240102-LP7VKUNSJ5IGTETM2TRK4IP4BA/photo/WZEB247GINIE7AEMMF63HU4V5Q/?utm_source=yahoo%20news%20feed&utm_medium=referral&utm_campaign=related_link']"
「温かいごはんを…」　被害全容つかめない珠洲市、支援物資届かず避難住民も疲労（産経新聞）,https://news.yahoo.co.jp/articles/7db016ad1a3fffe4e7ba7a962423482a76c631d6,https://newsatcl-pctr.c.yimg.jp/t/amd-img/20240103-00000102-san-000-2-view.jpg?exp=10800,2024-01-03T17:09:42+09:00,2024-01-03T17:21:04+09:00,産経新聞,san,産経新聞,491,\n珠洲市内の様子＝３日、石川県珠洲市（前島沙紀撮影）\n断続的な地震が続き一向に被害の全容がつかめない中、石川県珠洲市では、乏しい情報に住民は不安の色がにじむ。３日には、冷たい雨も降り注いだ。\n【写真】ひび割れて波打つ珠洲市内の道路\n完全に１階部分が潰れた民家に、ひび割れて波打つ道路…。地震発生から信号の灯も消えているという。「温かいごはんが食べたい」。孫３人と両親で避難所生活を続ける６０代の女性会社員は訴える。\n\n地震発生時、女性は犬と散歩中だった。ガタガタと建物が潰れる音が聞こえ、必死に通りを走り抜けたが、揺れが収まって後ろを振り返ってみると街並みは一変。「（民家が）崩れてなくなっていた」と振り返る。\n\n命は助かったが、不自由な避難所生活は体力を奪う。避難所の床は硬く神経もたかぶり、よく眠れていないという。\n\n「今後、どうやって生活していくのか」。５０年以上住んでいた家を失い避難所に身を寄せる男性（７５）も不安を口にした。\n\n市内では、道路がひび割れが移動もままならず市職員の情報収集も困難で、支援物資の供給なども阻んでいるという。（前島沙紀）,['https://newsatcl-pctr.c.yimg.jp/t/amd-img/20240103-00000102-san-000-2-view.jpg?pri=l&w=640&h=480&exp=10800'],"['https://news.yahoo.co.jp/articles/7db016ad1a3fffe4e7ba7a962423482a76c631d6/images/000', 'https://www.iza.ne.jp/article/20240103-DPZJFKIQ4FNZ3CKY6SB4XAZNME/photo/LWNEXTVMMZLQ3H25JS44EEXHXY/?utm_source=yahoo%20news%20feed&utm_medium=referral&utm_campaign=related_link']"
石川県で３万４千戸の停電続く、余震で新たに発生も　営業停止の給油所は１７カ所（産経新聞）,https://news.yahoo.co.jp/articles/e2004ab14313feb925254b85bbf9c8e7247c4737,https://newsatcl-pctr.c.yimg.jp/t/amd-img/20240103-00000097-san-000-1-view.jpg?exp=10800,2024-01-03T16:19:35+09:00,2024-01-03T16:19:35+09:00,産経新聞,san,産経新聞,665,\n能登半島地震の被災地での復旧や支援の現状を説明する斎藤健経済産業相＝３日、東京都千代田区（永田岳彦撮影）\n能登半島地震の被災地の現状に関して、斎藤健経済産業相は３日の記者会見で、石川県だけで約３万４千戸（３日午後１時半時点）の停電が続いていることを明らかにした。被災地では大規模な余震も続いており、その結果、新たに停電が発生するなど、完全復旧のめどはたっていない。\n【表でみる】能登半島付近で近年発生した震度５弱以上の主な地震\n「現時点で（停電の復旧）見通しを申し上げるのは難しい」。３日の会見で斎藤氏はこう説明した。\n\n経産省によると、停電は能登半島の輪島市、珠洲市、七尾市、志賀町、穴水町、能登町の６市町で続いている。北陸電力が作業員を集中的に投入し、復旧作業にあたっているが、配電設備の損傷箇所を特定する巡視（点検）は七尾市と志賀町でしかまだ終わっていないという。\n\n被災地では地震による道路や地面の損傷が激しく、作業に時間がかかっている。３日午前も被災地では最大震度５強の大規模な余震が複数回発生。同省の担当者は「余震で設備が壊れ、新たに停電が発生するなど一進一退の状況」と話す。\n\nまた、地震で営業停止中の給油所が石川県内で１７カ所あることも判明。道路の点検や補修が終わり、大量の燃料が積載できる大型車が通行可能な箇所も増えてきたが、輪島市や珠洲市では道路の安全確保のため大型車が通行できない状況が続いている。経産省は小型車やドラム缶を積んだトラックによる燃料輸送の方法を検討している。（永田岳彦）,['https://newsatcl-pctr.c.yimg.jp/t/amd-img/20240103-00000097-san-000-1-view.jpg?pri=l&w=640&h=438&exp=10800'],"['https://news.yahoo.co.jp/articles/e2004ab14313feb925254b85bbf9c8e7247c4737/images/000', 'https://www.iza.ne.jp/article/20240102-44DAXWX2GBITJL2HCZEEDZZPRE/photo/5PUJXPUDYZLPBJ6XPDPJR4RSUQ/?utm_source=yahoo%20news%20feed&utm_medium=referral&utm_campaign=related_link']"
「畳屋も漁業も再開の見込み立たない」　津波被害の石川県能登町（産経新聞）,https://news.yahoo.co.jp/articles/0a0602710193cc98f9a7c40ffc682673f5abffa9,https://newsatcl-pctr.c.yimg.jp/t/amd-img/20240103-00000101-san-000-1-view.jpg?exp=10800,2024-01-03T16:55:41+09:00,2024-01-03T16:55:41+09:00,産経新聞,san,産経新聞,953,\n能登半島地震で被災した宇出津港付近＝３日午前、石川県能登町（斉藤佳憲撮影）\n１日に発生した最大震度７の能登半島地震と、続けて押し寄せた津波は港町に多大な被害をもたらした。発生から２日がたった３日、能登半島の北東部、内浦海岸のほぼ中央に位置する石川県能登町の宇出津（うしつ）地区では、流された潮と船から漏れた油が混じったにおいが漂う中、打ち上げられた船がそのまま放置されていた。断水が続いているため、近隣の川からバケツでくんだ水を使い、床上浸水で汚れた室内を掃除する被災者の姿があった。\n【表でみる】能登半島付近で近年発生した震度５弱以上の主な地震\n「昨日朝に自宅に戻ってきたら１階部分は水浸しになっており、止めていた車は津波で流され、近くを流れる梶川で見つかった」\n\n水につかった家具を外に運び出し終えた会社員、前田欣延さん（５２）はため息交じりに話した。両親と妻、長男、次女と在宅中に被災。「梶川の水が一気に海の方へ引いていくのが見え、避難所になっている高台の寺へ妻の車で急いで逃げた」。命を優先し、置いてきた自身の車は波にのまれ、現在も梶川に浮いたままだ。「クレーンで釣りあげようにも、川の沿道は家屋が倒れ、大型車は進入できない。どうしたものか」と頭を抱える。\n\n同地区では漁船転覆などの被害も散見された。\n\n３日午後０時半ごろ。畳屋を営みながら漁業を兼業している男性（６３）は、転覆している自身の漁船をみて肩を落とした。\n\n停泊位置から姿を消した自身の船を見つけたのは２日の朝。隣に停泊していた漁業取締船と岸の隙間に潜り込むように沈んでいた。「船を留めるロープなどをからめとるように潜り込んで沈んでいた。そのロープを切って知人の船で引きずり出すのに３時間ほどかかった」という。\n\n一方で本業の畳屋の工場は、地震により一部が崩れ、畳床を製造する機械の軸が破損。「畳屋も漁業も再開の見込みが立たない。頭が痛い」とうなだれた。\n\n同町危機管理室によると、１日発生の津波により町内で最大３０センチの床上・床下浸水などは確認しているものの、「現時点で正確な被害件数などは把握できておらず、今後の罹災（りさい）証明の受理状況などをみて把握を進める」（山口竜次郎主幹）としている。,['https://newsatcl-pctr.c.yimg.jp/t/amd-img/20240103-00000101-san-000-1-view.jpg?pri=l&w=640&h=456&exp=10800'],"['https://news.yahoo.co.jp/articles/0a0602710193cc98f9a7c40ffc682673f5abffa9/images/000', 'https://www.iza.ne.jp/article/20240102-44DAXWX2GBITJL2HCZEEDZZPRE/photo/5PUJXPUDYZLPBJ6XPDPJR4RSUQ/?utm_source=yahoo%20news%20feed&utm_medium=referral&utm_campaign=related_link']"
「胸が痛い」永井豪記念館の焼失に惜しむ声続々　能登半島地震で全焼（産経新聞）,https://news.yahoo.co.jp/articles/924ac554c8514dc803954b32d452bbabab73fec2,https://newsatcl-pctr.c.yimg.jp/t/amd-img/20240103-00000096-san-000-2-view.jpg?exp=10800,2024-01-03T16:17:39+09:00,2024-01-03T16:34:27+09:00,産経新聞,san,産経新聞,574,\n能登半島地震に伴う火事で焼けた永井豪記念館＝３日午前１０時４５分、石川県輪島市（小川恵理子撮影）\n１日に発生した能登半島地震で、石川県輪島市にある地元出身の漫画家、永井豪さんの記念館「永井豪記念館」が全焼したことが３日に判明し、ＳＮＳでは「失われてしまって残念」「悲しくて仕方がない」といったファンの声が相次いでいる。\n【写真】輪島市出身の漫画家、永井豪さん\n平成２１年にオープンした同館では、永井さんの代表作である「マジンガーＺ」「デビルマン」などの原画や、等身大のデビルマンのフィギュアなどを展示。輪島市の観光名所の一つとなっていた。しかし、今回の地震に伴い、記念館がある市中心部の「輪島朝市」では大規模な火災が発生。２００棟以上が焼け、同館も全焼したことが分かった。\n\n同館の全焼が報じられると、Ｘ（旧ツイッター）にはファンとみられるユーザーから「一度は訪れてみたい場所だっただけに胸が痛い」「復興したら是非また訪れたい」などといった声が寄せられたほか、焼失前の同館を撮影した写真も相次いで投稿された。\n\n同館を運営するダイナミックプロは、Ｘの公式アカウントを通じて「輪島市の状況を鑑み、現地のみなさまの安全と対策が最優先と考えまして、こちらから輪島市への状況確認などの積極的な連絡は控えております」などとコメントしている。,['https://newsatcl-pctr.c.yimg.jp/t/amd-img/20240103-00000096-san-000-2-view.jpg?pri=l&w=480&h=640&exp=10800'],"['https://news.yahoo.co.jp/articles/924ac554c8514dc803954b32d452bbabab73fec2/images/000', 'https://www.iza.ne.jp/article/20240103-BXS4MX5BY5EMVPSEQVZTG3H3RA/photo/CARMYSSJBRESNG4TR2NBEI7IOA/?utm_source=yahoo%20news%20feed&utm_medium=referral&utm_campaign=related_link']"
新潟の中原八一市長「想像を超える被害」　液状化の現場視察（産経新聞）,https://news.yahoo.co.jp/articles/54938f6fb66a58c5d35d37d2dc2b03c0d88bc33d,https://newsatcl-pctr.c.yimg.jp/t/amd-img/20240103-00000100-san-000-1-view.jpg?exp=10800,2024-01-03T16:47:55+09:00,2024-01-03T16:47:55+09:00,産経新聞,san,産経新聞,483,\n能登半島地震で液状化した現場を視察する新潟市の中原八一市長（中央手前）＝３日、同市西区寺尾地区（本田賢一撮影）\n新潟市の中原八一市長は３日、能登半島地震で液状化現象が起きた同市西区寺尾地区を視察し、「道路がめくれ上がるなど、想像を超える大きな被害だった」と驚きを隠せない様子だった。同区では４４カ所で液状化が発生。建物被害も同日午前８時現在、約１２０軒に上った。市長は「できるだけ早く復旧させ、安全・安心な暮らしを取り戻せるようにしたい」と語った。\n【写真】新潟市内で生じた液状化現象とみられる痕跡\n市長は昼前、液状化などが起き、復旧作業が進められている同地区の現場を徒歩で視察。その後、避難所になっている市立坂井輪中学校を訪れ、避難住民を励ますとともに、壁のひび割れなど学校の損壊状況を確認した。\n\n視察に同行した水野利数区長によると、液状化はＪＲ越後線内野駅からイオン新潟青山店までの長さ約５キロ、幅約１キロのエリアで多くみられるという。市長は「この一帯は水分を多く含んだ土砂が浅いところにあり、それが液状化を引き起こした可能性がある」と指摘した。,['https://newsatcl-pctr.c.yimg.jp/t/amd-img/20240103-00000100-san-000-1-view.jpg?pri=l&w=640&h=426&exp=10800'],"['https://news.yahoo.co.jp/articles/54938f6fb66a58c5d35d37d2dc2b03c0d88bc33d/images/000', 'https://www.iza.ne.jp/article/20240101-VIXLI6IAHVKOFAHSCHEENE6INQ/photo/CKMF3YO3KZMEBD3UB3MRTY64PU/?utm_source=yahoo%20news%20feed&utm_medium=referral&utm_campaign=related_link']"
林芳正長官、衝突事故で封鎖の滑走路「再開の見通し立ってない」（産経新聞）,https://news.yahoo.co.jp/articles/975eeadc95577e5e5086eadd42a05ebdcec4785d,https://newsatcl-pctr.c.yimg.jp/t/amd-img/20240103-00000093-san-000-1-view.jpg?exp=10800,2024-01-03T16:08:02+09:00,2024-01-03T16:08:02+09:00,産経新聞,san,産経新聞,113,\n林芳正官房長官（春名中撮影）\n林芳正官房長官は３日の記者会見で、羽田空港の滑走路上で日本航空機と海上保安庁機が衝突、炎上した事故の影響で封鎖された滑走路について「現時点で再開の見通しは立っていないと聞いている」と述べた。,['https://newsatcl-pctr.c.yimg.jp/t/amd-img/20240103-00000093-san-000-1-view.jpg?pri=l&w=640&h=446&exp=10800'],['https://news.yahoo.co.jp/articles/975eeadc95577e5e5086eadd42a05ebdcec4785d/images/000']
林芳正官房長官、日航側説明巡る報道に「答え差し控えたい」（産経新聞）,https://news.yahoo.co.jp/articles/f40f651021a2303d2d9d8cb1044515a95c4c2d2b,https://newsatcl-pctr.c.yimg.jp/t/amd-img/20240103-00000089-san-000-2-view.jpg?exp=10800,2024-01-03T15:45:50+09:00,2024-01-03T18:05:34+09:00,産経新聞,san,産経新聞,165,\n林芳正官房長官（春名中撮影）\n林芳正官房長官は３日の記者会見で、羽田空港の滑走路上で日本航空機と海上保安庁機が衝突、炎上した事故を巡り、日航側が管制からの着陸許可を得て滑走路に進入したと説明しているとの一部報道について「運輸安全委員会の調査や捜査当局による捜査が行われているところだ。答えは差し控えたい」と述べるにとどめた。,['https://newsatcl-pctr.c.yimg.jp/t/amd-img/20240103-00000089-san-000-2-view.jpg?pri=l&w=640&h=478&exp=10800'],['https://news.yahoo.co.jp/articles/f40f651021a2303d2d9d8cb1044515a95c4c2d2b/images/000']
令和６年　挑む　「賃上げ　将来への希望が重要に」　日本商工会議所・小林健会頭（産経新聞）,https://news.yahoo.co.jp/articles/d2e06e9be7d1f65b9f416a1efcd461d1e6fbe394,https://newsatcl-pctr.c.yimg.jp/t/amd-img/20240103-00000088-san-000-2-view.jpg?exp=10800,2024-01-03T15:45:08+09:00,2024-01-03T15:54:35+09:00,産経新聞,san,産経新聞,993,\n日本商工会議所の小林健会頭（安元雄太撮影）\n日本商工会議所の小林健会頭は、産経新聞などのインタビューに応じ、令和６年の展望を語った。国際情勢の見通しが不透明となるなか、貿易面での懸念を指摘。日本経済の課題である賃上げについては、将来に対する希望が大きな役割を果たすと述べた。\n\n－－どんな年になるか\n\n「一言でいえば、『選挙の年』だ。１月の台湾の統選を皮切りに、２月のインドネシア大統領選、３月のロシア大統領選など世界各地で選挙が続き、１１月には米大統領選が行われる。こういう年は各国が票獲得のため『内向き』志向となり、自国中心の政策を打ち出してくる傾向がある」\n\n－－日本経済への影響は\n\n「地政学的にもロシアによるウクライナ侵攻などの収束が見通せない。日本は世界貿易で不利な立場になるという懸念がある。貿易国である日本は為替や金利に敏感にならざるを得ない。その意味でも、日銀の金融政策は重要だ」\n\n－－令和５年に続き大幅な賃上げが期待されている\n\n「企業が賃上げをすることで経済が成長し、自社にも利益が還元されるといった将来への希望を持てるかが重要だ。特に中小企業にとって、賃上げは人材を引き留めるための『防衛的賃上げ』の側面が強い」\n\n－人材不足の現状と対策は\n\n「少子高齢化に加え、地方からは若者を中心に都市部へ人口が流出し、人材不足が慢性化している。企業には、ＤＸ（デジタルトランスフォーメーション）を推進して省力化し、生産性を高めるなど自己変革を呼び掛けている」\n\n－－賃上げの原資をどう確保するか\n\n「労務費の価格転嫁が鍵となる。企業同士の取引価格の話し合いは浸透しているが、原材料費と比べ労務費の価格転嫁は進んでいない。日本の商習慣では、受注側は労務費が増大しても自社で解決するよう求められてきた。しかし、労務費を適正に価格転嫁するための公正取引委員会の指針も出された。今後は労務費の価格転嫁についても話し合いが進み、商習慣として定着するようにしたい」（宇野貴文）\n\n◇\n\n■こばやし・けん 東大法卒。昭和４６年三菱商事入社。造船・海運事業に２０年以上従事し、ロンドン支店勤務、シンガポール支店長などを経て平成２２年社長、２８年会長、令和４年４月から相談役。４年１１月に日本商工会議所会頭に就任。東京都出身。７４歳。,['https://newsatcl-pctr.c.yimg.jp/t/amd-img/20240103-00000088-san-000-2-view.jpg?pri=l&w=640&h=498&exp=10800'],['https://news.yahoo.co.jp/articles/d2e06e9be7d1f65b9f416a1efcd461d1e6fbe394/images/000']
林芳正長官、石川県珠洲市や輪島市を中心に２００軒以上の建物倒壊と説明（産経新聞）,https://news.yahoo.co.jp/articles/a410e4d3dc9cd8392d4788d25de127d70f5e5427,https://newsatcl-pctr.c.yimg.jp/t/amd-img/20240103-00000092-san-000-3-view.jpg?exp=10800,2024-01-03T16:05:06+09:00,2024-01-03T17:05:22+09:00,産経新聞,san,産経新聞,240,\n能登半島地震を受け記者会見を行う林芳正官房長官＝２日午後、首相官邸（春名中撮影）\n林芳正官房長官は３日の記者会見で、同日午前８時時点で石川県珠洲市や輪島市を中心に２００軒以上の建物の倒壊を確認したと明らかにした。\n【写真】「まるで戦場のよう」甚大な被害を受けた観光名所「輪島朝市」\n林氏は「今後もさらに増える見込みだ」と述べ、両市を含めて孤立地域が発生していることも説明した。また、３日午前６時時点で新潟、石川両県などの約３万２０００人が避難していることも明らかにした。,['https://newsatcl-pctr.c.yimg.jp/t/amd-img/20240103-00000092-san-000-3-view.jpg?pri=l&w=640&h=498&exp=10800'],"['https://news.yahoo.co.jp/articles/a410e4d3dc9cd8392d4788d25de127d70f5e5427/images/000', 'https://www.iza.ne.jp/article/20240103-Q4GKXV4XCNNP7KSV6OR2RIMFTA/photo/WRA4I7QECRLHZNZHQC7R5IYSPE/?utm_source=yahoo%20news%20feed&utm_medium=referral&utm_campaign=related_link']"
能登半島地震、石川の死者65人に（産経新聞）,https://news.yahoo.co.jp/articles/c1dd7fe56b672ad443093ad888492d86bd69e72c,https://newsatcl-pctr.c.yimg.jp/t/amd-img/20240103-00000087-san-000-1-view.jpg?exp=10800,2024-01-03T15:37:57+09:00,2024-01-03T15:37:57+09:00,産経新聞,san,産経新聞,109,\n倒壊した住宅で捜索を行う自衛隊ら＝２日午前７時５４分、石川県穴水町（山田哲司撮影）\n石川県輪島市によると、最大震度７を観測した能登半島地震で確認された同市内の死者は３２人になった。同県全体の死者は６５人になった。,['https://newsatcl-pctr.c.yimg.jp/t/amd-img/20240103-00000087-san-000-1-view.jpg?pri=l&w=640&h=446&exp=10800'],['https://news.yahoo.co.jp/articles/c1dd7fe56b672ad443093ad888492d86bd69e72c/images/000']
羽田の航空機衝突　新たに捻挫のけが人が１人判明、体調不良含め計１５人に（産経新聞）,https://news.yahoo.co.jp/articles/83a30afdffabf5ebe1a876de7150760c30a5e359,https://newsatcl-pctr.c.yimg.jp/t/amd-img/20240103-00000085-san-000-2-view.jpg?exp=10800,2024-01-03T15:32:06+09:00,2024-01-03T15:53:23+09:00,産経新聞,san,産経新聞,242,\n羽田空港で炎上した日本航空機＝３日午前、羽田空港（関勝行撮影）\n羽田空港で日航機と海上保安庁の航空機が衝突、炎上し、海保機の乗員５人が死亡した事故で、日航は３日、乗客のけが人が新たに１人増え、計１５人になったと発表した。\n【写真】羽田空港の滑走路上で炎上する日本航空の機体から逃げる乗客の様子\n日航によると、新たなけが人は捻挫をしているといい、内訳は打撲１人、捻挫１人、体調不良によるクリニック受診１３人の計１５人となった。けがの部位などは現時点で不明という。（福田涼太郎）,['https://newsatcl-pctr.c.yimg.jp/t/amd-img/20240103-00000085-san-000-2-view.jpg?pri=l&w=439&h=640&exp=10800'],"['https://news.yahoo.co.jp/articles/83a30afdffabf5ebe1a876de7150760c30a5e359/images/000', 'https://www.iza.ne.jp/article/20240102-UXXUINTNFREENEZZXPDMHGGW44/photo/FBF5HOQB6FGJ5KT4S2K7IFEQGM/?utm_source=yahoo%20news%20feed&utm_medium=referral&utm_campaign=related_link']"
政府「プッシュ型支援」に注力　輸送ルート、ニーズ把握が課題（産経新聞）,https://news.yahoo.co.jp/articles/5ea745bf04505131e15148333efb13e544171242,https://newsatcl-pctr.c.yimg.jp/t/amd-img/20240103-00000082-san-000-2-view.jpg?exp=10800,2024-01-03T15:10:08+09:00,2024-01-03T20:39:57+09:00,産経新聞,san,産経新聞,1165,\n地震の影響で発生した地割れなどで、能登半島の道路は寸断状態にある＝２日、石川県穴水町（桐原正道撮影）\n政府が能登半島地震の被災者支援のために展開しているのが、被災自治体の要請を待たず物資を送る「プッシュ型支援」だ。平成２３年の東日本大震災で物資が行き渡らなかった反省を踏まえた支援策で、すでに石川県内の支援物資集積拠点に食料などが到着し、３日から被災自治体に届き始めた。ただ、今回の震災特有の難しさもある。\n【表でみる】能登半島付近で近年発生した震度５弱以上の主な地震\n「避難が長期化する可能性があり、被災者支援が極めて重要だ。すでに毛布やトイレットペーパーなどを被災地に発送しているが、避難所のニーズを把握し、適切な支援を行う」\n\n岸田文雄首相は３日、官邸で記者団の取材にこう述べ、支援物資をプッシュ型で輸送する考えを改めて強調した。\n\nプッシュ型支援は東日本大震災の教訓を踏まえ、翌２４年６月に改正された災害対策基本法に盛り込まれた。２８年４月の熊本地震で初めて本格実施され、被災者支援に大きな効果を発揮した。\n\n政府は国の職員を被災自治体に派遣し、連絡調整態勢を強化するとともに、現地の状況把握に努める。また、首相自らが被災当初から地元首長と頻繁に連絡を取り合っており、３日も石川県の馳浩知事らとテレビ会議を行った。政府は同日に救助犬を２倍以上に増やすことを決めたが、これも地元首長から聞き取った要望が反映された形だ。\n\nただ、防衛省関係者は「今は自治体に何が不足しているか聞いても返ってこない。直接聞いて回って情報収集するしかない」と話す。首相は３日、避難所で活動する自衛隊員がニーズをくみ取るよう木原稔防衛相に指示した。\n\n課題となるのが物資の輸送ルート確保だ。被災後も現地入りできるルートが複数確保された熊本地震と異なり、能登半島はルートが限られている上、道路が寸断されている。斉藤鉄夫国土交通相が３日の記者会見で「課題としては、支援物資集積拠点から先の避難所までの確実な供給にある」と述べたのはこのためだ。\n\n「国道とか県道とか関係なく、どんどんやってくれ」\n\n自衛隊の運用を担う防衛省統合幕僚監部の関係者は３日、道路復旧に当たる現地部隊にこう指示した。首相は被害が甚大だった輪島市へのルートに関し、「４トン車が通れるルートを確保した。今後大型車が通行可能な状況にもっていきたい」と述べる。\n\nただ、政府高官は「自衛隊は市街地まで行けても小さな集落までは難しい。熊本地震とは状況が違いすぎる」と指摘する。首相は海路や空路も活用する考えを強調している。自衛隊は４日にも輸送艦に搭載したエアクッション型揚陸艇「ＬＣＡＣ」で、輪島市に物資を陸揚げする方針だ。（永原慎吾、小沢慶太）,['https://newsatcl-pctr.c.yimg.jp/t/amd-img/20240103-00000082-san-000-2-view.jpg?pri=l&w=640&h=458&exp=10800'],"['https://news.yahoo.co.jp/articles/5ea745bf04505131e15148333efb13e544171242/images/000', 'https://www.iza.ne.jp/article/20240102-44DAXWX2GBITJL2HCZEEDZZPRE/photo/5PUJXPUDYZLPBJ6XPDPJR4RSUQ/?utm_source=yahoo%20news%20feed&utm_medium=referral&utm_campaign=related_link']"
衝突炎上の日航機、着陸後１８分間で全員脱出　メガホンで脱出口に誘導（産経新聞）,https://news.yahoo.co.jp/articles/886a422d466adc63baf3580628d726263e1197c7,https://newsatcl-pctr.c.yimg.jp/t/amd-img/20240103-00000083-san-000-1-view.jpg?exp=10800,2024-01-03T15:19:27+09:00,2024-01-03T15:19:27+09:00,産経新聞,san,産経新聞,373,\n羽田空港で炎上した日航機（奥左）＝３日午前（関勝行撮影）\n羽田空港（東京都大田区）で日航機と海上保安庁の航空機が衝突した事故で、日本航空は３日、事故機から乗客と乗務員が全員脱出できたのは、着陸してから１８分後だったことを明らかにした。\n【写真】羽田空港の滑走路上で炎上する日本航空の機体から逃げる乗客の様子\n日航によると、海保機と衝突したＪＬ５１６便は、２日午後４時１５分に新千歳空港を離陸し、午後５時４７分に羽田空港Ｃ滑走路に着陸した。海保機と衝突後は約１キロ離れた場所で停止。機内では客室乗務員がメガホンと肉声で避難誘導し、８カ所ある非常脱出口のうち３カ所から乗客乗員３７９人が脱出した。脱出が完了したのは午後６時５分だった。\n\n記者会見した日航幹部は「毎年、全乗務員を対象に実施している訓練の成果が出たと思っている」と述べた。,['https://newsatcl-pctr.c.yimg.jp/t/amd-img/20240103-00000083-san-000-1-view.jpg?pri=l&w=640&h=450&exp=10800'],"['https://news.yahoo.co.jp/articles/886a422d466adc63baf3580628d726263e1197c7/images/000', 'https://www.iza.ne.jp/article/20240102-UXXUINTNFREENEZZXPDMHGGW44/photo/FBF5HOQB6FGJ5KT4S2K7IFEQGM/?utm_source=yahoo%20news%20feed&utm_medium=referral&utm_campaign=related_link']"
相次ぐ余震、足止め食らう救助隊　各地の道路で地割れや土砂崩れ（産経新聞）,https://news.yahoo.co.jp/articles/fae56434e41a96505849112788b03478b09d5c47,https://newsatcl-pctr.c.yimg.jp/t/amd-img/20240103-00000078-san-000-2-view.jpg?exp=10800,2024-01-03T14:57:21+09:00,2024-01-03T15:48:58+09:00,産経新聞,san,産経新聞,503,\n能登半島地震の影響による地割れに巻き込まれた乗用車＝３日、石川県穴水町 （鈴木文也撮影）\n最大震度７を観測した能登半島地震から２日が経過した３日も、被災地では震度５強などの余震が断続的に起きた。陥没や地割れ、倒木や電柱の倒壊、土砂崩れなどによって道路状況は依然として悪く、現場へ向かう救助隊が足止めを余儀なくされる場面も目立つ。\n【表でみる】能登半島付近で近年発生した震度５弱以上の主な地震\n今回の地震で被害が特に甚大なのは、輪島市や珠洲市など奥能登と呼ばれる能登半島北部。現地へ向かうには山中の県道など複数のルートがあるが、いずれも道路に地割れができたり、土砂で覆われたりしてほとんどが通行止めとなっている。\n\n土砂の撤去や地割れを応急的にふさぐ工事が行われているが、相次ぐ余震で作業も中断し、追い付いていない状況だ。同県穴水町では、地割れに巻き込まれたとみられる乗用車が横転し、工事車両が撤去にあたった。\n\n能登空港（輪島市）付近の県道３０３号では、陥没した道路の復旧作業のために一時全面通行止めとなった。他府県からの救援車両や自衛隊の車両なども足止めせざるを得なかった。（鈴木文也）,['https://newsatcl-pctr.c.yimg.jp/t/amd-img/20240103-00000078-san-000-2-view.jpg?pri=l&w=640&h=448&exp=10800'],"['https://news.yahoo.co.jp/articles/fae56434e41a96505849112788b03478b09d5c47/images/000', 'https://www.iza.ne.jp/article/20240102-44DAXWX2GBITJL2HCZEEDZZPRE/photo/5PUJXPUDYZLPBJ6XPDPJR4RSUQ/?utm_source=yahoo%20news%20feed&utm_medium=referral&utm_campaign=related_link']"
大規模停電が続く石川県、避難先から帰宅後の「通電火災」に注意　能登半島地震（産経新聞）,https://news.yahoo.co.jp/articles/e6ed83b58472de3210af0334ea2250b85ea6fc25,https://newsatcl-pctr.c.yimg.jp/t/amd-img/20240103-00000077-san-000-6-view.jpg?exp=10800,2024-01-03T14:49:48+09:00,2024-01-03T20:48:45+09:00,産経新聞,san,産経新聞,780,\n身を寄せ合うように避難生活を過ごす住民。自宅に戻る際も注意が必要だ＝１月３日午前、石川県能登町（斉藤佳憲撮影）\n石川県で震度７を観測した能登半島地震の発生から３日目となった３日も、同県では数万戸単位で停電が続いている。自宅の家電などの電源をオンにしたまま避難した人も多いとみられるが、過去の大規模地震では、停電解消後の再通電時、破損した配線などから発火する「通電火災」が確認されており、対応に注意が必要だ。\n【写真】「まるで戦場のよう」甚大な被害を受けた観光名所「輪島朝市」\n電力会社の集計によると、３日午後２時現在、石川県では約３万２８００戸が停電。現状は多くの住民が避難所などに身を寄せているとみられるが、自宅の倒壊や焼失などを免れたケースでは、インフラの回復に伴って帰宅する人も増えていくとみられる。\n\n総務省消防庁によると、過去には平成７年１月の阪神大震災や２３年３月の東日本大震災などで通電火災が発生。主な原因は、①揺れなどによりヒーターなどがカーテンやじゅうたんといった可燃物に触れた状態になり、通電した際に着火する②損傷した配線から通電時に電気的な火花が出て、漏れ出ていたガスに引火して爆発するーなどだという。\n\n避難時点でブレーカーを落としたり、電源プラグを抜いたりするなどの対応を取っている場合は通電火災は起きづらいが、今回は最大震度７を観測する大規模地震であることに加え、津波警報が発令されたことから、着の身着のまま避難した人も多いとみられる。\n\n同庁は、こうした対応を取れずに電気やガスが復旧、避難所から自宅へ戻った際の注意点として、①電化製品や配線などに破損がないことや、近くに燃えやすいものがないことを確認する②ブレーカーを上げた後、しばらくは電化製品に煙や臭いなどの異常が起きないか確認するーなどを挙げている。,['https://newsatcl-pctr.c.yimg.jp/t/amd-img/20240103-00000077-san-000-6-view.jpg?pri=l&w=640&h=438&exp=10800'],"['https://news.yahoo.co.jp/articles/e6ed83b58472de3210af0334ea2250b85ea6fc25/images/000', 'https://www.iza.ne.jp/article/20240103-Q4GKXV4XCNNP7KSV6OR2RIMFTA/photo/WRA4I7QECRLHZNZHQC7R5IYSPE/?utm_source=yahoo%20news%20feed&utm_medium=referral&utm_campaign=related_link']"
倒壊家屋に閉じ込められたまま、救助の手が届かず「なるべく早く…」（産経新聞）,https://news.yahoo.co.jp/articles/27ea5b3fd811f95f65901a4fc3fb0da7b0956919,https://newsatcl-pctr.c.yimg.jp/t/amd-img/20240103-00000072-san-000-7-view.jpg?exp=10800,2024-01-03T13:49:19+09:00,2024-01-03T20:15:12+09:00,産経新聞,san,産経新聞,1100,\n自宅で生き埋めになっている父、横場政則さんの様子を避難所から見に来た松男さん＝３日午前、石川県珠洲市の鵜島地区（桐原正道撮影）\n能登半島地震で震度６強の揺れを観測した石川県珠洲市鵜島地区。多くの木造家屋が倒壊し、垂れ下がった電線や崩れた塀などで、普段は風光明媚（ふうこうめいび）な景色で知られる「奥能登絶景街道」は所々で片側通行となっている。被災範囲の広さなどから救助の手が届かず、住民らによると複数の世帯で、倒壊した住宅に閉じ込められたままの人がいるという。避難所には人が殺到し、食料なども不足気味だ。\n【写真】「まるで戦場のよう」甚大な被害を受けた観光名所「輪島朝市」\n同地区に住む会社員の横場松男さん（６０）は、地震で自宅の１階部分が完全につぶれた。地震当時、１階には家族５人がいた。４人は自力で逃げ出したが、父の政則さん（８５）は今も閉じ込められたまま。地震直後に１１９番通報をしたものの、手が回らないため救助隊の派遣には数日かかるかもしれないと伝えられた。\n\n家族のほか近所の人の手も借りて崩落部分を取り除こうとしたが、政則さんがいた部屋には２階部分が全体的に覆いかぶさった状態で、人力では難しかった。松男さんは「ずっと声をかけ続けて壁もどんどんたたいたんだけど、全然反応する声はしないんだ」とつぶやく。\n\n長年建設業に従事し、青函トンネルの建設に携わったことが自慢だったという。「職人かたぎで厳しい父だった」（松男さん）が、建設現場にいた影響で肺の病気を患い、５年ほど前から寝床で過ごす時間が多くなっていた。地震発生の前日の大みそかには、愛知県から帰省中の孫らと一緒に食卓を囲み、楽しそうに酒を酌み交わしていたという。\n\n余震も続く中だが、松男さんは少しでもがれきを取り除こうと避難所から連日、自宅に足を運んでいる。\n\n「もうダメかもしれないけど、早く助けてあげたい。余震でもっと崩れてしまうかもしれないし、皆が大変なのはわかるけど、なるべく早く救助が来てくれるようにお願いします」と振り絞るように語った。\n\n住民の多くは、地区の水道管理センターに避難している。建物内には多くの人が集まり、中に入りきれずに車中泊をする人も多いという。\n\n枡美知子さん（７５）は避難所で過ごし、日中は自宅に片づけに戻る。「朝食はゴルフボール大のおにぎり１個。食料は足りない状態が続いています」と語った。\n\n５０代の無職女性は「車中泊をしたいが、私は車を持っていないので建物に入らざるを得ない。雪や雨が今後も降らないか天候が不安だし、感染症も心配」と訴えた。（大森貴弘）,['https://newsatcl-pctr.c.yimg.jp/t/amd-img/20240103-00000072-san-000-7-view.jpg?pri=l&w=640&h=434&exp=10800'],"['https://news.yahoo.co.jp/articles/27ea5b3fd811f95f65901a4fc3fb0da7b0956919/images/000', 'https://www.iza.ne.jp/article/20240103-Q4GKXV4XCNNP7KSV6OR2RIMFTA/photo/WRA4I7QECRLHZNZHQC7R5IYSPE/?utm_source=yahoo%20news%20feed&utm_medium=referral&utm_campaign=related_link']"
関西電力、石川県などに35人応援派遣、高圧発電機車なども（産経新聞）,https://news.yahoo.co.jp/articles/c823589ff5610ebd7e7d6c2c25cee685d813d248,https://newsatcl-pctr.c.yimg.jp/t/amd-img/20240103-00000076-san-000-1-view.jpg?exp=10800,2024-01-03T14:42:31+09:00,2024-01-03T14:42:31+09:00,産経新聞,san,産経新聞,368,\n大阪市北区の関西電力本店\n関西電力子会社の関西電力送配電は３日までに、北陸電力送配電の要請を受け、能登半島地震で被害を受けた地域の電力供給を応援するため、高圧発電機車や高所作業車などの車両計１７台と人員計３５人を派遣した。\n\n関西送配電によると、２日夜に先発隊として富山市の北陸電力本店に２人が入り、３日午前には石川県内の被災地に向けて３３人が関西を出発した。また、高圧発電機車は５台を派遣。１台当たりの出力５００キロワットで、一般家庭２００～３００軒分の電気を発電できる。\n\n派遣は７日ごろまでを予定しているが、北陸送配電からの要請で派遣規模・期間を追加、変更する場合がある。\n\nまた、関西送配電は１日午後５時～２日午前０時、電力広域的運営推進機関からの指示を受け、北陸送配電に最大６０万キロワットの電気を融通した。,['https://newsatcl-pctr.c.yimg.jp/t/amd-img/20240103-00000076-san-000-1-view.jpg?pri=l&w=640&h=426&exp=10800'],['https://news.yahoo.co.jp/articles/c823589ff5610ebd7e7d6c2c25cee685d813d248/images/000']
箱根駅伝復路速報（完）青学大、大会新の２年ぶり７度目Ｖ　駒大は２季連続３冠ならず（産経新聞）,https://news.yahoo.co.jp/articles/e85860adc46c9b87f3624e3d30d3809ebd097b3b,https://newsatcl-pctr.c.yimg.jp/t/amd-img/20240103-00000070-san-000-1-view.jpg?exp=10800,2024-01-03T13:40:16+09:00,2024-01-03T13:40:16+09:00,産経新聞,san,産経新聞,288,\n１位でゴールする青学大・宇田川瞬矢＝東京・大手町（福島範和撮影）\n第１００回東京箱根間往復大学駅伝最終日は３日、神奈川県箱根町から東京・大手町までの復路５区間、１０９・６キロに関東の２３校が参加して行われ、２日の往路を制した青学大が復路でも強さを発揮し、１０時間４１分２５秒の大会新記録で２年ぶり７度目の総合優勝を果たした。\n\n昨年１０月の出雲全日本選抜と同１１月の全日本を制し、往路２位の駒大は６分３５秒差の２位に終わり、史上初となる２季連続の大学駅伝３冠を逃した。\n\n今大会は記念大会として通常より３校増で実施。オープン参加の関東学生連合は編成されなかった。,['https://newsatcl-pctr.c.yimg.jp/t/amd-img/20240103-00000070-san-000-1-view.jpg?pri=l&w=640&h=478&exp=10800'],['https://news.yahoo.co.jp/articles/e85860adc46c9b87f3624e3d30d3809ebd097b3b/images/000']
「大丈夫か」ビルの下敷きになった木造家屋に女性　冷たい雨の中、懸命の救助続く（産経新聞）,https://news.yahoo.co.jp/articles/75258cbd46c22ddfd9b1c13954e4c297b251eb41,https://newsatcl-pctr.c.yimg.jp/t/amd-img/20240103-00000071-san-000-1-view.jpg?exp=10800,2024-01-03T13:46:55+09:00,2024-01-03T13:46:55+09:00,産経新聞,san,産経新聞,463,\n小雨の中、傘をさして焼け落ちた街を歩く人＝３日午前１０時５分、石川県輪島市河井町（恵守乾撮影）\n最大震度７を観測した能登半島地震の発生から４０時間以上が経過した３日、多くの建物が倒壊した石川県輪島市では冷たい雨が降りしきる中、消防や自衛隊による懸命の救助が進められた。\n【写真】大規模火災で多くの建物が焼失した石川県輪島市の「朝市通り」周辺\n３日午前１０時ごろ、傾いたビルの下敷きとなって倒壊した木造家屋で、大阪市消防局の隊員が救助活動を開始した。\n\n女性が１人取り残されており、地面の間に棒を挟み込んで確保した２メートルほどの隙間に隊員が入り込み、女性の体を引っ張り出そうとしている。\n\n「大丈夫か」。表の道路に残った隊員が時折、拡声器で呼びかけ、中の状況を確認する。\n\n隊員からは女性の頭が見えているが、呼びかけに応答はない。余震のたびに作業は中断を余儀なくされ、難航している。\n\n３日の夕方で発災４８時間。大阪市消防局の担当者は「安全確保をしながらも、できるだけ早く助け出したい」と話していた。,['https://newsatcl-pctr.c.yimg.jp/t/amd-img/20240103-00000071-san-000-1-view.jpg?pri=l&w=640&h=427&exp=10800'],"['https://news.yahoo.co.jp/articles/75258cbd46c22ddfd9b1c13954e4c297b251eb41/images/000', 'https://www.iza.ne.jp/article/20240102-PU2BYG4PLBED3GIQYYMU2XIASM/photo/JP64YUIRTVMRNL72E2TMA4DUOE/?utm_source=yahoo%20news%20feed&utm_medium=referral&utm_campaign=related_link']"
輪島朝市「まるで戦場のよう」　なじみの店焼け、がれきの山に（産経新聞）,https://news.yahoo.co.jp/articles/242d331b977b062942985c63ec6a85734664f9b3,https://newsatcl-pctr.c.yimg.jp/t/amd-img/20240103-00000075-san-000-1-view.jpg?exp=10800,2024-01-03T14:22:18+09:00,2024-01-03T14:22:18+09:00,産経新聞,san,産経新聞,721,\n地震と火災で甚大な被害を受けた観光名所「輪島朝市」の周辺＝３日午前１０時、石川県輪島市（橋本愛撮影）\n能登半島を震源にした最大震度７の地震後、大規模火災が発生した石川県輪島市の観光名所「輪島朝市」。３日、なじみの店を心配して避難先から現場を訪れた男性は、焼けてがれきの山となった街並みを見て「まるで戦場のようだ」とうなだれた。\n【写真】大規模火災で多くの建物が焼失した石川県輪島市の「朝市通り」周辺\n「ここ、地面にフックがあるでしょ。ここにひっかけてテントを立ててたの。あっちの方までバーッと並んで」\n\n朝市がある輪島市河井町と隣接する鳳至（ふげし）町に住む無職、旭岡正史さん（６３）は、避難先の鳳至小学校から、朝市の様子を見に来た。\n\n旭岡さんは朝市に通っては、なじみの鮮魚店に顔を出し、店主に頼んで長野県に住む姉に魚を送ってもらっていた。魚や野菜、民芸品などさまざまな店が並び、地元の人や観光客でにぎわっていた。\n\n１日午後、買い物から帰宅し、車から荷物を降ろそうとしたところで地震にあった。転倒したが、足が悪く立ち上がることができなかった。向かいの家は３０秒もしないうちに大きな音を立てて倒れ、「逃げる暇もなかった」と振り返る。\n\n近所の人たちは皆が顔見知りだ。知人ら３人が生き埋めになったという話も聞いた。避難先の小学校からも朝市の火災の様子も目にした。時折爆発音まで聞こえ、小さかった火はどんどん広がっていった。\n\n明治４３（１９１０）年にも大火に見舞われた輪島。「祖母から昔も火事があったと聞いていたけど…。戦場のようになってしまった。ひどいね」。旭岡さんは焼け跡を見つめながらつぶやいた。（橋本愛）,['https://newsatcl-pctr.c.yimg.jp/t/amd-img/20240103-00000075-san-000-1-view.jpg?pri=l&w=480&h=640&exp=10800'],"['https://news.yahoo.co.jp/articles/242d331b977b062942985c63ec6a85734664f9b3/images/000', 'https://www.iza.ne.jp/article/20240102-PU2BYG4PLBED3GIQYYMU2XIASM/photo/JP64YUIRTVMRNL72E2TMA4DUOE/?utm_source=yahoo%20news%20feed&utm_medium=referral&utm_campaign=related_link']"
木原防衛相「スピード感重視」　自衛隊派遣、艦艇による支援物資の海上輸送も（産経新聞）,https://news.yahoo.co.jp/articles/9fba5e52e7903cffbb4d0475cac0bc0cb659a446,https://newsatcl-pctr.c.yimg.jp/t/amd-img/20240103-00000068-san-000-1-view.jpg?exp=10800,2024-01-03T13:08:05+09:00,2024-01-03T13:08:05+09:00,産経新聞,san,産経新聞,270,\n倒壊した住宅を捜索する自衛隊員＝２日午前、石川県穴水町（山田哲司撮影）\n木原稔防衛相は３日、能登半島地震の発生を受けて、石川県などに派遣している自衛隊員を同日中に約２千人に増強することについて「発災後７２時間という一つのめどが迫ってくるが、二次被害の防止に留意しながら、さらにスピード感を重視した支援活動を実施していく」と述べた。防衛省で記者団に語った。\n\n今後、ヘリコプターに加え自衛隊艦艇による毛布、紙オムツ、ミルクなどの救援物資の輸送を検討している。重機を使用した道路の復旧作業を実施し、陸上からの支援物資の輸送も計画する。,['https://newsatcl-pctr.c.yimg.jp/t/amd-img/20240103-00000068-san-000-1-view.jpg?pri=l&w=640&h=446&exp=10800'],['https://news.yahoo.co.jp/articles/9fba5e52e7903cffbb4d0475cac0bc0cb659a446/images/000']
イスラエル軍、レバノンでハマス副官を暗殺　親イラン派は報復示唆（産経新聞）,https://news.yahoo.co.jp/articles/223ccc0bd0d8d491fd27abf716b0547dc2629a56,https://newsatcl-pctr.c.yimg.jp/t/amd-img/default.jpg?exp=10800,2024-01-03T13:13:07+09:00,2024-01-03T16:52:35+09:00,産経新聞,san,産経新聞,706,\n【カイロ＝佐藤貴生】ロイター通信は２日、複数の治安当局筋の情報として、イスラム原理主義組織ハマスのトップ、ハニヤ氏の副官であるサレハ・アルーリ氏がレバノンの首都ベイルート南郊でイスラエル軍の無人機攻撃を受けて死亡したと伝えた。レバノンの「ヒズボラ」など中東各地の親イラン勢力がイスラエルへの攻撃を強化する恐れがある。\n\nハマスもアルーリ氏の死亡を確認し、幹部の１人が「臆病な暗殺だ」と非難した。イスラエル有力紙ハーレツ（電子版）によると、アルーリ氏はハマスの意思決定機関である政治局の副代表で、軍事部門「カッサム旅団」の創設者の１人とされる。ハマスが実効支配するガザとは別のパレスチナ自治区、ヨルダン川西岸地区の軍事作戦のトップも務めていた。\n\nロイターによると、イスラエル軍は殺害に関与したか否かについてコメントを避けた。\n\nベイルート南郊ダヒエでは２日夜に大きな爆発が起き、少なくとも６人が死亡して１１人が負傷した。ダヒエはヒズボラの勢力下にあり、爆発があったビルではアルーリ氏らが会合を行っていたとの情報がある。\n\nガザに本拠があり、対イスラエルでハマスと共闘している親イランの過激派「イスラム聖戦」は２日、「代償を支払うことになる」と述べてイスラエルへの報復を示唆した。レバノンのミカティ暫定首相も「イスラエルの新たな犯罪だ」とし、戦闘拡大に懸念を示した。\n\nイスラエルによるガザへの攻撃をめぐっては、民間人の犠牲が増えて同盟国の米国のほか欧州からも自制を求める声が強まっている。イスラエル軍は１日前後からハマスの幹部や軍事拠点に標的を絞った攻撃に移行し始めたとの観測が出ていた。,[],[]
明日の朝ドラ「ブギウギ」　慰問で富山を訪れたスズ子（趣里）はある女中と出会う＜1月4日放送＞（産経新聞）,https://news.yahoo.co.jp/articles/b7347ac41d6acd549e6d756714daaad0c881014d,https://newsatcl-pctr.c.yimg.jp/t/amd-img/20240103-00000064-san-000-1-view.jpg?exp=10800,2024-01-03T13:03:37+09:00,2024-01-03T13:03:37+09:00,産経新聞,san,産経新聞,713,\n慰問で富山を訪れた福来スズ子（趣里）（C）NHK\nヒロイン・趣里で「ブギの女王」と呼ばれた昭和のスター歌手・笠置シヅ子の人生をもとにした物語を描く朝ドラ「ブギウギ」。新年最初の1月4日（木）放送回のあらすじを紹介する。\n【グラフィックでみる】連続テレビ小説「ブギウギ」人物相関図\n※次回は1月4日（木）正午更新\n\n■第65回あらすじ\n\n上海の善一（草彅剛）は、音楽会の準備を進めていた。善一は、黎錦光（浩歌）が作曲した「夜来香」にブギを取り入れた「夜来香ラプソディ」をやりたいと考える。スズ子（趣里）は慰問で訪れた富山の旅館で、ある女中と知り合う。りつ子（菊地凛子）は、鹿児島の海軍基地を訪れる。そこで、特攻隊員のために歌ってほしいと要請を受ける。戦時下で、それぞれの活動をする3人。上海で、李香蘭（昆夏美）の歌声が響き渡る。\n\n連続テレビ小説「ブギウギ」\n\nNHK総合 （月）～（土）午前8：00～8：15ほか ★土曜日はダイジェストを放送\n\nNHK BSプレミアム／NHK BS4K（月）～（金）午前7：30～7：45ほか\n\n■第14週「戦争とうた」（1月4・5日）全体あらすじ\n\nスズ子（趣里）は、巡業先で泊まった旅館で、夫が戦死したという女中と出会う。スズ子はその女中のために歌おうと決心する。上海の善一（草彅剛）は、軍の依頼を利用して、李香蘭（昆夏美）らと自分のやりたい国際的な音楽会を開こうと画策する。鹿児島では、りつ子（菊地凛子）が、若い特攻隊員への慰問で訪れていた。戦争のさなか、「大空の弟」「別れのブルース」「夜来香ラプソディ」、それぞれの歌が響きあう。（TVnavi）,['https://newsatcl-pctr.c.yimg.jp/t/amd-img/20240103-00000064-san-000-1-view.jpg?pri=l&w=640&h=426&exp=10800'],"['https://news.yahoo.co.jp/articles/b7347ac41d6acd549e6d756714daaad0c881014d/images/000', 'https://www.iza.ne.jp/article/20230930-OKXRFJ4W2NHXRK2OSU7U5UXOK4/photo/M6SVQUCJLZHIHH6XEFBELDKEBI/?utm_source=yahoo%20news%20feed&utm_medium=referral&utm_campaign=related_link']"
「ものすごい長蛇の列」SNSに投稿相次ぐ　衝突事故で羽田空港はUターン大混雑（産経新聞）,https://news.yahoo.co.jp/articles/28772caf2ab0515f3909cb9169b76ffe0a30a0cc,https://newsatcl-pctr.c.yimg.jp/t/amd-img/20240103-00000066-san-000-2-view.jpg?exp=10800,2024-01-03T13:05:30+09:00,2024-01-03T18:22:11+09:00,産経新聞,san,産経新聞,477,\n衝突事故の影響で、欠航が相次ぎ混雑する出発カウンター＝１月３日午前、羽田空港（関勝行撮影）\n年末年始のＵターンラッシュが３日、国内各地の空港などでピークを迎えた。２日に羽田空港で発生した日本航空（ＪＡＬ）機と海上保安庁機の衝突事故の影響で、空の便は欠航や遅延が続出。羽田空港では、振り替え便を待つための長蛇の列ができた。ＳＮＳでも「ものすごい長蛇の列」などといった投稿が相次いだ。\n【写真】「飛行機が燃えちゃった」日航機の乗客が家族に送った客席からの写真\n羽田空港は衝突事故の影響で滑走路を一時閉鎖していたが、２日午後９時半に運用を再開。それでも、３日は羽田空港を発着する便を巡り、ＪＡＬと全日本空輸（ＡＮＡ）あわせて計約１００便が欠航するなど、Ｕターンラッシュを直撃した。\n\nＸ（旧ツイッター）には、長蛇の列の様子を映した写真とともに「人混みヤバいな、これは」と投稿するユーザーも。そのほかにも「振り替え待ちすごい…今日は平和で終われますように」「羽田空港第一ターミナルＪＡＬカウンターの前はものすごい長蛇の列です」といった投稿もあった。,['https://newsatcl-pctr.c.yimg.jp/t/amd-img/20240103-00000066-san-000-2-view.jpg?pri=l&w=640&h=351&exp=10800'],"['https://news.yahoo.co.jp/articles/28772caf2ab0515f3909cb9169b76ffe0a30a0cc/images/000', 'https://www.iza.ne.jp/article/20240102-LP7VKUNSJ5IGTETM2TRK4IP4BA/photo/WZEB247GINIE7AEMMF63HU4V5Q/?utm_source=yahoo%20news%20feed&utm_medium=referral&utm_campaign=related_link']"
「あの頃、すでに時代を超えていた」伊吹吾郎が語る鬼才・石井輝男監督の魅力（産経新聞）,https://news.yahoo.co.jp/articles/bb0d42a1d41cdac3bc0b5cd8c128dad7bd89a446,https://newsatcl-pctr.c.yimg.jp/t/amd-img/20240103-00000067-san-000-1-view.jpg?exp=10800,2024-01-03T13:06:32+09:00,2024-01-03T13:06:32+09:00,産経新聞,san,産経新聞,1607,\n石井輝男監督の思い出を語った伊吹吾郎（中村嘉昭撮影）\n高倉健主演の「網走番外地シリーズ」など、アクション映画を数多く手掛けた鬼才・石井輝男監督の作品が東映チャンネルで特集放送されている。その中で、「殺し屋人別帳」（1970年）で東映現代劇初出演を果たし、「ポルノ時代劇 忘八武士道」（73年）では丹波哲郎と共演した名優・伊吹吾郎に、石井監督の思い出や作品について聞いた。\n\n■最初の監督で本当に良かった\n\n石井輝男監督は、僕が主演級の現代劇で初めて出た東映映画「殺し屋人別帳」の監督です。石井さんは役者とのコミュニケーションをとても大事にします。新人同士だった僕と渡瀬（恒彦）くんとのコミュニケーションがうまくできるように、ちゃんと段取りもしてくれました。石井さんが最初の監督で本当に良かったと思います。役者の好きなように自由にやらせながら、個性や癖を引き出すタイプの監督ですね。\n\n「殺し屋人別帳」は、僕にとっては初めての現代劇の映画でした。さっき久しぶりに見たら「若いな、細いな、髪の毛もいっぱいあるな」と感じました（笑）。だって、あの時はまだ23、24歳ですもん。だから台詞を聞いても何か鼻にかかったような感じがするし、しゃべる時の目線も何となく落ち着かないというか…。まあ、当時は一生懸命やっていたつもりなんだけど、やっぱり今見ると分かるものですね。\n\nとはいえ、今考えると、その後の東映の映画にいろいろな影響を与えた作品だという気がします。例えば、「仁義なき戦い」（73年）などの実録物をやるきっかけになったと思うし、その後の東映の路線を暗示させる作品だったと感じます。そのあたりも意識して見てほしいです。\n\n■服装も話し方もダンディー\n\n「忘八武士道」の時は原作を全部読んで、これならやってもいいなと思ってクランクインしました。女優さんたちは裸のシーンも多かったのですが、どんとこいみたいな感じで、こっちがびっくりするほど、仕事だからと割り切っていました。だから、あの人たちがそんな思いでやっているのにこっちが照れていたのでは申し訳ないと思いました。そういうシーンの時に、石井さんは照れたようなものの言い方はしません。「さあいくよ」と普通のシーンを撮影しているような感じ。だから女優さんたちにも、恥ずかしいとか、そういう感じは全くありませんでした。こっちは「すげぇな」と思って見ていましたが（笑）。\n\n石井さんは、ものすごくセンスがある人なんです。普段は、服装にしても、しゃべり方にしても、非常にダンディーな方でした。やることなすことが、時代の先端を行くような人だったので、あの頃、すでに時代を超えていたのかもしれませんね。\n\n現代物もいろいろとやってきましたけど、僕はやっぱり時代劇が好きです。だから時代劇で悪役をやってみたいという願望があります。それも、その男にもちゃんと主張があるような意味のある悪役。そういう役をやってみたいと思います。\n\n＜いぶき・ごろう＞1946年1月2日生まれ、北海道出身。主な出演は映画「仁義なき戦い」シリーズ、テレビドラマ「水戸黄門」「必殺仕事人」ほか。特撮シリーズの「侍戦隊シンケンジャー」にも出演。\n\n■「殺し屋人別帳」\n\n東映チャンネル 1月4日（木）午後8：00～9：50ほか\n\n渡瀬恒彦のデビュー作で初主演作品。九州を舞台に〝殺し屋人別帳〟に名を連ねる殺し屋たちが、その腕前と手口を競って壮絶な戦いを展開するアクション作品。伊吹吾郎は、過去に竜神一家を破門されたが長崎に戻り、抗争に巻き込まれる詩郎役を演じている。インタビューで言及している「忘八武士道」は2月に放送予定。\n\n出演：渡瀬恒彦、伊吹吾郎、佐藤允、吉田輝雄、嵐寛寿郎、小池朝雄、荒木一郎、太田ナオミほか\n\n（おとなのデジタルTVナビ）,['https://newsatcl-pctr.c.yimg.jp/t/amd-img/20240103-00000067-san-000-1-view.jpg?pri=l&w=466&h=640&exp=10800'],['https://news.yahoo.co.jp/articles/bb0d42a1d41cdac3bc0b5cd8c128dad7bd89a446/images/000']
岸田首相、能登半島地震で救助自衛隊の倍増を表明　２千人規模に（産経新聞）,https://news.yahoo.co.jp/articles/f0e794de5b1344c2e03222e90a4497d7e65be9ba,https://newsatcl-pctr.c.yimg.jp/t/amd-img/20240103-00000065-san-000-1-view.jpg?exp=10800,2024-01-03T13:04:05+09:00,2024-01-03T13:04:05+09:00,産経新聞,san,産経新聞,150,\n救助活動を行う自衛隊員＝２日午後、石川県輪島市（桐原正道撮影）\n岸田文雄首相は３日、能登半島地震の救助救命活動のため、自衛隊の人員をこれまでの千人規模から２千人規模に増強する方針を明らかにした。救助犬も２倍以上に増やす。首相は「人命第一で救命救助に全力を尽くす」と述べた。官邸で記者団に語った。,['https://newsatcl-pctr.c.yimg.jp/t/amd-img/20240103-00000065-san-000-1-view.jpg?pri=l&w=640&h=439&exp=10800'],['https://news.yahoo.co.jp/articles/f0e794de5b1344c2e03222e90a4497d7e65be9ba/images/000']
「移民」と日本人　留学生は学生か、労働者か（中）　卒業後はコンビニ店長も「就労ビザ」　文科省は「地方に定住してもらいたい」（産経新聞）,https://news.yahoo.co.jp/articles/f18fe54a7b49a5c0e9939cf25f0acacc6ecb9c22,https://newsatcl-pctr.c.yimg.jp/t/amd-img/20240103-00000062-san-000-2-view.jpg?exp=10800,2024-01-03T13:00:00+09:00,2024-01-03T16:12:01+09:00,産経新聞,san,産経新聞,621,\n外国人留学生の国籍・地域別構成比\nセブンーイレブン、ファミリーマート、ローソンの大手３社によると全国の計約５万２千店の従業員約８０万人のうち外国人は１割の約８万人、都会では３割程度に増える。このうち留学生は約６万４千人で国内全体の留学生数の２割超に当たるという。\n\n■留学生を地域に定着？\n\n「もはや外国人の流入は避けられず、『治水』して整える時期が来ている。放っておけば逆に偽装留学生や偽装難民の温床になりかねない」と話すのは、セブン系の社団法人「セブングローバルリンケージ」の安井誠専務理事（６４）だ。\n\n業界団体で座長なども務める安井氏らは、留学生が卒業後もコンビニで働ける在留資格を導入するよう国に働きかけている。翻訳業などの専門分野の「技術・人文知識・国際業務（技人国）ビザ」にコンビニの店長やリーダー候補も加えようという動きだ。\n\nすでに昨年から東京都内のセブンに限って実験的な運用が始まっているという。\n\n留学生をめぐっては文部科学省も２０２４年度から新たな政策に乗り出す。地方大学の留学生を念頭に企業のインターンシップなどを積極的に行った上で、地元就職に結び付けようというのだ。\n\n担当者は「留学生の多くはいずれ帰国してしまう一方で、地方は少子高齢化で人手不足が深刻だ。将来的には就職した留学生に地域に定着してもらいたい」と話すが、事実上の移民政策につながりかねないという意識はほとんどなかった。,['https://newsatcl-pctr.c.yimg.jp/t/amd-img/20240103-00000062-san-000-2-view.jpg?pri=l&w=640&h=564&exp=10800'],['https://news.yahoo.co.jp/articles/f18fe54a7b49a5c0e9939cf25f0acacc6ecb9c22/images/000']
近所だけでも６人と連絡取れず、「申し訳ない」　焦げたにおい漂う大規模火災の輪島朝市（産経新聞）,https://news.yahoo.co.jp/articles/46d68f30053cb3daba596bf4d17d866efe88e306,https://newsatcl-pctr.c.yimg.jp/t/amd-img/20240103-00000061-san-000-4-view.jpg?exp=10800,2024-01-03T12:57:20+09:00,2024-01-03T18:41:00+09:00,産経新聞,san,産経新聞,996,\n小雨の中、傘をさして焼け落ちた街を歩く人＝３日午前１０時５分、石川県輪島市河井町（恵守乾撮影）\n１日に発生した最大震度７の地震の後、大規模火災が発生した石川県輪島市中心部の観光名所「輪島朝市」周辺は、３日朝も煙があちこちから立ち上り、一体に焦げた匂いが漂っていた。幅１０メートルほどの道路の両脇に漆器店、飲食店などが並んでいたが、焼け落ちた建物から落ちたガラス片や看板、資材などが散らばる。変わり果てた姿に、様子を見に来た店主たちは言葉を失った。\n【写真】「まるで戦場のよう」甚大な被害を受けた観光名所「輪島朝市」\n「生き埋めになった人が多くいる」。輪島朝市で酒店を営む７０代女性はこう話し、「申し訳ない」と繰り返した。\n\n地震当時、夫とともに逃げ出したが、向かいの家では塀が崩れ、その家の３０代の長男が下敷きに。火事が起こる前に助け出されたが、店の周辺だけでも連絡が取れない人が６人いる。\n\n「今もがれきの下だと思う。きっと助かっていない。自分たちだけ逃げて申し訳ない」。３日、店のあった場所を訪れ、周辺一帯が焼け落ちてしまった様子を見渡し、「もうやり直せないと思う」とうなだれた。\n\n輪島朝市で「塩徳屋漆器店」を営む塩山浩之さん（５７）は地震発生当時、４階建ての店舗兼住宅の２階で年賀状を書き始めたところだった。最初の揺れはそうひどくはなく、１階の店にある漆器に被害はなかったか確認するために降りると、立ってられないほどの揺れが襲ってきた。\n\n店の非常ベルが２０秒ほど鳴り、すべての電気が消えた。ほぼ同時に外から「逃げろー！」という声が聞こえ、何も持たずに逃げた。その時はまだ火事は発生していなかった。\n\n自衛隊の避難所が開設されると聞き、避難。朝市周辺が燃えていると知り、いてもたってもいられなかった。周辺の店舗や住宅では石油ストーブを使うところが多く、石油を購入して置いていたといい、燃え広がった可能性があるという。\n\n２日までは近づくことができず、３日朝、初めて店に来た。焼け落ちた店を見て、「ここまで燃えているとは思わなかった」とつぶやいた。\n\n１００年続く漆器販売の老舗の３代目。「再建というよりも、どうやって生きていこうかと思う。今できる最低限でいいから、みんなで助け合っていかないといけない。東日本大震災の被災者の気持ちがよくわかった」,['https://newsatcl-pctr.c.yimg.jp/t/amd-img/20240103-00000061-san-000-4-view.jpg?pri=l&w=640&h=427&exp=10800'],"['https://news.yahoo.co.jp/articles/46d68f30053cb3daba596bf4d17d866efe88e306/images/000', 'https://www.iza.ne.jp/article/20240103-Q4GKXV4XCNNP7KSV6OR2RIMFTA/photo/WRA4I7QECRLHZNZHQC7R5IYSPE/?utm_source=yahoo%20news%20feed&utm_medium=referral&utm_campaign=related_link']"
箱根駅伝復路速報（５）青学大独走で最終１０区へ（産経新聞）,https://news.yahoo.co.jp/articles/95a7a972f1e0aceda8e6452e078b9b28f26969ab,https://newsatcl-pctr.c.yimg.jp/t/amd-img/20240103-00000060-san-000-1-view.jpg?exp=10800,2024-01-03T12:46:11+09:00,2024-01-03T12:46:11+09:00,産経新聞,san,産経新聞,313,\nたすきをつなぐ青山学院大・９区の倉本玄太（右）と１０区の宇田川瞬矢＝鶴見中継所（長尾みなみ撮影）\n箱根駅伝９区は、トップの青学大の倉本玄太が独走し、好ペースでレースを進める。２位の駒大は、花尾恭輔が追うものの、青学大との差は広がっていく。\n\n後方では、法大の稲毛崇斗と国学院大の吉田蔵之介が５番手争いを繰り広げた。\n\n往路８位以下１６校による復路一斉スタートで、〝見えない〟シード争いは激化。８区でシード圏外に落ちた大東大は、大谷章紘が懸命に走り、一時はシード圏まで間近に迫ったが、終盤に失速。この区間でのシード圏内浮上はならなかった。\n\n駒大は青学大と６分２２秒差の２位で１０区へ。城西大、東洋大と続いた。,['https://newsatcl-pctr.c.yimg.jp/t/amd-img/20240103-00000060-san-000-1-view.jpg?pri=l&w=640&h=629&exp=10800'],['https://news.yahoo.co.jp/articles/95a7a972f1e0aceda8e6452e078b9b28f26969ab/images/000']
ＪＡＬ機着陸前に海保機が滑走路進入か　交信記録の解析急ぐ、運輸安全委（産経新聞）,https://news.yahoo.co.jp/articles/96202f6e6da0270dbfa9a372c451981c19706b24,https://newsatcl-pctr.c.yimg.jp/t/amd-img/20240103-00000059-san-000-1-view.jpg?exp=10800,2024-01-03T12:43:46+09:00,2024-01-03T12:43:46+09:00,産経新聞,san,産経新聞,828,\n衝突で炎上した日航機を調査する運輸安全委員会の航空事故調査官ら＝３日午前、羽田空港（関勝行撮影）\n羽田空港（東京都大田区）で日航機と海上保安庁の航空機が衝突した事故で、日航機が管制官の許可で着陸しようとした際、海保機が既に滑走路内に進入していたとみられることが３日、国土交通省への取材で分かった。日航側は「通常通りの着陸操作を開始した」と認識しており、両機の管制指示に誤りがあったか、海保機側が聞き間違えた可能性もある。\n【写真】「飛行機が燃えちゃった」日航機の乗客が家族に送った客席からの写真\n運輸安全委員会は同日、原因究明に向けた本格調査に乗り出し、両機と管制官との間でどのようなやりとりがあったのか、録音された交信記録の解析を急ぐ。\n\n国土交通省によると、管制官は通常、滑走路ごとに担当が割り当てられる。事故が起きたＣ滑走路は当時、２人の管制官が担当し、両機に指示を出した。ＪＡＬ機は着陸体勢に入り、海保機が誘導路から滑走路に進入した後に衝突したとみられる。ＪＡＬ機は衝突地点から約１キロ離れた場所で停止。両機ともに機体の異常はなかったという。\n\n日航によると、乗務員は聞き取り調査に対し「管制からの着陸許可を得て滑走路に通常通り進入し、復唱した後、着陸操作を開始した」と説明したという。２日夜に記者会見した日航幹部は、衝突まで海保機の存在を「視認できていなかったと思う」と指摘した。\n\n海上保安庁によると、海保機の機長（３９）は、総飛行時間３６４１時間、機長歴４年１１カ月。事故直後、「滑走路上で機体が爆発した。自分は脱出した。その他の乗員は不明」と報告していた。\n\n事故は２日午後５時４７分ごろ発生。札幌発羽田行き日航５１６便エアバスＡ３５０と、海保の航空機ボンバルディアＤＨＣ８－３００が衝突した。日航機の乗客乗員３７９人はいずれも脱出し、命に別条はなかった。海保機の男性乗員５人が死亡し、自力脱出した機長が負傷した。,['https://newsatcl-pctr.c.yimg.jp/t/amd-img/20240103-00000059-san-000-1-view.jpg?pri=l&w=640&h=340&exp=10800'],"['https://news.yahoo.co.jp/articles/96202f6e6da0270dbfa9a372c451981c19706b24/images/000', 'https://www.iza.ne.jp/article/20240102-LP7VKUNSJ5IGTETM2TRK4IP4BA/photo/WZEB247GINIE7AEMMF63HU4V5Q/?utm_source=yahoo%20news%20feed&utm_medium=referral&utm_campaign=related_link']"
厳格化する欧米の移民政策　大量流入の欧州は悲鳴、米国は大統領選視野に方針転換（産経新聞）,https://news.yahoo.co.jp/articles/850c42241ca45b62a5a1f6fb9fadc49e42951880,https://newsatcl-pctr.c.yimg.jp/t/amd-img/default.jpg?exp=10800,2024-01-03T12:22:31+09:00,2024-01-03T12:22:31+09:00,産経新聞,san,産経新聞,1193,\n欧米の主要国が移民・難民への対応を厳格化させている。不法移民らが大量に流入する事態に悲鳴を上げる欧州連合（ＥＵ）は２０２３年末、新制度案で大筋合意。移民対策で寛容な姿勢が批判されてきた米民主党政権も今秋の大統領選を控え、流入抑制へと舵を切った。\n\n■「衝撃波」耐えられず\n\n「歴史的な日だ」。欧州議会のメツォラ議長は先月２０日、ＥＵの主要機関が大筋合意した新案に満足の表情を浮かべた。\n\n同案では、入国者の国境審査が厳格化されるほか、亡命資格がないと確認されれば迅速に強制送還される。ＥＵは６月までの発効を目指す。\n\n新案導入の背景には、地中海を船で渡る人々が２３年夏、ＥＵ域内に大量に押し寄せたことなどがある。到着地の一つ、イタリア南部の島の市長は「人々が押し寄せる『衝撃波』には耐えられない」と声を上げた。ＥＵの欧州国境・沿岸警備機関（ＦＲＯＮＴＥＸ）によると、２３年１～１１月の不法入国摘発者は前年１年間を１７％も上回る。\n\n■仏で「死の口づけ」\n\n欧州各国では、６月までのＥＵ共通制度案成立を待たず、独自案を相次ぎ示しつつある。\n\nフランスでは先月１９日、新移民法が成立した。法案は当初、野党の左右両派の反対で棚上げされていたが、極右「国民連合」の賛成を得て修正案が辛うじて成立。仏ルモンド紙が「（極右の）死の口づけ」で可決されたと評すほど厳しい内容だ。同国では従来、外国人の親のもと生まれた子供は自動的に仏国籍となる出生地主義を採用していたが、今後は１６～１８歳時に申請する必要がある。外国人労働者が社会保障を受ける条件も厳しくなる。\n\nドイツも昨年１０月、不法移民の送還を容易にする法案を閣議決定した。国境警備も強化する。\n\n手厚い社会保障が〝ゆりかごから墓場まで〟と評されるスウェーデンも翌１１月、移民の強制退去要件の導入を検討すると発表した。薬物乱用▽犯罪組織関与▽国家の価値観を脅かす思想表明ーなどが要件。移民相は「社会統合には品行方正さが必要」と強調した。\n\n隣国フィンランドも同月末、ロシアとの国境（約１３００㌔）経由で中東などから流入する事態を警戒し、全８検問所を一時閉鎖した。\n\n■米でも一段と逆風\n\n４年前にＥＵを離脱した英国は、なりふり構わぬ対策を講じている。不法入国者をアフリカ・ルワンダに強制移送する計画を巡り、最高裁は２３年１１月、欧州人権条約に基づく英国内の人権法に違反すると判断。これに対し英政府は翌月、計画続行のための緊急法案を策定、押し切る構えだ。\n\n米国では、バイデン大統領が２３年５月、亡命申請手続きの厳格化を柱とする規制策を発表した。同氏は移民問題で強硬姿勢を見せるトランプ前大統領を批判したが、不法移民急増への危機感が国内で高まる中、大統領選を控え方針転換を余儀なくされた形だ。,[],[]
57年ぶり復活、文楽の大名跡・豊竹若太夫 　喜寿で襲名の呂太夫「ここから進化してやる」（産経新聞）,https://news.yahoo.co.jp/articles/1f07acd878ca639935a259aa4b8bd82d601959b8,https://newsatcl-pctr.c.yimg.jp/t/amd-img/20240103-00000055-san-000-1-view.jpg?exp=10800,2024-01-03T12:15:00+09:00,2024-01-03T12:15:00+09:00,産経新聞,san,産経新聞,1590,\n文楽の大名跡・若太夫を襲名する豊竹呂太夫＝大阪市中央区（南雲都撮影）\n今年4月、文楽界の大名跡「豊竹若太夫」が57年ぶりに復活する。祖父で人間国宝だった十代目若太夫（1888～1967年）に次いで十一代目を襲名するのは、令和4年に太夫の最高位「切場語り」に昇格した豊竹呂太夫（76）だ。人間の情を繊細に描く語りに定評がある。喜寿の年での襲名だが、「まだまだ僕には伸びしろがある。若太夫の名に恥じないよう、ここから進化してやるぞ！と思ってるんです」と意欲たっぷりだ。\n\n■小説家として憧れた世界\n\n還暦を過ぎた昭和25年に若太夫を襲名した十代目。50代で視力を失いながらも、気迫のこもった豪快な語りで「命懸けの浄瑠璃」と称された。幼い頃から間近で見てきた呂太夫も「わしは日本一、いや世界一やで」と豪語していた負けん気の強い祖父の姿を覚えている。\n\nだが、20歳のときに祖父が亡くなるまで、「太夫は人生の選択肢になかった」と話す。高校時代は弁護士を目指して東京大を2度受験したが、いずれも失敗。その後は大江健三郎や倉橋由美子の小説に傾倒して小説家を夢見たが芽が出ず、東京で鬱々とした日々を過ごした。\n\n転機は祖父の通夜の日に、その弟子で兄のように慕う五代目呂太夫（当時若子太夫）に掛けられた言葉だった。\n\n「太夫になれ」\n\n現状を打破したい一心で帰阪し、久しぶりに文楽を見ると、衝撃を受けた。\n\n主君のためにわが子を犠牲にしたり、愛し合う男女が心中を選んだり。不条理な状況下で人間が見せる究極の葛藤や情愛はまさに、小説家として憧れた世界観でもあった。\n\n「文楽はシュールでアバンギャルドだと気付いた。古くさいと思い込んでいた文楽が、急に新鮮で魅力的なものに見えたんです。ここでやってみよう、と腹を決めました」\n\n■泣き笑いの情を語る\n\n文楽の世界に入って数年がたった頃、三味線の六代目鶴澤寛治が稽古中に突然、「ちょっと表紙開け」と目の前の床本（太夫の台本）を指さした。何をどう語るのが正解か分からず、繰り返し叱られていたさなかのことだった。\n\n表紙には呂太夫自身の筆で演目名が記されていた。筆は我流だ。整った字ではないことを恥じながら見せると、寛治は一言、「お前な、そういう浄瑠璃を語れ」と言ったという。\n\n表紙いっぱいに書かれた字はいびつだが力強く、表情が豊かで味がある。書は人なり。そして人間の情を語るのが文楽である。期待を込めて言ったのであろう寛治の檄を今も胸に刻む。\n\n呂太夫の温かな語りは、「松竹新喜劇の二代目渋谷天外や藤山寛美の『泣き笑いの芝居』にも影響を受けている」とも明かす。\n\n罪人になった息子をかくまう老母ら家族の人間ドラマを描く「引窓」では、老母のせりふを悲しげに語らず、あえて悲しみをごまかすように語る。師匠の四代目竹本越路太夫が「お前の老母（のやり方）をわしが取りたい」と思わずほめた工夫だ。\n\n「感情の表現勝負なら負けない、と思っています」と自信をにじませた。\n\n■祖父の息吹\n\n芸の土台には、理知的な芸風で知られた越路太夫仕込みの「きっちりとした型」がある。一方、祖父の語りは「矢声」と呼ばれる鋭く強い高音を生かした、「音程や間（ま）といった常識をあえて外すもの」だった。\n\n20代から祖父の音源を聴きながらも、突拍子がないようにも聴こえるその語りが、観客の感情を強く喚起する熟練の芸だと分かり始めたのは、７０代になってからだ。自身も「矢声」は持ち味だが、「やみくもに祖父のまねをしようとは思わない」とも言う。\n\n「越路（太夫）師匠に鍛えてもらった芸は宝です。そこに祖父の息吹を1％でも交えて、若太夫として開花していきたい。それが僕の『進化』だと思っています」（田中佐和）,['https://newsatcl-pctr.c.yimg.jp/t/amd-img/20240103-00000055-san-000-1-view.jpg?pri=l&w=640&h=413&exp=10800'],['https://news.yahoo.co.jp/articles/1f07acd878ca639935a259aa4b8bd82d601959b8/images/000']
能登で５強、余震続く　死者64人に　揺れに身を寄せ合う人々も（産経新聞）,https://news.yahoo.co.jp/articles/bdb920bc66cbce2ca5844c698f621bdc06924a25,https://newsatcl-pctr.c.yimg.jp/t/amd-img/20240103-00000056-san-000-1-view.jpg?exp=10800,2024-01-03T12:15:34+09:00,2024-01-03T12:15:34+09:00,産経新聞,san,産経新聞,246,\n突然襲った強い余震に身を寄せ合う人々＝３日午前１０時５５分、石川県輪島市（恵守乾撮影）\n気象庁は３日午前１０時５４分ごろ、石川県能登で震度５強の地震があったと発表した。津波の心配はないという。\n【表でみる】能登半島付近で近年発生した震度５弱以上の主な地震\n能登では１日午後に最大震度７を観測して以降も断続的に地震が発生している。県は同日、地震による死者が64人になったと明らかにした。\n\n甚大な被害があった石川県輪島市内では、突然襲った強い揺れに身を寄せ合う人々の姿が見られた。,['https://newsatcl-pctr.c.yimg.jp/t/amd-img/20240103-00000056-san-000-1-view.jpg?pri=l&w=640&h=431&exp=10800'],"['https://news.yahoo.co.jp/articles/bdb920bc66cbce2ca5844c698f621bdc06924a25/images/000', 'https://www.iza.ne.jp/article/20240102-44DAXWX2GBITJL2HCZEEDZZPRE/photo/5PUJXPUDYZLPBJ6XPDPJR4RSUQ/?utm_source=yahoo%20news%20feed&utm_medium=referral&utm_campaign=related_link']"
岸田首相、被災マネジメントの知見持つ自治体職員を派遣方針（産経新聞）,https://news.yahoo.co.jp/articles/019700639f23ec82fb58f3b08df9537856faec06,https://newsatcl-pctr.c.yimg.jp/t/amd-img/20240103-00000054-san-000-1-view.jpg?exp=10800,2024-01-03T12:13:22+09:00,2024-01-03T12:13:22+09:00,産経新聞,san,産経新聞,165,\nガソリンスタンド前にできた給油を待つ車列＝３日午前１０時９分、石川県中能登町（安元雄太撮影）\n岸田文雄首相は３日、能登半島地震の被災者支援のため、総務省の調整のもと、被災マネジメントの知見を持つ自治体職員を被災自治体に派遣する方針を明らかにした。首相は「必要な物資の確保に全力を尽くす」と述べた。官邸で記者団に明らかにした。,['https://newsatcl-pctr.c.yimg.jp/t/amd-img/20240103-00000054-san-000-1-view.jpg?pri=l&w=640&h=379&exp=10800'],['https://news.yahoo.co.jp/articles/019700639f23ec82fb58f3b08df9537856faec06/images/000']
新幹線車内泊も「大変なのはみんな同じ」　能登地震に遭遇したジョージア大使のSNSに反響（産経新聞）,https://news.yahoo.co.jp/articles/48e2fdb6a2836465602685846a3f3e2628b4d453,https://newsatcl-pctr.c.yimg.jp/t/amd-img/20240103-00000047-san-000-3-view.jpg?exp=10800,2024-01-03T12:00:00+09:00,2024-01-03T14:23:55+09:00,産経新聞,san,産経新聞,1402,\n在日ジョージア大使のティムラズ・レジャバ氏（関勝行撮影）\n１日に発生した能登半島地震を巡り、新幹線の運転が一時見合わせになるなど交通機関に大きな影響が出た。ジョージアのティムラズ・レジャバ駐日大使は、家族で金沢への旅行の途中に今回の地震に遭遇。新幹線に車内泊した様子や東京に戻るまでの一部始終を、自身のＸ（旧ツイッター）のアカウントで投稿し、反響を呼んでいる。「大変なのはみんな同じ」「被害が最小限となることをお祈りしております」などとつづったレジャバ大使の投稿に「被災者の皆さんへ心を寄せていただきありがとう」などと感謝の声が寄せられている。\n【表でみる】能登半島付近で近年発生した震度５弱以上の主な地震\n■「一緒に乗り越えましょう」\n\nレジャバ大使は自身の日常やジョージアの文化をＸに日本語で投稿。積極的な情報発信が人気を呼び、フォロワー数は約２８万人に上る。\n\n「我が家はこれより金沢へ」\n\n１日午後２時３８分、新幹線に笑顔で乗車するレジャバ大使の家族の写真が投稿された。だが、午後４時１０分に石川県で最大震度７を観測する地震が発生。レジャバ大使も午後４時１３分に「乗車中の新幹線が停電で止まりましたが無事です。石川県の皆様、どうぞお気をつけください」とＸへ即座に投稿した。\n\n地震の影響で、乗車していた新幹線も運転を停止。家族は新幹線での待機を迫られた。レジャバ大使は午後６時５９分に「子供もいるから少し心配ですが、大変なのはみんな同じです。一緒に乗り越えましょう！」と日本人への激励を込めたメッセージをＸに投稿した。\n\n■家族を救った「おせち」\n\n新幹線での長時間にわたる待機で問題になるのは、食料だ。レジャバ大使の家族を救ったのが、「おせち」だったという。レジャバ大使のＸには、新年祝賀の儀に出席するため皇居を訪問した様子も投稿されていた。午後８時４０分、レジャバ大使はＸへ感謝の思いを投稿した。\n\n「食料をほとんど持ってきておらず、停車中の新幹線で心配していましたが、幸運にも皇室より賜ったおせち弁当がありました。表現の仕切れないありがたい気持ちで頂きます」\n\n新幹線は最寄りの駅まで走行した後、運転が見合わせとなり、車内には「新幹線をホテルとしてお使いください」とアナウンスがあった。レジャバ大使は車内に泊まることを決意。午後１１時６分にはＸで「終始、予想のつかない展開に見舞われておりますが、駅員や周りの乗客の互いに温かい心遣いのお陰で大丈夫です」とつづった。\n\n■感謝の声が続々\n\n２日午前７時５０分には「新幹線を出てこれより臨時バスで長野駅へ。そこから帰京を目指します」などと、家族でバスに乗車している写真とともに投稿。午後０時１分には「ご報告です。東京に戻ってきました。日本列島を脈打つようにしてつなげる新幹線という一本の線の上でほぼ２４時間を過ごしました」と帰京したことを報告。続けて「多くの方に心こもったお言葉をいただきありがとうございます。震災によって今なお苦しむ方に心よりお見舞い申し上げます」とつづった。\n\n一部始終をつづった投稿に、リプライ（返信）では「大変な目にあったにもかかわらず、現地の被災者に向けた温かいお言葉ありがとうございます」「大使のお気持ちありがたく思います」などと感謝の声が続々と寄せられていた。,['https://newsatcl-pctr.c.yimg.jp/t/amd-img/20240103-00000047-san-000-3-view.jpg?pri=l&w=640&h=522&exp=10800'],"['https://news.yahoo.co.jp/articles/48e2fdb6a2836465602685846a3f3e2628b4d453/images/000', 'https://www.iza.ne.jp/article/20240102-44DAXWX2GBITJL2HCZEEDZZPRE/photo/5PUJXPUDYZLPBJ6XPDPJR4RSUQ/?utm_source=yahoo%20news%20feed&utm_medium=referral&utm_campaign=related_link']"
岸田首相、羽田事故の被災者支援への影響「全体として生じていない」（産経新聞）,https://news.yahoo.co.jp/articles/de15e00d963490b6a1b07045661fc010e87e5023,https://newsatcl-pctr.c.yimg.jp/t/amd-img/20240103-00000053-san-000-1-view.jpg?exp=10800,2024-01-03T12:12:02+09:00,2024-01-03T12:12:02+09:00,産経新聞,san,産経新聞,203,\n岸田文雄首相＝２日午前、首相官邸（春名中撮影）\n岸田文雄首相は３日、羽田空港の滑走路上で日本航空機と海上保安庁機が衝突、炎上した事故が能登半島地震の被災者支援に与える影響について「各省庁が連携しながらさまざまな（支援物資の）輸送ルートを確保している。全体として事故の影響は生じていないと認識している」と述べた。「現地へのさまざまな物資の輸送は着実に進められている」とも強調した。官邸で記者団に語った。,['https://newsatcl-pctr.c.yimg.jp/t/amd-img/20240103-00000053-san-000-1-view.jpg?pri=l&w=640&h=507&exp=10800'],['https://news.yahoo.co.jp/articles/de15e00d963490b6a1b07045661fc010e87e5023/images/000']
羽田空港事故、警視庁が現場検証開始（産経新聞）,https://news.yahoo.co.jp/articles/fa25b9393e0b7dbdbfa6374a0245472feb86c005,https://newsatcl-pctr.c.yimg.jp/t/amd-img/20240103-00000044-san-000-1-view.jpg?exp=10800,2024-01-03T11:44:55+09:00,2024-01-03T11:44:55+09:00,産経新聞,san,産経新聞,221,\n羽田空港で炎上した日航機＝３日午前（関勝行撮影）\n東京都大田区の羽田空港で２日夕、日航機と海上保安庁航空機が衝突、炎上し、海保機の乗員５人が死亡した事故で、警視庁の捜査員約３０人が３日午前１１時すぎ、現場のＣ滑走路で検証を開始した。航空機についても同日中に検証に入る方針。\n【写真】「飛行機が燃えちゃった」日航機の乗客が家族に送った客席からの写真\n警視庁は同日、東京空港署に捜査本部を設置。業務上過失致死傷の疑いで事故原因を調べる。,['https://newsatcl-pctr.c.yimg.jp/t/amd-img/20240103-00000044-san-000-1-view.jpg?pri=l&w=640&h=411&exp=10800'],"['https://news.yahoo.co.jp/articles/fa25b9393e0b7dbdbfa6374a0245472feb86c005/images/000', 'https://www.iza.ne.jp/article/20240102-LP7VKUNSJ5IGTETM2TRK4IP4BA/photo/WZEB247GINIE7AEMMF63HU4V5Q/?utm_source=yahoo%20news%20feed&utm_medium=referral&utm_campaign=related_link']"
ＣＡＲストーリー　多彩シートアレンジ　お出かけ楽々 ホンダＮ－ＢＯＸ（産経新聞）,https://news.yahoo.co.jp/articles/72dc104ce58c9ac5b9cc07f9b18a0f8a4e728877,https://newsatcl-pctr.c.yimg.jp/t/amd-img/20240103-00000049-san-000-1-view.jpg?exp=10800,2024-01-03T12:00:00+09:00,2024-01-03T12:00:00+09:00,産経新聞,san,産経新聞,1423,\n３代目になったホンダのＮ－ＢＯＸ。先代のコンセプトを踏襲しつつより使いやすく進化した＝川崎市（ソニーα1 FE70-200mmF2.8GMⅡ）\n日本で一番売れているクルマ、それがホンダのＮ―ＢＯＸだ。昨年度の販売台数は２０万台を超え、２位のトヨタ・ヤリスに３万台を超えるリードを築く。２０１１年の発売から人気は衰えず、軽自動車として８年連続首位を保つ。使いやすいインテリアと多彩なシートアレンジ、飽きのこないデザインが好調の秘訣。さらにライバルを引き離そうと３代目がデビューした。コンセプトはそのままに、より進化した新型に試乗した。\n【写真】３代目となったホンダのＮ－ＢＯＸ、フロント下部のエアインレットは意外に迫力がある\nデビューから１２年で、自動車販売台数１位を６回、軽として１１回を誇る、まさに日本一のクルマ。２代目の最終となる２２年度も２０万４７３４台を売り上げ首位を守った。\n\n販売台数１位を走り続ける人気車のフルモデルチェンジは、技術者にとってもプレッシャーがかかるはず。\n\n新型も外観やエンジンは２代目を踏襲しつつ、インテリアは大きく変わった。バリエーションはかわいらしいＮ―ＢＯＸと迫力あるＮ―ＢＯＸカスタムの２種類が用意される。\n\n今回、試乗したのはＮ―ＢＯＸの標準グレード。モデルチェンジで６４馬力のターボ仕様はカスタムのみの設定となった。街中での利用が多く、高速道路の走行が少ない軽ならではの割り切りだろう。\n\n外観に大きな変化はないが、より優しい感じだ。ヘッドライトもはやりのつり目ではなく丸形を採用、フロントグリルのドットのような小さな穴は、しっかり外気を取り込めるという。\n\nインテリアは、直線を生かしたすっきりしたデザインで見切りがいい。フラットなシートだが、クッションが適度で、気持ちのいい座り心地。\n\nリアシートは座面を跳ね上げると、たたまずにベビーカーが載り、後ろに倒せば、ママチャリがそのまま積み込める。\n\n新型ではリアハッチがより低くなるなど、あちこちに工夫と苦労の跡が見える。\n\n女性に人気のＮ―ＢＯＸ、使い勝手に不満はなく、さらに走りに磨きがかかった。ハイトワゴンは挙動が不安定になりがちだが、揺れ対策をしっかり行い、強い横風でもボディーがふらつきにくい。\n\n視界がより広くなったのも特徴の一つ。ドライバーはもちろん、後席からも前や左右がよく見える。車酔いにも効果を発揮するという。\n\nエンジンもパワフルで、高速道路の合流も余裕がある。これならターボがなくても大丈夫。エンジン音やロードノイズは大きめだがこれは仕方ないだろう。\n\nコンビニの買い物や、子供の送り迎えなど、ちょっとしたお出かけが苦にならず、休みの日には、荷物をたくさん積んで遠出も楽々。日本一の人気車Ｎ―ＢＯＸ、その勢いはまだまだ続きそうだ。\n\n■ホンダ Ｎ－ＢＯＸ\n\n【 定員 】 ４人\n\n【 全長 】 ３３９５ミリ\n\n【 全幅 】 １４７５ミリ\n\n【 全高 】 １７９０ミリ\n\n【 車両重量 】 ９１０キロ\n\n【 エンジン 】 ６５８ｃｃ直列３気筒\n\n【 最高出力 】 ５８馬力\n\n【 駆動方式 】 前輪駆動\n\n【 ミッション 】 ＣＶＴ\n\n【 燃費（ＷＬＴＣモード ） 】 ２１．６キロ\n\n【 車両本体価格 】 １６４万８９００円,['https://newsatcl-pctr.c.yimg.jp/t/amd-img/20240103-00000049-san-000-1-view.jpg?pri=l&w=640&h=448&exp=10800'],"['https://news.yahoo.co.jp/articles/72dc104ce58c9ac5b9cc07f9b18a0f8a4e728877/images/000', 'https://www.iza.ne.jp/article/20231218-ASNGL6BUE5PPXMKPBUTJYLHD7M/photo/IFMPLSMOERIHHPGRHM7TO7KCTM/?utm_source=yahoo%20news%20feed&utm_medium=referral&utm_campaign=related_link']"
全員脱出「奇跡の１８分」世界が称賛　「驚くべき」「ＣＡは素晴らしい仕事」日航の事故対応（産経新聞）,https://news.yahoo.co.jp/articles/b46f59e1173a3069168d1b5c609b656e405583f6,https://newsatcl-pctr.c.yimg.jp/t/amd-img/20240103-00000045-san-000-7-view.jpg?exp=10800,2024-01-03T11:46:56+09:00,2024-01-03T20:20:47+09:00,産経新聞,san,産経新聞,647,\n２日夜、羽田空港の滑走路で炎上する日本航空機（乗客の家族提供）\n羽田空港で日航機と海上保安庁の航空機が衝突した事故で、炎上した日航機から乗客乗員３７９人全員が無事に脱出したことについて、欧米各紙は「奇跡を目撃した」「客室乗務員（ＣＡ）たちは素晴らしい仕事した」などと称賛の声を伝えた。\n【写真】「飛行機が燃えちゃった」日航機の乗客が家族に送った客席からの写真\n欧米各紙が事故を伝える記事の見出しには「ミラクル」という言葉が並んだ。英ガーディアン紙は「まず第一に、私たちは奇跡を目撃したと言わなければならない。あの飛行機から乗客全員を降ろした方法は、ほとんど信じられないほどだ」との元民間パイロットの談話を伝えた。\n\n米ニューヨーク・タイムズ紙は旅客機の安全教育の専門家の話として「驚くべきだ。ＣＡたちの反応速度は目を見張るものがあった。本当に奇跡だった」。\n\nまたロイター通信は「ＣＡたちは素晴らしい仕事をしたに違いない。乗客全員が降りられたのは奇跡的だった」との航空分析会社の専門家の話を伝えた。\n\n国土交通省によると、事故の発生は２日午後５時４７分ごろ。炎上した機体から乗客乗員は脱出シューターを使って機外に脱出した。日航は２日夜の記者会見で、乗客乗員全員が機内から脱出し、安全な場所に避難を完了したのは１８分後の６時５分だったと明らかにした。\n\n東京消防庁によると、事故では海保機の乗員６人のうち５人が死亡、日航機の乗客１４人と海保機の機長の計１５人が負傷した。,['https://newsatcl-pctr.c.yimg.jp/t/amd-img/20240103-00000045-san-000-7-view.jpg?pri=l&w=640&h=403&exp=10800'],"['https://news.yahoo.co.jp/articles/b46f59e1173a3069168d1b5c609b656e405583f6/images/000', 'https://www.iza.ne.jp/article/20240102-LP7VKUNSJ5IGTETM2TRK4IP4BA/photo/WZEB247GINIE7AEMMF63HU4V5Q/?utm_source=yahoo%20news%20feed&utm_medium=referral&utm_campaign=related_link']"
永井豪記念館が全焼　石川・輪島の大規模火災で被災か（産経新聞）,https://news.yahoo.co.jp/articles/760cff28da036ad906c660deafaca3556722d16a,https://newsatcl-pctr.c.yimg.jp/t/amd-img/20240103-00000042-san-000-1-view.jpg?exp=10800,2024-01-03T11:35:28+09:00,2024-01-03T11:35:28+09:00,産経新聞,san,産経新聞,346,\n地震直後の大火災で焼け落ちた、漫画家の永井豪記念館＝３日午前１１時６分、石川県輪島市（恵守乾撮影）\n能登半島を震源とし、石川県で最大震度７を観測した１日の能登半島地震で、同県輪島市にある漫画家・永井豪氏の記念館「永井豪記念館」が全焼したことが分かった。記念館がある市中心部の観光名所「輪島朝市」周辺では地震発生後の大規模な火災で２００棟以上が焼けた。\n【表でみる】能登半島付近で近年発生した震度５弱以上の主な地震\n永井氏はマジンガーＺやデビルマン、キューティーハニーなどを生み出した漫画家。ホームページなどによると、同館は平成２１年にオープンし、マジンガーＺ、デビルマン、キューティーハニーのイラスト展示や、９分の１スケールのマジンガーＺの大型フィギュア、原画などが展示されていた。,['https://newsatcl-pctr.c.yimg.jp/t/amd-img/20240103-00000042-san-000-1-view.jpg?pri=l&w=640&h=459&exp=10800'],"['https://news.yahoo.co.jp/articles/760cff28da036ad906c660deafaca3556722d16a/images/000', 'https://www.iza.ne.jp/article/20240102-44DAXWX2GBITJL2HCZEEDZZPRE/photo/5PUJXPUDYZLPBJ6XPDPJR4RSUQ/?utm_source=yahoo%20news%20feed&utm_medium=referral&utm_campaign=related_link']"
箱根駅伝復路速報（４）青学大、快調　塩出が８区区間記録に迫る好走（産経新聞）,https://news.yahoo.co.jp/articles/45cfec524a7ff8874966d31ef5496d4e1b850269,https://newsatcl-pctr.c.yimg.jp/t/amd-img/20240103-00000043-san-000-1-view.jpg?exp=10800,2024-01-03T11:36:05+09:00,2024-01-03T11:36:05+09:00,産経新聞,san,産経新聞,327,\n中央大６区の浦田優斗（左）からたすきを受け取り、走り出す７区の吉居駿恭＝神奈川県小田原市（佐藤徳昭撮影）\n箱根駅伝８区では、トップをひた走る青学大の塩出翔太が区間新を狙える快調なペースで進んでいく。２位の駒大は４年生の赤星雄斗を配したが、前との差はなかなかつまらない。\n\nシード権争いは、１０位で８区に入った中央大の阿部陽樹はペースが上がらず、１１位だった帝京大の島田晃希に抜かれ、シード圏外に落ちた。\n\n塩出は区間新はならなかったものの、１時間４分０秒（速報値）の好タイムを出し、青学大が１位でたすきリレー。２位の駒大はタイム差を５分３３秒に広げられた。\n\n３位は城西大、４位は東洋大が守り、５位には国学院大が浮上して９区に突入した。,['https://newsatcl-pctr.c.yimg.jp/t/amd-img/20240103-00000043-san-000-1-view.jpg?pri=l&w=640&h=463&exp=10800'],['https://news.yahoo.co.jp/articles/45cfec524a7ff8874966d31ef5496d4e1b850269/images/000']
「身近な食材で『薬膳ひとり鍋』」冷え、老化、鬱…　症状別レシピで養生を（産経新聞）,https://news.yahoo.co.jp/articles/fb26d7e791b55b6aa5a035bb942304d89f4ef755,https://newsatcl-pctr.c.yimg.jp/t/amd-img/20240103-00000040-san-000-1-view.jpg?exp=10800,2024-01-03T11:30:00+09:00,2024-01-03T11:30:00+09:00,産経新聞,san,産経新聞,1726,\n調理実習で作られた阪口珠未さんの「薬膳ひとり鍋」の一例と副菜。鍋はレシピ本にも収録されている（重松明子撮影）\n手足が冷たい、目が乾く、気持ちが沈む…。日常の不調を「薬膳」で整えてみては？ 苦い漢方薬のイメージは誤解である。「薬膳とは自然界の生物が持つ薬効を、季節と個々の体質や体調に応じて食べ合わせ、健康を維持増進する食養生です」。そう語る阪口珠未さん（５５）は国費留学生として北京中医薬大学と付属病院で中医学を研究し、四半世紀にわたり日本で漢方・薬膳を広めてきた。１０冊目の著書「薬膳ひとり鍋」（自由国民社）が発行２カ月で３刷と好調だ。身近な食材と簡単調理で無理なく続けられる、現代的薬膳の指南を受けた。\n\n■「母に食べさせたかった」思いが本に\n\nはぁ～、肩がこって、やる気が起きない…。「そんなときは血流を促し筋肉を強化して、思考を正常に保つ『心（しん）』の働きをサポートするイワシがおすすめ」と阪口さん。「イワシのモロッコ風トマト鍋」の作り方を教わった。\n\n「イワシの水煮缶を使っていきますね」。トマト、なす、ジャガイモを重ねた土鍋に缶詰を汁ごと加えた。薬膳でモロッコ料理？ 不思議に思うが、シルクロードの交易で中国とイスラム圏には共通の香辛料や食材が多く、多国籍な味を楽しめる自由さも薬膳の魅力らしい。野菜や果実は皮ごと使って栄養を無駄なくとる。レモンを重曹入りのお湯に沈め、ワックスを落としてから輪切りにした。\n\nこの日は、阪口さんが講師を務める日本薬科大学（本部・埼玉県）の調理実習。「にんにくをみじん切りしますが、面倒ならチューブでもいい」と阪口さんが呼びかける。「生の方が栄養価は高いが、使わないよりはチューブでも使った方がいい。継続するには、楽をすることも大切です」\n\n同大漢方薬学分野の糸数七重講師（５０）によると、「西洋医学を補完する統合医療の中でも、副作用（アレルギーを除く）がなく、安全性の高い薬膳の養生的効果が注目されている」。８年前に社会人リカレント課程の漢方アロマコース（１年制）を新設し、阪口さんを講師に迎えた。薬剤師や健康・美容サロン経営者など、毎年定員いっぱいの５０人が学んでいる。\n\n実習では、肌のくすみを取る紫キャベツとくるみのサラダ、加齢とともに減る生命エネルギー「腎精（じんせい）」をチャージする黒豆のフムス（中東などの家庭料理）、ナツメときなこ、シナモンで作ったノンシュガーの甘いお菓子も調理された。エディブルフラワー（食用花）も添えて見た目もおしゃれ。みなさんと囲んで夕飯としていただくと、イワシのうまみとクミンの香りに野菜がホックホクで、滋養が五臓六腑に染みわたるようだ。夜まで体のポカポカが続き、ぐっすり眠れた気がした。\n\n４３の鍋レシピを中心とする「薬膳ひとり鍋」は１０月の発行。人の体を構成し生命活動を維持する「気（き）・血（けつ）・水（すい）」の基礎知識から入り、改善したい症状別にレシピが探せる。冷えや頭痛、むくみ、唾液が出づらいなどの不調。目のくま、しみ、しわなど美容上の悩み、鬱やイライラ、寂しいといったメンタルヘルスまで、食養生を網羅した。１食分の鍋で野菜１８０グラム、肉・魚・豆腐などのたんぱく源が１００グラム以上取れる設計で、高齢者のフレイル（加齢による虚弱）予防にも目配りされている。\n\n「自分の母親に食べさせてあげたかった薬膳を、この本にまとめたんです」と阪口さん。遠く地方で暮らす母親は、７５歳まで民生委員（国から委任される地域ボランティア）を務めていたが、令和２年からのコロナ禍で活動休止を余儀なくされて認知症を発症、一気に進んでしまった。「不調を感じたときに大切なのは早めのケア。自分の体と対話しながら１人で作って食べることは、豊かで楽しいことだと伝えたい」\n\n家族形態にかかわらず、「孤（個）食」は、現代生活においては日常。マイナス面ばかり指摘されるが、食の自主自立であり、調理自体が認知症予防にもなる。１人用の薬膳鍋は、刻んで煮るだけでタイパ（タイムパフォーマンス）もよし。人生１００年時代の今どきグルメだった。（重松明子）,['https://newsatcl-pctr.c.yimg.jp/t/amd-img/20240103-00000040-san-000-1-view.jpg?pri=l&w=640&h=480&exp=10800'],['https://news.yahoo.co.jp/articles/fb26d7e791b55b6aa5a035bb942304d89f4ef755/images/000']
岸田首相、救命救助活動「人命第一で全力を」（産経新聞）,https://news.yahoo.co.jp/articles/e01c333017ca7ee72f45da40ffffb47d9267fb03,https://newsatcl-pctr.c.yimg.jp/t/amd-img/20240103-00000039-san-000-1-view.jpg?exp=10800,2024-01-03T11:06:38+09:00,2024-01-03T11:06:38+09:00,産経新聞,san,産経新聞,309,\n能登半島地震で避難した住民ら＝３日午前、石川県の能登町役場（斉藤佳憲撮影）\n岸田文雄首相は３日、石川県で１日に起きた能登半島地震を受けた官邸での非常災害対策本部会合で救命救助活動について「時間との勝負であることを十分に念頭に置き、人命第一で全力を尽くしてほしい」と呼びかけた。警察や消防などの人員や救助犬の増強を図る方針も強調した。\n【表でみる】能登半島付近で近年発生した震度５弱以上の主な地震\nまた、首相は被災者支援に関し「被災自治体の首長と意見交換をしたが、水、毛布、トイレを求める声があった」と指摘。「被災自治体と緊密に連携を取り合い、必要な物資の確保やインフラの復旧に全力を挙げてほしい」と要請した。,['https://newsatcl-pctr.c.yimg.jp/t/amd-img/20240103-00000039-san-000-1-view.jpg?pri=l&w=640&h=450&exp=10800'],"['https://news.yahoo.co.jp/articles/e01c333017ca7ee72f45da40ffffb47d9267fb03/images/000', 'https://www.iza.ne.jp/article/20240102-44DAXWX2GBITJL2HCZEEDZZPRE/photo/5PUJXPUDYZLPBJ6XPDPJR4RSUQ/?utm_source=yahoo%20news%20feed&utm_medium=referral&utm_campaign=related_link']"
羽田で衝突炎上の日航機、３日正午ごろから撤去開始（産経新聞）,https://news.yahoo.co.jp/articles/8085eb664287b952a7ad1c8229f417041e8b66e4,https://newsatcl-pctr.c.yimg.jp/t/amd-img/default.jpg?exp=10800,2024-01-03T11:34:09+09:00,2024-01-03T11:34:09+09:00,産経新聞,san,産経新聞,98,\n東京都大田区の羽田空港で２日に日航機と海上保安庁の航空機が衝突、炎上した事故で、日航は羽田空港Ｃ滑走路で発生した衝突事故で炎上した機体の撤収作業を３日正午ごろから開始する見込みと明らかにした。,[],[]
山城ガールむつみ・埼玉のお城出陣のススメ　「大蔵館」（後編）・地中に眠る中世ロマン（産経新聞）,https://news.yahoo.co.jp/articles/ff8744fd9999b483cace3de88ce32675e433b62c,https://newsatcl-pctr.c.yimg.jp/t/amd-img/default.jpg?exp=10800,2024-01-03T11:00:00+09:00,2024-01-03T11:00:00+09:00,産経新聞,san,産経新聞,1392,\n大蔵館（埼玉県嵐山町）は久寿２年（１１５５年）に起きた源氏のお家騒動「大蔵合戦」の舞台です。大蔵館を居館としていた源義賢と兄、源義朝が対立し、義朝の子、義平が大蔵館を襲い戦いが起きました。これにより、義賢は討ち死に、義賢の子、義仲は木曽に逃れ「木曽義仲」と呼ばれました。約３０年後の義仲と義朝の子、源頼朝の関係に影響を及ぼすような歴史的大事件「大蔵合戦」がここ大蔵館で起きたのです。\n\nこのように平安時代末期の源氏のお家騒動という歴史ロマンが詰まった大蔵館ですが、発掘調査によると鎌倉時代末期から南北朝時代にかけて築かれたことが判明し、戦国時代までの使用が指摘されています。大蔵館は鎌倉街道上道と、都幾川に沿った水陸交通の要所に位置するため、大蔵合戦が行われた平安時代末期以降も、街道や河川の見張り、軍勢の駐屯地などとして常に重要な役目を持っていたと考えられます。\n\n現在、大蔵館跡には大蔵神社が建っていて、境内にはしっかりとした土塁と櫓台と思われる高まりが残っています。調査によって大蔵館は、周囲を堀と土塁に囲まれた方形居館だったことがわかっており、その規模は東西約２２０メートル、南北約１７０メートルの範囲と想定されています。\n\n大蔵館の東側は現在道路になっていて、周辺には人家が並んでいます。この道路の改修工事の際に発掘調査が行われ、その調査によってここにお城の入り口「虎口（こぐち）」があったことが明らかになりました。検出された虎口は土塁がわずかに食い違い、さらにこの付近の堀は外側に張り出し、しっかりとした虎口を造られていたことから、ここが鎌倉街道に面した大蔵館の大手口と考えられています。また、掘立柱建物跡や井戸などの遺構も確認されています。現在は埋め戻されていますが、地中には中世の大蔵館が眠っているのです。\n\n大蔵館の周辺には歴史を楽しめる史跡や遺跡がたくさんあります。坂上田村麻呂の創建とされる鎌形八幡神社の境内には、義仲の産湯に使われたと伝わる清水が湧く井戸があります。\n\nこれらの伝承からも、鎌形八幡神社が義賢、義仲父子ゆかりの神社であることがしのばれます。また、鎌形八幡神社の近くには、義仲の愛妾、山吹が義仲を弔うために創建したとも伝わる班渓寺があり、境内には山吹の墓と伝わる五輪塔が残ります。他にも義賢の墓と伝わる五輪塔や、南北朝時代に戦いの舞台になった笛吹峠、鎌倉時代から室町時代の板碑（いたび）が残る向徳寺など、見どころにあふれています。\n\n大蔵神社の土塁の規模から、当時の様相を十分に想像することができます。\n\n現地を訪れると、いつの時代においても大蔵館が鎌倉街道上道沿いの大事な城館だったことを感じられてワクワクします。\n\n周辺の遺跡史跡を回って、平安時代から戦国時代の歴史をたっぷり楽しんでください！\n\n山城ガールむつみ\n\n歴史＆山城ナビゲーター。歴史コンサルタント。歴×トキ（レキトキ）代表、三浦一族研究会副会長、一般社団法人城組副理事、千葉城郭保存活用会副代表、千葉県匝瑳市シティ・アンバサダーなど。\n\n歴史やお城をテーマにしたイベントやツアー、講座を全国各地で多数手がける。県内でも歴史と城を使った町おこし、地域活性化の取り組みや、各地の歴史発信のための御城印発行プロデュースなどを行っている。,[],[]
日航機乗務員「管制から着陸許可復唱」　海保機との衝突事故（産経新聞）,https://news.yahoo.co.jp/articles/fadf5a87fed8ebfaff1303cee77ea475d553b93b,https://newsatcl-pctr.c.yimg.jp/t/amd-img/20240103-00000035-san-000-2-view.jpg?exp=10800,2024-01-03T10:57:22+09:00,2024-01-03T11:56:22+09:00,産経新聞,san,産経新聞,151,\n羽田空港で炎上した日航機＝３日午前（関勝行撮影）\n東京都大田区の羽田空港で２日に日航機と海上保安庁の航空機が衝突、炎上した事故で、日航の乗務員が同社の聞き取りに、管制からの着陸許可を復唱した後、着陸操作をしたと説明していることが分かった。日航が３日、明らかにした。機体に異常はなかったとしている。,['https://newsatcl-pctr.c.yimg.jp/t/amd-img/20240103-00000035-san-000-2-view.jpg?pri=l&w=640&h=365&exp=10800'],['https://news.yahoo.co.jp/articles/fadf5a87fed8ebfaff1303cee77ea475d553b93b/images/000']
三遊亭わん丈さん「面白さの最大公約数、追求したい」　１５人抜き真打ち昇進（産経新聞）,https://news.yahoo.co.jp/articles/109ce5d537bf6fb43b9ce3ab3ec22432e72c75b2,https://newsatcl-pctr.c.yimg.jp/t/amd-img/20240103-00000033-san-000-1-view.jpg?exp=10800,2024-01-03T10:30:00+09:00,2024-01-03T10:30:00+09:00,産経新聞,san,産経新聞,1808,\n高座に上がって会場を笑いの渦でつつむ三遊亭わん丈さん＝東京都千代田区の鶴めいホール（岩崎叶汰撮影）\n昔からこれといって落語に接点があったわけでもなく、むしろ、２０代半ば過ぎまではロックバンドのボーカルという伝統芸能とは縁遠いところで活動していた。この３月、１２年ぶり１５人抜きで真打ちに昇進する三遊亭わん丈（じょう）さん（４１）は、噺（はなし）家の中では「異端」に当たるのかもしれない。だが入門は２７歳とスロースターターながら、みるみる実力をつけ、今回の大抜擢が実現した。落語協会期待の星が、その決意を語る。\n\n細身の体にカジュアルなジャケットを身に着けた楽屋でのわん丈さんは、確かに落語家というよりもステージの中央でマイクを握るボーカリストを想起させる。それだけに、いったん高座に上がれば立ちどころに観客を笑いの世界にいざなってゆくその姿は、引き込まれるものを感じさせた。\n\n■雷に打たれた\n\n目の前に琵琶湖を望む大津市の出身。生まれながらに活発な性格で、小学校に上がると毎年学級委員を務めるような子供だった。「将来は映画俳優なんかになりたいな」。舞台に立つ仕事に就きたいと夢みながら育ち、福岡の北九州市立大に進むとバンドを結成した。ときは「Ｄｒａｇｏｎ Ａｓｈ（ドラゴンアッシュ）」全盛。自身もラップなどを織り交ぜた「ミクスチャー・ロック」の道をひた走った。\n\n大学を卒業後も福岡を中心にバンド活動を続け、地元のラジオ局にも出演するようになった。が、いかんせん歌だけでは食べていけない。ボイストレーナーなどで糊口をしのいでいた２７歳のとき、思った。「このままでいいのかな。自分は表に出たいんじゃないのか」と。\n\n芸能界で身を立てよう。そう決心した。ただ、コネもないアラサーがすぐに脚光を浴びるほど甘い世界ではない。履歴書を送った東京の芸能事務所は面接までこぎつけたが、採用にはいたらなかった。人生初の落語に出合ったのは、その直後のことだ。せっかく上京したのだからと、ライブハウスなどを回ってさまざまな舞台を見た。そのうちの一つが池袋演芸場。高座で和服を着た男性が一人で話し続け、客席に大きな笑いを起こしていた。\n\n「俺のやるべきことはこれだ！」\n\n見た瞬間、そう直感した。思えば小さなころから人を楽しませるのが好きで、バンドのコンサートでも客の心を引き付けようと、３０分の持ち時間の半分はおしゃべりにあてていた。落語家ほど「ドンピシャ」な職業はない。そう信じ、師匠さがしで各会場に足を運ぶうち、新宿の末広亭で三遊亭圓丈（えんじょう）さんの品のよい落語に出合う。\n\n以来、今日は埼玉、明日は千葉－。圓丈さんの行くところにどこでもついて回った。客席からいつも同じ顔がいるため、不思議に思ったのだろう。ある日、圓丈さんから「あなた、どこに住んでいるんですか？」と声をかけられた。弟子入りを志願したのは、その後まもなくのことだった。\n\n■複雑な胸中も\n\n以来、師匠の教えを忠実に守り、自ら営業することなく落語だけと向き合ってきた。今回の真打ち昇進については「最初は『（協会の）上の方々が、ちゃんと僕をみていてくれたんだ！』と、うれしくなりました」と顔をほころばす。ただ、一方で「二ツ目は実社会でいうところの大学生。冒険も許されますが、真打ちはそうはいかない社会人に当たります。もちろん昇進はありがたいですが、『もう二ツ目が終わっちゃうのか』というのが正直なところですね」と複雑な胸中も打ち明けた。\n\n稽古をつけてくれた圓丈さんは、まな弟子の真打ち昇進を見ることなく、令和３年１１月に鬼籍に入った。亡き師匠への思いも含めて、これからの抱負を尋ねると、口調にがぜん熱が帯びた。\n\n「古典か新作かを問わず、昔から落語に親しんできた方も、新しく落語を聞きにこられた方も、お客さんの誰もが楽しめるポイントがあるはず。その最大公約数を追求していきたいです」（宇都木渉）\n\n＜さんゆうてい・わんじょう＞ 落語家。昭和５７年、大津市生まれ。平成２３年４月、三遊亭圓丈さんに入門。同年７月１０日初高座。令和５年２月の第１回公推協杯全国若手落語家選手権大賞ほか、受賞歴多数。幅広いネタを披露するほか、歴史に埋もれた古典や上方落語の再編も手掛ける。怪談「牡丹灯籠」通し公演なども好評。,['https://newsatcl-pctr.c.yimg.jp/t/amd-img/20240103-00000033-san-000-1-view.jpg?pri=l&w=441&h=640&exp=10800'],['https://news.yahoo.co.jp/articles/109ce5d537bf6fb43b9ce3ab3ec22432e72c75b2/images/000']
箱根駅伝復路速報（３）７区で青学大がさらに差を広げる（産経新聞）,https://news.yahoo.co.jp/articles/1dc8bc007ddc251216cb5accd1e5a4fc9d99c579,https://newsatcl-pctr.c.yimg.jp/t/amd-img/20240103-00000034-san-000-1-view.jpg?exp=10800,2024-01-03T10:45:31+09:00,2024-01-03T10:45:31+09:00,産経新聞,san,産経新聞,299,\n駒大６区の帰山侑大（左）からたすきを受け取る７区の安原太陽＝神奈川県小田原市（佐藤徳昭撮影）\n箱根駅伝７区は、トップでスタートした青学大の山内健登が安定して先頭を走る。小田原中継所で青学大と４分１７秒差があった２位の駒大の安原太陽も懸命に前を追う。\n\n箱根・芦ノ湖を１５校とともに一斉にスタートした中大は、２年生の吉居駿恭が序盤から快調に飛ばす。１１キロすぎには右わき腹を抑えるなど厳しい表情になったが、再び好ペースを刻んだ。\n\n青学大がトップ、駒大が４分４４秒差で８区へ。城西大が３位でたすきをつないだ。中大の吉居が１時間２分２７秒（速報値）で歴代３番目のタイムで区間賞を獲得した。,['https://newsatcl-pctr.c.yimg.jp/t/amd-img/20240103-00000034-san-000-1-view.jpg?pri=l&w=443&h=640&exp=10800'],['https://news.yahoo.co.jp/articles/1dc8bc007ddc251216cb5accd1e5a4fc9d99c579/images/000']
米ハーバード大学長が辞任　「反ユダヤ主義」黙認との批判受け（産経新聞）,https://news.yahoo.co.jp/articles/47c555ca9778a5ace7d22a4266fd16a689e15b4b,https://newsatcl-pctr.c.yimg.jp/t/amd-img/default.jpg?exp=10800,2024-01-03T09:49:03+09:00,2024-01-03T09:49:03+09:00,産経新聞,san,産経新聞,692,\n【ワシントン＝渡辺浩生】大学構内の学生らの「反ユダヤ主義」的な言動を黙認してきたなどと批判が高まっていた米ハーバード大のクローディン・ゲイ学長が２日、辞任を表明した。米メディアが一斉に報じた。パレスチナ自治区ガザの戦闘激化に伴い「親イスラエル」と「親パレスチナ」で分断が深まる米有名大学で、学長辞任に発展したのはペンシルベニア大に続き２件目。\n\nゲイ学長は書簡で「並外れた試練のときをわれわれが切り抜けるため私が辞任することがハーバードの最良の利益」と述べた。ゲイ学長は昨年７月、同大最初のアフリカ系の学長として就任したばかりだった。\n\n米国の大学ではイスラエルとイスラム原理主義組織ハマスの戦闘激化に伴い親パレスチナの学生らによるイスラエル抗議デモが激化。一部の学生らはイスラエルへの暴力を正当化しているなどとして、「言論の自由」の保護を重んじた大学側の不手際との批判が高まっていた。\n\nゲイ学長への辞任圧力の契機は昨年１２月５日に下院教育労働委員会が開いた大学構内の反ユダヤ主義に関する公聴会。出席したゲイ学長は野党・共和党の議員から「ユダヤ人の集団殺害を呼びかけることは、いじめや嫌がらせに関する大学の規則に違反するのか否か」と追及され「状況次第」と回答し、「反ユダヤ主義」に曖昧な姿勢を取っていると受け取られた。\n\n同趣旨の回答をしたペンシルベニア大のマギル学長は大口寄付者からの抗議を受け１２月９日に辞任。ゲイ学長には大学の理事会組織が教職員の嘆願を受け留任支持を表明したが、政治学者として実績にも論文の盗用疑惑が急浮上。圧力に抗しきれなくなったようだ。,[],[]
箱根駅伝復路速報（２）逆転狙う駒大　青学大との差開く（産経新聞）,https://news.yahoo.co.jp/articles/9c756710f0e5f70e299bddb6b06687bbc50425b6,https://newsatcl-pctr.c.yimg.jp/t/amd-img/20240103-00000029-san-000-1-view.jpg?exp=10800,2024-01-03T09:34:12+09:00,2024-01-03T09:34:12+09:00,産経新聞,san,産経新聞,270,\n中継所でたすきを受け取り、走り出す青山学院大の7区・山内健登＝神奈川県小田原市（佐藤徳昭撮影）\n箱根駅伝６区では青学大の野村昭夢が快調に飛ばし、駒大の帰山侑大との差を広げていく。９・１キロ時点で３分１８秒とスタート時よりさらに差を広げた。\n\n後方では一斉スタートの法大の武田和馬が軽やかな走りで前を追う。当日変更で入った武田は早大、国学院大を抜き、区間賞の走りを見せた。\n\n逆転を狙う帰山は苦しい走りが続き、野村に大きく離された。２位は維持したものの最終的にその差は４分１７秒まで開いた。\n\n城西は３位でたすきをつないだ。,['https://newsatcl-pctr.c.yimg.jp/t/amd-img/20240103-00000029-san-000-1-view.jpg?pri=l&w=426&h=640&exp=10800'],['https://news.yahoo.co.jp/articles/9c756710f0e5f70e299bddb6b06687bbc50425b6/images/000']
新年映画「ゴールデンカムイ」待望の実写化、日米ゴジラ快進撃、あの消耗品軍団も（産経新聞）,https://news.yahoo.co.jp/articles/b15bb70b31bd88fc6d4c91a9e4558042012f32d9,https://newsatcl-pctr.c.yimg.jp/t/amd-img/20240103-00000028-san-000-1-view.jpg?exp=10800,2024-01-03T09:15:00+09:00,2024-01-03T09:15:00+09:00,産経新聞,san,産経新聞,1572,\n「ゴールデンカムイ」に出演する山田杏奈（萩原悠久人撮影）\n■北の大地で奮闘 山田杏奈\n\n年頭を飾る超話題作でヒロインを演じる。\n\n「私を選んでよかったと思っていただけたらいいのですが」\n\n大きな瞳に強い意志を宿して、山田杏奈（２２）が語る。\n\n累計発行部数２６００万部を突破する野田サトルの大人気漫画「ゴールデンカムイ」を実写映画化し、１９日から全国の映画館で上映する。\n\n明治末期の北海道を舞台に多大なアイヌの埋蔵金を巡り、厳しい大自然の中でクセの強いキャラクターたちがサバイバルを繰り広げるバトルアクション。主人公の杉元佐一を山﨑賢人（２９）が演じ、玉木宏（４３）、舘ひろし（７３）、眞栄田郷敦（２３）らが共演する。\n\n山田が演じるのは、北の大地を生き抜く知恵と優れた狩猟技術を持つアイヌの少女、アシリパ（リは本来は小文字）。「弱いやつは食われる！」。青い瞳に生命力をみなぎらせて語り、弓を武器に杉元を助けるヒロインだ。\n\n「実は運動が得意ではないので、アクションが大変でした」と小さな声で明かす。「熊と闘う場面もあるのですが、走って、止まるとか、そういうところから練習させてもらいました」\n\n雪の北海道などで撮影。苦労もあったが、「アシリパの実際の生活が感じられて、すごくありがたかった。生きる強さみたいなところを大事な要素として役を作りました」と役者魂で語る。\n\n少女漫画誌のモデルとして芸能界に入り、「ひらいて」「山女」など単館系映画での主演は多いが、今年は、さらなる活躍が期待される。\n\n「作品の規模に関係なく、『山田杏奈にこの役を演じてほしい』と言っていただけるような役者でいたいなって思っています」（石井健）\n\n◇やまだ・あんな 平成１３年、埼玉県出身。２３年、少女漫画誌の専属モデルとして芸能界入り。３０年のホラーサスペンス「ミスミソウ」で映画初主演。主演作はほかに「ジオラマボーイ・パノラマガール」「樹海村」「ひらいて」「山女」など。昨年１０月期のドラマ「ゼイチョー～『払えない』にはワケがある～」（日本テレビ系）でもヒロインを務めた。\n\n■ゴジラ新作モノクロ版も\n\n今年は、昭和２９年に最初の「ゴジラ」（本多猪四郎監督）が公開されてから７０年にあたる。\n\nこれを記念し、昨年公開されたのが、最新作「ゴジラ－１．０」（ゴジラマイナスワン、山崎貴監督）だ。国内外で大ヒットし、今月１２日からはモノクロ版「ゴジラ－１．０／Ｃ」（ゴジラマイナスワン／マイナスカラー）も上映する。\n\n今年は、米ハリウッドから「ゴジラ×コング 新たなる帝国」（アダム・ウィンガード監督）もやってくる。\n\n２０２１年の「ゴジラｖｓコング」（同）の続編で、「ＧＯＤＺＩＬＬＡ ゴジラ」（１４年、ギャレス・エドワーズ監督）から始まるゴジラとキングコングを中心にした米怪獣映画シリーズ「モンスターバース」の５作目に当たる。\n\n果たして日米の怪獣王は、今度は、どのような激しいぶつかり合いを展開するのか。\n\n■〝消耗品〟シリーズ４作目\n\n自ら「エクスペンダブルズ（消耗品軍団）」を名乗る命知らずの傭兵軍団が活躍するシリーズの４作目「エクスペンダブルズ ニューブラッド」が、５日から全国公開される。\n\nジェイソン・ステイサム、シルべスター・スタローン、ドルフ・ラングレンら従来の顔ぶれに、５０セント、ミーガン・フォックス、トニー・ジャー、イコ・ウワイス、アンディ・ガルシアが加入。今回の任務は国際テロリストが所有する核兵器の奪還。失敗すれば第三次世界大戦が勃発しかねない危険な任務に挑むが、大きな代償を払うことに…。監督はスコット・ウォー。Ｒ１５＋指定。米映画。１時間４３分。,['https://newsatcl-pctr.c.yimg.jp/t/amd-img/20240103-00000028-san-000-1-view.jpg?pri=l&w=443&h=640&exp=10800'],['https://news.yahoo.co.jp/articles/b15bb70b31bd88fc6d4c91a9e4558042012f32d9/images/000']
日本体操界のエース、さらなる高みへ　千葉・成田市出身の橋本大輝選手（産経新聞）,https://news.yahoo.co.jp/articles/fbe75eea163460859cb84618d582d323b9ede58b,https://newsatcl-pctr.c.yimg.jp/t/amd-img/20240103-00000030-san-000-1-view.jpg?exp=10800,2024-01-03T09:37:03+09:00,2024-01-03T09:37:03+09:00,産経新聞,san,産経新聞,1362,\n体操の橋本大輝（酒井真大撮影）\n史上最年少の１９歳での個人総合、そして種目別鉄棒の金メダルに輝いた東京五輪。個人種目では、ソウル大会の水泳１００メートル背泳ぎの鈴木大地氏＝千葉県習志野市出身＝以来、千葉県勢で３３年ぶり。五輪同一大会での複数の金は県勢初だった。\n\n３年前、県民や国民を熱狂させた成田市出身の「体操ニッポンのエース」は、パリ行きも体操競技の第１号で決めた。\n\n「この１年、まずはけがなく、良いスタートを切りたい」。しっかりと、そう前を見据える。\n\n■祖母の手料理\n\n日々のコンディション作りは欠かせない。睡眠は必ず１日８時間。マットレスやパジャマにもこだわる。\n\n食事にもこだわる。毎食サラダや果物を食べる。\n\n「千葉産の野菜はどれもおいしい。ストレスなく食べられるのがいい」\n\n祖母の久子さんの手作りで、だしがきいた揚げ出し豆腐や、ヘルシーなロールキャベツが好きだ。口にしたその瞬間、心の底からホッとできる。\n\nエネルギーを十分に得たら、いよいよ練習だ。\n\n成田市の実家暮らし。印西市にある順天堂大さくらキャンパスには、マイカーで向かう。\n\n一日に最大で４～５時間、短くても１時間半ほどトレーニングする。冬場はやや長めだ。自分のリズムを作り、本番に備える。\n\n練習メニューは高校生のころと、さほど変わらない。身体の使い方がうまくいかないと感じれば、肩甲骨を動かす可動域を作るための練習などを普段のメニューに増やしていく。\n\n「１～３月までの練習内容次第で、今年１年の試合の結果は左右されるといってもいい。五輪を制すには、準備期間のこの時期が絶対的に大切なんです」\n\n昨年１月、腰の疲労骨折が発覚し、冬場は思うように練習ができなかった。それでも結果を残すところがすごい。\n\n■県内で練習成果\n\n２人の兄を追い、６歳で同県香取市の佐原ジュニア体操クラブへ。練習場所は廃校となった同市立旧沢小学校の体育館。東京五輪では、基本を身に付けた「廃校の体育館」が話題になった。\n\n高校は片道１時間半かけ、男子体操の名門、市立船橋に通った。「自分はここで３年間やるんだ」と覚悟を持って入学したと振り返る。順大スポーツ健康科学部も迷いなく選んだ。\n\n香取で基礎作り、船橋と印西で成長－。日本が世界に誇る体操界のエースの強さは、主に千葉県で重ねてきた練習の成果だろう。\n\n「今は一番上でも、ライバルたちに抜かされる可能性がある。自分はもっとうまくなりたい」。昨日の自分を超えること、さらなる高みをいつも追い続ける。\n\n東京で団体は金を逃した。「パリではなにより団体金メダルを取りたい」\n\n座右の銘は「努力に勝る天才なし」。努力に努力を積み重ね、再び日の丸を背負い、「花の都」の大舞台に立つ。この先、どこまで成長し続けるのか。目が離せない１年が始まった。（村上智博）\n\n◇はしもと・だいき 平成１３年８月７日、千葉県成田市生まれ。市船橋高３年時に、史上２人目の現役高校生の日本代表として世界選手権に初出場。昨年秋の世界選手権は団体総合、個人総合、鉄棒の３種目を制した。大学卒業後の４月、セントラルスポーツに入社する。１６７センチ、５９キロ。,['https://newsatcl-pctr.c.yimg.jp/t/amd-img/20240103-00000030-san-000-1-view.jpg?pri=l&w=640&h=469&exp=10800'],['https://news.yahoo.co.jp/articles/fbe75eea163460859cb84618d582d323b9ede58b/images/000']
箱根駅伝復路速報（１）復路スタート青学を２分３８秒差で駒大が追う（産経新聞）,https://news.yahoo.co.jp/articles/7036b890bf93bbbeef55c369134caa699ca82816,https://newsatcl-pctr.c.yimg.jp/t/amd-img/20240103-00000027-san-000-2-view.jpg?exp=10800,2024-01-03T08:18:08+09:00,2024-01-03T09:17:45+09:00,産経新聞,san,産経新聞,269,\n青山学院大の７区・山内健登（左）にたすきをつなぐ6区の野村昭夢＝神奈川県小田原市（佐藤徳昭撮影）\n第１００回東京箱根間往復大学駅伝（箱根駅伝）の復路は３日、２年ぶりに往路優勝した青学大が箱根・芦ノ湖を午前８時にスタートした。２季連続の大学駅伝３冠を狙う駒大が２分３８秒差で追い、往路８位の大東大以下１６校が一斉スタートとなった。\n\n当日のメンバー変更で青学大は７区に山内健登、８区に塩出翔太を起用。駒大は、７区に安原太陽、１０区を庭瀬俊輝に入れ替えた。\n\n東農大は７区に１年生の前田和摩を起用し、中大は吉居駿恭を７区にした。,['https://newsatcl-pctr.c.yimg.jp/t/amd-img/20240103-00000027-san-000-2-view.jpg?pri=l&w=437&h=640&exp=10800'],['https://news.yahoo.co.jp/articles/7036b890bf93bbbeef55c369134caa699ca82816/images/000']
日本の歴史小説、世界進出の「時」は来た　永井紗耶子さんと今村翔吾さんが白熱対談（産経新聞）,https://news.yahoo.co.jp/articles/8661b7fc44563aa9ae9dc5f08f03e10b72558bc7,https://newsatcl-pctr.c.yimg.jp/t/amd-img/20240103-00000025-san-000-1-view.jpg?exp=10800,2024-01-03T08:00:00+09:00,2024-01-03T08:00:00+09:00,産経新聞,san,産経新聞,6034,\n今後の歴史小説などについて熱く語り合う作家の（左から）今村翔吾氏と永井紗耶子氏（松井英幸撮影）\n新たな気持ちで迎えた令和６年のお正月。歴史・時代小説の未来を背負っていく俊才による対談が実現しました。昨年、直木賞と山本周五郎賞のダブル受賞を果たし、本紙に小説「きらん風月」を連載した永井紗耶子さん（４６）と、創作に加えて、書店経営など出版界全体を盛り立てる活動にも力を注ぐ今村翔吾さん（３９）。直木賞作家のお二人が、本の魅力や歴史から学べること、そして壮大な夢について語り合いました。\n\n■クオリティー維持への緊張感\n\n今村 「木挽町のあだ討ち」での第１６９回直木賞受賞、おめでとうございます。僕はその３回前の第１６６回での受賞。とにかく受賞決定の日は、自分の人生で一番ＬＩＮＥのメッセージが来た日やったね。ずっと着信し続けるから、バイブでスマホが空中に浮くんちゃうかな、と思ったくらい（笑）。\n\n永井 ありがとうございます。私も、「おめでとう」を人生で一番言われたと思う。直木賞の影響力の大きさを感じましたね。\n\n今村 直木賞って不思議よね。今や売れ行きだけなら「本屋大賞」が上回っているし、ほかにも文学賞はいっぱいある。僕がデビュー前に「小説を書く」と言ったら、小学生の子供たちも「直木賞取んの？」なんて返してきた。これも歴史の長さなのかな？\n\n永井 メディアでたくさん取り上げられる文芸界のお祭りで、知名度は高い。それだけに、私自身は受賞して「賞レースの出走馬」ではなくなったんだ、と気楽で自由になった感じがある。でも当然、賞の重さからくる緊張感もあって。これからは乗りと勢いだけじゃやってられないなあ、と。\n\n今村 「これまで以上にクオリティーを担保しないとあかん」という緊張感はあるよね。僕が受賞したときは、コロナ禍の中で大勢を集めたパーティーもなくて、賞の実感がなかなか湧いてこなかった。それで家にこもって書くしかなかった。でも散漫になりやすい受賞直後の時期にそうやって書き続けたことが今の自分の足場になっているとも思う。\n\n永井 私もあのころは「作家ってやっぱり引きこもる仕事なんだよな」と実感しました。コロナの感染が急拡大したとき、ＳＮＳ上には本当にいろんな意見が飛び交いましたよね。今振り返ってみると、あの時期は「私の意見って何？」と改めて問い直す機会だったと思うんです。自分の意見を考えるにあたっては、もともとの知識が結構物を言う。そして、知識を身に付けるには、やっぱり本を読むしかないんじゃないかとも思った。\n\nだから本への入り口であり、情報発信基地でもある街の書店が果たす役割は大きい。メールで「おすすめ」が届くネット書店ではなく、リアルな書店に実際足を運んだからこそ出会える本もあるから。今村さんは書店の経営もなさっていますよね？\n\n■江戸時代に形成された知のネットワーク\n\n今村 今、全国の書店数は大体１万店余り。この２０年ほどで半分にまで減っている。とはいえ、今でも書店に行って本を買っているおじいちゃんやおばあちゃん、子供たちの姿を目にする。そういう思い出をずっと残していけたら、というのが書店経営を始めた理由の一つかな。\n\n僕ら作家は、大変な状況にある書店のために何かしたい、と思っている。でも具体的なステップを踏み出すには、書店や出版業界のことをもっと知らないといけない。五里霧中で試しているうちに、作家として、どう出版界に貢献し、どうやって生きていかなあかんのかも見えてくる。\n\n永井 読み手が育たなければ、どんなに書き手が育ってもしようがない部分もありますもんね。\n\n今村 本との出会いって、接触回数の多さに比例するのかなあと。ふらっと通りかかって本を見る、という機会が今は少ない。僕が今度佐賀駅の構内に書店を出店したのは、やっぱり人の動線の中に置きたいと考えたからです。\n\n書店経営が厳しい根本には、日本の人口自体が減っているという要因もあると思うんだけど、考えてみたら江戸時代って３千万人台の人口であれだけ多種多様な文化を維持していた。それなら今でもできるんじゃないかと。\n\n永井 本当にそう。江戸時代でも本屋さんや版元（出版社）もあって、文化のネットワークも形成されていった。そのあたりは「きらん風月」でも意識して書きましたね。\n\n今村 日本は長い間ＧＤＰ（国内総生産）とかの経済的尺度で自信を持ってきた。けれど今、アニメをはじめとする日本の文化的なものの価値が世界でも有数だと認められている。ＧＤＰで測れない文化の価値、自分たちが「オンリーワン」だと誇りを持てるようなものをもっと掘り起こしていかなあかんなと。\n\n本もその一つにはなるはずで、僕は最近、日本の時代・歴史小説は海外に出ていく準備が整ったと思ってるんです。英語圏でも、日本の歴史物を求める機運があることを実際の「声」として聞いている。これからの１０年で、どれだけ世界に出られるかが勝負だなと。\n\n永井 私も、日本の歴史に興味を持つ人がいるな、と感じることはあります。アマゾンプライムビデオやネットフリックスといったネット配信では中国や韓国の歴史ドラマが人気だし。日本の歴史物をそういった形で発信できるようになると、随分状況が違ってくるだろうなと。\n\n■自分でお金出して翻訳を…\n\n今村 今はちょっとしたアジアのブームで、中国や韓国はその機をうまくとらえて歴史物を売り出している。日本は成り行き任せで、時々アニメがヒットして…といった感じ。もっと攻めに転じてもいいと思うね。出版社が「まだ無理じゃないですか？」っていうんやったら、自分でお金を出して翻訳して海外に届ける。僕はそれくらいの自信があるし、やらなあかんなとも思ってる。\n\n永井 その際にはエンターテインメントとしての吹っ切りも必要かも。あえてちょん髷をしないキャラクターにする…とか。歌舞伎にも時代考証をあえて無視している部分もある。それが、あの伝統芸能がここまで生き残ってきた理由の一つでもあると思うんです。\n\n今村 僕も映像化の打診が来たとき、「月代つくらんでええで」っていうことがある。いろんな手を試したらいい。\n\n永井 歴史に興味を持つ入り口として、小説は最適ですよね。映像だけではよく分からない部分を補う説明を、小説ならほどよく入れられる。読んでいて頭の中に世界観を構築しやすい。\n\n今村 そう、歴史と小説は相性がいいんよ。それに形は多少違っても、歴史は繰り返す。僕はよく現代の問題を先に決め、そこから「これと同じような感情になっているのって歴史上の人物では誰やろうなあ？」と考えを広げていく。歴史小説を書くときは、そうやって逆算していくパターンが結構多い。\n\n■歴史の中にみる「現代の問題」\n\n永井 私もそう。だから今の時代を見ることがすごく重要。「商う狼 江戸商人 杉本茂十郎」を書こうとしたときには、物流や内部留保、既得権益といったまさに現代の問題が、江戸時代にも同じようにあったんだと分かった。そうしているうちに史料の「奥」が見えてくる。\n\n歴史小説は「今」をより客観的に見つめる助けになってくれる、と思うんですよ。自分が今行き詰まっていたり苦しんでいたりするポイントを歴史の中で発見し、ひょっとしたら立ち上がるためのヒントを得られるかもしれない。そういうこともあって、私はあまり強いヒーローを書こうとしないのかも。\n\n今村 僕の小説の主人公も全部負けてるわ、最近（笑）。現代の問題ということで言えば、いつかは宗教を題材にした小説を書きたいな。人と宗教の始まりって、どんなんだったんだろう？とか。\n\n永井 歴史小説はリアルな問題を扱っている。エンターテインメントではあるけれど実際の歴史を扱っている以上はファンタジーではない。\n\n今村 歴史小説ではやっぱり司馬遼太郎さん（１９２３～９６年）が巨人よね。司馬さんが亡くなったとき、僕は小学校６年生だったかな。（直木賞受賞作の）「梟の城」とか新選組を描いた「燃えよ剣」とか好きな作品はたくさんある。「二十一世紀に生きる君たちへ」という文章は今でも読み返すな。その文章の中で司馬さんは「『未来』という町角には、私はもういない」とつづって、未来を生きる僕たちにいろんな言葉を託している。その呼びかけを胸に、僕は作家をやってるのかな、とも思う。永井さんはどの作品が好き？\n\n永井 私は中学生のころ、教科書で「無名の人」を読んだのが印象深いですね。医者あがりの幕末の志士、所郁太郎という人物についてのエッセー。小説には書かなかった人物なのに、こんなにも肉薄する資料を持っていたんだと驚いた。高校生で読んだ「花神」には、魅了されて、（主人公で、近代的軍制の創設者である）大村益次郎を書くつもりでいろいろ調べていた時期があります。\n\n「竜馬がゆく」の坂本龍馬にしても新選組にしても司馬さんが発掘したという側面が大きいですよね。私も司馬さんのように自分で人物を発掘したくて、誰も小説では書かないような人を何回も取り上げてきた。「きらん風月」の主人公である戯作者、栗杖亭鬼卵もまさにそうです。\n\n司馬遼太郎さんに挑みたい\n\n今村 僕はかぶりを気にしないタイプ。書く以上は、自分の力を信じる。「（この人物は）向こう３０年はこのイメージで固定させてやる」くらいの思いがある。そういう意味で、僕が小説「じんかん」の主人公にした（戦国武将の）松永久秀はうまいことはまっていると思う。究極だけれど、今度は司馬さんにも挑みたい。\n\n永井 「竜馬がゆく」の主人公、坂本龍馬へのチャレンジですよね？\n\n今村 「竜馬がゆく」は司馬さんが一番脂ののっている時期の作品。僕も４５歳くらいで、龍馬を書けたらなあと。司馬さんと同じような時系列の一代記で、真正面から挑もうと思っている。できれば同じ新聞連載で、巻数も（文庫で）８巻でそろえようと。\n\n永井 長いものを読むのは楽しいですよね。そこから長尺の小説の面白さを改めて知る世代が出てくるかもしれない。\n\n今村 坂本龍馬について書くのもそうだけれど、僕は（ＮＨＫの）大河（ドラマの原作）もやってみたいな。永井さんはこれからしたいことある？\n\n永井 今村さんが小説「茜唄」で「平家物語」を題材にしたように、私も古典には挑戦したい。それから海外配信ドラマやお正月スペシャルドラマ（の原作）もだし…。やりたいことが多すぎて、もう絞れない（笑）。\n\n今村 夢やかなえたいことがあるとき、僕が意識するのは「まず口に出す」ということ。夢を口に出して、もしもかなわんかったときのリスクって、笑われるだけやな、って気づいたんよね。宣言したら「一緒にやろう」「応援しよう」って人も出てくる。書店経営を始めたときも、そうやっていろんな人とご縁ができた。笑われるマイナスよりプラスの方がはるかに大きい。口に出して自分を奮い立たせ、誰かと出会わせてもらって、おまけに夢もかなえられたら…。僕はそんな姿勢でいます。\n\n■自分を一番楽しい状況へ持っていく\n\n永井 私自身について言うと、結局は楽しいからずっと続いているんです。物を書くことも、調べることも、文化芸術に触れることも、全部好き。小学校の卒業文集で将来の夢を「作家」と書きはしたけれど、デビュー前はなかなか書けなかった時期もあった。そんなときは意識して別なことを楽しむようにしていたんです。結果としてそれは今になって生きている。だから自分をあまり追い詰めないことも大事。「何かをしなきゃ」って思った途端、それは夢じゃなく、義務になってしまう。\n\n好きなことに敏感になって、いつも自分を一番楽しい状況へ持っていく。その結果、夢が変わってもいいと思う。夢は一つに限らないのだから。\n\n今村 「夢はなんですか？」って聞かれたときに、日本人は職業を挙げがちよね。でも、たとえば職業ではなく、「人に喜んでもらう」という夢があってもいい。そういう夢を持ったら、たとえ第一候補の職業に就けなくても、「喜んでもらう」という思いに立ち戻れる。そして「だったら、こんなボランティアをしてみよう」というふうに夢を別の形に派生させることもできる。\n\nともかく、大人も子供もこうやって好きな夢を思う存分語れる一年になったらいいな、って思うね。\n\n永井 本当に。楽しいことをいっぱいしゃべっていた方がいいんです。\n\n■史上３人目のダブル受賞\n\n永井紗耶子さんの大きな転機となったのが、昨年１月に刊行された「木挽町のあだ討ち」（新潮社）だった。\n\n物語の舞台は、江戸時代の芝居小屋。武家生まれの美少年が父親をあやめた下男を見事に斬った「あだ討ち」の真相をミステリータッチで紡ぐ。\n\n５月にエンターテインメント小説界で権威のある第３６回山本周五郎賞を射止め、７月には第１６９回直木賞にも選ばれた。同一作品での両賞受賞は史上３人目の快挙だった。直木賞受賞決定の翌日、江戸時代の戯作者・栗杖亭鬼卵を描く産経新聞の連載小説「きらん風月」が完結した。\n\nながい・さやこ 昭和５２年生まれ。横浜市出身。慶応大卒業後、産経新聞記者やフリーライターを経て、平成２２年にデビュー。「商う狼 江戸商人 杉本茂十郎」で新田次郎文学賞。昨年、「木挽町のあだ討ち」で山本周五郎賞と直木賞。産経新聞連載の歴史小説「きらん風月」の単行本が今月、講談社から刊行される。ほかの著書に「女人入眼」など。\n\n■書店業界盛り上げに奔走\n\n今村翔吾さんは本の販売低迷に苦しむ出版、書店業界を盛り上げる活動にも取り組んでいる。子供のころ、好奇心を刺激する一冊との出会いの場をくれた書店に対する感謝の思いが、作家の背中を押している。\n\n令和３年には、閉店危機にあった大阪府箕面市の書店経営を引き継いだ。翌４年には本を通じての地域貢献などを目的にした一般社団法人「ホンミライ」を設立。全国４７都道府県の書店や学校などを巡り、講演などを無報酬で行う「今村翔吾のまつり旅」も実施した。\n\n昨年１２月には、佐賀市の佐賀駅内に「佐賀之書店」を新規出店した。\n\nいまむら・しょうご 昭和５９年、京都府生まれ。ダンスインストラクターなどを経て平成２９年にデビュー。令和２年に「八本目の槍」で吉川英治文学新人賞、「じんかん」で山田風太郎賞。「羽州ぼろ鳶組」シリーズで吉川英治文庫賞。４年に「塞王の楯」で直木賞を受けた。ほかの著書に「幸村を討て」「茜唄」など。,['https://newsatcl-pctr.c.yimg.jp/t/amd-img/20240103-00000025-san-000-1-view.jpg?pri=l&w=640&h=369&exp=10800'],['https://news.yahoo.co.jp/articles/8661b7fc44563aa9ae9dc5f08f03e10b72558bc7/images/000']
千葉ロッテドラフト３位の霞ケ浦高・木村優人投手「絶対的なエースに」（産経新聞）,https://news.yahoo.co.jp/articles/65bfd4f8993ae222c39e752827f87fe475271ccc,https://newsatcl-pctr.c.yimg.jp/t/amd-img/20240103-00000022-san-000-1-view.jpg?exp=10800,2024-01-03T07:39:54+09:00,2024-01-03T07:39:54+09:00,産経新聞,san,産経新聞,1466,\n笑顔でインタビューに応じる木村優人投手＝茨城県阿見町の霞ケ浦高（篠崎理撮影）\n新春・茨城のホープたち（中）\n\n昨年１２月７日、東京都新宿区のロッテ本社で行われた新入団選手発表会で、ドラフト３位右腕は伝統のピンストライプ（縦じま）のユニホームに袖を通した。背番号は５３。「この番号に似合った選手になりたい。『５３といえば木村』と言ってもらえるよう頑張りたい」と決意を新たにした。\n\n■あくなき探求心\n\n現在は社会人野球・日本通運の内野手として活躍する６歳年上の長兄、翔大（しょうた）さん（２４）らの影響でおもちゃのバットを振り始めたのは１歳から。軟式の少年野球チームにいた小学４年のとき「一番格好いいし、大事なポジション」と投手へ立候補して以来、マウンドに立ち続けている。\n\n霞ケ浦高では２年の新チームからエース。人一倍探求心は旺盛で「少しでも打者の近くでボールを手放したい」と股関節の可動域を広げるストレッチに取り組み、ゆったりとしたフォームから球威とキレのあるボールを投げ込む本格派へと成長を遂げた。\n\n最後の夏は、甲子園目前で涙をのんだ。７月２６日の県大会決勝。３点リードの九回、土浦日大打線につかまり、一挙に５失点して優勝を逃した。準々決勝で左足ふくらはぎに死球を受け、万全な状態ではなかったが「言い訳にならない。『自分がやらなければ』という気持ちが空回りしてしまった」と反省する。\n\n■Ｕ－１８で本領発揮\n\n１カ月後、雪辱の機会が訪れた。８月下旬にＵ－１８（１８歳以下）ワールドカップ（Ｗ杯）日本代表のメンバーに選ばれ、台湾での大会に出場。チーム初の世界一に貢献した。\n\n９月５日、１次リーグのオランダ戦では五回から登板し、最終回の七回２死一、二塁のピンチを空振り三振でしのいだ。日本は０－１で敗れたが、「県大会決勝のような気持ちの弱さは出さず、自分の投球ができた。反省を生かせた」と収穫を口にする。\n\n優勝メンバーの中からは仲のいい武田陸玖（りく）投手（１８）＝山形中央高＝がＤｅＮＡ、寺地隆成捕手（１８）＝明徳義塾高＝は同じロッテに入団が決まった。「武田とはいつか対戦の機会があるかも。寺地とは『バッテリーを組もう』と話しています」\n\n■「茨城スペシャルデー」が夢\n\nプロ入りから３～４年は体作りに励み、やがて先発ローテーションを担うのが目標だ。本拠地・ＺＯＺＯマリンスタジアムのロッテファンついては「応援が１２球団で一番熱いイメージ。早くその中で投げたいという気持ちはある」とうなずく。\n\n生まれ育った茨城への思いも強い。「（観光地としての）魅力度ランキングは低いけれど食べ物はおいしいし、自然は豊かで人も温かい。自分が活躍することで茨城の知名度を上げ、応援してくれる故郷の人に恩返しをしたい」と誓う。\n\nやがて絶対的なエースとなり、ＺＯＺＯマリンでの登板に合わせて県民の入場料が割引となる「茨城スペシャルデー」を設けてもらうのが夢だ。「そうなったら最高ですね」と目を細める。（三浦馨）\n\nきむら・ゆうと 平成１７年６月１日、茨城県土浦市生まれ。身長１８５センチ、体重は７７～７８キロを推移中。一番好きな食べ物はみそラーメン。趣味は音楽鑑賞（Ｊ－ＰＯＰ）で、好きなアーティストはｂａｃｋ ｎｕｍｂｅｒ（バックナンバー）、西野カナなど。試合前には緊張感をほぐすため、イヤホンで聴くことが多い。好きなタレントは浜辺美波。「ロッテとＣＭ契約してますからね（笑）」,['https://newsatcl-pctr.c.yimg.jp/t/amd-img/20240103-00000022-san-000-1-view.jpg?pri=l&w=532&h=640&exp=10800'],['https://news.yahoo.co.jp/articles/65bfd4f8993ae222c39e752827f87fe475271ccc/images/000']
定年退職後の健康保険どう選ぶ　国保や任意継続などが選択肢　イマサラＱ＆Ａ（産経新聞）,https://news.yahoo.co.jp/articles/7e2ce7f115eaf29b1d4a892321ebb6d4c0f6a1ed,https://newsatcl-pctr.c.yimg.jp/t/amd-img/20240103-00000019-san-000-1-view.jpg?exp=10800,2024-01-03T07:30:00+09:00,2024-01-03T07:30:00+09:00,産経新聞,san,産経新聞,863,\n定年退職したら安心して医療機関にかかるためには、何らかの健康保険に入る必要がある\nＱ 会社にいるときは会社が加入している健康保険でした。定年退職したら使えないのですか\n\nＡ 使えません。でも安心して医療機関にかかるためには、何らかの健康保険に入る必要があります\n\nＱ 選択肢がありますか\n\nＡ 再雇用や再就職で一定の条件で働く場合は、その会社の健康保険の被保険者になります。再就職しないのであれば国民健康保険に加入するか、退職前の会社の健康保険の任意継続被保険者になるといった選択肢があります。自身の収入が少ない場合には、家族が加入する健康保険の被扶養者になる方法もあります\n\nＱ 国民健康保険と任意継続のどちらにするか、選ぶポイントは何ですか\n\nＡ 国民健康保険は会社の健康保険に入っていない自営業者などが加入している保険で、保険料は収入や住んでいる市区町村によって異なります。任意継続とは、退職前の会社の健康保険に引き続き最長２年、加入できる制度です。在職中の保険料は会社と折半ですが、退職後の任意継続では全額自己負担になります\n\nＱ 全額ですか\n\nＡ 任意継続の保険料には上限が設けられていることもあるので、退職時に高収入の人だと、全額負担になっても負担はほとんど変わらないケースもあります。一方、国民健康保険の保険料は前年の収入が基なので、退職翌年にかなりの額を支払う人もいます\n\nＱ それぞれの具体的な保険料は分かりますか\n\nＡ 国民健康保険の保険料は、市区町村のホームページに算出方法などが記載されています。任意継続の保険料は退職時の自己負担分の約２倍ですが、前述のように上限がある場合もあるので、健康保険組合などで確認してください。どちらも手続きの期限が短いので要注意です\n\nＱ 定年になると自分でやることが多いです…\n\nＡ 何でもやってくれていた会社から離れるのです。今から少しずつ考えておきましょう\n\n（回答者 社会保険労務士 藥井遥（やくい・はるか））,['https://newsatcl-pctr.c.yimg.jp/t/amd-img/20240103-00000019-san-000-1-view.jpg?pri=l&w=640&h=427&exp=10800'],['https://news.yahoo.co.jp/articles/7e2ce7f115eaf29b1d4a892321ebb6d4c0f6a1ed/images/000']
亡き父との約束果たす舞台へ　パリ五輪代表の柔道・斉藤立「すべてを出し切る」（産経新聞）,https://news.yahoo.co.jp/articles/a0fd5fda86af65ecf61e7e9f798fa9956c1902df,https://newsatcl-pctr.c.yimg.jp/t/amd-img/20240103-00000026-san-000-1-view.jpg?exp=10800,2024-01-03T08:11:26+09:00,2024-01-03T08:11:26+09:00,産経新聞,san,産経新聞,1249,\n柔道男子１００キロ超級パリ五輪代表の斉藤立。色紙に「下克上」「世界一」としたためた＝東京都多摩市（斉藤佳憲撮影）\n柔道男子最重量級の伝統を担うホープにとって、特別な１年が幕を開けた。故斉藤仁氏の次男で、男子１００キロ超級の斉藤立（２１）＝国士舘大＝が初の五輪に挑む。「お父さんと約束したオリンピックでの優勝を達成できる場がくる。すべてを出し切ってやります」と決意を語った。\n\n昨年８月にパリ五輪代表に内定し、日本柔道界初となる親子２代での五輪切符を獲得。「最初からオリンピックに立つのは自分しかいないと思っていた。ここからや、という気持ちが強かった」と浮かれることはなかった。１２月のグランドスラム（ＧＳ）東京大会は右太もも裏負傷の影響もあって準決勝で敗退するなど、２０２３年は苦しんだ１年となったが「自信がなくなったわけでも、弱くなったわけでもない」と、ただ先の戦いを見据えている。\n\n１月２０日で父が亡くなって９年がたつ。五輪代表の重責を背負い、父の大きさを日増しに実感している。小、中学生時代から厳しく指導を受けてきたが、立少年にとってはあくまで一人のお父さんだった。しかし、柔らの道を進めば進むほど、功績の偉大さが分かった。「亡くなった後からは憧れになって、雲の上の存在になった。その人と同じ舞台に立てる。優勝できたらこれ以上のものはない」と思いをはせる。\n\n東京五輪で日本柔道は男女合わせて史上最多となる９個の金メダルを獲得するなど歴史的な大会になったが、当時は新型コロナウイルスに罹患（りかん）し、隔離されたホテルのベッドにいた。誇らしげにメダルを首にかける先輩の姿をテレビで見つめながら「俺は何をしているんや」とくちびるをかみしめた。この経験をバネに、はい上がってきた。\n\n明確にパリを照準に据えたのは東京五輪後の２０２１年１１月、ＧＳバクー大会。当時１９歳で、シニアでは国際大会初出場ながら、全４試合を一本勝ちして衝撃的なデビューを飾った。「俺もトップの選手として自覚を持っていいんや。オリンピックを目指す選手のところに食い込んでいっていいんや」と思いを新たにした。\n\n今後は右太もも裏の回復状況にもよるが、まずは２月のＧＳパリ大会を見据えて準備を進める。「そこで１つ爆発させるというか、いいスタートを切りたい」。五輪の〝前哨戦〟として好感触をつかみたいところだ。\n\n五輪前に大きな変化もある。春に国士舘大を卒業し、井上康生（こうせい）氏がゼネラルマネジャー（ＧＭ）を務めるＪＥＳ（ジャパンエレベーターサービス）に入る。「やるべきことが何かを考えていきたい。もうオリンピックは始まっていると思っている」と気を引き締める。\n\n日本男子の最重量級は２００８年北京五輪の石井慧（当時国士舘大）を最後に金メダルはない。パリでは五輪２連覇のテディ・リネール（フランス）ら強敵も立ちはだかるが、臆することはない。８月２日、すべてをかけて畳に上がる。（大石豊佳）,['https://newsatcl-pctr.c.yimg.jp/t/amd-img/20240103-00000026-san-000-1-view.jpg?pri=l&w=640&h=478&exp=10800'],['https://news.yahoo.co.jp/articles/a0fd5fda86af65ecf61e7e9f798fa9956c1902df/images/000']
「移民」と日本人　留学生は学生か、労働者か（上）　日本人が集まらない　従業員の９割が外国人のコンビニ（産経新聞）,https://news.yahoo.co.jp/articles/9fe046e951127ee0193a25e743c2cbf1c091d349,https://newsatcl-pctr.c.yimg.jp/t/amd-img/20240103-00000024-san-000-1-view.jpg?exp=10800,2024-01-03T08:00:00+09:00,2024-01-03T08:00:00+09:00,産経新聞,san,産経新聞,1206,\nセブン－イレブンで働くネパール人の女性ら＝昨年１２月、東京都港区（岩崎叶汰撮影）\n東京・赤坂のセブン―イレブン。同じオーナーが経営する４店舗の従業員６０人のうち９割が外国人で日本人は６人しかいない。ネパール、中国、ベトナムなどの８カ国で、半数が大学や日本語学校に通う留学生だ。\n\n■同胞が集まる理由\n\nオーナーの男性（７２）は脱サラして平成１５年に店を始めたが、人手不足は当初から深刻だった。近くの日本語学校へ何度も足を運び、アルバイトを頼んだ。\n\n一人が働き始めると、友達やその友達を誘う。さらに各国とも独自のコミュニティーがあり、交流サイト（ＳＮＳ）などを通じて知人が集まる。同じ出身国とみられる店員の割合が高いコンビニをよく見かけるのは、そんな事情もあるという。\n\nオーナーは「最近は支払い方法も多様化し、棚卸から調理、宅配便や振り込みなど仕事が煩雑化した。言葉の壁はあるが、彼らは同じ国の先輩に教わりながら難なくこなしている」\n\n同胞がいるからこそ仕事の飲み込みも早くなり、無断欠勤も少なくなる。さらに彼らの多くは「日本語を学びたい」という意識が強く、工場のような寡黙な単純作業よりも接客業を選ぶ傾向がある。洗練された日本のコンビニのユニフォームは「かっこいい」という憧れも大きいという。\n\n■トイレはびしょぬれ\n\n一方でこんな例もある。千葉県内でコンビニ３店舗を経営する男性オーナー（４８）によると、６年前、店のトイレの床がびしょぬれになる騒動が続いた。髪の毛も散乱しており、ネパール出身の留学生で２０代の男性店員が体を洗っていたと分かった。\n\n８年前はウズベキスタンから来た留学生で２０代の女性店員にレジから現金３０万円以上を持ち逃げされた。防犯カメラに一部始終が映っており警察に通報したが、すでに出国していたという。\n\n■夜勤はしない日本人\n\nそれでもこの店が今も留学生を雇っているのは、「日本人が集まらない」からに他ならない。叱るとすぐに辞めるし、決められたシフトを守れないのも大半は日本人。人手不足は特に深夜から早朝が深刻という。\n\nオーナーは「お金がなく意欲のある日本人でさえ夜間は決して入らない。だから大抵のコンビニは深夜のシフトは外国人ばかりになる。彼らに頼れないようになるなら店を閉めるしかない」\n\nコンビニ業務は「単純労働」に当たる可能性があり、外国人の単純労働を認めていないわが国では原則雇用できない。そのため本来は就労制限のない「永住者」や「日本人の配偶者等」などの在留資格者に限られるが、留学生だけは週２８時間までのアルバイトとして許可されている。\n\n国としては「なし崩し的」な雇用は防いできたという立場だが、コンビニ業界では彼らが卒業後も働ける在留資格の導入を求めている。２０２４年以降、この動きは加速するとみられる。,['https://newsatcl-pctr.c.yimg.jp/t/amd-img/20240103-00000024-san-000-1-view.jpg?pri=l&w=640&h=466&exp=10800'],['https://news.yahoo.co.jp/articles/9fe046e951127ee0193a25e743c2cbf1c091d349/images/000']
集団行動難しい４歳の息子　特別に「先生を付けたい」と言われた　原坂一郎の子育て相談（産経新聞）,https://news.yahoo.co.jp/articles/fc850e3ae17ab84c615a90d094354670f879d6b9,https://newsatcl-pctr.c.yimg.jp/t/amd-img/20240103-00000013-san-000-1-view.jpg?exp=10800,2024-01-03T07:00:01+09:00,2024-01-03T07:00:01+09:00,産経新聞,san,産経新聞,855,\nＱ\n\n保育園に通う４歳の男の子の母です。昨年くらいから園の先生に「一匹狼のようなところがあり、集団行動が難しい。気分が乗る遊びしかやらない。ごめんなさいは言えるが、すぐ同じことをする」などと言われるようになりました。本人のために先生を１人付けたほうがいいとも言われました。進学するまでに集団行動を身に付けてほしいのですが、先生を付けることがベストなのでしょうか。\n\nＡ\n\nお子さんの様子をもっと詳しく知りたいところですが、先生がそこまで言うということは、園は困っているのだと思います。何に困っているかといえば、お子さんに対してではなく、お子さんをフォローする人が足りなくて、です。\n\n国の基準では現在、４歳児クラスは子供３０人に対して先生１人の配置です。私も経験しましたが、子供が２０人でも大変でした。たとえばみんなで遊んでいるときに１人がどこかへ行ってしまうと、担任は残りの子供を置いてでも、追いかけたり探したりしないといけません。１分後に戻ったとしても、その間に残りの子供たちがトラブルを起こして…などが日常茶飯事です。息子さんは集団行動が難しいとのことですが、先生の大変さは想像できます。\n\nでも、そこに１人、保育者が増えるだけで、子供の安全を含めすべてが劇的に変わります。園の意思で担任を増やすことは難しいのですが、そこに要支援の子供がいれば予算が付き、増やすことができるのです。先生が「１人付けたい」と言うのは、早い話が息子さんを要支援児と認定できるよう協力してほしいということです。\n\nそういう話をされると憤慨される方もいますが、先生の言う「本人のためにも」というのは本当のことです。それがベストとは言い切れませんが、ベターだと私は思います。（こどもコンサルタント）\n\nプロフィル\n\n原坂一郎（はらさか・いちろう） ２３年間の保育士勤務を経て平成１６年から、こどもコンサルタントとして研究・執筆・講演活動を行う。日本笑い学会理事。自他共に認める怪獣博士でもある。,['https://newsatcl-pctr.c.yimg.jp/t/amd-img/20240103-00000013-san-000-1-view.jpg?pri=l&w=640&h=386&exp=10800'],['https://news.yahoo.co.jp/articles/fc850e3ae17ab84c615a90d094354670f879d6b9/images/000']
石川・珠洲市で震度５強（産経新聞）,https://news.yahoo.co.jp/articles/66b4c7dd4b5cb6a9a8933af7303b89baaf419b86,https://newsatcl-pctr.c.yimg.jp/t/amd-img/20240103-00000004-san-000-2-view.jpg?exp=10800,2024-01-03T02:48:22+09:00,2024-01-03T03:02:24+09:00,産経新聞,san,産経新聞,114,\n気象庁によると、３日午前２時２１分ごろ、石川県珠洲（すず）市で震度５強の揺れを観測した。この地震による津波の心配はないという。震源地は石川県能登地方で震源の深さは１０キロ、地震の規模を示すマグニチュードは５・０と推定される。,['https://newsatcl-pctr.c.yimg.jp/t/amd-img/20240103-00000004-san-000-2-view.jpg?pri=l&w=640&h=334&exp=10800'],['https://news.yahoo.co.jp/articles/66b4c7dd4b5cb6a9a8933af7303b89baaf419b86/images/000']
日航機と衝突の海保航空機長、総飛行時間は３６４１時間　機長歴は４年１１カ月（産経新聞）,https://news.yahoo.co.jp/articles/14a9851398f6baa8a4b9b89793cd86d0cfc8733a,https://newsatcl-pctr.c.yimg.jp/t/amd-img/20240103-00000002-san-000-4-view.jpg?exp=10800,2024-01-03T01:01:03+09:00,2024-01-03T12:16:20+09:00,産経新聞,san,産経新聞,388,\n羽田空港で炎上する日本航空機＝２日午後７時１４分（松井英幸撮影）\n羽田空港で２日午後、日航機と海上保安庁の航空機が衝突した事故で、海上保安庁は、海保機を操縦していた宮本元気機長（３９）の総飛行時間は３６４１時間１分だったと明らかにした。機長歴は４年１１カ月で、機長としての飛行時間は１１４９時間３３分。海保機は平成２１年３月に就航し、総飛行時間は７９１１時間１７分だった。\n【写真】羽田空港の滑走路上で炎上する日本航空の機体から逃げる乗客の様子\n国土交通省によると、日航機は海保機と衝突した後、約１千メートル離れた地点で停止。事故当時、Ｃ滑走路は２人の管制官が担当し、滑走路の担当管制官は３２年目のベテラン、誘導路の担当管制官は１７年目だった。管制塔全体では１４、１５人体制で業務を行っていたという。\n\n管制官は約２年の訓練後、資格を有して管制業務を行っている。,['https://newsatcl-pctr.c.yimg.jp/t/amd-img/20240103-00000002-san-000-4-view.jpg?pri=l&w=640&h=406&exp=10800'],"['https://news.yahoo.co.jp/articles/14a9851398f6baa8a4b9b89793cd86d0cfc8733a/images/000', 'https://www.iza.ne.jp/article/20240102-UXXUINTNFREENEZZXPDMHGGW44/photo/FBF5HOQB6FGJ5KT4S2K7IFEQGM/?utm_source=yahoo%20news%20feed&utm_medium=referral&utm_campaign=related_link']"
「着陸許可、出ていたと認識」　日本航空記者会見詳報　海保機との衝突事故（産経新聞）,https://news.yahoo.co.jp/articles/30f416c054a04277a2571fd03c9dfa677acbe30e,https://newsatcl-pctr.c.yimg.jp/t/amd-img/20240103-00000001-san-000-2-view.jpg?exp=10800,2024-01-03T00:21:49+09:00,2024-01-03T02:07:41+09:00,産経新聞,san,産経新聞,840,\n羽田空港での衝突事故について、記者会見する日本航空の幹部ら＝２日、東京・霞が関（米沢文撮影）\n羽田空港の滑走路で２日夕、日本航空と海上保安庁の機体が衝突して炎上した事故について、日航幹部は同日夜、国土交通省内で記者会見を開いた。主なやり取りは次の通り。\n【写真】羽田空港の滑走路上で炎上する日本航空の機体から逃げる乗客の様子\n■原因は運輸安全委が追究\n\n－－海保機と衝突したのは滑走路上という認識か。また、管制から日航機側に着陸指示はあったのか\n\n「滑走路上という認識だ。管制との通信は事故原因の根幹に関わるので、申し上げられない。着陸許可は出ていたという認識だが、原因追究は運輸安全委員会に、客観的に行ってもらう必要がある」\n\n－－乗員からは、事故状況についてどんな報告が上がってきているのか\n\n「聞き取り調査中だが、滑走路に通常通りの進入・着陸操作をしたところ、衝撃があって事故に至ったというところまでは確認している」\n\n－－（乗員は）海保機の存在を認識できていたのか\n\n「調査中だ」\n\n－－海保機は日航機のどこに衝突したのか\n\n「まだ情報がない」\n\n■経営への影響「確認中」\n\n－－乗客の避難誘導は適切に行われていたのか\n\n「乗員は安全最優先でお客さまの誘導をした」\n\n－－明日以降の運航への影響は\n\n「現時点では確認中のことが多々あるので、それを確認してからの判断になる。ホームページなどで案内する」\n\n－－経営への影響はあるか\n\n「もちろんあるが、詳細については確認中だ」\n\n－－機体に問題はなかったのか\n\n「異常などの報告は受けていない」\n\n－－乗客のけがの状況は\n\n「気分が悪いという４人を病院に搬送した。その他のお客さまの詳細は一人一人聞き取って確認をしている」\n\n－－自社で原因究明に向けて調査などを行う予定はあるか\n\n「運輸委による調査に全面的に協力することになる」,['https://newsatcl-pctr.c.yimg.jp/t/amd-img/20240103-00000001-san-000-2-view.jpg?pri=l&w=640&h=360&exp=10800'],"['https://news.yahoo.co.jp/articles/30f416c054a04277a2571fd03c9dfa677acbe30e/images/000', 'https://www.iza.ne.jp/article/20240102-UXXUINTNFREENEZZXPDMHGGW44/photo/FBF5HOQB6FGJ5KT4S2K7IFEQGM/?utm_source=yahoo%20news%20feed&utm_medium=referral&utm_campaign=related_link']"
羽田衝突事故、日航機側の負傷者は１４人（産経新聞）,https://news.yahoo.co.jp/articles/d12927e7b0b6cb5b7f63bdaa8b82254d5a247fc5,https://newsatcl-pctr.c.yimg.jp/t/amd-img/20240103-00000003-san-000-2-view.jpg?exp=10800,2024-01-03T01:14:14+09:00,2024-01-03T01:23:34+09:00,産経新聞,san,産経新聞,416,\n炎上する日航機を背に、避難する乗客たち＝２日午後、羽田空港（乗客家族提供）\n羽田空港で２日、日航機と海上保安庁の航空機が衝突、炎上し海保機の乗員５人が死亡した事故で、東京消防庁は、当初１７人としていた日航機の乗客らのけが人を１４人に訂正した。生存した海保機の機長と合わせ、負傷者は計１５人となった。\n【写真】「飛行機が燃えちゃった」日航機の乗客が家族に送った客席からの写真\n日航機の乗客乗員３７９人はいずれも脱出し、命に別条はない。海保機は能登半島地震の対応で新潟航空基地へ支援物資を搬送する途中だった。\n\n日航は２日、記者会見し「着陸許可が出ていたと認識している」と述べた。警視庁は２日、業務上過失致死傷容疑を視野に捜査を始めたと明らかにした。３日に東京空港署に捜査本部を設置する。\n\n国土交通省は航空事故と認定。運輸安全委員会は、航空事故調査官６人を派遣した。安全委や警視庁などの関係機関が詳しい原因を調べる。,['https://newsatcl-pctr.c.yimg.jp/t/amd-img/20240103-00000003-san-000-2-view.jpg?pri=l&w=480&h=640&exp=10800'],"['https://news.yahoo.co.jp/articles/d12927e7b0b6cb5b7f63bdaa8b82254d5a247fc5/images/000', 'https://www.iza.ne.jp/article/20240102-LP7VKUNSJ5IGTETM2TRK4IP4BA/photo/WZEB247GINIE7AEMMF63HU4V5Q/?utm_source=yahoo%20news%20feed&utm_medium=referral&utm_campaign=related_link']"
機体不具合や運行管理の問題を否定　国交省と海保の記者会見詳報　日航、海保機衝突（産経新聞）,https://news.yahoo.co.jp/articles/cdcf396613f81fc311767528322759c3bd163892,https://newsatcl-pctr.c.yimg.jp/t/amd-img/20240103-00000000-san-000-1-view.jpg?exp=10800,2024-01-03T00:03:57+09:00,2024-01-03T00:03:57+09:00,産経新聞,san,産経新聞,1763,\n羽田空港での航空機衝突事故について記者会見する国土交通省と海上保安庁の幹部ら＝２日、東京・霞が関（米沢文撮影）\n日本航空機と海保機が２日夕、羽田空港で衝突し、両機体とも炎上した衝撃的な事件。国土交通省航空局と海上保安庁は同日夜、同省内で記者会見を開いた。両省庁幹部との主なやり取りは次の通り。\n【写真】日本航空機と衝突したと見られる海上保安庁の航空機\n■滑走路上に海保機\n\n－－海保機の機長から通報があったとのことだが、他に具体的な話はなかったのか\n\n「機長からは『滑走路上で機体が爆発した。自分は脱出した。その他の乗員については不明』と通報があった。日本航空機のことを話していたかは確認中だ」\n\n－－けが人はどの程度出ているか。また、事故直前まで管制官側からはどのような指示があったのか\n\n「乗員乗客が全員無事であることは確認しているが、けが人の人数は不明。管制官とのやりとりについては確認中。事故原因について確たることを言えるような状況ではない」\n\n－－それぞれの機体がどう衝突したのか\n\n「当日は日航機が（ＡからＤまである内の）Ｃ滑走路に南側から着陸しようとしていたが、その際、Ｃ滑走路上に海保の機体があり、そのまま衝突した。どういう形で衝突したのかは詳細はまだ確認できていない。その後、日航機はＣ滑走路の北まで行って停止し、その後炎上したことまでは確認が取れている」\n\n－－日航機は正常に着陸しようとしていたということか\n\n「その通りだ」\n\n■シューターで全員脱出\n\n－－日航側からはどのような説明があったのか\n\n「まずは消防車の出動など、人命救助を優先したと聞いている。事故原因についての報告などはまだ受けていない」\n\n－－事故の発生時刻と、海保の機長から通報があった時刻は\n\n「事故発生時刻は午後５時４７分ごろ。通報があったのは同５５分ごろだ」\n\n－－海保機は何を積んでいたのか\n\n「（能登半島地震の被災地へ送る）食料や水だ」\n\n－－日航機の機内における、乗客の脱出へ向けた誘導は適切だったのか\n\n「事故が発生し、機体が停止してからすぐに脱出用のシューターで脱出が行われ、なおかつ全乗員乗客が無事避難できている。通常、こうした衝突事故の場合には火災が生じるまでの時間が非常に短いので、無事に脱出できたということは、指示は適切だったのではないかと考えている」\n\n－－滑走路復旧の見通しは\n\n「午後９時半に、Ａ、Ｂ、Ｄ滑走路では運航を再開した。Ｃ滑走路については再開めどが立たない。当面はＡ、Ｂ、Ｄ滑走路を組み合わせ、できる限りの離発着ができるように努めることになる。そのため、運航への影響はないとはいいきれない」\n\n■滑走路、１機に許可\n\n－－当該の海保機は普段、どのような業務を行っているのか\n\n「外国船の監視など海上保安業務に従事している」\n\n－－航空機同士が接触しないように、どういったルールが設けられているのか\n\n「通常、滑走路に対しては１機のみに（走行や発着の）許可を与える。管制官がパイロットに指示を出し、それをパイロットが聞いたことを証明するために復唱する、などのルールがある」\n\n－－海保機の機長から、機体の不具合の報告などはあったのか\n\n「それはなかった。運航前の整備点検でも問題はなかったと考えている」\n\n－－管制官とのやりとりは録音されているのか\n\n「通常はされている。今後は運輸安全委員会、あるいは捜査機関が事故原因について正式な調査を行うことになる」\n\n－－当時、羽田空港は混雑していたと思われる。飛行のスケジュールに無理はなかったのか\n\n「運航管理はしっかり管制が行っている。問題あったとは考えていない」\n\n－－管制官はどのような体制で勤務しているのか\n\n「当時は計２人の管制官がＣ滑走路とその周辺をケアしていた。民間機と海保機で、使用する滑走路や、やりとりする管制官が変わるわけではない」\n\n－－海保機の発着予定時間は何時だったか\n\n「羽田空港発午後４時４５分、新潟空港着午後５時５５分予定だった。出発時刻が遅れていたのかどうかは確認中だ」,['https://newsatcl-pctr.c.yimg.jp/t/amd-img/20240103-00000000-san-000-1-view.jpg?pri=l&w=640&h=360&exp=10800'],"['https://news.yahoo.co.jp/articles/cdcf396613f81fc311767528322759c3bd163892/images/000', 'https://www.iza.ne.jp/article/20240102-D2VTTHOYQBIDHDZ75O7QGSQJ2M/photo/PUIJRXNEY5O3VABKAPON6WUTV4/?utm_source=yahoo%20news%20feed&utm_medium=referral&utm_campaign=related_link']"
