headline,mainEntityOfPage,image,datePublished,dateModified,author,media_en,media_jp,str_count,body,images,external_links
“SNS型ロマンス詐欺”の捜査がきっかけ…無許可でヤミ金営んだか 会社役員の男ら3人を逮捕 1回で数万円〜数十万円貸し付けか=静岡県警（静岡放送（SBS））,https://news.yahoo.co.jp/articles/066ce140da89d3059fa3ae8ec8a1adb490c29977,https://newsatcl-pctr.c.yimg.jp/t/amd-img/20260121-22416355-sbsv-000-2-view.jpg?exp=10800,2026-01-21T20:55:26+09:00,2026-01-21T22:44:14+09:00,静岡放送（SBS）,sbsv,静岡放送（SBS）,487,"静岡放送
無許可で貸金業を営んでいたとして、東京都内に住む夫婦ら3人が警察に逮捕されました。摘発のきっかけは、SNS型ロマンス詐欺の捜査でした。

貸金業法違反の疑いで逮捕されたのは東京都目黒区自由が丘の会社役員の男（60）とその妻（65）、2人の知人で東京都練馬区貫井の無職の男（59）あわせて3人です。3人は2021年5月ごろから2025年3月ごろまでの間、内閣総理大臣または東京都知事の
登録を受けずに貸金業を営んでいた疑いが持たれています。

事件は静岡県湖西市内で起きたSNS型ロマンス詐欺事件を捜査していた警察が犯罪に使われた口座から金の流れを調べていく中で、3人が営むヤミ金の存在が浮上したということです。

このヤミ金は、インターネットの掲示板などで客を募り、メールでやりとりしたうえで、客の口座に金を振り込んでいたとみられ、1回で数万円から数十万円を貸し付けていたということです。また、返済については、郵送で行っていたとのことです。

警察は高い金利で貸し付けていたとみて、余罪を調べるとともに、組織的な犯行の可能性も含めて追及していく方針です。
静岡放送",[],[]
「うるさい車がいる」車の4か所を不正に改造し運転した疑い 25歳の男を逮捕=静岡県警（静岡放送（SBS））,https://news.yahoo.co.jp/articles/f3bb5c09a5a5ad612e244baf818cc1d5d4f42bd0,https://newsatcl-pctr.c.yimg.jp/t/amd-img/20260121-22416315-sbsv-000-4-view.jpg?exp=10800,2026-01-21T20:17:13+09:00,2026-01-21T20:38:14+09:00,静岡放送（SBS）,sbsv,静岡放送（SBS）,433,"静岡放送
2024年10月7日から2025年12月5月の間に乗用車を不正に改造し、その車を運転していたとして、25歳の会社員の男が逮捕されました。
【写真を見る】警察が公開した車両
道路運送車両法違反（不正改造の禁止）の疑いで逮捕されたのは、静岡市葵区に住む会社員の男（25）です。

警察によりますと男は2024年10月7日から2025年12月5月の間、乗用車を不正に改造し、運転した疑いが持たれています。「うるさい車がいる」と警察に通報があったということです。

警察によりますと車の不正改造は、▼マフラーが既製品でなく男が作ったものが取り付けられていること、▼車高が法的に定められたものより低いこと、▼タイヤが八の字に取り付けられていること、▼タイヤがのホイール部分がゴム部分より外にはみ出しているということの4点だということです。

男は容疑を認めているということです。静岡中央署は今後、繁華街などでの車の取り締まりを強化していきたいとしています。
静岡放送",[],[]
衆院静岡4区 元富士宮市議の中村憲一氏が立候補を検討 地域政党「減税日本」公認で=静岡（静岡放送（SBS））,https://news.yahoo.co.jp/articles/a0310a032c6b1309f717fa5c5b4a3ad19c8541db,https://newsatcl-pctr.c.yimg.jp/t/amd-img/20260121-22416278-sbsv-000-2-view.jpg?exp=10800,2026-01-21T19:47:13+09:00,2026-01-21T22:23:12+09:00,静岡放送（SBS）,sbsv,静岡放送（SBS）,478,"静岡放送
1月27日公示、2月8日投開票の衆院選で、元富士宮市議会議員の中村憲一氏（51）が21日までに、衆院静岡4区から立候補を検討していることが分かりました。

元名古屋市長の河村たかし氏が代表を務める地域政党「減税日本」の公認での出馬を目指しています。

中村氏は富士宮市出身。明治大学卒、県議の秘書を経て、2015年の富士宮市議選で初当選しました。2021年の衆院選で静岡4区から日本維新の会公認で出馬し、落選。2024年の衆院選では、日本保守党から比例東海ブロックの単独候補として擁立されましたが、落選していました。

関係者によりますと、中村氏は減税日本代表の河村氏と面会し、衆院静岡4区からの出馬を前向きに検討しているということです。SBSの取材に対して「減税日本の公認が得られれば、出馬する方向で考えている」と答えました。

静岡4区では、国民民主党現職の田中健氏と自民党現職の深沢陽一氏（比例東海）が活動しているほか、参政党公認で電気工事業を営む高田晃宏氏と、れいわ新選組公認で元県議の鈴木智氏がそれぞれ立候補を表明しています。
静岡放送",[],[]
リニア静岡工区 県とJR東海が1月24日に水資源に影響が出た場合の補償について文書を締結する方向で最終調整=静岡（静岡放送（SBS））,https://news.yahoo.co.jp/articles/4c0d95370ac0ffb176444478e32c79456a8f8b72,https://newsatcl-pctr.c.yimg.jp/t/amd-img/20260121-22416023-sbsv-000-2-thumb.jpg?exp=10800,2026-01-21T19:17:14+09:00,2026-01-21T20:37:13+09:00,静岡放送（SBS）,sbsv,静岡放送（SBS）,438,"静岡放送
リニア中央新幹線の静岡工区の着工に向け、県とJR東海が2026年1月24日、工事により大井川の水資源に影響が出た場合の補償について文書を締結する方向で最終調整していることが分かりました。
【写真を見る】リニア静岡工区 県とJR東海が1月24日に水資源に影響が出た場合の補償について文書を締結する方向で最終調整=静岡
リニア中央新幹線のトンネル工事によって大井川の水資源に影響が出た場合の補償を巡り、2025年8月、鈴木康友静岡県知事は、▼請求の期限や限度を定めないこと、▼立証の責任はJR東海が負うなどの方針を示しました。

関係者によりますと県とJR東海は1月24日、補償について流域市町や国交省の立ち合いのもと文書を締結する方向で最終調整していることが分かりました。

文書では金銭による補償についても触れるとみられます。

県の専門部会では水資源に関する対話は終了していますが、現在は、生物多様性への影響など、残された課題について議論が続いています。
静岡放送",[],[]
「捨てられるダイダイ」がお酒に! 皮を活用したリキュール開発 下田の蒸留所が挑むフードロス削減【SDGs】（静岡放送（SBS））,https://news.yahoo.co.jp/articles/8ce2a28105685d7290541e659c279a603d18d57b,https://newsatcl-pctr.c.yimg.jp/t/amd-img/20260121-22414935-sbsv-000-2-thumb.jpg?exp=10800,2026-01-21T19:15:31+09:00,2026-01-21T19:54:17+09:00,静岡放送（SBS）,sbsv,静岡放送（SBS）,1543,"静岡放送
■ダイダイの香るカクテル「ホワイトレディ」

伊豆半島名産の柑橘（かんきつ）、ダイダイは主に正月飾りとして使われますが、みかんのような生食には適しておらず、大量に廃棄されている現状があります。
【写真を見る】「捨てられるダイダイ」がお酒に! 皮を活用したリキュール開発
静岡県下田市内の蒸留所が、ダイダイの皮を原料にしたリキュールを造り、廃棄量の減少に取り組んでいます。

下田市にあるカフェバーです。この店で味わえるあるリキュールが、SDGsに貢献しています。

＜伊豆下田白浜蒸留所 伊藤広光代表＞
「『シラハマクラシック・トリプルセック・フォルテッシモ』というお酒です。ダイダイの皮の部分、表皮の薄い部分だけを削り取って、その部分をアルコールに浸漬させることで、フレッシュな新鮮な香りを抽出しています」

伊豆下田白浜蒸留所の伊藤広光（いとう・こうき）代表（28）に、ダイダイの皮を使ったリキュールでカクテルを作ってもらいました。

ダイダイの果汁と砂糖、熱海市内の蒸留所でつくられたジンを加えた「ホワイトレディ」です。

＜柴田寛人記者＞
「ダイダイの香りが鼻に漂って、いい感じですね。それでは、いただきます。甘さと辛さといい感じのバランスですごく口の中にふわっと広がって、おいしいですね」

■放置された木、捨てられる実…「衝撃受けた」

4年前に下田市の白浜海岸の近くで開業した蒸留所です。東京都出身の伊藤代表は、消費者やバーテンダーの好みに合わせた酒づくりをしたいと考え、新たに蒸留所を立ち上げることを決意。下田市白浜の空き家の所有者と出会い、その一部を蒸留所に改装しました。

＜伊豆下田白浜蒸留所 伊藤代表＞
「下田という土地を調べていく中で、特に私たちがつくりたい柑橘のお酒で、重要な素材になるダイダイがたくさんあることも知りました。下田が、私たちがつくりたいお酒にも適していて、下田に決定していった流れになります」

ダイダイには爽やかな香りとほろ苦さがあり、国内でも果実酒として使われています。伊藤代表がダイダイを使おうと決めたもう1つの理由が、「フードロス」の削減でした。
＜伊豆下田白浜蒸留所 伊藤代表＞
「（ダイダイの年間）数トンがお金も使われて廃棄されているという現状を見ました。実際に畑だったり、山を見る中でも、放置されたダイダイの木の多いこと、多いこと。そういった素材に私たちは衝撃を受けまして」

ダイダイは正月の縁起物として利用されていますが、飾られた後は生ごみとして捨てられることが多く、ポン酢やジュースなどに加工された後の搾りかすも、大半は廃棄されます。

■皮だけでなく果汁も!廃棄ゼロへの挑戦

＜伊豆下田白浜蒸留所 伊藤代表＞
「1つのダイダイに含まれる皮の部分、私たちが一番欲しい部分、実はわずか10％しかないので、果汁はその何倍もあることになります。今後商品開発をして、果汁の酸味を生かしたような、レモンサワーの素のような製品を開発していこうとは思っている」

伊藤さんは今シーズン、地元の農協から3トンのダイダイを仕入れてリキュールをつくっています。この取り組みは環境問題を解決すると評価され、2025年度の「静岡県SDGsビジネスアワード」の受賞候補になっています。

＜伊豆下田白浜蒸留所 伊藤代表＞
「私たちの課題として、皮は使っているんですけど、果肉や果汁はまだ使えていないというところで、私たちの活動を通して、『うちだったらこんなふうに使えるよ』なんてつながりができたらいいなという思いもあり、（ビジネスアワードに）参加させていただきました」

ダイダイの廃棄処分ゼロを目指す挑戦は、今後も続きます。
静岡放送",[],[]
異例の短期決戦で準備間に合わず 投票所入場券が期日前投票開始までに届かない 駅伝大会も投票日と重なり中止へ=静岡（静岡放送（SBS））,https://news.yahoo.co.jp/articles/56738c603d51dd8e54b2751d7776b88e67cdc34d,https://newsatcl-pctr.c.yimg.jp/t/amd-img/20260121-22416172-sbsv-000-2-thumb.jpg?exp=10800,2026-01-21T19:02:13+09:00,2026-01-21T19:55:23+09:00,静岡放送（SBS）,sbsv,静岡放送（SBS）,1028,"静岡放送
異例の短期決戦となった衆院選。静岡県沼津市は準備期間が短く、投票所入場券が期日前投票の開始までには届かないと発表しました。
【写真を見る】1月21日に開かれた沼津市の定例会見の様子
また富士宮市では、70回以上の歴史がある駅伝大会が投票日と日程が重なり、中止を決断しました。

■投票所入場券が期日前投票がはじまるまでに届かない

＜沼津市選挙管理委員会 大里建一郎（おおさとけんいちろう）事務局長＞
「事務手続きがということではなくて、最終的に今回の準備期間というのがやはり短くて、最終的に公示までにすべての有権者の方の手元に届くということは困難だったということでございます」

1月21日に開かれた沼津市の定例会見で選挙管理委員会は、27日に公示される衆院選の投票所入場券が期日前投票がはじまる28日には有権者に届かないと説明しました。

選管によりますと有権者約15万人の印刷を急いでも、郵便局に持ち込むのが週明けの26日。入場券が配達されるのは公示後の29日ということです。

沼津市は2024年の衆院選で一部地域の有権者約900人に入場券が届かないミスが発生しました。

この反省を踏まえて選管職員を3人増やすなど再発防止に取り組む中での今回の選挙日程。

選管は入場券がなくても選挙人名簿に登録されていれば、期日前投票、当日投票、どちらも投票できますと呼びかけています。

■スポーツイベントにも影響

真冬の決戦はスポーツイベントにも影響を及ぼしています。

富士宮市の駅伝大会のポスターに職員が貼っていたのは、開催中止を伝えるシールです。

富士宮市では1951年から毎年2月の第二日曜日に駅伝大会を実施していて、2月8日の開催に向けて準備を進めていました。

＜富士宮市スポーツ振興課 望月聖功（もちづき・まさのり）さん＞
「日程が確定するまでは、あらゆる可能性を考えて開催に向けて準備を進めていたのですが、安全に大会を開催することが事実上不可能となってしまったというところで、中止をやむなく決定した」

延期なども検討したといいますが、駅伝と選挙の両立が厳しく中止にしたということです。

＜富士宮市スポーツ振興課 望月さん＞
「半年近く準備を進めて参りましたので率直に申し上げて残念です。来年は盛大にできるように準備を進めていきたい」

解散から投票までわずか16日間という戦後最短の選挙戦、影響は広がっています。
静岡放送",[],[]
生徒獲得に向けサバイバルへ 2026年度から高校授業料が実質無償化 私立高校は追い風 公立高校は特色打ち出し対応へ=静岡県（静岡放送（SBS））,https://news.yahoo.co.jp/articles/37e15d3472148b1713d2d93133e2e7431132a083,https://newsatcl-pctr.c.yimg.jp/t/amd-img/20260121-22415706-sbsv-000-1-thumb.jpg?exp=10800,2026-01-21T18:54:18+09:00,2026-01-21T18:54:18+09:00,静岡放送（SBS）,sbsv,静岡放送（SBS）,1392,"静岡放送
受験シーズンが本格化していますが2026年度から高校の授業料が実質、無償化になります。
【写真を見る】生徒獲得に向けサバイバルへ 2026年度から高校授業料が実質無償化 私立高校は追い風 公立高校は特色打ち出し対応へ=静岡県
私立高校にとっては追い風になる一方で、苦戦が懸念される公立高校はそれぞれの特色を打ち出そうと対応に追われています。

■私立高校 特色あるカリキュラム魅力

1月17日土曜日、授業が開かれていたのは静岡市清水区の東海大学付属静岡翔洋高校。

こちらの高校では2015年から週6日制を開始。土曜日は特別なカリキュラムとして▼大学受験に向けて勉強するコース、▼部活動に打ち込むコース、▼土曜講座と呼ばれる教科書を使わない実践的なコースの3グループに分かれます。

この日の土曜講座では、シカの心臓の解剖実験が行われました。

平日の授業は1コマ50分間ですが、土曜日は75分間のため、充実した実験ができるといいます。

＜担当教諭＞
「こういう解剖もこんなにゆっくりスケッチ描いたりとかいろいろ見ていいよとじっくり観察できる時間が50分だとどうしても確保できないので、すごい貴重な時間だと思う」

こうした特色があるカリキュラムを魅力として打ち出す私立高校は、この4月から授業料が実質無償化されます。

■私立高校の授業料は実質無償化へ

2025年度まで高校生がいる家庭には、公立高校の授業料は一律に支給されていて、私立高校に関しては所得制限が設けられ、支給額の上限が設定されていました。

2026年度からは所得制限が撤廃され、私立高校の授業料の全国平均にあたる45万7000円が支給されるため授業料は実質無償化となります。

「授業料が高い」というイメージがある私立高校にとってはチャンスです。

＜東海大学付属静岡翔洋中・高校 村上英治（むらかみ・えいじ）校長＞
「公立と同じように選べるっていうか、どっちにしようかなっていう時に、私学選んでもいいかなっていう層は増えたっていう風に思っている」

■私立高校との差別化も議論に

先行して「高校無償化」に舵を切った大阪府では、私立高校の人気が上昇した結果、公立高校の志願者平均倍率が1.02倍と過去最低に。

普通科では半数近くの公立高校が定員割れとなりました。

20日、磐田市で静岡県教育委員会が開いたのは、県立高校のありかたを考える協議会。

私立高校との差別化も議論に上がりました。

＜袋井市 大場規之市長＞
「公立高校のありかた全体を考えながら、私立とのバランス、特色の出し方、地域特性を活かしていく。そんなところでしっかりと対応していかなくてはならない」

少子化が進む中、県立の高校は数が多すぎるのでは?との指摘もある中、県教育委員会は私立高校との連携も模索しています。

＜静岡県教育委員会 池上重弘教育長＞
「公立高校と私立高校で子どもたちの教育を担っていく。連携していく、いわばパートナーだと思っている。もちろん教育委員会が直接管理するわけではありませんけど、連携しながら子どもたちの教育を進めていく。そういう立場で考えています」

授業料の無償化は、受験生や保護者にとって選択肢を広げることになりますが、学校側にとっては厳しいサバイバルの始まりとなっています。
静岡放送",[],[]
浜岡原発データ不正で地元4市と県が国に直談判 「信頼覆す由々しき事態」 原子力規制庁長官「審査プロセスの確立大事」=静岡（静岡放送（SBS））,https://news.yahoo.co.jp/articles/4f7362c56a7e8e9c772f95159888e337557498ec,https://newsatcl-pctr.c.yimg.jp/t/amd-img/20260121-22415971-sbsv-000-2-view.jpg?exp=10800,2026-01-21T18:48:19+09:00,2026-01-21T19:00:35+09:00,静岡放送（SBS）,sbsv,静岡放送（SBS）,1206,"静岡放送
中部電力の浜岡原発をめぐるデータ不正問題で、静岡県御前崎市を含む地元4市と静岡県が1月21日、国に要望書を手渡しました。
【写真を見る】浜岡原発データ不正で地元4市と県が国に直談判 「信頼覆す由々しき事態」 原子力規制庁長官「審査プロセスの確立大事」=静岡
要望は中部電力への管理・監督の徹底を求めるもので、原子力規制庁の長官は「審査自体の体制の見直しも検討する」と応じました。

■「由々しき事態」地元首長が強い憤り

＜御前崎市 下村勝市長＞
「今回の浜岡原発の不正事案の件についてお願いを申し上げたいと思います」

21日午後、原子力規制庁を訪れたのは、浜岡原発が立地する御前崎市など地元4市の市長と県の副知事です。

浜岡原発の再稼働審査をめぐっては、中部電力がデータを不正に操作し、想定される地震の揺れを意図的に小さくみせていた疑いが発覚しました。

これを受けて原子力規制委員会は再稼働審査を凍結。

浜岡原発の地元自治体から向けられる目は厳しく、中部電力への監督を国に直接求めた形です。

＜御前崎市 下村市長＞
「これまでの信頼を覆す由々しき事態と捉えております。事業者に対してしかるべき指導および監視を行うことを強く要請いたします」

■規制庁長官「審査プロセスの確立大事」

＜原子力規制庁 金子修一長官＞
「我々としてもそういうこと（データ不正）が、入り込まないようなプロセスをしっかり確立するということも大事ですので、審査の見直しとか検査の中でどういうことをチェックしたらいいかとかいうことについても検討していきたいと思っております」

原子力規制庁の金子修一長官は、不正を見抜けなかった審査体制について、見直しを含め改善する意向を示しました。

＜御前崎市 下村市長＞
「長官の方から（審査の在り方の）部分も立ち返ってみるというような話があったことは、安全性の意味でも大きいと思います」

原子力規制委員会は、地震の揺れに関する不正がどのような経緯で行われたのか、中部電力への立ち入り検査も実施して明らかにする方針です。

■なぜ「基準地震動」が重要なのか?

原子力規制員会がねつ造とまで指摘したのは「基準地震動」という想定する最大の揺れです。
設備の耐震設計の前提となる基準地震動は、地震の揺れの強さ=「ガル」で表され、数値が大きいほど揺れが激しいことを示します。

過去の地震では最大で▼阪神・淡路大震災で891ガル、▼熊本地震で1580ガルなどとなっていて、2023年に規制委員会が了承した浜岡原発の基準地震動は▼1号機から4号機周辺で1200ガル、▼5号機周辺では2094ガルでした。

すでにこれまでの大地震と肩を並べるほどの揺れの強さですが、これを過小評価していたとなれば、より大きい数値が算出され、巨大防波壁などの強度も信頼性を失う可能性があります。
静岡放送",[],[]
自民と中道の一騎打ちが見込まれる静岡2区 公明票の行方次第で接戦か=静岡【衆議院選挙2026】（静岡放送（SBS））,https://news.yahoo.co.jp/articles/6ae8805108ccd583908c955ef977b4492746b54b,https://newsatcl-pctr.c.yimg.jp/t/amd-img/20260121-22415836-sbsv-000-1-thumb.jpg?exp=10800,2026-01-21T18:47:14+09:00,2026-01-21T18:47:14+09:00,静岡放送（SBS）,sbsv,静岡放送（SBS）,1370,"静岡放送
■静岡2区、公明票の行方次第で接戦が予想

事実上の選挙戦に突入した衆院選で関心を集めているのは、自民党との連立を解消し、新党「中道改革連合」を結成した公明党の支持層の票の行方です。
【写真を見る】自民と中道の一騎打ちが見込まれる静岡2区 公明票の行方次第で接戦か=静岡【衆議院選挙2026】
自民と中道の一騎打ちが見込まれる静岡2区では、公明票の行方次第で接戦が予想されています。

静岡2区の戦いは自民党の井林辰憲（いばやし・たつのり）氏と「中道改革連合」から挑む鈴木岳幸（すずき・たけゆき）氏。現職2人の一騎打ちになると見込まれています。

三つ巴だった前回選では、井林氏が約4万票の差を付けて鈴木氏に勝利しました。
（※2024年衆院選静岡2区結果自民・井林辰憲氏11万3419票、立憲・鈴木岳幸氏7万131票、参政・提坂大介氏2万2486票）

前回選の比例票で2区の公明票は約2万2000票。

この公明票を筆頭に野党勢力が結集した場合、2人の争いは接戦になる可能性があります。

■自民 井林氏は

井林氏は1月21日朝、街頭活動に精を出していました。

21日は地元企業の工場建設現場で地鎮祭にも出席するなど慌ただしく動きました。

＜自民党衆院議員 井林辰憲氏＞
「もうやるだけというかですね、お願いするだけということで、一生懸命やろうと思ってます」

井林氏は2012年の初当選以来、これまでに5回連続で選挙区で勝利しています。

連立の枠組みが変化しましたが、長年、連携してきた公明党関係者との選挙協力を引き続き模索しています。

＜自民党衆院議員 井林氏＞
「もうそれはこうなってしまったことなんでね。ただ公明党さんっていう政党は残りますので、しっかりお願いはしていきたい。構図によらずですね、訴えるべきことをしっかり訴え続けるっていうこと」

■立憲 鈴木氏は

＜立憲民主党衆院議員 鈴木岳幸氏＞
「まだ中道の旗もできていないんで。立憲民主党の旗、立ててますけど」

一方で、立憲と公明が結成した新党「中道改革連合」から選挙戦に挑む鈴木岳幸氏です。

2024年の前回選は井林氏に敗れましたが、比例区で復活当選しました。

支援組織の連合静岡から推薦状も受け取り、着々と選挙準備を進めます。

雪辱を期す今回の選挙では、公明支持層の票をどう取り込むかがカギを握りますが、あまりにも急な新党結成の動きに戸惑いも感じています。

＜立憲民主党衆院議員 鈴木氏＞
「追い風というものは正直感じておりません。いま残念ながら中道という政党はほとんどの方が知らないじゃないかと非常に厳しい情勢であることは感じております」

一騎打ちが見込まれる静岡2区。

公明票の行方が勝敗に大きな影響を与えるとみられ、候補者の戦い方にも変化がありそうです。
■公明票の行方は...

2024年10月に行われた衆院選比例代表の県内の開票状況をみますと、県内の全8選挙区の比例票で公明党に投じられた票は17万7000票余りです。

選挙区別で2区の内訳をみると約2万2000票。井林氏から鈴木氏に、この2万2000票の公明票が移ると試算した場合、井林氏と鈴木氏の票差が前回選の約4万票から約3000票にまで接近します。
静岡放送",[],[]
「私が推奨した銘柄は30パーセントの利益を達成した」SNSで投資の勧誘受けた女性が現金約2400万円騙し取られる=静岡県警・熱海署（静岡放送（SBS））,https://news.yahoo.co.jp/articles/da536ef56d3b0092c4c0b5da1a749e64afced48c,https://newsatcl-pctr.c.yimg.jp/t/amd-img/20260121-22415980-sbsv-000-1-view.jpg?exp=10800,2026-01-21T18:06:20+09:00,2026-01-21T18:06:20+09:00,静岡放送（SBS）,sbsv,静岡放送（SBS）,519,"静岡放送
2025年10月下旬から12月中旬の間に、静岡県熱海市に住む女性が、SNSで知り合った相手から、現金計約2400万円をだまし取られる詐欺事件がありました。

被害に遭ったのは熱海市に住む60代の会社員の女性です。

警察の調べによりますと、女性は、2025年10月下旬に、SNSのフェイスブックを通じて知り合った相手から、「私が推奨した銘柄は30パーセントの利益を達成した」、「私が紹介している銘柄は綿密な調査を行った上で紹介している」、「当選した者しか買えないIPO株に当選した」、「当選したら支払わなければならない」などと投資の勧誘を受け、2025年12月中旬までの間、相手に指示されるまま、10回以上にわたり現金計約2400万円を指定された口座に送金し、だまし取られたということです。

その後女性は、ダウンロードした投資専用アプリからお金を下そうとしましたが、相手から「更にお金が必要」と言われたため不審に思い警察に相談したところ、詐欺の被害にあったことがわかったということです。

警察は、「SNS上で知らない相手から投資の話が出たり、必ず利益が出るといった話は詐欺を疑って欲しい」と注意を呼びかけています。
静岡放送",[],[]
飲食店で牡蠣などを食べた10人が下痢や発熱、嘔吐などの症状 浜松市は食中毒と断定=静岡（静岡放送（SBS））,https://news.yahoo.co.jp/articles/37b1da8c5bbc461ec44d075e147135fbce0965e1,https://newsatcl-pctr.c.yimg.jp/t/amd-img/20260121-22415920-sbsv-000-1-view.jpg?exp=10800,2026-01-21T17:47:13+09:00,2026-01-21T17:47:13+09:00,静岡放送（SBS）,sbsv,静岡放送（SBS）,451,"静岡放送
浜松市中央区の飲食店で提供された牡蠣などを食べた10人が下痢や発熱、嘔吐などの症状があり、浜松市は食中毒と断定し、店に衛生状況の改善が確認されるまで営業禁止を命じました。

浜松市保健所によりますと、1月11日、浜松市中央区田町の飲食店で調理、提供された牡蠣などを食べた11人が下痢や嘔吐などの症状を発症したと店から連絡がありました。

保健所が調査した結果、11日に店で食事をした3グループ21人のうち、30歳から67歳の男女計10人が発症したということです。このうち、患者4検体の便からノロウイルスGIIが検出されました。

11日に提供された食事は、焼き牡蠣、生牡蠣、刺身盛り合わせ、カニみそグラタン、牛のたたき、サケわかめごはん、鯛汁などで、現時点で、入院した患者はおらず、全員快方に向かっているということです。

浜松市では食中毒と断定し、店に対し、1月21日から衛生状況の改善が確認されるまで営業禁止を命じました。

浜松市における食中毒の発生は2026年で初めてです。
静岡放送",[],[]
学歴詐称疑惑で刑事告発 田久保真紀・前伊東市長に警察が事情聴取要請 本人は「応じる」意向 =静岡（静岡放送（SBS））,https://news.yahoo.co.jp/articles/948a4657f0ab882520556df5cd028c637a00c7a3,https://newsatcl-pctr.c.yimg.jp/t/amd-img/20260121-22415407-sbsv-000-2-thumb.jpg?exp=10800,2026-01-21T16:15:32+09:00,2026-01-21T19:47:13+09:00,静岡放送（SBS）,sbsv,静岡放送（SBS）,493,"静岡放送
■警察が任意の事情聴取を要請

学歴詐称疑惑が指摘され、公職選挙法違反などの疑いで刑事告発されている田久保真紀（たくぼ・まき）前伊東市長に対し、警察が任意の事情聴取を要請していたことがわかりました。

1月21日、田久保前市長は取材に対し「事情聴取にはいかないつもりはない」と話しました。

静岡県伊東市の田久保前市長は、初当選した市長選挙の際に虚偽の経歴を報道各社に伝えたり、市議会の百条委員会で卒業証書とされる書類の提出を拒否したりしたとして、公職選挙法違反や地方自治法違反などの疑いで刑事告発されています。

2026年1月に入り、警察が田久保前市長に対して、任意の事情聴取に応じるよう要請していたことが本人への取材でわかりました。

■「弁護士と日程調整している」

1月21日、田久保前市長はSBSの取材に対し、次のように答えました。

＜田久保真紀 前伊東市長＞
「弁護士と一緒に候補日の調整をしている。事情聴取にはいかないつもりはない」

警察はすでに、伊東市議会の議員や市役所の職員らに事情聴取を行っており、前市長本人への聴取で捜査を進める方針です。
静岡放送",[],[]
衆院選の投開票日と重なって⋯76回目迎える伝統の駅伝大会中止 スタッフ確保難しく安全面考慮=静岡・富士宮市（静岡放送（SBS））,https://news.yahoo.co.jp/articles/0b75c3276005f9d79613f0f96cce0c7d3f7cb9d3,https://newsatcl-pctr.c.yimg.jp/t/amd-img/20260121-22415416-sbsv-000-1-view.jpg?exp=10800,2026-01-21T16:06:18+09:00,2026-01-21T16:06:18+09:00,静岡放送（SBS）,sbsv,静岡放送（SBS）,593,"静岡放送
静岡県富士宮市は1月20日、2026年で76回目を迎え、2月8日に開催予定だった歴史ある駅伝大会を中止すると発表しました。衆院選の投開票日と重なったためです。
【写真を見る】衆院選の投開票日と重なって⋯76回目迎える伝統の駅伝大会中止 スタッフ確保難しく安全面考慮=静岡・富士宮市
富士宮市の駅伝大会のポスターに職員が貼っていたのは、開催の中止を伝えるシールです。

富士宮市では、1951年から毎年2月第2日曜日に駅伝大会を実施していて、2月8日の開催に向けて準備を進めていた矢先でした。

＜富士宮市教育部スポーツ振興課　望月聖功さん＞
「日程が確定するまでは、あらゆる可能性を考えて開催に向けて準備を進めていたのですが、駅伝大会と同じ日になってしまったということで安全に大会を開催することが事実上不可能となってしまったというところで、中止をやむなく決定した」

投開票日との同日開催や、日程の延期など、あらゆる方法を検討したといいますが、交通規制や人員の確保、何よりも多くの人の安全面を考慮して、中止にしたということです。

＜富士宮市教育部スポーツ振興課　望月聖功さん＞
「半年近く準備を進めて参りましたので率直に申し上げて残念です。来年は盛大にできるように準備を進めていきたい」

なお、今回の大会には、市内外から204チーム約1800人が参加予定でした。
静岡放送",[],[]
「準備期間がやはり短い」衆院選“期日前投票”開始前に投票所入場券が間に合わない 選管が発表=静岡・沼津市（静岡放送（SBS））,https://news.yahoo.co.jp/articles/2e659c3c1c9c7e3e947c02025064cb6c38357faa,https://newsatcl-pctr.c.yimg.jp/t/amd-img/20260121-22415195-sbsv-000-1-view.jpg?exp=10800,2026-01-21T15:10:25+09:00,2026-01-21T15:10:25+09:00,静岡放送（SBS）,sbsv,静岡放送（SBS）,919,"静岡放送
前回の衆院選で一部の有権者に投票所入場券が届かないミスがあった静岡県沼津市は、1月27日公示の衆院選が超短期間で実施されることから準備期間が短く、投票所入場券が期日前投票の開始までには届かないと1月21日の会見で発表しました。

＜沼津市選挙管理委員会　大里建一郎事務局長＞
「（投票所入場券は）おおむね1月29日の木曜日から順次発送される見込みとなっております。このため、期日前投票が始まる1月28日水曜日に有権者の皆様のお手元に投票所入場券が届いていない状況となります」

21日に開かれた沼津市の定例会見で、市選挙管理委員会は1月27日に公示される衆議院議員総選挙の投票所入場券が期日前投票がはじまる28日には有権者に届かないと説明しました。

選管では、1月10日の総務省からの事務連絡を受けて速やかに入場券の準備を進めていますが、解散から投票までわずか16日間という戦後最短の総選挙で、印刷会社での入場券用紙印刷や、市役所で有権者の住所・氏名約15万人分の印刷を急いでも、郵便局に持ち込むのが1月26日（月）で、入場券は1月29日（木）から順次配達されるということです。

このため、期日前投票がはじまる28日には間に合わないということです。

＜沼津市選挙管理委員会　大里建一郎事務局長＞
「事務手続きということではなくて、最終的に今回の準備期間というのがやはり短くて、最終的に公示までにすべての有権者の方の手元に届くということは困難だったということでございます」

沼津市は2024年10月の前回衆院選で、投票所入場券の文面を市役所で印刷した際に、504枚・911人分の作成漏れに気づかず、一部地域の有権者に入場券が届かないミスが発生しました。

この反省を踏まえて、選管には職員が3人増員され、市役所で印刷した入場券は全て1枚ずつ手で数えて100枚ずつの束にする「全件チェック」で再発防止に取り組んでいます。

沼津市選挙管理委員会では、投票所入場券は1月29日から2月初めには届く見込みで、「入場券が無くても選挙人名簿に登録されていれば、期日前投票、当日投票どちらも投票できます」と呼びかけています。
静岡放送",[],[]
今季「最長寒波」静岡県東部の山間部でも雪 交通障害や路面凍結に注意必要（静岡放送（SBS））,https://news.yahoo.co.jp/articles/5016c98fc995f6d20a285a3905ac55dbebfb9aab,https://newsatcl-pctr.c.yimg.jp/t/amd-img/20260121-22414518-sbsv-000-3-thumb.jpg?exp=10800,2026-01-21T12:38:16+09:00,2026-01-21T12:57:17+09:00,静岡放送（SBS）,sbsv,静岡放送（SBS）,463,"静岡放送
上空に強い寒気が流れ込み、静岡県東部地区の山間部では1月21日未明から雪が降り始め、雪かきなどの対応に追われています。
【写真を見る】今季「最長寒波」静岡県東部の山間部でも雪 交通障害や路面凍結に注意必要
＜杉村直美記者＞
「午前9時の小山町須走です。いまも雪が舞っていて、あたり一面雪景色となっています」

小山町須走では21日朝、雪が積もっていて、商店街にある信用金庫の職員が雪かきに追われていました。

＜信用金庫職員＞
「（雪かきは）今シーズン初めてです。去年は3回か4回ぐらいやった、これからそんなシーズンになるのかなと思っているので、ちょっと戦々恐々としていますけど、こんなに雪が降ることはめったにないことだから気を付けていかないと」

21日の最低気温は、浜松市佐久間で-4.5℃、御殿場で-2.7℃、菊川牧之原で-1.8℃となっています。

22日正午までに予想される24時間降雪量は、東部の山地の多いところで5センチ程度となっていて、引き続き雪による交通障害や路面の凍結に注意が必要です。
静岡放送",[],[]
「凧」や「音楽」でインドの小学校とオンライン交流=浜松市立城北小学校（静岡放送（SBS））,https://news.yahoo.co.jp/articles/88962775775229e35064adbf03a3b1b5800e1f13,https://newsatcl-pctr.c.yimg.jp/t/amd-img/20260121-22414119-sbsv-000-2-thumb.jpg?exp=10800,2026-01-21T12:22:13+09:00,2026-01-21T12:51:19+09:00,静岡放送（SBS）,sbsv,静岡放送（SBS）,458,"静岡放送
浜松市の小学校が1月20日、インドの小学校と「凧」や「音楽」を通じたオンラインの交流会を行いました。
【写真を見る】「凧」や「音楽」でインドの小学校とオンライン交流=浜松市立城北小学校
交流会を行ったのは、浜松市の城北小学校の5年生とインド・グジャラート州のアーメダバード市の小学校に通う子どもたちです。

両校は2025年6月から楽器メーカーのヤマハが橋渡し役となって、交流を深めてきました。

この日は、それぞれの児童が楽器を演奏して自分たちが住む地域を紹介したほか、「どんな勉強をしているのか」や「給食のメニュー」などを質問し合いました。

また、城北小学校の児童がデザインし遠州織物で作った凧がインドに届けられました。

＜児童＞
「（凧が）インドに渡って（学校で）飾ってもらえたらうれしい」」

「インドはカレーのイメージだったけど音楽や祭りとかもありインドはすごいと思った」

6000キロ以上離れた2つの街の小学生同士の交流は、その距離をあっという間に縮める貴重な機会となりました。
静岡放送",[],[]
110番の適切な利用と自転車のヘルメット着用呼び掛け 自転車競技の佐藤水菜選手が一日警察署長=静岡・伊豆の国市（静岡放送（SBS））,https://news.yahoo.co.jp/articles/4b8f848b35f7238869f4297ae34b033f70986acd,https://newsatcl-pctr.c.yimg.jp/t/amd-img/20260121-22414116-sbsv-000-3-thumb.jpg?exp=10800,2026-01-21T12:12:18+09:00,2026-01-21T12:59:13+09:00,静岡放送（SBS）,sbsv,静岡放送（SBS）,464,"静岡放送
静岡県伊豆の国市で自転車競技の佐藤水菜選手が1月15日、伊豆中央警察署の一日警察署長を務め、110番の適切な利用と自転車のヘルメット着用を呼びかけました。
【写真を見る】110番の適切な利用と自転車のヘルメット着用呼び掛け 自転車競技の佐藤水菜選手が一日警察署長=静岡・伊豆の国市
一日署長を務めたのは、伊豆の国市に練習拠点を置く自転車競技の佐藤水菜選手で、110番の適切な利用などを呼びかけました。

県警によりますと、2025年1月から11月までで、県警に寄せられた110番通報の件数は16万2841件で、そのうち約20％が「ゴキブリが出た」とか「不安で眠れない」といった不要不急な通報でした。

＜佐藤水菜選手＞
「友達感覚で（110番を）かけてしまっているような感じがするので、しっかりと
＃9110の普及をもっとして
、そっちを身近な存在になって相談してもらえたら」

佐藤選手は伊豆の国市内で、2026年4月から導入される自転車の青切符制度にあわせ買い物に訪れた人たちに交通安全を呼び掛けました。
静岡放送",[],[]
JR東海道新幹線 静岡駅〜掛川駅間のトンネル内で重さ4.4kgのコンクリート片落下（静岡放送（SBS））,https://news.yahoo.co.jp/articles/7874a7a0cd9d71e5be7c86e2c338facc8c202902,https://newsatcl-pctr.c.yimg.jp/t/amd-img/20260121-22414431-sbsv-000-3-view.jpg?exp=10800,2026-01-21T11:54:21+09:00,2026-01-21T12:29:15+09:00,静岡放送（SBS）,sbsv,静岡放送（SBS）,510,"静岡放送
JR東海の発表によりますと、1月21日（水）午前4時20分頃、東海道新幹線 静岡駅〜掛川駅間のトンネル内に、コンクリート片が落下していることを点検していた作業員が発見しました。調査したところ、トンネル上部のコンクリートの一部であることが判明したということです。
【写真を見る】JR東海道新幹線 静岡駅〜掛川駅間のトンネル内で重さ4.4kgのコンクリート片落下
コンクリート片が落下していたのは、 静岡県島田市湯日の東海道新幹線 静岡駅〜掛川駅間の第一高尾山トンネル内で東京方坑口から約16mのところです。

落下していたコンクリート片は重さ約4.4kgで、大きさは縦15cm×横25cm×厚さ11.5cmです。

落下の原因は調査中ということです。

コンクリート片落下に伴う東海道新幹線の運行への影響はなく、けが人の情報はないということです。

JR東海によりますと、当該箇所の目視点検を実施し、これ以上直ちに落下する可能性が無いことを確認しているということです。またその他のトンネルについては直近の検査で異常は認められていないということですが、21日深夜から緊急点検を実施する予定ということです。
静岡放送",[],[]
