headline,mainEntityOfPage,image,datePublished,dateModified,author,media_en,media_jp,str_count,body,images,external_links
エビチリも餃子も半額！バーミヤンの超お得クーポンに注目集まる「安っ！！！」「ああ素晴らしい」（東京バーゲンマニア）,https://news.yahoo.co.jp/articles/196d068c391b5be1817d739730d19335dee62910,https://newsatcl-pctr.c.yimg.jp/t/amd-img/20250423-00000002-tkybgmnv-000-3-view.jpg?exp=10800,2025-04-23T18:16:00+09:00,2025-04-23T20:14:05+09:00,東京バーゲンマニア,tkybgmnv,東京バーゲンマニア,378,"東京バーゲンマニア
2025年4月23日現在、バーミヤンでは「新生活応援！超得半額クーポン」を公開しています。
半額は太っ腹すぎ...
東京バーゲンマニア
半額になるのは、本格焼餃子（6個）・山盛りフライドポテト・海老のチリソース（小皿）・キッズラーメンセット・キリン 一番搾り生ビール（中ジョッキ）・ハイボール。
一品料理やアルコールだけでなくキッズメニューも対象なので、家族で楽しめるのも嬉しいポイント。
そのほかにも18品のクーポンが出ています。
味玉バーミヤンラーメンや油淋鶏、レタスチャーハン、海老やきそば、中華丼、酸辣湯麺は110円引きに。
「安っ!!!　」「ああ素晴らしい」「エビチリと餃子が半額ならいくでしょ」と、SNS上でも驚きの声が上がっています。
注文端末に画像のクーポン番号を入力すると使用できます。
クーポン期限は5月28日まで。",[],[]
【ガスト】神クーポンきたー！50品以上が最大200円お得でGWのおでかけにも嬉しい...。《4月30日まで》（東京バーゲンマニア）,https://news.yahoo.co.jp/articles/cc26e6fe2b2aecf93724a87c8703c7ec173a5ace,https://newsatcl-pctr.c.yimg.jp/t/amd-img/20250423-00000001-tkybgmnv-000-1-view.jpg?exp=10800,2025-04-23T17:18:00+09:00,2025-04-23T17:18:00+09:00,東京バーゲンマニア,tkybgmnv,東京バーゲンマニア,451,"東京バーゲンマニア
2025年4月23日現在、ガストの公式Xがクーポンに関する投稿をしています。
家族みんなが喜ぶメニューに使えるクーポンどっさり
東京バーゲンマニア
春のおトクーポン祭と題し、51枚ものお得なクーポンを公開しました。
東京バーゲンマニア
注文端末に画像のクーポン番号を入力すると使用できます。
たとえば、「チーズINハンバーグ」は70円引き、「山盛りポテトフライ」は100円引きに。小学生以下限定のおもちゃ＆ドリンクバー付き「ラッキーチーズINハンバーグセット」やモーニングメニューの「目玉焼き＆ベーコンソーセージセット」と「スクランブルエッグ＆ベーコンソーセージセット」は120円引きで楽しめます。
そしてアサヒスーパードライ（ジョッキ）は、200円引きに。お酒好きにも嬉しいクーポンもあります。
SNS上では、「クーポンありがたい」「ガストはいつだって、酒が欲しいタイミングでクーポンを配っている」「ハイボールまた200円だ！行きたい！」とクーポン配布に喜びの声も上がっています。",[],[]
【しまむら今週のチラシ】1000円以下で買えるの神コスパすぎん？UV対策パーカ・フレアパンツなどの夏服は「大創業祭」でまとめ買い！（東京バーゲンマニア）,https://news.yahoo.co.jp/articles/6a75addeea8b00097c934941184a97e86433b0f1,https://newsatcl-pctr.c.yimg.jp/t/amd-img/20250423-00000000-tkybgmnv-000-2-view.jpg?exp=10800,2025-04-23T12:57:31+09:00,2025-04-23T13:00:18+09:00,東京バーゲンマニア,tkybgmnv,東京バーゲンマニア,734,"東京バーゲンマニア
ファッションセンターしまむらが毎週発行しているチラシより、2025年4月23日から27日までの期間で買えるお得な商品を紹介します。
普段使いしやすい万能アイテムがこの安さ...！？
東京バーゲンマニア
今週は「大創業祭」を開催中で、今だけの大特価アイテムが集結。220円から2200円までの価格で、これからの季節に活躍する商品を展開しています。
中でも、レディースのファッションアイテムは充実の品揃え。
東京バーゲンマニア
夏の雰囲気が漂うボーダー柄の「Tシャツ各種」や適度なフィット感とフレアの裾元で美脚効果が狙える「パンツ各種」、二の腕などをカバーしながら一枚で爽やかなムードが漂う「シャツ」などは、なんと550円で販売。デイリー使いしやすいアイテムが税抜き500円とは、お買い得すぎます......。
東京バーゲンマニア
紫外線が気になるこれからの季節に欠かせない「UV対策パーカ各種」は、衝撃の770円。指先や首元まで徹底的にガードできるデザインが、1000円以下で手に入るビッグチャンス。コスパ重視でUV対策ウェアを探している人は、今週のしまむらが狙い目です。
細身のシルエットで上品にトレンド感を取り入れられる「カーゴパンツ」やナチュラルな雰囲気でゆったりと体型カバーができる「チュニックシャツ各種」なども、770円です。
インナーやバッグ、シューズまで登場し、夏に欠かせないアイテムは一通り揃いそう。
メンズとキッズアイテムも展開しているので、家族みんなでお得に買い物を楽しめます。
対象の特価商品は、1点につき1人2点まで。すべて数量限定です。
※画像は公式サイトより。
東京バーゲンマニア編集部
Written by:  梅谷りな",[],[]
