headline,mainEntityOfPage,image,datePublished,dateModified,author,media_en,media_jp,str_count,body,images,external_links
ＭＡＪ　サカナクションが最優秀楽曲賞など最多８冠獲得！「怪獣」の大ヒットで無双状態（デイリースポーツ）,https://news.yahoo.co.jp/articles/ee7e4bd69f15a2997591636700bd62d6f738cf87,https://newsatcl-pctr.c.yimg.jp/t/amd-img/20260613-00000161-dal-000-3-view.jpg?exp=10800,2026-06-13T23:36:44+09:00,2026-06-13T23:44:42+09:00,デイリースポーツ,dal,デイリースポーツ,471,"最優秀楽曲賞を受賞したサカナクション
日本最大規模の国際音楽賞「ＭＵＳＩＣ　ＡＷＡＲＤＳ　ＪＡＰＡＮ　２０２６」（ＭＡＪ）の授賞式が１３日、東京・ＴＯＹＯＴＡ　ＡＲＥＮＡ　ＴＯＫＹＯで開催された。アジア版グラミー賞を目指し、昨年新設された日本発の国際音楽賞。主要６部門を含む７８部門が発表され、サカナクションがスタッフ賞を含めて最多８冠に輝いた。

　サカナクションは「怪獣」の大ヒットが評価され、無双状態に。最優秀楽曲賞、最優秀ミュージック・ビデオ作品賞、最優秀ロック楽曲賞、最優秀アニメ楽曲賞、最優秀ロックバンド／ソロアーティスト賞などを獲得した。夜の部の授賞式はオープニングとして同曲をパフォーマンスし、授賞式にふさわしい壮大な雰囲気作りをになった。

　ボーカル・山口一郎（４５）は「３年前に活動休止しました。僕がうつ病を患ったからです。なんとか踏ん張り、復活しました」とここまでの軌跡を振り返り、休養明け一発目にリリースした楽曲が「怪獣」だと明かして「評価していただいて、まだまだ頑張れるなと勇気をもらいました」と目を潤ませていた。",[],[]
手にはシャネルの高級バッグ　五輪メダリストがオフショット投稿「いいお買い物ができたよ～！」　ＳＮＳ「コーデすごく似合ってる」（デイリースポーツ）,https://news.yahoo.co.jp/articles/95ec748a181bd608efd9bd7fc5e4db03c1813eaa,https://newsatcl-pctr.c.yimg.jp/t/amd-img/20260613-00000160-dal-000-4-view.jpg?exp=10800,2026-06-13T23:23:41+09:00,2026-06-13T23:33:17+09:00,デイリースポーツ,dal,デイリースポーツ,292,"志田千陽
２４年パリ五輪バドミントン女子ダブルス銅メダリストの志田千陽が１３日、自身のインスタグラムを更新。「ずっとずっと楽しみにしていたお買い物の日　出合いに恵まれた１日で、いいお買い物ができたよ～！とても楽しい日を過ごせました」とつづり、オフショットを投稿した。
【写真】シャネルのバッグに白トップス＆デニム姿　オフショットが可愛すぎる
志田は大きなフリルのついた白のトップスに、ルーズなワイドデニム姿。シャネルの高級バッグを手にした。

　フォロワーからは「とても楽しそう」「どんな服を着てもとても美しい」「このコーデすごく似合ってる」「爽やかすぎ」などとコメントが寄せられた。",[],[]
さんま、ラジオで中村玉緒さんしのぶ「心にポカンと穴が開いたよう」「笑いの神は逃げなかった」（デイリースポーツ）,https://news.yahoo.co.jp/articles/9622a11463a76e898ead552ac587951e546a0069,https://newsatcl-pctr.c.yimg.jp/t/amd-img/20260613-00000159-dal-000-6-view.jpg?exp=10800,2026-06-13T23:15:27+09:00,2026-06-13T23:29:24+09:00,デイリースポーツ,dal,デイリースポーツ,557,"明石家さんま
明石家さんま（７０）が１３日、ＭＢＳラジオ「ヤングタウン土曜日」に出演。９日に肺炎のため８６歳で死去した俳優の中村玉緒さんをしのんだ。
【写真】バラエティー番組で何度も共演で笑いかっさらた中村玉緒さん＆さんま
さんまは「玉緒さんはもうかなり前から、病気でいらっしゃったんで。何年も前から、つもりはできていた。娘さんから連絡いただいた時は『そうですか』っていう感じで、心にポカンと穴が開いたようになって」と心境を明かした。

　「お母さん」と呼んでいた玉緒さんと「さんまのスーパーからくりＴＶ」「さんま・玉緒のお年玉あんたの夢かなえたろかＳＰ」などのバラエティー番組で共演。「『夢かなえたろか』っていう番組がお母さん、大好きやった。終わるたびに『次、いつでっか？』って聞かはる」と振り返った。

　さんまは「また『夢かなえたろか』ってなるんで、俺らが行くのはだめですってなっていた」とあえて見舞いに行かなかったことを説明した。

　さんまは「お母さんには、さんざんお世話になった。本当にがんばってくれて、本当に笑いの神が、内山信二と、中村玉緒さんだけには住み着いた」と絶賛した。「玉緒さんは（笑いの神は）逃げなかった。本当に、お母さん、どうもありがとうございました。もう、感謝しかありません」と悼んだ。",[],[]
うわっ！突然の星野源「金髪になってる！」「今こんな雰囲気なんだ」【ＭＡＪ】雰囲気ガラリに騒然「誰か分からん」「髪型メロすぎる」菅田将暉がインタ（デイリースポーツ）,https://news.yahoo.co.jp/articles/7a2bc3f28b22ddbf4dc48ff396a574594d1363d5,https://newsatcl-pctr.c.yimg.jp/t/amd-img/20260613-00000158-dal-000-10-view.jpg?exp=10800,2026-06-13T23:13:02+09:00,2026-06-13T23:23:00+09:00,デイリースポーツ,dal,デイリースポーツ,481,"司会を務めたのは森香澄。レッドカーペットにも登場（撮影・西岡正）
国内最大規模の国際音楽賞「ＭＵＳＩＣ　ＡＷＡＲＤＳ　ＪＡＰＡＮ　２０２６」（ＭＡＪ）の授賞式が１３日、東京都内で行われた。
【写真】金髪になってる！突然登場した星野源に騒然　髪型メロすぎ
ＮＨＫで中継され、山下達郎の「Ｔｉｍｅｌｅｓｓ　Ｅｃｈｏ」を受賞を伝えた場面では、進行の菅田将暉が祝福し、フロアで星野源にコメントを求めた。

　テーブルに座っていたダークスーツ姿の星野はウエーブの金髪。かなり雰囲気を変えていた。

　このもようがネットでも話題となり「星野源金髪になっててエグい」「急に星野源さん！」「新髪型メロすぎる」「黒髪じゃない」「星野源と菅田将暉のツーショットをこの目に焼き付ける」「ＭＩＵ４０４」「星野源久しぶりに見たな　今こんな雰囲気なんだ」「黒髪じゃないと誰かわからないな」「星野源さんの髪色よいね～今こんなんなんや」「髪色ハイトーン素敵すぎますね」「星野源の独特な雰囲気は言葉にできない」「髪染めたら誰か分からん」「星野源の無駄遣い感すごくないか」と反応する投稿が集まった。",[],[]
新庄監督猛プッシュ！？「投票してくださいって言ってる訳じゃないですよ」　水野、田宮のプレーを称賛「オールスターで見たくないですか！？」（デイリースポーツ）,https://news.yahoo.co.jp/articles/8a06e05f7a094d66d1ea226480e0e89587d0fcf2,https://newsatcl-pctr.c.yimg.jp/t/amd-img/20260613-00000157-dal-000-4-view.jpg?exp=10800,2026-06-13T23:02:09+09:00,2026-06-13T23:12:02+09:00,デイリースポーツ,dal,デイリースポーツ,422,"ヒーローインタビュー後、ポーズをとる日本ハムの田宮（左）と水野
日本ハム・新庄剛志監督が１３日、自身のインスタグラムを更新。「この水野君の足の速さ　ミート力　パワー　全てがオールスタープレーヤー」などと記し、この日の中日戦の九回にサヨナラ本塁打を放った水野の動画を投稿した。
【写真】サヨナラ本塁打を放った水野をバンザイで出迎える新庄監督　めちゃくちゃ嬉しそう
水野はこの日、三回に左中間三塁打、七回には中前二塁打を放ち３安打。新庄監督は「皆さん　この三塁打とホームラン　オールスターで見たくないですか！？」と訴えかけ「投票してくださいって言ってる訳じゃないですよ　口が滑っても言いません」と続けた。

　さらに八回に貴重な３点目のソロを放った田宮にも言及し「田宮君のホームランなんか　オールスター級のホームランやったね」とつづり「あれっ」と自らツッコミ。「誕生日おめでとう　そして　有難う」と結び、２６歳のバースデー本塁打を祝福して感謝した。",[],[]
阪神・平田２軍監督は４戦連続安打のドラフト２位・谷端に確実性を求める「彼のいいところは（スリーボールでも）打ちにいく。あれを仕留められなきゃいかん」【一問一答】（デイリースポーツ）,https://news.yahoo.co.jp/articles/2badfc6a0c7bc743e37b1daac49df1868cfd74e4,https://newsatcl-pctr.c.yimg.jp/t/amd-img/20260613-00000155-dal-000-3-view.jpg?exp=10800,2026-06-13T22:59:12+09:00,2026-06-13T23:06:45+09:00,デイリースポーツ,dal,デイリースポーツ,1104,"８回に小野寺の適時打で本塁へ生還する谷端
「ファーム・西地区、ソフトバンク７－２阪神」（１３日、タマホームスタジアム筑後）
【写真】六回に内野安打で４戦連続安打をマークした谷端
阪神はソフトバンクに敗北した。先発の茨木が５回６安打４失点（自責３）と試合を作れず。打者陣はソフトバンク・大関の前になかなか好機を作ることができなかったが、五回に遊ゴロの間に１点を返すと、八回には小野寺に適時打が飛び出した。ドラフト２位の谷端（日大）は六回に遊撃内野安打で４戦連続安打とした。

　平田２軍監督の一問一答は以下の通り。

　－先発の茨木は立ち上がり良かったが、中盤につかまった。

　「立ち上がりは良かったんだけどな。まあ茨木の時はよくエラーがね（多い）。この前のジャイアンツ戦もそうだけど。１点で凌いでほしいとこだけど。良かったよ。茨木は前半。だからそこのいつもの足引っ張られて気の毒だけど、なんとか１点で抑えて最少失点で。というところでの粘り。この前のジャイアンツ戦もそうだけどね。気の毒なところもあるわ」

　－実績のある大関の前に２得点に終わった。

　「今ね、（大関は）調子悪くて落ちてきてるんだろうけど、若い子にとっては、まだまだポップフライだとか凡打に打ち取られるケースが多かったっていうところはね、いい勉強になったんじゃない」

　－大関の投球からどんな学びを得ることが出来るか。

　「低めに集めてるやん。キャッチャーのキャッチングにしても良いけど。やっぱり低めに、右バッターの低めだからゴロアウトが多いでしょ。もううちの右バッター全部引っ張ってショートゴロ、サードゴロという凡打が多かったり。ちょっと高めにいくとポップフライという形で。そういうところのコントロールというかね。低めに集めてるよ」

　－唯一の適時打は小野寺。

　「まあ、１日１本や。昨日も１本でしょ。でも小野寺は１本は最低ノルマだから。４番今任せてるわけで、うん、そのぐらいはやっぱりね」

　－谷端は４戦連続安打をマークした。

　「ボテボテのショートゴロや。スリーボールから。打っていいんだよ。彼の積極性をすごくね。今日はショートゴロやったか（※）。スリーボールで。彼の良いところはあそこ打ちに行くねん。あそこを仕留められるバッターになっていってほしいわ。そういう積極性は持ってんねん。『スリーボールからも打て』って言うて打ちよる。あの当たりだけど。大関クラスになると甘い真ん中来ないけどね。あれを左中間とかに仕留められなきゃいかん。打ち損じている」

　※谷端は三回２死一、三塁で３ボール０ストライクから遊ゴロに倒れた。",[],[]
ＭＡＪ２０２６　山下達郎がメッセージ「よもや齢７０を超えて現役で活動ができているとは」粋な計らいに会場から拍手巻き起こる（デイリースポーツ）,https://news.yahoo.co.jp/articles/c24158e6d9bd6e91c26378576c05c5f6e238f4ec,https://newsatcl-pctr.c.yimg.jp/t/amd-img/20260613-00000154-dal-000-3-view.jpg?exp=10800,2026-06-13T22:58:15+09:00,2026-06-13T23:01:41+09:00,デイリースポーツ,dal,デイリースポーツ,666,"「ＭＵＳＩＣ　ＡＷＡＲＤＳ　ＪＡＰＡＮ　２０２６」
国内最大規模の国際音楽賞「ＭＵＳＩＣＡＷＡＲＤＳＪＡＰＡＮ２０２６」（ＭＡＪ）の授賞式が１３日、東京・ＴＯＹＯＴＡＡＲＥＮＡＴＯＫＹＯで開催され、山下達郎が「Ｔｉｍｅｌｅｓｓ　Ｅｃｈｏ」賞を受賞した。

　長きにわたり日本の音楽史に貢献し、今なお輝き続けるアーティストに贈られる特別な賞。この日、山下達郎は音声コメントを寄せ、会場で披露された。

◆山下達郎コメント

　「このたびはＴｉｍｅｌｅｓｓ　Ｅｃｈｏ賞をいただき誠にありがとうございます、私、今年２０２６年でソロデビュー５０周年を迎えることができました。ミュージシャンを始めた２０歳の頃には、よもや齢７０を超えて現役で活動ができているとは夢にも思っておりませんでした。誠にありがたいことです。そしてそれは何よりも、この長い年月の間、たゆまず応援を続けてくださった全国のファンのみなさまのおかげであります。この場をお借りして熱く熱く御礼申し上げます。驚くことに、最近は若い世代の方々にも興味を持っていただけているようで、誠にうれしい限りであります。これから先も今までと変わらず自分のペースを守りつつ、皆さんに喜んでいただける作品、ライブパフォーマンスを続けていけるよう努力して参ります。今後とも何とぞよろしくお願い申し上げます。本日は誠にありがとうございました。山下達郎でした」。

　山下の粋な計らいに、会場は大きな拍手に包まれた。

　ＭＡＪはアジア版グラミー賞を目指し、昨年新設された日本発の国際音楽賞となっている。",[],[]
「めちゃくちゃ可愛いな」芳根京子のピーターパン舞台姿に騒然、なんじゃコレ！「嫌いな男いない」「ツイン鬼可愛すぎる」「ネバーランド確定」ウェンディの美しさが凄い（デイリースポーツ）,https://news.yahoo.co.jp/articles/489df9259051e7ffd272060c30c15a9daab4c7f0,https://newsatcl-pctr.c.yimg.jp/t/amd-img/20260613-00000152-dal-000-5-view.jpg?exp=10800,2026-06-13T22:16:31+09:00,2026-06-13T22:31:49+09:00,デイリースポーツ,dal,デイリースポーツ,382,"熱演する芳根京子＝ＴＨＥＡＴＥＲ　ＭＩＬＡＮＯ-Ｚａ（撮影・吉澤敬太）
女優芳根京子（２９）が、開幕したＳｎｏｗ　Ｍａｎの渡辺翔太（３３）とのＷ主演舞台「ウェンディ＆ピーターパン」（７月５日まで、東京・ＴＨＥＡＴＥＲ　ＭＩＬＡＮＯ-Ｚａほか）の取材会に出席した姿が話題になっている。
【写真】なんじゃコレ！白ワンピ＆ツインが鬼可愛すぎる
舞台でウェンディを演じる芳根は、透き通るビジュアルで白ワンピ姿の少女に扮している。テレビドラマとは違う、リアルな美しさを体現している。

　ネットでも話題になっており、「めちゃくちゃ可愛いな」「ハーフアップのツイン鬼可愛すぎる」「芳根京子ちゃんのウェンディ可愛すぎて滅」「嫌いな男おらん」「本当に可愛すぎるよ」「美男美女で眼福」「ネバーランド確定」「可愛さえぐい」「ビジュ好きすぎる」「目の保養」と反応する投稿が集まっている。",[],[]
「一瞬だけご尊顔が」「かわいすぎる…」戸田恵梨香と共演→ＴＶごぶさた同学年トップ女優　１７歳時映像にファン歓喜（デイリースポーツ）,https://news.yahoo.co.jp/articles/f89ac2cabfdf9caa6a81e8ea0f543f9d42b60582,https://newsatcl-pctr.c.yimg.jp/t/amd-img/20260613-00000151-dal-000-6-view.jpg?exp=10800,2026-06-13T21:51:42+09:00,2026-06-13T22:03:47+09:00,デイリースポーツ,dal,デイリースポーツ,478,"戸田恵梨香
女優・戸田恵梨香（３７）が８日、日本テレビ系「しゃべくり００７」に出演。１７歳の時に出演したドラマを振り返った。
【写真】マジでかわいすぎる！トップ女優の１７歳時が衝撃
２０００年代のギャル文化をとらえ、藤木直人主演で２００６年に放送されたドラマ「ギャルサー」（日本テレビ系）。アメリカ・アリゾナの大自然で育ったシンノスケ（藤木）が、ギャルたちの抱える悩み、問題を破天荒に解決していく物語。渋谷最大規模のギャルサー「エンゼルハート」の白組の落ちこぼれメンバー、サキを演じたのが戸田。「エンゼルハート」黒組リーダーのナギサを演じたのが新垣結衣（３８）だった。

　番組では、当時１７歳だった新垣の出演シーンも流れた。新垣はこの２年、女優活動は休止状態。久しぶりの映像となり、ＳＮＳ上では「ギャルサーなつかしい～！当時１７歳の戸田恵梨香と新垣結衣かわいすぎる…」「『ギャルサー』映像に一瞬だけ、新垣結衣さま（１７歳）の御尊顔が　コードブルーつながりでファン歓喜」「ギャルサーの戸田恵梨香と新垣結衣って１７歳だったん？！？！」などの声があがっていた。",[],[]
「誰か分からなかった」【ごぶごぶ】ママになった朝ドラ女優が現れ騒然　黒髪ショートに透き通る美白が綺麗！「美しい」「でてるー！可愛い」「胸熱」（デイリースポーツ）,https://news.yahoo.co.jp/articles/b9e8be076b877cb63500be2a2319d5551202c7fe,https://newsatcl-pctr.c.yimg.jp/t/amd-img/20260613-00000150-dal-000-4-view.jpg?exp=10800,2026-06-13T21:19:36+09:00,2026-06-13T21:31:47+09:00,デイリースポーツ,dal,デイリースポーツ,403,"ダウンタウン・浜田雅功
１３日のＭＢＳ「ごぶごぶ」では、ゲストで朝ドラ主演女優が登場。浜田雅功と大阪・ＮＨＫ前からスタートし、朝ドラ俳優行きつけのスポット巡りを行った。
【写真】黒髪ショートに透き通る美白　ママになった朝ドラ女優に騒然
２００７年のＮＨＫ連続テレビ小説「ちりとてちん」で落語家を目指すヒロインを演じた女優貫地谷しほり（４０）が登場。

　透き通る美白ビジュに黒髪ショート。ブルーのシャツが映える姿がネットでも話題に。

　「変わらず美しい」「貫地谷しほりさんが　ちりとてちんのお話してる…胸熱」「『スウィングガールズ』って、もう２２年前なんかぁ…そら、歳とるわな…」「可愛くて、元気そうで嬉しい」「貫地谷しほりさん雰囲気変わってて誰か分からなかった　お顔がふっくらした印象」「貫地谷しほりちゃんでてるー！可愛い」と反応する投稿が集まった。

　２０１９年に結婚し、２０２４年に出産している。",[],[]
決勝弾の巨人・リチャード「それも含めてプロ野球選手だ、とずっと監督が言ってた」　３月骨折後は自分の体と向き合う　阿部前監督の教え胸に復帰、周囲の支えに感謝（デイリースポーツ）,https://news.yahoo.co.jp/articles/fa7fa1b2e891cbccd6922ae78de0660d92d1fbbc,https://newsatcl-pctr.c.yimg.jp/t/amd-img/20260613-00000149-dal-000-5-view.jpg?exp=10800,2026-06-13T21:08:10+09:00,2026-06-13T21:17:20+09:00,デイリースポーツ,dal,デイリースポーツ,780,"ガッツポーズをするリチャード（中央）＝撮影・園田高夫
「西武１－２巨人」（１３日、ベルーナドーム）

　　巨人が投手戦を制して連敗は「２」でストップ。首位を守った。
【写真】勝利のタッチをかみしめる様に交わすリチャード　地道なリハビリが報われた尊いワンシーン
１－１の二回、今季初出場のリチャードが今季初打席で左越えに決勝ソロを放った。試合後のヒーローインタビューでは打った瞬間の感触を「行ってくれと思いながら走ってたんですけど。うれしかったです」と話した。

　リチャードは３月のオープン戦で死球を受けて左第五中手骨骨折の診断を受けて離脱。地道なリハビリを続け、１２日に１軍に初合流したばかりだった。

　負傷からの期間を「すごい長いなと思いながら。でも、トレーナーだったり、時折ファンの方にも声をかけてもらったり、自分の体を見直せたり。すごく周りが見える期間にもなって、いい期間を過ごせました」と振り返り「ホームランを打てたのも、リハビリを手伝ってくれたトレーナーさんとか、まわりの人に感謝したいと思います」と周囲の支えに感謝した。

　その後の取材では負傷中の思いについて「自分はあまり怪我をしてこなかったので。痛いところは多かったが休むほどの怪我でなく済んでいたことが多かったので、あまり気にしてなかったが。ケアというか、そういうことも大事にしないとなと。落ち込むというよりは、すごく自分と向き合うというか」とあらためて振り返った。

　「（辞任した）阿部さんからも『それも含めてプロ野球選手だ』というのは、ずっと監督が言ってたんで。だから、なるべく自分の体と向き合いながら、ちゃんとプロとして意識しないといけないなというのはずっとリハビリの時から思ってました」と続け、自身が１軍不在中に辞任した阿部前監督からの言葉を支えに故障を乗り越えたと明かした。",[],[]
渡邊渚　左腕の手首について説明「シールだよ」　タイ旅の涼しげ服で注目（デイリースポーツ）,https://news.yahoo.co.jp/articles/180138de158cf351d265593454acc509e74baafd,https://newsatcl-pctr.c.yimg.jp/t/amd-img/20260613-00000148-dal-000-3-view.jpg?exp=10800,2026-06-13T20:44:57+09:00,2026-06-13T20:52:13+09:00,デイリースポーツ,dal,デイリースポーツ,368,"渡邊渚アナウンサー
２０２４年８月末でフジテレビを退社し、同年１０月にＰＴＳＤを公表した渡邊渚アナウンサーが１３日、ＳＮＳを更新。左腕のタトゥーに見えるものは、シールだと説明した。
【写真】左手首には確かにタトゥーのような　「シールだよ。いただいたので貼ってみた。」
渡邊は「ずっと調子が落ちているので、家に引きこもる日々。起き上がるのもしんどくてスマホで楽しい記憶を振り返っているので、ここ数日タイの写真の投稿が続いてます笑」とプールでの写真など、数カ月前に行ったタイ旅行の写真を今月３日付から投稿してきた。

　左腕の手首あたりにあるタトゥーのようなものにネット上で注目する声もあってか、１３日付のインスタグラムのストーリーズでは「左腕はシールだよ。いただいたので貼ってみた。」と説明した。涼しげな服を着た写真も改めて投稿している。",[],[]
巨人　連敗２でストップ　投手戦制し首位守る　リチャードが今季１号決勝ソロ　ウィットリーは６回１失点（デイリースポーツ）,https://news.yahoo.co.jp/articles/9c39554fc720f9e794baf23739fa5edd9428d3b2,https://newsatcl-pctr.c.yimg.jp/t/amd-img/20260613-00000147-dal-000-4-view.jpg?exp=10800,2026-06-13T20:42:01+09:00,2026-06-13T20:48:34+09:00,デイリースポーツ,dal,デイリースポーツ,673,"４回、古賀悠の投ゴロをさばきトスするウィットリー（撮影・園田高夫）
「西武１－２巨人」（１３日、ベルーナドーム）

　巨人が投手戦を制して連敗は「２」でストップ。首位を守った。リチャードが今季初打席で１号を放ち、主役を独り占めにした。
【写真】今季初打席で１号のリチャード　ナインの祝福にめっちゃ嬉しそう
初回に２死二塁でダルベックが左中間への適時二塁打を放って先制に成功するも、直後に先発・ウィットリーが同点打を許した。それでも二回だ。１死から今季初先発となったリチャードが、今季初打席で低めの直球を左翼席に運ぶ１号ソロで勝ち越しに成功した。

　リチャードは３月のオープン戦で死球を受けて左第五中手骨骨折の診断を受けて離脱。地道なリハビリを続け、１２日に１軍に初合流したばかりだった。その際には「元々僕は宝くじなんで」と笑い飛ばし、「ルーキーぐらいの緊張感はあるし、でも空回りだけはしないように」と意気込んでいた。

　いきなり描いた復帰のアーチにファンも拍手喝采。「リハビリを支えてくれたトレーナーさん達のおかげで打つことができました」と感謝を伝える一撃となった。

　リードをもらったウィットリーは二回以降、快投を続けた。味方の好守にも助けられながら、得点圏に走者を進めない。五回に併殺打を打ち取った際には大きくガッツポーズを作って雄たけびを上げるなど気合十分のマウンドで、６回３安打１失点と役目を果たした。

　１２日に２安打完封負けを喫し、交流戦優勝の可能性が消滅。仕切り直した一戦で先発メンバーを５人変更し、この日は投手戦を制した。",[],[]
西武競り負け連勝６で止まる　先発・隅田は２失点完投も援護なく３敗目（デイリースポーツ）,https://news.yahoo.co.jp/articles/41d6635cec9db00aa8795217d5f2a46a08c8151c,https://newsatcl-pctr.c.yimg.jp/t/amd-img/20260613-00000146-dal-000-3-view.jpg?exp=10800,2026-06-13T20:41:03+09:00,2026-06-13T20:47:26+09:00,デイリースポーツ,dal,デイリースポーツ,275,"力投する隅田（撮影・園田高夫）
「西武１－２巨人」（１３日、ベルーナドーム）

　西武が競り負け、連勝が６で止まった。
【写真】リチャードに今季初打席で被弾　それでも以降は得点許さず
先発の隅田は６安打２失点完投も援護がなく、３敗目（５勝）を喫した。初回にダルベックの適時二塁打で１点を先制されると、二回にはリチャードに左越えソロを被弾した。その後は相手に得点を与えなかった。

　打線は０－１の一回に古賀悠の中前タイムリーで同点。その後は巨人先発のウィットリーを攻略できず、七回は２番手の田中瑛から１死三塁の好機をつくったが、あと一打が出なかった。",[],[]
遠藤航の負傷離脱＆代表引退、元日本代表も衝撃…香川真司「想像絶する」西川周作「チーム思っての行動と思う」（デイリースポーツ）,https://news.yahoo.co.jp/articles/fbba83d9d9184cf73cbdb30f828d2175979d616a,https://newsatcl-pctr.c.yimg.jp/t/amd-img/20260613-00000145-dal-000-3-view.jpg?exp=10800,2026-06-13T20:30:18+09:00,2026-06-13T20:39:13+09:00,デイリースポーツ,dal,デイリースポーツ,829,"ＰＫを決め喜ぶＪ１ＷＥＳＴの香川真司（右）と乾貴士（撮影・吉澤敬太）
「ＪリーグオールスターＤＡＺＮカップ」（１３日、ＭＵＦＧ国立）

　Ｊリーグのオールスターが１７年ぶりに復活し、元日本代表ＭＦ香川真司（３７）＝Ｃ大阪＝はＪ１西として出場した。北中米Ｗ杯が開幕し、１４日（日本時間１５日）には日本代表の初戦となるオランダ戦を控えているが、香川は「ここからは日本代表が日本を背負って戦ってくれるので、同じサッカー人として心から応援している」と期待を込めた。
【写真】ラモス氏らレジェンドたちのファッションがカッコ良すぎる！足元は素足に革靴　８０年代バリバリ
ただ、日本時間１２日には日本代表の主将だったＭＦ遠藤航（３３）＝リバプール＝がけがのため大会を離脱することが決まり、代表引退も表明した。日本サッカー界にとって衝撃的な一報となったが、香川は「本当に難しい。誰も経験したことがない。想像を絶すると思う」と無念さをおもんぱかり、「（遠藤）航のためにみんなが奮起してやろうとしている。どうか報われるように頑張ってほしい」とエールを送った。

　元日本代表ＧＫ西川周作（３９）＝浦和＝は「初戦がいかに大事かは誰もが理解していると思う。今回の日本代表はワクワク感が素晴らしい」と語った上で、「（遠藤）航が代表を引退したり、（吉田）麻也が途中から合流したり、いろんなストーリーがある中で初戦を迎えるのは、すごく見物だなと。日本中を見たことのない景色に連れて行ってくれるんじゃないかなと」と期待を込めた。

　負傷離脱で代表引退を表明した遠藤については「衝撃でした。僕もＳＮＳで見て。離脱するとも思ってなかったが、（一連の行動は）彼らしいなと。チームのためのことを思っての行動だと思うので、そこは尊重しつつ、代表をこれまで引っ張ってくれた彼にありがとうの気持ちと、まだまだ（遠藤は）プレミアでやると思うので、僕も刺激をもらいながら頑張りたい」と再起にエールを送った。",[],[]
陸上男子１００Ｍ　多田修平が５年ぶり２度目Ｖ「努力が実を結んだ」「多田修平という名を背負って堂々とレースに挑める」（デイリースポーツ）,https://news.yahoo.co.jp/articles/1c1f799a34cf135259d7b371eebaf42d7282df5e,https://newsatcl-pctr.c.yimg.jp/t/amd-img/20260613-00000144-dal-000-3-view.jpg?exp=10800,2026-06-13T20:28:44+09:00,2026-06-13T20:36:44+09:00,デイリースポーツ,dal,デイリースポーツ,529,"男子１００メートル決勝　優勝した多田修平
「陸上・日本選手権」（１３日、パロマ瑞穂スタジアム）

　男子１００メートル決勝が行われた。多田修平（２９）＝住友電工＝は、１０秒１７（追い風０・１メートル）で５年ぶり２度目の優勝。既に名古屋・愛知アジア大会の参加標準記録は突破しており、代表に内定した。「最低限の優勝というところを達成できたのですごくうれしい」と喜んだ。
【動画】好スタートからトップで駆け抜け復活Ｖ！何度も両手叩く姿が胸アツすぎる
２１年東京五輪代表。同五輪を終えた後は、けがもあり、結果にも満足できなかった。「なかなか走りたいと思ってもうまくいかないことが続いた」と語り、「オリンピック以降、自信を持って挑むことができないレースばかりだった」と悔やむ。それでも、再び頂点に輝き、「やっと努力がこういうところで実を結んだ。本当に良かった。ここからやっと、多田修平という名前を背負って、堂々とレースに挑むことができるんじゃないかな」と胸を張った。

　今後に向けては「国内は海外でしっかり１０秒０、９秒台で安定させて、どのレースでも自分のレースを展開できるように、一番上の順位を常に取り続けられるような演習になっていきたい」とさらなる成長を誓った。",[],[]
シンママ辺見えみり　娘が１３歳誕生日「娘のパパにも感謝」　１８年俳優と離婚（デイリースポーツ）,https://news.yahoo.co.jp/articles/7f2493db8af9dfe6e0a0f57eb0919b0311b2f3f0,https://newsatcl-pctr.c.yimg.jp/t/amd-img/20260613-00000143-dal-000-4-view.jpg?exp=10800,2026-06-13T20:22:54+09:00,2026-06-13T20:33:56+09:00,デイリースポーツ,dal,デイリースポーツ,376,"辺見えみり（１６年撮影）
タレント・辺見えみりが１３日、インスタグラムを更新。一人娘の１３歳の誕生日を報告し、別れた元夫にも感謝をつづった。
【写真】「娘のパパにも感謝」と辺見えみり　優しげな表情の元夫・松田賢二
「娘の１３歳のｂｉｒｔｈｄａｙ　　１３年ってあっという間ですね　今私達が笑顔でいられるのは　周りで支えてくれている人たちのおかげです　　感謝しかありません」と赤ちゃんの頃の娘との２ショットをアップ。「娘のパパにも感謝」とつづった。

　「１３歳の現在は、夢を持ち始めて　毎日楽しく学校に行き　人思いな女の子に育っています　　これからも　周りの人を大切に歩いて行ってね　　私は全力でサポートします」と記した。

　辺見は２０１１年に再婚した俳優・松田賢二との間に、１３年６月１３日に第１子となる長女を出産したが、１８年２月に離婚を発表した。",[],[]
ＮＨＫ　サッカー代表を離脱した遠藤航出演の一部番組放送見送りを発表「総合的に判断した結果」（デイリースポーツ）,https://news.yahoo.co.jp/articles/558767ef32a6aed92d1f321a68310b082f0bdd99,https://newsatcl-pctr.c.yimg.jp/t/amd-img/20260613-00000142-dal-000-3-view.jpg?exp=10800,2026-06-13T20:15:17+09:00,2026-06-13T20:22:48+09:00,デイリースポーツ,dal,デイリースポーツ,368,"ＮＨＫ放送センター
ＮＨＫは１３日、けがのためサッカー日本代表を離脱した遠藤航選手が出演する、一部番組の放送を見送ることを発表した。

　見送られる番組は、遠藤とシンガー・ソングライターの米津玄師との対談番組「米津玄師×遠藤航　ＮＨＫサッカーテーマ　ＳＰＥＣＩＡＬ対談」で、１９日に放送する予定だった。同局は「対談の内容が『大会に出場すること』を前提としているため総合的に判断した結果、放送を見送ることになりました」と理由を説明した。

　また、総合とＢＳで放送予定の「スポーツ×ヒューマン　信じれば道は切り開ける　サッカー日本代表・遠藤航」は「スポーツ×ヒューマン　仲間に託す“最高の景色”　～サッカー・遠藤航～」（ＢＳは１５日、後１１・２５、総合は２５日、深夜１・２０）にタイトルを変更し、内容も一部変更して放送することも発表した。",[],[]
【宝塚記念】馬場状態から浮上するのはこの馬だ（デイリースポーツ）,https://news.yahoo.co.jp/articles/460fbfe81586393b7eb1fc4e3d523086cc3d3ee5,https://newsatcl-pctr.c.yimg.jp/t/amd-img/20260613-00000140-dal-000-5-view.jpg?exp=10800,2026-06-13T20:09:48+09:00,2026-06-13T23:04:54+09:00,デイリースポーツ,dal,デイリースポーツ,587,"ミクニインスパイア
「宝塚記念・Ｇ１」（１４日、阪神）

　宝塚記念が行われる阪神競馬場のある兵庫県宝塚市は晴れのち雨の予報。降りだしが夜８時頃なら影響はなく、芝は良馬場の見込み。Ａコースから直線部３メートル、曲線部４メートル外側に内柵を設置するＢコースを使用し、向正面と直線の内側に軽微な傷みこそあるが、全体的には良好だ。

　土曜は終日良馬場で行われ、宝塚記念と同じ芝二二で行われた三田特別は２分１１秒０の勝ち時計。２勝クラスとしては速めで、芝千二の新馬戦で２歳レコードタイが出るなど、馬場コンディションは絶好だ。２分９秒台後半から１０秒台前半の決着とみるが、２２年にタイトルホルダーが記録したレースレコード（２分９秒７）に近いタイムが出ても不思議ではない。

　土曜は後方からの差しも届き、内外の有利不利がない馬場ではあるが、内回りで高速決着となると、前残り決着を考えるのが妥当だろう。前述したタイトルホルダー、その前のレコード保持者（１１年、２分１０秒１）のアーネストリーはどちらも２番手から押し切ったが、馬番はそれぞれ６番、２番。内枠からロスなく先手を奪う馬を狙うのが手だろう。

　該当するのは２枠４番のミクニインスパイア。自在な脚質だが、最内枠から逃げ切った３走前が、その３週後の有馬記念よりも１秒速いタイムで勝っている。人気こそないが、激走しても驚きはない。",[],[]
【宝塚記念】展開で浮上するのはこの馬だ（デイリースポーツ）,https://news.yahoo.co.jp/articles/3b1274abcb57d94b0c5ebee302fcdc67c9d520ea,https://newsatcl-pctr.c.yimg.jp/t/amd-img/20260613-00000138-dal-000-5-view.jpg?exp=10800,2026-06-13T20:09:48+09:00,2026-06-13T22:49:57+09:00,デイリースポーツ,dal,デイリースポーツ,321,"レガレイラ
「宝塚記念・Ｇ１」（１４日、阪神）

　メイショウタバルが先手を奪うことを前提に考える。戦略は大阪杯と大きく変わらない。中盤まで一定のペースを刻み、最終コーナー手前で息を入れてスパートを掛け、コーナリングで差をつけて粘り込むというもの。打破できたのはクロワデュノールだけ。距離が１Ｆ延びることを踏まえれば、２頭の差はさらに開くと考えるのが妥当だ。

　メイショウタバルと同型のミステリーウェイが恐れずに先手争いに興じ、息の入りづらいペースになることも当然想定に入る。レガレイラは、隣の内外どちらも飛び出せば、序盤のコース取りに余裕が生まれる。終盤の脚を発揮するための事前準備が整えばクロワデュノールにとって最大の脅威になりそうだ。",[],[]
【東京＆阪神の危険な人気馬】クロワデュノール　阪神11Ｒ・宝塚記念（デイリースポーツ）,https://news.yahoo.co.jp/articles/3f1be98e8dfb116db797ab78c85150c2ecc59339,https://newsatcl-pctr.c.yimg.jp/t/amd-img/20260613-00000139-dal-000-3-view.jpg?exp=10800,2026-06-13T20:09:48+09:00,2026-06-13T20:16:56+09:00,デイリースポーツ,dal,デイリースポーツ,320,"クロワデュノール
【東京１１Ｒ・マイネルチケット】重賞好走歴があり、このメンバーでの実績は上位。ただ、前走は１４キロの馬体減。返し馬の時点で鞍上が覇気のなさを感じたほどで、目に見えない疲れは気になる。それでも３着に踏ん張った地力は認めるが、再度の関東遠征。トップタイのハンデも背負うだけに、さらに馬体を減らすようなら黄信号だ。

　【阪神１１Ｒ・クロワデュノール】ここまでは圧倒的な能力でいかなる条件も乗り越えてきたが、４月からＧ１・３戦目。さすがに状態が気がかりだ。中間の調整も苦労している印象で、最終追い切りではギリギリ陣営のトーンが上がってきたという感触。これまでの過程と比較すると、急仕上げ感は否めない。上位人気が確実なら嫌う手も。",[],[]
「めっちゃスタイルいい」ＺＯＺＯマリン降臨の美女に騒然　セパレート衣装ですらりお腹覗かせ可憐投球「ナイスピッチング」（デイリースポーツ）,https://news.yahoo.co.jp/articles/48e5d0dc73468f9d37f59753e50694c72af588fe,https://newsatcl-pctr.c.yimg.jp/t/amd-img/20260613-00000137-dal-000-7-view.jpg?exp=10800,2026-06-13T20:08:41+09:00,2026-06-13T22:50:24+09:00,デイリースポーツ,dal,デイリースポーツ,328,"始球式を務めるＭＯＮＳＴＥＲ　ＧＩＲＬＳの水神きき（撮影・開出牧）
「ロッテ－ＤｅＮＡ」（１３日、ＺＯＺＯマリンスタジアム）

　人気エナジードリンク「モンスターエナジーＤＡＹ」として開催され、モデル、ラウンドガールとして活動する水神ききが始球式に登場し、可憐な投球で魅了した。
【写真】両手掲げてノリノリの水神きき　セパレート衣装がスタイル良すぎ
すらりとした脚線美光パンツに短丈の黒のウエア姿でマウンドに上がると、綺麗なフォームで投球。大役後は「始球式投げてきました。貴重な経験ありがとうございました」と、笑顔の写真とともにつづった。

　コメント欄やＳＮＳなどでは「ナイスピッチング」、「始球式の子、めっちゃスタイルいい子やな」との声が上がっていた。",[],[]
ええっＴＶ騒然　有村架純が白Ｔ＆デニム→オフ顔で犬をお世話　美しさレベルが凄すぎ「白Ｔジーンズ最強すぎる」「可愛すぎんか」「犬になりたい」（デイリースポーツ）,https://news.yahoo.co.jp/articles/b54e1c91fa5fa9629d0b3f9aaba62fcffe9ee222,https://newsatcl-pctr.c.yimg.jp/t/amd-img/20260613-00000136-dal-000-8-view.jpg?exp=10800,2026-06-13T20:02:52+09:00,2026-06-13T20:31:40+09:00,デイリースポーツ,dal,デイリースポーツ,353,"有村架純
１３日の日本テレビ「嗚呼！！みんなの動物園」では、相葉雅紀が保護犬をトリミングする企画に有村架純が登場した。
【写真】すごい破壊力　白Ｔ＆ジーンズが最強の有村架純
髪をアップに、白Ｔシャツにデニム＆白スニーカー姿。兵庫県の実家で愛犬を飼ってブラッシングもしていたといい「今の仕事する前に、トリマーになりたかったんです」と語った。

　ドラマなどではあまり見ないラフな姿が、ネットでも話題に。

　「すみません有村架純の犬になりたいのですが…」「有村架純にトリミングされてぇ」「どの瞬間も可愛すぎる」「Ｔシャツジーパン姿最高」「ドラマで演技してない有村架純可愛すぎんか」「白Ｔシャツになんの変哲もない普通のジーンズ姿の有村架純、最強すぎる！」「架純ちゃんの白Ｔ姿が美しい」と反応する投稿が集まった。",[],[]
２４歳モデル・高橋かの　制服姿で観客魅了「かわいい制服を着られるのはうれしい」（デイリースポーツ）,https://news.yahoo.co.jp/articles/031d1c5237c41f750575ef6899a40fbc7912c205,https://newsatcl-pctr.c.yimg.jp/t/amd-img/20260613-00000135-dal-000-3-view.jpg?exp=10800,2026-06-13T19:56:34+09:00,2026-06-13T20:00:42+09:00,デイリースポーツ,dal,デイリースポーツ,486,"ランウェイを歩く高橋かの（右）と西本ヒカル
モデルの高橋かの（２４）と西本ヒカル（２６）が１３日、名古屋市内で行われたランウェイイベント「ＧＡＫＵＳＥＩ　ＲＵＮＷＡＹ　２０２６　ＳＵＭＭＥＲ　ｉｎ　ＮＡＧＯＹＡ」に登場した。
【写真】ランウェイを歩く高橋かのと西本ヒカル　ポーズが可愛い
高橋はベージュが基調の、西本はピンクが基調の制服姿でランウェイをかっ歩。高橋は「この年になってかわいい制服を着られるのはうれしいです」と感慨に浸り、西本は「ピンクのデザインがかわいいと思いました」と声を弾ませた。

　かわいさ全開のステージで観客を魅了した２人。美の秘けつを問われた高橋は「ストレスをためないこと」とし「食べたいものを食べてストレスをためないことが肌にもいい。あとはスキンケアにもこだわってなくて、水をたくさん飲んでます」と笑顔で明かした。

　さらに、「もうすぐ２５歳なんで」と結婚願望があることにも言及。「いいお嫁さんになれるように、料理の勉強をしているが、料理教室ににも通いながら、プライベートもお仕事もも充実していけたらなと思います」と未来に思いをはせていた。",[],[]
「五輪で優勝した時とは別人に」２４歳になったザギトワ、雰囲気激変の最新姿に騒然　五輪から８年「誰か分からなかった」（デイリースポーツ）,https://news.yahoo.co.jp/articles/308a3554793648dd707a0cad8b4cefc116cf0c4f,https://newsatcl-pctr.c.yimg.jp/t/amd-img/20260613-00000134-dal-000-6-view.jpg?exp=10800,2026-06-13T19:52:51+09:00,2026-06-13T20:18:03+09:00,デイリースポーツ,dal,デイリースポーツ,237,"ザギトワ
フィギュアスケート女子１８年平昌五輪金メダリストのアリーナ・ザギトワ（２４）が最新姿を公開。驚きの声があがった。
【写真】透け感たっぷりのコーデでロシアの街を散策　美しすぎる最新姿に騒然
シアー素材とフリルを重ねたアイボリーのミニスカートコーデでロシアの街を散策する姿を公開。コメント欄では「最もスタイリッシュなフィギュア」、「なんて美しい！」、「ワオ」、「美人！」、「痩せすぎでは」、「五輪で優勝した時とは別人に」、「誰か分からなかった」との声が寄せられていた。",[],[]
「いい加減キレてきたわ」会場騒然　現役暴走族レディース１８歳がＲＩＺＩＮ戦士としぞうを平手打ち殴打　ＢＤ初男女マッチで大乱闘　激怒のとしぞう「マジで殴る」（デイリースポーツ）,https://news.yahoo.co.jp/articles/037a6e0cf95979a66e45e3977ed813ff8c7b34fc,https://newsatcl-pctr.c.yimg.jp/t/amd-img/20260613-00000133-dal-000-6-view.jpg?exp=10800,2026-06-13T19:45:46+09:00,2026-06-13T19:54:02+09:00,デイリースポーツ,dal,デイリースポーツ,514,"宮本禮（左）ととしぞう（右）
「ＢｒｅａｋｉｎｇＤｏｗｎ２０」（１４日、マリンメッセ福岡）

　朝倉未来が社長を務める１分間最強を決める格闘技イベントの第２０回大会の会見が１３日、行われ、史上初の男女マッチとなった現役レディースの宮本禮と、ＲＩＺＩＮ出場経験もあるとしぞうの２人は大乱闘を繰り広げ、火花が散った。
【写真】特攻服の現役レディース宮本禮、としぞうを平手打ち連発で大乱闘に
現役の暴走族「流れ星」の初代ヘッドで地下格闘技２団体の王者であるという宮本は計量後のフェイスオフで、としぞうから「こいよ」と挑発されると、右、左と平手打ち２連発。乱闘が勃発したが、すぐにセキュリティーに引きはがされた。としぞうは「いい加減にしろよ！キレてきたわ」と怒りに表情でぶちまけた。

　宮本は「当日、このくそひよこちゃんを成敗してやろうかなと思ってる。私とできることありがたく思えよ。しゃべんなカス」と挑発。としぞうも「お前、逆だろ。どこの誰だよ、てめえ」と吐き捨てると「ここくるまでに顔殴るんすか？って聞かれたんですけど、マジでゴング鳴った瞬間、どつきにいくんで。会場がめっちゃひく戦いになると思うんで期待してください」と予告した。",[],[]
【Ｊオールスター】レジェンドたちのファッションがカッコ良すぎる！足元は素足に革靴♥　８０年代バリバリ（デイリースポーツ）,https://news.yahoo.co.jp/articles/deb8f4b3d7fb5701f84f196ba384f2f8c13b665c,https://newsatcl-pctr.c.yimg.jp/t/amd-img/20260613-00000132-dal-000-5-view.jpg?exp=10800,2026-06-13T19:43:08+09:00,2026-06-13T19:58:52+09:00,デイリースポーツ,dal,デイリースポーツ,607,"勢揃いしたＪリーグオールスター　ＤＡＺＮカップ出場選手と93年のオールスター取材選手たち（撮影・吉澤敬太）
「ＪリーグオールスターＤＡＺＮカップ」（１３日、ＭＵＦＧ国立）

　１７年ぶりの復活となったオールスター。試合前には、Ｊリーグ元年の１９９３年に行われた第１回オールスターでプレーしたラモス瑠偉氏（６９）、武田修宏氏（５９）、柱谷哲二氏（６１）、木村和司氏（６９）らＯＢも集まり、ファンの声援に応えた。２０１５年に脳梗塞を発症した木村氏は車いす姿ながら元気な姿をみせた。
【写真】素足に革靴のラモス氏らレジェンドたち　まさに８０年代バリバリ
Ｊ２・Ｊ３東Ｂチームで出場する元日本代表ＦＷ三浦知良（５９）＝福島Ｕ＝とラモスらが記念撮影する姿もあった。今も現役としてプレーしているカズは「ＯＢから現役までが集まって交流できるのは大きなこと。自分自身、普段話しをできない選手とスタッフと交流できた」と充実した笑顔を見せた。

　レジェンドたちはファッションも現役。ラモス氏は清涼感のある白っぽいスーツに茶の革靴。武田氏も黒いスーツに足首を見せる短め丈のスリムなパンツ。木村氏も仕立てのいいダークグレーのスーツに黒い革靴。現役時代とほぼ変わらないスタイルを維持しており、足元は、Ｊリーグ元年当時に流行った、靴下を見せない“素足に革靴”スタイル。ラモス氏も木村氏もロマンスグレーのイケオジファッションでも魅了していた。",[],[]
競泳女子の渡部香生子さんが結婚　ＳＮＳで報告「笑顔の絶えない家庭を築いていけたら」　五輪３大会連続出場（デイリースポーツ）,https://news.yahoo.co.jp/articles/97327371988e5fee231b8b3d95163be404e2f246,https://newsatcl-pctr.c.yimg.jp/t/amd-img/20260613-00000131-dal-000-6-view.jpg?exp=10800,2026-06-13T19:34:27+09:00,2026-06-13T19:42:12+09:00,デイリースポーツ,dal,デイリースポーツ,359,"渡部香生子さん
競泳女子の１５戦世界選手権金メダリストで五輪３大会連続出場の渡部香生子さん（２９）が１３日、自身のインスタグラムを更新。「私事ですが、この度結婚しました」と記し、左手薬指に指輪をした自身と夫の手の写真を投稿した。
【写真】夫ともに指輪した写真で報告「笑顔の絶えない家庭を」
「これまで出会い、支えてくださった皆さまに心より感謝しています。まだまだ未熟な２人ですが、感謝の気持ちを忘れずに、笑顔の絶えない家庭を築いていけたらと思っています」などとつづった。

　渡部さんは最年少の１５歳で２０１２年ロンドン大会に出場し、そこから２１年東京大会まで３大会連続で出場。２０１５年世界選手権では、２００メートル平泳ぎで金メダル、２００メートル個人メドレーで銀メダルを獲得した。

　２４年に現役引退を発表した。",[],[]
オリックス　連勝ストップで４月６日以来の４位転落も九里の“特攻登板”に期待　岸田監督「男気を出してくれている」（デイリースポーツ）,https://news.yahoo.co.jp/articles/8fe1cfe80e810ff35d853c1cb4328ec989025eca,https://newsatcl-pctr.c.yimg.jp/t/amd-img/20260613-00000130-dal-000-5-view.jpg?exp=10800,2026-06-13T19:28:17+09:00,2026-06-13T19:45:53+09:00,デイリースポーツ,dal,デイリースポーツ,378,"９回、岩嵜（左）の交代を告げた岸田監督（撮影・西田忠信）
「オリックス３－６阪神戦」（１３日、京セラドーム大阪）

　オリックスが阪神の無双エース・高橋から一時１点差に迫る３得点を挙げたが、無念の競り負け…。連勝は４でストップし、この日、日本ハムが勝ったため、４月６日以来の４位に転落した。
【写真】初の中４日で臨む九里　男気あふれる“特攻登板”に調整も余念なし
岸田監督は「（高橋は）防御率０点台でなかなか打てないと思っていたけど…皆が攻めてくれた。惜しかった」と振り返った。

　交流戦は１７試合を終えて８勝８敗１分け。１４日の関西ダービー第３Ｒは交流戦勝ち越しがかかる最終戦で、今季５勝の九里が移籍２年目で初の中４日先発する。

　６月の時期での“特攻登板”に「全然問題はない」と強調。指揮官は「男気を出してくれている。勝って終わりたい」と期待した。",[],[]
「うわー闘莉王！」「おまえ闘莉王なのかｗ」まるで別人ｗ　ＮＨＫのＷ杯番組に現れ騒然「お顔まるくなって」「おいおい」「久々見たら」「誰か分からねえｗ」（デイリースポーツ）,https://news.yahoo.co.jp/articles/7be50af228f076f6c93526618e1e9b8090a0f21b,https://newsatcl-pctr.c.yimg.jp/t/amd-img/20260613-00000129-dal-000-8-view.jpg?exp=10800,2026-06-13T19:16:49+09:00,2026-06-13T19:34:00+09:00,デイリースポーツ,dal,デイリースポーツ,455,"田中マルクス闘莉王　サッカー日本代表　２０１０年
サッカーＷ杯が開幕し、ＮＨＫ「ＦＩＦＡワールドカップ２０２６　デイリーハイライト」番組に１２日夜は前園真聖氏（５２）と田中マルクス闘莉王氏（４５）が解説役で出演した。
【写真】え、闘莉王なの？丸みを帯びた顔に誰だかと騒然
闘莉王氏はグレーのスーツにネクタイ姿。かつては気迫あふれる闘将の姿でおなじみだったが、４５歳になり、かなり表情がニコニコと穏やかに。

　ネットでも話題となり「うわー闘莉王！」「闘莉王ひさしぶりにみた！シブい」「ＮＨＫに闘莉王出てるｗ」「丸くなったなあ」「闘莉王可愛い　もちもちしてる」「誰か分からねえｗ」「闘莉王大きくなったなぁ」「柔道家みたいな体格になってる　でけぇ」「闘莉王…おまえ闘莉王なのか…」「オイオイどうした？」「誰か分かんなかった　お顔まるくなってて…」「なんかすごい楽しそう」「格闘家かラグビー選手かと思ったら闘莉王だった」「日本にいるんだ」との反応が相次いだ。

　前園氏が久々に会ったとして２ショットを披露している。",[],[]
ＤｅＮＡ京田が負傷交代　相川監督「足のコンディションが良くないということで」（デイリースポーツ）,https://news.yahoo.co.jp/articles/eb25c83e389afb7938dba4a4b3c05f78ddbc2b5e,https://newsatcl-pctr.c.yimg.jp/t/amd-img/20260613-00000128-dal-000-5-view.jpg?exp=10800,2026-06-13T19:08:11+09:00,2026-06-13T19:21:01+09:00,デイリースポーツ,dal,デイリースポーツ,238,"２回、左前適時打を放つ京田（撮影・開出牧）
「ロッテ－ＤｅＮＡ」（１３日、ＺＯＺＯマリン）

　ＤｅＮＡ・京田陽太内野手が、二回の打席で負傷交代した。
【写真】１９安打で今季最多タイ１６得点で連敗脱出　３ラン放った牧がいい顔すぎる
打者一巡し２度目の打席となった２死一塁、適時二塁打を放ったが、走塁の際にアクシデントに見舞われ、代走・石上に交代した。

　相川監督は試合後、「足のコンディションが良くないということで交代しました」と説明。１４日に病院で診察を受ける予定という。",[],[]
元Ｆ１レーサー・アレジ氏との事実婚解消の後藤久美子　昨年１２月には「家族に乾杯」で鶴瓶も驚く気さくロケ、近年は日本での仕事も徐々に（デイリースポーツ）,https://news.yahoo.co.jp/articles/68b5a42db6542810733b61bc8af59bc90b839a06,https://newsatcl-pctr.c.yimg.jp/t/amd-img/20260613-00000127-dal-000-6-view.jpg?exp=10800,2026-06-13T18:59:35+09:00,2026-06-13T19:20:06+09:00,デイリースポーツ,dal,デイリースポーツ,511,"後藤久美子（０４年撮影）
１２歳でデビューし、「ゴクミ」の愛称で親しまれた元祖“国民的美少女”で女優・後藤久美子（５２）がフランス人で元Ｆ１レーサーのジャン・アレジ氏（６１）との事実婚を解消したと１２日、所属事務所を通して発表した。
【写真】後藤久美子が「家族に乾杯」登場　変わらぬ美しさに騒然
「長きに渡り日々を共にしてまいりましたジャン・アレジ氏とは、パートナーシップを解消し、それぞれの道を歩む事となりました」などとコメントした。

　ジュネーブを拠点にしていた夫妻には、モデルとして活動する長女エレナ（２９）、レーシングドライバーの長男ジュリアーノ（２６）、０７年に誕生した次男がいる。

　近年は、ドラマへの復帰やＣＭ出演、雑誌の撮影など日本での活動を再開しており、変わらぬ美貌が話題を呼んでいた。昨年１２月１、８日に放送されたＮＨＫ「貌瓶の家族に乾杯」にも出演。福岡県柳川市のロケの１週間ほど前に帰国しており、「あの“ゴクミ”こと後藤久美子がぶっつけ本番旅！」と笑福亭鶴瓶もＮＨＫ側も驚く出演だった。ロケでは、大好物の海苔をお土産に、と大量に買い込み、ロケで出会った人々と気さくに会話する気取らない姿があった。",[],[]
阪神・藤川監督　緊急降板の畠に言及「勇気があった。チームを優先してくれた」　七回のピンチで自ら右手中指の違和感を訴え交代（デイリースポーツ）,https://news.yahoo.co.jp/articles/a582a43515233c90674f11a1ed08528c93b608cb,https://newsatcl-pctr.c.yimg.jp/t/amd-img/20260613-00000126-dal-000-5-view.jpg?exp=10800,2026-06-13T18:59:28+09:00,2026-06-13T21:36:25+09:00,デイリースポーツ,dal,デイリースポーツ,626,"好リリーフを見せた木下（右）をねぎらう藤川監督（撮影・西田忠信）
「オリックス３－６阪神」（１３日、京セラドーム）

　阪神が快勝し、連敗を４で止めた。
【写真】自ら右手中指の違和感訴え交代した畠　ただならぬ表情に安藤コーチの顔も険しい
試合後、藤川監督は１点リードの七回に登板し、自ら右手中指の違和感を訴えて降板した畠に言及。「勇気があったと思いますけど。あの状態で最後、投げずに自分で（トレーナーを）呼んで降板を告げるという。勝負師というよりも、チームを優先してくれた。非常にチームとしてありがたいし、ギリギリまで戦おうとする姿はすごくありがたい」と話した。

　畠は１点リードの七回に登板。２死一、二塁とし、太田に２ボール１ストライクとしたところでアクシデントが起こった。右手を気にする仕草を見せ自ら三塁ベンチへ手を挙げて異変を訴えた。畠はトレーナーに付き添われてベンチ裏へ下がり、そのまま降板となった。

　藤川監督は「彼が上肢の部位で不安を抱えているところ。こちらもケアしながらやっているが、その症状が出た。湿度も高いし、疲労も出やすい時期ですから。おそらく一度（出場選手登録を）抹消ということになると思います」と説明。「投げてしまって打たれた後ではなくてというのは。本当にチームのことを考えてくれたというところで、連動してくれたと思います」と話した。

　畠は降板後に処置を受け、右手中指にテーピングをして勝利後のハイタッチに加わっていた。",[],[]
２９歳、多田修平が復活Ｖ　５年ぶり２度目の日本一「どん底にいた期間の方が長い。また輝けてうれしい」（デイリースポーツ）,https://news.yahoo.co.jp/articles/93ef07eb9933266e8feac48fc659493e158f587c,https://newsatcl-pctr.c.yimg.jp/t/amd-img/20260613-00000125-dal-000-11-view.jpg?exp=10800,2026-06-13T18:42:53+09:00,2026-06-13T19:12:38+09:00,デイリースポーツ,dal,デイリースポーツ,341,"男子１００メートルで優勝し、愛知・名古屋アジア大会の出場を決めた多田修平
「陸上・日本選手権」（１３日、パロマ瑞穂スタジアム）

　男子１００メートル決勝が行われ、多田修平（２９）＝住友電工＝が１０秒１７（追い風０・１メートル）で５年ぶり２度目の優勝を飾った。連覇を狙った桐生祥秀（日本生命）は１０秒２４で３位だった。
【動画】好スタートからトップで駆け抜け復活Ｖ！何度も両手叩く姿が胸アツすぎる
好スタートから前半５０メートルで先頭に立つと、中盤もリードをキープ。そのままトップでゴールを駆け抜けた。

　東京五輪代表選考会だった２１年大会以来の優勝。近年苦しんできたベテランが復活を果たした。「どん底にいた期間の方が長い。またこういう舞台で輝けてうれしいです」と、笑顔で語った。",[],[]
きやぁー！舞台挨拶→美人インフルエンサーにハプニング、登壇時に超厚底ブーツでスカート踏んで、うわっ！　ＴＶと違う美しい透明感コーデ（デイリースポーツ）,https://news.yahoo.co.jp/articles/c26656e3dd436f303d2350e63799ff784677fed2,https://newsatcl-pctr.c.yimg.jp/t/amd-img/20260613-00000124-dal-000-7-view.jpg?exp=10800,2026-06-13T18:32:46+09:00,2026-06-13T18:50:22+09:00,デイリースポーツ,dal,デイリースポーツ,360,"映画「おそ松さん　人類クズ化計画！！！！！？」初日舞台あいさつに登場した（左から）渡邉美穂、なえなの、＝ＬＯＶＥ・野口衣織＝１２日
インフルエンサーでタレントなえなの（２５）が１２日に東京都内で行われた映画「おそ松さん　人類クズ化計画！！！！！？」の初日舞台挨拶に出席した。
【写真】キャー！超厚底ブーツでスカート踏んで　ハプニングの瞬間が可愛い
Ａぇ！ｇｒｏｕｐや野口衣織らと登壇。光沢ブラックの細身ワンピに、ロングの黒レース重ね。超厚底ブーツを合わせ、テレビ出演時とは雰囲気が違う、ショート髪の透明感に映える美しいコーデで登場した。

　登壇する際には、ステージ階段でブーツで衣装の裾を踏んでしまったか、つまずいて転びそうになり、恥ずかしそうに苦笑する一幕も。

　映画では６つ子の兄弟の幼馴染チビ太役を演じている。",[],[]
巨人・リチャード　今季初打席で１号ソロ「リハビリを支えてくれたトレーナーさん達のおかげ」（デイリースポーツ）,https://news.yahoo.co.jp/articles/949ce4578ae39681a4dc521b7372865d3824c339,https://newsatcl-pctr.c.yimg.jp/t/amd-img/20260613-00000123-dal-000-11-view.jpg?exp=10800,2026-06-13T18:30:29+09:00,2026-06-13T19:04:58+09:00,デイリースポーツ,dal,デイリースポーツ,277,"２回、同点の左越え１号ソロを放ったリチャード（撮影・園田高夫）
「西武－巨人」（１３日、ベルーナドーム）

　巨人・リチャードが今季初打席で本塁打を放った。
【写真】今季初打席で本塁打！ナインの祝福にめちゃくちゃ嬉しそう
１－１の二回１死、西武先発・隅田の低めのボールを捉えた打球が左翼スタンドへ到達した。

　リチャードは球団を通じて「リハビリを支えてくれたトレーナーさん達のおかげで打つことができました」とコメントした。

　リチャードは３月のオープン戦で左手を骨折し戦線離脱。前日１２日に今季初めて１軍に昇格し、この日は「７番・一塁」で初出場した。",[],[]
レアル　ポルトガル代表ＭＦベルナルド・シウバ加入へ　次の補強対象もマンＣからと現地報道（デイリースポーツ）,https://news.yahoo.co.jp/articles/304a89110f1185a93aa2647135655e8f8a76d22c,https://newsatcl-pctr.c.yimg.jp/t/amd-img/20260613-00000122-dal-000-1-view.jpg?exp=10800,2026-06-13T18:30:10+09:00,2026-06-13T18:30:10+09:00,デイリースポーツ,dal,デイリースポーツ,507,"ベルナルド・シウバ
サッカースペイン１部リーグ、レアル・マドリードがポルトガル代表ＭＦベルナルド・シウバ（マンチェスター・シティー、英）の獲得が間近なところまで来ているという。スペインのスポーツ紙、マルカ、アスなど複数メディアが伝えている。

　報道によると同補強はモウリーニョ監督のリクエストによるもので、これまで同選手の獲得戦線で先行していたバルセロナ、アトレチコ・マドリード（共にスペイン）を追い越す形となり、交渉は合意まであとわずかなところまで進んでいる。シウバはシティーとの契約切れにより新チームへ移るため移籍金は発生しない。交渉が順調に進めばポルトガルのＷ杯初戦となる１７日以前に選手の獲得が正式発表される見通しとなっている。

　シウバがレアル・マドリードへ移籍した場合、フランス代表のＦＷキリアン・エムバペと１０年ぶりにチームメイトになる。両選手は２０１６－１７シーズンにモナコ（仏リーグ）で共闘していた。

　なお来季へ向けたレアル・マドリードの補強はこれで終わらない情勢。アス紙によると、次の補強対象は同じくマンチェスター・シティー所属のクロアチア代表ＤＦヨシュコ・グヴァルディオールだという。",[],[]
スーパー高校生現る　男子４００ｍ障害で１７歳後藤大樹がＵ１８世界記録４８秒３１！「信じられない」為末大の日本高校記録を３０年ぶり更新（デイリースポーツ）,https://news.yahoo.co.jp/articles/1ecf417fcd4f89b5e7a6f7efe4c1723eb4dbf417,https://newsatcl-pctr.c.yimg.jp/t/amd-img/20260613-00000121-dal-000-6-view.jpg?exp=10800,2026-06-13T18:28:52+09:00,2026-06-13T20:35:57+09:00,デイリースポーツ,dal,デイリースポーツ,402,"男子４００メートル障害予選　Ｕ１８の世界記録を更新し雄たけびを上げる後藤大樹
「陸上・日本選手権」（１３日、パロマ瑞穂スタジアム）

　男子４００メートル障害予選が行われ、高校２年生の後藤大樹（１７）＝洛南高＝が４８秒３１という日本高校記録、Ｕ２０日本記録、Ｕ１８世界記録をマークし、全体１位で決勝進出を決めた。為末大の持っていた４９秒０９の高校記録を３０年ぶりに更新した。
【写真】衝撃の４８秒３１！Ｕ１８世界記録タイムに笑顔初々しい後藤大樹
スタートからグングン加速し、先頭争いを繰り広げると、最終コーナーから直線で一気に伸びて、トップでゴールを駆け抜けた。「信じられないの一言に尽きます。今までにみたことがない人の声援が聞こえてきて、ここで出すしかないなと思っていた。でも実際タイム出て、信じられない気持ちが大きいです」と、初々しく語り、「ここまできたらアジア内定も目指したい」と、決勝を見据えた。",[],[]
≠ＭＥ菅波美玲　感謝の卒業コンサート「私と出会ってくれて本当にありがとう」　指原書き下ろし楽曲も披露（デイリースポーツ）,https://news.yahoo.co.jp/articles/c7fb83cd960f2796f2c0a722412234cc31b85e48,https://newsatcl-pctr.c.yimg.jp/t/amd-img/20260613-00000120-dal-000-3-view.jpg?exp=10800,2026-06-13T18:27:55+09:00,2026-06-13T18:33:58+09:00,デイリースポーツ,dal,デイリースポーツ,959,"卒業コンサートを開催した≠ＭＥの菅波美玲©ＹＯＡＮＩ
タレント・指原莉乃プロデュースのアイドルグループ・≠ＭＥの菅波美玲が１２日、東京・ＮＨＫホールで卒業コンサートを開催した。グループからは初の卒業メンバーとなった。

　菅波は「最高の日にしよう！」と呼びかけ、センターを務めた楽曲「マシュマロフロート」でコンサートは幕を開けた。自身が参加したユニット楽曲「ウルトラレアキッス」「春の恋人」「
＃おふしょるにっと
」や、初のオリジナルソング「≠ＭＥ」、デビューミニアルバム「超特急　≠ＭＥ行き」のリード曲「秘密インシデント」など２０１９年２月の結成から約７年間の歩みを改めて感じられるセットリストだった。

　アンコールではドレスに着替えた菅波が手紙を読み上げ、「７年前、オーディションに合格して、≠ＭＥの一員になりました。この７年間、皆さんからいただいた言葉は温かくて優しくて、私を包み込んでくれて、少し立ち止まってしまった時も、皆さんがいるから頑張れる、頑張ろうと思えていました。どんな時も側にいてくれて、信じてくれて、私に思いをいっぱい伝えてくれて、本当にありがとう」と語った。

　さらに「メンバーのみんな。楽しい時も苦しい時も笑ったり涙したり、みんなとだから乗り越えられたことがたくさんありました。みんなと立つステージが楽しくて、みんなのギャップが大好きで、私はメンバーのことが大大大好きです。みんなで進んできたこの７年間が私の中で一生消えない宝物で青春です。ファンの皆さん、これからも≠ＭＥを支えてください。そして、夢のステージまで一緒に駆け抜けてほしいです。私と出会ってくれて本当にありがとう。皆さんのことが大好きです」と思いを伝えた。

　そして、卒業のために制作され、指原が書き下ろした楽曲「君はもう一度タネになる」を初披露。菅波は「≠ＭＥで７年間、一緒に青春を過ごしてくれて本当にありがとうございます。アイドル、とっても楽しかったです。皆さんがいたから、ステージでたくさん輝けました。皆さんからの温かい言葉、絶対にこれからも忘れません。今まで本当にありがとう。皆さんのことが大好きです。みんなの笑顔が大好きだよ！今日は本当にありがとうございました！」と別れの言葉を伝え、卒業コンサートは幕を閉じた。",[],[]
阪神快勝　連敗４でストップ、高橋が無傷８勝目でハーラー単独トップ　初回に佐藤輝の適時二塁打で先制（デイリースポーツ）,https://news.yahoo.co.jp/articles/1b59dd371ee16d8a27b6da6a43788bac0d18c887,https://newsatcl-pctr.c.yimg.jp/t/amd-img/20260613-00000119-dal-000-5-view.jpg?exp=10800,2026-06-13T18:26:40+09:00,2026-06-13T19:00:59+09:00,デイリースポーツ,dal,デイリースポーツ,348,"１回、佐藤は先制適時二塁打を放ちベンチにポーズを送る（撮影・山口登）
「オリックス３－６阪神」（１３日、京セラドーム大阪）

　阪神が快勝。連敗を４でストップさせた。

　打線は初回２死から森下が左翼線への二塁打で出塁すると、続く佐藤輝が中堅フェンス直撃の適時二塁打を放ち先制。四回には大山の犠飛で１点を追加した。

　さらに六回には先頭・森下が左中間への二塁打でチャンスメークし、相手ミスにも乗じて２死満塁と好機を拡大。ここで熊谷が三塁線を破る２点適時二塁打を放った。

　４－３の九回２死二塁では、高寺が中越え適時三塁打。中野も中前適時打で続きリードを広げた。

　先発の高橋は坂本と今季２度目のバッテリーで６回７安打３失点（自責２）。開幕から無傷の８勝目を挙げ、ハーラー単独トップに立った。",[],[]
【ボート】尼崎Ｇ１　加藤翔馬がＧ１初優出初制覇（デイリースポーツ）,https://news.yahoo.co.jp/articles/002514c8f22027b60e32433e2fdd05b048d14cb6,https://newsatcl-pctr.c.yimg.jp/t/amd-img/20260613-00000118-dal-000-3-view.jpg?exp=10800,2026-06-13T18:24:09+09:00,2026-06-13T18:27:48+09:00,デイリースポーツ,dal,デイリースポーツ,596,"Ｇ１初優出初制覇を果たした加藤翔馬
「尼崎センプルカップ・Ｇ１」（１２日、尼崎）

　人気を集めた１号艇の加藤翔馬（２９）＝兵庫・１１５期・Ａ１＝がインからコンマ０７の快Ｓを決めての先マイ快勝で、今年２回目、通算では６回目となる優勝をＧ１初優出初制覇で飾った。２着には２号艇の山田康二（佐賀）、３着には黒井達矢（埼玉）が入り、３連単は１１００円（３番人気）での決着となった。

　歓喜のゴールを迎えると思わず右手でのガッツポーズが飛び出した。加藤が２０１４年１１月にデビューした地元尼崎でのＧ１初制覇。「あす（１４日）は師匠（元レーサーの白石健さん）の誕生日。いい報告ができます」と声を震わせながら胸の内を吐露した。

　５節前の初降ろしから出足系統に定評のある３９号機をしっかりと仕上げ「前検から手応えがあったし、落ち着いてレースができる足だった」と自信を持って優勝戦に臨んだ。コンマ０７の快Ｓで山田、峰竜太（佐賀）ら強力な攻撃陣を封じ込めると、バックで先行し「大丈夫だと思った」とあとは独り旅。尼崎では１６年１２月のデビュー初優勝以来となる２回目、通算では６回目の優勝をＧ１初戴冠で決めた。

　優勝賞金の１２００万円などを加えたばかりか、ＳＧへの扉も開け「迫力あるターンとスピードも付けて上の舞台で活躍したい」ときっぱり。センプル軍団の新たなスターにファンから大歓声が沸き上がっていた。",[],[]
中島ひとみが涙の初優勝！「本当にうれしい」中盤から一気の加速で日本記録保持者福部らを抜き去る「この場所で絶対とりたいと」日本ユース制した思い出の地で１４年ぶり日本一（デイリースポーツ）,https://news.yahoo.co.jp/articles/0f06e5387c762d0cc953c38d47a6747f77ea1812,https://newsatcl-pctr.c.yimg.jp/t/amd-img/20260613-00000117-dal-000-14-view.jpg?exp=10800,2026-06-13T18:12:48+09:00,2026-06-13T18:54:01+09:00,デイリースポーツ,dal,デイリースポーツ,692,"女子１００メートル障害で優勝し笑顔の中島ひとみ
「陸上・日本選手権」（１３日、パロマ瑞穂スタジアム）

　女子１００メートル障害決勝が行われた。２５年世界選手権代表の中島ひとみ（３０）＝長谷川体育施設＝は、１２秒７７で初優勝。アジア大会の派遣標準記録（１３秒０８）を突破し、代表に内定した。

　スタートで抜け出したのは日本記録保持者の福部真子だったが、中島が中盤から一気に加速。一気に抜け出して、ガッツポーズとともにゴールを駆け抜けた。「まずはいつも支えてくれる家族や会社の方々、友達、本当にありがとうございました」と感謝。今回の競技場は２０１２年、高校２年生の時に日本ユースを制した思い出の場所だった。「高校２年生の時にここで日本一をとってからなかなか日本一になることができなかったので。この場所で絶対にとりたいと思っていた。本当にうれしいです」と、たどり着いた頂点に涙がにじんだ。「自分らしいレースをしたいと思っていた。持ち味を出せた。一緒に戦ってくれた選手にも感謝でいっぱいです。アジア大会はすごく出たいと思っていた。より一層自分らしい走りを磨いて、アジア大会頑張りたいと思います。アジア１位をとりたいなと思います」と、見据えた。

　１２日の予選は日本選手権予選の歴代最高タイム１２秒７７で準決勝進出。準決勝では２組１位の全体２位で決勝に駒を進め「今季パッとしない走りが多かったんですが、やっと新しい形の中で追い求めることができるようになってきた。思うようなタイムではなかったんですけど、決勝でしっかりタイムを狙っていきたい。この場所で獲りたいなって思います」と語っていた。",[],[]
打線止まらぬソフトバンク、直近５戦１４発　２打席連発の野村「マジで良くなってきました」（デイリースポーツ）,https://news.yahoo.co.jp/articles/fc3ae7d7024d4663daf8a83c2934f21890e48be8,https://newsatcl-pctr.c.yimg.jp/t/amd-img/20260613-00000116-dal-000-3-view.jpg?exp=10800,2026-06-13T18:10:11+09:00,2026-06-13T18:14:39+09:00,デイリースポーツ,dal,デイリースポーツ,479,"ソフトバンク・野村勇
「ソフトバンク８－１ヤクルト」（１３日、みずほペイペイドーム）

　ソフトバンク打線の破壊力が止まらない。直近５試合で計１４本塁打を放っている。

　この日は３発だ。１点ビハインドの三回、近藤がヤクルト先発・山野のスライダーを完ぺきに捉えて右翼席へ逆転１３号２ランを叩き込んだ。

　六回には野村がバックスクリーン右へ３号ソロ。そして七回、またしても野村が今度は左翼席へ２打席連続４号２ランを放った。

　野村は９日の阪神戦で「自身初」の２打席連発をマークしたばかり。中３日で連続アーチを再現してみせた。

　野村は「久しぶりの『オゾン層破壊打法』です」とコメント。これについて球団広報が「野村選手の持ちギャグでそのくらい会心の一撃だったという比喩」と丁寧に注釈をつけてきた。試合後のお立ち台ではアナウンサーに突っ込まれると、不思議なダンスをしながら「オゾン層破壊してるの、俺やで～」とギャグを披露。その後、報道陣の囲み取材では「心がきつかったです」と苦笑いしていたが、打席での活躍には「マジで良くなってきました」と充実感をにじませた。",[],[]
波乱！１７年ぶり復活ＪリーグオールスターでＪ１勢がそろって敗退　トーナメント決勝はＪ２・Ｊ３対決（デイリースポーツ）,https://news.yahoo.co.jp/articles/b8f06a5b899172a499300d33ad5b21df5908ed34,https://newsatcl-pctr.c.yimg.jp/t/amd-img/20260613-00000115-dal-000-16-view.jpg?exp=10800,2026-06-13T18:06:49+09:00,2026-06-13T22:33:52+09:00,デイリースポーツ,dal,デイリースポーツ,558,"Ｊ２・Ｊ３　ＷＥＳＴ-Ｂに敗れ、肩を落とすＪ１ＷＥＳＴの香川真司（中央）＝撮影・吉澤敬太
「ＪリーグオールスターＤＡＺＮカップ」（１３日、ＭＵＦＧ国立）

　Ｊリーグのオールスターが１７年ぶりに復活し、地域ごとに編成された６チームによる１ＤＡＹトーナメントとして開催され、準決勝でＪ１東、Ｊ１西がそろって敗退する波乱があった。決勝はＪ２・Ｊ３東Ａが、山形のＦＷ土居聖真（３４）のゴールにより１－０でＪ２・Ｊ３西Ｂを破り、優勝した。
【写真】おいおい！優勝で歓喜のＪ２・Ｊ３東Ａ　輪がとけると田中パウロ淳一が
相次ぐ“下剋上”に国立競技場が沸いた。準決勝で、１回戦から勝ち上がってきたＪ２・Ｊ３東ＡがシードのＪ１東と対戦し、０－０で終えた後、ＰＫ戦を２－１で制して決勝に進出。さらに、Ｊ２・Ｊ３西ＢもＪ２大分のＭＦ榊原彗悟（２５）のゴールで、Ｊ１西を１－０で撃破して優勝に王手を懸けた。

　◆オールスターＤＡＺＮカップ　Ｊリーグ所属選手によるオールスター戦としては２００９年以来１７年ぶりに開催され、Ｊ２、Ｊ３クラブを含む全６０クラブが対象となるのは初めてとなった。地域ごとに編成された６チームによる１ＤＡＹトーナメント方式で実施され、試合は前後半なしの３０分制（３位・５位決定戦は２０分制）で、全７試合が行われる。",[],[]
大相撲パリ公演前日　高安にぴったり寄り添う美女！エッフェル塔で、凱旋門で♥「幸せそうで何より」歌唱時とは別人の私服ワンピが美しすぎる（デイリースポーツ）,https://news.yahoo.co.jp/articles/84238889d069bd9f641c16ca3fcb72a641c71fb1,https://newsatcl-pctr.c.yimg.jp/t/amd-img/20260613-00000114-dal-000-4-view.jpg?exp=10800,2026-06-13T18:06:11+09:00,2026-06-13T18:14:21+09:00,デイリースポーツ,dal,デイリースポーツ,590,"チェックインの手続きを行う高安（手前右）ら＝９日、羽田
大相撲パリ公演が１３、１４日、アコー・アリーナで３１年ぶりに開催される。大関琴桜と小結高安、幕内玉鷲は１２日、会場近くで日本の伝統文化交流イベントに参加した。
【写真】エッフェル塔を背に高安にぴったり寄り添い　ノースリワンピ姿が歌唱時と別人
高安の妻で、演歌歌手の杜このみ（３６）はパリ時間の１３日早朝、自身のインスタグラムを更新。「実は…♡パリに来ています　　大相撲フランス公演をどうしても観たくて、事務所の皆さんがスケジュールを調整して下さりました　本当にありがたいです　　　新婚旅行にも行けていないのだから！と、快く送り出してくれた両親にも感謝です」と高安とエッフェル塔や凱旋門をバックに寄り添って撮影した夫婦ショットなどを公開した。ロングヘアを下ろし、着物姿の歌唱時とは全く違うノースリーブの私服姿などでパリ観光を楽しんでいる。

　１２日の文化交流会も見学したそうで「日本の文化に興味を持って頂けるのがとても嬉しく、私もいつかフランスでコンサートがしたい！！と思いました」と刺激を受けていた。

　杜は２０２０年、大相撲の高安と結婚し、２１年２月に長女（５）、２２年８月に長男（３）を出産しており、今回の投稿には「素敵なご夫婦♥」「素敵な写真」「幸せそうで何より」「幸せいっぱいな笑顔が素敵」などの声が届いている。",[],[]
広島ドラ１・平川は病院で検査へ　新井監督「手首がということなので」と明かす　５試合ぶりスタメンも六回守備から退く（デイリースポーツ）,https://news.yahoo.co.jp/articles/dd1a0981895d35e34562efa45457050bffd2f47c,https://newsatcl-pctr.c.yimg.jp/t/amd-img/20260613-00000113-dal-000-9-view.jpg?exp=10800,2026-06-13T18:05:47+09:00,2026-06-13T19:04:56+09:00,デイリースポーツ,dal,デイリースポーツ,278,"６回、空振り三振に倒れる平川（撮影・金田祐二）
「楽天０－２広島」（１３日、楽天モバイル最強パーク）

　広島・新井監督が試合後、六回の守備から退いたドラフト１位・平川（仙台大）について「手首がということなので、検査待ちかな」と明らかにした。試合後に病院を受診するとし、故障の程度については「検査待ちかな。なんとも言えない」と話した。

　平川はこの日、５試合ぶりにスタメン出場。二回１死の第１打席で早川から空振り三振を喫すると、四回１死一塁でも左腕の前に空振り三振。六回１死では楽天のドラ１・藤原とのドラ１対決で空振り三振し、３打席連続三振に倒れていた。",[],[]
１４歳の金瑞娥がギャラリーを魅了（デイリースポーツ）,https://news.yahoo.co.jp/articles/4202840c433a533af743b48e7881a444b1c160e0,https://newsatcl-pctr.c.yimg.jp/t/amd-img/20260613-00000112-dal-000-3-view.jpg?exp=10800,2026-06-13T17:58:47+09:00,2026-06-13T18:05:01+09:00,デイリースポーツ,dal,デイリースポーツ,664,"１３番、ティーショットを放つ金瑞娥（撮影・立川洋一郎）
「女子ゴルフ・宮里藍サントリー・レディース・第３日」（１３日、六甲国際ＧＣ＝パー７２）
【写真】セカンド地点へ向かう金瑞娥の笑顔が超可愛い
ゴルフを始めて４年目ながら、圧倒的な飛距離を見せつけた弱冠１４歳のアマチュアの、単独首位スタートと今大会話題を振りまいた金瑞娥＝韓国＝が、３日目もギャラリーを沸かせた。

　スコアは４バーディー、４ボギーの７２。これには「パットが全然よくなかった」と顔をしかめた。それでも４番、１２番のパー５では果敢に直ドラで攻め（いずれもパー）、１７番パー５では右ラフから２４１ヤードをスプーンで２オンに成功。

　同組の桑木が「めちゃくちゃ飛びますね。見ないようにしました」というほどの飛距離を存分に発揮した。

　飛ばすだけではない。ニックネームは「タッコン（アグレッシブ、イケイケ）」。何度もカップに蹴られたこの日のグリーン。パターのストロークや、グリーンの読み方を見直すより先に、「もっと近くにつけてやろう」というのが金瑞娥の流儀のようだ。

　魅力的なプレースタイルで一気にその名を知らしめた。ホールアウト後にはサインを待つ長い行列ができ「そうして応援していただけるのは嬉しいし、ありがたい」とはにかんだ。

　現状、首位に５打差の３位。この大会で２位に入ればＡＩＧ全英女子オープンの出場権が得られる。前日にそれを知った際「そうなんだ～」と、さらに燃える材料を手にした。最終日、もちろん「アグレッシブにいきます」と、新星が目を輝かせた。",[],[]
ソフトバンク・前田悠伍が無傷の４勝目　自己最長７回３安打１失点　小久保監督も称賛「着実に階段を上がっている」（デイリースポーツ）,https://news.yahoo.co.jp/articles/339e8dfc8ab34e914f0ab69817c2389052ac48fb,https://newsatcl-pctr.c.yimg.jp/t/amd-img/20260613-00000111-dal-000-3-view.jpg?exp=10800,2026-06-13T17:58:30+09:00,2026-06-13T18:03:27+09:00,デイリースポーツ,dal,デイリースポーツ,408,"ソフトバンク・前田悠伍
「ソフトバンク８－１ヤクルト」（１３日、みずほペイペイドーム）

　ソフトバンク・前田悠伍投手は自己最長の７回を投げきって３安打７三振１失点の力投。無傷の４勝目を挙げた。

　二回、塩見に先制ソロを許したが慌てる素振りはなかった。「あれはカウントを悪くした自分が悪い。しっかり切り替えた。前回の登板（５回１安打１失点で白星、６日のＤｅＮＡ戦）からテンポを大事にすることを意識していました」。５回を終えたところでベンチに戻り、横目で小久保監督の方を見た。「いつも（交代を告げに）来るので、あ、来ないわと思って。６回じゃなくて７回までしっかり投げきれたのが良かったです」とはにかんだ。

　小久保監督も「３年目にして着実に階段を上がっている」と目を細めた。大阪桐蔭高時代には２年春のセンバツで優勝を果たし、世代ナンバーワンの呼び声とともにドラフト１位でプロ入りした左腕。いよいよ本格開花の予感だ。",[],[]
関大が劇的サヨナラ勝ちで54年ぶりＶ王手！決勝は前回Ｖと同じ慶大と（デイリースポーツ）,https://news.yahoo.co.jp/articles/207230b49261d7af397ceff9cae630203b64f22b,https://newsatcl-pctr.c.yimg.jp/t/amd-img/20260613-00000110-dal-000-3-view.jpg?exp=10800,2026-06-13T17:56:27+09:00,2026-06-13T18:00:11+09:00,デイリースポーツ,dal,デイリースポーツ,709,"９回、山本峻輔（中央）は左前にサヨナラ打を放ち、歓喜の大ジャンプ（撮影・佐藤厚）
「全日本大学野球選手権・準決勝、国学院大３－４関大」（１３日、神宮球場）

　関大は劇的サヨナラ勝利で３５年ぶりの決勝進出を決めた。八回に同点に追いつかれ、試合は九回へ。中原海晴投手（４年・徳島商）が１死一、二塁のピンチを背負ったが、併殺に打ち取り切り抜けた。すると直後の攻撃で先頭の加藤蔵乃介内野手（２年・浜松開誠館）がエース・藤本士生投手（３年・土浦日大）から中前打をマーク。

　２犠打で２死三塁となると、中村莞爾外野手（４年・興國）は敬遠され、２死一、三塁となった。

　打席を迎えたのはこの日３三振１四球だった４番・山本峻輔外野手（３年・延岡学園）。２ストライクからの３球目を「スライダーで来るだろうなと思っていた。それが浮いてくれたので」と左前に運び、勝利を導いた。人生初のサヨナラ打だったといい、「今までの野球人生で一番気持ちよかった」と笑顔で語った。

　今秋ドラフト候補の先発・米沢友翔投手（４年・金沢）は発熱で体調が良くない中だったというが、５回４安打１失点６奪三振。小田洋一監督（６０）は「体調悪そうなのは分かっていたんですけど、本人が『大丈夫』と言っていたのであまり深く聞くのはやめようと思って。今日は発熱の中頑張ってくれた」と話した。

　１４日は１９７２年以来５４年ぶりの優勝をかけ、慶大との決勝に臨む。くしくも１９７２年も相手は慶大で、エース・山口高志が完封し、サヨナラ勝利を導いた。小田監督は「慶応さんと決勝戦を神宮球場でできるのは夢のようなこと。選手、スタンド一体となって全力で戦うだけ」と意気込んだ。",[],[]
ＤｅＮＡが打線大爆発で連敗ストップ　１９安打で今季最多タイ１６得点　牧３ラン＆勝又プロ初弾３ラン、蝦名が満塁弾　４回までに１５得点（デイリースポーツ）,https://news.yahoo.co.jp/articles/81be069e1eb9e211bc0f468f3b221f5bbede5562,https://newsatcl-pctr.c.yimg.jp/t/amd-img/20260613-00000109-dal-000-7-view.jpg?exp=10800,2026-06-13T17:41:30+09:00,2026-06-13T23:00:17+09:00,デイリースポーツ,dal,デイリースポーツ,274,"２回、３ランを放ちナインとタッチを交わす牧（撮影・開出牧）
「ロッテ６－１６ＤｅＮＡ」（１３日、ＺＯＺＯマリンスタジアム）

　ＤｅＮＡは１９安打１６得点と打線が爆発し、連敗を「６」で止めた。１６得点は今季最多タイで４月２１日の阪神戦以来。
【写真】満塁弾の蝦名　どや顔がすぎる
一回、佐野の適時二塁打などで２点を先制。二回、牧の３ラン、勝又のプロ初本塁打となる３ランなどが飛び出し、打者一巡の猛攻で一挙８点。序盤から大量リードで突き放した。

　四回には蝦名の満塁弾などで５点を追加した。

　先発の篠木は、５回８安打５失点。今季３勝目を挙げた。",[],[]
阪神・畠が２死一、二塁で太田にカウント２ボール１ストライクとしたところで降板　右手を気にする様子　自らベンチに異変を訴える（デイリースポーツ）,https://news.yahoo.co.jp/articles/5e297786cb48f6ade089505a96fe6e6c0f186e0a,https://newsatcl-pctr.c.yimg.jp/t/amd-img/20260613-00000108-dal-000-8-view.jpg?exp=10800,2026-06-13T17:34:41+09:00,2026-06-13T19:01:11+09:00,デイリースポーツ,dal,デイリースポーツ,224,"７回、違和感を訴える畠（撮影・飯室逸平）
「オリックス－阪神」（１３日、京セラドーム）

　阪神の畠世周投手がアクシデントで降板した。右手を気にする仕草を見せ、自ら三塁ベンチに異変を訴えた。
【写真】ベンチに戻る畠　ただならぬ表情に安藤コーチの顔も険しすぎる
１点リードの七回に登板。２死一、二塁とし、太田に２ボール１ストライクとしたところでアクシデントが起こった。自らベンチへ手を挙げて、トレーナーに付き添われてベンチ裏へ。そのまま降板となった。",[],[]
全米女子オープンで「大赤字こいた」高橋彩華が連覇から赤字補填に目標変更（デイリースポーツ）,https://news.yahoo.co.jp/articles/a4229fe8e46362097c21b484dfaed1c418e194b9,https://newsatcl-pctr.c.yimg.jp/t/amd-img/20260613-00000107-dal-000-6-view.jpg?exp=10800,2026-06-13T17:34:16+09:00,2026-06-13T21:41:24+09:00,デイリースポーツ,dal,デイリースポーツ,826,"１８番、ホールアウトして菅楓華（手前）とハグを交わす高橋彩華（撮影・立川洋一郎）
「女子ゴルフ・宮里藍サントリー・レディース・第３日」（１３日、六甲国際ＧＣ＝パー７２）
【写真】「大赤字こいた」と振り返った全米女子オープン　４打及ばず予選落ちで「飛行機代、稼ぎます」
昨年のこの大会で優勝した高橋彩華（２７）＝サーフビバレッジ＝がこの日４バーディー、ノーボギーの６８でラウンド。通算１０アンダーまでスコアを伸ばした。

　ただ、順位は５位に上げたが首位・桑木志帆とは７打差あり「ちょっと離れたかな」と連覇はやや、諦めムード。それでも、モチベーションは非常に高い。

　一つには、この大会で２位以内、またはメルセデス・ランキング上位３名などに与えられるＡＩＧ全英オープン出場権がある。現在、同ランク５位の高橋だが、同４位の桑木が２位以内に入れば“繰り上がり”で出場可能。もちろん、最終日に大きく伸ばせば２位以内も十分、考えられる。

　「ベストを尽くして、少しでも上に近づいて行けたら」という。

　さらに「今後のメジャーのためにも、順位を上げておきたい」と、世界ランクなどで付与されるエビアン選手権にも、意欲を見せる。

　世界で戦うことが、第一義。ただ、前週の全米女子オープンではカットラインに４打及ばずの予選落ちを喫している。「大赤字こいた」と高橋。同大会出場選手には予選落ちでも１６０万円が支払われるが、「アメリカが初めてなので、連れて行ってあげたかった」という母親を含め、５名のチームで米国を往復した航空機代だけでも「５００万円近くかかりました」という。

　同大会に関しては「こんなにお金かけてきたんだから、という緊張感がよくなかったですね」と頭をかいたが、そこはもう、プレーで取り返すしかない。全英出場となればさらに「１・５倍くらいかかりそう」というから「飛行機代、稼ぎます」と、頂点まで沸騰したモチベーションで、最終日、チャージをかける。",[],[]
日本ハム・新庄監督「アンビリバボー」　九回劇的サヨナラに「なんすかこの勝ち方は」と第一声　水野のサヨナラ弾で１０年ぶり９連勝（デイリースポーツ）,https://news.yahoo.co.jp/articles/d1b259d25ac676ad6419c47767889119dbc7dfcd,https://newsatcl-pctr.c.yimg.jp/t/amd-img/20260613-00000106-dal-000-7-view.jpg?exp=10800,2026-06-13T17:27:06+09:00,2026-06-13T17:53:13+09:00,デイリースポーツ,dal,デイリースポーツ,536,"サヨナラ本塁打を放った水野（手前）を迎える新庄監督
「日本ハム４－３中日」（１３日、エスコンフィールド）

　劇的なサヨナラ勝ちで１０年ぶりの９連勝。日本ハム・新庄監督は「アンビリバボー、はい。なんすかこの勝ち方は」と第一声。「連勝してるときってこういう勝ち方するんすね」とうれしそうに振り返った。
【写真】新庄監督　両手パクパク猛アピールでリプレー検証→本塁打に変更でガッツポーズがいい顔すぎる
３－３の九回１死、水野が右中間へ３号サヨナラ本塁打を放ち、試合を決めた。の九回に登板した柳川が２点リードを守れず、同点とされた直後の攻撃だった。

　連勝については「この９連勝をつくってくれたのは間違いなく（４日）広島戦の延長十二回の山県君。あのヒットから今日までね、つなげてくれた山県君には感謝です」とし「あと柳川君もか。今日はやらかしたけど。ハハハ。（５日の）ヤクルト戦の（十回）１死満塁から。そりゃ疲れてますよ。仕方ない今日は」と続けた。

　この日は九回に追いつかれる苦しい展開だったが「同点になっても、やたら落ち着いている自分がいるんですよ。やってくれるだろう、って」と新庄監督。「そしたら、そう思ってる間に水野君が決めてくれて。調子いいですからね」と振り返った。",[],[]
「あり得ないこと」５９歳カズ、１９年ぶり出場Ｊオールスターで“監督”槙野智章と異例２トップ結成「出る以上絶対負けられないと」（デイリースポーツ）,https://news.yahoo.co.jp/articles/c52c18d3c097408848ad3d152f2918cc73dfbc01,https://newsatcl-pctr.c.yimg.jp/t/amd-img/20260613-00000105-dal-000-6-view.jpg?exp=10800,2026-06-13T17:25:18+09:00,2026-06-13T19:20:03+09:00,デイリースポーツ,dal,デイリースポーツ,1183,"槙野監督（左）と共にピッチに入るＪ２・Ｊ３　ＥＡＳＴ-Ｂの三浦知良（左）＝撮影・吉澤敬太
「ＪリーグオールスターＤＡＺＮカップ５位決定戦、Ｊ２・Ｊ３東Ｂ２－０Ｊ２・Ｊ３西Ａ」（１３日、ＭＵＦＧ国立）
【写真】キャプテンマークを巻いてピッチへ　槙野智章と異例２トップ
Ｊリーグのオールスターとして１７年ぶりに開催され、Ｊ３福島の元日本代表ＦＷ三浦知良（５９）が「Ｊ２・Ｊ３東Ｂ」で出場した。１９９３年に初代オールスターＭＶＰにも輝いているキングは、自身としても２００７年以来１９年ぶり史上最多１０度目の祭典で２試合に出場し、背番号「１１」で計２０分プレー。５位決定戦では槙野智章監督（３８）とともに途中出場し、ヘディングシュートを放つなど見せ場をつくった。

　国立競技場がどよめいた。残り時間６分となったところで、ベンチのカズとともに槙野監督が背番号５のユニホーム姿でピッチに向かい、２人そろって途中出場し、２トップを結成した。カズは右からのクロスに頭を合わせたり、得意のシザーズを見せるなど魅了。一方、槙野も終盤に豪快なオーバーヘッドキックを狙うなどサポーターを驚かせた。

　カズはヘディングシュートの場面について「なかなか難しいクロスではあったが、その場面に自分がいることが大事」と振り返った。また、異例となる槙野との競演については「監督がああいう形で出場するのは、なかなか珍しいというか、あり得ないことだなと（笑）。槙野監督らしいといえばらしいし、『最後に僕と一緒にプレーしてください』と（打診が）あったので」と笑いつつ、「出る以上、２－０だったので『絶対にここで（逆転されて）負けたらいけない』と２人で話していた。勝って終われて良かった」と胸をなで下ろした。

　１回戦の「Ｊ２・Ｊ３東Ａ」戦はスターティングメンバーとして出場。シュート機会はつくれなかったが、激しい競り合いを見せるなど、１４分間のプレーで沸かせた。

　試合前のセレモニーでは、Ｊリーグ元年の１９９３年のオールスターに出場したラモス瑠偉氏（６９）、武田修宏氏（５９）、柱谷哲二氏（６１）、木村和司氏（６９）らＯＢも集まった。今も現役としてプレーしている５９歳は「ＯＢから現役までが集まって交流できるのは大きなこと。自分自身、普段話しをできない選手とスタッフと交流できた。オールスターを経験して、いろんなところに力をつなげていける場だと実感している」と語った。

　◆オールスターＤＡＺＮカップ　Ｊリーグ所属選手によるオールスター戦としては２００９年以来１７年ぶりに開催され、Ｊ２、Ｊ３クラブを含む全６０クラブが対象となるのは初めてとなる。地域ごとに編成された６チームによる１ＤＡＹトーナメント方式で実施され、試合は前後半なしの３０分制（３位・５位決定戦は２０分制）で、全７試合が行われる。",[],[]
【田鎖ブラザーズ】最終回　ふみ告白に一瞬出てきた人物に、あっ！　ついに晴子（井川遥）の正体が決定的、田鎖父に恨み？　恐ろしいドンデン返しか　トントン女も関係者説（デイリースポーツ）,https://news.yahoo.co.jp/articles/a8a20f4b0dd9ae590f317647657c3bf6316d0462,https://newsatcl-pctr.c.yimg.jp/t/amd-img/20260613-00000104-dal-000-7-view.jpg?exp=10800,2026-06-13T17:22:58+09:00,2026-06-13T21:44:15+09:00,デイリースポーツ,dal,デイリースポーツ,769,"ＴＢＳ「田鎖ブラザーズ」
岡田将生、染谷将太出演のＴＢＳドラマ「田鎖ブラザーズ」第９話が１２日に放送された。次回が最終回。

　神奈川県警刑事の兄・田鎖真（岡田将生）と弟・田鎖稔（染谷将太）が、幼少だった１９９５年４月２６日、自宅で父田鎖朔太郎（和田正人）と母田鎖由香（上田遥）が刺殺された事件（時効成立）の真相が語られた。

　事件からしばらくして真実を知ったと主張する辛島金属工場の妻で山岳写真家・辛島ふみ（仙道敦子）が語ったところでは、山岳事故の手術費用を捻出するため、辛島金属工場の工場長辛島貞夫（長江英和）が拳銃密造を請負い。これを代わりに運搬した父田鎖朔太郎が荷物が拳銃であることを知って引き返してきて、辛島貞夫に自首を求め、海上での取り引きが中止に。

　この口封じで田鎖家が狙われ、地上げがらみで脅迫された中華屋「もっちゃん」店主茂木幸輝（山中崇）が犯行に及んだと言う。

　拳銃取り引きが中止になった際に、関わっていた「漁師の公司さん」が犠牲になったとも。

　これまで物語に登場した「漁師」は、足利晴子（井川遥）の父親。晴子はこれまで数回に渡って、刑事宮藤詩織（中条あやみ）に、昔は田鎖家の「近所」に住んでおり、父親は「漁師」だったと。酒に酔って海に転落して亡くなったと語っていた。

　これにより晴子が田鎖家事件の当夜に田鎖家の前にいたのは、漁師の父が犠牲になった事件が関係しているとの見方や、恐ろしい結末予測も浮上している。

　一方で事件真相は、あくまでふみが語った内容で、本当に茂木幸輝が単独の実行犯なのか、疑念が残る。また発言から再登場が予想される「トントン」こと、市役所で事件被害者に復讐を教唆していた秦野小夜子（渡辺真起子）は、当時に地上げに抵抗して落命した「畳屋　加賀正吉」の娘との見方も浮上している。",[],[]
フォルティウス吉村紗也香「少しお休みできたら」去就明言せず「明確に答えられない」５度目挑戦つかんだ五輪シーズン総括（デイリースポーツ）,https://news.yahoo.co.jp/articles/d6433aaa46a7d2736a13b98fde1c5e5f708fc529,https://newsatcl-pctr.c.yimg.jp/t/amd-img/20260613-00000103-dal-000-3-view.jpg?exp=10800,2026-06-13T17:21:39+09:00,2026-06-13T17:33:08+09:00,デイリースポーツ,dal,デイリースポーツ,594,"第７エンド、ショットが乱れ、２点を献上したフォルティウス・吉村紗也香（撮影・石井剣太郎）
「カーリング・日本選手権」（１３日、横浜ＢＵＮＴＡＩ）

　女子準決勝が行われた。２月のミラノ・コルティナ五輪代表のフォルティウスが、北海道銀行に６－１０で敗れ、２年連続の日本一は届かなかった。スキップ吉村紗也香（３４）は今後へ「少しお休みできたら」としつつ、去就については「今この場では明確に応えられないのが正直なところ」と話すにとどめた。
【写真】ショットが乱れた吉村紗也香　顔が険しすぎる
優勝した昨年２月の日本選手権（横浜）から、９月の五輪日本代表候補決定戦（北海道・稚内）、同１２月の五輪最終予選（カナダ）、今年２月のミラノ・コルティナ五輪、そして今回に日本選手権（横浜）と、１年以上に及ぶ過酷な五輪シーズンが終了した。吉村は「長かったですね」と苦笑いで率直な感想を漏らしつつ、「五輪の公式練習でアイスに立った瞬間が一番感極まった」と、学生時代から数えて５度目の挑戦で初出場をつかんだ五輪を今季のハイライトに上げた。

　フォルティウスのチームとしては４年後に向けて始動し、今大会では五輪でリザーブだった小林未奈をリード、サード、スキップと多くのポジションで起用した。吉村は自身の去就はにごしつつも、小林を「頼もしい選手」と評価。「来季はそれぞれが次に向かってスタートできれば」と語った。",[],[]
阪神・高橋遥人　６回３失点（自責２）で降板　六回につかまる　３連打やミスも絡んで一挙３失点　何とかリードは守るも悔しそうにベンチへ（デイリースポーツ）,https://news.yahoo.co.jp/articles/546af399e41308ceb1493f7157a208469d266fb5,https://newsatcl-pctr.c.yimg.jp/t/amd-img/20260613-00000102-dal-000-7-view.jpg?exp=10800,2026-06-13T17:15:27+09:00,2026-06-13T17:21:37+09:00,デイリースポーツ,dal,デイリースポーツ,350,"６回、３失点しベンチに戻る高橋（撮影・山口登）
「オリックス－阪神」（１３日、京セラドーム）

　阪神の高橋遥人投手が６回７安打３失点（自責点２）で降板した。４点リードの六回につかまった。
【写真】初回いきなり右手首に打球直撃　ベンチ裏で治療もプレー再開
味方打線が２点を追加し、点差が広がった直後だった。無死から中川と山中に連打を浴びると、西川に左越えの適時二塁打を許した。

　１死二、三塁からは宗に適時打を献上。さらに宗の二盗を阻止しようと捕手の坂本は二塁送球したが、ワンバウンド送球を中野が止められずに３点目を失った（記録は坂本の悪送球）。

　その後は１死一、二塁とピンチが続いたが、杉本を左飛。若月には３ボールとしたが、三ゴロに抑えた。何とかリードは守ったが、悔しそうにベンチへ下がった。",[],[]
前田陽子　レジェンズツアー初優勝　声震わせ「頑張ってきてよかった」【明治安田カップ】（デイリースポーツ）,https://news.yahoo.co.jp/articles/b1772f8f1696deef0246fdb58cf5523b36326272,https://newsatcl-pctr.c.yimg.jp/t/amd-img/20260613-00000101-dal-000-2-view.jpg?exp=10800,2026-06-13T17:14:07+09:00,2026-06-13T17:20:55+09:00,デイリースポーツ,dal,デイリースポーツ,357,"明治安田・根岸秋男会長（左）から特別協賛杯を贈られ笑顔の前田陽子
ＪＬＰＧＡレジェンズチャンピオンシップ明治安田カップの最終日が１３日、静岡県の川奈ホテルゴルフコース富士コース（パー７２）で行われた。首位と４打差の２位で出た前田陽子（４１）が、３連続を含む４バーディー、２ボギーでスコアを２つ伸ばし逆転。通算１アンダーでレジェンズツアー初優勝を飾った。
【写真】優勝を決めるパットを沈めガッツポーズの前田陽子
レギュラーツアー２勝の実績を持つ前田だが、優勝となると２０１５年７月以来１１年ぶり。「１０年以上も優勝から遠ざかっていて、これまで優勝するためにいろいろな経験を積んで頑張ってきた。今日の優勝は、本当に今まで一生懸命に頑張ってきたことが報われた結果。頑張ってきてよかったと思う」と、喜びで声を震わせていた。",[],[]
中日悲劇サヨナラ負け　３連敗で借金２０　九回２点差を追いつくも、その裏に草加が被弾　マウンドで崩れ落ち立ち上がれず（デイリースポーツ）,https://news.yahoo.co.jp/articles/283e9c870fe73b5a65b259245240cd8323068de0,https://newsatcl-pctr.c.yimg.jp/t/amd-img/20260613-00000100-dal-000-6-view.jpg?exp=10800,2026-06-13T17:10:00+09:00,2026-06-13T17:23:34+09:00,デイリースポーツ,dal,デイリースポーツ,291,"中日・井上一樹監督
「日本ハム４－３中日」（１３日、エスコンフィールド）

　中日がサヨナラ負けで３連敗。借金がついに今季最多の２０に膨らんだ。
【写真】新庄監督の両手パクパク猛アピール実ってリプレー検証→本塁打に変更
３－３の九回、５番手の草加が水野にサヨナラ本塁打を浴びた。打たれた草加はマウンドに崩れ落ち、しばらく立ち上がれなかった。

　今季初登板初先発の松葉は５回７安打２失点。三回に３長短打を集中されて２点を奪われた。

　打線は相手先発の福島に苦戦。２点を追う四回に暴投の間に１点を返した。１－３の九回には２死満塁と攻め、鵜飼の右前２点打で同点に追いつく意地を見せた。",[],[]
ＭＡＪ　現時点トップは米津玄師の５冠「ＩＲＩＳ　ＯＵＴ」で無双状態　続くはＭ！ＬＫの４冠（デイリースポーツ）,https://news.yahoo.co.jp/articles/b6ec35abc8aaef69d10ae752de8bb631850d5e10,https://newsatcl-pctr.c.yimg.jp/t/amd-img/20260613-00000099-dal-000-3-view.jpg?exp=10800,2026-06-13T17:09:43+09:00,2026-06-13T17:30:19+09:00,デイリースポーツ,dal,デイリースポーツ,557,"※写真はイメージです（2ragon／stock.adobe.com）
国内最大規模の国際音楽賞「ＭＵＳＩＣ　ＡＷＡＲＤＳ　ＪＡＰＡＮ　２０２６」の授賞式が１３日、東京・ＴＯＹＯＴＡ　ＡＲＥＮＡ　ＴＯＫＹＯで開催された。アジア版グラミー賞を目指し、昨年新設された日本発の国際音楽賞。Ｐｒｅｍｉｅｒｅ　Ｃｅｒｅｍｏｎｙの終了時点では、米津玄師が５冠、Ｍ！ＬＫが４冠、藤井風が３冠を獲得。サカナクション、Ｃｒｅｅｐｙ　Ｎｕｔｓ、Ｍｒｓ．　ＧＲＥＥＮ　ＡＰＰＬＥ、ＨＡＮＡが２冠となっている。

　現在トップの米津玄師は、昨年のヒットした劇場版アニメ「チェンソーマン　レゼ篇」の主題歌「ＩＲＩＳ　ＯＵＴ」で無双。最優秀Ｊ－ＰＯＰ楽曲賞のほか、Ｂｅｓｔ　Ｊａｐａｎｅｓｅ　Ｓｏｎｇのアジア、ヨーロッパ、北アメリカ、ラテンアメリカの４地域を制覇し、アニメ楽曲の強さを見せつけた。

　Ｍ！ＬＫはＴｉｋＴｏｋなどのＳＮＳで流行した「好きすぎて滅！」のヒットで、最優秀バイラル楽曲賞を受賞。カラオケ・オブ・ザ・イヤー：Ｊ－ＰＯＰ部門、家族が選んだベストソング２０２５、最優秀ボーイズアイドルカルチャー楽曲賞の４冠を獲得している。

　午後７時半からはＧｒａｎｄ　Ｃｅｒｅｍｏｎｙが開催される。どこまで記録を伸ばすか、注目が集まる。",[],[]
日本ハム劇的１０年ぶり９連勝　今季最多貯金７　同点の九回に水野がサヨナラ本塁打　（デイリースポーツ）,https://news.yahoo.co.jp/articles/862524159b6481f8109cf3a8beac94dd241d62f0,https://newsatcl-pctr.c.yimg.jp/t/amd-img/20260613-00000098-dal-000-8-view.jpg?exp=10800,2026-06-13T17:07:49+09:00,2026-06-13T17:34:30+09:00,デイリースポーツ,dal,デイリースポーツ,344,"８回裏、本塁打を放った田宮（手前）を迎える新庄監督
「日本ハム４－３中日」（１３日、エスコンフィールド）

　日本ハムがサヨナラ勝ちで１０年ぶりの９連勝。今季最多の貯金７とした。
【写真】新庄監督　両手パクパク猛アピール実ってリプレー検証→本塁打に変更でガッツポーズ
３－３の九回１死、水野が右中間へ３号サヨナラ本塁打を放ち、試合を決めた。

　三回１死二塁から水野の左中間への適時三塁打で先制。なお２死三塁から野村の中前適時打で加点した。八回には田宮のソロで追加した。

　先発の福島は７回１失点の好投。四回に暴投で失点したものの、１５０キロ台の直球を軸に散発の３安打しか許さず、８三振を奪った。

　３－１の九回に登板した柳川が２死満塁のピンチを招き、鵜飼の右前２点打で同点とされた。",[],[]
３連覇の久保凛、涙のち笑顔「１番嬉しい優勝」いとこ久保建英のＷ杯初戦「みます！」「明日まで陸上で明後日からはサッカーで」（デイリースポーツ）,https://news.yahoo.co.jp/articles/abbc620f58618fe371690bae1b3274c73f8a8bbc,https://newsatcl-pctr.c.yimg.jp/t/amd-img/20260613-00000097-dal-000-3-view.jpg?exp=10800,2026-06-13T17:06:40+09:00,2026-06-13T17:12:53+09:00,デイリースポーツ,dal,デイリースポーツ,412,"女子８００メートル決勝　タイムを見て涙ぐむ久保凜
「陸上・日本選手権」（１３日、パロマ瑞穂スタジアム）

　女子８００メートル決勝が行われ、日本記録保持者の日本記録保持者の久保凛（１８）＝積水化学＝は２分１秒５４でアジア大会派遣設定記録２分１秒６７を突破し、３連覇を飾った。アジア大会代表に内定した。
【写真】両手合わせ祈るようにタイムを見つめる久保凜　涙のち「１番嬉しい優勝」がいい顔すぎる
最初の１周は３番手につけて先頭をうかがうと、残り半周で２番手に浮上。先頭の塩見を追って残り１００メートルで並びかけて、ゴール目前で交わしきった。社会人１年目で今季ここまで苦しんできただけにゴール後は涙。「今回の３連覇は貴重で１番嬉しい優勝」と、喜びを噛み締めた。　いとこのサッカー日本代表・久保建英が挑むＷ杯も日本時間１５日に初戦オランダ戦を迎える中で「みます！」とうなずき、「明日までは陸上で明後日からはサッカーで」と、笑った。",[],[]
ピース又吉　独身に不安や恐怖ない「一人のままやったら今まで通り」恋愛という事象は「奇跡」赤裸々恋愛トーク（デイリースポーツ）,https://news.yahoo.co.jp/articles/6512c14605db43a511813a51e0afceb5b64f8deb,https://newsatcl-pctr.c.yimg.jp/t/amd-img/20260613-00000096-dal-000-3-view.jpg?exp=10800,2026-06-13T16:58:53+09:00,2026-06-13T17:08:22+09:00,デイリースポーツ,dal,デイリースポーツ,814,"トークイベントを行った又吉直樹
お笑いコンビ・ピースの又吉直樹が１３日、都内で、著書「失恋カルタ」（Ｇａｋｋｅｎ）の発売記念イベントを開催。共著者のイラストレーター・たなかみさき氏と恋愛トークを繰り広げた。
【写真】トークイベントを行ったたなかみさき氏と又吉
切ない恋心や失恋の感情を詰め込んだ１冊。又吉は「失恋だから書けたけど、うまくいった恋愛が分からない」と苦笑いし、自身の恋愛観について、幼少期の経験を振り返りながら「基本俺のこと好きじゃないやろ？っていうのがデフォルトになってる」と説明した。

　ミステリアスな印象を持たれがちで、過去の交際相手からは「何考えてるか分からない。人を好きとかそういう感情ってあるんですか？」と聞かれたことがあるという。「お付き合いした人にだけ見せられないものがある」といい、「最初は感情を出せない。最後に出して気持ち悪がられる」と苦笑い。「基本最初はめちゃくちゃカッコつけちゃう。天才のふりする」と、好きな人の前では不器用になってしまう一面を明かしていた。

　失恋した際には、気持ちを整理するため「今どこが実際に苦しいか」を言葉にしてノートに書き出すという。独身でいることへの不安を問われると「不安とか恐怖はなくて」と即答。「正直一人のままやったら今まで通りじゃないですか。いらん心配かもしれないけど、いつか自分が誰かと結婚するとか一緒に暮らすってなった時に、関係性を継続できるのかとか、相手をちゃんと楽しく日常を送れるようにできるのかっていう心配をしちゃってる」と明かした。

　結婚願望については「あったんですけどね」と意味深回答。「大人になったらするんだろうなと漠然と思ってた。今はあんまり分からない」と吐露。改めて恋愛や交際という事象を「奇跡に近い」と断言し「めっちゃ不思議ですよね。他人やった２人が付き合おうってなってお互いでルールを決めてすりあわせるって」としみじみ語った。",[],[]
スタメン外れた大谷翔平　ＢＯＳＳコラボのシックな私服で球場入り「異次元」「カッコイイ！」ＮＨＫ中継にも映り、ファン痺れる（デイリースポーツ）,https://news.yahoo.co.jp/articles/19e8464d477a661ba3d431121c281d84870ba3f8,https://newsatcl-pctr.c.yimg.jp/t/amd-img/20260613-00000095-dal-000-4-view.jpg?exp=10800,2026-06-13T16:55:47+09:00,2026-06-13T17:03:10+09:00,デイリースポーツ,dal,デイリースポーツ,598,"ドジャース・大谷翔平
「ホワイトソックス８-２ドジャース」（１２日、シカゴ）

　ドジャースの大谷翔平投手は、前日に左膝の炎症で途中交代となったこともあり、スタメンを外れ、出場機会はなかった。この日はチームよりも遅れて球場入り。試合中にはベンチで、負傷者リスト（ＩＬ）入りし、同じくベンチにいるホワイトソックス・村上宗隆内野手と、ジェスチャーでやりとりし、笑顔を見せる場面がみられた。
【写真】ピンストライプのネイビーのポロシャツにＢＯＳＳコラボコーデ　シックな着こなしがカッコ良すぎ
球場入りの際は、大きな黒いバッグを左肩に、右手にはジェラルミンケースを手に、グランドを歩き、ベンチに入っていく姿がＮＨＫの中継でも映った。

　襟の部分が白い、ピンストライプのネイビー（濃紺）のシックなポロシャツに黒いズボン、白いスニーカー。シャツはＢＯＳＳと大谷翔平コラボの限定コレクションのもので、胸にＳＯのロゴが入っている。２０２４年４月に発表したコレクションで、大谷がこのポロシャツと同じデザインのジャケット（ジャンパー）を着用していた。

　ＳＮＳ上でも「このＢＯＳＳの服を広告以外のプラベで着てるの初めて見た気がするし、小さい顔が更に小さく見える異次元」「今日もカッコいいですね！オフの服装もすごく素敵」「何着てもかっこいいな」「球場入りの雰囲気だけでワクワク」などの日米ファンの声があがっていた。",[],[]
広島が交流戦ビジター８戦目で初勝利　森下が２年ぶり完封でチーム単独トップの５勝目（デイリースポーツ）,https://news.yahoo.co.jp/articles/f0a4d8b0484f0ae748d0d2184378a9f22d6a41a8,https://newsatcl-pctr.c.yimg.jp/t/amd-img/20260613-00000094-dal-000-7-view.jpg?exp=10800,2026-06-13T16:49:45+09:00,2026-06-13T18:06:42+09:00,デイリースポーツ,dal,デイリースポーツ,274,"笑顔でナインとタッチする森下（撮影・金田祐二）
「楽天０－２広島」（１３日、楽天モバイル最強パーク）

　広島が連敗を４で止めた。交流戦はビジター８試合目で初勝利。交流戦最下位を脱出した。

　先発・森下が圧巻の投球を披露した。初回先頭の平良に左前打を浴びるも、以降は七回２死まで２０人連続でアウト。八、九回も０を並べ、自身２年ぶりの完封でチーム単独トップの５勝目をマークした。

　打線は初回から森下を援護した。１死一、三塁から４番・坂倉が相手先発・早川から右前適時打を放ち、先制に成功。五回は２死から坂倉、モンテロの連続二塁打で追加点を挙げた。",[],[]
国枝“厩務員”の担当するトクシーカイザーが９番人気２着！　「勝つのは難しいね」と苦笑い（デイリースポーツ）,https://news.yahoo.co.jp/articles/a9db9399de48a8fc3b8a248b759be63f218ef401,https://newsatcl-pctr.c.yimg.jp/t/amd-img/20260613-00000093-dal-000-5-view.jpg?exp=10800,2026-06-13T16:49:29+09:00,2026-06-13T16:54:11+09:00,デイリースポーツ,dal,デイリースポーツ,393,"国枝栄元調教師
府中が沸いた。１３日の東京１０Ｒ・夏至Ｓで、国枝栄元調教師（７１）が厩務員として担当する９番人気トクシーカイザーが果敢にハナを切り、２着に健闘した。ゴール寸前でかわされたものの、低評価を覆す走り。鞍上の菊沢は「（自分が乗っていない時も）この馬のレースを見ていて、好走パターンは気分良く運ぶ形かなと思っていました。内枠でしたしね」と振り返った。

　国枝元調教師は「勝つのは難しいね。パドックで元気良くてなぁ。“今度とお化けは出ない”だよ」と慣用句を引き合いに、苦笑いで愛馬を迎えた。小島師は「勝つならこの競馬だと思っていました。２着でも本人は喜んでいましたよ」と、厩務員として奮闘する元名伯楽の姿に目を細めた。

　あす１４日の東京４Ｒには、国枝厩務員が担当するトゥザファイナル（牡２歳、父ナダル）がデビューする。調教師として定年を迎えた後も、名伯楽の挑戦は終わらない。",[],[]
久保凛が涙の３連覇！アジア大会代表にも内定　社会人１年目「不安が大きくて心が折れそうだったけど」も大舞台で復活「すごくうれしい」ゴール目前の逆転で激戦制す（デイリースポーツ）,https://news.yahoo.co.jp/articles/8f99f899ba55fd61bc6e39975a2fead69afb5222,https://newsatcl-pctr.c.yimg.jp/t/amd-img/20260613-00000092-dal-000-12-view.jpg?exp=10800,2026-06-13T16:40:26+09:00,2026-06-13T17:09:53+09:00,デイリースポーツ,dal,デイリースポーツ,734,"女子８００メートル決勝　優勝しトロフィーを手にする久保凜
「陸上・日本選手権」（１３日、パロマ瑞穂スタジアム）

　女子８００メートル決勝が行われ、日本記録保持者の日本記録保持者の久保凛（１８）＝積水化学＝は２分１秒５４でアジア大会派遣設定記録２分１秒６７を突破し、３連覇を飾った。アジア大会代表に内定した。
【写真】祈るようにタイム見つめた久保凛　２分１秒５４に思わず涙
最初の１周は３番手につけて先頭をうかがうと、残り半周で２番手に浮上。先頭の塩見を追って残り１００メートルで並びかけて、ゴール目前で交わしきった。

　優勝インタビューでは「ここにくるまですごい不安な気持ちが大きくて。うまくいかなかったこともたくさんありましたし。心が折れそうだったけど、立て直せた。３連覇とアジアも決められて、すごくうれしい気持ちです」と、涙。「いいレースができた。ここまで戻ってこられたことにホッとしているので、次にもっと頑張りたい。今回のレースを大事にして次に繋げたい。日本開催のアジア大会でもっとレベルアップしたい」と、うなずいた。

　予選後には「ラスト１００で全然足が動かなくてマジかって。ちょっとな、という走り」と首を捻っていた久保。「ハイレベルな戦いになると思うんですけど、勝ちきってアジア大会を決められるようにしたい。しっかり３連覇して、笑顔で終われたらと思います」。いとこのサッカー日本代表・久保建英が挑むＷ杯も日本時間１５日に初戦オランダ戦を迎える中で「Ｗ杯なんですけど、日本選手権も盛り上がってるのでちょっと見てもらえたら」と陸上をアピールしつつ「４年に１回の特別な大会で楽しみ。自分も頑張らないといけないので応援しつつ頑張りたい」と、エールを送っていた。",[],[]
日本ハム・新庄監督　両手パクパク猛アピール実ってリプレー検証→本塁打に変更でガッツポーズ（デイリースポーツ）,https://news.yahoo.co.jp/articles/a4ba895e7fc8f44789349940e45369920860697d,https://newsatcl-pctr.c.yimg.jp/t/amd-img/20260613-00000091-dal-000-10-view.jpg?exp=10800,2026-06-13T16:39:57+09:00,2026-06-13T17:07:44+09:00,デイリースポーツ,dal,デイリースポーツ,360,"８回裏、田宮の打球についてリプレー検証を求める新庄監督
「日本ハム－中日」（１３日、エスコンフィールド）

　日本ハム・新庄監督が、猛アピールで田宮のソロアーチを“アシスト”した。
【写真】両手パクパク実ってホームラン！バンザイで田宮迎える新庄監督がいい顔すぎる
１点リードの八回１死から田宮が右翼への大飛球。フェンス上部に当たってグラウンドにはね返り、当初は二塁打の判定となった。すかさず新庄監督は審判団に向かって両手で指先をパクパクと開閉させて「協議して」とばかりにアピール。すると、リクエストではなく、審判団の判断でリプレー検証が行われた。

　結果、ボールはフェンス奥の柵に当たってグラウンドにはね返っており、判定はホームランに。指揮官は両手を高々と挙げてガッツポーズをとり、田宮も満面の笑みを浮かべて生還した。",[],[]
【函館スプリントＳ】６番人気ピューロマジックが復活の重賞４勝目　北村友「馬のリズムで走れた。スプリンターとしての素質がある」（デイリースポーツ）,https://news.yahoo.co.jp/articles/842a781b162d32e9c97fd09083820f8a0c385fd8,https://newsatcl-pctr.c.yimg.jp/t/amd-img/20260613-00000090-dal-000-3-view.jpg?exp=10800,2026-06-13T16:34:37+09:00,2026-06-13T16:39:55+09:00,デイリースポーツ,dal,デイリースポーツ,379,"函館競馬場
「函館スプリントＳ・Ｇ３」（１３日、函館）

　６番人気のピューロマジック（牝５歳、栗東・安田）が得意の季節に復活Ｖだ。好スタートからスピードを生かしてハナを奪うと、直線は鮮やかな二枚腰。エーティーマクフィの猛追をしっかりと封じ込め、昨年のアイビスサマーダッシュ以来となる重賞４勝目を飾った。

　殊勲の北村友は「馬が落ち着いて、リラックスすることを一番に心掛けていました。もともとスタートがいいですし、あとは他馬との兼ね合いだと思っていました。スタートを出て、道中も絡まれることなく馬のリズムで走れました。スプリンターとしての素質がありますね」と改めてその能力を高く評価した。

　翌日の宝塚記念では、史上初の春の古馬３冠がかかる人気馬クロワデュノールとコンビを組む。「あしたはあしたで力を発揮できるように意識したい」と気持ちを新たにしていた。",[],[]
五輪代表フォルティウスは連覇ならず準決勝敗退　北海道銀行に完敗…吉村ショット乱れミス第７Ｅ暗転「私のショットが決まらなくてチャンスをものにできなかった」（デイリースポーツ）,https://news.yahoo.co.jp/articles/a5db47834980d8973a1136a4ac8da3670081cb70,https://newsatcl-pctr.c.yimg.jp/t/amd-img/20260613-00000089-dal-000-5-view.jpg?exp=10800,2026-06-13T16:32:27+09:00,2026-06-13T16:38:09+09:00,デイリースポーツ,dal,デイリースポーツ,712,"指示を出すフォルティウス・吉村紗也香（撮影・石井剣太郎）
「カーリング・日本選手権」（１３日、横浜ＢＵＮＴＡＩ）

　女子準決勝が行われ、２月のミラノ・コルティナ五輪代表のフォルティウスは６－１０で北海道銀行に敗れた。前回大会の決勝で勝利した相手にリベンジを許し、２年連続の日本一は届かなかった。
【写真】得点を決め笑顔の吉村紗也香　だが第７エンドに一気に暗転
北海道銀行が２点を奪えば、フォルティウスが２点を取り返す。細かいミスは好ショットでカバーし、序盤から一進一退の攻防が続いた。

　４－５のフォルティウスの１点ビハインドで後半に突入したが、第７エンドに一気に暗転。スキップ吉村紗也香のショットが乱れて相手に好機を与え、２点を献上した。第４エンドにも同じミスが生じており、アイスの読みに苦戦。第８エンドには２点スチールを許してさらに差を広げられ、最後は第９エンド終了時点でコンシード（負けを認めること）した。

　試合後、吉村は「中盤リードを許した展開から１点差まで追いついたけど、後半複数得点取れそうなところで私のショットが決まらなくて、チャンスをものにできなかった。ウエート、曲がり具合がかみ合わなかった。悔しい結果になった」と、語った。

　１次リーグ敗退と悔しさを味わったミラノ・コルティナ五輪のリベンジを誓った舞台だった。五輪から帰国後は約１カ月の休息を取り、「メンタル的にも体力的にも少しオフをはさんで、リフレッシュができた」と４月からチーム練習を再開。今回の日本選手権に向けては「もう一回、フォルティウスとして強い姿を見てもらいたい」と意気込んでいたが、若手中心の北海道銀行に１次リーグに続いて敗れた。",[],[]
二塁走者の広島・野間　左太もも付近に打球直撃でアウト　名原の痛烈な三遊間への打球を避けきれず（デイリースポーツ）,https://news.yahoo.co.jp/articles/f440bf3b0daf2b46522568938f54f58c8cefa5bf,https://newsatcl-pctr.c.yimg.jp/t/amd-img/20260613-00000088-dal-000-17-view.jpg?exp=10800,2026-06-13T16:30:32+09:00,2026-06-13T17:35:07+09:00,デイリースポーツ,dal,デイリースポーツ,249,"８回、名原の打球が当たり守備妨害の野間（撮影・金田祐二）
「楽天－広島」（１３日、楽天モバイル最強パーク）

　広島の二塁走者・野間が打球が当たり、守備妨害でアウトになった。
【写真】まさか打球直撃でアウト　トレーナーに付き添われる野間の表情が痛々しすぎる
２－０の八回の攻撃。２死満塁で名原がとらえた三遊間への打球が、二塁走者・野間の左太もも付近を直撃。避けようと転倒した際に後頭部を地面に打ちつけてその場に倒れ込んだ。

　すぐに立ち上がったが、トレーナーに脇を抱えられるようにベンチへ戻った。",[],[]
北海道銀行が３年連続決勝進出！ミラノ五輪代表フォルティウスを撃破　悲願の初優勝かけてＳＣ軽井沢クと決戦　仁平美来「３度目の正直、絶対優勝したい」（デイリースポーツ）,https://news.yahoo.co.jp/articles/271d022471f3cbcdd0a9ce276e6b8e00c609bd69,https://newsatcl-pctr.c.yimg.jp/t/amd-img/20260613-00000087-dal-000-9-view.jpg?exp=10800,2026-06-13T16:22:41+09:00,2026-06-13T16:49:26+09:00,デイリースポーツ,dal,デイリースポーツ,363,"手を振る北海道銀行
「カーリング・日本選手権」（１３日、横浜ＢＵＮＴＡＩ）

　準決勝が行われ、２年連続準優勝の北海道銀行がミラノ・コルティナ五輪代表のフォルティウスを１０－６で下し、３大会連続の決勝進出を決めた。１４日の決勝でＳＣ軽井沢クと対戦する。

　午前に行われたプレーオフ初戦でＳＣ軽井沢クに敗れ、準決勝に回った北海道銀行。第２エンドに２点を先制すると、同点で迎えた第４エンドに好展開から３点のビッグエンドで突き放した。

　１点差に迫られた第６エンドに２点を奪うと、第７エンドに２点スチールに成功し、勝負を決めた。第８エンドも１点スチールに成功した。

　スキップの仁平美来は決勝に向けて「本当にいつもクロスゲーム。１本でも先に相手よりアイスを読んでショット決めたい。３度目の正直、絶対に優勝したい」と、見据えた。",[],[]
ダウンタウン浜ちゃん「自分から何かしようと思わん方がええ」ＭＣの流儀を熱弁　悩める朝ドラヒロインに笑い抜きでマジ金言（デイリースポーツ）,https://news.yahoo.co.jp/articles/2e301128bee3fb06d699cef30f99fa87a76e4c7f,https://newsatcl-pctr.c.yimg.jp/t/amd-img/20260613-00000086-dal-000-3-view.jpg?exp=10800,2026-06-13T15:58:49+09:00,2026-06-13T16:02:48+09:00,デイリースポーツ,dal,デイリースポーツ,514,"ダウンタウン・浜田雅功
ダウンタウン・浜田雅功がメインキャストのＭＢＳ「ごぶごぶ」が１３日放送され、貫地谷しほりがゲスト出演した。

　貫地谷が２００７年に「ちりとてちん」でヒロインを務めたときに通い詰めた、ＮＨＫ大阪放送局付近を街ブラしながらサシトーク。貫地谷からの「もっと破天荒に生きてきたかった。トーク番組でもさらけ出せない。個性がほしい。今ってみんなバラエティーも上手じゃないですか」という悩み相談に、浜田が真剣モードで対応した。

　バラエティー界を代表する経験豊富なＭＣとして、「女優さんも俳優さんも器用な人もおるけど、限られてると思いますよ」と指摘。「よう番宣でバラエティー出てきても、芯とってしゃべれる人と後ろで座ってる人と両極端でしょ。アレ自分から何かしようと思わん方がええと、僕は思ってるんです」と持論を展開した。

　「貫地谷さんってこういう人やと分からせるのって、ＭＣの仕事やから。それを自分からガンガン行くよりは、こっちに任せた方が、絶対そうやと思うんです。それをなんかするから、そんなんせんでええから、みたいな」。おちゃらけコメントや笑いを挟むことなく、トップＭＣ芸人の矜持を示して金言を授けていた。",[],[]
吉田知那美が初解説「スキップ１人ぼっちにさせない」ロコ時代の工夫＆経験談語る　持ち前笑顔も振りまく　カーリング日本選手権（デイリースポーツ）,https://news.yahoo.co.jp/articles/64f78523d43eb026220738803bc658056466c346,https://newsatcl-pctr.c.yimg.jp/t/amd-img/20260613-00000085-dal-000-3-view.jpg?exp=10800,2026-06-13T15:57:31+09:00,2026-06-13T16:01:34+09:00,デイリースポーツ,dal,デイリースポーツ,417,"吉田知那美
「カーリング・日本選手権」（１３日、横浜ＢＵＮＴＡＩ）

　五輪２大会連続メダルのロコ・ソラーレを３月に退団し、海外のプロリーグに参戦している吉田知那美が１３日、ＮＨＫＢＳで中継を行っているカーリング日本選手権・女子準決勝（フォルティウス－北海道銀行）で初解説を務めた。

　２２年北京五輪でともに銀メダルを獲得した石崎琴美さんと横並びで座り、「楽しいです」と持ち前の明るい笑顔も浮かべながら、現役ならではの視点で試合を解説。「スキップを１人ぼっちにさせないのは、チームとして取り組んでいたこと」などと、スキップ藤沢五月らと戦ったロコ・ソラーレ時代に工夫したいことや、経験談を交えながら話した。

　ロコ・ソラーレは不動のサードだった吉田知那美が今春に退団し、今回の日本選手権で初の公式戦を迎えた。サードには、４位だった３月の世界選手権からともに戦った小穴桃里を登録。初戦を勝利したが、３連敗を喫して１次リーグで敗退した。",[],[]
泥沼離婚騒動で「しんどかった」と福原愛さん　髪バッサリＴＶ出演　昨年末再婚＆妊娠発表、子供は「４カ月」に（デイリースポーツ）,https://news.yahoo.co.jp/articles/28de9a82bef8bf31a3bbe265fa211d0b557423b5,https://newsatcl-pctr.c.yimg.jp/t/amd-img/20260613-00000084-dal-000-5-view.jpg?exp=10800,2026-06-13T15:53:48+09:00,2026-06-13T16:19:36+09:00,デイリースポーツ,dal,デイリースポーツ,727,"福原愛さん
元卓球女子日本代表の福原愛さんが１３日、カンテレ「おかべろ」にゲスト出演。３年ぶりの地上波出演を果たした。同番組は収録。冒頭、「いろいろとお騒がせして…」と照れ笑いし、岡村隆史が「しゃべりたくないことはしゃべらんでいいよ」などと声をかけ、笑いが起こった。
【写真】福原愛さん　産後の最新姿に反響　雰囲気一変のボブヘア
長いイメージだった髪をばっさり切り、肩につかないボブヘアに。白いワンピースの上にフレンチスリーブのベージュのジャケットを合わせたスタイルで登場した。

　福原さんは台湾のリオ五輪卓球代表だった江宏傑氏と２０１６年９月に結婚し、１７年に長女、１９年に長男が誕生したが、２１年７月に離婚。２４年３月、長男の親権を巡って対立していた江氏と和解が成立し、福原さんは都内で会見。長男は江氏に引き渡され、監護権は江氏が持ったままの共同親権となることが明らかにされた。

　昨年１２月には、一般男性との再婚と妊娠を発表。今年４月、出産していたことを公表した。番組では、子供について「今、４カ月になりました」と幸せそうな笑顔で明かした。

　海を越えた泥沼離婚劇でニュースの主役となってしまったが、２１年初めには日本に帰国していたことを明かし、「（騒動で）外に出る恐怖とかあった」「結構しんどくて」と吐露。ネットニュースは気になったか？と聞かれ、「夫に削除されました、アプリを。私、毎朝起きて、ネットニュース見てた。（でも）旦那さんに『削除した方がいい』って（言われて）」と明かした。

　夫については「学生時代からの知り合い」で、「料理が好きで、タコスとか凝った料理も作ってくれる。外見もけっこう日本人離れしてる方なんで」とのろけていた。",[],[]
広島ドラ１・平川が六回守備から途中交代　大学時代を過ごした仙台で５試合ぶりスタメンも３打席連続三振（デイリースポーツ）,https://news.yahoo.co.jp/articles/2130250577d6a96af5202e27d92faf7c73c624bf,https://newsatcl-pctr.c.yimg.jp/t/amd-img/20260613-00000083-dal-000-5-view.jpg?exp=10800,2026-06-13T15:50:48+09:00,2026-06-13T16:14:40+09:00,デイリースポーツ,dal,デイリースポーツ,216,"広島・平川蓮
「楽天－広島」（１３日、楽天モバイル最強パーク）

　広島のドラフト１位・平川（仙台大）が５試合ぶりにスタメン出場するも、六回の守備から途中交代した。代わって二俣が右翼に入った。

　二回１死の第１打席で早川から空振り三振を喫すると、四回１死一塁でも左腕の前に空振り三振。六回１死では楽天のドラ１・藤原との“ドラ１対決”で空振り三振し、３打席連続三振に倒れていた。

　大学で４年間を過ごした仙台で悔しい交代となった。",[],[]
ＤｅＮＡ打線が大爆発　４回までに１５得点！牧＆勝又３ラン共演で二回に８点　四回には蝦名満塁弾などで５点（デイリースポーツ）,https://news.yahoo.co.jp/articles/5028263759a5070ce623b7dd83e5e19c01493d05,https://newsatcl-pctr.c.yimg.jp/t/amd-img/20260613-00000082-dal-000-4-view.jpg?exp=10800,2026-06-13T15:43:44+09:00,2026-06-13T15:57:38+09:00,デイリースポーツ,dal,デイリースポーツ,246,"２回、３ランを放ちナインとタッチを交わす牧（撮影・開出牧）
「ロッテ－ＤｅＮＡ」（１３日、ＺＯＺＯマリンスタジアム）

　ＤｅＮＡ打線が大爆発。４回までに１５得点と大量リードを奪った。
【写真】ＤｅＮＡ打線に捕まったロッテの先発・田中晴也　天を仰ぐ姿が切ない
初回に２点を奪うと、二回には牧の３ラン、勝又のプロ初アーチとなる３ランも飛び出して一挙８点。１０－０とした。

　そして、四回にはロッテ３番手広畑を攻め、石上の犠飛で１点を加えると、１番蝦名に３号満塁弾が飛び出して、１５－０とした。",[],[]
「えー？！」「さすが成功者」日本代表初戦オランダ戦に人気芸人現地へ「応援行ってきます-！」に「羨ましい」反響（デイリースポーツ）,https://news.yahoo.co.jp/articles/e6bb4d092b70d8535d3c29cc90f7e3a863655fc3,https://newsatcl-pctr.c.yimg.jp/t/amd-img/20260613-00000081-dal-000-6-view.jpg?exp=10800,2026-06-13T15:33:15+09:00,2026-06-13T19:02:47+09:00,デイリースポーツ,dal,デイリースポーツ,407,"ランニング開始時、先陣を切ったＭＦ堂安律（左）＝１２日、ナッシュビル近郊
サッカーのＷ杯北中米３カ国大会に臨む日本代表は１２日、テネシー州ナッシュビル近郊で、２日後の初戦・オランダ戦（１４日、日本時間１５日）に向けて、雨が降りしきる中、体を動かした。大半を非公開として調整を行い、公開された冒頭の練習ではＤＦ長友佑都が「よっしゃいこーぜ！」と盛り上げた。
【写真】人気芸人がＷ杯決戦の地へ　飛行機の下で高揚感たっぷりにパシャリ
現地には人気芸人も駆け付けるようだ。千鳥・ノブは「ワールドカップ！オランダ戦！応援行ってきますー！」と、空港で飛行機を背に手を振る写真をＳＮＳにアップ。この投稿には「えーーー？！」「いいな～　後押しよろしくっ」「羨ましい」「さすが成功者」「行ってらっしゃい」「かおちっちゃ！」「なんかスタイル良い？」などの声が寄せられている。

　ノブは高校時代、サッカー部で、サッカー好きで知られる。",[],[]
ＤｅＮＡ・勝又温史　プロ初アーチに「夢みたいです！」　苦節８年目で待望の一撃（デイリースポーツ）,https://news.yahoo.co.jp/articles/ec995b7c0a430b32bfc29b9c4585cfa11112c32c,https://newsatcl-pctr.c.yimg.jp/t/amd-img/20260613-00000080-dal-000-6-view.jpg?exp=10800,2026-06-13T15:30:54+09:00,2026-06-13T15:35:36+09:00,デイリースポーツ,dal,デイリースポーツ,341,"２回、中越え３ランを放ちポーズを決める勝又。三塁手は上田（撮影・開出牧）
「ロッテ－ＤｅＮＡ」（１３日、ＺＯＺＯマリンスタジアム）

　ＤｅＮＡ・勝又温史外野手が二回、プロ初本塁打となる中越え３ランを放った。
【写真】苦節８年目で初アーチ！プロ１号を生んだ華麗なスイング
６点リードの二回１死一、二塁、バックスクリーン右へ豪快な一撃。勝又は「夢みたいです！この後も最後まで気を抜かずに全力で行きます！」と満面の笑みでコメントした。

　２０１８年度ドラフト４位で日大鶴ケ丘（東京）から投手として入団するも、２１年オフに戦力外通告を受け育成契約。野手に転向し、２３年オフに再び支配下に復帰した苦労人だ。そんな男の記念すべきアーチに、左翼席を真っ青に染めたベイ党たちは大歓声で祝福した。",[],[]
横浜と東海大相模が同ブロック　クジ発表に会場どよめき　横浜・小野主将「特に意識していない」　神奈川大会の組み合わせ抽選会（デイリースポーツ）,https://news.yahoo.co.jp/articles/1568c79be4535b90f0504a389448d18596c22d24,https://newsatcl-pctr.c.yimg.jp/t/amd-img/20260613-00000079-dal-000-3-view.jpg?exp=10800,2026-06-13T15:27:03+09:00,2026-06-13T15:37:10+09:00,デイリースポーツ,dal,デイリースポーツ,561,"笑顔でガッツポーズする横浜・小野（左）と東海大相模・安嶋
第１０８回全国高等学校野球選手権神奈川大会の組み合わせ抽選会が１３日、横浜市内で行われた。

　５季連続優勝中の横浜は綾瀬西－湘南工大付の勝者と対戦。３季連続の甲子園出場を目指して小野舜友主将（３年）は「センバツで負けてから悔しい思いをしてここまでやってきた。甲子園に行って勝つことによってその悔しさを晴らすことができると思うので、まずは神奈川県大会を勝ちきって甲子園に戻りたい」と意気込んだ。

　注目すべきは４回戦だ。昨年準優勝の東海大相模が番号を発表した瞬間、会場はこの日一番のどよめきが起こった。勝ち進めば４回戦で横浜と東海大相模が戦うことになる。

　それでも絶対的王者の横浜・小野主将は「特に意識はしていない。まずは初戦に向けて自分たちは１００％のパフォーマンスを出せるように準備していきたい」と話した。対して東海大相模・安嶋浬久は「自分たちの目標は日本一。（横浜は）甲子園に行くためには倒さなければいけない相手。一戦必勝でチーム全員で戦っていきたい」とライバル心全開で力を込めた。

　選手宣誓は１０９人の希望者の中からクジを引き当てた逗子葉山に決定した。本大会は５日に横浜スタジアムで開会式が開催され、決勝戦は２６日に横浜スタジアムで行われる予定。",[],[]
阪神　高橋遥人にアクシデント　鋭い打球が右手首に当たってベンチ裏で治療もプレー再開　弾いた打球は素早い処理でアウトにする（デイリースポーツ）,https://news.yahoo.co.jp/articles/9ed9ab822bfff7c9c4ee0c6a74fd70ef96a9886a,https://newsatcl-pctr.c.yimg.jp/t/amd-img/20260613-00000078-dal-000-9-view.jpg?exp=10800,2026-06-13T15:19:35+09:00,2026-06-13T15:37:33+09:00,デイリースポーツ,dal,デイリースポーツ,243,"１回、高橋は山中の打球にグラブを出すも体に受ける（撮影・山口登）
「オリックス－阪神」（１３日、京セラドーム）

　阪神の高橋遥人投手にアクシデントが起こった。
【写真】エースの意地！打球が直撃しながらも一塁へ素早く送球する高橋遥人
１点を先制した直後の初回１死。山中の鋭い打球が投手を襲った。これをグラブに収めようとしたが、右手首に直撃。弾いた打球は素早い処理でアウトにした。

　ただ、捕手の坂本がトレーナーをすぐに呼び、一度ベンチ裏へ。治療の後、マウンドに戻ってプレーを再開した。",[],[]
田中希実が圧巻の独走劇で予選トップ通過　日本選手権予選歴代最高記録で２位に９秒２７の大差　まさかのＶ逸５０００ｍから一夜、７連覇かかる１５００ｍに登場（デイリースポーツ）,https://news.yahoo.co.jp/articles/66cbf87f8006979ba0d74d2ffe7cdc5a538572ab,https://newsatcl-pctr.c.yimg.jp/t/amd-img/20260613-00000077-dal-000-11-view.jpg?exp=10800,2026-06-13T15:18:02+09:00,2026-06-13T15:45:01+09:00,デイリースポーツ,dal,デイリースポーツ,312,"女子１５００メートル予選　力走する田中希実
「陸上・日本選手権」（１３日、パロマ瑞穂スタジアム）

　女子１５００メートル予選が行われ、７連覇を狙う日本記録保持者の田中希実（２６）＝豊田自動織機＝は４分６秒４３の予選２組１位、全体トップで決勝進出を決めた。同記録は日本選手権予選歴代最高記録。すでに突破しているアジア大会派遣設定記録の４分７秒６８も上回った。

　前日の５０００メートル決勝ではゴール目前で山本有真に交わされて２位。史上初の５連覇を目前で逃した。スタートから先頭に立つと、じわじわと集団を引き離していった。終盤は独走態勢を築き、そのまま力強くゴールを駆け抜けた。２位の選手に９秒２７の大差をつける走りだった。",[],[]
阪神　佐藤輝明が福島のミスを救う先制タイムリー！１番抜擢も痛恨の牽制死→３、４番の連続二塁打でばん回（デイリースポーツ）,https://news.yahoo.co.jp/articles/4eed9fbda1465eb0fecc44436b4f753504f3289a,https://newsatcl-pctr.c.yimg.jp/t/amd-img/20260613-00000076-dal-000-8-view.jpg?exp=10800,2026-06-13T15:13:05+09:00,2026-06-13T15:40:14+09:00,デイリースポーツ,dal,デイリースポーツ,412,"１回、左中間に先制適時二塁打を放つ佐藤（撮影・山口登）
「オリックス－阪神」（１３日、京セラドーム大阪）

　阪神の佐藤輝明内野手が初回に味方のミスをばん回する先制タイムリーを放った。
【写真】めっちゃ悔しそう！１番に抜てきの福島圭音　痛恨のけん制タッチアウト
２死二塁で迎えた第１打席。浮いた変化球をきれいにとらえると打球は左中間フェンスを直撃した。二塁走者の森下が悠々とホームイン。味方のミスをばん回する一打に京セラドームのスタンドが沸き返った。

　この回、１番に抜擢された福島がジェリーから左前打を放って出塁した。だが続く中野の打席でカウント２－２からの５球目を前に痛恨の一塁牽制タッチアウト。頭から一塁へ戻るも及ばず、阪神ファンからは大きなタメ息が漏れていた。

　それでも２死から森下が三塁線を破る二塁打を放ち、佐藤輝のタイムリー。連敗ストップへ大幅に打線を組み替えた中、先発の高橋を援護する１点をたたき出した。",[],[]
クロワデュノールの単勝が１・１倍に　複勝との“逆転現象”　過去には“ミラクルおじさん”が１２２２万円購入して一時的に単勝１・７倍になったことも（デイリースポーツ）,https://news.yahoo.co.jp/articles/10d500a3f36f452c4cf7c23be2380b7cb0dfef47,https://newsatcl-pctr.c.yimg.jp/t/amd-img/20260613-00000075-dal-000-7-view.jpg?exp=10800,2026-06-13T15:11:22+09:00,2026-06-13T15:48:48+09:00,デイリースポーツ,dal,デイリースポーツ,441,"クロワデュノール
宝塚記念のオッズが異例の動きを見せている。史上初の春古馬３冠を狙うクロワデュノールが午後３時時点で単勝１・１倍に支持されており、複勝の１・３～１・７倍を上回る“逆転現象”が起きている。

　午後０時半の時点では２・３倍の１番人気だったが、そこから買い進められ、午後２時８分の時点で１・１倍に到達した。午後０時２７分時点で約２４２２万４００円の売上げだったものが、午後３時４分段階では１億８３４３万２５００円と約８倍の売上げに。約２時間半で一気に買い進められた。その影響もあり、２番人気のメイショウタバルのオッズが１２・３倍に。１８番人気のファミリータイムは５４２・９倍（ともに午後３時５分現在）となっている。

　宝塚記念では、過去にも０３年にヒシミラクルの単勝が１２２２万円購入され、一時的に１・７倍までオッズを上がったことがあった。その後、見事に的中（単勝１６・３倍の６番人気）させて億万長者になった中年男性が、“ミラクルおじさん”と呼ばれて話題になっていた。",[],[]
慶大・渡辺和に前回覇者の東北福祉大監督が脱帽「プロのピッチャーかと思った」大会タイ記録８者連続Ｋ→トータル１５Ｋ「真っすぐかスライダーか」（デイリースポーツ）,https://news.yahoo.co.jp/articles/2f85caeb3300358777cca19a8e230de4322b8c06,https://newsatcl-pctr.c.yimg.jp/t/amd-img/20260613-00000074-dal-000-3-view.jpg?exp=10800,2026-06-13T15:00:22+09:00,2026-06-13T15:05:46+09:00,デイリースポーツ,dal,デイリースポーツ,729,"１回、高岡新時から空振り三振を奪い、雄叫びを上げる慶大・渡辺和大（撮影・佐藤厚）
「全日本大学野球選手権・準決勝、東北福祉大２－５慶大」（１３日、神宮球場）

　前回王者で２連覇とはならなかった東北福祉大の山路哲生監督（５９）は、慶大の先発・渡辺和大投手（４年・高松商）に「プロのピッチャーかと思った。本当にすごいピッチャーだった」と脱帽した。渡辺和は初回から三者連続三振。二回から四回にかけては大会タイ記録の８者連続三振をマークした。七回までは無安打無失点を継続。ツーシーム、スライダー、カットボールを織り交ぜ、７回１／３を１安打１失点１５奪三振だった。山路監督は「低めのボールのキレっていうか、真っすぐかスライダーか分かりづらい球を空振りしていた」と話した。
【写真】相手監督が「プロのピッチャーかと思った」と脱帽！渡辺和大　リリースポイントが美しい
渡辺和は「状態は結構良くて腕も振れていた」と話し、新記録については「意識はしていなかた。一球一球丁寧に投げていた結果がああなった。８者連続とは気づいていなかった」と明かした。

　ノーヒットについては「五回か六回に思っていたんですけど、１本で流れが変わるのでそこをキャッチャーと言っていました」と語った。八回には初ヒットを許し、四球を与えて１死一、二塁となったところで交代。「行かせてくれるのかなと思ったんですけど、『ま、広池に代わるんだけど』って言われて、『あ、代わるんだ』って（笑）」とマウンドにコーチが来た際の素直な心境を告白し、報道陣の笑いを誘った。

　大会記録の１試合１９奪三振まではあと４だったが、「そこは別に、たぶん取れてないので。僕があのままいってたら負けていたかな」と謙虚に語った。",[],[]
スタミナ食といえば焼き肉、ウナギ→疲労回復効果が学術的に認められたものはない→エビデンスが判明したのはトリ胸肉（デイリースポーツ）,https://news.yahoo.co.jp/articles/9ff1ecebf883a6a0f30b807c5294d69f4ee324f7,https://newsatcl-pctr.c.yimg.jp/t/amd-img/20260613-00000073-dal-000-2-view.jpg?exp=10800,2026-06-13T15:00:13+09:00,2026-06-13T15:01:23+09:00,デイリースポーツ,dal,デイリースポーツ,1716,"疲労回復効果が学術的に認められている食材とは※写真はイメージです（ｋａｒｅｐａ／ｓｔｏｃｋ．ａｄｏｂｅ．ｃｏｍ）
食事で疲れを回復させようと思ったら、まず頭に浮かぶのが「スタミナ食」、焼肉やウナギに豚キムチという人も多いでしょう。特にウナギは夏の疲れをとってくれる食材の一番手と思われがちです。しかし、ウナギをはじめこれまで「スタミナ食」と言われてきたもので疲労回復効果が学術的に認められているものは、残念ながらありません。

　日本で２０００年代初頭、１６億円の国家プロジェクトで、加熱しても煮てもどんな調理をしても失われない、最も疲労回復に効果がある食品成分が発見されました。多くの食品・食品成分を検証してエビデンスが判明したその成分こそ、鶏の胸肉に含まれる「イミダペプチド」です。日本を代表する製薬会社・食品会社１８社の協力を得て、各社の商品で使われている成分を一つずつ調べ、実際に抗疲労効果があるかどうかを検証した結果、「疲労」および「疲労感」両方に効果があると認められたのは「イミダペプチド」「クエン酸」「コエンザイムＱ１０」の３つの成分でした。そのなかでも最も効果があると認められたのが、タンパク質の一種である「イミダペプチド」でした。

　話は変わりますが、渡り鳥が北はアラスカから南はニュージーランドまで、なぜ１万キロ以上休みなく飛び続けることができるのでしょうか。渡り鳥は体重もあり、実際は逆風も吹くなか、長距離を休みなく飛び続けます。これは尋常ではありません。羽も大きいですからかなりのパワーが必要です。なぜ渡り鳥にはこんなことができるのかという研究がなされた結果、渡り鳥の羽の付け根にあたる胸肉にイミダペプチドが豊富に含まれていることが判明しました。

　イミダペプチドの合成酵素は、鳥は羽の付け根の胸肉、魚は尾びれに近い赤身の部分に豊富に含まれ、その動物にとって最も消耗の激しい部位に豊富に存在します。豚であれば体重を支える、ちょうどモモ肉やロース肉にあたる部分。言い換えれば、各動物は進化の過程で、それぞれの動物にとって最も消耗の激しい部位にイミダペプチドの合成酵素を増やし、いちばん疲れやすい部位でイミダペプチドを作り続けているのです。人間の場合イミダペプチドの合成酵素は「脳」に最も多く存在します。ヒトの脳の自律神経、まさに疲労の中枢にイミダペプチドの合成酵素が多量に存在しています。このように極めて効率的なしくみを、生物は生まれながらにして備えているのです。

　さらにイミダペプチドは、１回の摂取で長時間の抗疲労効果が高いことも判っていますが、人間において抗疲労効果を発揮し続けるには、１日２００ｍｇのイミダペプチドを２週間摂り続けると良いというエビデンスがあります。イミダペプチド２００ｍｇは鶏の胸肉にすると５０ｇ相当ですが、消化吸収のロス分を考えて１日１００ｇの鶏胸肉の摂取が一番効果的です。この量で疲労と疲労感に充分効果があるということが学術的に認められています。

　鶏の胸肉１００ｇ。焼いても揚げても蒸しても煮ても大丈夫です。鶏の胸肉自体はタンパク質なので加熱すれば変性しますが、動物は体内でイミダペプチドを再合成できるからです。

　コンビニやスーパーで売っている「サラダチキン」。柔らかく蒸した状態の鶏の胸肉が１００ｇほど包装されています。さらに様々な味付けもあり、昼食にひとつ食べれば、最高のパワーランチになります。ただし効果の実感には最低１週間程度、毎日摂取が必要です。でも鶏胸肉ばかり食べていては飽きてしまいます。イミダペプチド２００ｍｇは、カツオやマグロであれば１５０ｇ。豚ロース肉だと１３０ｇです。科学的な視点からこのようなデータが実証されている成分は、今でも世界でイミダペプチド以外になく、これは非常に画期的な研究結果といえます。（参考文献：梶本修身『「疲れないからだ」になれる本』三笠書房）

　◆松本浩彦（まつもと・ひろひこ）芦屋市・松本クリニック院長。内科・外科をはじめ「ホーム・ドクター」家庭の総合医を実践している。同志社大学客員教授、日本臍帯プラセンタ学会会長。",[],[]
ロッテがまさかの投壊　２回までに１０失点　先発田中が誤算２回途中７失点ＫＯ、２番手坂本も勝又に３ラン被弾　本拠地騒然（デイリースポーツ）,https://news.yahoo.co.jp/articles/1e953e5ceb89272a195daa72012d4a4bc8613875,https://newsatcl-pctr.c.yimg.jp/t/amd-img/20260613-00000072-dal-000-6-view.jpg?exp=10800,2026-06-13T14:58:18+09:00,2026-06-13T15:16:18+09:00,デイリースポーツ,dal,デイリースポーツ,311,"２回、牧（手前）に中越え３ランを打たれた田中（撮影・開出牧）
「ロッテ－ＤｅＮＡ」（１３日、ＺＯＺＯマリンスタジアム）

　ロッテ投手陣が２回までに１０失点と打ち込まれた。
【写真】投壊にたまらず投手交代を告げるサブロー監督　サングラス越しの表情が
先発の田中が初回に佐野に先制適時打を浴びるなど２失点を喫すると、二回には蝦名に適時打を浴び、続く牧に５号３ランを被弾。続く佐野に四球を与えたところで降板した。しかし、２番手坂本も筒香に四球を与えると、５番勝又に１号３ランを被弾。さらに２死一塁から京田の飛球をセンター、ショート、レフトがお見合いしてポトリ。一塁走者の生還を許し、悪い流れを止められず、本拠地は騒然となった。",[],[]
橋本愛　「予算が潤沢な現場でもなかったので…」低予算撮影でのスタッフの心遣いに感謝「救われてました」（デイリースポーツ）,https://news.yahoo.co.jp/articles/c1a729e8a578ead5c62d5998f61fd4d4069622cd,https://newsatcl-pctr.c.yimg.jp/t/amd-img/20260613-00000071-dal-000-3-view.jpg?exp=10800,2026-06-13T14:53:58+09:00,2026-06-13T14:57:46+09:00,デイリースポーツ,dal,デイリースポーツ,529,"イベントに出席した橋本愛
俳優の橋本愛が１３日、都内で行われた主演映画「祝山」の公開記念舞台あいさつに出席。現場スタッフの心遣いに感謝の思いを述べた。
【写真】めっちゃボーイッシュなコーデがお似合い！橋本愛の全身ショット
橋本は撮影を振り返り、「現場はすごい和やかでした。作風と真逆の空気感で、割とキャピキャピした感じ」と明かした。続けて、「今回予算が潤沢な現場でもなかったので…。毎日ご飯をスタッフさんが近くのスーパーとかに買いに行ってくださった」と告白。「近所のおいしいパン屋さんとか、いろんな種類のカップラーメンとかお菓子がすごい並んでて、他の現場よりも逆に豪華じゃない！？みたいな。それが良い思い出ですし、スタッフさんの温かさに救われてました」と低予算現場ならではのエピソードを明かした。

　同作は加門七海氏による同名小説の実写化で、民俗学・呪術などに知見を持つ加門氏の実体験をもとに描かれたホラー映画となっている。橋本は、友人が同映画のポスター写真を何度も消そうと試みるもなかなか消えない恐怖体験を明かし、「えたいの知れない力がある映画かもしれない」と会場を震えさせた。

　イベントには、共演の石川恋、久保田紗友、超特急の草川拓弥らも登壇した。",[],[]
中田英寿のオレ流スタイル　先輩後輩関係なしの強烈ダメ出し　Ｗ杯初出場かかる一戦にも平常心キープ（デイリースポーツ）,https://news.yahoo.co.jp/articles/aad01266f4816d2c30f867e03dbf39261e1a0c82,https://newsatcl-pctr.c.yimg.jp/t/amd-img/20260613-00000070-dal-000-7-view.jpg?exp=10800,2026-06-13T14:41:48+09:00,2026-06-13T15:02:09+09:00,デイリースポーツ,dal,デイリースポーツ,556,"中田英寿氏
お笑いコンビ・かまいたちがＭＣを務めるＡＢＣテレビ「これ余談なんですけど…」が１０日放送され、元サッカー日本代表の北沢豪氏と武田修宏氏がゲスト出演した。
【写真】後輩のヒデから強烈なダメ出しを受けた元日本代表　ＴＶ解説でもおなじみ
Ｊリーグ創生期からの日本サッカー史をたどる中で、２人にとって日本代表の後輩にあたる中田英寿氏に言及。北沢氏は「取り扱いが難しい。ロジカルに物を見てる。“頑張るぞタイプ”じゃない」と指摘。「（中田氏は）理屈をちゃんと整えてやることが勝利につながると。ガッツある我々は、『分かってる？』と言われたんです」と苦笑いで振り返った。

　「インサイドキックで、『違うキーちゃん』って言われちゃって」とボールの回転に対しての強烈ダメ出しも回想。「『ほんとのインサイドじゃないんだよ』って。『はぁ？！』って言いますよ」と８歳下の中田氏とのやりとりを明かした。

　日本がＷ杯初出場を決めたフランス大会アジア第３代表決定戦の、前日の様子も紹介。「ヒデと散歩してて、『人生かけた試合くらいで戦う』と言ったら、『何言ってるんですか？いつもの試合ッスよ。いつもそうやって意気込んでるから、ダメなんですよ』と説教くらっちゃって」。中田氏のキャラクターを象徴するようなエピソードを披露していた。",[],[]
昨年末再婚発表→４月出産報告の福原愛さん　子供は「４カ月」ＴＶで語る「色々お騒がせして…」　夫は「外見も日本人離れ」とおノロケ（デイリースポーツ）,https://news.yahoo.co.jp/articles/5157aeacf598bcf1c022c389fcf0cbfa20db3459,https://newsatcl-pctr.c.yimg.jp/t/amd-img/20260613-00000069-dal-000-14-view.jpg?exp=10800,2026-06-13T14:32:40+09:00,2026-06-13T15:11:06+09:00,デイリースポーツ,dal,デイリースポーツ,633,"福原愛氏
卓球女子で五輪２大会連続メダリストの福原愛さんが１３日、カンテレ「おかべろ」にゲスト出演。３年ぶりの地上波出演を果たした。同番組は収録。
【写真】福原愛さん　産後の最新姿に反響　雰囲気一変のボブヘア
長いイメージだった髪はバッサリと肩につかないぐらいのボブに。白いワンピースの上にベージュの半袖ジャケットを合わせたコーデで登場した福原さんは、「いろいろとお騒がせして…」と久しぶりのテレビ出演に苦笑い。岡村隆史が「しゃべりたくないことはしゃべらんでいいよ」、石田明が「（話したくないことは）ふんわり黙秘権使っていただいて」と声をかけると、笑いが起こった。

　福原さんは昨年１２月に一般男性との再婚と妊娠を発表し、今年４月、出産していたことを報告した。番組では、子供について「今、４カ月になりました」と幸せそうな笑顔。「学生時代からの知り合いだった」という夫については「料理が好きで、凝った料理も作ってくれる。タコスとか。外見もけっこう日本人離れしてる方なんで…」と笑顔でのろける場面もあった。

　福原さんは台湾のリオ五輪卓球代表だった江宏傑氏と２０１６年９月に結婚し、１７年に長女、１９年に長男が誕生したが、２１年７月に離婚した。２４年３月、長男の親権を巡って対立していた江氏と和解が成立。福原さんが都内で行った会見で、長男は江氏に引き渡されており、監護権は江氏が持ったままの共同親権となることが明らかにされた。福原さんは１８年１０月に現役を引退した。",[],[]
阪神　連敗阻止へ、藤川監督はスタメンを大幅変更　ドラフト１位の立石がベンチスタートで木浪が三塁で先発　中堅には福島、ＤＨは嶋村　バッテリーは高橋と坂本のコンビ（デイリースポーツ）,https://news.yahoo.co.jp/articles/095dbfa5d513102a61b2fe933047c51c4c4efc35,https://newsatcl-pctr.c.yimg.jp/t/amd-img/20260613-00000068-dal-000-7-view.jpg?exp=10800,2026-06-13T14:23:48+09:00,2026-06-13T14:52:41+09:00,デイリースポーツ,dal,デイリースポーツ,528,"打撃練習する阪神・立石正広＝京セラドーム大阪（撮影・山口登）
「オリックス－阪神」（１３日、京セラドーム）

　阪神がスタメンを大幅に変更した。

　デビューから１９試合連続でスタメンのドラフト１位・立石（創価大）がベンチスタート。木浪が三塁では今季初先発となる。さらに、中堅は１２日に再昇格したばかりの福島が５月２９日のロッテ戦（ゾゾ）以来、１１試合ぶりに先発出場。ＤＨは嶋村でプロ２度目のスタメン出場となる。
【写真】黄金ルーキーも複数ポジションに挑戦中！二塁の守備位置でノックを受ける立石正広
先発は高橋。９試合に先発し、７勝０敗、防御率０・９０と圧倒的な成績を残している。捕手は坂本。５月２２日の巨人戦（東京ド）ではコンビを組んでいる。

　チームは今季ワーストの４連敗中。“無双左腕”と藤川監督のスタメン変更という決断で、流れを変えることはできるのか。

　試合開始は１５時の予定。阪神のスタメンは以下の通り。

　【阪神】

　１番・中堅　福島

　２番・二塁　中野

　３番・左翼　森下

　４番・右翼　佐藤輝

　５番・一塁　大山

　６番・ＤＨ　嶋村

　７番・三塁　木浪

　８番・遊撃　熊谷

　９番・捕手　坂本

　　　　投手　高橋",[],[]
えっ！？日本ハム・新庄剛志監督がサッカー日本代表のユニ着用　見慣れぬウェアで練習見守る　背番号１で背中には「ＳＨＩＮＪＨＯ」（デイリースポーツ）,https://news.yahoo.co.jp/articles/c6e8ea14e285c7ee4f9c59a9de182b522377f440,https://newsatcl-pctr.c.yimg.jp/t/amd-img/20260613-00000067-dal-000-6-view.jpg?exp=10800,2026-06-13T14:20:08+09:00,2026-06-13T14:32:30+09:00,デイリースポーツ,dal,デイリースポーツ,362,"サッカー日本代表のアウェー用ユニホームを着て練習を見る・新庄監督
「日本ハム－中日」（１３日、エスコンフィールド）

　日本ハムの新庄剛志監督が特注のサッカー日本代表ユニホームを着て練習を見守った。
【写真】特注！？背番号は「１」　背ネームは「ＳＨＩＮＪＨＯ」
見慣れないウェアで練習に登場した新庄監督。サッカー日本代表のアウェーユニホームで、胸元には背番号「１」が。さらに背中側は「ＳＨＩＮＪＨＯ」のネームが刻まれ、特注で製作したものとみられる。

　サッカー日本代表のＷ杯初戦を翌日に控えた中、激励の意味を込めての着用なのかもしれない。今回のアウェーユニはデザイン性が抜群で、各地で売り切れが続出している逸品だ。

　試合前のメンバー交換では中日・井上監督と長く言葉をかわした。現在、チームは破竹の８連勝中となっている。",[],[]
舞台挨拶で突如組み体操→山田杏奈ら見つめる「奇妙な映画だった」監督の発想に困惑「何回聞いても理解できない」（デイリースポーツ）,https://news.yahoo.co.jp/articles/8a7a4a7042d4618cb45ab1e5b2217900abc53a38,https://newsatcl-pctr.c.yimg.jp/t/amd-img/20260613-00000065-dal-000-3-view.jpg?exp=10800,2026-06-13T14:05:44+09:00,2026-06-13T14:09:49+09:00,デイリースポーツ,dal,デイリースポーツ,639,"イベントに出席した山田杏奈
俳優・山田杏奈が１３日、都内の劇場で行われた、主演映画「ＮＥＷ　ＧＲＯＵＰ」の公開記念舞台あいさつに青木柚、ピエール瀧、下津優太監督と出席した。
【写真】シュールな光景！？舞台挨拶中に突如として組体操が
今作は、組み体操という「集団行動」を題材としたＳＦサイコエンタテインメント。下津監督自ら「奇妙な映画」と紹介すると、山田も「監督が言ってたので私も言うけど、奇妙な映画だった」と苦笑い。瀧も「奇妙」と口にし、「撮影の時からどういう人が見る映画なんだろうなと思って、なるほどこういう人たちかと思った」と観客を見回し、会場から笑いが起こった。

　下津監督は、社会学の本から今作の着想を得たという。「『社会はさまざまな集団でできている』って書いてあった。集団って見方を変えると怖いなと思って、ゾンビみたいな集団も怖いけど、規則正しい集団も怖いと思って、規則正しい集団ってなんだろうと思った時に『集団行動だ』みたいな。集団行動を極めるとはなんだ、『人間ピラミッド』だみたいな」と気づけば組み体操が題材になったと説明した。

　だが山田は「何回聞いても理解できない」と困惑の様子で再び苦笑い。瀧も「あんまり細かい所をちゃんと見たらいけない映画」と笑わせた。

　最後は、撮影に協力した日本体育大学・体操部の学生たちが登場し、次々に組み体操を披露する一幕が。キャスト陣が壇上から見つめて実況するというシュールな時間となり、観客からも思わず笑いが起こっていた。",[],[]
慶大が５年ぶり決勝進出！ドラフト候補の渡辺和大が大会タイ記録の８者連続三振→１５Ｋの圧巻投球　堀井監督「渡辺様々だと思います」前回大会王者を撃破（デイリースポーツ）,https://news.yahoo.co.jp/articles/40dfd0ffbdb8c3f7533bf79fd4c50cdbec51981b,https://newsatcl-pctr.c.yimg.jp/t/amd-img/20260613-00000064-dal-000-8-view.jpg?exp=10800,2026-06-13T14:02:10+09:00,2026-06-13T15:09:02+09:00,デイリースポーツ,dal,デイリースポーツ,1072,"６回、多田羅から１４個目の三振を奪い、雄叫びを上げる慶大・渡辺和大（撮影・佐藤厚）
「全日本大学野球選手権・準決勝、慶大５－２東北福祉大」（１３日、神宮球場）

　慶大が優勝した２０２１年以来、５年ぶりの決勝進出を決めた。先発の渡辺和大投手（４年・高松商）が大会タイ記録の８者連続三振をマークするなど１５奪三振で八回途中１失点。前回大会王者・東北福祉大の反撃を継投で凌ぎ、九回にダメ押しの３点を奪って逃げ切った。
【写真】圧巻の奪三振ショー！渡辺和大　さっすがドクターK　リリースポイントが美しい
渡辺は立ち上がりから圧巻の投球で奪三振の山を築いた。１４０キロ台後半のストレートを軸に、キレ抜群のスライダーを織り交ぜた。初回に２三振を奪って三者凡退で立ち上がると、二回から四回２死まで８者連続三振の離れ業。第５０回大会で愛知学院大・筒井和也（元阪神）がマークした大会記録に並んだ。

　４回で早くも２桁奪三振に到達し、５回まで外野に一度も打球を飛ばされることなくパーフェクト投球。六回に死球で初めての走者を許したが、連続三振でピンチを切り抜けた。七回も四球で走者を出したが後続を寄せ付けなかった。

　しかし八回、先頭に右前打を許してノーヒットノーランの快挙はあと６人のところでストップ。１死後に四球を与え一、二塁となったところでマウンドを広池に譲った。

　しかし右腕は三盗を許し、悪送球が重なった間に１点差へ迫られた。なおも四球と内野安打で満塁となったところで水野へスイッチ。ここで２番・高岡のバットをへし折り二ゴロ併殺打に仕留めてピンチを脱出。相手ベンチのチャレンジも判定は覆らなかった。

　直後に連打で好機を作り、一宮のタイムリーなどで一挙３点を奪った慶大。優勝した２０２１年の第７０回大会以来となる決勝進出を果たした。堀井監督は「去年のチャンピオンチームで力のあるチームで最後まで気を抜けませんでした」と語り、「渡辺が本当によく投げてくれた。きょうはキレも制球力もよかった。本当に渡辺様々だと思います」とたたえていた。

　渡辺は「前年度王者の東北福祉さんなので、ここが大一番だと思って投げた。状態はよくて思う感じのピッチングができた。記録は意識して無くて言われてから気づいた。大会記録に並べてうれしいです」と語った。一方で「後半無駄なランナーを多く出しちゃったので反省です。どこかでヤマ場は来る中で、僕は交代してしまったんですけど、絶対に抑えてくれと。慶応は波に乗っていると思うので、その波に乗って日本一を取りたい」と力を込めた。",[],[]
東北福祉大は連覇ならず　八回に渡辺和攻略もあと一本が出ず　猪俣も打ち込まれる（デイリースポーツ）,https://news.yahoo.co.jp/articles/173f679969b8307b7d360bd258b5ccf85c456918,https://newsatcl-pctr.c.yimg.jp/t/amd-img/20260613-00000063-dal-000-3-view.jpg?exp=10800,2026-06-13T14:02:10+09:00,2026-06-13T14:07:33+09:00,デイリースポーツ,dal,デイリースポーツ,541,"７回、林純司を空振り三振に打ち取り、雄叫びを上げる東北福祉大・猪俣駿太（撮影・佐藤厚）
「全日本大学野球選手権・準決勝、慶大５－２東北福祉大」（１３日、神宮球場）

　東北福祉大は反撃及ばず、連覇とはならなかった。慶大先発の今秋ドラフト候補・渡辺和大投手（４年・高松商）に対し、七回までは無安打無無得点１５三振と完璧に抑え込まれた。

　しかし２点を追う八回に試合が動いた。先頭の藤原天斗捕手（３年・八戸学院光星）が右安打を放ち、ノーヒットノーランを阻止。その後、四球で１死一、二塁となると、広池に投手交代した。

　代打の代打、長谷陸翔外野手（３年・八戸学院光星）の２球目に二走・中岡誠志郎内野手（１年・明秀日立）が盗塁を仕掛けると、捕手からの送球を三塁手が捕球ミス。中岡はその間に生還し、１点を返した。

　長谷は四球、次打者は一塁への内野安打で２死三塁と一打逆転のチャンスを迎えたところで、慶大は３番手・水野敬太投手（３年・札幌南）に交代。東北福祉大は高岡新時内野手（４年・龍谷大平安）が打席を迎えたが、二塁への併殺ゴロで得点することはできなかった。

　八回の裏には今秋ドラフト候補の東北福祉大・猪俣駿太投手（４年・明秀日立）が打ち込まれ、３失点。４点にリードを広げられた。",[],[]
ファン喝采！５９歳カズ、自身１９年ぶりオールスターで先発出場　シュート機会なく１４分で交代も…史上最多１０度目の祭典（デイリースポーツ）,https://news.yahoo.co.jp/articles/584ab19059fd36e1c1dceb8a3815df6e20d88817,https://newsatcl-pctr.c.yimg.jp/t/amd-img/20260613-00000062-dal-000-4-view.jpg?exp=10800,2026-06-13T13:56:01+09:00,2026-06-13T14:05:13+09:00,デイリースポーツ,dal,デイリースポーツ,945,"Ｊリーグオールスター　ＤＡＺＮカップで途中交代し、歓声に応えるＪ２・Ｊ３　ＥＡＳＴ-Ｂの三浦知良。右奥は槙野監督（撮影・吉澤敬太）
「ＪリーグオールスターＤＡＺＮカップ１回戦、Ｊ２・Ｊ３東Ａ２－０Ｊ２・Ｊ３東Ｂ」（１３日、ＭＵＦＧ国立）
【写真】キャプテンマークを巻いて競り合うカズにファン喝采！
Ｊリーグのオールスターとしては１７年ぶりに開催され、Ｊ３福島の元日本代表ＦＷ三浦知良（５９）が「Ｊ２・Ｊ３東Ｂ」のメンバーで出場した。１９９３年のオールスターで初代ＭＶＰにも輝いているキングは、自身としても２００７年以来１９年ぶりで史上最多１０度目の祭典となった。

　第１試合の「Ｊ２・Ｊ３東Ａ」戦で、スターティングメンバーとして「カズ」の名前が読み上げられると、会場では一番大きな歓声が沸いた。５９歳の現役レジェンドは最前線で相手にプレッシャーを掛けて競り合ったり、味方にパスをつなぐなどサポーターを沸かせた。自身のシュート機会はつくれなかったが、開始１４分で交代が告げられると大きな拍手が贈られ、ピッチに一礼して自チームの槙野智章監督（３９）とタッチした。

　カズは前日練習の際、ゴールを決めれば通算６点で史上最多に並ぶものの「それほど得点の意欲はないんですけど（笑）、サポーターの皆さんが一番喜ぶことをしたいです」と率直な心境を明かし、「（周りは）みんな息子くらいの年代なので元気がいい。それに背中を押してもらって一緒にやりたい」と意気込んでいた。また、開催中の北中米Ｗ杯で日本代表の初戦（日本時間１５日のオランダ戦）を控えるタイミングとあって「（Ｊ１～Ｊ３の）６０チームから中心選手が来ているので、ある意味日本代表だと思う。その気持ちを（持って）国立（競技場で）で、日本代表がＷ杯本番を迎える前にこういうお祭りができて、Ｗ杯もお祭りなので、同じ気持ちでやれたらいい」と発奮していた。

　◆オールスターＤＡＺＮカップ　Ｊリーグ所属選手によるオールスター戦としては２００９年以来１７年ぶりに開催され、Ｊ２、Ｊ３クラブを含む全６０クラブが対象となるのは初めてとなる。地域ごとに編成された６チームによる１ＤＡＹトーナメント方式で実施され、試合は前後半なしの３０分制。全７試合が行われる。",[],[]
東北福祉大のアクシデント後に感動的な光景　投手と三塁手が激しく接触→プレー続行にチームを越えた大きな拍手　三塁手が三方向へ深々と一礼（デイリースポーツ）,https://news.yahoo.co.jp/articles/2ee4dbe94e5541370331476608b26554ae3f4be5,https://newsatcl-pctr.c.yimg.jp/t/amd-img/20260613-00000061-dal-000-5-view.jpg?exp=10800,2026-06-13T13:50:22+09:00,2026-06-13T13:54:16+09:00,デイリースポーツ,dal,デイリースポーツ,369,"７回、林純司を空振り三振に打ち取り、雄叫びを上げる東北福祉大・猪俣駿太（撮影・佐藤厚）
「全日本大学野球選手権・準決勝、慶大－東北福祉大」（１３日、神宮球場）

　九回の東北福祉大の守備で思わぬアクシデントが発生。担架が運び込まれたが、大きなケガはなくプレーを続行。さらに感動的な光景が神宮を包んだ。

　九回、２死一、二塁から吉開が三塁前へボテボテのゴロを放った。これに投手・猪俣と三塁手・向段が全力で追って激しく激突。向段が倒れ込んで起き上がることができず、グラウンド内には担架が運び込まれた。

　球場がざわつく中、向段が起き上がるとスタンドから大きな拍手がわき起こった。すると向段は一塁側ベンチだけでなく、三塁側、そしてバックネット裏へ深々と一礼。チームの垣根を越えた拍手に感謝の思いを示すと、さらに大きな拍手がわき起こっていた。",[],[]
ソフトバンク・周東がスタメン外れる　１２日の試合で右ふくらはぎに死球で直後の守備から交代（デイリースポーツ）,https://news.yahoo.co.jp/articles/eab0175f3733727448a16e48b412798f34534488,https://newsatcl-pctr.c.yimg.jp/t/amd-img/20260613-00000060-dal-000-5-view.jpg?exp=10800,2026-06-13T13:30:52+09:00,2026-06-13T13:36:55+09:00,デイリースポーツ,dal,デイリースポーツ,289,"ソフトバンク・周東佑京
「ソフトバンク－ヤクルト」（１３日、みずほペイペイドーム）

　ソフトバンク・周東佑京外野手がスタメンを外れた。

　周東は１２日の同戦の五回裏に右ふくらはぎに死球を受け、一旦は走者としてプレー続行したものの、直後の守備に就かずに交代していた。小久保監督は「骨は避けているみたい」としながらも、心配そうな様子だった。

　１３日の試合前練習はグラウンドに姿は見せず、別メニューで調整しベンチ奥の屋内スペースで打撃練習を行うなどした。

　周東はここまで６０試合に出場してリーグトップの１５盗塁をマーク。打率．２７６、１本塁打、１６打点の成績を残している。",[],[]
好きなスポーツ選手２位にりくりゅう　１位大谷翔平、３位イチロー氏　昨年圏外からランクイン（デイリースポーツ）,https://news.yahoo.co.jp/articles/acafcb9576725e6a6b66d47a9ba5d469838490fd,https://newsatcl-pctr.c.yimg.jp/t/amd-img/20260613-00000059-dal-000-3-view.jpg?exp=10800,2026-06-13T13:28:10+09:00,2026-06-13T13:32:08+09:00,デイリースポーツ,dal,デイリースポーツ,592,"ペアで金メダルを獲得し、抱き合って喜ぶ三浦璃来（左）と木原龍一組
中央調査社は１２日、第３４回人気スポーツ調査の結果を発表し、２月に開催されたミラノ・コルティナ五輪フィギュアスケート・ペアで金メダルを獲得した三浦璃来さん、木原龍一さんが組んだ“りくりゅう”（木下グループ）が、「最も好きなスポーツ選手」で２位に入った。１位は５年連続でＭＬＢドジャースの大谷翔平。３位はマリナーズの会長付特別補佐兼インストラクターのイチロー氏だった。

　調査期間は５月中旬の１１日間で、全国の２０歳以上の男女を対象に行われた。有効回答数は１２０１人。りくりゅうは昨年まで２１位以下の圏外だったが、一気に上位までジャンプアップし、イチロー氏を超えて２位に入った。特に女性の支持が高いという。「ミラノ・コルティナ五輪で最も印象に残っている競技は？」と、「今後も注目したい競技は？」の両質問でも、回答トップはフィギュアスケートだった。

　▽最も好きなスポーツ選手（上位１０位）

　①大谷翔平（野球）

　②三浦璃来、木原龍一組（フィギュアスケート）

　③イチロー（野球）

　④長嶋茂雄（野球）

　④三笘薫（サッカー）

　⑥石川祐希（バレーボール）

　⑦佐藤輝明（野球）

　⑦浅田真央（フィギュアスケート）

　⑨大の里（大相撲）

　⑩錦織圭（テニス）

　⑩坂本花織（フィギュアスケート）",[],[]
「熱いものを感じる」１７年ぶり開催のＪオールスター、レジェンド登場の光景に反響　ラモス瑠偉氏、武田修宏氏ら　木村和司氏は車椅子姿も元気な表情　いまだピッチ上のカズには「おかしい笑」（デイリースポーツ）,https://news.yahoo.co.jp/articles/8e4b79cee404d92b4ed49e209b4830f704b990bd,https://newsatcl-pctr.c.yimg.jp/t/amd-img/20260613-00000058-dal-000-8-view.jpg?exp=10800,2026-06-13T13:21:38+09:00,2026-06-13T13:59:36+09:00,デイリースポーツ,dal,デイリースポーツ,416,"Ｊリーグオールスター　ＤＡＺＮカップでラモス瑠偉氏らと再会したＪ２・Ｊ３　ＥＡＳＴ-Ｂの三浦知良（中央）＝撮影・吉澤敬太
「ＪリーグオールスターＤＡＺＮカップ」（１３日、ＭＵＦＧ国立）

　１７年ぶりの復活となったオールスター。試合前には１９９３年に行われた第１回オールスターでプレーしたレジェンドが登場し、ラモス瑠偉氏、武田信宏氏、木村和司氏らがファンの声援に応えた。２０１５年に脳梗塞を発症した木村氏は車いす姿ながら元気な姿をみせた。
【写真】Ｊのレジェンド集結！車椅子姿の木村和司氏とラモス瑠偉氏＆武田修宏氏が笑顔でパシャリ
Ｊ２・Ｊ３東Ｂチームで出場する元日本代表ＦＷ三浦知良（５９）＝福島Ｕ＝とラモスらが記念撮影する姿も。「ラモス、水沼が解説しててピッチにはカズ、おかしい笑」、「木村和司さんの肩に手を置くラモスさん、レジェンド１０番同士の姿に熱いものを感じる」、「木村さんお元気そうでよかった」と反響の声があがっていた。",[],[]
阪神　門別が体調不良で登録抹消　湯浅に続いてブルペン陣から痛い離脱　１軍には栄枝が合流、今季初昇格（デイリースポーツ）,https://news.yahoo.co.jp/articles/c6b2382b4b48eae71299de5dcbfdf997279a6733,https://newsatcl-pctr.c.yimg.jp/t/amd-img/20260613-00000057-dal-000-4-view.jpg?exp=10800,2026-06-13T13:05:17+09:00,2026-06-13T13:17:19+09:00,デイリースポーツ,dal,デイリースポーツ,330,"阪神・門別啓人
阪神・門別啓人投手（２１）が１３日、１軍選手登録を抹消された。球団は「体調不良のため」と抹消理由を発表した。代わって、栄枝裕貴捕手（２８）が１軍に昇格した。

　門別は５月２７日に今季２度目の１軍昇格を果たした後は、中継ぎとして起用され、４試合に登板。計７回を投げて１失点に抑えていた。１２日には湯浅が「右足首の捻挫」で登録を抹消されており、またもブルペン陣にとって痛い離脱となった。

　栄枝は１２日のファーム筑後遠征に帯同していたが、１３日に１軍オリックス戦が行われる京セラドームに合流した。ファームでは３５試合に出場し、打率・２６０、１本塁打、９打点の成績。１０日のファーム・広島戦（由宇）では広島・大瀬良から左翼への本塁打を放っていた。",[],[]
柄本佑　日本人初快挙の坂西監督は「高校の後輩」と告白　主演作「メモリィズ」が北米映画祭で新人長編監督賞を受賞（デイリースポーツ）,https://news.yahoo.co.jp/articles/85e221065ea9d7bf921c7d582846137a0c5b98e5,https://newsatcl-pctr.c.yimg.jp/t/amd-img/20260613-00000056-dal-000-4-view.jpg?exp=10800,2026-06-13T12:41:31+09:00,2026-06-13T12:44:58+09:00,デイリースポーツ,dal,デイリースポーツ,680,"イベントに出席した（左から）坂西未郁監督、イッセー尾形、柄本佑、香椎由宇
俳優の柄本佑が１３日、都内で行われた主演映画「メモリィズ」の公開記念舞台あいさつに出席。日本人初の偉業を達成した監督との意外な関係性を明かした。

　同作は家族のささやかな出来事を丁寧に描き出す物語で、監督・坂西未郁氏の長編映画デビュー作品となる。坂西監督は１２日、同作で「第２５回トライベッカ映画祭」のフィクション部門の最優秀新人長編監督賞を受賞。日本人の受賞は史上初となり、快挙を成し遂げた。

　柄本は坂西監督を「高校の後輩」と告白。お互い東京・町田市の私立和光高校の出身で、「６つ下なのでかぶってはないんですけど。割と独特の空気のある学校だったので、監督を見てると、フィーリングの合うところがあった」と明かした。続けて、「たくさんセリフが詰め込まれた本という感じではないんですが、どことなく色気を感じる。そこが坂西監督の世界」と評価した。この日は、共演のイッセー尾形、香椎由宇も登壇し、祝福した。

　坂西監督は、「実感というのがあまり得れてない状況で…。でも、みなさんの感想を見させていただいたときに、少しずつ届いている感覚。対話ができている感覚が少しずつ実感になってきた」と語った。

　坂西監督の父は故・坂西伊作さんで、８０～９０年代に日本の音楽シーンに「ミュージックビデオ」を定着させた映像作家のひとりでもある。

　同映画祭は北米を代表する映画祭のひとつで、２００２年に「９１１からの復興」を目的として、ロバート・デ・ニーロらが創設した。日本人の受賞は初めてとなった。",[],[]
アストロズがヒヤヒヤ連敗ストップ　初回９点先制も今井達也が炎上５失点→終盤で１点差に　大逆転負けちらつく中で逃げ切る（デイリースポーツ）,https://news.yahoo.co.jp/articles/6a5bb6d729983ddd4e4a859401356c7e6478e183,https://newsatcl-pctr.c.yimg.jp/t/amd-img/20260613-00000054-dal-000-5-view.jpg?exp=10800,2026-06-13T12:29:25+09:00,2026-06-13T12:35:53+09:00,デイリースポーツ,dal,デイリースポーツ,841,"アストロズ・今井達也（提供・共同通信社）
「ロイヤルズ８－１０アストロズ」（１２日、カンザスシティ）

　アストロズがヒヤヒヤの勝利を挙げ連敗を止めた。初回に９点を先制しながらも先発の今井達也投手が１回を投げきることができず２／３回を５失点でＫＯ。一時１点差に迫られたが辛くも逃げ切った。
【動画】何という試合！１回表９点→１回裏５点の超打撃戦　今井達也は大量援護を生かせずＫＯ
初回、味方打線が衝撃の猛攻を見せた。ア・リーグ本塁打王のアルバレスがグランドスラムを含む１イニング２発をマークするなど一挙９得点。２５分間の攻撃でワンサイドゲームとなる中、今井がようやくマウンドに上がれた形になった。

　これでリズムがつかめなかったのか、先頭にボールが先行しカウント３-１から中前打を許した、続くウィットＪｒ．にもボールが先行。四球で歩かせてしまい、無死一、二塁のピンチを背負った。

　パスカンティーノにはカウント不利な状況から中前適時打を浴び１点を失った今井。なおも無死一、三塁からガルシアを遊ゴロに打ち取り最初のアウトを奪ったが、三塁走者が生還して２失点となった。次打者を低めの変化球で空振り三振に仕留めたが、続くペレスに左前打を浴びて２死一、三塁とピンチを拡大。投手コーチが間を取ったが、マーシーには右翼線へ適時二塁打を許した。ここでマウンドを降りた。

　２番手が２点タイムリーを浴びて今井は５失点。プレーボールから１時間弱でようやく初回の攻防が終了し、壮絶な幕開けとなった。以降は膠着状態が続いたが、八回にロイヤルズが３点をかえして１点差に。大逆転負けもちらつく中、九回に代打・マシューズがソロ本塁打を放って再び２点差へリードを広げた。その裏を抑え、辛くも逃げ切った。

　今井は４月１０日のマリナーズ戦で１死しか奪えず１安打４四球でＫＯ。それに次ぐ早期降板となった。直近３試合で２度のクオリティースタートを達成するなど安定した投球を続けていたが、思わぬマウンドになった。",[],[]
仮面ライダーヒロイン女優　Ｘアカウント乗っ取り被害→苦労連続で取り戻しまで３週間「何度も自分で意義申し立てしてもダメ」「念のため警察にも連絡」（デイリースポーツ）,https://news.yahoo.co.jp/articles/e573b40a3f513125e9d8449a4a1ebc0e8654830d,https://newsatcl-pctr.c.yimg.jp/t/amd-img/20260613-00000053-dal-000-5-view.jpg?exp=10800,2026-06-13T12:23:06+09:00,2026-06-13T12:35:08+09:00,デイリースポーツ,dal,デイリースポーツ,537,"松田るか
俳優の松田るかがＸアカウント乗っ取り被害に遭って、３週間かけて取り戻せたことを報告した。
【写真】アカウントを乗っ取られ→取り戻した女優　「奪回」をイメージした笑顔ショット
１２日に自身のＳＮＳに新規投稿。４月２１日以来となった公式投稿で、「復ッッ活！！！！アカウント取り戻せました　皆様、ご迷惑おかけしました…！！」とつづり、セキュリティー強化を誓った。

　インスタグラムではＸアカウント奪回までの過程を、「奪われてから３週間かかった　長かった　毎日何度も自分で異議申し立てしてもダメで」と詳細に説明。「念のため警察にも連絡したけどもう諦めるか～～と思っていた矢先、なんとライフネット生命さんが第三者申し立てを出して下さり（！）、それと同時にスピーディが申し立てを出した事により、無事取り戻すことができました」。苦労の連続の末、ＣＭキャラを務める企業と所属事務所の尽力で解決に至ったことを明かして、感謝もつづった。

　今月５日にはインスタでＸアカウント乗っ取りを公表。「皆様に大きな被害が及びません様に」と呼びかけて、謝罪していた。

　松田は「仮面ライダーエグゼイド」でヒロインの仮野明日那役で出演。２０２５年にはスピーディとエージェント契約を結んでいる。",[],[]
ドクターＫの出現に神宮騒然　慶大の渡辺和大が８者連続三振！元阪神・筒井和也の大会記録に並ぶ　４回で早くも１０Ｋ到達＆八回途中１５Ｋで降板（デイリースポーツ）,https://news.yahoo.co.jp/articles/98876f48e25ea9819d47056c0c175e4655d5cfaa,https://newsatcl-pctr.c.yimg.jp/t/amd-img/20260613-00000052-dal-000-16-view.jpg?exp=10800,2026-06-13T12:12:19+09:00,2026-06-13T13:24:47+09:00,デイリースポーツ,dal,デイリースポーツ,860,"東北福祉大打線を相手に力投する慶大・渡辺和大（撮影・佐藤厚）
「全日本大学野球選手権・準決勝、東北福祉大－慶大」（１３日、神宮球場）

　慶大の先発マウンドに上がったドラフト候補・渡辺和大投手が大会タイ記録となる８者連続三振をマーク。４回で早くも２桁奪三振に到達し、７回までノーヒットノーランの快投。だが八回に初安打を許し、一、二塁のピンチを招いたところで降板となった。。
【写真】圧巻の奪三振ショー！渡辺和大　さっすがドクターK　リリースポイントが美しい
初回に２三振を奪った渡辺。二回先頭から圧巻の８者連続三振をマークした。第５０回大会の東海大戦で愛知学院大・筒井和也がマークした８者連続に並んだ左腕。大会新記録に期待がかかる中、東北福祉大の辻村を追い込むも外角スライダーを当てられて遊ゴロに。それでも４回パーフェクトの圧巻投球だ。神宮のスタンドも騒然となった。

　そして味方が先制した直後の五回も２三振を奪って三者凡退。打者１５人連続アウトの快投だ。そして六回も先頭を遊ゴロに打ち取ったが、１死から小山の後頭部に死球を与え初めての走者を許した。それでも伊藤を内角低めのスライダーで空振り三振に仕留め、バッテリーエラーで得点圏に進めたが、１番の多田羅をスライダーで空振り三振に斬ると渾身のガッツポーズを見せた。

　七回も四球で走者を許したが、４番・小島を見逃し三振に仕留めて１５個目の奪三振。佐藤を遊ゴロに打ち取り、７回までノーヒットノーランを継続した。

　しかし八回、先頭に右前打を許すと１死後に四球を与えて一、二塁のピンチを招いた。ここで球数が１００球を超えたこともあり、降板。７回１／３を１安打１５奪三振の快投に神宮のスタンドから惜しみない拍手が送られた。

　渡辺は最速１５１キロをマークする左腕。今春のリーグ戦ではフル回転を見せ、７勝を挙げてリーグ制覇に貢献していた。大会前には「自分の株を上げたいという気持ちで投げていると、いい投球はできない。チームが勝つためにという気持ちで投げる」と語っていた。",[],[]
元日本代表監督　７３歳のジーコ氏がサンドラ夫人と穏やか２ショ「５５年の付き合い」ファン反響「美しいカップルは永遠に」（デイリースポーツ）,https://news.yahoo.co.jp/articles/bfb28a18054bfe03ec3ad83259c0a9ec116b588c,https://newsatcl-pctr.c.yimg.jp/t/amd-img/20260613-00000051-dal-000-4-view.jpg?exp=10800,2026-06-13T12:02:34+09:00,2026-06-13T12:12:15+09:00,デイリースポーツ,dal,デイリースポーツ,384,"大量の荷物を抱え笑顔で来日したジーコ監督（右）とサンドラ夫人＝２００６年３月
サッカー日本代表元監督のジーコ氏が１３日、自身のインスタグラムに新規投稿。サンドラ夫人と５５周年の結婚記念日を迎え、２ショット写真をアップした。
【写真】いつまでもお若い！愛妻と結婚５５周年で仲良し２ショ
「今日は私たちの日。５５年の付き合いです」と記し、サンドラ夫人と花束を持つ２ショットをアップしたジーコ氏。現在は古巣・鹿島のクラブアドバイザーを務め、６月上旬まで夫人と一緒に来日していた。

　穏やかな表情を浮かべ、７３歳を迎えても元気そうなジーコ氏。サンドラ夫人は常に夫を支え続け、日本代表の監督を務めていた際には一緒にＷ杯抽選会に向かうなど献身的にサポートしてきた。

　そんな２人の５５年の歴史を知るファンからは「美しいカップルは永遠に」「おめでとう」と祝福の声が相次いでいた。",[],[]
ブルージェイズが希望の１勝！岡本和真がゲレーロも頭を抱える特大１４号２ラン　復帰の正捕手カークが３安打の大暴れ　ヤンキースを撃破（デイリースポーツ）,https://news.yahoo.co.jp/articles/55a5d7c5f91eca327be02f5f50ad9f5f14b9bfad,https://newsatcl-pctr.c.yimg.jp/t/amd-img/20260613-00000050-dal-000-3-view.jpg?exp=10800,2026-06-13T11:29:21+09:00,2026-06-13T11:31:11+09:00,デイリースポーツ,dal,デイリースポーツ,696,"ブルージェイズ・岡本和真（提供・共同通信社）
「ブルージェイズ８－５ヤンキース」（１２日、トロント）

　ブルージェイズが乱打戦を制して同地区のヤンキースを撃破。借金を２に戻した。岡本和真内野手は初回の第１打席で１４号２ランを放つなど４打数１安打２打点で勝利に貢献した。
【動画】アッパーデッキまで飛んでいった～！ゲレーロが頭を抱えるほどの特大１４号アーチ
この日から復帰した正捕手・カークが先制の適時二塁打を放ち、なおも２死二塁で迎えた第１打席だった。カウント２－２からの６球目、内角低めのスライダーを完璧にすくい上げた。打球はグングン伸びて左翼ポール際の最上段席へ着弾。衝撃の一発にベンチではゲレーロが思わず頭を抱えた。

　さらにボールをキャッチしたファンも驚きの表情を浮かべ、スタンドは大興奮。ロジャースセンターの最上段席へ届く飛距離１２９メートルの特大弾。価値ある一撃で試合の主導権を引き寄せた。

　これで打線が勢いづくと、二回にはスプリンガーが２ランを放って突き放した。２点差に迫られた五回にはゲレーロ、カークの連続適時打で突き放した。

　岡本は以降の打席で快音を響かせることはできなかったが、打率・２３０をキープ。カークは復帰戦で３打数３安打２打点の大暴れだ。開幕位直後に正捕手が離脱したことでチームは低迷。なかなか勝率５割を上回ることができず、故障者続出で苦しい戦いを強いられてきた。

　その中でも岡本が好守で踏ん張り、チームを支えてきた。バーショが負傷者リスト入りしてしまったが、扇の要が戻ってきたことで勢いを加速させられるか。今後の戦いへ希望を抱かせる１勝となった。",[],[]
ドジャースが悪夢の大敗　佐々木朗希がメジャーワースト７失点ＫＯで４敗目　猛攻浴びロバーツ監督は中盤で白旗　ベッツ＆フリーマンをベンチへ　四回以降は１人の走者も出せず（デイリースポーツ）,https://news.yahoo.co.jp/articles/7d5c36d22c9d02a9a168289d85472a597f1b858c,https://newsatcl-pctr.c.yimg.jp/t/amd-img/20260613-00000049-dal-000-7-view.jpg?exp=10800,2026-06-13T11:24:12+09:00,2026-06-13T12:35:50+09:00,デイリースポーツ,dal,デイリースポーツ,695,"ドジャース・佐々木朗希
「ホワイトソックス８－２ドジャース」（１２日、シカゴ）

　ドジャースが悪夢の逆転負けを喫し連勝はならず。先発の佐々木朗希投手が五回につかまり、４回１／３をメジャーワーストとなる７失点ＫＯで４敗目を喫した。左膝炎症でスタメン落ちした大谷翔平投手は欠場となった。
【動画】逆転打を浴びた佐々木朗希　表情から動揺が隠し切れない様子
序盤４イニングをソロ本塁打一本に抑えていた佐々木。悪夢が襲ったのは五回だった。先頭のピーターズに四球を与えると、連打を浴びて同点に追いつかれた。さらに逆転を許すと一気に投球フォームのバランスが崩れ、Ｃ・モンゴメリー、Ｂ・モンゴメリーに連続四球を与えて押し出しで１点を献上。ここでロバーツ監督がベンチを出て交代を告げた。

　さらに２番手のトライネンも勢いを止めることができず、打者計１１人の猛攻を浴びて一挙７失点を喫したドジャース。佐々木は７失点となりメジャーワースト記録となってしまった。

　中盤でゲームの趨勢が決まると、ロバーツ監督は六回裏の守備からフリーマン、ベッツをベンチへさげた。捨てゲームの厳しい選択を迫られた。チームは前日のパイレーツ戦を終え、ピッツバーグから移動日なしでのゲームとなっており、翌日はデーゲームが控えている。選手のコンディションを優先するために中盤で負けを覚悟した形になった。打線は四回以降、１人の走者も出せずに敗れた。

　ドジャースは今回のピッツバーグ、シカゴ遠征で２勝２敗となった。１４日は山本由伸投手が先発マウンドに上がる予定。勢いに乗るア・リーグ中地区首位チームを止められるかが焦点になりそうだ。",[],[]
ホワイトソックスが王者を圧倒！ジャイアントキリングの３連勝で首位キープ　村上宗隆も大興奮！五回に打者１１人７得点の猛攻　ブレーブスに続きドジャースも撃破（デイリースポーツ）,https://news.yahoo.co.jp/articles/749c3be2d64e8f6576e869298037c48f833d5ae4,https://newsatcl-pctr.c.yimg.jp/t/amd-img/20260613-00000048-dal-000-5-view.jpg?exp=10800,2026-06-13T11:24:12+09:00,2026-06-13T11:35:45+09:00,デイリースポーツ,dal,デイリースポーツ,693,"ベンチで笑顔のホワイトソックス・村上（左）＝提供・共同通信社
「ホワイトソックス８－２ドジャース」（１２日、シカゴ）

　ホワイトソックスが逆転で３連勝。ア・リーグ中地区首位をキープした。五回に打者１１人の猛攻で一挙７得点のビッグイニングを作り、ワールドシリーズ連覇中の王者を圧倒した。
【動画】王者・ドジャース相手にビッグイニング！村上宗隆と仲良し主力もベンチで大喜び
１点を追う五回だった。ドジャース・佐々木からピーターズが奪った四球が猛攻の始まりだった。ロモ、アントナッチの連打で一気に試合を振り出しに戻すと、バルガスが右越えの適時二塁打を放って逆転に成功した。

　なおも無死二、三塁からベニンテンディは三振に倒れたが、Ｃ・モンゴメリーが四球を選んで満塁。さらにＢ・モンゴメリーも冷静にボールを見極めて押し出し四球をもぎ取った。

　ここで佐々木をＫＯすると、マイドロスが２点タイムリーを放って一挙５点のビッグイニング。さらにピーターズも右中間へ２点二塁打を放ち、打者一巡の猛攻で７得点。村上も身を乗り出して絶叫し、本拠地は大興奮に包まれた。

　先発の前ＤｅＮＡ・ケイは二回に逆転を許すも以降はドジャース打線を抑え込んだ。５回２失点で先発の役割を果たすと、以降はリリーフ陣が反撃を封じた。

　これでホワイトソックスは３連勝となり、貯金を今季最多の「６」へ伸ばした。前カードではＭＬＢ最高勝率を誇るブレーブスに連勝を決めた。そしてＷＳ連覇中の王者・ドジャースも勢いでのみこんだ３連勝。３年連続１００敗超の弱小球団が変貌を遂げている今季、ジャイアントキリングの連勝街道となった。",[],[]
「ＦＩＦＡが？スポーツマンシップにのっとってない」Ｗ杯公式チケット高騰にベテランコンビおかんむり　リセールサイトでは仰天の億超え「えっ、これが公式な値段？」（デイリースポーツ）,https://news.yahoo.co.jp/articles/e2666c76646bc9ef949da1848f085ff822f9f324,https://newsatcl-pctr.c.yimg.jp/t/amd-img/20260613-00000047-dal-000-3-view.jpg?exp=10800,2026-06-13T10:57:38+09:00,2026-06-13T11:10:30+09:00,デイリースポーツ,dal,デイリースポーツ,398,"ＭＢＳ
お笑いコンビ・トミーズがメインキャストのＭＢＳ「せやねん！」が１３日放送され、開幕を迎えたサッカーＷ杯北中米３カ国大会について特集した。

　「サッカーＷ杯マネー」と題して、入場チケットについて需給に応じた価格変動制で、決勝戦は公式一般販売でも１３００万円超となったことを紹介。トミーズ雅は「えっ、これが公式な値段？えぇ～。そんなんしたら、アカンやん」と驚きを隠せなかった。

　公式リセールサイトでは億超えチケットも続出していることが伝えられると、トミーズ健は「ＦＩＦＡがやってんのやろ？こんなんスポーツマンシップにのっとってないやん。スポーツの概念ってあったやん。こういうことやったらアカンと思うで」とバッサリ。「オリンピックでも何でも、こういうことやっていくとアカンで！」と語気を強めて、高額なチケット代が大会運営などに充てられるというフォローがあっても、納得はできない様子だった。",[],[]
田川寿美　中村玉緒を追悼　「子供を通じて社会を学びなさい」所属事務所後輩が授かった金言（デイリースポーツ）,https://news.yahoo.co.jp/articles/f82c7142af52e7e6fc7eac366036f861199872b6,https://newsatcl-pctr.c.yimg.jp/t/amd-img/20260613-00000046-dal-000-3-view.jpg?exp=10800,2026-06-13T10:53:31+09:00,2026-06-13T10:58:57+09:00,デイリースポーツ,dal,デイリースポーツ,400,"演歌歌手の田川寿美
９日に肺がんのため死去した俳優の中村玉緒（なかむら・たまお、本名奥村玉緒＝おくむら・たまお）さんの所属する長良プロダクションが訃報を受け、同事務所に所属する演歌歌手、田川寿美が玉緒さんを追悼した。

　田川は「いつお会いしても明るい笑顔で誰に対しても分け隔てなく、有りのままのお姿と、ふとした時に肩をすくめるしぐさが少女のようで大好きでした。私が出産したときも『子供は宝よ。小学校に上がったらママ友とのお付き合いも大事になさい。あなたは芸能界しか知らないから、子供を通じて社会を学びなさい』と親身の助言をくださった」という。

　「玉緒さんを通じて、着物作家の千地泰弘先生のお着物を着させていただくご縁までくださいました。昭和、平成、令和の時代を駆け巡り、玉緒さんが残された足跡は私の心にしっかりと存在致しております。出会えたことに感謝です。ご冥福をお祈りいたします」としのんだ。",[],[]
ロバーツ監督がベッツ＆フリーマンをベンチに下げる　佐々木朗希の乱調で大量ビハインドの展開→捨てゲーム決断　移動ゲーム＆翌日はデーゲーム（デイリースポーツ）,https://news.yahoo.co.jp/articles/4908390e696919510ca65eb1f90c65b0be1b50c5,https://newsatcl-pctr.c.yimg.jp/t/amd-img/20260613-00000045-dal-000-8-view.jpg?exp=10800,2026-06-13T10:49:32+09:00,2026-06-13T12:22:11+09:00,デイリースポーツ,dal,デイリースポーツ,497,"ドジャース・デーブ・ロバーツ監督
「ホワイトソックス８－２ドジャース」（１２日、シカゴ）

　ドジャースが六回の守備からフリーマン、ベッツら主力をベンチへさげた。先発の佐々木朗希投手ら投手陣が五回に一挙７失点。デーブ・ロバーツ監督は捨てゲームとすることを選択した。
【写真】相手は村上宗隆？？スタメンを外れた大谷翔平　相手ベンチへ向けて身ぶり手ぶりでメッセージ
まさかの展開だった。安定した投球を続けていた佐々木が五回に制球を乱した。先頭打者への四球を皮切りに、押し出しを含む３四球を与えるなど大乱調。２番手のトライネンも勢いを止められず、一挙７失点を喫した。

　直後、六回の攻撃が無得点に終わると守備からベッツ、フリーマンをベンチにさげた。この日はピッツバーグから移動日無しでのゲーム。さらに翌日はデーゲームとなることから、ベテランのコンディションを優先した形になった。

　大谷翔平投手は前日に左膝の炎症で途中交代となったこともあり、スタメンを外れた。この日はチームよりも遅れて球場入りしていた。

　試合は四回以降、打線が１人の走者も出すことができずホワイトソックスに完敗してしまった。",[],[]
村上宗隆も大興奮！ホワイトソックスが一挙７点のビッグイニング　打者１１人の猛攻で佐々木朗希ＫＯ　本拠地が騒然　快進撃の勢いそのままにＷＳ連覇の王者のみ込む→投打で圧倒３連勝！（デイリースポーツ）,https://news.yahoo.co.jp/articles/03118c19938af2fd21ab3496a9b43dc209221e17,https://newsatcl-pctr.c.yimg.jp/t/amd-img/20260613-00000044-dal-000-8-view.jpg?exp=10800,2026-06-13T10:29:53+09:00,2026-06-13T11:37:51+09:00,デイリースポーツ,dal,デイリースポーツ,718,"ベンチで笑顔のホワイトソックス・村上（左）＝提供・共同通信社
「ホワイトソックス８－２ドジャース」（１２日、シカゴ）

　ホワイトソックスが五回に一挙７点のビッグイニングを作って逆転に成功。負傷者リスト入りしている村上宗隆内野手がベンチから身を乗り出して鼓舞し、大興奮の猛攻撃となった。
【動画】王者・ドジャース相手にビッグイニング！村上宗隆と仲良し主力もベンチで大喜び
ドジャースの佐々木に序盤４イニングを１得点に抑え込まれていたホワイトソックス打線。だが先頭のピーターズが四球を奪うと、一気に流れが変わった。ロモ、アントナッチの連打で一気に試合を振り出しに戻すと、バルガスが右越えの適時二塁打を放って逆転に成功した。

　なおも無死二、三塁からベニンテンディは三振に倒れたが、Ｃ・モンゴメリーが四球を選んで満塁。さらにＢ・モンゴメリーも冷静にボールを見極めて押し出し四球をもぎ取った。

　ここで佐々木をＫＯすると、マイドロスが２点タイムリーを放って一挙５点のビッグイニング。さらにピーターズも右中間へ２点二塁打を放ち、打者一巡の猛攻で７得点。村上も身を乗り出して絶叫し、本拠地は大興奮に包まれた。

　ホワイトソックスは直近３年連続で１００敗を喫していたが、今季は村上の加入や若手選手の成長もあって激変のチームに。ア・リーグ中地区で首位に立っており、その勢いを象徴するかのようなビッグイニング。ワールドシリーズ連覇中の王者を一気にのみ込んだ。

　投げては投手陣がドジャース打線を四回以降、１人の走者も許さずに封じ込んだ。これでホワイトソックスはブレーブス、ドジャースとナ・リーグの強豪２チームに３連勝。本拠地では８連勝となった。",[],[]
佐々木朗希が痛恨　メジャーワースト７失点ＫＯで４敗目　勝利投手権利目前の五回にまさか　ベンチで呆然　いきなり制球乱れビッグイニング献上→防御率４・７６へ悪化（デイリースポーツ）,https://news.yahoo.co.jp/articles/d3eecd3d651d51bdcb5bbd869056b53dfaaf89f0,https://newsatcl-pctr.c.yimg.jp/t/amd-img/20260613-00000043-dal-000-12-view.jpg?exp=10800,2026-06-13T10:12:00+09:00,2026-06-13T11:35:42+09:00,デイリースポーツ,dal,デイリースポーツ,1204,"ドジャース・佐々木（提供・共同通信社）
「ホワイトソックス８－２ドジャース」（１２日、シカゴ）

　ドジャースの佐々木朗希投手が先発マウンドに上がり、勝利投手の権利目前の五回に逆転を許してしまった。制球が定まらなくなり、五回途中でメジャーワーストの７失点ＫＯとなった。チームも大敗を喫し４敗目となった。
【動画】逆転打を浴びた佐々木朗希　表情から動揺が隠し切れない様子
先頭を四球で歩かせると、続くロモに右前打を浴びた。無死一、二塁のピンチを招き、アントナッチに右前打を浴びて試合を振り出しに戻されてしまった。

　ここでピッチコムに異常が発生。微妙な間が開いた中で、バルガスには右越えの適時二塁打を浴びて試合をひっくり返された。なおも無死二、三塁のピンチとなり、ベニンテンディは空振り三振に仕留めた佐々木。ブルペンでトライネンが準備を始めた中、Ｃ・モンゴメリーには四球を与えて満塁とピンチを拡大。ここでＢ・モンゴメリーにも制球が定まらずカウント３ボールに。スタンドが総立ちとなり、ストレートの押し出し四球を与えてしまった。ここで降板となった。

　さらに２番手のトライネンがマイドロスにタイムリーを浴びてさらに２失点が加わった佐々木。ビッグイニングで敵地は興奮のるつぼと化し、右腕はベンチで呆然の表情を浮かべた。さらにピーターズにも適時二塁打を浴びて一挙７失点のドジャース。佐々木の７失点はメジャーリーグ移籍後ワーストとなり、防御率は４・７６へ大幅に悪化してしまった。

　序盤は一発こそ浴びた安定した投球を見せていた。初回、アントナッチ、バルガスを打ち取って簡単に２死を奪った佐々木。だがベニンテンディにカウント３－１からのフォーシームを捉えられ、右翼席へ運ばれてしまった。マウンドで思わず表情をゆがめた佐々木。それでも後続をしっかりと打ち取り最少失点で切り抜けた。

　直後に打線が逆転に成功。二回は１死からマイドロスに安打を許したが、ゴンザレスの打球をコールが鮮やかにスライディングキャッチ。そしてピーターズを三振に仕留めてスコアボードにゼロを刻んだ。

　三回はテンポよくストライクゾーンに投げ込み、簡単に２アウトを奪った。バルガスには左前打を浴びたが、続くベニンテンディを１６０キロ超のフォーシームで二ゴロにねじ伏せた。四回も２死からマイドロスに内野安打を許し、バッテリーエラーで得点圏に走者を進めたが、ゴンザレスをきっちりと三振に仕留めていた。

　佐々木は前回登板のエンゼルス戦で７回２安打無失点の快投を見せた。キャリア初の２桁１０奪三振をマークし、メジャー移籍後の直球の最速記録も更新。直近７試合で３勝１敗、防御率３・１２と安定した成績を残しており、１イニングに許した走者を示す指標・ＷＨＩＰでも１点台を切っていた。

　チームは四回以降、１人の走者も出せずに大敗。佐々木は４敗目を喫した。",[],[]
元サッカー日本代表の夫がディズニーコーデをアシスト　１児ママ女優が夢の国を満喫　「センスいい！」「似合ってて素敵」ファンも絶賛（デイリースポーツ）,https://news.yahoo.co.jp/articles/fd1f1c2c0b6579365fe1b7d1b255df9953acb670,https://newsatcl-pctr.c.yimg.jp/t/amd-img/20260613-00000042-dal-000-4-view.jpg?exp=10800,2026-06-13T10:01:31+09:00,2026-06-13T10:10:43+09:00,デイリースポーツ,dal,デイリースポーツ,532,"真野恵里菜
俳優の真野恵里菜が、元サッカー日本代表で夫の柴崎岳からプレゼントされたアイテムを取り入れたコーデで、ディズニーランドを親子で満喫したことを明かした。
【写真】めっちゃセンスいい！柴崎岳からプレゼントされたディズニーコーデで夢の国へ
２０２４年７月に第１子出産を公表している真野は、自身のインスタグラムに「久しぶりに泊まりでディズニーランドへ」と新規投稿。ミッキーとミニーのレトロ風イラストが描かれたオーバーサイズのシャツに、デニムを合わせたカジュアルスタイルの画像も公開した。

　ディズニー愛全開のシャツについて、「パークに入ったときの服は夫が買ってくれていた」と柴崎からのプレゼントだったことを打ち明けて、「メンズサイズだから前だけシャツイン」と着こなしポイントを説明。「ミッキーもミニーもこのシャツを見て、『いいね！』『素敵～！』ってしてくれて嬉しかった」と夢の国でも大好評だったことを、サムアップ絵文字を添えて報告した。

　夫婦仲も感じさせるほっこり投稿に、ファンからは「岳さんセンスいい！」「ご家族の幸せな時間のお裾分け、ありがとうございます」「すごく似合ってて素敵！」「岳キャプテンは何着てたのか気になります（笑）」と称賛の声が相次いだ。",[],[]
今井達也が大乱調　１回投げきれず５失点ＫＯ　味方が９点先制直後にまさか　制球定まらず苦しいピッチングに　１時間弱でようやく初回攻防終了（デイリースポーツ）,https://news.yahoo.co.jp/articles/d22e41bfbaf1235aed79c51191ea75cab3ef69b3,https://newsatcl-pctr.c.yimg.jp/t/amd-img/20260613-00000041-dal-000-10-view.jpg?exp=10800,2026-06-13T09:55:53+09:00,2026-06-13T12:37:50+09:00,デイリースポーツ,dal,デイリースポーツ,850,"アストロズ・今井達也（提供・共同通信社）
「ロイヤルズ８－１０アストロズ」（１２日、カンザスシティ）

　アストロズの今井達也投手が先発マウンドに上がり、１回を投げきることができず２／３回を５失点でＫＯされた。チームは初回の９点リードを一時１点差に詰め寄られたが辛くも逃げきって連敗を止めた。
【動画】何という試合！１回表９点→１回裏５点の超打撃戦　今井達也は大量援護を生かせずＫＯ
初回、味方打線が衝撃の猛攻を見せた。ア・リーグ本塁打王のアルバレスがグランドスラムを含む１イニング２発をマークするなど一挙９得点。２５分間の攻撃でワンサイドゲームとなる中、今井がようやくマウンドに上がれた形になった。

　リズムがつかめなかったのか、先頭にボールが先行しカウント３－１から中前打を許した、続くウィットＪｒ．にもボールが先行。四球で歩かせてしまい、無死一、二塁のピンチを背負った。

　パスカンティーノにはカウント不利な状況から中前適時打を浴び１点を失った今井。なおも無死一、三塁からガルシアを遊ゴロに打ち取り最初のアウトを奪ったが、三塁走者が生還して２失点となった。次打者を低めの変化球で空振り三振に仕留めたが、続くペレスに左前打を浴びて２死一、三塁とピンチを拡大。投手コーチが間を取ったが、マーシーには右翼線へ適時二塁打を許した。ここでマウンドを降りた。

　２番手が２点タイムリーを浴びて今井は５失点。プレーボールから１時間弱でようやく初回の攻防が終了し、壮絶な幕開けとなった。

　今井は４月１０日のマリナーズ戦で１死しか奪えず１安打４四球でＫＯ。それに次ぐ短い降板となった。直近３試合で２度のクオリティースタートを達成するなど安定した投球を続けていたが、思わぬマウンドになった。

　以降は膠着状態が続いたゲームだったが、八回にロイヤルズが３点を奪って１点差に。あわや大逆転負けがちらつく中、九回にソロ本塁打で初回以来となる１点を奪ったアストロズ。辛くも逃げ切り、今井には勝敗がつかなかった。",[],[]
岡本和真　飛距離１２９メートルの特大１４号！ゲレーロがベンチで頭を抱える一撃　本拠地騒然　正捕手カーク復帰の祝砲　６月２本目（デイリースポーツ）,https://news.yahoo.co.jp/articles/a5f53e861acaa8134996bc7f0c369073ff521e48,https://newsatcl-pctr.c.yimg.jp/t/amd-img/20260613-00000040-dal-000-13-view.jpg?exp=10800,2026-06-13T08:53:32+09:00,2026-06-13T11:46:01+09:00,デイリースポーツ,dal,デイリースポーツ,667,"ブルージェイズ・岡本和真（提供・共同通信社）
「ブルージェイズ８－５ヤンキース」（１２日、トロント）

　ブルージェイズの岡本和真内野手が「５番・三塁」で先発出場し、初回の第１打席で９試合ぶりとなる１４号２ランを放った。
【動画】アッパーデッキまで飛んでいった～！ゲレーロが頭を抱えるほどの特大１４号アーチ
１点を先制し、なおも２死二塁の場面。カウント２－２と追い込まれてからの６球目、内角低めのスライダーを見逃さなかった。打球は美しい放物線を描き、左翼ポール際のアッパーデッキに着弾。飛距離約１２９メートルの特大弾に本拠地は騒然。ベンチではゲレーロが思わず頭を抱えるシーンもあった。

　そしてベンチでは笑みを浮かべながら仲良くトーク。ゲレーロが力こぶを指さしながら「すごいパワー！」と語りかけているようなシーンも見受けられた。

　６月に入って打率・３２４をマークするなど、好調を維持している岡本。この日は開幕直後に離脱していた正捕手のカークがスタメンに復帰。初回の第１打席で中越えの先制適時二塁打を放った。その後ろとなる５番を託され、直後に快音を響かせた。

　５月は中旬から下旬にかけてかなり調子を落としてしまい、打率が２割５分前後から２割１分台へと低迷していたが、明らかに復調気配を漂わせている岡本。直前の試合では無安打に終わっていたが、ばん回する大きな一発を放った。

　試合はブルージェイズが大勝。復帰したカークは３打数３安打２打点の大暴れとなった。同地区のヤンキースを撃破し借金２。今後へ勢いが生まれそうな１勝だった。",[],[]
山本由伸　カメラマンに扮したスコットに激写される→両手を挙げて満面笑み　練習中にほっこりワンシーン「みんなに愛されてる」「かわいい」（デイリースポーツ）,https://news.yahoo.co.jp/articles/0afc953e1be8ece098b2ae5f64c673a7ad349593,https://newsatcl-pctr.c.yimg.jp/t/amd-img/20260613-00000039-dal-000-6-view.jpg?exp=10800,2026-06-13T08:31:07+09:00,2026-06-13T08:45:25+09:00,デイリースポーツ,dal,デイリースポーツ,433,"山本を撮影するスコット（ロサンゼルス・ドジャース提供）
「ホワイトソックス－ドジャース」（１２日、シカゴ）

　試合前練習のほっこりワンシーンを球団が公開。タナー・スコット投手が練習中にカメラを手に山本由伸投手を激写した。
【写真】カメラマン・スコットの腕前は？？被写体として〝協力〟する山本由伸
右翼でキャッチボールを行っていた山本。その姿を撮影しようとファウルグラウンドでカメラを手に取ったのはスコット。シャッターを押していると、山本も気づいた。そして両手を広げて満面の笑み。関係の良さが伝わるワンシーンで、スコットのカメラの腕前もなかなかだ。

　山本はチームメートに愛されており、５月にはベンチで観戦中に正捕手のスミスからパーカーのフードに大量のガムを入れられるイタズラをされたことも。ファンからも「みんなに愛されてる」「ヨチ、かわいい」「スコットは写真を撮るのが上手」「元気いっぱい由伸さん」などと反響の声があがるなど、山本の人柄がにじむワンシーンだった。",[],[]
涙の大逆転Ｖ直後　山本有真を祝福した田中希実　感動を呼んだワンシーン　昨年の東京世界陸上で山本が「ここにいるのは田中さんのおかげ」（デイリースポーツ）,https://news.yahoo.co.jp/articles/273270131014db4b79cb1ab4f23c568ba49554c7,https://newsatcl-pctr.c.yimg.jp/t/amd-img/20260613-00000038-dal-000-7-view.jpg?exp=10800,2026-06-13T08:12:27+09:00,2026-06-13T10:40:51+09:00,デイリースポーツ,dal,デイリースポーツ,819,"女子５０００メートルを終え、健闘をたたえ合う優勝した山本有真（左）と２位の田中希実＝１２日
「陸上・日本選手権」（１２日、パロマ瑞穂スタジアム）

　女子５０００メートル決勝が行われ、山本有真（２６）＝積水化学＝が圧巻のラストスパートで先頭を走った田中希実をゴール直前で逆転。１４分５９秒８９で初優勝を飾り、アジア大会代表にも内定した。
【写真】レース後は勝負関係なし！田中希実以外のライバルたちからも祝福に涙、涙な山本有真
終盤、田中が独走態勢に入り勝負は決まったかに思われた。だが山本は諦めなかった。「ラスト１００で先頭の背中が見えていってみるかと」。驚異のスパートでみるみる差を縮め、女王をゴール直前でかわした。

　その後、各選手が祝福に駆けつけ、田中も山本のもとへ歩み寄った。そしてがっちり手を合わせて健闘をたたえ合い、優勝を祝福。トラックには感動的な光景が広がった。

　昨年の東京世界陸上、山本は予選で１８位に終わったが、スタートから果敢に前へ。よどみないペースを作り、海外勢が得意とするラストスパート勝負に持ち込ませず、田中の決勝進出をアシストした。

　山本はレース後、前日夜との田中との会話を明かし「『私に何かできることはない？』と聞いて、１周７２秒で６周半おすことになった。自分のためにもなるし、田中さんのためにもなる」。２年半ぶりの自己ベストを出した金栗杯では田中がペースメーカーを務めており、「私がここにいるのは田中さんのおかげ。恩返しがしたかった」と、明かしていた。

　そして今大会、１５分を切ってのフィニッシュ。山本は涙を浮かべながら「まさか１４分が出るとは。優勝も目指していたが信じられない」と声を震わせ、「後ろから追いつかれないようにと思って。地元の声援に背中を押された」と振り返った。アジア大会の代表にも内定し「ここで優勝することができて、堂々と走れるなという清清しい気持ちがあります」と話していた。",[],[]
広島・玉村　魔の七回「１点を守りにいってしまった」　２死から連続四球→逆転２点適時二塁打浴びる　降雨中断に適応も（デイリースポーツ）,https://news.yahoo.co.jp/articles/ccbbc02923b9ca13e2959814487fc8b204febbed,https://newsatcl-pctr.c.yimg.jp/t/amd-img/20260613-00000035-dal-000-3-view.jpg?exp=10800,2026-06-13T08:00:16+09:00,2026-06-13T09:43:27+09:00,デイリースポーツ,dal,デイリースポーツ,581,"７回、村林の逆転２点打でがっくりの玉村（撮影・金田祐二）
「楽天２－１広島」（１２日、楽天モバイル最強パーク）

　誰も責めるものはいない。降雨による４０分の中断も挟んだ難しい条件のマウンドで広島の先発・玉村昇悟投手は奮闘した。７回３安打２失点。だが、攻撃陣の援護は乏しく、逆転されて２敗目を喫した。「１点を守りにいってしまった」と悔やんだのは七回２死からの投球だった。

　１－０で迎えたこの回、先頭に安打を許すも次打者を併殺に仕留めて理想的な形でピンチの芽をつんだかに思われた。しかし、ここから佐藤、浅村に連続四球。得点圏に走者を置くと、村林に左中間を破られての逆転２点適時二塁打を浴びた。

　「それまで大胆にいって良かったものをゲッツーが取れて、守りに入ってしまった」と左腕。わずかな隙を見逃してもらえず、辛酸をなめた。「四球を２つ出しても代えられずに任せてもらえた。そこに結果で応えたかった」と肩を落とした。

　この日は序盤から内角を積極的に突いていく強気の投球を披露。三回の降雨中断も、「逆にそれまでが微妙だったので修正していけた。良いきっかけにはなった」と苦にすることなく、適応力を発揮していた。

　それだけに悔しさは募るばかり。「次（の対戦相手）は楽天ではないけど、やり返したいなと思っている」。燃える闘志を消すことなく、次回登板を見据えた。",[],[]
広島・新井監督　２度の犠打失敗「やるべきことをしっかりやらないと、流れが相手に行ってしまうよね」【一問一答】（デイリースポーツ）,https://news.yahoo.co.jp/articles/d1a992c0fb406ed246df3930fc14581c4cc62c7a,https://newsatcl-pctr.c.yimg.jp/t/amd-img/20260613-00000036-dal-000-3-view.jpg?exp=10800,2026-06-13T08:00:16+09:00,2026-06-13T09:42:53+09:00,デイリースポーツ,dal,デイリースポーツ,519,"厳しい表情の新井監督（撮影・金田祐二）
「楽天２－１広島」（１２日、楽天モバイル最強パーク）

　広島が４連敗を喫して交流戦最下位に転落した。交流戦のビジターゲームは７戦全敗。１－０の七回に先発・玉村が村林に左中間への逆転の２点適時二塁打を浴びた。玉村は７回３安打２失点で２敗目。打線は三回に坂倉が先制の適時二塁打を放ち、チーム３１イニングぶりのタイムリーとなったが、追加点が遠かった。新井貴浩監督の主な一問一答は以下の通り。

　　◇　　◇

　－先発・玉村は逆転されて２敗目を喫したが、７回３安打２失点。

　「良いピッチングだったと思うね。最後は２死からもったいなかったけど、ナイスピッチングだったと思います」

　－七回は２死から２四球。継投も考えられる場面だが任せた。

　「もちろん」

　－打線は２度の満塁機を含めて好機はつくった。

　「あと１本だね」

　－さまざまな形で出塁はできている。

　「最後（九回）、チャンスはあったので。そういうところでヒットが出てくれば、また流れも変わると思います」

　－七回と九回に犠打失敗があった。

　「そこらへんはやるべきことをしっかりやらないと、流れが相手に行ってしまうよね」",[],[]
遠藤離脱の激震から一夜の森保Ｊ　予定より２８分遅れで練習開始　迫る初戦に中村敬斗「精神的に難しい。でも、やるしかない」（デイリースポーツ）,https://news.yahoo.co.jp/articles/348f92184e73b435994c9d9f20251735310a3a4a,https://newsatcl-pctr.c.yimg.jp/t/amd-img/20260613-00000034-dal-000-5-view.jpg?exp=10800,2026-06-13T07:28:35+09:00,2026-06-13T08:02:24+09:00,デイリースポーツ,dal,デイリースポーツ,671,"雨の中、練習を行ったＭＦ中村敬斗
サッカーのＷ杯北中米３カ国大会に臨む日本代表は１２日、米テネシー州ナッシュビル近郊で大半を非公開として調整した。前日には主将のＭＦ遠藤航（３３）＝リバプール＝の離脱が発表され激震が走った森保ジャパン。練習開始はチームミーティングが延びたことから、当初の予定より２８分遅れでスタートした。
【写真】長友佑都は日の丸ハチマキを巻いて調整！ムードメーカーがチームを鼓舞
雨が降りしきる中、２日後のオランダ戦に向けて体を動かした。公開された冒頭の練習ではＤＦ長友佑都（ＦＣ東京）が「よっしゃいこーぜ！」と盛り上げるなど、昨日の突然の遠藤離脱による、重苦しい雰囲気を感じさせなかった。

　ＭＦ中村敬斗（スタッド・ランス）は遠藤の離脱について「チームをキャプテンとして引っ張ってきてくれたので、ここで離脱ってのは本当に精神的に難しい」と率直な思いを吐露。「でもやるしかないと思う。明後日すぐ試合なんで、自分にできること最大限やる」と力を込めた。

　遠藤の代替主将となったＤＦ板倉滉（アヤックス）は「雰囲気はもうすごくいいっすね。緊張感ももちろん感じながら今日もいろいろ確認事項をしましたけど、非常にいいトレーニングができた。もう１段階ぐっとワンチームというところをこだわってやりたい」と意欲。遠藤に代わる追加招集のＦＷ町野修斗（ボルシアＭＧ）が合流する初戦の地・ダラスで、選手全員によるチームミーティングを予定しているという。結束力を高め、１次リーグ突破の鍵を握る１４日（日本時間１５日）の初戦・オランダ戦を迎える。",[],[]
大谷翔平　スタメン発表後に荒ぶるデコピン動画投稿　ファンほっこり「ベンチスタートなのに」「暴れてても可愛いのずるい」「吞んべぇなのかな？」（デイリースポーツ）,https://news.yahoo.co.jp/articles/8d2c41746f13a2f3c8eb0fc42d89aa90116719f6,https://newsatcl-pctr.c.yimg.jp/t/amd-img/20260613-00000033-dal-000-9-view.jpg?exp=10800,2026-06-13T07:25:38+09:00,2026-06-13T08:23:06+09:00,デイリースポーツ,dal,デイリースポーツ,464,"ドジャース・大谷翔平（提供・共同通信社）
「ホワイトソックス－ドジャース」（１２日、シカゴ）

　ドジャースの大谷翔平投手がスタメンを外れた。先発オーダーが発表された直後、本人は自身のインスタグラムで愛犬・デコピンの動画を投稿した。
【写真】一升瓶のぬいぐるみに夢中なデコピンが激カワ　スタメン外となった直後に大谷翔平がアップ
大谷が投稿したムービーでは、一升瓶のぬいぐるみで遊ぶデコピンの姿が。しかし高所から落としてしまい、固まってしまっている。

　大谷は前日のパイレーツ戦で１３号弾を含む４打席連続出塁をマークするも、七回の第５打席で代打を送られて途中交代。直後に球団は左膝の炎症と発表していた。ロバーツ監督は試合後の会見でこの日のスタメン出場を示唆していたが、大事をとった模様だ。

　ファンも「かわいいっ！！デコピン呑んべぇなのかな？おもちゃが落ちた時の切ない顔よ」「デコピン元気すぎて草　大谷さんベンチスタートなのに、家では全力でぬいぐるみとバトルしてるの可愛いすぎる」「暴れてても可愛いのずるい」とつぶやいていた。",[],[]
広島・坂倉チーム３１イニングぶり適時打実らず４連敗で交流戦最下位　１１残塁に新井監督「やるべきことをしっかりやらないと」（デイリースポーツ）,https://news.yahoo.co.jp/articles/94619260cb31a67da512a58e3fa2382bebe47383,https://newsatcl-pctr.c.yimg.jp/t/amd-img/20260613-00000032-dal-000-2-view.jpg?exp=10800,2026-06-13T06:00:26+09:00,2026-06-13T08:53:20+09:00,デイリースポーツ,dal,デイリースポーツ,1122,"３回、先制の適時二塁打を放つ坂倉（撮影・金田祐二）
「楽天２－１広島」（１２日、楽天モバイル最強パーク）

　広島が今季４度目の４連敗で交流戦最下位に転落。借金は今季ワーストを更新する１４に膨らんだ。三回、降雨で４０分間の中断を挟んだ直後に、坂倉将吾捕手（２８）が適時二塁打を放ち、先制に成功。４番として２安打１打点をマークしたが、勝利にはつながらなかった。交流戦はあと３試合。まずはチーム一丸で連敗を止めにいく。

　１点を追う九回に２死満塁の大チャンスを迎え、右翼席の鯉党は最後の力を振り絞る。しかし、「おまえが決めろ！」の声援に応えられず、ファビアンが空振り三振に倒れると、楽天ファンの大歓声が球場に響いた。逆転負けで４連敗。交流戦最下位に転落し、ベンチを重苦しい空気が支配する。仙台に場所を移しても、暗いトンネルを抜け出せなかった。

　相手先発・岸の巧みな投球術に苦戦した。唯一の得点を生み出したのは４番のバットだった。三回１死一、二塁で坂倉が打席へ。１ボールとなったところで雨脚が強まり、試合が４０分間中断。長い間を挟んでも、集中力は切れなかった。

　試合再開後、フルカウントから１３８キロ直球を右中間へ。チーム３１イニングぶりの適時打となる適時二塁打で先制し、「中断明けでしたが、集中して打席に入ることができました。打ちたかったんでよかった」と主軸の役目を果たした。

　八回には九谷から右前打を放ち、チーム最多となる今季１５度目のマルチ安打をマーク。打率、本塁打、打点でチームトップの数字を残す背番号３１は、「（状態が）悪くても安打が出る時もあるし、良くてもアウトになる時もある。そこはあまり気にせず、１打席１打席しっかり準備をした上で打席に立てればいい」と好調の要因を分析した。

　攻撃陣を見渡すと、終盤の拙攻が敗戦につながる形となってしまった。七回１死一塁では名原のバントが投手前に転がり、一走・佐々木が二塁で封殺。その後、名原が盗塁を仕掛けるもアウトとなり、拳を地面にたたきつけた。

　１点を追う九回無死一塁では、持丸がバントを試みるも、捕邪飛となり反撃ムードに水を差した。新井監督は「やるべきことをしっかりやらないと、流れが相手にいってしまう」と厳しく指摘。結果的に４１歳のベテラン右腕に７回５安打１失点の好投を許し、新人から２０年連続勝利の“メモリアル星”を献上した。

　チームの借金は今季ワーストを更新する１４に。交流戦はビジターで７戦全敗と苦しい戦いが続く。誰がこの流れを止めてくれるのか－。坂倉は、「もうやるしかないので」と短い言葉に次戦への思いを込めた。チーム一丸で目の前の一戦を、勝ちにいくしかない。",[],[]
【宝塚記念】ミュージアムマイル　想定通りの体重　高柳大師「ここにきて良くなってきている感じ」（デイリースポーツ）,https://news.yahoo.co.jp/articles/a4a7717394fe6e800e62be9d1a7b8bce554c994b,https://newsatcl-pctr.c.yimg.jp/t/amd-img/20260613-00000026-dal-000-3-view.jpg?exp=10800,2026-06-13T06:00:25+09:00,2026-06-13T09:24:02+09:00,デイリースポーツ,dal,デイリースポーツ,207,"ミュージアムマイル
「宝塚記念・Ｇ１」（１４日、阪神）

　昨年の有馬記念覇者ミュージアムマイルは金曜朝、栗東坂路をリズミカルに登坂。

　高柳大師は「プラス４キロから６キロくらいで出せそうですし、想定通りですね。すごくいい時と比べると落ちますが、ここにきて良くなってきている感じがします」と、上昇ムードに納得の表情。「最終追いでは、いつもはアオられていた僚馬との併せ馬で、よく動いていましたからね」とうなずいた。",[],[]
【宝塚記念】ダノンデサイル　巻き返しへ態勢万全　安田師「集中力を高めて、いつもの雰囲気に持っていけるように」（デイリースポーツ）,https://news.yahoo.co.jp/articles/d1250b801ecd6fe68a1973907686e2f5db32d436,https://newsatcl-pctr.c.yimg.jp/t/amd-img/20260613-00000027-dal-000-3-view.jpg?exp=10800,2026-06-13T06:00:25+09:00,2026-06-13T09:23:33+09:00,デイリースポーツ,dal,デイリースポーツ,217,"ダノンデサイル
「宝塚記念・Ｇ１」（１４日、阪神）

　久々のＧ１制覇を狙うダノンデサイルは金曜朝、栗東ＤＰでキャンター調整。行きっぷりは抜群で、手綱を引っ張られながらも大きなフットワークで流した。

　安田師は「刺激を与え過ぎず、集中力を高めるようにやっている。精神面を整えつつ、いつもの雰囲気に持っていけるようにしたい」と順調な仕上がりをアピールする。体の張りは素晴らしく、体調は良さそう。大阪杯３着からの巻き返しへ態勢は万全だ。",[],[]
【宝塚記念】クロワデュノール　春の古馬３冠ロードへ調整入念　斉藤崇師「いつも通り。変わりないですね」（デイリースポーツ）,https://news.yahoo.co.jp/articles/139d75a7a4c0331ec9969dbb7b33f42fd0551586,https://newsatcl-pctr.c.yimg.jp/t/amd-img/20260613-00000028-dal-000-3-view.jpg?exp=10800,2026-06-13T06:00:25+09:00,2026-06-13T09:22:28+09:00,デイリースポーツ,dal,デイリースポーツ,222,"クロワデュノール
「宝塚記念・Ｇ１」（１４日、阪神）

　史上初となる春の古馬Ｇ１・３冠を目指すクロワデュノールは金曜朝、栗東坂路を４Ｆ６６秒８－１５秒９の時計でゆったりと駆け上がると、ゲートの確認まで行った。

　見守った斉藤崇師は「いつも通り。変わりないですね」と順調ぶりをアピールした。今年に入り、大阪杯、天皇賞・春と連勝。肉体的にも精神的にも厳しい春の古馬３冠ロードだが、最後の１冠奪取へ向けて力を発揮できる状態まで入念に仕上げていく。",[],[]
【宝塚記念】タガノデュード＆シェイクユアハート　ともに状態良好　上々仕上がりに宮師も納得（デイリースポーツ）,https://news.yahoo.co.jp/articles/8c3627e26786f73bb542220b54c1b7eab00c6654,https://newsatcl-pctr.c.yimg.jp/t/amd-img/20260613-00000031-dal-000-3-view.jpg?exp=10800,2026-06-13T06:00:25+09:00,2026-06-13T09:20:51+09:00,デイリースポーツ,dal,デイリースポーツ,254,"シェイクユアハート
「宝塚記念・Ｇ１」（１４日、阪神）

　金鯱賞の覇者シェイクユアハートは金曜朝、栗東ＣＷを素軽いキャンターで流した。３カ月ぶりの実戦だが、きっちりと仕上がっている。「金鯱賞の後は北海道で使う予定もあったが、体調がいいので宝塚記念に使うことにした。状態は変わらずいい」と宮師。

　また、僚馬タガノデュードは栗東坂路を力強く駆け上がった。「順調に来ている。状態は前走と変わらないし、長く好調を維持している」と指揮官。「２０００メートル前後の方が絶対にいい」と距離短縮での前進を見込んでいた。",[],[]
ディアダイヤモンドは放牧中に腰を痛め、ラジオＮＩＫＫＥＩ賞を見送りへ（デイリースポーツ）,https://news.yahoo.co.jp/articles/a3fe35fc9e73c18c9a79addcb22aeed8a4d0ea48,https://newsatcl-pctr.c.yimg.jp/t/amd-img/20260613-00000029-dal-000-2-view.jpg?exp=10800,2026-06-13T06:00:25+09:00,2026-06-13T09:05:56+09:00,デイリースポーツ,dal,デイリースポーツ,614,"ディアダイヤモンド
「有力馬次走報」（１２日）

　有力馬の次走報は「うま屋ギガ盛り」にお任せ！東西トレセンで連日取材を続ける取材班が最新情報をお届けします。

　　◇　　◇

　◆桜花賞１２着のディアダイヤモンド（牝３歳、美浦・手塚久）は放牧中に腰を痛め、予定していたラジオＮＩＫＫＥＩ賞（２８日・福島、芝１８００メートル）を見送ることになった。「北海道で休養することになります。しばらくかかるかな」と手塚久師。

　◆アハルテケＳを４馬身差で快勝したテーオーパスワード（牡５歳栗東・高柳大）は、東海Ｓ（７月２６日・中京、ダート１４００メートル）とエルムＳ（８月８日・札幌、ダート１７００メートル）の両にらみ。

　◆２４年羽田盃を制したアマンテビアンコ（牡５歳、美浦・宮田）が右前の支持靱帯を傷めたため、登録を抹消することになった。所属するシルク・ホースクラブがホームページで発表。今後は北海道苫小牧市のノーザンホースパークで乗馬となる予定。

　◆萩原師の逝去に伴う大竹師への臨時貸付期間が７月２０日で満了になるため、古賀大生調教師（３５）＝美浦＝が１４馬房で同２１日から新規開業。

　◆２４年札幌記念などを制したノースブリッジ（牡８歳、美浦・奥村武）が１２日付で登録抹消。通算２１戦７勝（うち海外２戦０勝、重賞３勝）、獲得賞金３億２４２５万８４００円（うち海外７９５０万２４００円）。今後は東京競馬場で乗馬となる予定。",[],[]
ワールドベストレースホースランキング　日本馬は６頭がランク入り　フォーエバーヤング１０位が最高（デイリースポーツ）,https://news.yahoo.co.jp/articles/1b696ec8fff7caaf03d3e95e9d5abeefbe5e1a44,https://newsatcl-pctr.c.yimg.jp/t/amd-img/20260613-00000030-dal-000-2-view.jpg?exp=10800,2026-06-13T06:00:25+09:00,2026-06-13T09:05:11+09:00,デイリースポーツ,dal,デイリースポーツ,323,"フォーエバーヤング
ＩＦＨＡ（国際競馬統括機関連盟）が１２日、今年の１月１日～６月７日に行われた世界の主要レースを対象としたワールドベストレースホースランキングを発表した。

　ランキング上位４頭までは前回から変動なし。１位は現在２０連勝中のカーインライジング（騸５歳・香港）で１３０ポンド。２位タイに無傷４連勝で英２０００ギニーを制したボウエコー（牡３歳・英国）、ガネー賞とアガ・カーンⅣ世賞を連勝中のダリズ（牡４歳・仏国）、目下Ｇ１５連勝中という香港の英雄ロマンチックウォリアー（騸８歳）が１２６ポンドで並んでいる。

　日本馬は６頭がランク入りしており、最上位はフォーエバーヤング（牡５歳、栗東・矢作）で１０位（１２３ポンド）となっている。",[],[]
【宝塚記念】ミクニインスパイア　大物食いでタイトル奪取だ　１年前未勝利の身から一気に夢舞台へ　田中助手「武器は自在性」（デイリースポーツ）,https://news.yahoo.co.jp/articles/9acb6400a890a6bc9b73ad2b5ef67bfe5ad01740,https://newsatcl-pctr.c.yimg.jp/t/amd-img/20260613-00000023-dal-000-3-view.jpg?exp=10800,2026-06-13T06:00:24+09:00,2026-06-13T09:24:41+09:00,デイリースポーツ,dal,デイリースポーツ,744,"大物食いでタイトル奪取をもくろむミクニインスパイア
「宝塚記念・Ｇ１」（１４日、阪神）

　１年前は未勝利馬だったミクニインスパイア。４連勝の後に重賞２着と地力強化が目覚ましい。

　関西遠征は今回が初めて。木曜の正午過ぎに栗東トレセンへ到着して当日に備えるプランを選択し、田中助手は「前日まで乗れるメリットもあるし、念のため」と説明する。金曜朝は栗東坂路を４Ｆ６４秒１－１５秒１で駆け上がる。「感触としては良かったですね。けさが５０４キロで競馬と同じぐらいなので心配ない。美浦にいる時と同じように落ち着きがあって、馬房でとろーんとしているぐらいリラックスしています」と変化に動じない姿に目を細めた。

　初勝利に４戦を要したのがうそのよう。素質を開花させ、短期間で上り詰めた。「成長は遅い方かなと思っていたけど、未勝利を勝った後、一気にパンプアップしてトモの緩さも改善された」。焦らず成長を促しながら、上昇カーブを描いた。

　重賞初挑戦の前走が２着。直線で大きくモタれるロスも響いた。「丹内さんは真っすぐ走っていたら勝ち負けだったとおっしゃっていた。今回も追い切りではそういう面を見せていないけど、リングバミからトライアビットに替えます」と対策を施して臨む。しかも、出来が物足りなかったというから驚き。「追い切りの反応が渋くて、動かさないと動いてくれなかった。馬を褒めたい」と感心する。

　４連勝は全て上がり最速で戦法も多彩だ。「逃げてもいいし、抑えてもいい。武器は自在性でスタミナもある。この相手で結果が出れば先が楽しみになりますし、出なくてもいい経験になる。前走よりも具合がいいですから。きょうだい２頭が重賞を勝っているので、タイトルを獲らせてあげたい」と大物食いに力を込めた。",[],[]
【宝塚記念】メイショウタバル　状態は万全　石橋師「気負ったこともなく、いい雰囲気」（デイリースポーツ）,https://news.yahoo.co.jp/articles/6acdadec2dabe4ff826670f0c6c21b7d0facc9a7,https://newsatcl-pctr.c.yimg.jp/t/amd-img/20260613-00000024-dal-000-3-view.jpg?exp=10800,2026-06-13T06:00:24+09:00,2026-06-13T09:21:35+09:00,デイリースポーツ,dal,デイリースポーツ,236,"メイショウタバル
「宝塚記念・Ｇ１」（１４日、阪神）

　史上３頭目の連覇を狙うメイショウタバルは１２日、角馬場で入念に体をほぐした後に栗東坂路へ。落ち着いた様子でじっくりと駆け上がった。

　「気負ったこともなく、いい雰囲気ですよ」と石橋師。木曜発表の事前発表馬体重は前走からプラス６キロの５０６キロ。「気温が上がっている分、当日の前走比はマイナス２キロぐらいになるかも。でも、体そのものは大阪杯と同じぐらいです」と説明。万全の状態で父ゴールドシップに続く連覇を目指す。",[],[]
【宝塚記念】マイユニバース　気持ちに余裕　馬体重プラス３０キロに武幸師「見ての通り、体はいいですから」（デイリースポーツ）,https://news.yahoo.co.jp/articles/1f6c9df49907c2e699e21cd51cf77ce34d47933a,https://newsatcl-pctr.c.yimg.jp/t/amd-img/20260613-00000025-dal-000-3-view.jpg?exp=10800,2026-06-13T06:00:24+09:00,2026-06-13T09:21:17+09:00,デイリースポーツ,dal,デイリースポーツ,235,"マイユニバース
「宝塚記念・Ｇ１」（１４日、阪神）

　昨年秋の菊花賞以来のＧ１に挑むマイユニバースは１２日、角馬場から栗東坂路へと移動。落ち着いた様子で４Ｆ６３秒５－１５秒５のラップを刻んだ。

　「通常のメニューです。前走後はテンションが上がっていたので放牧に出しましたが、その効果はありますね。気持ちに余裕が出てきて、落ち着いています」と。事前発表馬体重は前走比プラス３０キロの４９８キロ。その数字についても「見ての通り、体はいいですから」と不安ナシと言い切った。",[],[]
大谷翔平、スタメン外　今季3度目　前日に左膝炎症途中交代　代役1番コール　DHエスピナル　佐々木朗希が4勝目懸けて登板　直近6登板防御率2・55　ホ軍先発は元DeNAケイ（デイリースポーツ）,https://news.yahoo.co.jp/articles/3e0d169667915155f44d46d5f06e919860b8190f,https://newsatcl-pctr.c.yimg.jp/t/amd-img/20260613-00010000-dal-000-6-view.jpg?exp=10800,2026-06-13T05:33:02+09:00,2026-06-13T07:34:40+09:00,デイリースポーツ,dal,デイリースポーツ,1406,"大谷翔平
「ホワイトソックス―ドジャース」(12日、シカゴ)

　両チームがラインアップを発表。前日のパイレーツ戦で左膝炎症のため、途中交代した大谷翔平投手はスタメンから外れた。佐々木朗希投手が中6日の調整で4勝目を懸けて今12度目のマウンドに立ち、元DeNAのアンソニー・ケイ投手と投げ合う。
【写真】一升瓶のぬいぐるみに夢中なデコピンが激カワ　スタメン外となった直後に大谷翔平がアップ
大谷はここまで投打同時7試合を含む63試合で打席に立ち、打率・305、13本塁打、40打点、6盗塁、OPS・964をマーク。投打同出場から一夜明けの前日11日のパイレーツス戦は13号先制ソロを含む2安打2四球で4打席連続出塁を記録して勝利に貢献した。しかし、七回に左膝炎症のため、途中交代し、この日の出場が注目されていた。

　大谷がラインアップから外れるのは4日のダイヤモンドバックス戦以来、3度目。前回は投打同時出場の翌日だったため、疲労回復を目的として完全休養となった。

　佐々木はここまで11登板、3勝3敗、防御率4・03。前回、5日のエンゼルス戦は7回2安打無失点と好投した。米移籍後最多10三振を奪い、同最速161・9キロをマークするなど、勝ち星はつかなかったが、成長を証明する大きなマウンドとなった。

　開幕直後は制球が安定せず、4月が終わった時点で防御率6・35だったが、5月以降の6登板の防御率2・55と安定した投球を続けている。

▽ドジャースのラインアップ
1番・左翼　コール　　　　打率・266　0本塁打　13打点　OPS・708
2番・中堅　パヘス　　　　打率・282　15本塁打　56打点　7盗塁　OPS・847
3番・一塁　フリーマン　　打率・284　10本塁打　37打点　OPS・852
4番・遊撃　ベッツ　　　　打率・185　6本塁打　17打点　OPS・603
5番・右翼　タッカー　　　打率・237　5本塁打　34打点　OPS・714
6番・二塁　ロハス　　　　打率・253　1本塁打　11打点　OPS・636
7番・三塁　マンシー　　　打率・266　14本塁打　24打点　OPS・873
8番・DH　エスピナル　　打率・250　1本塁打　5打点　OPS・624
9番・捕手　ロビンソン　　今季初出場
　　　投手　佐々木　　　　3勝3敗　防御率4・05

▽ホワイトソックスのラインアップ
1番・左翼　アントナッチ　　　打率・285　1本塁打　15打点　8盗塁　OPS・763
2番・三塁　バルガス　　　　　打率・243　16本塁打　43打点　9盗塁　OPS・863
3番・DH　ベニンテンディ　　打率・234　6本塁打　30打点　OPS・688
4番・遊撃　C・モンゴメリー　打率・224　16本塁打　38打点　OPS・801
5番・右翼　B・モンゴメリー　打率・444　1本塁打　3打点　OPS1・444
6番・二塁　マイドロス　　　　打率・273　5本塁打　21打点　OPS・731
7番・一塁　ゴンザレス　　　　打率・308　1本塁打　5打点　OPS・842
8番・中堅　ピーターズ　　　　打率・298　2本塁打　18打点　OPS・790
9番・捕手　ロモ　　　　　　　打率・158　5本塁打　11打点　OPS・669
　　　投手　ケイ　　　　　　　5勝1敗　防御率4・40",[],[]
桑木志帆が単独首位浮上　５連続バーディーで一気　全米女子リベンジへの「練習」兼ね勢い上々（デイリースポーツ）,https://news.yahoo.co.jp/articles/cc3c75009338046d5917f73dffd65356c5514784,https://newsatcl-pctr.c.yimg.jp/t/amd-img/20260613-00000022-dal-000-2-view.jpg?exp=10800,2026-06-13T05:01:01+09:00,2026-06-13T08:25:12+09:00,デイリースポーツ,dal,デイリースポーツ,572,"５番、ティーショットを放つ桑木志帆（撮影・立川洋一郎）
「女子ゴルフ・宮里藍サントリー・レディース・第２日」（１２日、六甲国際ＧＣ＝パー７２）

　２位から出た桑木志帆（２３）＝大和ハウス工業＝が４番からの５連続バーディーなど、８バーディー、１ボギーと大きくスコアを伸ばし、この日６５、通算１５アンダーの単独首位で予選ラウンドを終えた。３打差の２位には６９とスコアを伸ばしたアマチュアの金瑞娥（１４）＝韓国。通算１０アンダーの３位に荒木優奈、穴井詩ら５人が並んだ。

　好調が、止まらない。桑木は４番パー５で３打目を１・８メートルにつけて最初のバーディーを奪うと、８番まで連続奪取。「大体、ショットで（ピンそばに）ついた」と思い通りにクラブを操る。

　後半も「暑くてふわっとなることもありましたが、打つ瞬間は集中できていた」と３つのバーディーを重ねた。

　前日は「完璧」というゴルフで６４の自己ベストタイをマークしたが、アマチュアの金瑞娥に１打届かず。「昨日、彼女が上回ってきたので、自分も上回れるよう」にと、適度な気合が２日続けてのビッグスコアにつながった。

　昨年出場したＫＰＭＧ全米女子プロ選手権は初日８２を叩くなど、悔しい思いをした。２週後に迫る同大会でのリベンジに燃える桑木は「その練習」も兼ね、さらにゴルフを研ぎ澄ませていく。",[],[]
初戦目前に森保ジャパン激震　主将・遠藤航が離脱　代表引退も電撃表明　左足古傷がリバウンド、ＭＦ町野を追加招集（デイリースポーツ）,https://news.yahoo.co.jp/articles/47fd6da25f435e659f5aceb456544013e838bd71,https://newsatcl-pctr.c.yimg.jp/t/amd-img/20260613-00000019-dal-000-3-view.jpg?exp=10800,2026-06-13T05:01:00+09:00,2026-06-13T09:19:42+09:00,デイリースポーツ,dal,デイリースポーツ,1132,"全体練習開始前に姿を見せたＭＦ遠藤航（右）＝６日
森保ジャパンに激震が走った。日本サッカー協会は１１日、Ｗ杯北中米３カ国大会に臨む日本代表のＭＦ遠藤航（３３）＝リバプール＝が、けがのためチームを離脱すると発表。代わりにＭＦ町野修斗（２６）＝ボルシアＭＧ＝が追加招集された。新主将にはＤＦ板倉滉（２９）＝アヤックス＝が就任する。遠藤は自身のＳＮＳで代表引退を電撃表明した。１４日（日本時間１５日）の１次リーグＦ組・オランダとの初戦が目前に迫る中、チームは大きく揺れ動いた。
【写真】遠藤航が去った森保ＪＡＰＡＮ　激震で表情がより引き締まった？
冒頭の公開練習で異変は起きた。「遠藤がいない」。報道陣がざわつく中、日本協会関係者から山本昌邦技術委員長のブリーフィング予定が通達され、現場は重苦しい空気が漂った。その後、遠藤がこの日の朝、チームから離脱したことが発表された。

　山本委員長は涙ぐみながら主将のコメントを代読した。「みんなが最高の景色を残してくれることを願っています」

　遠藤は２月に左足甲にある靱帯（じんたい）を切る重傷を負い、懸命にリハビリを重ね、５月３１日のアイスランド戦で復帰。だが、同試合で左足の同箇所が「リバウンド」し、メキシコ入り後は別メニュー調整が続いた。国際サッカー連盟（ＦＩＦＡ）の規定では、負傷選手を入れ替えられるのは初戦の２４時間前まで。最終的に森保監督がメディカルスタッフの報告を受け、１０日に苦渋の決断を下した。

　遠藤はその後、自身のＸ（旧ツイッター）を更新。代表からの離脱、そして「これからは１人のファンとして日本代表を応援していきます」と、今活動をもっての代表引退を電撃表明した。

　カタールＷ杯後、主将に就任し、チームに“Ｗ杯優勝”の目標を植え付けた。自身も３０歳にして世界最高峰のイングランド・プレミアリーグの強豪クラブにステップアップ。集大成として臨んでいただけにショックは計り知れない。

　父・周作さんは「航」と名付けた理由をこう明かす。「僕の実家の目の前が太平洋で。水平線から太陽が登ってきた姿を見て、ひらめいたのが『航』だったんです」。水平線の先にある「最高の景色」を誰よりも信じてきた主将は、その舞台を仲間たちに託した。

　◆過去のＷ杯選手入れ替え　Ｗ杯では、過去にも選出された日本代表選手が負傷で入れ替わった例がある。０６年ドイツ大会では左太ももを痛めた田中誠が離脱し、茂庭照幸が追加招集された。茂庭は休養先のハワイから急きょ帰国し、ドイツへと向かった。２２年カタール大会は中山雄太に代わり、町野修斗が呼ばれた。中山はＷ杯メンバー発表の翌日に所属クラブの試合でアキレス腱（けん）に重傷を負った。",[],[]
板倉が新主将就任「責任と覚悟を持って」　遠藤から直接「応援してるぞ」長谷部コーチ、吉田麻也らとチームを勝利へ導く（デイリースポーツ）,https://news.yahoo.co.jp/articles/ffb38536774504cbba8f15d5cbb7099d4602228a,https://newsatcl-pctr.c.yimg.jp/t/amd-img/20260613-00000020-dal-000-2-view.jpg?exp=10800,2026-06-13T05:01:00+09:00,2026-06-13T08:10:18+09:00,デイリースポーツ,dal,デイリースポーツ,786,"日本代表・板倉滉
森保ジャパンに激震が走った。日本サッカー協会は１１日、Ｗ杯北中米３カ国大会に臨む日本代表のＭＦ遠藤航（３３）＝リバプール＝が、けがのためチームを離脱すると発表。代わりにＭＦ町野修斗（２６）＝ボルシアＭＧ＝が追加招集された。新主将にはＤＦ板倉滉（２９）＝アヤックス＝が就任する。遠藤は自身のＳＮＳで代表引退を電撃表明した。１４日（日本時間１５日）の１次リーグＦ組・オランダとの初戦が目前に迫る中、チームは大きく揺れ動いた。

　突然の主将就任から数時間後、板倉ははっきりとした口調で決意表明した。「もちろんびっくりした。ただ、責任と覚悟を持って引き受けたので。日本代表のキャプテンとして、チームを勝たせられるようになりたい」。いつも以上に言葉に熱がこもった。

　朝食後、森保監督から任命され受諾。直後、遠藤がチームメートの前に、あえて姿を見せていない状況を知っていたが「自分は行かないといけないと思った」と、練習前のわずかな時間の合間を縫って、主将の部屋を訪れた。言葉を交わし、遠藤から「応援してるぞ。みんなによろしく頼む」と思いを託された。

　初戦を３日前に控えた中での緊急事態。少なからず、チームに動揺は生まれる。いきなりの大仕事となるが、日本代表の主将として歴代最多記録を持つ長谷部誠コーチ、前回カタール大会の主将で「サポートメンバー」の吉田麻也（ロサンゼルス・ギャラクシー）ら頼れる先輩がいる。この日も早速、長谷部コーチからアドバイスを受けたといい「恵まれているなと思う」と、気負いすぎず役割を全うしていく。

　１０年の南アフリカ大会直前も、主将が中沢佑二から長谷部に変わった。当時を知る長友は「このショックを一丸にできる」と自信。「リバウンドメンタリティーをここで見せる。どんなにつらいときでもはい上がっていく底力をお見せする」と約束した。",[],[]
三浦知良　離脱の遠藤にエール「まだまだ世界でプレーできる」日本代表へ期待も「日本のいいところを出して勝ってもらいたい」（デイリースポーツ）,https://news.yahoo.co.jp/articles/73c756ffee077f13307470b1e10d436ae641e76b,https://newsatcl-pctr.c.yimg.jp/t/amd-img/20260613-00000018-dal-000-2-view.jpg?exp=10800,2026-06-13T05:01:00+09:00,2026-06-13T08:04:58+09:00,デイリースポーツ,dal,デイリースポーツ,410,"ミニゲームでヘディングシュートを決める三浦知良（左）＝撮影・持木克友
「ＪリーグオールスターＤＡＺＮカップ」(１３日、ＭＵＦＧ国立)　

Ｊ２・Ｊ３東Ｂで出場する元日本代表ＦＷ三浦知良（５９）＝福島＝が１２日、味の素フィールド西が丘で行われた前日練習に参加後、取材に応じ「（周りは）息子くらいの年代なので元気がいい。背中を押してもらって一緒にやりたい」と意気込んだ。

　また、Ｗ杯北中米３カ国大会に出場するに言及し「力はあるので、日本のいいところを出して勝ってもらいたい」と期待を込めた。ただ、主将のＭＦ遠藤航（リバプール）がけがで離脱することが決まり、代表引退も表明した。カズは「引退はいつでも撤回できるが、けがはどうすることもできない。本人が一番悔しいと思う」と無念さをおもんぱかりつつ、「サッカーをやめるわけじゃない。まだまだ世界でプレーできる力もある。ちょっと休んで、前を向いて進んでほしい」とエールを送った。",[],[]
なぜボランチ呼ばない？遠藤に代わる追加招集に町野　山本技術委員長は言及避ける「監督に伺っていただければ」（デイリースポーツ）,https://news.yahoo.co.jp/articles/7a9bea02969f1f8047afdd010515405162bd164c,https://newsatcl-pctr.c.yimg.jp/t/amd-img/20260613-00000021-dal-000-3-view.jpg?exp=10800,2026-06-13T05:01:00+09:00,2026-06-13T07:43:54+09:00,デイリースポーツ,dal,デイリースポーツ,585,"町野修斗
森保ジャパンに激震が走った。日本サッカー協会は１１日、Ｗ杯北中米３カ国大会に臨む日本代表のＭＦ遠藤航（３３）＝リバプール＝が、けがのためチームを離脱すると発表。代わりにＭＦ町野修斗（２６）＝ボルシアＭＧ＝が追加招集された。新主将にはＤＦ板倉滉（２９）＝アヤックス＝が就任する。遠藤は自身のＳＮＳで代表引退を電撃表明した。１４日（日本時間１５日）の１次リーグＦ組・オランダとの初戦が目前に迫る中、チームは大きく揺れ動いた。

　ボランチの遠藤に代わって招集されたのは、前線での起用が予想される町野だった。ボランチの本職は鎌田、佐野、田中の３人。

　なぜボランチを呼ばないのか。手薄に見える選出に山本昌邦技術委員長は「皆さんが一番気になるご質問だと思う。ピッチ上の中身に関しては、次のチャンスがある時に監督に伺っていただければ」と言及を避けた。

　優勝するには８試合を要する長期戦。１次リーグ初戦から第２戦は中５日、第２戦から第３戦は中４日と比較的余裕はあるが、負傷者や累積警告を考慮すると、やや不安に映る。ただ、森保監督は所属クラブでプレー経験のある瀬古、板倉の中盤起用プランを明かしており、瀬古はアイスランド戦で存在感を発揮。中盤での起用にめどが立ったとみられる。瀬古は遠藤の離脱を受けて「ちょっと明確になった」と、“ボランチ専任”への意識の変化を語った。",[],[]
北口榛花　通算５度目の日本一　５投目６２メートル超えに笑顔「まだまだ物足りない記録ですけど、兆しが見えてよかった」（デイリースポーツ）,https://news.yahoo.co.jp/articles/008c18d68552870570f3ff1aaa8b8725c3d6fce4,https://newsatcl-pctr.c.yimg.jp/t/amd-img/20260613-00000017-dal-000-2-view.jpg?exp=10800,2026-06-13T05:00:52+09:00,2026-06-13T08:04:19+09:00,デイリースポーツ,dal,デイリースポーツ,586,"愛知・名古屋アジア大会の公式マスコット「ホノホン」を手にする北口榛花
「陸上・日本選手権」（１２日、パロマ瑞穂スタジアム）

　女子やり投げでパリ五輪女王の北口榛花（２８）＝ＪＡＬ＝が６２メートル８６で制し、通算５度目の日本一に輝いた。日本陸連が定める選考基準を満たし、今秋の愛知・名古屋アジア大会代表にも決まった。女子５０００メートル決勝は山本有真（２６）＝積水化学＝がゴール直前で日本記録保持者の田中希実（２６）＝豊田自動織機＝を逆転。１４分５９秒８９での好タイムで初優勝を飾り、アジア大会代表に内定した。

　北口が両手でガッツポーズを繰り出した。鮮やかな弧を描いたやりが６０メートルラインを超えて芝に突き刺さると場内はどよめき。豪快な一投で五輪女王が魅せた。

　５０メートル台の記録が続いた中で迎えた５投目。鋭い眼光を見せながらやりを放つと、一気にトップに躍り出た。６０メートル超えは１投にとどまったが、終盤に勝負強さを発揮。「まだまだ物足りない記録ですけど、兆しが見えてよかった」とうなずいた。

　絶好調にはまだ及ばないが、表情は明るい。アジア大会にも内定し「諦めたくなる時もあったんですけど、ちゃんと戦わないといけない」と意欲。見据えるのは世界基準。「この記録ではまだまだ世界とは戦えない。６５メートルに早く戻れるように頑張ります」とさらなる高みを目指す。",[],[]
ドーム球場での試合が初めて中止になったのは？台風の影響で移動できず…【プロ野球記録企画】（デイリースポーツ）,https://news.yahoo.co.jp/articles/07bb9bf375143909a3be9696ec03ff513a6a827e,https://newsatcl-pctr.c.yimg.jp/t/amd-img/20260613-00000006-dal-000-8-view.jpg?exp=10800,2026-06-13T05:00:48+09:00,2026-06-13T09:47:17+09:00,デイリースポーツ,dal,デイリースポーツ,649,"雨の中引き揚げるファン＝１９９０年８月１０日
デイリースポーツの記録担当がプロ野球のさまざまな記録をひもとく新企画「記録の向こう側」（随時掲載）がスタート。今回は「ドーム球場で初めて中止になった試合」を取り上げる。

　　◇　　◇

　１９８８年に開場した東京ドーム。巨人と日本ハムのホームグラウンドとして、全天候型の球場として華々しくデビューした。オープン当時には、雨の日に東京ドームに「今日は雨ですが、試合はありますか」と不慣れなファンから頻繁に電話がかかったという笑い話も。ところが、ついにドームで中止という事態が起きた。

　開場３年目の９０年８月１０日午前８時ごろ、ＪＲ新幹線は静岡付近で台風接近のため架線事故が起こり、上りが不通状態に。東京ドームでの巨人戦のため名古屋駅に集合していた中日ナインは、近くのホテルに移動し復旧を待った。代わりにバス２台が用意されたが、東名高速道路も一部不通との知らせが届く。落合博満、小松辰雄ら主力選手は大広間で高校野球を観戦し、時間をつぶした。

　そして午後２時半ごろ、巨人側から中止の連絡が入った。チームは名古屋市内の練習場で軽く汗を流し、約２時間後にようやく東京へ出発。思わぬ事態に、星野仙一監督は「今年のドラゴンズは、それだけ力がないということや」とあきれ顔を浮かべた。疲れ果てて東京に着いた中日は、１１、１２日の巨人戦に連敗。なんともやるせない３日間となってしまった。（デイリースポーツ・高野　勲）

　答え　１９９０年８月１０日の巨人－中日戦",[],[]
【解説】投打うまくかみ合わない阪神　得点圏での１本が出れば流れは変わる　立石は内角高めのボールが泣き所に（デイリースポーツ）,https://news.yahoo.co.jp/articles/40662a5466cec0e5685d5cbea158be124c0955ef,https://newsatcl-pctr.c.yimg.jp/t/amd-img/20260613-00000008-dal-000-6-view.jpg?exp=10800,2026-06-13T05:00:48+09:00,2026-06-13T09:41:45+09:00,デイリースポーツ,dal,デイリースポーツ,873,"３回、満塁の好機に凡退し、悔しさをにじませる大山（撮影・飯室逸平）
「オリックス２－１阪神」（１２日、京セラドーム大阪）

　阪神がオリックスに競り負けて今季ワーストの４連敗を喫し、４年連続で交流戦の負け越しが決まった。中５日で先発した村上は初回、西川に右翼席へ先制ソロを浴びると、続く紅林には左翼席へ運ばれプロ入り初の２者連続被弾。二回以降は粘りの投球で７回５安打２失点と力投。打線は五回に大山の押し出し四球で１点を返したが、ブルペンデーの小刻みな継投の前に沈黙した。デイリースポーツ評論家の糸井嘉男氏は「得点圏での１本が出れば流れは変わるはず」と指摘した。
【写真】三ゴロの立石正広　体勢がよろけるほどのスイングだったが
◇　　◇

　阪神打線はソフトバンク戦から、投打がうまくかみ合っていないようですね。この夜は村上投手が初回の２失点以降立ち直り無失点に抑えましたが、打線はオリックスの小刻みな投手リレーに苦しめられました。ブルペンデーで、２番手以降の投手もみんなすごい球を投げていました。こうしたピッチャーを打つのは簡単ではありませんが、五回に大山選手の押し出し四球で１点を返すのが精いっぱいでした。

　チームは４連敗。踏ん張りどころを迎える中、得点圏での１本が出れば流れは変わるはずです。こんな時こそ、まずは塁に出るという意識、一本一本後ろにつなげていくことが大切になります。得点圏のチャンスを多く作ることで、打開策は見えてくると思います。

　４打数無安打だった立石選手は、内角高めのボールが泣き所になっているように見えました。二回は１死一、二塁から遊飛。ツーシームで詰まらされたように、右打者にはあの球が利くようです。ただ、中前に落ちそうな打球でもありましたし、バットの軌道は決して悪くないと思います。

　インハイはどんな打者も難しいコース。ましてや立石選手はルーキーです。今後も突かれるかもしれませんが、佐藤輝選手も１年目は苦手にしていました。立石選手も意識しすぎることなく、試合の中で少しずつ克服していってほしいと思います。",[],[]
阪神・藤川監督「仕掛けていくことが重要」　今季ワースト４連敗で交流戦負け越し決定　「相手に上回られている」あと１本出ず（デイリースポーツ）,https://news.yahoo.co.jp/articles/82df9349a90def99b99db8f1bc02556e62b0d80d,https://newsatcl-pctr.c.yimg.jp/t/amd-img/20260613-00000009-dal-000-5-view.jpg?exp=10800,2026-06-13T05:00:48+09:00,2026-06-13T09:39:53+09:00,デイリースポーツ,dal,デイリースポーツ,1142,"７回、三振に倒れ悔しがる佐藤輝（撮影・田中太一）
「オリックス２－１阪神」（１２日、京セラドーム大阪）

　阪神はオリックスに１－２で惜敗し、今季ワーストとなる４連敗。ブルペンデーだったオリックスの８人継投の前に何度もチャンスをつくったが、あと１本が出ず、五回の大山悠輔内野手（３１）の押し出し四球による１得点に終わった。これで交流戦は４勝１０敗となり負け越しが決定。貯金も５まで目減りし、試練が訪れている。

　博多の悪夢から続く負の流れは地元・大阪に戻っても止まらない。１点を追う九回、藤川監督は福島、嶋村とフレッシュな代打攻勢で現状打破を狙ったが、最後まであと１点が遠かった。今季ワーストの４連敗。４試合を残して４年連続の交流戦負け越しが決まった。

　「打線が得点できていないので、重みが出ているかもしれない。いい当たりが正面に飛んだり…パッと明ける時を待つというか。自分たちから動かなければいけない時もあると思いますしね」

　エース・村上の２被弾で初回から追いかける展開。ブルペンデーのオリックスを相手に苦戦を強いられた。二回、先発のペルドモに対し１死一、二塁を作ったが立石、坂本が凡退。三回には中野、森下の連打から、佐藤の四球で２死満塁も、大山が左飛に倒れた。紙一重の展開が続いていた。

　攻略の糸口をつかみかけたところで、相手は四回から入山にスイッチ。それでも３番手・高島と相対した五回だ。２死から再び中野、森下の連打、佐藤の四球で満塁を作る。ここで大山が、代わった吉田から押し出し四球を選び１点差。さらに一打同点、逆転のチャンスで前川が遊ゴロ。あと１点…あと一本に泣いた。

　結果的に８投手の継投を前に５安打、９残塁。藤川監督は「変化球でかわされてそれを振ってみたり、打ちに行こうとしない時に真っすぐで取られたりね」と、狙い球が絞りきれない現状の打線を「相手に上回られている。それはあります」と認めた。その上で打破するための策として、積極性を貫く姿勢を求めた。

　「いつもそうですけど、積極的に仕掛けていかなきゃいけないところが、少しこう…なんて言うんですかね。思い切ってね。とにかく仕掛けていくことが重要なんじゃないかなと思いますから。しっかりとまた明日に向かいたいと思います」

　３位・ヤクルトとの差がゲーム差なしとなり、首位・巨人と３チームが０・５差の大混戦。シーズン序盤の試練が訪れている。７試合ぶりに高寺を１番に据え、立石を７番に置いた指揮官は「勝ちにいく執念を示さなければいけない。常にあるつもりですが、つもりではなく勝ちにいくというのは、すごく重要なこと」と一戦必勝の結果を求めた。交流戦は残り４試合。リーグ戦再開に向け、まずは連敗を止めたい。",[],[]
阪神・村上　初回２者連続被弾も粘投７回２失点　二回以降意地の０封　藤川監督も称賛「十分な役割」（デイリースポーツ）,https://news.yahoo.co.jp/articles/9e97e5c23cd5f7873d9a3f61ea15086ffafdabf8,https://newsatcl-pctr.c.yimg.jp/t/amd-img/20260613-00000010-dal-000-5-view.jpg?exp=10800,2026-06-13T05:00:48+09:00,2026-06-13T09:38:44+09:00,デイリースポーツ,dal,デイリースポーツ,1004,"先発し、投げ込む村上（撮影・田中太一）
「オリックス２－１阪神」（１２日、京セラドーム大阪）

　阪神はオリックスに敗れ、今季ワーストとなる４連敗となった。先発の村上頌樹投手（２７）は初回に西川、紅林に２者連続本塁打を浴び４敗目。二回以降は立て直し、持ち前の粘り強い投球で７回５安打２失点だった。藤川監督は「きっちりとゲームを作って、十分な役割」と内容を評価。悔しいマウンドは、次回登板につながるはずだ。
【写真】粘りの投球でゲームを作った村上頌樹　併殺を取り雄たけび
３連敗中のチームに何とか勝機をもたらすべく、村上は懸命に腕を振った。７回５安打２失点。藤川監督も「きっちりとゲームを作って、十分な役割」と評した１１１球の粘投だった。しかし、試合後の村上は「あの２本が決勝点になってしまったんで」と、立ち上がりの２被弾を悔やんだ。

　初回、いきなり出はなをくじかれた。１死で迎えた２番・西川。初球を完璧に振り抜かれた。悠々と歩き出す西川とは対照的に、村上はマウンドでぼうぜん。右翼席上段まで運ばれた特大弾を見送るしかなかった。

　仕切り直しをはかったが、オリックス打線がそれを許さない。続く３番・紅林にはカウント１－１から甘く入った変化球を捉えられた。今度は左翼席上段まで運ばれる特大弾。見送る方向が変わっただけで、村上はまたも着弾をぼうぜんと見つめた。

　前カードのソフトバンク３連戦（ペイペイ）でチームは計１０被弾。強力鷹打線に圧倒されて関西に帰ってきた中で、自身初の２者連続被弾を食らった。今季のチーム被本塁打５２はリーグワーストの数字。場所は京セラドームのはずだが、まだみずほペイペイドームにいるかのような光景が虎党を沈黙させた。

　しかし、村上は「動揺はなかったですし、すぐに切り替えて粘れれば」とのみ込まれなかった。二回以降は持ち直し、毎回粘り強くスコアボードに並べた「０」。五回１死一、二塁のピンチで西川を迎えた場面では、被弾のお返しとばかりに二ゴロ併殺に仕留めた。

　５月８日・ＤｅＮＡ戦（甲子園）以来、約１カ月ぶりにカード頭を託された。今季２度目の中５日で迎えたが「その影響は全くない。しっかり投げられた」と強調。自身の連勝は「４」でストップし、チームは今季最長の４連敗となったが「暗くなりすぎず、しっかりいつも通りやれれば」。過度に悲観することなく、次こそは勝利に結びつける。",[],[]
阪神・高橋　チーム救って！今季無敗の連敗ストッパー　中７日で今季初京セラドーム登板「いつも通りストライク先行で」（デイリースポーツ）,https://news.yahoo.co.jp/articles/dedcd913ebed99e9e21d30b4b9bbdfeab3fc173d,https://newsatcl-pctr.c.yimg.jp/t/amd-img/20260613-00000011-dal-000-5-view.jpg?exp=10800,2026-06-13T05:00:48+09:00,2026-06-13T09:36:34+09:00,デイリースポーツ,dal,デイリースポーツ,629,"登板へ向け調整する高橋（撮影・飯室逸平）
阪神の高橋遥人投手（３０）が、１３日のオリックス戦に先発する。村上との登板順を入れ替えて中７日で迎えるマウンド。１２日は傾斜や硬さの確認後、強めのキャッチボールや、短いダッシュなどで調整した。交流戦最終登板。“連敗ストッパー”が４連敗と苦しむチームの流れを変える。
【写真】無双左腕が連敗ストッパーや！淡々と調整する高橋遥人
「低め、高めとしっかりとメリハリを付けたい。いつも通りストライク先行で、先頭打者を切ることを大事にしていきたい」。前カード・ソフトバンク戦の３連敗など、チームは交流戦に入って苦しい戦いが続く。高橋は今季９試合の登板で無傷の７勝。求められている役割は理解している。

　確かなデータもあった。ここまで連敗中に登板した３試合に全勝。結果、内容でチームの推進力を高めてきた。「そこは助け合いだと思っています。野手の方にはすごく助けられているし、しっかりと試合を作れるようにしたい」と感謝を忘れず、「勝つ確率を上げられるようにという感じです」と、沈むチームを救うべく気を引き締めた。

　登板９試合のうち８試合が敵地マウンド。京セラドームは今季初登板だが苦にしない。湯浅が１１日のソフトバンク戦で負傷。この日出場選手登録を抹消された。手薄なリリーフ事情から、先発に求められる役割は大きい。「結果的にそうなればいいですけど、あまり意識はせず。先を見ずに一人、一人ですね」と高橋。勝利に導く快投を誓う。",[],[]
阪神・下村　収穫の３失点　２度目先発で最長５回　立ち上がり４連打浴びるも平田２軍監督「良い勉強になった」（デイリースポーツ）,https://news.yahoo.co.jp/articles/0a13426a51940deee2f4076610fa3a1762807e27,https://newsatcl-pctr.c.yimg.jp/t/amd-img/20260613-00000012-dal-000-5-view.jpg?exp=10800,2026-06-13T05:00:48+09:00,2026-06-13T09:34:19+09:00,デイリースポーツ,dal,デイリースポーツ,653,"力投する先発の下村（撮影・西田忠信）
「ファーム・西地区、ソフトバンク４－６阪神」（１２日、タマホームスタジアム筑後）
【写真】１軍を想定？打席に立つ下村　今季で見納めなシーン
まだ明るい筑後の空に放たれた放物線を、悔しそうに見つめた。プロ２度目の先発となった阪神・下村はプロ最長となる５回を投げ、５安打３失点。序盤に捕まったが、後半は修正力を示した。

　試練は初回に訪れた。１死からダウンズに左中間への長打を許した。ここは走塁死としたが、その後は連打で２死一、三塁。続けざまに秋広に自慢の直球を打ち砕かれ、右翼の防球ネットへ突き刺さる３ランを浴びた。４連打で立ち上がりをたたかれた。

　だが、その後は持ち味を発揮。変化球を駆使し、二回から四回を無安打に抑えた。前回登板から投球回が伸びても、カットボールや球威抜群の直球を押し込んでいくスタイルは健在。相手打線を翻弄（ほんろう）した。平田２軍監督は「一発打たれたのは立ち上がりの良い勉強になったと思う。二回から立て直してきてるところもさすが」と修正力に太鼓判を押した。

　さらに打撃では三回にプロ初打席を経験。三塁へゴロを放つと三塁手の悪送球で出塁した。

　前回、プロ初先発となった５日のファーム・オリックス戦（ＳＧＬ）は３回無安打無失点の快投。翌６日に藤川監督が「次はゲームで７５球から９０球ですね」と話していた通り中６日で７３球のマウンドとなった。順調にステップを踏んだことは間違いない。課題と収穫の入り交じる登板を経て、さらなる成長を遂げる。",[],[]
関大・米沢友翔　ＯＢ山口高志さんのゲキに応える　５４年ぶり頂点へ「自信を持って胸を張って投げられたら」１３日準決勝（デイリースポーツ）,https://news.yahoo.co.jp/articles/39a73e46e5088b4c536856f16bf59ec92d0b1e55,https://newsatcl-pctr.c.yimg.jp/t/amd-img/20260613-00000007-dal-000-2-view.jpg?exp=10800,2026-06-13T05:00:48+09:00,2026-06-13T08:00:24+09:00,デイリースポーツ,dal,デイリースポーツ,376,"山口高志さん（右）と話す関大・米沢
関大が全日本大学野球選手権の休養日となった１２日、準決勝に向けて都内で練習を行った。今秋ドラフト候補の米沢友翔投手（４年・金沢）はアドバイザリースタッフを務めるＯＢで元阪神投手コーチの山口高志さん（７６）のゲキに応えることを意気込んだ。

　頂点まであと２勝。優勝すれば山口さんがエースを務めた１９７２年以来５４年ぶりとなる。この日、米沢はグラウンドに訪れた山口さんと談笑。「胸を張れ」と激励を受けた。

　１３日は東都を制した国学院大と決勝進出をかけて戦う。手ごわい相手に、「挑戦者」の意識で立ち向かっていく考えだ。「あと２回勝ったら山口さんと同じ景色を味わえるので、絶対明日勝って明後日をみんなで迎えられるように。明日自信を持って胸を張って投げられたら」。レジェンドの金言をマウンドで体現し、優勝に王手をかける。",[],[]
オリックス・岸田監督「よく皆がつないでくれた」８人継投ブルペンデー　ホーム強すぎ２４勝５敗！４度目４連勝　初回２連発効いた（デイリースポーツ）,https://news.yahoo.co.jp/articles/942109c3f790a08c244d1179f1dfa00ea52ea2ca,https://newsatcl-pctr.c.yimg.jp/t/amd-img/20260613-00000002-dal-000-3-view.jpg?exp=10800,2026-06-13T05:00:47+09:00,2026-06-13T09:14:34+09:00,デイリースポーツ,dal,デイリースポーツ,514,"笑顔で写真に納まる（左から）マチャド、椋木、山崎、岩嵜
「オリックス２－１阪神」（１２日、京セラドーム大阪）

　やはりホームでは無双…。オリックスは昨季の交流戦では敵地・甲子園で屈辱の３連敗を喫したが、この日は初回の一発攻勢＆今季最多タイ８人の“ゲキレツ投手リレー”で昨季セ覇者の阪神をねじ伏せた。

　「お客さんもたくさん入って、本当に緊張する場面で、よく皆がつないでくれた。頭はどうしても取りたいですから」と岸田監督。まずは中継ぎから配置転換された助っ人ペルドモが来日初先発し３回無失点に抑えると入山ら救援陣も奮起。特に１点差に迫られた七回、６番手・山崎が「とにかく間違えないように、とそれだけを考えて投げた」と佐藤輝ら主軸を２奪三振の三者凡退に牛耳ったのが大きかった。

　打っては初回の２連発が効いた。西川が「いい投手なので初球から積極的にいった」と２号先制ソロ。紅林も「龍馬（西川）さんが打ってくれていいイメージができた」と８号ソロ…と２者連続アーチで勝利へののろしを上げた。その後、紅林は左足の違和感を訴え途中交代。今後が心配だが、これでホームは２４勝５敗。人気の阪神を下し今季４度目の４連勝を決め、最高の気分だ。",[],[]
巨人・竹丸また報われず　７回２／３自責１　自己最多１２Ｋも言い訳なし　味方のミスも「起こるもの」（デイリースポーツ）,https://news.yahoo.co.jp/articles/883b73f4e8b3a9b420fc2085bf4e1a129593f6e5,https://newsatcl-pctr.c.yimg.jp/t/amd-img/20260613-00000005-dal-000-3-view.jpg?exp=10800,2026-06-13T05:00:47+09:00,2026-06-13T09:13:41+09:00,デイリースポーツ,dal,デイリースポーツ,442,"８回途中で降板する竹丸（撮影・園田高夫）
「西武３－０巨人」（１２日、ベルーナドーム）

　２試合続けて報われなかった力投も、巨人のドラフト１位・竹丸（鷺宮製作所）は一切の言い訳をしなかった。「２試合とも先制点を取られているので」。５月３１日・日本ハム戦（エスコン）は８回３失点１０奪三振で完投負け、この日は７回２／３を４安打３失点（自責１）。自己最多の１２奪三振ながら５敗目。また一つ、悔しさが増えた。

　立ち上がりは慣れない敵地のマウンドに苦戦し１失点も、二回以降は「カーブを使ったり、普段あまり投げないボールも今日は使った」と工夫しながら立て直し。味方のミスも「起こるもの」と気にせずに腕を振った。

　橋上監督代行も「堂々たる投球」と言い、杉内投手チーフコーチは「最高の投球」とうなずいたが、竹丸は唇をかむ。日本ハム・北山、西武・高橋光に投げ負け、「ピンチの場面で最後の一本を与えない。そういうところが自分との違い」。手応えと悔しさの両方を力に、また次のマウンドへと向かう。",[],[]
日本ハム１０年ぶり８連勝　細野「スーパーサイヤ人」でピンチ脱出　交流戦首位と０・５差！新庄監督「明日も選手がやってくれるでしょう！」（デイリースポーツ）,https://news.yahoo.co.jp/articles/8de1bf57335cb0cf17569fda89910dc58cc97452,https://newsatcl-pctr.c.yimg.jp/t/amd-img/20260613-00000004-dal-000-2-view.jpg?exp=10800,2026-06-13T05:00:47+09:00,2026-06-13T07:53:02+09:00,デイリースポーツ,dal,デイリースポーツ,640,"中日に勝利し、細野（右）を迎える新庄監督
「日本ハム３－１中日」（１２日、エスコンフィールド）

　勢いだけではない強さがある。日本ハムは投打がガッチリとかみ合い、ロースコアの接戦をしっかりとモノにした。新庄政権下初となる１０年ぶりの８連勝。取材対応のなかった指揮官も「明日も選手がやってくれるでしょう！」と、力強いコメントに手応えをにじませた。

　先発の細野が勝利の立役者となった。七回途中６安打１失点の力投で２勝目。１５０キロ台の直球に加えて変化球も制球よく、１１三振を奪った。四回無死二塁のピンチは阿部、サノー、細川を３者連続三振で切り抜けて雄叫び。「ピンチで開き直って投げられたのがよかった」と振り返った。

　３月３１日のロッテ戦（エスコン）でノーヒットノーランを達成後、６試合で０勝４敗。２軍調整中に自分を見つめ直した。投球の指標自体は悪くないことを確認。「勝たなきゃというところから自分のやるべきことをやる気持ちに変われた」と切り替えた。

　さらには巨人・杉内投手チーフコーチにピンチ対処法を聞いた時に授かった「ピンチ用のエンジンを持っているよ」という言葉を実践。「ピンチでは“スーパーサイヤ人”になろうと思って投げていた」と笑い「落ち込んでいた時期もあったので、ノーヒットノーランした時よりもうれしい」と喜びをかみしめた。

　交流戦順位は首位・西武、ソフトバンクに０・５ゲーム差に迫り、優勝も射程圏。「このまま勝ち続けます」と細野。まだまだ白星を積み上げる。",[],[]
ＤｅＮＡ悪夢の６連敗　今季最多借金「１０」　連敗中６試合計１０得点　相川監督「一戦ずつ取っていくしかない」（デイリースポーツ）,https://news.yahoo.co.jp/articles/bdfc487c24da2bda15d92ee8bcaba244686cdedc,https://newsatcl-pctr.c.yimg.jp/t/amd-img/20260613-00000003-dal-000-2-view.jpg?exp=10800,2026-06-13T05:00:47+09:00,2026-06-13T07:45:38+09:00,デイリースポーツ,dal,デイリースポーツ,271,"４回、ソト（後方）に同点の左越えソロを打たれた入江（撮影・開出牧）
「ロッテ３－２ＤｅＮＡ」（１２日、ＺＯＺＯマリンスタジアム）

　ＤｅＮＡはサヨナラ負けで２季ぶり悪夢の６連敗。借金はついに「１０」に膨れあがった。

　三回に佐野、筒香の連続適時打で一時は勝ち越したが、四回、ソトに同点被弾。打線は中盤以降、広池を打ち崩せず、要所を抑えられた。連敗中の６試合は計１０点と、得点力不足が顕著になっている。相川監督は、借金が２桁となったことに「僕らは一戦ずつ取っていくしかない。１１になろうが１２になろうが、やることは変わらない」と唇をかんだ。",[],[]
ロッテ　連夜のサヨナラ！山本が決めた　６度目の正直、勝率５割復帰　サブロー監督「チームの力が試される」（デイリースポーツ）,https://news.yahoo.co.jp/articles/882f19aff4e62f31d93b65f24bd56b68fe0d04ce,https://newsatcl-pctr.c.yimg.jp/t/amd-img/20260613-00000001-dal-000-2-view.jpg?exp=10800,2026-06-13T05:00:47+09:00,2026-06-13T07:42:02+09:00,デイリースポーツ,dal,デイリースポーツ,434,"９回、サヨナラ打を放ちウォーターシャワーを浴びる山本（撮影・開出牧）
「ロッテ３－２ＤｅＮＡ」（１２日、ＺＯＺＯマリンスタジアム）

　一、二塁間を真っ二つに破る鋭い打球が試合を決めた。九回２死二、三塁。途中出場のロッテ・山本がサヨナラ打。歓喜のウオーターシャワーでずぶ濡れのままお立ち台に上がり「シャー！」という雄叫びで喜びを爆発させた。

　期待の長距離砲も結果が出ず、控えに甘んじていた。「悔しかったし、チームの力になれていないって思っていたので、こういう場面で打てたのは本当に良かった」とほっとした表情を見せた。

　サブロー監督は「１軍の壁にぶち当たってもがいて、もがいて結果が出ない。こういうところで打てたっていうのは彼も嬉しいですし、僕も嬉しいです」と目を細める。

　２試合連続サヨナラ勝ちで交流戦勝ち越しが決定。そして６度目の挑戦で４月４日以来の勝率５割に復帰。「ここから突き抜けられるか、押し戻されるか、チームの力が試される」。さらに上を見据える。",[],[]
中村玉緒さん　勝新太郎さんのもとへ逝く　８６歳、肺炎　２２年２月から療養施設「舞台に出たい、明治座に私も」仕事復帰に意欲（デイリースポーツ）,https://news.yahoo.co.jp/articles/d2eba6557ad9bb957d4c697fbaca27d9726d7a97,https://newsatcl-pctr.c.yimg.jp/t/amd-img/20260613-00000014-dal-000-4-view.jpg?exp=10800,2026-06-13T05:00:40+09:00,2026-06-13T09:04:37+09:00,デイリースポーツ,dal,デイリースポーツ,1465,"勝新太郎さん（右）と笑顔を見せる中村玉緒さん＝１９９６年４月
俳優の勝新太郎さんの妻で、昭和期は日本映画黄金時代のスターとして、平成期はテレビのバラエティー番組の人気者として愛された中村玉緒（なかむら・たまお、本名奥村玉緒＝おくむら・たまお）さんが９日午後３時５２分、肺炎のため都内で死去していたことが１２日、分かった。８６歳。京都市出身。通夜は１６日午後６時、告別式は１７日午前９時半から、東京・桐ケ谷斎場で営まれる。喪主は長女奥村真粧美（おくむら・まさみ）さん。
【写真】勝新太郎さんの肩をもむ中村玉緒さん　芸能界きっての伝説的夫婦
勝さんとの別れから２９年。玉緒さんが、愛する夫のもとへ旅立った。

　所属事務所によれば、玉緒さんは２０２２年２月ごろ、都内の療養施設に入った。１～２年前から体調は思わしくなさそうだったが、昨年３月ごろには「舞台に出たい、明治座に私も出たい」と仕事復帰に意欲を見せていたという。

　その後、先月末に親族から「そろそろ危ないかも」と連絡があったといい、担当者は「老衰に近い形ではないでしょうか」と説明した。最後の仕事は２２年撮影の映画「ＴＨＥ　ＲＩＧＨＴＭＡＮ　正義の男」だった。

　玉緒さんは人間国宝の歌舞伎俳優・二代目中村鴈治郎さんの長女として生まれた。１９５３年に松竹映画「景子と雪江」でデビューし、５４年に大映入社。かれんな娘役として長谷川一夫、山本富士子、幼なじみだった市川雷蔵らと共演した。

　５７年の「大阪物語」では本紙のインタビューに「ボーイフレンドあらしまへん」と答えていたが、共演した勝さんとの結婚を予言したかのように「女の幸せな姿は、やっぱり家庭にあるのが最もふさわしいんじゃないか」とも話していた。

　「炎上」、「ぼんち」、「大菩薩峠」３部作などの名作で好演し、６０年度のブルーリボン賞の助演女優賞を受賞。数々の作品で共演し、マネジャーを通じてアタックしてきた勝さんと６２年に挙式した。

　６５年に大映を退社すると他社作品やテレビドラマにも数多く出演。８１年に勝プロが借金１４億円を抱えて倒産すると、玉緒さんは８２年に社長に就任し「夫婦仲が冷える間もなかった。やっぱり私は勝にほれてるんだと思います」ときっぱり。勝さんも「玉緒は勝新なしでもいいが、勝新は玉緒なしでは存在しえない」との名言を残した。

　私生活でも勝さんの浮気、勝さんや子供の薬物事件などが押し寄せ、９７年には勝さんが下咽頭がんで死去。耐え続けた結婚生活だったが、葬儀では「生まれ変わっても勝新太郎と結婚したい」と述べ、感涙を誘った。

　借金返済のため働き通しだった玉緒さんは、９０年代半ばに「さんまのスーパーからくりＴＶ」や「さんま・玉緒のお年玉あんたの夢をかなえたろかスペシャル」などのバラエティー番組で、天然ボケのキャラクターと明石家さんまとの名コンビで大ブレーク。お茶の間を笑いで包んだ。

　１９年には長男で俳優の雁龍さんに先立たれる悲運に襲われた。２１年にはＹｏｕＴｕｂｅチャンネルを開設して令和の時代にも適応してみせたが、２３年２月に背骨を圧迫骨折。表舞台に姿を見せることもなくなった。

　勝さんに「会いたい、会いたい」と言い続け、０３年の七回忌では「これ（勝さんの妻）で一生だと思います」、１３年の十七回忌では「愛していると言ってくれたことがない。向こうに行ったら『愛している』と言ってもらいます」と話していた玉緒さん。今ごろは勝さんの「愛している」を聞いていることだろう。",[],[]
甥の中村鴈治郎　勝新太郎の妻は「中村玉緒じゃなければ務まらなかったと思います」【悼む】（デイリースポーツ）,https://news.yahoo.co.jp/articles/152c4ce59a9cac9f68eb62503bfdf9c749a7889d,https://newsatcl-pctr.c.yimg.jp/t/amd-img/20260613-00000016-dal-000-4-view.jpg?exp=10800,2026-06-13T05:00:40+09:00,2026-06-13T09:04:13+09:00,デイリースポーツ,dal,デイリースポーツ,475,"中村鴈治郎
中村玉緒さんのおいで歌舞伎俳優の中村鴈治郎（６７）が１２日、デイリースポーツの取材に応じ、勝新太郎さんの妻を務め上げたことをたたえた。

　　◇　　◇

　まさか亡くなるとは思いませんでした。ここ２～３年は連絡が取れていませんでしたが、ついこの間も家族で、どうしているのかと話していたところでした。

　最後に会ったのは２～３年前です。全然普通で、相変わらずでした。

　おばとしてというよりは、勝新太郎の女房ですよ、間違いなく。うちのおふくろ（扇千景さん）でなければ父（坂田藤十郎さん）の女房は務まらなかったのと同じように、勝おじの女房は中村玉緒じゃなければ務まらなかったと思います。他の人はいません。絶対にあり得ません。そのために一生懸命尽くして、勝おじが亡くなった後も勝プロを支えていました。

　俳優としての共演は一度しかありませんでした。祖父（二代目中村鴈治郎さん）の追善興行での母親役で、独特な魅力がある唯一無二の人だったと思います。

　勝おじが亡くなってから３０年近くになりますから、また一緒になれて喜んでいると思います。",[],[]
おいの若山騎一郎　中村玉緒さん悼む　勝新太郎さんと家族へ「こんなに深い愛があるんだと」「最後に行った時も明るかった」（デイリースポーツ）,https://news.yahoo.co.jp/articles/5c5b45f4aaf6e84ad7612b0d813c2e3fb8ca389a,https://newsatcl-pctr.c.yimg.jp/t/amd-img/20260613-00000015-dal-000-4-view.jpg?exp=10800,2026-06-13T05:00:40+09:00,2026-06-13T09:03:49+09:00,デイリースポーツ,dal,デイリースポーツ,1016,"若山騎一郎
中村玉緒さんのおいで俳優の若山騎一郎（６１）が１２日、デイリースポーツの取材に応じた。若山は玉緒さんの家族愛の深さを述懐した。

　　◇　　◇

　去年の夏前ごろ、再婚した女房と会いに行きました。全然元気で、ろれつが回らないようなこともありませんでした。本当にきれいでした。

　「おばさん、僕、再婚したんだ」と話したらすごく喜んでくれて、うちの女房の手を握って「泊まっていく？」って。僕がＮＨＫに復帰できて、「水戸黄門」に出させていただいていると言うと「『水戸黄門』見たい！」って。「おばさん、何が好きなの？」と聞いたら「大谷翔平選手が好きなの！野球が好きというより、大谷選手が好きなの」って。

　部屋の壁中に勝新太郎と家族の写真を貼っていて、本当に愛していたんだなと思いました。勝、雄大（長男で俳優の雁龍さん）、真粧美（長女）と一緒に京都の動物園に行った写真を見せてくれて『この時は本当に幸せだったのよ、楽しかったのよ』と言っていて、こんなに深い愛があるんだと思いました。

　勝や家族の事件や借金があり、自分のテレビ出演も舞台出演も取材もあって、この人はどこに幸せがあるのかと思っていたんですが、その答えは、家族を愛しているからずっと幸せを持っているから、どんなに忙しくても耐えていられたんだと思います。

　最後は女房の手を握って「（療養先から）退院したらパチンコに行こう、おいしい物を食べに行こう」と言っていたのが忘れられません。

　心から尊敬しているおばでした。勝が頭の上がらない人なんです。僕と疎遠になった時期もありましたが、心優しく、普通に接してくれたし、勝とおばの舞台の時には勝から「玉緒は血がつながっていなくてもおいとして愛しているんだぞ」と言われました。勝の代理として僕とおばで法事に出なければならない時もありました。とにかく明るい人でしたね。最後に行った時も明るかった。

　俳優としてはすごかったです。一言一句間違わない。出番の前に袖で一緒に舞台を見ていた時、「あのパチンコ屋は出る」といった話をしていたんですが、いざ出番になるとパッと切り替える。普通の俳優はずっと気持ちを入れているのに、あの人はパッと入った瞬間に芝居が始まる。なんてすごい人なんだと思いました。

　勝に「会いたい、会いたい」と言っていましたから、大好きなパパ、勝おじさんに、雄大に会えるから良かったなって思っています。",[],[]
後藤久美子　約３０年連れ添ったアレジ氏との事実婚解消を発表（デイリースポーツ）,https://news.yahoo.co.jp/articles/669173f35fcfe9325a22f844731ab3014e8e853e,https://newsatcl-pctr.c.yimg.jp/t/amd-img/20260613-00000013-dal-000-4-view.jpg?exp=10800,2026-06-13T05:00:39+09:00,2026-06-13T12:54:45+09:00,デイリースポーツ,dal,デイリースポーツ,556,"後藤久美子
俳優の後藤久美子（５２）が、約３０年をともに歩んできたフランス人元Ｆ１レーサーのジャン・アレジ氏（６１）と事実婚を解消したと１２日、所属事務所を通して発表した。

　後藤は「私事で大変恐縮では御座いますが、長きに渡り日々を共にしてまいりましたジャン・アレジ氏とは、パートナーシップを解消し、それぞれの道を歩む事となりました。今後は、形を変えた愛情の元、互いを思いやりながら、子供達の成長を見守ってまいりたいと思います。尚、親族への取材等につきましては、何卒お控え頂けますよう、心よりお願い申し上げます」とコメントしている。

　後藤は１９９５年、２１歳という若さでアレジ氏との事実婚を発表。１２歳でデビューし「ゴクミ」の愛称で親しまれた国民的美少女の突然の発表に世間が驚かされた。その後２人は９６年に渡仏し、同年、現在モデルとして活動する長女エレナ、９９年にレーサーの長男、０７年に次男の３人の子宝に恵まれた。事実婚から１０年目の０５年には、初めてそろってファッション誌に登場し、インタビュー中も手をつないだまま応じるなど変わらぬアツアツぶりが話題に。

　近年の後藤は、地上波ドラマへの復帰やＣＭ出演、バラエティー番組に出演するなど日本での活動を精力的に行っており、変わらぬ美貌が反響を呼んでいた。",[],[]
Ｓｎｏｗ　Ｍａｎ・渡辺翔太　芳根京子とＷ主演舞台　「緊張でセリフは飛ばないようにしたい」（デイリースポーツ）,https://news.yahoo.co.jp/articles/d8a307c1f037d932d1dddab9022a34b7d034cbeb,https://newsatcl-pctr.c.yimg.jp/t/amd-img/20260613-00000000-dal-000-2-view.jpg?exp=10800,2026-06-13T04:00:19+09:00,2026-06-13T07:13:45+09:00,デイリースポーツ,dal,デイリースポーツ,302,"笑顔の渡辺翔太（右）と芳根京子（撮影・吉澤敬太）
Ｓｎｏｗ　Ｍａｎの渡辺翔太（３３）と俳優・芳根京子（２９）がこのほど、この日開幕したＷ主演の舞台「ウェンディ＆ピーターパン」（７月５日まで、東京・ＴＨＥＡＴＥＲ　ＭＩＬＡＮＯ－Ｚａほか）の取材会に登場した。

　作中では空を飛ぶシーンがあるが、渡辺は他の出演舞台で同様のシーン経験があることを告白。そのうえで「フライングで飛びますけど、緊張でセリフは飛ばないようにしたい」と笑わせた。一方の芳根は「高所恐怖症」としつつ「今はみんなで飛べることが楽しい。すごいいい景色です」と自信を明かした。

　大阪公演はフェニーチェ堺　大ホールで７月１３～２０日まで。",[],[]
