headline,mainEntityOfPage,image,datePublished,dateModified,author,media_en,media_jp,str_count,body,images,external_links
ライブ会場で痴漢に遭った女性たちの憤り「モッシュでお尻を触られた」「ガバッと胸を揉まれて」…それでも「ライブを中断させたくない」と泣き寝入り　今運営に求められる対策とは（マネーポストWEB）,https://news.yahoo.co.jp/articles/0145221c8c493e0229aff863b40c81c9f5fe8ec1,https://newsatcl-pctr.c.yimg.jp/t/amd-img/20250323-00000006-moneypost-000-3-view.jpg?exp=10800,2025-03-23T16:15:00+09:00,2025-03-23T16:50:23+09:00,マネーポストWEB,moneypost,マネーポストWEB,2522,"ライブ会場で痴漢に遭った女性たちの声（写真：イメージマート）
アーティストのライブ会場で起こった、観客の“痴漢行為”が物議を醸している。現場となったのは、3月16日、大阪でおこなわれたバンド「礼賛」のライブ会場だった。
【画像】礼賛のボーカルを務めるラランド・サーヤによる騒動を受けての声明
礼賛は、2021年に結成されたバンドで、ボーカルはお笑いコンビ「ラランド」のサーヤ（同バンドでは「CLR」名義）、ギターは「ゲスの極み乙女」の川谷絵音（「晩餐」名義）が担当。そんな礼賛のライブ会場で“痴漢行為”が行われたと告発があった。

　ある女性客が、自分の胸に男性客の手が複数回触れ、スタッフを呼んだことをSNSで発信。「礼賛」の公式SNSアカウントも「痴漢を容認しない」旨の声明を発表した。また他のバンドやアーティストも「不適切な行為を決して容認しない」といった声明を次々に発表。その一方で、ライブの運営企業が公式サイトで一転、「痴漢の事実はなかった」という発表をおこなったことで、礼賛のファンをはじめ、音楽ファンからは強い批判の声が上がり、様々な憶測を呼んでいる。

　実際に、ライブ会場で痴漢行為に遭ったという女性は少なくない。そうした被害者を増やさないために、ライブ運営に求められるものは何か。安心して推し活を楽しめる環境を考えるために、あらためて被害に遭った女性たちの声に耳を傾けてみたい。
被害者ならたまたま手が当たったか、痴漢行為かわかる
ハードロック、ラウドロック系のバンドのライブで、学生時代にたびたび痴漢に遭ったという女性・Aさん（20代）は、次のように当時の様子を振り返る。

「いわゆるラウドロック系のバンドが好きで、高校生の頃から大学時代によくライブやフェスに足を運んでいました。男性ファンが7割、女性ファンが3割というイメージで、ライブ中は激しいモッシュやダイブなどが起こるようなバンドだったんです。私も元気だったし、ライブで盛り上がりたいタイプだったので、モッシュに参加したり、ダイブの際に男性客の肩に乗せられて“肩車”される、ということもよくありました。

　ライブ自体は楽しい思い出なのに、やっぱり痴漢されたことは何度もあって……。それを思い出すと今でも、怖いし、悔しいです。ライブでもみくちゃになる時、後ろから胸をグワッと鷲掴みにされたこともあれば、ダイブをするときに太ももから股に手を入れられたり、お尻を強く掴まれたりしたこともある。

　こういう話をすると、男性は『ライブなんだから手が当たるのは当たり前だろ』『痴漢冤罪訴えるなら、ライブに来るな』と言うのですが、たまたま当たっている手と、わざと胸やお尻を揉んだり、掴んだりしている手の感触が違うことは、被害者なら絶対に分かります。同じ音楽を好きなファン同士が集まる空間で、こうしたマナー違反や犯罪行為が行われているのは許せません」（Aさん）

　こうした経験から、徐々にバンドのライブに行く機会が減ったAさん。当時は、スタッフにも被害相談をすることができなかったという。

「やっぱり、バンドのファンってライブに通うにつれて知人も増えるし、友達も増えるんですよ。そんななかで『痴漢された』と言ったら、男のファン仲間からウザイやつだと思われるかもしれない、と不安で……。スタッフさんに相談したりしたら、変に揉め事になるかもしれないと思い、嫌な気持ちを誰にも相談できませんでした。今回、こうした事案がニュースになっているので、これを機に、ライブ運営会社やスタッフさん、アーティスト側がより強く痴漢被害を取り締まる体制を作ってほしいです」（同前）

　結局、Aさんは社会人になってから、「ライブに行くのはやめて、完全に音源派になった」という。
振り向いたら高校生ぐらいの男性、睨んだら「ブス」と怒鳴られた
邦ロックバンドのファンとして10年以上ライブに通っているという女性・Bさん（30代・会社員）も、「過去に痴漢に遭った経験がある」と告白する。

「私はいわゆる邦ロックバンドのファンで、バンドのワンマン、イベント、フェスと機会があれば足を運んでいました。私がライブに行っているバンドは、男女比率が半々ぐらい、男性が少し多いけれど女性人気も高い、という客層です。残念ですが、そういった会場では一部悪いファンがいる。お酒が入っていることもあって、いきなり首元にキスされたこともあれば、腰に手を回されたこともあります。

　一番許せなかったのが、大きめのライブ会場で、前の方に客が殺到してもみくちゃになった時のことです。私が右手をあげてノッていたら、右の胸のほうに後ろから手が伸びてきて、ガバッと胸を掴まれたこと。その時、すぐに痴漢だと分かり後を振り返ると、高校生くらいの男性2人が友人同士で並んでいた。どっちが犯人か分からず、2人を睨みつけたら、『は？ブス！』と怒鳴られたんです。そのあとも、後ろでクスクス笑われて、すごく怖かったし不快だった」（Bさん）

　今後、同じような被害者を生まないために、ライブ運営やアーティスト側には何を求めるのか。Bさんはこう語る。

「女性はこういう経験をすると、いくらバンドが好きでも怖くてライブにいけなくなると思います。トラウマにもなるし、絶対に許せない行為です。会場ではすぐにスタッフが駆けつけられる状況にすることと、周囲の善良なファンがライブ中でも声をあげるように協力することが大事だと思います。

　バンドが好きな以上、スタッフやアーティストに迷惑をかけたくない、『ライブを中断させたくない』という思いはあるでしょう。でも、たとえライブを止めたとしても犯罪を許さないという意識を、ファンとアーティストが共有することが大切だと思います」（Bさん）

　2025年2月には、ロックバンド「やばいTシャツ屋さん」のライブ中に痴漢の被害者がSOSを出し、メンバーが事態を把握、犯人が逮捕されたという事例もある。いくら激しく盛り上がる音楽ライブでも、なんでもアリの空間では決してない。犯罪行為を見逃さない協力体制も求められる。",[],[]
江戸時代に何度も禁止令が出た庶民金融「頼母子講」が目指した“誰も損をしない”仕組み　「熊野講」「伊勢講」「富士講」などは“旅行代理店”の先駆けに【投資の日本史】（マネーポストWEB）,https://news.yahoo.co.jp/articles/19f1cdb0389b090e44ed4ec51162a81a1f6509b8,https://newsatcl-pctr.c.yimg.jp/t/amd-img/20250323-00000007-moneypost-000-1-view.jpg?exp=10800,2025-03-23T16:15:00+09:00,2025-03-23T16:15:00+09:00,マネーポストWEB,moneypost,マネーポストWEB,4304,"江戸時代の伊勢参りの様子を描いた歌川広重「伊勢参宮 宮川の渡し」
近代以前の日本で、庶民による“相互扶助組織”として発展したのが「講」と呼ばれる集団だ。講の種類は様々だが、町や村に住む者同士が掛け金を出し合い、くじや入札で配当を得るなどの経済的性格を持つものや、寺社などの信者同士で構成される組織もあった。歴史作家の島崎晋氏が「投資」と「リスクマネジメント」という観点から日本史を読み解くプレミアム連載「投資の日本史」第16回は、日本の庶民金融や旅行代理店の先駆け的存在でもあった「講システム」について取り上げる。【第16回】
封建時代の武士は主従関係を基本としながら、それと地縁・血縁を頼りに生きていた。地縁・血縁を頼りにしたのは一般庶民もいっしょだが、彼らは地縁と一部重なる形で、「講」という“相互扶助組織”を築いていた。小学館の『日本大百科全書』によれば、「講」は目的に応じて大きく信仰的講、経済的講、職業的講の3種に分類される。職業的講は炭焼きや猟師などの山仕事に携わる人々の「山の神講」や、大工、左官などによる「太子講」などがあり、同業組合的性格を持つ。

　3種のうち最も古い歴史を持つと考えられるのは経済的講で、その中でも頼母子講と呼ばれるものの始まりは鎌倉時代にまで遡る。鎌倉時代末期には年貢の銭納が合法化されているから、頼母子講は貨幣経済の浸透を受けて誕生したものと考えられる。
禁止令が出ても「隠密に続けさせて欲しい」と嘆願したわけ
頼母子講は無尽講、憑支講とも呼ばれ、『山川　日本史小辞典（改訂新版）』（山川出版社）では以下のように説明される。

〈中世に始まる金融方式。参加者は一つの講を結成し、毎回の会合で懸銭を出しあって、抽選または入札で参加者の1人に配当する。講の会合は定期的に開かれ、参加者全員に配当が行き渡るといちおう終了するが、講組織が永続化して講有田などの財産をもつ傾向もみられる。本来は村落などの相互扶助の目的で発達したもので、寺社の修造費用の調達にも利用されたが、やがて営利事業として行う事例が増加する〉

　これだけを見れば健全な庶民金融としか思えないが、江戸時代には幕府や諸藩からたびたび禁止令が出されている。誰が選ばれるかを賭けの対象とする賭博的性格を問題視すると同時に、一揆の温床になる危険を警戒したようだが、頼母子が近代まで存続した事実からすれば、当事者たちがあの手この手で摘発を逃れていたことは間違いないようだ。近世史を専門とする横田冬彦（京都大学名誉教授）は著書『天下泰平　日本の歴史（16）』（講談社学術文庫）の中でその一例を示している。
時は万治元年（1658年）、仙台の伊達藩で次のような法令が発せられた。

「前々よりしていても、今後は頼母子をしてはいけない。そのために寄合をすることは、不要な出費でもあり、これからは堅く禁止する」

　これに対して村人は連名で意見書を提出。禁止されれば何かと支障が生じるので、寄合の酒食はやめにするから、頼母子自体はこれまで通り、隠密に続けさせて欲しいと嘆願した上で、次のように書き添えた。

「もし御公儀様へ露見し、庄屋・肝煎が処罰される場合には、村中全員が出頭して、庄屋・肝煎に落ち度はないと弁明し、お詫びする」

　ここにある「肝煎」は庄屋と同義で、名主とも呼ばれる。地域によって名称が異なるだけで、村や町の代表者である点に変わりはない。横田前傾書はこのやり取りを記した後で、頼母子の取り締まりとそれへの対応について、次のようにまとめている。

〈頼母子とは中世からある講形式の庶民金融のことで、小百姓の年貢納入も含めて、在地の経済活動の不可欠の一環として存在していたのである。そうした在地の実情や慣行を無視した領主法令は、形式上は請けられたものの、隠密にて行うというこの取り決めによって実質的に拒否された。というより、禁止の理由とされた講寄合での酒食は自粛されているから、法内容に対する自主的な取捨選択が行われたといえよう〉

　要するに、とりわけ農村部においては、頼母子講は経済活動の一部と化していた。1回あたりの掛け金は定かでないが、個々の内では貧富の差に関係なく均等であったはず。構成員のすべてがリターンを受け、誰一人損をしない仕組みを守るため、自分が当たったらもう掛け金を支払わないという勝手は許されない。いくらお上の命令であっても、途中で廃止しては不平等が生じ、不和の種になるのが目に見えていたから、当せん者がちょうど一巡した時でもなければ、やめるわけにはいかなかった。

　こうした平等かつ公平を重んじた頼母子講の仕組みは、庶民が“地縁”を守るリスクマネジメントとして機能したと言える。
熊野講、伊勢講、富士講…信仰的講のカギとなった「御師」の役割
誰一人損をしない仕組みを目指したのは信仰的講も同じで、これには伝統的な民俗信仰を基盤としたものと寺社信仰に基づいたものの2種類がある。江戸時代に大流行した伊勢講による伊勢参りなどは後者の代表格だった。

　ほぼ例外なく、日本の由緒ある寺社は特定の皇族か貴族、武家の寄進もよって創建され、維持管理もそれら有力者からの寄進を頼みとした。しかし、時代が下るに伴い、皇族や貴族の資金力に陰りが生じ、武家には滅亡というリスクがつきまとった。寺社を存続させるためには大口の寄進者頼みではなく、小口の寄進者を大量に確保する必要が生じたわけで、その先陣を切ったのは熊野三社だった。その経緯について、前掲『日本大百科全書』には次のようにある。

〈熊野三山では平安時代の末期には御師（おし）の活躍があった。参詣の際に特定の僧の宿坊に泊まって祈祷を依頼するほどのものだが、その御祈祷師を略して御師とよぶようになり、各地の信者と師檀関係をもつようになったのである。のちに伊勢、賀茂、八坂、北野社などでも御師制度が取り入れられた。彼らの主任務は宿泊の手配や御札の頒布だが、全国各地に代参講を結成させる原動力となった点は見逃せない〉

　つまり、「御師」という神職がカギなわけで、伊勢神宮のそれだけは「おんし」と呼ばれた。伊勢の御師は毎年、祈祷の験（しるし）である祓麻（はらえのぬさ）や熨斗鮑（のしあわび）、伊勢暦、鰹節、伊勢白粉（おしろい）などの伊勢土産を持参して諸国をまわると同時に、新たな信者の組織化に余念がなかった。信仰的講の成立である（時期は室町時代初期とみられる）。

　信者に説いて講を作らせ、参拝目的の積立を行わせる。くじや輪番によって選ばれた代参者が御師の手配と案内のもと、伊勢への往復と伊勢神宮への参拝を果たすというのが伊勢講の仕組みだ。関所の通過や東海道最大の難所である大井川の川渡り、各宿場での宿や食事の手配など面倒なことはすべて御師がやってくれる。集団で旅をすれば防犯効果も高いことから、伊勢講による伊勢参りは、江戸時代後期には一大ムーブメントとなった。
御師に頼めば別料金で「予定にはない場所」にも行ける
由緒ある寺社による講作りは江戸時代以前から行なわれていたが、遠隔地への旅は金もかかるし危険も多い。それが泰平の世の到来により、街道と宿場町の整備も著しく進んだ。

　残る課題は旅費の工面だが、くじや輪番による代参という手法を取り入れることでそれもクリアーされた。道中は何もかも生まれて初めての経験だが、旅慣れた御師が同行して、同じ講の構成員だけで団体を組んでいるから不安に陥ることもない。
これは伊勢講に限らず、富士山の遥拝とその麓に点在する浅間神社への参拝を目的とする富士講でもいっしょだが、講のメンバー、御師とその御師が属する寺社、街道上の宿場町など、江戸時代後期の旅の流行は誰もが得をする上手い仕組みとなっていた。

　御師の役割は現在で言うツアーコーディネイターに当たり、現地ガイドも兼ねている。彼らに相談すれば、別料金で予定にはない場所にも行ける。伊勢参りにもそれがあり、その講が男性だけで構成されていれば、訪れる場所は決まっていた。

　このあたりの事情について解説した記事は多いが、比較的近いところでは、『歴史人』ウェブで2021年9月9日に配信された小説家・永井義男による記事〈江戸時代に庶民の間でブームとなった「売春ツアー」とは!?〉が挙げられる。

　同記事は、〈講は信仰を目的に掲げていたわけだが、男の団体旅行ということもあって、実際には途中の宿場で、飯盛女（めしもりおんな）と呼ばれる遊女と遊ぶのも楽しみだった。中には、女郎買いが目的で講に参加する者も少なくなかった〉としたうえで、〈講による団体旅行は、「売春ツアー」の一面があったと言っても過言ではない〉とまで言い切っている。

　さらに同記事には〈その最たるものが「精進落し」であろう〉ともあり、代参講全体に見られる傾向を以下のように記している。

〈寺社に参詣したあと、あるいは霊峰から下山したあと、男たちは精進落しと称して、呑めや歌えのどんちゃん騒ぎをし、女郎買いをしたのだ〉〈そうした精進落しの需要に応じるため、有名な神社仏閣の門前には、たいてい多くの女郎屋が集まり、遊里（ゆうり）が形成されていた〉

　そして〈伊勢神宮も例外ではなかった〉として、〈伊勢神宮の外宮（げくう）と内宮（ないくう）を結ぶ街道の途中に、間の山と呼ばれる丘陵があり、ここに古市（ふるいち）遊廓があった〉と言及。〈天明期（1781〜89）には、妓楼は七十軒を数え、遊女は千人を超えた〉ともある。その規模は同時期の吉原には及ばないまでも、品川宿の2倍の規模。伊勢講による経済効果が途轍もないレベルであったことがうかがえる。

　経済的講は現在の信用金庫や信用組合、信仰的講は旅行代理店の先駆けと言って間違いなく、江戸時代には複数の講を掛け持ちするのも珍しくなかった。箪笥預金には盗難や火災による焼失の不安がつきまとうが、講に提供していれば心配は不要。信仰的講でも信者の奪い合いなどなかったから、こちらも掛け持ちが可能だった。誰も不利益を被らない仕組みを目指した講から学ぶことは少なくないだろう。

【プロフィール】
島崎晋（しまざき・すすむ）／1963年、東京生まれ。歴史作家。立教大学文学部史学科卒。旅行代理店勤務、歴史雑誌の編集を経て現在は作家として活動している。『ざんねんな日本史』、『いっきにわかる！　世界史のミカタ』など著書多数。近著に『呪術の世界史』などがある。",[],[]
「10年、20年かけて株価10倍、100倍へ」エヌビディアの価値をいち早く見抜いた投資家が“次のエヌビディア”を見込んでウォッチリストに入れている銘柄とは（マネーポストWEB）,https://news.yahoo.co.jp/articles/0348f3ac7ab134c6d9cee9c0854d6023b166de6d,https://newsatcl-pctr.c.yimg.jp/t/amd-img/20250323-00000005-moneypost-000-1-view.jpg?exp=10800,2025-03-23T16:02:00+09:00,2025-03-23T16:02:00+09:00,マネーポストWEB,moneypost,マネーポストWEB,3325,"元マイクロソフトのプログラマーで、さまざまなソフトウェア開発をおこなう傍ら、投資家としても活躍する中島聡氏（写真：徳間書店提供）
NVIDIA（エヌビディア）のように将来大化けする成長銘柄を早い段階から“一本釣り”するのは至難の業だろう。そうした銘柄にいち早く目をつけて大きな投資成果を上げてきたのが、元マイクロソフトの“伝説のプログラマー”で投資家の中島聡氏だ。前編記事では、NVIDIA株への投資実例を踏まえて、まずは複数の企業に少額投資し、ウォッチリストを作成して「次のきっかけ」を待つことが大切だと紹介した。その具体的プロセスについて、中島氏の著書『メタトレンド投資 10倍株・100倍株の見つけ方』（徳間書店）から再構成して紹介する。【前後編の後編】
■前編記事：「最悪ゼロになってもいい」から大化けへ　伝説のプログラマー投資家・中島聡氏が2014年から少額投資していたエヌビディア株を“買い増す決断”をしたタイミング
先行者利益を得ようと焦る必要はない
ウォッチリストに追加し、次のきっかけを待つ。メタトレンド投資では、このステップをこまめに繰り返していくのが基本です。

　私はARやVRがいずれ大きなメタトレンドになるだろうと考えています。ですが、現時点ではまだ決定的な兆候は見えていません。さらに、現在の主要なプレイヤーはAppleやMeta といった巨大IT企業。すでに大きな時価総額であり、彼らの株価がここから10倍や100倍に伸びるとは考えにくいのも事実です。

　また、ARやVR領域で最終的に勝つ企業がApple やMeta だとも言い切れません。意外なベンチャー企業が割って入り、IT業界の巨人たちを華麗に追い抜くシナリオも十分あり得ます。こうした状況では簡単に「この会社だ！」とピンポイントでは決めきれないため、まずは有望そうな企業をウォッチリストに入れ、見守るのが得策です。

　私のウォッチリストには、Snap（スナップ）が名を連ねています。Snap は、投稿が一定時間で消えるSNS「Snapchat」で一躍有名になった企業です。

　そのSnap が現在、開発に注力しているのがARグラスです。2021年には開発者向けのモデル「Spectacles（スペクタクルズ）」もリリースし、AR分野への本格参入を表明しています。

　ARの分野ではApple やMeta といった、誰もが知る巨大IT企業が莫大な資金と技術力を投じて熾烈な開発競争を繰り広げています。

　一見すると、Snap のような新興企業が太刀打ちできる相手ではないように思えるかもしれません。しかし、あえてその厳しい市場に果敢に挑戦し、独自のポジションを築こうとしているSnap の姿勢に私は大いに注目し、可能性を感じました。だからこそ、私のアンテナに引っかかり、ウォッチリスト入りを果たしたのです。

　ただし私は、Snap の株はまだ買っていません。Snap の本業であるSnapchat はInstagram やTikTok に圧倒され、復活の兆しはありません。さらにSnap の株価もピークだった2021年9月の83ドルから大幅に下落し、現在は10ドル台前半を推移。さらに赤字経営も続いています。

　私自身、Snapchat を普段使っているわけではありませんから、NVIDIA やTesla ほどの確信を持てているわけでもない。2024年9月には第5世代になる「Spectacles」を発表しました。解像度やバッテリー寿命などが改善しましたが、まだAR業界のゲームチェンジャーになるには程遠いスペックです。まだまだ「この会社は伸びる！」とは感じさせてもらえません。したがって現時点では投資せず、依然としてメモを取るという形でウォッチリストに加え、その動向を見守っています。

　今後、「Snap のARグラスが想定外に売れている」「Meta の同製品よりも注目を集めている」「Snap が搭載したAIチャットがすばらしい！」といったニュースが飛び込んできたら、その時点でARグラスを購入し、投資を検討するかもしれません。

　テクノロジー業界と聞くと、多くの人が「変化が激しく、先行者利益を得るためには、一刻も早く飛びつかないと乗り遅れてしまう」というイメージを抱きがちです。たしかにそういった側面があることも事実です。

　しかし、メタトレンド投資の視点に立てば、必ずしも焦る必要はなく、むしろ冷静に長期的な視点を持つことが合理的です。なぜなら、メタトレンドとは10年、20年、場合によってはそれ以上続く、非常に長いスパンでの潮流だからです。

　したがって短期的な値動きに一喜一憂するのではなく、長期保有を前提に腰を据えて「次のきっかけ」を待つほうが、大きなリターンにつながる場合が多いのです。

　とりわけARやVRといった分野は、技術的な成熟や市場への普及に、まだ時間がかかると見られています。だからこそ、今すぐに飛びつかなくとも十分にチャンスはあるのです。

　大金を一気に投じて失敗するリスクを冒すよりも、まずはウォッチリストを活用して、丁寧に情報を集め、自分なりの「確信」が得られるタイミングが訪れるのを待つ。

　そしてそのときが来たら、満を持して本格的に投資を実行する。これこそが私が考えるメタトレンド投資のスタイルなのです。
一気に追加投資するタイミング
ウォッチリストを活用して企業や業界の動向にアンテナを張りながら、CEOの発言や赤字の脱却といった「次のきっかけ」を気長に待つ。

　そして「この企業は、いよいよ本格的に伸びるぞ」など自分なりの確信を得られたら、私は一気に投資額を増やします。つまり「買い増し」を行います。

　例えば、NVIDIA は2014年に少し買い、AI分野への本格的な注力と成長性を確信した2018年に大幅に買い増したのはすでにお伝えしたとおりです（＊前編記事参照）。

　またNetflix の場合は、妻がNetflix のドラマにハマっていたことがきっかけで2013年に少し投資をしました。しばらく様子見を続けていると、2016年に、Netflix がオンラインストリーミングサービスを新たに世界130以上の国で展開すると発表しました。これを受け、私は「Netflix はアメリカの一企業から、真のグローバルエンターテインメント企業へと飛躍する」と確信し、大幅な買い増しに踏み切ったのです。

　このように自分なりに「今後、間違いなく成長していく」という確信を得られた段階で、一気に投資額を追加するのが私の必勝パターンです。

　しかし、確信したからといって、投資の資金をフルベットしているわけではありません。実はこの段階でも、数百万円程度にとどめることが多いです。

　こんな話をすると「ずいぶんと慎重で、地味なやり方だな」と思われるかもしれません。しかし、メタトレンド投資では10年、20年かけて株価が10倍や100倍に成長していった企業が少なくありません。

　確信を得た段階での追加投資がそこまで大きな金額ではなくても、最終的に大きなリターンを得やすくなる。これこそが堅実で、それでいて大きな夢も描ける、メタトレンド投資の魅力だと考えています。

※中島聡・著『メタトレンド投資 10倍株・100倍株の見つけ方』（徳間書店）より一部抜粋・再構成

■前編記事《「最悪ゼロになってもいい」から大化けへ　伝説のプログラマー投資家・中島聡氏が2014年から少額投資していたエヌビディア株を“買い増す決断”をしたタイミング》から読む

【プロフィール】
中島聡（なかじま・さとし）／1960年北海道生まれ。早稲田大学大学院理工学研究科修了。マイクロソフトでソフトウェア・アーキテクトとしてWindows95などの基本設計を手がける。2000年にXevo（旧UIEvolution）を創業。2019年に同社を3億2000万ドルで売却。現在はさまざまなソフトウェア開発を行っている。",[],[]
【森永卓郎さんの長男・森永康平氏が指南】初心者が無理なく投資を続けるコツ「重要なのは投資したことを忘れるくらいの距離感」、証券会社のアプリ削除もひとつの手段（マネーポストWEB）,https://news.yahoo.co.jp/articles/ce7350eab44d0d4ad07f278e362f6d841623535d,https://newsatcl-pctr.c.yimg.jp/t/amd-img/20250323-00000004-moneypost-000-1-view.jpg?exp=10800,2025-03-23T15:15:00+09:00,2025-03-23T15:15:00+09:00,マネーポストWEB,moneypost,マネーポストWEB,1595,"「初心者が長く投資を続けるためのコツ」とは（時事通信フォト）
本誌・週刊ポストで資産防衛術について指南してきた経済アナリストの“モリタクさん”こと森永卓郎さん（享年67）。今年1月に亡くなる直前まで、来る株価大暴落による「令和恐慌」に警鐘を鳴らし続けてきた。まさに今、トランプショックで株価が乱高下するなか、モリタクさんの遺した教えをどう活かしていくべきか。モリタクさんに学びながら、「投資するな」というスタンスだった父とは異なる考えも持つようになった森永康平氏（40）に、危機の時代を乗り切るための資産防衛術を聞いた。
投資したことを忘れる方法
康平氏の基本的な考え方は「身の丈にあった守りの投資」だという。

「大原則は生活に無理のない範囲でやること。そして、それを続けることにあります」（以下、「」内の発言は康平氏）

　その点においては「父の姿勢や考え方に影響を受けた」と振り返る。「（身の丈以上に）生活水準を高めない」として、モリタクさんは贅沢を嫌った。それは子供のみならず孫に対しても一貫していた。

「一般的に祖父は孫に甘いもの。父も私の子供と外食する際、『何でも食べていい』と最初は言うのですが、結局、自分の保有している優待やポイントを使える店ばかりで、豪華な食事はさせてもらえなかった（笑）。

　父は『投資は儲かるものと思うな』と言っていましたが、私も投資による資産の増減は人生設計に入れずに生活しています。投資がうまくいかなくても無理なく暮らしていけるようにして、失っても大きな痛手にならない余剰資金から投資すべきです」
「無理のない投資」をするうえで初心者に推奨するのが「投資信託」だ。

「幅広い商品に分散投資できる投信は、ひとつ買えばいろいろなものを食べられる『幕の内弁当』のようなもの。それを少額で積み立てつつ、運用益が非課税となる仕組みが新NISA（少額投資非課税制度）ですから、使わない手はない」

　投信を選ぶポイントは大きく2つ。まず「手数料が低い」こと、そして投信の規模を示す「純資産総額が大きい」ことだ。

「保有している時にかかる信託報酬が低ければ、それだけ受け取る運用益が減らないで済む。純資産総額が小さいと将来的にファンドが運用をやめてしまうリスクがあるので、規模が大きな商品を選ぶほうが安心です。また、世界経済が不安定ななか資産が日本円だけでは危険なので、海外の債券などにも投資できるとバランスがいいでしょう」

　具体的には、人気を集める“オルカン”こと「eMAXIS Slim全世界株式（オール・カントリー）」や、米国の有力500社で構成される「S&P500」に連動する投信でいいという。

　重要なのは「投資したことを忘れるくらいの距離感」だと康平氏は説く。

「始めたばかりの人は下落局面になると不安で売ろうとしてしまう。長期で積み立てて資産形成しようとしているのに、それでは元も子もない。10年くらいのスパンで考え、毎月気にならない程度の額を積み立てる。それこそ投資しているのを忘れるくらいでいいんです。

　私が勧めているのは、自ら“取引できなくする”こと。証券口座のアカウントを見られなくするためにパスワードを家族などに変更してもらうのです。スマホのアプリは毎日チェックしてしまう人が多いので、アプリをアンインストール（削除）するのも手です。簡単に見られないようにしておけば、一時的な相場の値動きに振り回されなくて済むでしょう」

　＊　＊　＊
　関連記事《森永卓郎さんの長男・森永康平氏が考える「安心して保有できる条件」を満たした高配当株＆REIT銘柄10を公開》では、康平氏が「安心して保有できる条件」でスクリーニングして抽出した高配当株とREITの10銘柄を紹介している。

※週刊ポスト2025年3月28日・4月4日号",[],[]
セブンとローソンの「いちごサンド」を食べ比べ　“萌え断”の見た目だけではわからない「中身の違い」と、いちごの個数を数えて感じた「値上げの波」（マネーポストWEB）,https://news.yahoo.co.jp/articles/3eca62e05729b6612cb40f24b94f5aa0e991ecfb,https://newsatcl-pctr.c.yimg.jp/t/amd-img/20250323-00000003-moneypost-000-1-view.jpg?exp=10800,2025-03-23T15:15:00+09:00,2025-03-23T15:15:00+09:00,マネーポストWEB,moneypost,マネーポストWEB,2318,"セブン-イレブン『いちごサンド』（左）とローソン『苺＆ダブルクリームサンド』
鮮やかな断面が“萌え断”などと呼ばれ、2018年ごろからじわじわとブームになっていたフルーツサンド。その人気は定着し、コンビニでもフルーツサンドが定番商品となっているが、他のサンドイッチに比べて価格が高い側面もある。
【写真】約4年でいちごの量が減ってしまった…　セブンとローソンの「いちごサンド」を食べ比べ
たとえば、セブン-イレブンで販売されている『いちごサンド』は496円（東京都内の店舗で販売されている商品の価格。以下同）、ローソンの『苺＆ダブルクリームサンド』は451円だ。コンビニグルメに詳しいライターの小浦大生氏はこう話す。

「コンビニのサンドイッチは具材によって価格が異なりますが、200円台後半から300円台後半の価格帯がメイン。フルーツサンドは400円前後以上となっていることが多く、原材料が高い分、どうしても他のサンドイッチより高めになる。また、フルーツサンドでもパイナップルやみかんを使った商品は300円台後半から400円台前半くらいですが、いちごをメインとして使うと、さらに高めになります。

　たとえばセブン-イレブンの『いちごサンド』の496円という価格は、同じセブン-イレブンでいうと『太麺の大盛ナポリタン』と同じ。さらにいえば『幕の内弁当』は462円なので、『いちごサンド』よりも安い。ボリューム感を考えると、『いちごサンド』が高く感じる人もいるでしょう」

　ちなみに、マネーポストWEBでは2021年1月にコンビニの『いちごサンド』の食べ比べ記事を掲載している。そこで紹介したセブン-イレブンの『こだわりクリームのいちごサンド』の価格は386円だった。まったく同じ商品ではないとはいえ、約4年で110円ほど高くなっており、昨今の価格高騰の波を感じざるを得ない。

　では、2025年の今、フルーツサンドは価格に見合った商品なのだろうか。マネーポストWEBの庶民派グルメ担当記者・Aが、セブン-イレブン『いちごサンド』とローソン『苺＆ダブルクリームサンド』を実食して検証した。
いちごの量は4年前から減ってしまった
記者Aが都内のセブン-イレブンで購入した『いちごサンド』は496円。1包装（サンドイッチ2個）あたりのカロリーは245kcalだ。

　セブン-イレブンでは、栃木県などで『栃木県産とちあいか使用いちごサンド』という商品が同じく496円で販売されているが、記者Aが購入した『いちごサンド』については、原材料名の表記では「いちご」としか書かれておらず、銘柄は不明だ。

　まずは、いちごサンドをパッケージから出して重量を測定したところ、サンドイッチ2個で110g。1個ずつの重量を測定するとそれぞれ55gだった。

　使われているいちごの量を確かめるべく、パンを開いて中身を確認。サンドイッチの断面に半分にカットされたいちごが3つ、その奥に4分1ほどに細くカットされたいちごが1つ入っていた。合計すると、サンドイッチ1個あたりおよそ1.75個、1包装あたりおよそ3.5個のいちごが使われていることになる。

　ちなみに、2021年にマネーポストWEBで紹介したセブン-イレブンの『こだわりクリームのいちごサンド』では、サンドイッチ1個あたり合計で2.5個、1包装あたりで5個のいちごが使われていた。いちごの銘柄は不明ではあるが、約4年でいちごの量が減ってしまったとみるのが自然だろう。

　使用されているクリームは、ホイップクリームとカスタードクリームの2種類。パンに近い部分にカスタードクリームが塗ってあり、その内側でホイップクリームがいちごを包んでいるような形になっている。

「ホイップクリームの主張が強く、カスタードクリームはアクセント。クリームは全体的に甘さが控えめで、いちごの甘酸っぱい味が強く押し出されます。素材をしっかり活かしつつ、クリームの量も多めなので、ボリューム感も十分です。食べ応えとしての満足度は高いと思いますが、一方で約500円という価格は高く感じてしまうのも事実ですね」（記者A）
1包装あたりでは2.5個のいちご
続いて、ローソンで販売している『苺＆ダブルクリームサンド』も実食した。

 ローソンの『苺＆ダブルクリームサンド』の価格は451円、1包装（サンドイッチ2個）あたりのカロリーは220kcal。1包装の重量は116gで、ひとつずつを計測すると、1個は68g、もう1個は48gだった。パッケージ表面には「栃木県産とちあいか」と表記されている。

　使われているいちごの量を調べるべく、パンを開いたところ、断面のところに半分のいちごが1つと4分の1にカットされたいちごが2つ、奥の方に4分の1のいちごが1つ入っていた。サンドイッチ1個あたりでは合計で1.25個、1包装あたりでは2.5個のいちごが入っていることになる。

「いちごジャムが入ったホイップクリームとカスタードクリームに包まれていて、スイーツっぽさがしっかり出ています。いちごについては、半分にカットしたものはしっかりと食感も楽しめますが、4分の1にカットされている方はちょっと物足りなさも感じました。もっといちごが入っていたらうれしかったんですけどね」（記者A）

“萌え断”の見た目だけではわからないこともある。いちごの個数を数えて感じたのは、いちごサンドにも確実に値上げの波が及んでいるということ。さまざまな原材料が高騰するなか、500円という価格は現段階におけるギリギリの企業努力なのかもしれない。",[],[]
【春先の“思わぬ降雪”時に重宝】携行性に優れ装着も楽な「布製タイヤチェーン」でシャーベット路面を走ってみた　快適に走行できるが「制限速度40kmの壁」には注意（マネーポストWEB）,https://news.yahoo.co.jp/articles/06d0c8efdc9ed3eddfa018b47f2dc9b0f4ddfb80,https://newsatcl-pctr.c.yimg.jp/t/amd-img/20250323-00000002-moneypost-000-1-view.jpg?exp=10800,2025-03-23T11:15:00+09:00,2025-03-23T11:15:00+09:00,マネーポストWEB,moneypost,マネーポストWEB,3152,"積雪5センチぐらいの圧雪路でも走りやすく、十分にグリップ力を発揮してくれる「ISSEタイプ1」
桜の季節になっても、突然の“思わぬ降雪”に遭遇することがある。特に標高の高い観光地、山間部の国道や高速などでは、スタックによる交通障害やスピンによる事故などが各地で頻発しかねない。そんなとき“持っていてよかった”と重宝するのが「手軽な装着性とコンパクトで収納性」に優れた「布製タイヤチェーン」だ。シリーズ「快適クルマ生活　乗ってみた、使ってみた」、今回はライターの佐藤篤司氏がシャーベット状の路面で「ISSEスノーソックス」を装着して走行し、レポートする。
【写真多数】「布製タイヤチェーン」でシャーベット路面を走ってみた
まだまだ油断できない雪情報
春に降る雪を「淡雪（あわゆき）」、「名残雪」、「春雪」、「綿雪」、「ざらめ雪」などといい、そこには日本的な情緒さえ感じます。一方で春に降る雪に関する言葉がこれほどあるということは、決して珍しいことではなく、それなりに頻度も多いという証明かもしれません。当然ながら桜が咲くような気候になれば、誰もが雪のことなどに思いが及ばないのが普通でしょう。そんな状況で先日（3月19日）のような“思わぬ降雪”に遭遇すると、ちょっとやっかい事になるのです。

　今回も数センチの圧雪路とは言え、標高の高い観光地などでは夏タイヤのまま走行していたクルマがスピンしたり、坂道で登れなくなったりと、交通障害の原因になっていました。何度となく申し上げていますが、そうしたドライバーのほとんどは「公安委員会遵守事項違反」となり、本来は「滑っちゃいました」などと笑っている場合ではないのです。当然ですが、冬タイヤや滑り止め未装着が原因で人身事故などを引き起こせば、社会的な責任はより重大になります。

　一方で、桜の季節ともなれば誰も雪道走行などのことを考える人はいないと思います。その気持ちは理解できるのですが、私は少なくとも4月の半ばぐらいまでは降雪の可能性に備え、スタッドレスを履き替えません。仕事柄、高原地帯を走ることもありますし、北国にも向かいます。まだまだ気温が0度前後から一ケタ台になることも多いので油断禁物だからです。これは関東地方を中心に考えての話しですが、さらに東北地方や北海道となれば4月いっぱいからゴールデンウイークぐらいまでは冬用タイヤに助けられることも十分にあり得るのです。

　もちろんごくごく一般的な人たちに、そこまで求めるのは酷かもしれません。多くの人にとって桜前線の話題が出る頃ともなれば「夏タイヤへの衣替え」も致し方ないと思います。そんなときにこそ、お勧めするのはタイヤチェーンなどの滑り止めを携行することです。

　ただ、金属製だけでなくプラスチックやゴム製の滑り止めはどうしてかさばり、重量もあります。さらにイザとなったとき、慣れていないと装着にもかなり手間がかかり、それを考えただけでもストレスになります。今回の降雪報道の中には急遽チェーンを購入したものの「装着に40分かかった」という人までいました。こうした面倒があるために「少しぐらいなら夏タイヤのままで走っちゃえ」と考えるのでしょう。ところがそうした気持ちの隙が災いし、アクシデントを引き起こした例はけっこうあるのです。

　その点、布製チェーンなら、携行しやすいうえに装着も楽。たとえば「ISSEスノーソックス・スーパー・タイプ1（以下、スノーソックス）」の場合は、縦40センチ、横25センチ、厚さ8センチのソフトケースの中にポリエステル素材の布製チェーン（1枚当たり重量約500g）が2枚入っているだけ。トランクに備えておいてもそれほど邪魔にはなりません。この携行性の良さに加え、メーカーによれば「装着に3分」という装着の楽さが、チェーン装着のハードルを下げてくれる点はやはり嬉しいはずです。
春でも布製滑り止めの有用性を考えたい
実際に2枚（車1台分、駆動輪2輪に装着）の装着時間を計測してみると、さすがに3分は無理でした。あくまでも個人的に計測した時間ですが、駆動輪2輪への装着に要した時間は約6分でした。実のところタイヤに被せるにはコツや力が必要な場面があります。また輸入車に多いのですがタイヤとフェンダーの隙間が狭いクルマでは、タイヤの奥まで手を差し込んで作業するときに苦労したり、力も必要だったりするのでそれなりに時間がかかります。まぁ、それでも5～6分程度で装着できるのですから、面倒くさいという感覚はありません。また、外すときには2輪で3分少々でした。

　外した後はチェーン自体が汚れていたり、水を含んでいますから、そのままソフトケースに戻すのは避けたいところ。室内や荷室を汚さないために事前にビニール袋などを準備しておくと重宝します。そして自宅に戻ったところで、水洗いし、乾燥させてから折りたたみ、ソフトケースに入れて保管します。サビとも無縁ですから管理はとても楽です。

　さて春の雪のようなシャーベット路面で使用してみたのですが乗り心地はチェーン装着とは思えないほど快適です。とくに圧雪路面が切れ、アスファルトが顔を出しているような路面でも、その走りはスムーズで静か。

　しかし、ここで調子に乗って速度を上げてはいけません。スノーソックスなどの布製滑り止めの多くは「制限速度40km」としているものが多いのです。確かにそれ以上の速度域になると遠心力でタイヤの外側に布が膨らみ、フェンダーの内側に擦れるような音や振動を感じることもあります。さらにシャーベット状の雪がソックスの中に入り込み、ダマになったりすることがあるのです。滑りやすい路面での無理は滑り止めを装着していても禁物ですから、スロー＆ステディが基本です。

　さて、平地部分ではこれから「夏日予報」まで出ている状況になっていて、なぜ“冬の滑り止め”について改めてレポートしているのか、という疑問もあるかもしれません。　

　一般的に“上空1500m付近の温度が－6度以下（高い山は0度以下）で、かつ地上付近の温度が3度以下”になると、雪が降ると言われています。最近では上空の寒気の気温情報も比較的手軽に得られるため、積雪の可能性についての判断材料になります。桜が咲き出したとは言え、「上空の寒気」に注目してみると「これから出掛ける場所の降雪の可能性」なども理解できると思います。

　東日本以北の観光地や標高の高いスキー場など観光地に向かって夜間ドライブとなれば、凍結路などの可能性もまだ捨てきれません。わずか数キロでもそうした緊急的な路面状況に対応できる「布製滑り止め」を携行しているだけで、気分的に楽になるのです。個人的には今年初めにダンロップのオールシーズンタイヤ「シンクロウェザー」を装着し、いざというときのために「ISSEスノーソックス」を備えるという組み合わせにしてから、これまで以上に対応力が向上し、さらに心強さも感じています。せっかくの春気分の中で「冬の滑り止めのことなどは考えたくない」という気持ちも理解できます。それでもかさばらず、錆びたり腐ったりもしない布製滑り止めを、来シーズンの雪道対策として準備し、暖かなうちに装着練習をしておくというのも悪くないと思います。
【プロフィール】
佐藤篤司（さとう・あつし）／男性週刊誌、男性週刊誌、ライフスタイル誌、夕刊紙など一般誌を中心に、2輪から4輪まで“いかに乗り物のある生活を楽しむか”をテーマに、多くの情報を発信・提案を行う自動車ライター。著書「クルマ界歴史の証人」（講談社刊）。日本自動車ジャーナリスト協会（AJAJ）会員。",[],[]
【財務省解体論】元内閣官房参与・藤井聡氏が指摘　主税局と国税庁を分離して「歳入庁」を創設することで、繰り返される増税を阻止できる（マネーポストWEB）,https://news.yahoo.co.jp/articles/12ceb0802d7ca7436957f4b77222752eba31a5c8,https://newsatcl-pctr.c.yimg.jp/t/amd-img/20250323-00000001-moneypost-000-1-view.jpg?exp=10800,2025-03-23T07:15:00+09:00,2025-03-23T07:15:00+09:00,マネーポストWEB,moneypost,マネーポストWEB,1852,"元内閣官房参与・藤井聡氏が考える「財務省解体論」とは（時事通信フォト）
本誌・週刊ポスト前号（2025年3月10日発売号）で特集した“財務省解体”を求める声がさらに高まっている。橋本龍太郎内閣が進めた中央省庁再編（橋本行革）では、大蔵省から金融監督庁（現在の金融庁）を分離する「財政と金融の分離」が進められ、大蔵省は「財務省」に“格下げ”された。いわば「第一の解体」だったが、その後、財務省は完全に復権。金融庁長官、内閣府事務次官、環境省事務次官など各省庁のトップに財務官僚を送り込み、霞が関に“植民地”を広げている。そして政治を支配し、国民に負担増を強いている。「今こそ第二の解体が必要ではないか」──元内閣官房参与、藤井聡氏がその方法論を解説する。
「歳入庁」の創設で“景気より増税”を阻止せよ
「財務省解体」といっても、解体してなくしてしまうというわけではありません。「歳入庁」の創設というのが有力な方法として挙げられています。

　財務省は今、税金を取る「歳入予算」の部門と、「支出予算」を決める部門という2つの権力を持っている。この二大権力を同時に持っていると、たとえば防衛増税のように特定の予算を増やすことと、そのための増税を1つの役所で決めることができるわけです。

　これらを分離することで、財務省の税制や財政が大きく健全化するのではないかと期待されます。

　海外では、特定の省庁が強力な政治権限を持つことを回避する仕組みがちゃんとあります。

　米国や英国は徴税権と予算編成権を持つ組織を分けているし、イタリアやフランスのように1つの官庁が担当している国もありますが、その場合も財政当局には「経済成長させる」という義務を負わせるのが一般的です。
この義務があるから景気を無視して増税したり、歳出カットに走ったりすることなく、経済成長のための減税や財政支出拡大が実行できるのです。

　ところが、日本の財務省は「経済成長の義務」を負わされていない。日本の縦割り行政のなかで、経済成長のプランづくりを担うのは内閣府の経済統括官（旧・経済企画庁）ということになっています。財務省が負う事実上の責務は、「財政収支の改善」だけです。そのため、財務省は財政均衡を大義名分に「とにかく増税、とにかく予算カット」を進めてきた。

　安倍政権時代の消費税率引き上げの前、私は「景気が悪化するからやめるべきだ」と主張したが、財務省が強行させた。案の定、増税後に経済は減速したが、財務省は増税や予算カットで経済が低迷してもその責任を負わなくていいから、増税を繰り返すわけです。

　だからこそ、財務省に2つの権力を持たせ続けてはならない。そのために財務省から税制の企画立案を担当する主税局と、国税庁を完全分離して「歳入庁」として独立させる。そこに厚労省の日本年金機構や全国健康保険協会を統合し、税金と社会保険料の徴収を一括して行なう組織にする。

　その際に見落とせないのは自民党税制調査会の役割です。歳入庁を独立させても、徴税権、税務査察権を手放したくない財務省は財務官僚OBが多い税調を通じて歳入庁を実質的にコントロールしようとしてくるでしょう。それなら、税調も財務省から切り離して歳入庁に事務局を行なわせる。税と予算編成権を完全に切り離す。

　戦前の日本には「内務省」という強大な官庁がありましたが、戦後、GHQに解体され、建設省（現・国土交通省）、警察庁、旧自治省などに分離されました。1つの役所だった時代は強かったが、現在は国交省と警察庁が手を組んではいない。組織は自動的に動いていくものだから、財務省の組織から歳入部門を切り離すだけで大きな改革になる可能性があるわけです。

【プロフィール】
藤井聡（ふじい・さとし）／1968年、奈良県生まれ。元内閣官房参与。京都大学工学部卒、同大学院修了。京都大学大学院工学研究科教授。2012年から2018年まで安倍内閣内閣官房参与。『表現者クライテリオン』編集長。

　＊　＊　＊
　マネーポストWEBの関連記事《【“減税つぶし”の手口を暴く】政府物価統計では23年前と比べて「冷蔵庫は10分1」「ノートPCは47分1」に値下がり！？　財務省が都合よく利用した“物価を低く見せるトリック”》では、「年収の壁」引き上げ議論で財務省が減税潰しに利用した「物価を低く見せるトリック」のカラクリを詳報している。

※週刊ポスト2025年3月28日・4月4日号",[],[]
