headline,mainEntityOfPage,image,datePublished,dateModified,author,media_en,media_jp,str_count,body,images,external_links
「取り損ねたのが見えて、渡さなきゃって」マラソン“あの給水アクシデント”を救った加世田梨花が明かす本音…レース後にあふれた“涙の理由”（Number Web）,https://news.yahoo.co.jp/articles/bba8e231be663491d11a5720cdecbd6726650efb,https://newsatcl-pctr.c.yimg.jp/t/amd-img/20240616-00861863-number-000-1-view.jpg?exp=10800,2024-06-16T11:02:20+09:00,2024-06-16T11:02:20+09:00,Number Web,number,Number Web,2436,\nパリ五輪の枠が決まる3月の名古屋ウィメンズマラソンにて、鈴木亜由子に給水ボトルを手渡し話題を集めた加世田梨花 photograph by L)TakuyaSugiyama、R)JIJI PRESS\n今年3月、パリオリンピック出場枠を争う“最後の舞台”となった名古屋ウィメンズマラソンで、ひとりのランナーが注目を集めた。加世田梨花(25歳)はなぜ、五輪を目指すライバルに手を差し伸べたのか。インタビューで加世田本人が打ち明けた本音とは――？ 《NumberWebインタビュー/全3回の初回》\n【写真】「本当に素晴らしい！」SNSで反響を呼んだ“給水ボトル手渡し”実際の写真。女子マラソン・加世田梨花（25歳）の人柄が伝わる名場面写真に、Numberフォトグラファーが撮り下ろした特別フォト。この記事の写真を見る。\n困っている人を見かけたら、放ってはおけないタイプなのだろうか。\n\n そう問いかけると、加世田梨花は少し困ったような笑みを浮かべた。\n\n「どうですかね。あまりそういうシチュエーションになったことがないので……。でも、あの時は自然とそうなったというか、気づいたら給水を手渡してました」\n\n 彼女の人間性に注目が集まったのが、今年3月に開催された名古屋ウィメンズマラソンでのひとこまだった。\n\n オリンピックを目指す最大のライバルに、惜しげもなく力水を手渡す。給水時の心温まるシーンを覚えている人もいるだろう。詳細を振り返れば、こんな場面だった。\nパリ五輪“最後の一枠”を争う大会でのアクシデントだった\nレースはパリオリンピックの女子マラソン日本代表を決める最後の一枠の選考を兼ねていた。優勝候補の一人が、昨年の世界陸上に日本代表として出場した加世田で、実績などから鈴木亜由子(JP日本郵政グループ)と安藤友香(ワコール)を含む三つ巴の争いになることが予想されていた。\n\n アクシデントが起きたのは、10kmの給水ポイントである。\n\n 加世田の前を走る鈴木がスペシャルドリンクを取り損ねる。続くゼネラルの給水にも2度失敗し、大事な水分補給ができなかった。\n\n テレビ画面越しに見ても、鈴木はあきらかに落胆したように見えたが、そこに手を差し伸べたのが加世田である。わずかにスピードを上げて横に並びかけると、ためらうことなく自らの給水ボトルを差し出したのだ。\n加世田が明かす当時の心境「自然と渡さなきゃって」\nこの姿を見たテレビ解説者の有森裕子さんは「本当に素晴らしい」とスポーツマンシップを絶賛。ゲストの高橋尚子さんも「最後の一人を狙う厳しいところで、渡すこともそうなんですけど、なにより鈴木亜由子さんが取れていないことをしっかりと見えている。その視界の広さと落ち着き感が非常に良いと思います」とレース巧者ぶりに賛辞を送った。\n\n だが、加世田にとっては、取りたてて逡巡するようなことではなかったようだ。\n\n「ちょうど亜由子さんとスペシャルドリンクのテーブルが同じで、私が後ろのポジションだったこともあって、取り損ねたのは見えていたんです。自分はスペシャルドリンクも、その後のゼネラルも両方取れたんですけど、亜由子さんはゼネラルも取れなかったみたいで……。じつは私も過去に何度か給水で失敗したことがあるんですけど、給水が取れないとけっこうメンタル的にきつくなるんですね。だから、自然と渡さなきゃって」\n「一緒に頑張ろう、という気持ちがあった」\nそのとき思い返していたのは、世界陸上に出場した際のことだった。8月のブダペストは暑く、レースは集団で進んだ。中ほどに位置していた加世田は給水が取れなかったが、その時に手を差し伸べてくれたのがダイハツの先輩である松田瑞生だった。選手は勝ち負けを競うライバルだが、共にマラソンに挑む仲間でもある。先輩にはそう教わった、と加世田は考えている。\n\n「あの時、私は脱水症状気味で、水を飲むことさえなんか気持ち悪い状態でした。せっかく渡してくれたのに、『大丈夫です』って断ってしまったんです。今でもそれはいじられるんですけど(笑)、取れなかった仲間がいたら自然と渡すもの。私もそうあるべきだと思っていて。だから名古屋の時も、一緒に頑張ろうという気持ちはあったと思います」\n\n レースは後半、加世田と安藤が日本人の先頭を争う状況に。しかし、33km過ぎに安藤がスパートすると、加世田はそれについていけなかった。終盤になると鈴木にもかわされ、結果は4位。パリ五輪の女子マラソン日本代表3人目は、優勝した安藤もタイムで及ばず、1月の大阪国際女子で日本記録を更新した前田穂南(天満屋)に決まった。\nレース後にあふれた“涙の理由”\n目標だったオリンピックには届かなかったが、レース自体に悔いはない、と加世田は話す。\n\n「マラソンは4回目だったんですけど、今までで一番不安要素がなく迎えられた大会で、自分の力は出し切れたと思ってます。その上でまだまだ力が足りなかった。悔しいけどやりきったという気持ちで今はいますね」\n\n ゴールした瞬間、両手で顔を覆い、あふれでる涙を拭ったようにも見えたが、悔しさだけではなかったという。\n\n「マラソンってなんか、ゴールしたら一度自分を認めてあげたくなるんです。日本記録を狙ったハイペースの中で、あの長さを最後まで走りきった。最後はぜんぜん体が動いていなかったけど、ゴールまでたどり着けた。長い時間準備して、プレッシャーもある中で、厳しい練習はやってこられたので。課題も見えたけど、伸びしろも感じられた。そういう色んな感情があふれた涙でした」\n\n オリンピック――。加世田が世界を意識するようになったのはいつ頃からだろうか。《インタビュー第2回に続く》\n\n(撮影=杉山拓也)\n（「オリンピックPRESS」小堀隆司 = 文）,['https://newsatcl-pctr.c.yimg.jp/t/amd-img/20240616-00861863-number-000-1-view.jpg?exp=10800'],"['https://news.yahoo.co.jp/articles/bba8e231be663491d11a5720cdecbd6726650efb/images/000', 'https://number.bunshun.jp/articles/photo/861863?pn=9&utm_source=news.yahoo.co.jp&utm_medium=referral&utm_campaign=partnerLink']"
「マユは相当、気合い入ってた」石川真佑から伝わった“怒り”の感情…不完全燃焼カナダ戦の鬱憤晴らした豪快スパイク〈女子バレー五輪決定秘話〉（Number Web）,https://news.yahoo.co.jp/articles/ff0e44df4e9229a076fb291a405373f103afddbb,https://newsatcl-pctr.c.yimg.jp/t/amd-img/20240616-00861957-number-000-2-view.png?fmt=jpeg&q=85&exp=10800,2024-06-16T17:02:22+09:00,2024-06-16T17:11:45+09:00,Number Web,number,Number Web,2905,\nセルビア戦でチーム最多得点を上げた石川真佑（24歳） photograph by Volleyball World\nパリ五輪行きを決めた翌日。相手はベストメンバーが出ていないとはいえ、東京五輪で銅メダルを獲得しているセルビア。勝つか負けるかで世界ランキングの順位にも影響する。\n【画像】「成徳スーパー1年生の石川真佑」←黒後先輩と2ショット今見るとエモい…！『ジェラートぱくぱくマユ』『紗理那キャプのパキパキ腹筋』『TBS新夕アナに笑顔でアイコンタクト』などTVでは映らない女子バレー魅力満載ショットを見る（100枚超）\nポイントは、ここまでチームとして課題としてきた立ち上がり。セルビアに先取点を許した後、日本はどうやって1点を獲るのか。\n\n 決めたのは、石川真佑だった。\n\n 前衛レフトからクロスに叩きつけたスパイク。力の乗り具合もスピードも抜群で、決めた直後のハイタッチも最上段のスタンドにいても聞こえるのではないかと思うほど、バチーン、と力強い。\n\n「自分がしっかり決めきろう、という思いでした。気合も入っていました」\n\n 溢れる喜びと同時に、別の感情も伝わって来た。怒りだ。\nカナダ戦、交代を命じられた\n前々日の6月13日、勝てばパリ五輪出場が決定したカナダ戦。スターティングメンバーとして出場した石川は、序盤から気持ちよくスパイクを叩きこんでいた。しかし、サーブの受数が増え、得意なコースには相手のブロックとレシーブが揃っていた。ブロックを利用しようと試みるスパイクがわずかにアウトとなるシーンが続き、第2セット終盤に交代を命じられた。\n\n 第3セットが始まる段階で石川自身は「戻る準備はできていた」と振り返ったが、攻撃面で高い貢献度を見せた井上愛里沙がそのままコートに残り、得点を重ねる。\n\n この日、石川が再びコートに立つ機会は最後まで訪れなかった。\n\n 試合もカナダに3セットを取り返され、逆転負け。テレビカメラや多くの記者に囲まれたミックスゾーンで石川は言葉少なだった。\n\n 挽回のチャンスが訪れぬまま敗れた試合から1日。その間にパリ五輪出場が決まった。\n\n ずっと目標に掲げてきたパリ五輪出場というミッションを達成したのだから、「嬉しい」のピースがもう1つ増えたはず。でも、前述の一本は怒りや悔しさが上回っているように見えた。セルビア戦のミックスゾーンで「怒りの一打？」と尋ねると、石川はニヤリと笑う。\n\n「悔しさはありました。でも、それだけじゃなく、(スパイクは)全体的によかったし、ただ打ち切るだけでなく、ブロックを利用して決めることもできた。そういう部分が出せたのはよかったです」\n\n 悔しいと感じた理由は、交代を命じられたことや試合に敗れたことだけではない。ネーションズリーグを通じて「自信」が芽生えていたからだ。\n古賀紗理那に次ぐ143得点\nカナダ戦を終えた段階で、今大会で叩き出した総得点は日本勢では古賀紗理那の196得点(全体4位)に次ぐ、143得点(全体9位)。セッター岩崎こよみの高い位置からのセットによって石川が求める高さが活かされたことも大きいが、「そのためにイタリアに行った」と断言するように、フィレンツェでプレーした昨シーズンの経験が大きい。\n\n「東京オリンピックが終わった後、このままじゃ世界では勝負できないと思ってイタリアに行くことを決めました。高いブロックに対してどう攻撃するか。ただ行くだけじゃなく、試合に出ないと意味がないと思ってクラブも決めて、試合に出続けることもできた。飛び込んだらやるだけなんですけど、思っていたよりも自分がやれるんだ、と感じられたのは、1つ自信にはなりました」\n\n プロ選手が世界各国から揃うイタリアリーグでは、チームが勝つためだけでなく、個々の評価を得るためにそれぞれが「もっとこうしたい」「こうしてほしい」と主張する。日本にいる頃は、「こんなトスが欲しい」と求めるよりも、どちらかといえば受け身だった石川にとって、慣れるまでは当然、少なくないストレスがかかった。\n\n「たとえば私はブロックを利用して得点を獲りたいと思うけれど、この状況は厳しい、と思ったらリバウンドがほしい。でもチームメイトやスタッフは『いやいやブロックアウトでしょ』と。もちろんトライすることは必要ですけど、そこでチャレンジして結果的にミスを出せば『ミスを減らそう』と言われる。じゃあ何？ どうすればいいの？ って(笑)。\n\n 日本だったらそこまでズバズバ、しかも毎回言うことってないじゃないですか。でもイタリアではそれが普通。自分も主張するようになったし、細かく考えすぎずに、何とかなるだろう、ぐらいの開き直りも生まれた。変に気にしすぎなくていいや、と思えるようになったし、余裕もできた。狭い視野だったのが、少し、広がりました」\nオシャレもプレーも進化した石川真佑\nイタリアリーグから帰国後、髪色は少し明るくなった。両耳にはピアス、指先にはジェルネイル。日本では制限があったオシャレも、プレーに支障がないなら問題ないと楽しむようになった。振る舞いもどこか堂々としており、今年1月に石川県で行われた復興支援の紅白戦とバレーボール教室の場でも、眞鍋政義監督に挨拶をうながされると「チャオ！」と笑わせる余裕を見せた。\n\n もちろん、バレーボールではより顕著だ。ネーションズリーグではサーブを受け、パスしてから攻撃に入る回数が増えたが、自分にボールが集まることも苦にしない。トスに関しても「もっと(自分が)打ちたい場所に“山”がほしい」と要求するようになった成果を、随所で発揮してきた。\n\n カナダ戦では個人に目を向ければ攻撃に課題を残したが、チームとして見ればサーブでの失点も目立った。その解消に努めるべく、石川らと一緒にポジションの確認をしたと話すのはリベロの小島満菜美だ。\n\n「サーブレシーブでそれぞれどこまで行くかという連携の話をしました。真佑も積極的に意見を言うし、(岩崎)こよみさんとはコンビネーションの話もしていた。セルビア戦に向けては、相当、気合入っていたと思います」\n\n 小島の言葉通り、石川は第1セットの1点目から力強いスパイクを決めた。ラリーを締めるインナーに叩きつけるスパイクやノータッチのサービスエース。終わってみれば、スパイクで15点、サーブで2点、計17得点は両チーム最多の数字だった。\n\n「個人としては悔しさもあった分、今日出し切ろうと思って準備をしたので、それが結果に出せたのはよかったです。でも、上位のチームに対してまだまだ自分が点を獲らないといけない場面があるので、もっともっと、自分自身を上げて行きたいです」\n\n 福岡ラウンド最終日のアメリカ戦、そして、その先にあるパリ五輪で強くなった自分を見せる。欲しいトスを呼び、すべて力の限り叩きつける準備も覚悟も揃っている。\n（「バレーボールPRESS」田中夕子 = 文）,['https://newsatcl-pctr.c.yimg.jp/t/amd-img/20240616-00861957-number-000-2-view.png?pri=l&w=640&h=480&fmt=jpeg&q=85&exp=10800'],"['https://news.yahoo.co.jp/articles/ff0e44df4e9229a076fb291a405373f103afddbb/images/000', 'https://number.bunshun.jp/articles/photo/861957?pn=6&utm_source=news.yahoo.co.jp&utm_medium=referral&utm_campaign=partnerLink']"
「増田明美2世」と呼ばれた女子マラソンエリートの葛藤「負けるのが嫌で、練習が怖くなって…」名城大で加世田梨花が“嫉妬した”2人の選手（Number Web）,https://news.yahoo.co.jp/articles/0599d7c8dfd7d0c5960f0e4b3a1c2f8c9ab9c215,https://newsatcl-pctr.c.yimg.jp/t/amd-img/20240616-00861864-number-000-1-view.jpg?exp=10800,2024-06-16T11:02:24+09:00,2024-06-16T11:02:24+09:00,Number Web,number,Number Web,2793,\nブダペスト世界陸上日本代表など、女子マラソンのトップ戦線で挑戦を続ける加世田梨花 photograph by L)AFLO、R)Takuya Sugiyama\nパリ五輪出場をあと一歩のところで逃した女子マラソンの加世田梨花(25歳)。成田高校から名城大学、そしてダイハツへと進み、「増田明美2世」とも言われた“陸上エリート”の加世田だが、他人に嫉妬し、葛藤した過去があった。《NumberWebインタビュー全3回の2回目》\n【写真】「本当に素晴らしい！」SNSで反響を呼んだ“給水ボトル手渡し”実際の写真。女子マラソン・加世田梨花（25歳）の人柄が伝わる名場面写真に、Numberフォトグラファーが撮り下ろした特別フォト。この記事の写真を見る。\n陸上を始めたのは中学生のころ。足が速いことを褒められたのがきっかけだった。\n\n それまではバスケットをやっていたが、背が低いこともありなかなか試合では使ってもらえなかった。ただし、走ることは得意で、校内のマラソン大会で優勝したこともある。「やっぱり褒めてほしいので」という理由で、中学では陸上部に入った。\n\n しかし、女子校で部員数も少なく、指導者も専門の知識を持ち合わせていなかった。先輩が残していったメニューに自分でアレンジを加え、練習はほぼ単独で行っていたという。\n\n それでも県大会の1500mで決勝に残り、入賞するまでになると、こんな欲が出てきた。もっと強い学校で陸上を続けたい。仲間たちと一緒に切磋琢磨したい。高校は陸上の名門である千葉の成田高に進学。才能はそこで開花した。\n「強くなりたい」加世田が決意した日\n高1まではケガが多くて思うような結果を残せなかったが、2年生になると高校総体の3000mで5位入賞。アジアクロカンの日本代表に選ばれ、中東バーレーンで初の海外レースに挑んだ。さらにU20の世界選手権(ポーランド)にも出場。5000mにエントリーし、8位入賞を果たしている。\n\n 加世田はその頃から強く世界を意識するようになったと話す。\n\n「私、高2で初めてインターハイに出て、自分でもびっくりしたんですけど決勝に進んで5位に入賞したんです。でも、促されるままインタビューエリアに行ったら、記者の方が誰も私に声をかけてくれなくて……。それがすごく悔しかったんですね。\n\n アジアクロカンの時は、周りを見たら遠藤日向くん(学法石川高)とか、のんちゃん(田中希実・西脇工高)とか顔も名前も知っている選手ばかりで、コミュニケーションが取れたのがすごく楽しかった。私もこういう人たちと肩を並べられるようになりたいって思ったし、強くなりたいモチベーションがそこで一段上がりました」\n\n 悔しさと喜びを糧に、高校生活を陸上に捧げた。家から学校までが遠く、朝練に出るためには6時過ぎの電車に乗らなければならなかったが、3年間早起きの生活を繰り返した。\n「『増田2世』は恐れ多かったですけど…」\n実績が伴ってくると、やがて「増田2世」と呼ばれるようになる。ロサンゼルスオリンピックの日本代表で、現在は解説者としてお馴染みの増田明美さんは同校の先輩だ。ガッツある走りが増田さんを彷彿とさせ、走りがマラソン向きと言われることも多かった。\n\n この頃からすでに本人も、漠然とだが将来はマラソンをやりたいと思うようになっていた。\n\n「逆に私で良いんですかって思うくらい、『増田2世』と呼ばれることは恐れ多かったですけどね。でも、ざっくりと将来は増田さんみたいに実業団へ進んでマラソンをやるんだって。正直、頑張るのは実業団へ行ってからで、大学で燃え尽きることだけは絶対に避けようって思ってました」\n\n 高校卒業時、多くの大学や実業団から入部の誘いを受けたが、その中から土地勘のない愛知の名城大を選んだ。その理由が振るっている。\n\n「まだ実業団でやるには自分が未熟だとわかっていたので、強い大学で駅伝を勝ちたいなって。それで当時一番強かった『立命館が気になってます』って話を松澤(誠)先生(高校の顧問)にしたんです。そしたら、『すでに日本一の大学に行ってもつまらんだろう。どうせならお前が行って強くしろ。その方が楽しいぞ』って。それで、確かに！ って思ったんですね(笑)」\n大学時代に“嫉妬した”2人の選手「練習が怖くなったことも」\n名城大ではルーキーイヤーからトラックや駅伝で活躍。全日本大学女子駅伝では1年生ながらエース区間の5区を任され、区間記録を持つ立命大の選手を抜いて首位に順位を押し上げた。区間2位ながら、有言実行の走りでチームを12年振りの優勝に導く。\n\n 加世田が在学中に、名城大は同駅伝を4連覇。まさにチームを常勝軍団へと導いた主役の一人だった。\n\n だが、こうした活躍のかげで、人知れず悩んだ時期もあったようだ。大学時代の挫折体験についてこう打ち明ける。\n\n「周りからしたら順風満帆に思われていたかもしれないですけど、いま思うと意識が低かったです。とくに2年生の時に強い後輩、高松智美(ムセンビ)だったり、和田有菜が入ってきて、二人の強さに嫉妬したんですね。練習では当たり前のように最後ちぎられるし、今まで一人勝ちみたいにやっていたのが、そうじゃなくなったときにすごく動揺してしまって。負けるのが嫌だから、練習するのが怖くなったこともありました」\n\n もしケガをしたら、この状況から逃げられるかもしれない。そんな思いでいたら、本当に足を疲労骨折してしまった。ストレスから体重も増加し、メンタルもひどく落ち込んだ。\n常勝軍団のキャプテンとして\n立ち直るきっかけになったのが、くしくもその休養期間だった。\n\n「いつも二人は楽しそうに練習していて、こっちは一生懸命やっているのに勝てない。でも、外側から眺めたら、二人がちゃんと努力しているところがよく見えたんです。明るく、みんなに分け隔てなく接して、一緒に強くなろうとしているんだなって。私は自分のことだけを考えて卑屈になって、周りがよく見えていなかった。それはケガをしているときにすごく思って。なんで今、千葉から遠く離れて名古屋で寮生活をしているのか。一度初心に戻って考えるようにしたんです」\n\n 大学には結果だけを求めてきたのではない。仲間と切磋琢磨し合う環境で人間力を高め、実業団で飛躍するための土台作りをするつもりだった。\n\n そう気づいて自分を変える努力をしたからこそ、4年時にはキャプテンを任され、コロナ禍で大変な時期にうまくチームをまとめあげることができたのだろう。《インタビュー第3回に続く》\n\n(撮影=杉山拓也)\n（「オリンピックPRESS」小堀隆司 = 文）,['https://newsatcl-pctr.c.yimg.jp/t/amd-img/20240616-00861864-number-000-1-view.jpg?exp=10800'],"['https://news.yahoo.co.jp/articles/0599d7c8dfd7d0c5960f0e4b3a1c2f8c9ab9c215/images/000', 'https://number.bunshun.jp/articles/photo/861863?pn=9&utm_source=news.yahoo.co.jp&utm_medium=referral&utm_campaign=partnerLink']"
話題を集めた給水補助、パリ五輪落選後の未来「東京の世界陸上を狙っていけたら」 女子マラソン・加世田梨花（25歳）が自然体で続ける成長（Number Web）,https://news.yahoo.co.jp/articles/a90dff3519ac42e406358b6520a97271810c1dca,https://newsatcl-pctr.c.yimg.jp/t/amd-img/20240616-00861865-number-000-1-view.jpg?exp=10800,2024-06-16T11:06:31+09:00,2024-06-16T11:06:31+09:00,Number Web,number,Number Web,2695,\nパリ五輪をあと一歩のところで逃した加世田梨花。その目線は、すでに未来を見据えていた photograph by Takuya Sugiyama\nパリ五輪の出場をあと一歩のところで逃した女子マラソンの加世田梨花(25歳)。名門・名城大をキャプテンとして引っ張り、ダイハツでマラソンと出会った彼女にも、トップランナーになるまでの紆余曲折があった。五輪選考レースを終えた加世田を訪ね、現在の思いを聞いた。《NumberWebインタビュー/全3回の最終回》\n【写真】「本当に素晴らしい！」SNSで反響を呼んだ“給水ボトル手渡し”実際の写真。女子マラソン・加世田梨花（25歳）の人柄が伝わる名場面写真に、Numberフォトグラファーが撮り下ろした特別フォト。この記事の写真を見る。\n名城大学で世代トップクラスに成長すると、自らの希望でダイハツへの入社を叶えた。数多くの勧誘を振り切って、あえて勧誘を受けなかったチームに入部を希望したのはこんな理由からだという。\n\n「一つは、大学の頃からずっと憧れていた細田あいさん(現在はエディオン)がいたから。それとやっぱりマラソンが強い。実業団でマラソンをやりたいなって思ったときに、思い浮かんだチームがダイハツで、練習を見学したらすごく雰囲気が良かったんです。あとは親戚の前田彩里さんがいたことも大きかったですね」\n\n 満を持して、実業団チームに加入。だが、入社半年後には、早くも辞表を出そうかというくらいに追い込まれた。\n実業団入り前に体重が“7kg増加”\nその原因は、卒業を間近に控えた大学4年時にさかのぼる。すべての競技日程を終えたことで気が緩んだのか、走ることをやめて食べたいものを食べたいだけ食べた。すると、体重が7kgも増えていた。\n\n「けっこう太って入ったこともあって、前半は頑張ったんですけど、夏にぜんぜん走れなくなったんです。それで大学の恩師にも辞めたいって伝えたり……。でも、いま振り返ったら、うまくいかないのは周りの環境のせいとか、練習が合わないとか、自分が頑張れていないのを見ようとしていなかった。私、けっこう定期的にメンタルが弱くなるんですけど、この時もまさにそうでした」\n\n 秋の駅伝シーズンに入っても結果を残せずどん底にいた頃、コーチからある打診を受ける。\n\n「マラソンを走ってみないか」\n\n 気持ちをリセットしたかった加世田にとって、渡りに船と言えるひと言だった。\n「5000mなんてマラソンのたかが8分の1じゃないか」\n「最初は、今かって思いましたけどね。まだ1年目だし、練習もしたくないようなメンタルの時にすごいことを提案してくるなって。でも、コーチからしたら、ダメなときだからこそ一番キツいことに挑戦して、少しでも成長してほしかったと思うんです。そこで『ダメでも何か変わるきっかけをつかんでくれたら良いから』と言われて、最後にマラソンを1本走ってみるのも悪くないかなって。その頃はひねくれていたので、素直に応じたわけではなかったです(笑)」\n\n それでもいざマラソンのための練習を始めると、長い距離に自然と体がなじんでいった。未知の距離であった35km走や40km走の練習は、体が悲鳴を上げながらも新鮮な気持ちで走れたという。\n\n マラソン練習に取り組み始めてからわずか4カ月後、2022年3月の東京マラソンで加世田はマラソンデビューを果たす。\n\n アキレス腱を痛めた影響で足の状態は万全ではなかったが、自ら出場を志願し、2時間28分29秒のタイムで完走した。\n\n コーチが期待したように、このレースで何か変わるきっかけを掴めたのだろうか。\n\n「掴めましたね。やっぱりマラソンの練習って過去にないくらい走る距離がすごくて、でもそれをやったことで自信も得られた。シンプルにメンタルが鍛えられました。たとえば、今ならトラックの5000mなんてマラソンのたかが8分の1じゃないかって思える。もちろん走りの質は違うんですけど、キツくても走れるって思えるんです」\n「これまでの人生で一番悔しい4位」\n初マラソンから半年後、9月にベルリン・マラソンに挑戦すると、鈴木亜由子らを抑えて日本人トップに輝く。日本歴代10位(当時)に相当する2時間21分55秒の好タイムで7位入賞を果たした。\n\n その後は、脱水症状に見舞われた昨年の世界陸上(ブダペスト)こそ19位と苦しんだが、10月のMGC(マラソングランドチャンピオンシップ)は4位、今年の名古屋ウィメンズマラソンでも4位と、つねに安定した成績を残している。\n\n とくに世界陸上からわずかひと月半の準備期間で臨んだMGCでは、世界陸上参戦組が男子選手を含めて軒並み成績を落とす中、最終盤まで先頭争いを演じて存在感を示した。\n\n 本人もこう話すように、覚悟を決めたときの強さは本物だ。\n\n「よくMGC1本に絞ったらとは言われていたんですけど、世界陸上に挑戦すると決めた時点で、コンディションを言い訳にしないと覚悟を決めていたので。だからなおさら、MGCの4位は悔しかったです。間違いなく、これまでの人生で一番悔しい4位でしたし、ちゃんとそういう勝負所で勝ちきれる選手になりたいです」\n\n 健闘とは認めず、悔しさをあらわにする。そこが彼女の強さであり、今後の伸びしろなのだろう。\nパリ五輪を逃した先に、加世田が見据える未来\nパリオリンピックの夢が絶たれ、一時は落ち込んだと言うが、下を向いているヒマはない。来年には東京で世界陸上が開幕し、それが終わればまた4年に一度の大舞台ロサンゼルスオリンピックが待っている。\n\n 名古屋を走って以来、しばらくレースからは遠ざかったが、関西実業団陸上競技大会(5月31日～6月2日)で復帰を果たすと、5000mと10000mの両種目を制した。次の目標については「マラソンで東京の世界陸上を狙って行けたら」ときっぱり。勝負師の顔である。\n\n そこに向けての抱負を訊くと、こう言って朗らかに笑った。\n\n「なんか私、スイッチが入ったら、集中力と負けん気だけは人一倍強いので。メンタルが落ち込むことも多いんですけど、それを乗り越えて成長していけたらって思います」\n\n 今、25歳。あくまで自然体で、次の日本女子マラソン界を引っ張っていく。《インタビュー第1回、第2回も公開中です》\n\n(撮影=杉山拓也)\n（「オリンピックPRESS」小堀隆司 = 文）,['https://newsatcl-pctr.c.yimg.jp/t/amd-img/20240616-00861865-number-000-1-view.jpg?exp=10800'],"['https://news.yahoo.co.jp/articles/a90dff3519ac42e406358b6520a97271810c1dca/images/000', 'https://number.bunshun.jp/articles/photo/861863?pn=9&utm_source=news.yahoo.co.jp&utm_medium=referral&utm_campaign=partnerLink']"
結婚、右WB…堂安律が26歳に「リツがやってのけた！」ドイツ恩師も驚く“レバークーゼンだけじゃない”学び「内田さんと長友さんの場合は」（Number Web）,https://news.yahoo.co.jp/articles/c8f5692dd4f1a1629def1a00cb74517ce67d4319,https://newsatcl-pctr.c.yimg.jp/t/amd-img/20240616-00861953-number-000-2-view.jpg?exp=10800,2024-06-16T11:11:47+09:00,2024-06-16T11:22:06+09:00,Number Web,number,Number Web,4575,\n6月シリーズで新境地を見せた堂安律。26歳となった彼の貪欲さが現れたエピソードとは？ photograph by JFA/AFLO\n日本代表MF堂安律が6月16日、26歳の誕生日を迎えた。6月シリーズではミャンマー戦とシリア戦でゴールを奪い、2日にはSNSで自身の結婚を発表。さらには23-24シーズンのブンデスリーガでもドイツでのキャリアハイとなるシーズン7得点をマークした。ウイングバックという新境地も自らのものにしつつあるアタッカーの現在地を今一度、振り返ろう。\n【幸せ写真】「堂安と奥様が美しい笑顔…」結婚発表がめでたい！ヤンチャそうな16歳時からW杯ゴール後「街中でボール蹴り」の24歳時も…小学生の三笘が憲剛と手つなぎなど日本代表レア写真も全部見る\n森保一監督は4月のELレバークーゼンvsウェストハムをバイ・アレーナで視察して、改めてレバークーゼンの戦いに感銘を受けたという。攻撃的3バックの採用をオプションにしようと考えていたタイミングだったから、ビビッドに感じることがあったのだろう。\n\n 今回のW杯アジア2次予選ラスト2試合での3バック導入は、選手の戦術的な飢え、消化試合となりそうなところでのメンタル的な飢えを満たすため、そして何より、チームのレギュラー争いと選手層の厚みをうながすという効果があった。\n右WB堂安が決めたパーフェクトなゴール\nそんな活動における最大の勝者は、堂安律だ。\n\n ミャンマー戦ではセンターフォワードの後ろに構えるシャドーの位置で、シリア戦でも右のワイドに広がるウイングバックの位置で、しっかりとゴールを決めた。\n\n とりわけ、シリア戦で堂安が決めたゴールはパーフェクトだった。GK大迫敬介のゴールキックから始まり、町田浩樹、遠藤航、田中碧、中村敬斗、久保建英、堂安によるパス交換で、見事にハイプレスを突破してから決めた。あれは高い位置からプレスに来ていたシリアの心を完全に折るものだった。\n\n ただ、結果もさることながら――堂安が本当に評価されるべきは、その貪欲さである。\n\n 堂安は、レバークーゼンのウイングバックの動きを、日本代表でもっともつぶさに観察した選手かもしれない。レバークーゼンでは左ウイングバックのグリマルドが今季ブンデスで10ゴール13アシスト(リーグアシスト王)。右ウイングバックのフリンポンが9ゴール7アシストを記録した。シャビ・アロンソ監督のサッカーの生命線は、攻撃力に秀でた選手をウイングバックに配し、ゴールを取らせる形だ。\nレバークーゼンのWBから学んだこととは\n実は、堂安は3月のレバークーゼン戦では相手の左WBのグリマルドにマンツーマン気味でマークに付く仕事を任せられている(なおこの試合で、堂安はゴールを決めた)。\n\n 堂安は試合前にグリマルドの動きを研究していた。そこで何を感じていたのか問うと、よどみなく答えはじめた。\n\n「彼の得点能力については、見ながら勉強になったところはあります。特にウイングバックだけど、右からのクロスに対して中に入っていくタイミングはピカイチ。『それは(グリマルドの元に)ボールが転がってくるよね』という場所にいるんです。\n\n ミャンマー戦で決めたゴールも『ごっつぁんゴール』だとは言いましたけど、あそこにいることでゴールは生まれる。ウイングバックとして出るのなら、いるべきところにいることを意識したいなと思います」\n\n 最大のモチベーションはどん欲な向上心から来ているが、もう1つ、チーム事情もあった。所属するフライブルクが、今シーズンに入ってから3バックを採用することが増えたからだ。\n\n そこで、「ウイングバックで起用されたとしても違和感がないのでは？」とシリア戦の2日前に問うと、堂安は即答した。\n\n「フライブルクでは5バック(※守備時にウイングバックが下がった場合)とは思えないくらい、かなり高い位置をとっています。うちの監督はたぶんシーズン最後の方で、レバークーゼンみたいなサッカーをイメージしていたので。(自分は)ウイングバックとして点を取るイメージ・役割を託されていました。代表でもそのポジションを託されれば、おそらく、僕は守備的な要員ではない。得点やアシストを狙えるような役割を担っていきたいなと思います」\n\n その言葉通りに、右ウイングバックとして、シリア戦でゴールを決めたわけだ。\n「リツは自身のプレーを少し変えないといけなかった」\nそんな堂安の所属クラブでの仕事ぶりは、代表でどのように還元されたのか。\n\n フライブルクの基本フォーメーションは昨季、今季前半は4-2-3-1で、堂安は右サイドMFが主戦場だった。それがシーズン後半になると3-4-3を採用する機会が増えた。\n\n 以前であれば3バック採用時、堂安は右ウイングや右シャドーでプレーすることが多かった。しかし今シーズンは、右ウイングバックを任されることが基本となった。\n\n シュトライヒ監督は、堂安に求めることも変わったと明言している。\n\n「リツは自身のプレーを少し変えないといけなかった。ただ、彼にはそれが可能だということを私は知っていたのさ。リツはとても良いサッカー選手で、素晴らしい反転を活かしたすごい運動量がある。決して大きいわけではないが、パワーと素早さを兼ね備えているから」\nオマエのそういうところを直して、育てたい\nそもそも、シュトライヒ監督は堂安の得点力を誰よりも買っていた。\n\n 例えば、昨シーズンのレバークーゼン戦。ニアサイドで多くの選手がおとりになり、ファーサイドでフリーになった堂安が押し込む形を監督は指示。果たして、堂安は見事にゴールを決めた。\n\n フライブルクはここ何年もセットプレーからの得点数でリーグを独走してきた。そして、それほどの強さを誇った要因が、入念にデザインされたCKだ。とはいえ、堂安の身長は172cmとかなり小柄。身長の高さだけなら、堂安がCKの際にゴール前に入ることなどありえない。それでもシュトライヒ監督は身長ではなく、堂安の得点力を評価していた。だからこそ、意図してそのデザインを組んだのだった。\n\n それとともに――。\n\n 堂安がフライブルク加入を決める際の面談でシュトライヒ監督は「俺はオマエのそういうところ(※課題としている部分)を直して、育てたい」と伝えている。\nリツがやってのけたことだ！\n堂安自身には守備が苦手という意識はなかったが、堂安の持っているポテンシャルを考えれば、攻守両面でもっと成長できるという確信がシュトライヒ監督にはあったのだ。\n\n 加入2シ-ズン目の終盤となる今年4月。ダルムシュタット戦で、堂安は右ウイングバックでの守備のタスクをこなしたうえで、決勝点をマークした。高い基準のプレーぶりに、シュトライヒ監督が手放しで賞賛した。\n\n「リツはデュエルの部分でやり方を変えないといけなかった。素晴らしいのは(守備での負担が増えた役割を)彼がやってのけたことだ。興味深いのは、彼が守備における存在感を増していったのと同時に、得点も増やしていったことだよ」\n\n つまり、こういうことだ。\n\n 所属クラブでの1年間で、ヨーロッパサッカーのトレンドを吸収しつつ、監督から寄せられた期待のもと、堂安は自身のプレーをアップデートさせたのだ。\n堂安は“ザック時代の長友・内田”からも学ぼうと\nそれだけでも大いに意味がある。ただ、それで終わりではなかった。\n\n 彼はザッケローニ時代の日本代表からも、学んでいる。\n\n シーズンが終わり、代表活動に入ってからは、尊敬する長友佑都から学んだ。たとえば、2014年ブラジルW杯を目指すチームを指揮していたザッケローニ監督のもとでの3バックの取り組みについて。\n\n 長友はこう振り返っている。\n\n「『この監督のときには、こういう戦術があったよ』とか、そういう話は(普段から)細かくしています。今回も3バックを試しますけど、『ザッケローニの時はこういう感じでやっていた』よと」\n\n そこで興味深いのは、長友が満を持して当時のエピソードを堂安に説明したわけではなかったこと。長友はいつも通り、チームの成長を願ってコミュニケーションを取ったつもりだったという。\n\n 貪欲な堂安は、長友のアドバイスに対して熱心に耳を傾けたのち、こんな風に分析していた。\n\n「今までの5バックの考え方だと、(中央にいる)2シャドーが走ったことで空いたスペースにウイングバックが入っていないんです。ザッケローニ監督が3-4-3をやったときにも、内田(篤人)さんと長友さんの場合は、コントロールするために入っていかなかったみたいなので……」\n\n だからこそ、試合前から意識していた。\n\n「ウイングバックだったとしても、入るべきところに入ることを意識したいなと思います」\n\n そして、シリア戦でもゴールを決めたのだった。あれは、長友を通じてザッケローニが指揮を執った時代から学びを得たからことで生まれたゴールでもあるのだ。\n結婚、ウイングバック、26歳…すべてを飛躍の契機に\nそうやって日本代表の過去を大切にする堂安は、 “あるジンクス”を知りながら、五輪代表でも背番号10を嬉々として背負った選手だ。\n\n「五輪代表で10番を背負った者は、直後のW杯でメンバー入りすらできない」\n\n 2016年リオ五輪までそんなジンクスがあったが、それすらプレッシャーに変えた。そして、2021年の東京五輪で10番を背負い、翌年のカタールW杯ではメンバー入りしてドイツ戦とスペイン戦で計2ゴールをたたき込んだ。\n\n 現代表の中でも、日本代表の歴史をリスペクトして、その財産を自らの力に変えようとする想いが強い選手が堂安なのかもしれない――。\n\n 6月16日、堂安は26歳の誕生日を迎えた。\n\n「思ったよりも(お祝いのメッセージは)少なかったですね。悲しい誕生日でした(笑)」\n\n 昨年の誕生日にそう話していた堂安は、今年に入り人生の伴侶を得た。もう一人ではない。\n\n 1月に入籍し、5月にプロポーズをしたということで、順番が逆だと話題になったが、これはドイツで一緒に暮らすことを最優先に考えたからではないだろうか。一介の女性がドイツで暮らそうとしてもビザは簡単に降りないが、社会的な責任のあるプロサッカー選手の家族であればビザ取得に支障はない。\n\n きっと堂安は、彼女が日常を実りあるものにしてくれる素敵な女性だとわかっていたのだろう。実際に、入籍後の堂安はリーグ戦14試合で6ゴール、3アシストと、ハイペースでゴールに絡んでいった。\n\n ピッチの上では10番としての責任を背負い、ピッチの外でも新たな責任を背負うことになった。背負い込んだものを力に変えようとする堂安のことだ。これを機に、さらなる飛躍を遂げたとしても不思議ではない。\n（「核心にシュートを！」ミムラユウスケ = 文）,['https://newsatcl-pctr.c.yimg.jp/t/amd-img/20240616-00861953-number-000-2-view.jpg?exp=10800'],"['https://news.yahoo.co.jp/articles/c8f5692dd4f1a1629def1a00cb74517ce67d4319/images/000', 'https://number.bunshun.jp/articles/photo/861953?pn=7&utm_source=news.yahoo.co.jp&utm_medium=referral&utm_campaign=partnerLink']"
