headline,mainEntityOfPage,image,datePublished,dateModified,author,media_en,media_jp,str_count,body,images,external_links
NY株、小動き（共同通信）,https://news.yahoo.co.jp/articles/f2e14f4418c6a4eab7aea98d7f6f447bb19e933e,https://newsatcl-pctr.c.yimg.jp/t/amd-img/default.jpg?exp=10800,2024-04-08T23:16:27+09:00,2024-04-08T23:32:52+09:00,共同通信,kyodonews,共同通信,195,\n【ニューヨーク共同】週明け8日のニューヨーク株式市場のダウ工業株30種平均は小動きで始まり、午前10時現在は前週末比20.40ドル高の3万8924.44ドルを付けた。ハイテク株主体のナスダック総合指数は6.92ポイント高の1万6255.44。\n\n 前週の下落を受けて割安感が出た銘柄に買いが入る一方、米連邦準備制度理事会（FRB）の利下げ開始が想定より遅れるとの思惑から売りも出た。,[],[]
木原氏、早期解散に否定的　首相側近、政治改革に集中（共同通信）,https://news.yahoo.co.jp/articles/289d35c797467043660c3b0dad038278a299d53b,https://newsatcl-pctr.c.yimg.jp/t/amd-img/20240408-00000176-kyodonews-000-3-view.jpg?exp=10800,2024-04-08T23:36:12+09:00,2024-04-08T23:52:52+09:00,共同通信,kyodonews,共同通信,423,\n自民党の木原誠二幹事長代理\n自民党の木原誠二幹事長代理は8日のBSフジ番組で、野党から相次ぐ早期の衆院解散論に否定的な見方を示した。「岸田文雄首相は今はデフレ脱却、経済再生と政治改革、特に政治資金規正法改正だけに集中している」と語った。木原氏は首相の最側近として知られ、同日も面会した。\n\n 首相は4日、裏金事件の一斉処分を巡り「国民の判断」と言及したため解散観測が浮上した。木原氏は「言葉の裏をいろいろ考えると思うが、規正法改正をやり抜くという決意の表れだと思っている」と解説した。\n\n 政権のやり残した課題を問われると（1）持続的な賃上げの定着（2）原発再稼働（3）年度末に向けたエネルギー基本計画改定―の3点を列挙。内閣支持率の低迷について「深刻に受け止めている。政策でしか改善できない」と強調した。\n\n 一方で9月の自民党総裁選前の衆院解散の可能性を問われ「首相が判断されることだからどんなケースもあり得る」とも語った。,['https://newsatcl-pctr.c.yimg.jp/t/amd-img/20240408-00000176-kyodonews-000-3-view.jpg?pri=l&w=488&h=640&exp=10800'],['https://news.yahoo.co.jp/articles/289d35c797467043660c3b0dad038278a299d53b/images/000']
自民木原氏、早期の衆院解散論に否定的（共同通信）,https://news.yahoo.co.jp/articles/386b3f6f3bde9043ddec76741dc2e07f58f9c2f5,https://newsatcl-pctr.c.yimg.jp/t/amd-img/default.jpg?exp=10800,2024-04-08T22:46:23+09:00,2024-04-08T23:02:52+09:00,共同通信,kyodonews,共同通信,105,\n岸田文雄首相の側近として知られる自民党の木原誠二幹事長代理は8日のBSフジ番組で、早期の衆院解散論に否定的な見方を示した。「首相は今は経済再生と政治改革、特に政治資金規正法改正だけに集中している」と語った。,[],[]
マスク氏の捜査開始命じる　ブラジル、X制限従わず（共同通信）,https://news.yahoo.co.jp/articles/56b3daf36c879f72388122ed49e0a328b7715532,https://newsatcl-pctr.c.yimg.jp/t/amd-img/20240408-00000177-kyodonews-000-3-view.jpg?exp=10800,2024-04-08T23:39:04+09:00,2024-04-08T23:54:52+09:00,共同通信,kyodonews,共同通信,324,\nイーロン・マスク氏（ロイター＝共同）\n【ハバナ共同】ブラジルの司法当局は7日、X（旧ツイッター）の特定のアカウントを制限するよう求めた裁判所の命令に、オーナーのイーロン・マスク氏が従わなかったとして、マスク氏に対する捜査を開始するよう自国の捜査当局に命じた。地元メディアが8日までに報じた。\n\n マスク氏がブラジルの裁判所からの命令に「法律違反」「検閲」と反発し、制限を解除したことが発端。マスク氏はブラジル最高裁のデモラエス判事が巨額の罰金を科し、従業員を逮捕するなどと脅したと指摘した。\n\n マスク氏はブラジルのオフィス閉鎖も示唆し、自身のXにデモラエス氏について「辞任もしくは弾劾されるべきだ」と投稿するなど対立が深まっていた。,['https://newsatcl-pctr.c.yimg.jp/t/amd-img/20240408-00000177-kyodonews-000-3-view.jpg?pri=l&w=594&h=640&exp=10800'],['https://news.yahoo.co.jp/articles/56b3daf36c879f72388122ed49e0a328b7715532/images/000']
全米の中絶禁止支持せず　各州判断とトランプ氏（共同通信）,https://news.yahoo.co.jp/articles/af946e32b963fa93a2401559d5ca076374fd32b1,https://newsatcl-pctr.c.yimg.jp/t/amd-img/20240408-00000174-kyodonews-000-3-view.jpg?exp=10800,2024-04-08T22:55:19+09:00,2024-04-08T23:12:53+09:00,共同通信,kyodonews,共同通信,538,\n8日公開のビデオ声明で、人工妊娠中絶に関し見解を表明するトランプ前米大統領（ロイター＝共同）\n【ワシントン共同】米共和党のトランプ前大統領は8日、11月の大統領選で主要な争点となる人工妊娠中絶の規制は「州に委ねられる」として各州が判断すべきだとするビデオ声明を発表した。保守派が求める全米での一律禁止への支持は表明しなかった。\n\n 世論調査では中絶の権利を尊重すべきだとの回答が多い。民主党のバイデン大統領と対決する本選で勝利するには穏健派や無党派を取り込む必要があるため、厳格な規制と距離を置いた。\n\n トランプ氏は強姦と近親相姦による妊娠のほか、母親の生死に関わる場合は例外として中絶を容認するとし、凍結保存される受精卵（胚）を管理する不妊治療を支持する考えも示した。\n\n トランプ氏はこれまで妊娠15週前後を境に以降の中絶を原則禁止する案への支持をほのめかしていたが、声明では禁止すべき時期についても示さなかった。\n\n トランプ氏は在任中、最高裁に保守派判事3人を送り込んだ。最高裁は2022年、中絶を憲法上の権利だと認めた1973年の「ロー対ウェード」判決を覆した。\n一方、バイデン氏は中絶の権利擁護をアピールし、女性票の取り込みを進めている。,['https://newsatcl-pctr.c.yimg.jp/t/amd-img/20240408-00000174-kyodonews-000-3-view.jpg?pri=l&w=640&h=358&exp=10800'],['https://news.yahoo.co.jp/articles/af946e32b963fa93a2401559d5ca076374fd32b1/images/000']
24年度、廃炉に2540億円　福島第1原発、国が計画承認（共同通信）,https://news.yahoo.co.jp/articles/c1d79d24bc9fa837945f2a028825b094196d9c9b,https://newsatcl-pctr.c.yimg.jp/t/amd-img/default.jpg?exp=10800,2024-04-08T21:56:48+09:00,2024-04-08T22:12:52+09:00,共同通信,kyodonews,共同通信,297,\n経済産業省は8日、東京電力福島第1原発の廃炉にかかる費用として、2024年度に約2540億円を支出する東電の資金計画を承認した。\n\n 内訳は、溶融核燃料（デブリ）取り出しで約222億円、使用済み核燃料プールからの燃料取り出しで約290億円など。デブリ関連は3号機を念頭にした大規模取り出しの工法検討費も含む。\n\n 東電によると、昨年8月に開始した処理水海洋放出で、21～23年度の関連費用は計約550億円だった。海底トンネルなどの建設に約460億円、放射性物質のモニタリングに約20億円など。24年度も放出とモニタリングを続けるが「24年度の費用は個別集約をしていない」としている。,[],[]
NY円、151円台後半（共同通信）,https://news.yahoo.co.jp/articles/0e413771e65a0ab3501b601d52a3f1460813cd5e,https://newsatcl-pctr.c.yimg.jp/t/amd-img/default.jpg?exp=10800,2024-04-08T21:50:42+09:00,2024-04-08T22:06:52+09:00,共同通信,kyodonews,共同通信,152,\n【ニューヨーク共同】週明け8日のニューヨーク外国為替市場の円相場は午前8時40分現在、前週末比24銭円安ドル高の1ドル＝151円83～93銭を付けた。ユーロは1ユーロ＝1.0826～36ドル、164円46～56銭。\n\n 米長期金利が上昇して円売りドル買いが優勢となった欧州市場の流れを引き継いだ。,[],[]
トランプ氏、全米の中絶禁止支持せず（共同通信）,https://news.yahoo.co.jp/articles/81625d7c7b164c6b2619107fae3f80bd2d8c1a95,https://newsatcl-pctr.c.yimg.jp/t/amd-img/default.jpg?exp=10800,2024-04-08T22:20:41+09:00,2024-04-08T22:36:52+09:00,共同通信,kyodonews,共同通信,111,\n【ワシントン共同】トランプ前米大統領は8日、11月の大統領選で主要な争点となる人工妊娠中絶の規制は「州に委ねられる」として各州が判断すべきだとする声明を発表した。保守派が求める全米での一律禁止への支持は表明しなかった。,[],[]
NY円、151円83～93銭（共同通信）,https://news.yahoo.co.jp/articles/96d7402c1273a83ef46ecd5a472c2fe2cbc4d233,https://newsatcl-pctr.c.yimg.jp/t/amd-img/default.jpg?exp=10800,2024-04-08T21:46:51+09:00,2024-04-08T22:02:57+09:00,共同通信,kyodonews,共同通信,77,\n【ニューヨーク共同】週明け8日のニューヨーク外国為替市場の円相場は午前8時40分現在、前週末比24銭円安ドル高の1ドル＝151円83～93銭を付けた。,[],[]
NY株、続伸して始まる（共同通信）,https://news.yahoo.co.jp/articles/709cc7e89eb3ef99e2edc2c65dd5bcc9eba3fb3c,https://newsatcl-pctr.c.yimg.jp/t/amd-img/default.jpg?exp=10800,2024-04-08T22:41:11+09:00,2024-04-08T22:56:52+09:00,共同通信,kyodonews,共同通信,49,\n【ニューヨーク共同】週明け8日のニューヨーク株式市場のダウ工業株30種平均は続伸して始まった。,[],[]
十勝と横浜、定期航路開設へ　神戸の井本商運が試験運航（共同通信）,https://news.yahoo.co.jp/articles/677d1341224b546b09a9b0cfbd6fc70858ddf5b2,https://newsatcl-pctr.c.yimg.jp/t/amd-img/20240408-00000165-kyodonews-000-3-view.jpg?exp=10800,2024-04-08T21:33:51+09:00,2024-04-08T21:50:52+09:00,共同通信,kyodonews,共同通信,356,\nコンテナ船の定期航路の開設を目指す十勝港で行われた、コンテナの積み降ろしを確認する作業＝8日午後、北海道広尾町\n北海道広尾町の十勝港と横浜港などを結ぶコンテナ船の定期航路の開設を目指し、運航や荷揚げに問題がないか確認しようと、神戸市の「井本商運」などが8日、試験運航を行った。町は地元の雇用促進や運転手の残業時間規制に伴う「2024年問題」の解消を目指し、誘致を進めていた。\n\n 町によると、同社と香港の海運大手「OOCL」が連携し、5月上旬以降、週に1往復する方向で準備を進めている。8日はコンテナの積み降ろし作業を行った。\n\n 十勝港からは十勝地方の農産品などを首都圏へ輸送する。現在は苫小牧港といった拠点までトラックで運ぶなどする必要がある。首都圏からは輸入牧草などを運ぶことを想定している。,['https://newsatcl-pctr.c.yimg.jp/t/amd-img/20240408-00000165-kyodonews-000-3-view.jpg?pri=l&w=640&h=455&exp=10800'],['https://news.yahoo.co.jp/articles/677d1341224b546b09a9b0cfbd6fc70858ddf5b2/images/000']
世界柔道、五輪内定の永山ら選出　女子は古賀ら、5月アブダビ（共同通信）,https://news.yahoo.co.jp/articles/896a3da9cb414256410cae483c2a4306830b495c,https://newsatcl-pctr.c.yimg.jp/t/amd-img/20240408-00000167-kyodonews-000-4-view.jpg?exp=10800,2024-04-08T21:45:57+09:00,2024-04-08T22:25:04+09:00,共同通信,kyodonews,共同通信,343,\n記者会見に臨む（右から）柔道日本男子の鈴木桂治監督、全柔連の金野潤強化委員長、日本女子の増地克之監督＝8日、東京都文京区の講道館\n全日本柔道連盟は8日、オンラインで強化委員会を開き、世界選手権（5月・アブダビ）代表に男子60キロ級でパリ五輪代表内定の永山竜樹（SBC湘南美容クリニック）や女子48キロ級で昨年3位の古賀若菜（JR東日本）らを選出した。永山以外の五輪代表内定者は出場を回避。大会は男女各7階級に最大9人が出場可能で、各階級2人まで起用できる。\n\n 2028年ロサンゼルス五輪を見据えて若手も多く入り、日本男子の鈴木桂治監督は「アピールの場となる大会。世界王者を目標に闘ってほしい」と語った。日本女子の増地克之監督も「ロスに向けてのスタート」と金メダルを期待した。,['https://newsatcl-pctr.c.yimg.jp/t/amd-img/20240408-00000167-kyodonews-000-4-view.jpg?pri=l&w=640&h=402&exp=10800'],['https://news.yahoo.co.jp/articles/896a3da9cb414256410cae483c2a4306830b495c/images/000']
バスケ千葉Jの新アリーナ完成へ　船橋、1万1000人収容（共同通信）,https://news.yahoo.co.jp/articles/d7c58f1bcc743fb23fbe2aabfe7b3df237709c8d,https://newsatcl-pctr.c.yimg.jp/t/amd-img/20240408-00000166-kyodonews-000-2-view.jpg?exp=10800,2024-04-08T21:40:05+09:00,2024-04-08T21:56:53+09:00,共同通信,kyodonews,共同通信,331,\nバスケットボールBリーグ1部千葉Jの新本拠地となるアリーナのイメージ図（三井不動産提供）\n三井不動産とMIXIは8日、バスケットボールBリーグ1部（B1）千葉Jの新たな本拠地となる約1万1千人収容の新アリーナ（千葉県船橋市）が17日に完成すると発表した。5月29日にお披露目イベントを開催。クラブは今秋に始まる2024～25年シーズンから使用する。\n\n JR南船橋駅から徒歩約6分の場所に位置し、収容人数は現本拠地の船橋市総合体育館の約2倍となる。観客席は臨場感を高めるためにすり鉢状とし、VIPエリアも充実させた。千葉Jの日本代表、富樫勇樹は「新アリーナが完成することで、Bリーグがさらに盛り上がっていくと思うのでワクワクしています」とコメントした。,['https://newsatcl-pctr.c.yimg.jp/t/amd-img/20240408-00000166-kyodonews-000-2-view.jpg?pri=l&w=640&h=360&exp=10800'],['https://news.yahoo.co.jp/articles/d7c58f1bcc743fb23fbe2aabfe7b3df237709c8d/images/000']
バスケ、富士通が快勝で決勝進出　2季ぶり、女子Wリーグ準決勝（共同通信）,https://news.yahoo.co.jp/articles/3ba1b6cbe6e2f65016ffdc8b39f8344c849b6a4d,https://newsatcl-pctr.c.yimg.jp/t/amd-img/20240408-00000163-kyodonews-000-3-view.jpg?exp=10800,2024-04-08T21:12:29+09:00,2024-04-08T21:28:52+09:00,共同通信,kyodonews,共同通信,296,\n富士通―シャンソン化粧品 第1クオーター、シュートを放つ富士通・町田（右）＝武蔵野の森総合スポーツプラザ\nバスケットボール女子Wリーグのプレーオフは8日、東京都調布市の武蔵野の森総合スポーツプラザで2戦先勝方式の準決勝第3戦が行われ、レギュラーシーズン（RS）1位の富士通が同5位のシャンソン化粧品に93―72で快勝して2勝1敗とし、2021～22年シーズン以来2季ぶりの決勝進出を決めた。\n\n 富士通は攻撃が好調で、内外ともバランス良く得点。前半を19点リードで折り返すと、後半も危なげなく押し切った。\n\n RS2位のデンソーとの決勝（2戦先勝方式）は同会場で13日に始まる。,['https://newsatcl-pctr.c.yimg.jp/t/amd-img/20240408-00000163-kyodonews-000-3-view.jpg?pri=l&w=394&h=640&exp=10800'],['https://news.yahoo.co.jp/articles/3ba1b6cbe6e2f65016ffdc8b39f8344c849b6a4d/images/000']
ザポロジエ原発に無人機の残骸落下（共同通信）,https://news.yahoo.co.jp/articles/9287edfb7b824dfbd79ee4778f9037c6061034ab,https://newsatcl-pctr.c.yimg.jp/t/amd-img/default.jpg?exp=10800,2024-04-08T21:17:08+09:00,2024-04-08T21:32:52+09:00,共同通信,kyodonews,共同通信,97,\nタス通信によると、ウクライナ南部でロシアが占拠しているザポロジエ原発当局は8日、撃墜したウクライナ軍無人機の残骸が6号機の屋根に落下したと発表した。原発の安全に問題はないとしている。（共同）,[],[]
宮崎の落雷、1人意識回復せず　熊本・鹿本高サッカー部員（共同通信）,https://news.yahoo.co.jp/articles/0172b06b7305f724631cd2c627ae75960e1a0d2c,https://newsatcl-pctr.c.yimg.jp/t/amd-img/default.jpg?exp=10800,2024-04-08T20:57:54+09:00,2024-04-08T21:14:52+09:00,共同通信,kyodonews,共同通信,458,\n宮崎市のグラウンドで3日、試合のため訪れていた熊本県立鹿本高のサッカー部員18人が落雷により搬送された事故で、県教育委員会は8日、入院した9人のうち8人が退院し、1人の意識が回復していないと明らかにした。同日付で県立学校に、天気予報や雷注意報の確認を求める通知を出した。\n\n 県教委によると、宮崎でのサッカーフェスティバルに訪れていた5県の参加校は2日夜の監督会議で、3日は天候不良が予想されるとして、天気予報や雨雲の状況を確認しながら試合をするとの共通認識を図った。\n\n 一方、県教委の聞き取りに、鹿本高と対戦相手の私立鵬翔高（宮崎県）の教職員は、雷注意報が出ていたことは把握していなかったと説明している。\n\n 両校は試合中だった3日午前11時35分ごろ、複数の雷鳴を遠方で確認し、ハーフタイムを延長。その後雷鳴はなく、小雨の中試合を続けた。鹿本高が午後3時からの試合に向けウオーミングアップ中だった午後2時35分ごろ、閃光と雷鳴を伴う落雷があったという。\n鹿本高は8日、保護者説明会を開催した。,[],[]
ロシア北極圏で核実験の準備進行　衛星画像、「臨界前」の可能性（共同通信）,https://news.yahoo.co.jp/articles/9bf85c486db34075f3095fe120756fc03bb0bdd2,https://newsatcl-pctr.c.yimg.jp/t/amd-img/20240408-00000162-kyodonews-000-3-view.jpg?exp=10800,2024-04-08T21:09:01+09:00,2024-04-08T21:24:52+09:00,共同通信,kyodonews,共同通信,547,\nロシア・ノバヤゼムリャ島の核実験場本部の施設群。下部の左右に延びる建物が今回ほぼ完成したとみられる大型施設＝2023年8月（Planet Labs PBC提供・共同）\nロシア北極圏ノバヤゼムリャ島の核実験場で、新たな核実験の準備が進んでいる可能性が高いことが8日分かった。ロシア軍事に詳しい東大の小泉悠准教授が衛星画像を分析した。実験場では昨年から工事が活発化し、最大の地上施設がほぼ完成。小泉氏は異例の動きだと述べ、核爆発を伴わない臨界前核実験などの可能性があると指摘した。大型施設は実験関連施設とみられるという。\n\n 小泉氏はロシアの意図について「（ウクライナを支援する）欧米への威嚇だ」とみている。\n\n ノバヤゼムリャ島では旧ソ連時代の1955年から90年まで、大気圏内や水中、地下で約130回の核実験が行われた。臨界前核実験は核兵器の改良や性能評価が目的で、ロシアは90年代に繰り返し、近年では2004年に実施した。\n\n 臨界前核実験は包括的核実験禁止条約（CTBT）に抵触しないが、専門家によると、米当局は19年、ロシアがCTBTに違反する核実験を行った可能性があると示唆し、ロシアは否定。一方、米国は臨界前核実験を続け、バイデン政権は21年にネバダ州で2回行った。,['https://newsatcl-pctr.c.yimg.jp/t/amd-img/20240408-00000162-kyodonews-000-3-view.jpg?pri=l&w=640&h=359&exp=10800'],['https://news.yahoo.co.jp/articles/9bf85c486db34075f3095fe120756fc03bb0bdd2/images/000']
連隊公式Xの「大東亜戦争」削除　陸自第32普通科「誤解招いた」（共同通信）,https://news.yahoo.co.jp/articles/afd15bdda4c544a3b659d790bf6386b24c5e61b1,https://newsatcl-pctr.c.yimg.jp/t/amd-img/default.jpg?exp=10800,2024-04-08T20:45:36+09:00,2024-04-08T21:01:58+09:00,共同通信,kyodonews,共同通信,302,\n陸上自衛隊第32普通科連隊（さいたま市）が、公式X（旧ツイッター）で「大東亜戦争」の表現を使っていた問題で、連隊は8日午後、該当する投稿から「大東亜戦争最大の激戦地」などの表現を削除した。\n\n 当初の投稿は5日で「大東亜戦争最大の激戦地硫黄島において開催された日米硫黄島戦没者合同慰霊追悼顕彰式に参加しました」などと記されていた。\n\n 防衛省陸上幕僚監部によると、連隊は激戦地だったことを表現するために当時の呼称を使用。削除理由を「本来伝えたい内容が伝わらず、誤解を招いた」と説明している。\n\n 陸幕は取材に「交流サイトの発信は適切な表現で行うようあらためて指導していく」とコメントした。,[],[]
AIで雇用代替、日本が突出　アジアの14カ国・地域で（共同通信）,https://news.yahoo.co.jp/articles/1480c04cd8079665ada3beef3a1d64ace3995ac6,https://newsatcl-pctr.c.yimg.jp/t/amd-img/20240408-00000160-kyodonews-000-3-view.jpg?exp=10800,2024-04-08T20:53:21+09:00,2024-04-08T21:15:01+09:00,共同通信,kyodonews,共同通信,447,\nAIで自動化される雇用の各国・地域別比率\n【シンガポール共同】生成人工知能（AI）に奪われる雇用の割合がアジアの14カ国・地域で最も高いのは日本だとする試算が8日、公表された。AIで代替可能な事務的な仕事が雇用に占める割合が最も多いためとしている。\n\n 東南アジア諸国連合と日中韓（ASEANプラス3）による域内経済の調査監視組織「AMRO」が、ASEANプラス3と香港を対象に試算した。日本はAIで自動化される可能性の高い雇用の比率が14.4％と突出していた。\n\n 日本に続いたのは同様に事務的な仕事の多い香港（9.5％）や韓国（9.1％）で、ラオスやベトナムは逆に1％台と低かった。\n\n AMROは「精度の高い見積もりというわけではない」としつつも、日本では事務的な仕事が20％と他国の1～12％に比べ高いことが要因と説明した。\n\n 逆にAIにより増えそうな雇用の割合は、シンガポールが26.0％でトップと試算。ブルネイやマレーシアが続き、日本は9.2％で8位だった。,['https://newsatcl-pctr.c.yimg.jp/t/amd-img/20240408-00000160-kyodonews-000-3-view.jpg?pri=l&w=446&h=640&exp=10800'],['https://news.yahoo.co.jp/articles/1480c04cd8079665ada3beef3a1d64ace3995ac6/images/000']
処理水放出で保管量1％減　福島第1原発、タンク19基分（共同通信）,https://news.yahoo.co.jp/articles/a0cea203db8a6be3ac83a986e160c5f3672bca26,https://newsatcl-pctr.c.yimg.jp/t/amd-img/20240408-00000157-kyodonews-000-3-view.jpg?exp=10800,2024-04-08T20:20:42+09:00,2024-04-08T21:04:52+09:00,共同通信,kyodonews,共同通信,320,\n東京電力福島第1原発の敷地内に並ぶ処理水の保管タンク＝2月\n東京電力は8日、福島第1原発の処理水の保管量が、海洋放出開始前の昨年8月と比べて約1万9千トン減り、4月4日時点で約132万6千トンになったと明らかにした。減ったのは約1％で、敷地内に林立するタンク19基分に相当する。\n\n 東電は2023年度、4回に分けて約3万1200トンを放出した。しかしこの間も、溶融核燃料（デブリ）に触れた汚染水が1日当たり約80トン発生。汚染水を浄化した処理水もこれに伴って発生し続けている。タンクは約千基あり、東電は廃炉作業のスペースを圧迫していると説明している。\n\n 24年度は放出回数を7回に増やし、約5万4600トンを放出する計画。,['https://newsatcl-pctr.c.yimg.jp/t/amd-img/20240408-00000157-kyodonews-000-3-view.jpg?pri=l&w=640&h=426&exp=10800'],['https://news.yahoo.co.jp/articles/a0cea203db8a6be3ac83a986e160c5f3672bca26/images/000']
信越化学、56年ぶり国内新工場　半導体材料に800億円、群馬（共同通信）,https://news.yahoo.co.jp/articles/ad40fbeca1ffdb07b65e61ee8df08ea8cfd75439,https://newsatcl-pctr.c.yimg.jp/t/amd-img/default.jpg?exp=10800,2024-04-08T20:25:49+09:00,2024-04-08T20:44:00+09:00,共同通信,kyodonews,共同通信,293,\n信越化学工業が半導体材料の「フォトレジスト」を生産する工場を群馬県伊勢崎市に新設することが8日、分かった。投資額は約800億円で、2026年に完成する計画だ。国内で新たな生産拠点を設けるのは、塩化ビニール樹脂などの拠点として1970年に完成した鹿島工場（茨城県神栖市）以来56年ぶりとなる。\n\n 国内の半導体産業のサプライチェーン強化を目指す。フォトレジストは半導体の回路形成に用いる薬剤。信越化学は台湾と直江津工場（新潟県上越市）で生産しており、21～22年にそれぞれ増強した。伊勢崎市に計画する新工場は半導体材料の戦略的な拠点と位置づけ、今後は研究開発も手がけるとみられる。,[],[]
曽我ひとみさん、拉致被害者係に　新潟・佐渡市、活動機会増やす（共同通信）,https://news.yahoo.co.jp/articles/5fc3a59462eaa21e8447620be87ca7275f5f5c18,https://newsatcl-pctr.c.yimg.jp/t/amd-img/20240408-00000156-kyodonews-000-3-view.jpg?exp=10800,2024-04-08T20:17:33+09:00,2024-04-08T20:34:52+09:00,共同通信,kyodonews,共同通信,282,\n曽我ひとみさん\n北朝鮮による拉致被害者で2002年に帰国した曽我ひとみさん（64）が1日付で新潟県佐渡市の総務部総務課の拉致被害者対策係で勤務を始めた。市が8日までに発表した。被害者救出のための活動機会を増やし、拉致問題の風化防止につなげたいとの意向があったためとしている。\n\n 市によると、曽我さんは週4回の勤務で、市内の小中学校や全国各地での講演のほか、新たな取り組みとして市への修学旅行生らに対しても拉致問題を伝える講演の機会を増やすという。\n\n 曽我さんは「今なお帰国を果たせていない被害者と家族を一刻も早く会わせてあげたい」とコメントした。,['https://newsatcl-pctr.c.yimg.jp/t/amd-img/20240408-00000156-kyodonews-000-3-view.jpg?pri=l&w=511&h=640&exp=10800'],['https://news.yahoo.co.jp/articles/5fc3a59462eaa21e8447620be87ca7275f5f5c18/images/000']
13年ぶり、福島に全学年そろう　JFAアカデミー入校式（共同通信）,https://news.yahoo.co.jp/articles/316dc8fbb27ef6d70d0140cc15e51cb9ba9508ec,https://newsatcl-pctr.c.yimg.jp/t/amd-img/20240408-00000155-kyodonews-000-3-view.jpg?exp=10800,2024-04-08T20:13:50+09:00,2024-04-08T20:30:52+09:00,共同通信,kyodonews,共同通信,326,\n福島県のJヴィレッジで開かれたJFAアカデミー福島の入校式＝8日午後\n日本サッカー協会（JFA）のエリート選手育成機関、JFAアカデミー福島は8日、拠点とするJヴィレッジ（福島県楢葉町、広野町）で、中学1年生の入校式を開いた。2011年の東京電力福島第1原発事故による静岡県への避難を経て、男子は中学3学年、女子は中学高校6学年の全学年が13年ぶりに福島県でそろった。\n\n 真新しい制服姿の男子18人、女子7人の新入生（19期生）は在校生らに迎えられて入場。JFAの宮本恒靖会長は「男女がそろって入校式を行えてうれしい。切磋琢磨し先輩のキャリアを継ぐ選手になってほしい」と激励した。\n\n アカデミーは06年、男女とも中高一貫制で開校した。,['https://newsatcl-pctr.c.yimg.jp/t/amd-img/20240408-00000155-kyodonews-000-3-view.jpg?pri=l&w=640&h=427&exp=10800'],['https://news.yahoo.co.jp/articles/316dc8fbb27ef6d70d0140cc15e51cb9ba9508ec/images/000']
山形・白鷹で正面衝突、2人死亡　国道348号（共同通信）,https://news.yahoo.co.jp/articles/6cada2dae16cfc0ca16ac632d2f3a8edb8e53a3e,https://newsatcl-pctr.c.yimg.jp/t/amd-img/20240408-00000154-kyodonews-000-3-view.jpg?exp=10800,2024-04-08T19:37:39+09:00,2024-04-08T19:54:51+09:00,共同通信,kyodonews,共同通信,210,\n国道348号で正面衝突した軽乗用車（手前）と乗用車＝8日午後、山形県白鷹町\n8日午後2時20分ごろ、山形県白鷹町の国道348号で、軽乗用車と乗用車が正面衝突したと119番があった。県警などによると、双方の計4人が全員搬送され、軽乗用車の70代男性と90代女性が死亡。軽乗用車に乗っていたもう一人の60代女性と乗用車の40代女性は意識がある。\n\n 現場は片側1車線の緩やかなカーブ。県警が詳しい状況を調べている。,['https://newsatcl-pctr.c.yimg.jp/t/amd-img/20240408-00000154-kyodonews-000-3-view.jpg?pri=l&w=640&h=426&exp=10800'],['https://news.yahoo.co.jp/articles/6cada2dae16cfc0ca16ac632d2f3a8edb8e53a3e/images/000']
なでしこ、18歳コンビが光明に　谷川萌々子と古賀塔子、五輪へ（共同通信）,https://news.yahoo.co.jp/articles/d87e3a400a0d8a06d7c58f2b5c4e2e94f6d600f6,https://newsatcl-pctr.c.yimg.jp/t/amd-img/20240408-00000152-kyodonews-000-3-view.jpg?exp=10800,2024-04-08T19:22:17+09:00,2024-04-08T19:38:53+09:00,共同通信,kyodonews,共同通信,565,\n1\n/\n2\n国際親善大会「シービリーブスカップ」の米国戦に出場したサッカー女子日本代表の谷川萌々子＝6日、米アトランタ（共同）\n国際親善大会「シービリーブスカップ」の米国戦に出場したサッカー女子日本代表の古賀塔子＝6日、米アトランタ（共同）\nサッカー女子の日本代表「なでしこジャパン」で、期待の18歳コンビがパリ五輪代表入りへ前進した。6日、米アトランタで行われた国際親善大会「シービリーブスカップ」の米国戦。1―2で敗れたチームの中で、谷川萌々子（ローセンゴード）と古賀塔子（フェイエノールト）の活躍が今後への光明となった。\n\n 国際Aマッチ4試合目で初先発となった谷川は守備的MFの位置に入り、試合開始直後にアシストをマークした。自陣からワンタッチで右前方へロングパス。俊足の清家貴子（三菱重工浦和）に通して先制点につなげ「貴子さんが走っているのが見えた。うまくスペースに出せた」とうなずいた。\n\n 代表5戦目となった古賀は後半からセンターバックで出場。相手の連続攻撃にもうまく体勢を立て直してシュートブロックに入るなど、たくましいプレーを見せた。「最後に体を張れるのは自分の長所。そこを出せて良かった」と手応え十分の様子だった。\n\n JFAアカデミー福島時代の同期で、ともに今年1月に海外に渡った。,"['https://newsatcl-pctr.c.yimg.jp/t/amd-img/20240408-00000152-kyodonews-000-3-view.jpg?pri=l&w=640&h=528&exp=10800', 'https://newsatcl-pctr.c.yimg.jp/t/amd-img/20240408-00000152-kyodonews-001-3-view.jpg?pri=l&w=451&h=640&exp=10800']","['https://news.yahoo.co.jp/articles/d87e3a400a0d8a06d7c58f2b5c4e2e94f6d600f6/images/000', 'https://news.yahoo.co.jp/articles/d87e3a400a0d8a06d7c58f2b5c4e2e94f6d600f6/images/001']"
町村議員、なり手不足の要因分析　自治会の弱体化、家族の反対（共同通信）,https://news.yahoo.co.jp/articles/290e9e4a7200ba94b200e6eb6cc34effda3255f3,https://newsatcl-pctr.c.yimg.jp/t/amd-img/20240408-00000153-kyodonews-000-3-view.jpg?exp=10800,2024-04-08T19:25:58+09:00,2024-04-08T19:43:46+09:00,共同通信,kyodonews,共同通信,447,\n議員なり手不足の主な要因\n全国町村議会議長会の検討会（委員長・江藤俊昭大正大教授）は8日、議員なり手不足の報告書をまとめた。立候補者が集まらず、無投票が起きる要因を詳しく分析したのが特徴で、地域活動を支える自治会の弱体化や家族の反対などを挙げた。現状のままでは2023年5月～27年4月にある町村議員選挙で、無投票の割合が34.1％に上昇するとの推計も示した。\n\n 報告書は「なり手不足の原因は複雑で多岐にわたる」とした上で、人口減少や東京一極集中により、議員の供給源となってきた自治会、農協などの減少・小規模化が影響していると指摘した。さらに民間の定年引き上げで「定年後に議員を引き受ける気力や体力が残っていない」とした。\n\n 「自分から進んで立候補するのはおこがましい」といった保守的な価値観のほか、地域の有力者が難色を示すことで立候補を断念する場合もある。小規模町村で立候補すると家族や親族も注目されるため、反対されることが多く「並大抵ではない覚悟が必要になる」と言及した。,['https://newsatcl-pctr.c.yimg.jp/t/amd-img/20240408-00000153-kyodonews-000-3-view.jpg?pri=l&w=640&h=403&exp=10800'],['https://news.yahoo.co.jp/articles/290e9e4a7200ba94b200e6eb6cc34effda3255f3/images/000']
鈴木康友前浜松市長が静岡県知事選出馬検討（共同通信）,https://news.yahoo.co.jp/articles/3f0e9d979ff58f0fa83a17fc5e3eb4d3ae3b3798,https://newsatcl-pctr.c.yimg.jp/t/amd-img/default.jpg?exp=10800,2024-04-08T19:21:08+09:00,2024-04-08T19:37:01+09:00,共同通信,kyodonews,共同通信,100,\n静岡県の川勝平太知事が辞職の意向を示したことに伴い、実施される見通しとなった県知事選に、前浜松市長の鈴木康友氏が出馬を検討していることが8日、分かった。鈴木氏が同日、共同通信の取材に明らかにした。,[],[]
信越化学が群馬に新工場、800億円投資（共同通信）,https://news.yahoo.co.jp/articles/7f08ead521364a4b2fa90c37ebaa4624e84ed019,https://newsatcl-pctr.c.yimg.jp/t/amd-img/default.jpg?exp=10800,2024-04-08T19:20:22+09:00,2024-04-08T19:36:57+09:00,共同通信,kyodonews,共同通信,54,\n信越化学工業が群馬県伊勢崎市に半導体材料の新工場を建設することが8日、分かった。約800億円を投資する。,[],[]
日米、小型原子炉開発で協力へ（共同通信）,https://news.yahoo.co.jp/articles/6b07b58e12e956e8a38e69f218d1b298fb655ba0,https://newsatcl-pctr.c.yimg.jp/t/amd-img/default.jpg?exp=10800,2024-04-08T19:19:43+09:00,2024-04-08T19:36:52+09:00,共同通信,kyodonews,共同通信,93,\n日米両政府は「小型モジュール炉（SMR）」などの次世代型原発の研究開発で協力する方針を固めた。岸田文雄首相とバイデン大統領が会談で合意する見通し。複数の政府関係者が8日明らかにした。,[],[]
火山本部、夏ごろに調査観測計画　初会合で活動方針、文科省（共同通信）,https://news.yahoo.co.jp/articles/38da38db8f06d7302e6cba81c1f762bfd2fed0cc,https://newsatcl-pctr.c.yimg.jp/t/amd-img/20240408-00000146-kyodonews-000-3-view.jpg?exp=10800,2024-04-08T19:04:43+09:00,2024-04-08T19:20:52+09:00,共同通信,kyodonews,共同通信,330,\n火山本部の初会合であいさつする盛山文科相（中央）＝8日午後、文科省\n火山の観測などを一元的に担う政府の「火山調査研究推進本部（火山本部）」の初会合が8日、文部科学省で開かれ、夏ごろまでに調査観測計画の要点の取りまとめを目指すなどとする活動方針を確認した。\n\n 冒頭、本部長の盛山正仁文科相は「政府として活火山対策は急務だ。関係機関は役割を遂行してもらいたい」とあいさつ。火山活動を評価するため本部に設置された火山調査委員会の清水洋委員長（九州大名誉教授）は「噴火予知は発展途上の技術。まだまだ調査研究を続けていくことが不可欠だ」と強調した。\n\n 火山の観測や調査研究を巡っては、気象庁や大学などの連携不足や専門家不足といった課題が指摘されている。,['https://newsatcl-pctr.c.yimg.jp/t/amd-img/20240408-00000146-kyodonews-000-3-view.jpg?pri=l&w=640&h=426&exp=10800'],['https://news.yahoo.co.jp/articles/38da38db8f06d7302e6cba81c1f762bfd2fed0cc/images/000']
青学大、駒大、亜大が先勝　東都大学野球が開幕（共同通信）,https://news.yahoo.co.jp/articles/209a58bffe18b688f8b18980bfc849d47a15eddc,https://newsatcl-pctr.c.yimg.jp/t/amd-img/default.jpg?exp=10800,2024-04-08T19:10:24+09:00,2024-04-08T19:26:51+09:00,共同通信,kyodonews,共同通信,182,\n東都大学野球春季リーグは8日、神宮球場で開幕して1回戦3試合が行われ、3季連続優勝を狙う青学大、1部復帰の駒大と亜大が先勝した。\n\n 青学大は一回に西川の適時打で挙げた1点を継投で守り抜き、1―0で国学院大を下した。駒大苫小牧高（北海道）を率いて夏の甲子園大会2連覇を達成した香田新監督が指揮を執る駒大は2―1で中大に競り勝ち、亜大は4―2で日大を破った。,[],[]
米学費ローン、新免除計画を発表　バイデン政権、選挙にらみ（共同通信）,https://news.yahoo.co.jp/articles/286c3144348761b581d24574244ad4a75fe55f3c,https://newsatcl-pctr.c.yimg.jp/t/amd-img/20240408-00000148-kyodonews-000-3-view.jpg?exp=10800,2024-04-08T19:12:53+09:00,2024-04-08T19:28:52+09:00,共同通信,kyodonews,共同通信,493,\n米ワシントンで学費ローンに抗議する人たち＝2023年6月（AP＝共同）\n【ワシントン共同】バイデン米大統領は8日、連邦政府が提供した大学の学費ローンに関し、新たな返済免除計画を発表した。秋までの実施を目指し履行されれば、3千万人以上が対象になるとしている。米国の大学授業料は高額で社会問題となっている。再選を目指す11月の大統領選を前に、ローン返済を抱える世帯の支持獲得を狙う。\n\n 政権は2022年、最大4300万人が対象となる学生1人当たり最大2万ドル（約303万円）の返済免除策を公表。ただ連邦最高裁が23年、行政権を逸脱しているとして無効との判断を示したため、代替措置を模索していた。\n\n 新たな計画はローンの金利が原因で当初借りた金額以上の借金を抱える対象者1人当たり最大2万ドルの返済を免除するほか、生活に困窮し返済ができない人や、返済期間が20年を超えた人も免除対象にするとしている。\n\n 政権高官は野党共和党議員が政権の返済免除策に反対して提訴し、最高裁は共和党の肩を持っていると批判し「バイデン氏は返済免除を実現するため闘い続ける」と記者団に語った。,['https://newsatcl-pctr.c.yimg.jp/t/amd-img/20240408-00000148-kyodonews-000-3-view.jpg?pri=l&w=640&h=426&exp=10800'],['https://news.yahoo.co.jp/articles/286c3144348761b581d24574244ad4a75fe55f3c/images/000']
石川・穴水町で「公費解体」開始　被災者「家なくなるのはつらい」（共同通信）,https://news.yahoo.co.jp/articles/79115865999b6ee7108a19bc6f0c778edaaf6977,https://newsatcl-pctr.c.yimg.jp/t/amd-img/20240408-00000145-kyodonews-000-3-view.jpg?exp=10800,2024-04-08T18:56:19+09:00,2024-04-08T19:12:52+09:00,共同通信,kyodonews,共同通信,337,\n解体される家を見つめる住民の大田宏さん（右）ら＝8日午前、石川県穴水町\n能登半島地震で大きな被害が出た石川県穴水町で8日、自治体が所有者に代わり全半壊した住宅を撤去、解体する「公費解体」が始まった。作業に立ち会った住民は「思い出のあふれた家がなくなるのはつらい」とやるせない様子で見守った。\n\n この日解体されたのは、同町の会社員（62）の一軒家。地震後に徐々に傾き、倒壊する危険があったという。工事は、道路の通行を時折規制しながら行われ、路上に瓦や木材が散らばるたび、作業員らが手作業で片付けていった。県によると、穴水町では6日時点で住宅約1900棟の全半壊が確認されている。\n\n 公費解体は能登町で3月にスタート。珠洲市や輪島市では4月から申請が始まった。,['https://newsatcl-pctr.c.yimg.jp/t/amd-img/20240408-00000145-kyodonews-000-3-view.jpg?pri=l&w=640&h=535&exp=10800'],['https://news.yahoo.co.jp/articles/79115865999b6ee7108a19bc6f0c778edaaf6977/images/000']
照ノ富士、横浜市に相撲場を寄贈　子どもに「この土俵で鍛えて」（共同通信）,https://news.yahoo.co.jp/articles/d410aca4794da99c0b4607e9b0289bccd55c54c4,https://newsatcl-pctr.c.yimg.jp/t/amd-img/20240408-00000144-kyodonews-000-3-view.jpg?exp=10800,2024-04-08T18:48:19+09:00,2024-04-08T19:04:52+09:00,共同通信,kyodonews,共同通信,317,\n横浜市の山中竹春市長（右）に目録を手渡す横綱照ノ富士関＝8日午後、横浜市役所\n子どもたちに相撲へ興味を持ってもらい、競技人口を増やすことにつなげようと、大相撲の横綱照ノ富士関（32）が横浜市の公園内に相撲場を建設して寄贈することを決め、市役所で8日、山中竹春市長に目録を手渡した。照ノ富士関は「この土俵で鍛えて、いずれ強い関取が横浜市から出ることを楽しみにしている」と話した。\n\n 市によると、一辺6.7メートルの正方形で中央に土俵があり、屋根付きとなる見込み。2024年度内に日産スタジアムなどがある港北区の「新横浜公園」に完成予定。山中市長は「子どもたちの交流の場、成長の場となることを願っている」と話し、謝意を示した。,['https://newsatcl-pctr.c.yimg.jp/t/amd-img/20240408-00000144-kyodonews-000-3-view.jpg?pri=l&w=640&h=427&exp=10800'],['https://news.yahoo.co.jp/articles/d410aca4794da99c0b4607e9b0289bccd55c54c4/images/000']
南極観測船「しらせ」が帰国　母港・横須賀、家族ら出迎え（共同通信）,https://news.yahoo.co.jp/articles/da617ee7850833570cf3d6368ec2640c9554a0cb,https://newsatcl-pctr.c.yimg.jp/t/amd-img/20240408-00000143-kyodonews-000-3-view.jpg?exp=10800,2024-04-08T18:44:57+09:00,2024-04-08T19:00:56+09:00,共同通信,kyodonews,共同通信,328,\n帰国した南極観測船「しらせ」＝8日午後、神奈川県横須賀市\n第65次南極観測隊などを乗せ南極圏で活動した観測船「しらせ」が8日、母港の横須賀港（神奈川県横須賀市）に戻った。海上自衛隊横須賀基地では式典が開かれ、出迎えに集まった海自隊員の家族や関係者ら計約400人が帰国を祝った。\n\n 運航した海自によると、しらせは昨年11月10日に横須賀基地を出発。オーストラリア西部の港に寄った後、昭和基地沖に向かい、南極圏で約100日間にわたり物資や人員の輸送に当たった。観測隊員はオーストラリアから空路で帰国した。\n\n 鬼木誠防衛副大臣は式典で「大変な苦労があったと聞いている。過酷な自然環境下でも訓練の成果を発揮し、立派に任務を完遂した」とねぎらった。,['https://newsatcl-pctr.c.yimg.jp/t/amd-img/20240408-00000143-kyodonews-000-3-view.jpg?pri=l&w=640&h=439&exp=10800'],['https://news.yahoo.co.jp/articles/da617ee7850833570cf3d6368ec2640c9554a0cb/images/000']
新入幕V尊富士、稽古再開できず　右足首負傷「歩くのがやっと」（共同通信）,https://news.yahoo.co.jp/articles/6e653c56fbfd2152ea77ca4a67100ed898e36beb,https://newsatcl-pctr.c.yimg.jp/t/amd-img/20240408-00000142-kyodonews-000-19-view.jpg?exp=10800,2024-04-08T18:43:30+09:00,2024-04-09T00:34:36+09:00,共同通信,kyodonews,共同通信,310,\n尊富士\n大相撲の伊勢ケ浜親方（元横綱旭富士）は8日、春場所で110年ぶりの新入幕優勝を果たした尊富士が右足首負傷により、まだ稽古を再開できていないと明らかにした。「だいぶ良くはなっているが、まだ歩くのがやっと。病院に行ってリハビリもしている」と現状を説明した。\n【写真】涙を流す尊富士「この先、終わってもいいと思った」激痛に耐え快挙 3月\n9日に25歳となる尊富士は春場所14日目に右足首を痛めながら、千秋楽は強行出場して快挙を達成。春巡業は最初から休場しており、伊勢ケ浜親方は「調整はしているが、そんなに簡単には治らない。靱帯が伸びてしまって、1週間や2週間で治ったら超人だ」と途中合流に慎重な見解を示した。,['https://newsatcl-pctr.c.yimg.jp/t/amd-img/20240408-00000142-kyodonews-000-19-view.jpg?pri=l&w=455&h=640&exp=10800'],"['https://news.yahoo.co.jp/articles/6e653c56fbfd2152ea77ca4a67100ed898e36beb/images/000', 'https://www.47news.jp/relation/2024040711']"
地震被災の生徒、新たな一歩　石川県立高で入学式（共同通信）,https://news.yahoo.co.jp/articles/b306767f6aa6c903ef1f9eac321332bc90bdda73,https://newsatcl-pctr.c.yimg.jp/t/amd-img/20240408-00000140-kyodonews-000-3-view.jpg?exp=10800,2024-04-08T18:25:43+09:00,2024-04-08T18:45:43+09:00,共同通信,kyodonews,共同通信,318,\n入学式を終え、退場する飯田高の新入生＝8日午後、石川県珠洲市\n石川県立高の入学式が8日、行われた。能登半島地震の被災地では避難や転居で地元を離れた子どもも多く、生徒が減少した学校もあった。それでも新入生は「地域貢献したい」「数学を勉強したい」と思いをはせ、新たな一歩を踏み出した。\n\n 1923年に創立した輪島市の輪島高には昨年より14人少ない76人が入学し、平野敏校長が式辞で「101年間で最も少ない」と説明。同校を選んだ新入生と保護者に感謝を述べた後、「未来を生きるために必要な力を3年間で学んでほしい」と呼びかけた。\n\n 珠洲市の飯田高では地震後在校生が20人以上転校するなどし、新入生は例年から半減し51人だった。,['https://newsatcl-pctr.c.yimg.jp/t/amd-img/20240408-00000140-kyodonews-000-3-view.jpg?pri=l&w=640&h=426&exp=10800'],['https://news.yahoo.co.jp/articles/b306767f6aa6c903ef1f9eac321332bc90bdda73/images/000']
「子ども中心の学校づくりを」　姫路市教育長就任の元TBSアナ（共同通信）,https://news.yahoo.co.jp/articles/bc262572e8b7828e2cd240c3ac099ffabe9be2ae,https://newsatcl-pctr.c.yimg.jp/t/amd-img/20240408-00000141-kyodonews-000-3-view.jpg?exp=10800,2024-04-08T18:32:16+09:00,2024-04-08T18:57:16+09:00,共同通信,kyodonews,共同通信,340,\n兵庫県姫路市の教育長に就任し、市役所で記者会見する元TBSアナウンサーの久保田智子氏＝8日午後\n兵庫県姫路市の教育長に1日付で就任した元TBSアナウンサーの久保田智子氏（47）が8日、市役所で記者会見し「子ども中心の学校づくりを進める。まずは教員の働き方改革を進め、その上で不登校対策などの課題に取り組みたい」と抱負を述べた。任期は3年。\n\n 久保田氏は広島県出身で、同社でアナウンサーや報道局デジタル編集部次長などを務めた。米国の大学院に留学し、関係者から話を聞き記録する「オーラル・ヒストリー」を専攻。帰国後の2019年から4年間、私立姫路女学院中高（姫路市）で外部講師を務めた。\n\n 清元秀泰市長が昨年、教育長就任を打診。久保田氏は受諾し、先月同社を退社した。,['https://newsatcl-pctr.c.yimg.jp/t/amd-img/20240408-00000141-kyodonews-000-3-view.jpg?pri=l&w=640&h=537&exp=10800'],['https://news.yahoo.co.jp/articles/bc262572e8b7828e2cd240c3ac099ffabe9be2ae/images/000']
ラブドール無断購入で免職　徳島県職員イベントに使用（共同通信）,https://news.yahoo.co.jp/articles/6fe2a23e5625afbb087fce211fb3a15303c78cb6,https://newsatcl-pctr.c.yimg.jp/t/amd-img/20240408-00000138-kyodonews-000-4-view.jpg?exp=10800,2024-04-08T18:23:02+09:00,2024-04-08T22:53:48+09:00,共同通信,kyodonews,共同通信,393,\n藍染めのPRイベントで展示された成人用玩具「ラブドール」（徳島県提供）\n徳島県は8日、成人用玩具「ラブドール」を無断で購入し、2017年に開いた藍染めのPRイベントで衣装を着せて展示したほか、不適切な会計処理で県の信用を失墜させたなどとして、林業振興課の係長（46）を懲戒免職処分にした。\n\n 県によると、観光政策課に在籍していた17年7月に約1カ月間、等身大のラブドールに藍染めの衣装を着せて展示した。購入費用は約42万円でラブドールであることは県には報告していなかった。「藍染めは地味なので、効果的なPRを検討した」と話しているという。ほかにも17～19年度に不適切な会計処理を行った。\n\n 係長はこれとは別に、イベントの物品製作名目で架空契約を結ぼうと虚偽文書を作成したとして、今年2月、徳島県警に虚偽有印公文書作成・同行使容疑で書類送検され、起訴猶予処分となった。,['https://newsatcl-pctr.c.yimg.jp/t/amd-img/20240408-00000138-kyodonews-000-4-view.jpg?exp=10800'],['https://news.yahoo.co.jp/articles/6fe2a23e5625afbb087fce211fb3a15303c78cb6/images/000']
街角景気、2カ月ぶり悪化　長引く物価高が重荷に（共同通信）,https://news.yahoo.co.jp/articles/4010ecc8b7cb8ef48eeb673afb7fadaf1bd1a719,https://newsatcl-pctr.c.yimg.jp/t/amd-img/default.jpg?exp=10800,2024-04-08T18:19:57+09:00,2024-04-08T18:36:52+09:00,共同通信,kyodonews,共同通信,285,\n内閣府が8日発表した3月の景気ウオッチャー調査は、街角の景気実感を示す現状判断指数（季節調整値）が前月比1.5ポイント低下の49.8となり、2カ月ぶりに悪化した。長引く物価高が重荷となった。景気判断は「緩やかな回復基調が続いているものの、一服感がみられる。能登半島地震の影響もみられる」と前月から据え置いた。\n\n 項目別指数は家計動向、企業動向がともに低下した。「気温が低い影響で、婦人服関係は春物が動いていないほか、商品の値上げの影響もあって厳しい状況」（近畿の百貨店）との声があった。\n\n 調査期間は3月25～31日。全国の1820人から有効回答を得た。,[],[]
市民団体、岸田首相を告発へ　「祝う会」巡り、広島（共同通信）,https://news.yahoo.co.jp/articles/0dff61db3ec9bd761057bb884b5a19c351327ec5,https://newsatcl-pctr.c.yimg.jp/t/amd-img/20240408-00000139-kyodonews-000-3-view.jpg?exp=10800,2024-04-08T18:24:03+09:00,2024-04-08T18:40:52+09:00,共同通信,kyodonews,共同通信,327,\n記者会見する「岸田首相を刑事告発する会」の山根岩男さん（右から2人目）ら＝8日午後、広島市\n2022年に岸田文雄首相の就任を祝う会を主催した団体が、収益の一部とみられる資金を岸田氏の関連政治団体に寄付していた問題で、広島県の市民団体は8日、広島市で記者会見を開き、岸田氏と後援会代表者ら4人を政治資金規正法違反の疑いで、広島地検に告発状を提出すると発表した。\n\n 団体は「岸田首相を刑事告発する会」。今回の問題を巡っては、神戸学院大の上脇博之教授が2月、岸田氏の後援会が祝う会の主催を偽った上、後援会の政治資金収支報告書に虚偽記入したなどとして広島地検に告発。これを受け、市民団体も告発を決めたという。告発人を募り、4月中旬ごろに提出する予定。,['https://newsatcl-pctr.c.yimg.jp/t/amd-img/20240408-00000139-kyodonews-000-3-view.jpg?pri=l&w=640&h=375&exp=10800'],['https://news.yahoo.co.jp/articles/0dff61db3ec9bd761057bb884b5a19c351327ec5/images/000']
小型原子炉開発で日米連携へ　岸田首相出発、10日に首脳会談（共同通信）,https://news.yahoo.co.jp/articles/eb4b4ee356ac8c98f30070bc202e32241fe708dc,https://newsatcl-pctr.c.yimg.jp/t/amd-img/20240408-00000134-kyodonews-000-4-view.jpg?exp=10800,2024-04-08T18:10:58+09:00,2024-04-08T19:47:40+09:00,共同通信,kyodonews,共同通信,495,\n米国に向け羽田空港を出発する岸田首相と妻の裕子さん（左端）＝8日午後\n日米両政府は「小型モジュール炉（SMR）」などの次世代型原発の研究開発で協力する方針を固めた。岸田文雄首相とバイデン米大統領がホワイトハウスで10日に行う首脳会談で合意する見通し。浮体式洋上風力発電の大量生産に向けた産学連携でも一致する。クリーンエネルギー分野で協調するため、閣僚級対話の創設も決める。複数の政府関係者が8日、明らかにした。首相は米国に向け政府専用機で羽田空港を出発した。\n\n 日本の首相が国賓待遇で訪米するのは9年ぶり。岸田政権は、緊密な日米関係を国際社会にアピールする機会と位置付けている。首相は出発前、官邸で記者団に「日米関係が盤石だということを確認したい」と述べた。\n\n 11日の日米フィリピン3カ国による初の首脳会談では、日米でフィリピンでのSMR設置に向けた調査や原子力人材育成を支援することで合意する。フィリピンは電気自動車（EV）の電池の材料などに用いるニッケルが豊富で、サプライチェーン（供給網）の強化も確認する。首脳会談に先立ち、閣僚級で議論し、合意事項を擦り合わせる。,['https://newsatcl-pctr.c.yimg.jp/t/amd-img/20240408-00000134-kyodonews-000-4-view.jpg?pri=l&w=640&h=491&exp=10800'],['https://news.yahoo.co.jp/articles/eb4b4ee356ac8c98f30070bc202e32241fe708dc/images/000']
台湾の馬前総統、抗日戦を強調　中国と「共通の歴史」（共同通信）,https://news.yahoo.co.jp/articles/9689ea90ebbebac9361cb42b90a6154c178478e1,https://newsatcl-pctr.c.yimg.jp/t/amd-img/20240408-00000136-kyodonews-000-3-view.jpg?exp=10800,2024-04-08T18:17:15+09:00,2024-04-08T18:39:54+09:00,共同通信,kyodonews,共同通信,336,\n北京郊外の盧溝橋を訪れた台湾の馬英九前総統（手前右）＝8日（馬英九基金会提供・共同）\n【台北共同】中国を訪問中の台湾の馬英九前総統が8日、北京郊外の盧溝橋と中国人民抗日戦争記念館を訪問した。「大陸であろうが台湾であろうが、両岸（中台）の人民はいずれも日本軍の迫害に遭った」と述べ「共通の抗日の歴史」が中台を結び付けていると強調した。\n\n 馬氏は台湾最大野党で対中融和路線の国民党に所属。馬英九基金会や台湾メディアによると「（日中戦争の発端となった1937年の盧溝橋事件の）発生地に来て感無量だ」と表明。抗日戦争は「中華民族の歴史上、最も犠牲の大きい民族防衛戦争だ」と述べた。「国共合作」などを念頭に、台湾と大陸をつなぐのは「共通の抗日の歴史だ」との考えを示した。,['https://newsatcl-pctr.c.yimg.jp/t/amd-img/20240408-00000136-kyodonews-000-3-view.jpg?pri=l&w=640&h=426&exp=10800'],['https://news.yahoo.co.jp/articles/9689ea90ebbebac9361cb42b90a6154c178478e1/images/000']
TSMC、米国に先端第3工場　アリゾナ、政権が1兆円支援（共同通信）,https://news.yahoo.co.jp/articles/61ab26dd465cb5b00d40f86d5a0a8f1278cfbc02,https://newsatcl-pctr.c.yimg.jp/t/amd-img/20240408-00000132-kyodonews-000-3-view.jpg?exp=10800,2024-04-08T18:06:25+09:00,2024-04-08T18:35:57+09:00,共同通信,kyodonews,共同通信,336,\nTSMCが米アリゾナ州フェニックスで建設中の第1工場＝2022年12月（共同）\n【ワシントン共同】バイデン米政権は8日、半導体受託生産の世界最大手、台湾積体電路製造（TSMC）が米アリゾナ州フェニックスに第3工場の建設を計画していると発表した。建設中の第2工場では回路線幅が2ナノメートル（ナノは10億分の1）相当の微細な最先端半導体を生産し、第3工場は2ナノやそれ以上に微細な半導体も視野に、2030年までに建設する。\n\n 米政府はTSMCに最大66億ドル（約1兆円）を提供して支援する。加えて約50億ドルを融資する。総額527億ドルの補助金を盛り込んだ半導体投資法の一環。バイデン大統領は、同法により「米国の半導体製造と雇用が回復しつつある」とコメントした。,['https://newsatcl-pctr.c.yimg.jp/t/amd-img/20240408-00000132-kyodonews-000-3-view.jpg?pri=l&w=640&h=295&exp=10800'],['https://news.yahoo.co.jp/articles/61ab26dd465cb5b00d40f86d5a0a8f1278cfbc02/images/000']
捜査情報漏えい疑い鹿児島県警警察官を逮捕（共同通信）,https://news.yahoo.co.jp/articles/0a7cdd758cb2ff6df7514900c54a3d81e1150cff,https://newsatcl-pctr.c.yimg.jp/t/amd-img/default.jpg?exp=10800,2024-04-08T18:14:05+09:00,2024-04-08T18:30:51+09:00,共同通信,kyodonews,共同通信,85,\n鹿児島県警は8日、事件の容疑者や被害者の実名、捜査状況をまとめた資料などを外部に漏らしたとして、地方公務員法（守秘義務）違反の疑いで49歳の県警警察官の男を逮捕した。,[],[]
ビッグモーター書類送検、山口　街路樹切断、元店長らも（共同通信）,https://news.yahoo.co.jp/articles/4c79d62b26575cd7df59fec4120a03506cb7e39a,https://newsatcl-pctr.c.yimg.jp/t/amd-img/default.jpg?exp=10800,2024-04-08T18:08:57+09:00,2024-04-08T18:24:52+09:00,共同通信,kyodonews,共同通信,290,\n中古車販売大手ビッグモーターの店舗周辺の街路樹を切断し、道路を損傷したとして、山口県警は8日、道路法違反と器物損壊の疑いで、宇部店（同県宇部市）の元店長の男性（50）と50～70代の男性アルバイト3人の計4人を書類送検し、道路法違反容疑で法人としてのビッグモーターも書類送検した。\n\n 書類送検容疑は2021年11月15日、元店長ら4人は共謀して、ビッグモーター宇部店前の植樹帯のハクチョウゲ数十本を伐採するなどした疑い。いずれも容疑を認めている。\n\n 県警によると、元店長は「環境整備の一環で自分の判断でやった」と供述。実行した男らも「店長からの指示」と話している。,[],[]
天童駅前に駒モニュメント、山形　羽生善治氏「将棋の街実感して」（共同通信）,https://news.yahoo.co.jp/articles/0b42b4181d90401a12d2b5dcfbd20059046c88a6,https://newsatcl-pctr.c.yimg.jp/t/amd-img/20240408-00000130-kyodonews-000-3-view.jpg?exp=10800,2024-04-08T17:45:36+09:00,2024-04-08T18:02:52+09:00,共同通信,kyodonews,共同通信,349,\n設置された将棋の駒のモニュメントの前で、記念撮影に応じる日本将棋連盟の羽生善治会長（右）＝8日午後\n将棋の駒生産量日本一を誇る山形県天童市のJR天童駅前広場に駒のモニュメントが設置され、8日に除幕式が開かれた。「王将」などの文字を揮毫した日本将棋連盟の羽生善治会長が出席し「訪れた人が、将棋の街だと実感してもらえれば」とあいさつした。\n\n 将棋盤をイメージした台座の上に「王将」「将棋のまち天童」「克己復礼」と刻まれた三つの駒が並ぶ。私情や欲望に打ち勝ち、礼儀にかなった行為をするという意味の克己復礼は、羽生会長が選んだ言葉だ。\n\n 天童市が、2023年度に市制施行65周年を迎えたことを記念し設置。同市には、昭和を代表する棋士、故大山康晴15世名人が揮毫した別のモニュメントがある。,['https://newsatcl-pctr.c.yimg.jp/t/amd-img/20240408-00000130-kyodonews-000-3-view.jpg?pri=l&w=640&h=446&exp=10800'],['https://news.yahoo.co.jp/articles/0b42b4181d90401a12d2b5dcfbd20059046c88a6/images/000']
東京円、151円台後半（共同通信）,https://news.yahoo.co.jp/articles/4a54810afd497a4d8ab59e4ddd99d8c746fa7e5f,https://newsatcl-pctr.c.yimg.jp/t/amd-img/default.jpg?exp=10800,2024-04-08T17:59:35+09:00,2024-04-08T18:16:52+09:00,共同通信,kyodonews,共同通信,258,\n週明け8日の東京外国為替市場の円相場は、1ドル＝151円台後半で取引された。\n\n 午後5時現在は前週末比54銭円安ドル高の1ドル＝151円87～88銭。ユーロは49銭円安ユーロ高の1ユーロ＝164円51～55銭。\n\n 米労働市場の堅調さが意識され、米連邦準備制度理事会（FRB）による早期利下げ観測がやや後退。日米金利差の拡大をにらみ、運用に有利なドル買いが優勢だった。\n\n 市場では「円安進行に歯止めをかける政府・日銀による為替介入を警戒し、値動きは限定的だった」（外為ブローカー）との声があった。,[],[]
首相が米国に向け羽田空港を出発（共同通信）,https://news.yahoo.co.jp/articles/50f7420b83e9edb9a5e950d6787622176885c224,https://newsatcl-pctr.c.yimg.jp/t/amd-img/default.jpg?exp=10800,2024-04-08T17:43:45+09:00,2024-04-08T18:00:52+09:00,共同通信,kyodonews,共同通信,31,\n岸田首相は8日、米国へ向け政府専用機で羽田空港を出発した。,[],[]
健康被害で入院212人に　小林製薬の紅こうじサプリ（共同通信）,https://news.yahoo.co.jp/articles/75bc6b81d2ea8b70be5994c2290bb74674b0e89e,https://newsatcl-pctr.c.yimg.jp/t/amd-img/default.jpg?exp=10800,2024-04-08T17:40:10+09:00,2024-04-08T17:56:52+09:00,共同通信,kyodonews,共同通信,228,\n厚生労働省は8日、小林製薬の「紅こうじ」サプリメントに関する健康被害の入院者が、7日時点で、退院した人を含め計212人になったと同社から報告を受けたと明らかにした。医療機関を受診した人は計1224人。同社への相談件数は約5万3千件となった。\n\n 国のコールセンターには7日までに3200件超の相談があった。国は電話番号を9日からフリーダイヤルに変更する。新しい番号は（0120）388687。受付時間は変わらず、土日や祝日を含め午前9時～午後9時。,[],[]
山口県警、ビッグモーターを書類送検（共同通信）,https://news.yahoo.co.jp/articles/08a0bc00ccdc692d110177aafb4c04d312a3e49d,https://newsatcl-pctr.c.yimg.jp/t/amd-img/default.jpg?exp=10800,2024-04-08T17:38:40+09:00,2024-04-08T17:54:57+09:00,共同通信,kyodonews,共同通信,100,\n中古車販売大手ビッグモーターの店舗周辺の街路樹を切断し、道路を損傷したとして、山口県警は8日、道路法違反などの疑いで宇部店の元店長ら4人を、また、同容疑で法人としてのビッグモーターを書類送検した。,[],[]
41校の学部新設など諮問　文科相、25年度開設予定（共同通信）,https://news.yahoo.co.jp/articles/e9aab242f9d17c9cc500f1e9906fd762803673bf,https://newsatcl-pctr.c.yimg.jp/t/amd-img/20240408-00000124-kyodonews-000-3-view.jpg?exp=10800,2024-04-08T17:37:20+09:00,2024-04-08T18:33:30+09:00,共同通信,kyodonews,共同通信,187,\n文部科学省などが入る建物\n盛山正仁文部科学相は8日、2025年度に学部や大学院などの設置を計画している公私立の大学・短大延べ41校の認可について大学設置・学校法人審議会に諮問した。答申は8月末ごろの見通し。\n\n 学部設置を計画しているのは公立2校と私立11校。福井県立大は恐竜学部、事業創造大学院大は情報デザイン学部、岡山学院大はデジタル生活学部の設置を申請した。,['https://newsatcl-pctr.c.yimg.jp/t/amd-img/20240408-00000124-kyodonews-000-3-view.jpg?pri=l&w=488&h=640&exp=10800'],['https://news.yahoo.co.jp/articles/e9aab242f9d17c9cc500f1e9906fd762803673bf/images/000']
東日本太平洋側、雷雨恐れ　土砂災害や河川氾濫警戒（共同通信）,https://news.yahoo.co.jp/articles/07d030ab066ec7886b6d8b612b0d450acdce58dc,https://newsatcl-pctr.c.yimg.jp/t/amd-img/20240408-00000126-kyodonews-000-3-view.jpg?exp=10800,2024-04-08T17:37:59+09:00,2024-04-08T17:54:52+09:00,共同通信,kyodonews,共同通信,263,\n気象庁＝東京都港区虎ノ門\n低気圧や前線の影響で9日にかけて、東日本太平洋側を中心に雷を伴った非常に激しい雨が降る恐れがあるとして、気象庁は8日、土砂災害や低い土地の浸水、河川の氾濫に警戒を呼びかけた。\n\n 気象庁によると、前線が東シナ海から日本のはるか東に延び、低気圧が発達しながら西日本から東日本の南岸を北東に進む見込み。低気圧や前線に暖かく湿った空気が流れ込むため、大気の状態が不安定となる。\n\n 9日午後6時までの24時間に予想される雨量は多い所で、東海200ミリ、関東甲信180ミリ、伊豆諸島120ミリ。,['https://newsatcl-pctr.c.yimg.jp/t/amd-img/20240408-00000126-kyodonews-000-3-view.jpg?pri=l&w=468&h=640&exp=10800'],['https://news.yahoo.co.jp/articles/07d030ab066ec7886b6d8b612b0d450acdce58dc/images/000']
前江東区長の立候補禁止求め提訴　柿沢氏の有罪確定で東京高検（共同通信）,https://news.yahoo.co.jp/articles/d40179fa0c835ddb973e94ef20e0aff96881fc7b,https://newsatcl-pctr.c.yimg.jp/t/amd-img/default.jpg?exp=10800,2024-04-08T17:37:11+09:00,2024-04-08T18:34:27+09:00,共同通信,kyodonews,共同通信,270,\n昨年4月の東京都江東区長選を巡る公選法違反事件で、柿沢未途元衆院議員の有罪判決が確定したことを受け、東京高検は8日、前区長木村弥生被告（58）＝同法違反罪で公判中＝に連座制を適用し、区長選への立候補を5年間禁止するよう求める行政訴訟を東京高裁に起こした。訴訟は提訴の受理から100日以内に判決を出すよう努める「百日裁判」で審理される。\n\n 検察側は、柿沢元議員が連座制の対象となる「組織的選挙運動管理者」に当たるとしている。\n\n 東京地裁は今年3月、公選法違反（買収など）の罪で懲役2年、執行猶予5年の判決を言い渡し、確定した。,[],[]
倒産31％増、9年ぶり水準　23年度、物価高や人手不足響く（共同通信）,https://news.yahoo.co.jp/articles/6df684edc72ecd471c67592fa31248cfe0d34585,https://newsatcl-pctr.c.yimg.jp/t/amd-img/20240408-00000123-kyodonews-000-3-view.jpg?exp=10800,2024-04-08T17:30:46+09:00,2024-04-08T18:54:17+09:00,共同通信,kyodonews,共同通信,451,\n全国の企業倒産件数の推移\n東京商工リサーチが8日発表した2023年度の全国の企業倒産（負債額1千万円以上）は、前年度比31.6％増の9053件だった。増加は2年連続で、9年ぶりに9千件台に乗せた。新型コロナウイルス対応のための政府の資金繰り支援策、実質無利子・無担保融資（ゼロゼロ融資）の返済が本格化する中、物価高や人手不足が響いた。\n\n 倒産件数は20～22年度に、資金繰り支援で比較的低位に推移したが、23年度はコロナ禍前の水準に戻った。東京商工リサーチの担当者は今後について、過剰債務に陥っている企業を中心に、夏場を境に増加傾向が強まる可能性を指摘する。日銀のマイナス金利解除で金融機関の貸出金利の上昇が見込まれるためだ。\n\n 23年度の負債総額は6.0％増の2兆4630億円。1億円未満の小規模倒産が目立つ。大型倒産は特別清算を申請したパナソニック液晶ディスプレイ（兵庫県）の5836億円が最大。次いで民事再生法の適用を申請したユニゾホールディングス（東京）の1261億円だった。,['https://newsatcl-pctr.c.yimg.jp/t/amd-img/20240408-00000123-kyodonews-000-3-view.jpg?pri=l&w=640&h=437&exp=10800'],['https://news.yahoo.co.jp/articles/6df684edc72ecd471c67592fa31248cfe0d34585/images/000']
伊勢ケ浜部屋へ合流後、初稽古　宮城野勢、元横綱白鵬も指導（共同通信）,https://news.yahoo.co.jp/articles/6b664d24815945e71735473673a1dd0f4614ece5,https://newsatcl-pctr.c.yimg.jp/t/amd-img/20240408-00000122-kyodonews-000-3-view.jpg?exp=10800,2024-04-08T17:28:54+09:00,2024-04-08T18:20:32+09:00,共同通信,kyodonews,共同通信,503,\n外の駐車場で筋力トレーニングに励む伊勢ケ浜部屋の力士たち＝8日、東京都江東区\n大相撲の元幕内北青鵬の暴力問題で当面閉鎖となった宮城野部屋の力士らが転籍した伊勢ケ浜部屋は8日、東京都江東区の部屋で合流後初の稽古を実施し、1日から部屋付きとなった宮城野親方（元横綱白鵬）は自らの希望で稽古用の白まわしを締めて指導した。同親方は「久しぶりですね」と話した。\n\n 稽古は非公開で行われ、師匠の伊勢ケ浜親方（元横綱旭富士）が明らかにした。「45度優勝した横綱のスキルを力士たちに伝えてほしい。今日もまわしの取り方や切り方を教えていた。みんな気合を入れて稽古していた」と語った。\n\n 転籍に伴い、伊勢ケ浜部屋の力士は角界一の大所帯となる約40人に増加。4時間半程度に及んだ稽古中には、幕内錦富士や十両宝富士らがスペースの関係から外の駐車場で筋力トレーニングに励む光景も見られた。\n\n 宮城野部屋は将来的に再興する可能性はあるが、閉鎖の期間は定められていない。伊勢ケ浜親方は「日本相撲協会や部屋のルールを守ってやるしかない。きちんと部屋持ちの親方としてやっていけるように」と宮城野親方に出直しを求めた。,['https://newsatcl-pctr.c.yimg.jp/t/amd-img/20240408-00000122-kyodonews-000-3-view.jpg?pri=l&w=640&h=433&exp=10800'],['https://news.yahoo.co.jp/articles/6b664d24815945e71735473673a1dd0f4614ece5/images/000']
広島市長、新たに憲法前文引用　教育勅語も、研修講話資料で（共同通信）,https://news.yahoo.co.jp/articles/0694d33ee4cf8b88d8bc71715a92493ff28addec,https://newsatcl-pctr.c.yimg.jp/t/amd-img/20240408-00000121-kyodonews-000-3-view.jpg?exp=10800,2024-04-08T17:25:37+09:00,2024-04-08T18:09:38+09:00,共同通信,kyodonews,共同通信,318,\n広島市が2024年度の新規採用職員研修で使った資料。戦前の教育勅語（左）と日本国憲法前文の一部を引用している\n広島市は8日、2024年度の新規採用職員研修で松井一実市長が講話に使った資料を明らかにした。これまでの研修で引用してきた戦前の「教育勅語」に加え、今回は新たに日本国憲法前文の一部の引用を追加した。職員に心構えや市の施策を説明する内容で、8日の研修で配布された。\n\n 資料は、従来と同様に「生きていく上での心の持ち方」と題して「先輩が作り上げたもので良いものはしっかりと受け止め、後輩につなぐことが重要」として教育勅語を英訳付きで引用。続けて、憲法前文のうち平和主義と国際協調に関連する一部を抜粋、英訳付きで掲載した。,['https://newsatcl-pctr.c.yimg.jp/t/amd-img/20240408-00000121-kyodonews-000-3-view.jpg?pri=l&w=640&h=422&exp=10800'],['https://news.yahoo.co.jp/articles/0694d33ee4cf8b88d8bc71715a92493ff28addec/images/000']
医師の情報共有アプリ提供　キヤノン系、働き方改革へ（共同通信）,https://news.yahoo.co.jp/articles/a4e0aa316c337806236eff7605257941309f8a7c,https://newsatcl-pctr.c.yimg.jp/t/amd-img/default.jpg?exp=10800,2024-04-08T17:18:49+09:00,2024-04-08T17:34:52+09:00,共同通信,kyodonews,共同通信,294,\nキヤノングループで医療向けITサービスを手がけるキヤノンITSメディカルは8日、病院の内外で医師や看護師による患者の情報共有を支援するアプリサービスを6月3日から始めると発表した。デジタル技術の活用で、長時間労働が常態化している医師の働き方改革に加え、医療の質の向上につなげる狙いがある。\n\n 医師や看護師など複数の関係者がチャットでやりとりでき、患者の状況や診療内容を正確に共有できるという。不要不急な医師の呼び出しを減らせるとの期待もある。個別に既読を確認できる機能も持たせ、セキュリティー面も強化した。\n\n キヤノンITSメディカルは既に医療画像サービスを展開している。,[],[]
東都野球連盟の理事長辞任　不倫疑惑報道（共同通信）,https://news.yahoo.co.jp/articles/27dbe3f2f8cdca6d71e082aa8cb8332fa2a79d50,https://newsatcl-pctr.c.yimg.jp/t/amd-img/20240408-00000117-kyodonews-000-3-view.jpg?exp=10800,2024-04-08T17:08:47+09:00,2024-04-08T17:24:52+09:00,共同通信,kyodonews,共同通信,235,\n東都大学野球連盟の新理事長に就任し、取材に応じた樫山和男氏＝8日、神宮球場\n東都大学野球連盟は8日、一部の週刊誌に不倫疑惑を報じられた樋越勉氏（66）の理事長辞任と、副理事長を務めていた中大の樫山和男教授（64）の理事長就任を発表した。\n\n 樫山新理事長は春季リーグの開幕戦が行われた神宮球場で取材に応じ「（樋越氏からは）連盟に迷惑をかけたと辞任の申し出があった。今後はこのようなことのないように綱紀粛正を図る」と話した。樫山氏は中大の野球部部長を務めている。,['https://newsatcl-pctr.c.yimg.jp/t/amd-img/20240408-00000117-kyodonews-000-3-view.jpg?pri=l&w=517&h=640&exp=10800'],['https://news.yahoo.co.jp/articles/27dbe3f2f8cdca6d71e082aa8cb8332fa2a79d50/images/000']
眼鏡レンズ供給遅れ長期化へ　東海光学、ニコンに注文殺到（共同通信）,https://news.yahoo.co.jp/articles/a1c9b2a000e744c1ab631064da935051bf9472bd,https://newsatcl-pctr.c.yimg.jp/t/amd-img/20240408-00000118-kyodonews-000-15-view.jpg?exp=10800,2024-04-08T17:10:23+09:00,2024-04-08T20:11:31+09:00,共同通信,kyodonews,共同通信,323,\nシステム障害と影響のイメージ\n眼鏡レンズを製造する東海光学（愛知県岡崎市）やニコンのグループ会社でレンズの供給遅れが生じていることが8日、分かった。同業大手HOYAのシステム障害の余波で注文が殺到して生産能力を超え、遅延がドミノ倒しのように広がった。眼鏡チェーン店を中心に一部の眼鏡が入手できない問題が長期化するのは必至だ。\n眼鏡レンズの受注停止広がる 供給元HOYAでシステム障害 4日\n東海光学は眼鏡店側に4日程度の供給遅れを通知した。注文が集中する状況が「2週間以上は続く見込み」としている。東海光学によると、同社のレンズのシェアは国内で16％を占める。ニコングループのニコン・エシロール（東京）も納入の遅れを余儀なくされている。,['https://newsatcl-pctr.c.yimg.jp/t/amd-img/20240408-00000118-kyodonews-000-15-view.jpg?pri=l&w=640&h=331&exp=10800'],"['https://news.yahoo.co.jp/articles/a1c9b2a000e744c1ab631064da935051bf9472bd/images/000', 'https://www.47news.jp/relation/2024040807']"
政治家の報道介入防止策求める　テレ朝HDに株主提案（共同通信）,https://news.yahoo.co.jp/articles/c84dc9be37c67379ab81f83150713ad64fcd2bca,https://newsatcl-pctr.c.yimg.jp/t/amd-img/20240408-00000119-kyodonews-000-3-view.jpg?exp=10800,2024-04-08T17:13:28+09:00,2024-04-08T17:29:25+09:00,共同通信,kyodonews,共同通信,341,\n記者会見する「テレビ輝け！市民ネットワーク」のメンバーら＝8日午後、東京都港区\nテレビジャーナリズムの萎縮を防ぐことを目的とした市民グループ「テレビ輝け！市民ネットワーク」が8日、テレビ朝日HDに対し、政治家らによる報道への介入防止策などを、同社の定款に追加するよう求める株主提案を行った。\n\n 同グループは、政権による放送内容への干渉の形跡が、在京各局の中でもテレビ朝日で特に著しいと主張。株主提案を行うため、テレ朝を傘下に持つテレ朝HDの株式取得を進めてきた。これまでに約50人が同社株を計約6千万円分（当時）購入したという。\n\n 東京都内で会見した、グループ共同代表で元文部科学事務次官の前川喜平氏は「市民の力で、メディアを立ち直らせる新たな取り組み」と語った。,['https://newsatcl-pctr.c.yimg.jp/t/amd-img/20240408-00000119-kyodonews-000-3-view.jpg?pri=l&w=640&h=377&exp=10800'],['https://news.yahoo.co.jp/articles/c84dc9be37c67379ab81f83150713ad64fcd2bca/images/000']
盤石な日米関係を世界に発信すると首相（共同通信）,https://news.yahoo.co.jp/articles/913f0ba0f29bbab6d4000585c19e34db825b168a,https://newsatcl-pctr.c.yimg.jp/t/amd-img/default.jpg?exp=10800,2024-04-08T17:05:47+09:00,2024-04-08T17:22:52+09:00,共同通信,kyodonews,共同通信,80,\n岸田文雄首相は8日、国賓待遇での米国訪問出発を前に、官邸で「日米関係が盤石だということを確認したい。それを世界に発信する重要な機会になる」と記者団に述べた。,[],[]
警視総監と交通ルール学ぶ　新小学1年生、横断歩道一緒に（共同通信）,https://news.yahoo.co.jp/articles/8ba8cffcccc9bf6dda6207499d6efb47dd682e79,https://newsatcl-pctr.c.yimg.jp/t/amd-img/20240408-00000116-kyodonews-000-3-view.jpg?exp=10800,2024-04-08T17:06:10+09:00,2024-04-08T17:22:57+09:00,共同通信,kyodonews,共同通信,354,\n根津小学校の新1年生らと手を上げて横断歩道を渡る警視庁の緒方禎己警視総監（右から4人目）＝8日午後、東京都文京区\n春の全国交通安全運動（6～15日）に合わせ、東京都文京区立根津小学校の新1年生が8日、警視庁の緒方禎己警視総監から交通ルールを学び、一緒に手を上げて近くの横断歩道を渡った。\n\n 緒方総監は入学式を終えたばかりの約50人の新1年生らに、道路を渡るときは横断歩道を歩くこと、信号が青になったら渡ること、青になっても飛び出さないことの「三つの約束」を伝えた。保護者には「通学路の危険箇所を確認してほしい」と求め、自転車に乗る際のヘルメットの重要性も訴えた。\n\n 元気よく手を上げて緒方総監と横断歩道を渡った三島山楠君（6）は「手を真っすぐ上げるように教わった。楽しかった」とはにかんだ。,['https://newsatcl-pctr.c.yimg.jp/t/amd-img/20240408-00000116-kyodonews-000-3-view.jpg?pri=l&w=640&h=469&exp=10800'],['https://news.yahoo.co.jp/articles/8ba8cffcccc9bf6dda6207499d6efb47dd682e79/images/000']
元従業員の遺体埋めた疑い、青森　勤務先の役員ら逮捕（共同通信）,https://news.yahoo.co.jp/articles/93f7ac2f546e0973aaa01f9543699c047ef3b843,https://newsatcl-pctr.c.yimg.jp/t/amd-img/default.jpg?exp=10800,2024-04-08T17:04:08+09:00,2024-04-08T17:20:52+09:00,共同通信,kyodonews,共同通信,216,\n青森県七戸町の土中にプラスチック容器に入れた男性（54）の遺体を遺棄したとして、県警は8日、死体遺棄の疑いで、男性がかつて勤務していた同町の運送会社役員十枝内伸一郎容疑者（47）と、会社員竹内洋容疑者（45）を再逮捕した。県警は殺人の疑いがあるとして、七戸署に捜査本部を設置した。\n\n 逮捕容疑は2月上旬ごろ、七戸町家ノ下の私有地で、同町上平、トラック運転手谷名幸児さんの遺体が入った容器に土砂をかぶせて埋め、遺棄した疑い。,[],[]
熊本大とTSMCが連携協定　半導体の研究や人材育成（共同通信）,https://news.yahoo.co.jp/articles/60e5825526f101e900e1a186ded27cd397d56956,https://newsatcl-pctr.c.yimg.jp/t/amd-img/20240408-00000114-kyodonews-000-3-view.jpg?exp=10800,2024-04-08T17:04:54+09:00,2024-04-08T17:46:33+09:00,共同通信,kyodonews,共同通信,348,\n連携協定を締結し、手を取り合うTSMCの張孟凡技術研究ディレクター（左）と熊本大の小川久雄学長＝8日午前、熊本市\n熊本大は8日、熊本県菊陽町に進出した半導体受託生産の世界最大手、台湾積体電路製造（TSMC）と連携協定を結んだと発表した。3月21日付で、半導体の研究や技術者育成で協力する。熊本市で記者会見したTSMCの張孟凡技術研究ディレクターは「日本の人材育成でも主導的な役割を果たしたい」と意気込んだ。\n\n 熊本大が今春に新設した「情報融合学環」と「半導体デバイス工学課程」を中心に、TSMCが4月から講義を行う。今夏には菊陽町の工場や台湾でのインターンシップも予定している。半導体を研究する学生への奨学金も準備する。\n\n TSMCは4月1日付で九州大とも同様の協定を締結した。,['https://newsatcl-pctr.c.yimg.jp/t/amd-img/20240408-00000114-kyodonews-000-3-view.jpg?pri=l&w=640&h=516&exp=10800'],['https://news.yahoo.co.jp/articles/60e5825526f101e900e1a186ded27cd397d56956/images/000']
甲子園で100年前のビールを　記念事業、球場限定発売（共同通信）,https://news.yahoo.co.jp/articles/68ec5118ddc49b31486788cbcc326fbdb1b9c9e9,https://newsatcl-pctr.c.yimg.jp/t/amd-img/20240408-00000112-kyodonews-000-3-view.jpg?exp=10800,2024-04-08T17:02:39+09:00,2024-04-08T17:31:44+09:00,共同通信,kyodonews,共同通信,326,\n今年限定で発売する生ビールの発表会で、記念撮影に応じる販売員＝8日午後、阪神甲子園球場\n阪神甲子園球場は8日、今年限定で発売する生ビール「アサヒクラシック」の発表会を開催した。8月に開場100周年を迎えるのを記念し、100年前の味を再現している。1杯800円で、9日から球場の客席や一部売店で買える。\n\n 記念事業の一環。球場公式スポンサーのアサヒビールと協力し、約3年前から開発を進めた。アサヒビールの前身「大阪麦酒」が売り出し、1924年に流通していたビールを、当時の原材料の配合量や製法を参考に再現した。麦芽とコメを使い、深いコクや苦みが特徴という。\n\n 発表会では、プロ野球阪神タイガースの近本光司外野手を起用したCMを紹介した。,['https://newsatcl-pctr.c.yimg.jp/t/amd-img/20240408-00000112-kyodonews-000-3-view.jpg?pri=l&w=640&h=464&exp=10800'],['https://news.yahoo.co.jp/articles/68ec5118ddc49b31486788cbcc326fbdb1b9c9e9/images/000']
「国スポ」廃止も一つの考え　知事会長、開催地に負担（共同通信）,https://news.yahoo.co.jp/articles/efc2c70362e25790169395a9b36d5c3d56dec959,https://newsatcl-pctr.c.yimg.jp/t/amd-img/20240408-00000111-kyodonews-000-4-view.jpg?exp=10800,2024-04-08T17:00:35+09:00,2024-04-08T17:46:07+09:00,共同通信,kyodonews,共同通信,325,\n記者会見する全国知事会長の村井嘉浩宮城県知事＝8日午前、宮城県庁\n全国知事会長の村井嘉浩宮城県知事は8日の記者会見で、都道府県から開催地の負担が大きいとの声が上がっている「国民スポーツ大会」（国スポ＝旧国民体育大会）について問われ「廃止も一つの考え方だ」と述べた。国スポは日本スポーツ協会や知事会が在り方の見直しを検討している。\n\n 村井氏は負担の例として、選手の派遣旅費や開催地が限られる冬季大会の運営費を列挙。注目度の高い競技でも有名選手があまり出場しない点も挙げて「47都道府県が順番に、年に1度、ほぼ全ての競技の選手を1カ所に集めるのはやめるべきではないか」と指摘した。\n\n 国スポは国民体育大会（国体）が今年から名称変更した。,['https://newsatcl-pctr.c.yimg.jp/t/amd-img/20240408-00000111-kyodonews-000-4-view.jpg?pri=l&w=640&h=506&exp=10800'],['https://news.yahoo.co.jp/articles/efc2c70362e25790169395a9b36d5c3d56dec959/images/000']
米財務長官、訪中成果を強調　関係「より強固になっている」（共同通信）,https://news.yahoo.co.jp/articles/1a0c230a85ec25ea8fdd69437687e0eac2014722,https://newsatcl-pctr.c.yimg.jp/t/amd-img/20240408-00000108-kyodonews-000-3-view.jpg?exp=10800,2024-04-08T16:53:59+09:00,2024-04-08T19:28:22+09:00,共同通信,kyodonews,共同通信,302,\n記者会見するイエレン米財務長官＝8日、北京（ロイター＝共同）\n【ワシントン、北京共同】イエレン米財務長官は8日、訪問先の北京市で記者会見し「米中の関係が昨年と比べてより強固になっているのは間違いない」と述べ、財務長官として2回目の訪中の成果を強調した。中国とのデカップリングを考えていないとの立場も表明した。\n\n イエレン氏は4日から中国を訪問し、李強首相や何立峰副首相らと相次いで会談。「国内経済と世界経済の均衡ある成長」について今後議論を進めることで合意し、中国によるEVなどの過剰生産について協議を進めるとした。イエレン氏は会見で、過剰生産による米国や世界経済への悪影響を改めて指摘した。,['https://newsatcl-pctr.c.yimg.jp/t/amd-img/20240408-00000108-kyodonews-000-3-view.jpg?pri=l&w=640&h=426&exp=10800'],['https://news.yahoo.co.jp/articles/1a0c230a85ec25ea8fdd69437687e0eac2014722/images/000']
大分の学生、売り上げ寄付　起業体験活用、台湾の力に（共同通信）,https://news.yahoo.co.jp/articles/a8fcbac0d91f5a2766e65527ba83745b26a27953,https://newsatcl-pctr.c.yimg.jp/t/amd-img/20240408-00000109-kyodonews-000-3-view.jpg?exp=10800,2024-04-08T16:57:25+09:00,2024-04-08T18:33:08+09:00,共同通信,kyodonews,共同通信,488,\n台湾東部沖地震の支援のため、喫茶店の店頭に設置された募金箱＝7日、大分県別府市\n台湾東部沖地震の被災地を支援しようと、大分県別府市の立命館アジア太平洋大の学生らが、自ら営業する喫茶店の売り上げの一部を台湾に寄付することを決めた。店は、地元商店街が運営する起業体験プログラムを活用して営業。発案者の3年生星野秀宜さん（20）は「少しでも力になれれば」と話し、支援の動きが各地でも広がることを願う。\n\n 店は市内の商店街の一角を借りて4月の土日と祝日に営業、抹茶や和菓子などを提供している。\n\n 大分県杵築市出身の星野さんは2016年の熊本地震で親族が被災した。当時は中学生で「支援したくても、何もできなかった悔しさが残っていた」。3日に台湾を地震が襲い「今なら何かができる」と感じ、地震前から営業する予定だった喫茶店の売り上げから、人件費や材料費を引いた分を全て義援金として寄付することを決定。募金箱も店頭に設置した。\n\n 日本は東日本大震災や能登半島地震で、台湾から支援を受けてきた。留学生が半数近くを占める立命館アジア太平洋大には台湾からの学生も多く通う。,['https://newsatcl-pctr.c.yimg.jp/t/amd-img/20240408-00000109-kyodonews-000-3-view.jpg?pri=l&w=419&h=640&exp=10800'],['https://news.yahoo.co.jp/articles/a8fcbac0d91f5a2766e65527ba83745b26a27953/images/000']
旧統一教会側が即時抗告　質問権行使巡る過料決定に（共同通信）,https://news.yahoo.co.jp/articles/ee5f2ac57665e2723a35edf54040511a0ba84c0e,https://newsatcl-pctr.c.yimg.jp/t/amd-img/default.jpg?exp=10800,2024-04-08T16:58:21+09:00,2024-04-08T17:14:52+09:00,共同通信,kyodonews,共同通信,471,\n世界平和統一家庭連合（旧統一教会）側は8日、宗教法人法に基づく文部科学省の質問権行使に回答を拒否したとして、教団の田中富広会長に過料10万円の支払いを命じた東京地裁決定を不服とし、東京高裁に即時抗告した。\n\n 3月26日の決定で地裁は、教団を巡る22件の民事訴訟の判決で、財産権や人格権を侵害する違法行為が認定され、同様の被害者が少なからずいることが推認されると指摘。質問権行使は宗教法人審議会からの答申も踏まえて行われており適法とし、教団が一部で回答していないと認め「過料を支払わせるべきだ」とした。\n\n 教団側は幹部による刑事事件が存在せず、行使自体が違法と主張した。決定に対し「今回の裁判所の誤りを正していく」との公式見解をホームページで公表していた。\n\n 文科省は2022年11月以降、質問権を計7回行使。「法令に違反して、著しく公共の福祉を害すると明らかに認められる行為」をしたなどとして、教団の解散命令も請求している。東京地裁決定は法令違反について「刑罰法令に限定すべきでなく、民法上の不法行為も含む」と判断した。,[],[]
前江東区長の立候補禁止求め東京高検が提訴（共同通信）,https://news.yahoo.co.jp/articles/086012958a7612e2a8dc01423e3c982359f5491f,https://newsatcl-pctr.c.yimg.jp/t/amd-img/default.jpg?exp=10800,2024-04-08T16:50:09+09:00,2024-04-08T17:06:53+09:00,共同通信,kyodonews,共同通信,110,\n昨年の東京都江東区長選を巡り、柿沢未途元衆院議員の有罪判決が確定したことを受け、東京高検は8日、前区長木村弥生被告（58）に対し連座制を適用し、区長選への立候補を5年間禁止するよう求める行政訴訟を東京高裁に起こした。,[],[]
「紅こうじ」サプリ、入院は計212人に（共同通信）,https://news.yahoo.co.jp/articles/74dbc8a5e7f3d3fa8bda9ae72dff8f045ac4124a,https://newsatcl-pctr.c.yimg.jp/t/amd-img/default.jpg?exp=10800,2024-04-08T16:47:46+09:00,2024-04-08T17:04:52+09:00,共同通信,kyodonews,共同通信,75,\n厚生労働省は8日、小林製薬の「紅こうじ」サプリメントに関する健康被害の入院者が、7日時点で計212人になったと同社から報告を受けたと明らかにした。,[],[]
給与、物価高に追い付かず　23カ月連続、マイナス最長並ぶ（共同通信）,https://news.yahoo.co.jp/articles/038d82d104e7fffa29ae97d94b3481d947665162,https://newsatcl-pctr.c.yimg.jp/t/amd-img/20240408-00000105-kyodonews-000-3-view.jpg?exp=10800,2024-04-08T16:46:14+09:00,2024-04-08T17:24:47+09:00,共同通信,kyodonews,共同通信,308,\n主要産業別の現金給与総額の増減率\n厚生労働省が8日公表した2月の毎月勤労統計調査（速報）によると、物価変動を考慮した従業員1人当たりの実質賃金は前年同月から1.3％減った。マイナスは23カ月連続で、リーマン・ショックによる景気低迷期と並び最長。名目賃金に相当する現金給与総額は1.8％増で26カ月連続のプラスだったが、物価の高騰に追い付かず、給与の伸び率は産業によっても差があった。\n\n 2年近く実質賃金のマイナスが続き家計は厳しさを増す。2024年の春闘では大企業を中心に賃上げが相次いだ。暮らしの改善には、働く人の大半が雇用されている中小企業を含め、持続的な賃金底上げを実現できるかどうかが焦点となる。,['https://newsatcl-pctr.c.yimg.jp/t/amd-img/20240408-00000105-kyodonews-000-3-view.jpg?pri=l&w=640&h=474&exp=10800'],['https://news.yahoo.co.jp/articles/038d82d104e7fffa29ae97d94b3481d947665162/images/000']
川勝氏、10日にも辞職願提出　元静岡県副知事、知事選出馬へ（共同通信）,https://news.yahoo.co.jp/articles/fad90f3a4108a187bdc9a467b22608d4f900ceea,https://newsatcl-pctr.c.yimg.jp/t/amd-img/20240408-00000104-kyodonews-000-5-view.jpg?exp=10800,2024-04-08T16:32:11+09:00,2024-04-08T20:51:39+09:00,共同通信,kyodonews,共同通信,535,\n1\n/\n2\n静岡県の川勝平太知事\n静岡県知事選に立候補すると表明し、記者団の取材に応じる大村慎一氏（左）＝8日午後、静岡県庁\n6月の県議会で辞職する意向を示していた静岡県の川勝平太知事（75）が、辞職願を今月10日にも県議会へ提出する方針を議会側に伝えたことが8日、関係者への取材で分かった。辞職表明に伴う知事選には元総務省官僚で同県の副知事を務めた経験もある大村慎一氏（60）が8日、無所属で立候補すると表明。前浜松市長の鈴木康友氏（66）も8日、出馬を検討していると共同通信の取材に明らかにした。\n\n 知事選に出馬を表明するのは大村氏が初めて。県選管によると、辞職願が10日に提出された場合、知事選は早ければ5月9日告示、同26日投開票となる可能性がある。\n\n 大村氏は8日、県庁で記者団の取材に応じ「愛するふるさとである静岡県の混乱する県政を立て直すために出馬を決めた」と述べた。\n\n 鈴木氏は「市政運営の実績を県政にも生かすことができるのではないか」と語った。出馬するかどうかについて「数日内に決めたい」と話した。\n\n 大村氏は静岡市出身で、1987年に旧自治省に入省。2010年1月から11年12月まで川勝氏の下で副知事を務めた。,"['https://newsatcl-pctr.c.yimg.jp/t/amd-img/20240408-00000104-kyodonews-000-5-view.jpg?pri=l&w=446&h=640&exp=10800', 'https://newsatcl-pctr.c.yimg.jp/t/amd-img/20240408-00000104-kyodonews-001-5-view.jpg?pri=l&w=537&h=640&exp=10800']","['https://news.yahoo.co.jp/articles/fad90f3a4108a187bdc9a467b22608d4f900ceea/images/000', 'https://news.yahoo.co.jp/articles/fad90f3a4108a187bdc9a467b22608d4f900ceea/images/001']"
過料決定不服、旧統一教会側が即時抗告（共同通信）,https://news.yahoo.co.jp/articles/e8e327d88359b2bdb4cf8302e84a1f0dafb1b1eb,https://newsatcl-pctr.c.yimg.jp/t/amd-img/default.jpg?exp=10800,2024-04-08T16:31:15+09:00,2024-04-08T16:48:52+09:00,共同通信,kyodonews,共同通信,78,\n旧統一教会側は8日、文部科学省の質問権行使に対する回答拒否で、教団の田中富広会長に過料の支払いを命じた東京地裁決定を不服として、東京高裁に即時抗告した。,[],[]
万博の象徴「リング」、作業順調　開幕1年前控え、8割組み上がる（共同通信）,https://news.yahoo.co.jp/articles/96baa2ac60eb93176401ae1cc8bf78de0c2236e3,https://newsatcl-pctr.c.yimg.jp/t/amd-img/20240408-00000101-kyodonews-000-4-view.jpg?exp=10800,2024-04-08T16:27:36+09:00,2024-04-08T17:07:48+09:00,共同通信,kyodonews,共同通信,387,\n1\n/\n2\n報道陣に公開された大阪・関西万博の木造巨大屋根「リング」＝8日、大阪市の夢洲\n報道陣に公開された大阪・関西万博の木造巨大屋根「リング」＝8日、大阪市の夢洲\n2025年大阪・関西万博の開幕1年前を控え、日本国際博覧会協会（万博協会）は8日、会場予定地で建設中の木造巨大屋根「リング」の作業状況を記者団に公開した。協会は8割が組み上がったと説明。万博の象徴に位置付けられる構造物の整備が順調に進んでいるとアピールした。\n\n 予定地となる大阪市の人工島・夢洲では、完成すると1周約2キロの円環となるリングのほか、大催事場など各種施設、参加国のパビリオンの建設が続く。敷地内では1日約3千人が働いているという。\n\n 万博協会担当者は「協会が発注する工事はスケジュール通り進んでいる」と強調。遅れ気味のパビリオン整備も可能な限り支援する方針を示した。,"['https://newsatcl-pctr.c.yimg.jp/t/amd-img/20240408-00000101-kyodonews-000-4-view.jpg?pri=l&w=640&h=426&exp=10800', 'https://newsatcl-pctr.c.yimg.jp/t/amd-img/20240408-00000101-kyodonews-001-4-view.jpg?pri=l&w=640&h=420&exp=10800']","['https://news.yahoo.co.jp/articles/96baa2ac60eb93176401ae1cc8bf78de0c2236e3/images/000', 'https://news.yahoo.co.jp/articles/96baa2ac60eb93176401ae1cc8bf78de0c2236e3/images/001']"
立民渡辺周氏、静岡知事選に意欲　「半分半分というところだ」（共同通信）,https://news.yahoo.co.jp/articles/dcea91982887158a96d9acebdb3f3cfdc227d3c9,https://newsatcl-pctr.c.yimg.jp/t/amd-img/default.jpg?exp=10800,2024-04-08T16:30:50+09:00,2024-04-08T16:46:52+09:00,共同通信,kyodonews,共同通信,298,\n立憲民主党の渡辺周元防衛副大臣（衆院比例東海）は8日、静岡県の川勝平太知事の辞職表明に伴う知事選出馬に意欲をにじませた。ニッポン放送ラジオ番組で「いろんなことができる自負はある。今すぐ決断できるかというと、政治情勢もあって半分半分というところだ」と述べた。\n\n 川勝氏から辞意表明前に事実上の後継打診を受けた際のやりとりに関しては「準備はできますかというような言われ方をされた」と説明。党の安全保障の責任者として政策策定に関与していることを踏まえ「突然言われてもすぐに返事はできない」と伝えたと明かした。知事選については「突然の前倒しで、各党とも準備も覚悟も何もできていない」と指摘した。,[],[]
リクシル、損保大手と提携　災害の住宅被害軽減で（共同通信）,https://news.yahoo.co.jp/articles/234eda0b353ad10b967dcb1907d7c2adb70ca5ac,https://newsatcl-pctr.c.yimg.jp/t/amd-img/20240408-00000100-kyodonews-000-3-view.jpg?exp=10800,2024-04-08T16:22:57+09:00,2024-04-08T18:01:54+09:00,共同通信,kyodonews,共同通信,283,\n提携のイメージ\n住宅設備大手のLIXIL（リクシル）と三井住友海上火災保険が、自然災害による住宅被害の軽減を目指し、商品の販売や開発で提携することが8日、分かった。全国の保険代理店がリフォームを仲介するほか、改修した物件が災害時に損傷をどの程度防げたのか2社で継続的に確認する。リフォーム済み住宅の火災保険料優遇なども視野に入れる。\n\n 三井住友海上が個人向けに支払った火災保険の保険金は、約4割が台風やひょう、大雪といった自然災害に起因する。今回の提携でリクシルは全国各地で顧客との接点を増やし、三井住友海上は激甚化する災害への備えを総合的に提案できる。,['https://newsatcl-pctr.c.yimg.jp/t/amd-img/20240408-00000100-kyodonews-000-3-view.jpg?pri=l&w=640&h=405&exp=10800'],['https://news.yahoo.co.jp/articles/234eda0b353ad10b967dcb1907d7c2adb70ca5ac/images/000']
上野の双子パンダ、別々に展示　じゃれ合い激しく、16日から（共同通信）,https://news.yahoo.co.jp/articles/29433253836eb421d603d6cfc9b94114b496d10e,https://newsatcl-pctr.c.yimg.jp/t/amd-img/20240408-00000099-kyodonews-000-8-view.jpg?exp=10800,2024-04-08T16:21:16+09:00,2024-04-08T21:59:17+09:00,共同通信,kyodonews,共同通信,367,\n東京・上野動物園の双子のジャイアントパンダ、雄のシャオシャオ（左）と雌のレイレイ＝3月18日（東京動物園協会提供）\n上野動物園（東京都台東区）は8日、ジャイアントパンダの2歳の双子、雄シャオシャオと雌レイレイの成長に伴い、4月16日から別々に飼育し展示すると発表した。\n【写真】シャオシャオとレイレイが2歳に 3～4歳ごろから縄張りを主張、いずれ部屋を分ける 23年\n上野動物園によると、野生のパンダは群れをつくらずに単独で生活し、1歳半から2歳で親離れして独り立ちする。2頭は親離れ後も良好な関係を保ってきたが、じゃれ合いが激しくなり、相手を嫌がるそぶりが見られ始めた。けがをする恐れがあるため、3歳を迎える前に分離することにした。\n\n 展示場所変更に伴う工事のため、母親のシンシンは16日から当面の間、非公開になる。,['https://newsatcl-pctr.c.yimg.jp/t/amd-img/20240408-00000099-kyodonews-000-8-view.jpg?pri=l&w=640&h=330&exp=10800'],"['https://news.yahoo.co.jp/articles/29433253836eb421d603d6cfc9b94114b496d10e/images/000', 'https://www.47news.jp/relation/202040710']"
大谷選手の口座アクセスあり得る　複数の通訳経験者が指摘（共同通信）,https://news.yahoo.co.jp/articles/95fcfaa7efc0038f36833e58c23d9a7042d9a2b7,https://newsatcl-pctr.c.yimg.jp/t/amd-img/20240408-00000098-kyodonews-000-10-view.jpg?exp=10800,2024-04-08T16:15:05+09:00,2024-04-08T21:15:20+09:00,共同通信,kyodonews,共同通信,536,\nドジャースの大谷翔平選手（右）と水原一平氏＝3月、アリゾナ州グレンデール（共同）\n米大リーグ、ドジャースの大谷翔平選手の通訳だった水原一平氏の違法賭博問題では、球界における選手と通訳との関係性が世間の耳目を集めた。私生活の面まで手厚くサポートするのはプロ野球で外国人選手を担当する通訳も同様。複数の通訳経験者に水原氏が大谷選手の口座にアクセスできる状況にあった可能性について問うと「十分にあり得る話」と口をそろえた。\n新庄監督が大谷の胸中察す 「人間不信になりかける」\n大谷選手は「彼が僕の口座からお金を盗んだ」と説明したが自身の口座を操作できた手法について言及がなかったため謎は残っている。\n\n かつてセ・リーグ球団で通訳業務に携わった人物は「家族も含めて信頼関係を築くのがグラウンド上より重要な仕事」と語る。実際に銀行口座開設にも立ち合い「暗証番号は知っていた」。無用なトラブルを回避するため、キャッシュカードを預かることはしなかった。\n\n 過去に大リーガーの通訳を担当した別の人物は選手と話し合い、資産関係はマネジメント会社に一任した。日々の手続きでは通訳が代行しているケースも多いそうで「水原氏と大谷選手の関係性なら手伝っていたはず」と想像する。,['https://newsatcl-pctr.c.yimg.jp/t/amd-img/20240408-00000098-kyodonews-000-10-view.jpg?pri=l&w=460&h=640&exp=10800'],"['https://news.yahoo.co.jp/articles/95fcfaa7efc0038f36833e58c23d9a7042d9a2b7/images/000', 'https://www.47news.jp/relation/2024040709']"
中日の松葉、DeNA戦で先発へ　33歳「不安の方が大きい」（共同通信）,https://news.yahoo.co.jp/articles/108794998cb60496fecae2efff6cbddbb8e4a200,https://newsatcl-pctr.c.yimg.jp/t/amd-img/20240408-00000097-kyodonews-000-3-view.jpg?exp=10800,2024-04-08T16:09:57+09:00,2024-04-08T16:26:52+09:00,共同通信,kyodonews,共同通信,326,\nキャッチボールする中日・松葉＝ナゴヤ球場\n中日の松葉は8日、ナゴヤ球場で今季初先発予定のDeNA戦（10日・横浜）に向け、キャッチボールなどで調整した。昨季はわずか1勝と辛酸をなめたプロ12年目の33歳。「わくわくはしない。この1回のチャンスで今年が終わってしまう可能性もある。不安の方が大きい」と率直に話した。\n\n キャンプから投げ込みでフォームを固めたことで体幹が安定し、制球力が向上。2軍戦では3試合に登板して2勝0敗、防御率0.56と手応えを得ていた。\n\n 左肘手術から復帰した大野の登板間隔を確保するために巡ってきた先発機会。大塚投手コーチは「テンポよく、ストライク先行で、ゴロを打たせる。きっちりやってもらえれば」と期待した。,['https://newsatcl-pctr.c.yimg.jp/t/amd-img/20240408-00000097-kyodonews-000-3-view.jpg?pri=l&w=394&h=640&exp=10800'],['https://news.yahoo.co.jp/articles/108794998cb60496fecae2efff6cbddbb8e4a200/images/000']
9日の予告先発（共同通信）,https://news.yahoo.co.jp/articles/3e7beaf57ac87750d9d22f1fce089b47c96703a7,https://newsatcl-pctr.c.yimg.jp/t/amd-img/default.jpg?exp=10800,2024-04-08T16:07:11+09:00,2024-04-08T16:22:52+09:00,共同通信,kyodonews,共同通信,171,\n◇セ・リーグ\n\nヤクルト・小沢―巨人・山崎伊（平和リース）\n\nDeNA・ジャクソン―中日・小笠原（横浜）\n\n阪神・村上―広島・床田（甲子園）\n\n ◇パ・リーグ\n\n西武・平良―ロッテ・西野（大宮公園）\n\nオリックス・田嶋―楽天・ポンセ（京セラドーム大阪）\n\nソフトバンク・有原―日本ハム・山崎（リブワーク藤崎台）,[],[]
ロシアの制裁逃れ防止を要請　ウクライナ中銀総裁、日米欧に（共同通信）,https://news.yahoo.co.jp/articles/55021a763b72b0c1027ea2182962faa7f13a6348,https://newsatcl-pctr.c.yimg.jp/t/amd-img/20240408-00000093-kyodonews-000-3-view.jpg?exp=10800,2024-04-08T15:52:46+09:00,2024-04-08T17:29:50+09:00,共同通信,kyodonews,共同通信,495,\nインタビューに応じるウクライナ国立銀行のアンドリー・ピシュニー総裁（共同）\n【キーウ共同】ウクライナ国立銀行（中央銀行）のアンドリー・ピシュニー総裁が8日までに共同通信のインタビューに応じ、日米欧の各国に対し、ロシアの制裁逃れを防ぐために金融セクターでの監視を強化するよう求めた。2024年の実質国内総生産（GDP）は前年比3.6％増になるとの予測を示し、プラス成長を維持する見通しだと述べた。23年は前年比5.3％増だった。\n\n 日米欧はロシアに対し、ロシア産原油に上限価格を設定するなど制裁を科してきた。ただ、ピシュニー氏はロシアは制裁逃れに使う「口座を持っている」と指摘。ほう助している金融機関などへの制裁を強化する必要があると訴えた。\n\n ロシアの侵攻が始まった22年、ウクライナのインフレ率は20％を超える水準となり、GDPは前年比で30％近く減少した。ピシュニー氏は22年を「生き残りを懸けた1年だった」と語る。金融市場の混乱回避のため、対ドル固定相場制の採用や主要政策金利の大幅な引き上げを実施した。\n金融システムの維持が中央銀行の「最優先事項だ」と強調した。,['https://newsatcl-pctr.c.yimg.jp/t/amd-img/20240408-00000093-kyodonews-000-3-view.jpg?pri=l&w=640&h=468&exp=10800'],['https://news.yahoo.co.jp/articles/55021a763b72b0c1027ea2182962faa7f13a6348/images/000']
個人情報保護へ超党派法案　米、IT企業による利用制限（共同通信）,https://news.yahoo.co.jp/articles/176b0e6594a23af5de47e79b23bbfbd340cbca71,https://newsatcl-pctr.c.yimg.jp/t/amd-img/default.jpg?exp=10800,2024-04-08T15:54:26+09:00,2024-04-08T16:10:52+09:00,共同通信,kyodonews,共同通信,301,\n【ワシントン共同】米上院商業科学運輸委員会のカントウェル委員長（民主党）と下院エネルギー・商業委員会のマクモリスロジャース委員長（共和党）は7日、個人情報保護のためのデータの扱いを規定する超党派の法案を公表した。検索サイトや動画投稿アプリを運営するIT企業による利用者データの収集を制限し、国民のプライバシーを守る狙い。\n\n 米国内ではグーグルの持ち株会社や中国系動画投稿アプリ「TikTok」の運営企業などによる利用者データの使用が懸念されており、議会で対策の検討が進んでいた。\n\n 法案は国民が自身の個人データを管理できるようにし、IT企業による収集、利用を最小限にすると規定している。,[],[]
遺体遺棄した疑い、青森の会社役員ら逮捕（共同通信）,https://news.yahoo.co.jp/articles/003e8f0ea0a96f4eb01f5b4689e3cb71186deee4,https://newsatcl-pctr.c.yimg.jp/t/amd-img/default.jpg?exp=10800,2024-04-08T15:57:09+09:00,2024-04-08T16:12:52+09:00,共同通信,kyodonews,共同通信,82,\n青森県七戸町の私有地に男性（54）の遺体を遺棄したとして、県警は8日、死体遺棄の疑いで、男性が以前勤務していた同町の運送会社役員の男（47）ら2人を再逮捕した。,[],[]
不動産大手・世茂の法的整理申請　中国国有銀、香港高裁に（共同通信）,https://news.yahoo.co.jp/articles/264f4928d9bec0855cb96af372262deed23c1536,https://newsatcl-pctr.c.yimg.jp/t/amd-img/default.jpg?exp=10800,2024-04-08T15:49:56+09:00,2024-04-08T16:07:28+09:00,共同通信,kyodonews,共同通信,301,\n【北京共同】中国の不動産大手、世茂集団は8日、中国国有の中国建設銀行から香港高等法院（高裁）に法的整理を申し立てられたと発表した。申し立ては5日付。世茂は、外貨建て債権者らの利益を代表していないとして反対する意向を表明した。\n\n 中国では不動産市況の悪化に伴い、中国恒大集団や碧桂園といった不動産大手に対する法的整理の申請が相次いでいる。新たな申し立てにより、不動産大手の苦境が改めて鮮明になった形だ。\n\n 建設銀の香港法人が、世茂からの15億7950万香港ドル（約306億円）の債務返済が滞ったとして、法的整理に当たる「清算」を申し立てた。世茂は今後も債務再編の協議に取り組むとしている。,[],[]
農水省、米粉販促「コメニ」結成　「ショムニ」意識のプロジェクト（共同通信）,https://news.yahoo.co.jp/articles/b7f2cd6af4744cfcb021f436fc81fe69338b0c94,https://newsatcl-pctr.c.yimg.jp/t/amd-img/20240408-00000091-kyodonews-000-3-view.jpg?exp=10800,2024-04-08T15:48:41+09:00,2024-04-08T16:54:30+09:00,共同通信,kyodonews,共同通信,495,\n農水省のプロジェクトチーム「米粉営業第二課」のメンバー＝3日、東京都千代田区\n農林水産省は消費が落ち込むコメの需要を拡大しようと、米粉の利用法を食品企業に売り込んだり、フェアを開催したりするプロジェクトチーム「米粉営業第二課」を結成した。公募した若手職員ら11人が活動。かつてのドラマシリーズ「ショムニ」を意識したとみられる通称「コメニ」として、消費者にも関心を持ってもらう狙いだ。\n\n 日本のコメの自給率はほぼ100％だが、人口減少や食生活の変化を背景に需要は毎年約10万トンずつ減少している。米粉の商品を増やし、小麦粉を米粉に代替させる提案などを通じて消費を支える考えだ。米粉は油の吸収が少なく、唐揚げや天ぷらはさくさくになるなどの特長があるという。\n\n コメニは正式な部署ではなく、本来業務時間の1～2割を活動に充てる。「課長」に就任した水産庁漁政部加工流通課の中島絵里子さんは「米粉の価値や利用法が認知されていないことが課題。新しい魅力を伝えたい」と話した。チーム名は「覚えてもらえるよう某ドラマのような愛称にした」。鈴木憲和農水副大臣が顧問役の「課長補佐」を務める。,['https://newsatcl-pctr.c.yimg.jp/t/amd-img/20240408-00000091-kyodonews-000-3-view.jpg?pri=l&w=640&h=431&exp=10800'],['https://news.yahoo.co.jp/articles/b7f2cd6af4744cfcb021f436fc81fe69338b0c94/images/000']
大阪・関西万博「全面的に支援」　国際事務局長が経産相に（共同通信）,https://news.yahoo.co.jp/articles/13c8bf271fdb0fa360f8989eedbe70a2fd1d7829,https://newsatcl-pctr.c.yimg.jp/t/amd-img/20240408-00000090-kyodonews-000-2-view.jpg?exp=10800,2024-04-08T15:45:50+09:00,2024-04-08T16:03:25+09:00,共同通信,kyodonews,共同通信,284,\n会談前に握手する博覧会国際事務局のケルケンツェス事務局長（左）と斎藤経産相＝8日午後、経産省\n博覧会国際事務局（BIE、本部パリ）のケルケンツェス事務局長は8日、斎藤健経済産業相と経産省内で会談し、2025年4月13日の開幕まで1年に迫った大阪・関西万博について「全面的に支援を惜しまない。スムーズに準備が進むと確信している」と述べた。\n\n 斎藤氏は海外パビリオンの建設の遅れを念頭に「懸案の建設に加えて内装や展示に向けた支援に取り組んでいる」と説明。ケルケンツェス氏は「建設を巡るさまざまな課題はほとんど解決がみられていると承知している」との見解を示した。,['https://newsatcl-pctr.c.yimg.jp/t/amd-img/20240408-00000090-kyodonews-000-2-view.jpg?pri=l&w=433&h=640&exp=10800'],['https://news.yahoo.co.jp/articles/13c8bf271fdb0fa360f8989eedbe70a2fd1d7829/images/000']
返品手続きの電話対応時間を延長　小林製薬、紅こうじサプリ（共同通信）,https://news.yahoo.co.jp/articles/e47387baef31573a0388a9e9ab192f7ad2d45f61,https://newsatcl-pctr.c.yimg.jp/t/amd-img/20240408-00000089-kyodonews-000-3-view.jpg?exp=10800,2024-04-08T15:37:03+09:00,2024-04-08T15:53:31+09:00,共同通信,kyodonews,共同通信,308,\n小林製薬の本社が入るビル\n小林製薬は8日、「紅麹コレステヘルプ」など健康被害が疑われるサプリメントの返品手続きについて、電話での対応時間を午後9時までに延長したと発表した。ドラッグストアなどで購入した場合の返品受け付けは、これまで午前9時～午後7時だったが、終了を2時間遅らせる。累計100万袋以上を販売しており、未使用分の回収作業も長期化する見通し。\n\n 問い合わせ先はフリーダイヤル（0120）275884。4月末まで土日や祝日も対応する。\n\n サプリ返品に関する電話窓口は、購入方法により異なる。小林製薬の通信販売での購入分は（0120）585090。この他、健康相談を受け付ける電話窓口もある。,['https://newsatcl-pctr.c.yimg.jp/t/amd-img/20240408-00000089-kyodonews-000-3-view.jpg?pri=l&w=476&h=640&exp=10800'],['https://news.yahoo.co.jp/articles/e47387baef31573a0388a9e9ab192f7ad2d45f61/images/000']
海自、空母化改修「かが」公開　呉基地、着陸対応で甲板耐熱化（共同通信）,https://news.yahoo.co.jp/articles/51d4205f0a754a9b5424eae4de05e4d6b5fb2e5c,https://newsatcl-pctr.c.yimg.jp/t/amd-img/20240408-00000088-kyodonews-000-3-view.jpg?exp=10800,2024-04-08T15:35:16+09:00,2024-04-08T17:26:48+09:00,共同通信,kyodonews,共同通信,376,\n空母化に向けた改修工事の第1段階が完了した海上自衛隊の護衛艦「かが」。手前の艦首部が台形から四角形に変わった＝8日午前、広島県の海自呉基地\n海上自衛隊は8日、事実上の空母化に向けた改修工事の第1段階が完了したヘリコプター搭載型護衛艦「かが」を、広島県の海自呉基地で報道各社に公開した。ステルス戦闘機F35Bが離陸できるよう、艦首部を台形から四角形に変更したほか、着陸時の熱に備え甲板の一部を耐熱化した。\n\n 2017年3月に就役した海自最大級の艦艇で、艦首から艦尾までを平らに貫く甲板を備える。22年から進めていた改修が今年3月に完了。F35Bが発着する際の目印となる灯火や、オレンジ色の線を新たに備えた。\n\n 艦長の国分一郎1等海佐は「これだけ大きな工事は海自にとって初めて。F35Bの運用能力を備えてさらに多機能となった」と強調した。,['https://newsatcl-pctr.c.yimg.jp/t/amd-img/20240408-00000088-kyodonews-000-3-view.jpg?pri=l&w=640&h=601&exp=10800'],['https://news.yahoo.co.jp/articles/51d4205f0a754a9b5424eae4de05e4d6b5fb2e5c/images/000']
メープルリーフスなどがPO進出　NHL第26週（共同通信）,https://news.yahoo.co.jp/articles/0e65b656c28172bdb00a81ec15d0eb29e7559268,https://newsatcl-pctr.c.yimg.jp/t/amd-img/20240408-00000087-kyodonews-000-3-view.jpg?exp=10800,2024-04-08T15:30:46+09:00,2024-04-08T16:42:31+09:00,共同通信,kyodonews,共同通信,224,\nカナディアンズ戦で得点に仲間と喜ぶレンジャーズのパナリン（中央）＝ニューヨーク（USAトゥデー・ロイター＝共同）\n【ニューヨーク共同】北米プロアイスホッケーNHLは7日に第26週が終了し、東カンファレンスの大西洋地区でメープルリーフス、ライトニングが新たにプレーオフ（PO）進出を決めた。大都市圏地区でレンジャーズはリーグトップの勝ち点110まで伸ばした。\n\n 西カンファレンスは中地区のジェッツ、太平洋地区のオイラーズがPOを確保した。,['https://newsatcl-pctr.c.yimg.jp/t/amd-img/20240408-00000087-kyodonews-000-3-view.jpg?pri=l&w=640&h=426&exp=10800'],['https://news.yahoo.co.jp/articles/0e65b656c28172bdb00a81ec15d0eb29e7559268/images/000']
「ひきょう者」指導で提訴　私立高2年死亡、大阪（共同通信）,https://news.yahoo.co.jp/articles/a54cb15e00486990358f491c65ca67f87c3b9ebd,https://newsatcl-pctr.c.yimg.jp/t/amd-img/default.jpg?exp=10800,2024-04-08T15:18:07+09:00,2024-04-08T15:35:34+09:00,共同通信,kyodonews,共同通信,246,\n大阪市天王寺区の私立清風高2年の男子生徒＝当時（17）＝が2021年に自殺したのは、試験でカンニングした後に教師らから「ひきょう者」と言われた不適切な指導が原因として、両親が8日、学校法人「清風学園」に計約1億円の損害賠償を求めて大阪地裁へ提訴した。\n\n 法人側が設置した第三者委員会は指導と自殺の因果関係を否定。法人側は「訴状が届いておらずコメントを差し控える」、両親側は「学園側の真摯な対応がないのは残念。学校での指導死はあってはならないことだと思います」とそれぞれコメントした。,[],[]
暴力拡大、ハイチ政権移行進まず　首相辞意表明から1カ月（共同通信）,https://news.yahoo.co.jp/articles/478c132c316c09e7912397fc82e1005ae3bb2d1e,https://newsatcl-pctr.c.yimg.jp/t/amd-img/20240408-00000086-kyodonews-000-3-view.jpg?exp=10800,2024-04-08T15:27:59+09:00,2024-04-08T15:45:18+09:00,共同通信,kyodonews,共同通信,504,\nハイチの首都ポルトープランスで警戒に当たる警察の装甲車＝2日（AP＝共同）\n治安が極度に悪化するハイチで首相が辞意を表明し、政権移行に向けた評議会の設立が決定して11日で1カ月となる。メンバー選定が難航して評議会は発足できず、その間にギャングの暴力が拡大。治安回復の糸口は見つかっていない。\n\n 3月11日、ハイチも所属するカリブ海諸国の地域共同体「カリブ共同体」（カリコム）は緊急会合を開き、暫定政権の樹立や選挙実施に向けた対応を協議する評議会の設置を決めた。決定に伴い、ハイチのアンリ首相は辞意を表明した。\n\n 当初は一両日中に評議会が設置されるとの見通しもあったが、ギャングによる候補への脅迫、政党間の意見不一致などで人選が進まなかった。治安回復に向け、国連安全保障理事会決議に基づく多国籍部隊派遣が期待されるが、評議会設置を待っている状態だ。\n\n 一方、ギャングは勢いを増している。首都ポルトープランスの8割を支配しているとされ、国連によると、ギャングの暴力で昨年1年間に4451人が死亡。今年は3月22日までの3カ月弱で既に死者が1554人に達した。性暴力や誘拐もまん延している。,['https://newsatcl-pctr.c.yimg.jp/t/amd-img/20240408-00000086-kyodonews-000-3-view.jpg?pri=l&w=640&h=407&exp=10800'],['https://news.yahoo.co.jp/articles/478c132c316c09e7912397fc82e1005ae3bb2d1e/images/000']
東証反発、終値354円高　割安感銘柄に買い戻し（共同通信）,https://news.yahoo.co.jp/articles/d56528ac2f950c76377234848b3874071d63d2a6,https://newsatcl-pctr.c.yimg.jp/t/amd-img/20240408-00000084-kyodonews-000-3-view.jpg?exp=10800,2024-04-08T15:11:03+09:00,2024-04-08T15:27:19+09:00,共同通信,kyodonews,共同通信,198,\n東京証券取引所\n週明け8日の東京株式市場で、日経平均株価（225種）は反発した。前週に計1300円超下落していたため、割安感の出た銘柄に買い戻しが入った。外国為替市場の円安ドル高進行や前週末5日の米国株上昇も支援材料だった。\n\n 終値は前週末比354円96銭高の3万9347円04銭。東証株価指数（TOPIX）は25.70ポイント高の2728.32。出来高は約15億6579万株だった。,['https://newsatcl-pctr.c.yimg.jp/t/amd-img/20240408-00000084-kyodonews-000-3-view.jpg?pri=l&w=640&h=443&exp=10800'],['https://news.yahoo.co.jp/articles/d56528ac2f950c76377234848b3874071d63d2a6/images/000']
東証終値は354円高（共同通信）,https://news.yahoo.co.jp/articles/64a53b49bae180287e674fc17fff9e0387569877,https://newsatcl-pctr.c.yimg.jp/t/amd-img/default.jpg?exp=10800,2024-04-08T15:04:26+09:00,2024-04-08T15:21:20+09:00,共同通信,kyodonews,共同通信,59,\n週明け8日の東京株式市場の日経平均株価（225種）終値は、前週末比354円96銭高の3万9347円04銭となった。,[],[]
レーカーズ八村30得点も敗れる　NBA、ティンバーウルブズ戦（共同通信）,https://news.yahoo.co.jp/articles/e48ecda473a9b5c515da512122fa2d95c16268b0,https://newsatcl-pctr.c.yimg.jp/t/amd-img/20240408-00000081-kyodonews-000-3-view.jpg?exp=10800,2024-04-08T14:42:13+09:00,2024-04-08T16:33:28+09:00,共同通信,kyodonews,共同通信,188,\nティンバーウルブズ戦で突破を狙うレーカーズの八村（右）＝ロサンゼルス（AP＝共同）\n【ロサンゼルス共同】米プロバスケットボールNBAは7日、各地で行われ、レーカーズの八村塁は本拠地ロサンゼルスでのティンバーウルブズ戦に先発出場し、36分0秒プレーして30得点、6リバウンドだった。30点以上をマークするのは今季3度目。チームは117―127で敗れ、45勝34敗となった。,['https://newsatcl-pctr.c.yimg.jp/t/amd-img/20240408-00000081-kyodonews-000-3-view.jpg?pri=l&w=640&h=443&exp=10800'],['https://news.yahoo.co.jp/articles/e48ecda473a9b5c515da512122fa2d95c16268b0/images/000']
八村のレーカーズは9位変わらず　PO進出圏内にとどまる（共同通信）,https://news.yahoo.co.jp/articles/563dd9a7e8880bf42ac9d07f2386e0733ad89593,https://newsatcl-pctr.c.yimg.jp/t/amd-img/20240408-00000082-kyodonews-000-3-view.jpg?exp=10800,2024-04-08T14:48:07+09:00,2024-04-08T15:05:28+09:00,共同通信,kyodonews,共同通信,254,\nトレイルブレーザーズ戦で攻めるセルティックスのブラウン（7）＝ボストン（NBAE・ゲッティ＝共同）\n【ニューヨーク共同】米プロバスケットボールNBAは7日に第24週が終了し、西カンファレンスで八村塁が所属するレーカーズは45勝34敗とし、9位で変わらなかった。ポストシーズンに進出できる10位以上は確保した。54勝24敗で首位に立ったティンバーウルブズが新たにプレーオフ（PO）進出を決めた。\n\n 東は5連勝で62勝16敗のセルティックスが今季のリーグ最多勝を確定させた。バックスはPOを確保した。,['https://newsatcl-pctr.c.yimg.jp/t/amd-img/20240408-00000082-kyodonews-000-3-view.jpg?pri=l&w=540&h=640&exp=10800'],['https://news.yahoo.co.jp/articles/563dd9a7e8880bf42ac9d07f2386e0733ad89593/images/000']
静岡の川勝知事、10日にも辞職願提出方針（共同通信）,https://news.yahoo.co.jp/articles/0aeabe34ce02f245f2200a9aa4c20118b4c0eced,https://newsatcl-pctr.c.yimg.jp/t/amd-img/default.jpg?exp=10800,2024-04-08T14:41:33+09:00,2024-04-08T14:58:52+09:00,共同通信,kyodonews,共同通信,113,\n辞職の意向を示した静岡県の川勝平太知事が10日にも辞職願を県議会へ提出する方針を議会側に伝えたことが8日、関係者への取材で分かった。県選挙管理委員会によると、知事選は早ければ5月9日告示、同26日投開票となる可能性がある。,[],[]
レーバークーゼン次節優勝も　アーセナル首位返り咲き（共同通信）,https://news.yahoo.co.jp/articles/76f013b49edb13f746f2e6a0e64c1a6c37787436,https://newsatcl-pctr.c.yimg.jp/t/amd-img/default.jpg?exp=10800,2024-04-08T14:34:05+09:00,2024-04-08T14:50:52+09:00,共同通信,kyodonews,共同通信,300,\n【ロンドン共同】サッカーの欧州各リーグ（1～7日）で、ドイツは首位レーバークーゼンがウニオン・ベルリンを1―0で下し、勝ち点76とした。2位バイエルン・ミュンヘンがハイデンハイムに敗れて残り6試合で勝ち点16差となり、次節でレーバークーゼンの初優勝が決まる可能性がある。\n\n イングランドはアーセナルが2連勝し、勝ち点71でトップに返り咲いた。リバプールはシェフィールド・ユナイテッドに勝ち、マンチェスター・ユナイテッドと引き分けて勝ち点71で得失点差の2位。\n\n イタリアは首位のインテル・ミラノが勝ち点79。フランスは1位パリ・サンジェルマンが同63。スペインは上位に試合がなかった。,[],[]
有原、9日に2度目の先発へ　移籍後初めて古巣・日ハムと対戦（共同通信）,https://news.yahoo.co.jp/articles/e6cc253dcb9678b19dbd9f8f77e80f1e88e458d7,https://newsatcl-pctr.c.yimg.jp/t/amd-img/20240408-00000078-kyodonews-000-3-view.jpg?exp=10800,2024-04-08T14:28:49+09:00,2024-04-08T14:45:39+09:00,共同通信,kyodonews,共同通信,252,\nキャッチボールするソフトバンク・有原＝福岡県筑後市\nソフトバンクの開幕投手を務めて白星を挙げた有原が9日、熊本市で行われる日本ハム戦で今季2度目の先発に臨む。8日は福岡県筑後市のファーム施設で調整。3月30日に出場選手登録を外れ、前回から中10日と間隔を空けての登板に「基礎的なことをしっかり見直してきたので、前回よりいい投球がしたい」と口元を引き締めた。\n\n 昨季、ソフトバンクに移籍後初めての古巣戦となる。「一人一人研究して抑えていきたい。相手は関係なく、自分の投球をする」と冷静に話した。,['https://newsatcl-pctr.c.yimg.jp/t/amd-img/20240408-00000078-kyodonews-000-3-view.jpg?pri=l&w=457&h=640&exp=10800'],['https://news.yahoo.co.jp/articles/e6cc253dcb9678b19dbd9f8f77e80f1e88e458d7/images/000']
乙武洋匡氏、無所属で出馬表明　衆院東京15区補選、構図固まる（共同通信）,https://news.yahoo.co.jp/articles/4fade0c10d136017a8e0fed8da935be52b302f90,https://newsatcl-pctr.c.yimg.jp/t/amd-img/20240408-00000077-kyodonews-000-6-view.jpg?exp=10800,2024-04-08T14:21:53+09:00,2024-04-08T19:42:48+09:00,共同通信,kyodonews,共同通信,458,\n乙武洋匡氏\n作家の乙武洋匡氏（48）は8日、東京都内で記者会見し、衆院東京15区補欠選挙（16日告示、28日投開票）に無所属で立候補すると表明した。共産党の小池晃書記局長は会見で、立候補予定だった新人を取り下げ、立憲民主党が公認する元東京都江東区議の新人酒井菜摘氏（37）を支援すると発表した。自民党は独自候補を断念し、日本維新の会は新人を擁立。東京15区の構図が固まった。\n\n 乙武氏は、東京都の小池百合子知事が特別顧問を務める地域政党が設立した「ファーストの会」に推薦依頼を出す意向を表明。他党からの支援に関しては「私の政策を見て、ぜひ推薦という思いがあれば誠心誠意お話しさせていただく」と述べた。自民、公明両党は乙武氏の支援の在り方を検討し、国民民主党も模索している。\n\n 乙武氏は「政治が助けるべき人を助けておらず、むしろ苦しめている。サポートを受ける重要性を誰より実感した私だからこそ、政治によって人々をサポートしたい」と述べた。\n乙武氏は先天性四肢欠損症で、著書「五体不満足」で知られる。,['https://newsatcl-pctr.c.yimg.jp/t/amd-img/20240408-00000077-kyodonews-000-6-view.jpg?pri=l&w=456&h=640&exp=10800'],['https://news.yahoo.co.jp/articles/4fade0c10d136017a8e0fed8da935be52b302f90/images/000']
松山英樹は12位に上がる　男子ゴルフの世界ランキング（共同通信）,https://news.yahoo.co.jp/articles/c8c235997a3350e3f6fc83f79016879be0b19a4b,https://newsatcl-pctr.c.yimg.jp/t/amd-img/20240408-00000076-kyodonews-000-3-view.jpg?exp=10800,2024-04-08T14:11:15+09:00,2024-04-08T14:27:20+09:00,共同通信,kyodonews,共同通信,139,\n松山英樹\n男子ゴルフの7日付世界ランキングが発表され、松山英樹は14位から12位に上がった。中島啓太は79位、久常涼は87位、星野陸也は88位。\n\n 1位スコッティ・シェフラー（米国）2位ロリー・マキロイ（英国）3位ジョン・ラーム（スペイン）は変わらなかった。（共同）,['https://newsatcl-pctr.c.yimg.jp/t/amd-img/20240408-00000076-kyodonews-000-3-view.jpg?pri=l&w=507&h=640&exp=10800'],['https://news.yahoo.co.jp/articles/c8c235997a3350e3f6fc83f79016879be0b19a4b/images/000']
ファミマとローソンが共同配送　24年問題で連携、東北3県（共同通信）,https://news.yahoo.co.jp/articles/2e6cbd6f666421590e4c70f0f9eacee6efb04ff5,https://newsatcl-pctr.c.yimg.jp/t/amd-img/20240408-00000073-kyodonews-000-9-view.jpg?exp=10800,2024-04-08T13:38:49+09:00,2024-04-08T17:27:04+09:00,共同通信,kyodonews,共同通信,300,\nファミリーマート（上）とローソンの看板\nコンビニ大手のファミリーマートとローソンは8日、岩手、秋田、宮城の3県で商品の共同配送を11日から始めると発表した。1台のトラックに効率的に2社の荷物を積むことで、トラック運転手の不足が懸念される「2024年問題」に対応する。大手同士の本格的な連携は初めて。\n【写真】ヤマト「置き配」6月本格導入へ 再配達減少も期待\n具体的には、トラックはファミマの宮城県多賀城市の倉庫を出発した後、ローソンの盛岡市の倉庫を経由し、秋田市の両社の物流拠点で荷物を降ろす。アイスクリームや氷などの冷凍商品が対象。二酸化炭素（CO2）の排出量を抑えられるメリットもある。,['https://newsatcl-pctr.c.yimg.jp/t/amd-img/20240408-00000073-kyodonews-000-9-view.jpg?pri=l&w=529&h=640&exp=10800'],"['https://news.yahoo.co.jp/articles/2e6cbd6f666421590e4c70f0f9eacee6efb04ff5/images/000', 'https://47news.jp/relation/2024040805']"
ヤマト「置き配」6月本格導入へ　再配達減少も期待（共同通信）,https://news.yahoo.co.jp/articles/d9a1e2918c80065b2ca7d71f6b280f310e37e3a8,https://newsatcl-pctr.c.yimg.jp/t/amd-img/20240408-00000074-kyodonews-000-3-view.jpg?exp=10800,2024-04-08T14:07:27+09:00,2024-04-08T15:51:13+09:00,共同通信,kyodonews,共同通信,499,\n玄関前などに荷物を置く「置き配」のイメージ（ヤマト運輸提供）\nヤマト運輸は8日、玄関前などに荷物を置く「置き配」サービスを6月10日から本格導入すると発表した。通販サイトでの注文品にとどまっていた対象を主力の「宅急便」に広げる。受け手の選択肢を増やし、再配達の減少も期待している。\n\n 利用には個人向け無料会員サービスへの登録が必要となる。置き場所は玄関ドア前や車庫、自転車のカゴなどから受取人が事前に選ぶ。配達完了の様子を写真で確認できるようにしたり、時間指定を可能にしたりして盗難被害を減らす。小型荷物の「宅急便コンパクト」でも導入する。\n\n ヤマト運輸は2020年6月から通販サイト向け配送サービス「EAZY」に限って置き配を導入していた。取扱個数の約2割に当たるEAZYで置き配を選ぶ人が増えたことを受け、荷物全体の約8割への拡大を決めた。冷凍、冷蔵品を扱う「クール宅急便」や着払いは対象外となる。\n\n 宅配最大手の動きは、業界の人手不足対応や温室効果ガスの排出削減にもつながりそうだ。政府は現在約11％に上る宅配の再配達率を24年度に6％に半減するとの目標を掲げている。,['https://newsatcl-pctr.c.yimg.jp/t/amd-img/20240408-00000074-kyodonews-000-3-view.jpg?pri=l&w=640&h=454&exp=10800'],['https://news.yahoo.co.jp/articles/d9a1e2918c80065b2ca7d71f6b280f310e37e3a8/images/000']
乙武氏、衆院東京15区補選に出馬表明（共同通信）,https://news.yahoo.co.jp/articles/08a626f4bdca5495167e6b9a4e8c79d46bef277f,https://newsatcl-pctr.c.yimg.jp/t/amd-img/default.jpg?exp=10800,2024-04-08T14:07:59+09:00,2024-04-08T14:24:52+09:00,共同通信,kyodonews,共同通信,56,\n作家の乙武洋匡氏（48）が8日、東京都内で記者会見し、衆院東京15区補欠選挙に無所属で立候補すると表明した。,[],[]
国スポ「廃止も一つの考え方」　村井全国知事会長（共同通信）,https://news.yahoo.co.jp/articles/7daf785276d7922dac6cfbc425dddbbcff2b0c75,https://newsatcl-pctr.c.yimg.jp/t/amd-img/20240408-00000072-kyodonews-000-3-view.jpg?exp=10800,2024-04-08T13:31:38+09:00,2024-04-08T13:49:16+09:00,共同通信,kyodonews,共同通信,219,\n国民スポーツ大会冬季大会スキー競技会の開始式＝2月、山形市\n全国知事会長の村井嘉浩宮城県知事は8日の定例記者会見で、知事会などが在り方の見直しを探っている国民スポーツ大会（国民体育大会から改称）について、個人的な意見として「廃止も一つの考え方ではないか」と述べた。国スポを巡っては、都道府県から開催地の負担が大きいとの声が上がっている。\n\n 村井氏は「今のやり方でいいのか、立ち止まって考える必要があるのではないか」と指摘した。,['https://newsatcl-pctr.c.yimg.jp/t/amd-img/20240408-00000072-kyodonews-000-3-view.jpg?pri=l&w=474&h=640&exp=10800'],['https://news.yahoo.co.jp/articles/7daf785276d7922dac6cfbc425dddbbcff2b0c75/images/000']
国スポ廃止も一つの考え方と全国知事会長（共同通信）,https://news.yahoo.co.jp/articles/b17f859b95ca4c9a34c1e733a20ca6fea7156a50,https://newsatcl-pctr.c.yimg.jp/t/amd-img/default.jpg?exp=10800,2024-04-08T13:14:53+09:00,2024-04-08T13:31:16+09:00,共同通信,kyodonews,共同通信,88,\n全国知事会長の村井嘉浩宮城県知事は8日の記者会見で、在り方の見直しが検討されている「国民スポーツ大会」について、個人的な見解として「廃止も一つの考え方ではないか」と述べた。,[],[]
ダイハツ、軽自動車中心の業態に（共同通信）,https://news.yahoo.co.jp/articles/45cbf50ebba3d8dfa6e5262628ad1ac9b9034a67,https://newsatcl-pctr.c.yimg.jp/t/amd-img/default.jpg?exp=10800,2024-04-08T13:05:46+09:00,2024-04-08T13:22:52+09:00,共同通信,kyodonews,共同通信,89,\nダイハツ工業は8日、軽自動車中心の業態に転換する新たな経営方針を発表した。小型車事業は親会社のトヨタ自動車が開発から認証までの責任を持ち、ダイハツが委託を受ける形態に変える。,[],[]
ファミマとローソンが共同配送開始（共同通信）,https://news.yahoo.co.jp/articles/db55632db5c9ac3ac5b8e6bf5dd4daa0ac246ab1,https://newsatcl-pctr.c.yimg.jp/t/amd-img/default.jpg?exp=10800,2024-04-08T13:21:16+09:00,2024-04-08T13:38:52+09:00,共同通信,kyodonews,共同通信,80,\nファミリーマートとローソンは8日、東北地方の一部で商品の共同配送を11日から始めると発表した。トラック運転手の不足が懸念される「2024年問題」に対応する。,[],[]
ダイハツ、不正で旧経営陣が賞与返納（共同通信）,https://news.yahoo.co.jp/articles/4ce845c266fbbeb660798214b3ec6931185c065d,https://newsatcl-pctr.c.yimg.jp/t/amd-img/default.jpg?exp=10800,2024-04-08T13:09:01+09:00,2024-04-08T13:24:56+09:00,共同通信,kyodonews,共同通信,106,\nダイハツ工業は8日、認証不正問題の経営責任を明確化するため、旧経営陣の賞与返納を明らかにした。奥平総一郎前社長と元会長、副社長が2023年度の賞与を全額返納したほか、当時の取締役ら7人が50～10％返納した。,[],[]
ダイハツ、軽自動車中心の業態に　小型車開発・認証はトヨタが責任（共同通信）,https://news.yahoo.co.jp/articles/af9b0e1df888d2221b7c0c4131ab4241afa06138,https://newsatcl-pctr.c.yimg.jp/t/amd-img/20240408-00000068-kyodonews-000-6-view.jpg?exp=10800,2024-04-08T13:08:20+09:00,2024-04-08T13:55:02+09:00,共同通信,kyodonews,共同通信,406,\n1\n/\n2\n記者会見するダイハツ工業の井上雅宏社長＝8日午後、東京都文京区\nダイハツ工業本社＝大阪府池田市\nダイハツ工業は8日、軽自動車中心の業態に転換する新たな経営方針を発表した。小型車事業は親会社のトヨタ自動車が開発から認証までの責任を持ち、ダイハツが委託を受ける形態に変える。同時に車の量産に必要な「型式指定」を巡る認証不正問題の経営責任を明確化するため、旧経営陣の賞与返納も明らかにした。\n\n 経営方針の転換は認証不正の原因になったとされる新車の開発負担を軽減する狙いがある。賞与返納では奥平総一郎前社長と元会長、副社長が2023年度の賞与を全額返納したほか、当時の取締役ら7人が50～10％返納した。\n\n 井上雅宏社長は会見で「毎日、ユーザーのお叱りに目を通し、対応を注視してきた。もう一度、ダイハツがあって良かったと言っていただけるように会社を指ししめしていきたい」と強調した。,"['https://newsatcl-pctr.c.yimg.jp/t/amd-img/20240408-00000068-kyodonews-000-6-view.jpg?pri=l&w=640&h=459&exp=10800', 'https://newsatcl-pctr.c.yimg.jp/t/amd-img/20240408-00000068-kyodonews-001-6-view.jpg?pri=l&w=640&h=426&exp=10800']","['https://news.yahoo.co.jp/articles/af9b0e1df888d2221b7c0c4131ab4241afa06138/images/000', 'https://news.yahoo.co.jp/articles/af9b0e1df888d2221b7c0c4131ab4241afa06138/images/001']"
モザンビークで90人超死亡　船沈没、コレラから避難（共同通信）,https://news.yahoo.co.jp/articles/a88be317bffa2d9a85454acd066dbd184f45f73b,https://newsatcl-pctr.c.yimg.jp/t/amd-img/default.jpg?exp=10800,2024-04-08T12:23:10+09:00,2024-04-08T12:38:52+09:00,共同通信,kyodonews,共同通信,202,\n【キガリ（ルワンダ）共同】アフリカ南部モザンビーク北部のナンプラ州当局は7日、州内などで流行中のコレラから逃れようとする人々を乗せ、沖合の島を目指していた船が沈没し、90人超が死亡したと明らかにした。英BBC放送が伝えた。州当局は定員オーバーだったとみて、詳しい原因を調べている。\n\n モザンビークの一部地域ではコレラがまん延しており、昨年10月以降、1万3千人以上が感染し、約30人が死亡した。,[],[]
絵本作家さとうわきこさん死去　「ばばばあちゃん」シリーズ（共同通信）,https://news.yahoo.co.jp/articles/efb921044eaaf4806a5762df098f955c0b4485bf,https://newsatcl-pctr.c.yimg.jp/t/amd-img/20240408-00000065-kyodonews-000-14-view.jpg?exp=10800,2024-04-08T12:05:30+09:00,2024-04-08T16:38:09+09:00,共同通信,kyodonews,共同通信,314,\n1\n/\n2\n「ばばばあちゃん」シリーズ1作目の絵本「いそがしいよる」の表紙（福音館書店提供）\n絵本作家のさとうわきこさん（撮影・浅田政志）\n「ばばばあちゃん」シリーズなどで知られる絵本作家のさとうわきこ（本名武井和貴子＝たけい・わきこ）さんが3月28日午後11時40分、大動脈解離のため長野県諏訪市の病院で死去した。89歳。東京都出身。葬儀・告別式は近親者で行った。喪主は夫利喜（としき）氏。\n\n 元気で愉快な「ばばばあちゃん」が活躍する同シリーズは、1987年の「いそがしいよる」でスタートし、全19作に。他の作品に「せんたくかあちゃん」シリーズなど。長野県岡谷市と原村で「小さな絵本美術館」を主宰していた。,"['https://newsatcl-pctr.c.yimg.jp/t/amd-img/20240408-00000065-kyodonews-000-14-view.jpg?pri=l&w=640&h=463&exp=10800', 'https://newsatcl-pctr.c.yimg.jp/t/amd-img/20240408-00000065-kyodonews-001-14-view.jpg?pri=l&w=577&h=640&exp=10800']","['https://news.yahoo.co.jp/articles/efb921044eaaf4806a5762df098f955c0b4485bf/images/000', 'https://news.yahoo.co.jp/articles/efb921044eaaf4806a5762df098f955c0b4485bf/images/001']"
「大東亜戦争」陸自連隊がX投稿　官房長官「事実関係を確認中」（共同通信）,https://news.yahoo.co.jp/articles/27df6399b0006cd9d27cd6d98975e5a9593e9ef7,https://newsatcl-pctr.c.yimg.jp/t/amd-img/20240408-00000063-kyodonews-000-3-view.jpg?exp=10800,2024-04-08T11:52:36+09:00,2024-04-08T12:16:21+09:00,共同通信,kyodonews,共同通信,302,\n陸上自衛隊の第32普通科連隊の公式Xで「大東亜戦争」の言葉が使われた投稿\n陸上自衛隊大宮駐屯地の第32普通科連隊が、連隊の活動内容などを紹介する公式Xで、「大東亜戦争」という言葉を使って投稿していたことが8日、同駐屯地などへの取材で分かった。\n\n 日本大百科全書によると大東亜戦争は「太平洋戦争に対する当時の日本指導者層による呼称」とされる。陸自が投稿の経緯などを調べている。\n\n 林芳正官房長官は記者会見で「大東亜戦争という用語は現在、一般に政府として公文書で使用していない」と説明。投稿への見解を問われ「一概に答えるのは困難だ。現在、防衛省で事実関係を確認している」と述べるにとどめた。,['https://newsatcl-pctr.c.yimg.jp/t/amd-img/20240408-00000063-kyodonews-000-3-view.jpg?exp=10800'],['https://news.yahoo.co.jp/articles/27df6399b0006cd9d27cd6d98975e5a9593e9ef7/images/000']
元副知事の大村氏が出馬表明　川勝氏辞職の静岡県知事選（共同通信）,https://news.yahoo.co.jp/articles/44a4f1acf2040e63f16fe751708fd462983d71a4,https://newsatcl-pctr.c.yimg.jp/t/amd-img/20240408-00000062-kyodonews-000-3-view.jpg?exp=10800,2024-04-08T11:49:35+09:00,2024-04-08T12:30:14+09:00,共同通信,kyodonews,共同通信,184,\n静岡県知事選に立候補すると表明した大村慎一氏＝8日午前、静岡県庁\n静岡県の川勝平太知事の任期途中での辞職表明に伴う知事選に、元総務省官僚で、同県副知事も務めた大村慎一氏（60）が8日、立候補すると表明した。出馬表明は大村氏が初めて。\n\n 大村氏は同日、県庁で記者団の取材に応じ「愛するふるさとである静岡県の混乱する県政を立て直すために出馬を決めた」と述べた。,['https://newsatcl-pctr.c.yimg.jp/t/amd-img/20240408-00000062-kyodonews-000-3-view.jpg?pri=l&w=429&h=640&exp=10800'],['https://news.yahoo.co.jp/articles/44a4f1acf2040e63f16fe751708fd462983d71a4/images/000']
絵本作家のさとうわきこさん死去（共同通信）,https://news.yahoo.co.jp/articles/1f80db8f2c81830aabaedeb08532cd48e1154d07,https://newsatcl-pctr.c.yimg.jp/t/amd-img/default.jpg?exp=10800,2024-04-08T12:02:04+09:00,2024-04-08T12:18:52+09:00,共同通信,kyodonews,共同通信,83,\n「ばばばあちゃん」シリーズなどで知られる絵本作家のさとうわきこさんが3月28日午後11時40分、大動脈解離のため長野県諏訪市の病院で死去した。89歳。東京都出身。,[],[]
韓国が軍事衛星2号機を発射　米南部から、偵察能力向上へ（共同通信）,https://news.yahoo.co.jp/articles/93f17c89fac13e7775ab4fc756bc0dd4479aad1e,https://newsatcl-pctr.c.yimg.jp/t/amd-img/20240408-00000060-kyodonews-000-2-view.jpg?exp=10800,2024-04-08T11:42:07+09:00,2024-04-08T11:58:52+09:00,共同通信,kyodonews,共同通信,341,\n韓国の軍事偵察衛星を搭載したロケット＝米南部フロリダ州（韓国国防省提供・聯合＝共同）\n【ソウル共同】韓国国防省は8日、米南部フロリダ州のケネディ宇宙センターから現地時間7日夜（日本時間8日朝）、韓国軍の偵察衛星2号機を打ち上げ、地球周回軌道に投入したと発表した。地上との交信にも成功した。高性能レーダーを搭載し、北朝鮮に対する独自の防衛体制「3軸体系（先制打撃、ミサイル防衛、報復攻撃）」の基礎となる偵察能力を向上させる。\n\n 北朝鮮も今年中に数機の軍事偵察衛星を打ち上げる方針で、韓国の申源シク国防相は8日、4月中旬にも発射される可能性があるとの見方を示した。南北間の競争が激しさを増しそうだ。\n\n 衛星は米スペースX社のファルコン9ロケットに載せて打ち上げられた。,['https://newsatcl-pctr.c.yimg.jp/t/amd-img/20240408-00000060-kyodonews-000-2-view.jpg?pri=l&w=434&h=640&exp=10800'],['https://news.yahoo.co.jp/articles/93f17c89fac13e7775ab4fc756bc0dd4479aad1e/images/000']
集合住宅で77歳女性死亡　「妻刺した」と通報、京都（共同通信）,https://news.yahoo.co.jp/articles/ba6ec6a8e12447bb5de353a298db6798e2ab54aa,https://newsatcl-pctr.c.yimg.jp/t/amd-img/20240408-00000061-kyodonews-000-5-view.jpg?exp=10800,2024-04-08T11:43:09+09:00,2024-04-08T12:38:06+09:00,共同通信,kyodonews,共同通信,291,\n1\n/\n2\n女性が刺される事件があった京都市伏見区の集合住宅＝8日午後0時6分\n京都府警本部\n8日午前4時半ごろ、京都市伏見区の集合住宅で「妻を刺した」と110番があった。京都府警によると、住民の長谷川美保子さん（77）が腹から血を流し、ベッドであおむけに倒れており、病院に搬送されたが死亡が確認された。夫とみられる男も負傷し治療を受けており、府警は詳しい状況を調べている。\n\n 府警によると、長谷川さんは服を着た状態で、腹に刺し傷があり、室内からは血の付いた包丁が見つかった。長谷川さんは夫と2人暮らしで、男は「寝ている妻を刃物で刺し、自分も刺した」と説明した。,"['https://newsatcl-pctr.c.yimg.jp/t/amd-img/20240408-00000061-kyodonews-000-5-view.jpg?pri=l&w=640&h=437&exp=10800', 'https://newsatcl-pctr.c.yimg.jp/t/amd-img/20240408-00000061-kyodonews-001-5-view.jpg?pri=l&w=640&h=454&exp=10800']","['https://news.yahoo.co.jp/articles/ba6ec6a8e12447bb5de353a298db6798e2ab54aa/images/000', 'https://news.yahoo.co.jp/articles/ba6ec6a8e12447bb5de353a298db6798e2ab54aa/images/001']"
マグニチュード5.1、深さ39キロに更新（共同通信）,https://news.yahoo.co.jp/articles/1b141ff6b6c96b9057a3a3e8782d11b58430e51e,https://newsatcl-pctr.c.yimg.jp/t/amd-img/default.jpg?exp=10800,2024-04-08T11:33:51+09:00,2024-04-08T11:50:52+09:00,共同通信,kyodonews,共同通信,81,\n宮崎県で最大震度5弱を観測した地震で、気象庁はマグニチュード5.2、震源の深さ約40キロだった速報値を、マグニチュード5.1、深さ39キロの暫定値に更新した。,[],[]
元副知事の大村氏が静岡県知事選出馬表明（共同通信）,https://news.yahoo.co.jp/articles/da58b9ccfb6de226c1b93bb3ce85eb77197c7d5e,https://newsatcl-pctr.c.yimg.jp/t/amd-img/default.jpg?exp=10800,2024-04-08T11:28:54+09:00,2024-04-08T11:44:51+09:00,共同通信,kyodonews,共同通信,85,\n川勝平太知事が辞職の意向を示したことに伴う静岡県知事選に、元総務省官僚で静岡県副知事も務めた大村慎一氏が8日、立候補することを明らかにした。出馬表明は大村氏が初めて。,[],[]
東証、午前終値525円高（共同通信）,https://news.yahoo.co.jp/articles/918bf354907312043eb99d9ce9a1ef74b8e8bcbc,https://newsatcl-pctr.c.yimg.jp/t/amd-img/default.jpg?exp=10800,2024-04-08T11:34:55+09:00,2024-04-08T11:50:56+09:00,共同通信,kyodonews,共同通信,62,\n週明け8日の東京株式市場の日経平均株価（225種）午前終値は、前週末終値比525円73銭高の3万9517円81銭だった。,[],[]
被爆証言活動、委嘱期間無制限に（共同通信）,https://news.yahoo.co.jp/articles/c9aa3dd32653d64ce7928d9d6aa8c6d5008aa89a,https://newsatcl-pctr.c.yimg.jp/t/amd-img/default.jpg?exp=10800,2024-04-08T10:43:03+09:00,2024-04-08T10:58:52+09:00,共同通信,kyodonews,共同通信,103,\n被爆体験を語る広島市の被爆体験証言者と、被爆者本人に代わり体験を語り継ぐ伝承者の委嘱期間を、2024年度から1年ごとの更新を改め、無期限とすることが8日、証言者らが活動する原爆資料館への取材で分かった。,[],[]
被爆証言者の活動無期限に　広島市、制度が定着（共同通信）,https://news.yahoo.co.jp/articles/3bd02037b593687b4e010cb95064ab4633a8bdf5,https://newsatcl-pctr.c.yimg.jp/t/amd-img/20240408-00000055-kyodonews-000-3-view.jpg?exp=10800,2024-04-08T11:01:19+09:00,2024-04-08T11:34:09+09:00,共同通信,kyodonews,共同通信,286,\n広島市の原爆資料館\n被爆体験を語る広島市の「被爆体験証言者」と、本人に代わり体験を語り継ぐ「伝承者」の委嘱期間を、2024年度から1年ごとの更新を改め、無期限とすることが8日、証言者らが活動する原爆資料館への取材で分かった。被爆者の高齢化に伴う語り部の減少が課題となっており、市は養成研修を進めてきた。制度が定着したため、更新は不要と判断した。\n\n 資料館によると、1日時点で被爆体験証言者32人、被爆体験伝承者226人、家族伝承者38人が活動している。担当者は取材に「事業が軌道に乗り、ほとんどの方が更新時に継続していた。長く活動を続けてもらいたい」と話した。,['https://newsatcl-pctr.c.yimg.jp/t/amd-img/20240408-00000055-kyodonews-000-3-view.jpg?pri=l&w=640&h=426&exp=10800'],['https://news.yahoo.co.jp/articles/3bd02037b593687b4e010cb95064ab4633a8bdf5/images/000']
京都の住宅で高齢女性が腹刺され死亡（共同通信）,https://news.yahoo.co.jp/articles/0a01e55976c029a1bf1f1c58058d3437bfbe4671,https://newsatcl-pctr.c.yimg.jp/t/amd-img/default.jpg?exp=10800,2024-04-08T11:21:08+09:00,2024-04-08T11:38:52+09:00,共同通信,kyodonews,共同通信,100,\n京都府警によると、8日午前4時半ごろ、京都市伏見区の住宅で男性から「妻を刺した」と110番があった。警察官が駆け付けると、高齢女性が腹から血を流して倒れており、病院に搬送されたが死亡が確認された。,[],[]
ウッズ、マスターズへ調整　グリーン周りなど念入りに確認（共同通信）,https://news.yahoo.co.jp/articles/cc1ac7b3cfe7aac3a91e58fc46fc2fd58997757e,https://newsatcl-pctr.c.yimg.jp/t/amd-img/20240408-00000054-kyodonews-000-3-view.jpg?exp=10800,2024-04-08T10:57:33+09:00,2024-04-08T11:42:30+09:00,共同通信,kyodonews,共同通信,349,\n練習を終えてコースを後にするタイガー・ウッズ（右）＝オーガスタ・ナショナルGC（ゲッティ＝共同）\n【オーガスタ（米ジョージア州）共同】男子ゴルフで11日開幕のメジャー第1戦、マスターズ・トーナメントを前に、過去5度優勝のタイガー・ウッズ（米国）が7日、会場となる米ジョージア州のオーガスタ・ナショナルGCで調整した。\n\n 練習グリーンでパットを打った後、1番からスタート。ティーショットは放たず、ウエッジ数本とパターでグリーン周りやバンカー、グリーン上を念入りに確認した。約2時間半後に9番を終えると、朗らかな笑みでコースを後にした。\n\n 昨年は最終日の競技前に棄権し、その後で右足首の手術を受けた。今年2月のジェネシス招待でツアー復帰したが、途中棄権。以降は実戦から遠ざかっている。,['https://newsatcl-pctr.c.yimg.jp/t/amd-img/20240408-00000054-kyodonews-000-3-view.jpg?pri=l&w=640&h=460&exp=10800'],['https://news.yahoo.co.jp/articles/cc1ac7b3cfe7aac3a91e58fc46fc2fd58997757e/images/000']
東証、一時600円超高（共同通信）,https://news.yahoo.co.jp/articles/f8b240dd79bba17233f7b1e7a1c83bc0255a9eb4,https://newsatcl-pctr.c.yimg.jp/t/amd-img/default.jpg?exp=10800,2024-04-08T10:40:40+09:00,2024-04-08T10:56:52+09:00,共同通信,kyodonews,共同通信,44,\n週明け8日の東京株式市場で、日経平均株価（225種）の上げ幅が一時600円を超えた。,[],[]
宮崎で震度5弱（共同通信）,https://news.yahoo.co.jp/articles/b6a55c851077dd42699f15b1ccada8b4de35da41,https://newsatcl-pctr.c.yimg.jp/t/amd-img/default.jpg?exp=10800,2024-04-08T10:31:45+09:00,2024-04-08T10:48:52+09:00,共同通信,kyodonews,共同通信,44,\n気象庁によると、8日午前10時25分ごろ、宮崎県南部平野部で震度5弱の地震があった。,[],[]
宮崎で震度5弱、鹿児島で4　M5.1、川内原発に異常なし（共同通信）,https://news.yahoo.co.jp/articles/dccd2fe0e54d7f6a91e7955e8d2e20d85f6c8d77,https://newsatcl-pctr.c.yimg.jp/t/amd-img/20240408-00000051-kyodonews-000-5-view.jpg?exp=10800,2024-04-08T10:35:47+09:00,2024-04-08T12:03:46+09:00,共同通信,kyodonews,共同通信,301,\n主な地域震度\n8日午前10時25分ごろ、宮崎県の南部平野部で震度5弱の地震があった。鹿児島県・大隅では震度4を観測した。気象庁によると、震源地は大隅半島東方沖で、震源の深さは約39キロ、地震の規模はマグニチュード（M）5.1。津波はなかった。九州電力川内原発（鹿児島）に異常は確認されていない。\n\n 九州新幹線やJRの在来線、宮崎、鹿児島両空港で大きな影響はなかった。東九州自動車道は、昨年の雨で斜面崩落があった場所の緊急点検のため、鹿児島県の野方―曽於弥五郎インター間が通行止めになった。\n\n 林芳正官房長官は記者会見で「引き続き震度5弱程度の地震の発生に注意してほしい」と呼びかけた。,['https://newsatcl-pctr.c.yimg.jp/t/amd-img/20240408-00000051-kyodonews-000-5-view.jpg?exp=10800'],['https://news.yahoo.co.jp/articles/dccd2fe0e54d7f6a91e7955e8d2e20d85f6c8d77/images/000']
東証、一時600円超高　米株上昇、円安進行を好感（共同通信）,https://news.yahoo.co.jp/articles/195e7ff3cfc75ae7b50833eada8970843128dabb,https://newsatcl-pctr.c.yimg.jp/t/amd-img/20240408-00000049-kyodonews-000-5-view.jpg?exp=10800,2024-04-08T10:19:55+09:00,2024-04-08T11:45:00+09:00,共同通信,kyodonews,共同通信,327,\n東京都内の株価ボード（AP＝共同）\n週明け8日午前の東京株式市場で、日経平均株価（225種）が大幅反発し、一時600円超上げた。前週末5日の米国株上昇を好感した。外国為替相場の円安ドル高進行も輸出関連株の支えとなった。\n\n 午前終値は5日終値比525円73銭高の3万9517円81銭。東証株価指数（TOPIX）は32.58ポイント高の2735.20。\n\n 5日の米国市場は、堅調な雇用統計を受けて経済の先行き期待が高まり、主要な株価指数がそろって上昇した。この流れを引き継いだ8日の東京市場でも、朝方から半導体関連や自動車など幅広い銘柄が買われた。\n\n 平均株価は5日に大幅下落していたため、割安感の出た銘柄に買い戻しが入りやすかった。,['https://newsatcl-pctr.c.yimg.jp/t/amd-img/20240408-00000049-kyodonews-000-5-view.jpg?pri=l&w=640&h=426&exp=10800'],['https://news.yahoo.co.jp/articles/195e7ff3cfc75ae7b50833eada8970843128dabb/images/000']
東京円、151円台後半（共同通信）,https://news.yahoo.co.jp/articles/fcd70be75989c7290c68080f9d5bd4e4e99d445f,https://newsatcl-pctr.c.yimg.jp/t/amd-img/default.jpg?exp=10800,2024-04-08T10:10:03+09:00,2024-04-08T10:26:52+09:00,共同通信,kyodonews,共同通信,261,\n週明け8日午前の東京外国為替市場の円相場は、1ドル＝151円台後半で取引された。\n\n 午前10時現在は前週末比37銭円安ドル高の1ドル＝151円70～73銭。ユーロは20銭円安ユーロ高の1ユーロ＝164円22～31銭。\n\n 米労働省が5日に発表した雇用統計で、堅調な雇用情勢が示された。米連邦準備制度理事会（FRB）による利下げが先送りされるとの見方がやや意識され、運用に有利なドルを買って円を売る動きが先行した。\n\n 市場では「米労働市場の強さが改めて浮き彫りになった」（外為ブローカー）との声があった。,[],[]
東証、一時500円超高（共同通信）,https://news.yahoo.co.jp/articles/028c99d31f2fd3f0a7d0f5c5209f3c45abe6cc88,https://newsatcl-pctr.c.yimg.jp/t/amd-img/default.jpg?exp=10800,2024-04-08T10:11:59+09:00,2024-04-08T10:28:52+09:00,共同通信,kyodonews,共同通信,44,\n週明け8日の東京株式市場で、日経平均株価（225種）の上げ幅が一時500円を超えた。,[],[]
2月経常黒字2.6兆円　幅拡大、貿易赤字半減で（共同通信）,https://news.yahoo.co.jp/articles/7722aa0ee915f6fd3cf67da801daf620e46fead5,https://newsatcl-pctr.c.yimg.jp/t/amd-img/20240408-00000044-kyodonews-000-3-view.jpg?exp=10800,2024-04-08T09:32:25+09:00,2024-04-08T11:28:37+09:00,共同通信,kyodonews,共同通信,246,\n東京港に停泊するコンテナ船＝東京都江東区\n財務省が8日発表した2月の国際収支速報によると、海外とのモノやサービス、投資の取引状況を示す経常収支は2兆6442億円の黒字だった。黒字は13カ月連続。前年同月は2兆2003億円の黒字だった。輸出から輸入を差し引いた貿易収支の赤字額が半減する一方、旅行収支の黒字幅が広がり、経常黒字の幅も拡大した。\n\n 輸出は前年同月比5.5％増の8兆971億円、輸入は1.4％増の8兆3780億円。この結果、貿易赤字は52.1％減の2809億円となった。,['https://newsatcl-pctr.c.yimg.jp/t/amd-img/20240408-00000044-kyodonews-000-3-view.jpg?pri=l&w=640&h=433&exp=10800'],['https://news.yahoo.co.jp/articles/7722aa0ee915f6fd3cf67da801daf620e46fead5/images/000']
パドレス松井は無安打無失点　3番手で1回1／3（共同通信）,https://news.yahoo.co.jp/articles/d56a8a38ee7b846fa36abf74266014351ec60550,https://newsatcl-pctr.c.yimg.jp/t/amd-img/default.jpg?exp=10800,2024-04-08T09:31:45+09:00,2024-04-08T09:49:08+09:00,共同通信,kyodonews,共同通信,100,\n▽ジャイアンツ―パドレス（7日・サンフランシスコ）\n\n パドレスの松井は2―1の七回から3番手で登板し、1回1/3を無安打無失点だった。防御率は1.42。チームは2―3で逆転負けした。（共同）,[],[]
東証反発、409円高　午前9時15分現在（共同通信）,https://news.yahoo.co.jp/articles/eac01de142fca51a0dc4ce9cf8bb878244a516b6,https://newsatcl-pctr.c.yimg.jp/t/amd-img/default.jpg?exp=10800,2024-04-08T09:22:39+09:00,2024-04-08T09:39:30+09:00,共同通信,kyodonews,共同通信,68,\n週明け8日の東京株式市場の日経平均株価（225種）は午前9時15分現在、前週末終値比409円32銭高の3万9401円40銭となった。,[],[]
輪島の小学校で70人入学式　校舎被害で6校は合同開催（共同通信）,https://news.yahoo.co.jp/articles/a91425e2b05ca8b4aaaaecdeac7968d1449fe5f0,https://newsatcl-pctr.c.yimg.jp/t/amd-img/20240408-00000046-kyodonews-000-4-view.jpg?exp=10800,2024-04-08T09:47:41+09:00,2024-04-08T10:54:44+09:00,共同通信,kyodonews,共同通信,334,\n石川県の輪島消防署で行われた市立小学校の合同入学式＝8日午前\n能登半島地震で大きな被害を受けた石川県輪島市で8日、市立小学校の入学式が開かれた。鳳至小や河井小などの6校は校舎が被災するなどしたため輪島消防署で合同開催。会場では式を前に地震の犠牲者に黙とうがささげられた。市の9校、計約70人の新1年生が春らしい暖かさの中、記念の日を迎えた。\n\n 鳳至小に入学した酒井稀冬君は「勉強を頑張りたい」と緊張した様子。父親の自営業透さんは「6年間で輪島の様子も変わっていくと思うので、自分の目で見ていってほしい」と願った。\n\n 輪島消防署の合同入学式は、3校ずつ2度に分けて開催。市教育委員会は、4月から6校の授業について、市立輪島中の空き教室で行うとしている。,['https://newsatcl-pctr.c.yimg.jp/t/amd-img/20240408-00000046-kyodonews-000-4-view.jpg?pri=l&w=640&h=427&exp=10800'],['https://news.yahoo.co.jp/articles/a91425e2b05ca8b4aaaaecdeac7968d1449fe5f0/images/000']
東京株式　　8日終値　　　　　（共同通信）,https://news.yahoo.co.jp/articles/a6f34b188a9707bc70add5900836979f2ecf0d2a,https://newsatcl-pctr.c.yimg.jp/t/amd-img/default.jpg?exp=10800,2024-04-08T09:16:13+09:00,2024-04-08T15:01:14+09:00,共同通信,kyodonews,共同通信,82,\n＜日経平均＞ \n\n 39347円04銭 \n\n 前日比 ＋354円96銭 \n\n＜TOPIX＞ \n\n 2728.32 \n\n 前日比 ＋25.70,[],[]
東京で日本版ライドシェア開始　全国初、他地域も順次スタート（共同通信）,https://news.yahoo.co.jp/articles/2c70ddc8e937fd05a693c107a9b6dbf2ac1f0f59,https://newsatcl-pctr.c.yimg.jp/t/amd-img/20240408-00000041-kyodonews-000-29-view.jpg?exp=10800,2024-04-08T09:08:03+09:00,2024-04-08T15:09:50+09:00,共同通信,kyodonews,共同通信,591,\n「日本版ライドシェア」のサービスが始まり、東京ハイヤー・タクシー協会が開いた出発式のテープカット。左は斉藤国交相、右は河野デジタル相＝8日午前、東京都江戸川区\n一般ドライバーが自家用車を使い有料で乗客を運ぶ「日本版ライドシェア」のサービスが8日、東京都で始まった。サービス開始は全国初で、別の地域でも順次サービスがスタートする予定。安全性への懸念を払拭しつつ、タクシー不足の解消につなげられるかどうかが焦点となる。\n【表】日本版ライドシェアの導入を認める4区域の概要（台数や曜日・時間帯） 3月\n実施主体の事業者が加盟する東京ハイヤー・タクシー協会は都内で出発式を開き、斉藤鉄夫国土交通相や河野太郎デジタル相が出席した。\n\n 出発式では、一般ドライバーがスマホのアプリを使って配車のデモンストレーションを披露した。\n\n 東京ハイヤー・タクシー協会によると、8日午前は80人程度のドライバーが稼働可能な状況で、午前9時前までに約50件の利用があったという。\n\n 東京23区や武蔵野市、三鷹市からなる営業区域では月―金曜の午前7～10時台と土曜午前0～4時台などに運行する。\n\n 国交省はほかに「札幌」「仙台市」「県南中央」（さいたま市など）「千葉」「京浜」（横浜市など）「名古屋」「京都市域」「大阪市域」「神戸市域」「広島」「福岡」の11区域も導入を認めた。,['https://newsatcl-pctr.c.yimg.jp/t/amd-img/20240408-00000041-kyodonews-000-29-view.jpg?pri=l&w=640&h=424&exp=10800'],"['https://news.yahoo.co.jp/articles/2c70ddc8e937fd05a693c107a9b6dbf2ac1f0f59/images/000', 'https://47news.jp/relation/2024040803']"
韓国が偵察衛星2号機を打ち上げ（共同通信）,https://news.yahoo.co.jp/articles/6d37c49b767a54ea53483b1ce18cd517d3c02b95,https://newsatcl-pctr.c.yimg.jp/t/amd-img/default.jpg?exp=10800,2024-04-08T09:05:55+09:00,2024-04-08T09:23:34+09:00,共同通信,kyodonews,共同通信,58,\n【ソウル共同】韓国国防省は8日、米南部フロリダ州から日本時間の同日朝、軍の偵察衛星2号機を打ち上げたと発表した。,[],[]
東証反発して始まり、3万9千円回復（共同通信）,https://news.yahoo.co.jp/articles/e4cad944ee86c842bc22fc79bd45e1c3418af7cd,https://newsatcl-pctr.c.yimg.jp/t/amd-img/default.jpg?exp=10800,2024-04-08T09:03:03+09:00,2024-04-08T09:19:29+09:00,共同通信,kyodonews,共同通信,72,\n週明け8日の東京株式市場の日経平均株価（225種）は反発して始まり、節目の3万9千円を一時回復した。前週末終値比の上げ幅は400円を超えた。,[],[]
今永は4回2安打無失点　鈴木1打点、大谷は2安打（共同通信）,https://news.yahoo.co.jp/articles/7e7526dd0844008b3947797239c5bd5a2708031b,https://newsatcl-pctr.c.yimg.jp/t/amd-img/20240408-00000038-kyodonews-000-3-view.jpg?exp=10800,2024-04-08T08:58:30+09:00,2024-04-08T09:43:11+09:00,共同通信,kyodonews,共同通信,280,\nドジャース戦に先発し4回を2安打無失点だったカブス・今永。勝敗は付かなかった＝シカゴ（共同）\n▽カブス―ドジャース（7日・シカゴ）\n\n カブスの今永は先発で4回を投げ、2安打無失点、3三振無四球で勝敗は付かなかった。防御率は0.00。鈴木は「2番・右翼」で出場し、3打数無安打1打点、1得点。内容は空振り三振、左犠飛（打点1）、死球、空振り三振、二飛で打率2割8分6厘。\n\n ドジャースの大谷は「2番・指名打者」で4打数2安打1打点。内容は空振り三振、三邪飛、右中間三塁打、中越え二塁打（打点1）で打率3割2分。カブスが8―1で快勝した。（共同）,['https://newsatcl-pctr.c.yimg.jp/t/amd-img/20240408-00000038-kyodonews-000-3-view.jpg?pri=l&w=550&h=640&exp=10800'],['https://news.yahoo.co.jp/articles/7e7526dd0844008b3947797239c5bd5a2708031b/images/000']
今永4回無失点も降雨降板　大谷、今季初の三塁打（共同通信）,https://news.yahoo.co.jp/articles/5ced6e14bee5fdb7631562e309d5dc451c01368b,https://newsatcl-pctr.c.yimg.jp/t/amd-img/20240408-00000037-kyodonews-000-3-view.jpg?exp=10800,2024-04-08T08:56:59+09:00,2024-04-08T09:43:06+09:00,共同通信,kyodonews,共同通信,329,\nドジャース戦に先発したカブス・今永＝シカゴ（共同）\n【シカゴ共同】米大リーグは7日、各地で行われ、カブスの今永はシカゴでのドジャース戦に先発し、4回を2安打無失点、3奪三振と好投したが勝敗はつかなかった。試合は四回裏途中に約3時間降雨で中断し、今永は再開後に降板した。「2番・右翼」の鈴木は3打数無安打1打点。ドジャースの大谷は「2番・指名打者」で今季初の三塁打を放つなど4打数2安打1打点だった。カブスが8―1で勝った。\n\n レッドソックスの吉田はエンゼルス戦に「5番・指名打者」で出場し、4打数1安打1打点。チームは12―2で快勝。\n\n パドレスの松井はジャイアンツ戦の3番手で1回1/3を投げ、無安打無失点。チームは2―3で逆転負けした。,['https://newsatcl-pctr.c.yimg.jp/t/amd-img/20240408-00000037-kyodonews-000-3-view.jpg?pri=l&w=509&h=640&exp=10800'],['https://news.yahoo.co.jp/articles/5ced6e14bee5fdb7631562e309d5dc451c01368b/images/000']
吉田は4打数1安打1打点　エンゼルス戦（共同通信）,https://news.yahoo.co.jp/articles/1c7c1acb81fa0cb6208630a068b418a14791615d,https://newsatcl-pctr.c.yimg.jp/t/amd-img/20240408-00000035-kyodonews-000-2-view.jpg?exp=10800,2024-04-08T08:54:23+09:00,2024-04-08T13:01:18+09:00,共同通信,kyodonews,共同通信,180,\nエンゼルス戦の6回、中前適時打を放つレッドソックス・吉田＝アナハイム（USAトゥデー・ロイター＝共同）\n▽エンゼルス―レッドソックス（7日・アナハイム）\n\n レッドソックスの吉田は「5番・指名打者」で出場し、4打数1安打1打点、2得点だった。内容は中飛、中飛、中前適時打（打点1）、遊ゴロ、四球で打率は2割4分2厘。チームは12―2で勝った。（共同）,['https://newsatcl-pctr.c.yimg.jp/t/amd-img/20240408-00000035-kyodonews-000-2-view.jpg?pri=l&w=640&h=435&exp=10800'],['https://news.yahoo.co.jp/articles/1c7c1acb81fa0cb6208630a068b418a14791615d/images/000']
実質賃金マイナス過去最長　23カ月連続、2月1.3％減（共同通信）,https://news.yahoo.co.jp/articles/d48bcebcf0077eba8359a395b79ebdaaa9466f6a,https://newsatcl-pctr.c.yimg.jp/t/amd-img/20240408-00000034-kyodonews-000-3-view.jpg?exp=10800,2024-04-08T08:30:36+09:00,2024-04-08T08:47:18+09:00,共同通信,kyodonews,共同通信,294,\n東京駅周辺のビル群\n厚生労働省が8日発表した2月の毎月勤労統計調査（速報、従業員5人以上）によると、物価変動を考慮した実質賃金は前年同月比1.3％減で、23カ月連続のマイナスだった。比較可能な1991年以降で、減少が続く期間はリーマン・ショックなどで景気が低迷した2007年9月～09年7月と並び、最長を記録。物価上昇に賃金の伸びが追い付かず、2年近く家計悪化が続く深刻な状況となっている。\n\n ただ、23年通年の2.5％減と比べると下落幅は縮小。厚労省は「物価上昇が落ち着いてきた」と分析する。大企業を中心に高水準の賃上げが相次いだ24年春闘の影響は、今後の統計に反映される。,['https://newsatcl-pctr.c.yimg.jp/t/amd-img/20240408-00000034-kyodonews-000-3-view.jpg?pri=l&w=640&h=426&exp=10800'],['https://news.yahoo.co.jp/articles/d48bcebcf0077eba8359a395b79ebdaaa9466f6a/images/000']
2月経常収支は2兆6442億円の黒字（共同通信）,https://news.yahoo.co.jp/articles/71a2b24792f60af75d6b6c0caa944b57bbb4a90a,https://newsatcl-pctr.c.yimg.jp/t/amd-img/default.jpg?exp=10800,2024-04-08T08:56:36+09:00,2024-04-08T09:13:42+09:00,共同通信,kyodonews,共同通信,68,\n財務省が8日発表した2月の国際収支速報によると、海外とのモノやサービス、投資の取引状況を示す経常収支は2兆6442億円の黒字だった。,[],[]
松山は7位、久常78位　米男子ゴルフ最終日（共同通信）,https://news.yahoo.co.jp/articles/cc2e1424d39ccb8bbac2ff127a4adecb36247015,https://newsatcl-pctr.c.yimg.jp/t/amd-img/20240408-00000033-kyodonews-000-3-view.jpg?exp=10800,2024-04-08T08:28:13+09:00,2024-04-08T10:42:16+09:00,共同通信,kyodonews,共同通信,353,\n最終ラウンド、9番でアプローチショットを放つ松山英樹。通算8アンダーで7位＝TPCサンアントニオ（共同）\n【サンアントニオ（米テキサス州）共同】米男子ゴルフのテキサス・オープンは7日、テキサス州サンアントニオのTPCサンアントニオ（パー72）で最終ラウンドが行われ、4位から出た松山英樹は4バーディー、3ボギーの71と伸ばし切れず、通算8アンダー、280で優勝者と12打差の7位だった。\n\n 久常涼は77と崩れて通算6オーバーの78位に終わった。\n\n 初日からトップのアックシェイ・バティアが20アンダーで並んだデニー・マッカーシー（ともに米国）とのプレーオフを制し、昨季の初勝利に続く通算2勝目。賞金165万6千ドル（約2億5千万円）と11日開幕のマスターズ・トーナメント出場権を獲得した。,['https://newsatcl-pctr.c.yimg.jp/t/amd-img/20240408-00000033-kyodonews-000-3-view.jpg?pri=l&w=468&h=640&exp=10800'],['https://news.yahoo.co.jp/articles/cc2e1424d39ccb8bbac2ff127a4adecb36247015/images/000']
「北国の木」シラカバの家具が森の再生促す　北海道でメーカーら利用推進プロジェクト（共同通信）,https://news.yahoo.co.jp/articles/8c573ada97e879835068672674f7e6c15bf2a16e,https://newsatcl-pctr.c.yimg.jp/t/amd-img/20240408-00000032-kyodonews-000-6-view.jpg?exp=10800,2024-04-08T08:00:05+09:00,2024-04-08T08:17:21+09:00,共同通信,kyodonews,共同通信,1127,\n1\n/\n4\n鳥羽山聡さんの工房が宿泊施設に納めたシラカバの家具＝北海道東川町（白樺プロジェクト提供）\n鳥羽山聡さんの工房で制作中のシラカバのソファ＝北海道東川町\n北海道立総合研究機構林産試験場の秋津裕志さん＝旭川市\n「白樺プロジェクト」の代表理事で、家具メーカーを経営する鳥羽山聡さん＝北海道東川町\n家具産業が盛んな北海道旭川市や近郊で、メーカーや研究者が材料としてシラカバを活用する取り組みを続けている。身近に豊富にありながら、主な用途はパルプ用チップ。しかし家具素材として独特の魅力があるだけでなく、再生サイクルが早く、持続可能な森林経営も目指すことが可能という。（共同通信＝星井智樹）\n\n この取り組みは「白樺プロジェクト」で、2018年11月に始動した。メンバーは研究者ら10人で、展示会で家具を紹介したりサイエンスカフェやワークショップを開いたりして発信するのが主な活動内容だ。\n\n 広大な自然が広がる北海道。だが輸出や生活用品製作のため戦後にナラやタモなどの良質な広葉樹が大量に伐採され、十分にあるとは言えない状況になってしまった。そこで北海道立総合研究機構林産試験場の秋津裕志さん（64）が研究の末、シラカバを代替材として利用し、広葉樹の成長を待ち森林を再生させようと知人らに呼びかけたのが、プロジェクトのきっかけだった。\n白い樹皮が特徴のシラカバは北海道や中部以北の本州に分布する、北国の代表的な木。生命力が強く、荒れ地で真っ先に育つ「パイオニアツリー」の一つで成長が早いが、60年程度で朽ち、幹が直径30センチほどにしかならないため、柔らかい木とのイメージを持たれてきた。\n\n プロジェクト代表理事で、東川町で家具メーカーを経営する鳥羽山聡さん（55）は当初「シラカバで家具が作れるのか」と不安だった。だが強度試験を通じ、十分に利用可能だと分かった。それに加えて絹のような光沢があり、ナラなどと比べて優しい印象で、素材としての魅力を感じた。これまで宿泊施設などにテーブルやトレーなどを納め、高い評価を得ている。\n\n 秋津さんによると、シラカバを含むカンバ類は推計で北海道の森林の約11％を占める。工事後の道路脇のように日当たりが良く目につく場所で育ちやすい。だから人の手で生育を促すことが容易で、伐採のために奥山まで立ち入る必要がなく、低コストで済む。さらには樹液から化粧品、樹皮から籠など、丸ごと利用が可能な点も魅力だ。\n「ゆくゆくは自分たちが育てた木で家具が作れる。楽しみだ」と鳥羽山さん。現在のメンバーは50～60代がほとんどといい「プロジェクトを通して若い人に刺激を与えたい」と話している。,"['https://newsatcl-pctr.c.yimg.jp/t/amd-img/20240408-00000032-kyodonews-000-6-view.jpg?pri=l&w=640&h=442&exp=10800', 'https://newsatcl-pctr.c.yimg.jp/t/amd-img/20240408-00000032-kyodonews-001-6-view.jpg?pri=l&w=640&h=440&exp=10800', 'https://newsatcl-pctr.c.yimg.jp/t/amd-img/20240408-00000032-kyodonews-002-6-view.jpg?pri=l&w=640&h=423&exp=10800', 'https://newsatcl-pctr.c.yimg.jp/t/amd-img/20240408-00000032-kyodonews-003-6-view.jpg?pri=l&w=640&h=531&exp=10800']","['https://news.yahoo.co.jp/articles/8c573ada97e879835068672674f7e6c15bf2a16e/images/000', 'https://news.yahoo.co.jp/articles/8c573ada97e879835068672674f7e6c15bf2a16e/images/001', 'https://news.yahoo.co.jp/articles/8c573ada97e879835068672674f7e6c15bf2a16e/images/002', 'https://news.yahoo.co.jp/articles/8c573ada97e879835068672674f7e6c15bf2a16e/images/003']"
板倉が今季3ゴール目　ドイツ1部リーグ（共同通信）,https://news.yahoo.co.jp/articles/7fc64572fe5cb8c49d278d54310f20c9fa51b49d,https://newsatcl-pctr.c.yimg.jp/t/amd-img/20240408-00000029-kyodonews-000-3-view.jpg?exp=10800,2024-04-08T07:05:55+09:00,2024-04-08T07:23:20+09:00,共同通信,kyodonews,共同通信,151,\nウォルフスブルク戦の後半、同点ゴールを決めるボルシアMGの板倉（左）＝ウォルフスブルク（共同）\nサッカーのドイツ1部リーグで7日、ボルシアMGの板倉滉はアウェーのウォルフスブルク戦で0―1の後半7分に今季3点目となる同点ゴールを決めた。同25分までプレーし、チームは3―1で逆転勝ちした。（共同）,['https://newsatcl-pctr.c.yimg.jp/t/amd-img/20240408-00000029-kyodonews-000-3-view.jpg?pri=l&w=640&h=399&exp=10800'],['https://news.yahoo.co.jp/articles/7fc64572fe5cb8c49d278d54310f20c9fa51b49d/images/000']
イスラエル音楽フェス襲撃半年　遺族や友、乱射現場で祈り（共同通信）,https://news.yahoo.co.jp/articles/ccff2f4aa79ae5e6567fcc19742951e07f320021,https://newsatcl-pctr.c.yimg.jp/t/amd-img/20240408-00000031-kyodonews-000-3-view.jpg?exp=10800,2024-04-08T07:44:49+09:00,2024-04-08T09:43:02+09:00,共同通信,kyodonews,共同通信,351,\n7日、イスラエル南部レイムで、息子のヤリン・エフラインさんの遺影を見つめる母オリーさん（共同）\n【レイム共同】イスラム組織ハマスがイスラエルを奇襲し、南部レイムで開かれていた野外音楽フェスティバルで約360人が銃乱射の犠牲になった日から半年となった7日、現場に多くの犠牲者遺族や友人が訪れ、祈りをささげた。\n\n 「帰ってきてほしい。そればかり毎日考える」。3人きょうだいの末っ子ヤリン・エフラインさん（24）を亡くした母オリーさん（62）が、慰霊のため設置された遺影に顔を近づけ、すすり泣いた。ガザの方向で、イスラエル軍の砲撃音が響いた。\n\n フェスティバルには数千人が参加していた。突如現れたハマスの戦闘員たちは銃を乱射し、逃げたり隠れたりした参加者も容赦なく殺害。遺影の大半は若者だ。,['https://newsatcl-pctr.c.yimg.jp/t/amd-img/20240408-00000031-kyodonews-000-3-view.jpg?pri=l&w=640&h=426&exp=10800'],['https://news.yahoo.co.jp/articles/ccff2f4aa79ae5e6567fcc19742951e07f320021/images/000']
ベトナム人男性刺殺疑い　同居男を逮捕、兵庫・伊丹（共同通信）,https://news.yahoo.co.jp/articles/93e337d1484d782839e2a286b784a3eb585f4436,https://newsatcl-pctr.c.yimg.jp/t/amd-img/20240408-00000030-kyodonews-000-3-view.jpg?exp=10800,2024-04-08T07:15:59+09:00,2024-04-08T07:33:22+09:00,共同通信,kyodonews,共同通信,282,\n兵庫県警本部\n兵庫県警伊丹署は8日、同僚男性の胸や腹をナイフのような物で刺して殺害したとして、殺人容疑で、兵庫県伊丹市、ベトナム国籍の会社員グエン・バン・コン容疑者（33）を逮捕した。「間違いない」と容疑を認めている。署は何らかのトラブルがあったとみて動機や男性の身元を調べている。\n\n 逮捕容疑は7日午後3時10分ごろ、会社の寮で、同居するベトナム国籍で会社員の30代男性を複数回刺し殺害した疑い。男性は病院に運ばれたが死亡が確認された。通報を受け署員が現場に駆け付けた際、「私が刺した」と話しており任意同行していた。男性は1階であおむけに倒れていた。,['https://newsatcl-pctr.c.yimg.jp/t/amd-img/20240408-00000030-kyodonews-000-3-view.jpg?pri=l&w=426&h=640&exp=10800'],['https://news.yahoo.co.jp/articles/93e337d1484d782839e2a286b784a3eb585f4436/images/000']
南野はフル出場　フランス1部リーグ（共同通信）,https://news.yahoo.co.jp/articles/316c2426b4511e2375b5bc14d4d2b96eb9921e3f,https://newsatcl-pctr.c.yimg.jp/t/amd-img/20240408-00000028-kyodonews-000-3-view.jpg?exp=10800,2024-04-08T07:00:53+09:00,2024-04-08T07:24:21+09:00,共同通信,kyodonews,共同通信,89,\nレンヌ戦で競り合うモナコの南野（左）＝モナコ（共同）\nサッカーのフランス1部リーグで7日、モナコの南野拓実はホームのレンヌ戦にフル出場した。チームは1―0で勝った。（共同）,['https://newsatcl-pctr.c.yimg.jp/t/amd-img/20240408-00000028-kyodonews-000-3-view.jpg?pri=l&w=565&h=640&exp=10800'],['https://news.yahoo.co.jp/articles/316c2426b4511e2375b5bc14d4d2b96eb9921e3f/images/000']
香川大生＆受刑者、異色コラボ製品を開発　エコバッグとしおり、生協・大学祭で販売へ（共同通信）,https://news.yahoo.co.jp/articles/c0206ed4bfed40aa417a44dc6b574f767ddcbf86,https://newsatcl-pctr.c.yimg.jp/t/amd-img/20240408-00000024-kyodonews-000-6-view.jpg?exp=10800,2024-04-08T07:00:20+09:00,2024-04-08T10:51:22+09:00,共同通信,kyodonews,共同通信,701,\n1\n/\n3\n高松刑務所との打ち合わせに参加する香川大生＝2023年7月、高松市\n高松刑務所と連携して開発したエコバッグなどを手にする西田侑莉さん＝2024年3月、高松市\n高松刑務所と連携して開発したエコバッグと木製のしおりを手にする香川大の吉本清乃さん＝2024年3月、高松市\n香川大の学生団体が高松刑務所と連携し、受刑者らが作る新たな「刑務所作業製品」を開発した。学生が普段使いできるよう工夫したエコバッグと木製のしおりで、大学祭や生協などで販売する計画だ。3月の取材時に団体代表だった卒業生の西田侑莉さん（24）は「製品を身近に感じ、刑務所内での生活に関心を持ってもらいたい」と話す。（共同通信＝広川隆秀）\n\n 団体は「さぬき再犯防止プロジェクト」。刑務所を出所後に孤立しないよう元受刑者との交流会を定期的に開き、一般の人に理解を深めてもらう啓発活動も進めている。\n\n 2022年から高松矯正管区と連携を開始。2022年10月の大学祭で全国の刑事施設で作られた刑務所作業製品を展示し、人気投票とともに来場者が欲しいと思う新製品のアンケートを取った。結果を踏まえ、2023年5月に商品化の企画を本格的にスタート。高松矯正管区や高松刑務所と打ち合わせを5回行い試作品を完成させた。年内の販売を目指し、価格などを今後決める。\n副代表の吉本清乃さん（23）はエコバッグについて「学生が生協で買うペットボトルと弁当が崩れず入るように底を厚くした」とこだわりを語る。高松刑務所の加藤航平統括矯正処遇官は「若い人に関わってもらうことで、顧客の年齢層を広げることができる」と期待している。,"['https://newsatcl-pctr.c.yimg.jp/t/amd-img/20240408-00000024-kyodonews-000-6-view.jpg?pri=l&w=640&h=428&exp=10800', 'https://newsatcl-pctr.c.yimg.jp/t/amd-img/20240408-00000024-kyodonews-001-6-view.jpg?pri=l&w=473&h=640&exp=10800', 'https://newsatcl-pctr.c.yimg.jp/t/amd-img/20240408-00000024-kyodonews-002-6-view.jpg?pri=l&w=467&h=640&exp=10800']","['https://news.yahoo.co.jp/articles/c0206ed4bfed40aa417a44dc6b574f767ddcbf86/images/000', 'https://news.yahoo.co.jp/articles/c0206ed4bfed40aa417a44dc6b574f767ddcbf86/images/001', 'https://news.yahoo.co.jp/articles/c0206ed4bfed40aa417a44dc6b574f767ddcbf86/images/002']"
9日の天気（西日本）（共同通信）,https://news.yahoo.co.jp/articles/85170b989b43fae2cb68ec0cac385c7389d757a8,https://newsatcl-pctr.c.yimg.jp/t/amd-img/default.jpg?exp=10800,2024-04-08T07:00:05+09:00,2024-04-08T17:10:45+09:00,共同通信,kyodonews,共同通信,91,\n◆大阪 雨のち曇り\n\n◆京都 雨のち曇り\n\n◆広島 雨のち晴れ\n\n◆高松 雨のち曇り\n\n◆福岡 曇り一時雨\n\n◆鹿児島 晴れ一時雨\n\n◆那覇 曇りのち晴れ,[],[]
遠藤は後半途中まで出場　プレミアリーグ（共同通信）,https://news.yahoo.co.jp/articles/4cc62d9339b805320894408804176e7749f51da5,https://newsatcl-pctr.c.yimg.jp/t/amd-img/20240408-00000025-kyodonews-000-3-view.jpg?exp=10800,2024-04-08T07:00:00+09:00,2024-04-08T07:24:51+09:00,共同通信,kyodonews,共同通信,146,\nマンチェスター・ユナイテッド戦で競り合うリバプールの遠藤（左）＝マンチェスター（共同）\n【ロンドン共同】サッカーのイングランド・プレミアリーグで7日、リバプールの遠藤航はアウェーのマンチェスター・ユナイテッド戦に1―2の後半24分まで出場した。チームは終盤に追い付き2―2で引き分けた。,['https://newsatcl-pctr.c.yimg.jp/t/amd-img/20240408-00000025-kyodonews-000-3-view.jpg?pri=l&w=553&h=640&exp=10800'],['https://news.yahoo.co.jp/articles/4cc62d9339b805320894408804176e7749f51da5/images/000']
9日の天気（東日本）（共同通信）,https://news.yahoo.co.jp/articles/1bf4a73f1f0e1fd46caeea343c17dbdad6c88176,https://newsatcl-pctr.c.yimg.jp/t/amd-img/default.jpg?exp=10800,2024-04-08T07:00:01+09:00,2024-04-08T17:10:43+09:00,共同通信,kyodonews,共同通信,66,\n◆札幌 曇り\n\n◆秋田 雨のち曇り\n\n◆仙台 雨\n\n◆新潟 雨\n\n◆東京 雨のち曇り\n\n◆名古屋 雨のち晴れ,[],[]
新種の化石発見、支えた素人集団　教室使い、主婦ら削り出し（共同通信）,https://news.yahoo.co.jp/articles/93402163802c3dccb2998d03b42214c8a237724e,https://newsatcl-pctr.c.yimg.jp/t/amd-img/20240408-00000022-kyodonews-000-9-view.jpg?exp=10800,2024-04-08T06:30:06+09:00,2024-04-08T09:16:46+09:00,共同通信,kyodonews,共同通信,575,\n間借りした中学校の教室で行われた、海生爬虫類モササウルスの化石を岩から削り出す作業＝和歌山県有田川町（県立自然博物館提供）\n和歌山県立自然博物館が昨年12月、海生爬虫類モササウルスの新種化石を見つけたと発表した。約6600万年前に絶滅した「海の王者」。推定全長約6メートルの個体を硬い岩から削り出す難作業は、間借りした地元中学校の教室で、主婦や定年退職後の男性ら「素人集団」が担った。\n\n 化石が出たのは2006年。京都大の学生が、和歌山県有田川町で偶然発見した。全身の骨が見つかるほどの規模は初めて。10年から本格的に掘り出した。\n\n 作業を率いた博物館の小原正顕さんによると、モササウルスは約9800万年前に出現。恐竜ではないものの、映画「ジュラシック・ワールド」で一躍有名になった。\n\n 町立中での作業が認められると、丸1日かけて運び込んだ。教室の半分を埋め尽くした岩を前に立ち尽くした。\n\n 人手を補おうとアルバイトを募ると、化石を初めて扱う人ばかりが集まった。\n\n 当初は難航。小原さんが雑多な部分を削り、骨が見えた後の細かい作業を任せる「配置転換」に踏み切った。\n海生爬虫類モササウルスの新種化石＝2023年12月、和歌山県海南市\n5年がかりで全てを削り出すと、背びれが存在した可能性を示す特徴が見つかった。,"['https://newsatcl-pctr.c.yimg.jp/t/amd-img/20240408-00000022-kyodonews-000-9-view.jpg?pri=l&w=640&h=425&exp=10800', 'https://newsatcl-pctr.c.yimg.jp/t/amd-img/20240408-00000022-kyodonews-001-9-view.jpg?pri=l&w=640&h=413&exp=10800']","['https://news.yahoo.co.jp/articles/93402163802c3dccb2998d03b42214c8a237724e/images/000', 'https://news.yahoo.co.jp/articles/93402163802c3dccb2998d03b42214c8a237724e/images/001']"
エアコン試運転、お早めに　夏の修理は数週間待ちも（共同通信）,https://news.yahoo.co.jp/articles/26739f7c1621026b6ca9e0c0c90f6b7ddedc434d,https://newsatcl-pctr.c.yimg.jp/t/amd-img/20240408-00000023-kyodonews-000-16-view.jpg?exp=10800,2024-04-08T06:30:00+09:00,2024-04-08T13:40:38+09:00,共同通信,kyodonews,共同通信,357,\nビックカメラ新宿東口店のエアコン売り場＝2022年、東京都新宿区\nエアコンの使用が本格化する夏を前に、メーカー各社が試運転をするよう呼びかけている。例年「暑くなって動かしたら故障していた」との相談が後を絶たず、7月前後の修理や設置工事では数週間待つケースもあるためだ。今年の夏も全国的に猛暑が見込まれ、各社は「熱中症予防のためにも、6月前半までにチェックを」としている。\n今年の夏も全国的に猛暑 気象庁「十分な熱中症対策を」\nダイキン工業によると、試運転の手順はまず冷房の設定温度を最低にして10分ほど運転。冷風が出ているか、異常を示すランプが点滅していないかを確認する。そのまま30分ほど運転し、屋外の配管から水が出ているのを確認する。\n\n 担当者は「7～8月の点検依頼は4～5月の約3倍」と話す。,['https://newsatcl-pctr.c.yimg.jp/t/amd-img/20240408-00000023-kyodonews-000-16-view.jpg?pri=l&w=640&h=426&exp=10800'],"['https://news.yahoo.co.jp/articles/26739f7c1621026b6ca9e0c0c90f6b7ddedc434d/images/000', 'https://47news.jp/relation/2024040802']"
米議員事務所放火で35歳男逮捕　背景不明、当局が動機捜査（共同通信）,https://news.yahoo.co.jp/articles/4853ad5de85234e295a5399aaf6e66ce3408c1b2,https://newsatcl-pctr.c.yimg.jp/t/amd-img/20240408-00000021-kyodonews-000-3-view.jpg?exp=10800,2024-04-08T06:25:37+09:00,2024-04-08T06:41:33+09:00,共同通信,kyodonews,共同通信,345,\n2020年、オンラインの米民主党大会で演説するサンダース上院議員（ゲッティ＝共同）\n【ワシントン共同】米東部バーモント州にある民主党系無所属のサンダース上院議員の事務所で5日発生した放火事件で、検察当局は7日、事務所の扉に火を放った疑いで、シャント・ソゴモニアン容疑者（35）が逮捕されたと発表した。背景は不明で、警察が動機を調べる。\n\n サンダース氏はプログレッシブ（進歩派）と呼ばれる急進左派の重鎮として影響力を持ち、11月の大統領選で民主党のバイデン大統領に投票するよう呼びかけている。当時、事務所におらず無事だった。\n\n 発表によると、容疑者は5日朝、同州バーリントンのビル3階にある事務所のドアに液体をかけた後、ライターで火を付ける様子が防犯カメラに記録されていた。,['https://newsatcl-pctr.c.yimg.jp/t/amd-img/20240408-00000021-kyodonews-000-3-view.jpg?pri=l&w=640&h=360&exp=10800'],['https://news.yahoo.co.jp/articles/4853ad5de85234e295a5399aaf6e66ce3408c1b2/images/000']
為替相場　　　9日（日本時間　1時）（共同通信）,https://news.yahoo.co.jp/articles/ff109d8675ab284344d6da9b0a279be8e23a0e28,https://newsatcl-pctr.c.yimg.jp/t/amd-img/default.jpg?exp=10800,2024-04-08T06:00:23+09:00,2024-04-09T01:00:17+09:00,共同通信,kyodonews,共同通信,113,\n1時現在 \n\n 1ドル＝ \n\n 151円78銭～ \n\n 151円79銭 \n\n 前日比 ＋0円09銭 \n\n 1ユーロ＝ \n\n 164円68銭～ \n\n 164円75銭 \n\n 前日比 －0円17銭,[],[]
ガザ南部撤収はラファ侵攻準備　イスラエル、作戦継続強調（共同通信）,https://news.yahoo.co.jp/articles/c408159aeae5a500db0aecf6a9bcc4570fc200bc,https://newsatcl-pctr.c.yimg.jp/t/amd-img/20240408-00000019-kyodonews-000-21-view.jpg?exp=10800,2024-04-08T06:00:32+09:00,2024-04-08T12:30:31+09:00,共同通信,kyodonews,共同通信,612,\n1\n/\n2\nイスラエル軍撤収後のパレスチナ自治区ガザ南部ハンユニス＝7日（Jehad Alshrafi/アナトリア通信提供、ゲッティ＝共同）\nイスラエル軍が攻撃したパレスチナ自治区ガザ南部ラファの現場＝4日（ゲッティ＝共同）\n【エルサレム共同】イスラエルのガラント国防相は7日、自国軍部隊がパレスチナ自治区ガザ南部から撤収したことについて、ガザ最南部ラファへの侵攻を含め「将来の作戦への準備を進めるためだ」と説明した。イスラエルのメディアが伝えた。軍のハレビ参謀総長は「ガザでの戦闘は続いている。遅かれ早かれ、隠れているハマスの幹部を捕まえるだろう」とし、作戦継続を強調した。\n歴史が生んだ「世紀の難問」…イスラエル、パレスチナの争いはなぜ始まった 基礎から解説\n一方、イスラエル紙ハーレツはガザでの戦闘休止と人質解放を巡る交渉で、米国がイスラエルとイスラム組織ハマスの双方に妥協を迫る提案をする見通しだと伝えた。イスラエルにガザへの支援物資の搬入拡大を求め、ハマスには一時的な休戦を受け入れるよう求めるとの報道がある。\n\n ガラント氏はハマスがガザを支配せず、イスラエル国民に危険をもたらさない状況に達する必要があると訴えた。\n\n カービー米大統領補佐官は7日、米テレビのインタビューで、イスラエル軍部隊のガザ南部撤収は「休養と再編成のためだ。彼らは疲弊し、再編成が必要だと聞いている」と述べた。,"['https://newsatcl-pctr.c.yimg.jp/t/amd-img/20240408-00000019-kyodonews-000-21-view.jpg?pri=l&w=640&h=426&exp=10800', 'https://newsatcl-pctr.c.yimg.jp/t/amd-img/20240408-00000019-kyodonews-001-21-view.jpg?pri=l&w=640&h=426&exp=10800']","['https://news.yahoo.co.jp/articles/c408159aeae5a500db0aecf6a9bcc4570fc200bc/images/000', 'https://news.yahoo.co.jp/articles/c408159aeae5a500db0aecf6a9bcc4570fc200bc/images/001', 'https://www.47news.jp/relation-n/2023102908']"
米議員事務所放火で35歳男逮捕（共同通信）,https://news.yahoo.co.jp/articles/6d30ff2709a174a25a00b2486aca015b8387ecee,https://newsatcl-pctr.c.yimg.jp/t/amd-img/default.jpg?exp=10800,2024-04-08T06:24:18+09:00,2024-04-08T06:41:11+09:00,共同通信,kyodonews,共同通信,114,\n【ワシントン共同】米東部バーモント州にある民主党系無所属のサンダース上院議員の事務所で5日発生した放火事件で、検察当局は7日、事務所の扉に火を放った疑いで、35歳の男が逮捕されたと発表した。背景は不明で、警察が動機を調べる。,[],[]
大学生が納豆容器をデザイン　折り畳み式、環境にも配慮（共同通信）,https://news.yahoo.co.jp/articles/1aeead3e6fca70b195d23e1bfa77e352503f85eb,https://newsatcl-pctr.c.yimg.jp/t/amd-img/20240408-00000018-kyodonews-000-3-view.jpg?exp=10800,2024-04-08T06:00:02+09:00,2024-04-08T06:17:55+09:00,共同通信,kyodonews,共同通信,352,\n千葉大工学部の学生がデザインした納豆向け折り畳み紙パック容器（田内隆利准教授提供）\nかきまぜやすく、手がべたつくこともなく、環境にもやさしい―。千葉大工学部の学生らが、納豆向け折り畳み紙パック容器をデザインした。食品メーカーにアピールし、実用化を模索したい考えだ。\n\n 紙パックは、中身を入れて畳まれた状態では納豆菌の活動を維持する通気性を残しつつ、乾燥を防げる。開けば側面が立ち上がって容積が大きくなり、箸でかき回しやすくなる。助言を求めた納豆メーカー社員からも好評価を得られたという。\n\n 円柱形やコーヒーフィルター形など、さまざまなデザインで試作。広げて手にしたときの安定感などを追求した。\n\n 昨年、日本デザイン振興会が主催するグッドデザイン・ニューホープ賞に出品し、入選した。,['https://newsatcl-pctr.c.yimg.jp/t/amd-img/20240408-00000018-kyodonews-000-3-view.jpg?exp=10800'],['https://news.yahoo.co.jp/articles/1aeead3e6fca70b195d23e1bfa77e352503f85eb/images/000']
南部撤収はラファ侵攻準備とイスラエル（共同通信）,https://news.yahoo.co.jp/articles/0f3b6497016c827bd68dc8463d49ec34542882b0,https://newsatcl-pctr.c.yimg.jp/t/amd-img/default.jpg?exp=10800,2024-04-08T05:58:48+09:00,2024-04-08T06:15:12+09:00,共同通信,kyodonews,共同通信,113,\n【エルサレム共同】イスラエルのガラント国防相は7日、自国軍部隊がパレスチナ自治区ガザ南部から撤収したことについて、ガザ最南部ラファへの侵攻を含め「将来の作戦への準備を進めるためだ」と説明した。イスラエルのメディアが伝えた。,[],[]
原発への無人機攻撃で負傷者　IAEA「無謀な行為」と批判（共同通信）,https://news.yahoo.co.jp/articles/5feb2cf458d7702a592b091b5673762ca2d1d185,https://newsatcl-pctr.c.yimg.jp/t/amd-img/20240408-00000015-kyodonews-000-3-view.jpg?exp=10800,2024-04-08T05:46:21+09:00,2024-04-08T06:03:22+09:00,共同通信,kyodonews,共同通信,349,\n昨年3月、ウクライナ南部のザポロジエ原発の入り口で警戒するロシア兵（ロイター＝共同）\nロシア国営原子力企業ロスアトムは7日、ウクライナ南部でロシアが占拠を続けている欧州最大のザポロジエ原発に同日、ウクライナによる無人機攻撃があり、職員3人が負傷したと発表した。うち1人は重傷という。国際原子力機関（IAEA）のグロッシ事務局長はXで「無謀な行為」と批判、原発周辺での軍事行動の即時停止を訴えた。\n\n ウクライナメディアによると、同国国防省情報総局の報道官は、ウクライナ側は関与していないと述べた。\n\n ロスアトムによると、原発敷地内の食堂や港、6号機の屋根に無人機が体当たりした。6号機に重大な被害はなく、周辺の放射性物質のレベルも正常とする一方「原発への前例のない攻撃」と非難した。,['https://newsatcl-pctr.c.yimg.jp/t/amd-img/20240408-00000015-kyodonews-000-3-view.jpg?pri=l&w=640&h=442&exp=10800'],['https://news.yahoo.co.jp/articles/5feb2cf458d7702a592b091b5673762ca2d1d185/images/000']
山本、中5日で13日パ軍戦　菊池の次回登板は11日（共同通信）,https://news.yahoo.co.jp/articles/1bf3c0683d1dc268d197d5e39a9da1fe23415b76,https://newsatcl-pctr.c.yimg.jp/t/amd-img/20240408-00000012-kyodonews-000-2-view.jpg?exp=10800,2024-04-08T04:07:14+09:00,2024-04-08T04:08:52+09:00,共同通信,kyodonews,共同通信,279,\nカブス戦の1回、満塁のピンチを切り抜け雄たけびを上げるドジャース・山本＝シカゴ（共同）\n【シカゴ共同】米大リーグ、ドジャースのロバーツ監督は7日、メジャー初勝利を6日に挙げた山本由伸の次回登板が12日午後7時10分（日本時間13日午前11時10分）開始の本拠地でのパドレス戦になることを明らかにした。3度目の登板だった6日は80球で降板しており、メジャーで初の中5日での登板となる。\n\n 今季初勝利を目指すブルージェイズの菊池雄星の次回登板は、10日午後3時7分（同11日午前4時7分）開始の本拠地でのマリナーズ戦に決まった。球団が7日に発表した。,['https://newsatcl-pctr.c.yimg.jp/t/amd-img/20240408-00000012-kyodonews-000-2-view.jpg?pri=l&w=640&h=461&exp=10800'],['https://news.yahoo.co.jp/articles/1bf3c0683d1dc268d197d5e39a9da1fe23415b76/images/000']
リベンジポルノ相談、過去最多　加害者にネット知人2割超（共同通信）,https://news.yahoo.co.jp/articles/0e039e711b04ece51d60c363b3b355e1701a4a13,https://newsatcl-pctr.c.yimg.jp/t/amd-img/20240408-00000014-kyodonews-000-3-view.jpg?exp=10800,2024-04-08T05:00:01+09:00,2024-04-08T05:18:11+09:00,共同通信,kyodonews,共同通信,474,\n警察庁\n復讐のために交際相手の裸の写真などを流出させるリベンジポルノについて、昨年、全国の警察に寄せられた相談は前年比4.9％増の1812件で、過去最多となったことが8日、警察庁のまとめで分かった。7年連続の最多更新。加害者はネット上のみの知人友人が2割超だった。\n\n 相談内容は画像を「所持されている、撮影された」の769件が最多。次いで「公表すると脅された」が676件、「公表された」が374件、「送りつけられた」が253件。1件に複数の内容が含まれている場合は、それぞれに計上した。\n\n 加害者は交際相手が48.6％で最多。元交際相手も含む。ネット上のみの知人友人が21.1％で続いた。ネット上の知人友人の割合は19年以降、増加傾向。\n\n 被害者は女性が84.3％、男性は15.7％。男性の割合は19年の6.6％から年々増えている。\n\n 摘発罪種別では、リベンジポルノ防止法違反が62件で14年の同法施行後最多。脅迫や強要などの刑法と、児童買春・ポルノ禁止法違反など特別法を合わせた摘発件数も計253件で過去最多だった。,['https://newsatcl-pctr.c.yimg.jp/t/amd-img/20240408-00000014-kyodonews-000-3-view.jpg?pri=l&w=457&h=640&exp=10800'],['https://news.yahoo.co.jp/articles/0e039e711b04ece51d60c363b3b355e1701a4a13/images/000']
台湾地震被害の公園、無期限閉鎖　観光名所、復旧めど立たず（共同通信）,https://news.yahoo.co.jp/articles/3795386e1f6ac832e55cb2d0d51ab396bea3939d,https://newsatcl-pctr.c.yimg.jp/t/amd-img/20240408-00000013-kyodonews-000-3-view.jpg?exp=10800,2024-04-08T05:00:04+09:00,2024-04-08T05:17:36+09:00,共同通信,kyodonews,共同通信,354,\n台湾東部・花蓮県の観光地「太魯閣国立公園」で捜索活動を行う消防隊員＝5日（台湾消防署提供・共同）\n【花蓮共同】台湾地震で深刻な被害が出た東部・花蓮県の観光地「太魯閣国立公園」について、台湾政府は復旧のめどが立たないとして、現在の閉鎖措置を無期限で延長する方針を8日までに発表した。公園は雄大な景色が見られる大渓谷が有名で東部観光の名所。封鎖の長期化で地元経済への悪影響が懸念される。\n\n 確認された死者13人のうち多くが公園内で見つかった。道路の寸断で最大時に約700人が孤立状態となったが、7日に解消した。\n\n 台湾メディアによると、公園管理当局は「多くの歩道が落石や地滑りで深刻な被害を受けた。調査を終えるまで修復時期や必要な資金額は不明だ。（再開までの）タイムスケジュールはない」と説明。,['https://newsatcl-pctr.c.yimg.jp/t/amd-img/20240408-00000013-kyodonews-000-3-view.jpg?pri=l&w=640&h=353&exp=10800'],['https://news.yahoo.co.jp/articles/3795386e1f6ac832e55cb2d0d51ab396bea3939d/images/000']
山本、初の中5日で13日パ軍戦（共同通信）,https://news.yahoo.co.jp/articles/2e5dd0ae1e0602ee5045c2fdba3fc91d0ff68b1d,https://newsatcl-pctr.c.yimg.jp/t/amd-img/default.jpg?exp=10800,2024-04-08T04:06:32+09:00,2024-04-08T04:06:32+09:00,共同通信,kyodonews,共同通信,126,\n【シカゴ共同】米大リーグ、ドジャースのロバーツ監督は7日、メジャー初勝利を6日に挙げた山本由伸の次回登板が12日午後7時10分（日本時間13日午前11時10分）開始の本拠地でのパドレス戦になることを明らかにした。メジャーで初の中5日での登板となる。,[],[]
トランプ氏、終戦へ領土割譲案　クリミアやドンバス、米報道（共同通信）,https://news.yahoo.co.jp/articles/5038394020a19131a7f57809b92233c3462a075c,https://newsatcl-pctr.c.yimg.jp/t/amd-img/20240408-00000010-kyodonews-000-42-view.jpg?exp=10800,2024-04-08T03:51:12+09:00,2024-04-08T19:41:45+09:00,共同通信,kyodonews,共同通信,613,\n1\n/\n2\nフィンランド・ヘルシンキで会談後、記者会見するトランプ氏（左）とロシアのプーチン大統領＝2018年7月（ロイター＝共同）\n「竜の歯」と呼ばれる戦車阻止用の障害物＝6日、ウクライナ・ドネツク州（AP＝共同）\n【ワシントン共同】米紙ワシントン・ポスト電子版は7日、ロシアのウクライナ侵攻を巡り、トランプ前米大統領がウクライナに南部クリミア半島や東部ドンバス地方（ドネツク、ルガンスク両州）の国境地帯をロシアに割譲するよう圧力をかけることで終戦に持ち込めると周囲に語ったと報じた。関係筋の話としている。\n【写真】トランプ前大統領と、「参戦」が注目される妻メラニアさん\n共和党のトランプ氏は11月の大統領選で返り咲けばロシアの侵攻を終わらせることができると豪語しているが、具体的な方法が報じられたのは初めて。外交専門家は実際に割譲すればロシアのプーチン大統領を利し、武力による領土侵犯を看過することになると懸念を示している。\n\n トランプ氏は非公開の場で、ロシアとウクライナの双方が「メンツを保ちたいと考えており、解決策も求めている」と述べ、ウクライナの一部地域にいる市民はロシア領になってもかまわないと考えているとの見方を関係者に示したという。\n\n トランプ陣営の報道担当者は「トランプ氏の計画に関する臆測は、状況を把握していない匿名の情報源から来ている」として報道は不正確だとの声明を出した。,"['https://newsatcl-pctr.c.yimg.jp/t/amd-img/20240408-00000010-kyodonews-000-42-view.jpg?pri=l&w=640&h=426&exp=10800', 'https://newsatcl-pctr.c.yimg.jp/t/amd-img/20240408-00000010-kyodonews-001-42-view.jpg?pri=l&w=640&h=426&exp=10800']","['https://news.yahoo.co.jp/articles/5038394020a19131a7f57809b92233c3462a075c/images/000', 'https://news.yahoo.co.jp/articles/5038394020a19131a7f57809b92233c3462a075c/images/001', 'https://www.47news.jp/relation/2024040804']"
トランプ氏、終戦へ領土割譲案検討（共同通信）,https://news.yahoo.co.jp/articles/b6228a13bd2e689fdca90922305937e8120f4ea5,https://newsatcl-pctr.c.yimg.jp/t/amd-img/default.jpg?exp=10800,2024-04-08T03:47:48+09:00,2024-04-08T08:00:27+09:00,共同通信,kyodonews,共同通信,131,\n【ワシントン共同】ワシントン・ポスト電子版は7日、ロシアのウクライナ侵攻を巡り、トランプ前米大統領がウクライナに南部クリミア半島や東部ドンバス地方の国境地帯をロシアに割譲するよう圧力をかけることで終戦に持ち込めると周囲に語ったと報じた。関係筋の話としている。,[],[]
ガザ攻撃「人道に反する」　支援団体、調査に不満（共同通信）,https://news.yahoo.co.jp/articles/9d33fc8f1fde7cea465d47d10f3c20f3b475a566,https://newsatcl-pctr.c.yimg.jp/t/amd-img/20240408-00000007-kyodonews-000-3-view.jpg?exp=10800,2024-04-08T03:20:05+09:00,2024-04-08T03:37:12+09:00,共同通信,kyodonews,共同通信,338,\nイスラエル軍の攻撃により食料支援団体メンバーが殺害された現場に集まった人たち＝2日、パレスチナ自治区ガザ（AP＝共同）\n【ワシントン共同】パレスチナ自治区ガザでイスラエル軍の攻撃を受け、メンバー7人が死亡した食料支援団体ワールド・セントラル・キッチンの米国人創設者ホセ・アンドレス氏は「イスラエルは人道に反する戦争をしている」と非難した。イスラエルによる攻撃の調査結果も独立性が欠けると不満を示した。7日放映の米ABCテレビのインタビューで語った。\n\n アンドレス氏はイスラエル軍のガザでの戦闘について「多くの人は対テロ戦争とはみていない。もはやイスラエルの自衛戦争だとも言えない」として、多くの民間人や支援関係者が犠牲となっている非人道的な戦争をやめるよう訴えた。,['https://newsatcl-pctr.c.yimg.jp/t/amd-img/20240408-00000007-kyodonews-000-3-view.jpg?pri=l&w=640&h=426&exp=10800'],['https://news.yahoo.co.jp/articles/9d33fc8f1fde7cea465d47d10f3c20f3b475a566/images/000']
北朝鮮ミサイル「戦地の実験場」　米軍司令官が懸念表明（共同通信）,https://news.yahoo.co.jp/articles/dac06653ac5f7e5b6b65d2cf27cab3bc84b58eb7,https://newsatcl-pctr.c.yimg.jp/t/amd-img/20240408-00000008-kyodonews-000-4-view.jpg?exp=10800,2024-04-08T03:33:44+09:00,2024-04-08T08:40:09+09:00,共同通信,kyodonews,共同通信,419,\n1\n/\n2\n北朝鮮のKN23と断定されたミサイルの残骸＝1月、ウクライナ・キーウ（共同）\n1月、ウクライナ東部ハリコフにロシア軍が撃ち込んだ北朝鮮製とされるミサイルの着弾現場で消火活動に当たる消防士（ロイター＝共同）\n【キーウ共同】ロシアが北朝鮮製の弾道ミサイルをウクライナで使用していることについて、フリン米太平洋陸軍司令官は、ミサイルを実戦で試し、性能向上につなげる「戦地の実験場」を北朝鮮に与えているとして懸念を表明した。ブルームバーグ通信が7日、伝えた。訪問先のソウル南方の米軍基地で述べた。\n\n 北朝鮮が弾道ミサイルの発射データをロシア側から入手し技術改良につなげる恐れは以前から指摘されており、フリン氏は米国は推移を注意深く見守っていると述べた。\n\n ウクライナ検察によると、ロシアは昨年末から今年3月半ばまでに、ウクライナの首都キーウ、ハリコフなど各地に向け、北朝鮮製の弾道ミサイルを約50発発射した。,"['https://newsatcl-pctr.c.yimg.jp/t/amd-img/20240408-00000008-kyodonews-000-4-view.jpg?pri=l&w=426&h=640&exp=10800', 'https://newsatcl-pctr.c.yimg.jp/t/amd-img/20240408-00000008-kyodonews-001-4-view.jpg?pri=l&w=640&h=426&exp=10800']","['https://news.yahoo.co.jp/articles/dac06653ac5f7e5b6b65d2cf27cab3bc84b58eb7/images/000', 'https://news.yahoo.co.jp/articles/dac06653ac5f7e5b6b65d2cf27cab3bc84b58eb7/images/001']"
敦賀火力発電所で保管燃料焼ける　けが人なし、昨年12月にも出火（共同通信）,https://news.yahoo.co.jp/articles/38c990c022e7c66fef612e28a204ef342cc524b4,https://newsatcl-pctr.c.yimg.jp/t/amd-img/20240408-00000006-kyodonews-000-5-view.jpg?exp=10800,2024-04-08T00:30:35+09:00,2024-04-08T00:48:10+09:00,共同通信,kyodonews,共同通信,244,\n北陸電力の敦賀火力発電所＝福井県敦賀市（北陸電力提供）\n7日午後10時20分ごろ、福井県敦賀市泉の北陸電力敦賀火力発電所から「木質燃料を運ぶベルトコンベヤー付近から煙が出ている」と119番があった。敦賀署によると、保管していた木質燃料の一部が焼け、間もなく消し止められた。けが人はいない。\n\n 署によると、燃料を一時保管する建物内で、木くずを圧縮したペレットと呼ばれる燃料が焼けた。署と地元消防が出火原因を調べている。同発電所では昨年12月にもベルトコンベヤー付近から出火した。,['https://newsatcl-pctr.c.yimg.jp/t/amd-img/20240408-00000006-kyodonews-000-5-view.jpg?pri=l&w=640&h=448&exp=10800'],['https://news.yahoo.co.jp/articles/38c990c022e7c66fef612e28a204ef342cc524b4/images/000']
日米豪比が初の本格演習　南シナ海で中国けん制（共同通信）,https://news.yahoo.co.jp/articles/93037d151305efeca28b66d2c87e973c2932ebbc,https://newsatcl-pctr.c.yimg.jp/t/amd-img/20240408-00000004-kyodonews-000-3-view.jpg?exp=10800,2024-04-08T00:14:44+09:00,2024-04-08T00:31:16+09:00,共同通信,kyodonews,共同通信,335,\n2018年9月、フィリピン・マニラの港に入る海上自衛隊の護衛艦「あけぼの」（AP＝共同）\n【マニラ共同】フィリピン軍は7日、南シナ海で日本の海上自衛隊と米国、オーストラリア両軍と共に初の本格的な4カ国海上演習を同日に実施したと発表した。南シナ海で威圧を強める中国をけん制した形。\n\n 演習はフィリピンの排他的経済水域（EEZ）で行われ、海自は護衛艦「あけぼの」、米軍は沿海域戦闘艦と哨戒機、オーストラリアはフリゲート艦と哨戒機、フィリピンは哨戒艦2隻とフリゲート艦、ヘリコプター2機が参加したという。海自は6日、対潜水艦戦や通信の訓練を行うと発表していた。\n\n フィリピン軍は昨年11月以来、米軍、オーストラリア軍と2国間でそれぞれ共同巡回を実施してきた。,['https://newsatcl-pctr.c.yimg.jp/t/amd-img/20240408-00000004-kyodonews-000-3-view.jpg?pri=l&w=640&h=407&exp=10800'],['https://news.yahoo.co.jp/articles/93037d151305efeca28b66d2c87e973c2932ebbc/images/000']
火力発電所で保管燃料が焼け煙、けが人なし（共同通信）,https://news.yahoo.co.jp/articles/04da847478d8965c37e6fd5c44fef3de7ef468bf,https://newsatcl-pctr.c.yimg.jp/t/amd-img/default.jpg?exp=10800,2024-04-08T00:29:32+09:00,2024-04-08T00:47:27+09:00,共同通信,kyodonews,共同通信,106,\n福井県警によると、7日夜、敦賀市の北陸電力敦賀火力発電所で「燃料を運ぶベルトコンベヤー付近から煙が出ている」と119番があった。保管していた木質燃料の一部が焼けたが、間もなく消し止められ、けが人はいなかった。,[],[]
台湾、スムーズな避難所運営　慈善団体と当局連携（共同通信）,https://news.yahoo.co.jp/articles/408ec2eac5711f5de66affd31a269122d3eb01b9,https://newsatcl-pctr.c.yimg.jp/t/amd-img/20240408-00000002-kyodonews-000-3-view.jpg?exp=10800,2024-04-08T00:00:19+09:00,2024-04-08T00:17:46+09:00,共同通信,kyodonews,共同通信,310,\n台湾東部・花蓮県の避難所＝7日（共同）\n【花蓮共同】台湾東部沖地震で被害の大きかった東部・花蓮県では地元当局が発災直後から複数の慈善団体や住民らと連携し、スムーズな避難所運営を進めてきた。\n\n 小学校の体育館を利用した避難所には、仏教系慈善団体「慈済基金会」が事前に用意していた簡易型の間仕切り設備が設置された。上部が開いており布製のため遮音効果は少ないが、プライバシー保護やストレス低減に効果を発揮した。\n\n 食料や生活必需品は慈善団体や被災を免れた商店主らが当局と調整した上で寄付。13歳の息子と避難した盧彦君さん（49）は「一定程度プライバシーも確保され、物資面では困ったことはなかった」と感謝した。,['https://newsatcl-pctr.c.yimg.jp/t/amd-img/20240408-00000002-kyodonews-000-3-view.jpg?pri=l&w=640&h=426&exp=10800'],['https://news.yahoo.co.jp/articles/408ec2eac5711f5de66affd31a269122d3eb01b9/images/000']
伊東フル、中村途中出場　サッカー、フランス1部（共同通信）,https://news.yahoo.co.jp/articles/69b8a795d941da56c5de329277bda411532cdbda,https://newsatcl-pctr.c.yimg.jp/t/amd-img/20240408-00000003-kyodonews-000-3-view.jpg?exp=10800,2024-04-08T00:02:18+09:00,2024-04-08T00:19:22+09:00,共同通信,kyodonews,共同通信,131,\nニース戦で攻め込むスタッド・ランスの伊東（右）＝ランス（共同）\n【ランス（フランス）共同】サッカーのフランス1部リーグで7日、スタッド・ランスの伊東純也はホームのニース戦でフル出場した。中村敬斗は後半15分過ぎからピッチに立った。試合は0―0で引き分けた。,['https://newsatcl-pctr.c.yimg.jp/t/amd-img/20240408-00000003-kyodonews-000-3-view.jpg?pri=l&w=640&h=465&exp=10800'],['https://news.yahoo.co.jp/articles/69b8a795d941da56c5de329277bda411532cdbda/images/000']
アジアで健康食品1千億円　キリンHD・南方社長（共同通信）,https://news.yahoo.co.jp/articles/de2c78ba333882a958e4f384939214b0624d12a5,https://newsatcl-pctr.c.yimg.jp/t/amd-img/20240408-00000001-kyodonews-000-2-view.jpg?exp=10800,2024-04-08T00:00:02+09:00,2024-04-08T00:17:21+09:00,共同通信,kyodonews,共同通信,302,\nインタビューに答えるキリンホールディングスの南方健志社長\nキリンホールディングス（HD）の南方健志社長（62）が共同通信のインタビューに応じ、健康食品事業のアジアやオセアニアでの売上収益を2030年度ごろまでに1千億円に増やしたいとの意向を表明した。昨年買収したオーストラリアの健康食品会社を通じて販路を拡大し「成長性が高い地域で確固たるポジションを取る」と述べた。\n\n 24年度は健康食品事業のアジアやオセアニアでの売上収益を674億円と見込む。1千億円の目標に向け、免疫機能の維持に役立つとされる独自素材「プラズマ乳酸菌」を含んだ商品を25年にもオーストラリアで発売することを明らかにした。,['https://newsatcl-pctr.c.yimg.jp/t/amd-img/20240408-00000001-kyodonews-000-2-view.jpg?pri=l&w=460&h=640&exp=10800'],['https://news.yahoo.co.jp/articles/de2c78ba333882a958e4f384939214b0624d12a5/images/000']
