headline,mainEntityOfPage,image,datePublished,dateModified,author,media_en,media_jp,str_count,body,images,external_links
毎日の食事に取り入れたい、腸に良い発酵食品3選｜管理栄養士が解説（ヨガジャーナルオンライン）,https://news.yahoo.co.jp/articles/c294e6dd11f25f709cef28363b191d2640b0b3df,https://newsatcl-pctr.c.yimg.jp/t/amd-img/20260805-03308500-yogajol-000-1-view.jpg?exp=10800,2026-08-05T21:10:00+09:00,2026-08-05T21:10:00+09:00,ヨガジャーナルオンライン,yogajol,ヨガジャーナルオンライン,2095,毎日の食事に取り入れたい、腸に良い発酵食品3選 「最近お腹がすっきりしない」「便秘や肌荒れが気になる」そんな悩みには、腸内環境の乱れが関わっているかもしれません。そこで注目したいのが発酵食品です。ヨーグルトや納豆、キムチなど、日本人に身近な発酵食品は、毎日の食事に取り入れやすく人気があります。腸内環境をサポートする働きが期待されている発酵食品ですが、より効果を引き出すには食べ方にもポイントがあります。今回は、いつもの食事にちょい足しするだけで、腸から元気を目指せる発酵食品ベスト3をご紹介します。 〈画像〉毎日の食事に取り入れたい、腸に良い発酵食品3選｜管理栄養士が解説 ■発酵食品はなぜ腸にいいの？ 発酵食品とは、乳酸菌や納豆菌、麹菌、酵母などの微生物の働きを利用して作られた食品のことです。発酵することで保存性が高まるだけでなく、食品本来の栄養価やうま味が増すという特徴があります。 私たちの腸には約1000種・100兆個ともいわれる細菌がすんでいて、そのバランスが便通だけでなく肌荒れや免疫機能にも関わっています。発酵食品に含まれる乳酸菌やビフィズス菌、納豆菌などは、腸内環境を整える食生活の一つとして役立つといわれています。ただし、「発酵食品を食べれば善玉菌が腸内に定着する」というわけではありません。多くの菌は腸内を通過しながら、腸内細菌のバランスに良い影響を与えることが期待されています。また、善玉菌を増やすには発酵食品だけでは十分ではなく、善玉菌のエサとなる食物繊維やオリゴ糖を一緒に摂ることが、より良い腸内環境づくりにつながります。 ■毎日食べたい発酵食品3選 ■■ヨーグルト ヨーグルトに含まれる乳酸菌やビフィズス菌は、腸の中で糖を分解して乳酸を作り出し、腸内を善玉菌が活動しやすい環境へ導く働きが期待されています。 ただし、ヨーグルトに含まれる菌の種類は商品ごとに異なり、腸内細菌のバランスは人それぞれ違うため、効果の感じ方にも個人差があります。そのため、1つの商品を2〜3週間ほど継続し、自分のお腹に合うものを見つけることが大切です。バナナやキウイ、オートミール、きな粉などと一緒に食べると、食物繊維やオリゴ糖が善玉菌のエサとなり、腸活をサポートしてくれます。 ■■納豆 納豆菌は「芽胞（がほう）」と呼ばれる丈夫な殻に包まれているため、熱や胃酸に強く、生きたまま腸まで届きやすいのが特徴です。腸に届いたあともしばらく活動して、善玉菌が優勢な環境づくりを助け、腸を整えてくれます。 さらに納豆は、1パックで約7〜8gのたんぱく質を摂取できるほか、血液サラサラ効果が期待されるナットウキナーゼ、骨の健康に関わるビタミンK、食物繊維なども一度にとれる優秀食材です。オクラやキムチ、めかぶなどと和えれば、発酵食品と食物繊維を一度に摂ることができ、腸活効果もさらにアップします。 ■■キムチ キムチは、白菜などの野菜を乳酸菌によって発酵させた韓国の伝統食品です。乳酸菌だけでなく、白菜由来の食物繊維も一緒に摂取できるため、腸活に適した食品の一つです。また、キムチに含まれる唐辛子やにんにく、しょうがなどの香味野菜は、料理のアクセントになるだけでなく、食欲を高める効果も期待できます。一方で、市販のキムチの中には、発酵させずに調味液で味付けした「キムチ風」の商品もあります。腸活を目的に選ぶ場合は、「発酵」「乳酸発酵」と表示された商品を選ぶのがおすすめです。食べ方としては、納豆と混ぜたり、冷ややっこにのせたりするのがおすすめです。発酵食品同士を組み合わせることで、毎日の食事に無理なく取り入れられます。ただし塩分が比較的多いため、1日50g程度を目安に食べるのがおすすめです。 ■発酵食品をより効果的に食べるポイント 発酵食品を取り入れるだけでは、腸内環境は十分に整いません。善玉菌を増やし、その働きを維持するためには、食物繊維やオリゴ糖を一緒に摂ることが重要です。例えば「ヨーグルト+バナナ」「納豆+キムチ+オクラ」のような組み合わせは、発酵食品と善玉菌のエサを同時に摂れるため、腸活におすすめです。また、水分不足や運動不足、睡眠不足も腸の働きを低下させる原因になります。食事だけでなく、十分な水分補給や適度な運動、規則正しい生活も意識しましょう。 ■まとめ 発酵食品は、腸内環境を整える食生活をサポートする身近な食品です。忙しい毎日に、ヨーグルトや納豆、キムチを食事に一品プラスするだけで 、腸から元気になれます。大切なのは、一度にたくさん食べることではなく、毎日無理なく続けることです。 さらに、野菜や果物、きのこ、海藻など食物繊維が豊富な食品を組み合わせることで、腸活をより効果的に進めることができるためおすすめです。 〈参考文献〉 漬物における乳酸菌の働き：https://kyuchan.co.jp/labs/article/document/article01.pdf 「日本人の食事摂取基準」（2025年版） 日本食品標準成分表2020年版（八訂） 氷室えり,[],[]
【男性更年期対策】テストステロン（男性ホルモン）を増やす「５つの食品」（ヨガジャーナルオンライン）,https://news.yahoo.co.jp/articles/1c0e4a0fe14ccec617f27a4e557d1d140aa4ac9d,https://newsatcl-pctr.c.yimg.jp/t/amd-img/20260805-03305900-yogajol-000-1-view.jpg?exp=10800,2026-08-05T20:40:00+09:00,2026-08-05T20:40:00+09:00,ヨガジャーナルオンライン,yogajol,ヨガジャーナルオンライン,2869,"【男性更年期対策】テストステロン（男性ホルモン）を増やす「５つの食品」 男性にもある更年期症状。テストステロン（男性ホルモン）の低下によって、気分の落ち込み、不眠、性欲の低下など、心と体にさまざまな不調が現れることがあります。不調が続く、症状が重い場合などは受診も大切ですが、まずは毎日の食事を整えることからできるケアもあります。今回は、テストステロン分泌をサポートするとされる食品を5つ、無理なく取り入れるポイントとあわせて紹介します。 〈画像〉【男性更年期対策】テストステロン（男性ホルモン）を増やす「５つの食品」 ■男性ホルモンが低下すると女性の更年期と似た症状が現れることも 男性にとって、男性ホルモンは“男性であること”の象徴とも言えるのではないでしょうか。この男性ホルモンが低下すると、心や体に様々な不調が起こることがあります。具体的には、筋力や骨が弱くなる、心の面では不安感が強まったり、行動力ややる気、性欲などが低下するなど、さまざまな症状が現れます。身体面では、以下のような症状が代表的です。 ・筋力・体力が減る ・疲れやすくなる ・脂肪がつきやすくなる ・肌や髪が乾燥する ・自律神経の乱れ（急な発汗やほてり、めまい、動悸・息切れなど） ・頻尿 ・朝立ちの消失 ・勃起障害（ED） 精神面でもさまざまな症状が現れることがあります。 ・うつ気分 ・不安感 ・イライラ ・不眠 ・集中力の低下 ・やる気の低下 ・性欲の低下 急な発汗やほてりなど、自律神経の乱れによる症状は、女性の更年期症状というイメージがあるかもしれませんが、男性更年期でも同様の症状が現れることがあります。こうした症状によって、日常生活に支障を来すような場合は、放置せずに医療機関を受診することをおすすめします。泌尿器科やメンズヘルス外来、男性更年期外来などを受診するとよいでしょう。 医療機関を受診するほどではないにしても、何かしら男性ホルモン低下への対策があるとよいですよね。そこで今回は、テストステロン分泌を促すと言われている食品を5つ紹介します。 ■玉ねぎ：鮮度の高いものを取り入れる 玉ねぎに含まれる「含硫アミノ酸」が男性ホルモンの分泌を促すという研究結果（*1）が発表されています。 効果的に含流アミノ酸を取り入れていくためには鮮度が大切です。切ってから長時間経ったものや、油で揚げたオニオンリング、バーベキューで焼きすぎた玉ねぎのように、熱を加えすぎたものはおすすめできません。スライスして生でサラダにしたり、加熱時間を短くして食感を楽しんだりなど、調理法を工夫してみてください。 *1 日清製粉グループ「日清ファルマ 世界で初めて含硫アミノ酸含有タマネギエキス摂取による男性更年期症状の改善効果を「ヒト試験」で確認～第 17 回日本抗加齢医学会総会で発表予定～ 」2017年5月8日 https://www.nisshin.com/uploads/170508.pdf ■ラム肉：男性機能や男性ホルモンをサポート ラム肉に豊富に含まれているアルギニンやL-カルニチンという物質は、性機能の回復や男性ホルモンの増加をサポートしてくれます。 アルギニンは血管を広げて血流をよくすることで、EDの症状の改善につながると考えられています。また、L-カルニチンは男性ホルモンの分泌を増やす作用が期待できるほか、エネルギーを作り出して脂肪を燃焼させる働きもあります。そのため、お腹周りに内臓脂肪がたまって起こる「メタボリックシンドローム」の予防にもよいとされています。“メタボ”は、放置すると心筋梗塞や脳卒中など命に関わる病気の引き金となる危険があります。 ■山芋：若返りホルモン「ＤＨＥＡ」が含まれている 長芋や自然薯といった山芋は粘り気が特徴です。この粘り気のある芋類には、DHEA（デヒドロエピアンドロステロン）というホルモンの一種が含まれています。このDHEAは別名「若返りホルモン」とも言われており、男性ホルモン（テストステロン）や女性ホルモン（エストロゲン）を作るための材料になります。 ■レバー：亜鉛が多く含まれる レバーに含まれる亜鉛には男性ホルモンの増加をサポートしてくれる働きがあります。男性の場合、亜鉛が不足すると精子が減少したり、性欲減退などの症状が現れるとされています。亜鉛は、レバーのほかにもわかめ、大豆、牡蠣、うなぎ、カシューナッツなどにも含まれています。 ただし、亜鉛は摂りすぎてはいけません。過剰に摂取すると吐き気や食欲不振が起こるほか、長期的に見ると免疫力が下がってしまうともされています。厚生労働省によると、亜鉛の安全な上限値は成人で1日あたり40〜45mgとされています。参考までに、豚肉のレバー1人前（100g）で亜鉛が約6.9mg、生牡蠣1個で約2.1mg含まれていますので、普通に食事を食べる分には食べすぎるということはまずないでしょう。ただし、サプリメントなどは摂取量に十分気をつける必要があります。 ■バナナ：男性の心の不調を整える バナナは、男性の心の不調を整えるという面でとてもおすすめの食材です。男性ホルモンが低下すると、うつうつとした気分ややる気の低下が起こりやすくなります。また、男性ホルモンが低下する原因そのものがストレスである場合も少なくありません。バナナに含まれるトリプトファンは、体内で別名「幸せホルモン」とも呼ばれる「セロトニン」に変化します。そのため、心の安定につながり、男性の心の不調も整えてくれると思われます。 トリプトファン自体はさまざまな食材に含まれているため、バランスよく食べていれば不足するということはまずありません。ただ、バナナには、トリプトファンの吸収を助けるビタミンB6や炭水化物がすべて含まれているうえ、手軽に摂取することができるため、とてもおすすめです。日頃の食事のデザートに追加する、どうしても朝食を食べる時間がないときにせめてバナナだけでも食べるのはどうでしょうか。 ■食事に取り入れるときはバランス良い食事のなかに組み込んで 効果が期待できる食材の情報を入手すると、「そればっかり食べよう！」と思う人も少なくありませんが、それは絶対にやめてください。体への効果は研究段階であることも多く、もしサプリメント等で摂取する場合は過剰摂取や種類などに注意しなければなりません。摂取する場合は、かかりつけ医にまずは相談してみてください。今回紹介した食品を、ぜひバランスの取れた食事の中で工夫して取り入れるようにしてみてくださいね。 ライター／永田京子 株式会社ウェルネスシアター代表、ちぇぶら更年期トータルケアインストラクター 1,000名を超える女性たちの調査や医師の協力を経て “更年期対策メソッド”を研究・開発・普及。口コミで広まり、企業や医療機関など国内や海外で講演を行い述べ６万人以上が受講。2018年カナダで開催の国際更年期学会で発表。 永田京子",[],[]
第二の心臓「ふくらはぎ」の疲れリセット！硬さがほぐれる「壁を使う簡単ストレッチ」（ヨガジャーナルオンライン）,https://news.yahoo.co.jp/articles/9df286a0755e2e1ac10a1d957676951db6c4e5ff,https://newsatcl-pctr.c.yimg.jp/t/amd-img/20260805-03304800-yogajol-000-1-view.jpg?exp=10800,2026-08-05T20:30:00+09:00,2026-08-05T20:30:00+09:00,ヨガジャーナルオンライン,yogajol,ヨガジャーナルオンライン,1334,第二の心臓「ふくらはぎ」の疲れをリセット！硬さがみるみるほぐれる「壁を使ってできる簡単ストレッチ」 歩く、立つ、階段を上るなど、私たちが日常生活で何気なく行っている動作には、ふくらはぎの筋肉が欠かせません。特に長時間の立ち仕事やウォーキング、ランニングのあとには、ふくらはぎに張りや疲労感を覚える人も多いでしょう。今回は、壁を使って手軽にできるふくらはぎのストレッチをご紹介します。シンプルな動きですが、正しい姿勢で行うことで、ふくらはぎを効率よく伸ばすことができます。 ＜関連動画＞【脚がつる人、これやって】「ふくらはぎ」をほぐして伸ばす！2ステップ四つ這いストレッチ ■ふくらはぎは「第二の心臓」とも呼ばれる筋肉 ふくらはぎは、主に腓腹筋とヒラメ筋という2つの筋肉で構成されています。どちらも足首を底屈（つま先を下へ向ける動き）させる働きを担い、歩行やランニング、ジャンプなど、地面を蹴り出す動作で重要な役割を果たしています。 また、ふくらはぎの筋肉は、収縮と弛緩を繰り返すことで下肢の静脈血を心臓へ押し戻す働きを助けることから、「第二の心臓」と呼ばれることもあります。ただし、これはあくまでも筋ポンプ作用を表した表現であり、心臓と同じ機能を持つという意味ではありません。 ■■壁を使うことで、姿勢を安定させながら伸ばしやすくなる このストレッチでは、壁に手をつくことで体を安定させ、ふくらはぎへ意識を向けやすくなります。前後に脚を大きく開き、後ろ脚のかかとを床につけたまま体重を前へ移動させることで、後ろ脚のふくらはぎがゆっくり伸ばされます。ここで大切なのは、無理に前へ深く踏み込むことではありません。 かかとが床から浮いてしまうと、ふくらはぎへのストレッチが弱くなるため、後ろ脚のかかとを床につけたまま行うことを優先しましょう。また、後ろ脚の膝を伸ばした状態では腓腹筋を中心に、軽く膝を曲げるとヒラメ筋にも伸びを感じやすくなります。目的に応じて膝の角度を調整するのもおすすめです。 ■■毎日の積み重ねが、足元の動かしやすさにつながる ふくらはぎは、歩くたびに繰り返し使われる筋肉です。そのため、運動習慣の有無に関わらず、知らないうちに疲労が蓄積することがあります。ストレッチで柔軟性を保つことは、足首を動かしやすい状態づくりにもつながります。足首がスムーズに動くことは、歩行やしゃがむ動作など、日常生活でのさまざまな動きを行いやすくするうえでも大切です。 一度に強く伸ばすよりも、呼吸を止めずに20〜30秒ほど心地よく伸ばすことを習慣にすると、ふくらはぎのコンディションを整えやすくなるでしょう。 ■ふくらはぎストレッチのやり方 1. 壁に手をつき、脚を前後に大きく開く 壁に両手をつき、片脚を大きく後ろへ引きます。後ろ脚のつま先は正面へ向け、かかとを床につけたまま姿勢を整えましょう。 2. 体重を前へ移動して、ふくらはぎを伸ばす 前脚の膝をゆっくり曲げながら体重を前へ移動させます。後ろ脚のふくらはぎに心地よい伸びを感じたところで自然な呼吸を続けましょう。後ろ脚の膝を伸ばすと腓腹筋を中心に、軽く曲げるとヒラメ筋にも伸びを感じやすくなります。 HINACO,[],[]
更年期の今、手放したい5つのこと｜3000件以上の相談を受けてきた私が考える、しんどさの背景（ヨガジャーナルオンライン）,https://news.yahoo.co.jp/articles/36f501bb775e3f7b632c3db3ad4e0c880ea16c9b,https://newsatcl-pctr.c.yimg.jp/t/amd-img/20260805-03273300-yogajol-000-1-view.jpg?exp=10800,2026-08-05T20:15:00+09:00,2026-08-05T20:15:00+09:00,ヨガジャーナルオンライン,yogajol,ヨガジャーナルオンライン,2246,更年期の今、手放したい5つのこと｜3000件以上の相談を受けてきた私が考える、しんどさの背景 更年期の方に向けたサービス「よりそる」を運営する高本玲代さんが綴るコラム連載。高本さんご自身もまさに更年期世代。わかりやすい不調だけではない更年期の影響について、体験を交えてお話しいただきます。 更年期を迎える頃になると、 「以前のように頑張れなくなった」 「思うように動けなくなった」 「なんだか自分が弱くなった気がする」 そんなふうに感じる方が少なくありません。 実際、これまで私自身も3000件以上の相談を受け、その中の約1600件のご内容を分析しましたが、多くの方が似たような言葉を口にされます。 けれど、お話を伺っていると、それは決して「弱くなった」わけではないように感じます。 むしろ長い間、頑張り続けてきたからこそなのです。 仕事。 家族。 子育て。 親のこと。 人間関係。 自分のことは後回しにしながら、その時々で必要な役割を一生懸命果たしてきた。 だからこそ更年期という時期は、「もっと頑張る方法」を探すよりも、「今まで抱えてきたものを少し下ろす時期」と考えてもよいのかもしれません。 今日は、更年期の今だからこそ手放したい5つのことについてお話ししたいと思います。 〈画像〉更年期の今、手放したい5つのこと｜3000件以上の相談を受けてきた私が考える、しんどさの背景 ■1. 元気だった頃の自分との比較 まず手放したいのは、「昔の自分との比較」です。 以前はもっと働けた。 夜更かししても平気だった。 多少無理をしても翌日には回復していた。 そうした経験があるからこそ、今の自分を見て落ち込んでしまうことがあります。 しかし、人は年齢とともに変化していきます。 それは悪いことではありません。 20代の自分と比べるように、40代や50代の自分を評価し続ければ、どうしても苦しくなります。 大切なのは、過去の自分に戻ることではなく、今の自分に合ったやり方を見つけることです。 ■2. 完璧にやろうとすること ご相談の中で非常に多いのが、「ちゃんとやらなければ」という思いです。 食事も完璧に。 運動も毎日。 睡眠も整える。 仕事もきちんと。 家事も手を抜かない。 もちろん、それ自体は素晴らしいことです。 ただ、更年期の時期は体調や気分に波が出やすくなります。 そんな時に完璧を目指し続けると、 できない日がある ↓ 自分を責める ↓ さらに苦しくなる という流れが生まれやすくなります。 実際には、毎日100点である必要はありません。 60点の日があってもいい。 40点の日があってもいい。 「今日はこれだけできた」 そんなふうに考えられる方ほど、長い目で見ると安定していくことが多いように感じます。 ■3. 人からどう思われるかを気にしすぎること 更年期世代の女性は、とても責任感が強い方が多い印象があります。 だからこそ、 迷惑をかけたくない。 期待に応えたい。 嫌われたくない。 そんな思いを抱えていることも少なくありません。 けれど、人の評価は自分ではコントロールできません。 どれだけ頑張っても、全員に理解してもらうことは難しいものです。 にもかかわらず、それを目指し続けると心は疲れてしまいます。 これからの人生は、誰かにどう思われるかよりも、 「私はどうしたいのか」 を少しずつ大切にしてもよい時期なのかもしれません。 ■4. 情報を集め続けること 不調を感じると、多くの人が情報を探し始めます。 食事法。 サプリメント。 運動。 睡眠。 更年期対策。 情報を知ることは決して悪いことではありません。 ただ、相談の現場で感じるのは、「情報が増えるほど動けなくなってしまう方も少なくない」ということです。 どれが正しいのだろう。 何から始めればいいのだろう。 もっと良い方法があるのではないか。 そうして調べ続けるうちに、行動が止まってしまうことがあります。 本当に必要なのは、完璧な情報ではなく、小さく試してみることかもしれません。 ■5. 一人で何とかしようとすること 最後に手放したいのは、「全部一人で何とかしようとすること」です。 真面目な方ほど、人に頼るのが苦手です。 相談する前に自分で解決しようとする。 迷惑をかけないように頑張る。 弱音を見せない。 けれど、人は一人で生きているわけではありません。 家族。 友人。 職場の人。 専門家。 誰かの力を借りることは、決して甘えではありません。 むしろ長く元気でいるための大切な選択です。 ■最後に 更年期になると、 「何を足せばいいか」 を考えがちです。 けれど、これまで多くの方と関わる中で感じるのは、良くなっていく方ほど、何かを増やすより、何かを手放しているということです。 元気だった頃の自分との比較。 完璧主義。 人からどう思われるかという不安。 情報への執着。 一人で抱え込むこと。 そうしたものを少しずつ下ろしていくことで、心や体に余白が生まれていきます。 そして、その余白ができたとき、人はようやく自分の声を聞けるようになります。 今の自分でいい。 今日は少ししかできなくてもいい。 まずは小さく一歩進めばいい。 更年期は何かを失う時期ではなく、自分にとって本当に大切なものを選び直す時期なのかもしれません。 文／高本玲代（フェムテック起業家、更年期向けサービス「よりそる」代表） 高本玲代,[],[]
【何をしても痩せない40代】「下半身が太いまま」の人が見落とす【股関節の詰まり】（ヨガジャーナルオンライン）,https://news.yahoo.co.jp/articles/245142d1bb56d7ff1d07bfe68e00c967d544c17c,https://newsatcl-pctr.c.yimg.jp/t/amd-img/20260805-03300000-yogajol-000-1-view.jpg?exp=10800,2026-08-05T20:00:00+09:00,2026-08-05T20:00:00+09:00,ヨガジャーナルオンライン,yogajol,ヨガジャーナルオンライン,1784,【何をしても痩せない40代】頑張ってるのに「下半身が太いまま」の人が見落としている【股関節の詰まり】 食事も運動も人一倍頑張っているのに、ジーンズのサイズが変わらない、下半身だけがどうしても痩せないと悩んでいませんか？その原因はあなたの努力不足ではなく、長年の生活習慣でガチガチに固まった「股関節」にあるかもしれません。股関節が詰まると下半身の巡りが悪くなり、老廃物やむくみが溜まって脂肪が燃焼しにくい「太りやすい環境」を作ってしまいます。大切なのは、頑張って鍛える前に、まずは自重を使って心地よく「緩める」こと。今回は、運動が苦手な人でもベッドの上で簡単にできる、下半身をスッキリ軽やかに整えるためのアプローチ法を紹介します。 ＜関連動画＞【骨盤調整＋股関節をほぐす】「股関節の違和感・こわばり」を解消するエクササイズ ■食事制限もウォーキングも効果なし？40代の脚が太いままの本当の原因は「股関節の詰まり」にあり 下半身太りの原因を、多くの人が「筋力不足」や「脂肪の多さ」だと思い込んでハードな運動を重ねがちですが、実はそれが裏目に出ているケースが非常に多いのです。どれだけ努力をしても脚が細くならない本当の原因は、加齢や長時間のデスクワークによって股関節がガチガチに固まってしまう「股関節の詰まり」にあります。 股関節は、下半身の大きなリンパ節や血管が集中している、いわば体全体の「巡りの大黒柱」です。この重要な関節が詰まってしまうと、下半身の老廃物や水分がスムーズに排出されなくなり、結果として太ももやふくらはぎに慢性的なむくみや脂肪がため込まれてしまいます。つまり、体が硬い状態のままいくら脚を動かしても、巡りの弁が閉じた状態では脂肪が燃焼しにくく、むしろ筋肉を余計にこわばらせて脚を太く見せる原因になってしまうのです。 それでは、このガチガチにロックされてしまった股関節の詰まりをすっきりと流し、本来のスラリとしたしなやかな曲線美を取り戻すにはどうすればいいのでしょうか。ここからは、頑張って伸ばそうとする力みを一切捨て、自分の体重を預けるだけで誰でも簡単に股関節がゆるみだす、具体的な3ステップのワークをご紹介します。 ■寝たまま3分でサボり筋が目覚める！下腹を元に戻す「骨盤リセット」ストレッチ ■■STEP１.脱力うつ伏せカエルポーズ（左右長めにキープ） 自分の体のだるさや重みをマットに預けるだけで、硬くなった股関節が自然と外側に開きます。 ＜やり方＞ １）マットの上にうつ伏せになり、両手は顔の下に置くか後ろに伸ばして上半身の力を完全に抜きます ２）片方の股関節と膝を90度になるように折り曲げ、内ももと股関節の内側をマットに近づけます ３）痛みが強い場合は膝の角度を緩めて調整し、心地よい伸びを感じる位置でお顔を曲げている足の方向へ向けます ４）このまま眠ってしまいそうなほどリラックスした状態で深呼吸を繰り返し、反対側も同様に行います ■■STEP２.骨盤まわり円運動ワーク（左右各数回転） 凝り固まった骨盤と股関節の連動性を高め、下半身の滞った巡りを一気に突き動かす動きです ＜やり方＞ １）床に座り、左足は前に折り曲げて右足は後ろに流すような変形した座り姿勢を作ります ２）両方の座骨でしっかりと床を捉えて骨盤をまっすぐ立て、両手は軽くそれぞれの膝の上に添えます ３）一度息を吐きながらみぞおちを引き込んで背中を丸め、そこから上半身で大きな円を描くように回します ４）胸を前に突き出しながら後ろへとぐるっと円を均等に描き、股関節の根元から動かす意識で反対回しも行います ■■STEP３.開脚ツイストタッチ（左右交互に数回） 筋肉を使っては緩めるメリハリを交互に与えることで、しなやかな太もものラインを作ります ＜やり方＞ １）両脚を無理のない範囲で左右に開き、お尻の余分なお肉を後ろにかき分けて骨盤をしっかりと立てます ２）つま先は天井に向けた状態をキープし、両手を肩の高さで左右にまっすぐ伸ばして背筋を引き上げます ３）息を吐きながら上半身を左にねじり、右手で左足のつま先をタッチするようにお腹から深くねじります ４）息を吸いながら一度上半身をセンターに戻し、今度は左手で右足のつま先をタッチするように左右交互に繰り返します 只野トモ,[],[]
【脇腹がスーッと軽くなる！】「くびれ」は体側の縮み？「体側ストレッチ」の劇的効果（ヨガジャーナルオンライン）,https://news.yahoo.co.jp/articles/472c849c0aa700312565f37c828723ee9b0667ae,https://newsatcl-pctr.c.yimg.jp/t/amd-img/20260805-03213400-yogajol-000-1-view.jpg?exp=10800,2026-08-05T19:30:00+09:00,2026-08-05T19:30:00+09:00,ヨガジャーナルオンライン,yogajol,ヨガジャーナルオンライン,2011,【脇腹がスーッと軽くなる！】「くびれ」の正体は体側の縮みだった？「体側ストレッチ」の劇的効果 くびれが欲しくて腹斜筋を鍛えているのに、なぜかウエストがすっきりしない…。実はくびれをつくるのに、筋トレよりも先にすべきことがあります。それは「縮んで硬くなった体側を伸ばして、肋骨と骨盤の距離を取り戻すこと」。体側が縮んでいると、どれだけ筋肉を鍛えてもくびれは出てきません。そこで試してほしいのが「体側ストレッチ」。腕を高く上げて体を横に倒すだけで、外腹斜筋・広背筋・腰方形筋をまとめてほぐせます。 ＜関連動画＞「脇腹のたるみ・腰のもたつき」同時に解消！【10回で効く】脇腹を絞ってくびれを作るエクサ ■くびれがなくなるのは「体側の縮み」が原因だった くびれは、肋骨と骨盤のあいだにある「くびれスペース」が外から見えることで生まれます。ところが長時間の座りっぱなしや猫背の姿勢が続くと、体の側面にある外腹斜筋・広背筋・腰方形筋が縮んで固まり、肋骨が骨盤方向に引き下げられた状態になります。これがいわゆる「体側の縮み」です。肋骨と骨盤の距離が縮まると、くびれスペースが物理的につぶれてしまい、どれだけ腹斜筋を鍛えても外からは見えないという残念な状態に。さらに体側が縮んだままでは脇腹が重く詰まったように感じやすく、腰痛や肩こりの原因にもなります。 ■体側を伸ばして「肋骨と骨盤の距離」を取り戻す くびれを出現させるには、縮んで硬くなった体側の筋肉をまずほぐして伸ばし、肋骨と骨盤のあいだにスペースを取り戻すことが先決です。腕を頭上に伸ばしてから体を横に倒す動きは、外腹斜筋・広背筋・腰方形筋を一度に引き伸ばし、縮んだ体側に長さを与えます。筋肉がほぐれてこのスペースが回復すると、もともとある骨格のくびれラインが自然と浮かび上がってきます。また、体側の血流とリンパの流れも改善され、脇腹のむくみと重だるさがスーッと軽くなるのを実感できます。 ■「体側ストレッチ」とは 体側ストレッチは、立った状態・座った状態どちらでも行える、体の側面全体をひと続きに伸ばすストレッチです。腕を高く上げることで肋骨が引き上げられ、骨盤を固定したままゆっくり横に倒すことで外腹斜筋・広背筋・腰方形筋の三層にアプローチできます。器具不要・場所を選ばず、椅子に座ったままでも実践できるため、デスクワークの合間やお風呂上がりなどに気軽に取り入れられます。1セット30秒で左右の体側をほぐせる、コスパ抜群のメソッドです。 ■体側ストレッチのやり方 1. 足を腰幅に開いて立つ（椅子に座ったままでもOK）。背筋を伸ばし、頭のてっぺんが天井に引き上げられるようなイメージで姿勢を整える。 2. 右腕を耳の横に沿って真上に伸ばす。このとき肩がすくまないよう、右肩を耳から遠ざけて下げながら腕を上げる。左手は腰か太ももに添える。 3. 息を吸いながら右腕をさらに斜め上へ伸ばし、骨盤を正面に向けたまま上体をゆっくり左側に倒していく。骨盤が横に逃げないよう、右のかかとで床を押す意識を持つ。 4. 右の脇腹・わき下・腰にかけて体側全体が気持ちよく伸びているのを感じながら、吐く息に合わせて30秒キープする。 5. ゆっくり上体を起こして右腕を下ろす。左腕も同様に行う。左右各30秒を1セットとして、1日3〜5セットを目安に続ける。 ■効果を高めるためのポイント 最も大切なのは「骨盤を横に逃がさないこと」。骨盤が倒す方向に流れてしまうと、体側ではなく腰が伸びるだけになり効果が半減します。壁を背に立って行うと骨盤の位置を確認しやすくなります。また、腕を上げたときに肩がすくんでしまう場合は、腕を完全に伸ばさずに肘を軽く曲げたままでOK。これが肩こりのある方向けの軽減法です。倒す角度は「体側がじんわり伸びる感覚があるところ」で止め、無理に深めようとしないのがコツです。呼吸を止めずに、吸う息で体を伸ばし、吐く息でもう少し深めていくリズムで行いましょう。毎日続けると2週間ほどで「脇腹の重だるさが消えた」「ウエストに少しくびれが出てきた」と感じる方が続出します。 ■■記事監修／MAMI 埼玉県出身。大学（体育学部）卒業後、運動習慣がなくなり月に1度風邪を引くほど免疫力が低下。「運動をせねばまずい」と、過去に習っていたヨガを思い出しヨガ講師となる。その後ヨガに魅了され、幅広く学びを深める中で、不調の予防や根本改善には「姿勢を整えること」が重要だと実感。体の使い方・仕組み・姿勢改善を軸にレッスンを開催している。初心者にもやさしい“大人のための運動教室”として、個人スタジオおよびオンラインサークルを主宰。ヨガっぽくないヨガ、知識が豊富で学びも楽しい、一人ひとりに寄り添うレッスンに定評がある。（ヨガフェスタ2024トライアルクラス講師） ヨガジャーナルオンライン編集部,[],[]
【医者がすすめる】腸内環境と自律神経を整える「最強のみそ汁」レシピと食べ方のヒント（ヨガジャーナルオンライン）,https://news.yahoo.co.jp/articles/b6ef7976509df476dd5ce6f154ecdf3e74199fc6,https://newsatcl-pctr.c.yimg.jp/t/amd-img/20260805-03292100-yogajol-000-2-view.jpg?exp=10800,2026-08-05T19:00:00+09:00,2026-08-05T21:40:40+09:00,ヨガジャーナルオンライン,yogajol,ヨガジャーナルオンライン,1575,【医者がすすめる】腸内環境と自律神経を整える「最強のみそ汁」レシピと食べ方のヒント あなたがいま感じている不調と自律神経は、どのように関係しているのか。そもそも自律神経とはなにか。誰が読んでもわかるように優しく丁寧に解説。小林 弘幸さんの著書『科学的に証明された 自律神経を整える習慣』（アスコム）より、内容を一部抜粋して紹介します。 〈画像〉腸内環境と自律神経を整える「最強のみそ汁」とは ■腸内環境を整える最強の解決方法。それは「みそ汁」です 腸内環境を改善するには「発酵食品」と「食物繊維」が大切であり、そして、日本人の歴史的な食文化に腸内環境をよくする重要なヒントがあります。では、いったいどんな食べ物がもっとも効果的で、調理も手軽で、料理としても飽きが来ずに持続しやすいのか。その答えは、「みそ汁」です。私はみなさんに、みそ汁を食べる習慣を強くおすすめしています。 そして、腸と自律神経を改善するみそ汁のレシピ、調理法などを多数考案しています。詳しくは、『医者が考案した「長生きみそ汁」』（アスコム刊）に載せていますが、ここではそのポイントを簡単にお伝えしましょう。まず、私の提唱している「長生きみそ汁」は、多くの家庭で食べられているみそ汁とは素材が少し違います。ぜひこの最強のみそ汁を食生活に取り入れて、腸内環境と自律神経を整えてください。「長生きみそ汁」の素材となる「長生きみそ玉」の素材は、次の4つです。 ■■（材料／「長生きみそ玉」10個分） ・赤みそ（抗酸化力を高めるメラノイジンが豊富）……80グラム ・白みそ（ストレスを抑えるＧＡＢＡが豊富）……80グラム ・おろし玉ねぎ（解毒効果の高いアリシン、ケルセチンが豊富）……150グラム ・りんご酢（塩分排出効果の高いカリウムを含む）……大さじ１ これらをすべて混ぜ合わせてベースとなる「みそ玉」を作り、1日1杯、みそ汁をとります。なお、みそは冷凍して保存もできますし、だしなどで味の好みも調節できます。次に、このみそを使って作るみそ汁の具について。腸活にいいオクラ、里いも、なめこ、にんじん、ごぼう、さつまいもなどを加えれば、腸内環境がばっちり整います。肉や魚などの動物性タンパク質を加えれば、みそ汁1杯でバランスのよい栄養がとれるでしょう。また、みそはみそ汁だけに使うわけではありませんよね。みそ炒めなどのおかずの調味料にしたり、ご飯や麺と一緒にとることもできます。基本を覚えれば、じつに楽しく、簡単に習慣化できると思います。前出の書籍にレシピやアレンジの例なども載せていますので、自律神経と腸を整える「最強のみそ汁」を、ぜひ毎日の食生活に取り入れてみてください。 ■■ この本の著者…小林 弘幸 順天堂大学医学部特任教授。日本スポーツ協会公認スポーツドクター。1960年、埼玉県生まれ。87年、順天堂大学医学部卒業。92年、同大学大学院医学研究科修了。ロンドン大学付属英国王立小児病院外科、トリニティ大学付属医学研究センター、アイルランド国立小児病院外科での勤務を経て、順天堂大学小児外科講師・助教授を歴任する。自律神経研究の第一人者として、プロスポーツ選手、アーティスト、文化人へのコンディショニング、パフォーマンス向上指導に関わる。また、順天堂大学に日本初の便秘外来を開設した“腸のスペシャリスト”でもあり、みそをはじめとした腸内環境を整える食材の紹介や、自律神経と腸を整えるストレッチの考案など、様々な形で健康な心と体の作り方を提案している。『医者が考案した「長生きみそ汁」』(アスコム刊)、『整える習慣』(日経ビジネス人文庫)などの著書のほか、「あさイチ」(NHK)や「羽鳥慎一モーニングショー」(テレビ朝日)などメディア出演も多数。 ヨガジャーナルオンライン編集部,[],[]
下腹ぽっこりに悩むあなたへ→反り腰が原因かも！？反り腰改善「もも裏ストレッチ」（ヨガジャーナルオンライン）,https://news.yahoo.co.jp/articles/8061a7823f0fbd43ba3be425b4f1394e2c8ca445,https://newsatcl-pctr.c.yimg.jp/t/amd-img/20260805-03291800-yogajol-000-1-view.jpg?exp=10800,2026-08-05T19:00:00+09:00,2026-08-05T19:00:00+09:00,ヨガジャーナルオンライン,yogajol,ヨガジャーナルオンライン,858,下腹ぽっこりに悩むあなたへ→それ反り腰が原因かも！？反り腰改善「もも裏ストレッチ」 「体重が落ちたのに下腹だけぽっこり出ている」「腹筋を一生懸命やっているのに下腹だけ変わらない」こんな下腹ぽっこりのお悩みを感じていませんか？このお悩みは下腹だけにお肉がついたり、筋トレが正しくできていないのが原因ではありません。骨盤が前に傾く反り腰の姿勢が原因かもしれません。こんな姿勢の方は、下腹にアプローチするよりも、骨盤の傾きを直すことで下腹ぽっこりを解消されます。そこで今日は反り腰をセルフで改善するもも裏ストレッチをご紹介します。 ＜関連動画＞【ぽっこりお腹、腰痛対策】寝たまま2分反り腰改善ストレッチ！ ■下腹ぽっこりに悩むあなたへ、それ反り腰が原因かも！？ 「体重が落ちたのに下腹だけが出ている」「腹筋をやっても下腹だけ変わらない」 こんなお悩みを抱えている人は、骨盤が前に傾く反り腰の姿勢になっている可能性が大いにあります。そんな方は、下腹に直接アプローチするよりも、骨盤を立てて姿勢を正すことがお悩み解決の近道です。 反り腰は骨盤が前に傾き、腰に寄りかかるような姿勢です。すると、もも裏は使われずに引っ張られ、逆に前ももはパンパンに張ってしまいます。そこで行いたいのが、使われていないもも裏をしっかりと伸び縮みさせること。すると、前に傾いた骨盤が元に戻っていきます。腰に寄りかかっていた姿勢も自然と背骨を立てるように解消されますよ。 今日紹介するストレッチはもも裏を伸ばすことと縮めること、両方を行います。やっていくうちに、骨盤が立って、意識が届かなかった下腹もどんどん使われていくことでしょう。腹筋は入らずに下腹はへこませることができるので、ぜひやってみてください。 ■反り腰改善もも裏エクササイズ １）立ち膝から片足を前に出します ２）股関節からお辞儀をし、前に出した足のもも裏を伸ばします ３）元の体勢に戻って、反対の軸足のもも裏を縮めます 10回連続で行いましょう。反対側も同様に行ってください 伊藤みなみ,[],[]
