headline,mainEntityOfPage,image,datePublished,dateModified,author,media_en,media_jp,str_count,body,images,external_links
吉柳咲良、思わず涙…『白雪姫』監督から「白雪姫そのもの」と称賛（シネマトゥデイ）,https://news.yahoo.co.jp/articles/66c38f7e917a09949e85b2904bf163f0696b9fec,https://newsatcl-pctr.c.yimg.jp/t/amd-img/20250225-00000014-flix-000-1-view.jpg?exp=10800,2025-02-25T21:13:11+09:00,2025-02-25T21:13:11+09:00,シネマトゥデイ,flix,シネマトゥデイ,1129,"監督からのメッセージに涙を浮かべる吉柳咲良
俳優の吉柳咲良が25日、都内で行われたディズニー実写版『白雪姫』（3月20日全国公開）の「プレミアム吹替版ジョナサン役声優お披露目イベント」に出席。同作のメガホンを取ったマーク・ウェブ監督からのコメント映像で、「白雪姫そのもの」と絶賛された吉柳は、プレミアム吹替版で声を当てた白雪姫役に対してプレッシャーや不安もあったことから、思わず涙を流して喜んだ。この日は、グローバルボーイズグループJO1の河野純喜も来場した。
【画像】吉柳咲良、白雪姫ドレスがお似合い！
本作は、ディズニー初の長編映画である『白雪姫』を、『アメイジング・スパイダーマン』のマーク監督が新たなミュージカル版として実写化。プレミアム吹替版では、吉柳が白雪姫役、河野が白雪姫の運命の人・ジョナサン役を担当する。
先日行われたイベントで劇中歌「夢に見る～Waiting on a Wish～」「口笛吹いて働こう」の2曲を生歌唱した吉柳は、「すごいたくさんの方々が観てくださっていて、『配信を観たよ』と今ドラマで共演している方々や家族から連絡をいただきました。みなさんがどう受け取ってくれるんだろうとドキドキしていたんですけど、すごいうれしい報告をたくさんしてもらえてよかったなと思いました」と笑顔を魅せる。
コメント映像を寄せたマーク・ウェブ監督
そんな吉柳の歌声について、マーク監督はコメント映像で「わたしの期待を遥かに超えた素晴らしい歌声に幸せな気持ちでいっぱいです。わたしがイメージした白雪姫そのものでした。咲良が声を吹き込んだ白雪姫は日本中から愛されるでしょう」と絶賛。その言葉に吉柳は「え～うれしいです。感動しちゃった」と思わず涙を流し、言葉を詰まらせながら「大役を……任せていただくプレッシャーもあったので、恐れ多いですけど大切に演じることができてよかったと思いました。うれしかったです」と胸中を吐露した。また、「オーディションもめちゃくちゃ緊張していて、わたしにとってプリンセスはすごく遠い存在だったからこそ、夢見てもいいのかな？　と思っていたところもあったので、夢見てよかったんだなと、今の監督の言葉を聞いて思いました」と安どの表情を見せた。

　作品にちなみ、「人生の転機となった運命の出会い」についても話が及ぶと、吉柳は「石原さとみさん。芸能界に入ったきかっけは石原さとみさんのことがすごく好きで大尊敬していて、さとみさんみたいになりたいと思ってオーディションを受けたので、石原さとみさんがいなかったら今ここで白雪姫をやっていることもなかったと思います。さとみさんがわたしの運命の出会いだったと思います」と答えていた。（錦怜那）",[],[]
JO1河野純喜、メンバーを『白雪姫』7人のこびとに例える「先生は川尻蓮」「おとぼけは川西拓実」（シネマトゥデイ）,https://news.yahoo.co.jp/articles/6975961416fafdff9887b51a2152ea4658c706e6,https://newsatcl-pctr.c.yimg.jp/t/amd-img/20250225-00000013-flix-000-1-view.jpg?exp=10800,2025-02-25T20:25:31+09:00,2025-02-25T20:25:31+09:00,シネマトゥデイ,flix,シネマトゥデイ,1233,"雪姫の運命の人・ジョナサンを演じるJO1河野純喜
グローバルボーイズグループJO1の河野純喜が25日、都内で行われたディズニー実写版『白雪姫』（3月20日全国公開）の「プレミアム吹替版ジョナサン役声優お披露目イベント」に出席。JO1メンバーを7人のこびとに例え、次のイベントではこびとの衣装を着用させて登壇させようと目論んだ。この日は、俳優の吉柳咲良も来場した。
【動画・トークノーカット】監督からサプライズメッセージも！イベントの様子
本作は、ディズニー初の長編映画である『白雪姫』を、『アメイジング・スパイダーマン』のマーク・ウェブ監督が新たなミュージカル版として実写化。プレミアム吹替版では、吉柳が白雪姫役、河野が白雪姫の運命の人・ジョナサン役を担当する。
「『白雪姫』のジョナサン役を務めさせていただきます、吹替版のジョナサン役を務めさせていただきます。JO1の河野純喜です」と噛みながらあいさつした河野は、MCから「あれほど大舞台を経験されているのに緊張されています？」と驚かれ、「ヤバいです。バレました？」と苦笑い。同役に決定した時の様子を問われると、「オーディションだと言われて行ったら、ディズニーさんからサプライズで『決まったよ』と言われました。1か月くらいオーディションの練習をしてきて、（同役は）僕の一つの夢でもあったので嬉しさと驚きと安心と、たくさん感情がぐるぐるになって、とにかく『うぉー！』と大声で叫びました」と振り返る。
また、メンバーの反応については「オーディションの練習を一緒にしてくれていた豆ちゃん（豆原一成）とか、声優経験がある木全（翔也）とかが教えてくれていたので真っ先に伝えたら喜んでくれていました」と報告。MCが「チームワークで勝ち取った役ですね」とメンバー愛に感心すると、河野は「本当にそうです。感謝しています」としみじみと語った。
そんなJO1メンバーを7人のこびとに例えると？　河野は「先生は川尻蓮くん。一番物知りというか頭が回るから先生っぽいんじゃないかな。ダンスでも“川尻先生”だったんで」「おこりんんぼかぁ。僕かな。メンバーに怒るのは僕が担当なので。（怒り方はコラ！　ではなく）オイ！　系です」「てれすけは木全翔也ですね。JO1一人見知りだと思うんですけど、ふたを開けると懐いてくる」「ごきげんは佐藤景瑚ですね。いつもご機嫌ですね。とにかく楽しいことが大好き」「ねぼすけ。あっ、それも佐藤景瑚だ。間違えた……。あっ、金城碧海です。ちょっと遅刻が多いので」「くしゃみはリーダーの（與那城）奨くん。沖縄出身で寒さに弱いので」「おとぼけは（川西）拓実」と回答。「結構ぴったりでした」と意外にスムーズにハマったことに笑顔を見せる河野は、MCから「JO1は7人のこびとということでよろしいですね？」と確認されると「そうですね」とうなずき、「次、全員（こびとの）衣装を着せて登場させます」と楽しそうに目論んでいた。（錦怜那）",[],[]
香川照之主演「災」松田龍平・宮近海斗・竹原ピストルら出演　新映像も公開（シネマトゥデイ）,https://news.yahoo.co.jp/articles/9dda8ddff08b9a4f55ec8fdd9a47d89d8006756c,https://newsatcl-pctr.c.yimg.jp/t/amd-img/20250225-00000012-flix-000-1-view.jpg?exp=10800,2025-02-25T19:14:02+09:00,2025-02-25T19:14:02+09:00,シネマトゥデイ,flix,シネマトゥデイ,941,"「連続ドラマW　災」新キャスト発表！
香川照之が主演を務める「連続ドラマW　災」（4月6日よりWOWOWにて放送・配信開始、毎週日曜午後10時、全6話※第1話無料放送）の新キャストが発表され、松田龍平、じろう（シソンヌ）、坂井真紀、中島セナ、内田慈、藤原季節、宮近海斗（Travis Japan）、竹原ピストルの出演が明らかになった。併せて最新の予告映像も公開された。
【動画】香川照之が不気味にほほ笑む「連続ドラマW　災」最新の予告映像
本作は、葛藤を抱えながら現代を生きる罪なき6人の登場人物のもとに、ある“男”（香川）が現れ、彼らの人生に無慈悲に“災い”が降りかかるさまを描く完全オリジナルのサイコ・サスペンスドラマ。“男”は姿や口調、顔つき、性格や所作までを変え、まったくの別人となって6人の前に現れる。“男”はいったい何者なのか、“災い”とは何なのか。多くの謎が鑑賞者の心を揺さぶり、“男”の存在がこれまでにない恐怖をもたらす。
追加キャストとして明らかとなったのは、神奈川県警捜査一課の刑事・堂本翠（中村アン）と共に“男”を追う、警部・飯田剛役の竹原ピストルと若手刑事・菊池大貴役の宮近海斗（Travis Japan）。この他、飲酒運転による事故で人を殺めてしまった過去を持つ運送会社の従業員・倉本慎一郎役を松田龍平。経営の傾いた旅館を先代の父から継ぎ、一から立て直した支配人・岸文也役をじろう（シソンヌ）。夫婦関係がうまくいっていない主婦の岡橋美佐江役を坂井真紀。家族関係に悩み、孤独な日々を過ごす受験生・北川祐里役を中島セナ。ショッピングモールの清掃員・崎山伊織役を内田慈。伊織が務めるショッピングモール内の理髪店スタッフ・皆川慎役を藤原季節が務める。
新たな予告映像は、香川ふんする“男”が不敵な笑みを浮かべる場面から始まる。その後、新しい人生を生き直そうと奮闘する倉本（松田）の姿や、いぶかしげな表情の岸（じろう）の様子、そして怪奇な事件に翻弄される刑事・堂本（中村）、飯田（竹原）、菊池（宮近）の姿が不穏な音楽と共に映し出され、観る者の心をざわつかせる。また、6人の主人公たちの前にそれぞれ「全く異なる人物」として現れる香川の怪演ぶりにも注目だ。（加賀美光希）",[],[]
「ブレーザー」山田姫奈＆「ガッチャード」宮原華音、坂本浩一監督のアクション時代劇でW主演　高岩成二ら特撮レジェンド集結（シネマトゥデイ）,https://news.yahoo.co.jp/articles/6916e6e0ff3993117a9bc80312ad3f54689bd297,https://newsatcl-pctr.c.yimg.jp/t/amd-img/20250225-00000011-flix-000-1-view.jpg?exp=10800,2025-02-25T18:02:02+09:00,2025-02-25T18:02:02+09:00,シネマトゥデイ,flix,シネマトゥデイ,1646,"「SHOGUN’S NINJA-将軍乃忍者-」ビジュアル - (C)日本映画放送
特撮ドラマ「ウルトラマンブレーザー」の山田姫奈と、「仮面ライダーガッチャード」の宮原華音が、アクション時代劇「SHOGUN’S NINJA-将軍乃忍者-」でダブル主演を務めることが明らかになった。演出・アクション監督を務めるのは、ウルトラマン、仮面ライダー、スーパー戦隊シリーズを数多く手がける坂本浩一だ。
【画像】特撮キャスト大集合！「SHOGUN’S NINJA-将軍乃忍者-」場面写真
本作は、日本映画放送株式会社が制作するアクション時代劇。関西テレビ（ローカル）にて3月20日深夜12時25分からテレビ放送され、OA後に「時代劇専門チャンネルNET」での国内配信、さらにYouTubeチャンネル「SAMURAI VS NINJA」を通じて北米や東南アジアなど世界へ向けて配信される。
主人公は、江戸の町で萬屋を営む篝火とお喬。彼女たちは風魔忍者の一族の末裔として、一族の再興を願い、日々町人たちの依頼を請け負い“ド派手に”解決して日々の生活を食いつないでいた。
ある日、友人で“町一番の娘”お蘭が、謎の集団に突然襲われる。彼らは将軍家直属の剣術指南役を務める柳生家であると名乗り、「将軍の命」によってお蘭を連れ去ってしまう。抵抗するも、柳生家の剣術に手も足も出ない篝火とお喬。さらに柳生家は風魔一族を滅亡に追い込んだ張本人だったということが判明し、復讐とお蘭奪還に燃える二人だったが……。
山田姫奈＆宮原華音、特撮出演コンビがダブル主演！ - (C)日本映画放送
共演には、「魔進戦隊キラメイジャー」の桃月なしこ、「仮面ライダーガッチャード」の谷口布実、「ウルトラマントリガー NEW GENERATION TIGA」の寺坂頼我と高木勝也、「ウイングマン」のスーツアクターでも知られる橋渡竜馬ら特撮にゆかりのある俳優が集結。さらに、“ミスター平成仮面ライダー”の異名を持つスーツアクター・高岩成二、「忍者戦隊カクレンジャー」で主演を務めた小川輝晃など特撮界のレジェンドも参戦する。

　山田、宮原、桃月、坂本監督のコメントは以下の通り。（編集部・倉本拓弥）
山田姫奈
坂本監督のもとで新たな挑戦をさせていただけたこと、そして熱い思いを持ったスタッフの皆さんとご一緒できたことに心から感謝しています。撮影中は、アクション映画の主演を務めるこの機会に胸が高鳴る日々でした。豪華なキャスト陣の迫力あるアクションや見応えのあるお芝居が詰まった本作を、ぜひお楽しみください！
宮原華音
お喬役を演じました宮原華音です。今回私にとって念願の坂本監督作品での主演を務めさせていただき、とても気合いが入った作品となりました。お喬とたくさん向き合い、姫奈ちゃんが演じる篝火とも多く向き合い、素晴らしい環境で全力を注ぎました。アクションはもちろん、さまざまな人間模様が交差する素敵な作品になっていると思います。この作品が1人でも多くの方に届くことを願っております。皆様、楽しみにしていてください！
桃月なしこ
特撮作品で何度もお世話になった坂本浩一監督と初めての時代劇に挑戦しました！　芝居面でもアクション面でもキャストの皆さんから学ぶことが多く、とても刺激をもらえた撮影現場でした。このような機会をいただけて感謝しています。見応えのある大迫力のアクション、そして笑いあり涙ありの本作をぜひお楽しみください！
坂本浩一監督
大好きな時代劇で新たなチャレンジです！　全世界で時代劇が注目を浴びている今、時代劇専門チャンネルNETから世界に向けて発信する娯楽アクションエンターテイメント！　身体能力の優れた魅力的なキャストたちによる本気のアクション！　聖地京都で培われた情緒あるセットや伝統的な衣装の数々！　ボーダーレスな時代に世界中の人たちが楽しめるニュージェネレーション時代劇。それが「SHOGUN’S NINJA」です！",[],[]
劇場版『トリリオンゲーム』がV2！『ヒプノシスマイク』が初登場でTOP10入り：映画週末興行成績（シネマトゥデイ）,https://news.yahoo.co.jp/articles/2bd83069e6c092029ccc37cd529563be6ec951f7,https://newsatcl-pctr.c.yimg.jp/t/amd-img/20250225-00000010-flix-000-1-view.jpg?exp=10800,2025-02-25T17:25:02+09:00,2025-02-25T17:25:02+09:00,シネマトゥデイ,flix,シネマトゥデイ,1288,"初登場した『ヒプノシスマイク -Division Rap Battle-』。 - (C) ヒプノシスマイク-Division Rap Battle-Movie
2月21日から2月23日までの週末映画動員ランキングが25日に興行通信社より発表され、目黒蓮（Snow Man）と佐野勇斗（M!LK）共演の『劇場版　トリリオンゲーム』が2週連続で首位を獲得した。2月24日(月・振替休日)までの累計成績は、動員86万人、興収12億円を突破した。新作は異色の観客参加型インタラクティブ映画『ヒプノシスマイク -Division Rap Battle-』がトップ10入りした。
【場面写真】『ヒプノシスマイク -Division Rap Battle-』
新作で唯一トップ10入りを果たした8位の『ヒプノシスマイク -Division Rap Battle-』は、音楽キャラクターラッププロジェクト「ヒプノシスマイク」シリーズ初の劇場版。18人のメインキャラクターたちが、6チームに分かれてラップバトルを繰り広げる。バトルの勝敗は、観客の投票によって決定するという異色の作品。声優陣には、木村昴や浅沼晋太郎、白井悠介、速水奨、岩崎諒太らが名を連ねる。
先週3位だった『ファーストキス 1ST KISS』は2位にワンランクアップし、累計成績は動員93万人、興収13億円を超えた。先週7位だった『機動戦士Gundam GQuuuuuuX -Beginning-』も4位にランクアップし、累計成績は動員172万人、興収28億円を突破した。公開10週目の『劇場版　忍たま乱太郎　ドクタケ忍者隊最強の軍師』は先週と同じ5位をキープし、累計成績は動員181万人、興収27億円を超え、『機動戦士Gundam』共に30億円に迫る勢いだ。
今週末は第77回カンヌ国際映画祭でパルムドールを受賞『ANORA アノーラ』、中島健人が主演を務める『知らないカノジョ』、ティモシー・シャラメが伝説的ミュージシャンのボブ・ディランを演じる伝記映画『名もなき者／A COMPLETE UNKNOWN』、お務めるクライムサスペンス『リボルバー』、チョン・ドヨンが主演を務めるクライムサスペンス『リボルバー』、本年度のアカデミー賞短編アニメ映画賞にノミネートされた『あめだま』などが公開される。（今井優）
2025年2月21日～2月23日の全国映画動員ランキングトップ10
1（1）『劇場版　トリリオンゲーム』
2（3）『ファーストキス 1ST KISS』
3（2）『キャプテン・アメリカ：ブレイブ・ニュー・ワールド』
4（7）『機動戦士Gundam GQuuuuuuX -Beginning-』
5（5）『劇場版　忍たま乱太郎　ドクタケ忍者隊最強の軍師』
6（4）『366日』
7（6）『野生の島のロズ』
8（NEW）『ヒプノシスマイク -Division Rap Battle-』
9（8）『アンダーニンジャ』
10（9）『劇場版プロジェクトセカイ　壊れたセカイと歌えないミク』
※（）内は先週の順位／興行通信社調べ",[],[]
『キャプテン・アメリカ：ブレイブ・ニュー・ワールド』2週目に大幅ダウン：全米ボックスオフィス考（シネマトゥデイ）,https://news.yahoo.co.jp/articles/c0efdd129346bd6fb707ee30ae3196538a81230c,https://newsatcl-pctr.c.yimg.jp/t/amd-img/20250225-00000009-flix-000-1-view.jpg?exp=10800,2025-02-25T17:15:02+09:00,2025-02-25T17:15:02+09:00,シネマトゥデイ,flix,シネマトゥデイ,1123,"V2は死守した『キャプテン・アメリカ：ブレイブ・ニュー・ワールド』 - (C) 2025 MARVEL.
先週末（2月21日～2月23日）の全米ボックスオフィスランキングが発表され、MCU（マーベル・シネマティック・ユニバース）最新作『キャプテン・アメリカ：ブレイブ・ニュー・ワールド』が興行収入2,817万0,093ドル（約42億円）で2週連続となる首位を獲得した。（数字は Box Office Mojo 調べ、1ドル150円計算）
【画像】17年ぶりMCU復帰のリヴ・タイラー、透けてるドレスで魅了
首位の座は守ったものの、前週比68.3％ダウンと大幅な落ち込みとなった。同作の4日間オープニング興収（大統領の日を含む）は1億2万1,014ドル（約150億円）と好調だっただけに、MCUに対する関心はいまだ高いといえるだろうが、苦戦が続く近年の傾向からの完全な脱却とはなっていない。累計興収は1億4,117万5,831ドル（約212億円）、世界興収は2億8,954万4,308ドル（約434億円）となっている。
2位には、スティーヴン・キングの短編を基に、周囲に死をもたらす呪われた猿の人形を描いたコメディーホラー『ザ・モンキー（原題） / The Monkey』が興収1,401万4,649ドル（約21億円）で初登場。配給のNeonにとっては、昨年7月のホラー『ロングレッグス』以来となるヒットだ。どちらも監督・脚本は、オズ・パーキンスが手掛けた。
『シャザム！』のザカリー・リーヴァイが主演した伝記ドラマ『ジ・アンブレイカブル・ボーイ（原題） / The Unbreakable Boy』は、興収238万6,041ドル（約3億6,000万円）しか上げられず、8位デビューとつまずいた。自閉スペクトラム症で骨形成不全の子供と、その父親の姿を描いている。（編集部・市川遥）
2月21日～2月23日の全米ボックスオフィスランキングは以下の通り。（）は先週の順位。
1（1）『キャプテン・アメリカ：ブレイブ・ニュー・ワールド』
2（初）『ザ・モンキー（原題） / The Monkey』
3（2）『パディントン　消えた黄金郷の秘密』
4（4）『ドッグ・マン（原題） / Dog Man』
5（3）『ハート・アイズ（原題） / Heart Eyes』
6（10）『Chhaava（原題）』
7（6）『ライオン・キング：ムファサ』
8（初）『ジ・アンブレイカブル・ボーイ（原題） / The Unbreakable Boy』
9（5）『Ne Zha 2（英題）』
10（8）『ワン・オブ・ゼム・デイズ（原題） / One of Them Days』",[],[]
『モスラ対ゴジラ』『怪獣大戦争』4Kリマスター版が初上映決定　学生は鑑賞料金500円（シネマトゥデイ）,https://news.yahoo.co.jp/articles/c84bc9fe8d96abe28535155d4580f4d5ac887c24,https://newsatcl-pctr.c.yimg.jp/t/amd-img/20250225-00000008-flix-000-1-view.jpg?exp=10800,2025-02-25T17:00:02+09:00,2025-02-25T17:00:02+09:00,シネマトゥデイ,flix,シネマトゥデイ,611,"『モスラ対ゴジラ』ビジュアル - TM & (C) TOHO CO., LTD.
ゴジラ70周年記念企画「ゴジラ・シアター」の3月分＆4月分の上映作品が決定した。3月は『モスラ対ゴジラ』（1964）、4月は『怪獣大戦争』（1965）となり、いずれも日本初となる4Kデジタルリマスター版で上映される。
【画像】ハリウッド版『ゴジラ』に登場したモスラ
これまでゴジラ作品に触れる機会が少なかった人に向けて、歴代ゴジラ作品を厳選して上映してきた同企画。「GGG」＝“ゴジラ・ガクセイ・ゴヒャクエン”を合言葉として、大学生・高校生・小中学生及び幼児（3歳以上）の鑑賞料金は500円に設定されている（一般・シニアは1,300円）。開催劇場は、TOHOシネマズ日比谷（東京）、TOHOシネマズ梅田（大阪）、TOHOシネマズすすきの（札幌）、TOHOシネマズ赤池（愛知）、TOHOシネマズららぽーと福岡（福岡）の全国5か所となっている。
『怪獣大戦争』ビジュアル - TM & (C) TOHO CO., LTD.
3月7日から3月13日まで上映される『モスラ対ゴジラ』は、人気怪獣・モスラとゴジラが対峙する東宝ゴジラシリーズ第4作。4月11日からから4月17日まで上映される『怪獣大戦争』は、ゴジラシリーズ第6作としてゴジラ・ラドン・キングギドラの死闘を描いた。共に監督は本多猪四郎、特技監督は円谷英二が担当した。（編集部・倉本拓弥）",[],[]
ジェイソン・ステイサム主演『ビーキーパー』3.12より見放題独占配信決定！（シネマトゥデイ）,https://news.yahoo.co.jp/articles/ddaf8c0ffa4190e01a8e013c914dacf7f50c4338,https://newsatcl-pctr.c.yimg.jp/t/amd-img/20250225-00000007-flix-000-1-view.jpg?exp=10800,2025-02-25T12:00:02+09:00,2025-02-25T12:00:02+09:00,シネマトゥデイ,flix,シネマトゥデイ,466,"Prime Videoで見放題独占配信決定！ - (C) 2024 Miramax Distribution Services, LLC. All Rights Reserved.
ジェイソン・ステイサム主演のリベンジアクション映画『ビーキーパー』（1月3日より公開中）が、3月12日0時より Prime Video で見放題独占配信されることが決まった。
【画像】キレッキレのジェイソン・ステイサム！
これまで犯罪組織、悪徳警官、巨大ザメなど数々の強敵と戦ってきたステイサムが今回立ち向かうのは、弱者から金をだまし取る組織的詐欺集団。アメリカの片田舎でビーキーパー（養蜂家）として静かに暮らしていたが、その詐欺集団に全財産をだまし取られた恩人の復讐のため、かつて特殊工作員だった自らのスキルを駆使して悪党たちを追い詰めていく。
監督は、DC映画『スーサイド・スクワッド』のデヴィッド・エアー。リミッター全面解除の無敵ヒーローが容赦なく鉄槌を下す痛快作が、早くも Prime Video の見放題配信にラインナップされる。（清水一）",[],[]
「ムーンナイト」シーズン2は予定ナシ　別の方法でMCU再登場へ（シネマトゥデイ）,https://news.yahoo.co.jp/articles/23050435ade714bc31f0cb6927a2ec42d97351a8,https://newsatcl-pctr.c.yimg.jp/t/amd-img/20250225-00000006-flix-000-1-view.jpg?exp=10800,2025-02-25T11:52:47+09:00,2025-02-25T11:52:47+09:00,シネマトゥデイ,flix,シネマトゥデイ,680,"ムーンナイトは帰ってくる？ - Disney+ / Photofest / ゲッティ イメージズ
マーベルドラマ「ムーンナイト」の製作総指揮を務めたブラッド・ヴィンダーバウムが、マーベル・シネマティック・ユニバース（MCU）におけるムーンナイトの今後について、Comicbook.comに明かした。
【画像】狂気つながり！「東京喰種」石田スイが描き下ろしたムーンナイト
「ムーンナイト」は、複数の人格を持った主人公マーク・スペクター／スティーヴン・グラントが、神秘の力を秘めたスーツをまとうヒーロー・ムーンナイトとして戦うディズニープラスのオリジナルドラマシリーズ。リミテッドシリーズとして制作されるも、熱狂的なファンからシーズン2を求める声が後を絶たない。
ヴィンダーバウム自身も「ムーンナイト」シーズン2を「見てみたい」と熱望しているが、現状その予定はないという。しかし、ムーンナイト単体でのMCU再登場がなくなったのではなく、「ムーンナイトに関する今後の計画はあります」と別の方法での登場を匂わせた。
「ムーンナイトは、未来につながるキャラクターを確立するための一波として登場しました」とも語るヴィンダーバウムは、マーベル・テレビジョンの方針転換についても言及。「私たちの優先順位は変わりました。毎年リリースできるテレビシリーズの制作を目指しています」
ヴィンダーバウムは一方で、同じドラマシリーズの「アガサ・オール・アロング」「ホークアイ」はシーズン2の制作を模索していると Entertainment Weekly に語っている。（編集部・倉本拓弥）",[],[]
「キャシアン・アンドー」シーズン2特報公開！『ローグ・ワン』直結の物語、クレニック長官ら再登場（シネマトゥデイ）,https://news.yahoo.co.jp/articles/344af36f1ebbc718a8751ebd6e11e628b14cbd2e,https://newsatcl-pctr.c.yimg.jp/t/amd-img/20250225-00000005-flix-000-1-view.jpg?exp=10800,2025-02-25T10:24:41+09:00,2025-02-25T10:24:41+09:00,シネマトゥデイ,flix,シネマトゥデイ,718,"「スター・ウォーズ：キャシアン・アンドー」S2キービジュアル - （C）2025 Lucasfilm Ltd.
映画『ローグ・ワン／スター・ウォーズ・ストーリー』（2016）から派生したドラマシリーズ「スター・ウォーズ：キャシアン・アンドー」のシーズン2が、4月23日よりディズニープラスで日米同時独占配信されることが決定し、特報とキービジュアルが公開された。
【動画】『ローグ・ワン』直結！「スター・ウォーズ：キャシアン・アンドー」S2特報
本作の主人公は、『ローグ・ワン』で命がけのミッションに挑んだ反乱軍の情報将校キャシアン・アンドー（ディエゴ・ルナ）。シーズン1では、帝国軍が銀河を支配する暗黒の時代で、“反乱”の灯が宿るまでの裏側が描かれた。
シーズン2の物語は、『ローグ・ワン』に直結する最後の4年間を描いたもの。特報には、キャシアンの相棒で知られるK-2SOらしきドロイド、過激派の反乱戦士ソウ・ゲレラ（フォレスト・ウィテカー）、反乱軍の基地から飛び立つX-ウイング、建設中のデス・スターを見つめる帝国軍の高階級将校オーソン・クレニック（ベン・メンデルソーン）が登場するなど、シーズン1よりも『ローグ・ワン』とのリンクが強いことが伺える。
エグゼクティブプロデューサー＆脚本は、『ローグ・ワン』のトニー・ギルロイが続投。主演のディエゴは、4月18日から20日まで千葉・幕張メッセで開催される公式イベント「スター・ウォーズ セレブレーション 2025」に出席するため来日予定となっている。（編集部・倉本拓弥）
「スター・ウォーズ：キャシアン・アンドー」シーズン2は4月23日（水）よりディズニープラスにて日米同時独占配信開始",[],[]
ナオミ・アッキー、ポン・ジュノ監督『ミッキー17』“二人のミッキー”との共演の舞台裏（シネマトゥデイ）,https://news.yahoo.co.jp/articles/6f70df9054dd6421f8fd5ac877284b41f92fb521,https://newsatcl-pctr.c.yimg.jp/t/amd-img/20250225-00000004-flix-000-1-view.jpg?exp=10800,2025-02-25T08:25:01+09:00,2025-02-25T08:25:01+09:00,シネマトゥデイ,flix,シネマトゥデイ,1918,"『ミッキー17』で共演したナオミ・アッキーとロバート・パティンソン - (c) 2025 Warner Bros. Ent. All Rights Reserved.
映画『パラサイト　半地下の家族』のポン・ジュノ監督が、『TENET テネット』のロバート・パティンソンを主演に迎えた最新作『ミッキー17』（3月28日公開）。ロバートが同作で演じる、何度も死んでは過酷な仕事を強いられる主人公・ミッキーの支えとなるパートナー、ナーシャを演じたナオミ・アッキーが、ポン・ジュノ監督とのタッグや“二人のミッキー”との共演について語った。
ロバート・パティンソンが何度も何度も死ぬ…『ミッキー17』予告編
失敗だらけの人生を歩む若者ミッキー（ロバート）が契約したのは、死ぬたびにコピーされた体で生き返るという、究極の“死にゲー仕事”。何度も死んでは搾取され続け、“ミッキー17”となった彼の前に、手違いで自分のコピーが現れたことから、運命が大きく変わり始める。
ナオミが演じたのは、保安要員として働きながらミッキーと心を通わせる女性ナーシャ。彼女について、ナオミは「ナーシャは、他者を価値ある存在として見るという、人間本来の本能を象徴するキャラクターだと思っています。他人がどう思っていようと、彼女は相手を愛と敬意に値する存在だと見なしている。ミッキーをそのような目で見ている数少ない人物の一人でもあるんです。彼女は一貫して彼を愛し、守り、二人の関係を育てようとするんです」と説明する。
一つのジャンルに縛られないユニークな作品を手掛けてきたポン・ジュノ監督。本作も、テクノロジーが発達した未来を描きながら、現代社会への痛烈なメッセージが込められており、ナオミは「監督の頭の中がそのまま映し出されたような映画ですね。ジャンルで言えば、SF、コメディ、アクション、ドラマといったところでしょうか。どんな映画かを言葉で表現するのはなかなか難しいけれど、とても良いストーリーだと思います」と表現する。
『パラサイト』でアカデミー賞を受賞し、ハリウッドでも注目のクリエイターとなったポン・ジュノ監督とのタッグ。「彼が私と仕事をしたいと思ってくれたなんて」と喜ぶナオミは「夢のようだった」という撮影現場を振り返る。
「ポン・ジュノ監督は、非常に具体的な演出をする一方で、俳優の即興を試す自由な遊びの場も提供してくれるんです。打ち合わせの合間に週末の予定を聞くと、『ストーリーボードを練り直す』といった答えが返ってくる。監督の準備が完璧だからこそ、現場ではみんなで意見を交わしながら試行錯誤することが可能なんです。与えられた時間内で取り組むべきことが常に明確なので、その枠の中で自由に『遊ぶ』ことが許されていた。みんな一生懸命働いてはいたけれど、笑いが絶えず、妙に疲れを感じない。常に翌日の撮影が楽しみで仕方ありませんでした」
『スター・ウォーズ／スカイウォーカーの夜明け』（2019）で、VFXを駆使した撮影を経験しているナオミだが「最近気づいたのですが、私は（合成用の）グリーンスクリーンをバックに演技するのがあまり得意ではないんです。役者として、そういう状況でも上手くやらなければいけないのは理解していますけどね」と告白。だからこそ、ポン・ジュノ監督が「派手になりがちなこのジャンルを、あえて現実世界へ引き戻したかった」という、現実感あふれるセットでは、満足いくパフォーマンスを発揮できたという。
「この作品では、セットも衣装も丁寧に作り込まれていたため、一歩足を踏み入れただけで、その世界に包み込まれるような感覚を味わえました。細部まで緻密に作られていて、『なるほど、ナーシャはここで長い間暮らしてきたのだろう』と自然に感じ取れるんです」
二人のミッキーの出会いで何が起こる？(c) 2025 Warner Bros. Ent. All Rights Reserved.
“二人のミッキー”と同じスクリーンに映る場面でも、アナログな手法で、常に二人の俳優を相手に演技できる環境が用意されていたという。「ロバートのボディダブルであるサムを起用し、常に二人の俳優と一緒に演技をすることができました。撮影期間中、サムはずっとロバートに付き添って、仕草や身のこなしを習得してくれたので、顔の見分けがつかないシーンでは特にCGも使わなかったんです。二人が並ぶシーンは、サムの顔にロバートの顔を合成する必要があり複雑でしたが、そこも綿密に計算されていた。目の前にいる二人を相手に演じることができたので、“フリ”をする必要がなかったんです」（編集部・入倉功一）",[],[]
朝ドラ過去10年間で続編やスピンオフが観たい作品トップ10発表（シネマトゥデイ）,https://news.yahoo.co.jp/articles/0aaa0483ce91fe92a8ec8527c33f90a1a757688a,https://newsatcl-pctr.c.yimg.jp/t/amd-img/20250225-00000003-flix-000-1-view.jpg?exp=10800,2025-02-25T07:14:02+09:00,2025-02-25T07:14:02+09:00,シネマトゥデイ,flix,シネマトゥデイ,1164,"安藤サクラ、清原果耶、上白石萌音、深津絵里、川栄李奈 - Visual China Group via Getty Images、Mustafa Yalcin / Anadolu Agency / Getty Images
橋本環奈主演のNHK連続テレビ小説「おむすび」が撮了したことを受け、シネマトゥデイが実施した「過去10年間に放送された朝ドラで、続編やスピンオフが観たい作品は？」人気投票の結果より、トップ10を発表する。
【画像】続きが見たい！抱き合う百音＆菅波
第3位は「まんぷく」（923票）。安藤サクラがヒロインを務め、インスタントラーメンを生み出した日清食品の創業者・安藤百福と妻・仁子をモデルにしたフィクション。戦前から高度経済成長期にかけての激動の時代を舞台に、インスタントラーメンを開発した夫婦の知られざる姿と愛が描かれた。夫役の長谷川博己や、菅田将暉、岸井ゆきのら脇を固めるキャストも注目され、塩づくりを担当したメンバーは“塩軍団”として人気を集めた。
第2位は「カムカムエヴリバディ」（1,050票）。上白石萌音、深津絵里、川栄李奈がトリプルヒロインを務め、ラジオ英語講座とともに昭和・平成・令和の時代を歩んだ親子三代100年の物語を紡ぐ名作。初代ヒロイン安子（上白石）の夫で、二代目ヒロインるい（深津）の父でもある稔役の松村北斗（SixTONES）ら周囲の人々にもスポットが当てられ、多くの感動を呼んだ。現在、総合テレビで再放送されている。
そして、第1位に輝いたのは「おかえりモネ」（1,206票）。清原果耶がヒロインを務め、「透明なゆりかご」などの安達奈緒子が脚本を手掛けたオリジナルの現代ドラマ。宮城県気仙沼市の島で生まれ育ち、震災で心に傷を抱えたヒロイン百音が気象予報士となり、そこで得た知識や技術を生かして、ふるさとに貢献する道を探る物語。坂口健太郎が演じた百音の相手役・菅波光太朗から「俺たちの菅波」というハッシュタグが生まれるなど、好評を博した。
トップ10は以下の通り（投票期間：2025年2月14日～2月20日、インターネット投票）。（清水一）
1位「おかえりモネ」（2021）1,206票（24.1%）
2位「カムカムエヴリバディ」（2021）1,050票（21.0%）
3位「まんぷく」（2018）923票（18.5%）
4位「ブギウギ」（2023）519票（10.4%）
5位「スカーレット」（2019）306票（6.1%）
6位「半分、青い。」（2018）230票（4.6%）
7位「虎に翼」（2024）227票（4.5%）
8位「あさが来た」（2015）108票（2.2%）
9位「ひよっこ」（2017）83票（1.7%）
10位「らんまん」（2023）80票（1.6%）",[],[]
阿部寛、3年ぶり6回目の日曜劇場主演　永野芽郁＆道枝駿佑と初共演「キャスター」4月放送開始（シネマトゥデイ）,https://news.yahoo.co.jp/articles/be9df2741b3ea2559859915927a1cbf4ea51fcac,https://newsatcl-pctr.c.yimg.jp/t/amd-img/20250225-00000002-flix-000-1-view.jpg?exp=10800,2025-02-25T06:00:03+09:00,2025-02-25T06:00:03+09:00,シネマトゥデイ,flix,シネマトゥデイ,2801,"日曜劇場「キャスター」で共演する永野芽郁、阿部寛、道枝駿佑
俳優の阿部寛が、2025年4月期の日曜劇場「キャスター」（毎週日曜よる9時）で、2022年放送の「DCU」以来、3年ぶり6回目の日曜劇場枠主演を務めることが明らかになった。日曜劇場初参加にして、阿部とは初共演となる、永野芽郁と道枝駿佑が脇を固める。
【画像】渋すぎ…「VIVANT」の阿部寛
本作は、テレビ局の報道番組を舞台に、ひとりのキャスターが、闇に葬られた真実を追求し悪を裁いていく社会派エンターテインメント。阿部が型破りなキャスター・進藤壮一役で主演を務め、進藤に振り回されながらも奮闘する総合演出を永野、進藤を尊敬するジャーナリスト志望の新米ADを道枝が演じる。
阿部が演じる進藤は、“世の中を動かすのは真実！”をモットーとする信念の男。公共放送の社会部記者として15年間キャリアを積み、その後は報道番組のキャスターを務めていたが、民放テレビ局JBNの会長に引き抜かれ、報道番組「ニュースゲート」のメインキャスターに就任する。
放送開始から40年の歴史を誇る「ニュースゲート」だが、時代と共に番組内容が変化し、現在の視聴率は低迷している。進藤は、生ぬるい報道体制を正すことが使命で、番組を正すためにやってきたと豪語し、真実を伝えるためには手段を選ばず、既存のルールを無視した独自の取材や調査を行い、圧倒的な存在感で周囲を巻き込んでいく。
進藤と同じく「ニュースゲート」のテコ入れとして総合演出に抜擢されるのが、永野演じる崎久保華。バラエティ番組で活躍し会長賞を獲得したこともある華だが、ある理由から不本意だった報道への異動を受け入れ、進藤に振り回されながらも奮闘する。
そんな進藤に憧れる、入社2年目のアシスタントディレクター（AD）・本橋悠介を演じるのは道枝。留学先のアメリカでジャーナリズムを専攻していた悠介は、志を持ってJBNに入社し、報道記者を希望するも、ADとして進藤や崎久保と行動を共にすることに。ジャーナリズムへの強い憧れから、理論が先行してしまい失敗もある悠介だが、進藤と出会ったことで成長の兆しを見せる。
プロデュースは「半沢直樹」「下町ロケット」「グランメゾン東京」などの伊與田英徳をはじめ、関川友理、佐久間晃嗣が担当。もはや日曜劇場を代表する存在ともいえる阿部と、初参加となる永野と道枝のぶつかり合いにも期待したい。キャスト、伊與田プロデューサーのコメントは以下の通り。（編集部・入倉功一）（編集部・入倉功一）
主演・阿部寛
この作品では、真実を追い求める男の信念と覚悟を全力で演じています。どこまでが正義で、どこからが悪なのか、見るたびに考えさせられるはずです。キャスターとしての責任と葛藤、その裏にある人間らしさも感じてもらえると思います。緊迫感あふれるシーンの連続なので、ぜひ最後まで見逃さずに楽しんでください。 
永野さんと道枝さんとは初共演なのですが、お二人ともお芝居が素晴らしく、元気も良いので、お二人を研究しながら自分も負けないように頑張って撮影していきます。皆さんと協力しながら見ごたえのある番組にしたいと思っていますので、ぜひ4月の放送を楽しみにしてください。よろしくお願いします。
永野芽郁
阿部さんとはいつかご一緒したいと思っていたので、今回こうしてご一緒できるのが楽しく刺激的な毎日です。道枝くんとも初共演なのですが、年も近いので私が演じる華と道枝くん演じる本橋の関係性も含めて、一生懸命ふたりの凸凹コンビ感をつくっている最中です。そのコンビネーションも皆さんに期待していただけたらと思います。
それぞれの正義や思いが交差していく部分が面白く、見ごたえあるドラマになっていると思います。私は総合演出として走り回っているので、皆さんも私と一緒に走り回っているような気持ちでハラハラドキドキしながらぜひご覧ください。
道枝駿佑
阿部さん、永野さんという豪華な方々とお芝居でご一緒させていただけるのがすごくありがたく、おふたりに食らいつきながら毎日を過ごしています。おふたりが現場でたくさんお話ししてくださるので、僕も時間を忘れて話しすぎたりするのですが（笑）、今回の撮影を通して、もっと距離を縮めていけたらなと思っています。登場人物の熱さが画面を通して皆さんに伝わればいいなと思いますし、なかなか見ることのない報道現場の裏側も注目ポイントだと思います。日曜の夜を毎週楽しみに『キャスター』を見てくださったらなと思います。
プロデューサー・伊與田英徳
キャスター役の阿部寛さん演じる進藤が、悪い奴らをどんな風に成敗するのか大変楽しみです。そんなキャスター役の阿部さんに振り回されながらも、ある思いを届けようとする永野芽郁さん演じる総合演出役の華が、逆風の報道の世界にどう立ち向かうのかも楽しみです。そして、志高く海外で報道を勉強していた道枝駿佑さん演じるADの本橋が、理想と現実の狭間で、どうやって自分の進むべき道を見つけるのかも楽しみでなりません。
私が学生時代にTBSでアルバイトをしていた頃、報道の大先輩とお話しさせていただく機会がありました。その方はある事件の対応で数日に渡って泊まり込みでニュース番組に携わっていて、私がいろいろと質問させていただいた際に「真実を伝えることの大切さと重要さ」について熱く教えていただきました。徹夜続きで眠かったと思いますが、その先輩の熱量に圧倒されたことを鮮明に覚えています。
このドラマの企画が進み、今回、実際に報道に携わる方々に取材させて頂いて改めて報道の大切さと同時に難しさを痛切に感じました。ドラマというフィクションの中で、いろいろな架空の人物が登場し、事件が勃発しますが、報道に携わる方々に教えていただいた魂を大切に、精一杯制作させていただきたいと思います。
阿部さんがどんな役をやったら面白いのか？　と考えているときにふと、キャスターはどうだろうと思い立ち、阿部さんに相談してこの企画に至りました。実は、まさか阿部さんがキャスターをやっていただけるとは思っておらず、いまとてもワクワクしています。
さらに阿部さんとタッグを組む役者の皆さんを考える中で奇跡的な出会いがありました。とある授賞式でお会いした永野さんとはいつか作品でご一緒したいと思っていて、今回、ようやく念願が叶ってとても嬉しく思っています。
道枝さんはなにわ男子のコンサートを拝見したときに、会場の隅々までキラキラのオーラが伝わってきたことに感動し、ぜひご一緒したいと思っていました。その圧倒的オーラの記憶は焦ることなく今もつい昨日ように思い出されます。
お三方が報道を舞台にどんなお芝居をしていただけるのか、今から楽しみです。皆さんも、楽しみにお待ちいただきたく思います。",[],[]
実写『見える子ちゃん』滝藤賢一・高岡早紀・堀田茜が新キャスト！新場面写真も公開（シネマトゥデイ）,https://news.yahoo.co.jp/articles/eff107128524c510b0132fcdc61308b9efea4438,https://newsatcl-pctr.c.yimg.jp/t/amd-img/20250225-00000001-flix-000-1-view.jpg?exp=10800,2025-02-25T06:00:02+09:00,2025-02-25T06:00:02+09:00,シネマトゥデイ,flix,シネマトゥデイ,1126,"高岡早紀、滝藤賢一、堀田茜が出演 - (C) 2025『見える子ちゃん』製作委員会
泉朝樹による同名ホラーコメディー漫画を原菜乃華主演で実写化する映画『見える子ちゃん』（6月6日全国劇場公開、配給：KADOKAWA）の新キャスト3名が発表され、滝藤賢一、高岡早紀、堀田茜の出演が明らかになった。併せて、霊が見えるようになってしまった主人公の学園生活や、新キャストたちの劇中での姿をとらえた場面写真も公開された。
【画像】原菜乃華の表情が…『見える子ちゃん』新場面写真＆新キャスト
『見える子ちゃん』は、ある日突然霊が見えるようになった女子高生・四谷みこ（原）が、恐怖に怯えながらもひたすら“見えないふり”をし続ける青春ホラーエンターテインメント。みこを取り巻く学園の生徒役で久間田琳加、なえなの、山下幸輝が共演し、監督・脚本を『予告犯』『忍びの国』などのヒット作を手がけ、『ほんとにあった！呪いのビデオ』シリーズや『残穢【ざんえ】－住んではいけない部屋－』などで、ホラーファンからの支持も厚い中村義洋が務める。
今回発表された新キャストは、主人公みこを見守る大人たち。滝藤は年頃の娘・みこに存在を無視されながらも、彼女を温かく見守り続ける父親の四谷真守役。高岡は、仕事に追われて余裕のない毎日を送っている母親・四谷透子役。堀田は、産休を目前に控えるみこのクラスの担任・荒井先生役を務める。滝藤、高岡、堀田のコメント全文は以下の通り。（加賀美光希）
滝藤賢一
フィッシュストーリーから16年。中村組に呼んでいただくのは6本目です。いつも中村監督の手のひらの上で転がされ、いつの間にか撮影が終わっているので、完成した作品を観て初めてこういう芝居をしていたんだなーと、知らない自分と出会うことになるのです。主演の原菜乃華さんのお父さん役をやらせていただくのは2回目。川原瑛都君のお父さん役をやらせていただくのは3回目。ご縁に恵まれた現場でございました。
高岡早紀
撮影期間はとても短かったですが、私たち家族は、ストーリーに励まされるかのように団結力があり、本当の家族のように助け合いの精神で過ごしていたように思います。
「ホラーコメディ」監督が撮影方法を大変工夫されていたので、私自身も出来上がりがとても楽しみです。
堀田茜
荒井先生役を演じる堀田茜です。ホラーが苦手なので、怖いもの見たさで台本を読みました。
風景を想像するとゾクゾク怖い…でも続きが気になる。そんなゾクゾク面白い独特の世界観にどんどんのめり込んでいきました。見えてはいけないものとの撮影は二度と経験できないものになりました。
最後まで目が離せないストーリーです。楽しみにしていてください！",[],[]
