headline,mainEntityOfPage,image,datePublished,dateModified,author,media_en,media_jp,str_count,body,images,external_links
『ルイ・ヴィトン』おすすめ折り財布3選。心が弾むプレミアム（MORE）,https://news.yahoo.co.jp/articles/b67e1115c6a1fe6d320ccc33aff0b4126f752c9c,https://newsatcl-pctr.c.yimg.jp/t/amd-img/20250509-00010003-dmore-000-1-view.jpg?exp=10800,2025-05-09T20:30:02+09:00,2025-05-09T20:30:02+09:00,MORE,dmore,MORE,1487,"MORE
世界中で愛される『ルイ・ヴィトン』。ラグジュアリー感、気品漂う佇まい、使いやすい機能性……あらゆるポイントに魅力が宿っています。今回紹介するのは、コンパクトながら個性が際立つ3つの折り財布。それぞれ異なる表情を持ちながら、手に取るたび気分が上がる仕掛けがつまった逸品ぞろいです。
『ルイ·ヴィトン』名品まとめ
『ルイ・ヴィトン』の折り財布がおすすめの理由は？
言わずと知れた「王道」でありながら、手にして感じる特別感は格別。アイコニックなモノグラム・パターンをはじめ、長い歴史を持つディテールやアイコンが今もなおモダンに映るのは、常に時代をリードしてきたブランドだからこそ。シーズンごとに色やディテールで遊びを加えたアイテムも展開され、いつもワクワクした気持ちになれるのも魅力的なポイントです。丈夫な作りや収納力など、もちろん機能面も申し分なし。使うたびに満足感を得たい、プレミアム感が欲しい……それならやっぱり『ルイ・ヴィトン』！
王道クラシカルと配色の楽しさ、両方を味わって
MORE
ポケットウォレット・LV チャーム（9×10×2.5）￥95700／ルイ・ヴィトン
▼収納力は？ 内装をチェック
MORE
『ルイ・ヴィトン』の象徴ともいえるモノグラム・キャンバスをまといながら、内側には鮮やかな水色が潜むバイカラーデザイン。定番スタイルと現代的な雰囲気が調和したコンパクトな二つ折り財布です。開くたび、配色の遊びがきいたデザインに心が躍ります。モノグラム・フラワーのチャームも軽やかなアクセントに。紙幣ポケット、コインポケット、3つのカードスロットを完備。
ネイビーの奥行きに、モチーフの個性を潜ませて
MORE
ポルトフォイユ・カプシーヌ コンパクト（13.5×9.5×3）￥185900／ルイ・ヴィトン
▼収納力は？ 内装をチェック
MORE
人気バッグ「カプシーヌ」ラインから着想を得た三つ折り財布。深いシボ感を持ったネイビーのトリヨンレザーは、手に触れた瞬間にわかる上質さと、奥行きのある色合いが魅力です。同系色のレジンで仕上げたLVイニシャルやモノグラム・フラワーチャームでアクセントをプラス。複数のポケットやカードスロット、ジップつきポケットを備え、整理しやすい一品です。
同色の型押しで、控えめながら個性をアピール
MORE
ポルトフォイユ・クレア（11×8.5×3.5）￥143000／ルイ・ヴィトン
▼収納力は？ 内装をチェック
MORE
フレッシュさを感じる水色のレザーを、モノグラム・パターンの型押しで仕上げた二つ折り財布。あくまで控えめに、でもしっかりと""ルイ・ヴィトンらしさ""を感じさせます。ファスナーにはモノグラム・フラワーのチャームをあしらい、ほんのりとアクセントをプラス。収納力にも優れ、6つのカードスロット、紙幣入れ、マチ付きコインポケットを完備。
ライター's EYE！ 華やぎと品格を日常に取り入れるなら、『ルイ・ヴィトン』
今回紹介した3つの折り財布は、どれもブランドらしい遊び心が加わったデザイン。カラーリングや装飾などポイントを随所にちりばめながら、どこか大人の余裕を感じさせるから不思議です。確かな収納力で、日々の生活に寄り添ってくれるのもうれしいポイント。自信を与えてくれるお財布が欲しいなら、ぜひ『ルイ・ヴィトン』で。
取材・文／荒井理沙　※掲載している情報については変更等の可能性があります。メーカーHP等で最新情報をご確認ください。●本文中（　）内の数字は、財布のサイズ（横×縦×マチ）で単位は㎝です。",[],[]
【時短通勤ヘアカタログ】巻かなくてもサマになる、きれい見えロング（MORE）,https://news.yahoo.co.jp/articles/5ed326123ba83a1f654d4a87cee5147fdd31ab4e,https://newsatcl-pctr.c.yimg.jp/t/amd-img/20250509-00010002-dmore-000-1-view.jpg?exp=10800,2025-05-09T19:30:17+09:00,2025-05-09T19:30:17+09:00,MORE,dmore,MORE,728,"最小限のスタイリングで映える、時短美人ヘア
MORE
朝はなるべくラクしたい。でも、きちんと感は欲しいという人にぴったりなのが、毛先にワンカールを効かせたロングヘア。
【最新】時短通勤ヘアカタログ・ フォトギャラリー
低めにレイヤーを入れているからパサつきや広がりが気にならず、まとまり感のあるスタイルに。

前髪はシースルーで軽さをプラス。頬骨あたりでふんわりとつながるサイドの毛流れが、小顔効果を引き出すポイントに。

10トーンのアッシュ系に12トーンのブラウン系をミックスしたカラーは、赤みを抑えて肌映りも◎。

スタイリングは全体を内巻きにするだけでOK。時短で仕上がってきれい見えするスタイルは、通勤ロングの理想形！
SIDE
MORE
顔まわりは巻きすぎるとハネるので、さらっと内巻きにするのがおすすめ。
このヘアスタイルにおすすめの髪質・顔型
量／普通
太さ／細
硬さ／柔
くせ／弱
顔型／丸型
このヘアスタイルを作ったのは……
AFLOAT Leino ヘアクリエーター
松木碧海さん
2年半で最速デビューしてから、グループ新規指名数No.1を獲得した実力派。扱いやすい前髪とワンカールで可愛いレイヤーカットで、今までで一番似合う理想のスタイルを提案。
AFLOAT Leino
MORE
2022年11月オープン。人気、実力ともに備えた精鋭スタイリストが、一人ひとりの魅力に合わせたトレンドの韓国風スタイルを提案。

◆東京都中央区銀座8-9-7 ヒューリック＆ニュー銀座8 10F　tel.03-6281-4881　平日　11:00～20:00、土　10:00～19:00、日・祝　10:00～18:00　　休／火
取材・文／鈴木智美",[],[]
【時短通勤ヘアカタログ】小顔見えもイメチェンも叶うレイヤーボブ！（MORE）,https://news.yahoo.co.jp/articles/0c4bc922b077bbcb8340b0c02a51edc6a1742c67,https://newsatcl-pctr.c.yimg.jp/t/amd-img/20250509-00010001-dmore-000-1-view.jpg?exp=10800,2025-05-09T19:04:55+09:00,2025-05-09T19:04:55+09:00,MORE,dmore,MORE,753,"忙しい朝にも頼れるレイヤーボブ
MORE
「小顔に見せたい！」を叶えるレイヤーボブ。レイヤーを入れることでトップに自然なボリュームが出て、印象チェンジも狙える優秀スタイル。
【最新】時短通勤ヘアカタログ・ フォトギャラリー
ベースは切りっぱなしの外ハネボブ。顔型に合わせて頬の位置からレイヤーを入れることで、気になるフェイスラインをカバーする効果が。

カラーは、ほんのりラベンダーを効かせたナチュラルブラウン。肌トーンを明るく見せつつ、オフィスでも浮かない柔らかなムードに。

スタイリングは150℃のストレートアイロンで全体を外ハネに。レイヤー部分だけ内巻きにしたら、オイルを毛先になじませて完成。10分以内で仕上がるからタイパも抜群。
SIDE
MORE
頬骨をカバーしたいベース型さんにもおすすめ。
このヘアスタイルにおすすめの髪質・顔型
量／普通
太さ／太・普通・細
硬さ／普通・柔
くせ／弱・なし
顔型／卵型・丸型・ベース型
このスタイルを作ったのは
Violet Nagoya 副店長
伊藤ひかりさん
小顔カットやベージュカラーを得意とし、「女性目線で作る可愛いさとおしゃれヘア」を提案。美容が大好きで話すことはもっと好き、という親しみやすいキャラクターの持ち主。
Violet Nagoya
MORE
ホワイトウッドで統一された優しい空間。栄エリアでは珍しく緑あふれるテラス席を備え、リラックスして施術を受けられるのも魅力。

◆愛知県名古屋市中区栄3-21-11 WF SAKAE3 4F　tel.052-265-8564　月・水・金　11:00～20:00、木　11:00〜19:00、土　10:00〜20:00、日祝　10:00～19:00　休／第1・3月、毎週火
取材・文／鈴木智美",[],[]
鮮やかな夏色！『エルメス』の限定ネイルカラーで指先をアップデート（MORE）,https://news.yahoo.co.jp/articles/2da7f8bb3f3a5ff0291affeccb91830ee3f098f0,https://newsatcl-pctr.c.yimg.jp/t/amd-img/20250509-00010000-dmore-000-1-view.jpg?exp=10800,2025-05-09T18:06:21+09:00,2025-05-09T18:06:21+09:00,MORE,dmore,MORE,889,"2025年夏しか出合えない！ 『エルメス』の夏色ネイル
MORE
© Studio des Fleurs

肌見せファッションやヌーディなサンダルを取り入れることが増える夏。指先やつま先の“キレイ”にもこだわりたいシーズンの到来です。
【まとめ】毎日更新！最新＆名品美容アイテム
そこでおすすめしたいのが、2025年6月4日（水）から展開開始予定の『エルメス』のビューティライン「2025リミテッド・エディション・コレクション」。

夏らしい鮮やかカラーも、上品な柔らかカラーもそろう、魅力的な6色展開。ひと足お先にチェックしていきましょう！
2025リミテッド・エディション・コレクションのカラー展開は？／ツヤ感がポイント。シーズンムードあふれる4色
MORE
鮮やかな夏気分たっぷりの4色は、気分やコーディネートに合わせて楽しみたい！ どの色を選んでも上品さを損なわないのは、さすが『エルメス』がなせる技。

写真左から、
22 ジョーヌ・ポレン　水仙やサクラソウを連想させる、みずみずしいイエロー
32 オランジュ・チュリップ　""エルメス・オレンジ""を彷彿とさせるオレンジ。上品さを醸し出しながらも、元気な印象に
44 イリス・ヴィオレッタ　上品さが漂う深みのあるパープル。アイリスの花束をイメージ
26 ヴェール・アクア　心踊るパステルトーンのグリーンは、指先を美しく魅せる効果が
好感度ピンクや、パールの輝きをプラスするトップコートも！
MORE
優しいカラーの2色もお見逃しなく。

写真左から、
04 ローズ・パピヨン　柔らかなピンク色に、虹色に輝く光をプラス。シーンを選ばず活躍しそう
02 ブラン・オラージュ　指先にマザー・オブ・パールの輝きをトッピング。トップコートにも、単品塗りでも美しい！

エルメス
ーーーーー
レ マン エルメス ヴェルニ エマイユ 15mL 全6色 各￥6600
＜2025年5月23日（金）限定発売予定＞
上品さ、季節感の両方を取り入れたいなら見逃せない！ セルフネイル熱が上昇するラインアップです♡
文／熊木美香（ナナネール！）",[],[]
