headline,mainEntityOfPage,image,datePublished,dateModified,author,media_en,media_jp,str_count,body,images,external_links
ハースが「文句なし」のダブル入賞。ペレスを抜き返したヒュルケンベルグが今季ベスト6位／F1第11戦（オートスポーツweb）,https://news.yahoo.co.jp/articles/fd586ffa61444fd5e085ddae555d900709011f58,https://newsatcl-pctr.c.yimg.jp/t/amd-img/20240701-01098174-rcg-000-8-view.jpg?exp=10800,2024-07-01T17:42:57+09:00,2024-07-01T17:48:59+09:00,オートスポーツweb,rcg,オートスポーツweb,1330,\nニコ・ヒュルケンベルグ（ハース） 2024年F1第11戦オーストリアGP\n小松礼雄チーム代表が率いるマネーグラム・ハースF1チームが、価値あるダブル入賞を果たした。6月30日、レッドブルリンクで2024年F1第11戦オーストリアGPの決勝が行われ、ハースはニコ・ヒュルケンベルグが6位、ケビン・マグヌッセンが8位でフィニッシュした。\n【写真】ハースF1のニコ・ヒュルケンベルグ（手前）とケビン・マグヌッセン（奥）\n今季最高位となる6位入賞を果たしたヒュルケンベルグは、ミディアムタイヤを履いて9番グリッドからスタート。コンストラクター選手権を争うアルピーヌのエステバン・オコンのプレッシャーに耐えながら11周目に早めのピットインを行い、ミディアムからハードタイヤにスイッチしていく。\n\n アンダーカットによって7番手に順位を上げたヒュルケンベルグは、レース終盤にトップ争いをしていたランド・ノリス（マクラーレン）が戦線から離脱したことで6番手に浮上する。このとき背後にはセルジオ・ペレス（レッドブル）がつけていたが、ドイツ人ドライバーはこれを十数周にわたって抑えきってみせた。\n\n また、同じくミディアムタイヤを履いてスタートし10周目にハードに履き替えたマグヌッセンは、38周目の2度目のピットストップ後8番手に浮上。ペースに勝るペレスには抜かれたものの、終盤にダニエル・リカルド（RB）を攻略し8位でチェッカーを受けた。\n\n この結果、ハースはコンスタラクター選手権で12ポイント（8＋4pt）を獲得し、アルピーヌを抜いてランキング7位となっている。\n\n■ニコ・ヒュルケンベルグ（ハース）\n決勝＝6位（71周／71周）\n9番グリッド／タイヤ：ミディアム→ハード→ハード\n\n「すごいレースだった。とくに最終盤の緊迫した争いはね」\n\n「最後の2周は本当にやっとのことでペレス（セルジオ・ペレス／レッドブル）を抑えきった。実際、一度は真横に並ばれながら、ターン3への進入でわずかに彼を先行させ、そこでDRSを得たのが功を奏して、また彼の前に出ることができたんだ」\n\n「とてもハッピーだよ。このチームとしてのダブルポイントには、ものすごく大きな意味がある。僕自身、これほどのチームパフォーマンスは予想していなかった。この成績によって、僕らがどんな種類のサーキットでも、中団グループでは競争力があって戦えることが証明されたと思う。これほどうれしいことはないね」\n\n■ケビン・マグヌッセン（ハース）\n決勝＝8位（71周／71周）\n12番グリッド／タイヤ：ミディアム→ハード→ハード\n\n「スムーズな週末だった。2回の予選セッションで一度もトラフィックに引っかからなかったし、レース中の2度のピットストップ、そしてレース戦略も完璧で、あらゆる点で文句なしだった」\n\n「シルバーストンは僕らにとっては難しいコースだから、これと同様の成績は期待できないと思う。でも、これでコンストラクターズ選手権では7位に浮上したわけだから、チームの一員として本当にうれしいよ」\n\n[オートスポーツweb 2024年07月01日],['https://newsatcl-pctr.c.yimg.jp/t/amd-img/20240701-01098174-rcg-000-8-view.jpg?pri=l&w=640&h=426&exp=10800'],"['https://news.yahoo.co.jp/articles/fd586ffa61444fd5e085ddae555d900709011f58/images/000', 'https://www.as-web.jp/f1/1098174/attachment/asimg_1020260706-lat-20240630-gp2411_120744_i6a3326-164_9f66826ae745505']"
復活するIGTC鈴鹿が『1000km』＆控えめなエントリー目標である理由「長距離に慣れているチームがほとんどない」（オートスポーツweb）,https://news.yahoo.co.jp/articles/c4462b10560adbe32922f2cfb09443e069f9195e,https://newsatcl-pctr.c.yimg.jp/t/amd-img/20240701-01098246-rcg-000-9-view.jpg?exp=10800,2024-07-01T17:05:11+09:00,2024-07-01T17:06:02+09:00,オートスポーツweb,rcg,オートスポーツweb,2159,\n2019年IGTC第4戦鈴鹿10時間耐久レースのスタートシーン\n2025年にIGTCインターコンチネンタルGTチャレンジの一戦として復活することが発表された鈴鹿ラウンド。IGTCを運営するSROモータースポーツグループの創設者兼CEO、ステファン・ラテルは、同レースが過去に10時間形式として行われたものの、来年は1000kmというレース距離になる理由を明らかにした。これは、このイベントが耐久レースの経験が少ない地元のエントリーに大きく依存することを示唆している。\n【写真】2019年鈴鹿10時間のパレードの様子。メルセデスAMG・チーム・グッドスマイルの00号車\n■「スパと鈴鹿は世界で最も美しいサーキットのひとつ」\n\n 先週、スパ・フランコルシャンで行われたSROモータースポーツグループの年次記者会見で発表されたように、鈴鹿は2019年以来初めて、ラテルの組織が完全に管理する形で、世界を駆け巡るGT3シリーズのカレンダーに戻ってくる。\n\n 現在、サーキットのオーナーであるモビリティランドとの最終契約を待つこの複数年契約は、2025年9月に初年度のレースが予定されている。\n\n「私がずっと言ってきたように、鈴鹿に戻ることが我々の目標だった」とラテルはスパで記者団に語った。\n\n「鈴鹿1000kmの旗の下で開催されることを、とても嬉しく思う。正しいか間違っているかは別として、私はスパと鈴鹿は世界で最も美しいサーキットのひとつだと考えている」\n\n 過去2回の鈴鹿10時間レースでは、それぞれ35台と36台のエントリーがあったが、2025年はスーパーGT・GT300仕様の車両はおそらこのイベントの一部とはならないため、ラテルはより慎重なアプローチを取っている。\n\n つまり、グリッドの大半は、GTワールドチャレンジ・アジアや日本を拠点とするスーパー耐久シリーズに参戦している既存のGT3チームと、フルシーズンのIGTCエントリーで成り立つということになる。\n\n ラテルは、来年の初イベントでは、約25台のエントリーを集めるという目標を概説した。\n\n「我々がそこに戻るチャンスに関しては、現実的だ」とラテルは語った。\n\n「バサーストやインディアナポリスに行くヨーロッパ（チーム）のクルマの数を見れば、それは限られていることが分かる」\n\n「もし別のマニュファクチャラーがシリーズに参加すれば、10台から12台のクルマがもたらされることを期待できる。だから、地元のチームがたくさん必要なのだ」\n\n「忘れないでほしいのは、ベンジャミン（・フラナソビッキ／SROでGTWCアジアの運営を担当）のアジアでの成功は信じられないことだ。先週末、私は富士にいたが、GT3カーは41台あった。しかし、これらのチームの中で長距離レースに慣れているチームはほとんどない」\n\n「我々はこれらのチームのコンバートについて、懸命に取り組まなければならない。それがこの耐久レースに参加するベンジャミンの仕事だ」\n\n「耐久チームではないところから10時間レースに転向するとなると、無理がある。1000kmの方が妥当だと思う。フィニッシュが夜にかかる10時間レースの感覚は残したいが、とてもとても満足している」\n\n ラテルは、9月の正確な日付は彼らのなかにすでに存在しているとして、契約が完了したら発表すると述べた。\n\n「鈴鹿サーキットのオーナーであるモビリティランドとの話し合いを終えなければならないので、（開催日程は）“確認待ち”とした」と彼は語った。 \n\n「だが、まもなく確定するものと、我々は非常に楽観している。我々のなかで開催日は決まっているが、その日が来たら、100％確定したと言える日になるだろう」\n\n■欧州チーム、マニュファクチャラーからも“復活歓迎”の声\n\n WRTチーム代表のヴァンサン・ボッセとメルセデスAMGカスタマーレーシングの代表ステファン・ウェンドルは、鈴鹿がカレンダーに復帰し、IGTCに5戦目が追加されることに賛同している。\n\n「鈴鹿は常に素晴らしいレースだった」とボッセはSportscar365に語った。\n\n「また行ける方法があれば、ぜひ参加したい。まず第一に、鈴鹿は素晴らしいイベントだ。ここ数年、IGTCにはそれが欠けていたと思う。正しい動きだ」\n\n「前回参加した時は、レースで優勝した。今は少し違ったレースになるが、ワクワクしている」\n\n メルセデスのウェンドルは次のように付け加えた。\n\n「チームを代表して、鈴鹿がIGTCカレンダーに復帰したことを非常にうれしく思う」\n\n「これからは、カレンダー全体の状況をより詳しく検討していく。ル・マン、ニュルブルクリンク、スパなど、週ごとにさまざまなレースが予定されており、2週間の枠内で鈴鹿とインディアナポリスが開催される可能性もある」\n\n「これにより、再びロジスティックス上の課題が生じるが、チームと潜在的な選択肢について話し合う用意はある。競争力のあるグリッドが実現すると楽観視している」\n\n[オートスポーツweb 2024年07月01日],['https://newsatcl-pctr.c.yimg.jp/t/amd-img/20240701-01098246-rcg-000-9-view.jpg?pri=l&w=640&h=427&exp=10800'],"['https://news.yahoo.co.jp/articles/c4462b10560adbe32922f2cfb09443e069f9195e/images/000', 'https://www.as-web.jp/supergt/518908/attachment/022-30']"
アルピーヌのガスリー、オコンとの激しいバトルの末に10位入賞「今日のところは1ポイントでよしとする」／F1オーストリア（オートスポーツweb）,https://news.yahoo.co.jp/articles/ff6838a3058edb8c56fcb25a5be0b3c248f7406d,https://newsatcl-pctr.c.yimg.jp/t/amd-img/20240701-01098197-rcg-000-13-view.jpg?exp=10800,2024-07-01T15:28:32+09:00,2024-07-01T16:28:15+09:00,オートスポーツweb,rcg,オートスポーツweb,1475,\n2024年F1第11戦オーストリアGP ピエール・ガスリー（アルピーヌ）とエステバン・オコン（アルピーヌ）のバトル\n2024年F1オーストリアGPの決勝で、アルピーヌのピエール・ガスリーは、チームメイトのエステバン・オコンとのバトルの末に10位入賞となった。\n【写真】オコンとガスリーが繰り広げた激しいバトル\nこの週末でスプリントの予選／決勝、そして予選と、つねにチームメイトのエステバン・オコンの後塵を拝し続けてきたガスリーは、13番手グリッドから決勝レースをスタートした。\n\n スタート直後にダニエル・リカルド（RB）を抜いて11番手となったガスリーは、ハースの2台に続いた。しかしハースの2台は、10周目あたりで早めのピットイン。一方ランデブー状態となったオコンとガスリーは、20周目にはオコンから順にピットへ向かい、ハードタイヤでのロングスティントへ入る。\n\n ここで、早めのピット戦略でトラックポジションを上げていたフェルナンド・アロンソ（アストンマーティン）に追いついたアルピーヌのふたりは、ペースで鈍るアロンソを抜きあぐねることに。\n\n ふたりの理想はアロンソを早々に抜いて前のハース2台に追いつくことだが、ここでは膠着状態に。これに見かねた後ろのガスリーがオコンに並びかけ、チームメイトバトルに火がついた。\n\n 36周目、3コーナーでガスリーがオコンの真横に迫り、接触必至となってコース外に出ざるを得ないほどの白熱したバトルを展開。結局その後も2台は僅差で順位をキープし、41周目の3コーナーでふたたび接近、4コーナーの立ち上がりでようやくガスリーが前に出た。\n\n しかし、このバトルに時間とタイヤを費やした2台は、2度目のピットアウト後にふたたびポイント圏外へダウンしてしまった。最終的に、優勝を争う2台のうち1台が戦線を離脱したことで、ガスリーは10番手にポジションアップ。終盤には9番手のリカルド相手にバトルを挑むも抜くには至らず、10位でチェッカーを受けて1ポイントを獲得した。\n\n■ピエール・ガスリー（アルピーヌ）\n決勝＝10位（71周／71周）\n13番グリッド／タイヤ：ミディアム→ハード→ミディアム\n\n「これで4戦連続のポイントフィニッシュになり、僕のF1キャリア通算400点目を獲得した。その意味では満足のいく一日だったけど、今日のレースに関してはいくつかの部分で改善が必要なのは確かで、そのために詳細なレビューをするつもりだ」\n\n「僕はずっとポイント圏内で争っていた。まずスタートが完璧ではなかったので、リカバリーに全力を傾けたんだ」\n\n「（ポジションを争った）2台のハースは僕らよりわずかに速かったと思うし、終盤にはダニエル（・リカルド）と接戦になったものの、DRSトレインのなかにいたので抜くまでには至らなかった。今日のところは1ポイントでよしとするよ」\n\n「それでも、4戦続けてポイントを獲得できたことは、性格の異なるサーキットでも一貫した成績を得ていることの証拠だ。実際、僕らはこのパッケージに関する自信を深めつつあり、それはこうしてプッシュし続け、クルマのパフォーマンスを高め続けるためのモチベーションにもつながる」\n\n「これからもひとつひとつのレースで全力を尽くし、自分たちのできることに集中していくつもりでいるし、いま僕らが乗っている軌道に大いに満足している。さて、次はシルバーストンだ」\n\n[オートスポーツweb 2024年07月01日],['https://newsatcl-pctr.c.yimg.jp/t/amd-img/20240701-01098197-rcg-000-13-view.jpg?pri=l&w=640&h=426&exp=10800'],"['https://news.yahoo.co.jp/articles/ff6838a3058edb8c56fcb25a5be0b3c248f7406d/images/000', 'https://www.as-web.jp/f1/1098197/attachment/motor-racing-formula-one-world-championship-austrian-grand-prix-race-day-spielberg-austria-187']"
ル・マン、ニュル、スパで『3週連続24時間』の2025年。超・過酷日程は「1年限りの問題」（オートスポーツweb）,https://news.yahoo.co.jp/articles/8b2fb1d2b363d1ad132e93bb08bf986e5ac39bbd,https://newsatcl-pctr.c.yimg.jp/t/amd-img/20240701-01098131-rcg-000-8-view.jpg?exp=10800,2024-07-01T15:55:56+09:00,2024-07-01T15:55:57+09:00,オートスポーツweb,rcg,オートスポーツweb,2315,\n2024年スパ24時間レース 決勝スターティンググリッドの様子\nSROモータースポーツグループの創設者兼CEO、ステファン・ラテルは、2025年の6月の過密スケジュールを「1年限りの問題」と表現し、3週連続で3回の24時間レースを開催する見通しについては「どうしようもない」と主張した。\n【写真】2024年スパ24時間レースのフィニッシュシーン\nSROはスパ24時間レーススタート前日の6月28日、来年のIGTCインターコンチネンタルGTチャレンジの5戦から成るカレンダーを発表。2025年のスパ24時間は、6月28～29日に開催される予定となっている。\n\n 同じくIGTCの一戦に数えられるニュルブルクリンク24時間レースの第53回大会はその前週の6月21～22日に開催され、さらにWEC世界耐久選手権の一戦であるル・マン24時間レースは6月14～15日の開催が予定されている。\n\n つまり、3つの主要な24時間レースすべてが3週末連続で開催されることになる。これは、多くのチームとマニュファクチャラーにとって、ロジスティクスおよび人員面で大きな課題となる。\n\n ル・マンは伝統的に6月中旬に開催されているが、来年のニュル24時間は6月19日が聖体祭のため、同じ月に開催される。この耐久レースは伝統的に、イベントを続行するために充分なマーシャルを確保するために、この祝日の前後に開催されている。\n\n 一方、ラテルは、スパ24時間レースの日程については、来年7月25～27日に開催されるF1ベルギーグランプリに近いため、SROは手をこまねいていると示唆した。\n\n「それは問題だ」とラテルは語った。\n\n「しかし、私は再びニュルブルクリンクの友人たちと会ったが、私たちにできることは何もない。私たちにはこの日程がある」\n\n「スパとF1の（日程的）距離はまったく同じだ。我々にはこの4週間があり、それが彼らに必要なのだ」\n\n「（昨年はスパ24時間翌日の）月曜日と火曜日に、F1の準備が始まるため、パドックを急いで撤収するよう迫られた」\n\n「我々にできることは何もない。もちろん、それを押し進めたかったが、それは不可能だった」\n\n「我々のカレンダーは、非常に制約が多い。WECのカレンダー、そしてADAC（ドイツ自動車連盟）とDTMとともに、3つのカレンダーが衝突しないようにししている。これはマニュファクチャラーやドライバーにとって、これらの異なる選手権をマネージできるという大きなメリットとなっている」\n\n「もし我々が（スパ24時間の日程を）移動していたら、（DTMの）ノリスリンクが衝突するだろう。ドミノ効果というものだ。伝統的なリズムを変えるのは非常に複雑だ」\n\n「重要なのは、ニュルブルクリンク24時間が、今後4年間のカレンダーを発表していることだ。そして2026年、2027年、2028年は5月に開催されることが判明している」\n\n「（したがって）これは1年間限りの問題だ」\n\n「直接我々に関係があったかどうかは分からないが、（アメリカの放送局である）NBCにもそれがあったと聞いている。でも、IMSA（のワトキンス・グレン戦／6月22日予定）と重ならなくてとても嬉しい」\n\n「（24時間レース3連戦は）理想的ではないことは分かっているが、なんとかできると思っている」\n\n ラテルはまた、今後スパ24時間レースの日程が変更される可能性は低いと示唆している。\n\n「我々はすでに、従来伝統的であった7月末の日程から（スパ24時間を6月末に）変更している」と彼は言った。\n\n「我々はこれを固定したいと思っているし、サーキットのマネジメントとはこのことに本当に同意しているのだ」\n\n「完璧なリズムだ。（スパでは）5月にはWEC、6月にはスパ24時間、7月にはF1がある。3つの素晴らしいイベントが、3カ月美しく続く。それは正しい理由だ」\n\n このコンパクトなスケジュールによってメーカーがIGTCのどちらのラウンドでも関与を縮小せざるを得なくなることを心配しているかと尋ねられたラテル氏は、「卵を割らずにオムレツを作ることはできない」と答えた。\n\n「そうなってほしくはないが、他に選択肢はない。9月に移動することはない」\n\n「我々は、このイベントを作り上げているところだ。（今年のスパ24時間の）事前チケット販売は25％増加している。パレードを見れば、このイベントが成長していることが分かる。我々には、主な目標がある」\n\n「私は『スパ24時間レースは世界最高の12時間レースだ』とよく言っていたが、それはつまり、土曜日の朝に全員が来て、パーティーの後に帰るということだ」\n\n「我々の目標と努力は、4日間のイベントにすることだ。キャンプを大いに推進している。木曜の夜、金曜の夜に小さなコンサートを開催し、1日のイベントではなく4日間のイベントになる雰囲気を作りたい」\n\n「それには時間がかかるし、時間をかけてイベントを作り上げたいなら、9月に移動するのは望ましくない」\n\n「我々はそこ（6月末）に留まらなければならない。我々にとって、それは投資だ。北フランスやドイツでプロモーションを行ってきたし、今後も継続していく」\n\n「昨年よりチケット販売数を2倍にするという、3年間の目標を設定した。昨年は4日間で8万人のファンが来場した。だが、そのほとんどは土曜日だった」\n\n[オートスポーツweb 2024年07月01日],['https://newsatcl-pctr.c.yimg.jp/t/amd-img/20240701-01098131-rcg-000-8-view.jpg?pri=l&w=640&h=427&exp=10800'],"['https://news.yahoo.co.jp/articles/8b2fb1d2b363d1ad132e93bb08bf986e5ac39bbd/images/000', 'https://www.as-web.jp/sports-car/1097892/attachment/asimg_00_c666821255c79f0']"
WECの“カスタマー締め出し”にポルシェが警告。10メーカー参戦の2025年、残枠はわずかに『2』か（オートスポーツweb）,https://news.yahoo.co.jp/articles/286b1ae52368d966a2e2d2bb4976f08f8dc4be8a,https://newsatcl-pctr.c.yimg.jp/t/amd-img/20240701-01098300-rcg-000-9-view.jpg?exp=10800,2024-07-01T18:20:32+09:00,2024-07-01T18:21:30+09:00,オートスポーツweb,rcg,オートスポーツweb,1855,\n2024年、WECハイパーカークラスに1台のポルシェ963でエントリーしているプロトン・コンペティション\nポルシェ・モータースポーツの責任者トーマス・ローデンバッハは、2025年以降、WEC世界耐久選手権ハイパーカークラスのプライベーター参戦枠が不足することになるため、他のマニュファクチャラーがカスタマーに対して車両を提供しないのではないかとの懸念を表明している。\n【写真】来季、ポルシェからキャデラック陣営に移ることが噂されているハーツ・チーム・JOTA\nこの動きは、6月初めにFIA世界モータースポーツ評議会によって『メーカー1社あたり最低2台の車両の参戦義務付け』が承認される中で起こったものだ。\n\n 来年、アストンマーティンは10番目のハイパーカーメーカーとしてWECに参戦する予定であり、一方で各社2台ずつが参戦するLMGT3メーカー9社は残留する可能性が高いため、理論上は、拡大された40台のフルシーズングリッドにプライベーターのハイパーカーがエントリーできる余地は2台だけとなる。\n\n ポルシェは現在、ファクトリーチームのポルシェ・ペンスキー・モータースポーツとカスタマーの間で5台の963をフルシーズン参戦させているが、現在のカスタマーであるハーツ・チーム・JOTAは、来季はキャデラック・レーシングの2台体制を運営するものと予想されている。\n\n ACOフランス西部自動車クラブのピエール・フィヨン会長は、グリッドの空き状況により、現在5台あるポルシェのエントリー数は、減少する見込みであると示唆している。\n\n「プライベートチームもいくつか参加できる」とフィヨンは述べた。\n\n「だが結局のところ、（参戦枠は）40台しかない。もちろん、同じブランドで6台を参戦させるといったことは難しいだろう」\n\n 一方ローデンバッハは、ポルシェのカスタマーがWECから締め出される事態につながる可能性があると警告した。\n\n「それが、我々のカスタマーのひとつがエントリーを拒否されることを意味するものではないことを願っている」とローデンバッハは述べた。\n\n「しかし、最終的にはFIAとACOの決定だ。彼らができる限り多くのメーカーを参加させたいのは理解できる」\n\n「個人的には、カスタマーがいるのは良いことだと思っている。おそらく今後どこかでまた何年も続くだろうし、カスタマー・チームがいるのは嬉しいことだ」\n\n「最終的にそれが何を意味するのかは分からない。我々だけがそれ（カスタマープログラム）をやっているので、最終的には我々のカスタマーにとって制限がないことを願っている」\n\n ローデンバッハはまた、ハイパーカーのカスタマーがWECグリッドにつける台数が限られているため、他のメーカーがLMH（ル・マン・ハイパーカー）またはLMDh車両をプライベーターに提供しなくなるのではないかと懸念している。\n\n「他のメーカーがカスタマーカーにコミットした場合、WECには非常に多くのクルマがあり、またメーカーがカスタマーカーを作ることを決定できるようになっているため、WECでレースをする可能性がなくなり、難しいことになるかもしれない」と彼は述べた。\n\n「これにより、他のメーカーにとっては、カスタマーカーに関する決定がはるかに難しくなると思う」\n\n ポルシェはJOTAの切り替えによりカスタマーエントリーを2台失う予定だが、ローデンバッハは、グリッドスペースが空くようなら、来年963を走らせたいという他のチームからの関心がまだあると述べた。\n\n さらに、プロトン・コンペティションはWEC用に2台目の963導入を検討していることが知られている。\n\n「カスタマーを獲得することには、問題はないと思う」とローデンバッハは語った。\n\n「我々はトップクラスで走っているので、ポルシェ963を走らせている人がいるなら、その人がそれをこなす能力をすべて備えていることを確認したい」\n\n「我々は、きちんとした仕事をできると本当に思えるチームだけを選ぶ」\n\n「ビジネス上の理由ではない。できるだけ多くのクルマを売ることではないのだ。いま、我々のようなレベルのチームは多くないと思う」\n\n「10チームも可能性を持っているわけではない。だが、ステップアップできるチームは確かに存在する」\n\n[オートスポーツweb 2024年07月01日],['https://newsatcl-pctr.c.yimg.jp/t/amd-img/20240701-01098300-rcg-000-9-view.jpg?pri=l&w=640&h=427&exp=10800'],"['https://news.yahoo.co.jp/articles/286b1ae52368d966a2e2d2bb4976f08f8dc4be8a/images/000', 'https://www.as-web.jp/sports-car/1098300/attachment/asimg_12_por_cf668272acdc7f9']"
リカルド、カナダ以来2度目の入賞「アロンソやガスリーに対して良いディフェンスができた」／F1オーストリアGP決勝（オートスポーツweb）,https://news.yahoo.co.jp/articles/72ae2cc5ce07811a2c2893aa8b052839a5e7aec4,https://newsatcl-pctr.c.yimg.jp/t/amd-img/20240701-01098114-rcg-000-4-view.jpg?exp=10800,2024-07-01T13:53:43+09:00,2024-07-01T14:03:39+09:00,オートスポーツweb,rcg,オートスポーツweb,1092,\n2024年F1第11戦オーストリアGP ダニエル・リカルド（RB）\n角田裕毅のチームメイトであるダニエル・リカルド（RB）は、6月30日にレッドブルリンクで行われた2024年F1第11戦オーストリアGPの決勝で9位に入り、今季2度目の入賞を果たした。マイアミGPのスプリントを含めると3回目となる。\n【写真】笑顔でファンサービスに応じるダニエル・リカルド（RB）\n前日の予選でQ3進出まであと一歩に迫る11番手となったリカルドだが、迎えた決勝ではスタート直後の攻防でスペースを失い順位をひとつ下げてしまった。リカルドと角田が12番手、13番手で並ぶなか、スペインGPで導入したアップデートの理解を深めるために懸命に取り組んできたチームは、2台の戦略を分けることを決断。\n\n 新品のミディアムタイヤでスタートしたリカルドを10周でピットに呼び戻し、ユーズドのハードタイヤを履かせてコースに復帰させた。このアンダーカットが奏功しオーストラリア人ドライバーは、エステバン・オコンとピエール・ガスリーのアルピーヌ勢をかわして入賞圏内へ。\n\n 2度目のピットストップで新品のハードタイヤ着けて出ていったレース終盤は、ガスリーに追われつつ先行するケビン・マグヌッセン（ハース）の背中を追いかけたリカルド。最後は惜しくも0.814秒届かず9位でのフィニッシュとなったが、貴重な2ポイントを獲得している。\n\n■ダニエル・リカルド（RB）\n決勝＝9位（71周／71周）\n11番グリッド／タイヤ：ミディアム→ハード→ハード\n\n「タフなレースだった。とくに僕たちはディフェンスに徹していたから、集中力と努力が必要だった」\n\n「アウトサイドからスタートを切って、調子も良かったのだけど、その後スペースがなくなってワイドにならざるを得なくなり、そこでいくつかポジションを落としてしまったんだ。レースが落ち着いてからはうまくできたと思うよ」\n\n「チームはアルピーヌ勢の前に出る有効な戦略をとり、実際に良い仕事をしてくれた。僕としては最後のスティントでフェルナンド（・アロンソ／アストンマーティン）やピエール（・ガスリー）に対して良いディフェンスができたと思う」\n\n「今週は（15位に終わった前戦）バルセロナからステップを踏み出す良い週末になった。いつかのポイントを持ち帰ることができて嬉しいよ」\n\n「僕たちはすでに次のシルバーストンに向けてまた一歩前進しようとしている。ポイントを獲得する戦いに加わるためにね」\n\n[オートスポーツweb 2024年07月01日],['https://newsatcl-pctr.c.yimg.jp/t/amd-img/20240701-01098114-rcg-000-4-view.jpg?pri=l&w=640&h=426&exp=10800'],"['https://news.yahoo.co.jp/articles/72ae2cc5ce07811a2c2893aa8b052839a5e7aec4/images/000', 'https://www.as-web.jp/f1/1098114/attachment/asimg_si202406300671_hires_jpeg_24bit_rgb_61668226ef87bab']"
ドゥカティ、2連続ダブル表彰台。優勝のバニャイア「レースタイムが昨年より30秒も速いなんて信じられない」／MotoGP第8戦オランダGP（オートスポーツweb）,https://news.yahoo.co.jp/articles/a5523ce6e612f6bcbd4110d27fb91ca697492c87,https://newsatcl-pctr.c.yimg.jp/t/amd-img/20240701-01097983-rcg-000-5-view.jpg?exp=10800,2024-07-01T14:30:06+09:00,2024-07-01T14:30:07+09:00,オートスポーツweb,rcg,オートスポーツweb,1685,\n2戦連続ダブル表彰台を獲得したドゥカティ・レノボ・チームのフランセスコ・バニャイアとエネア・バスティアニーニ／2024MotoGP第8戦オランダGP\n6月30日、2024年MotoGP第8戦オランダGP MotoGPクラスの決勝がTT・サーキット・アッセンで行われた。ドゥカティ・レノボ・チームはフランセスコ・バニャイアが優勝、エネア・バスティアニーニは3位と2戦連続でのダブル表彰台を獲得した。\n【写真】2戦連続ダブル表彰台を獲得したドゥカティ・レノボ・チーム／2024MotoGP第8戦オランダGP\n決勝において直近2戦は優勝を飾り、好調なバニャイアは今回も初日から速さを見せ、ポールポジションを獲得。土曜のスプリントでは、決勝に向けてリヤタイヤの確認も兼ねていたというが、早々にホルヘ・マルティン（プリマ・プラマック・レーシング）を引き離して独走での優勝を手にした。\n\n 決勝でもホールショットを奪うと、一度もトップを譲ることなく完璧なレース運びを展開。最終的に2位のマルティンと3秒676のリードを築き、さらに昨年の第8戦オランダGPにおけるレースタイムより30秒426速い40分07秒214で完走を果たした。バニャイアはポールポジション獲得から、スプリントと決勝ともにパーフェクトウインを成し遂げ、圧倒的な強さを見せた。\n\n バスティアニーニは、予選11番手となったものの、スプリントでは序盤から着実に順位を上げていた。残り5周を切ると、一気に前を走る2台を捉えて計7つの順位を上げて4位を獲得した。日曜の決勝では序盤こそ順位を上げられずにいたが、中盤以降にポジションを上げていく。\n\n 前戦のイタリアGPでも、終盤まで余力を残していたバスティアニーニは、今回も終盤に勝負を賭けた。残り10周を切る頃には、3位争いを展開するグループに追いつき、やや接触もあったものの早々に3台をパス。そして残り4周でマーベリック・ビニャーレス（アプリリア・レーシング）をも交わすと、みるみる後方を引き離して3位表彰台を手にした。\n\n 母国GPとなった前戦の第7戦イタリアGPに続き、ダブル表彰台獲得とドゥカティ・レノボ・チームにとっても嬉しい結果となった。ランキングにおいても、バニャイアはトップのマルティンに10ポイント差にまで詰め寄っており、バスティアニーニも4位につけている。\n\n■フランセスコ・バニャイア（決勝：優勝）\n「今週末は本当に楽しかったし、すべてが完璧だった。僕たちは素晴らしい仕事をしたと思うし、チームに感謝している。木曜日にはすでにマシンのセットアップについての明確なアイデアがあったし、FP1の後は基本的な準備が出来ていたんだ」\n\n「今日のレースタイムが昨年より30秒も速いということは、信じられないことだよ。天気も素晴らしく、素早く正確なレース展開ができたし、自分たちの潜在能力を最大限に発揮することが出来た。次のザクセンリンクでは、2つの激しいレースが予想されるね」\n\n■エネア・バスティアニーニ（決勝：3位）\n「レース自体はちょっと奇妙なものだったけれど、信じられない結果だよ。序盤から頑張ってプッシュしようとしたけれど、特に右コーナーの立ち上がりでリヤエンドに少し苦労したんだ。でも、周回を重ねるごとにフィーリングが良くなり、他のライダーが少しペースを落としたときでも、僕は自分のペースをキープしながらもう少しプッシュすることが出来た。なんとか表彰台を争うライダーたちとの差を埋めることが出来たんだ」\n\n「何度かオーバーテイクも楽しんで、最終的には3位になった。もちろん、ペッコ（バニャイア）は手が届かないところにいるのはわかっていたし、マルティンも彼について行こうと頑張っていたから、僕はこれで良かったと思う。とても嬉しいし、チームの仕事に感謝したいよ。2日前は良い成績を残せるような状況ではなかったけれど、今は表彰台に上がれているからね」\n\n[オートスポーツweb 2024年07月01日],['https://newsatcl-pctr.c.yimg.jp/t/amd-img/20240701-01097983-rcg-000-5-view.jpg?pri=l&w=640&h=427&exp=10800'],"['https://news.yahoo.co.jp/articles/a5523ce6e612f6bcbd4110d27fb91ca697492c87/images/000', 'https://www.as-web.jp/bike/1097983/attachment/asimg_dlt_uc655005_high_9566821510d06ec']"
苦しい展開に耐えたサインツが3位表彰台「週末は厳しいものだったが、良い褒賞に」／F1オーストリアGP（オートスポーツweb）,https://news.yahoo.co.jp/articles/64ff3f0f816a412c9d902f72937ed9ed8c0692a1,https://newsatcl-pctr.c.yimg.jp/t/amd-img/20240701-01098146-rcg-000-8-view.jpg?exp=10800,2024-07-01T14:26:05+09:00,2024-07-01T16:29:24+09:00,オートスポーツweb,rcg,オートスポーツweb,1054,\n2024年F1第11戦オーストリアGP カルロス・サインツ（フェラーリ）\n2024年F1オーストリアGPの決勝で、スクーデリア・フェラーリのカルロス・サインツが3戦ぶりの3位表彰台を獲得した。\n【写真】3位表彰台を獲得したカルロス・サインツ（フェラーリ）\n4番グリッドから決勝レースをスタートしたサインツは、1ラップ目から5番グリッドスタートのルイス・ハミルトン（メルセデス）とバトルに発展する。\n\n 結果としてはハミルトンのコースオフで4番手を守ったが、シャルル・ルクレール（フェラーリ）が下位に沈んだため、以降もサインツは2台のメルセデスを相手に走り続けることになった。\n\n 前を行くのは、この週末でスプリントの予選／決勝、そして予選と、つねに真後ろのポジションで戦いを続けてきたジョージ・ラッセル（メルセデス）。ともにミディアムタイヤを履いた第1スティントは、思うように近づけない展開となる。\n\n サインツがハードに履き替えた第2スティントは、ラッセルがミディアムで逃げ、最終スティントではタイヤ状況こそ逆転したものの、ファステストラップを更新しながら逃げるラッセルに徐々に離されてしまう。\n\n 終盤になると、追い上げてきたオスカー・ピアストリ（マクラーレン）を相手にポジションを死守するも、防戦一方の厳しい状況で長くは続かず。残り6周時点でピアストリにポジションを奪われたものの、優勝を争う2台の陥落によって3位表彰台を手にした。\n\n■カルロス・サインツ（スクーデリア・フェラーリ）\n決勝＝3位（71周／71周）\n4番グリッド／タイヤ：ミディアム→ハード→ミディアム\n\n「この3位はポジティブな結果だ。そして、週末は厳しいものだったが、良い褒賞になった」\n\n「昨日のスプリントを終えてから、何とかクルマを改善しようと懸命に努力して、それまでよりはいい感じで予選を戦うことができた」\n\n「今日は波乱のレースになったけど、僕のペースはまずまずで、メルセデスとポディウムの一角を争った。残念なことに、終盤にトップ2台が姿を消した後、もう1台のマクラーレンを抑え続けることができなかった」\n\n「それでもなお、ポディウムフィニッシュはいい結果だった。僕らがそこにいたいと望んでいる場所、つまり優勝争いに加われるようになるには、まず自分たちがやるべきことに集中する必要がある。次のシルバーストンに要注目だ」\n\n[オートスポーツweb 2024年07月01日],['https://newsatcl-pctr.c.yimg.jp/t/amd-img/20240701-01098146-rcg-000-8-view.jpg?pri=l&w=640&h=426&exp=10800'],"['https://news.yahoo.co.jp/articles/64ff3f0f816a412c9d902f72937ed9ed8c0692a1/images/000', 'https://www.as-web.jp/f1/1098146/attachment/motor-racing-formula-one-world-championship-austrian-grand-prix-race-day-spielberg-austria-185']"
“3番目に速いクルマ”でスパ24時間優勝「アストンマーティンにとって素晴らしい成果」とマルコ・ソーレンセン（オートスポーツweb）,https://news.yahoo.co.jp/articles/c23ac7efef7aefd65f03ba49c8b2e4ceb6d3c390,https://newsatcl-pctr.c.yimg.jp/t/amd-img/20240701-01098119-rcg-000-7-view.jpg?exp=10800,2024-07-01T12:58:21+09:00,2024-07-01T12:59:33+09:00,オートスポーツweb,rcg,オートスポーツweb,2002,\n2024年のスパ24時間レースを制したコムトゥーユー・レーシング7号車アストンマーティン・バンテージAMR GT3\nコムトゥーユー・レーシングのアストンマーティン・バンテージAMR GT3をドライブしてスパ24時間レースを制したニッキ・ティームはチームの勝利を称賛し、コ・ドライバーのマルコ・ソーレンセンは「運」も味方についたと認めた。\n【写真】スパ24時間を制し、マティア・ドルーディを抱き上げるニッキー・ティームと、マルコ・ソーレンセン\n■勝利を逃したフェラーリには「本当に同情する」\n\n ティーム／ソーレンセン／マティア・ドルーディのトリオは、6月29～30日にベルギーのスパ・フランコルシャンで行われた耐久レースの100周年記念大会で優勝。荒れた混合コンディションのレースの末、今季から投入されている新型アストンマーティン・バンテージGT3にとって初のメジャー耐久レースでの勝利を達成した。\n\n これは、終盤レースをリードしていたAFコルセの51号車フェラーリ296 GT3のアレッサンドロ・ピエール・グイディが最後のピットストップでランボルギーニ・ウラカンGT3 EVO2に進路を阻まれ勝利の可能性を逃した後、達成された優勝となった。\n\n「僕らは実際、トラックの中で（51号車の停止とは）別のものを見ていたんだ」とティームは語った。\n\n「彼らには本当に同情する。もちろん、彼らにかける言葉もない」\n\n「あの位置に立つなんて僕には想像もできなかったけど、ここに来てついに僕らは歴史を作った。完璧な仕事をしたと思う。みんながすべてをやってくれた」\n\n「ピットストップで戦略上、致命的に時間をロスすることはなかった。このクルマとチームで全力を尽くしたんだ」\n\n 一方、ソーレンセンは、フェラーリとBMW M4 GT3の強さ、特にドライコンディションでの強さを指摘し、アストンはレースで3番目に速いクルマだったと認めた。\n\n「これ以上のことはできなかったし、結局はペースの問題だった」と彼は語った。\n\n「彼らに追いつくペースがなかった」\n\n 2番目に速いクルマだったと感じたかと聞かれると、ソーレンセンはこう答えた。「そんなことは言えない。BMWが上位にいたので、実際に彼らが語ったことには同意できない。彼らはものすごく速かった」。\n\n「誰も完全に完璧なんてありえないが、序盤には本当に良い判断ができた。スリックタイヤを履いて、おそらく望んでいたよりも少し長くコースに留まらなければならなかったにもかかわらずだ」\n\n「でも、最終的にはそれが功を奏した。完璧にフィットしたからだ。その後、ニッキーをクルマに乗せるときは雨が降り初めて完全にウエットへと移行した。だから、その点に関して僕らは間違いなく本当に良い判断を下したんだ」\n\n「ただ、夜間に時間をロスしたこともあった。雨は止むだろうと思っていたが、その後も降り続けた。そこで貴重な数秒を失ったけど、状況は変わらなかっただろう」\n\n「このレースでは誰もが何らかの小さなミスを犯したと思うけど、結局はただ走り続けるしかない」\n\n■「クルマにペースがないときにも、どうにかする必要がある」\n\n この勝利は、長年の友人でありチームメイトであるティームとソーレンセンにとって、コ・ドライバーとして初の24時間レースでの勝利となった。\n\n「基本的に僕らは2015年以来、ほぼ毎回同じクルマに乗っている」とソーレンセン。\n\n「2015年以来、僕らはかなり良い成績を収めてきたと思う。基本的に、（WECの）GTEプロでふたつのチャンピオンシップを制覇し、他にもたくさんのことを成し遂げた」\n\n「今回の勝利は、間違いなく上位にランクインする。近年勝てるGTレースの中でも、最大のレースのひとつだ。そのことを実感しなければならない」\n\n「GTワールドチャレンジに出場するという電話を受けたとき、僕とニッキーはマティア・ドルーディがチームメイトになることを知り、間違いなくチャンスがあるだろうと期待していた」とソーレンセンは付け加える。\n\n「繰り返しになるが、ここ（表彰台の頂点）にいるためには明らかにクルマにペースが必要で、それは誰にとっても同じことだ。だけど、クルマにペースがないときにも、どうにかする必要がある。そして、僕らは今日間違いなくそれを実現した」\n\n「もちろん、運もあった。でも、いつもそうだと思うし、それは常に少しは必要なものだ」\n\n「すごく誇りに思う。アストンマーティンにとって素晴らしい成果だと思う。GT時代にこのレースで勝ったことは一度もない。だから、僕らはまた歴史に名を残すことになるね」\n\n[オートスポーツweb 2024年07月01日],['https://newsatcl-pctr.c.yimg.jp/t/amd-img/20240701-01098119-rcg-000-7-view.jpg?pri=l&w=640&h=427&exp=10800'],"['https://news.yahoo.co.jp/articles/c23ac7efef7aefd65f03ba49c8b2e4ceb6d3c390/images/000', 'https://www.as-web.jp/sports-car/1098119/attachment/asimg_7-1_sro_97668227f50c1b5']"
ホンダ：ザルコが今季3度目の入賞。マリーニも「ポイント圏内で戦える実力はあった」／MotoGP第8戦オランダGP 決勝（オートスポーツweb）,https://news.yahoo.co.jp/articles/14c959f77caacc81a63156968a6dc066ae5a0a49,https://newsatcl-pctr.c.yimg.jp/t/amd-img/20240701-01097953-rcg-000-6-view.jpg?exp=10800,2024-07-01T12:49:33+09:00,2024-07-01T13:18:42+09:00,オートスポーツweb,rcg,オートスポーツweb,2155,\nジョアン・ミル（レプソル・ホンダ・チーム）／2024MotoGP第8戦オランダGP 決勝\n6月30日、2024年MotoGP第8戦オランダGP MotoGPクラスの決勝がTT・サーキット・アッセンで行われ、レプソル・ホンダ・チームのルカ・マリーニは17位、ジョアン・ミルはリタイアで終えた。\n【写真】ルカ・マリーニ（レプソル・ホンダ・チーム）／2024MotoGP第8戦オランダGP 決勝\nまた、ヨハン・ザルコ（ホンダ・カストロールLCR）は13位、中上貴晶（ホンダ・イデミツLCR）は16位でフィニッシュしている。\n\n 土曜日のスプリントより10度低い39度の路面温度で行われた決勝では、スプリント後にザルコが触れていたとおりホンダの4台は全車リヤにミディアムタイヤを選択。フロントタイヤも4台ともにミディアムを履いてグリッドについた。\n\n スプリントで負傷したアレイシ・エスパルガロ（アプリリア・レーシング）とロレンツォ・サバドーリ（アプリリア・レーシング）が決勝を欠場したことによってスターティンググリッドが繰り上がり、ザルコが17番手、ミルが18番手、マリーニが19番手、中上が21番手からのスタートとなる。\n\n オープニングラップでホンダの4台は順調なスタートを見せるが、2周目にマリーニがコースアウトして最後尾まで順位を落とす。そこからマリーニは単独の走行が続き、序盤は前を行く中上より1周1秒以上遅いペースで周回。しかし後半急にペースが上がったマリーニは、周りのライダーがタイムを落としていくなかベストタイムを更新する1分33秒259を記録する。最終的にこのタイムはホンダのなかで最も速いレースラップとなった。\n\n 不運に襲われたのはチームメイトのミルも同様で、ポイント圏内を1分33秒台前半のペースで走行していたところフロントのグリップを失い転倒しレースを終えた。\n\n そして、今回のホンダ勢で唯一ポイントを獲得したのがザルコだ。転倒が相次ぐレース前半でもザルコは1分33秒台のタイムを並べて安定感を見せた。レース中盤で後ろから迫るアウグスト・フェルナンデス（レッドブルGASGASテック3）に一時は先行を許したが、レース残り2周で順位を取り戻し13位でフィニッシュした。\n\n チームメイトの中上は2周目にザルコの後ろにつけ、その背中を追った。しかしわずかにペースが足りず、その後はじわじわとザルコから離される展開が続く。そのなかでも中上は、チームが話すとおり「タイヤマネジメントに集中」しており、最初の2周と最終ラップを除くすべてのラップタイムを1分33秒から1分34秒前半のなかに収める安定したペースを見せた。レース後半はポイントを獲得したザルコに勝る速さを見せていただけに、次戦ドイツGPに期待がかかる。\n\n■ルカ・マリーニ（決勝：17位）\n「僕たちにとってオランダGPは不運が続くレースだった。今日は（ポイントを獲得した）ザルコと戦えるだけのペースがあったが、オープニングラップでアウグスト・フェルナンデスが接触してきて、僕はグラベルに押し出されてしまい大きくタイムをロスした。今日はポイント獲得圏内で戦えるポテンシャルは十分にあったと思う。アッセンのような高速サーキットは、どの部分が重要かを知ることができる。今大会で得たデータは、これからの開発に役立つはずだ。サマーブレイク前のザクセンリンクでは、いいレースをしたい」\n\n■ジョアン・ミル（決勝：リタイア）\n「スタートしてからも前進することができて、トップ10を争うグループに加わっていた。後ろのライダーを引き離すペースで走ることができて、周回を重ねるごとにフィーリングもよくなった。今日はほかのセクターで失ったタイムをペースのよかったセクター1で取り戻そうと頑張ったのだが、3コーナーでほんの少しマシンを寝かせすぎてフロントを失ってしまった。僕は常に上を目指すライダーであり、こうして転倒することもある。転倒で今日のレースは終わったが、これから取り組むべき領域が見えてきた」\n\n■ヨハン・ザルコ（決勝：13位）\n「ポイント争いは僕たちにとってとても重要であり、昨日のスプリントと比べれば、状況をうまくコントロールできたと思う。今はライバルたちと同じレベルになるために懸命に努力している。今日は何人かのライダーとバトルができた。レースを楽しむことができたので満足している。次のドイツGPが楽しみだ」\n\n■中上貴晶（決勝：16位）\n「厳しいウイークでした。金曜日のスタートからいろいろなことにトライしましたが、3日間足踏み状態が続きました。今大会の目標にしていたポイント獲得を果たせず残念です。そういう状況の中でも、13位を獲得したチームメートのヨハン・ザルコ選手が見える位置で走れていたのは、よかったと思います。ただ、ここは得意なサーキットで、3日間走って思うように前進できなかったのでフラストレーションがたまりました。次のザクセンリンクも引き続きセットアップに取り組み、ポイントを獲得してシーズン前半を終えたいです」\n\n[オートスポーツweb 2024年07月01日],['https://newsatcl-pctr.c.yimg.jp/t/amd-img/20240701-01097953-rcg-000-6-view.jpg?pri=l&w=640&h=426&exp=10800'],"['https://news.yahoo.co.jp/articles/14c959f77caacc81a63156968a6dc066ae5a0a49/images/000', 'https://www.as-web.jp/?attachment_id=1097955']"
ヤマハ：リンスが転倒骨折で次戦参戦は未定。クアルタラロ「ソフトのグリップが低かった」／MotoGP第8戦オランダGP 決勝（オートスポーツweb）,https://news.yahoo.co.jp/articles/76d8e96af673371fd416d1e20fd02c27c428b08d,https://newsatcl-pctr.c.yimg.jp/t/amd-img/20240701-01097853-rcg-000-5-view.jpg?exp=10800,2024-07-01T12:20:43+09:00,2024-07-01T13:19:11+09:00,オートスポーツweb,rcg,オートスポーツweb,1465,\nファビオ・クアルタラロ（モンスターエナジー・ヤマハMotoGPチーム）／2024MotoGP第8戦オランダGP 決勝\n6月30日、2024年MotoGP第8戦オランダGP MotoGPクラスの決勝がTT・サーキット・アッセンで行われ、モンスターエナジー・ヤマハMotoGPのファビオ・クアルタラロは12位、アレックス・リンスは転倒リタイアで終えている。\n【写真】ファビオ・クアルタラロ（モンスターエナジー・ヤマハMotoGPチーム）／2024MotoGP第8戦オランダGP 決勝\n土曜日のスプリントより10度低い39度の路面温度で行われた決勝では、クアルタラロがフロントにハード、リヤにソフトのタイヤコンパウンドを選ぶ。リンスはフロントはクアルタラロと同じくハードタイヤで、リヤはミディアムを選択した。\n\n スターティンググリッドは、スプリントで負傷したアレイシ・エスパルガロ（アプリリア・レーシング）が決勝を欠場したことによりひとつずつ繰り上がり、クアルタラロが12番手、リンスが15番手からのスタートとなる。\n\n レース1周目、リンスは抜群の位置取りで集団をかき分け、最初のコーナーのブレーキングの時点で12番手までポジションアップ。ポイント獲得も視野に入る好スタートだったが、その直後ブレーキング中にマシンを大きく振られたリンスはグラベルへと勢いよく投げ出された。\n\n このクラッシュによりリンスはメディカルセンターに搬送され、メディカルチェックの結果右足の骨折、右手首の重度の打撲傷が認められた。リンスは昨年の第6戦イタリアGPで右足を骨折しており、手術を受けたスペインの首都マドリード市内の病院へ向かい精密検査を受けるようだ。その後の経過は検査終了後に発表される予定で、第9戦ドイツGPの参加については未定となっている。\n\n このレース唯一のヤマハライダーとなったクアルタラロは最初のコントロールラインを13番手で通過。レース前半は後ろから迫るミゲール・オリベイラ（トラックハウス・レーシング）とのバトルとなる。\n\n 後ろからプレッシャーをかけられていたクアルタラロだったが、17周目にオリベイラがロングラップペナルティで後退するとターゲットを目の前のジャック・ミラー（レッドブルKTMファクトリー・レーシング）に変更。1分33秒台前半のペースでじわじわとミラーに詰め寄り、横に並びかけるような距離間でのレースが続いた。最終ラップまでプレッシャーをかけ続けたクアルタラロだったがミラーをかわすことができず、わずか0.053秒の差でフィニッシュした。最終ラップに前方のペドロ・アコスタ（レッドブルGASGASテック3）がクラッシュしたため、順位は12位となった。\n\n■ファビオ・クアルタラロ（決勝：12位）\n「初めはもっとうまくいくと思っていたが、ソフトタイヤのグリップが良くなかった。レースを通じてずっとグリップが低いままだったので、十分にプッシュすることができなかった。終盤は少しフィーリングが良くなったのだが、そのときはすでにペースが遅くなり過ぎていた。次のザクセンリンクに期待するよ」\n\n■アレックス・リンス（決勝：転倒リタイア）\n「スタート後すぐに激しく転倒してしまった。今はマドリードへ向かっていて、右手首と右足の怪我の重症度を確認するため詳細な検査を受けることになっている。結果は近日中にお知らせできると思う」\n\n[オートスポーツweb 2024年07月01日],['https://newsatcl-pctr.c.yimg.jp/t/amd-img/20240701-01097853-rcg-000-5-view.jpg?pri=l&w=640&h=426&exp=10800'],"['https://news.yahoo.co.jp/articles/76d8e96af673371fd416d1e20fd02c27c428b08d/images/000', 'https://www.as-web.jp/bike/1097853/attachment/asimg_002_cb6681e49584027']"
中上貴晶、今大会は「3日間足踏み状態」次戦のポイント獲得を目指す／MotoGP第8戦オランダGP（オートスポーツweb）,https://news.yahoo.co.jp/articles/591ccd374e5cc90d5532fc8d19ba70c3f6948528,https://newsatcl-pctr.c.yimg.jp/t/amd-img/20240701-01097981-rcg-000-2-view.jpg?exp=10800,2024-07-01T12:15:15+09:00,2024-07-01T12:16:21+09:00,オートスポーツweb,rcg,オートスポーツweb,928,\n中上貴晶（ホンダ・イデミツLCR）／2024MotoGP第8戦オランダGP 決勝\n6月30日、2024年MotoGP第8戦オランダGP MotoGPクラスの決勝がTT・サーキット・アッセンで行われ、中上貴晶（LCRホンダ・イデミツ）は16位でフィニッシュした。\n【写真】中上貴晶（ホンダ・イデミツLCR）／2024MotoGP第8戦オランダGP 決勝\n前日に行われたスプリントから路面温度が10度下がった決勝に、中上は前後ミディアムタイヤを履いて臨んだ。ポイント獲得を今大会の目標に据えた中上は朝のウォームアップ走行で最後の調整を行い、26周におよぶ決勝の鍵となるタイヤマネジメントにフォーカスして挑む。\n\n 21番グリッドからスタートした中上は、他車の戦線離脱もあり2周目の時点で18番手につける。しかしそこから思うようにペースの上がらず、4周目に後ろから迫るアウグスト・フェルナンデス（レッドブルGASGASテック3）にかわされてしまう。\n\n レース後半、他のライダーたちがタイムを落とすなか、タイヤマネジメントに注力した中上は序盤から変わらず1分33秒から1分34秒前半のなかに収める安定感を見せる。このペースはポイントを獲得したヨハン・ザルコ（ホンダ・カストロールLCR）に匹敵するペースだった。しかし、前を走るミゲール・オリベイラ（トラックハウス・レーシング）に追いつくことはできず、最終的に16位でチェッカーを受けた。\n\n■LCRホンダ・イデミツ\n中上貴晶（決勝：16位）\n「厳しいウイークでした。金曜日のスタートからいろいろなことにトライしましたが、3日間足踏み状態が続きました。今大会の目標にしていたポイント獲得を果たせず残念です。そういう状況の中でも、13位を獲得したチームメートのヨハン・ザルコ選手が見える位置で走れていたのは、よかったと思います。ただ、ここは得意なサーキットで、3日間走って思うように前進できなかったのでフラストレーションがたまりました。次のザクセンリンクも引き続きセットアップに取り組み、ポイントを獲得してシーズン前半を終えたいです」\n\n[オートスポーツweb 2024年07月01日],['https://newsatcl-pctr.c.yimg.jp/t/amd-img/20240701-01097981-rcg-000-2-view.jpg?pri=l&w=640&h=426&exp=10800'],"['https://news.yahoo.co.jp/articles/591ccd374e5cc90d5532fc8d19ba70c3f6948528/images/000', 'https://www.as-web.jp/?attachment_id=1097994&quot;%20rel=&quot;attachment%20wp-att-1097994']"
ペレス「1周目にダメージ」負い、僚友フェルスタッペンを援護できず。ピットレーン速度違反も痛手に／F1オーストリアGP決勝（オートスポーツweb）,https://news.yahoo.co.jp/articles/a85110d897100260271e1653eb4812a46ec548f0,https://newsatcl-pctr.c.yimg.jp/t/amd-img/20240701-01097964-rcg-000-6-view.jpg?exp=10800,2024-07-01T12:27:02+09:00,2024-07-01T12:37:59+09:00,オートスポーツweb,rcg,オートスポーツweb,1263,\nセルジオ・ペレス（レッドブル）とニコ・ヒュルケンベルグ（ハース） 2024年F1第11戦オーストリアGP\nレッドブルF1のセルジオ・ペレスは、チームのホームグランプリを7位で終えた。\n\n 前日に行われた予選で苦戦しつつもQ3に進み、4列目8番グリッドを得たペレス。このメキシコ人ドライバーは、6月30日に行われた2024年シーズン第11戦オーストリアGPの決勝で好スタートを決め、順位をふたつ上げてみせた。\n【写真】ファンサービスを行うセルジオ・ペレス（レッドブル）\nしかしDRSが使えるようになると、後方からオスカー・ピアストリ（マクラーレン）に攻められ、ターン6で6番手のポジションを奪われてしまう。その後ペレスは22周目にルイス・ハミルトン（メルセデス）と同じタイミングでピットインし、ミディアムタイヤからハードタイヤにスイッチした。\n\n ピットアウトした彼はニコ・ヒュルケンベルグ（ハース）にも先行を許したが、まもなくこのライバルをパスして7番手に戻った。しかし、ピットイン時に速度違反を犯したペレスは次のピットイン時に5秒のペナルティを受けることに。\n\n レース終盤、チームメイトのマックス・フェルスタッペン（レッドブル）がトップ争いのなかでランド・ノリス（マクラーレン）と接触してタイヤを壊し、3度目のピットインを行ってなお5番手で戦列に戻るなか、ペレスはヒュルケンベルグの後方7番手を走る苦しい展開が続いていた。\n\n 71周のレースのファイナルラップまで、前を走るハースのドライバーを追い立てたペレスだったが最後は0.584秒及ばず。1周目に負ったダメージが影響してか、精彩を欠いたままチームのホームレースを終えることとなった。\n\n■セルジオ・ペレス（レッドブル）\n決勝＝7位（71周／71周）\n8番グリッド／タイヤ：ミディアム→ハード→ミディアム\n\n「今日、この順位にいることが本当に残念だ。レースはとても良いスタートを切ることができたからね」\n\n「1周目にダメージを受けてしまい、マシンがスライドするようになってドライビングが苦しくなった。ダメージのせいでバランスが崩れてしまったんだ。また、ピットレーンに入る際にミスをしてしまい5秒ペナルティを受け取ってしまった。これがレース終盤に向けて僕を妨げるものになった」\n\n「このレースを振り返ると、すべてを慎重に分析する必要があることがいくつもある。レースペースについては昨日の反省を生かし、かなり良い改善ができたと思う。だからこそ今日のレースペースには疑問符がつくんだ。全体的にパフォーマンスが足りなかったせいで、とても難しく苦労するレースになった」\n\n「次の週末は、しっかりとしたクリーンなレースを見せられることを願っている。（シーズンは）まだ多くのレースが残っているので、今週末の問題をすべて解決して前に進めるようにしたい。シルバーストンへ向かうよ」\n\n[オートスポーツweb 2024年07月01日],['https://newsatcl-pctr.c.yimg.jp/t/amd-img/20240701-01097964-rcg-000-6-view.jpg?pri=l&w=640&h=426&exp=10800'],"['https://news.yahoo.co.jp/articles/a85110d897100260271e1653eb4812a46ec548f0/images/000', 'https://www.as-web.jp/f1/1097964/attachment/asimg_si202406300670_hires_jpeg_24bit_rgb_c66682215cdac86']"
レッドブル＆HRC密着：ブレーキング中の移動を否定するフェルスタッペン。ノリスの仕掛けは「爆撃」と表現（オートスポーツweb）,https://news.yahoo.co.jp/articles/db37ab4c1b1f77bb424e041b6203c59e571ca9c1,https://newsatcl-pctr.c.yimg.jp/t/amd-img/20240701-01097815-rcg-000-14-view.jpg?exp=10800,2024-07-01T12:10:36+09:00,2024-07-01T21:49:58+09:00,オートスポーツweb,rcg,オートスポーツweb,1625,\n2024年F1第11戦オーストリアGP マックス・フェルスタッペン（レッドブル）＆ランド・ノリス（マクラーレン）\n2024年F1第11戦オーストリアGPの優勝を賭けた激戦の幕は、51周目に上がった。\n【正式結果】2024年F1第11戦オーストリアGP決勝\nポールポジションからスタートし、終始レースをリードしていたマックス・フェルスタッペンは、2番手ランド・ノリス（マクラーレン）とのギャップおよそ7秒で残り20周を迎え、ピットインした。\n\n ところが、ここで左リヤタイヤが外れないというトラブルが発生。静止時間6.5秒でピットアウトしてしまう。\n\n フェルスタッペンは23周目に1回目のピットストップを行い、このときは2.7秒だったので、2倍以上の作業時間を費やしてしまった。これに対し、同じ周にピットインしたノリスをマクラーレンのピットクルーは2.9秒で送り出した。\n\n これで約7秒あったふたりのギャップは一気に縮まり、52周目には1.7秒となった。\n\n 序幕を終えたふたりの戦いは、ここから第2幕が上がる。10周以上に渡り、テール・トゥ・ノーズのバトルを繰り広げた。59周目には、3コーナーでノリスがフェルスタッペンのインを差すも、止まりきれずにオーバーラン。一時はノリスがトップに立つが、直後にフェルスタッペンが抜き返して、ふたりの戦いはまだ続く。\n\n 63周目に、ふたたびノリスがフェルスタッペンのインを差すが、フェルスタッペンはノリスに押し出されるかたちでコース外からノリスを抜き返し、トップの座を死守した。\n\n 迎えた64周目。最大のオーバーテイクポイントである3コーナーでインからフェルスタッペンを抜けずにいたノリスは、今度はアウト側からオーバーテイクを試みる。\n\n ところが、ブレーキングで2台が接触。両者タイヤにダメージを負ってピットイン。フェルスタッペンはレースに復帰するが順位を大きく落とし、ノリスはピットイン後にリタイア。激戦の幕は、悲劇というかたちで幕を閉じた。\n\n レーススチュワード（審査委員会）は、ブレーキングエリアでフェルスタッペンが左側に移動したことが接触のおもな原因とし、事故の責任はフェルスタッペンにあると判断。10秒のタイム加算ペナルティと2点のペナルティポイント（累積4点）を科した。\n\n レース直後、フェルスタッペンはメディアにこう語った。\n\n「何が原因だったのかを正確に把握するためには、映像を見直してみないとわからないけど、僕はステアリングを動かしながらブレーキを踏んではいない。外からは僕がブレーキング中に動いたと簡単に言うけど、何をしているのか一番よくわかっているのは、クルマに乗っている本人だ」\n\n さらに、ノリスの再三の仕掛けを「爆撃のようだった」と表現し、こう続けた。\n\n「こういった問題を引き起こすコーナーの形状にも原因はあると思う。僕も逆の立場で経験したことがある。もちろん接触してしまったことは残念に思っている。単純にこんなことは起きてほしくない。とにかく、映像を見返してみるつもりだ」\n\n これに対して、ノリスはこう主張した。\n\n「もし彼が、自分は何も悪くないと言うのなら、僕は彼をもう尊敬しなくなるだろう。もし彼が少し無謀だったことを認めるなら、これからも彼を尊敬する」\n\n ふたりの友情は保たれるかと尋ねられたレッドブルのクリスチャン・ホーナー代表はこう語った。\n\n「彼らはハードレーサーだが、そこには尊敬の念がある。激しい競争をしていると、必然的に友情はプレッシャーにさらされる。今日のレースはまさにそうだった」\n\n フェルスタッペンにとって、ノリスは友人ではなく、真のライバルとなったようだ。ふたりの激闘ドラマは、これからも続くだろう。\n\n[オートスポーツweb 2024年07月01日],['https://newsatcl-pctr.c.yimg.jp/t/amd-img/20240701-01097815-rcg-000-14-view.jpg?pri=l&w=640&h=426&exp=10800'],"['https://news.yahoo.co.jp/articles/db37ab4c1b1f77bb424e041b6203c59e571ca9c1/images/000', 'https://www.as-web.jp/f1/1097630']"
フォーミュラE第13／14戦ポートランドE-Prixはポルシェのダ・コスタが連勝。ニック・キャシディはまさかのノーポイントで最終戦へ（オートスポーツweb）,https://news.yahoo.co.jp/articles/44bd4be6f1fab2106d48a7d6c5e5d0874be38014,https://newsatcl-pctr.c.yimg.jp/t/amd-img/20240701-01098069-rcg-000-10-view.jpg?exp=10800,2024-07-01T12:07:10+09:00,2024-07-01T16:43:10+09:00,オートスポーツweb,rcg,オートスポーツweb,5539,\n2023／24年フォーミュラE第14戦ポートランドE-Prix アントニオ・フェリックス・ダ・コスタ（タグ・ホイヤー・ポルシェ・フォーミュラEチーム）\n6月29日（土）と30日（日）、アメリカのポートランド・インターナショナル・レースウェイにて2024年ABB FIAフォーミュラE世界選手権の第13／14戦ポートランドE-Prixが行われ、土曜日のレース1と日曜日のレース2はともにアントニオ・フェリックス・ダ・コスタ（タグ・ホイヤー・ポルシェ・フォーミュラEチーム）が優勝を飾った。\n【写真】首位走行中にスピンを喫し、ランオフエリアに飛び出したニック・キャシディ（ジャガーTCSレーシング）\n■最終ラップにまさかのスピンアウト\n\n 今季も残り2ラウンドと佳境を迎えたフォーミュラE“シーズン10”。選手権としてはニック・キャシディ（ジャガーTCSレーシング）がパスカル・ウェーレイン（タグ・ホイヤー・ポルシェ・フォーミュラEチーム）に対して25ポイントリードするという展開で迎えた第13戦は、午前中のデュエル予選をミッチ・エバンス（ジャガーTCSレーシング）が制して戦いの幕が開けた。\n\n 迎えた決勝では、序盤はポールスタートのエバンスと4番手スタートのダ・コスタが首位争いを展開。その間、10番手からレースを開始したキャシディもポジションをひとつずつあげ、12周目にはトップに立つことに成功する。\n\n しかし15周目、混戦のなかで接触の原因となったとしてエバンスに5秒のタイムペナルティが課される事態に。残り5周、3台の首位争いはペースアップを始め、キャシディ、エバンスというジャガーのワン・ツーで最終ラップに入ろうというところで、首位キャシディが縁石の乗り過ぎで姿勢を崩し、まさかの単独スピンを喫した。\n \n\n その後、代わりに首位に立ったエバンスはトップチェッカーを受けたもののタイムペナルティによって後退し、2番手フィニッシュのダ・コスタが第12戦上海E-Prixからの連勝を飾った。\n\n 今季3勝目をあげたダ・コスタは、「まず、ミッチ（・エバンス）におめでとうと言いたい。なぜなら彼はトラック上でこのレースに勝ったからだ。僕もそれを奪われたらどうなるか、気持ちが分かる」とコメント。\n\n「ただ、勝利はもちろん引き受ける。ジャガーの2台と戦うのはいつも難しいことだが、今日はすべてが正しくできたと思う。彼らにプレッシャーをかけることができ、最後にはニック（・キャシディ）がミスを犯した」\n\n「僕は、展開を見届けただけのようだったが、今年経験したことを考えると、どんな勝利や表彰台も当然のこととは決して思えない。今日は運よく勝てたので、しっかり楽しみたいね」と喜びを語った。\n\n■ダ・コスタが上海から続く連勝\n\n 明けた日曜日、まず行われた第14戦の予選では、ジャン-エリック・ベルニュ（DSペンスキー）がデュエル形式の予選を制し、最多ポールポジション記録を『17』に伸ばす。\n\n 迎えた決勝は、曇り空のもとでクリーンにスタート。スタート直後の1コーナーで、2番手スタートのダ・コスタがトップの座を奪った。\n\n 以降は、バッテリーマネジメントやアタックモードの使用に伴い、上位集団は目まぐるしく順位を入れ替えながら周回を重ねる。\n\n レース1の勝者であるダ・コスタは、レース中盤までは集団に鳴りを潜めてバッテリーを節約。そして、終盤に差し掛かったころに、首位のロビン・フラインス（エンビジョン・レーシング）を抜いてふたたび首位に返り咲き、残りのバッテリーを使い切ってトップを死守へ。\n\n 最終的にふたりは0.332秒の僅差でチェッカーを受け、ダ・コスタが第12戦上海E-Prixから続く3連勝を飾った。\n\n また、ポイントリーダーのキャシディは、レース中盤に集団を走行中に他車と接触してしまい、マシンにダメージを負って痛恨のピットイン。今週末の両レースをノーポイントで終えた。\n \n\n ランキングとしては、キャシディが167ポイントでトップをキープ。2位には、チームメイトのミッチ・エバンスとポルシェのパスカル・ウェーレインが155ポイントで並び、トップとの差は25点から12点にまで縮まった。\n\n なお、ニッサン・フォーミュラEチームのオリバー・ローランドは今大会を病気を理由に欠場しており、リザーブドライバーのカイオ・コレが出場。サッシャ・フェネストラズはレース1＝15位／レース2＝18位、コレはレース1＝18位／レース2＝16位という結果となっている。\n\n これで、シーズン10の残るレースはあと1ラウンドとなった。最終戦は、イギリス・ロンドンを舞台にダブルヘッダーレースを行う第15／16戦ロンドンE-Prix。いよいよ年間王者が決まる一戦は、7月20日（土）と21日（日）に開催される予定だ。\n\n■第13／14戦リザルト、各ランキング\n■2023／24年フォーミュラE第13戦ポートランドE-Prix 順位結果\nPos.／No.／Driver／Team／Time／Gaps／Grid\n1／13／A.F.ダ・コスタ／タグ・ホイヤー・ポルシェ・フォーミュラEチーム／34’00.097／4\n2／4／R.フラインス／エンビジョン・レーシング／0’00.415／3\n3／25／J-E.ベルニュ／DSペンスキー／0’01.440／14\n4／48／E.モルタラ／マヒンドラ・レーシング／0’01.701／6\n5／51／N.ミューラー／ABTクプラフォーミュラEチーム／0’02.086／7\n6／1／J.デニス／アンドレッティ・フォーミュラE／0’02.634／9\n7／8／S.バード／ネオム・マクラーレン・フォーミュラEチーム／0’02.858／19\n8／9／M.エバンス／ジャガーTCSレーシング／0’04.507／1\n9／2／S.バンドーン／DSペンスキー／0’05.183／16\n10／94／P.ウェーレイン／タグ・ホイヤー・ポルシェ・フォーミュラEチーム／0’05.653／8\n11／11／L.ディ・グラッシ／ABTクプラフォーミュラEチーム／0’06.325／12\n12／21／N.デ・フリース／マヒンドラ・レーシング／0’06.477／20\n13／17／N.ナト／アンドレッティ・フォーミュラE／0’06.487／11\n14／3／S.セッテ・カマラ／ERTフォーミュラEチーム／0’06.857／21\n15／23／S.フェネストラズ／ニッサン・フォーミュラEチーム／0’08.686／15\n16／18／J.ダルバラ／マセラティMSGレーシング／0’14.031／18\n17／33／D.ティクトゥム／ERTフォーミュラEチーム／0’14.186／5\n18／22／C.コレ／ニッサン・フォーミュラEチーム／0’15.005／13\n19／37／N.キャシディ／ジャガーTCSレーシング／0’15.445／10\n20／16／S.ブエミ／エンビジョン・レーシング／0’58.409／22\n21／5／J.ヒューズ／ネオム・マクラーレン・フォーミュラEチーム／1Lap／2\n0／7／M.ギュンター／マセラティMSGレーシング／DNF／17\n\n\n■2023／24年フォーミュラE第14戦ポートランドE-Prix 順位結果\nPos.／No.／Driver／Team／Time／Gaps／Grid\n1／13／A.F.ダ・コスタ／タグ・ホイヤー・ポルシェ・フォーミュラEチーム／36’21.519／2\n2／4／R.フラインス／エンビジョン・レーシング／0’00.332／4\n3／9／M.エバンス／ジャガーTCSレーシング／0’03.194／11\n4／94／P.ウェーレイン／タグ・ホイヤー・ポルシェ・フォーミュラEチーム／0’03.262／7\n5／25／J-E.ベルニュ／DSペンスキー／0’03.683／1\n6／51／N.ミューラー／ABTクプラフォーミュラEチーム／0’03.785／13\n7／17／N.ナト／アンドレッティ・フォーミュラE／0’04.887／20\n8／7／M.ギュンター／マセラティMSGレーシング／0’05.692／21\n9／16／S.ブエミ／エンビジョン・レーシング／0’06.250／17\n10／1／J.デニス／アンドレッティ・フォーミュラE／0’06.840／18\n11／2／S.バンドーン／DSペンスキー／0’07.490／10\n12／18／J.ダルバラ／マセラティMSGレーシング／0’07.928／9\n13／37／N.キャシディ／ジャガーTCSレーシング／0’08.078／6\n14／3／S.セッテ・カマラ／ERTフォーミュラEチーム／0’10.044／16\n15／33／D.ティクトゥム／ERTフォーミュラEチーム／0’10.111／15\n16／22／C.コレ／ニッサン・フォーミュラEチーム／0’11.290／22\n17／11／L.ディ・グラッシ／ABTクプラフォーミュラEチーム／0’12.575／19\n18／23／S.フェネストラズ／ニッサン・フォーミュラEチーム／0’20.628／14\n0／48／E.モルタラ／マヒンドラ・レーシング／DNF／12\n0／8／S.バード／ネオム・マクラーレン・フォーミュラEチーム／DNF／3\n0／21／N.デ・フリース／マヒンドラ・レーシング／DNF／8\n0／5／J.ヒューズ／ネオム・マクラーレン・フォーミュラEチーム／DNF／5\n\n\n■2023／24年ドライバーズランキング（第14戦終了時点）\nPos.／No.／Driver／Team／Point\n1／37／ニック・キャシディ／ジャガーTCSレーシング／167\n2／9／ミッチ・エバンス／ジャガーTCSレーシング／155\n3／94／パスカル・ウェーレイン／タグ・ホイヤー・ポルシェ・フォーミュラEチーム／155\n4／13／アントニオ・フェリックス・ダ・コスタ／タグ・ホイヤー・ポルシェ・フォーミュラEチーム／134\n5／22／オリバー・ローランド／ニッサン・フォーミュラEチーム／131\n6／25／ジャン-エリック・ベルニュ／DSペンスキー／129\n7／1／ジェイク・デニス／アンドレッティ・フォーミュラE／122\n8／7／マキシミリアン・ギュンター／マセラティMSGレーシング／73\n9／4／ロビン・フラインス／エンビジョン・レーシング／60\n10／2／ストフェル・バンドーン／DSペンスキー／55\n11／5／ジェイク・ヒューズ／ネオム・マクラーレン・フォーミュラEチーム／46\n12／17／ノルマン・ナト／アンドレッティ・フォーミュラE／46\n13／8／サム・バード／ネオム・マクラーレン・フォーミュラEチーム／44\n14／51／ニコ・ミューラー／ABTクプラフォーミュラEチーム／36\n15／16／セバスチャン・ブエミ／エンビジョン・レーシング／26\n16／23／サッシャ・フェネストラズ／ニッサン・フォーミュラEチーム／26\n17／48／エドアルド・モルタラ／マヒンドラ・レーシング／19\n18／33／ダン・ティクトゥム／ERTフォーミュラEチーム／12\n19／3／セルジオ・セッテ・カマラ／ERTフォーミュラEチーム／11\n20／18／ユアン・ダルバラ／マセラティMSGレーシング／8\n21／21／ニック・デ・フリース／マヒンドラ・レーシング／6\n22／8／テイラー・バーナード／ネオム・マクラーレン・フォーミュラEチーム／5\n23／4／ジョエル・エリクソン／エンビジョン・レーシング／2\n24／11／ルーカス・ディ・グラッシ／ABTクプラフォーミュラEチーム／2\n25／51／ケルビン・ファン・デル・リンデ／ABTクプラフォーミュラEチーム／0\n26／21／ジョーダン・キング／マヒンドラ・レーシング／0\n27／16／ポール・アロン／エンビジョン・レーシング／0\n28／22／カイオ・コレ／ニッサン・フォーミュラEチーム／0\n\n\n■2023／24年フォーミュラE チームランキング（第14戦終了時点）\nPos.／Team／Point\n1／ジャガーTCSレーシング／322\n2／タグ・ホイヤー・ポルシェ・フォーミュラEチーム／289\n3／DSペンスキー／184\n4／アンドレッティ・フォーミュラE／168\n5／ニッサン・フォーミュラEチーム／157\n6／ネオム・マクラーレン・フォーミュラEチーム／95\n7／エンビジョン・レーシング／88\n8／マセラティMSGレーシング／81\n9／ABTクプラフォーミュラEチーム／38\n10／マヒンドラ・レーシング／25\n11／ERTフォーミュラEチーム／23\n\n\n■2023／24年フォーミュラE マニュファクチャラーズ・トロフィー（第14戦終了時点）\nPos.／Manufacturer／Point\n1／ポルシェ／407\n2／ジャガー／388\n3／ステランティス／247\n4／ニッサン／242\n5／マヒンドラ／63\n6／ERT／23\n\n\n[オートスポーツweb 2024年07月01日],['https://newsatcl-pctr.c.yimg.jp/t/amd-img/20240701-01098069-rcg-000-10-view.jpg?pri=l&w=640&h=426&exp=10800'],"['https://news.yahoo.co.jp/articles/44bd4be6f1fab2106d48a7d6c5e5d0874be38014/images/000', 'https://www.as-web.jp/overseas/1098069/attachment/nick-cassidy-jaguar-tcs-racing-jaguar-i-type-6-touches-the-grass']"
停止車両にスタックし勝利を失ったフェラーリ296 GT3「行き場はなかった」とピエール・グイディ／スパ24時間（オートスポーツweb）,https://news.yahoo.co.jp/articles/eda0dc86bebbe1d81977e6d97f34e6d81c8ef1ad,https://newsatcl-pctr.c.yimg.jp/t/amd-img/20240701-01098055-rcg-000-9-view.jpg?exp=10800,2024-07-01T12:14:45+09:00,2024-07-01T12:14:46+09:00,オートスポーツweb,rcg,オートスポーツweb,1878,\n終盤に1位を走行しながらもピット入口の停止車両にスタックしたことでポジションを落とした51号車フェラーリ296 GT3 2024スパ24時間\nフェラーリのファクトリードライバー、アレッサンドロ・ピエール・グイディは、クラウドストライク・スパ24時間の100周年記念レースにおける決定的瞬間を振り返り、ピット入口がGRTグラッサー・レーシング・チームの19号車ランボルギーニ・ウラカンGT3 EVO2によってブロックされていることを知っていれば、「（ピットインせずに）もう1周走れたかもしれない」と語った。\n【写真】2024年のスパ24時間レースを制したコムトゥーユー・レーシング7号車アストンマーティン・バンテージAMR GT3\nピエール・グイディがアレッシオ・ロベラ、ダビデ・リゴンとともにドライブしたAFコルセの51号車フェラーリ296 GT3は、6月29～30日にベルギーのスパ・フランコルシャンで行われた伝統の24時間レースで勝利に向かっているように見えたが、その挑戦は最終ピットストップの際に奇妙な形で崩壊した。\n\n テレビ映像には、当時ヒューゴ・クックが運転していたランボルギーニの19号車が、首位ピエール・グイディがレース最後の作業のためピットインした直後に、ピット入口で立ち往生して動かなくなっている様子が映っていた。24時間レースの残り49分というタイミングだった。\n\n クックが狭いピットロード入口を塞いでいたため、ピエール・グイディは追い越すことができず、ランボルギーニが牽引されて入口がクリアになるまでのおよそ1分を、停車して待たなければならなかった。 \n\n この遅れにより、フェラーリは4年ぶり2度目のスパ24時間レース優勝を逃したが、ピエール・グイディは最終的に優勝したコムトゥーユー・レーシング7号車アストンマーティン・バンテージAMR GT3に次ぐ2位にまで追い上げた。\n\n レース後、ピエール・グイディは、51号車がピット入口に近づいた時点では、自分もAFコルセのチームも停止車両に気付いていなかったと説明。最大スティントの長さが残っていたため、問題に気付いていれば、さらに1周走ることができていただろうと付け加えた。\n\n「実際、考えることはあまりなかったんだ」とピエール・グイディは語った。\n\n「スペースがあるかどうか探そうとしたが、なかった。真ん中に止まっていたし、トラックもいたし、オーガナイザーの車両もそのマシンを引っ張ろうとしていたので、行き場はなかった」\n\n「（チームの）みんなに、モニター画面の（レースコントロールからの）メッセージを見なかったかと聞いたけど、残念ながら誰も画面にメッセージを表示しなかった」\n\n「ピットレーンはブロックされていたけど、僕はそれを知らなかった。実際、僕はもう一周できたんだ」\n\n「運転時間は非常にタイトだったけど、それはできたはずだ」\n\n「ピットレーンがブロックされていると知らされていたら、ピットインはしなかっただろうし、レースに勝っていただろう」\n\n「『もしも』と『でも』を使うと、イタリア語では『どこにも行けない』と言うんだ。僕らはレースに負けた、それで終わりさ」\n\n 残り4時間を切ったところで、ピエール・グイディがアウトラップの7号車とダン・ハーパーのROWEレーシングの998号車BMW M4 GT3をパスしたことで、51号車フェラーリはトップに躍り出ていた。\n\n「チームは、接近しているからプッシュしてアンダーカットを狙うようにと言ってきたんだ」とピエール・グイディは振り返った。\n\n「なぜなら、通常スティントの終わりにはタイヤが劣化して、最初よりも遅くなるからだ。だからアウトラップと最初のコーナーで全力でプッシュした。ピット出口で追いつくには充分だった」\n\n「僕はオー・ルージュから全速力で彼らに接近し、彼らはピットアウトしたばかりだったから、レースをリードすることができた」\n\n「実際、オーバーテイクは非常に難しかったが、クリーンエアの状態ではペース管理が楽だったので、あそこで前に出られたことは良かった」\n\n「もちろん、クリーンエアではいつでも有利だ。ペースは少しだけ速かったが、それはクリーンエアのときだけだった」\n\n「追い越しが簡単だったかどうかは分からないが、こういったアンダーカットができたのは良かったね」 \n\n[オートスポーツweb 2024年07月01日],['https://newsatcl-pctr.c.yimg.jp/t/amd-img/20240701-01098055-rcg-000-9-view.jpg?pri=l&w=640&h=427&exp=10800'],"['https://news.yahoo.co.jp/articles/eda0dc86bebbe1d81977e6d97f34e6d81c8ef1ad/images/000', 'https://www.as-web.jp/sports-car/1097892/attachment/asimg_00_c666821255c79f0']"
ピット入口にまさかの停止車両。終盤にフェラーリを逆転したアストンマーティンが76年ぶりのスパ24時間制覇（オートスポーツweb）,https://news.yahoo.co.jp/articles/6487ed86db929c4f79aa7d18bc8fe3e8c12f9acc,https://newsatcl-pctr.c.yimg.jp/t/amd-img/20240701-01097892-rcg-000-13-view.jpg?exp=10800,2024-07-01T11:40:43+09:00,2024-07-01T12:17:32+09:00,オートスポーツweb,rcg,オートスポーツweb,2806,\n2024年のスパ24時間レースを制したコムトゥーユー・レーシング7号車アストンマーティン・バンテージAMR GT3\n6月29～30日、ベルギーのスパ・フランコルシャンでIGTCインターコンチネンタルGTチャレンジ第3戦およびGTワールドチャレンジ・ヨーロッパ第4戦を兼ねる『クラウドストライク・スパ24時間』レースの決勝が行われ、コムトゥーユー・レーシングの7号車アストンマーティン・バンテージAMR GT3がドラマチックな終盤を経て優勝を遂げた。\n【写真】フロント部分を損傷したチームWRTの46号車BMW M4 GT3\n7号車をドライブしたマティア・ドルーディ／マルコ・ソーレンセン／ニッキー・ティームの3名は、今年デビューした最新型のバンテージGT3にとって初めての24時間レース優勝をもたらすと当時に、アストンマーティンにとって1948年以来となるスパ24時間での優勝を記録することとなった。\n\n レースはスタートから7時間経過後に豪雨に見舞われるなどスパらしい展開となり、トラブルやクラッシュで有力車両が脱落するなか、最後の4時間を迎えてもなお、リードラップに13台の車両が残る接戦模様となった。\n\n 日曜の昼が近づき、最近舗装し直されたサーキットの路面が乾くと、AFコルセの51号車フェラーリ296 GT3（アレッサンドロ・ピエール・グイディ／ダビデ・リゴン／アレッシオ・ロベら）が勢いづく。ピエール・グイディは、残り3時間45分のところでアウトラップの2台を抜いて実質3番手から一気に首位へと浮上、優勝候補に踊り出た。\n\n 最後の1時間を迎えても、ピエール・グイディは2番手の7号車に対して30秒近いマージンを保っていたが、残り49分で迎えた最終ピットインで悲劇が。ピットロード入口でスタックし、動けなくなっていたGRTグラッサー・レーシングの19号車ランボルギーニ・ウラカンGT3 EVO2の横を通り抜けることができず、AFコルセの挑戦は崩れ去ることとなった。 \n\n 最終的にランボルギーニは牽引され、ピエール・グイディは最後のピットストップを行うことができたが、7号車アストンマーティン、ローヴェ・レーシングの998号車BMW M4 GT3、96号車ポルシェ911 GT3 Rらの先行を許し、5番手へと後退。その後、ピエール・グイディは2台をパスして3番手まで再浮上を果たした。\n\n さらに2番手を走行していた998号車のマックス・ヘッセが最大スティント時間超過を避けるためピットロードを走行したため、998号車は6番手へとポジションを下げた。これにより、51号車は2番手へとポジションを上げ、最後は首位アストンマーティンから33秒差でレースを終えた。\n\n ドリス・ファントール／シェルドン・ファン・デル・リンデ／シャルル・ウィーツ組のチームWRT32号車BMWは、14時間目にフルコースイエロー違反で30秒のタイムペナルティを受けたため後退したものの、最終的には3位に入った。\n\n レースの中間地点でリードしていたWRT BMWの両車は、最後まで首位に挑戦できず、残り5時間を切ったところでバレンティーノ・ロッシが3台が絡む事故を起こし、フロントボディワークが損傷したため、46号車は2周遅れとなった。\n\n さらに、レース序盤にロッシとリゴンの51号車フェラーリが接触したことでドライブスルーペナルティが課せられ、最後の4時間ではアンセーフリリースによる10秒間のストップ・アンド・ホールド・ペナルティも受けることになった。\n\n ワーケンホルスト・モータースポーツの34号車アストンマーティンは、51号車フェラーリとの接触で10秒のペナルティを受けた後も、GRTグラッサー・レーシングの163号車ランボルギーニを上回り、総合4位でフィニッシュした。\n\n 予選でポールポジションを獲得した163号車は、燃料リグの問題で序盤に総合トップ50から外れた後、追い上げたが、義務的な5分間のテクニカルピットストップにより再びリードラップから脱落することとなった。\n\n ヘッセ／ダン・ハーパー／アウグスト・ファーフスの998号車BMWは、終盤にピットレーンを走行した結果、6位でフィニッシュした。\n\n 7位は、ゴールドカップを制したアル・ファイサル・アル・ズバイル／ドミニク・バウマン／フィリップ・エリス／ミカエル・グレニエのアルマナー・レーシング・バイ・ゲットスピード777号車メルセデスAMG GT3 Evo。\n\n ブロンズクラスの栄誉は、アンドレイ・ムコボズ／アレクセイ・ネソフ／ディラン・ペレイラ／マックス・ホファーのトレゾール・アテンプト・レーシング66号車アウディR8 LMS GT3 Evo2が総合10位でフィニッシュしたことで獲得された。\n\n ゲットスピードはさらに、ヤニック・メトラー／ジェームズ・ケル／アンソニー・バートン／アーロン・ウォーカーの運転する3号車メルセデスAMGが、シルバークラスの栄誉もつかんでいる。\n\n 一方、プロ／アマクラスの優勝は、ジョージ・カーツ／コリン・ブラウン／ニッキー・キャツバーグ／イアン・ジェームズのクラウドストライク・バイ・ライリー4号車メルセデスの手に。ターボのトラブルで終盤に脱落したチームRJNの100号車マクラーレン720S GT3 Evoとのレース中ずっと続いた戦いの末の勝利となった。\n\n ポルシェの有力候補だったピュア・レクシングの911号車ポルシェ911 GT3 Rは、2番手を走っていた17時間目にクラッシュ。一方、ハブオートのエントリーは、パトリック・ピレがドライブしていたときにサスペンションが故障して早々にリタイアとなった。\n\n 有力チームがさまざまな問題によりリタイアしたため、メルセデスAMGのプロ・クラスのエントリーにとっては、忘れたいレースとなってしまった。\n\n パンクするまで最初の1時間をリードしていたルーカス・アウアーのチーム・マンフィルター48号車は、2回目のパンクでダニエル・モラドが順位を落とした後、多重車両事故に巻き込まれ、13時間目にリタイアした。\n\n グループMレーシングの猛攻は、GT3デビューのフレデリック・ベスティが夜間にランオフエリアに突入したため、スプリッターが破損して終了。一方、ゲットスピードの2号車は残り8時間でホイールを失い、大きなダメージを受けた。\n\n 一方、前回優勝者のローヴェE98号車BMWのフィリップ・エング／ニック・イェロリー／マルコ・ウィットマン組は、水圧の問題により、わずか71周を走行しただけでリタイアを喫している。\n\n[オートスポーツweb 2024年07月01日],['https://newsatcl-pctr.c.yimg.jp/t/amd-img/20240701-01097892-rcg-000-13-view.jpg?pri=l&w=640&h=427&exp=10800'],"['https://news.yahoo.co.jp/articles/6487ed86db929c4f79aa7d18bc8fe3e8c12f9acc/images/000', 'https://www.as-web.jp/sports-car/1097892/attachment/asimg_46_ee6682152d9266d']"
最終盤に優勝争いから転落。ミケルセン「バンクを効果的に使っていたが、運が悪かった」／WRCコメント（オートスポーツweb）,https://news.yahoo.co.jp/articles/da1de1a712a5eb5ccc2a0037d66f3abf98c13934,https://newsatcl-pctr.c.yimg.jp/t/amd-img/20240701-01097973-rcg-000-5-view.jpg?exp=10800,2024-07-01T11:43:52+09:00,2024-07-01T11:43:53+09:00,オートスポーツweb,rcg,オートスポーツweb,3302,\n2024年WRC第7戦ラリー・ポーランド アンドレアス・ミケルセン／トルステイン・エリクセン組（ヒョンデi20 Nラリー1）\n6月30日（日）、2024年WRC世界ラリー選手権第7戦『ラリー・ポーランド』の競技最終日となるデイ4が行われ、TOYOTA GAZOO Racingワールドラリーチーム（TGR-WRT）のカッレ・ロバンペラ／ヨンネ・ハルットゥネン組（トヨタGRヤリス・ラリー1）が総合優勝を飾った。また、日本人ラリードライバーの勝田貴元（トヨタGRヤリス・ラリー1）は、総合8位で大会を終えている。\n【写真】最終日のタイヤバーストまで優勝を争ったアンドレアス・ミケルセン（ヒョンデi20 Nラリー1）\nそして、2024年シーズンから新たにポイント付与の対象となった日曜日のみの総合順位“スーパーサンデー”では、ヒョンデ・シェル・モービスWRTのオット・タナク／マルティン・ヤルヴェオヤ組（ヒョンデi20 Nラリー1）が首位となった。そんなラリー・ポーランドを終えた各陣営から、ドライバーたちの声が届いている。\n\n■Mスポーツ・フォードWRT\n●アドリアン・フルモー（\n＃16\nフォード・プーマ・ラリー1）／総合3位\n「ポーランドでの初めてのラリーは本当に楽しかった！ここのステージはとても素晴らしく、信じられないほど速かった。自分たちが見せたペースには本当に満足している」\n\n「3つの高速グラベル（未舗装路）ラリーの最初のラウンドで表彰台を獲得できたことは、本当に励みになるので次のラトビアとフィンランドが楽しみだ。今年はすでに3位を3回獲得しているので、次はトップ2を獲得することが目標だ」\n\n●グレゴワール・ミュンスター（\n＃13\nフォード・プーマ・ラリー1）／総合7位\n「自分たちのペースにはかなり満足しているし、SS4では2番手のタイムで自己ベストのステージ結果を出すことができた。最速タイムとの差が縮まったので、一歩前進だ」\n\n「今週末は多くのことを学び、それをラリー・ラトビアに持ち込むつもりだ。そこでは出走順を生かして好結果を出せるよう努力していくよ」\n\n「また、僕たちは勝田貴元を抑え込むことに成功した。彼は我々よりもはるかに経験豊富なドライバーで、このタイプのラリーではいつもは好成績を収めている。パワーステージでは数秒差でポイントを逃しもしたが、全体的にこの週末には満足している」\n\n●マルティン・セスク（\n＃22\nフォード・プーマ・ラリー1）／総合5位\n「素晴らしい週末だった。初めての経験はどれもとても特別なもので、この機会を与えてくれたMスポーツ、WRCプロモーター、ラリー・ラトビア、そして僕たちのパートナーに心から感謝している。5位でフィニッシュできるとは思っていなかった。でも僕はこの積極的な学びの一瞬一瞬を楽しんだ」\n\n■ヒョンデ・シェル・モービスWRT\n●ティエリー・ヌービル（\n＃11\nヒョンデi20 Nラリー1）／総合4位\n「任務は達成した。このイベントが自分たちにとって難しいものになることは分かっていたが、モチベーションは高く保っていたよ」\n\n「金曜日は一番に出走し、土曜日はコンディションが良くなかったことを考えれば、自分たちが快適に走れるレベル以上にプッシュする理由はなかった。セッティングに取り組むチャンスはなかったので、自分の直感に従ってパワーステージに向けて激しくプッシュしなければならなかった」\n\n「自分たちが取れるリスクと必要なスピードのバランスを取っていたけど、最終的には多くのポイントを獲得できたので、これから何が起こるのか楽しみにしている」\n\n●オット・タナク（\n＃8\nヒョンデi20 Nラリー1）／総合39位\n「今日はできることはすべてやったけれど、僕たちの週末があんなに早く終わり、どの順位につけるか分からなかったのは、もちろんとても残念だ」\n\n「僕たちには競争するだけのペースがあったし、マシンのフィーリングも良く、順調に感じていたから、土台はあると確信している。過去2日間の出走順のせいで、明らかに結論を出すのが難しくなった。今からラトビアまでの間に少しずつ改善し、どのようにしていくか考えないといけない」\n\n●アンドレアス・ミケルセン（\n＃9\nヒョンデi20 Nラリー1）／総合6位\n「この週末には多くのポジティブな収穫がある。タイヤがリムから外れなければ、カッレ（・ロバンペラ）にプレッシャーをかけ続け、表彰台を争うことができたと思う」\n\n「このラリーでは、コーナーでスピードを維持するのにバンクを効果的に使っていたので、少し運が悪かったように感じたが、これが現実だ。あとはマシンをフィニッシュまで進め、チームのポイントを獲得するだけだった」\n\n■TOYOTA GAZOO Racing WRT\n●エルフィン・エバンス（\n＃33\nトヨタGRヤリス・ラリー1）／総合2位\n「自分たちの最終的な総合順位には満足している。日曜日のポイントは、前日までと同じくらい重要で、今日はできるだけ多く獲得しようと頑張った」\n\n「すべて順調だったが、残念ながら最後のパワーステージでパンクを喫してしまった。コーナリングライン上に石があり、私たちにできることはあまりなかったと思う。失ったタイムはほんの数秒だったが、このポイントシステムでは、このような小さな問題でも大きな損失に繋がってしまうんだ」\n\n「このようなかたちでラリーを終えるのは残念だが、今週末のスピードは悪くなかった。金曜日は出走順を考えれば良い走りで、土曜日もタイヤの問題が起こるまでは順調だった」\n\n「これまでのラリーよりも、クルマのフィーリングが格段に良くなっているのは間違いない。この調子で、今回ここで学んだことを活かし、次のラトビアで良い結果を残せるように頑張りたい」\n\n●カッレ・ロバンペラ（\n＃69\nトヨタGRヤリス・ラリー1）／総合優勝\n「とても素晴らしい一週間であり、同時に非常に厳しい一週間でもあった。ハードに仕事をこなしてきたので、今は非常に疲れている。準備期間が限られていたので、つねにプッシュし続けなくてはならない、このようなハイスピードラリーは楽ではなかった」\n\n「限られたスケジュールのなかでつねに作業を行い、事前に決めた計画に従ってステージを走り、自分たちにできる限りのことをやったことが、最終的に報われたよ」\n\n「日曜日は、走行距離が長くテクニカルなステージもある重要な一日だった。自分たちは昨日と同じようなペースで走り、勝つために十分安全を確保しながらも、さらに多くのポイントを獲得しようと試みた」\n\n「そして、 フィニッシュではチームのために多くのポイントを獲得することができた。火曜日にチームから連絡を受けた時、そうすることが自分たちの目標だったので、ポーランドに出場したのは正解だったと思う」\n\n●勝田貴元（\n＃18\nトヨタGRヤリス・ラリー1）／総合8位\n「この結果を勝ち取ったカッレ（・ロバンペラ）、ヨンネ（・ハルットゥネン）、そしてチーム全員を祝福します」\n\n「自分にとっては困難なラリーでした。金曜日の午前中にかなり苦戦し、それが土曜日と日曜日の出走順を悪くすることに繋がってしまいました。最終日にできることは限られており、チームのために望んでいたような良い結果を出すのは難しかったです」\n\n「ただし、それと同時に、このようなコンディションでうまくドライブする方法について多くを学ぶことができました。うまく走ることができたり、良いフィーリングを得られた区間もあったので、ラトビアで開催される次のラリーでは、それを活かすとともに、あまり良くなかった部分を改善し、さらに良い走りができるように頑張ります」\n\n[オートスポーツweb 2024年07月01日],['https://newsatcl-pctr.c.yimg.jp/t/amd-img/20240701-01097973-rcg-000-5-view.jpg?pri=l&w=640&h=426&exp=10800'],"['https://news.yahoo.co.jp/articles/da1de1a712a5eb5ccc2a0037d66f3abf98c13934/images/000', 'https://www.as-web.jp/rally/1097973/attachment/asimg_2024poland_fd_-218_c766821513c8f4a']"
接触リタイアにノリス「あれ以上どうしようもできない」。ピアストリは2位表彰台にもがっかり／F1オーストリアGP決勝（オートスポーツweb）,https://news.yahoo.co.jp/articles/84f601e10edb405c95b85d3359295457cb865c41,https://newsatcl-pctr.c.yimg.jp/t/amd-img/20240701-01097863-rcg-000-6-view.jpg?exp=10800,2024-07-01T09:35:56+09:00,2024-07-01T10:44:02+09:00,オートスポーツweb,rcg,オートスポーツweb,1623,\n65周目のアクシデントで右リヤタイヤとマシンにダメージを負ったランド・ノリス（マクラーレン）は今季初のリタイアを喫した。 2024年F1第11戦オーストリアGP\nレッドブルリンクで行われた2024年シーズン3度目のスプリントで、ふたりのドライバーを表彰台に送り込んだマクラーレン。この名門チームは、6月30日に実施されたF1オーストリアGPの決勝でその再現を狙い見事、オスカー・ピアストリが2位を獲得した。一方、レッドブルのマックス・フェルスタッペンと優勝争いを繰り広げたランド・ノリスは、接触ののちリタイア（20位完走扱い）に終わった。\n【動画】優勝を争うフェルスタッペンとノリスが接触\n自身4度目となるポディウムフィニッシュを飾ったピアストリは、予選でのトラックリミット違反により3番手のポジションを失い7番手から決勝レースに臨んだ。スタート直後、彼はターン1でシャルル・ルクレール（フェラーリ）と接触しながらも順位をキープ。序盤のうちにターン6でセルジオ・ペレス（レッドブル）をかわして6番手に浮上した。\n\n レース後半の51周目、2度目のピットストップでハードタイヤからミディアムタイヤに戻したピアストリは5番手となる。同じラップにピットインしたチームメイトのノリスは、スタートから一貫して“ターゲット”としてきたフェルスタッペンとのギャップを縮め、バトルに持ち込む。\n\n 終盤の65周目、ターン3で首位フェルスタッペンと2番手ノリスが接触。フェルスタッペンは左リヤタイヤがパンクしただけだったが、ノリスは右リヤタイヤに加えマシンにもダメージを受けており、ここでリタイアとなってしまった。ノリスのリタイアは今シーズン初めてだ。\n\n 一方、トップ2が脱落したことで3番手に順位を上げたピアストリは、先行するカルロス・サインツ（フェラーリ）をコース上で攻略して2番手に。さらに、トップに立ったジョージ・ラッセル（メルセデス）を追いかけたが周回数が足りず、最終的に2位でレースを終えることとなった。\n\n■オスカー・ピアストリ（マクラーレン）\n決勝＝2位（71周／71周）\n7番グリッド／タイヤ：ミディアム→ハード→ミディアム\n\n「F1での表彰台はこれで4度目だ。だけど、初優勝まであと少しだったのは、ちょっぴり痛かったね！」\n\n「もちろん、とてもいいポジションだしポイントを稼ぐことができた。レース後半はとても力強い走りができたから、全体的には表彰台に上がれたことに満足している。ただ、これだけ（トップと）近いとがっかりせずにはいられないのも正直なところだ」\n\n「来週はシルバーストンに行くことになるが、あのコースではいつも楽しんでいるし、昨年のグランプリの良い思い出がある。チームにとってはホームレースだし、もう一度トップグループに食い込めることを願っているよ」\n\n■ランド・ノリス（マクラーレン）\n決勝＝20位（64周／71周）\n2番グリッド／タイヤ：ミディアム→ハード→ミディアム\n\n「タフなレースだった！ 前半はペースがつかめなくて苦労したが、最終スティントではペースが上がり非常に力強い走りができた」\n\n「優勝を狙って、接触を避けようとしながら何度もトライしたのだけど、悔しいことにマックス（・フェルスタッペン）にぶつけられてしまい、その時点で僕のレースは早めに終わってしまった。あれ以上はどうしようもできなかったよ」\n\n「今週末、チームは本当に素晴らしい仕事をしてくれた。おかげで接触するまではとても強力なレースができた」\n\n「残念だし痛いけど、次に進むしかない。シルバーストンで、地元のファンの前でレースをするのが楽しみだ。トリプルヘッダーを最高のかたちで終えるために、また力強い結果を目指して戦うつもりだ」\n\n[オートスポーツweb 2024年07月01日],['https://newsatcl-pctr.c.yimg.jp/t/amd-img/20240701-01097863-rcg-000-6-view.jpg?pri=l&w=640&h=426&exp=10800'],"['https://news.yahoo.co.jp/articles/84f601e10edb405c95b85d3359295457cb865c41/images/000', 'https://www.as-web.jp/f1/1097863/attachment/asimg_xpb_1290493_hires_816681f788de7c0']"
【角田裕毅F1第11戦分析】コース内外のミスとハードタイヤに苦戦し入賞ならず。不適切発言への反省など「学び」の多かった週末（オートスポーツweb）,https://news.yahoo.co.jp/articles/f22f00deda37857497a2abb327e8a0793428e191,https://newsatcl-pctr.c.yimg.jp/t/amd-img/20240701-01097812-rcg-000-9-view.jpg?exp=10800,2024-07-01T12:00:04+09:00,2024-07-01T12:01:40+09:00,オートスポーツweb,rcg,オートスポーツweb,1484,\n2024年F1第11戦オーストリアGP 角田裕毅（RB）\n2024年F1第11戦オーストリアGPの予選後、角田裕毅（RB）がスチュワード（審議委員会）に召喚された。\n【正式結果】2024年F1第11戦オーストリアGP決勝\n予選Q1でピットアウトした際、目の前に周冠宇（キック・ザウバー）が割り込んできたことに対して、無線で「不適切な言葉」を口にしたからだ。角田から事情を聞いた後、スチュワードは角田に対して、一部執行猶予付きながらも罰金4万ユーロ（約690万円）を科す裁定を下した。\n\n その後、角田は自身のソーシャルメディアで次のように反省の弁を綴った。\n\n「今日の無線で僕が言ったことをお詫びします。明らかに意図的に使ったわけではなく、自分でもその正確な意味を完全に誤解していました。いまはこの言葉の意味をよりよく理解しています。このような言葉は場違いであり、決して許されるものではありません。自分の発言について反省しています」 \n\n こうして迎えた日曜決勝日、サーキット入りした角田はファンとの交流を楽しみながらパドックへ。数時間後に始まる決勝レースに向けて集中力を高めていった。この日のレッドブルリンクは、前日までと同様、青空が広がり、真夏のようなコンディション。厳しいレースになることが予想された。\n\n スタートでポジションを奪われたフェルナンド・アロンソ（アストンマーティン）を2周目の1コーナーで抜いた角田。チームメイトのダニエル・リカルドに続く、13番手というポイントが狙える位置でレースを進めていった。\n\n「最初のスティントは悪くなかったんですけど、1回目のピットストップを終えた後の第2スティントが、ちょっと……」\n\n RBは2台で戦略を分け、早めにピットインしたリカルドに対して、角田はアルピーヌ勢を追って、スタート時に履いたミディアムタイヤのまま、トップ10内を走行していた。\n\n 21周目にピットインした角田は、ここでハードタイヤに交換してピットを出ていったのだが、このハードタイヤでのペースが期待していたものではなかった。\n\n 2回目のピットストップのタイミングが遅かった？\n\n「（2回目のピットストップは）もう少し、早くても良かったと思います」\n\n 角田は、そう振り返った。\n\n 44周目にピットインした角田がコースに復帰すると、ポジションは1周目よりも悪い16番手へと後退してしまった。挽回を図りたかった角田は、第3スティントでもペースが上がらず、15位でフィニッシュした。\n\n 角田はポイントを獲得できなかったものの、チームメイトのリカルドが9位でフィニッシュ。チーム一丸となってスペインGPの不調から脱しようとしていたチームの入賞を喜んでいた。\n\n「今日のレースでダニエル（・リカルド）がいい仕事をしてくれたことは確かで、チームとして最終的にいいかたちで締めくくることができました。今後のレースに向けて、チームとして取るべき方向性がより理解できたことは良かったです」\n\n その一方で、コースの内外でミスを犯した自分に対してはこう戒めた。\n\n「今週末はいろいろと学ぶことが多く、自分の最大限のパフォーマンスを出すことができなかった部分もあったので、そのことは今後に向けて修正していきたいと思います」\n\n 5日後、イギリスGPの舞台シルバーストン・サーキットで強くなった角田と再会できることを期待したい。\n\n[オートスポーツweb 2024年07月01日],['https://newsatcl-pctr.c.yimg.jp/t/amd-img/20240701-01097812-rcg-000-9-view.jpg?pri=l&w=640&h=426&exp=10800'],"['https://news.yahoo.co.jp/articles/f22f00deda37857497a2abb327e8a0793428e191/images/000', 'https://www.as-web.jp/f1/1097630']"
オジエ欠場の急展開から1-2制覇。豊田章男会長「嬉しい想定外をありがとう！」／WRCポーランド後コメント全文（オートスポーツweb）,https://news.yahoo.co.jp/articles/3b74db023e256ab2df05dd94c33d488cf1f38a1b,https://newsatcl-pctr.c.yimg.jp/t/amd-img/20240701-01097933-rcg-000-7-view.jpg?exp=10800,2024-07-01T10:15:22+09:00,2024-07-01T11:44:45+09:00,オートスポーツweb,rcg,オートスポーツweb,1708,\n2024年WRC第7戦ラリー・ポーランド カッレ・ロバンペラ／ヨンネ・ハルットゥネン組（トヨタGRヤリス・ラリー1）\n6月27日（木）から30日（日）にかけて、東欧ポーランドにて2024年WRC世界ラリー選手権第7戦『ラリー・ポーランド』が行われ、TOYOTA GAZOO Racingワールドラリーチーム（TGR-WRT）からは3台のトヨタGRヤリス・ラリー1が出走し、急きょ代役として出走したカッレ・ロバンペラ／ヨンネ・ハルットゥネン組（69号車）が総合優勝を飾った。\n【最終日レポート】“代役”ロバンペラ組が圧巻の総合優勝。エバンスが2位表彰台でトヨタ1-2／WRCポーランド\nエルフィン・エバンス／スコット・マーティン組（33号車）も2位表彰台を獲得し、TGR-WRTはワン・ツーフィニッシュを達成。勝田貴元／アーロン・ジョンストン組（18号車）も、大会前半は苦戦しつつも日曜日にペースを上げ、総合8位でフィニッシュ。合計で6ポイントを手にしている。\n\n 今大会では、“レッキ”と呼ばれるラリー開始前のステージの下見走行中に、17号車のクルーとしてエントリーしていたセバスチャン・オジエ／ヴァンサン・ランデ組が一般車両との交通事故に見舞われるトラブルがあった。\n\n そこから、チームは急きょロバンペラ組に代役出場を打診。こうして出走したロバンペラ組69号車は、限られた時間のなかで準備を進めた。大会開始後には、デイ3にアンドレアス・ミケルセン（ヒョンデi20 Nラリー1）との首位争いを制して総合首位に浮上し、リードを保って見事今季2勝目を飾った。\n\n TGR-WRTの豊田章男会長は、残念ながら欠場となったオジエ組と急な代役を務めあげたロバンペラ組にメッセージを送っている。WRCラリー・ポーランド後のコメント全文は以下のとおりだ。\n\n＊ ＊ ＊ ＊ ＊ ＊ ＊\n\n今回のラリーではレッキ中の事故により17号車 オジエ組が急遽欠場となりました。オジエ、ランデ両選手を含め事故に関わった全員がすでに退院していること、改めて私からも報告いたします。\n\nオジエ選手とランデ選手の走りを楽しみにされていたファンの皆さまには大変残念な思いをさせてしまいました。ポーランドでのWRC開催はトヨタ再参戦の2017年以来です。セブがポーランドの道をトヨタのクルマで走るとどうなるのか？私もとても楽しみにしていたので、欠場の知らせは本当に残念でした。ふたりにはまた違う道で、私たちファンがワクワクするような走りを見せてもらいたいと思います。\n\n一方、チームからの急なお願いにも関わらず、「チームをサポートしたい」という思いで走ってくれたカッレとヨンネに心から感謝しています。「優勝を期待しているわけではない…」「少しでもチームの助けになってくれれば…」とヤリ-マティからも伝えられていたはずが、まさかの優勝。短い時間で最大限の準備をしてくれて、結果を残してくれたふたりには本当に驚かされました。カッレ、ヨンネ、嬉しい想定外をありがとう！\n\n17号車から69号車への急転換も簡単なことではなかったと思います。それを成し遂げてくれたチームメンバーにも感謝しています。みんな、ありがとう！\n\nそして、エルフィンとスコット、貴重な2位をありがとう！ふたりのおかげでTOYOTA GAZOO Racingはワン・ツーフィニッシュを飾れました。シーズンの折り返し地点となるこのラリーでワン・ツーフィニッシュを飾れたこと、マニュファクチャラーズタイトルに向けて大きな意味があると思っています。そして、エルフィンとスコットにとっても大きな意味のある2位だったはず。エルフィンとスコットはホームラリーに強い！ふたつのホームラリーを含むシーズン後半戦も期待しています！\n\nシーズン後半戦もチームみんなで力を合わせて戦っていきましょう！\n \nTOYOTA GAZOO Racing World Rally Team会長\n豊田 章男\n\n\n[オートスポーツweb 2024年07月01日],['https://newsatcl-pctr.c.yimg.jp/t/amd-img/20240701-01097933-rcg-000-7-view.jpg?pri=l&w=640&h=426&exp=10800'],"['https://news.yahoo.co.jp/articles/3b74db023e256ab2df05dd94c33d488cf1f38a1b/images/000', 'https://www.as-web.jp/rally/1097608/attachment/asimg_rovanpera07pol24mj606_99668145f4f38bf']"
アルピーヌ育成ツォロフとウイリアムズ育成ブラウニングが優勝分ける【正式結果／FIA F3第6戦シュピールベルク】（オートスポーツweb）,https://news.yahoo.co.jp/articles/0c2d94875da894563ae7226a03324c1f07b8a5be,https://newsatcl-pctr.c.yimg.jp/t/amd-img/20240701-01097303-rcg-000-11-view.jpg?exp=10800,2024-07-01T09:00:59+09:00,2024-07-01T09:01:00+09:00,オートスポーツweb,rcg,オートスポーツweb,2739,\n2024年FIA F3第6戦シュピールベルク フィーチャーレースを制したルーク・ブラウニング（ハイテック・パルスエイト／ウイリアムズ育成）\n5月28～30日、2024年のFIA F3第6戦がオーストリアのシュタイアーマルク州シュピールベルクに位置するレッドブルリンクで開催され、スプリントレースではニコラ・ツォロフ（ARTグランプリ／アルピーヌ育成）が今季2勝目を飾った。フィーチャーレースではルーク・ブラウニング（ハイテック・パルスエイト／ウイリアムズ育成）がこちらも今季2勝目を飾っている。\n\n■2024年FIA F3第6戦シュピールベルク\nスプリントレース正式結果\nPos.／No.／Driver／Team／Time/Gap\n1／25／N.ツォロフ／ARTグランプリ／34’24.710\n2／15／M.ステンスホーン／ハイテック・パルスエイト／0.673\n3／23／C.マンセル／ARTグランプリ／1.244\n4／9／A.ダン／MPモータースポーツ／1.647\n5／24／L.ファン・ホーペン／ARTグランプリ／3.168\n6／2／G.ミニ／プレマ・レーシング／3.496\n7／10／O.ゲーテ／カンポス・レーシング／3.751\n8／7／T.トラムニッツ／MPモータースポーツ／4.053\n9／20／N.レオン／ファン・アメルスフォールト・レーシング／4.498\n10／5／S.メゲトゥニフ／トライデント／4.886\n11／14／L.ブラウニング／ハイテック・パルスエイト／5.258\n12／4／L.フォルナローリ／トライデント／6.118\n13／27／N.ベドリン／AIXレーシング／7.077\n14／29／C.ヴォワシン／ロダン・モータースポーツ／7.634\n15／1／D.ベガノビッチ／プレマ・レーシング／7.690\n16／16／C.シールズ／ハイテック・パルスエイト／8.318\n17／19／M.ザガゼタ／イェンツァー・モータースポーツ／8.617\n18／18／M.エスターソン／イェンツァー・モータースポーツ／8.726\n19／31／J.ローク／ロダン・モータースポーツ／9.162\n20／17／C.ブルツ／イェンツァー・モータースポーツ／9.519\n21／22／T.スミス／ファン・アメルスフォールト・レーシング／9.811\n22／12／M.ボヤ／カンポス・レーシング／10.759\n23／30／P.ウィスニッキ／ロダン・モータースポーツ／10.976\n24／6／S.ラモス／トライデント／11.094\n25／28／J.デュフェク／AIXレーシング／11.350\n26／21／S.フローシュ／ファン・アメルスフォールト・レーシング／11.767\n27／26／T.イントラフヴァサク／AIXレーシング／20.645\n-／3／A.リンブラッド／プレマ・レーシング／DNF\n-／11／S.モントーヤ／カンポス・レーシング／DNF\n-／8／K.シュトゥカ／MPモータースポーツ／DNF\n\n・ファステストラップ：\n#25\nニコラ・ツォロフ（ARTグランプリ／アルピーヌ育成）1分23秒420（7/21）186.343km/h\n\n\n■2024年FIA F3第6戦シュピールベルク\nフィーチャーレース正式結果\nPos.／No.／Driver／Team／Time/Gap\n1／14／L.ブラウニング／ハイテック・パルスエイト／37’22.286\n2／2／G.ミニ／プレマ・レーシング／1.685\n3／1／D.ベガノビッチ／プレマ・レーシング／2.154\n4／23／C.マンセル／ARTグランプリ／2.568\n5／10／O.ゲーテ／カンポス・レーシング／8.172\n6／25／N.ツォロフ／ARTグランプリ／7.103\n7／3／A.リンブラッド／プレマ・レーシング／7.803\n8／24／L.ファン・ホーペン／ARTグランプリ／9.912\n9／4／L.フォルナローリ／トライデント／10.280\n10／9／A.ダン／MPモータースポーツ／13.453\n11／21／S.フローシュ／ファン・アメルスフォールト・レーシング／13.877\n12／15／M.ステンスホーン／ハイテック・パルスエイト／14.097\n13／6／S.ラモス／トライデント／14.568\n14／19／M.ザガゼタ／イェンツァー・モータースポーツ／17.918\n15／7／T.トラムニッツ／MPモータースポーツ／18.356\n16／8／K.シュトゥカ／MPモータースポーツ／21.323\n17／18／M.エスターソン／イェンツァー・モータースポーツ／22.259\n18／12／M.ボヤ／カンポス・レーシング／28.984\n19／30／P.ウィスニッキ／ロダン・モータースポーツ／30.121\n20／5／S.メゲトゥニフ／トライデント／33.932\n21／16／C.シールズ／ハイテック・パルスエイト／38.975\n22／22／T.スミス／ファン・アメルスフォールト・レーシング／41.837\n23／20／N.レオン／ファン・アメルスフォールト・レーシング／47.633\n24／31／J.ローク／ロダン・モータースポーツ／60.601\n25／29／C.ヴォワシン／ロダン・モータースポーツ／76.678\n26／26／T.イントラフヴァサク／AIXレーシング／82.062\n27／17／C.ブルツ／イェンツァー・モータースポーツ／1Lap\n-／27／N.ベドリン／AIXレーシング／DNF\n-／28／J.デュフェク／AIXレーシング／DNF\n-／11／S.モントーヤ／カンポス・レーシング／DNF\n\n・ファステストラップ（全体）：\n#30\nピョートル・ウィスニッキ（ロダン・モータースポーツ）1分23秒359（3/26）186.480km/h\n・ファステストラップ（得点対象）：\n#24\nローレンス・ファン・ホーペン（ARTグランプリ）1分23秒647（5/26）185.838km/h\n・ ペナルティ：\n#5\n、\n#16\n、\n#15\n、\n#22\n、\n#12\n：5秒タイムペナルティ／トラックリミット違反4回超過\n#5\n、\n#16\n：5秒タイムペナルティ／トラックリミット違反5回超過\n#5\n、\n#16\n：5秒タイムペナルティ／トラックリミット違反6回超過\n\n[オートスポーツweb 2024年07月01日],['https://newsatcl-pctr.c.yimg.jp/t/amd-img/20240701-01097303-rcg-000-11-view.jpg?pri=l&w=640&h=427&exp=10800'],['https://news.yahoo.co.jp/articles/0c2d94875da894563ae7226a03324c1f07b8a5be/images/000']
WRC『69』戦目で劇的勝利の“スーパーサブ”ロバンペラ。ぶっつけ本番で出走も王者の貫禄見せる（オートスポーツweb）,https://news.yahoo.co.jp/articles/25258e5240f0d6fe91d2b99ed69f73fea05afb0c,https://newsatcl-pctr.c.yimg.jp/t/amd-img/20240701-01097875-rcg-000-9-view.jpg?exp=10800,2024-07-01T08:27:21+09:00,2024-07-01T11:44:35+09:00,オートスポーツweb,rcg,オートスポーツweb,2222,\n2024年WRC第7戦ラリー・ポーランド カッレ・ロバンペラ（トヨタGRヤリス・ラリー1）\n6月27日（木）から30日（日）にかけて、東欧ポーランドにて2024年WRC世界ラリー選手権第7戦『ラリー・ポーランド』が行われ、TOYOTA GAZOO Racingワールドラリーチーム（TGR-WRT）からは3台のトヨタGRヤリス・ラリー1が出走し、急きょ代役として出走したカッレ・ロバンペラ／ヨンネ・ハルットゥネン組（69号車）が総合優勝を飾った。\n【写真】ヤリ-マティ・ラトバラ代表にシャンパンをかけるカッレ・ロバンペラ（トヨタGRヤリス・ラリー1）\nエルフィン・エバンス／スコット・マーティン組（33号車）も2位表彰台を獲得し、TGR-WRTはワン・ツーフィニッシュを達成。勝田貴元／アーロン・ジョンストン組（18号車）も、大会前半は苦戦しつつも日曜日にペースを上げ、総合8位でフィニッシュ。合計で6ポイントを獲得している。\n\n 7年ぶりのWRC開催となった『ラリー・ポーランド』の最終日デイ4は、サービスパークの周辺から西側のエリアで2本のステージを各2回走行。4本のステージの合計距離は63.06km、リエゾン（公道区間）も含めた総距離は190.18kmだ。デイ4も天気は良く、4本のステージともドライコンディションでの戦いとなった。\n\n デイ3で総合首位に立ったロバンペラは、総合2番手のアンドレアス・ミケルセン（ヒョンデi20 Nラリー1）に9.4秒のリードで迎えたオープニングのSS16で2番手タイムを記録。\n\n そして、このステージでミケルセンがタイヤのトラブルにより大幅にタイムを失ったことにより、ロバンペラは大幅にリードを拡大。そして、3番手タイムを記録していたエバンスは総合2番手に順位を上げた。\n\n その後、SS18ではロバンペラが今大会9本目となるベストタイムを刻み、総合2番手エバンスとの差を20.6秒に。迎えた最終パワーステージでロバンペラは3番手タイムを記録し、第3戦サファリ・ラリー・ケニア以来となる今シーズン2勝目を飾った。\n\n ロバンペラはこれでWRCトップカテゴリーでの優勝回数は『13』となり、69号車をドライブするロバンペラにとって、WRC69戦目を勝利で華々しく飾った。\n\n 一方、エバンスは最終パワーステージでタイヤから空気が抜けてしまい、7番手タイムと遅れをとったものの総合2番手の座を守り切って今季4回目の表彰台を獲得した。\n\n 日曜日の合計タイムによってのみ争われる“スーパーサンデー”は、ロバンペラが2位、エバンスが4位でぞれぞれポイントを獲得。ロバンペラは土曜日までの順位で獲得したポイントに、スーパーサンデーとパワーステージで得たポイントを加え、ドライバー選手権6位に順位を上げた。\n\n また、エバンスはパワーステージのポイントこそ逃したが、合計では選手権首位を争うライバルたちよりも多くのポイントを獲得。ドライバー選手権では単独2位に復帰し、首位ティエリー・ヌービル（ヒョンデi20 Nラリー1）との差を15ポイントに縮めた。\n\n なお、TGR-WRTはマニュファクチャラー選手権2位の座を守り、首位ヒョンデ・シェル・モービスWRTとの差を10ポイントに縮めている。\n\n 今回が『ラリー・ポーランド』初出場だった勝田は、最終日も総合8位を守りフィニッシュ。パワーステージは5番手タイム、スーパーサンデーでは6位に入り、合計6ポイントを獲得して大会を終えた。\n\n TGR-WRTのヤリ-マティ・ラトバラ代表は、「カッレ（・ロバンペラ）とヨンネ（・ハルットゥネン）がこのラリーで優勝できたのは、信じられないことだ」と、“スーパーサブ”ロバンペラ組の勝利を喜んだ。\n\n「火曜日の午後、カッレに連絡してポーランドへの出場を依頼した時には、優勝は期待していないと彼に伝えていた」\n\n「それでもカッレの実力ならば、少なくともトップ5に入れることは分かっていたし、それでも選手権では我々にとって有利になるだろうと考えていた」\n\n「もちろん、準備時間のない状態でラリーをスタートさせるのは、選手たちにとって決して良い方法ではないことは分かっていた。それでもチームのことを考え、全力でサポートし、多くのポイントをもたらしてくれた彼らに心から感謝する」\n\n「また、この週末カッレとヨンネをサポートするために全力を尽くしてくれた、エルフィン（・エバンス）とスコット（・マーティン）にも感謝したい」\n\n「ワン・ツーフィニッシュという結果は、これ以上ないほど素晴らしいものだ。エルフィンがより多くの選手権ポイントを獲得できなかったことは残念だが、それでも全体的にはポジティブなリザルトを得られたと思う」\n\n 2024年WRCの次戦『ラリー・ラトビア』は、これまでERCヨーロッパ・ラリー選手権ではお馴染みの大会で、WRCイベントとしては初の開催となる。今大会同様に、高速のグラベルラリーとなっており、今大会と同じかそれ以上にチャレンジングなラウンドになるだろう。2024年シーズン第8戦目となる『ラリー・ラトビア』は、7月18日（木）から21日（日）にかけて開催される予定だ。\n\n[オートスポーツweb 2024年07月01日],['https://newsatcl-pctr.c.yimg.jp/t/amd-img/20240701-01097875-rcg-000-9-view.jpg?pri=l&w=640&h=426&exp=10800'],"['https://news.yahoo.co.jp/articles/25258e5240f0d6fe91d2b99ed69f73fea05afb0c/images/000', 'https://www.as-web.jp/rally/1097875/attachment/asimg_rovanpera07pol24cm114_e96681e6d451a20']"
2年ぶり、2勝目のラッセル「信じられない！ ふたりの激しいバトルが見えた。3番手を守ったことが決定的な要素」（オートスポーツweb）,https://news.yahoo.co.jp/articles/6f00baf3634f1020cc69b2b3b72ba9fd0286b876,https://newsatcl-pctr.c.yimg.jp/t/amd-img/20240701-01097840-rcg-000-12-view.jpg?exp=10800,2024-07-01T07:33:37+09:00,2024-07-01T13:25:45+09:00,オートスポーツweb,rcg,オートスポーツweb,1644,\n2024年F1第11戦オーストリアGP ジョージ・ラッセル（メルセデス）\n2024年F1オーストリアGPの決勝で、メルセデスのジョージ・ラッセルが2年ぶりの優勝を飾った。\n【決勝レポート】ラッセルが2年ぶりの美酒。首位を争うフェルスタッペンとノリスが接触の波乱\n71周のレースを3番グリッドから戦い始めたラッセル。スタート直後は2番手ランド・ノリス（マクラーレン）を攻め立てるも抜くには至らず、3周目には追い上げてきたチームメイトのルイス・ハミルトン（メルセデス）や、カルロス・サインツ（フェラーリ）とポジションを争って表彰台圏内をキープした。\n\n その後は決勝のほとんどで3番手で走行。ミディアム、ミディアム、ハードと3スティントを繋いでいった64周目に、トップ争いを繰り広げるマックス・フェルスタッペン（レッドブル）とランド・ノリス（マクラーレン）が接触したことにより、15秒差の3番手から一気にレースリーダーとなった。\n\n トップに立った後は、サインツを抜いて追い上げてきた2番手オスカー・ピアストリ（マクラーレン）の接近を退け、1.906秒のリードを保って自身2勝目を飾った。\n\n 一方、5番手グリッドから良いスタートを決めたハミルトンは、4番手サインツをコースの外から追い抜いたことで審議の対象となり、ポジションを戻して仕切り直しに。\n\n さらに22周目にピットインを行った際には、ピットエントリーでわずかに白線を跨いだことで5秒のタイムペナルティを課されてしまい、2度目のピットイン時に消化する。最後のスティントでは6番手を走行し、前で2台が接触したことで最終的に4位でチェッカーを受けた。\n\n■ジョージ・ラッセル（メルセデス）\n決勝＝1位（71周／71周）\n3番グリッド／タイヤ：ミディアム→ミディアム→ハード\n\n「信じられない！ それしか言いようがない。序盤は3番手を守るために厳しい戦いを強いられた。だが、それが最後には決定的な要素となったんだ」\n\n「マックス（・フェルスタッペン）とランド（・ノリス）が激しいバトルをしているのが見えた。彼らとの差は10秒強で、ペース的には本当に強かった」\n\n「ただ、たとえわずかな可能性だとしても、ふたりが近づきすぎる可能性があることはわかっていたので、最後にピースを拾い上げるためにも、3番手にいなければならないとわかっていたよ。表彰台の一番上に戻ってこられたことをとても誇りに思う」\n\n「チームが素晴らしい仕事をしてくれたおかげで、上位争いに近づくことができた。シーズン開幕から多くの進歩を遂げてきて、ここ数戦は素晴らしいレースができたし、この先もまだまだ続くことを期待している」\n\n「今のところ、マックスとランドが僕たちより少し前にいるのは事実だけど、僕たちはコンスタントに3番手につけている。僕らにとってはエキサイティングな時期で、ちょっとした波に乗っている。来週のホームレース、シルバーストンが待ちきれないよ」\n\n■ルイス・ハミルトン（メルセデス）\n決勝＝4位（71周／71周）\n3番グリッド／タイヤ：ミディアム→ハード→ミディアム\n\n「ジョージ（・ラッセル）とチームにおめでとうと言いたい。そして、クルマにパフォーマンスをもたらすために懸命に働いてくれたファクトリーのみんなは、この結果に本当にふさわしい。僕たちは多くの努力をしてきたので、このような結果はみんなの努力に報いるものだ」\n\n「僕のほうは、クリーンな週末とは言えなかった。序盤でいくつかダメージを負ってしまい、それがレースを悪くしてしまった。なので、今はもうシルバーストンを見据えている。いつもあのトラックは特別な週末で、ファンのみんなに会うのが待ちきれない。ここオーストリアよりも僕らに合っているはずだから、何ができるか見てみよう」\n\n[オートスポーツweb 2024年07月01日],['https://newsatcl-pctr.c.yimg.jp/t/amd-img/20240701-01097840-rcg-000-12-view.jpg?pri=l&w=640&h=427&exp=10800'],"['https://news.yahoo.co.jp/articles/6f00baf3634f1020cc69b2b3b72ba9fd0286b876/images/000', 'https://www.as-web.jp/f1/1097631/attachment/asimg_xpb_1290499_hires_de668172e02878e']"
アロンソ「周冠宇との接触は、僕がロックアップしてしまったために起きた」：アストンマーティン F1第11戦決勝（オートスポーツweb）,https://news.yahoo.co.jp/articles/099be82a51e61030c3a41b4c5535728ac90020e7,https://newsatcl-pctr.c.yimg.jp/t/amd-img/20240701-01098239-rcg-000-8-view.jpg?exp=10800,2024-07-01T08:00:01+09:00,2024-07-01T16:08:47+09:00,オートスポーツweb,rcg,オートスポーツweb,823,\n2024年F1第11戦オーストリアGP フェルナンド・アロンソ（アストンマーティン）\n2024年F1第11戦オーストリアGPの決勝レースが行われ、アストンマーティンのランス・ストロールは13位、フェルナンド・アロンソは18位でレースを終えた。\n【写真】F1第11戦オーストリアGP ランス・ストロール（アストンマーティン）\n■ランス・ストロール（アストンマーティン・アラムコ・フォーミュラ1チーム）\n決勝＝13位（70周／71周）\n17番グリッド／タイヤ：ミディアム→ミディアム→ハード\n\n レースのオープニングラップでは、あちこちで起きた接触のとばっちりを受けたが、どうにかダメージは被らずにすんだ。それ以降は、2ストップの戦略を機能させるために、タイヤのマネージメントをすることが今日の午後の主な仕事になった。\n\n 何度かオーバーテイクも決めたものの、ペースが速くなかったので、最終的な順位を大きく変えることはできなかった。全体として難しい週末だった。まだ僕らのクルマに合っていないコースでのレースが続くから、やるべきことがたくさんある。\n\n■フェルナンド・アロンソ（アストンマーティン・アラムコ・フォーミュラ1チーム）\n決勝＝18位（70周／71周）\n15番グリッド／タイヤ：ミディアム→ミディアム→ハード→ソフト\n\n 予想していたこととはいえ、タフな一日だった。ペースが遅かったので、何とか戦うために周囲とは違う戦略を試みた。周（冠宇／キック・ザウバー）との接触は、ターン3への進入で僕がロックアップしてしまったために起きた。\n\n あの時点ですでにポイント圏外だったから、ペナルティによって結果が大きく変わったわけではない。来週のシルバーストンはチームのホームレースだ。この状況を改善するために、チームとしてできることはすべてやるつもりでいる。\n\n[オートスポーツweb 2024年07月01日],['https://newsatcl-pctr.c.yimg.jp/t/amd-img/20240701-01098239-rcg-000-8-view.jpg?pri=l&w=640&h=427&exp=10800'],"['https://news.yahoo.co.jp/articles/099be82a51e61030c3a41b4c5535728ac90020e7/images/000', 'https://www.as-web.jp/f1/1098239/attachment/asimg_xpb_1290869_hires_1b6682554ae7634']"
優勝を失う手痛い接触「奇妙な動きに見えた。話し合うつもりだ」とフェルスタッペン／F1オーストリアGP決勝（オートスポーツweb）,https://news.yahoo.co.jp/articles/1c0bf49a8e539ef088b57351c9cc659189e346c5,https://newsatcl-pctr.c.yimg.jp/t/amd-img/20240701-01097833-rcg-000-8-view.jpg?exp=10800,2024-07-01T07:33:05+09:00,2024-07-01T12:15:55+09:00,オートスポーツweb,rcg,オートスポーツweb,1542,\n71周のレースの65周目、トップを争うマックス・フェルスタッペン（右：レッドブル）とランド・ノリス（左：マクラーレン）が接触。両車ともダメージを負い優勝争いから脱落した。 2024年F1第11戦オーストリアGP\n金曜日のスプリント予選を制し、土曜日のスプリントレースと予選でもトップを譲らず、6月30日に行われた決勝でもスタートから優位にレースを進めていたマックス・フェルスタッペン（レッドブル）だったが、その最後を優勝で飾ることはできなかった。\n【写真】土曜のスプリントレースに続き、週末2度目のポール・トゥ・ウインを狙ったマックス・フェルスタッペン（レッドブル）\nレッドブルの“ホーム”であるレッドブルリンクで開催された2024年F1第11戦オーストリアGP。同地で自信通算40回目となるポールポジションを獲得したフェルスタッペンは、71周で争われたレースの大半を支配していた。\n\n 3度のワールドチャンピオンの走りに綻びが生じたのは51周終わりに行ったピットストップだった。ここで左リヤタイヤが外れないトラブルが発生し約4秒のタイムロス。2番手ランド・ノリス（マクラーレン）に対して築いていた7.5秒のリードは、アウトラップでのミスもあり1.6秒にまで縮まる。\n\n その後、このふたりのトップ争いは複数回にわたってサイド・バイ・サイドのバトルが見られたが64周目のターン3で、ついに恐れていた接触が起きてしまう。後にフェルスタッペンに10秒のペナルティが下ったこのアクシデントによって、レースリーダーのクルマは左リヤタイヤがパンク。ノリスはピットに戻るもマシンにダメージを受けており、ここでリタイアとなってしまった。\n\n レース最終盤、パンクの影響で5番手に順位を落としたフェルスタッペンはソフトタイヤに履き替えてファステストラップ狙ったが、追加ポイントの獲得はならず。9周を除きレースの大部分をリードし続けたものの、最終的には5位の10ポイントを持ち帰るにとどまる苦いホームレースとなった。\n\n■マックス・フェルスタッペン（レッドブル）\n決勝＝5位（71周／71周）\n1番グリッド／タイヤ：ミディアム→ハード→ミディアム→ソフト\n\n「今日、僕たちは優勝を争うバトルをしていた。ランド（・ノリス）がターン3でアウト側に回り込もうとしていた際、左リヤタイヤが（彼のクルマ）に当たってしまった。とても暑いコンディションだったから、残念なことにタイヤはすぐにパンクしてしまったんだ」\n\n「僕からすると奇妙な動きに見えたけれど、今回の件については見直す必要があるし、もちろん話し合うつもりだ。コーナーの形状も時々このような問題を引き起こすが、接触するのは決して良いことではない」\n\n「しかし、今日の全体的なパフォーマンスと、クルマで抱えていた問題を見直す必要があるので僕はいま、この事件のことにフォーカスしていない」\n\n「タイヤマネジメントがとても難しかった。（ミディアムタイヤでの）第1スティントは悪くなかったし、かなり快適に走ることができリードを拡げていたが、（ハードタイヤを履いた）第2スティントは難しかった。このスティントは少し長すぎたように思うし、その後はピットストップの問題もあった」\n\n「チーム全体のパフォーマンスとしては期待していたものではなかったし、今回は戦略もうまく機能しなかったようだ。リードしていただけに、この結果は残念だ。来週（のイギリスGP）に向けていくつか改善すべき点があるのは間違いない。パフォーマンス、タイヤ、バランスの改善に取り組んでいきたい」\n\n[オートスポーツweb 2024年07月01日],['https://newsatcl-pctr.c.yimg.jp/t/amd-img/20240701-01097833-rcg-000-8-view.jpg?pri=l&w=640&h=426&exp=10800'],"['https://news.yahoo.co.jp/articles/1c0bf49a8e539ef088b57351c9cc659189e346c5/images/000', 'https://www.as-web.jp/f1/1097833/attachment/asimg_si202406300700_hires_jpeg_24bit_rgb_556681d1cebd86e']"
オコン「ポジションを争えるほどの速さがなく、トラフィックに飲み込まれた」：アルピーヌ F1第11戦決勝（オートスポーツweb）,https://news.yahoo.co.jp/articles/23d0e8dc2a164cb324ddcf48ce00d4ac981d6223,https://newsatcl-pctr.c.yimg.jp/t/amd-img/20240701-01098214-rcg-000-5-view.jpg?exp=10800,2024-07-01T07:20:15+09:00,2024-07-01T15:38:30+09:00,オートスポーツweb,rcg,オートスポーツweb,592,\n2024年F1第11戦オーストリアGP エステバン・オコン（アルピーヌ）\n2024年F1第11戦オーストリアGPの決勝レースが行われ、アルピーヌのエステバン・オコンは12位でレースを終えた。\n【写真】エステバン・オコンとピエール・ガスリー（アルピーヌ）\n■エステバン・オコン（BWTアルピーヌF1チーム）\n決勝＝12位（71周／71周）\n10番グリッド／タイヤ：ミディアム→ハード→ミディアム\n\n タフなレースになり、結局はポイント圏外に終わった。スタートはとても良かったし、それこそが僕が必要としていたことだった。オープニングラップのうちにニコ（・ヒュルケンベルグ／ハース）を抜くことができたからだ。数周後には抜き返されてしまったが、それでも最初のスティントの間はずっと彼について行けた。\n\n そして、それ以降はもっぱら戦略的なレースになった。僕らにはポジションを争えるほどの速さがなく、ピットストップ後はトラフィックに飲み込まれてしまった。週末の最初のうちの方がまだペースは良かったから、次回に向けて改善するために、あらゆることを詳しく見直すつもりでいる。\n\n 来週末のシルバーストンで、ようやくこのトリプルヘッダーも終わる。あの伝説的なサーキットで、ぜひとも日曜に良い結果を残したいと思っている。\n\n[オートスポーツweb 2024年07月01日],['https://newsatcl-pctr.c.yimg.jp/t/amd-img/20240701-01098214-rcg-000-5-view.jpg?pri=l&w=640&h=427&exp=10800'],"['https://news.yahoo.co.jp/articles/23d0e8dc2a164cb324ddcf48ce00d4ac981d6223/images/000', 'https://www.as-web.jp/f1/1097780/attachment/asimg_xpb_1289923_hires_266681821a8b4de']"
角田裕毅、戦略はまらずペースも不足「第3スティントまでにかなり遅れた。原因を探らないと」／F1第11戦（オートスポーツweb）,https://news.yahoo.co.jp/articles/dfa26cbe07c5eb9cfa9da2cdc6f79dc3231a019b,https://newsatcl-pctr.c.yimg.jp/t/amd-img/20240701-01097825-rcg-000-5-view.jpg?exp=10800,2024-07-01T06:14:52+09:00,2024-07-01T12:16:18+09:00,オートスポーツweb,rcg,オートスポーツweb,963,\n2024年F1第11戦オーストリアGP 14位でレースを終えた角田裕毅（RB）\n前戦のスペインGPや第9戦カナダGPと同様にポイント圏が遠かったRBの角田裕毅。6月30日（日）にレッドブルリンクで行われた2024年F1第11戦オーストリアGPの決勝で、角田は14位に終わった。\n【写真】レッドブルリンクを走行する角田裕毅（RB）\n7列目14番グリッドから、新品のミディアムタイヤを履いて71周の決勝レースをスタートをした角田は、一度はオーバーテイクを許したフェルナンド・アロンソ（アストンマーティン）を抜き返し2周目の終わりにチームメイトであるダニエル・リカルドのひとつ後方となる13番手につけた。\n\n RBチームはふたりの戦略を分け、リカルドを10周目にピットに呼び戻した一方で角田のファーストスティントを21周目まで引っ張った。その後、角田はユーズドのハードタイヤで44周目まで走行し、最終スティントは新品のハードタイヤを投入するもポイント圏外からのポジションアップは叶わず、14位でフィニッシュすることとなった。\n\n ビークルパフォーマンス担当チーフエンジニアのクラウディオ・バレストリは今回の角田の戦略について、「最終スティントが短かったため、アドバンテージを最大限に活かすことができなかった」と振り返っている。\n\n■角田裕毅（RB）\n決勝＝14位（70周／71周）\n14番グリッド／タイヤ：ミディアム→ハード→ハード\n\n「レースのスタート自体はうまくいきました。スタート後はアルピーヌの2台（エステバン・オコンとピエール・ガスリー）とダニエル（・リカルド／RB）の後ろにつけいましたが、第3スティントまでにかなり後れを取ってしまいました」\n\n「明らかにペースがなく、（レースを通じて）ペースを上げることができませんでした。その原因を探らなければなりません」\n\n「今日のレースで、ダニエルがいい仕事をしてくれたことは確かで、（チームとしては）最終的には良い結果が得られたと思います。今後のレースに向けて、チームとしてどのような方向に進むべきかの方向性がより理解できたようなので、その点についてはポジティブに考えています」\n\n\n[オートスポーツweb 2024年07月01日],['https://newsatcl-pctr.c.yimg.jp/t/amd-img/20240701-01097825-rcg-000-5-view.jpg?pri=l&w=640&h=426&exp=10800'],"['https://news.yahoo.co.jp/articles/dfa26cbe07c5eb9cfa9da2cdc6f79dc3231a019b/images/000', 'https://www.as-web.jp/f1/1097825/attachment/asimg_si202406300621_hires_jpeg_24bit_rgb_2d6681c9767f9c9']"
【ポイントランキング】2024年FIA F2第7戦シュピールベルク終了時点（オートスポーツweb）,https://news.yahoo.co.jp/articles/2a034c54231f4dbc016ea9e2541708a8f14008da,https://newsatcl-pctr.c.yimg.jp/t/amd-img/20240701-01097542-rcg-000-8-view.jpg?exp=10800,2024-07-01T01:36:34+09:00,2024-07-01T11:33:34+09:00,オートスポーツweb,rcg,オートスポーツweb,1312,\n2024 FIA F2第7戦シュピールベルク フィーチャーレースのスタート\n6月28～30日に行われた2024年FIA F2第7戦シュピールベルク終了後のドライバーズランキング、チームランキングは以下のとおり。\n\n フィーチャーレースでFIA F2初優勝を飾ったガブリエル・ボルトレート（インビクタ・レーシング／マクラーレン育成）がドライバーズランキング6位から3位に浮上している。\n\n また、チームランキングではAIXレーシングが最下位から脱し、代わりにトライデントが最下位の11位に後退した。\n\n 2024年FIA F2、次戦となる第8戦は次週7月5～7日にイギリスのシルバーストン・サーキットで開催される。\n\n■2024年FIA F2 ドライバーズランキング\n（第7戦シュピールベルク終了時点）\nPos.／No.／Driver／Team／Point\n1／17／P.アーロン／ハイテック・パルスエイト／117\n2／20／I.ハジャル／カンポス・レーシング／106\n3／10／G.ボルトレート／インビクタ・レーシング／85\n4／5／Z.マローニ／ロダン・モータースポーツ／75\n5／12／F.コラピント／MPモータースポーツ／75\n6／7／J.クロフォード／ダムス・ルーカスオイル／66\n7／11／D.ハウガー／MPモータースポーツ／62\n8／9／K.マイニ／インビクタ・レーシング／52\n9／4／A.アントネッリ／プレマ・レーシング／48\n10／14／E.フィッティパルディ／ファン・アメルスフォールト・レーシング／44\n11／2／Z.オサリバン／ARTグランプリ／42\n12／21／J.マルティ／カンポス・レーシング／37\n13／8／J.コレア／ダムス・ルーカスオイル／30\n14／3／O.ベアマン／プレマ・レーシング／28\n15／16／A.コルデール／ハイテック・パルスエイト／25\n16／24／J.デュルクセン／AIXレーシング／24\n17／1／V.マルタンス／ARTグランプリ／21\n18／6／宮田莉朋／ロダン・モータースポーツ／19\n19／22／R.フェルシュフォー／トライデント／17\n20／25／T.バーナード／AIXレーシング／14\n21／23／R.スタネ／トライデント／13\n22／15／R.ヴィラゴメス／ファン・アメルスフォールト・レーシング／8\n\n\n■2024年FIA F2 チームランキング\n（第7戦シュピールベルク終了時点）\nPos.／Team／Point\n1／カンポス・レーシング／143\n2／ハイテック・パルスエイト／142\n3／インビクタ・レーシング／137\n4／MPモータースポーツ／137\n5／ダムス・ルーカスオイル／96\n6／ロダン・モータースポーツ／94\n7／プレマ・レーシング／76\n8／ARTグランプリ／63\n9／ファン・アメルスフォールト・レーシング／52\n10／AIXレーシング／38\n11／トライデント／30\n\n\n[オートスポーツweb 2024年07月01日],['https://newsatcl-pctr.c.yimg.jp/t/amd-img/20240701-01097542-rcg-000-8-view.jpg?pri=l&w=640&h=427&exp=10800'],['https://news.yahoo.co.jp/articles/2a034c54231f4dbc016ea9e2541708a8f14008da/images/000']
【順位結果】2024MotoE第5戦オランダ大会 レース1・2（オートスポーツweb）,https://news.yahoo.co.jp/articles/1191aa556dd7d39c7f9f34e3787a63a8dbaff549,https://newsatcl-pctr.c.yimg.jp/t/amd-img/20240701-01097465-rcg-000-9-view.jpg?exp=10800,2024-07-01T05:00:10+09:00,2024-07-01T05:00:11+09:00,オートスポーツweb,rcg,オートスポーツweb,2450,\nMotoE：レース2のポディウムの様子／2024MotoE第5戦オランダ大会\n6月29日、2024年MotoGP第8戦オランダGPの併催として、電動バイクによるチャンピオンシップ、FIM Enel MotoE World Championship（MotoE）の第5戦オランダ大会が行われた。決勝レース1はエクトル・ガルソ（Dynavolt Intact GP MotoE）優勝を飾った。2位はオスカー・グティエレス（Axxis-MSI）、3位はジョルディ・トーレス（Openbank Aspar Team）が入った。\n\n 決勝レース2は、アレッサンドロ・ザコーネ（Tech3 E-Racing）が優勝を飾った。2位はオスカー・グティエレス（Axxis-MSI）、3位はエクトル・ガルソ（Dynavolt Intact GP MotoE）が続いた。\n\n■2024MotoE第5戦オランダ大会 レース1（7周）\n天候：曇り 路面：ドライ\nPos.／No.／Rider／Team／Motorcycle／Time／Gap\n1／4／エクトル・ガルソ／Dynavolt Intact GP MotoE／ドゥカティ／11'48.283\n2／99／オスカー・グティエレス／Axxis-MSI／ドゥカティ／+0.425\n3／81／ジョルディ・トーレス／Openbank Aspar Team／ドゥカティ／+1.101\n4／77／ミゲール・ポンス／Axxis-MSI／ドゥカティ／+2.295\n5／11／マッテオ・フェラーリ／Felo Gresini MotoE／ドゥカティ／+3.219\n6／55／マッシモ・ロッコリ／Ongetta SIC58 Squadra Corse／ドゥカティ／+3.265\n7／3／ルーカス・トゥロビッチ／Dynavolt Intact GP MotoE／ドゥカティ／+5.456\n8／72／アレッシオ・フィネッロ／Felo Gresini MotoE／ドゥカティ／+7.037\n9／7／チャズ・デイビス／Aruba Cloud MotoE Racing Team／ドゥカティ／+7.460\n10／34／ケビン・マンフレディ／Ongetta SIC58 Squadra Corse／ドゥカティ／+17.322\n11／6／マリア・エレーラ／Klint Forward Factory Team／ドゥカティ／+23.164\n12／80／アルマンド・パントーネ／Aruba Cloud MotoE Racing Team／ドゥカティ／+23.414\n13／21／ケビン・ザンノーニ／Openbank Aspar Team／ドゥカティ／+1'36.595\n-／9／アンドレア・マントヴァーニ／Klint Forward Factory Team／ドゥカティ／3Laps（未完走）\nRT／51／エリック・グラナド／LCR E-Team／ドゥカティ／1Lap（リタイア）\nRT／29／ニコラス・スピネッリ／Tech3 E-Racing／ドゥカティ／2Laps（リタイア）\nRT／40／マティア・カサディ／LCR E-Team／ドゥカティ／1周出来ず（リタイア）\n-／61／アレッサンドロ・ザコーネ／Tech3 E-Racing／ドゥカティ／失格\n\n\n\n\n\n■2024MotoE第5戦オランダ大会 レース2（7周）\n天候：曇り 路面：ドライ\nPos.／No.／Rider／Team／Motorcycle／Time／Gap\n1／61／アレッサンドロ・ザコーネ／Tech3 E-Racing／ドゥカティ／11'46.902\n2／99／オスカー・グティエレス／Axxis-MSI／ドゥカティ／+1.909\n3／4／エクトル・ガルソ／Dynavolt Intact GP MotoE／ドゥカティ／+2.113\n4／3／ルーカス・トゥロビッチ／Dynavolt Intact GP MotoE／ドゥカティ／+2.252\n5／81／ジョルディ・トーレス／Openbank Aspar Team／ドゥカティ／+2.642\n6／77／ミゲール・ポンス／Axxis-MSI／ドゥカティ／+3.415\n7／21／ケビン・ザンノーニ／Openbank Aspar Team／ドゥカティ／+3.083\n8／40／マティア・カサディ／LCR E-Team／ドゥカティ／+3.566\n9／11／マッテオ・フェラーリ／Felo Gresini MotoE／ドゥカティ／+3.916\n10／55／マッシモ・ロッコリ／Ongetta SIC58 Squadra Corse／ドゥカティ／+5.105\n11／72／アレッシオ・フィネッロ／Felo Gresini MotoE／ドゥカティ／+6.282\n12／51／エリック・グラナド／LCR E-Team／ドゥカティ／+6.859\n13／6／マリア・エレーラ／Klint Forward Factory Team／ドゥカティ／+9.004\n14／9／アンドレア・マントヴァーニ／Klint Forward Factory Team／ドゥカティ／+14.840\n15／34／ケビン・マンフレディ／Ongetta SIC58 Squadra Corse／ドゥカティ／+16.602\n16／80／アルマンド・パントーネ／Aruba Cloud MotoE Racing Team／ドゥカティ／+17.716\nRT／7／チャズ・デイビス／Aruba Cloud MotoE Racing Team／ドゥカティ／3Laps（リタイア）\nRT／29／ニコラス・スピネッリ／Tech3 E-Racing／ドゥカティ／1周出来ず（リタイア）\n\n\n[オートスポーツweb 2024年07月01日],['https://newsatcl-pctr.c.yimg.jp/t/amd-img/20240701-01097465-rcg-000-9-view.jpg?pri=l&w=640&h=426&exp=10800'],['https://news.yahoo.co.jp/articles/1191aa556dd7d39c7f9f34e3787a63a8dbaff549/images/000']
【F1第11戦決勝の要点】無意味なバトルを繰り返したアルピーヌ。ダブル入賞を果たしたハース（オートスポーツweb）,https://news.yahoo.co.jp/articles/6dd734b24aae8725b855a4bb26f4a6edc5d2debf,https://newsatcl-pctr.c.yimg.jp/t/amd-img/20240701-01097780-rcg-000-10-view.jpg?exp=10800,2024-07-01T01:10:46+09:00,2024-07-01T01:10:47+09:00,オートスポーツweb,rcg,オートスポーツweb,1292,\n2024年F1第11戦オーストリアGP ピエール・ガスリー（アルピーヌ）とエステバン・オコン（アルピーヌ）のバトル\nエステバン・オコン（アルピーヌ）が、またもやらかした。6月29日に行われた2024年F1第11戦オーストリアGPの予選では10番手と健闘。翌30日の決勝レースでも、序盤の12周目には8番手まで順位を上げていた。背後にはチームメイトのピエール・ガスリーが迫っていたが、両者のペースに大きな違いはなかった。\n【順位結果】2024年F1第11戦オーストリアGP決勝\nしかし27周目以降、第2スティントを引っ張って前に出たフェルナンド・アロンソ（アストンマーティン）を、よりフレッシュなタイヤを履くオコンが抜きあぐねた。ペースは明らかに後ろのガスリーの方が速い。「さっさとフェルナンドを抜かないと」と、後ろからプレッシャーをかけるガスリー。ターン3で自分からオコンを抜きにかかるが、逆に押し出されてしまう。\n\n 41周目にガスリーがようやく抜いていったが、オコンは最後の最後まで抵抗を続け、2台が接触するシーンもあった。何よりこのほとんど無意味なバトルを繰り返したことで、ふたりはすっかりタイヤを使い切ってしまった。\n\n 本来彼らが戦うべきは、前を行くハースの2台だった。開幕直後は絶不調だったアルピーヌだが、第8戦モナコから前戦スペインまでの3レースで連続入賞し、一気にハースを抜いてコンストラクターズ選手権7位まで上がった。とはいえその差は、わずか1ポイント。同士討ちをしている余裕など、ないはずだった。\n\n 一方のハース勢もニコ・ヒュルケンベルグとケビン・マグヌッセンが接近した状態で周回を重ねていたが、こちらは後ろのマグヌッセンが自重している感じだった。チームからも、しっかり指示があったのだろう。\n\n 早めにハードタイヤに履き替える戦略も功を奏し、57周目にはヒュルケンベルグ7番手、マグヌッセン8番手まで順位を上げた。その後マグヌッセンはペースに勝るセルジオ・ペレス（レッドブル）抜かれ、9番手に後退。ところがヒュルケンベルグは、そこからチェッカーまでの十数周、ペレスの猛攻をしのぎ続けた。\n\n ヒュルケンベルグがハード、ペレスはミディアムタイヤ。耐久性はハードが優れるとはいえ、ペレスのタイヤの方が12周も若い。そもそもレッドブルとハースでは、マシン戦闘力は段違いのはずだ。それでもヒュルケンベルグは、0.1秒まで迫られても一歩も譲らず、今季ベストの6位入賞を果たした。\n\n マグヌッセンも8位に入って、ハースは12ポイントの大量得点を稼ぎ出した。一方のアルピーヌは、ガスリーの1ポイントのみに終わった。\n\n 両チームの予選一発の速さは、今回かなり拮抗していた。一方でレースペースは、ハースの方が優れていたように見える。とはいえその差は決して、大きなものではなかった。チームメイトバトルなどしていなければ、少なくともガスリーがマグヌッセンを食えていたのではなかったか。\n\n[オートスポーツweb 2024年07月01日],['https://newsatcl-pctr.c.yimg.jp/t/amd-img/20240701-01097780-rcg-000-10-view.jpg?pri=l&w=640&h=427&exp=10800'],"['https://news.yahoo.co.jp/articles/6dd734b24aae8725b855a4bb26f4a6edc5d2debf/images/000', 'https://www.as-web.jp/f1/1097630']"
【ポイントランキング】2024年F1第11戦オーストリアGP終了時点（オートスポーツweb）,https://news.yahoo.co.jp/articles/c5a3e38c25e102e332f7d10ee70ede2f01209532,https://newsatcl-pctr.c.yimg.jp/t/amd-img/20240701-01097749-rcg-000-6-view.jpg?exp=10800,2024-07-01T00:20:18+09:00,2024-07-01T01:55:56+09:00,オートスポーツweb,rcg,オートスポーツweb,1434,\n2024年F1第11戦オーストリアGP 優勝を飾り“おなじみ”のポーズを決めるジョージ・ラッセル（メルセデス）\n6月30日、2024年F1第11戦オーストリアGPの決勝レースがレッドブルリンクで行われ、ジョージ・ラッセル（メルセデス）が2年ぶりとなるF1キャリア2勝目を飾った。\n【順位結果】2024年F1第11戦オーストリアGP決勝\n2位はオスカー・ピアストリ（マクラーレン）、3位はカルロス・サインツ（フェラーリ）が続き、角田裕毅（RB）は14位フィニッシュとなった。\n\n ドライバーズ選手権の1位と2位につけるマックス・フェルスタッペン（レッドブル）とランド・ノリス（マクラーレン）は、決勝レース中の首位争いの際に接触。フェルスタッペンは5位で10ポイントを得たが、ノリスはリタイア（リザルトは20位完走扱い）で決勝を無得点で終える結果に。\n\n また、ハースの2台がダブル入賞を果たしたことで、ニコ・ヒュルケンベルグとケビン・マグヌッセンのランキング順位がそれぞれアップ。コンストラクターズ選手権でも、計19ポイントとなったハースがアルピーヌをふたたび上回っている。\n\n 2024年F1第11戦オーストリアGP終了後のランキングは以下の通り。\n\n■ドライバーズランキング\nPos.／No.／Driver／Team／Point\n1／1／マックス・フェルスタッペン／レッドブル／237\n2／4／ランド・ノリス／マクラーレン／156\n3／16／シャルル・ルクレール／フェラーリ／150\n4／55／カルロス・サインツ／フェラーリ／135\n5／11／セルジオ・ペレス／レッドブル／118\n6／81／オスカー・ピアストリ／マクラーレン／112\n7／63／ジョージ・ラッセル／メルセデス／111\n8／44／ルイス・ハミルトン／メルセデス／85\n9／14／フェルナンド・アロンソ／アストンマーティン／41\n10／22／角田裕毅／RB／19\n11／18／ランス・ストロール／アストンマーティン／17\n12／27／ニコ・ヒュルケンベルグ／ハース／14\n13／3／ダニエル・リカルド／RB／11\n14／38／オリバー・ベアマン／フェラーリ／6\n15／10／ピエール・ガスリー／アルピーヌ／6\n16／20／ケビン・マグヌッセン／ハース／5\n17／31／エステバン・オコン／アルピーヌ／3\n18／23／アレクサンダー・アルボン／ウイリアムズ／2\n19／24／周冠宇／キック・ザウバー／0\n20／77／バルテリ・ボッタス／キック・ザウバー／0\n21／2／ローガン・サージェント／ウイリアムズ／0\n\n\n■コンストラクターズランキング\nPos.／Team／Point\n1／オラクル・レッドブル・レーシング／355\n2／スクーデリア・フェラーリ／291\n3／マクラーレン・フォーミュラ1チーム／268\n4／メルセデス-AMG・ペトロナス・フォーミュラ1チーム／196\n5／アストンマーティン・アラムコ・フォーミュラ1チーム／58\n6／ビザ・キャッシュアップRB F1チーム／30\n7／マネーグラム・ハースF1チーム／19\n8／BWTアルピーヌF1チーム／9\n9／ウイリアムズ・レーシング／2\n10／ステークF1チーム・キック・ザウバー／0\n\n\n[オートスポーツweb 2024年07月01日],['https://newsatcl-pctr.c.yimg.jp/t/amd-img/20240701-01097749-rcg-000-6-view.jpg?pri=l&w=640&h=426&exp=10800'],"['https://news.yahoo.co.jp/articles/c5a3e38c25e102e332f7d10ee70ede2f01209532/images/000', 'https://www.as-web.jp/f1/1097630']"
