headline,mainEntityOfPage,image,datePublished,dateModified,author,media_en,media_jp,str_count,body,images,external_links
マンガ家・花津ハナヨの“花咲く美容道”唇のくすみが一掃！「唇のアートメイク」（美的.com）,https://news.yahoo.co.jp/articles/b84268c73133e1a30ce0829a07593600e94f3937,https://newsatcl-pctr.c.yimg.jp/t/amd-img/20240701-00010017-biteki-000-1-view.jpg?exp=10800,2024-07-01T21:00:59+09:00,2024-07-01T21:00:59+09:00,美的.com,biteki,美的.com,1059,"\n【第4回】＼唇のくすみが一掃し、いつでも華やかに！／唇のアートメイクで、ハッピーオーラが爆上がり～♪\n唇のくすみが一掃\nポカポカ陽気が心地よく、すっかり春ですね～。\n\nメイクも明るい色を選びたい気分なのに、ベースとなる顔の血色がまさかの家出中の様子（早よ、戻ってこーい）。肌は白い方なのに、なんで血色が！？ と、鏡をまじまじと見たところ、唇の血色が薄れていることに気がついちゃいました。家出の原因は、君でしたか。\n【写真10枚】この記事で紹介した、「唇のアートメイク」ビフォアフや漫画はこちらからチェック！\nさてさて、理由がわかれば、後は行動あるのみ！ 担当ライターのむらなかさんにSOSを発信し、到着したのが『メディスリールクリニック』。受けたのは、唇のアートメイク。カウンセリングを含め、2時間弱でピーチのような明るい唇が仕上がりました。あっという間に戻ってきたよ、私の顔の血色感。しかも、なんだか顔全体がフレッシュな印象になって、ハッピーオーラも纏っているじゃないですか！ メイクも楽になったし、ある意味、家出バンザーイ♡\n\n今回の花咲く美容は…いつでも顔に華を添えてくれる♪「リップアートメイク」\n1回 ￥110,000\n\n唇にハリを刺してインクを入れていく、美容施術。チクチクする痛みは多少あり。ダウンタイムは約1週間。施術後はインクの色が濃く感じられる唇も、ダウンタイムを経て皮むけした後に唇になじむのが特徴です。\n結果発表\n定着したら、こんなに楽なことはない！\n縁をふんわりなど、好みに合わせて色を入れてくれるので、唇そのものの血色が上がったような自然な仕上がりに！1回目は色抜けが早いものの、顔の印象がグンと明るくなったので満足感は高め。\n【リップアートメイク】はこんな人におすすめ\n・唇の血色が悪い\n・唇の色を変えたい\n・多忙で、メイク時間を省略したい\n・唇に少し厚みが欲しい\n・口角を上げたい\n・唇の厚みを左右対称にしたい\n行ったのはここ\nメディスリールクリニック\n東京都中央区新富1-5-12 エスパシオ新富町11F\nTEL：03・6262・8877\n\nWho is Hanayo Hanatsu！？\n漫画家 花津ハナヨさん\n1993年『なかよし』でデビュー。代表作は『CAとお呼びっ！』（小学館）。セックスレスなど、赤裸々に伝える作風が人気。現在は、パルシィにて『シンママ（42）、アプリで運命の恋を見つけます』（講談社）を連載中。",['https://newsatcl-pctr.c.yimg.jp/t/amd-img/20240701-00010017-biteki-000-1-view.jpg?pri=l&w=640&h=640&exp=10800'],"['https://news.yahoo.co.jp/articles/b84268c73133e1a30ce0829a07593600e94f3937/images/000', 'https://www.biteki.com/gallery/1843542?from=1841994&image=1']"
赤黒い果実でハリツヤ透明感アップを狙う！「アメリカンチェリーとモッツァレラチーズのミントグリーンサラダ」（美的.com）,https://news.yahoo.co.jp/articles/eee495cb212a9f1907673f200b89dd51a9189e9c,https://newsatcl-pctr.c.yimg.jp/t/amd-img/20240701-00010014-biteki-000-1-view.jpg?exp=10800,2024-07-01T18:52:18+09:00,2024-07-01T18:52:18+09:00,美的.com,biteki,美的.com,851,\n本日のビューティ食材：アメリカンチェリー\nアメリカンチェリーとモッツァレラチーズのミントグリーンサラダ\nサクランボをが旬の季節が到来。日本のさくらんぼよりもやや長く出回るのがアメリカンチェリー。ポリフェノールやアントシアニン、ビタミンCなどを豊富に含み、抗酸化効果が高いフルーツのひとつです。サビを防ぎ美肌効果＆健康増進効果に期待！ 今回はアメリカンチェリーをモッツァレラチーズとベビーリーフ、そしてミントを添えて初夏らしいサラダに。濃厚なアメリカンチェリーの風味がアクセントとなり、超簡単レシピ＆シンプルな味付けですがとってもおいしくいただけますよ！\n【写真5枚】この記事で紹介した、「アメリカンチェリーとモッツァレラチーズのミントグリーンサラダ」を作るプロセス写真はこちらからチェック\n材料\nアメリカンチェリー…10粒程度\nモッツァレラチーズ…1個\nベビーリーフ…1/2袋\nミント…お好みで\nオリーブオリル…大さじ1\nバルサミコ酢…大さじ1\n塩…少々\n黒こしょう…少々\n作り方\n（1）アメリカンチェリーを縦中心に種の周りに1周切り込みを入れて、実を半分に割り、種を取り除く。種は小さめのスプーンなどでえぐるようにとっていく。\n（2）モッツァレラチーズは手でひと口大にちぎっておく。\n（3）ボウルに（1）とベビーリーフ、ミントを入れ、オリーブオイルを絡ませた後、バルサミコ酢、塩、黒こしょうを加えてざっくり混ぜて、味を調える。\n（4）皿に（3）を移し、（2）のモッツァレラチーズを中央に盛り付け、ミントを散らす。\n\n\nエディター\n門司紀子\nもんじのりこ／大学在学時からCanCam編集部にて編集アシスタントとして“雑誌づくり”のキャリアをスタート。約20年、フリーランスエディター＆ライターとして活動。趣味は料理とゴルフ。Instagram（アカウント：norikomonji）でも、料理レシピや“mondeli”ケータリング写真を発信中。\n門司紀子,['https://newsatcl-pctr.c.yimg.jp/t/amd-img/20240701-00010014-biteki-000-1-view.jpg?pri=l&w=640&h=640&exp=10800'],"['https://news.yahoo.co.jp/articles/eee495cb212a9f1907673f200b89dd51a9189e9c/images/000', 'https://www.biteki.com/gallery/1853140?from=1852770&image=1']"
疲れてるのに安眠できない？多忙で睡眠時間が取れない時は、”質を高める工夫”を【大人の疲労悩みQ&A】（美的.com）,https://news.yahoo.co.jp/articles/1448a2f4994ea90744a9ae2be7baaf46260752f6,https://newsatcl-pctr.c.yimg.jp/t/amd-img/20240701-00010018-biteki-000-1-view.jpg?exp=10800,2024-07-01T22:00:44+09:00,2024-07-01T22:00:44+09:00,美的.com,biteki,美的.com,2699,"\nQ. 疲労からなのか、子育ての慣れからなのか、夜中に目覚めてしまいます。熟睡の方法を知りたいです。 臨床検査技師（42歳）\n睡眠コンサルタント 友野なお先生\nA.お子さんとぜひ一緒に寝てみてください。それか、マットレスが合っていない可能性も\n夜泣き時代のくずれたサイクルが続いてしまっているのかも。その場合は、お子さんと一緒に寝てみてください。自然とリズムが整っていきますよ。あと、見直してほしいのがマットレス。体に合っていないと眠れない原因に。寝返りを打ったときに体が浮いていたり、沈み込みすぎていないかチェックを。マットレスの使用期限は10年といわれているので、古かったら新調をおすすめします。\n【写真4枚】この記事で紹介した、友野先生が質の良い睡眠のためにおすすめするアイテム写真はこちらからチェック！\nQ. デスクワークのせいか、慢性的に首・肩コリがあります。ひどくなると頭痛や目の疲れ、だるさなども。テレワークなどが重なると、仕事とプライベートの区別をつけにくく、疲れているから寝たいのになかなか眠れない日もあります。 会社員（43歳）\n入眠儀式を作る\nA.入眠儀式を作ることをおすすめします！\n“これをしたら眠れる”という入眠儀式を作リましょう。香りやパジャマなど、いくつかお試しして、自分なりのきっかけを見つけてみて。後は寝るギリギリまで仕事をしないこと。仕事は何時までと決め、その後はパソコンなどの仕事道具は、目に入らないように工夫を！首や肩のコリにイチオシの入眠儀式はストレッチポール。その上にゴロンとして、胸を思いっきり開いてゆっくり自分が落ち着くまで深呼吸をするのがポイント。寝る前に行うことで、リラックスできて、コリもほぐれて良く眠れるように！\nQ. 寝てもぐっすり眠れなく、疲れが取れません。メーカー勤務 （53歳）\nA.寝る前に“3つの首”を温める習慣を！\nこのお悩みは、睡眠の質を高めるのがいちばんの解決法。挑戦しやすいのが首、手首、足首の“3つの首”を温めること。これだけでスムーズに眠りにつけます。特に足首は筋肉量が少なく冷めやすいので、入浴後すぐにレッグウォーマーをはくのが良策。寝る前にドライヤーで温めるのもいいです。\n\n優しい肌当たりのシルク素材が◎。\n\n右／締めつけ感なく、足首をじんわり温める。\nジェイ・エス イオンドクター シルク足首ウォーマー ダークグレー ¥11,880\n\n左／ゴム糸なしのゆったり仕様。\nウイックス もう起きられない！ネムリケア 綿シルクノーマル丈ソックス ¥1,540\nQ. 横向きで寝るクセがあり、下になる左肩が特にコリます。あお向け寝が良いのはわかっていますが、気がつくと横向きに。あお向けで眠り続けるコツはあるのでしょうか。 パート（44歳）\nA.あお向け寝にこだわらなくてOK\n人は寝返りをひと晩で20回程度打つため、あお向け寝を固定しなくても大丈夫。質問者さんは寝返りの回数が少ないと思われるので、まずはマットレスが柔らかくて体が沈み込んでいないか見てみて。次に就寝時の服装。パジャマ以外は寝姿勢が不自然になって寝返りがうまく打てないので、パジャマを着るようにしましょう！\n\n超極細のスーピマコットンを使用。なめらかなカシミヤタッチにうっとり♡\nナイガイ 極眠 NAIGAI スノーパウダーパジャマ ¥17,600（編集部調べ）\nQ. ぐっすり寝たわけでもないのに、目覚ましが鳴る前に起きてしまいます…。 会社員（46歳）\n何かに共感したり感動して泣く〝涙活〟も良いストレスケアに！\nA.自分が楽しめることを見つけて取り入れて！\nこのケースは3つの理由が考えられます。ひとつ目は飲酒をされる方。その場合は、就寝2時間前までに飲酒を終わらせましょう。ふたつ目は心に引っかかるストレスがある方。おのずと朝早い目覚めになりがちなので、日中にストレスケアを取り入れることをおすすめします。3つ目は早起きをしないとならないというプレッシャーを抱えている方。精神的なプレッシャーが大きいので、日中のストレスケアや軽い運動を取り入れてほしいです。〝自分がこれをすると楽しいな〟という、ストレスケアをいくつか用意しておくと、こまめにケアができるようになりますよ。\n\n自分にハマる〝ストレスケア＆運動〟はこう見つけよう！\n\n＜活動量が少なめ × 人と交わるのが好きな人＞\nボウリングやビリヤード、飲み会や読書サークル。\n\n＜活動量が少なめ × ひとりで楽しむのが好きな人＞\nストレッチ、ウォーキング、映画鑑賞、読書、カフェ巡り。\n\n＜活動量が多い × 人と交わるのが好きな人＞\nテニスやバレーボールなど、集団行動で楽しむスポーツサークル。\n\n＜活動量が多い × ひとりで楽しむのが好きな人＞\n水泳、サイクリング、ランニング、ダンス、掃除など。\nQ. 昔に比べて朝起きてもスッキリしない日が多く5時間くらいしか眠れません。毎日ストレッチをしているが、手首や肩のコリがひどく、湿布を貼ったり鎮痛剤を飲む日も多々。睡眠時間はしょうがないが、質の高い睡眠をとるにはどうしたらいいですか。 会社員（51歳）\nA.まずは枕を替えてみよう！\n推測ですが、枕の下に手を置いて寝ていませんか？ 枕が合っていない証拠なので、上向きや横向きなど、どの角度で寝てもホールドしてくれる枕にシフトを。頭が痛い場合は、食いしばりの可能性も。その場合はマウスピースをすると、解決しやすいです。\n\n9つのユニットで形成された寝返りが打ちやすい枕。あお向けでも横向き寝でも、しっかりと頭と首を支える。\nロフテー 9セルピロー010（粒わた）¥44,000\nQ. 長い間中途覚醒に悩んでいます アルバイト（53歳）\nA.睡眠時間制限法を取り入れて\nあえて遅寝早起きをしましょう。そして眠っていた時間÷ベッドにいた時間×100で、比率を出してみてください。85％以上が出たら、寝る時間を15分早めて、少しずつ睡眠時間を延ばしましょう。時間効率がグッと上がるので、中途覚醒の悩みが消えるはずです。\n\nあなたの睡眠効率（％）を確認する\n実際に眠った時間 ÷ ベッドにいた時間 × 100\n\n\nお悩み＆疑問にズバリ回答！\n睡眠コンサルタント 友野なお先生\n行動療法からの睡眠改善、快眠を促す寝室空間作りを提案。全国での講演活動や執筆も行う。睡眠コンサルタント","['https://newsatcl-pctr.c.yimg.jp/t/amd-img/20240701-00010018-biteki-000-1-view.jpg?pri=l&w=640&h=640&exp=10800', 'https://newsatcl-pctr.c.yimg.jp/t/amd-img/20240701-00010018-biteki-001-1-view.jpg?pri=l&w=640&h=640&exp=10800', 'https://newsatcl-pctr.c.yimg.jp/t/amd-img/20240701-00010018-biteki-002-1-view.jpg?pri=l&w=640&h=640&exp=10800']","['https://news.yahoo.co.jp/articles/1448a2f4994ea90744a9ae2be7baaf46260752f6/images/000', 'https://www.biteki.com/gallery/1843552?from=1843253&image=1', 'https://news.yahoo.co.jp/articles/1448a2f4994ea90744a9ae2be7baaf46260752f6/images/001', 'https://news.yahoo.co.jp/articles/1448a2f4994ea90744a9ae2be7baaf46260752f6/images/002']"
バレーボール・石川祐希選手＆石川真佑選手が共演！ 世界へ挑む兄妹の「戦う」美容、「魅せる」美容（美的.com）,https://news.yahoo.co.jp/articles/b298912d45a8cf6c8649fcb4c103548a3c10f226,https://newsatcl-pctr.c.yimg.jp/t/amd-img/20240701-00010015-biteki-000-1-view.jpg?exp=10800,2024-07-01T18:53:39+09:00,2024-07-01T18:53:39+09:00,美的.com,biteki,美的.com,2558,"\n意識していないのに、やっぱり似てる！？ 石川兄妹の美しき共通点\nバレーボール・石川祐希選手＆石川真佑選手\n見てくださる方々が、気持ち良く応援できるように──。そんな素敵な理由から、石川兄妹は美容にも熱心に取り組んでいます！\n【写真15枚】この記事で紹介した、石川兄妹のアナザーショットや愛用アイテムの写真はこちらからチェック！\n兄 石川祐希選手\nいしかわゆうき／18歳からイタリアを拠点に活躍し、今季はイタリア・セリエAの強豪「Sir Susa Vim Perugia」と契約。1995年12月11日生まれ。\n\n妹 石川真佑選手\nいしかわまゆ／18歳で日本代表に初選出され、2023年に本拠地をイタリアに。今季からセリエAの「Novara」に移籍し、さらに注目を集める。’00年5月14日生まれ。\n祐希＆真佑の共通点 1｜どちらかというと「乾燥肌」\n「皮膚が薄くて乾燥しやすい肌質なので、スキンケアは頑張っています。イタリアの水が合わず肌あれしたときは、ドクターケイの美容液に助けられました」と、真佑選手。祐希選手も、体を含め肌は敏感に傾きやすい方。治療機器でかぶれたり、バレーボールが当たって青アザがすぐにできることも。\n\n＼真佑選手お気に入り／\n穏やかに作用するレチノール誘導体がイン。角質や毛穴、エイジングケアにも◎。\nドクターケイ ABC-Gリペアセラム 25ml ￥8,250\n祐希＆真佑の共通点 2｜スキンケアは「ライン使い」派\n「ホームページとかに掲載されている使用順を見て、”これも必要そう”と感じたらポチります。洗顔、化粧水、美容液、乳液…今は7品くらいポーラ。約1年使っています」（祐希選手）。\n真佑選手はラ ロッシュ ポゼの化粧水、美容液、クリームが今のお気に入り！\n\n＼祐希選手のデイリーケアがすごい！／\n洗顔orクレンジング→化粧水→美容液→乳液が、祐希選手の朝晩のスキンケアルーティン。ツウ好みの名品も多く、美容感度はかなり高めです！\n\n汗による毛穴の目立ちを防ぐ保湿化粧水。\nポーラ B.A ローション イマース 120ml ￥13,200\n\nくすみを浄化し、輝きを生み出すハリ美容液。\n同 セラム プリズルミナ［医薬部外品］40ml ￥22,000\n\n炭酸泡がはじけ、潤いを与えて肌を引き締める美容乳液。\n同 ミルク フォーム 84g ￥13,200\n祐希＆真佑の共通点 3｜「UVケア」に抜かりなし\n屋内スポーツのアスリートでも”日焼け止めは年中マスト”が、石川兄妹の常識！\n「日焼け止めを塗って汗をたくさんかいた日の夜は、洗顔料ではなくクレンジングを使ってオフしています」（祐希選手）\n\n祐希選手愛用。太陽光の中でも美肌に効果的な赤色光のみを取り込み、ハリを高める。\nポーラ B.A ライト セレクター N SPF50+・PA++++ 45g ￥12,100\n\n真佑選手愛用。ノーカラーで潤い長もち。メイク下地にも◎。\nラ ロッシュ ポゼ UVイデア XL SPF50・PA++++ 30ml ￥3,960\n祐希＆真佑の共通点 4｜シャンプー＆コンディショナーは「サロン専売品」\n「大学生の頃からお世話になっている美容師さんに勧められ、オージュアのエイジングスパシリーズを今も使っています」（祐希選手）\n真佑選手もとっても美髪！ イタリアに行った今も、サロン専売品の「Silk」を愛用。\n\n＼祐希選手愛用／\n頭皮の潤いバランスをベストに整えつつ、髪のダメージケアも。ふんわりみずみずしく洗い上げる。\n\nミルボン オージュア エイジングスパ シャンプー 250ml ￥3,080（美容室専売品）\n\n同 リラクシング マスク 250g ￥4,180\n祐希＆真佑の共通点 5｜映るなら「美しく」\n「イタリアでは多くの選手が、試合のときもメイクをしています。なので私も、コンシーラーとパウダー、眉とシアー発色のリップくらいのナチュラルメイクをするように。ルナソルやディオールのメイクコスメには、惹かれることが多いかも」（真佑選手）\n\n祐希＆真佑の共通点 6｜意外と「無趣味」\n「強いこだわりが、いろんなジャンルにおいて多分ないんです（笑）」と、真佑選手。祐希選手は「趣味にハマったら止まらなくなるので、なくていいかなと」とアンサー。ここは兄妹それぞれの個性が光る理由がキラリ☆\n祐希＆真佑の共通点 7｜「バレーボール」のことを聞くと、人が変わる！\n「バレーボール」のことを聞くと、人が変わる！\n美容に関する取材中は朗らかなオーラを放っていたけれど、バレーボールの話になると途端に”キリッ”と切り替わるのも、ふたりの共通点。『美的』読者に向けて、バレーボールやパリへの意気込みを語ってくださいました！\n\n“メダル獲得は当然の目標。皆さんの応援が大きな励みです”\n\n日本のバレーボールを今、たくさんの方々が楽しくご覧になってくださっていると聞き、僕もうれしい気持ちでいっぱいです。\n\nその楽しさを、パリではもっと味わっていただきたい。そのためにも今、日本代表チームはメダルをひとつの目標に掲げ、練習や試合に取り組んでいます。\n\nメダルを獲った姿を『美的』読者さんにも見ていただきたいので、応援をよろしくお願いします。\n\nちなみに日本代表選手には美容好きも多いので、そこに注目をするのも楽しみのひとつかと。\n\nby Yuki Ishikawa\n\n“自分のプレーと日本代表の活躍を通してバレーボールの魅力を伝えたい！”\n\nバレーボールの魅力をもっとたくさんの人に伝えたいという気持ちが強く、伝えることも今、とても楽しくなってきています。\n\nけれども、伝える、そして伝わるためには自分たちがしっかりと結果を出すことが何よりも大切です。\n\nまずは、パリの出場権を得ること。\n\nそして、メダルを獲ること。\n\n実現に向かって今、さらに励んでいるので『美的』読者さんにも、熱く応援いただけたら幸いです。\n\nby Mayu Ishikawa",['https://newsatcl-pctr.c.yimg.jp/t/amd-img/20240701-00010015-biteki-000-1-view.jpg?pri=l&w=640&h=640&exp=10800'],"['https://news.yahoo.co.jp/articles/b298912d45a8cf6c8649fcb4c103548a3c10f226/images/000', 'https://www.biteki.com/gallery/1859742?from=1858712&image=1']"
【Z世代コスメオタク・カナコ】の4月の購入品を全部見せ！（美的.com）,https://news.yahoo.co.jp/articles/c67f05af87968cf6eb75a8fc43f0699a63e4dad7,https://newsatcl-pctr.c.yimg.jp/t/amd-img/20240701-00010016-biteki-000-1-view.jpg?exp=10800,2024-07-01T20:01:00+09:00,2024-07-01T20:01:00+09:00,美的.com,biteki,美的.com,1850,\nクレ・ド・ポー ボーテ、値上がり前に全部買い\nクレ・ド・ポー ボーテの化粧下地全種類\nZ世代コスメオタク・カナコの購入品を紹介します♡4月は40アイテムを購入しました！今月もバズったものは全て購入。コスメ棚がうるおって幸せです♡春の新作が多く販売され、ラメ系の可愛いコスメが多くて私好みのものばかりでした！今月のお気に入りのコスメたちをご紹介させていただきます。\n【写真5枚】この記事で紹介した、Z世代コスメオタク・カナコさんが購入したアイテムの写真はこちらからチェック♪\nクレ・ド・ポー ボーテが4月16日に値上がりするということだったので、気になっていた化粧下地を全シリーズ購入しました。もともと、1番人気の「ヴォワールコレクチュール n」は持っていたのですが、これが陶器肌に仕上がって大好きだったので他の下地も気になって買っちゃいました…！使ってみた感想としては、それぞれの肌悩みに合わせて使い分けるのが良さそう♡\n\nくすみが気になる方は「ヴォワールコレクチュール n」。毛穴が気になる方は「ヴォワールマティフィアンリサン」。トーンアップを求める方は「ヴォワールルミヌ」。化粧崩れを防止したい方は「ヴォワールイドラタンロングトゥニュ」。私はくすみをなくして透明感のある仕上がりが好みなので、大バズりのヴォワールコレクチュール nが1番お気に入りでした♡みなさんはどれが気になりますか？\nウォンジョンヨが激アツコラボ♡\n韓国コスメブランドのウォンジョンヨが、大人気アニメの「推しの子」とのコラボコスメを発売！アットコスメトーキョーで先行発売するとのことで、発売日当日、開店と同時にゲットしに行きました。大人気で欠品続きのフェイスパウダーがリニューアルし、それが推しの子とのコラボということで何がなんでもゲットしなきゃいけないと思いまして…♡\n\nウォンジョンヨの「フィクシングブラーパウダー N」は、リニューアルされて容量がアップ！トーンアップ効果も高くて、皮脂を吸着してサラサラに仕上げてくれる、欠品するのも納得の優秀パウダーです。ふんわり繊細なパウダーが肌にとけこみ毛穴をぼかしてくれて、なめらかで透明感のある肌にしてくれます♡パッケージが可愛いのはもちろん、美容液成分が入っていて保湿効果があり、で乾燥も気にならなくてお気に入り。\n韓国大人気のコスメブランド「NAMING」が日本上陸！\n韓国でも大人気の「NAMING」\n\n韓国で大人気のコスメブランド、「NAMING」が日本に上陸したのはご存知ですか？ブランドミューズにはTWICEのナヨンさんが起用されていて、個人的に注目度ナンバーワンのコスメブランドです。クッションファンデーションとコンシーラー、マスカラ、チーク、リップが日本でも発売されています。\n\n中でも「フラッフィーパウダーブラッシュ」というチークが個人的にお気に入りで、日本限定色の03のsummonが使いやすい。肌本来のトーンも活かしながらも華やかさも演出する、じんわりとした発色のマットチークで、03のカラーはさわやかなピーチピンク♡ナヨンさんがビジュアル撮影した時も、03のチークを使っていたそうで、ほわんと上気したような仕上がりが可愛すぎるの♡私もナヨンさんに近づきたくて、最近は毎日このチークを使ってメイクを仕上げてます。\n韓国女子になりたい女のメイク\n韓国風メイクをやってみました♡\n韓国系のルックスに憧れているので、韓国コスメをふんだんに使ってメイクしてみました♡ベースメイクはNAMINGの「レイヤード フィットクッション」でツヤ肌に仕上げます。その上には、ウォンジョンヨの「フィクシングブラーパウダーN」を重ねて、毛穴レスな陶器肌に！01のプレーンピンクを使えばほどよい血色感を演出することができて、韓国アイドルのような華やかな仕上がりになります。\n\nアイメイクのポイントは束感まつげと涙袋！これまたウォンジョンヨの新作、「ヌードアイラッシュ」の05ディープブラックと「メタルシャワーペンシル」の05バニラヴェールを使っています。ヌードアイラッシュは、コームタイプのものを縦にして塗ると束感まつげが簡単にできちゃいます。涙袋はぷっくりと見せるのが可愛いので、涙袋ペンシルを使うのがおすすめ！メタルシャワーペンシルは、自然なボリューム感のある涙袋に仕上がるので、初心者さんも使いやすいので、ぜひ試してみてください♡,"['https://newsatcl-pctr.c.yimg.jp/t/amd-img/20240701-00010016-biteki-000-1-view.jpg?pri=l&w=640&h=640&exp=10800', 'https://newsatcl-pctr.c.yimg.jp/t/amd-img/20240701-00010016-biteki-001-1-view.jpg?pri=l&w=640&h=640&exp=10800']","['https://news.yahoo.co.jp/articles/c67f05af87968cf6eb75a8fc43f0699a63e4dad7/images/000', 'https://www.biteki.com/gallery/1842095?from=1831399&image=1', 'https://news.yahoo.co.jp/articles/c67f05af87968cf6eb75a8fc43f0699a63e4dad7/images/001']"
モデル・起業家としても活躍する中林美和さん×作家LiLy対談連載「生きるセンス」（美的.com）,https://news.yahoo.co.jp/articles/ace5c8a1ae5a2f4bddd02cdf3fd4b454d3d043e9,https://newsatcl-pctr.c.yimg.jp/t/amd-img/20240701-00010012-biteki-000-1-view.jpg?exp=10800,2024-07-01T18:46:50+09:00,2024-07-01T18:46:50+09:00,美的.com,biteki,美的.com,2435,\n作家・LiLy × 今回のゲスト 中林美和さん\n作家LiLy×モデル・起業家中林美和さん\nLiLyさん（以下、L）：先日は、私が立ち上げたセクシャルウェルネスのブランド〝Bedin〟のローンチパーティに来てくれてありがとう！\n\n美和さん（以下、M）：37℃の「美容液キャンドル」なんて、どこにもないコンセプトだよね。感動しちゃった。\n\nL：そう、キャンドルでありながら、中身は米ヌカやソイなどの天然由来成分をベースにした、97％ナチュラルの美容液。バニラ豆の温感効果でポカポカと温まるのが特徴で、香水やボディクリームとはまた違う使用感を楽しんでほしいの。ひとりではもちろん、愛する人と一緒に使ってほしいなぁ、なんて考えてるんだ。\n\nM：なるほど、さっすが！ LiLyが考えている素敵なストーリーが伝わってくる。これから少しずつ大きくしていきたいね。\n\nL：今回、私はこのビジネスを始めるために会社を立ち上げて、起業家としての人生をスタートさせたわけだけど、美和ちんはその意味でも大先輩。株式会社「me」の代表取締役として、多忙な日々を送っているんだよね。\n\nM：そう、モデルの仕事を続けながら、オーガニックスパブランド〝MAROA〟を立ち上げて、今は代表兼プロデューサーの活動にシフトしてる。\n\nL：ずばり、なぜ起業したの？ 改めてその理由を聞いてみたいな。\n\nM：会社を立ち上げたのは39歳で、今からちょうど6年前ぐらい。私は30代後半にいろんなことがあって、40代を前に「人生これからどうなるんだろう」ってすごく気持ちがふさいでしまった時期があったの。\n\nL：うんうん、よく覚えてるよ。\n\nM：モデルの仕事は充分にさせてもらっていたけれど、客観的に自分を見て、将来を考えたとき、「10年後の自分は、今と同じように同じ量の仕事をしていないだろうな」って感じたんだよね。もちろん不安な気持ちにもなったけど、ここで一度自分としっかり向き合って、これからの生き方を整理しようと思ったの。そこで出た答えが「自分の足で立てる場所が欲しい」というもの。妻でもママでもモデルでもない、中林美和というひとりの人間として立てる場所。そこで「ならば起業しよう！」と決意したんだよね。\n\nL：さすが、しびれるわ！ 当時、閉じ込もるのとはまた違う形で、しっかりひとりの時間をとって考えていた時期があったのも、そこで力をためて少しずつ起業へと動いていったプロセスがあったのも、すごくよく覚えている。落ち込んでいたところから、サナギになり、蝶々になる過程のようだった。\n\nM：そっと見守ってくれていたよね。\n\nL：人間、年齢を重ねることは老いることでもある。今の時代、加齢を前向きに捉える風潮はあるけれど、モデルという仕事は少し事例が違うよね。老いはただでさえメンタルを直撃するのに、それが仕事に影響を与えることもある、というのはときに残酷。想像するだけで大変だなと思う。\n\nM：そのことをひしひしと肌で感じていたんだと思う。\n\nL：でも、時間をかけてでも最後には自力ですくっと立ち上がったんだよね。\n\nM：うん。「もうひとつ翼が欲しい」って強く思ったの。\n\nL：それで事務所を辞めて独立して、プライベートでは離婚も経験して、さらに起業。激動だった。\n\nM：でもね、思い返してみればいい経験。すべて必要なことだったと思う。\n\nL：私は美和ちんのその柔らかなポジティブさが好き。メディアでははじけるような笑顔を披露しているイメージがあるけれど、人の心の機微をちゃんとキャッチする繊細さも備えている人。ただ明るいだけではなくて、しっかり自分に向き合う強さもあって、だからこそ悩んだ後に出す答えが、いつも賢い。\n\nM：ありがとう。うれしい！\n\nL：ちなみに、起業したとき、どんなことをイメージして、何をやりたいと思ったの？\n\nM：私は友人と一緒に会社を立ち上げたんだけど、友人は介護に、私は育児に、お互い忙しかった。でも同世代の人ってみんなそうじゃないかなって。人によって事情はそれぞれあるけど、共通しているのは「リラックスできる特別な時間が少しでも欲しい」ということ。ならば、「リアルな発想で、日常に寄り添う物作りをしようよ」って。\n\nL：それが〝MOROA〟の始まりなんだね。起業から丸6年がたって、7年目を迎えようとする今、私にアドバイスはある？\n\nM：ブランド立ち上げの今は、恋愛でいうと〝恋の始まり〟みたいなもの。そのときめきやウキウキを存分に味わってほしいな。\n\nL：さすがのたとえだね！ 恋愛、まさにそう。となるとローンチ後はどうなるの？\n\nM：恋から結婚に進化して、結果にコミットすべく、ありとあらゆる現実に向き合うことになります（笑）。\n\nL：ひゃー大変！ でもリアルこそやりがいがあるよね。これからも先輩として、いろんなことを教えてください！\n\n自分としっかり向き合う人は賢い答えを導き出す――LiLy\n\n自分の足で立ちたい。それが起業のきっかけ――美和さん\n\n立ち上がる姿はサナギから蝶々になる過程のようだった――LiLy\n\nもうひとつ翼があれば、さらに遠くまで飛べると思った――美和さん\n\n \n\n\n中林美和\n1979年生まれ。16歳から小学館『CanCam』専属モデルとして活躍。23歳で結婚、出産を経て、ママモデルの先駆者的存在に。2018年オーガニックスパブランド「MAROA」を立ち上げ、代表兼プロデューサーとして活動する。\n\nLiLy\n1981年生まれ。N.Y.、フロリダでの海外生活を経て、25歳で作家デビュー。女性心理と時代を鋭く描き出す作風に定評がある。2024年セクシャルウェルネスブランド「Bedin」をローンチ。,['https://newsatcl-pctr.c.yimg.jp/t/amd-img/20240701-00010012-biteki-000-1-view.jpg?pri=l&w=640&h=640&exp=10800'],['https://news.yahoo.co.jp/articles/ace5c8a1ae5a2f4bddd02cdf3fd4b454d3d043e9/images/000']
『美的』2024年上半期ベストコスメ【毛穴ケアランキング】肌への刺激は抑えながら強力な角栓除去力を発揮！（美的.com）,https://news.yahoo.co.jp/articles/cfb3b3d77d8f17e0becf52e4bb15fa8991c43a6c,https://newsatcl-pctr.c.yimg.jp/t/amd-img/20240701-00010010-biteki-000-1-view.jpg?exp=10800,2024-07-01T12:30:04+09:00,2024-07-01T12:30:04+09:00,美的.com,biteki,美的.com,1017,"\n【3位】ドクターケイ ABC-Gリペアセラム\n【3位】ドクターケイ ABC-Gリペアセラム\nなめらかな毛穴レス肌がかなうレチノール美容液\n価格：￥8,250\n容量：25ml\n発売日：2024-05-24\n【写真3枚】この記事で紹介した、『美的』2024年上半期ベストコスメ【毛穴ケアランキング】2位と1位はこちらからチェック！\nバラエティショップ しっとり 毛穴 美容液 朝・夜 しっとり 1回当たり￥137\n\n「A反応が起こりにくい処方なので、安心して攻めのケアができます」（エディター／ライター 越後 有希子さん）\n「ビタミン類×グルタチオンの最強コンビで、毛穴レスの透明肌に」（美容家 石井 美保さん）\n【2位】ロート製薬 オバジ オバジC 酵素洗顔 パウダーDP\nビタミンC×酵素の力で大人肌の毛穴悩みを解消\n価格：￥2,420\n容量：0.4g×30個入\n発売日：2024-06-01\n\nドラッグストア しっとり 毛穴 洗顔パウダー 夜 1回当たり￥81\n\n「複雑な毛穴悩みに強力にアプローチしてくれるのがうれしい」（美容家 小林 ひろ美さん）\n「水切れも良く、さっぱりとした洗い上がり。次第に黒ずみにくくなってきた気が」（ヘア＆メイクアップアーティスト 吉崎 沙世子さん）\n【1位】コーセー ONE BY KOSE クリアピール セラム\n繰り返す角栓詰まりに先回りしてクリアな肌に\n毛穴を塞ぐ古い角質を取り除き、角栓のできにくい肌へと導くディープクリア処方を採用。厚みのあるとろりとしたテクスチャーで毛穴ケア、角栓ケア、保湿ケアをひとつでかなえ、スキンケアの浸透やメイクノリ抜群の毛穴レスでちゅるんとした肌に整える。洗顔料代わりにも使えて便利。\n価格：￥3,850（編集部調べ）\n容量：120ml\n発売日：2024-05-16\n\nドラッグストア しっとり 毛穴 拭き取り美容液 朝・夜 1回当たり￥64\n\n「穏やかな使い心地がうれしい。悩んでいる人が多いのに、なかなか撲滅しない毛穴悩みのネクストケアがついに生まれた感じがします！」（美容ジャーナリスト 永富 千晴さん）\n「毛穴ケアなのに突っぱらず、角栓がケアできるので乾燥肌でも心地よく使える」（美容ライター 安井 千恵さん）\n「ザラつき毛穴がつるん！潤いもキープできて最高」（美容家 大野 真理子さん）",['https://newsatcl-pctr.c.yimg.jp/t/amd-img/20240701-00010010-biteki-000-1-view.jpg?pri=l&w=640&h=640&exp=10800'],"['https://news.yahoo.co.jp/articles/cfb3b3d77d8f17e0becf52e4bb15fa8991c43a6c/images/000', 'https://www.biteki.com/gallery/1861005?from=1859050&image=1']"
その疲労、胃腸から来る疲れかも？体調は”食べて管理”が大切です【大人の疲労悩みQ&A】（美的.com）,https://news.yahoo.co.jp/articles/22b68e1084009ed93622804445bd530075bb1ecf,https://newsatcl-pctr.c.yimg.jp/t/amd-img/20240701-00010011-biteki-000-1-view.jpg?exp=10800,2024-07-01T17:56:35+09:00,2024-07-01T17:56:35+09:00,美的.com,biteki,美的.com,2563,\nQ. 手足の冷えが取れません。冷えに良いとされる“しょうが”が苦手なので、どうしたら良いでしょうか？ サービス業（42歳）\n“シナモン”に変えましょう！\nA.“シナモン”に変えましょう！\nしょうがが苦手なら、末端神経まで温める〝シナモン〟をとるようにしましょう。そしてもうひとつ。冷たいものや生もの、甘すぎるものの過剰摂取も控えることが大切です。中医学の視点から、冷えるものを少し減らして、体を温める食材を増やすと、バランスが良くなって冷えも緩和すると思います。例えば、体を冷やすコーヒーばかり飲んでいたら、半分は体を温める紅茶に替える。さらにお砂糖の中では体をいちばん温める黒糖とシナモンを加えれば、温め効果も倍増！ 黒糖紅茶はおいしいので、作ってみたらハマるかもしれないですよ。こうやって、冷えを緩和させる手立てをたくさん増やして、手足の冷えから脱却できることを祈っております。\n【写真5枚】この記事で紹介した、胃腸から来る疲れにおすすめの食材はこちらからチェック！\n知っておくと便利！体を温めるもの、冷やすものリスト\n\n＜体を冷やすもの＞\n・きゅうり ・トマト ・生クリーム ・白砂糖 ・パプリカ ・カニ ・スイカ ・なす ・豚肉 ・緑豆 ・レタス ・コーヒー\n\n＜体を温めるもの＞\n・シナモン ・ヒハツ ・しょうが ・酢 ・玉ねぎ ・七味唐辛子 ・オリーブオイル ・にんにく ・紅茶 ・サケ ・エビ ・カボチャ ・クルミ ・ラム ・鶏肉 ・山椒 ・黒糖\nQ. 疲労回復のために、積極的に摂取した方がいい栄養素を知りたいです。 会社員（47歳）\nA.血を作るもの、ビタミンB1×アリシンがおすすめ\nまず積極的に摂取したいのは、レバーやマグロなど血液を作る赤いものと黒いものや、鉄分を摂取できる食材。血が足りていないと疲労は回復できないので、月経がある方は特に意識して、血を補うために鉄分をとることが大事です。次に、疲労回復効果があるビタミンB1。体内への吸収を高めてくれるアリシンとの組み合わせで摂取するのがベストです。豚肉とにんにくの炒めものやレバにら炒めとか。胃腸が疲れているときは、炒めものは避け、梅干しなどのクエン酸で疲労回復をサポートしましょう。梅干しはそのまま食べてもいいけれど、体調をくずしたときは茶碗蒸しにしたり、おかゆに入れたりして胃腸を休ませてください。後は鶏の胸肉に含まれるイミダペプチド。渡り鳥が長く飛べる理由を解明したエビデンスがしっかりあり、抗疲労成分がたっぷり。ヘルシーで修復効果があるため、アスリートにも人気の食材です。\n\n血を作るものはこれ！\n血液の成分となる鉄分を多く含む代表食材は、小松菜やレバー、にら、アサリ、イワシなど。マグロやカツオなど、赤い魚の血合いは疲労回復にgood。ヒジキや黒豆、黒ごまなどの黒い食材も、薬膳では血を補う食材に。\n\nビタミンB1×アリシン\n糖質をエネルギーに変える働きがあるビタミンB1は、疲労回復にも最適。主な食材は豚肉、ウナギ、ナッツ類、大豆など。にんにくや玉ねぎに含まれるアリシンと共に摂取すると吸収力が高まり、滋養強壮効果も期待大。\n\nこれもおすすめ\n\n＜鶏胸肉＞\n疲れを取るために必要なイミダペプチドの量200㎎を、わずか100g程度で摂取できる、疲労界のスーパーフード。ヘルシーで手軽で、リーズナブルと、いいことだらけ。\n\n＜クエン酸＞\n疲れたときに手軽にとれるのがクエン酸。梅干しや柑橘類、酢などに含まれる。酢は腸活や体を温める効果も。果実はカリウムや食物繊維を多く含むので、疲れやむくみにも◎。\nQ. 夜勤があるため、不規則な生活リズムでも、胃に負担が少ない食事方法があれば試してみたいです。 看護師（41歳）\nA.湯豆腐で体を温めつつ、おなかを満たして\n夜勤明けはがっつり食べると消化せずに胃に残留して、眠りの妨げになるので軽めが基本。温かくて胃腸に優しくて、良い眠りを補佐して、ホルモンのバランスを整えて、疲労を回復させる。それをかなえるのが、湯豆腐です。豆腐を温めて食べると、イソフラボンが女性ホルモンと似た働きを行うからいいんですよ。市販のお豆腐を使ってもいいですし、黒酢としょうゆと豆乳を合わせてレンジで作る台湾のドウジャン風のフルフルスープもおいしいです。ほんのり酸味のあるやわらかな台湾風お豆腐。イソフラボンもカルシウムもとれて、胃腸に優しい。免疫力を高めるサポートにももって来いのメニューです♪\n\n井澤さんのイチオシレシピ\n心もホッとする♡フルフルスープ」\n\n【1】深めの器に、黒酢（大さじ1）としょうゆ（小さじ2）を入れる。\n【2】レンジで温めた豆乳（沸騰直前の温かさがベスト）を 130～150㏄注ぎ入れる。\n【3】カツオぶし、刻みねぎ、ラー油を添えて完成。\nQ. お酒を飲んで、翌朝残った感じがある場合の朝食は？ 会社役員秘書（51歳）\nA.ジュースで充分！\n胃がお疲れなので、朝ごはんはジュースやシジミ汁など、汁もののみが良いですね。私はセロリをブレンドしたトマトジュースをよく飲みます。おすすめはオレンジやミカンをしぼったフレッシュジュース。ミカンに含まれるタンニンは血圧を下げる効果があるとされ、二日酔いのもととなるアセトアルデヒドの分解を促進するビタミンCや糖分なども摂れます。\n\nフレッシュなものがベスト！\nQ. 元気でいるために食事は3食しっかり摂取すべきですか？ マスコミ勤務（43歳）\nなかがグーッとなってから食べよう\nA.体調に合わせて、無理して食べなくてOK\nグラン世代は腹八分目が目安。3食を満足行くまで食べていたら、逆に胃が疲れちゃいますよ。おなかがグーッと鳴ってから食事をとらないと、栄養ってすみやかに体に入らないので。前の食事で食べすぎたら、1食抜くぐらいがちょうど良いですね。3食よりも、体調に合わせて食べましょう！\n\n\nお悩み＆疑問にズバリ回答！...料理家・国際中医師 井澤由美子さん\n東京食薬Labo主宰。発酵食や薬膳にも造詣が深く、食材の効能を生かすレシピに定評がある。,"['https://newsatcl-pctr.c.yimg.jp/t/amd-img/20240701-00010011-biteki-000-1-view.jpg?pri=l&w=595&h=640&exp=10800', 'https://newsatcl-pctr.c.yimg.jp/t/amd-img/20240701-00010011-biteki-001-1-view.jpg?pri=l&w=640&h=640&exp=10800']","['https://news.yahoo.co.jp/articles/22b68e1084009ed93622804445bd530075bb1ecf/images/000', 'https://www.biteki.com/gallery/1843539?from=1843219&image=1', 'https://news.yahoo.co.jp/articles/22b68e1084009ed93622804445bd530075bb1ecf/images/001']"
田中みな実さん「何もかもを見透かされているようで胸の奥がざわめく」｜花が言うには。（美的.com）,https://news.yahoo.co.jp/articles/3e6c1fe2cd0143ed879437fa6582003bdbafb1d8,https://newsatcl-pctr.c.yimg.jp/t/amd-img/20240701-00010009-biteki-000-1-view.jpg?exp=10800,2024-07-01T12:20:03+09:00,2024-07-01T12:20:03+09:00,美的.com,biteki,美的.com,1313,"\n【今月の花】百合／花言葉「純粋」「無垢」「威厳」\n田中みな実さん\nどこまでも清潔な百合を前に、私たちはたじろぐ。\n\nこの世の美しいものだけを見てきた目で、真っ直ぐにこちらを見据える。\n【写真4枚】この記事で紹介した、田中みな実さんのアナザーショットやメイクに使ったアイテム写真はこちらからチェック！\n何もかもを見透かされているようで胸の奥がざわめく。\n\n無垢なあなたが放つ威厳に、どうしたって私たちは後ずさってしまうんだ。\n\n―――written by Minami Tanaka\n使用アイテム\nA. ヘルシーな表情に彩る3色構成のフェースカラー。\nシャネル レ ベージュ ヘルシー グロウ サンキスト パウダー ライト コーラル ￥13,750\n\nB. 潤い感あふれるツヤや目映い程にきらめくグリッター、シアーなマットなど、多彩な質感のピンクトーンをセット。\nアリエルトレーディング ラカ フォーエバー6アイパレット03 ￥2,970\n\nC. さらっと軽やかなつけ心地のリップオイル。繊細なパールが品良くきらめくシェルピンクは、1本でも重ね使いでもかわいい！\nスナイデル ビューティ ピュア リップ シマー オイル EX03 ￥2,970（6月7日限定発売）\n\nD. 上質なマットレザーのような、奥深く上質感ある仕上がり。肌を美しく引き立てるヌードピンク。\nプラダ ビューティ モノクローム ウェイトレス リップカラー（マット レザー） B13 ￥6,930（セット価格）\n\nE. 指先に軽やかな抜け感をもたらす、ピュアなペールホワイト。\nTHREE ネイルラッカー 10 ￥2,420\nメイク方法\n「百合の花のような高潔な美しさに、大胆な輝きとツヤで旬な抜け感をプラス」\nヘア＆メイクアップアーティスト林 由香里さん\n\nEYE\nBの上中央をアイホール全体に広くなじませたら、下中央を上まぶたのキワからグラデーションして深みをプラス。右下を上まぶたギワの黒目の外側～目尻に細めに入れ、目尻は少しのばす。右上を上まぶたの中央にのせ、左右に広げて大胆にきらめかせて。下まぶたの目尻側2/3には中央上下の2色を混ぜてぼかし、目頭側1/3に左上をのせてみずみずしい艶めきをオン。そして下まぶたの中央にも右上を。くすみピンクの柔らかなニュアンスとあふれる程のきらめきのコントラストで、旬なムードとフレッシュなピュアさを誘引。\n\nCHEEK\nAの上下2色をメインに、中央はごく少量をブラシでとり、頰の上めの位置にふわり。ヌーディな血色感でヘルシーな表情に。\n\nLIP\nDをじか塗りしてふっくらとした唇に仕立ててから、Cをたっぷり重ね塗り。\n\nNAIL\nEを全体に2度塗り。純白パールの繊細な艶めきが、気品のある指先を演出。\n\n“何もかもを見透かされているようで胸の奥がざわめく”\n―――by Minami Tanaka\n\n\n田中みな実\n学生時代に美容にハマり、今ではプロ級の知識のもち主に。ドラマ『Destiny』（テレビ朝日）に出演中。",['https://newsatcl-pctr.c.yimg.jp/t/amd-img/20240701-00010009-biteki-000-1-view.jpg?pri=l&w=640&h=566&exp=10800'],"['https://news.yahoo.co.jp/articles/3e6c1fe2cd0143ed879437fa6582003bdbafb1d8/images/000', 'https://www.biteki.com/gallery/1860989?from=1857981&image=1']"
【発表】美容好き女子愛用「美白＆UV」TOP3！今年の夏はこれで勝負！（美的.com）,https://news.yahoo.co.jp/articles/ff494c27fb101abbf317039d32c6bea97f4b7cb0,https://newsatcl-pctr.c.yimg.jp/t/amd-img/20240701-00010013-biteki-000-1-view.jpg?exp=10800,2024-07-01T18:47:32+09:00,2024-07-01T18:47:32+09:00,美的.com,biteki,美的.com,3758,"\n美的クラブが愛用中！美白スキンケアTOP3\n“美的クラブ”愛用中の美白ケア＆UVアイテムの人気TOP3は？\nまずはスキンケアとして取り入れている美白アイテムを調査。皆さん様々な美白アイテムを取り入れている様子でしたが、注目は「美容液」！特に、美白有効成分を「美容液」で取り入れている人が多くみられました。\n第1位 HAKU メラノフォーカスEV\nシリーズ発売以来、毎年注目されている美白美容液が堂々の1位に。資生堂の研究に基づいた確かな効果とドラックストアでも気軽に購入できるところも、人気につながっているようです。\n\n「他の美白アイテムも試してみるけれど、結局これが1番効果がある気がして戻ってくる」（30歳）\n「肌の状態が悪い時でも支障なく使えるお守りアイテム。1年以上使用していますが、肌がくすむことがなくなり、全体的な透明感がアップ！」（34歳）\n\n価格：￥11,000\n容量：45g\n第2位 ポーラ ホワイトショット フェイシャルセラム\n今春発売された大注目の美白美容液。“ルシノール®”とビタミンC誘導体の2種の美白有効成分や、肌あれ防止有効成分・グリチルリチン酸2K、7種のオリジナル美容成分が贅沢に配合されています。\n\n「さらりとしたテクスチャーで朝のメイク前にでも気にせず使えます。早くもシミが薄くなってきた気がして、これからも使い続けたです」（35歳）\n「水のような軽さが、脂性肌＆赤みニキビが出やすい季節も使いやすく、明るさの底上げをしてくれます。ダントツの肌なじみの速さでこれがないと夏を乗り切れません！」（38歳）\n\n価格：￥16,500 / ￥15,400\n容量：25ml / レフィル 25ml\n第3位 ONE BY KOSE メラノショット W\nシミの“色”だけでなく、“数”、“広がり”にアプローチして隙のない美白ケアを目指した美白美容液。美白有効成分として「コウジ酸」が配合されているところも人気の理由。\n\n「他の美白成分より分子量が小さいコウジ酸が配合されており、テクスチャーもさらっとして重たくないところが使いやすい」（32歳）\n「効果を感じられるのに、コスパも良く、毎日使い続けれられる」（37歳）\n\n価格：￥5,830（編集部調べ）\n容量：40ml\n第3位 コスメデコルテ ホワイトロジスト ネオジェネシス\n同率3位にランクインしたのは、昨年リニューアルして7代目に進化した美白美容液。全顔のメラニン生成細胞を狙い、今見えるシミはもちろん、兆しさえも見逃さずアプローチする技術で、潤いと透明感のある肌になれると好評。\n\n「目元のシミやソバカスが気になって使い始めたところ、少し薄くなった気が…！」（32歳）\n「使い続けると必ず効果が実感できます。美白美容液なのに、保湿してくれて潤いをキープしてくれるところと香りも好きです」（35歳）\n\n価格：￥16,500\n容量：40ml\n美的クラブが愛用！日焼け止めTOP3\n続いて、美的クラブがリアルに使っているUVアイテムを調査。定番ブランドが多く回答される中、TOP3にランクインしたのは、ドラックストアで購入できるアイテムばかり。毎日気兼ねなく使えるコスパの良いUVが人気なようです。\n第1位 ニベアUV ディープ プロテクト＆ケア ジェル\nスーパーウォータープルーフで汗・水に触れても強力紫外線をカットする高機能UVなのに、いつもの石鹸や洗顔料でオフできる手軽さも◎のびの良いジェルで肌にうるおいを与えます。\n\n「美容液のようなみずみずしいテクスチャーが心地よく、保湿力も高い」（34歳）\n「田中みな実さんが使っているとのことで購入。コスパ良く、ベタつかずスッキリ伸びるところが好きで日常使いに最適」（32歳）\n\n価格：￥1,078（編集部調べ）\n容量：80g\nSPF50・PA++++\n第2位 ビオレUV アクアリッチ アクアプロテクトミスト\n昨年SNSでもバズったアイテムがランクイン。霧のようなミストが肌を覆い、素早くジェル状に変化し均一にムラなく密着する瞬感ミストUV。ノンガスタイプなので、振らずにどんな場面でも使えます。\n\n「肌馴染みが良く、ガスタイプのスプレーと違って飛び散ったり、変なにおいも無いのでさりげなく使えて嬉しい」（27歳）\n「スプレータイプが使いやすいだけではなく、仕上がりもキシキシせずに肌が潤うので気に入っています」（30歳）\n\n価格：￥1,078（編集部調べ）\n容量：60ml\nSPF50・PA++++\n第3位 アネッサ パーフェクトUV スキンケアミルク NA\n今春のリニューアルでさらに進化。保湿力もアップし、使いやすさと最新技術を両立させた最強UV。動きによってできる日焼け止めのよれや隙間を自動修復する「オートリペア技術」と空気中の水分・汗・水・熱でUVブロック膜が強くなる「オートブースター技術」が搭載されているので、デイリーシーンからアウトドアまで、幅広いシーンで大活躍！\n\n「どれだけ日差しが強くても絶対に焼けないので信頼しています」（34歳）\n「塗りやすいテクスチャーでさらさらに仕上がります。擦れや汗や水にも強くとにかく安心。真夏は顔にも体にも使いたいです。」（31歳）\n\n価格：￥3,058\n容量：60ml\nSPF50・PA++++\nデパコスで人気だったのは\nクレ・ド・ポー ボーテ クレームUV n ￥11,00050gSPF50・PA++++\n太陽光から肌を守りながら、肌によい光を選択して取り込む日焼け止めクリーム。乾燥を防いで、ハリ・弾力のある肌に導く豊富な美容成分配合で、これまでのUVと違いを感じる愛用者が多数！\n\n「美容クリーム感覚で使えて、乾燥をしっかり防止してくれます。ニキビもできることなく使い心地がとても良いです」（32歳）\n「メイクを落とした後の肌があきらかに違うので、やめられない！」（36歳）\n\nコスメデコルテ サンシェルター マルチ プロテクション コンフォート ￥3,30035gSPF50+・PA++++\n保湿力と強力な紫外線カット力を両立したUV。“イーブンウォーターヴェール テクノロジー”により、みずみずしい使い心地で、均一に肌の上でのび広がります。デパコスの中では手が届きやすい価格帯と、軽くてなめらかなテクスチャーでリピートする美的クラブが続出。\n\n「伸びが良く、どんなベースメイクとも相性が抜群。使うたびに気分の上がる香りでお気に入りです」（32歳）\n「しっとりするので、乾燥肌でも長時間キシキシせず、デパコスなのに手が届きやすいのでリピートしています」（35歳）\n\nデパコスアイテムで対策したい人に人気だったのがこの2品。メイクの仕上がりに影響せずに、日中からスキンケア効果を得られるアイテムがランクインしました。\n美的クラブが取り入れているグッズは？\nさらにスキンケア＆UVアイテム以外に日常的に取り入れている紫外線対策を調査。帽子、アームカバー、UVカーディガンなどあらゆるグッズを併用している人が多い中、美的クラブが最も使っているアイテムはこちら！\n\n第1位 日傘\n第2位 サプリメント\n第3位 サングラス\n\n第1位は日傘。なんと日常使いしているという人が、 約80％ 。早い人は3月から使い始めているようで、特に持ち運びもしやすい折りたたみタイプが人気でした。\nそして第2位はサプリメント。“美白ケア”として取り入れている人が多かった成分は L-システイン、トラネキサム酸、ビタミンC でした。中には市販のサプリメントだけではなく、皮膚科で処方されたものを服用している人も。多くの人がこれからのシーズンだけでなく、1年中続けているようで、身体の内側からのアプローチも大切にしている美意識の高さがうかがえました。\n\n続いて、第3位はサングラス。目に入る紫外線も肌の日焼けの原因になることから近年使いはじめた人が多いようです。ブランドは様々でしたが、ファッションや予定に合わせて複数持ちしている人が多数でした。\n特に人気だったアイテムはこちら\n第一三共ヘルスケア トランシーノ ホワイトCプレミアム［第3類医薬品］￥3,520（編集部調べ）180錠\nビタミンCがブランド最大量で配合された内服薬。過剰に作られたメラニンを無色化し、肌のターンオーバーを正常化。体の内側から、しみ・そばかす対策したい人におすすめです。\n\n「ずっと飲み続けると全身が少し明るくなります。色素沈着にも効果が◎」（33歳）\n\nシオノギヘルスケア シナールEX pro 顆粒［第3類医薬品］￥3,05852包\n純度99％以上のビタミンCを1日4包で2,000mg摂取できる。ビタミンB2・パントテン酸Ca・Eも配合。口の中でさっと溶けるので外出先でも服用しやすい◎\n\n「ビタミンCをいつも体の中に留めておくためにこまめに摂取しています」（30歳）",['https://newsatcl-pctr.c.yimg.jp/t/amd-img/20240701-00010013-biteki-000-1-view.jpg?pri=l&w=640&h=640&exp=10800'],['https://news.yahoo.co.jp/articles/ff494c27fb101abbf317039d32c6bea97f4b7cb0/images/000']
梅雨時期のぺたんこ髪、ベタつき髪が瞬時に復活！外出先でも使えるおすすめドライシャンプー3選【美容家・浅利晴奈連載】（美的.com）,https://news.yahoo.co.jp/articles/8c22e3910a5c53efd279fbc69855d8fdf71d6d77,https://newsatcl-pctr.c.yimg.jp/t/amd-img/20240701-00010006-biteki-000-1-view.jpg?exp=10800,2024-07-01T11:32:18+09:00,2024-07-01T11:32:18+09:00,美的.com,biteki,美的.com,1690,"\nドライシャンプーとは？\n美容家・浅利晴奈さん\nドライシャンプーとは頭皮や髪に吹きかけたり、塗ったりするだけで頭皮や髪のベタつき、においをマスキングできる洗い流し不要なシャンプーのこと。使い方は多岐に渡り、通勤時に汗をかいた時、頭皮にベタつきを感じた時、運動後のベタつきリセットにも最適です。キャンプや長時間のフライトなどで入浴できないシーンにも役立つので1つ持っているととても便利です。\n【写真4枚】この記事で紹介した、浅利さんおすすめ梅雨のぺたんこ髪を復活させるアイテム写真はこちらからチェック\n＜スプレータイプ＞ふんわりを復活＆キープするドライシャンプー\nスウィーミー ふんわり仕込み ドライシャンプー 40g ￥990\n\nスプレータイプは通勤時や頭皮のベタつき対策におすすめ。一度に広範囲に振りかけられるので、ドライシャンプー初心者の方にも使いやすいと思います。ぺたっとした頭頂部や汗によるぺたんこ前髪など、気になる時にシュッとひと吹き。ほどよい爽快感が心地よく、髪が濡れることなく、ベタベタせず、仕上がりはサラサラでパサつきもありません。ヘビロテしており、3本目をリピート中！手のひらサイズで、持ち歩きにもピッタリなのです。\n\n髪の毛がぺたんとしてきた時やキャップを被って前髪がぺたんこになってしまった時に重宝しています。微粒子パウダー「シリカ」が余分な皮脂を吸着し、サラサラふんわり髪が復活。エレガントなお花の香りでヘアフレグランスとしてもおすすめです。\n＜シートタイプ＞洗った感・さっぱり感が抜群！\n花王 メリット ドライシャンプーシート すっきり爽快タイプ 12枚入り ￥440（編集部調べ）\n\nシートタイプなので、液漏れの心配もなく、軽量でアウトドアや機内で活躍します。飛行機のなかのように気圧が影響する場面でも気軽に持っていけるところもお気に入り。メリットのドライシャンプーシートは液たっぷりの厚手大判シートで直接頭皮をゴシゴシ拭けるので、洗った感・さっぱり感が抜群です。シートが柔らかく破れにくく、しっかりしっかり頭皮を拭けるところも◎！髪の毛はパサつくことなく、サラッとした仕上がりです。\n\nメリットのドライシャンプーシートはピンクと緑の2種類ありますが、今回ご紹介しているスッキリ感がよりある緑色の方が私は特に好きです。洗浄効果が期待できるエタノールと爽やかなバーベナ&レモンの香りで、性別問わず使える香りで爽快感抜群です！\n＜スプレータイプ＞噴射力が強くスッキリ！不快臭をしっかり抑制\nコーセー スティーブンノル ドライ シャンプー N 40g ￥880／80g ￥1,320（編集部調べ）\n\n植物由来のパウダー配合でベタつき・ヘアスタイル崩れの元となる余分な皮脂を吸着してくれます。汗の不快臭をしっかりと抑えられるので、特に汗のにおいが気になる時に活躍します。清潔感のある石鹸のような香りがしっかり残るタイプです。スプレーが頭皮に当たったときのひんやり感と噴射力が強く、爽快感がしっかりとあります。\n\n地肌にしっかりとついてくれるので、ベタつきを瞬時に解消。パウダー感や乾燥感はなく、シュッとして手ぐしをするだけで、ふんわり髪が復活します。サイズも手のひらサイズで、持ち歩きも可能！万能なので、日常に取り入れやすい1本だと思います。\n\n気になるドライシャンプーはありましたか。ドライシャンプーは1つ持っているととても便利で快適に過ごせます。ご紹介のドライシャンプーはお試ししやすい1,000円以下の価格なので、是非この夏使ってみてくださいね。\n\n\n美容家 浅利晴奈\n大手化粧品メーカーに約7年間勤務。商品開発やPR等の経験を経て、美容家として活動。化粧品メーカーへの商品開発やマーケティングのコンサルティングなども行う。美容好きが高じて、多数の美容資格も取得し、美容・コスメの知識が豊富。肌悩み・肌質に応じた化粧品選びを指南。インスタグラム（@haruna_asari）では、美容情報を発信中。",['https://newsatcl-pctr.c.yimg.jp/t/amd-img/20240701-00010006-biteki-000-1-view.jpg?pri=l&w=640&h=640&exp=10800'],"['https://news.yahoo.co.jp/articles/8c22e3910a5c53efd279fbc69855d8fdf71d6d77/images/000', 'https://www.biteki.com/gallery/1860991?from=1859916&image=1']"
【6月29日～7月5日の運勢】占星術師・miraimikuさんによる12星座別美的子ちゃん占い＆開運メッセージ【てんびん座～うお座】（美的.com）,https://news.yahoo.co.jp/articles/f443f1a83736687a6e5358b750e29e2c38093209,https://newsatcl-pctr.c.yimg.jp/t/amd-img/20240701-00010008-biteki-000-1-view.jpg?exp=10800,2024-07-01T12:11:11+09:00,2024-07-01T12:11:11+09:00,美的.com,biteki,美的.com,3365,"\nてんびん座（9/23～10/23生まれ）\nてんびん座\n全体運\n積極的に自己アピールを\nてんびん座の守護星・金星と、努力の星・土星が手を組む今週は、名を上げるチャンス！仕事・趣味・スポーツなど、何らかの得意分野で、自分のウリを大いにアピールしましょう。上司やコーチ陣の目に留まり、重要なポジションを任される期待大。特にオフィスでは、チームワークがうまく機能して、プロジェクトリーダーや責任者としての資質を認められそう。簡単な作業も人手を募り、素早く処理するのも有能さの証。恋は、読書好きな相手の中にダークホースが。\n\nビューティメッセージ\n『正義（正位置）』\n努力は裏切らないと、正義のカードが告げています。当たり前に思えるケアであっても、毎日続けることで歴然とした差が出てくるでしょう。メイクはワントーンでシックにキメて。フェイスパウダーやチークにこだわると見栄えしそう。\n\n＜BEAUTY COLOR＞\nパールグレイ\n\n＜BEAUTY ITEM＞\nナーズ ジャパン NARS（ナーズ）ブラッシュ N\n税込価格：各￥5,060\n発売日：2024/6/7\n色：237,252,775,776,777,778,888,900,901,902,920,921,922,923,950,951,952,953,955,956\nさそり座（10/24～11/22生まれ）\nさそり座\n全体運\nサクセスチャンス到来！\nサクセスロードが拓けるタイミング。やりたかった仕事やポストに抜擢されたり、思いがけないルートから夢実現の糸口をつかめたり、嬉しいサプライズがありそう。それは偶然やマグレではなく、あなたの努力と熱い思いが引き寄せた現実です。喜んで受けて立ち、人生をブレイクさせましょう。クリエーターやフリーランサーの人は、海外の人脈＆活動フィールドに注目。国際的なライセンスや資格の取得も、未来の大きな糧に。恋は、語学に堪能な相手が有望株。\n\nビューティメッセージ\n『女帝（逆位置）』\nカードによると、「隠れ肥満」が着々と進行しているみたい。今現在は標準体重前後でボディラインが崩れていないとしても、油断せず、定期的なストレッチや運動を心掛けて。食事＆おしゃれは、シンプル・イズ・ベスト。UVケアも怠りなく！\n\n＜BEAUTY COLOR＞\nモーブ\n\n＜BEAUTY ITEM＞\nカネボウインターナショナルDiv. KANEBO チアリング ミスト UV\n税込価格：￥3,300\n容量：30ml\n発売日：2023/3/10\nSPF50+・PA++++\nいて座（11/23～12/21生まれ）\nいて座\n全体運\n失敗こそ飛躍や成長の糧\n楽しみな運勢。自分の未熟さや不勉強を思い知るひとコマがあるものの、その経験を経て、大きく成長できるときです。ささいな失敗や勘違いにウジウジするなんて、あなたらしくないマネはヤメ！ 間髪入れず、修正＆補強に乗り出しましょう。傷はすぐに埋められるし、むしろ向上心に火がついて、他の勉強や仕事にも意欲的に取り組めそう。大事な面接や恋のアプローチは、もうひと声の粘りが肝。重ねてお願いした最後のひと言が、相手の心を動かすはず。\n\nビューティメッセージ\n『節制（正位置）』\nビューティー面は、メンテナンスタイムに入った模様。このところ頑張って酷使し続けてきた体を労わりつつ、しっかりとケアしていくのが今週のテーマ。気になっていたプロの施術や診断を受けるのも、今こそタイミング。コスメは肌に優しいものをセレクトして。\n\n＜BEAUTY COLOR＞\nアンバーローズ\n\n＜BEAUTY ITEM＞\nマリークヮント ブライトニング オーバーナイト ジェル［医薬部外品］\n税込価格：￥5,500\n容量：70g\n発売日：2024/3/8\nやぎ座（12/22～1/19生まれ）\nやぎ座\n全体運\n困ったときは素直に周囲に頼って\n運気快晴。仕事や懸案が順調に進み、オフタイムも充実しそう。唯一気をつけたいのが、ひとりで抱え込んでしまうクセ。強がらずに周囲に意見や協力を仰いだほうが、ストレスやトラブルとも無縁で過ごせるし、あなたの立場＆存在感もグッと高まるはず。上司や専門家への相談＆質問も、ラッキーハプニングにつながる兆し。遠慮や忖度はせず、気軽に聞いてみるようにして。メイクやおしゃれはエレガントに。恋は、年下や母性本能をくすぐるタイプと急接近の予感。\n\nビューティメッセージ\n『力（逆位置）』\n何事も節度やバランスが大事だと、カードからのアドバイス。肌や健康にいいからと、大量に摂取したりするのは、無用なトラブルを生む原因になりかねません。ほどほどの適量を意識して。メイクはカラフルに。アイカラーやリップで遊んで。\n\n＜BEAUTY COLOR＞\nピーコックブルー\n\n＜BEAUTY ITEM＞\nrom＆nd（ロムアンド）グラスティングカラーグロス\n税込価格：各￥1,320\n発売日：2024/4/8\n色：01,02,03,04,05,06\nみずがめ座（1/20～2/18生まれ）\nみずがめ座\n全体運\n「前へ出る姿勢」が開運のポイント\n日陰の星回りとはいえ、意外と腕の見せどころが多そうな1週間。特にオフィスやサークルでは、十八番を披露するのもいいし、持ち前のコミュ力を発揮して新人指導や仲間のヘルプ、周囲の声を代弁するお役目などを買って出るのも開運アクション。みずがめ座らしい存在感を発揮できてゴキゲンになれるだけでなく、感謝や信頼が早々に還元される段取り。オフは、ハンドメイドの趣味や創作活動で充実度UP。恋は、焦らず時間をかけて。奇をてらわず、いつも通りに接するのが◎。\n\nビューティメッセージ\n『審判（正位置）』\nビューティー面では復活のサインが出ています。過去にトライして挫折したこと…、たとえばダイエットや健康習慣など、この機会にリトライすれば、スムーズに軌道に乗って定着しそう。スキンケアは、夏に向けての美白対策に力を入れたいタイミング。\n\n＜BEAUTY COLOR＞\nモスグリーン\n\n＜BEAUTY ITEM＞\nRED（レッド） アクア・アクア ヴィーガンフォース 薬用エッセンスクリーム［医薬部外品］\n税込価格：￥3,060\n容量：51g\n発売日：2024/2/24\nうお座（2/19～3/20生まれ）\nうお座\n全体運\n目立つが勝ち！売り込みや告白も今\nカリスマ的なオーラで、存在感が急上昇！人と同じことをしても、なぜかあなただけが目立ち、注目や羨望の眼差しを向けられそう。今週に限っては、多少の背伸びや大風呂敷も大吉と出る暗示。大いにハッタリを効かせて、人気とツキを独占しましょう。各種オーディション・コンテスト・面接へのエントリーも勝算高め。ただし、7月2日前後はトラブルモード。連絡やアポ確認の徹底はもとより、周囲への気配りも忘れずに。恋はアタックチャンス。友達のような気軽なノリ＆明るく楽しくが◎。\n\nビューティメッセージ\n『皇帝（逆位置）』\nビューティー運＆健康運は、やや下り坂。疲れたな、と感じたときは立ち止まって、体のケアに努めて。休み時間や会社帰りのマッサージ、整体などもヒーリング効果バツグン。肌荒れは角質や汚れが原因かも。丁寧なクレンジングで、デトックスをしっかりと。\n\n＜BEAUTY COLOR＞\nコーラルレッド\n\n＜BEAUTY ITEM＞\nビオデルマ サンシビオ ミセラー クレンジングオイル\n税込価格：￥2,970\n容量：150ml\n発売日：2024/3/25\n\n\nmiraimiku\n占星術師／星読みカウンセラー。人材育成業界最大手など16年の会社員経験を活かした自己分析・キャリアデザインが得意。講座や講演、雑誌やWEBの連載、LINEやスマホサイトの占いアプリ監修も多数。著書【変えるのではなく、本来の自分を取り戻す～はじめてのホロスコープ自己分析～","['https://newsatcl-pctr.c.yimg.jp/t/amd-img/20240701-00010008-biteki-000-1-view.jpg?pri=l&w=640&h=640&exp=10800', 'https://newsatcl-pctr.c.yimg.jp/t/amd-img/20240701-00010008-biteki-001-1-view.jpg?pri=l&w=640&h=640&exp=10800', 'https://newsatcl-pctr.c.yimg.jp/t/amd-img/20240701-00010008-biteki-002-1-view.jpg?pri=l&w=640&h=640&exp=10800', 'https://newsatcl-pctr.c.yimg.jp/t/amd-img/20240701-00010008-biteki-003-1-view.jpg?pri=l&w=640&h=640&exp=10800', 'https://newsatcl-pctr.c.yimg.jp/t/amd-img/20240701-00010008-biteki-004-1-view.jpg?pri=l&w=640&h=640&exp=10800', 'https://newsatcl-pctr.c.yimg.jp/t/amd-img/20240701-00010008-biteki-005-1-view.jpg?pri=l&w=640&h=640&exp=10800']","['https://news.yahoo.co.jp/articles/f443f1a83736687a6e5358b750e29e2c38093209/images/000', 'https://news.yahoo.co.jp/articles/f443f1a83736687a6e5358b750e29e2c38093209/images/001', 'https://news.yahoo.co.jp/articles/f443f1a83736687a6e5358b750e29e2c38093209/images/002', 'https://news.yahoo.co.jp/articles/f443f1a83736687a6e5358b750e29e2c38093209/images/003', 'https://news.yahoo.co.jp/articles/f443f1a83736687a6e5358b750e29e2c38093209/images/004', 'https://news.yahoo.co.jp/articles/f443f1a83736687a6e5358b750e29e2c38093209/images/005']"
海外は「学校にも香水」が常識!? 甘い香りでHighな気分♡｜美容ライター＆16歳。メルボルン母娘美容Days（美的.com）,https://news.yahoo.co.jp/articles/8c1b8991a3946eb62e2941c10c8115377cf0f274,https://newsatcl-pctr.c.yimg.jp/t/amd-img/20240701-00010005-biteki-000-1-view.jpg?exp=10800,2024-07-01T11:01:22+09:00,2024-07-01T11:01:22+09:00,美的.com,biteki,美的.com,2329,"\n少女から大人へ。香りの好みにも「個性」が見える！\nメルボルンの女子高生は、香水をまとって学校へ行くのが常識\n私のJK時代を振り返ってみると（もはや30年以上前なので記憶が曖昧……）、メイクもしていませんでしたし、眉カットもしていなかったような気がします。スキンケアだってそこそこで、もしかしたら洗顔だけだったかもしれません。\n【写真2枚】この記事で紹介した、メルボルン留学中のJKが愛用している香水の写真はこちらからチェック！\n一方、令和のJKは、メイクもネイルもピアスもしていますから。はぁ、この美意識の違い、日々感じております。\n\nさらにもうひとつ、娘は大の、大の、大の香水好きです。私の影響を過分に受けていると思いますが、そうですね、中学生の頃からちょいちょい試していたように思います。当時はキャンメイクなどのプチプラだったのですが、ここ最近は、“ようこそ、大人の世界へ”と言わんばかりに、素敵な香りをぶんぶん振りまいて学校に行っています。\n\nメルボルンの女子高生は、香水をまとって学校へ行くのが常識\nそもそも香水。学校につけて行ってOKなのでしょうか？ 娘に確認しましたが、「みんなつけてるから、ぜんぜん問題ないよー」と、あっさり。確かに、トラムに乗り合わせた女子高生もいい香りをぷんぷんさせていました（日本の高校では、ちょっと考えられませんよね）。ちなみにメルボルンは性別・年齢問わず香水を楽しんでいる方が多いと感じています。自宅マンションのエレベーターで、頻繁に“強めの残り香”に遭遇しますから、間違いありません。\n\n娘の香水コレクションは10本ぐらいでしょうか。私がプレゼントしたものもありますし、自分で購入したものもあります。香りの系統としては甘めのフローラルがタイプなようです。\n娘の好きな香水TOP3\nナルシソ ロドリゲス フォーハー ムスクノアール オードパルファム\nクロエ ノマド オードパルファム ナチュレル\nSol de Janeiro Ceirosa 59 Perfume Mist ※日本未発売\n\nナルシソ ロドリゲスとクロエは、私が使っていたものが“娘専用”となりました。注目したいのが、Sol de Janeiro（ソル デ ジャネイロ）。こちら、メルボルンJKの間でブレイクしているようなのです。\n香水をつけるとHighになる？ それって、どういうこと!?\nSol de Janeiro、はじめましてのブランドだったので、美容ライターの血が騒ぎ、さっそくリサーチ。アメリカ発のブランドで、ビーチをこよなく愛する女のコたちに支持されているようです。ホームページには、“SOL DE JANEIRO brings that blissful peak summer feeling to everyone, anytime, anywhere”と大きくキャッチコピーがありました。“最高の夏をいつでも、どこでも香りで連れてっちゃうよー♡”（すみません、かなり意訳です……）みたいなウキウキのテンションです。そしてもうひとつ気になるのが、そのビーチエリア。西海岸のLAでも、東海岸のマイアミでもありません、なぜか、ブラジルのリオデジャネイロなんです。こちらの背景については記載がなかったので、理由まではわかりませんが、とにかく目指す女のコ像は“ブラジリアンガール”。ちなみに、娘はまったくビーチガールではありません。\n\n娘にSol de Janeiroが人気の理由を聞いてみましたが、「うーん、わかんないけど、つけてるコが多いんだよねー」とかなりあいまいな回答。そこで質問を変えて、好きな理由を聞くと「うーん、甘くていい匂いだからかな。なんかね、この香水をつけてると気分がHighになるの♡」ということでした。念のためですが、このHighは“朝から学校に行くのが楽しみになるぐらい、気分がよくなる”という意味です。\n香りは記憶に残るもの。いつの日か高校留学を思い出す？\n朝、学校に行く前に香水を必ずつけていく娘ですが、ひとこと。とにかく、つけすぎ……。\n\n首筋、耳の横、手首ならわかりますが、さらに制服にもシュッシュとつけて、合計7プッシュぐらいはしていると思います。「いくら何でも、つけすぎだよ！」と何度か注意しましたが、「大丈夫、大丈夫。そんなに匂いが残らないから」とばっさり。\n\nベッドのサイドテーブルにある、香水コレクション。その日の気分に合わせて楽しんでいるようです。\n\nちなみに、Sol de Janeiroのフレグランスは7種類。娘が愛用するCHEIROSA 59 DELICIAは、バニラオーキッド、シュガーバイオレット、シアーサンダルウッドをブレンドした、“ウッディグルマン”な香り。イソップのフレグランス（ここ、メルボルン生まれのブランドです！）をこよなく愛する私には、真逆のポジションです。\n\nそういえば以前、とある有名な調香師にインタビューをしたとき、“香りは脳にダイレクトに伝わるので、記憶として残ります”とおっしゃっていました。私の香水デビューは大学生で、確かにランコムのトレゾァの香りをかぐと、何となくセンチメンタルな気分になったり、ならなかったり……。\n\n娘もいつの日か、Sol de Janeiroの香りで高校留学を思い出すのかもしれませんね。\n\n次回は、娘のメイクがさらにバージョンアップしまして、シェーディングとハイライトにかなりこだわり強めになってきていますから、“高校留学生の骨格メイク”についてご紹介します！",['https://newsatcl-pctr.c.yimg.jp/t/amd-img/20240701-00010005-biteki-000-1-view.jpg?pri=l&w=640&h=640&exp=10800'],"['https://news.yahoo.co.jp/articles/8c1b8991a3946eb62e2941c10c8115377cf0f274/images/000', 'https://www.biteki.com/gallery/1861273?from=1860131&image=1']"
高畑充希さん「下まぶたメイクがマイブームなんです♡」｜スペシャルインタビュー（美的.com）,https://news.yahoo.co.jp/articles/8eb32e3ecb37dde135205d838004dddf774a6ac6,https://newsatcl-pctr.c.yimg.jp/t/amd-img/20240701-00010003-biteki-000-1-view.jpg?exp=10800,2024-07-01T10:10:01+09:00,2024-07-01T10:10:01+09:00,美的.com,biteki,美的.com,1144,\n高畑充希 今、美しさについて思うこと\n俳優・高畑充希さん\n高畑充希さんのマイブームメイクは“下まぶたメイク”♡高畑さんの日頃のケアや日頃の過ごし方について伺いました♪\n【写真5枚】この記事で紹介した、高畑充希さんのアナザーショットはこちらからチェック！\n【Beauty TOPICS 1】スキンケアはシートマスクと美容オイルが欠かせません\n「夏も保湿は徹底するのがマイルール。シートマスクは毎朝使っていて、貼っている間に朝食を作ったりしています。肌もひんやりするので、シートマスクをした方がメイクのノリもいいんです。夜ケアは化粧水後、クリームに美容オイルを2滴くらい混ぜてなじませるのが、私の肌にはちょうどいい感じ。毎日スキンケア後に手で触れて潤い具合を確認していて、ベタッとくっつきすぎるのはトゥーマッチ、ちょっと吸いつくぐらいがベストです」（高畑さん・以下「」内同）\n【Beauty TOPICS 2】“下重”メイクが自分の中で今、新鮮で楽しい！\n「これまではリップ主役のメイクが好きだったのですが、急に私の中で下まぶたブームが到来しまして（笑）、下まつげだけちょっとバサバサにしてみたり、さりげなく下まぶたにアイシャドウを入れたりして楽しんでいます。今回の2パターンのメイクも“下重”ルックにしていただけて、すごく気に入っています♡」\n【Beauty TOPICS 3】よく自炊しています。旬のものや薬味が大好き\n「メニューを決めるときは、今、おいしいものは何かなと考えて決めることが多いです。これからの季節は夏野菜をたっぷり入れたドライカレーを作りたい！夏は自然とからいものが食べたくなりますね。おみそ汁も好きでほぼ毎日飲みます。鶏肉をゆでただしを活用してみたり、季節の野菜やホタテを入れたり、いろいろアレンジしています」\n【Beauty TOPICS 4】お休みがとれたら海外に行ってリフレッシュ。ひとり旅も好きです\n「去年は母とスペインに旅行したのですが、ひとりで行くとしたらニューヨークかロンドンが多いです。ミュージカルがすごく好きなので、山程観て帰ってくるのが定番。英語はまだまだ頑張らないとなんですが、本場のミュージカルは歌もお芝居も本当に素晴らしくてグッと来るものがあります。違う国の考え方に触れると感化されるし、お仕事でもいろんな国の方と関わってみたいなと思ったりします」\n\n\n俳優\n高畑充希\nたかはた・みつき／1991年生まれ。多くの話題作に出演し、CMでも活躍。近年の作品にドラマ『unknown』『光る君へ』、舞台『宝飾時計』など。現在はPrime Videoで配信中の『1122【いいふうふ】』で今どき夫婦の妻役を演じる。,['https://newsatcl-pctr.c.yimg.jp/t/amd-img/20240701-00010003-biteki-000-1-view.jpg?pri=l&w=640&h=640&exp=10800'],"['https://news.yahoo.co.jp/articles/8eb32e3ecb37dde135205d838004dddf774a6ac6/images/000', 'https://www.biteki.com/gallery/1861184?from=1859121&image=1']"
【6月29日～7月5日の運勢】占星術師・miraimikuさんによる12星座別美的子ちゃん占い＆開運メッセージ【おひつじ座～おとめ座】（美的.com）,https://news.yahoo.co.jp/articles/07853d351a1f1a4bf5e90ff8fc77d1258e235218,https://newsatcl-pctr.c.yimg.jp/t/amd-img/20240701-00010007-biteki-000-1-view.jpg?exp=10800,2024-07-01T12:01:14+09:00,2024-07-01T12:01:14+09:00,美的.com,biteki,美的.com,3244,"\nおひつじ座（3/21～4/19生まれ）\nおひつじ座\n全体運\n自分の足場をしっかり固めて\nアンバランスな運勢。得意ジャンルや慣れ親しんだ物事には、百戦錬磨のつわものぶりを発揮できそう。その反面、「ここ一番の見せ場」では、なぜだか凡ミスをしがち。本番に弱い印象を与えないためにも、表舞台はあえて人に譲って、自分のテリトリーとスタンスを固めることに専念したほうが賢明。日常生活と財政状況は、ちょっとした創意工夫で見違えるほど潤います。インテリア＆服のリフォーム、自炊のレシピ、節約術と、知恵を凝らしてみて。恋は旧交復活から。\n\nビューティメッセージ\n『愚者（逆位置）』\n“きっと大丈夫”“自分には関係ない” なんて軽くみくびっていたことで、厳しい現実に直視せざるを得なくなる暗示。おざなりにしていることはありませんか？特にアンチエイジング、UV対策はマスト。貧血や立ちくらみにもご用心。鉄分補給は怠りなく！\n\n＜BEAUTY COLOR＞\nウルトラマリン\n\n＜BEAUTY ITEM＞\nアリエルトレーディング PURCELL（パーセル） ピクセルバイオーム リブーティングクリーム\n税込価格：￥5,610\n容量：50ml\n発売日：2024/2/13\nおうし座（4/20～5/20生まれ）\nおうし座\n全体運\n火星の影響でヤル気アップ！\nホームに滞在中の火星が、おうし座さんを強力バックアップ！やりたいこと、興味をそそられたテーマには、二の足踏まず、思い切ってチャレンジを。見事にツボにハマり、腕前や収穫がメキメキ上がりそう。数字とデータを扱うスキルや資格、情報量が物を言う分野も狙い目です。人間関係も「浅く広く」が開運ポイント。おっとり派のおうし座さんですが、今週はノリよくいきましょう。本業とサイドワークで二足のわらじを履くのも有意義。恋のきっかけはSNSにあり。\n\nビューティメッセージ\n『恋人（正位置）』\n「好奇心」が何より大事だと、恋人のカードからアドバイス。少しでも興味や関心を覚えたコスメは要チェック！ 普段はスルーしがちなブランドやアイテムも、あなたを輝かせてくれそう。先入観や固定観念は吹き飛ばして、ワクワクセンサー全開でGO！\n\n＜BEAUTY COLOR＞\nローズレッド\n\n＜BEAUTY ITEM＞\nエッフェオーガニック ディープモイスチャー クリーム\n税込価格：￥5,170\n容量：40g\n発売日：2024/2/20\nふたご座（5/21～6/21生まれ）\nふたご座\n全体運\n高め安定運。今を楽しんで！\n潤い豊かな1週間。好きな人や好きな物に囲まれ、快適に豊かに過ごせそう。ショッピング、グルメ、アミューズメントパーク…と、自分が行きたい所へ、友人を誘ってお出掛けを。予想以上の収穫や楽しみが満載なうえ、近い将来に役立つ有意義な出会いもありそう。仕事や勉強は、熱意と覇気で乗り切れる暗示。ちょっと無理めの課題であっても、OKしてみて。プレッシャーが潜在能力を引き出し、見事にクリア→評価UPの運びに。恋心は手紙で伝えるとハッピー。\n\nビューティメッセージ\n『世界（逆位置）』\nキレイになりたいけれど、面倒なことはやりたくない…今週のふたご座さんはそんな風に思っているかも。その気持ちはわかるけれど、やっぱり「美は1日にしてならず」。日々の努力を忘れないで。特にクレンジングや洗顔はサボらずに！\n\n＜BEAUTY COLOR＞\nココアブラウン\n\n＜BEAUTY ITEM＞\nジュリーク ファーミング クレンジングオイル\n税込価格：￥4,620\n容量：200ml\nかに座（6/22～7/22生まれ）\nかに座\n全体運\n“やればできる”をモットーに\n先週に続き、ポジティブムードの1週間。今何でもできそうな万能感が高まって、普段なら尻込みしがちなチャレンジにも自信を持って挑めそう。多少の失敗や計算違いがあっても、それをバネに頑張れるところも、今週の強みと言えます。自分の限界や殻を打ち破るつもりで、大目標に立ち向かい、ガンガン攻めていきましょう。独立や起業はもちろん、熱意と追い風が必要なことにトライするのも、今週はベストタイミング！恋も、大胆不敵に攻めるほど好展開です。\n\nビューティメッセージ\n『戦車（正位置）』\nビューティー面でも、勢いや大胆な取り組みが大事。そう戦車のカードからアドバイスが出ています。特にダイエットは一気呵成がポイント。ダラダラ細々とやるより、置き換えやプチ断食で、スピーディな減量を狙いましょう。スキンケアも時短コスメで手早く。\n\n＜BEAUTY COLOR＞\nスカーレット\n\n＜BEAUTY ITEM＞\nマルホ iniks（イニクス） ACモイスト Cコンディショナー［医薬部外品］\n税込価格：￥3,960\n容量：90ml\n発売日：2024/3/13\nしし座（7/23～8/22生まれ）\nしし座\n全体運\n二転三転の運勢、振り回されないで\n先週に引き続き、不透明な運勢。やっとゴーサインが出たのに翌日にはストップがかかるなど、周囲の都合や事情に振り回されやすい1週間です。こんなときは、できる限りソロ活動に徹するのが一番。そんな孤高のスタンスやタフさが、後輩からは大人と慕われ、年上にも何かと頼られて、むしろ想定外の好展開を呼べるはず。オフィスでは、縁の下の力持ち的なお役目に隠れた役得あり。自ら進んで引き受けて正解です。恋は、意味深な視線でソソるが勝ち！\n\nビューティメッセージ\n『月（逆位置）』\n無自覚かもしれませんが、カードによると、かなりの潤い不足の暗示です。特別カサついたりしているわけではなくても、こまめな化粧水ケアを。ハンドプレスで内側にじっくり染み込ませることで、化粧ノリも輝きもグンとアップするはず。\n\n＜BEAUTY COLOR＞\nピーチ\n\n＜BEAUTY ITEM＞\nコーセー コスメデコルテ AQ ミリオリティ リペア ローション n\n税込価格：￥33,000\n容量：200ml\n発売日：2019/9/16\nおとめ座（8/23～9/22生まれ）\nおとめ座\n全体運\n知的向上心がスパーク！\n向上心が高まる星回り。もっと知りたい、もっと成長したい…そんな思いに駆られたら、さっそく講座や通信教育、スクールで自分磨きを。初トライはもちろん、ブランクを経ての手習い、遅まきながらの挑戦も、スピーディーに知識やスキルを会得できるうえ、今後の展開も有利になること必至。オフィスでは、スペシャルな地位を確立している人が、良きメンター。直接アドバイスをもらえなくても、スタンスなどを参考にして大吉。恋は、そっけなくしたほうが相手の気を引けそう。\n\nビューティメッセージ\n『星（正位置）』\nカードによると、今週は地道なケアではなく、最新の技術やテクノロジーの力を借りることがビューティーアップのポイントみたい。話題の高機能ファンデや美容液など、この機会に試してみては？今までにない使用感と速攻効果で驚くかも。\n\n＜BEAUTY COLOR＞\nレモンイエロー\n\n＜BEAUTY ITEM＞\nコーセー ONE BY KOSE クリアピール セラム\n税込価格：￥3,850（編集部調べ）\n容量：120ml\n発売日：2024/5/16\n\n\nmiraimiku\n占星術師／星読みカウンセラー。人材育成業界最大手など16年の会社員経験を活かした自己分析・キャリアデザインが得意。講座や講演、雑誌やWEBの連載、LINEやスマホサイトの占いアプリ監修も多数。著書【変えるのではなく、本来の自分を取り戻す～はじめてのホロスコープ自己分析～","['https://newsatcl-pctr.c.yimg.jp/t/amd-img/20240701-00010007-biteki-000-1-view.jpg?pri=l&w=640&h=640&exp=10800', 'https://newsatcl-pctr.c.yimg.jp/t/amd-img/20240701-00010007-biteki-001-1-view.jpg?pri=l&w=640&h=640&exp=10800', 'https://newsatcl-pctr.c.yimg.jp/t/amd-img/20240701-00010007-biteki-002-1-view.jpg?pri=l&w=640&h=639&exp=10800', 'https://newsatcl-pctr.c.yimg.jp/t/amd-img/20240701-00010007-biteki-003-1-view.jpg?pri=l&w=640&h=640&exp=10800', 'https://newsatcl-pctr.c.yimg.jp/t/amd-img/20240701-00010007-biteki-004-1-view.jpg?pri=l&w=640&h=640&exp=10800', 'https://newsatcl-pctr.c.yimg.jp/t/amd-img/20240701-00010007-biteki-005-1-view.jpg?pri=l&w=640&h=640&exp=10800']","['https://news.yahoo.co.jp/articles/07853d351a1f1a4bf5e90ff8fc77d1258e235218/images/000', 'https://news.yahoo.co.jp/articles/07853d351a1f1a4bf5e90ff8fc77d1258e235218/images/001', 'https://news.yahoo.co.jp/articles/07853d351a1f1a4bf5e90ff8fc77d1258e235218/images/002', 'https://news.yahoo.co.jp/articles/07853d351a1f1a4bf5e90ff8fc77d1258e235218/images/003', 'https://news.yahoo.co.jp/articles/07853d351a1f1a4bf5e90ff8fc77d1258e235218/images/004', 'https://news.yahoo.co.jp/articles/07853d351a1f1a4bf5e90ff8fc77d1258e235218/images/005']"
イヴ・サンローランのピンクベージュリップでかわいさをプラス♡【顔タイプ別・キュートタイプ】（美的.com）,https://news.yahoo.co.jp/articles/9ac9f8bac859cbd970cdc57dd569968e1f7a424d,https://newsatcl-pctr.c.yimg.jp/t/amd-img/20240701-00010004-biteki-000-1-view.jpg?exp=10800,2024-07-01T10:12:02+09:00,2024-07-01T10:12:02+09:00,美的.com,biteki,美的.com,1596,"\nキュートってこんな人\nキュートのヌーディメイクはこう作る！\n☑平面的な子供顔\n☑丸みのある曲線パーツ多め\n☑パーツの大きさは小さめ～普通\n☑甘く、かわいらしい印象\n☑ピンクが似合う\n【写真9枚】この記事で紹介した、キュートタイプにおすすめのメイクアイテムの写真はこちらからチェック！\n1．ピンクベージュリップをオーバーめに\n2．目元はピンクベージュ×長めライン\n3．チークは血色を添える\n【キュート】はかわいらしさとツヤがポイント\n透明感ピンクで極上の儚げFACEへ\nピュアな印象のキュートタイプは、元々もつ愛らしさを強調できるピンク系カラーやツヤ質感をチョイスして♡\nBEFORE\nBEFORE\n落ち着きすぎて、元々のかわいらしさを生かせていない。\n【STEP 1】ピンクベージュリップをオーバーめにのせて、“甘さ”を盛る\n“甘さ”を盛る\n「唇が薄め&小さめなので、ツヤ感のあるピンクベージュを大胆にじか塗りして、ボリューミーな唇を作るのがおすすめ。ヌーディなカラーだからこそ、オーバーめに塗っても違和感なく、むしろかわいさがグッと上がる♡」\n\n使用アイテム\nジューシーな潤いで、ふっくらとした唇に。\nイヴ・サンローラン YSL ラブシャイン リップスティック 201 ￥5,940\n\nこれもおすすめ\n透け感のある粘膜ピンク。\nイミュ オペラ シアーマットリップスティック 06 ￥1,980\n\nメイク方法\n口角から唇中央に向かってリップをじか塗り。唇上下中央だけ、輪郭よりオーバーめにオン。\n【STEP 2】目元は透け感ピンク×長めラインでさりげなく目力UP\n透け感ピンク×長めライン\n「丸みがあり、かわいらしい目元は、ベージュやブラウンだけだとやや甘さが足りない傾向アリ。柔らかい魅力を生かすために、クリアなピンクや繊細なラメを取り入れて。アイラインは目尻だけで充分。」\nダークブラウンだと\n重い印象に\n少し重い印象に\n使用アイテム\nミルキーなピンクパレット。\nセザンヌ ペールトーンアイシャドウ 02 ￥748（6月10日発売）\n\nほんのり赤みのあるブラウン。\nディーアップ シルキーリキッドアイライナー WP ダークフィグ ￥1,430（6月1日発売）\n\nこれもおすすめ\n柔らかなピンクやベージュ、ブラウンの配色。\n資生堂 インウイ インウイ アイズ 06 ￥6,600\n\nメイク方法\naを上まぶた全体、涙袋へ広げる。aを塗った2/3の範囲にcを広げてピンクのきらめきをオン。bを黒目外側から目尻長め&下まぶた目尻へ3角に入れて影感を演出。さらに涙袋の影としても線状に入れる。\n【STEP 3】チークは血色を添える程度がちょうど良い\n「元々頬がふっくらと丸みを帯びているので、色をのせすぎると若干頬が目立ちすぎる可能性が。チークは引き算を意識すると良し！」\n\n使用アイテム\nくすみを一掃し、美肌見えがかなう青みピンク。\nジルスチュアート ビューティ パステルペタルブラッシュ 04 ￥4,620\n\nこれもおすすめ\nシアーなピンク。\n井田ラボラトリーズ キャンメイク パウダーチークス P04 ￥660（5月下旬発売）\n\nメイク方法\nブラシに少しだけチークを含ませ、頬全体へふわっとひと塗り。ほんのり血色がつく程度でOK。\nリップチェンジであざとうさぎ顔に♡\nあざとうさぎ顔に♡\n「赤のグロスをグラデーション塗りするのが◎。柔らかい印象はキープしたまま、さらにかわいい度UP! 唇上下中心にのせ、外側へ指でぼかして。」\n\nみずみずしく透明感のあるイチゴカラー。\nディオール ディオール アディクト リップ ティント661 ￥4,730（限定色）","['https://newsatcl-pctr.c.yimg.jp/t/amd-img/20240701-00010004-biteki-000-1-view.jpg?pri=l&w=640&h=640&exp=10800', 'https://newsatcl-pctr.c.yimg.jp/t/amd-img/20240701-00010004-biteki-001-1-view.jpg?pri=l&w=640&h=640&exp=10800', 'https://newsatcl-pctr.c.yimg.jp/t/amd-img/20240701-00010004-biteki-002-1-view.jpg?pri=l&w=640&h=640&exp=10800', 'https://newsatcl-pctr.c.yimg.jp/t/amd-img/20240701-00010004-biteki-003-1-view.jpg?pri=l&w=640&h=640&exp=10800', 'https://newsatcl-pctr.c.yimg.jp/t/amd-img/20240701-00010004-biteki-004-1-view.jpg?pri=l&w=640&h=640&exp=10800', 'https://newsatcl-pctr.c.yimg.jp/t/amd-img/20240701-00010004-biteki-005-1-view.jpg?pri=l&w=640&h=640&exp=10800', 'https://newsatcl-pctr.c.yimg.jp/t/amd-img/20240701-00010004-biteki-006-1-view.jpg?pri=l&w=640&h=640&exp=10800']","['https://news.yahoo.co.jp/articles/9ac9f8bac859cbd970cdc57dd569968e1f7a424d/images/000', 'https://www.biteki.com/gallery/1843534?from=1842813&image=1', 'https://news.yahoo.co.jp/articles/9ac9f8bac859cbd970cdc57dd569968e1f7a424d/images/001', 'https://news.yahoo.co.jp/articles/9ac9f8bac859cbd970cdc57dd569968e1f7a424d/images/002', 'https://news.yahoo.co.jp/articles/9ac9f8bac859cbd970cdc57dd569968e1f7a424d/images/003', 'https://news.yahoo.co.jp/articles/9ac9f8bac859cbd970cdc57dd569968e1f7a424d/images/004', 'https://news.yahoo.co.jp/articles/9ac9f8bac859cbd970cdc57dd569968e1f7a424d/images/005', 'https://news.yahoo.co.jp/articles/9ac9f8bac859cbd970cdc57dd569968e1f7a424d/images/006']"
【香る12星座占い】真木あかりさんが占う「7月の運勢」と「香りの開運アクション」（美的.com）,https://news.yahoo.co.jp/articles/5b21b9d4abf2c17c333f3936221f646e01ebcfd6,https://newsatcl-pctr.c.yimg.jp/t/amd-img/20240701-00010001-biteki-000-1-view.jpg?exp=10800,2024-07-01T10:07:56+09:00,2024-07-01T10:07:56+09:00,美的.com,biteki,美的.com,2516,\n【2024年7月】真木あかりの「香る12星座占い」\n香る12星座占い\n7月の運勢を12星座別にお届けします。7月も「香りの開運アクション」も取り入れて、さらなる幸運を引き寄せて。\nおひつじ座\n今月の運勢\n夢中になれるものをたくさん見つけられる1ヵ月。その「夢中」は、趣味や推し活といったものでもあると思うのですが、もちろん「愛」である人も多いでしょう。人を愛し、愛について語り、愛すべき時間を増やしていけるときです。今は恋を探している途中にいる人は、積極的にいろいろなコミュニティに顔を出していけると素敵です。\n\n香りの開運キーワード\nカジュアルな装いに似合う香りを見つける\nおうし座\n今月の運勢\n月の中旬まではただただ情熱的に突き進む時期、月の下旬は自分の力を活かす方法をとことん追い求める時期に当たっています。「思わず言ってしまった」などと、少々自分らしくないと思えるようなアクションに出てしまって、それが困難を切り開くトリガーになったりします。5日前後に出会う人、入ってくる情報はチェックしておいてください。\n\n香りの開運アクション\nホッと心が落ち着く香りをつける\nふたご座\n今月の運勢\n行動力が高まり、さまざまな人と交流しながらチャンスの幅を広げていける活発な時期。多忙であることは確かですが、それが不思議とイヤではありません。むしろ「もっとやるぞー！」とやる気につながるフシすらあります。やりたいことはどんどん行動に移し、今の勢いの波に乗っていけると素敵です。\n\n香りの開運アクション\n香水好きな人と情報交換\nかに座\n今月の運勢\n6日の新月は「スタート」のタイミング。ここ最近、熱心に情報収集したりアイデアを練ったりしていたテーマがいよいよ動き始めます。多少、理想論に偏っていてもOKですから、ガンガン物事を進めていくといいでしょう。月の中旬以降は金運にも前向きな動きが起こります。恋をしている人は月の上旬にチャンスが多いはず。\n\n香りの開運アクション\n柑橘系の香りを楽しむ\nしし座\n今月の運勢\nずっと悩んできたこと、言葉が見つからずに堂々巡りをしてきたテーマについて、ひとつの方向性が見えてきます。それと同時に「話をしたい」「この気持ちを共有したい」という思いが強まってくる人も。仕事運、恋愛運ともに勢いがあるこの時期、遠慮する必要は何もありません。考えを、思いを、口に出してみませんか。\n\n香りの開運アクション\nトップノートにインパクトのある香りを試す\nおとめ座\n今月の運勢\n新しく気が合う友達ができたり、行動のフィールドが広がったりと、勢いが生まれる時期。恋において長く頑張ってきたことがある人は、月の下旬に努力が報われるような出来事があるでしょう。大事なのは、理想を持ち続けること。変に妥協したり、自分を低く見積もったりせずに高みを目指し続けることだけが可能にするものが、この時期は確かにあるのだろうと思います。\n\n香りの開運アクション\nピローケースにワンプッシュ\nてんびん座\n今月の運勢\n仕事運に新たな動きが起きる星回り。大事なのはチームワークです。ひとりで頑張れることも多いとしても、ひとりでは見られない夢がこの時期は特別に多いようです。ただし、「個人の自由」と言われるようなテーマについて深入りしすぎるといざこざが起こりやすいよう。お互いを尊重して協力体制を組むことに目を向けられると素敵です。\n\n香りの開運アクション\nいつもと違うお店で香水を見る\nさそり座\n今月の運勢\n仕事運が活性化。不慣れなジャンルであっても、状況をよく整理すればスムーズに進めることができるでしょう。この時期、あなたのポテンシャルが最も強く働くのは交渉や話し合いなど、会話によってベストな結果を導き出すこと。「この相手なら、こう出るといいだろう」という直感が、この時期は不思議と当たります。互いにとって有意義な話ができるでしょう。\n\n香りの開運アクション\n紙やハンカチにスプレーし、バッグに入れる\nいて座\n今月の運勢\nどんどん自由になっていきます。多忙さの真っ只中でがんじがらめになっていた人も、目の前のことばかりを見つめるのではなく、周囲を見渡す余裕が出てくるでしょう。月の下旬、人間関係が活発になってきます。ときに「バトル」のような様相も出てきますが、闘う価値は十分にあるのだろうと思います。\n\n香りの開運アクション\n映画や小説に出てくる香りを試す\nやぎ座\n今月の運勢\nとびきり情熱的になれる時期。特に恋は月の上旬にチャンスがぎゅっと凝縮しています。新たな出会いも、今好きな人との進展も、あなたが主導権を握っているくらいに思って前に進めるといいでしょう。21日前後、長く続けてきた努力が報われる人も。コツコツ努力を続けてきた自分を、たくさんねぎらってあげられるといいですね。\n\n香りの開運アクション\n人のオススメに従う\nみずがめ座\n今月の運勢\n家族やパートナーなど、身近な人との関係にスポットライトが当たりそう。話し合いをしたいと思っていた人は徹底的に話し合うことができますし、体力やスキル、人脈など持っているあらゆるものを尽くして相手のために頑張ることができるでしょう。愛にも嬉しい追い風が吹きます。月末に近づくほどに思いは高まってゆき、普段はなかなか勇気が出ない人も前向きに行動していけるはずです。\n\n香りの開運アクション\n曲線美が美しいボトルの香水を選ぶ\nうお座\n今月の運勢\nバタバタと忙しい時期ですが、やる気が高まる時期なので「頑張ることが楽しい」と前向きにやっていけそう。身近な人を大切に、一歩一歩確実に前へと進んでみたいところです。恋は月の上旬、新たな展開に。みずから行動を起こしてこそうまくいく時期なので、距離を縮めてみませんか。趣味の話をきっかけにするなど、ライトなアプローチが心を開いてくれやすいだろうと思います。\n\n香りの開運アクション\n清潔感ある香りを選ぶ,['https://newsatcl-pctr.c.yimg.jp/t/amd-img/20240701-00010001-biteki-000-1-view.jpg?pri=l&w=640&h=640&exp=10800'],['https://news.yahoo.co.jp/articles/5b21b9d4abf2c17c333f3936221f646e01ebcfd6/images/000']
【7月の香水占い】弾けるような日差しのなか、スピードを上げていく。（美的.com）,https://news.yahoo.co.jp/articles/e9c44845f4604e92555b1b778f70808c4443e9ea,https://newsatcl-pctr.c.yimg.jp/t/amd-img/20240701-00010000-biteki-000-1-view.jpg?exp=10800,2024-07-01T10:07:24+09:00,2024-07-01T10:07:24+09:00,美的.com,biteki,美的.com,1736,"\n今月の星占い 2024年7月\n熱い思いを抱えたときほど、言葉を吟味する。\n真夏の太陽が万物を照らすこの季節、日を追うごとに活気が増していくのを感じられそうな星回り。月初の段階では「ゆっくりいこう」「安定重視でいこう」という気持ちが強い人も、次第に頑張りたいことが見えてきたり、スピードが出てきたりするだろうと思います。いずれのモードのときも、自分の意見ははっきりと主張してこそチャンスをつかめるので、自分がどうしたいのか、何をしたいかは常々、考えておくといいでしょう。\n【写真4枚】この記事で紹介した、7月におすすめの香水はこちらからチェック！\nなお、月の下旬、とある情報をきっかけに情熱が大きく膨らむ暗示が出ています。人によっては「怒り」なのかもしれませんが、それは決してネガティブにとらえすぎる必要はないでしょう。もちろん過度に好戦的になるのはよくありませんが、「許せない」「言わずにはいられない」という気持ちを契機として変えていける現状も、きっと多いのだろうと思います。\n\n幸運の香り\n＃\n「自分らしさ」にこだわったブランド\n＃バカンス向きのもの\n＃ドラマティックな印象のもの\n＃オレンジやグレープフルーツなど柑橘系のもの\n美を司る金星は月の上旬にはかに座に、中旬以降はしし座に移動。自分らしさや、自分が心地よいと思えるかどうかが開運に大きなかかわりを持つ時期となっています。情報感度を高めにして、気になる香りをどんどん試してみるといいでしょう。香りをレイヤードして、“自分だけの香り”を楽しむのもこの時期はプラスとなるはずです。\n\n開運モチーフ＆カラー\n太陽 と ゴールド\n\nMessage from 真木あかり\n7月の開運香水\n7月の開運香水\nMaison Matine\nプンプン あるがまま\n\n「オレンジとキウイフルーツを浮かべた白いサングリアのような、甘くフルーティなオードパルファム。『あるがまま』という名前の通り、自分らしく自然体であること肯定してくれるような、ポジティブでごきげんな香りです。夏のバカンスのお供にもぴったり！」（フレグランススタイリスト阿部奈恵さん／以下同）\n\n香りの種類：フルーティフローラル\nおもな香りの素材：ローズ、マンダリンツリーフラワー、オレンジキウイボディ、ムスク、サンダルウッド、バニラ\n右／50ml ￥14,850\n\nラボラトリオ オルファティーボ\nアランチア ロッサ\n\n「ブラッドオレンジが主役の情熱的なシトラスの香り。ビターなオレンジピールとパッションフルーツの酸味は異国情緒をも漂わせます。手がけたのは元エルメス専属調香師でもあるレジェンド調香師のジャン=クロード・エレナ。平凡になりがちなシトラスとは一線を画す、洗練性と美しさが宿っています。シーンを選ばず纏えるのでデイリーユースにもおすすめです」\n\n香りの種類：シトラス\nおもな香りの素材：ブラッドオレンジ（イタリア産）、オレンジフラワー、パッションフルーツ、ホワイトムスク\n左／100ml ￥24,200\n\nselected by 阿部奈恵\nand more 7月のお守りフレグランス\nザボディショップ オレンジブロッサム オードパルファム 75ml ￥6,380\n\n「エジプトのナイルで手摘みされたオレンジの花を贅沢に使用した、自然由来成分90％配合のヴィーガンフレグランス。蜜を含んだ白い花が運んでくる甘い多幸感は、日常をビビットに彩ってくれる夏の相棒となってくれるでしょう」\n\nおもな香りの素材：ベルガモット、オレンジブロッサムアブソリュート、ベチバー\n\nKerzon オードトワレ ジム トニック シトラスとジュニパーの香り 100ml ￥8,800\n\n「シャボン玉の香りがドラマティックに弾ける香水。洗い立ての洗濯物のような清潔な香りとともに、シトラスとジンを思わせるジュニパーが爽快感をもたらし、蒸し暑い夏の日を心地よいムードに変えてくれます」\n\n香りの素材：シャボン玉の香り、ジュニパー、シトラス、ベルガモット、ホワイトムスク、モダンウッド",['https://newsatcl-pctr.c.yimg.jp/t/amd-img/20240701-00010000-biteki-000-1-view.jpg?pri=l&w=640&h=640&exp=10800'],"['https://www.biteki.com/gallery/1861290?from=1853693&image=1', 'https://news.yahoo.co.jp/search?p=%EF%BC%83&source=article-body', 'https://news.yahoo.co.jp/search?p=%EF%BC%83%E3%83%90%E3%82%AB%E3%83%B3%E3%82%B9%E5%90%91%E3%81%8D%E3%81%AE%E3%82%82%E3%81%AE&source=article-body', 'https://news.yahoo.co.jp/search?p=%EF%BC%83%E3%83%89%E3%83%A9%E3%83%9E%E3%83%86%E3%82%A3%E3%83%83%E3%82%AF%E3%81%AA%E5%8D%B0%E8%B1%A1%E3%81%AE%E3%82%82%E3%81%AE&source=article-body', 'https://news.yahoo.co.jp/search?p=%EF%BC%83%E3%82%AA%E3%83%AC%E3%83%B3%E3%82%B8%E3%82%84%E3%82%B0%E3%83%AC%E3%83%BC%E3%83%97%E3%83%95%E3%83%AB%E3%83%BC%E3%83%84%E3%81%AA%E3%81%A9%E6%9F%91%E6%A9%98%E7%B3%BB%E3%81%AE%E3%82%82%E3%81%AE&source=article-body', 'https://news.yahoo.co.jp/articles/e9c44845f4604e92555b1b778f70808c4443e9ea/images/000']"
