headline,mainEntityOfPage,image,datePublished,dateModified,author,media_en,media_jp,str_count,body,images,external_links
"【山口組分裂抗争から10年目】北海道内の暴力団関係者は減少続き『940人』 10年前から約6割減　""会長宅衝突""以降は抗争も未発生　「暴力団排除」札幌でイベント（北海道ニュースUHB）",https://news.yahoo.co.jp/articles/203da8b2ce402beb4f93c0b238ff18bc4457a1be,https://newsatcl-pctr.c.yimg.jp/t/amd-img/20240913-90045335-hokkaibunv-000-1-view.jpg?exp=10800,2024-09-13T22:00:03+09:00,2024-09-13T22:00:03+09:00,北海道ニュースUHB,hokkaibun,北海道ニュースUHB,665,\n北海道暴力団追放道民大会（9月12日）\n暴力団根絶に向けた意識を高めるイベントが9月12日、札幌市内で開かれました。\n\n 北海道暴力団追放道民大会は今年で8回目。\n\n 暴力団排除へ活動を続ける団体関係者をはじめ北海道警や自治体など約400人が参加しました。\n\n 大会では北海道警幹部による暴力団対策に関する講演が行われたほか、札幌よしもとの芸人による「暴排コント」も披露されました。\n暴力団員は減少傾向iにあるものの警戒は続く\n北海道警によりますと、北海道内の暴力団関係者（構成員・準構成員）は2023年末現在で約940人。このうち主要団体とされる六代目山口組・神戸山口組・絆會・池田組・住吉会・稲川会で約850人と9割以上を占めています。\n\n 暴力団関係者の数は前年に比べ約160人減り、10年前と比較すると約6割減少しているということです。\n\n また、2つの山口組による対立抗争は8月で10年目を迎えました。\n\n 北海道内では2019年11月、神戸山口組系の暴力団会長の住宅に六代目山口組系の組員の車が突っ込んだ事件以降、抗争関連事件の発生はありませんが警戒が続いています。\n\n 北海道警伊藤泰充本部長はイベントの中で、「暴力団は組織の生き残りをかけて組織実態を隠すなど不透明化を一層進めている。覚せい剤の密売や海産物の密漁など社会情勢に応じて多種多様な資金獲得活動をおこなっている。必要な警戒や取り締まりを徹底し暴力団排除を強力に進めていきたい」と話しました。\nUHB 北海道文化放送,"['https://newsatcl-pctr.c.yimg.jp/t/amd-img/20240913-90045335-hokkaibunv-000-1-view.jpg?pri=l&w=640&h=479&exp=10800', 'https://newsatcl-pctr.c.yimg.jp/t/amd-img/20240913-90045335-hokkaibunv-001-1-view.jpg?pri=l&w=640&h=479&exp=10800']","['https://news.yahoo.co.jp/articles/203da8b2ce402beb4f93c0b238ff18bc4457a1be/images/000', 'https://news.yahoo.co.jp/articles/203da8b2ce402beb4f93c0b238ff18bc4457a1be/images/001']"
カッターナイフ突き付け「カネをください」 防犯ベル鳴らされ遁走　コンビニ強盗未遂容疑で43歳男を逮捕　「関係ない人を巻き込んで悪いことをしました」　店員2人ケガなし　北海道帯広市（北海道ニュースUHB）,https://news.yahoo.co.jp/articles/70252e4c01e772a8bf9087c1e2ec279ff2518835,https://newsatcl-pctr.c.yimg.jp/t/amd-img/20240913-90045336-hokkaibunv-000-1-view.jpg?exp=10800,2024-09-13T23:00:02+09:00,2024-09-13T23:00:02+09:00,北海道ニュースUHB,hokkaibun,北海道ニュースUHB,340,\n事件があった現場\n9月13日早朝、北海道帯広市のコンビニエンスストアで起きた強盗未遂事件で、警察は13日夜、市内に住む43歳の作業員の男を強盗未遂などの疑いで逮捕しました。\n\n 男は13日午前5時ごろ、帯広市西1条南12丁目のコンビニに侵入し、「金をください」などと言いながら従業員らにカッターナイフを突きつけ現金を要求しましたが、防犯ベルを鳴らされ逃走した疑いがもたれています。\n\n 男はカッターナイフを置いて逃げましたが、発生から約3時間後に被害店舗付近で発見されて逮捕されました。\n\n 調べに対し男は「関係ない人を巻き込んで悪いことをしました」と容疑を認めているということです。\n\n 警察は犯行の動機などを慎重に調べています。\nUHB 北海道文化放送,['https://newsatcl-pctr.c.yimg.jp/t/amd-img/20240913-90045336-hokkaibunv-000-1-view.jpg?exp=10800'],['https://news.yahoo.co.jp/articles/70252e4c01e772a8bf9087c1e2ec279ff2518835/images/000']
【日本一早い紅葉】3連休前に大雪山系の紅葉が見ごろ 去年より4日ほど早い…3連休は標高1600～1800メートル付近で色づきがピーク 寒気で気温が氷点下になる恐れ 防寒着の準備を 北海道（北海道ニュースUHB）,https://news.yahoo.co.jp/articles/e11dcf4db4ba6ed81c20c19f3d75767527d273f1,https://newsatcl-pctr.c.yimg.jp/t/amd-img/20240913-90045324-hokkaibunv-000-1-thumb.jpg?exp=10800,2024-09-13T20:45:02+09:00,2024-09-13T20:45:02+09:00,北海道ニュースUHB,hokkaibun,北海道ニュースUHB,332,\nUHB 北海道文化放送\n9月14日からの3連休を前に、日本一早いといわれる大雪山系の紅葉が、見ごろを迎えています。\n紅葉が見ごろの黒岳8合目付近\n山肌が赤や黄色に彩られた大雪山系の黒岳。標高1800メートルの8合目付近ではウラシマツツジが赤く色づき、紅葉が見ごろを迎えています。\n\n 黒岳ロープウェイによりますと、今年は猛暑だった去年よりも4日程早いという事です。\n\n 14日からの3連休は標高1600～1800メートル付近で、色づきがピークとなり、多くの登山客でにぎわいそうです。\n\n ただ、今夜、上空に寒気が入ってくるため、大雪山系の山頂付近は、気温が氷点下まで下がる恐れがあり、防寒の準備が必要になりそうです。\nUHB 北海道文化放送,['https://newsatcl-pctr.c.yimg.jp/t/amd-img/20240913-90045324-hokkaibunv-001-1-view.jpg?pri=l&w=640&h=360&exp=10800'],['https://news.yahoo.co.jp/articles/e11dcf4db4ba6ed81c20c19f3d75767527d273f1/images/000']
"「停止するときにアクセルとブレーキを踏み間違えた」80代男性の乗用車 ""丁字路交差点を突っ切り"" 農作物倉庫に突っ込む…1人で帰宅途中　北海道由仁町（北海道ニュースUHB）",https://news.yahoo.co.jp/articles/d5ac6f790a8dc0873ae7274d3947aa92bfc3213b,https://newsatcl-pctr.c.yimg.jp/t/amd-img/20240913-90045334-hokkaibunv-000-1-view.jpg?exp=10800,2024-09-13T21:30:03+09:00,2024-09-13T21:30:03+09:00,北海道ニュースUHB,hokkaibun,北海道ニュースUHB,409,\n突っ込んだ乗用車（提供：道警）\n北海道由仁町で9月13日、80代の男性が運転する乗用車が倉庫に突っ込む事故がありました。警察は高齢ドライバーへ注意を呼び掛けています。\n\n 13日午後4時ごろ、由仁町本町の交差点付近で、乗用車が農作物を貯蔵する倉庫に突っ込みました。\n\n 運転していたのは80代の男性でケガはなく、ほかにケガ人もいませんでした。\n事故があった現場（提供：道警）\n警察によりますと、倉庫は丁字路交差点の先にあり、男性が一時停止しようとしたところ交差点をそのまま突っ切り倉庫に衝突しました。\n\n 当時男性は出先からの帰宅途中で、警察からの聞き取りに「停止するときにアクセルとブレーキを踏み間違えた」などと話しています。\n\n 警察は「駐車や発進させるときにはより慎重な運転操作に努め、特にアクセルとブレーキの操作は慎重におこなってほしい」と呼び掛けています。\nUHB 北海道文化放送,"['https://newsatcl-pctr.c.yimg.jp/t/amd-img/20240913-90045334-hokkaibunv-000-1-view.jpg?pri=l&w=640&h=480&exp=10800', 'https://newsatcl-pctr.c.yimg.jp/t/amd-img/20240913-90045334-hokkaibunv-001-1-view.jpg?pri=l&w=640&h=480&exp=10800']","['https://news.yahoo.co.jp/articles/d5ac6f790a8dc0873ae7274d3947aa92bfc3213b/images/000', 'https://news.yahoo.co.jp/articles/d5ac6f790a8dc0873ae7274d3947aa92bfc3213b/images/001']"
【カビ発生の根室高校】17日から生徒の登校開始を発表 カビ除去作業長期化していたが環境が十分整った…校舎の換気と清掃を継続する 北海道（北海道ニュースUHB）,https://news.yahoo.co.jp/articles/0967928b9b7574ecd1e6079b05d252b9d75ec368,https://newsatcl-pctr.c.yimg.jp/t/amd-img/20240913-90045330-hokkaibunv-000-1-thumb.jpg?exp=10800,2024-09-13T19:37:02+09:00,2024-09-13T19:37:02+09:00,北海道ニュースUHB,hokkaibun,北海道ニュースUHB,339,\nUHB 北海道文化放送\n校舎内に大量のカビが発生し校舎が利用できなくなっていた根室高校は、カビの状況が改善されたことから17日から生徒の登校を再開すると発表しました。\n夏休み中に大量のカビが発生した\n根室高校は夏休み中、教室の机やイス、廊下など校舎全体にカビが大量に発生し、根室高校は9月3日から校舎を使用せず根室市青少年センターで授業をしていました。\nカビ除去の様子\n壁の張替えや消毒などのカビの除去作業が長期化していましたが、学校医や保健所などが確認しカビの状況が改善され再開への十分な環境が整ったことから、9月17日から校舎の使用を再開して通常授業を行うということです。\n\n 今後は、校舎内の換気や清掃を継続するということです。\nUHB 北海道文化放送,"['https://newsatcl-pctr.c.yimg.jp/t/amd-img/20240913-90045330-hokkaibunv-001-1-view.jpg?pri=l&w=640&h=360&exp=10800', 'https://newsatcl-pctr.c.yimg.jp/t/amd-img/20240913-90045330-hokkaibunv-002-1-view.jpg?pri=l&w=640&h=360&exp=10800']","['https://news.yahoo.co.jp/articles/0967928b9b7574ecd1e6079b05d252b9d75ec368/images/000', 'https://news.yahoo.co.jp/articles/0967928b9b7574ecd1e6079b05d252b9d75ec368/images/001']"
"パリオリンピック バドミントン混合ダブルスで銅メダリスト　""わたがしペア""の東野有紗選手 地元の北海道岩見沢市から『スポーツ栄誉賞』授与　「応援があったからとれたメダル。ほっとしている」（北海道ニュースUHB）",https://news.yahoo.co.jp/articles/080c6863b5b1ebce5a87d716616ccd66106179c4,https://newsatcl-pctr.c.yimg.jp/t/amd-img/20240913-90045325-hokkaibunv-000-1-view.jpg?exp=10800,2024-09-13T20:30:03+09:00,2024-09-13T20:30:03+09:00,北海道ニュースUHB,hokkaibun,北海道ニュースUHB,562,\n東野有紗選手\nパリオリンピックのバドミントン混合ダブルスで銅メダルを獲得した東野有紗選手が地元・北海道岩見沢市に帰って来ました。\n\n 拍手喝采で出迎えられたパリオリンピック日本代表、東野有紗選手。\n\n 東野選手は渡辺勇大選手との「わたがしペア」でバドミントン混合ダブルスで東京大会から2大会連続の銅メダルを獲得しました。\n\n 出身地の岩見沢市から9月13日『スポーツ栄誉賞』が授与されました。\n\n 「本当に岩見沢の方々の応援があったからとれた銅メダルだと思っているので、メダルを持って帰って来られてほっとしています」（東野選手）\n\n 2028年ロサンゼルス大会では女子ダブルスでの出場、金メダル獲得を目指す東野選手。\n\n そして、先日大きなニュースとなったのは五輪後に発表した所属先の五十嵐優コーチとの結婚。左手にはキラリと光る結婚指輪がありました。\n\n Qご夫婦で過ごしたり楽しむ時間はありましたか？\n\n 「全くないです。何もしてないかもしれない。やっと今回2週間ほど休みをいただいた。ちょっとだけ休みが被ったのでちょっと旅行に行こうかな。やっと2人で過ごせる時間ですね」（東野選手）\n\n 東野選手、ゆっくり休んでまた、素晴らしいプレーを見せてください！\nUHB 北海道文化放送,['https://newsatcl-pctr.c.yimg.jp/t/amd-img/20240913-90045325-hokkaibunv-000-1-view.jpg?pri=l&w=640&h=392&exp=10800'],['https://news.yahoo.co.jp/articles/080c6863b5b1ebce5a87d716616ccd66106179c4/images/000']
【ヒグマ出没注意】体長は約1m―「さけます施設の見学を終えた祖父と孫」が目撃 約20m先の道路脇の法面に…北海道千歳市泉沢（北海道ニュースUHB）,https://news.yahoo.co.jp/articles/0b7a665fb6fe9403dd710053f93c2299c1389e19,https://newsatcl-pctr.c.yimg.jp/t/amd-img/20240913-90045331-hokkaibunv-000-1-thumb.jpg?exp=10800,2024-09-13T20:00:03+09:00,2024-09-13T20:00:03+09:00,北海道ニュースUHB,hokkaibun,北海道ニュースUHB,248,\nUHB 北海道文化放送\n北海道千歳市でヒグマが目撃されました。\n\n 警察によりますと、9月11日午前11時10分ごろ、千歳さけますの森 さけます情報館の事業所構内で施設の見学を終えた祖父と孫が車に乗って出ようとしたところ、約20m先の道路脇の法面にクマがいるのを目撃し警察に通報しました。\n\n クマは体長約1メートル。\n\n さけます情報館は11日から当面の間、臨時休館となることが決定しました。\n\n 付近に住んでいる方、通行する方はご注意ください。\nUHB 北海道文化放送,[],[]
"【旭川中2女子いじめ自殺】再調査委が報告書を公表「いじめ被害が自殺の主要な原因であった可能性は高い」7件の""いじめ行為""を認定 北海道旭川市（北海道ニュースUHB）",https://news.yahoo.co.jp/articles/a5ab13da297801fa1e80dd56a19bb2dace184f34,https://newsatcl-pctr.c.yimg.jp/t/amd-img/20240913-90045333-hokkaibunv-000-1-thumb.jpg?exp=10800,2024-09-13T19:27:02+09:00,2024-09-13T19:27:02+09:00,北海道ニュースUHB,hokkaibun,北海道ニュースUHB,343,\nUHB 北海道文化放送\n3年前、旭川市でいじめを受けた中学2年の女子生徒が凍死した問題で、市は、いじめと自殺の因果関係を認めた再調査委員会の報告書を公表しました。\n\n 3年前、旭川市の公園で凍死した広瀬爽彩さん。\n\n 旭川市が公表した再調査委の報告書では当初、第三者委員会で認められなかった「広瀬さんの特徴的な行動を真似て笑う」などの行為を含む7件をいじめと認定しました。\n\n また、クラス内のいじめで居場所を失った広瀬さんが外とつながりを求める中で、さらにいじめを受ける内容などが明かされました。\n\n その上で、第三者委が認定を避けた、いじめと自殺の因果関係に関しては「いじめ被害が自殺の主要な原因であった可能性は高い」と指摘しました。\nUHB 北海道文化放送,[],[]
【ヒグマ出没注意】体長は約1.5m―「橋の下でニジマス釣りしていた人」が目撃 30m先の堤防に…周辺で連日出没相次ぐ 北海道湧別町南兵村一区（北海道ニュースUHB）,https://news.yahoo.co.jp/articles/7f32eed9a8ca9a389ac71fa2c176d4e5b6406c0b,https://newsatcl-pctr.c.yimg.jp/t/amd-img/20240913-90045329-hokkaibunv-000-4-thumb.jpg?exp=10800,2024-09-13T18:31:01+09:00,2024-09-13T18:56:02+09:00,北海道ニュースUHB,hokkaibun,北海道ニュースUHB,260,\nUHB 北海道文化放送\n北海道東部の湧別町南兵村一区でヒグマが目撃されました。\n\n 警察によりますと、9月12日午前8時30分ごろ、湧別川にかかる橋の下でニジマス釣りをしていた人が、約30メートル先の堤防にクマがいるのを目撃しました。\n\n クマは体長約1.5メートル。釣り人は付近の山の方向へ立ち去るのを確認し、警察へ通報しました。\n\n 周辺地区ではクマの目撃が連日相次いでいて、箱わな設置など対策が続けられています。\n\n 付近に住んでいる方、通行する方はご注意ください。\nUHB 北海道文化放送,[],[]
北海道【菅井さんの天気予報 9/13(金)】オーロラチャンス！今夜遅くからあす未明は北海道の空が染まるかも…3連休の最新予報も（北海道ニュースUHB）,https://news.yahoo.co.jp/articles/d0d923afa9fed4ca353b251342db8e01526ca9b1,https://newsatcl-pctr.c.yimg.jp/t/amd-img/20240913-90045321-hokkaibunv-000-1-thumb.jpg?exp=10800,2024-09-13T18:00:03+09:00,2024-09-13T18:00:03+09:00,北海道ニュースUHB,hokkaibun,北海道ニュースUHB,1198,\nUHB 北海道文化放送\n（菅井貴子気象予報士が解説）午前11時40分現在\n\n◆きょう13日(金)の気温\n 朝は、帯広市や苫小牧市で13℃前後まで下がり、今季一番の低温となりましたが、\n 日中は、太平洋側で、気温が上がり、\n 帯広市、幕別町、北斗市の最高気温は28℃以上でした。\n 札幌は27.4℃で、9月に入っても、連日25℃以上で、\n これほど長い残暑は、統計開始以来、初めてのことです。\n 今夜は、上空に今季一番の寒気が流れ込むため、気温がぐっと下がり、肌寒くなりそうです。\n\n◆今夜はオーロラ出現か…\n 空のニュース速報です！陸別町の銀河の森天文台の津田館長から連絡がありました。\n 北海道でオーロラ出現の可能性が高まっているとのことです。\n 月が沈むきょう13日(金)23時37分からあす14日(土)夜明け前の3時24分までが\n 観測のチャンスだそうです。\n 太陽活動が活発期を迎えていて、\n 今年は北海道で何度も、赤い低緯度オーロラが観測されています。\n 今夜は、陸別町や名寄市の天文台からライブ配信もするそうですので、\n 注目しても良さそうですね。\n\n◆オーロラどこで見られる？\n 大前提は、空に雲がないことです。\n 今夜遅くなるにつれて、晴れるエリアが多くなりますが、\n 札幌など道央圏や十勝地方は、雲が出てしまうかもしれません。\n またオーロラ以外にも通信障害やＧＰＳの誤差が拡大することも\n ありますので、気を付けて下さい。\n\n◆3連休の天気 14日(土)～16日(月・祝) \n ・14日(土)\n 朝は晴れますが、放射冷却で冷え込みそうです。\n 大雪山系の高い山では、雪が混じるかもしれません。\n ふもとも最低気温は3℃以下の所がありますので、農作物は霜の被害にご注意下さい。\n 日中は、次第に雲が多くなり、夜は雨の降る所があるでしょう。\n ・15日(日)\n 午前中は、広範囲で雨が降るでしょう。\n 太平洋側は雨量が多く、最大80ミリで、雷を伴い激しく降るかもしれません。\n 最高気温は20℃に届かない所もあり、肌寒く感じるでしょう。\n ・16日(月・祝)\n 天気が回復し、青空の広がる所が多いでしょう。\n 日中は過ごしやすい陽気で、行楽日和、洗濯日和です。\n 秋に収穫期ですが、農家の方も作業が順調に進むといいですね。\n\n◆全道の週間予報 14日(土)～20日(金) \n 来週前半は晴天が続くでしょう。\n 日差しは強さがありますが、30℃に届く所はなく、\n 季節は確実に進みそうです。\n 19日(木)は、低気圧が通過するため、全道的に天気が崩れるでしょう。\n 秋は天気が変わりやすく、気温変化も大きくなりますので、\n 体調管理にも気を付けましょう。\nUHB 北海道文化放送,[],[]
【北海道の天気 9/13(金)】上空に今秋一番の強い寒気　あす朝は内陸部でストーブが欲しいほどの冷え込みに…寒暖差が大きい三連休（北海道ニュースUHB）,https://news.yahoo.co.jp/articles/3dd01a7210218753ffd31512d86dfaee2ed81b3f,https://newsatcl-pctr.c.yimg.jp/t/amd-img/20240913-90045322-hokkaibunv-000-1-thumb.jpg?exp=10800,2024-09-13T19:10:02+09:00,2024-09-13T19:10:02+09:00,北海道ニュースUHB,hokkaibun,北海道ニュースUHB,969,\nUHB 北海道文化放送\n（菅井貴子気象予報士が解説）午後6時40分現在\n\n◆今夜はオーロラ出現か…\n 空のニュース速報です！陸別町の銀河の森天文台の津田館長から連絡がありました。\n 北海道でオーロラ出現の可能性が高まっているとのことです。\n 月が沈む23時37分からあす夜明け前の3時24分までが観測のチャンスだそうです。\n 太陽活動が活発期を迎えていて、\n 今年は北海道で何度も、赤い低緯度オーロラが観測されています。\n 今夜は、陸別町や名寄の天文台からライブ配信もするそうですので、\n 注目しても良さそうですね。\n\n◆オーロラどこで見られる？\n 大前提は、空に雲がないことです。\n 今夜遅くなるにつれて、晴れるエリアが多くなりますが、\n 札幌など道央圏や十勝地方は、雲が出てしまうかもしれません。\n またオーロラ以外にも通信障害やＧＰＳの誤差が拡大することも\n ありますので、気を付けて下さい。\n\n◆3連休の天気 14日(土)～16日(月・祝) \n ・14日(土)\n 朝は晴れますが、放射冷却で冷え込みそうです。\n 大雪山系の高い山では、雪が混じるかもしれません。\n ふもとも最低気温は3℃以下の所がありますので、\n 農作物は霜の被害にご注意下さい。\n 日中は、次第に雲が多くなり、夜は雨の降る所があるでしょう。\n ・15日(日)\n 午前中は広範囲で雨が降るでしょう。太平洋側は雨量が多く、\n 最大80ミリで、雷を伴い激しく降るかもしれません。\n 最高気温は20℃に届かない所もあり、肌寒く感じるでしょう。\n ・16日(月・祝)\n 天気が回復し、青空の広がる所が多いでしょう。\n 日中は過ごしやすい陽気で、行楽日和、洗濯日和です。\n 秋に収穫期ですが、農家の方も作業が順調に進むといいですね。\n\n◆全道の週間予報 14日(土)～20日(金) \n 来週前半は晴天が続くでしょう。\n 日差しは強さがありますが、30℃に届く所はなく、\n 季節は確実に進みそうです。\n 19日(木)は、低気圧が通過するため、全道的に天気が崩れるでしょう。\n 秋は天気が変わりやすく、気温変化も大きくなりますので、\n 体調管理にも気を付けましょう。\nUHB 北海道文化放送,[],[]
"「付き合っていると思われてもよかった」パリオリンピック銅メダリスト バドミントン東野有紗が語る新婚生活と ""わたがしペア"" の本当の関係（北海道ニュースUHB）",https://news.yahoo.co.jp/articles/357cc17ff735a3e5b40f1cf50c1d30e9badd53a0,https://newsatcl-pctr.c.yimg.jp/t/amd-img/20240913-90045327-hokkaibunv-000-5-view.jpg?exp=10800,2024-09-13T17:52:02+09:00,2024-09-13T20:45:02+09:00,北海道ニュースUHB,hokkaibun,北海道ニュースUHB,1351,"\n東野有紗選手 (C) BIPROGY\nパリ五輪バドミントン混合ダブルスで銅メダルを獲得した東野有紗選手。\n\n ペアを組んでいた“わたがしペア”渡辺勇大選手と東野選手は、帰国後にそれぞれ結婚、東野選手はこれからは女子ダブルスで2028年ロサンゼルス五輪を目指すことを発表しました。\n【関連記事】バドミントン東野有紗 東野兄が語る結婚秘話と今後の期待 ""わたがしペア恋人説""には『いつも、はぐらかしていました…』\nそんな公私ともに多忙な東野選手に、今年9月、地元の北海道岩見沢市で休暇中に新婚生活について話を聞きました。\n■地元・岩見沢入りした東野有紗選手 ""新婚生活""は？\n―8月に所属先のBIPROGYバドミントンチームの五十嵐優コーチと発表されましたが、結婚のタイミングは決めていましたか？\n\n 「そんなに明確には決めていませんでした。『8月にできたらいいけど、無理だったら9月にしようか』と話し合っていました。いつ休みが取れるかも分からない状況だったので、難しかったですね」\n\n ―帰国されてから、夫婦で過ごす時間はありましたか？\n\n 「全くないですね。何もしていないかもしれないです。やっと今回、2週間ほど休みをいただき、少しだけ休みが重なったので、ちょっと旅行に行こうかなと。ようやく2人で過ごせそうです」\n■「わたがしペア」恋人説について\n―“わたがしペア恋人説”がありましたが？\n\n 「そうやってメディアに取り上げてもらっていたので、みなさんは付き合っていないとは思っているはずだけど、そういう風に取り上げてくれてうれしかったですし、そう思われてもいいなと思っていました」\n\n ―なかには本当に付き合っていると思っていた人もいたようですが\n\n 「そうですね。勇大くんが先に結婚を発表したので、同情の声が多かった。勝手に振られたみたいになっちゃって（笑）」\n\n ―フジテレビのジャンクSPORTSで渡辺勇大選手が結婚を発表されましたが、その時どう感じましたか？\n\n 「自分は『結婚は8月か9月中かな』と話をしていたのに、勇大君は全然結婚する様子がなかったので、ビックリしました」\n\n ―東野選手のお兄さんによると結婚前から甥っ子とテレビ電話する時、夫の優さんも出ていたそうですね\n\n 「余計なこと話すな！って言いました（笑）ニュースでその事を知って、兄ちゃんが秘密話みたいな感じで話していたので『事細かく話しすぎだよ！』って言いました。全然、大丈夫ですけど（笑）」\n■競技もプライベートも充実している東野選手\n―甥っ子とは仲が良い？\n\n 「岩見沢では甥っ子とは遊んでいます。5歳と6歳です。最近、「バトミントンで遊ぼう！」って言われてビックリしました。五輪を見てからやりたいといっていて、庭でやっているらしく、結構上手なんですよ。岩見沢で一緒にやるかもしれないですね」\n\n ―メダリストとバドミントンができるなんて贅沢ですね！\n\n 「甥っ子なんで、全然やりますよ（笑）」\n\n\n 競技もプライベートも充実している東野選手。地元でゆっくりと疲れを癒し、さらなる活躍に期待が持てそうです。\nUHB 北海道文化放送",['https://newsatcl-pctr.c.yimg.jp/t/amd-img/20240913-90045327-hokkaibunv-000-5-view.jpg?pri=l&w=426&h=640&exp=10800'],"['https://news.yahoo.co.jp/articles/357cc17ff735a3e5b40f1cf50c1d30e9badd53a0/images/000', 'https://www.uhb.jp/news/single.html?id=44980']"
"【追跡】目利きのプロ伝授「激アツ」“秋の味覚”は？― “サンマ”買う時は箱の数字に注目？ ""サケ""不漁で筋子は値上がり傾向も 今シーズンのお買い得は…地中海産『マグロ』 さらに北海道にカジキマグロも（北海道ニュースUHB）",https://news.yahoo.co.jp/articles/111532c78b16316ad19fcc45f18dab33b537d3f9,https://newsatcl-pctr.c.yimg.jp/t/amd-img/20240913-90045301-hokkaibunv-000-3-thumb.jpg?exp=10800,2024-09-13T21:00:03+09:00,2024-09-14T00:06:02+09:00,北海道ニュースUHB,hokkaibun,北海道ニュースUHB,2545,"\nUHB 北海道文化放送\n脂がのった厚みのある身。この時期に食べたい秋の味覚、サンマが2024年は安い！？初競り価格は、2023年の約200分の1！この安値は今後も続く？\n\n 一方、サケは初競りで最高値を記録！結果は？鮮魚店から筋子が消えた！イクラは2024年食べられない？\n\n 秋の味覚、気になる今後のお値段を追跡しました！\n秋の味覚“追跡”―札幌市東区「一和鮮魚店」へ\n店頭に並ぶサンマ\nさっそく秋の味覚の値段を確かめるべくやってきたのは、札幌市東区「一和鮮魚店」。\n\n こちらの店はサンマの初競り時に、お祝い価格でなんと1匹18円で販売していた店です！\n\n 期待に胸を膨らませながらさっそく店内に入ってみると。\n \n 「いきなりありました！秋の味覚の王道、生サンマ。大きいサイズで脂ものっていて1匹150円。初物の時より少し値段が上がっているけど、150円なら手に取りやすい」\n\n 生サンマ1匹150円。お客さんにとって高い？安い？\n\n 「150円ぐらいだったら買える。去年高くて買えなかった」\n\n 「4匹買っていく！家族分。150円で大サイズなら買う。カミさんも喜ぶ」（いずれも来店客）\n\n さらに箱買いしているお客さんも！\n\n 「18匹入りで2,000円、どうですか？」\n\n 「安いんじゃないですか。10匹ぐらい食べて、あとは冷凍しようと思う」（来店客）\n2024年のサンマはサイズが大きく、脂ものっていておいしいものが多い\n2023年のこの時期は不漁の影響もあり、大サイズだと1匹400円前後で販売していたサンマ。それが2024年は1匹150円。\n\n お客さんもお求めやすいご様子。気になるのはこの後、値段が上がるのか。\n\n 「圧倒的に去年より数が取れているので、これからは安定した値段でサンマは販売できる見通しです」（一和鮮魚店 木島 和哉さん）\n\n 「今年は旬の季節をずっと困らずに買えそうですか？」（廣岡アナ） \n\n 「いけると思いますよ。嬉しいニュースです」（木島さん）\n\n さらに嬉しいニュース。\n\n 2023年と比べ、2024年のサンマはサイズが大きく、脂ものっていておいしいものが多いとのこと。\n箱の数字でサンマの大きさを判別！？\n箱に書いてある数字に注目\nここで買う時に知っておきたいポイントが！\n\n 「これ見てもらいたいんですけど、箱の横に書かれた数字18」（木島さん）\n\n 「1箱に何匹入っているかというのがこの数字。2キロの箱に何匹入っているかで大きさが変わってくる。数が少ないほど魚は大きい」（木島さん）\n\n 例えば2キロの箱に15と書かれていたら、15匹しか入っていない。イコール、大きくて脂がのっているサンマ。\n\n 逆に25と書かれていたら小さくて食べる部分が少ないサンマなど、箱の数字を見るだけで、ある程度判別ができちゃうんです。\n秋の味覚サンマ 手軽に味わえそう\n「これを見たらどれくらいのサイズが並んでいるかわかる！」\n\n 「見比べられるので一目でわかります。（2キロの箱の場合）17ぐらいが大きい小さいの境目で、脂も変わってきます」（木島さん）\n\n 「17以下だったらかなり大きい？」\n\n 「絶対買った方がいいですね」（木島さん）\n\n 2024年はおいしいサンマが、手軽に味わえそうで一安心。\n筋子が見当たらない！？サケの不漁が続くか\n筋子がみあたらない…\n次は秋の味覚「筋子」。9月、サケの初競りが行われたこともあり、そろそろイクラを作りたいという人も多いはず。しかし、店内を見てみると。ない！ない！！筋子がどこにも見当たらない！！！\n\n 「秋の味覚を探しに来たんですが、筋子、見当たらないんですが」 \n\n 「筋子が今、非常に状況が悪くて。サケ自体がダメなので筋子も必然的にないんです」（木島さん）\n\n 2024年は海水温上昇などの理由でサケが不漁。初競りでも過去10年で最高値を記録し、今後も高値が続く見通し。\n\n 2023年の9月頃だと100グラム600円前後で販売していたという「筋子」。今後、店頭に並ぶとしたらズバリお値段は、い・く・ら？？\n\n 「今年は（去年の）倍近いのかなっていう。100グラムで1,000円は間違いなくすると思います」（木島さん）\n\n 「（太平洋の北海道東部から始まり）シーズンが終わりに近づくと今度は日本海からサケが来るので、今年はそれに期待したいです」（木島さん）\n今秋おすすめは“マグロ”―「地中海産」に注目\n地中海産マグロがねらい目\n秋の味覚 筋子が2024年は期待できない状況。しかし、筋子に変わるあるものがこの秋おすすめなんです！それは。\n\n 「マグロです。あえての地中海産」（木島さん）\n\n 「結構値段がお安い。マグロのこのサイズの柵だったら1000円は絶対超えてくる」\n\n 「価格もそうだし抜群においしい赤身。脂がほんのりある。日本人の口に合う」（木島さん）\n\n 「そんなにおいしいマグロがなぜこの値段？」\n\n 「日本国内に量がたくさんある」（木島さん）\n\n 「地中海のマグロがたくさん日本に入ってきて、ある程度量があるからこの値段」\n\n 地中海産と比べてお値段は倍近くしますが、国産マグロも2024年は脂がのっていて、いいものが入っているとのこと。食べ比べしてみると。\n\n 「まずは釧路産のマグロ。（試食して）溶けるわ～。脂のりも最高！抜群においしい。続いて地中海産。赤い。（試食して）脂が溶け込んでいる感じというか、すごいなめらか。鉄分の感じがなくてむしろ爽やか。これもう完全にマグロの中でも別のもの。どっちも最高においしい。この秋、安定的にこういったクラスのマグロが入ってきそう？」\n\n 「ずっと出せると思います。今、珍しく北海道でカジキマグロがなかなか取れなかったんですけど、取れるようになって。脂は強くないんですけど、またこれがすごくおいしいので、是非おすすめ」\nUHB 北海道文化放送","['https://newsatcl-pctr.c.yimg.jp/t/amd-img/20240913-90045301-hokkaibunv-001-3-view.jpg?pri=l&w=640&h=360&exp=10800', 'https://newsatcl-pctr.c.yimg.jp/t/amd-img/20240913-90045301-hokkaibunv-002-3-view.jpg?pri=l&w=640&h=324&exp=10800', 'https://newsatcl-pctr.c.yimg.jp/t/amd-img/20240913-90045301-hokkaibunv-003-3-view.jpg?pri=l&w=640&h=360&exp=10800', 'https://newsatcl-pctr.c.yimg.jp/t/amd-img/20240913-90045301-hokkaibunv-004-3-view.jpg?pri=l&w=640&h=360&exp=10800', 'https://newsatcl-pctr.c.yimg.jp/t/amd-img/20240913-90045301-hokkaibunv-005-3-view.jpg?pri=l&w=640&h=360&exp=10800', 'https://newsatcl-pctr.c.yimg.jp/t/amd-img/20240913-90045301-hokkaibunv-006-3-view.jpg?pri=l&w=640&h=360&exp=10800']","['https://news.yahoo.co.jp/articles/111532c78b16316ad19fcc45f18dab33b537d3f9/images/000', 'https://news.yahoo.co.jp/articles/111532c78b16316ad19fcc45f18dab33b537d3f9/images/001', 'https://news.yahoo.co.jp/articles/111532c78b16316ad19fcc45f18dab33b537d3f9/images/002', 'https://news.yahoo.co.jp/articles/111532c78b16316ad19fcc45f18dab33b537d3f9/images/003', 'https://news.yahoo.co.jp/articles/111532c78b16316ad19fcc45f18dab33b537d3f9/images/004', 'https://news.yahoo.co.jp/articles/111532c78b16316ad19fcc45f18dab33b537d3f9/images/005']"
自然歩道に2頭の子グマ出没…駆除された母グマの子どもか 「三角山～盤渓ルート」のカメラに映る 2024年4月以降に出没相次ぐ 北海道札幌市（北海道ニュースUHB）,https://news.yahoo.co.jp/articles/4f06cce94effddc798bbf4412e1b85d1537c95f3,https://newsatcl-pctr.c.yimg.jp/t/amd-img/20240913-90045314-hokkaibunv-000-1-thumb.jpg?exp=10800,2024-09-13T12:42:01+09:00,2024-09-13T12:42:01+09:00,北海道ニュースUHB,hokkaibun,北海道ニュースUHB,376,\nUHB 北海道文化放送\n9月13日未明、北海道札幌市の三角山から盤渓につながる自然歩道にクマ2頭が出没しました。連続出没していた子グマとみられます。\n\n カメラに映る山の中を歩く2頭のクマ。\n\n クマが出没したのは札幌・中央区と西区にまたがる自然歩道「三角山～盤渓ルート」で、大倉山の頂上から小別沢方向に約240メートルの場所です。\n2024年8月には母グマとともに出没\n9月13日午前０時ごろ、札幌市が設置したカメラに2頭が映っているのが確認されました。いずれも体長は1.2メートルほどです。\n\n 三角山周辺では4月以降、母グマと子グマ2頭の出没が相次いでいて、9月12日に母グマとみられるクマが駆除されました。\n\n 札幌市は出没したのは駆除した母グマの2頭の子グマとみて、注意を呼びかけています。\nUHB 北海道文化放送,['https://newsatcl-pctr.c.yimg.jp/t/amd-img/20240913-90045314-hokkaibunv-001-1-view.jpg?pri=l&w=640&h=360&exp=10800'],['https://news.yahoo.co.jp/articles/4f06cce94effddc798bbf4412e1b85d1537c95f3/images/000']
＜早朝の強盗未遂事件＞カッターナイフ突き付け「カネをください」 JR帯広駅前のコンビニで…防犯ベル鳴らされ逃走 店員2人ケガなし 警察は特徴似た男に事情聴く 北海道帯広市（北海道ニュースUHB）,https://news.yahoo.co.jp/articles/4681d1573a2a6d975f8c832eb82f4f3930490550,https://newsatcl-pctr.c.yimg.jp/t/amd-img/20240913-90045313-hokkaibunv-000-1-thumb.jpg?exp=10800,2024-09-13T12:42:01+09:00,2024-09-13T12:42:01+09:00,北海道ニュースUHB,hokkaibun,北海道ニュースUHB,416,\nUHB 北海道文化放送\n9月13日早朝、北海道帯広市のコンビニエンスストアで、40代とみられる男が店員に刃物を突きつけカネを奪おうとして逃げました。警察は逃げた人物と似ている男に事情を聴いています。\n\n 強盗未遂事件があったのは帯広市西1条南12丁目のコンビニです。\n\n 9月13日午前5時ごろ、店員から「強盗です」と警察に通報がありました。\n\n 警察によりますと、男は店員に「金をください」と言いながらカッターナイフを突き付けましたが、店員が防犯ベルを鳴らしたため、男はカッターナイフを置いて逃げました。\n40代とみられる男が店員に刃物を突きつける\n当時、店の中に客はいませんでした。店員２人にケガはありません。\n\n 男は40代ぐらいで身長は約165センチ。チェック柄の長袖シャツに黒っぽいズボンを着ていました。\n\n 警察は逃げた人物と特徴が似ている男に事情を聴いています。\nUHB 北海道文化放送,['https://newsatcl-pctr.c.yimg.jp/t/amd-img/20240913-90045313-hokkaibunv-001-1-view.jpg?pri=l&w=640&h=360&exp=10800'],['https://news.yahoo.co.jp/articles/4681d1573a2a6d975f8c832eb82f4f3930490550/images/000']
"積乱雲から海面に向けて垂れ下がる「ろうと雲」　北海道の島牧村で目撃される　""秋の北海道"" は上空に寒気が入り大気の状態が不安定になりやすく竜巻などに注意（北海道ニュースUHB）",https://news.yahoo.co.jp/articles/02747e8dc9aa375531f5f4a2b8f18cb3512e42ec,https://newsatcl-pctr.c.yimg.jp/t/amd-img/20240913-90045317-hokkaibunv-000-3-thumb.jpg?exp=10800,2024-09-13T15:13:02+09:00,2024-09-13T18:40:01+09:00,北海道ニュースUHB,hokkaibun,北海道ニュースUHB,254,\nUHB 北海道文化放送\n9月13日の北海道は大気の状態が不安定で、日本海側南部で一時的に積乱雲が空高く発達しました。\n\n 島牧村では積乱雲の底から渦巻き状の雲が垂れ下がる「ろうと雲」が発生しました。\n島牧村で撮影された「ろうと雲」 （提供：ウェザーニューズ）\n地面や海面まで達すると「竜巻」と呼ばれます。\n\n 人的な被害はありませんでしたが、秋の北海道は上空に寒気が入り、大気の状態が不安定になりやすく、竜巻など激しい突風の発生が増える時期ですので、ご注意下さい。\nUHB 北海道文化放送,['https://newsatcl-pctr.c.yimg.jp/t/amd-img/20240913-90045317-hokkaibunv-001-3-view.jpg?pri=l&w=640&h=634&exp=10800'],['https://news.yahoo.co.jp/articles/02747e8dc9aa375531f5f4a2b8f18cb3512e42ec/images/000']
【国内初】いよいよ”宇宙旅行”スタートへ 気球で高度2万5000メートルの成層圏の絶景見る 旅行代金1人2400万円も既に3人契約…9月中にも実施 北海道（北海道ニュースUHB）,https://news.yahoo.co.jp/articles/e1758ee38cb26e4906973aa9425f756f8013036b,https://newsatcl-pctr.c.yimg.jp/t/amd-img/20240913-90045312-hokkaibunv-000-1-thumb.jpg?exp=10800,2024-09-13T12:42:01+09:00,2024-09-13T12:42:01+09:00,北海道ニュースUHB,hokkaibun,北海道ニュースUHB,339,\nUHB 北海道文化放送\n国内初となる気球での”宇宙旅行”を目指す江別市の企業が9月中にも客を乗せ商業運航をスタートさせます。\n\n 眼下には青い地球。頭上には宇宙が広がっています。気球からの景色です。\n\n 2016年に設立された岩谷技研はヘリウムガスを入れる気球やパイロットと客が乗る気密性が高いキャビンを開発し、最高で高度2万5000メートルの成層圏まで到達する往復4時間の遊覧飛行を計画しています。\n国内初となる気球での「宇宙旅行」\n7月にはパイロットが乗って十勝の士幌町から離陸し初めて高度2万メートルを超える実験に成功しました。\n\n 旅行代金は2400万円で、すでに3人が契約していて、今月中にも初めて商業運航する予定です。\nUHB 北海道文化放送,['https://newsatcl-pctr.c.yimg.jp/t/amd-img/20240913-90045312-hokkaibunv-001-1-view.jpg?pri=l&w=640&h=360&exp=10800'],['https://news.yahoo.co.jp/articles/e1758ee38cb26e4906973aa9425f756f8013036b/images/000']
【北海道の天気 9/13(金)】午後はにわか雨の所も　秋の空は忙しく3連休は日替わり天気　気温差にも気を付けて（北海道ニュースUHB）,https://news.yahoo.co.jp/articles/d880dc3cc94a4cb66cb723403cabd0184961c24e,https://newsatcl-pctr.c.yimg.jp/t/amd-img/20240913-90045315-hokkaibunv-000-1-thumb.jpg?exp=10800,2024-09-13T12:17:02+09:00,2024-09-13T12:17:02+09:00,北海道ニュースUHB,hokkaibun,北海道ニュースUHB,755,\nUHB 北海道文化放送\n（菅井貴子気象予報士が解説）午前11時40分現在\n\n◆きょう13日(金)の天気\n 道北や道央で、雨雲が発生しています。\n 午後は、にわか雨の所があるでしょう。\n 北西の風もやや強く吹きそうです。\n\n◆きょう13日(金)の気温\n 札幌は27℃、苫小牧や帯広は28℃まで上がり、真夏並みですが、\n 一日の気温差が大きく、夜は冷え込みそうです。\n 札幌は18℃を下回り、内陸部は1桁まで下がる所があるでしょう。\n\n◆3連休の天気 14日(土)～16日(月・祝) \n ・14日(土)\n 朝は晴れますが、放射冷却で冷え込みそうです。\n 大雪山系の高い山では、雪が混じるかもしれません。\n ふもとも最低気温は3℃以下の所がありますので、農作物は霜の被害にご注意下さい。\n 日中は、次第に雲が多くなり、夜遅くは雨の降る所があるでしょう。\n ・15日(日)\n 午前中は広範囲で雨が降るでしょう。太平洋側は雨量が多くなりそうです。\n 最高気温は20℃に届かない所もあり、肌寒く感じるでしょう。\n ・16日(月・祝)\n 天気が回復し、青空の広がる所が多いでしょう。\n 日中は過ごしやすい陽気で、行楽日和、洗濯日和です。\n 秋に収穫期ですが、農家の方も作業が順調に進むといいですね。\n\n◆全道の週間予報 14日(土)～20日(金) \n 来週前半は晴天が続くでしょう。\n 日差しは強さがありますが、30℃に届く所はなく、\n 季節は確実に進みそうです。\n 19日(木)は、低気圧が通過するため、全道的に天気が崩れるでしょう。\n 秋は天気が変わりやすく、気温変化も大きくなりますので、\n 体調管理にも気を付けましょう。\nUHB 北海道文化放送,[],[]
飲食店従業員の右脇腹触る…”リピーター”の39歳男を逮捕 現場から逃走も防犯カメラなどから男を見つけ出す 「間違いありません」―容疑認める 警察は不同意わいせつも視野に捜査 北海道小樽市（北海道ニュースUHB）,https://news.yahoo.co.jp/articles/2485e44e274394cfcc6f3f5d0a32789f7565fd93,https://newsatcl-pctr.c.yimg.jp/t/amd-img/20240913-90045311-hokkaibunv-000-1-view.jpg?exp=10800,2024-09-13T08:02:02+09:00,2024-09-13T08:02:02+09:00,北海道ニュースUHB,hokkaibun,北海道ニュースUHB,435,\n飲食店従業員の女性の脇腹を触った男を逮捕した北海道警小樽署\n飲食店で女性従業員の脇腹を触ったとして、小樽市に住む会社員の男（39）が暴行の疑いで逮捕されました。\n\n 男は9月11日午後10時ごろ、小樽市新光2丁目の飲食店で、20代の女性従業員の右脇腹を触った疑いが持たれています。\n\n 警察によりますと、女性従業員は被害後まもなく「右脇腹を触られた」などと110番通報。現場に警察官が駆け付けましたが、すでに男の姿はありませんでした。\n\n 警察は防犯カメラや従業員の話などから男の居所を特定し、9月12日に逮捕しました。\n\n 男は飲食店に何度か来店していて、女性従業員との面識がありました。\n\n 調べに男は「間違いありません」と容疑を認めています。\n\n 当時、男は店で酒を飲んでいて、男が支払いを済ませたのかも分かっていません。\n\n 警察は男に不同意わいせつの疑いもあるとみて、詳しい動機や経緯を調べています。\nUHB 北海道文化放送,['https://newsatcl-pctr.c.yimg.jp/t/amd-img/20240913-90045311-hokkaibunv-000-1-view.jpg?pri=l&w=640&h=360&exp=10800'],['https://news.yahoo.co.jp/articles/2485e44e274394cfcc6f3f5d0a32789f7565fd93/images/000']
【ヒグマ速報】橋の下で”ニジマス釣り”中に…　目の前の堤防に突如『1.5mのクマ』　周辺地区での出没止まらず対策続く ー 北海道内での目撃「2123件」8月には320件超（北海道ニュースUHB）,https://news.yahoo.co.jp/articles/baafc11e4365783d8c30bad7a86bd8318cf7f9c5,https://newsatcl-pctr.c.yimg.jp/t/amd-img/20240913-90045310-hokkaibunv-000-1-view.jpg?exp=10800,2024-09-13T06:00:02+09:00,2024-09-13T06:00:02+09:00,北海道ニュースUHB,hokkaibun,北海道ニュースUHB,300,\nヒグマ速報\n2024年中の北海道でのクマの目撃件数は9月12日午後5時現在、2123件となりました。\n\n 8月中には320件以上の目撃があり、9月に入っても北海道内各地で連日出没が相次いでいます。\n\n\n ＜直近の主なクマ情報＞\n ■場所：湧別町南兵村一区\n ■時間：9月12日午前8時30分ごろ\n ■参考情報：湧別川にかかる橋の下でニジマス釣りをしていた人が、約30ｍ先の堤防にクマがいるのを目撃。クマは体長約1.5ｍで付近の山の方向へ立ち去るのを確認し釣り人が警察へ通報。周辺地区ではクマの目撃が連日相次いでいて、箱わな設置など対策が続けられている。\nUHB 北海道文化放送,['https://newsatcl-pctr.c.yimg.jp/t/amd-img/20240913-90045310-hokkaibunv-000-1-view.jpg?pri=l&w=640&h=632&exp=10800'],['https://news.yahoo.co.jp/articles/baafc11e4365783d8c30bad7a86bd8318cf7f9c5/images/000']
