headline,mainEntityOfPage,image,datePublished,dateModified,author,media_en,media_jp,str_count,body,images,external_links
青森県の酸ケ湯　全国で今シーズン初めて積雪1メートル超　7日以降も日本海側は大雪（tenki.jp）,https://news.yahoo.co.jp/articles/519db913de97b2e7d7f375be633f890763c91a6b,https://newsatcl-pctr.c.yimg.jp/t/amd-img/20241206-00027838-tenki-000-1-view.jpg?exp=10800,2024-12-06T23:12:47+09:00,2024-12-06T23:12:47+09:00,tenki.jp,tenki,tenki.jp,1128,画像：tenki.jp 6日(金)23時、青森県の酸ケ湯で、積雪101センチを観測、全国で今シーズン初めて積雪が1メートルを超えました。7日(土)以降も、日本海側では積雪が急増しますので、大雪・電線等への着雪・雪崩・路面の凍結などに、十分お気をつけください。 青森県の酸ケ湯 全国で今シーズン初 積雪1メートル超 6日(金)は、東北付近を低気圧が通過し、日本海側を中心に、雪や雨が降りました。 青森県の酸ケ湯では、6日(金)1時の積雪が79センチでしたが、雪がどんどん降り積もり、23時には積雪101センチを観測。全国で、今シーズン初めて、積雪1メートルを超えました。 なお、2023～2024年シーズンに、全国で初めて積雪1メートルを超えたのは、12月1日、北海道の幌加内で、最深積雪106センチでした。 7日(土)以降も 日本海側は積雪急増 画像：tenki.jp 日本海側では、7日(土)以降も、広い範囲で雪が降るでしょう。 今回は、北陸を中心に、雪雲がどんどん流れ込むので、青森県の酸ケ湯など北日本だけでなく、東日本でも、積雪が急増しそうです。大雪・電線等への着雪・雪崩・路面の凍結などに、十分な注意が必要です。 また、寒気が強いので、西日本の山沿いでも雪が降るでしょう。峠を越える車は、冬の装備を心がけてください。 冬道の運転 注意するキーワードは「ふゆとじこ」 画像：tenki.jp この時期、車を運転する際に、気をつけていただきたいポイントは、5つあります。 (1)冬道装備をしっかりと行いましょう。早めに冬用タイヤに取り換えたり、タイヤチェーンを用意したりしましょう。雪道運転は、バッテリーが上がりやすくなります。遠出をする際は、予備のウォッシャー液やバッテリーを確認するなど、事前の点検も忘れないでください。 (2)ゆっくりと、慎重に運転しましょう。雨や雪が降った後に、気温が低いと、普段、慣れている道でも、思わぬ所が凍結している可能性があります。また、雪のない所でも、道路が黒っぽく見えたら、凍結している恐れがありますので、油断しないでください。 (3)時には、迂回や出控えることも、選択肢の一つです。ドライブプランなどを、一時的に変更するのも良いでしょう。 (4)時間に余裕をもって、出発しましょう。慌てると、凍結した道路でも、ついスピードが出てしまい、事故につながってしまいます。 (5)こまめに天気や道路情報を確認しましょう。天気予報が、急に「晴れ」から「雪」に変わるかもしれません。雪が降ると、道路が通行止めになることもあります。 5つのポイントの頭文字を並べて、「ふゆとじこ」と覚えてください。 日本気象協会 本社 日直主任,[],[]
土日は全国的に冬本番の寒さへ　急激な室温変化に注意　「ヒートショック」防止には（tenki.jp）,https://news.yahoo.co.jp/articles/92fed5ce8e43c8b7dc93c2ed6596de26af9baf34,https://newsatcl-pctr.c.yimg.jp/t/amd-img/20241206-00027837-tenki-000-1-view.jpg?exp=10800,2024-12-06T18:52:31+09:00,2024-12-06T18:52:31+09:00,tenki.jp,tenki,tenki.jp,1589,画像：tenki.jp あす7日(土)から強烈な寒気が南下する見込みで、全国的に寒くなりそう。8日(日)も東京都心でも予想最低気温4℃と冷えこみます。 冷え込みが厳しくなると、お風呂で身体を暖めたくなりますが、冬の入浴で注意しなければならないのは「ヒートショック」です。 強烈な寒気が到来 土日は全国的に 冬本番の寒さに 画像：tenki.jp あす7日(土)は強烈な強烈な寒気が南下して、8日(日)も引き続き列島を覆う見込みです。全国的に冬本番の寒さになるでしょう。 札幌は土日とも最高気温が0℃と、「真冬日(最高気温0℃未満)」になる可能性があります。仙台や新潟では、昼間も10℃に届かない日が続く見込みです。 東京都心でも、最高気温は土日とも13℃。最低気温は、7日(土)は5℃、8日(日)は4℃と、日に日に冷え込みが強まります。名古屋・大阪・高知・広島・福岡でも、最低気温は5℃前後の予想となっていて、こちらも、今シーズン一番の冷え込みになる所が多い見込みですので、身体を冷やさないようにしたいものです。 ヒートショックに気をつけよう 画像：tenki.jp ヒートショックとは、暖かい部屋から寒い部屋への移動など、温度の急な変化が体に与える影響のことです。ヒートショックによって血圧が大きく変動することが、入浴中の事故の要因の1つといわれています。消費者庁によると、近年、高齢者の入浴中の事故が増加傾向にあります。 こちらの図は、冬の入浴時に、高齢者の血圧がどのように変化するかを表したものです。暖かい居間から寒い脱衣室へ移動すると、寒さで血管が縮んで血圧が上昇します。その後、熱いお湯に浸かって体が温まると血管が広がり、血圧が低下します。 また、浴槽から急に立ち上がると、血圧が下がって失神することがあります。こうした血圧の急激な変化が入浴中の事故を引き起こす原因と考えられています。 ヒートショック対策のポイント 画像：tenki.jp ヒートショックを防ぐには、暖かい場所と寒い場所との温度差を小さくして、体への負担を減らすことが大切です。入浴時のヒートショック対策について、主なポイントをご紹介します。 ①入浴時に浴室や脱衣室を暖める お湯はりの時にシャワーを使うと、シャワーの蒸気で浴室全体を暖めることができます。お湯が沸いたら、十分にかき混ぜて蒸気を立て、浴槽のふたを開けておくのも効果があります。また、脱衣室は衣服を脱いでも寒いと感じないくらいに暖めましょう。ただし暖房器具を使用する場合は、やけどや火事などに注意してください。 ②お湯の温度は41℃以下、お湯に浸かる時間は10分以内を目安に 浴室との温度差を小さくするために、お湯の温度は41℃以下に設定し、お湯に浸かる時間は10分以内にしましょう。 長い時間、熱いお湯に浸かると、体温が上昇することによる意識障害で浴槽内にしゃがみ込んだりしておぼれる恐れがあります。 ③入浴前は周囲の方に一声かけて 水分補給も忘れずに 入浴中に体調が悪くなった場合は、早期の対応が重要です。周囲の人に少しでも早く異変に気付いてもらうために、入浴前に一声かけてから入浴するようにしましょう。周囲の方は、こまめに様子を確認するようにしてください。 また、入浴中はたくさん汗をかくため、脱水症状を防ぐために入浴前の水分補給を心がけましょう。 ④かけ湯をしてから入る 湯船に入る前に、かけ湯をしましょう。心臓から遠い足先から徐々にお湯をかけることで、心臓に負担がかからず、血圧の急激な変動を防ぐことができます。 寒さが強まると、家の中でも冷え込む場所ができて、部屋と部屋の温度差が大きくなります。ヒートショックを防いで、冬の入浴を安全に楽しむために、すぐにできることからぜひ始めてみてください。 日本気象協会 本社 日直主任,[],[]
12月は低温傾向　日本海側は雪が多く大雪注意　近畿の1か月予報（tenki.jp）,https://news.yahoo.co.jp/articles/7fef9b75f04361f63555a830b7299ea18ce9c612,https://newsatcl-pctr.c.yimg.jp/t/amd-img/20241206-00027836-tenki-000-1-view.jpg?exp=10800,2024-12-06T18:08:48+09:00,2024-12-06T18:08:48+09:00,tenki.jp,tenki,tenki.jp,842,画像：tenki.jp 昨日5日(木)、大阪管区気象台は近畿地方の1か月予報を発表。この先1か月、近畿地方は寒気の影響を受けやすく、平年よりも気温が低くなる見通しです。また、日本海側では雪の降る量が多くなる予想で、大雪に注意が必要です。一方、太平洋側では、晴れの日が多くなるでしょう。 この先1か月の近畿は低温傾向 昨日5日(木)、大阪管区気象台は近畿地方の1か月予報を発表。この先1か月は、冬型の気圧配置が強まりやすく、近畿地方には、度々、強い寒気が流れ込む見通しです。 明日7日(土)から20日(金)の2週間は、平年よりも気温が低くなる見込みです。急速に本格的な冬の寒さとなるため、寒さで体調を崩さないよう、健康管理には十分お気をつけください。 その先、21日(土)から来年1月3日(金)も、気温は平年並みか平年より低い見込みです。寒さが緩んでホッとできる機会は少ないでしょう。 日本海側は雪が多く大雪注意 画像：tenki.jp 冬型の気圧配置が強まりやすいため、近畿地方の日本海側は、平年より降水量が多く、降雪量も多くなるでしょう。特に、期間の前半はかなり多くなる可能性があります。これまで季節の歩みが遅かったところに、急に本格的な雪のシーズンがやってきます。雪への備えは万全に行ってください。一方で、太平洋側には、雨雲、雪雲は流れ込みにくく、平年よりも晴れの日が多くなるでしょう。 日本海側で雪が降るしくみ 画像：tenki.jp 冬になると、シベリアや中国大陸から乾いた非常に冷たい北西の風が吹くようになります。この冷たい風が比較的温度が高い日本海の上を渡ってくると、たくさんの水蒸気が発生し、これが雪雲になります。 北西の風に乗ってやってきた雪雲が日本列島に連なる山々にぶつかり、日本海側の地域に雪を降らせます。一方、太平洋側の地域では、雪を降らせた後の空気が山々を越えて吹き下りるので、雪はほとんど降らずに、晴れて空気が乾燥します。 日本気象協会 関西支社 堂本 幸代,[],[]
7日～8日は北海道で猛吹雪　九州や四国の山でも雪　来週の東京は晴れても気温一桁（tenki.jp）,https://news.yahoo.co.jp/articles/b1e9a0ac8c6ed7d5e455fa071ec98ca8a0db496d,https://newsatcl-pctr.c.yimg.jp/t/amd-img/20241206-00027835-tenki-000-1-view.jpg?exp=10800,2024-12-06T18:05:49+09:00,2024-12-06T18:05:49+09:00,tenki.jp,tenki,tenki.jp,1011,画像：tenki.jp 7日(土)は、北海道の日本海側では、朝まで猛吹雪のおそれがあり、暴風にも警戒が必要です。8日(日)にかけて強烈寒気が南下するため、九州北部や四国の山でも雪が降り、北陸など本州の標高の高い所では積雪が急増しそうです。来週は、日本海側では、また大雪になり、東京では晴れても最高気温一桁の日があるでしょう。 7日(土) 二十四節気の「大雪」 暦通り寒気南下 画像：tenki.jp 7日(土)は、二十四節気の「大雪(たいせつ)」です。暦に合わせるかのように、冬型の気圧配置が強まり、大雪をもたらすような寒気が南下するでしょう。 そのため、北海道の日本海側では、雪を伴って、西よりの風が強く吹き、日本海側南部では非常に強く吹くでしょう。7日(土)朝にかけて、猛ふぶきや吹きだまりによる交通障害、暴風に警戒が必要です。東北の日本海側でも、明け方まで、風の強い状態が続きそうです。 さらに、風だけでなく、雪も強まるでしょう。 北海道や東北の日本海側は雪で、北陸は雨や雪が降りそうです。長野県や関東北部でも、雪の降る所があるでしょう。北海道や長野県では、警報級大雪になる可能性がありますので、車の運転など、十分お気をつけください。 8日(日) 北陸付近で雨雲・雪雲が発達 西日本の山でも雪 画像：tenki.jp 今回の強烈寒気は、8日(日)にかけて、列島を覆うでしょう。 そのため、北海道や東北では、引き続き、雪や吹雪となりそうです。北陸は雨や雪で、風と風がぶつかり合って、雨雲や雪雲が発達する状態が続くので、標高の高い所では、積雪が一気に増えるでしょう。これまでの雨や令和6年能登半島地震の影響により地盤の緩んでいる所があり、少ない雨量でも土砂災害の危険度が高まるおそれがあります。土砂災害に注意・警戒が必要です。 北日本や東日本だけでなく、西日本でも雪の降る所がありそうです。九州北部地方では、7日(土)から8日(日)午前中にかけて、山地を中心に雪が積もる所があるでしょう。四国地方では、8日(日)は山地を中心に雪が降り、積雪となるおそれがあります。交通機関などは、早めに、積雪に対する備えを心がけてください。 また、晴天が続く太平洋側でも、グッと寒くなりそうです。東京都心では、最低気温が4℃と、今シーズン初めて、5℃を下回るでしょう。北風の冷たさも加わりますので、しっかり暖かくして、お過ごしください。,[],[]
インフルエンザ発生状況　前週比2倍増　太平洋側は乾燥と寒さが続く　体調管理に注意（tenki.jp）,https://news.yahoo.co.jp/articles/635576646fc58b5d334dd0e71f97d7a91a285805,https://newsatcl-pctr.c.yimg.jp/t/amd-img/20241206-00027834-tenki-000-1-view.jpg?exp=10800,2024-12-06T16:23:50+09:00,2024-12-06T16:23:50+09:00,tenki.jp,tenki,tenki.jp,1033,"画像：tenki.jp 厚生労働省が発表している「インフルエンザの発生状況」によりますと、令和6年第48週(令和6年11月25日から令和6年12月1日まで)分の定点あたり報告数は、前週の約2倍に増えています。この先1週間は、太平洋側では晴れて空気が乾燥し、師走らしい寒さが続きますので、体調管理にご注意ください。 インフルエンザ定点あたり報告数 前週より倍増 6日(金)、厚生労働省が発表した「インフルエンザの発生状況」によりますと、令和6年第48週(令和6年11月25日から令和6年12月1日まで)分の定点あたり報告数は「4.86」と、前週の「2.36」の2倍以上となりました。 また、インフルエンザの指定医療機関の報告数は「24,027」と、前週の「11,678」より、急増しました。 厚生労働省は、手洗いや適切なマスクの着用など、基本的な感染対策を徹底するよう呼びかけています。 太平洋側は 乾燥&寒さが続く 画像：tenki.jp この先1週間の天気と気温を見ますと、太平洋側では、広い範囲で、連日、晴れマークとなっています。晴れる日が続くことで、空気がどんどん乾燥しそうです。 そして、気温は、師走らしい寒さの所が多いでしょう。東京・名古屋・大阪では、最高気温は13℃くらいの日がほとんどですが、東京では12日(木)は9℃までしか上がらない予想です。 空気の乾燥と寒さで、インフルエンザにかかりやすい状況が続きますので、一段と注意が必要です。 空気が乾燥 インフルエンザに注意 画像：tenki.jp 湿度が低くなると、ノドの粘膜の防御機能が低くなるため、インフルエンザにかかりやすくなります。インフルエンザを予防するには、次のようなことを心がけてください。 ① 外出時はマスクを着用し、人の多い所への外出を控えましょう。高齢者や慢性疾患を抱えている方、疲れ気味、睡眠不足の方は、特に注意が必要です。 ② 外から帰ったら、手洗いやうがいをしましょう。インフルエンザだけでなく、一般的な感染症予防のためにも、おすすめです。 ③ 室内では、加湿器などを使って、適度な湿度(50～60%)を保ちましょう。 ④ 栄養バランスの取れた食事と、十分な睡眠をとるよう、心がけましょう。体の抵抗力を高めることができます。 それでも、インフルエンザにかかってしまった場合は、安静にして、十分な休養や水分をとり、早めに医療機関を受診してください。 日本気象協会 本社 日直主任",[],[]
日本海側で降雪100センチ超も　7日(土)・8日(日)は道路影響注意　迂回検討を（tenki.jp）,https://news.yahoo.co.jp/articles/d17a37079354fbe4485cb4fc054362de22ab6ffc,https://newsatcl-pctr.c.yimg.jp/t/amd-img/20241206-00027833-tenki-000-1-view.jpg?exp=10800,2024-12-06T16:07:58+09:00,2024-12-06T16:07:58+09:00,tenki.jp,tenki,tenki.jp,921,画像：tenki.jp 今週末は、北海道や東北の日本海側、北陸を中心に大雪や暴風となり、広い範囲で交通に影響の出るおそれがあります。ルートの変更なども検討してください。また、関東北部の平地でも積雪となる可能性があり、冬用装備の準備が必要です。 7日(土)・8日(日) 大雪や暴風による道路影響に注意 画像：tenki.jp 今週末は、日本付近に強い寒気が流れ込む予想で、北海道から東北の日本海側や、北陸から山陰にかけて大雪や暴風など荒れた天気になるおそれがあります。7日(土)から8日(日)ごろにかけて、北海道の上空5500メートル付近にはマイナス36℃以下の寒気が流れ込む予想です。これは大雪の目安となる寒気で、北日本を中心に雪の量が多くなりそうです。またマイナス30℃以下の寒気が東日本に流れ込み、北陸でも100センチを超える降雪量となりそうです。 北海道や東北、北陸では、8日(日)にかけて、広い範囲で交通に影響の出るおそれがあります。 北海道の日本海側では、7日(土)の朝にかけて雪や風が強まるため、猛ふぶきや吹きだまりによる交通へ影響の可能性が特に大きくなっています。8日(日)も断続的に雪が降り、ふぶく所もあり、交通影響のリスクの高い状態が続きそうです。 東北は低気圧の通過に伴って、雪や風が強まっていて、交通影響のリスクが高くなっています。7日(土)と8日(日)は日本海側を中心に雪が強まり、交通に影響の出る可能性が大きいでしょう。 北陸も、大雪や大雨の影響で、新潟県を中心に交通影響のリスクが高い状態が続きそうです。 日本海側の地域を中心に、広い範囲で影響が出る可能性があるため、計画の変更や迂回も検討してください。車を運転する際は、視界が悪くなることや、急に路面状況が変化することが考えられますので、十分に注意してください。 関東甲信から九州にかけても、山沿いを中心に雪が降り、交通に影響の出るおそれがあります。中国地方では平地でも積雪となる所がある予想で、山陰では特に8日(日)の午前中は大雪による影響が大きくなるとみられます。 気象予測に基づく道路影響予測ですので、実際の規制状況は道路管理者等の発表を確認してください。,[],[]
6日の最高気温　東京都心は14年ぶりのポカポカ続き　土日は全国的に冬本番の寒さ（tenki.jp）,https://news.yahoo.co.jp/articles/d822251b62048a22701adc6a2f80acd727b15c5c,https://newsatcl-pctr.c.yimg.jp/t/amd-img/20241206-00027832-tenki-000-1-view.jpg?exp=10800,2024-12-06T15:31:26+09:00,2024-12-06T15:31:26+09:00,tenki.jp,tenki,tenki.jp,1095,画像：tenki.jp 6日(金)は、関東を中心に12月らしくない暖かさで、15時までの最高気温は、東京都心で16.7℃を観測、11月下旬以降、10日連続で15℃以上になったのは14年ぶりでした。ただ、7日(土)から強烈な寒気が南下するので、全国的に寒くなりそうです。8日(日)は東京都心で予想最低気温4℃と、冷え込みますので、体調を崩さないよう、ご注意ください。 6日(金)の日中 関東だけ師走らしくない暖かさ 画像：tenki.jp 6日(金)は、晴れた関東を中心に、まだ昼間は12月とは思えない暖かさとなりました。 15時までの最高気温は、東京都心では16.7℃と、11月中旬並みでした。東京都心では、これで10日連続して最高気温が15℃以上となりました。11月下旬以降(～12月31日)に、10日連続で最高気温15℃以上は、2010年(11月28日-12月7日)以来、14年ぶりです。 また、埼玉県の熊谷は17.2℃、前橋は16.3℃と、共に11月中旬並み、横浜は16.0℃と11月下旬並みでした。 一方、北日本や西日本には、寒気が南下してきているため、昼間も気温はあまり上がりませんでした。 15時までの最高気温は、札幌は0.9℃、盛岡は4.9℃と、共に今シーズン最も低くなりました。大阪は14.7℃、広島は13.0℃、福岡は14.4℃と、いずれもこの時期らしい気温でした。 強烈寒気が到来 土日は全国的に 冬本番の寒さ 画像：tenki.jp そして7日(土)には、強烈な寒気が南下して、8日(日)も列島を覆うでしょう。そのため、全国的に冬本番の寒さになりそうです。 気温を詳しく見てみますと、札幌は土日とも最高気温が0℃と、「真冬日(最高気温0℃未満)」になるかもしれません。仙台や新潟では、昼間も10℃に届かない日が続くでしょう。 東京都心では、最高気温は土日とも13℃で、その上、北風が強まるでしょう。北風が1メートル強まると、体感温度は1℃下がると言われています。気温の数字よりも寒く感じられますので、マフラーなどで首元をしっかり守ってください。 さらに注目なのは、最低気温です。東京都心では、7日(土)は5℃、8日(日)は4℃と、日に日に冷え込みが強まり、今シーズン初めて5℃を下回りそうです。急に冬らしくなりますので、体調を崩さないよう注意が必要です。 名古屋・大阪・高知・広島・福岡でも、最低気温は5℃前後の予想です。こちらも、今シーズン一番の冷え込みになる所が多い見込みですので、体を冷やさないよう、暖かくして、お過ごしください。 日本気象協会 本社 望月 圭子,[],[]
8日　近畿山沿いで積雪のおそれ　来週後半は降雪量多い予想　シーズン初めの雪に注意（tenki.jp）,https://news.yahoo.co.jp/articles/2de1e9b14fa8728e47bc6102ea55647c4937af5b,https://newsatcl-pctr.c.yimg.jp/t/amd-img/20241206-00027831-tenki-000-1-view.jpg?exp=10800,2024-12-06T15:23:16+09:00,2024-12-06T15:23:16+09:00,tenki.jp,tenki,tenki.jp,1086,画像：tenki.jp 8日(日)は強い寒気が流れ込むため、近畿地方では、山沿いを中心に雪が降る見込みです。今シーズン初めての本格的な雪で、中国山地や紀伊山地などの山沿いでは、積雪となるおそれがあります。積雪や凍結による路面の悪化が予想されるため、車で峠道を通る方は、冬用タイヤをご準備ください。 8日 近畿の山沿いで積雪のおそれ 画像：tenki.jp 日本付近は週末にかけて強い冬型の気圧配置が続き、8日(日)は、近畿地方に一段と強い寒気が流れ込む見込みです。晴れる所もありますが、寒気や湿った空気の影響で北部を中心に雨が降り、中国山地や紀伊山地では雪となる所があるでしょう。山沿いでは気温が低いため、雪が積もるおそれがあります。今シーズン初めての本格的な雪となるため、車で峠道を通る方は、積雪や凍結による路面悪化に注意が必要です。 13日頃から 近畿北部で降雪量多くなる見込み 画像：tenki.jp 気象庁は5日(木)、「大雪に関する早期天候情報」を発表。大雪に関する天候情報は、5日間降雪量が「かなり多い」となる確率が30%以上と見込まれる場合に発表されます。今回の発表によると、近畿地方の日本海側では、来週13日(金)頃から、この時期にしては降雪量がかなり多くなる見込みです。 日本付近は、来週前半はいったん西高東低の冬型の気圧配置が緩みますが、来週後半は再び冬型が強まり、寒気の影響を受けやすくなる見込みです。これまで気温の高い状態が続いていたため、急に厳しい冬が来たと感じる方も多いでしょう。急に寒くなったり、積雪になっても困らないよう、冬用タイヤを装着するなど、本格的な雪のシーズンを迎える準備が必要です。 雪道でのノーマルタイヤの危険性 画像：tenki.jp 雪道をノーマルタイヤで走行すると、タイヤが低温で固くなって吸着性が失われ、路面を摩擦で捉えることができなくなります。このため「滑る」「止まらない」「曲がらない」と、自動車が本来確保しなければならない動きが制御できなくなり、スリップ事故や渋滞の原因につながってしまいます。 雪道を時速40kmで走った場合、ブレーキを踏んでからクルマが止まるまでの距離は、ノーマルタイヤでは冬用タイヤの約1.7倍にもなるという走行実験結果もあります。 雪道でのノーマルタイヤは、とても危険ですので、冬用タイヤやチェーンを必ず装着するようにしてください。雪や雨が降ったあとの路面は凍結していることもあります。一見、路面に雪がないように見えても車の運転には十分な注意が必要です。 日本気象協会 関西支社 堂本 幸代,[],[]
今週末8日(日)は中国地方の平地でも雪に　山地は雪が積もる　年末年始ごろの寒さに（tenki.jp）,https://news.yahoo.co.jp/articles/112610f351f63aa00122937addcff779c6062087,https://newsatcl-pctr.c.yimg.jp/t/amd-img/20241206-00027830-tenki-000-1-view.jpg?exp=10800,2024-12-06T14:38:19+09:00,2024-12-06T14:38:19+09:00,tenki.jp,tenki,tenki.jp,1064,画像：tenki.jp 今週末の8日(日)は中国地方の上空に平地でも雪を降らせるレベルの寒気が流れ込む見込みです。日本海側の沿岸部や、山口県や山陽の内陸部で初雪となる所もあるでしょう。山地では雪が積もる見込みです。季節風が強まり、寒さが厳しいでしょう。防寒を万全に行い、路面の凍結や積雪にご注意ください。 8日(日)平地で雪を降らせるレベルの寒気が流れ込む 中国地方の上空1500m付近にはマイナス3℃前後の山地で雪を降らせるレベルの寒気が居座り、8日(日)の午前中は、さらに強いマイナス6℃以下の平地で雪を降らせるレベルの寒気が流れ込む見込みです。8日(日)は今シーズン一番強い寒気が中国地方に流れ込むでしょう。 8日(日)内陸部を中心に積雪や路面の凍結に注意を 画像：tenki.jp 7日(土)の中国地方は夕方にかけて雨が降ったりやんだりでしょう。夜から雨や雪の降る所が多くなり、雷を伴う所がある見込みです。 また、8日(日)の朝からは強い寒気の影響で平地でも雪になる見込みです。 8日(日)の24時間降雪量は山地の多い所で20cm以上でしょう。内陸部では薄っすらと雪の積もる所もある見込みです。積雪や路面の凍結に注意が必要です。 8日(日)中国地方各地で年末年始の寒さに 画像：tenki.jp 8日(日)は強い寒気の影響で、日中は日本海側の地域を中心にあまり気温が上がらず、厳しい寒さでしょう。最高気温が10℃に届くのは、瀬戸内沿岸部の一部となりそうです。また、朝まで西寄りの風がやや強く、その後は北寄りの風がやや強いでしょう。気温以上に寒く感じられそうです。 来週末からは瀬戸内沿岸部でも雪の可能性 画像：tenki.jp 週明け9日(月)は冬型の気圧配置がゆるみ、瀬戸内側は晴れるでしょう。日本海側の雨や雪はやみ、多少晴れ間も出る見込みです。朝は内陸部で氷点下の冷え込みになる所が多く、沿岸部でも3度から5度くらいでしょう。積雪や路面の凍結にご注意ください。昼間は日差しのぬくもりが感じられそうです。 また、来週は中頃までは寒気の影響で、日本海側は雨が降ったりやんだりでしょう。瀬戸内側は晴れたりくもったりで、日差しのもとでは寒さが和らいで感じられる見込みです。 来週末からは、中国地方の上空に再び強い寒気が流れ込む見込みです。雪の降る範囲が広がるでしょう。あまり雪の降らない瀬戸内沿岸部でも雪が降る可能性があります。積雪や凍結に備えて、車の冬装備など万全にしておいてください。 日本気象協会 中国支店 高田 尚美,[],[]
北海道～山陰　来週は「10年に一度の大雪」の可能性　路面凍結・車の立往生など注意（tenki.jp）,https://news.yahoo.co.jp/articles/bf92ea0f77e3568e2ee8f35c597f306afacdad45,https://newsatcl-pctr.c.yimg.jp/t/amd-img/20241206-00027829-tenki-000-1-view.jpg?exp=10800,2024-12-06T12:42:37+09:00,2024-12-06T12:42:37+09:00,tenki.jp,tenki,tenki.jp,1393,画像：tenki.jp この先は冬型の気圧配置を繰り返し、北海道日本海側・東北日本海側・北陸・長野県北部・群馬県北部・岐阜県山間部では11日頃から、近畿日本海側・山陰では13日頃から、この時期にしては降雪量がかなり多くなるという予想があります。これまで気温の高い状態が続いていたので、急に厳しい冬が来たと感じるでしょう。大雪に向けて、早めの備えが必要です。 「大雪に関する早期天候情報」とは 画像：tenki.jp 12月に入っても、なかなか冬らしい天気が長続きしませんが、この先は、冬型の気圧配置が強弱を繰り返すようになるでしょう。最新の1ヵ月予報を見ても、全国的に、平均気温は「平年より低い」という予想が出ていいます。 そんな中、気象庁が5日(木)「大雪に関する早期天候情報」を発表しました。 「大雪に関する早期天候情報」とは、その時期としては10年に1度程度しか起きないような著しい降雪量(冬季の日本海側)となる可能性が、いつもより高まっているときに、6日前までに注意を呼びかける情報です。6日先から14日先までの期間で、5日間降雪量が「かなり多い」となる確率が30%以上と見込まれる場合に、情報を発表します。 来週「10年に一度の大雪」の可能性 画像：tenki.jp 今回、発表された情報によりますと、来週は冬型の気圧配置が強まり、寒気の影響を受けやすくなるでしょう。 北海道日本海側・東北日本海側・北陸・長野県北部・群馬県北部・岐阜県山間部では11日頃から、近畿日本海側・山陰では13日頃から、この時期にしては降雪量がかなり多くなる可能性があります。 全国的に、これまで気温の高い状態が続いていたので、急に厳しい冬が来たと感じるでしょう。農作物の管理等に注意するとともに、除雪などの対応が必要です。路面の凍結や車の立往生のおそれもありますので、この方面を走る車で、まだ冬タイヤに交換していないという方は、早めに交換してください。 雪道運転 万が一に備えての安心グッズ 画像：tenki.jp 雪道運転をする場合、立ち往生など万が一に備えて、次のものを用意しておくと安心です。 (1)防寒着やカイロ、毛布など暖をとるもの 暖房がとまってしまった際の車内温度の低下に備えましょう。 (2)飲料水や非常食、モバイルバッテリー、簡易トイレ、懐中電灯 長時間、車内で過ごすことや夜間のトラブルを想定して準備しておきましょう。 (3)ブースターケーブル、 牽引ロープ、タイヤチェーン バッテリー上がりの際に使用するブースターケーブルや発進不能になったときの脱出に役立つ牽引ロープもあると良いでしょう。スタッドレスタイヤだけでは対処しきれないほどの積雪にも対処するため、タイヤチェーンもあると役立ちます。 (4)軍手、ゴム手袋、長靴、スコップ 除雪ができるものを準備しておきましょう。マフラーが雪に埋まると排気ガスが車内に逆流し、一酸化炭素中毒を起こすおそれがあります。 雪道を運転する際は、もしものときに役立つグッズをクルマに積んでおくようにしてください。加えて、出かける前に燃料が十分にあることを確認しましょう。ただし、気象情報や交通情報を確認し、大雪や猛吹雪が予想される場合は、外出の予定を変更したり、移動手段を変更したりすることも検討してください。 日本気象協会 本社 望月 圭子,[],[]
今週末は近畿に冬本番の寒さ到来　山では本格的な雪で積雪も　冬用タイヤなど準備を（tenki.jp）,https://news.yahoo.co.jp/articles/441a712ba09f54abdc13376373a562d764359c93,https://newsatcl-pctr.c.yimg.jp/t/amd-img/20241206-00027828-tenki-000-1-view.jpg?exp=10800,2024-12-06T12:06:25+09:00,2024-12-06T12:06:25+09:00,tenki.jp,tenki,tenki.jp,1056,画像：tenki.jp 今週末は冬型の気圧配置が強まり、寒気の流れ込みも強まるでしょう。7日(土)から8日(日)の近畿地方は冬本番の寒さになる見込みです。山沿いでは雪が降り、積もる所もありそうです。雪や寒さへの備えをなさってください。 今週末は強い寒気が流れ込む 山では積雪の恐れ 画像：tenki.jp 今週末は、西日本の上空1500m付近に、平地でも雪の目安となる、マイナス6℃以下の寒気が流れ込む見込みです。近畿地方にはマイナス6℃の寒気が直接流れ込むことはないものの、山では雪が降る目安になる0℃以下の寒気にすっぽりと覆われるため、標高の高い場所では雪になるでしょう。 今シーズン初めて、本格的な雪となり、積雪となる所もある見込みです。車で峠越えをされる方は、冬用タイヤの用意をなさってください。 7日(土)は北部で雨や雷雨 8日(日)は積雪の所も 1 / 2 画像：tenki.jp 画像：tenki.jp 7日(土)は、近畿地方の中部と南部は晴れたり曇ったりの天気の見込みです。北部では雲が広がり、雨や雷雨の所があるでしょう。最高気温は12℃前後で、この時季らしい気温の見込みです。 8日(日)の近畿地方は、多少晴れ間の出る時間はあるものの、天気は変わりやすく、雨や雪の降る所がある見込みです。山沿いでは雪の積もる所もあるでしょう。最高気温は10℃前後の所が多く、風も強まり、寒くなりそうです。 シーズン最初の雪 慣れていても注意 画像：tenki.jp 冬の時期に雪の多い所に住んでいる方でも、ひと夏を過ぎると、雪道での車の運転感覚を忘れがちです。シーズン最初の雪は、たとえ雪に慣れている方でも、以下の2つのことに注意が必要です。 (1)必ず、スタッドレスタイヤに交換するか、タイヤチェーンを装着しましょう。スタッドレスタイヤは、溝が十分にあるかどうかを、事前に確認してください。あまり使っていないスタッドレスタイヤでも、時間が経てば、劣化が進みますので、シーズン前に点検が必要です。 (2)たとえ急いでいても、急ブレーキ、急なハンドル操作、急発進、急な車線変更など「急」のつく運転はやめましょう。「急」のつく運転をしてしまうと、車がスリップしやすくなります。車を発進する時や上り坂では、タイヤが空転してしまわないよう、アクセルをじわりと踏み込んでください。下り坂では、エンジンブレーキを基本として、アクセルとブレーキも適度に調整して、速度を落としてください。 日本気象協会 関西支社 渡辺 かおる,[],[]
8日にかけて冬の嵐　日本海側は積雪急増・猛吹雪に警戒　関東も冬の寒さ　2週間天気（tenki.jp）,https://news.yahoo.co.jp/articles/d33833312abf3aaf79c8df2fde7bf8c451c94489,https://newsatcl-pctr.c.yimg.jp/t/amd-img/20241206-00027827-tenki-000-1-view.jpg?exp=10800,2024-12-06T11:51:32+09:00,2024-12-06T11:51:32+09:00,tenki.jp,tenki,tenki.jp,917,画像：tenki.jp 8日(日)にかけて冬型の気圧配置が強まり、強い寒気が流れ込むでしょう。北海道から北陸は平地でも雪が降り、大雪の恐れ。風も強く、北海道は猛吹雪や吹きだまりによる交通障害に警戒が必要です。西日本の山地でも雪が積もる所があるでしょう。峠越えの車は冬の装備を。暖かさが続いている関東も冬の寒さになりそうです。 8日(日)にかけて冬型の気圧配置が強まる 大雪・猛吹雪の恐れ 画像：tenki.jp 6日(金)夜から8日(日)にかけては冬型の気圧配置が強まるでしょう。上空1500メートル付近で、マイナス12℃以下の強い寒気が北日本付近に流れ込み、マイナス6℃以下の平地に雪を降らせる目安の寒気が東日本付近まで南下する予想です。 北海道から北陸では平地でも雪が降り、積雪が増えるでしょう。特に山形県や新潟県、富山県、石川県や岐阜県では山地を中心に72時間降雪量が100センチ以上となる所が予想されています。大雪による交通への影響に注意が必要です。また、風も強まり、北海道では猛吹雪となる恐れもあります。猛吹雪や吹きだまりによる交通障害に警戒してください。山陰や九州北部でも山地を中心に雪が積もる所があるでしょう。峠越えの車は冬の装備が必要です。 太平洋側は晴れますが、関東北部の山沿いなどで雪が降り、積雪となる所があるでしょう。冷たい北風が吹き付けて、冬本番の寒さになりそうです。 冬型の気圧配置が続く 画像：tenki.jp 9日(月)から10日(火)は一時的に西日本では冬型の気圧配置が緩みますが、11日(水)から12日(木)は再び冬型の気圧配置が強まるでしょう。北海道や東北の日本海側は雪が降り、積雪が増えそうです。北陸も雪や雨が降るでしょう。太平洋側は晴れる日が多くなりそうです。13日(金)は太平洋側でも冷たい雨が降るでしょう。 朝は冷え込むでしょう。札幌市は冬日(最低気温0℃未満)の日が続き、青森市も冬日の日があるでしょう。新潟市も最低気温が0℃まで下がる日がありそうです。路面の凍結にご注意ください。東京都心から大阪市も5℃以下の日が多くなるでしょう。 日中も冬の寒さとなり、冷たい北風が身に沁みそうです。,[],[]
山形県で最大瞬間風速38.2メートル観測　東北沿岸部を中心に暴風・猛吹雪に警戒（tenki.jp）,https://news.yahoo.co.jp/articles/903d3cc54048de6029956bcaa323786b530e5c03,https://newsatcl-pctr.c.yimg.jp/t/amd-img/20241206-00027826-tenki-000-1-view.jpg?exp=10800,2024-12-06T11:38:00+09:00,2024-12-06T11:38:00+09:00,tenki.jp,tenki,tenki.jp,934,画像：tenki.jp 6日(金)午前中は、東北沿岸部を中心に風が強まり、山形県・飛島では最大瞬間風速38.2メートルと、立っていられないくらいの風を観測しました。東北沿岸部を中心に、6日(金)夜遅くにかけて暴風に警戒し、7日(土)未明にかけて高波に注意・警戒が必要です。また、6日(金)昼過ぎからは、岩手県沿岸部など、猛吹雪にも警戒してください。 6日(金)午前中 非常に強い風を観測 画像：tenki.jp 6日(金)は、低気圧が発達しながら、日本海を東へ進んでいます。この低気圧に近い、東北沿岸部を中心に、午前中は風が強まりました。 最大瞬間風速は、山形県・飛島で38.2メートル(8時44分)、新潟県・相川で32.4メートル(6時34分)を観測しました。秋田県・にかほでは31.2メートル(9時2分)と、2008年の統計開始以来、12月1位の値を更新しました。 最大瞬間風速30メートル以上の風といえば、非常に強い風で、何かにつかまっていないと立っていられず、飛来物によって負傷するおそれがあるレベルです。 東北沿岸部を中心に 暴風・猛吹雪に警戒 画像：tenki.jp 6日(金)午後も、東北沿岸部を中心に、西よりの「非常に強い風」の吹く状態が続くでしょう。東北日本海側の海上では、しける見込みです。 【風の予想】 6日(金)に予想される最大風速(最大瞬間風速) 東北日本海側 海上 20メートル (30メートル) 東北日本海側 陸上 18メートル (30メートル) 東北太平洋側 海上 20メートル (30メートル) 東北太平洋側 陸上 15メートル (30メートル) 【波の予想】 6日(金)から7日(土)にかけて予想される波の高さ 東北日本海側 5メートル 東北太平洋側 3メートル 6日(金)夜遅くにかけて暴風に警戒し、7日(土)未明にかけて高波に注意・警戒が必要です。 さらに、岩手県では、昼過ぎから暴風だけでなく雪も伴うので、猛吹雪になるおそれがあります。海上では、6日(金)昼過ぎから夕方にかけて、暴風雪に警戒が必要です。岩手県の陸上でも、吹雪によって交通機関に影響がでるおそれがありますので、お気をつけください。 日本気象協会 本社 日直主任,[],[]
週末の九州は気温低下　8日(日)は真冬並みの寒さに　山沿いは一時雪も（tenki.jp）,https://news.yahoo.co.jp/articles/4e3df2a35b704fe4cb4581500f1598ad6afa173f,https://newsatcl-pctr.c.yimg.jp/t/amd-img/20241206-00027825-tenki-000-1-view.jpg?exp=10800,2024-12-06T11:03:53+09:00,2024-12-06T11:03:53+09:00,tenki.jp,tenki,tenki.jp,840,画像：tenki.jp 今週末、九州は冬型の気圧配置が強まり、次第に気温が下がります。8日(日)は真冬並みの寒さになり、九州の山沿いは一時雪が降る所がある見込みです。峠越えの車の運転は雪への備えをしておきましょう。 週末は冬型強まる 画像：tenki.jp 今週の中頃から、九州は寒気が入りやすくなり、この時季らしい寒さになっています。 週末は、九州付近は冬型の気圧配置が強まり、一時的に強い寒気が流れ込む見込みです。 明日7日、大陸から張り出す高気圧に覆われ、九州は日中晴れる所が多くなりますが、日差しがでても風が冷たいでしょう。最高気温は九州北部で12度前後です。夜になると全般に雲が多くなり、九州北部は一時雨が降る所もある見込みです。 8日(日)は気圧の谷が通過し、一時的に九州北部の上空1500m付近には-6度前後の寒気が流れ込んできます。九州は未明から朝にかけて一時冷たい雨が降り、山沿いは雪が降る所がある見込みです。標高の高い山では積雪する所があります。峠越えをする車の運転は、滑り止めなど雪への備えをしておきましょう。8日(日)の最高気温は11度前後で、10度に届かない所もあり、真冬並みの寒さになる見込みです。沿岸部などは季節風がやや強く、気温以上に寒く感じられるでしょう。 また、海上は波が高くなる所が多く、強風や高波にもご注意下さい。 9日(月)朝は強い冷え込み 画像：tenki.jp 来週9日(月)は冬型の気圧配置がゆるみ、高気圧に覆われてくるでしょう。このため、9日(月)朝は放射冷却現象が強まり、強い冷え込みになる見込みです。霜が降りたり、氷が張るような寒さになる所が多くなりますので農作物の管理にご注意下さい。 来週は中頃にかけて晴れる所が多く、日中はいったん寒さが和らぐでしょう。ただ、来週末あたりは再び強い寒気が流れ込む可能性があります。 この先も、九州は周期的に寒気が入りやすく、寒い12月となりそうです。 日本気象協会 九州支社 山口 久美子,[],[]
6日～8日　大雪による交通への影響注意　北海道～北陸や関東甲信の峠道もリスク大（tenki.jp）,https://news.yahoo.co.jp/articles/30b48940437fd277c1a9d948931fab0e37074414,https://newsatcl-pctr.c.yimg.jp/t/amd-img/20241206-00027824-tenki-000-1-view.jpg?exp=10800,2024-12-06T09:54:42+09:00,2024-12-06T09:54:42+09:00,tenki.jp,tenki,tenki.jp,1015,画像：tenki.jp 6日(金)は次第に冬型の気圧配置に。7日(土)から8日(日)は冬型の気圧配置が強まり、強い寒気が流れ込むでしょう。北海道から北陸は平地でも雪が降り、積雪が増える恐れ。大雪や積雪による交通障害に注意。吹雪いて見通しの悪くなる所もあるでしょう。関東甲信の峠道でも道路への影響リスクが高くなりそうです。 日本海側は大雪の恐れ 交通機関への影響に注意 画像：tenki.jp 6日(金)は低気圧が北日本付近を通過し、低気圧通過後は冬型の気圧配置になるでしょう。7日(土)から8日(日)は冬型の気圧配置が強まります。上空1500メートル付近で、マイナス12℃以下の強い寒気が北日本付近に流れ込み、マイナス6℃以下の平地に雪を降らせる目安の寒気が東日本付近まで南下するでしょう。 北海道から北陸では平地でも雪が降り、積雪が増えるでしょう。大雪となる恐れがあります。風も強まり、吹雪く所もあるでしょう。 道路の気象影響予測 画像：tenki.jp 道路の気象影響予測をみますと、北海道や東北は6日(金)午後から8日(日)にかけて影響リスクが高くなっています。日本海側を中心に大雪となり、交通機関に影響がでる可能性があります。冬用タイヤやチェーンの装着に加え、スコップや砂などの冬用装備を車に積んでおくようにしましょう。吹雪いて、見通しが悪くなる所もありますので、注意が必要です。 北陸も7日(日)の昼前以降は影響リスクが高くなり、特に8日(日)昼前から一番高い紫色と、いっそうリスクが高まります。スタッドレスタイヤやチェーンの装着を義務付ける冬用タイヤ規制となる所があるでしょう。車は冬の装備で、積雪や路面の凍結にご注意ください。通行止めとなる可能性もありますので、迂回や通行ルートの見直しも検討してください。 関東甲信は平野部は晴れますが、山間部で雪が降り、7日(土)以降は影響リスクの高い道路があるでしょう。 道路ごとの影響については、道路の気象影響予測も参考になさってください。(気象予測に基づく影響予測ですので、実際の規制状況は道路管理者等の発表をご確認ください。) なお、NEXCO東日本は、6日(金)から8日(日)にかけて、関越道(群馬・新潟県境)付近、上信越道(長野・新潟県境)付近において、今後の予報によっては通行止めとなる可能性もあると情報をだしています。最新の気象予報・道路交通情報に注意が必要です。,[],[]
関東　暖かいのは今日6日まで　7日から冬の寒さ　8日朝は冷え込み強まり　氷点下も（tenki.jp）,https://news.yahoo.co.jp/articles/ecb5474fe2f6db8ff086f6e28bbd3fe5dbd99bc2,https://newsatcl-pctr.c.yimg.jp/t/amd-img/20241206-00027823-tenki-000-1-view.jpg?exp=10800,2024-12-06T06:41:42+09:00,2024-12-06T06:41:42+09:00,tenki.jp,tenki,tenki.jp,759,画像：tenki.jp 関東地方は今日6日(金)も日中は12月らしからぬ暖かさが続くでしょう。東京都心の最高気温は17℃と平年より高くなりそうです。ただ、明日7日(土)以降は関東地方にも寒気が流れ込み、冬の寒さとなるでしょう。朝晩の冷え込みも強まりそうです。 今日6日(金)までは12月らしからぬ暖かさ 画像：tenki.jp 関東地方は、今日6日(金)も平野部は広く晴れるでしょう。東京都心は8日連続で降水が観測されていませんが、今日6日(金)も天気の崩れはない見込みです。空気が乾燥していますので、火の取り扱いや感染症にご注意ください。 関東地方への寒気の流れ込みは遅く、今日6日(金)も日中は12月とは思えない暖かさが続くでしょう。最高気温は平年より3℃くらい高くなりそうです。東京都心や横浜市、熊谷市で17℃と日中は日差しが暖かく感じられるでしょう。 明日7日(土)から冬の寒さへ 画像：tenki.jp 明日7日(土)以降はいよいよ関東地方にも寒気が流れ込んできます。関東地方の平野部では晴れますが、最高気温は平年並みか低くなるでしょう。東京都心や横浜市、千葉市は13℃と冬の寒さとなりそうです。さいたま市や水戸市は11℃、宇都宮市や前橋市は10℃と日中も冬のコートが必要になるでしょう。 8日(日)の朝は冷え込みが強まり、東京都心では最低気温が4℃まで下がり、今季一番の冷え込みとなりそうです。さいたま市は1℃、水戸市や宇都宮市など北部では氷点下となり、氷が張るほどの冷え込みとなるでしょう。 9日(月)以降も朝晩は冷え込み、日中も本格的な冬の寒さが続きそうです。 これまでの暖かさから一転、急に冬の寒さとなりますので、体調を崩さないよう、万全な寒さ対策をなさってください。 日本気象協会 本社 吉田 友海,[],[]
今日6日　北海道～北陸は雪や雨　暴風に警戒　関東や東海は晴天　西日本はにわか雨も（tenki.jp）,https://news.yahoo.co.jp/articles/349822313febfa8f00d7c890ac39e99a6a5a5493,https://newsatcl-pctr.c.yimg.jp/t/amd-img/20241206-00027822-tenki-000-1-view.jpg?exp=10800,2024-12-06T05:35:06+09:00,2024-12-06T05:35:06+09:00,tenki.jp,tenki,tenki.jp,799,画像：tenki.jp 今日6日は、北海道では雪でふぶく所もあるでしょう。東北は日本海側を中心に雨や雪で、暴風に警戒が必要です。北陸は断続的に雨が降るでしょう。関東や東海は大体晴れる見込みです。近畿から九州、沖縄はにわか雨の所も。冬らしい寒さの所が多いですが、関東は12月らしからぬ暖かさが続くでしょう。 北海道～北陸は雪や雨 暴風に警戒 関東や東海は晴天 今日6日は、低気圧が北日本を通過するでしょう。低気圧が通過した後は、冬型の気圧配置になる見込みです。 北海道は日本海側を中心に雪が降り、ふぶく所があるでしょう。東北も雪や雨が降り、日本海側で非常に強い風が吹きそうです。陸上でも瞬間的には30m/sと何かにつかまっていないと立っていられないような風が吹く恐れがあります。昼前にかけて暴風に警戒が必要です。北陸は断続的に雨や雷雨でしょう。これまでの雨で地盤の緩んでいる所があり、少ない雨量でも土砂災害の発生する恐れがあります。土砂災害に警戒し、落雷や突風、ひょうにご注意ください。 関東や東海はおおむね晴れるでしょう。山間部では午後は雪や雨の降る所がありそうです。近畿から九州、沖縄は晴れ間はでますが、所々でにわか雨があるでしょう。 冬らしい寒さの所が多い 関東は暖かさ続く 画像：tenki.jp 今日6日の最高気温は平年並みの所が多いでしょう。 札幌市は2℃と日中も空気が冷たいままとなりそうです。仙台市は10℃と昨日5日と同じくらいですが、風が強く、体感温度は実際の気温より低く感じられるでしょう。風を通しにくい上着を着用すると良さそうです。金沢市は11℃と風が冷たいでしょう。外出の際は寒さ対策をなさってください。名古屋市や大阪市、福岡市は14℃と初冬らしい寒さが続きそうです。 一方、東京都心は17℃と今日6日までは12月らしかぬ暖かさが続くでしょう。 日本気象協会 本社 吉田 友海,[],[]
