headline,mainEntityOfPage,image,datePublished,dateModified,author,media_en,media_jp,str_count,body,images,external_links
「妻はどうして間違えた？」人生初のアイスキャンディー作り。できあがったのは「絶望まで味わえるアイス」!?（サンキュ！）,https://news.yahoo.co.jp/articles/7faae139629fea885de380b866bbdc1029024d42,https://newsatcl-pctr.c.yimg.jp/t/amd-img/20241002-00080647-thankyu-000-1-view.jpg?exp=10800,2024-10-02T21:32:00+09:00,2024-10-02T21:32:00+09:00,サンキュ！,thankyu,サンキュ！,1408,\nサンキュ！\nゆくし医 薬擬人化さんの妻が、人生初のアイスキャンディー作りに挑戦しましたが、とあるミスで失敗。できあがった写真をXに投稿したところ、「絶望まで味わえるアイス」といったコメントが集まり話題になりました。\n【画像】妻が人生初のアイスキャンディー作りに挑戦するも、ちょっとのミスで失敗！できあがったのは「絶望まで味わえるアイス」!?\n絶望まで味わえるアイス!?\nあるとき、ゆくし医 薬擬人化さんの妻が、人生で初めてアイスキャンディーを作ることに。\nしかし、できあがったアイスを見て、ゆくし医さんは驚きます。\n\n「絶望」と名のつくアイスとは、一体どんな状態なのでしょうか？ \n\n一見、型を使って作られた普通のアイスキャンディーのようですが、よくよく見てみると……。\n\nなんと、蓋を閉める前に刺すはずの黒いスティックが、「蓋の上」から刺さっています！\nスティックにはストッパーが付いているため、蓋を外せなくなってしまったというのです。\n\n本来であれば、この写真のように蓋を閉めるよりも前にスティックを刺さなければいけなかったのだそう。\n\n最終的には、蓋つきのままアイスキャンディーを食べることにしたゆくし医さん。\n\nXでは、この投稿に4.5万件ものいいねと「絶望まで味わえるアイスすげえ……」「みんなで一緒に食べられる！」「3人で食べたら仲良くなれそうです」といったコメントが集まり話題になりました。\n\nゆくし医さんにお話をうかがいます。\n妻はどうして間違えた？\n本来蓋をする前に刺すスティックを、どうしてあとから入れてしまったのでしょうか？ \n\n「おそらくテンションが上がっていて、あまり確認しなかったためだと推察します」\n\nよほどアイスキャンディー作りが楽しかったのかもしれませんね。このアイスを見たとき、ゆくし医さんはどう思いましたか？ \n\n「どうやって食べるんだこれ……と困惑しました」\n\n3本が繋がっている上、試行錯誤している間に溶けていってしまうので、困惑するのも納得です。\n家族は大爆笑\n家族のみんなはどんな反応をしていたのでしょうか？ \n\n「妻は（自分のやらかしにも関わらず）大爆笑していました。娘は2歳なので、まだよくわかっていなかったと思いますが、妻と一緒に笑っていました」\n\n笑いが溢れるほほえましい状況に、ほっこりしますね。その後、3人で仲良く分け合ったと投稿されていますが、食べてみていかがでしたか？ \n\n「味は変わりませんでしたが、挟まって抜けなくなった蓋の上に、溶けたアイスが溢れ大惨事になりました」\n\n食べるのにかなり苦労したそうですが、きっと仲睦まじい様子だったのではないでしょうか。\n後日リベンジも\nまた別の日に、本来の作り方でアイスを作ったのでしょうか？ \n\n「後日メロンアイスでリベンジし、特に問題なく作れておりました」\n\n「絶望も味わえるアイス」は大変食べにくかったようですが、ゆくし医さん一家にとって忘れられない味になったことでしょう。3人で工夫しあって仲良く食べられたので、ある意味アイス作り大成功といえますね！\n\n取材協力：ゆくし医 薬擬人化さん\n構成/サンキュ！編集部\n\n※記事の内容は記載当時の情報であり、現在と異なる場合があります。\nサンキュ！編集部,['https://newsatcl-pctr.c.yimg.jp/t/amd-img/20241002-00080647-thankyu-000-1-view.jpg?pri=l&w=640&h=426&exp=10800'],"['https://news.yahoo.co.jp/articles/7faae139629fea885de380b866bbdc1029024d42/images/000', 'https://39mag.benesse.ne.jp/lifestyle/content/gallery/?id=194760&utm_source=headlines.yahoo&utm_medium=referral&utm_campaign=yahoo_photo_link']"
増やしたことが部屋のキレイにつながった！整理収納のプロが複数個持つもの教えます（サンキュ！）,https://news.yahoo.co.jp/articles/5c739688aa213ad0f7f2f69aa01ea546f76452d2,https://newsatcl-pctr.c.yimg.jp/t/amd-img/20241002-00080694-thankyu-000-1-view.jpg?exp=10800,2024-10-02T20:15:00+09:00,2024-10-02T20:15:00+09:00,サンキュ！,thankyu,サンキュ！,1223,\nサンキュ！\n当たり前ですが、モノは少なければ少ないほど管理がラク！だからこそ、「整理収納」の世界で暮らす人の多くはモノを減らしていく傾向にあります。しかし、中にはキレイをキープするために“あえて“増やすモノもあるんです。\n【画像】増やしたことが部屋のキレイにつながった！整理収納のプロが複数個持つもの教えます\nということで今回は、整理収納コンサルタントのティールさんが、増やしたことで部屋のキレイにつながったアイテムを3つ紹介します！\n1：掃除機\n2階建ての筆者宅。元々掃除好きなのもあって、掃除機がけを苦に感じることはありませんが、やはり掃除機を持っての1階と2階の往復はなかなかの重労働。また、子どもたちが2階でお絵描きや勉強をしていると、日に何度も消しカスが床に散らばります。\n\nそこで、気になった時にササっと掃除機が取り出せるよう、2階にサブの掃除機を設置！目論見通り、掃除の頻度が一気に上がりました。また、軽量モデルを選んだことで、小学生でも簡単に扱うことができていますよ。\n2：ハサミ\n日に何度も出番がくるハサミ。使う場所も用途も多岐に渡る、大忙しの文具ですよね。家族が使っていて順番待ちをしたり、元あった場所に戻すのが面倒で、自分の近くに置きっぱなしにした経験はありませんか？ また逆に、使い終わった後も家族が戻してくれなくてイライラしてしまうことも。\n\nそんな大人気のアイテムこそ、数本持っておいて問題ありません。よく使う場所に配置しておくことで、ハサミの「出しっぱなし」「片付け忘れ」を防ぐことができますよ。\n3：トング\n「取り分け用」として、食卓でよく使うトング。筆者宅では長年、ダイニングテーブル側のカトラリー収納スペースに置いていました。しかし、「菜箸」と「手」の中間のような感覚で使えることから、調理中にも大活躍するアイテムだと判明！\n\nそこで、キッチンに1本、カトラリー収納スペースにも1本配置することに。両者の収納場所は、歩数にして6、7歩程度の距離ですが、それでも2本持っておくことで、「探す手間」、「頻繁に洗う手間」、「中間地点への出しっぱなし」がなくなりました。\nよく使うモノは増やすことを検討する価値あり\n何でもむやみやたらに増やしていけば、家はスグに散らかってしまうもの。よく使うからこそ出しっぱなしになりがちなアイテムを厳選して増やしてみると、暮らしが整うかもしれませんよ！\n\nぜひ、参考にしてみてくださいね。\n\n■執筆/ティール…好きなモノに囲まれた「身の丈暮らし」を提唱する、整理収納コンサルタント。福岡県在住、小1＆3歳姉妹の母。関西弁アメリカ人ハーフの陽気な夫（ダディ)＆コールダックも加えた賑やかメンバーで田舎暮らしを満喫中！\n\n編集/サンキュ！編集部\n\n※記事の内容は記載当時の情報であり、現在と異なる場合があります。\nサンキュ！編集部,['https://newsatcl-pctr.c.yimg.jp/t/amd-img/20241002-00080694-thankyu-000-1-view.jpg?pri=l&w=640&h=480&exp=10800'],"['https://news.yahoo.co.jp/articles/5c739688aa213ad0f7f2f69aa01ea546f76452d2/images/000', 'https://39mag.benesse.ne.jp/living/content/gallery/?id=198538&utm_source=headlines.yahoo&utm_medium=referral&utm_campaign=yahoo_photo_link']"
じつはやっていはいけない!?家事のプロが教える！トイレ掃除のNG行動3つ（サンキュ！）,https://news.yahoo.co.jp/articles/43d0ef44edf0940273ab8fb1677b39ed842feceb,https://newsatcl-pctr.c.yimg.jp/t/amd-img/20241002-00080634-thankyu-000-1-view.jpg?exp=10800,2024-10-02T21:52:00+09:00,2024-10-02T21:52:00+09:00,サンキュ！,thankyu,サンキュ！,1088,\nサンキュ！\n心地よい暮らしのために、トイレをキレイにしておくのは欠かせないことですよね。でも、毎日なんとなくトイレ掃除をしていませんか？\n【画像】じつはやっていはいけない!?家事のプロが教える！トイレ掃除のNG行動3つ\nそこで今回は、元家政婦で2級家事クリエイターの資格を持つマミさんに「トイレ掃除のNG行動3つ」を教えてもらいました。\n1.トイレの床を「奥から手前」に掃除すること\n通常掃除は「隅から中央、奥から手前」が鉄則です。でも、トイレの床掃除だけはそうしないでください。\n\nトイレの床には、気をつけても飛沫が飛んでいるもの。奥から手前に掃除しようと進んでいる間に、汚れが足裏などにつく可能性があります。\n\nせっかくキレイにしたところを汚れた足でまた踏んでいた！ということになりかねません。トイレの床掃除だけは、手前から奥へと進みましょう。\n2.トイレの床に掃除機をかけること\nトイレの床にほこりが溜まると、掃除機をかけたくなる人もいると思います。でもそれはやめてください。\n\nトイレの床には、飛沫汚れ以外にも菌などが潜んでいます。そこをふだん使っている掃除機で吸いこむのはNG行為。掃除機のヘッドや排気口から、菌をトイレ以外の場所にもまき散らすことになりますよ。\n\nどうしても掃除機をかけたい場合は、先に床をキレイに拭いてからかけるようにしましょう。\n3.トイレの説明書を読まずに掃除すること\nトイレの取扱説明書をきちんと読んでいますか？ 説明書には、そのトイレに合ったお手入れ方法や掃除の仕方、使用できる洗剤やできない洗剤などがきちんと書いてあります。\n\n毎回掃除した方がいい箇所、月に数回程度のお手入れで大丈夫な箇所など、お手入れの頻度についても書いてくれていることがほとんどです。\n\nトイレの掃除がなんとなくうまくいかないな？ と思ったら、あらためてきちんと説明書を読んでみましょう。「こうすればよかったのか！」と気づくこともあるかもしれません。\n正しい掃除で清潔なトイレを保とう\nトイレは狭い空間ですが、性質上、家のほかの部分とは掃除で気をつけることが違ってきます。せっかく掃除をするのなら、正しい方法で清潔なトイレを保ちたいですよね。3つのNG行為に当てはまっていたかたは、気をつけてみてくださいね。\n\n\n■執筆/マミさん…以前家政婦として活動していた知識と20年超えの主婦業で培った経験を生かした、簡単な掃除や料理アイデアが人気の家事クリエイター。\n\n編集/サンキュ！編集部\nサンキュ！編集部,['https://newsatcl-pctr.c.yimg.jp/t/amd-img/20241002-00080634-thankyu-000-1-view.jpg?pri=l&w=640&h=426&exp=10800'],"['https://news.yahoo.co.jp/articles/43d0ef44edf0940273ab8fb1677b39ed842feceb/images/000', 'https://39mag.benesse.ne.jp/housework/content/gallery/?id=36590&utm_source=headlines.yahoo&utm_medium=referral&utm_campaign=yahoo_photo_link']"
【2択クイズ】新NISAで殖えるのどっち？（サンキュ！）,https://news.yahoo.co.jp/articles/72321a90ddf1eec4fa7b9ecf89c3ee63fe380598,https://newsatcl-pctr.c.yimg.jp/t/amd-img/20241002-00080682-thankyu-000-1-view.jpg?exp=10800,2024-10-02T21:05:00+09:00,2024-10-02T21:05:00+09:00,サンキュ！,thankyu,サンキュ！,2069,\nサンキュ！\n新NISAを始めた人、始めたい人、まだ迷っている人が抱えている素朴～な「どっちが殖える？」の質問に、お金のプロが回答！殖える方を選択して、どんどんお金を殖やしましょう。\n【画像】【2択クイズ】新NISAで殖えるのどっち？\nQ 投資する前に貯めるべき現金貯蓄は生活費6カ月分？3カ月分？\nA 6カ月分\n\n住居費や食費を含めた生活費の6カ月分を預貯金で貯めてから、投資を始めるのがベスト。ただし、今、貯蓄0円の場合は6カ月分貯まるまでに時間がかかり、その分、投資を始めるのが遅くなるので、3カ月分貯まったら、月数千円の積み立て投資を始めるのはOK。また投資を始めた後も、毎月の貯蓄は大切。特に大学進学資金や自動車の買い替え費用など、10年以内に使う予定があるお金は、投資ではなく預貯金で確保しましょう。\n\nボーナスのうち、投資に回すお金の目安は1割。元本割れしているタイミングで急にお金が必要になり、売却して損することがないように、4割は貯蓄に回します。あくまでも目安なので家計の実態に合わせて調整して。\n\n\n●復習！新NISAとは？ \n新NISAを利用すれば、つみたて投資枠と成長投資枠を合わせて、年間360万円までの投資で得た利益から税金が引かれません。さらに1800万円まで投資元本の保有OK。成長投資枠では、投資信託のほかにも上場株式やETF（上場投資信託）の購入も可。\nQ NISA口座を開設するなら銀行？証券会社？\nA 証券会社\n\n個別株やREIT（リート）（不動産投資信託）への投資は、銀行ではできません。投資に慣れて投資戦略の幅を広げたくなった場合のことを想定し、証券会社に口座開設しておくのがベター。証券会社の方が投資信託の取り扱い銘柄が多いのも利点です。クレジットカードでの投資サービスもあるので、お得にポイントを貯めながら投資できます。\nQ ネット証券を選ぶならSBI証券？楽天証券？\nA 自分が属しているポイント経済圏による\n\nVポイント、Pontaポイント、dポイントなどをためている人はSBI証券。ためられるポイントの種類が多いのがSBI証券の利点です。一方、楽天市場や楽天モバイルなどを利用し楽天経済圏に属している人は楽天証券一択。楽天ポイントの還元率がアップします。\nQ どちらか1つにしか投資できない場合（1）e MAXIS Slim（イーマクシススリム）全世界株式（オール・カントリー）？（2）eMAXIS Slim米国株式（S＆P500）？\nA （1）の通称オルカン全世界株式\n\n米国が、この先も世界の政治的リーダーである可能性は高いです。その一方で中国、インド、その他の新興国の台頭により、全世界に占める米国資産の割合が減ることが考えられます。そのため全世界に分散して投資した方が“負けにくい投資”になりますが、積極的に“勝ちに行く投資”を目指すなら米国株式に集中するのもアリ。また全世界株式に投資する投資信託でも、銘柄によって信託報酬の年率がバラバラなのでチェックを。\n\n\n●信託報酬とは？ \n投資信託を管理・運用してもらうための経費。運用状況にかかわらず、投資信託を保有している期間、信託財産から毎日差し引かれるので、同じ内容の銘柄なら信託報酬が低いものを選ぶのが〇。\nQ 余剰資金がある場合、お金が殖えるのは一括投資？積み立て投資？\nA 理論上は、一括投資\n\n地球上の人口が増えて世界経済が拡大すれば、30年後、40年後、株価が値上がりする可能性は高いです。将来的に値上がりすると予測するなら、できるだけ早くまとまったお金を投資したほうが、理論上は有利。ただし一括投資はメンタル的にはあまり良くありません。ハラハラしたくない人は、積み立て投資の方がベター。\n\n\n●10年以上先の教育資金なら新NISAで貯めてもOK\n長期・積立・分散投資で元本割れの可能性を低くするには、少なくとも10年以上続ける必要があります。大学進学が10年以上先なら、教育資金を新NISAで備えてもOK。10年未満の場合は、定期預金や個人向け国債など元本割れしづらく少しでも金利の高い商品で貯めるのが無難。\n\n\n※投資に元本保証はありません。損失のリスクも検討し、自己責任の上で行ってください。\n※掲載した情報は、24年7月22日現在のものです。情報は変わることがあります。\n\n＜教えてくれた人＞\n頼藤太希（よりふじたいき）さん\nMoney＆You代表。ニュースメディア「Mocha（モカ）」、登録者2万人超のYouTube「Money＆YouTV」などで発信。『はじめての新NISA＆iDeCo』（成美堂出版）など著書累計160万部超。\n\n参照：『サンキュ！』2024年10月号「お金が貯まる・殖えるのはどっち？」より。掲載している情報は2024年8月現在のものです。\n編集/サンキュ！編集部\nサンキュ！編集部,['https://newsatcl-pctr.c.yimg.jp/t/amd-img/20241002-00080682-thankyu-000-1-view.jpg?exp=10800'],"['https://news.yahoo.co.jp/articles/72321a90ddf1eec4fa7b9ecf89c3ee63fe380598/images/000', 'https://39mag.benesse.ne.jp/money/content/gallery/?id=195621&utm_source=headlines.yahoo&utm_medium=referral&utm_campaign=yahoo_photo_link']"
【シャトレーゼ】全部100円以下！製菓衛生師がオススメする高コスパ菓子3選（サンキュ！）,https://news.yahoo.co.jp/articles/32524eeb4d9adaf6fa9ce47cf96b05d07f95a885,https://newsatcl-pctr.c.yimg.jp/t/amd-img/20241002-00080660-thankyu-000-1-view.jpg?exp=10800,2024-10-02T22:37:00+09:00,2024-10-02T22:37:00+09:00,サンキュ！,thankyu,サンキュ！,1452,\nサンキュ！\nケーキやアイス、焼菓子など、幅広い種類のスイーツが販売されているシャトレーゼ。\n「お客様の体と心の健康を第一に考え、より自然な素材で、そしてどこよりもお値打ちでご提供し、全てのお客様に愛されるお菓子屋でありたい…。」というコンセプトのもとつくられたお店では、季節ごとにさまざまなスイーツが登場しています。\n【画像】【シャトレーゼ】全部100円以下！製菓衛生師がオススメする高コスパ菓子3選\nそんなシャトレーゼに、マニアおすすめのスイーツがあるんだそう。製菓衛生師の資格を持つスイーツマニアなかべぇさんに、お手頃なのに満足度の高いお菓子3つを紹介してもらいました。\n笑みころん\nアーモンドパウダーとメレンゲに米粉を加えて焼き上げた生地で、ミルクキャラメルバタークリームをサンドした焼き菓子です。食品添加物不使用なので、小さなお子さまや健康志向のかたも安心して食べられます。\n\n内容量：1個\nカロリー：94kcal\n購入時価格：70円\n\n厚みがありサクサク、ふわふわのダックワーズ生地は、しっかりとした甘さとアーモンドの香ばしさを楽しめます。ミルクキャラメルクリームはキャラメル自体の味は控えめでやさしい甘さです。\n\n手のひらにちょこんと乗るくらいの小ぶりサイズなので、小腹が空いた時に食べるのにも最適。\nかりんとう饅頭\n黒糖生地で北海道産小豆使用の自家炊きこし餡を包み蒸し上げた饅頭です。かりんとうのカリッとした食感を再現するため、形状や餡と生地のバランスを工夫しているんだそう。\n\n内容量：1個\nカロリー：180kcal\n購入時価格：97円\n\nしっかりした歯応えと硬さのあるかりんとう生地は、噛みしめるたびに黒糖の風味がふわふわと香り後味に余韻を残します。こしあんはなめらかで上品な甘さなので黒糖の味わいを邪魔することなく絶妙に調和。\n\n小さめサイズの饅頭ですが、ずしっと重みがあり食べ応えは抜群です。\n田舎パイかぼちゃ\n皮付きのかぼちゃダイスを加えた自家炊きかぼちゃ餡をパイ生地で包んで焼き上げた焼き菓子です。マーガリンやバターの風味が豊かな和洋どちらのテイストも楽しめるスイーツ。\n\n内容量：1個\nカロリー：195kcal\n購入時価格：97円\n\nパイ生地に入っているマーガリンやバターの風味がかぼちゃ餡の自然な甘さと相性抜群。デニッシュパンような食感の生地なので食べ応えも抜群です。\n\nそのまま食べても美味しく食べられますが、トースターで温め直すと餡やバターの風味がアップし、より一層おいしく食べられます。\n100円以下の高コスパ菓子\n今回は、シャトレーゼのお菓子の中から、コスパ最高の商品3つをピックアップしました。どれも100円以下で素材の味をしっかりと楽しめるので満足度が高いです。\n\n■執筆/なかべぇ…カルディ歴11年。新商品からリピート商品まで、365日ほぼ毎日カルディ商品を食べているカルディマニア。月間50アイテム以上購入し、カルディに関する知識を日々深めています。製菓衛生師の資格を保有するスイーツマニアでもある。\n\n編集/サンキュ！編集部\n\n※記事の内容は記載当時の情報であり、現在と異なる場合があります。\n※記事内の表示価格は、とくに記載のない場合、税込表示です。軽減税率の適用により価格が変動する場合もあります。店舗によっては取り扱いがない場合があります。\nサンキュ！編集部,['https://newsatcl-pctr.c.yimg.jp/t/amd-img/20241002-00080660-thankyu-000-1-view.jpg?pri=l&w=640&h=480&exp=10800'],"['https://news.yahoo.co.jp/articles/32524eeb4d9adaf6fa9ce47cf96b05d07f95a885/images/000', 'https://39mag.benesse.ne.jp/lifestyle/content/gallery/?id=194678&utm_source=headlines.yahoo&utm_medium=referral&utm_campaign=yahoo_photo_link']"
【ダイソー】少ない調味料でなすの煮浸しが作れる便利アイテムが使える！＆アレンジレシピ2選（サンキュ！）,https://news.yahoo.co.jp/articles/9d809e2d5d54030e94dcc2d9b191412c39d6abe7,https://newsatcl-pctr.c.yimg.jp/t/amd-img/20241002-00080693-thankyu-000-1-view.jpg?exp=10800,2024-10-02T17:15:00+09:00,2024-10-02T17:15:00+09:00,サンキュ！,thankyu,サンキュ！,1643,\nサンキュ！\n育児料理アドバイザーの菅智香さんに教わるダイソーのおすすめキッチンアイテム。\n今回は「無限なすび煮浸し職人」をご紹介します。少ない調味料でなすの煮浸しが作れると口コミでジワジワと人気が出ている商品ですよ。\n【画像】【ダイソー】少ない調味料でなすの煮浸しが作れる便利アイテムが使える！＆アレンジレシピ2選\nあわせて紹介する「無限なすび煮浸し職人」で作る、なすの煮浸しアレンジレシピふたつも必見です。さまざまな味のなすの煮浸しを楽しみましょう。\n話題の商品がレンジ加熱できるようになった！\n「無限なすび煮浸し職人」110円\n\n少ない調味料で簡単に「なすの煮浸し」が作れる便利グッズです。「少ない調味料で味卵が作れる！」と一時期は入手困難になるほどの人気が出た「味付けたまごメーカー」と同じシリーズですよ。\n\n落し蓋があることで、少ない調味料でもしっかり味が付きます。こちらのシリーズはミニトマトバージョンやきゅうりバージョンもでていますが、「無限なすび煮浸し職人」だけはすべてのパーツが電子レンジ対応になっていますよ。\n\nパッケージ裏にはめんつゆを使うレシピが掲載されています。次の項目からは「なすの煮浸し」のアレンジレシピをふたつご紹介します。ぜひ作ってみてくださいね。\nほどよい酸味！なすのポン酢煮浸し\nなべで使うポン酢しょうゆは煮浸しにも使えます。ほどよい酸味がアクセントになりますよ。\n材料\nなす 1本\nポン酢しょうゆ 大さじ2\nしょうが(すりおろし) 小さじ1/2\n砂糖 ひとつまみ\nごま油 小さじ1\n白ごま 適量\n作り方\n(1)なすはヘタを切り落とし、縦半分に切る。\n\n(2)表面に浅く切り込みを入れ、5分水にさらしてアク抜きをする。\n\n(3)色の付いていない容器に、ポン酢しょうゆ、しょうが、砂糖を入れて軽く混ぜる。\n\n(4)なすの断面を下にして入れ、ごま油をなすの表面に軽く塗る。\n\n(5)なすを容器の中で一回転させ、味をなじませる。\n\n(6)落し蓋、蓋をして電子レンジ600Wで3分加熱し、そのまま粗熱を取り、白ごまをかけて完成。\nお酒とともに♪なすの中華風煮浸し\nしょうゆと酢を合わせて中華風の煮浸しにしましょう。おつまみとしてのひと品にぴったりですよ。\n材料\nなす 1本\nしょうゆ 大さじ1\n酢 大さじ1\n砂糖 ひとつまみ\nオリーブオイル 小さじ1\n作り方\n(1)なすはヘタを切り落とし、縦半分に切る。\n\n(2)表面に浅く切り込みを入れ、5分水にさらしてアク抜きをする。\n\n(3)色の付いていない容器に、しょうゆ、酢、砂糖を入れて軽く混ぜる。\n\n(4)なすの断面を下にして入れ、オリーブオイルをなすの表面に軽く塗る。\n\n(5)なすを容器の中で一回転させ、味をなじませる。\n\n(6)落し蓋、蓋をして電子レンジ600Wで3分加熱し、そのまま粗熱を取って完成。\n\nダイソーの「無限なすび煮浸し職人」があれば、なすの煮浸しがとても簡単に作れますよ。\n\n■執筆/菅智香…育児料理アドバイザー。子どもに食べさせたい料理、子どもと作りたい料理、美容に良い料理の提案が得意。\n\n編集/サンキュ！編集部\n\n※記事内の表示価格は、とくに記載のない場合、税込表示です。軽減税率の適用により価格が変動する場合もあります。店舗によっては取り扱いがない場合があります。\n※電子レンジの加熱時間は、600Wの場合の目安です。\n※電子レンジで液体を加熱するとき、沸点に達していても、沸騰しないことがごくまれにあります。この状態の液体が、ちょっとした刺激で急激に沸騰を起こし、液体が激しく飛び散ることがあります。(＝突沸現象)。やけどの原因になりますので、ご注意ください。\n※記事の内容は記載当時の情報であり、現在と異なる場合があります。\nサンキュ！編集部,['https://newsatcl-pctr.c.yimg.jp/t/amd-img/20241002-00080693-thankyu-000-1-view.jpg?pri=l&w=640&h=480&exp=10800'],"['https://news.yahoo.co.jp/articles/9d809e2d5d54030e94dcc2d9b191412c39d6abe7/images/000', 'https://39mag.benesse.ne.jp/lifestyle/content/gallery/?id=198537&utm_source=headlines.yahoo&utm_medium=referral&utm_campaign=yahoo_photo_link']"
野菜のプロが解説！柿をスーパーで買うときにおいしいものを見分けるコツとは？（サンキュ！）,https://news.yahoo.co.jp/articles/49372000e0a2e0386fdeb0f10cc8ad6fc7f4a716,https://newsatcl-pctr.c.yimg.jp/t/amd-img/20241002-00080659-thankyu-000-1-view.jpg?exp=10800,2024-10-02T18:37:00+09:00,2024-10-02T18:37:00+09:00,サンキュ！,thankyu,サンキュ！,1490,\nサンキュ！\n秋になるとスーパーに多く並ぶようになる柿は、素朴でありつつも、なんだかホッとする甘さが人気のフルーツです。でも、せっかく柿を買ったのに思ったほどおいしくなかった…なんて経験のある人も多いのでは。\n【画像】野菜のプロが解説！柿をスーパーで買うときにおいしいものを見分けるコツとは？\n今回は、野菜ソムリエ・食育インストラクター・気象予報士として活躍する植松愛実さんに、柿選びで失敗しないためのコツを教えてもらいます。\nまずは全体をチェック！\n柿は皮全体にハリがあり、ずっしり重みのあるものがおすすめ。できれば左右対称で変形していないもののほうが、順調に成長した柿である可能性が高いです。\n\nなお、皮の表面に黒っぽい色がついているものもあるのですが、これについては少し見分けがつきづらいです。全体的に細かい黒い斑点がついているようなものは問題ないのですが、ヘタの周辺に集中して黒い斑点が目立つ場合は、病気にかかって味が落ちている可能性もあります（ただし、病気が人に移ることはありませんし、食べても問題はありません）。\n\nまた、品種によってはおしりの側に黒いスジが入っているのが非常に甘い証拠であることも。ただ、これも見たことがない人には見分けがつきづらいと思いますので、（前述のとおり食べても問題ないこともあり）あまり黒い点やスジを気にせずに、以下の項目で紹介する色やヘタの情報にも注目してみてください。\n皮の色は好みに合わせて選んで\n柿は皮の色に赤みがあって濃い色になっているほど、しっかり熟してやわらかくなっています。逆に、黄色みが強いほど、まだ身が固い傾向にあります。\n\nそのため、やわらかい柿を食べたい場合は色が濃くて赤っぽいものを、そしてシャキシャキとした食感を楽しみたい場合は、あまり赤みがかっていないものを選ぶようにしましょう。なお、赤っぽくなっているものは日持ちしないため、すぐに食べる予定がない場合は、色が濃くないものを選ぶのがおすすめです。\n念のためにヘタも見て\n最後に、ヘタの部分にも注目しましょう。まれに、ヘタが根元から浮いたような状態になって、かなりすき間が空いているような柿があります。\n\n「へたすき」と呼ばれる現象で、順調に生育していなかったり、傷むのが早かったりするため、避けたいタイプの柿です。ただ、通常のスーパーで売られているような柿で「へたすき」のものはほとんどないので、念のためのチェックだけで大丈夫。\n\nなお、ヘタの色は緑色のものもあれば黒っぽくなっているものもありますが、品種によっては渋抜きの過程で黒くなる場合があるので、色はあまり気にしなくても問題ありません。\n栄養満点の柿を存分に楽しもう！\n柿はβカロテンやビタミンCをはじめ、さまざまなビタミンやミネラルを含んだ栄養豊富なフルーツです。とくにβカロテンは体内でビタミンAに変わり、目の粘膜や肌を守ってくれるはたらきがあるため、乾燥が気になるこれからの季節にぴったり。\n\nこれから冬のはじめ頃にかけては、いろんな品種の柿が次々と出荷されます。ぜひポイントをおさえて好みのおいしい柿を選んで、旬の味を存分の楽しんでください。\n\n■執筆/植松愛実さん\n気象予報士と出張料理人の両面で活動中。気象・防災に関するヒントのほか、野菜ソムリエ・食育インストラクターとしておいしい食材のおいしい食べ方を発信中。\n\n編集/サンキュ！編集部\n\n※記事の内容は記載当時の情報であり、現在と異なる場合があります。\nサンキュ！編集部,['https://newsatcl-pctr.c.yimg.jp/t/amd-img/20241002-00080659-thankyu-000-1-view.jpg?pri=l&w=640&h=454&exp=10800'],"['https://news.yahoo.co.jp/articles/49372000e0a2e0386fdeb0f10cc8ad6fc7f4a716/images/000', 'https://39mag.benesse.ne.jp/housework/content/gallery/?id=124961&utm_source=headlines.yahoo&utm_medium=referral&utm_campaign=yahoo_photo_link']"
【コストコ】美容と健康にもうれしい「濃厚なのに植物性100％」新感覚ヨーグルトが登場で話題沸騰中！（サンキュ！）,https://news.yahoo.co.jp/articles/b329f4b3f642b1dfbf8aeecc95af826249cbd905,https://newsatcl-pctr.c.yimg.jp/t/amd-img/20241002-00080658-thankyu-000-1-view.jpg?exp=10800,2024-10-02T16:37:00+09:00,2024-10-02T16:37:00+09:00,サンキュ！,thankyu,サンキュ！,1580,"\nサンキュ！\n定番商品から毎月続々と登場する新商品、そのどれもがビッグサイズでコスパ抜群。メディアでも取り上げられることが多い大人気のコストコに、「からだにうれしい！」「濃厚でおいしい！」と話題の新商品が登場しています。\n【画像】【コストコ】美容と健康にもうれしい「濃厚なのに植物性100％」新感覚ヨーグルトが登場で話題沸騰中！\n今回は、オーストラリアで大人気の植物性100％ヨーグルトがコストコにも入荷で話題！「ココベラヨーグルト」の魅力を、コストコの新商品やアレンジ料理を紹介するブログが大人気のコストコマニア、舞さんに教えてもらいました。\n新商品「ココベラココナッツヨーグルト」\n今回紹介するのは、「ココベラココナッツヨーグルト」（購入時：1,280円）です。登場したばかりの新商品ですが早くもSNSでは「おいしすぎる！」「リピ決定！」との声があがり、やみつきになるファンが続出。ヨーグルトが6個入りで1個当たり約213円はちょっと高いなぁという印象もありましたが、その味が気になり購入してきました。\n\n箱の中には3種×2個ずつ、計6個のヨーグルトが。このココベラヨーグルトとは、オールトラリア産の植物性ヨーグルトで、フタに記載がある「DAIRY FREE」とは乳製品不使用のこと。ココナッツミルクと植物性乳酸菌で出来ているから、からだにうれしいおいしい美容スイーツとしてオーストラリアで大人気なんだそう。\nナチュラル\nまずは、ナチュラル。ヨーグルト部分には砂糖は使用されていません。\n\nふんわりなめらかでとってもクリーミー！ココナッツミルクの濃厚さとコクがあるのに後味はすっきりとして、とってもおいしい！砂糖不使用ですが自然なやさしい甘さを感じます。\nマンゴー\n続いては、マンゴー。ヨーグルトは砂糖不使用ですがマンゴーソースには砂糖が含まれます。\n\nフタを開けるとマンゴーソースがたっぷり！一般的なヨーグルトはフルーツソースが底の方にあることが多いですが、こちらは上にたっぷりとのっているのが見た目にもうれしいですね。味はココナッツとマンゴーなので相性抜群。マンゴーのトロピカルな甘さとココナッツミルクの濃厚な味わいがたまりません。\nパッションフルーツ\n3つ目は、パッションフルーツ。こちらもパッションフルーツソース部分にのみ砂糖が使用されています。\n\n見た目はマンゴーとほぼ同じ！フタを開けてすぐに目に飛び込んでくる鮮やかなソースの色にテンションがあがります。食べてみるとたっぷりのパッションフルーツソースは爽やかな甘酸っぱさで、これもまたココナッツミルクのコクとマッチしておいしい！マンゴーとはまた違った味わいで、朝食に食べれば一日元気に過ごせそうな目覚めにぴったりのヨーグルトです。\nぜひ味わってみて！\n栄養価の高いココナッツミルクを使ったクリーミーなのにさっぱりとしたおいしさがやみつきになる、ココベラヨーグルト。間食やおやつにぴったりの、からだにやさしいヘルシーなヨーグルトです。\n\n第一印象は値段が少し高いと感じましたが、食べて納得。今までのヨーグルトはひと味もふた味も違うこのおいしさを、ぜひ味わってみてはいかがでしょうか。\n\n■執筆/舞さん\nコストコ・業務スーパー・KALDIをこよなく愛するマニア。\nコストコ歴は15年以上で商品の活用術やアレンジ料理を紹介するブログが人気、TVにも多数登場している。\n\n編集/サンキュ！編集部\n\n※記事の内容は記載当時の情報であり、現在と異なる場合があります。\n※記事内の表示価格は、とくに記載のない場合、税込表示です。軽減税率の適用により価格が変動する場合もあります。店舗によっては取り扱いがない場合があります。\nサンキュ！編集部",['https://newsatcl-pctr.c.yimg.jp/t/amd-img/20241002-00080658-thankyu-000-1-view.jpg?pri=l&w=640&h=476&exp=10800'],"['https://news.yahoo.co.jp/articles/b329f4b3f642b1dfbf8aeecc95af826249cbd905/images/000', 'https://39mag.benesse.ne.jp/lifestyle/content/gallery/?id=194768&utm_source=headlines.yahoo&utm_medium=referral&utm_campaign=yahoo_photo_link']"
キャットタワーがまるで「しいたけの原木」!?にゃんこがニョキニョキ生えている姿に「これは豊作、収穫しないと」の声（サンキュ！）,https://news.yahoo.co.jp/articles/3fd6f940303e5c65ec36b3827243b1ff411a9ef9,https://newsatcl-pctr.c.yimg.jp/t/amd-img/20241002-00080646-thankyu-000-1-view.jpg?exp=10800,2024-10-02T12:20:00+09:00,2024-10-02T12:20:00+09:00,サンキュ！,thankyu,サンキュ！,1294,\nサンキュ！\nぽてこゆこめ。さんが、キャットタワーを楽しむ愛猫うなぎちゃん、おこめちゃん、ぽてちくんの写真をXに投稿。その姿はまるで「しいたけの原木」のようだと話題になり、3.2万件ものいいねが集まりました。\n【画像】キャットタワーがまるで「しいたけの原木」!?にゃんこがニョキニョキ生えている姿に「これは豊作、収穫しないと」の声\nキャットタワーがしいたけの原木!?\n5匹のにゃんこと暮らすぽてこゆこめ。さんは、あるとき、新しいキャットタワーを用意しました。\n\n背の高い円筒状のキャットタワーには、3つの穴が不規則に並んでおり、にゃんこたちがそれぞれ入れるようになっています。\n\nしかし、そこに実際にゃんこたちが入ると、飼い主さんは笑ってしまったのだそう。\n一体なぜなのでしょうか。\n\n上からうなぎちゃん、おこめちゃん、ぽてちくんが顔を出しているのですが、まるでキャットタワーからにゃんこがニョキニョキ生えているよう！\n\n飼い主さんが「しいたけの原木ならぬ猫の原木」と言うのも納得です。\n\nこの写真をXに投稿すると、3.2万件ものいいねが集まりました。また、「一家に一台置いておきたい猫の原木」「これは豊作、ネコチャン収穫しないと」「はーなにこれ癒される」といったコメントが集まり、ほっこりする人が続出しました。\n\n飼い主さんにお話をうかがいます。\nキャットタワーが大好きなにゃんこたち\n猫ちゃんたちは、キャットタワーがお気に入りなのでしょうか？ \n\n「気に入っています！たまにこうして何匹かで入っていますよ」\n\nにゃんこたちがくつろいでいる姿は、癒し度満点。飼い主さん宅にある他のキャットタワーでは、同じ場所に数匹一緒に入ったり、にゃんこが縦に並んでトーテムポールのようになったりする姿も見られるそうですよ！\n愛おしくてたまらない存在\nこの写真の猫ちゃんたちを見たときの、飼い主さんのお気持ちをお願いいたします。\n\n「ニョキニョキ生えている感じが、やっぱりしいたけの原木みたいだなって思いました」\n\n猫ちゃんたちのかわいい姿はもちろんのこと、「しいたけの原木」というユーモア溢れる表現が、多くの人の心をつかんだことでしょう。飼い主さんにとって、猫ちゃんたちはどんな存在なのでしょうか？ \n\n「自分の子どものような存在です。愛おしくて毎日が本当に幸せです」\n\n猫ちゃんたちへの愛情が、ひしひしと伝わってきますね。\n反響について\n投稿には、多くの反響がありましたが、ご覧になっていかがでしたか？ \n\n「たくさんの人から反響をいただき、とてもうれしかったです」\n\nにゃんこたちのかわいさと、飼い主さんのユーモア溢れるセンスによって、3.2万人がほっこり和んだ今回の投稿。今後も、Xでたくさんの人を癒したり笑顔にしたりしてくださいね。投稿を楽しみにしています！\n\n取材協力：ぽてこゆこめ。さん\n構成/サンキュ！編集部\n\n※記事の内容は記載当時の情報であり、現在と異なる場合があります。\nサンキュ！編集部,['https://newsatcl-pctr.c.yimg.jp/t/amd-img/20241002-00080646-thankyu-000-1-view.jpg?pri=l&w=640&h=391&exp=10800'],"['https://news.yahoo.co.jp/articles/3fd6f940303e5c65ec36b3827243b1ff411a9ef9/images/000', 'https://39mag.benesse.ne.jp/lifestyle/content/gallery/?id=194795&utm_source=headlines.yahoo&utm_medium=referral&utm_campaign=yahoo_photo_link']"
「この家、散らかっていそう……」と思われる玄関の共通点って？片づけのプロが指摘！（サンキュ！）,https://news.yahoo.co.jp/articles/8c326cb438718e70163b364fb01281bbc5961a9a,https://newsatcl-pctr.c.yimg.jp/t/amd-img/20241002-00080633-thankyu-000-1-view.jpg?exp=10800,2024-10-02T11:52:00+09:00,2024-10-02T11:52:00+09:00,サンキュ！,thankyu,サンキュ！,995,\nサンキュ！\n「おうちの顔」とも言われる玄関は、その名の通り、第一印象でその家のイメージが決まるのだとか。散らかっていそうと思われるお宅には、玄関にも共通点があるんです。\n【画像】「この家、散らかっていそう……」と思われる玄関の共通点って？片づけのプロが指摘！\nそこで、片づけのエキスパートであるシンプリストうたさんに、「この家、散らかっていそう…」と思われる玄関の共通点を教えてもらいました。\n1．タタキに靴が散乱している\nタタキに靴が散乱していると、リビングでも同じように物が散乱している状況をイメージされてしまいます。小さい範囲を整えることができなければ、大きな範囲の片づけもできるはずがないからです。\n\n毎回、靴箱にしまうことは難しくても、靴を揃えるだけで、キチンとした印象をつくることができます。\n2．色々な物が雑然と置かれている\n玄関に置くと便利でついあれこれ置いてしまいがちですが、玄関収納のキャパを超えてまで置くのはNGです。\n\n雑然とした印象を与えるだけでなく、地震などの災害がおきた時に、物が倒れてドアをふさいでしまう可能性もあり大変危険です。\n\n使用頻度の低い物は別の場所にしまうなどして、優先順位をつけるようにしましょう。\n3．臭いに気をつかっていない\n意外と見落としがちな「臭い」でも、その家が散らかっているかどうかがわかります。「消臭対策」や「香りづけ」については、部屋がある程度片づいていないと、考える余裕がないからです。\n\n対策としては、靴をこまめに洗ったり、消臭スプレーをすること。そして、靴箱の風通しを行うことも効果的です。その上で、消臭効果のある重曹を置いたり、ディフューザーを置くなどして、消臭や香りの対策を行うといいでしょう。\n玄関で印象が決まる\n部屋に対して小さな範囲である玄関が整っていないということは、部屋全体も整っていないとのでは？ という悪印象を与えかねません。\n\nしかし、ご紹介した3つのポイントを押さえて玄関を整えれば、その逆の印象をつくることもできます。玄関から綺麗なおうちを目指してみましょう。\n\n■執筆/シンプリストうたさん…ズボラでも小さな子どもがいても、スッキリ暮らすためのストレスフリーな方法を提案する整理収納アドバイザー。\n\n編集/サンキュ！編集部\nサンキュ！編集部,['https://newsatcl-pctr.c.yimg.jp/t/amd-img/20241002-00080633-thankyu-000-1-view.jpg?pri=l&w=640&h=426&exp=10800'],"['https://news.yahoo.co.jp/articles/8c326cb438718e70163b364fb01281bbc5961a9a/images/000', 'https://39mag.benesse.ne.jp/living/content/gallery/?id=134659&utm_source=headlines.yahoo&utm_medium=referral&utm_campaign=yahoo_photo_link']"
「なす＆きゅうり」、食べ飽きたらつくってみて！ペロリと食べられるごはんにも合う味噌仕立てのレシピをご紹介（サンキュ！）,https://news.yahoo.co.jp/articles/5a1c271c02900c3c656712fb59b869ebd3cd8e5d,https://newsatcl-pctr.c.yimg.jp/t/amd-img/20241002-00080692-thankyu-000-1-view.jpg?exp=10800,2024-10-02T13:15:00+09:00,2024-10-02T13:15:00+09:00,サンキュ！,thankyu,サンキュ！,1700,\nサンキュ！\n管理栄養士のゆかりさんに教わるおすすめレシピ。\nゆかりさんの父が家庭菜園をやっているため、今季はとくに「なす＆きゅうり」がよく実っているのだそう。\n傷ませてしまう前においしく食べようと、さまざまな料理に挑戦しているのですが、その中で意外なおいしさだったものがあったのだとか。\n【画像】「なす＆きゅうり」、食べ飽きたらつくってみて！ペロリと食べられるごはんにも合う味噌仕立てのレシピをご紹介\nそこで今回は、「なす＆きゅうり」をおいしくモリモリ食べられるおすすめのレシピをご紹介します。\nなすやきゅうりでいつも同じような料理ばかりになってしまう、という人はぜひ一度つくってみてくださいね！\n材料\nなすは炒めることが多いと思いますが、きゅうりは生のまま食べる人が多いのでは？ \n\n今回ご紹介するレシピでは、なすと一緒にきゅうりも炒めます。きゅうりは炒め方によっては、シャキッと感を残すこともできますが、しっかりと火を通してやわらかくしてもおいしいのです。\n\n4人分で使う材料は、つぎの通り。\n\n・なす……3本\n・きゅうり……1本\n・ツナ油漬け缶詰……1缶（70gくらい）\n・しそ…4枚\n・みそ……大さじ1くらい\n・みりん……大さじ1\n\nなお、筆者の場合はしその代わりに、えごまの葉を使っています。お好みでそちらを使ってもOKですよ。\nつくり方\nまずは、なす、きゅうり、しそを洗ってから切ります。\n\nなすは縦半分にしたら1cm厚さの斜め切りに、きゅうりは両端を切り落として5mm幅の斜め切りにしてそれを細切りに、しそはきゅうりより細めの千切りにします。\n\nつぎに、なすの重さに対して1％ほどの塩をまぶして揉みこみます。\n\n今回使ったなすは3本で280gだったので、塩を3g使いました。\n\n10分以上置いておき、しんなりとしたら汁気が出るまでギュッとしぼります。\nしぼる目安は、汁がしたたってきて、なすの表面に指の後が残るくらいです。（そこまで大量の汁は出ません。汁の色はなすのポリフェノールの影響で茶色っぽくなります。）\n\nつづいて、ツナの油漬け缶詰のふたを開け、中の油をフライパンに移します。\n\n油を切ったツナは、この時点ではすぐに使わず、取っておきます。\n\nフライパンを中火で温め、先ほどのしぼったなすを加えます。\n\n菜箸などを使ってなすをツナの油とからめたら、きゅうりも加えます。\n\n全体を混ぜながら炒め、なすの一部に焼き目が付いてきたら、残りのツナ、みりんで溶いたみそを加えます。\n\n全体が混ざったらしそを加え、サッとひと混ぜしたらすぐに火を止めると、「なすときゅうりのツナ味噌炒め」が完成です！\n調理のポイント\nなすは油を非常に吸いやすい食材なので、炒め物をすると多くの油が必要になります。\n\nですが、炒める前に塩もみをして水分を減らすことにより、油の吸う量を抑えることができるのです。（揚げ物をするときも同様の効果が期待できます）\n\n今回のレシピでは、ツナの油漬け缶詰の油だけでもパサつくことなく炒めることができました。\n油の使用量が少ないと、その分カロリーを抑えることができるので、さっぱりとした口当たりで食べられますよ。\n\nなお、味加減については薄味になっていると思いますので、必要に応じて調味料を増やしたり、塩こしょうなどで調整してみてください。\nまた、しそについては、香りが加わることで薄味でも満足感を高める目的があります。お好みで省いたり、ほかの食材に置き換えても◎。\n\nご紹介したレシピで、「なす＆きゅうり」を飽きずに食べてみてはいかがでしょうか？ \n\n■執筆/ゆかり…保育園調理、セミナー講師、出張料理、料理教室、食育サイトの記事執筆など幅広く活躍中の管理栄養士で食生活アドバイザー。1児の母。\n\n編集/サンキュ！編集部\n\n※IHクッキングヒーターをご使用の場合は、説明書を確認し、指定の油量を必ず守って調理してください。\nサンキュ！編集部,['https://newsatcl-pctr.c.yimg.jp/t/amd-img/20241002-00080692-thankyu-000-1-view.jpg?pri=l&w=640&h=320&exp=10800'],"['https://news.yahoo.co.jp/articles/5a1c271c02900c3c656712fb59b869ebd3cd8e5d/images/000', 'https://39mag.benesse.ne.jp/housework/content/gallery/?id=198533&utm_source=headlines.yahoo&utm_medium=referral&utm_campaign=yahoo_photo_link']"
【業務スーパー】何度もリピしてます！使い勝手抜群の必須冷凍アイテム3選（サンキュ！）,https://news.yahoo.co.jp/articles/4f31fcd72052642d06f58c8cb8b224d903f8dfc0,https://newsatcl-pctr.c.yimg.jp/t/amd-img/20241002-00080657-thankyu-000-1-view.jpg?exp=10800,2024-10-02T14:37:00+09:00,2024-10-02T14:37:00+09:00,サンキュ！,thankyu,サンキュ！,1341,"\nサンキュ！\n節約生活の強い味方「業務スーパー」。業務用だけでなく一般商品も多く、さらには海外直輸入商品もあり、大人気スーパーに！現在では、全国に1,000店舗以上あるそうです。\n【画像】【業務スーパー】何度もリピしてます！使い勝手抜群の必須冷凍アイテム3選\n今回は、週1まとめ買いで食費3万円台におさえるライターおおつかはじめさんに、業務スーパーで使い勝手抜群の冷凍商品を3つ紹介してもらいました。\n希少部位が簡単加熱で食べられる「ぼんじり焼き鳥串」\n商品名 焼き鳥ぼんじり串\n内容量 250g\n価格 408円\n\nこちらは希少部位といわれる「ぼんじり」のみを使った焼き鳥串。すでに加熱された状態で冷凍してあるので、そのまま調理できるスグレモノ。フライパンにクッキングペーパーをひき、両面をまんべんなく焼いていけば、簡単にできちゃいます。塩味でもタレ味でもお好みで味付けできるところも魅力的！ぷりっぷりの食感はたまらず、何度もリピートしている商品です。\n1個20円台のコスパは驚き！「ミートコロッケ」\n商品名 ミートコロッケ\n内容量 10個\n価格 224円\n\n北海道産のジャガイモをつかったほくほくの「ミートコロッケ」。10個入りなので、1個20円ほどという嬉しいコスパです。自家製の生パン粉を使用しているので、さくさくに揚がり、家族に大人気のメニューです。中身のジャガイモとお肉のフィリングはとろっとしていて、ほどよく味もついているので食べやすい！お弁当にもおすすめです。\nさくさくのフライで大人気「白身フライ」\n商品名 白身フライ\n内容量 10枚入り\n価格 397円\n\n業務スーパーには2種類の白身フライが販売されています。今回はミニサイズではない、通常バージョン。1枚60gと少し大きめのフライになっていて、夕飯のおかずにはもちろん、サンドイッチの具材としても重宝します。\n\n中身は、タラの一種でブルーホワイティングというもの。クセは全くない食べやすい魚です。パン粉がついているので、冷凍のまま油で揚げます。あっさりとした塩味がついていると公式サイトには書かれていますが、食べてみてもあまりわからないかも。ソースやマヨネーズなどお好みの調味料で食べてみてくださいね。\n便利でコスパ良しのものもたくさんある！\n業務スーパーは容量が多く、便利に使えるアイテムがたくさんあります。特に冷凍商品は保存期間も長く、使い勝手もいいので、ぜひおすすめ！\n\n◼︎執筆/おおつかはじめさん…2018年にアウトドアに魅了され、年間5回以上家族でキャンプに行くアクティブママ。10年のレストラン勤務経験のある調理師でもあり、その経験を生かしたアウトドア飯も発信。\n\n編集/サンキュ！編集部\n\n※記事の内容は記載当時の情報であり、現在と異なる場合があります。\n※記事内の表示価格は、とくに記載のない場合、税込表示です。軽減税率の適用により価格が変動する場合もあります。店舗によっては取り扱いがない場合があります。\n※IHクッキングヒーターをご使用の場合は、説明書を確認し、指定の油量を必ず守って調理してください。\nサンキュ！編集部",['https://newsatcl-pctr.c.yimg.jp/t/amd-img/20241002-00080657-thankyu-000-1-view.jpg?exp=10800'],"['https://news.yahoo.co.jp/articles/4f31fcd72052642d06f58c8cb8b224d903f8dfc0/images/000', 'https://39mag.benesse.ne.jp/lifestyle/content/gallery/?id=194664&utm_source=headlines.yahoo&utm_medium=referral&utm_campaign=yahoo_photo_link']"
まだ油断しないで！夏の終わりにやりたいゴキブリ対策、繁殖期を迎える前にやるべきこと3つ（サンキュ！）,https://news.yahoo.co.jp/articles/debcffb08d4baa548b146441503b06f3b536816b,https://newsatcl-pctr.c.yimg.jp/t/amd-img/20241002-00080691-thankyu-000-1-view.jpg?exp=10800,2024-10-02T07:15:00+09:00,2024-10-02T07:15:00+09:00,サンキュ！,thankyu,サンキュ！,1242,\nサンキュ！\n9月に入り夏の蒸し暑さが和らぎ、「ゴキブリやコバエなどの害虫対策はもうしなくても大丈夫」とホッとしている方も多いと思います。\nけれども、実は安心するのはまだ早い！？ \n今回は整理収納アドバイザーのおだけみよさんが、これからの時季に気をつけたい晩夏の害虫対策と、次のシーズンにむけてやっておきたいことを紹介します。\n【画像】まだ油断しないで！夏の終わりにやりたいゴキブリ対策、繁殖期を迎える前にやるべきこと3つ\n1．害虫駆除グッズの使用期限を確認する\nゴキブリ駆除に効果があるホウ酸団子系の防除用医薬部外品は、人気が高い対策グッズです。\n駆除剤の有効期限は1年間なのですが、期間が長いためうっかり忘れてしまうことも多いです。\n特に昨年の夏あたりに設置している場合は要注意。\n駆除効果が弱くなり対策にはならないので、期限が切れたものは交換しましょう。\n2．シンクに残食などを放置しない\n気温が下がり涼しくなると、ゴキブリも活動しやすくなると言われています。\n夏の終わりから秋にかけては、涼しい室内に逃げ込むため、注意が必要です。\n特に糖分や脂肪分はゴキブリが好むので、放置しているとその匂いで誘引されます。\n真夏同様、残食などをうっかりシンクにそのまま放置しないようにしけましょう。\n洗ってない食器などの放置も厳禁です。\n3．侵入経路の確認\nシンク下ややエアコンの室外機など、家のあちこちにゴキブリが侵入しやすい隙間や穴が意外に多いものです。\nこの侵入経路を塞ぎ、外からの侵入を防ぎましょう。\nゴキブリは秋に産卵し、卵鞘は寒さに耐えるため、冬を越すことができます。\n越冬してしまうと春に再び大量に発生する可能性があります。\n晩夏は通常の対策はもちろん、次のシーズンに向けての対策もしっかり行うのがおすすめです。\nかんたん駆除対策\nゴキブリが嫌う匂いのするものに、植物やアロマがあります。\n中でも ミント系はゴキブリが非常に嫌う香りと言われています。\n筆者はエッセンシャルオイルを水に溶かし、ハーブスプレーとしてゴキブリが好みそうな場所に散布しています。\nほんのり爽やかな香りが漂い、リフレッシュ効果もありおすすめです。\n夏の終わりでも油断大敵\n猛暑が和らぎ、「これでゴキブリの心配がなくなった」と油断するのは危険。\n夏前に対策をしている場所も、確認しておくと安心です。\nこれからの時季は繁殖に向けてのシーズンになるので、さらなる強化策をすることも大事です。\n\n■執筆/おだけみよ…汚部屋住人から片づけのプロになった整理収納アドバイザー。\n片づけのプロ歴10年目。コロナ禍以前は個人宅の片づけ作業サポートや片づけ講座開催などを中心に活動。現在は執筆作業中心にオンラインでの情報発信を行う。\n\n編集/サンキュ！編集部\n\n※記事の内容は記載当時の情報であり、現在と異なる場合があります\nサンキュ！編集部,['https://newsatcl-pctr.c.yimg.jp/t/amd-img/20241002-00080691-thankyu-000-1-view.jpg?pri=l&w=640&h=426&exp=10800'],"['https://news.yahoo.co.jp/articles/debcffb08d4baa548b146441503b06f3b536816b/images/000', 'https://39mag.benesse.ne.jp/housework/content/gallery/?id=198532&utm_source=headlines.yahoo&utm_medium=referral&utm_campaign=yahoo_photo_link']"
【シャトレーゼ】64円はコスパよすぎ！素材の旨味をしっかりと堪能できるお菓子3選（サンキュ！）,https://news.yahoo.co.jp/articles/4ee2f3370df390d863ebb4fccfef3531c625378b,https://newsatcl-pctr.c.yimg.jp/t/amd-img/20241002-00080656-thankyu-000-1-view.jpg?exp=10800,2024-10-02T09:37:00+09:00,2024-10-02T09:37:00+09:00,サンキュ！,thankyu,サンキュ！,1447,\nサンキュ！\nケーキやアイス、焼菓子など、幅広い種類のスイーツが販売されているシャトレーゼ。\n「お客様の体と心の健康を第一に考え、より自然な素材で、そしてどこよりもお値打ちでご提供し、全てのお客様に愛されるお菓子屋でありたい…。」というコンセプトのもとつくられたお店では、季節ごとにさまざまなスイーツが登場しています。\n【画像】【シャトレーゼ】64円はコスパよすぎ！素材の旨味をしっかりと堪能できるお菓子3選\nそんなシャトレーゼに、マニアがリピート買いするお得な商品があるんだそう。製菓衛生師の資格を持つスイーツマニアなかべぇさんに、64円で買える絶品お菓子3つを紹介してもらいました。\n黒糖かりんとう\n黒糖を練り込んだ生地に黒ゴマを合わせた、香ばしい風味のかりんとう。ひとくちでパクッと食べられるサイズがうれしいです。かりんとう特有の固さを出しつつ、食べやすい食感にこだわっているんだそう。\n\n内容量：1袋（28g）\nカロリー：136kcal\n購入時価格：64円\n\n硬すぎず柔らかすぎず心地よい食感のかりんとう。ほどよい甘さで、噛むたびに黒胡麻の香ばしい風味がひろがります。黒糖特有の風味と胡麻が絶妙にマッチしていて、クセになる味わいです。\n揚げ餅焼とうもろこし\nふっくらと炊いたもち米をつき上げ、時間をかけて乾燥しカラッと揚げた揚げ餅。醤油の香ばしい風味ととうもろこしの甘みを感じられる焼きとうもろこし味です。\n\n内容量：1袋（20g）\nカロリー：100kcal\n購入時価格：64円\n\nサクサクの軽い食感で、噛むたびに焼きとうもろこしの味がふわっとひろがります。後を追って香ばしさがやってきて、後味はお米の風味を楽しめます。少量の食べきりサイズなので、小腹が空いたときはもちろん、お酒のおともにもぴったりです。\nふっくら焼あごだし旨味塩\nあごだしと塩の旨味をしっかりと楽しめるソフトタイプのおせんべい。焼きあごの旨味をベースに魚介類・鶏・野菜の旨味も加えられています。生地にさっと油をかけ、枠窯でじっくりと火を入れて焼き上げることで、生地全体にこまかいひびが入り、さくさく、ほろほろの食感に仕上げているんだそう。\n\n内容量：2枚\nカロリー：87kcal\n購入時価格：64円\n\nサクサクと軽い食感のソフトせんべいは、厚みがあり食べ応え抜群。口に入るとすぐにあごだしの旨味がひろがり、絶妙な塩加減が重なります。後味にほんのり感じるお米の風味が上品で、1枚32円で食べられるとは思えない贅沢な味わいです。\n64円はお得すぎる！\n今回は、お手ごろ価格で購入できる商品のなかから、オススメのもの3つをピックアップしました。どれもお手ごろ価格で本格的な味が楽しめるので、和菓子好きのかたは、ぜひ味わってみてください。\n\n■執筆/なかべぇ…カルディ歴11年。新商品からリピート商品まで、365日ほぼ毎日カルディ商品を食べているカルディマニア。月間50アイテム以上購入し、カルディに関する知識を日々深めています。製菓衛生師の資格を保有するスイーツマニアでもある。\n\n編集/サンキュ！編集部\n\n※記事の内容は記載当時の情報であり、現在と異なる場合があります。\n※記事内の表示価格は、とくに記載のない場合、税込表示です。軽減税率の適用により価格が変動する場合もあります。店舗によっては取り扱いがない場合があります。\nサンキュ！編集部,['https://newsatcl-pctr.c.yimg.jp/t/amd-img/20241002-00080656-thankyu-000-1-view.jpg?pri=l&w=640&h=480&exp=10800'],"['https://news.yahoo.co.jp/articles/4ee2f3370df390d863ebb4fccfef3531c625378b/images/000', 'https://39mag.benesse.ne.jp/lifestyle/content/gallery/?id=194677&utm_source=headlines.yahoo&utm_medium=referral&utm_campaign=yahoo_photo_link']"
そのトレンド……じつはもう終わっています！取り残された40代がやりがちなコーデ（サンキュ！）,https://news.yahoo.co.jp/articles/02735720e3b979f37140635df3e1e182a1777145,https://newsatcl-pctr.c.yimg.jp/t/amd-img/20241002-00080632-thankyu-000-1-view.jpg?exp=10800,2024-10-02T07:52:00+09:00,2024-10-02T07:52:00+09:00,サンキュ！,thankyu,サンキュ！,1641,\nサンキュ！\n20代の頃から、服の好みがあまり変わっていない、という方もいらっしゃいますよね。\n\nクローゼットの中に、「あの頃流行っていた」じつは懐かしのトレンド服はありませんか？\n【画像】そのトレンド……じつはもう終わっています！取り残された40代がやりがちなコーデ\n今回は、取り残された40代がやりがちな、懐かしのトレンド服を用いたコーデを、パーソナルスタイリストのemilyさんに教えてもらいました。\nチェックのネルシャツにデニム\nまずは、秋口になると店頭でもよく見かけるフランネル素材の「チェック柄のシャツ」を使ったコーディネート。\n\n保温性もあり、色や柄も豊富に選べるので男女ともに定番のアイテムとなっています。実は、このチェック柄のネルシャツに「デニム」を合わせていたら見直しが必要です。40代が着ると、どうしてもメンズっぽく、さらに若作りな印象に仕上がってしまうんです。\n\n40代が着こなすポイントは、\n\n・シャツのインナーやボトムに白を合わせてさわやかに。\n・体のラインを拾うジャストサイズを選ばない。\n・首元を少し開けたり袖をまくるなど、女性らしいシルエットを作る。\n\nサイズ選びやボトムの合わせ方を工夫することで、40代の今の自分らしい着こなしが出来ます。\n短めトレンチコートにタイトなボトム\n続いては、秋の定番アウターでもある「トレンチコート」を使ったコーディネート。\n\n値段が張る物もあり、いくつも持たないアイテムだからこそ、1枚を大切に愛用している方も多いはず。昔はジャストサイズやショート丈のデザインが流行だったため、まだ手元に残っている方もいるのでは？ \n\nもしもこのトレンチコートに「タイトなボトム」を合わせていたら要注意。\n\n現在は、ゆったりとしたシルエットが主流なので、ジャストサイズのトレンチコートでは、どこか古臭いイメージに見えてしまいます。\n\n40代が着こなすポイントは、\n\n・ショート丈よりもロング丈やオーバーサイズにアップデート。\n・かっちりした印象よりも、カジュアルに寄せて普段使いを楽しむ。\n・ボトムはふんわりシルエットで女性らしく仕上げる。\n\n王道のアイテムこそ、見直しをしながら着こなしを楽しみましょう。\nガウチョパンツにロングブーツ\nそして最後は、「ガウチョパンツ」にブーツを合わせたコーディネート。\n\nまるでスカートのように見えて低身長さんも使いやすかった「ガウチョパンツ」。ところが、残念ながら今のトレンドからは外れてしまうアイテムなんです。特に、「ロングブーツ」を合わせていたらアイテムチェンジが必要。\n\n半端丈のパンツは太って見えやすい上に、さらにルーズなシルエットのブーツでは、下半身だけにボリュームが出てしまいます。\n\n40代が着こなすポイントは、\n\n・ガウチョパンツよりも広がりが少ないシルエットにアップデートする。\n・七分丈よりも長めのレングスを選び縦のラインを作る。\n・合わせるブーツは足がすっきり見えるシルエットを選ぶ。\n\n40代の今の自分がしっくりくるシルエットを見つけることが、スタイルアップへの近道です。\n少しの違いが大きな変化へつながる\n使いやすいアイテムは、もちろん出番も多く、長年愛用しているために、手放すタイミングが難しいところ。\n\nでも、使い易さがわかっているからこそ、少し選び方を変えてみるだけで、スタイルアップが叶ったり、もっと似合う物に出会えるかも知れないという、大きな変化へつながります。\n\nぜひ一度クローゼットを見直して、より今の自分が楽しめるスタイルを探してみて下さいね。\n\n\n■執筆/emily…1万5千人以上の接客経験を生かして「今の自分を好きになれる」着こなしや服選びの方法を発信するパーソナルスタイリスト。\n\n編集/サンキュ！編集部\nサンキュ！編集部,['https://newsatcl-pctr.c.yimg.jp/t/amd-img/20241002-00080632-thankyu-000-1-view.jpg?pri=l&w=640&h=426&exp=10800'],"['https://news.yahoo.co.jp/articles/02735720e3b979f37140635df3e1e182a1777145/images/000', 'https://39mag.benesse.ne.jp/beauty/content/gallery/?id=157081&utm_source=headlines.yahoo&utm_medium=referral&utm_campaign=yahoo_photo_link']"
おにぎり・卵焼き・みそ汁は手順を守ると格段においしくなる！10の名言（サンキュ！）,https://news.yahoo.co.jp/articles/3688eb9c7bf9851202ac721afa837b87a781e79e,https://newsatcl-pctr.c.yimg.jp/t/amd-img/20241002-00080681-thankyu-000-1-view.jpg?exp=10800,2024-10-02T08:42:00+09:00,2024-10-02T08:42:00+09:00,サンキュ！,thankyu,サンキュ！,1709,\nサンキュ！\nおにぎりや卵焼きにみそ汁。単純な料理ほど、手順を守ると格段においしくなります。何気なく作っている定番料理を作るときに思い出してほしい手順を、10の名言としてまとめました。\n【画像】おにぎり・卵焼き・みそ汁は手順を守ると格段においしくなる！10の名言\n米は大吟醸酒のように磨き上げてとぐべし\n米はボウルに重ねたざるに入れて水をたっぷり加え、すぐに捨ててなでるようにやさしくとぎます。精米の歩合を高めた大吟醸酒のように、米を丁寧に磨くイメージで5～6回くり返します。\n時間がたってもおいしいご飯を炊くには浸水を怠ってはいけない\n水に浸す時間は、1～2時間。ちょっと長いと感じるかもしれませんが、しっかり浸水すると米の中まで熱が通りやすくなり、時間がたってもおいしいご飯に炊き上がります。\nお椀でひと休みさせたご飯は、格段に握りやすい\n熱々のご飯もお椀にいれると握りやすい温度に。形もきれいになります。\nご飯は、生の卵を転がすように握る也\n手のひらで生の卵をやさしく転がすように、米粒をつぶさずにご飯をまとめると食べた時にほろっとくずれる。\n\n\n●塩おにぎり\n材料と作り方（4個分）\n1.熱湯大さじ2、塩小さじ2を混ぜて溶かし塩手水を作る。\n2.温かいご飯400gを4等分し[A]、1を手になじませて握る[B]。これを全部で4個作る。\n\n梅おかかおにぎりの具（4個分）\n種を取ってたたいた梅干し2個分＋削り節4パック（8g）＋しょうゆ小さじ1/2\n何はともあれ、調味料を混ぜるべし。卵は後入れに\n調味料を先に混ぜておくと混ぜやすく、卵液が均一になります。\n卵は、いつもの3倍かき混ぜてちょうどいい\n混ぜ方がたりず、卵白が切れていないと、熱が均一に伝わらず、焼きムラができます。\n卵液は、最後の一滴まで使ってこそ一人前\nゴムべらなどでかき集め、最後の一滴まで使えば卵焼きの厚みが格段にアップ。\n\n\n●20年以上作っている絶品卵焼き\n材料と作り方（卵焼き器1つ分）\n1.ボウルに砂糖大さじ1 1/2、しょうゆ小さじ1、水大さじ3を入れて混ぜ[A] 、卵3個を割り入れて溶きほぐす[B] 。\n2.卵焼き器にサラダ油少々をひいて中火で熱し、1の1/5量を流し入れ、上面がほぼ焼けたら手前に巻いて奥に寄せる。空いた所にサラダ油少々をたし、残りの1の1/4量を流し入れて同様に焼く。これをあと3回繰り返し、食べやすい大きさに切る。\n豆腐の余分な水分は、だし汁のじゃま\n豆腐を水きりしないで入れると、余分な水分でだし汁が薄まって残念な味に。豆腐はペーパータオルで包んで網つきバットなどに入れ、1時間～一晩おいて。\nだしからとったみそ汁が、おなかと心をわしづかみ\nだし汁はお好みのものでいいですが、煮干しと昆布でしっかり濃いめにとるのがおすすめ。水4カップに対して昆布8g、煮干し16gを入れて約30分おき、中火にかけて沸騰したら火を弱め、昆布を取り出してアクを取り除いて約10分煮ます。煮干しは頭、えら、内臓を取り除くと雑味が出ず、さらにおいしく。\nくずした豆腐の断面に、みそ汁がしみる妙\n木綿豆腐は、大きめの一口大にちぎりながらイン。凹凸がある豆腐の断面がみそ汁を吸い、至高の一杯に。\n\n\n●魂揺さぶるみそ汁\n材料と作り方（4人分）\n1.木綿豆腐（小）2丁（400g）は水けをきる[A] 。わけぎ2本は小口切りにする。\n2.鍋にだし汁4カップ[B]を入れて中火にかけ、煮立ったら豆腐を入れる[C]。みそ大さじ3～4を溶き入れて火を止め、お椀に盛ってわけぎをのせる。\n\n＜教えてくれた人＞\n藤井恵さん\n料理研究家。心と体を思いやる、作りやすい料理で大人気。おにぎりとみそ汁を愛、『もっと からだ整えおにぎりとみそ汁』（主婦と生活社）の著書もある。\n\n参照：『サンキュ！』2024年10月号「やる気になるホッとする達人の名言」より。掲載している情報は2024年8月現在のものです。\n編集/サンキュ！編集部\nサンキュ！編集部,['https://newsatcl-pctr.c.yimg.jp/t/amd-img/20241002-00080681-thankyu-000-1-view.jpg?pri=l&w=640&h=421&exp=10800'],"['https://news.yahoo.co.jp/articles/3688eb9c7bf9851202ac721afa837b87a781e79e/images/000', 'https://39mag.benesse.ne.jp/housework/content/gallery/?id=124982&utm_source=headlines.yahoo&utm_medium=referral&utm_campaign=yahoo_photo_link']"
