headline,mainEntityOfPage,image,datePublished,dateModified,author,media_en,media_jp,str_count,body,images,external_links
国学院大・吉田蔵之介「１年生らしからぬ走りを」　父はケツメイシのリーダー、勝負曲は「覚悟はいいか」（サンケイスポーツ）,https://news.yahoo.co.jp/articles/0ba351f091a31a6bbd024b850534626c190be577,https://newsatcl-pctr.c.yimg.jp/t/amd-img/20231215-00000201-sanspo-000-1-view.jpg?exp=10800,2023-12-15T22:11:23+09:00,2023-12-15T22:11:23+09:00,サンケイスポーツ,sanspo,サンケイスポーツ,614,\n箱根駅伝に向けて壮行会を行った国学院大の吉田蔵之介\n来年１月２、３日に行われる「第１００回東京箱根間往復大学駅伝競走（往路１０７・５キロ、復路１０９・６キロ）」に向けて、前回総合４位の国学院大が渋谷キャンパスで壮行会を開いた。１年生ながらメンバー入りした吉田蔵之介は「１年生らしからぬ走りで自分の与えられた役割を果たしたい」と意気込んだ。\n\n中学２年のときにサッカーのゴールキーパーから陸上に転向。今春、埼玉栄高を卒業して国学院大に入学した。大学駅伝の出走はまだだが、長い距離の適性は十分。１０月の東京レガシーハーフマラソンでは初ハーフながら１時間３分３１秒をマーク。１１月の上尾シティハーフマラソンでは１時間２分２９秒で自己ベストを更新し、９位に入った。\n\n父は男性４人組ヒップホップグループ、ケツメイシのリーダー、大蔵（４７）。フルマラソンで３時間４分２６のタイムを持つ父も今回のメンバー入りを喜んでいたという。高校時代、新型コロナウイルス感染拡大の影響で部活動が満足に出来ない時期もあったが、「モチベーションが上がらないときも一緒に走って練習していた」と支えられてきた。\n\nレース前に聴く勝負曲はケツメイシの「覚悟はいいか」。柔道で五輪２連覇の大野将平（旭化成）に向けられた曲で、「どこをとっても歌詞がアスリートに向けられている。アップ中に聴いている。全部が好き」と吉田。箱根路を駆け抜ける覚悟はできた。,['https://newsatcl-pctr.c.yimg.jp/t/amd-img/20231215-00000201-sanspo-000-1-view.jpg?pri=l&w=640&h=426&exp=10800'],['https://news.yahoo.co.jp/articles/0ba351f091a31a6bbd024b850534626c190be577/images/000']
【まるがめボート・ＧＩ京極賞】次節にグランプリを控える馬場貴也がイン速攻で６度目のＧⅠ制覇（サンケイスポーツ）,https://news.yahoo.co.jp/articles/a170c17fa67ec30e5b8a80018cf76c058153fd1f,https://newsatcl-pctr.c.yimg.jp/t/amd-img/20231215-00000200-sanspo-000-1-view.jpg?exp=10800,2023-12-15T21:37:39+09:00,2023-12-15T21:37:39+09:00,サンケイスポーツ,sanspo,サンケイスポーツ,431,\n通算６度目のＧⅠタイトルを獲得した馬場貴也\nまるがめボートの「ＧⅠ京極賞 開設７１周年記念競走」は１５日、第１２Ｒで優勝戦が行われ、予選トップ通過から王道路線を進んだ馬場貴也（３９）＝滋賀＝が逃げ切り勝ち。今年２月の近畿地区選手権（住之江）に続く通算６度目のＧⅠタイトルを獲得した。８月のＳＧメモリアル（福岡）以来となる今年７回目、通算では６０回目の優勝（ＳＧは４Ｖ）を勢いに変えて、１９日に開幕するＳＧグランプリ（住之江）へ乗り込む。２着は今井貴士（福岡）、３着は吉田拡郎（岡山）の外枠コンビが入り、３連単１→５→６は４７１０円だった。\n\n◆馬場貴也「１マークは握りすぎた感じもしたけど、舟がしっかり返ってきてくれました。今節は節間を通していい勉強、いい経験になりました。いいリズムでグランプリに臨めますね。昨年は自分の失敗もあって取りこぼしてしまいました。昨年より成長していると思うし、昨年よりもチャンスはある。（ＧＰを）取りにいきたいと思います」,['https://newsatcl-pctr.c.yimg.jp/t/amd-img/20231215-00000200-sanspo-000-1-view.jpg?pri=l&w=640&h=480&exp=10800'],['https://news.yahoo.co.jp/articles/a170c17fa67ec30e5b8a80018cf76c058153fd1f/images/000']
広島・森下暢仁、球団に「（メジャー挑戦の意向を）前々から伝えている」２０００万円増の１・３億円更改（サンケイスポーツ）,https://news.yahoo.co.jp/articles/99bceb16ed413bd543b7c2b83daef6fcb370a9bf,https://newsatcl-pctr.c.yimg.jp/t/amd-img/20231215-00000207-sanspo-000-2-view.jpg?exp=10800,2023-12-15T23:16:00+09:00,2023-12-15T23:55:51+09:00,サンケイスポーツ,sanspo,サンケイスポーツ,352,\n風神雷神をイメージしたボードの横で、笑みを浮かべる広島・森下\n広島・森下暢仁投手（２６）が１５日、広島市の球団事務所で契約更改交渉に臨み、２０００万円増の年俸１億３０００万円（金額は推定）でサインした。「大谷選手より多くいただきました。１０１６億です。しっかり話をしました」と語り、笑いを誘った。昨秋に右肘の手術を受けて臨んだ今季の投球回は１３１回２／３。プロ４年目で初めて規定投球回に届かなかった。それでも２０試合で９勝６敗、防御率３・０１と復活を印象付けた。来年１月には米大リーグ、タイガースに加入した前田と合同自主トレーニングを行う。自身の将来像については「（球団にメジャー挑戦の意向を）前々から伝えている」と明かした。未来を見据え、来季は開幕投手とタイトルでエースの座を奪還する。（柏村翔）,['https://newsatcl-pctr.c.yimg.jp/t/amd-img/20231215-00000207-sanspo-000-2-view.jpg?pri=l&w=640&h=520&exp=10800'],['https://news.yahoo.co.jp/articles/99bceb16ed413bd543b7c2b83daef6fcb370a9bf/images/000']
駒大・篠原倖太朗、３冠へニヤリ「クレバーな走りを見て」　（サンケイスポーツ）,https://news.yahoo.co.jp/articles/ff41d37bd975455dca3c1affd427b0b31887a00a,https://newsatcl-pctr.c.yimg.jp/t/amd-img/20231215-00000199-sanspo-000-1-view.jpg?exp=10800,2023-12-15T21:24:51+09:00,2023-12-15T21:24:51+09:00,サンケイスポーツ,sanspo,サンケイスポーツ,456,\n篠原倖太朗\n来年１月２、３日に行われる「第１００回東京箱根間往復大学駅伝競走（往路１０７・５キロ、復路１０９・６キロ）」に向けて、史上初の２年連続大学駅伝３冠を目指す駒大が１５日、オンラインで取材に応じ、ハーフマラソン日本人学生記録保持者（１時間０分１１秒）の篠原倖太朗（３年）は「自分はどこの区間でも走れる。与えられた役割を全うしたい」と意気込みを語った。\n\n駒大のエース格の一人。主将の鈴木芽吹（４年）、アジア大会５０００メートル代表の佐藤圭汰（２年）とともに、大八木弘明総監督（６５）の特別指導を受ける。今季は１０月の出雲駅伝で１区区間賞を獲得して完全優勝に貢献。１１月の全日本大学駅伝では３区で日本選手トップとなる区間２位の走りで後続との差を広げた。\n\n前回は３区区間２位。１１月の八王子ロングディスタンスでは１万メートルで２７分３８秒６６の自己ベストをマークと調子も上々だ。「その時に応じた取捨選択が出来る、クレバーな走りを見てほしい」と篠原。新春の箱根路でもレース巧者っぷりを発揮する。,['https://newsatcl-pctr.c.yimg.jp/t/amd-img/20231215-00000199-sanspo-000-1-view.jpg?pri=l&w=640&h=479&exp=10800'],['https://news.yahoo.co.jp/articles/ff41d37bd975455dca3c1affd427b0b31887a00a/images/000']
慶大は３回戦で天理大と対戦「アウェーの雰囲気に負けないように」〝ヨドコウの呪縛〟を解く／大学選手権（サンケイスポーツ）,https://news.yahoo.co.jp/articles/8cf8c6de390b0b422f1f628904099ac50f44c6b2,https://newsatcl-pctr.c.yimg.jp/t/amd-img/20231215-00000202-sanspo-000-1-view.jpg?exp=10800,2023-12-15T22:18:00+09:00,2023-12-15T22:18:00+09:00,サンケイスポーツ,sanspo,サンケイスポーツ,377,\n慶大ＰＲ岡広将主将\nラグビーの全国大学選手権は１７日、東西の有力校が登場して３回戦４試合が行われる。関東対抗戦５位からの巻き返しを狙う慶大は、大阪・ヨドコウ桜スタジアムで天理大（関西２位）と対戦する。\n\n慶大は昨年の準々決勝でも、同じ会場で京産大と戦い３３－３４の悔しい敗戦。その試合にリザーブとして残り５分から出場したＰＲ岡広将主将（４年）は、「いい思い出があまりない」と苦笑い。「天理大は応援で圧をかけてくると思う。アウェーの雰囲気に負けないようにしたい」と気合をこめた。\n\n手の骨折で２日の帝京大戦を欠場した大黒柱のＳＯ山田響（４年）が復帰し、「布陣はほぼベスト」（青貫監督）。１０－５４で負けはしたが、その帝京大戦で前に出る守備と地域を稼ぐキックの強みを再確認。２０２０年度の大学王者を倒し、〝ヨドコウの呪縛〟を解き放つ。（田中浩）,['https://newsatcl-pctr.c.yimg.jp/t/amd-img/20231215-00000202-sanspo-000-1-view.jpg?pri=l&w=509&h=640&exp=10800'],['https://news.yahoo.co.jp/articles/8cf8c6de390b0b422f1f628904099ac50f44c6b2/images/000']
「日プガールズ」木村カエラ、「ＦＬＹ ＵＰ ＳＯ ＨＩＧＨ」の完成を報告　「難しい言葉を使わず、彼女たちのそのままを」（サンケイスポーツ）,https://news.yahoo.co.jp/articles/1c2d70b590fb1acc22b87e5b38b38b5dea25f5e4,https://newsatcl-pctr.c.yimg.jp/t/amd-img/20231215-00000198-sanspo-000-1-view.jpg?exp=10800,2023-12-15T21:14:41+09:00,2023-12-15T21:14:41+09:00,サンケイスポーツ,sanspo,サンケイスポーツ,738,\n木村カエラ\n歌手、木村カエラ（３９）が国民プロデューサー（視聴者）代表を務めるサバイバルオーディション番組「ＰＲＯＤＵＣＥ １０１ ＪＡＰＡＮ ＴＨＥ ＧＩＲＬＳ（日プガールズ）」の練習生２０人のために書下ろしたバラード「ＦＬＹ ＵＰ ＳＯ ＨＩＧＨ」が完成したことが１５日、報告された。\n\n同番組はＪＯ１やＩＮＩを生み出したサバイバルオーディション番組「ＰＲＯＤＵＣＥ １０１ ＪＡＰＡＮ（日プ）」シリーズの第３弾。１６日午後２時からＴＢＳ系で最終回が生放送され、デビューメンバー１１人とグループ名が発表される。\n\n「ＦＬＹ ＵＰ ＳＯ ＨＩＧＨ」は、国プ代表を務めるカエラが第１回順位発表式から歌詞を書き始め、約４カ月、活動を共にした練習生への思いを歌詞に込めた。オーディション期間中も練習生たちを間近で見てきたからこそ書けた歌詞に、初めてこの楽曲を聴いた練習生は感動し、涙したという。\n\nカエラは「出会いや別れ、夢に向かって進む彼女たちの姿をみて、歌詞を作っていきました。何より大切にしたかったのは、彼女たちの純粋な真っすぐな気持ちです。難しい言葉を使わず、彼女たちのそのままを描きたいと思っていました。エールでもあり、サビは今後大きなステージで歌う彼女たちの姿を想像しながら、ペンライトで埋まる客席を星空に例えています。過去と現在と未来がつながっていく。思いは、届く。一人一人が輝く星」と歌詞に込めた思いを説明。最終回当日は、練習生全員で最後まで自分たちを応援してくれた国プと国プ代表のカエラ、プロフェッショナルとしての基礎を教えてくれたトレーナー陣、番組制作スタッフなど、このプロジェクトに関わったすべての人へ感謝の気持ちを込めて同曲を初披露する。,['https://newsatcl-pctr.c.yimg.jp/t/amd-img/20231215-00000198-sanspo-000-1-view.jpg?pri=l&w=512&h=640&exp=10800'],['https://news.yahoo.co.jp/articles/1c2d70b590fb1acc22b87e5b38b38b5dea25f5e4/images/000']
小祝さくら、将来の夢はカフェ経営？「やってみたい。カフェ巡りしないんですけど…コーヒー飲めないので」　新宿・アルペン東京でトークショー／国内女子ゴルフ（サンケイスポーツ）,https://news.yahoo.co.jp/articles/9ea255e532184aba7501a9158be46cf599b56cd2,https://newsatcl-pctr.c.yimg.jp/t/amd-img/20231215-00000195-sanspo-000-1-view.jpg?exp=10800,2023-12-15T20:53:10+09:00,2023-12-15T20:53:10+09:00,サンケイスポーツ,sanspo,サンケイスポーツ,459,\nトークショーで来季の目標を語った小祝さくら＝新宿・アルペン東京\n女子ゴルフでツアー９勝の小祝さくら（２５）＝ニトリ＝が１５日、東京・新宿区の「Ａｌｐｅｎ ＴＯＫＹＯ」で行われた契約するコラントッテのトークショーに登場した。７月の「ミネベアミツミレディス」で初の地元北海道で優勝した今季を振り返り、「複数回優勝できず、メジャー優勝も目標だったが、達成できなかったので悔しい。でも地元優勝できてうれしかった」と笑顔を見せた。\n\nトークショーでは、将来の夢についても語り「カフェ屋さんをやってみたい。カフェ巡りはあんまりしないんですけど、コーヒーは飲めないので」と〝小祝節〟で会場を盛り上げ、「もんじゃ焼き屋さん、たこ焼き屋さん、お菓子の開発もしてみたい」と語った。今季は全３８試合にフル参戦。「元々体は強い。（スポンサー契約を結ぶ株式会社明治の）Ｒー１を毎日飲んでいる」と胸を張る。節目の１０勝目もかかる来季。目標を問われると、「複数回優勝と今季出来なかったメジャー優勝を目指して頑張ります」とリベンジを誓った。,['https://newsatcl-pctr.c.yimg.jp/t/amd-img/20231215-00000195-sanspo-000-1-view.jpg?pri=l&w=480&h=640&exp=10800'],['https://news.yahoo.co.jp/articles/9ea255e532184aba7501a9158be46cf599b56cd2/images/000']
駒大・山川拓馬は５区区間新に意欲「最低でも７０分台はカットして６８、６９分台を目安にする」（サンケイスポーツ）,https://news.yahoo.co.jp/articles/d92a745f367968fcffb3069519019f30052041ae,https://newsatcl-pctr.c.yimg.jp/t/amd-img/20231215-00000191-sanspo-000-1-view.jpg?exp=10800,2023-12-15T20:45:34+09:00,2023-12-15T20:45:34+09:00,サンケイスポーツ,sanspo,サンケイスポーツ,384,\n山川拓馬\n来年１月２、３日に行われる「第１００回東京箱根間往復大学駅伝競走（往路１０７・５キロ、復路１０９・６キロ）」に向けて、史上初の２年連続大学駅伝３冠を目指す駒大が１５日、オンラインで取材に応じ、山川拓馬（２年）は「５区で区間賞にリベンジしたい」と力強く語った。\n\n昨年度は全日本大学駅伝４区区間賞で大学駅伝デビュー。箱根では５区を走り、２位の青学大と１秒差でタスキを受けるとすぐに突き放し、中大の猛追をも振り切って３冠に貢献した。今季は１０月の出雲駅伝３区で日本人トップの３位、１１月の全日本では最終８区で区間賞を獲得とエース区間で躍動。全日本は季節外れの暑さの中、区間２位に４１秒差をつける快走だった。\n\n「最低でも７０分台はカットして、区間新を狙う。６８、６９分台を目安にしたい」と山川。ロードの実力者が、勝負を決める走りを箱根路でも見せる。,['https://newsatcl-pctr.c.yimg.jp/t/amd-img/20231215-00000191-sanspo-000-1-view.jpg?pri=l&w=640&h=480&exp=10800'],['https://news.yahoo.co.jp/articles/d92a745f367968fcffb3069519019f30052041ae/images/000']
【３歳以上次走報】マイネルウィルトスは引き続き横山武史騎手でＡＪＣＣへ（サンケイスポーツ）,https://news.yahoo.co.jp/articles/af5ba1f527fefa9cf1cdce15d9e1b1283456fb1e,https://newsatcl-pctr.c.yimg.jp/t/amd-img/20231215-00000193-sanspo-000-1-view.jpg?exp=10800,2023-12-15T20:49:08+09:00,2023-12-15T20:49:08+09:00,サンケイスポーツ,sanspo,サンケイスポーツ,422,\nマイネルウィルトス\n★ステイヤーズＳ３着マイネルウィルトス（栗・宮、牡７）は、引き続き横山武騎手とのコンビでＡＪＣＣ（１月２１日、中山、ＧⅡ、芝２２００メートル）へ。１３着セファーラジエル（栗・高柳大、牡５）は、万葉Ｓ（１月６日、京都、ＯＰ、芝３０００メートル）に向かう。\n\n★カノープスＳ３着オーロイプラータ（栗・宮本、牡３）は、東海Ｓ（１月２１日、京都、ＧⅡ、ダ１８００メートル）か、アルデバランＳ（２月３日、京都、ＯＰ、ダ１９００メートル）へ。\n\n★中日新聞杯７着マイネルファンロン（美・手塚、牡８）は、中山金杯（１月６日、中山、ＧⅢ、芝２０００メートル）へ。\n\n★キーンランドＣ１３着レッドベルオーブ（栗・藤原、牡５）は、淀短距離Ｓ（１月１３日、京都、Ｌ、芝１２００メートル）を予定。\n\n★グリーンチャンネルＣ１１着カラフルキューブ（栗・高野、牝４）は門司Ｓ（１月１４日、小倉、ＯＰ、ダ１７００メートル）を目指す。,['https://newsatcl-pctr.c.yimg.jp/t/amd-img/20231215-00000193-sanspo-000-1-view.jpg?pri=l&w=640&h=581&exp=10800'],['https://news.yahoo.co.jp/articles/af5ba1f527fefa9cf1cdce15d9e1b1283456fb1e/images/000']
【２歳次走報】ウインマクシマムはホープフルＳへ（サンケイスポーツ）,https://news.yahoo.co.jp/articles/73b203ec21c66dab67c47dba6e32c056c60e94b2,https://newsatcl-pctr.c.yimg.jp/t/amd-img/20231215-00000187-sanspo-000-1-view.jpg?exp=10800,2023-12-15T20:26:41+09:00,2023-12-15T20:26:41+09:00,サンケイスポーツ,sanspo,サンケイスポーツ,99,\nマイネルウィルトス\n★３日中山の未勝利戦（芝２０００メートル）を勝ったウインマクシマム（美・畠山、牡）は、引き続き松岡騎手とのコンビでホープフルＳ（２８日、中山、ＧＩ、芝２０００メートル）へ。,['https://newsatcl-pctr.c.yimg.jp/t/amd-img/20231215-00000187-sanspo-000-1-view.jpg?pri=l&w=640&h=340&exp=10800'],['https://news.yahoo.co.jp/articles/73b203ec21c66dab67c47dba6e32c056c60e94b2/images/000']
巨人・門脇誠が調理師と契約　１人暮らしも心配なし　来季２年目に向けて「もう準備万端です」（サンケイスポーツ）,https://news.yahoo.co.jp/articles/ecdcec124b4ca4069f2cdb2651592b7d7e0610de,https://newsatcl-pctr.c.yimg.jp/t/amd-img/20231215-00000185-sanspo-000-2-view.jpg?exp=10800,2023-12-15T20:19:00+09:00,2023-12-15T21:11:54+09:00,サンケイスポーツ,sanspo,サンケイスポーツ,391,\n巨人・門脇誠\n〝ストイック門脇〟は不変だ！！ 巨人・門脇誠内野手（２２）が１５日、今オフから調理師を雇い、食事面の管理を行っていることを明かした。\n【写真】ジャイアンツ球場で練習を行う門脇誠\n「１２月は自分次第でどうにでもなる。１２月の生活を考えたらやった方がいいと思って」\n\n今オフに退寮し、１人暮らしを開始するタイミングで、オリックスからポスティングシステムでメジャー移籍を目指す山本の紹介もあり実現。朝、晩に加え、練習のある日は弁当もお願いしているという。体のケア用品を自費で購入するなど、シーズン中に見せたストイックな姿勢は、自由な時間が多いオフも健在だ。\n\nこの日は、川崎市のジャイアンツ球場で育成の中田と自主トレを行い、野球への考え方などを惜しみなく伝えた。阿部監督が遊撃での起用を明言しているプロ２年目に向け、「もう準備万端です」と力強く言い切った。,['https://newsatcl-pctr.c.yimg.jp/t/amd-img/20231215-00000185-sanspo-000-2-view.jpg?pri=l&w=640&h=502&exp=10800'],"['https://news.yahoo.co.jp/articles/ecdcec124b4ca4069f2cdb2651592b7d7e0610de/images/000', 'https://www.iza.ne.jp/article/20231215-RHI7JLDZTBOX3L64U6GIVHZRAI/photo/H5JYWNJQLJJPLI6TF2J45NMP2A/?utm_source=yahoo%20news%20feed&utm_medium=referral&utm_campaign=related_link']"
【ターコイズＳ】実績十分のアナザーリリックが一発を狙う（サンケイスポーツ）,https://news.yahoo.co.jp/articles/51efc4e759951e2735c6032f282a0dc3f55e8edc,https://newsatcl-pctr.c.yimg.jp/t/amd-img/20231215-00000184-sanspo-000-1-view.jpg?exp=10800,2023-12-15T20:12:00+09:00,2023-12-15T20:12:00+09:00,サンケイスポーツ,sanspo,サンケイスポーツ,238,\nターコイズＳに出走予定のアナザーリリック\nアナザーリリックは昨春のＧⅢ福島牝馬Ｓを勝っている実績馬で、咋暮れのこのレースも７着とはいえ０秒２差と通用する能力は感じさせていた。\n\n今年は物足りない内容が続くが、福島牝馬Ｓを含めコンビ４勝の津村騎手に戻り、アネモネＳで勝っている中山マイルと条件はそろう。ジョッキーも、「もともと攻め馬は動くけど、今週は収まる感じが出てきて感触的に悪くなかった。週末に雨が降るのはこの馬にとっていいと思う」と一発を狙う構えだ。（夕刊フジ）,['https://newsatcl-pctr.c.yimg.jp/t/amd-img/20231215-00000184-sanspo-000-1-view.jpg?pri=l&w=640&h=426&exp=10800'],['https://news.yahoo.co.jp/articles/51efc4e759951e2735c6032f282a0dc3f55e8edc/images/000']
大橋秀行会長がタパレスを警戒「パッキャオの良いときに似て見える」　井上尚弥のバンデージは日本式ＯＫで、ネリ来日は「知らない」（サンケイスポーツ）,https://news.yahoo.co.jp/articles/b581c189add9cf146b8607a862f457412c0982b2,https://newsatcl-pctr.c.yimg.jp/t/amd-img/20231215-00000181-sanspo-000-2-view.jpg?exp=10800,2023-12-15T20:03:42+09:00,2023-12-15T20:37:26+09:00,サンケイスポーツ,sanspo,サンケイスポーツ,971,\n会見に臨む（左から）大橋秀行会長、井上尚弥、井上真吾トレーナー＝横浜市（撮影・中井誠）\nプロボクシングのＷＢＣ、ＷＢＯ世界スーパーバンタム級王者の井上尚弥（３０）＝大橋＝が１５日、横浜市の大橋ジムで公開練習を行った。ＷＢＡ、ＩＢＦ統一王者のマーロン・タパレス（３１）＝フィリピン＝との４団体王座統一戦（２６日、東京・有明アリーナ）に向けて約１２分間練習を公開。「ＫＯに関しては流れの中で見極めて進めていきたい。しっかりと勝つことをイメージしながらやりたい」と必勝を宣言した。\n\n公開練習後に所属ジムの大橋秀行会長（５８）が報道陣の取材に応じ、タパレスについて「陣営に楽勝ムードはまったくない。フルトンより怖い相手。（マニー・）パッキャオの良いときに似て見える」と元世界６階級制覇王者のフィリピンの英雄を引き合いに出し、最大限の警戒を示した。タパレスはパッキャオが設立したＭＰプロモーションズと契約しており、パッキャオからアドバイスを受けている。大橋会長は「パンチの回転の速さとか、カウンターのタイミングとかが怖い」とパッキャオと重なる部分を挙げた。\n\nまた、タパレス陣営からの試合に向けたリクエストは「ないですね。バンデージも自由に巻いてくれと」と、７月のスティーブン・フルトン（米国）戦の最終会見でフルトンのワヒード・ラヒーム・トレーナー（米国）が問題視した、日本式の拳に直接テーピングした後にバンデージを巻き、さらにその上にテーピングで固定する井上のハンドラッピングについても許可をもらっていると明かした。\n\n４団体統一戦の勝者へのＷＢＣの指名挑戦者、元世界２階級制覇王者でＷＢＣ世界同級１位のルイス・ネリ（２９）＝メキシコ＝が来日し、４団体統一戦を視察すると海外メディアが報じていることについては「全然知らない。まだそういう連絡はない。招待もしていない」と話した。井上がタパレスに勝てば、ネリとの防衛戦になるかは「（タパレス戦が）終わらないとわからない」と他団体の指名挑戦者との兼ね合いで未定だとした。試合はＮＴＴドコモの映像配信サービス「Ｌｅｍｉｎｏ（レミノ）」で午後４時から独占無料生配信される。プロ戦績は井上が２５戦２５勝（２２ＫＯ）、タパレスが４０戦３７勝（１９ＫＯ）３敗、ネリが３６戦３５勝（２７ＫＯ）１敗。,['https://newsatcl-pctr.c.yimg.jp/t/amd-img/20231215-00000181-sanspo-000-2-view.jpg?pri=l&w=640&h=388&exp=10800'],['https://news.yahoo.co.jp/articles/b581c189add9cf146b8607a862f457412c0982b2/images/000']
今年の漢字は「楽」　阪神・岡田彰布監督はやはり百戦錬磨でした（サンケイスポーツ）,https://news.yahoo.co.jp/articles/205d2c85adf2659d40d25331ea05aa192ab4c5e1,https://newsatcl-pctr.c.yimg.jp/t/amd-img/20231215-00000179-sanspo-000-1-view.jpg?exp=10800,2023-12-15T20:00:00+09:00,2023-12-15T20:00:00+09:00,サンケイスポーツ,sanspo,サンケイスポーツ,1084,\n「アレ（Ａ．Ｒ．Ｅ．）」で流行語大賞の年間大賞を受賞した阪神・岡田彰布監督\n【ベテラン記者コラム】\n\n「今年の漢字」は「楽」だそうだ。\n\n日本漢字能力検定協会が選び、京都の清水寺で揮毫（きごう）された「税」ではない。プロ野球・阪神の岡田彰布監督が選んだ一字である。\n【写真】３８年ぶりの日本一を決め、阪神ナインの手で胴上げされる岡田彰布監督\n理由もわかりやすい。\n\n「そりゃ一番長いこと野球したから、楽しいわな。楽じゃなかったけど、最後の最後まで注目浴びて野球できたからな」\n\n３月にワールド・ベースボール・クラシック（ＷＢＣ）もあった今年は野球のシーズンが長かった。その中でも阪神とオリックスは日本シリーズも１１月５日の最終第７戦まで戦い、笑って終えたのは阪神だった。セ・リーグ最下位の中日が８月３０日にはリーグ優勝の可能性が消滅していたことと比べると、大きな違い。勝者の特権である。\n\n岡田監督は２００８年限りで前回政権を退任すると、以降は野球解説者として球場の放送席で阪神の戦いぶりを見つめてきた。続く言葉も岡田監督らしい。\n\n１５年ぶりに縦じまのユニホームを着たことを「そりゃ楽しいよ」と振り返り、「自分のやりたいことできるやんか、ユニホーム着ると。それでうまいこといったら楽しいやん」と、グラウンドでの真剣勝負を楽しんだ百戦錬磨ぶりを独特の言葉で表した。選手の起用や試合での采配だけでなく、盗塁死をめぐる猛抗議で塁のブロッキングに関するルールを変更させるなど、その手腕はさすがだった。\n\n星野仙一監督のもと、阪神が１８年ぶりのセ・リーグ優勝を果たした２００３年は、「今年の漢字」にも「虎」が選ばれた。最下位が当たり前の暗黒時代を乗り越えての優勝だっただけに、虎党の歓喜が全国的に波及した形だ。\n\n次に優勝した２００５年は「愛」。再び１８年ぶりにリーグ優勝した今年は「税」という、なんとも気がめいる字が選ばれ、「虎」は４位の得票だった。同じ〝１８年ぶり〟でも、今回はその間の１７年で２位が８度、３位が４度と上位争いの常連だったため、暗黒時代とは様相が違う。虎党も２００３年ほどは浮かれる必要はなかったということか。\n\nとはいえ、岡田監督が優勝のことを言い換えた「アレ」は新語・流行語大賞で年間大賞を受賞した。阪神は幸いにも（？）メジャーリーグに行く選手はおらず、主力も若いのでＦＡ移籍もなく、日本一メンバーが不変のまま来季へ向かう。２０２４年も「アレ」の文字が関西のスポーツ新聞に躍る日が多いかもしれない。（牧慈）,['https://newsatcl-pctr.c.yimg.jp/t/amd-img/20231215-00000179-sanspo-000-1-view.jpg?pri=l&w=640&h=426&exp=10800'],"['https://news.yahoo.co.jp/articles/205d2c85adf2659d40d25331ea05aa192ab4c5e1/images/000', 'https://www.iza.ne.jp/article/20231215-GCWHUE7PQFPKFPSSR3TKPMIMLM/photo/BSNWFPMVJRNCRBUKBFBOKJJXJY/?utm_source=yahoo%20news%20feed&utm_medium=referral&utm_campaign=related_link']"
ロイヤルアングラー賞に宮沢和史　「ひたすら魚信を待つ時間は最高に幸せなひととき」（サンケイスポーツ）,https://news.yahoo.co.jp/articles/cae7ed8f8e0af39ad0571b6f78d4da0d81d85501,https://newsatcl-pctr.c.yimg.jp/t/amd-img/20231215-00000177-sanspo-000-1-view.jpg?exp=10800,2023-12-15T19:47:58+09:00,2023-12-15T19:47:58+09:00,サンケイスポーツ,sanspo,サンケイスポーツ,455,\n宮沢和史\n元ＴＨＥ ＢＯＯＭのボーカルでミュージシャン、宮沢和史（５７）が「ロイヤルアングラー賞２０２４」に選出された。釣りに対して造詣が深い著名人や釣り文化の発展に寄与している人物を表彰する賞で、日本釣用品工業会が２００８年から毎年選出。前回はバイオリニストの葉加瀬太郎（５５）が表彰されている。\n\n宮沢は山梨県甲府市出身で、小学生のころから釣りを始め、淡水をメインに釣りを楽しみ、最近はフライフィッシングに没頭。釣りの魅力について、「社会活動から完全に切り離され、大自然と一体となったような気分を味わえる点だと思います。全てを忘れ、自然と向き合い、ひたすら魚信を待つ時間は、最高に幸せなひとときです」とコメント。また「『宝石のように美しい魚たち』の姿を見たときの心の昂ぶりは、何度経験しても冷めることはなく、また会いに行きたいと思ってしまいますね」と明かしている。\n\n授賞式は来年１月１９日から３日間、パシフィコ横浜で開催される「釣りフェスティバル２０２４」の初日にメインステージで行われる。,['https://newsatcl-pctr.c.yimg.jp/t/amd-img/20231215-00000177-sanspo-000-1-view.jpg?pri=l&w=420&h=640&exp=10800'],['https://news.yahoo.co.jp/articles/cae7ed8f8e0af39ad0571b6f78d4da0d81d85501/images/000']
芦田愛菜が「第５回野間出版文化賞」を受賞　「本は私の世界を広げてくれる存在」（サンケイスポーツ）,https://news.yahoo.co.jp/articles/0d0cb0100a6429f7f5c7a3dbd624461f13eaf890,https://newsatcl-pctr.c.yimg.jp/t/amd-img/20231215-00000174-sanspo-000-1-view.jpg?exp=10800,2023-12-15T19:29:58+09:00,2023-12-15T19:29:58+09:00,サンケイスポーツ,sanspo,サンケイスポーツ,802,\n「第５回野間出版文化賞」を受賞した（右から）芦田愛菜、藤井聡太八冠、黒柳徹子、同特別賞の福澤克雄氏\n女優、芦田愛菜（１９）が出版にまつわる優れた表現活動を表彰する「第５回野間出版文化賞」を受賞し、１５日、東京・帝国劇場で行われた授賞式に出席した。\n\n芦田は愛読書だった子供向け図鑑シリーズのイメージキャラクターを務め、自身の読書遍歴を記した書籍「まなの本棚」が子を持つ親や読書好きな子供たちに大きな影響を与えたことなどが評価された。\n\nあいさつに立った芦田は本について「物心ついたころからいつも隣にあって、私の世界を広げてくれる存在です。本を開けば、自分とは違う人生だったり、世界だったりが広がって、それを感じられるのがすごく楽しくて、時間を忘れて読みふけってしまっています」と紹介。\n\n役者としても「自分が大好きな物語の世界を自分の体で体験して、その言葉を誰かに伝えることができるのは本当に幸せなことだと思っています」と読書がいい影響を与えていると告白した。\n\n続けて「登場人物のさまざまな経験は、まるで自分の経験のように自分の中に積み重なって私の土台となって、私自身を深めてくれる」と力説し、「これからもたくさん本を読んで感性を磨き、お芝居の中で話す言葉の中にも深みを与えられる人でいられるように努めてまいります」と力を込めた。\n\nタレント、黒柳徹子（９０）は自伝的小説「窓ぎわのトットちゃん」が戦後最大のベストセラーとなり、今年続編を発売するなどしたことが評価され同賞を受賞。同じく将棋を通して出版文化に貢献し、同賞を受賞した藤井聡太八冠（２１）と対面したことに感動し、「藤井さんってすごいと思ってさきほど会ったら、すごく普通の方だった」と笑わせ、会場をを沸かせた。\n\n同特別賞にはＴＢＳ系ドラマ「ＶＩＶＡＮＴ」の原作と演出を務めた同局の福澤克雄氏（５９）が受賞した。,['https://newsatcl-pctr.c.yimg.jp/t/amd-img/20231215-00000174-sanspo-000-1-view.jpg?pri=l&w=640&h=404&exp=10800'],['https://news.yahoo.co.jp/articles/0d0cb0100a6429f7f5c7a3dbd624461f13eaf890/images/000']
前澤友作氏、洗濯していない訓練（時）のフライトスーツ着用で登壇「皆さん、あんまり近寄らない方がいい」 映画「僕が宇宙に行った理由」完成披露上映会（サンケイスポーツ）,https://news.yahoo.co.jp/articles/0a1172f576fcce4843cfcc5b865bfdf90dc9912f,https://newsatcl-pctr.c.yimg.jp/t/amd-img/20231215-00000176-sanspo-000-1-view.jpg?exp=10800,2023-12-15T19:47:16+09:00,2023-12-15T19:47:16+09:00,サンケイスポーツ,sanspo,サンケイスポーツ,451,\nドキュメンタリー映画「僕が宇宙に行った理由」完成披露上映会に登壇した前澤勇作氏\n２０２１年に日本の民間人として初めて宇宙旅行を成し遂げた実業家の前澤友作氏（４８）が１５日、大阪市中央区のＴＯＨＯシネマズなんばで行われたドキュメンタリー映画「僕が宇宙に行った理由」（平野陽三監督、２９日公開）完成披露上映会に出席した。\n\nロシアでの訓練期間中に着用していた青いフライトスーツ姿で登壇し「（当時は）だいぶ汗もかいたけど、洗うのがもったいなくて、まだ一度も洗ってません。だから、皆さん、あんまり近寄らない方がいいと思います」と笑わせた。\n\n「訓練は想像以上に大変だった。三半規管を鍛えなさいと、グルグルグルグルいろんな方向に回されて、とにかく酔う。船酔いとか乗り物酔いとは違う独特な酔い方でした」\n\n完成した作品はすでに何回か鑑賞しており「最初は恥ずかしかったけど、徐々に感情移入できるようになった。ロケットの中に乗っていたので、外からのシーンは見れてなかったから、感慨深いです」と話した。,['https://newsatcl-pctr.c.yimg.jp/t/amd-img/20231215-00000176-sanspo-000-1-view.jpg?pri=l&w=530&h=640&exp=10800'],['https://news.yahoo.co.jp/articles/0a1172f576fcce4843cfcc5b865bfdf90dc9912f/images/000']
【タンザナイトＳ】状態は良好！カルネアサーダが芝で反撃（サンケイスポーツ）,https://news.yahoo.co.jp/articles/891f4c1519fd182a34894c7e674171673a439d64,https://newsatcl-pctr.c.yimg.jp/t/amd-img/20231215-00000170-sanspo-000-1-view.jpg?exp=10800,2023-12-15T19:17:00+09:00,2023-12-15T19:17:00+09:00,サンケイスポーツ,sanspo,サンケイスポーツ,231,\nタンザナイトＳに出走予定のカルネアサーダ\nカルネアサーダは前走で５走ぶりのダートに挑んだが、「トモを滑らせたので参考外。まったく流れに乗れなかった」と加用調教師。その１１着を受けてすぐに芝に戻してきた。\n\n「攻め馬ではいい動きをしているし、状態は良好。芝、ダートは問わないタイプで、スムーズな競馬さえできれば巻き返せると思っている」。芝６ハロンは４走前の青函Ｓ、２走前のＵＨＢ賞でともにＯＰ２着と、当時の勢いを発揮できれば上位争いは可能だ。（夕刊フジ）,['https://newsatcl-pctr.c.yimg.jp/t/amd-img/20231215-00000170-sanspo-000-1-view.jpg?pri=l&w=640&h=426&exp=10800'],['https://news.yahoo.co.jp/articles/891f4c1519fd182a34894c7e674171673a439d64/images/000']
日本ハム・伊藤大海が一般女性と結婚　「これまで以上に、野球と向き合っていきます」（サンケイスポーツ）,https://news.yahoo.co.jp/articles/c0c8e3ee98c4f6615e8156075a657965a81703a1,https://newsatcl-pctr.c.yimg.jp/t/amd-img/20231215-00000167-sanspo-000-1-view.jpg?exp=10800,2023-12-15T19:00:28+09:00,2023-12-15T19:00:28+09:00,サンケイスポーツ,sanspo,サンケイスポーツ,235,\n日本ハム・伊藤大海\n日本ハムが１５日、伊藤大海投手（２６）が一般女性と結婚したことを発表した。\n\n伊藤は「これまで以上に自覚と責任を持ち、野球と向き合っていきます。支えてくれる家族とともに、これからもファンの皆さんとチームのために１試合でも１球でも多く投げ続けます」とコメントを寄せた。\n\n今季が３年目だった伊藤はＷＢＣで世界一に輝き、シーズンでは２４試合で７勝１０敗、防御率３・４６。新庄剛志監督（５１）は伊藤が来季の開幕投手を務めることを明言している。,['https://newsatcl-pctr.c.yimg.jp/t/amd-img/20231215-00000167-sanspo-000-1-view.jpg?pri=l&w=560&h=640&exp=10800'],['https://news.yahoo.co.jp/articles/c0c8e3ee98c4f6615e8156075a657965a81703a1/images/000']
駒大・鈴木芽吹、史上初の２年連続３冠へ自信「４年間で一番いい練習ができている」／箱根駅伝（サンケイスポーツ）,https://news.yahoo.co.jp/articles/4f7ca3e6166e01cd12ea6117c7edd16a20f6559b,https://newsatcl-pctr.c.yimg.jp/t/amd-img/20231215-00000157-sanspo-000-1-view.jpg?exp=10800,2023-12-15T18:11:17+09:00,2023-12-15T18:11:17+09:00,サンケイスポーツ,sanspo,サンケイスポーツ,459,\n鈴木芽吹\n来年１月２、３日に行われる「第１００回東京箱根間往復大学駅伝競走（往路１０７・５キロ、復路１０９・６キロ）」に向けて、史上初の２年連続大学駅伝３冠を目指す駒大が１５日、オンラインで取材に応じた。主将の鈴木芽吹（４年）は「優勝を目指すからには勝ちにこだわったレースをする。プレッシャーもあるが、あこがれの舞台を楽しんでしっかり走りたい」と意気込んだ。\n\n希望区間はエース区間の２区と前回走った４区（結果は区間３位）。２区の場合は前回の田沢廉（現トヨタ自動車）がマークした１時間６分３４秒を目標に、４区の場合は自身の前回のタイム（１時間１分０秒）を上回る走りを想定しているという。\n\nルーキー時代から注目されたが昨年度までは、けがに苦しみ、大学２年時の箱根８区ではレース中に疲労骨折のアクシデントもあった。それでも今季は走りでチームを引っ張るために練習量をコントロール。ここまで「４年間で一番いい練習ができている」と自信を見せる。喜びも苦しみも味わってきた箱根路。最後は「最高の走り」で締めくくる。,['https://newsatcl-pctr.c.yimg.jp/t/amd-img/20231215-00000157-sanspo-000-1-view.jpg?pri=l&w=640&h=480&exp=10800'],['https://news.yahoo.co.jp/articles/4f7ca3e6166e01cd12ea6117c7edd16a20f6559b/images/000']
小林幸子がこども食堂へお米１５０キロを寄付　おにぎり作りに「おなかいっぱい食べてほしい」（サンケイスポーツ）,https://news.yahoo.co.jp/articles/bb540d1111437c548128351aa6f9871210ef3fd7,https://newsatcl-pctr.c.yimg.jp/t/amd-img/20231215-00000158-sanspo-000-3-view.jpg?exp=10800,2023-12-15T18:29:01+09:00,2023-12-15T18:46:11+09:00,サンケイスポーツ,sanspo,サンケイスポーツ,509,\n子供たちとおにぎりを作った小林幸子（中央左）と南谷さん（中央右）\n歌手、小林幸子（７０）が１５日、東京都荒川区のこども食堂「サザンクロス」へ幸子米を寄付し、子供たちと一緒におにぎりを作った。\n\n小林は２００４年の新潟県中越地震で被災した長岡市山古志地域（旧・山古志村）にある「小林幸子田」で１５回以上、田植えを実施。この日、その小林幸子田で収穫された「幸子米」と山古志地域のお米１５０キロを、今春の田植えで縁ができた「サザンクロス」などへ寄付した。\n\n５年間子供たちのために「サザンクロス」を運営する南谷素子さんと対面した小林は、「国全体で取り組んでいるけど、民間のこういう形の支援が一番心が通じる」と活動に共感した。\n\n南谷さんから食材の調達や運営する人員の確保の難しさも聞いた。すると「私が歌い手としてやれることを考えていかなきゃいけない。食べられない子がいるって聞いただけで、涙が出てきちゃう。私たちは将来死んじゃうけど、子供たちはみんな生きていく」としみじみ。\n\n「子供は宝なの。どこの国も宝ですよ、子供は。おなかいっぱいになれない子たちにこのお米を食べてほしいなって思う」とほほ笑んだ。,['https://newsatcl-pctr.c.yimg.jp/t/amd-img/20231215-00000158-sanspo-000-3-view.jpg?pri=l&w=640&h=480&exp=10800'],['https://news.yahoo.co.jp/articles/bb540d1111437c548128351aa6f9871210ef3fd7/images/000']
【朝日杯ＦＳ】厩舎の話　ジャンタルマンタル・高野師「直線に坂のあるコースも問題ないと思います」（サンケイスポーツ）,https://news.yahoo.co.jp/articles/02210aac299bb069dc15c55ac6bbb97635a8e63f,https://newsatcl-pctr.c.yimg.jp/t/amd-img/20231215-00000153-sanspo-000-1-view.jpg?exp=10800,2023-12-15T18:06:00+09:00,2023-12-15T18:06:00+09:00,サンケイスポーツ,sanspo,サンケイスポーツ,799,\nサトミノキラリ\n◆アスクワンタイム・梅田師「距離の融通は利くと思います。状態は前走以上だと思う」\n\n◆エコロヴァルツ・牧浦師「まだ粗削りですが、ポテンシャルはあると思います。いい結果を残せれば」\n\n◆エンヤラヴフェイス・森田師「新潟２歳Ｓでは囲まれて走る気をなくしたみたい。スムーズに運べれば」\n\n◆オーサムストローク・坂井騎手「ポジションを楽に取れるし、どんな競馬場でも安定して走れると思う。理想は内枠」\n\n◆クリーンエア・上原博師「前走は内枠で馬場が悪く、リズムに乗れなかった。良馬場で巻き返したい」\n\n◆サトミノキラリ・鈴木伸師「強敵相手になるが、前走の内容から差はないはず。落ち着きがあり、輸送の不安はない」\n\n◆ジャンタルマンタル・高野師「センスがあって能力も高い。直線に坂のあるコースも問題ないと思います」\n\n◆シュトラウス・武井師「ホープフルＳも考えたが、現状はマイルのペースの方がこの馬にとって競馬がしやすい」\n\n◆ジューンテイク・吉田助手「キャリアを積んでいるのは強み。長く脚を使える馬です」\n\n◆セットアップ・鹿戸師「馬の後ろで我慢させる調教をした。以前より少し落ち着いて走れるようになってきた」\n\n◆タイキヴァンクール・中尾師「動ける態勢。だんだん良くなっていくタイプでしょうね」\n\n◆タガノエルピーダ・斉藤崇師「いいフットワークをしています。一生懸命走る馬なので、牡馬相手でも」\n\n◆タガノデュード・宮師「相手は強くなるが、どれくらいやれるか。１６００メートルは一番合う」\n\n◆ナムラフッカー・村山師「いい状態。マイルもいいと思う」\n\n◆バンドシェル・三藤助手「マイルをこなせれば守備範囲が広がる。リラックスして走れれば」\n\n◆ミルテンベルク・荻野助手「中間もいい雰囲気。折り合いがつけば、距離も大丈夫です」,['https://newsatcl-pctr.c.yimg.jp/t/amd-img/20231215-00000153-sanspo-000-1-view.jpg?pri=l&w=640&h=528&exp=10800'],['https://news.yahoo.co.jp/articles/02210aac299bb069dc15c55ac6bbb97635a8e63f/images/000']
テーオーロイヤルはカタール、サウジアラビアの海外２競走に登録（サンケイスポーツ）,https://news.yahoo.co.jp/articles/152c37aa5fd3baa159cfe4e2524ef20423500ff7,https://newsatcl-pctr.c.yimg.jp/t/amd-img/20231215-00000150-sanspo-000-2-view.jpg?exp=10800,2023-12-15T18:01:00+09:00,2023-12-15T19:08:35+09:00,サンケイスポーツ,sanspo,サンケイスポーツ,417,\nステイヤーズＳで２着に敗れたテーオーロイヤル（撮影・奈良武）\nステイヤーズＳ２着のテーオーロイヤル（栗・岡田、牡５）が、カタールＧⅠ・エミールズトロフィー（２月１７日、アルライヤン、芝２４００メートル）、レッドシーターフＨ（２月２４日、サウジアラビア・キングアブドゥルアジーズ、ＧⅢ、芝３０００メートル）に登録することが１５日、分かった。岡田調教師が明かした。「ひと息入れて阪神大賞典（３月１７日、阪神、ＧⅡ、芝３０００メートル）もあるけど、カタール、サウジアラビアに登録します。（出走は）招待次第です」と語った。同馬は右肩の筋肉痛のため、有馬記念（２４日、中山、ＧⅠ、芝２５００メートル）は回避している。\n\nまた、僚馬で３日のチャンピオンズＣ５着メイショウハリオ（牡６）は、フェブラリーＳ（２月１８日、東京、ＧⅠ、ダ１６００メートル）か、サウジＣ（２月２４日、キングアブドゥルアジーズ、ＧⅠ、ダ１８００メートル）を目指す。,['https://newsatcl-pctr.c.yimg.jp/t/amd-img/20231215-00000150-sanspo-000-2-view.jpg?pri=l&w=640&h=456&exp=10800'],['https://news.yahoo.co.jp/articles/152c37aa5fd3baa159cfe4e2524ef20423500ff7/images/000']
オセアグレイトが登録抹消　ヴェルサイユリゾートＦで種牡馬入り（サンケイスポーツ）,https://news.yahoo.co.jp/articles/0b64ac678503980fca8539f491097ed7b97d0e3c,https://newsatcl-pctr.c.yimg.jp/t/amd-img/20231215-00000152-sanspo-000-1-view.jpg?exp=10800,2023-12-15T18:05:12+09:00,2023-12-15T18:05:12+09:00,サンケイスポーツ,sanspo,サンケイスポーツ,169,\n２０２０年のステイヤーズＳを制したオセアグレイト\n２０２０年ＧⅡステイヤーズＳを制したオセアグレイト（美・菊川、牡７、父オルフェーヴル、母ブルーダヌーブ）が１５日付で競走馬登録を抹消した。通算２０戦５勝（うち重賞１勝）で、獲得賞金は１億３１０９万９０００円。今後は北海道沙流郡日高町のヴェルサイユリゾートファームで種牡馬となる予定。,['https://newsatcl-pctr.c.yimg.jp/t/amd-img/20231215-00000152-sanspo-000-1-view.jpg?pri=l&w=640&h=405&exp=10800'],['https://news.yahoo.co.jp/articles/0b64ac678503980fca8539f491097ed7b97d0e3c/images/000']
井上尚弥がタパレスとの４団体統一戦に向けて練習を公開　大谷翔平にも「良い刺激は受けている」（サンケイスポーツ）,https://news.yahoo.co.jp/articles/f8f8ad286d87b762bb58d49319e4100cd1a4f3f2,https://newsatcl-pctr.c.yimg.jp/t/amd-img/20231215-00000147-sanspo-000-1-view.jpg?exp=10800,2023-12-15T17:50:20+09:00,2023-12-15T17:50:20+09:00,サンケイスポーツ,sanspo,サンケイスポーツ,1467,\n練習を公開する井上尚弥＝横浜市（撮影・中井誠）\nプロボクシングのＷＢＣ、ＷＢＯ世界スーパーバンタム級王者の井上尚弥（３０）＝大橋＝が１５日、横浜市の大橋ジムで公開練習を行った。ＷＢＡ、ＩＢＦ統一王者のマーロン・タパレス（３１）＝フィリピン＝との４団体王座統一戦（２６日、東京・有明アリーナ）に向けて約１２分間練習を公開。「ＫＯに関しては流れの中で見極めて進めていきたい。しっかりと勝つことをイメージしながらやりたい」と必勝を宣言した。\n\n井上は約５０人の報道陣が見守る中、シャドーボクシングを２ラウンドと軽めのサンドバッグ打ちを１ラウンド披露した。シャドーは基本に忠実に高い集中力で行い、サンドバッグ打ちは軽めだったが、時折鋭い左フックを繰り出した。\n\n「すさまじいぐらいのモチベーションがある。（前戦のスティーブン・）フルトン戦よりは少しよく仕上がっている。調整の段階で動けている量と質が前回よりも高い」\n\n１４日に試合前最後のスパーリングを〝仮想タパレス〟のフェザー級選手、クリスチャン・クルス（２６）＝メキシコ＝と４ラウンド実施。計４人のメキシコ選手を招へいし、１０月下旬に開始したスパーリングは過去最多の計１１６ラウンドを消化した。所属ジムの大橋秀行会長（５８）は「練習量が増えている。今までで一番ハードなスパーリングだった」と仕上がりの良さを強調した。\n\n日本時間の同日に米カリフォルニア州ロサンゼルスで米大リーグ・ドジャースへの入団会見を行った大谷翔平投手（２９）と並んで世界で称賛される日本を代表するアスリートとなった。井上は大谷について「ジャンルが違うし、僕はボクシングで頂点を極めていきたい。ただ、良い刺激は受けている」と同じ前人未到の活躍をする〝怪物〟からもモチベーションを高めてもらっている。\n\n「フルトン戦の１ラウンドよりもピリつく１ラウンドになると思う。タパレスをより警戒している」。前評判では圧倒的に有利だが、過去最多のスパーリングをこなした理由を「周り（世間）の楽勝ムードを吹き飛ばすため」と説明。油断はまったく感じられない。\n\n７月のフルトン（米国）戦直前の公開練習は、先に練習を公開したフルトンが約２分４５秒で練習を切り上げたため、井上は縄跳びと３０秒間のシャドーボクシングの合計約３分半で大橋会長の判断により練習を非公開にした。今回は井上が先に公開練習を行い、「いつも通り」（大橋会長）の公開練習だった。\n\n昨年１２月１３日にバンタム級で世界主要４団体王座を統一。７月２５日に有明アリーナでＷＢＣ、ＷＢＯ世界スーパーバンタム級王者だったフルトンに８回ＴＫＯ勝ちし、世界４階級制覇を達成した。今回、同級でも４団体統一を達成すれば、７月２９日（日本時間３０日）に４団体世界ウエルター級王座統一戦を制し、史上初の２階級での４団体統一王者となったテレンス・クロフォード（３６）＝米国＝に続く、史上２人目の快挙となる。\n\nＷＢＣの２週間前計量でリミットまで２・６キロの５７・９キロと減量も順調。「自分を信じて闘いたい。今回もジャブがキーポイントになる。基本的には打たせずに打つボクシングを、どの距離でもやっていきたい」。まったく隙のない〝モンスター〟が、ボクシング史にさらなる栄光の記録を刻む。\n\n試合はＮＴＴドコモの映像配信サービス「Ｌｅｍｉｎｏ（レミノ）」で独占無料生配信される。プロ戦績は井上が２５戦２５勝（２２ＫＯ）、タパレスが４０戦３７勝（１９ＫＯ）３敗。,['https://newsatcl-pctr.c.yimg.jp/t/amd-img/20231215-00000147-sanspo-000-1-view.jpg?pri=l&w=640&h=448&exp=10800'],['https://news.yahoo.co.jp/articles/f8f8ad286d87b762bb58d49319e4100cd1a4f3f2/images/000']
広島・森下暢仁「大谷選手より多くいただきました」笑い誘って２０００万円増の１億３０００万円更改（サンケイスポーツ）,https://news.yahoo.co.jp/articles/fde4ff3bdab91e4f2153580854419ddbf87a2c67,https://newsatcl-pctr.c.yimg.jp/t/amd-img/20231215-00000143-sanspo-000-1-view.jpg?exp=10800,2023-12-15T17:30:02+09:00,2023-12-15T17:30:02+09:00,サンケイスポーツ,sanspo,サンケイスポーツ,348,\n風神雷神をイメージしたボードの横で、ほほ笑む広島・森下\n広島・森下暢仁投手（２６）が１５日、広島市の球団事務所で契約更改交渉に臨み、２０００万円増の年俸１億３０００万円（金額は推定）でサインした。年俸について問われると、午前中の大谷翔平のドジャース入団会見を念頭に「大谷選手より多くいただきました。１０１６億です。しっかり話をしました」とユーモラスな快投ならぬ回答で笑いを誘った。昨秋に右肘の手術を受けて臨んだ今季は５月に１軍初先発し２０試合で９勝６敗、防御率３・０１。来年１月は元広島の前田健太（タイガース）の自主トレに３年ぶりに参加する。将来的なメジャー挑戦については「そういう話は前々から伝えている」と球団に意思を伝えていることを明かし、来季は開幕投手とタイトル獲得でエースをねらう。,['https://newsatcl-pctr.c.yimg.jp/t/amd-img/20231215-00000143-sanspo-000-1-view.jpg?pri=l&w=640&h=520&exp=10800'],['https://news.yahoo.co.jp/articles/fde4ff3bdab91e4f2153580854419ddbf87a2c67/images/000']
ＪＲＡ競馬学校騎手課程４０期生の模擬レース第７戦　鮫島克駿騎手が生徒を抑えてＶ（サンケイスポーツ）,https://news.yahoo.co.jp/articles/656acdf63e7252a01657780b7c66f9c2df1edfc3,https://newsatcl-pctr.c.yimg.jp/t/amd-img/20231215-00000142-sanspo-000-2-view.jpg?exp=10800,2023-12-15T17:27:02+09:00,2023-12-15T19:07:31+09:00,サンケイスポーツ,sanspo,サンケイスポーツ,1466,\n第６回模擬レースを勝った鮫島駿騎手。プロの厳しさを生徒たちに見せつけた１戦となった\nＪＲＡ競馬学校騎手課程４０期生（７人）の第６回模擬レース（７戦目、１０頭立て）が１５日、中山競馬場の芝１２００メートルで鮫島克駿騎手、野中悠太郎騎手、小林淳一教官を加えて行われた。レースは中団を進んだ鮫島駿騎乗のアサケエースが、直線坂下から猛然と末脚を伸ばし、内で粘る高杉吏麒（りき）君騎乗のシュテルンリッターにクビ差でＶ。現役ジョッキーの勝負に対する厳しさを見せつける結果となった。\n\n鮫島駿騎手は「（生徒は）残り３カ月弱なので、現役ジョッキーとして道中の立ち回り方なども含めて勝ちにいく競馬をしました。模擬レースを重ねてきたので、レース後は１人ずつに細かくアドバイスをさせてもらいました。模擬レースはあと２回あるので改善していける余地はあると思います。しっかりと励んでもらいたいと思っています」と後輩にエールを送った。\n\n競馬場での模擬レースは今回で終了し、残り２戦は競馬学校で行われる。晴れて卒業試験に合格すれば、３月からプロのジョッキーとしてデビューすることになる。\n\n★レース後の談話★\n\n◆高杉吏麒君（シュテルンリッター２着）＝栗東・藤岡健一厩舎＝「自分が思っている以上にコーナーリングが難しいので意識して乗りました。直線に向いて『勝てる』と思いましたが、追い出すと自分の動きと馬のリズムが合わなくなってしまいました。残り２戦でしっかりと修正したいです」\n\n◆長濱鴻緒君（カフジバンガード３着）＝美浦・根本康広厩舎＝「コーナーで内の馬を邪魔しないように気をつけましたが、実際は自分が思っていた以上に間隔があいていてタイトに乗れなかったです。全体をみる視野の広さと他馬との距離感をしっかりとつかみたいです」\n\n◆石神深道君（サウンドバレット５着）＝美浦・和田正一郎厩舎＝「スタートして前の位置を取りたかったのですが、二の脚が遅くて控えました。直線で内にモタれたときは、ムチを持ち換えて修正できたのはよかったと思います。模擬レースはあと２戦ですが、できれば２つとも勝ちたいです」\n\n◆橋木太希君（ハラハラドキドキ７着）＝栗東・西園正都厩舎＝「後ろからリズムよく走らせることができましたが、３、４コーナーで外へ出したのが失敗でした。もう少し我慢しておけばロスなく回ってこられたと思います。次の課題はロスなくタイトに回ってくることです」\n\n◆大江原比呂さん（ルージュサクシード８着）＝美浦・武市康男厩舎＝「スタートが速い馬ではないので、ロスをしないように心掛けて乗りました。前半からもう少しポジションを取れればよかったのですが、課題としていた馬とのコンタクトは取れたと思います」\n\n◆柴田裕一郎君（マルトロワ９着）＝栗東・中竹和也厩舎＝「ロスなく回ってくることを課題にしていましたが、積極性が足りなかったと思います。道中の判断が遅れたことも一緒に乗っていた小林教官から指摘を受けました。今回の反省点だと思います。模擬レースで勝ちたいです」\n\n◆吉村誠之助君（ディーイストワール１０着）＝栗東・清水久詞厩舎＝「出していったときに道中のペースが落ち着いて、控えざるを得なくなるなど、全体的に雑な競馬になってしまいました。清水久先生からも『ひどかった』といわれました。きょうの競馬内容をしっかりと反省して、次のレースに生かしたいです」\n\n＊小林教官（メイオーシャン）３着、野中騎手（アランフェス６着）,['https://newsatcl-pctr.c.yimg.jp/t/amd-img/20231215-00000142-sanspo-000-2-view.jpg?pri=l&w=362&h=640&exp=10800'],['https://news.yahoo.co.jp/articles/656acdf63e7252a01657780b7c66f9c2df1edfc3/images/000']
道営記念で落馬負傷の吉原寛人騎手が１８日金沢で復帰（サンケイスポーツ）,https://news.yahoo.co.jp/articles/6efd1fa2f1f5e237a1ee07982d7614b753a8c36b,https://newsatcl-pctr.c.yimg.jp/t/amd-img/20231215-00000117-sanspo-000-1-view.jpg?exp=10800,2023-12-15T16:42:41+09:00,2023-12-15T16:42:41+09:00,サンケイスポーツ,sanspo,サンケイスポーツ,113,\n吉原寛人騎手\n１１月９日の道営記念で起きた多重落馬事故によって負傷し、戦線を離脱していた吉原寛人騎手（４０）＝金沢・加藤和義厩舎所属＝が１８日の金沢競馬から復帰することが１５日、分かった。２、７、１１Ｒの３鞍に騎乗する。,['https://newsatcl-pctr.c.yimg.jp/t/amd-img/20231215-00000117-sanspo-000-1-view.jpg?pri=l&w=427&h=640&exp=10800'],['https://news.yahoo.co.jp/articles/6efd1fa2f1f5e237a1ee07982d7614b753a8c36b/images/000']
山下美夢有がメジャーＶ宣言「来年は全部出て、勝ちたい」　勝つための練習場も造る！／国内女子ゴルフ（サンケイスポーツ）,https://news.yahoo.co.jp/articles/1c80f671b4e7eef662109db4a44ac73b550c2b3e,https://newsatcl-pctr.c.yimg.jp/t/amd-img/20231215-00000120-sanspo-000-3-view.jpg?exp=10800,2023-12-15T16:55:17+09:00,2023-12-15T17:55:45+09:00,サンケイスポーツ,sanspo,サンケイスポーツ,623,\n山下美夢有（中央左）は兵庫県内で開催された「ゼクシオドリームカップ プロアマ」に参加した\n女子ゴルフの山下美夢有（２２）＝加賀電子＝が１５日、来季の目標に海外メジャー優勝を掲げ、４月の「シェブロン選手権」から８月の「ＡＩＧ全英女子オープン」までのメジャー５試合すべてに出場することを明らかにした。\n【写真】母・有貴さんと父・勝臣さん。一家総出で女子ゴルフ界の頂点までたどり着いた山下美夢有\n今季の国内ツアーで２年連続の年間女王に輝いた山下はこの日、用具契約を結ぶ住友ゴム工業のグループ会社（ダンロップスポーツマーケティング）が主催し、兵庫・小野東洋ＧＣで開催された「ゼクシオドリームカップ プロアマ」に参加。ホールアウト後に取材に応じ、「来年の目標はメジャーで勝つこと。出られる試合は全部出るつもりです」と話した。\n\nさらに、アプローチ練習場を造る計画も披露。「環境に慣れることも大切なので、自宅に練習場を造ろうと考えています。今の技術では通用しないので、メジャーで勝つための環境を整えたい。海外の芝が育つのか、どのくらいのものができるかは分からないけど、父と相談しながらやっていきたい」とメジャー制覇に向けた本気度を示した。山下は２０２２年の「全英」でメジャー初出場。今季は２２年の日本ツアーの年間女王、世界ランキング上位の資格でメジャー全試合への出場資格を有し、「全米女子オープン」「全英」「エビアン選手権」の３試合に出場した。,['https://newsatcl-pctr.c.yimg.jp/t/amd-img/20231215-00000120-sanspo-000-3-view.jpg?pri=l&w=640&h=426&exp=10800'],"['https://news.yahoo.co.jp/articles/1c80f671b4e7eef662109db4a44ac73b550c2b3e/images/000', 'https://www.iza.ne.jp/article/20221114-LYKPBIYRKVJ47JZ4PMGNDEIHCM/photo/XR2ZL7H6PVPBRE4ENR44ZVXC4Q/?utm_source=yahoo%20news%20feed&utm_medium=referral&utm_campaign=related_link']"
駒大・佐藤圭汰が〝大逃げ宣言〟「１区で区間新を出したい」／箱根駅伝（サンケイスポーツ）,https://news.yahoo.co.jp/articles/a7b1758a6fc485ca0d4f0600bb2f34d31eed91f4,https://newsatcl-pctr.c.yimg.jp/t/amd-img/20231215-00000141-sanspo-000-3-view.jpg?exp=10800,2023-12-15T17:18:22+09:00,2023-12-15T19:22:22+09:00,サンケイスポーツ,sanspo,サンケイスポーツ,463,\n佐藤圭汰\n来年１月２、３日に行われる「第１００回東京箱根間往復大学駅伝競走（往路１０７・５キロ、復路１０９・６キロ）」に向けて、史上初の２年連続大学駅伝３冠を目指す駒大が１５日、オンラインで取材に応じた。１１月に１万メートルでＵ２０日本新記録（２７分２８秒５０）を樹立した佐藤圭汰（２年）は「１区で絶対に区間賞を取る。区間新を出したい。５キロを１４分００秒のペースで行きたい。それに少しでも近づける走りがしたい」と〝大逃げ宣言〟をした。\n\n箱根１区では２２年に中大の吉居大和が５キロ以降独走し、１時間０分４０秒の区間記録をマークした。駒大は前回の箱根４区以降、２１区間連続で中継所を首位で通過中。宣言通りの大逃げが実現すれば史上初の快挙へぐっと近づく。前回大会は直前に胃腸炎になって欠場し、ハーフマラソンの経験がないため距離不安を指摘する声もあるが、「１２月頭の選抜合宿でも距離走もかなり余裕を持ってできた。昨年よりもスタミナがついている自信がある」と佐藤。常に歴史を塗り替えてきた脅威の１９歳が、箱根でも爆走する。,['https://newsatcl-pctr.c.yimg.jp/t/amd-img/20231215-00000141-sanspo-000-3-view.jpg?pri=l&w=640&h=480&exp=10800'],['https://news.yahoo.co.jp/articles/a7b1758a6fc485ca0d4f0600bb2f34d31eed91f4/images/000']
【有馬記念】１週前追い　タスティエーラが３頭併せで最先着ラスト１１秒１　堀師「集中して走れていた」（サンケイスポーツ）,https://news.yahoo.co.jp/articles/d314c912cad625b317ce40b6f4288a68f93760e5,https://newsatcl-pctr.c.yimg.jp/t/amd-img/20231215-00000113-sanspo-000-1-view.jpg?exp=10800,2023-12-15T15:59:26+09:00,2023-12-15T15:59:26+09:00,サンケイスポーツ,sanspo,サンケイスポーツ,510,\n有馬記念の１週前追い切りを行ったタスティエーラ（撮影・塩浦孝明）\n《美浦》日本ダービー馬タスティエーラ（堀、牡３）は、Ｗコース３頭併せで６ハロン８０秒９―１１秒１の好時計をマークした。最内から力強い伸び脚を披露し、中ゴンバデカーブース（２歳ＯＰ）に１馬身、外サイルーン（２勝）に半馬身先着。ゴール前で追われて、しっかりと負荷をかけられた。「先週は抜け出して気を抜く面を見せていましたが、今週は集中して走れていました。息はできていますが、最後にモコモコした感じがあったので、そこが解消されればいいと思います」と堀調教師。\n\nジャパンＣ３着のスターズオンアース（高柳瑞、牝４）はＷコースで直線に向いて仕掛けられ、ラスト１ハロン１１秒４（６ハロン８２秒６）の鋭さ。中リュクススティール（１勝）、外テリオスサラ（２歳１勝）に全く抵抗させず、それぞれ２馬身置き去りにした。高柳瑞調教師は「短期放牧を挟んで先週金曜（８日）に帰厩。今の時点で疲れも感じないですね。１週前は（調教で）乗り慣れた杉原騎手に乗ってもらい、いろいろ確認。中３週なので大きく求めることはせず、予定通りの時計。右回りでモタれることもなかった」と話した。,['https://newsatcl-pctr.c.yimg.jp/t/amd-img/20231215-00000113-sanspo-000-1-view.jpg?pri=l&w=640&h=406&exp=10800'],['https://news.yahoo.co.jp/articles/d314c912cad625b317ce40b6f4288a68f93760e5/images/000']
ＦＡ宣言残留の西武・平井克典、１０００万円増の９０００万円で更改　２年契約に「また気持ちを新たに戦っていきたい」（サンケイスポーツ）,https://news.yahoo.co.jp/articles/ce87c7393f1e3dde711a513f21fad16a3ba81d45,https://newsatcl-pctr.c.yimg.jp/t/amd-img/20231215-00000112-sanspo-000-2-view.jpg?exp=10800,2023-12-15T15:55:40+09:00,2023-12-15T16:21:18+09:00,サンケイスポーツ,sanspo,サンケイスポーツ,358,\n契約更改交渉を終えた西武・平井\n国内フリーエージェント（ＦＡ）権を行使して残留を表明した西武・平井克典投手（３１）が１５日、埼玉・所沢市の球団事務所で契約更改交渉に臨み、１０００万円増の来季年俸９０００万円の２年契約で更改した。右腕は「改めて契約を結びましたので、また気持ち新たに戦っていきたい。家族が背中を押してくれたのでこの日を迎えられた」と語った。\n\n今回のＦＡ権行使について同僚の先輩である増田に相談していたことを明かした平井は「悩んでいたときに『おっさん２人でまだまだがんばろう』と、あの言葉が一番うれしかった。まずはホールドの数で増田さんを抜きたい」と意欲をのぞかせた。\n\n１１月９日にＦＡ権を行使した平井は残留を基本線として代理人を交え球団と話し合いを続けた。西武は宣言残留を認めていた。,['https://newsatcl-pctr.c.yimg.jp/t/amd-img/20231215-00000112-sanspo-000-2-view.jpg?pri=l&w=626&h=640&exp=10800'],['https://news.yahoo.co.jp/articles/ce87c7393f1e3dde711a513f21fad16a3ba81d45/images/000']
神戸・ＦＬサベア「厳しい戦いになる」静岡戦へ、ラーメンでエネルギー万全／リーグワン（サンケイスポーツ）,https://news.yahoo.co.jp/articles/ba54fddf852b01eb3b4e11a49a37c806aead04ac,https://newsatcl-pctr.c.yimg.jp/t/amd-img/20231215-00000111-sanspo-000-2-view.jpg?exp=10800,2023-12-15T15:53:02+09:00,2023-12-15T16:09:26+09:00,サンケイスポーツ,sanspo,サンケイスポーツ,780,\n開幕２戦目の静岡戦に向け、闘志を燃やす神戸ＦＬアーディ・サベア＝神戸市東灘区（撮影・月僧正弥）\nラグビーリーグワン１部の神戸は１５日、静岡戦（１７日、ヤマハスタジアム）に向け、神戸市内で約２時間、練習した。出場メンバーも発表し、今年の国際統括団体「ワールドラグビー」の年間最優秀選手にも選ばれたニュージーランド（ＮＺ）代表アーディ・サベア（３０）がＦＬで２戦連続の先発。「かなり厳しい戦いになる。しっかり自分の仕事を全うする」と必勝を誓った。\n【写真】巧みなゲームコントールと安定したキックで開幕２連勝を目指すチームけん引する神戸ＳＯブリン・ガットランド\n日本デビューとなった前節の三重戦（○８０－１５）ではフル出場して２トライといきなり世界最高のレベルの力を見せつけた。「すごく楽しめた。良い勝ち方で乗っていける」と振り返る。日本での２戦目に向けてはラーメンと焼き肉を食べて英気を養ってきた。「エネルギーはバッチリ」と好調をアピールする。ラーメンは以前、ＮＺ代表として来日した際に東京の店で覚え、すでに神戸でも行きつけの店ができるほどの好物という。「スープと麺のテイストがすばらしい」と目を細める。\n\n対戦相手の静岡は今秋のＷ杯フランス大会で優勝した南アフリカ代表ＦＬで、決勝でもしのぎを削ったクワッガ・スミス主将（３０）が先発する。「スミス選手だけでなく、ほかにもパワフルな選手がいる。なめてはいけない」と表情を引き締めた。\n\nまた同じく新戦力のＳＯブリン・ガットランド（２８）も２戦連続で先発する。開幕戦では巧みなゲームコントロールで猛攻を演出し、計８ゴールと安定したキックで大勝に貢献。ウェールズ代表ヘッドコーチの父ウォーレン氏（６０）からも試合後、「エキサイティングな試合ができていた。とても良いチームに入ったな」とほめられたいう。,['https://newsatcl-pctr.c.yimg.jp/t/amd-img/20231215-00000111-sanspo-000-2-view.jpg?pri=l&w=432&h=640&exp=10800'],"['https://news.yahoo.co.jp/articles/ba54fddf852b01eb3b4e11a49a37c806aead04ac/images/000', 'https://www.iza.ne.jp/article/20231215-CONGPXBBUBJSDMSV5XT3BEQ3LA/photo/OQW5OWZMBVKCNJZBKAWXHPJMS4/?utm_source=yahoo%20news%20feed&utm_medium=referral&utm_campaign=related_link']"
西武、公式パフォーマンスチーム「ｂｌｕｅ　ｌｅｇｅｎｄｓ」に７人の新メンバーが加入　来季は１７人で活動（サンケイスポーツ）,https://news.yahoo.co.jp/articles/7d139641727687688330243a68b6e0dc760647d1,https://newsatcl-pctr.c.yimg.jp/t/amd-img/20231215-00000109-sanspo-000-1-view.jpg?exp=10800,2023-12-15T15:50:11+09:00,2023-12-15T15:50:11+09:00,サンケイスポーツ,sanspo,サンケイスポーツ,786,\n新たに加わった７人のメンバー（球団提供）\n西武は１５日、球団公式パフォーマンスチームｂｌｕｅ ｌｅｇｅｎｄｓの２０２４シーズンメンバーとして新たに７人が加わることになったと発表した。現役の１０人に加え、来季は１７人のメンバーでベルーナドームを盛り上げる。\n\n１０月から募集した来季メンバーのオーディションには約１７０人が応募。１次審査はダンス動画と書類、その後実技と面接の２次審査を行われた。\n\n来年２月３日には、所沢市にあるくすのきホールでｂｌｕｅ ｌｅｇｅｎｄｓ初となる単独公演を行うことが決定しており、新メンバー７人がお披露目される。当日はダンスパフォーマンスのほか、新メンバー紹介、球団公式マスコットのレオ・ライナのコーナーなどを企画されている。観覧チケットは１７日１０時から販売を開始される。\n\n１１年シーズンから活動を始めたｂｌｕｅ ｌｅｇｅｎｄｓは、ジャンルにこだわらない自由なダンスと、ライオンズの定番応援アイテムのフラッグを使ったパフォーマンスが特徴のチームで、球場でのパフォーマンスにとどまらず、子供向けのダンススクール「ライオンズダンスアカデミー」の講師を務めているほか、幼稚園などに訪問して体を動かす楽しさを伝える活動などを行っている。\n\n\n\n♦ｂｌｕｅ ｌｅｇｅｎｄｓ・Ｋａｎｎａコメント「念願の初開催となるパフォーマー単独公演！私たちメンバーもとても楽しみにしています。２月３日が２０２３シーズンのｂｌｕｅｌｅｇｅｎｄｓの最後のパフォーマンスになります。私は２０２３シーズンをもって卒業させていただきますが、卒業メンバーにとって最後のステージをファンの皆さまに見届けていただきたいです。５年間の感謝の気持ちを込めてパフォーマンスしますので、会場で一緒に盛り上がりましょう！皆さまとお会いできることを楽しみにしています」,['https://newsatcl-pctr.c.yimg.jp/t/amd-img/20231215-00000109-sanspo-000-1-view.jpg?pri=l&w=640&h=441&exp=10800'],['https://news.yahoo.co.jp/articles/7d139641727687688330243a68b6e0dc760647d1/images/000']
交流重賞３勝のリュウノユキナが登録抹消　船橋競馬へ移籍（サンケイスポーツ）,https://news.yahoo.co.jp/articles/e51af5d150e99b0670469dbe44491b5f5910551f,https://newsatcl-pctr.c.yimg.jp/t/amd-img/20231215-00000108-sanspo-000-2-view.jpg?exp=10800,2023-12-15T15:46:31+09:00,2023-12-15T15:57:34+09:00,サンケイスポーツ,sanspo,サンケイスポーツ,186,\nリュウノユキナ\n１０日のカペラＳで４着だったリュウノユキナ（美・岩戸、牡８）が１５日付で競走馬登録を抹消した。通算５３戦１０勝（うち地方１８戦５勝、海外１戦０勝）で、重賞は２０２１年ＪｐｎⅢ東京スプリント、ＪｐｎⅢクラスターＣ、２３年ＪｐｎⅢ東京スプリントの３勝。獲得賞金は３億７５７０万６９００円（うち地方１億９０９８万５９００円）。今後は船橋競馬に移籍する予定。,['https://newsatcl-pctr.c.yimg.jp/t/amd-img/20231215-00000108-sanspo-000-2-view.jpg?pri=l&w=640&h=391&exp=10800'],['https://news.yahoo.co.jp/articles/e51af5d150e99b0670469dbe44491b5f5910551f/images/000']
ニューヨーク嶋佐和也、オズワルド畠中と井上咲楽の交際報道を祝福「正直知っていました。素敵なカップル」（サンケイスポーツ）,https://news.yahoo.co.jp/articles/978678f03b0a40d06160f8073f1996cc464cc70b,https://newsatcl-pctr.c.yimg.jp/t/amd-img/20231215-00000107-sanspo-000-1-view.jpg?exp=10800,2023-12-15T15:41:08+09:00,2023-12-15T15:41:08+09:00,サンケイスポーツ,sanspo,サンケイスポーツ,515,\nニューヨークの嶋佐和也（左）と屋敷裕政\nお笑いコンビ、ニューヨークが１５日、東京都内で行われたＡｍａｚｏｎのオリジナルバラエティー「ＨＩＴＯＳＨＩ ＭＡＴＳＵＭＯＴＯ Ｐｒｅｓｅｎｔｓ ドキュメンタル シーズン１３ ＣＯＭＢＩＮＥＤ」（２２日配信スタート）のコンビ対決決起集会に登場した。\n\n１４日にお笑いコンビ、オズワルドの畠中悠（３６）とタレント、井上咲楽（２４）の真剣交際が報道されたことについて聞かれると、親交のあるニューヨークの嶋佐和也（３７）は、「正直知っていました」と告白。「畠中から事前に聞いていて。でも、井上咲楽ちゃんが俺の顔を生理的に無理で、顔見て泣き出したことある。なんやこいつって思ったけど…素敵なカップルだなって」とイジりつつも祝福。続けて「俺はマジで口固いんで俺じゃない」と情報漏洩を頑なに否定し笑いを誘った。\n\n同シリーズは、お笑いコンビ、ダウンタウンの松本人志（６０）が企画・プロデュースする筋書きなしの笑わせ合いバトル。今回は芸人オンリーの原点回帰にして、前代未聞となる初のコンビ対抗戦が開幕し、フットボールアワー、ウエストランド、ランジャタイ、ニューヨーク、ＥＸＩＴらが参戦する。,['https://newsatcl-pctr.c.yimg.jp/t/amd-img/20231215-00000107-sanspo-000-1-view.jpg?pri=l&w=480&h=640&exp=10800'],['https://news.yahoo.co.jp/articles/978678f03b0a40d06160f8073f1996cc464cc70b/images/000']
相川七瀬が国学院大にエール「てっぺんを一緒に目指しましょう」オリジナル曲熱唱／箱根駅伝（サンケイスポーツ）,https://news.yahoo.co.jp/articles/4992ce2c7778dfd4abb2b3c47b0892c56ee99d7f,https://newsatcl-pctr.c.yimg.jp/t/amd-img/20231215-00000103-sanspo-000-1-view.jpg?exp=10800,2023-12-15T15:21:57+09:00,2023-12-15T15:21:57+09:00,サンケイスポーツ,sanspo,サンケイスポーツ,296,\n箱根駅伝に向けて壮行会を行った国学院大。応援に駆け付けた歌手の相川七瀬（撮影・川並温美）\n来年１月２、３日に行われる「第１００回東京箱根間往復大学駅伝競走（往路１０７・５キロ、復路１０９・６キロ）」に向けて、前回総合４位の国学院大が１５日、渋谷キャンパスで壮行会を開いた。国学院大の現役学生でもある歌手、相川七瀬（４８）が出席し、箱根に挑むチームに向けて「これまでの一年間の積み重ねが箱根で発揮できることを心から祈っています。てっぺんを一緒に目指しましょう」とエールを送った。そして箱根駅伝をテーマにした書き下ろし曲「襷をつなげ」（たすきをつなげ）を熱唱し、大舞台に向けて士気を高めた。,['https://newsatcl-pctr.c.yimg.jp/t/amd-img/20231215-00000103-sanspo-000-1-view.jpg?pri=l&w=640&h=420&exp=10800'],['https://news.yahoo.co.jp/articles/4992ce2c7778dfd4abb2b3c47b0892c56ee99d7f/images/000']
【有馬記念】１週前追い　ディープボンドは一杯に追われてラスト１１秒６　荻野琢真騎手「安定感がある」（サンケイスポーツ）,https://news.yahoo.co.jp/articles/ee88cded2e1a95380589864fac15594af48f8c8f,https://newsatcl-pctr.c.yimg.jp/t/amd-img/20231215-00000102-sanspo-000-1-view.jpg?exp=10800,2023-12-15T15:16:19+09:00,2023-12-15T15:16:19+09:00,サンケイスポーツ,sanspo,サンケイスポーツ,427,\n有馬記念の１週前追い切りを行ったディープボンド（奥）＝栗東トレセン（撮影・岩川晋也）\n《栗東》ジャパンＣ１０着ディープボンド（大久保、牡６）は、荻野琢騎手（レースはマーカンド騎手）を背にＣＷコースで併せ馬。一杯に追われてラスト１ハロン１１秒６（６ハロン８５秒０）と力強く伸びて、アウトレンジ（３勝）と併入した。鞍上は「１週前なので、ゴール板を過ぎてもしっかりやっておきました。ドシッとして安定感がありますし、やめるところもなかったです」と好感触を伝えた。\n\nアルゼンチン共和国杯３着ヒートオンビート（友道、牡６）は、新コンビを組む坂井騎手を背にＣＷコースで３頭併せ。一杯に追われて６ハロン８２秒３－１１秒５をマークし、中アムールリーベ（新馬）と併入、外アドマイヤテラ（２歳１勝）に１馬身半先着した。友道調教師は「調教で動くタイプではないけど、最後まで集中して走れていた。ジョッキーも『乗りやすくて反応も良かった』と言っていました」とうなずいた。,['https://newsatcl-pctr.c.yimg.jp/t/amd-img/20231215-00000102-sanspo-000-1-view.jpg?pri=l&w=640&h=466&exp=10800'],['https://news.yahoo.co.jp/articles/ee88cded2e1a95380589864fac15594af48f8c8f/images/000']
ヤクルト・内山壮真、１０００万円増の２６００万円で更改　色紙に「達成」としたため「打率３割と２桁本塁打。１００試合を目標に」（サンケイスポーツ）,https://news.yahoo.co.jp/articles/899df584a30927c94695ec0a6168d91c4a2f9cfe,https://newsatcl-pctr.c.yimg.jp/t/amd-img/20231215-00000099-sanspo-000-1-view.jpg?exp=10800,2023-12-15T15:03:24+09:00,2023-12-15T15:03:24+09:00,サンケイスポーツ,sanspo,サンケイスポーツ,483,\n契約更改後、撮影に応じるヤクルト・内山壮真（撮影・加藤圭祐）\nヤクルト・内山壮真捕手（２１）が１５日、東京・北青山の球団事務所で契約交渉に臨み、１０００万円増の２６００万円でサインした。来季に向けて、色紙には「達成」としたためた。\n\n「自分の個人の成績として今まで目標を達成できたことがなかったので、来年が一つ勝負の年になるかなと思っている。打つ方は打率３割と２桁本塁打。１００試合を目標に頑張りたい」\n\n３年目の今季は自己最多の９４試合に出場し、打率・２２９、６本塁打、２７打点。出場機会を増やすために捕手だけでなく外野手にも挑戦した一年に「外野と捕手の併用というところで、すごく新しい挑戦とかいろんな経験ができた。苦しいシーズンではありましたが、これからの野球人生にとって、いい一年になった」と振り返った。\n\n現役ドラフトでは巨人から星稜高の先輩である北村が入団する。内山は「中学の頃からお世話になっていて、中高と今も憧れの存在だった。人としても素晴らしい方。すごく嬉しいですし、同じチームでやれると思っていなかったので、頑張りたい」と喜んだ。,['https://newsatcl-pctr.c.yimg.jp/t/amd-img/20231215-00000099-sanspo-000-1-view.jpg?pri=l&w=556&h=640&exp=10800'],['https://news.yahoo.co.jp/articles/899df584a30927c94695ec0a6168d91c4a2f9cfe/images/000']
ＥＸＩＴりんたろー。「ドキュメンタル」での丸刈り姿を披露「気が付いたら毛がなくなってた」（サンケイスポーツ）,https://news.yahoo.co.jp/articles/d80f807ceca9de8533312dcb7edb5d728d6ceadc,https://newsatcl-pctr.c.yimg.jp/t/amd-img/20231215-00000100-sanspo-000-2-view.jpg?exp=10800,2023-12-15T15:09:17+09:00,2023-12-15T20:26:54+09:00,サンケイスポーツ,sanspo,サンケイスポーツ,651,\nイベントに出席した（前列左から）ウエストランド、フットボールアワー、ＥＸＩＴ、（後列左から）ランジャタイ、ニューヨーク\nお笑いコンビ、フットボールアワーやＥＸＩＴが１５日、東京都内で行われたＡｍａｚｏｎのオリジナルバラエティー「ＨＩＴＯＳＨＩ ＭＡＴＳＵＭＯＴＯ Ｐｒｅｓｅｎｔｓ ドキュメンタル シーズン１３ ＣＯＭＢＩＮＥＤ」（２２日配信スタート）のコンビ対決決起集会に登場した。\n\n同シリーズは、お笑いコンビ、ダウンタウンの松本人志（６０）が企画・プロデュースする筋書きなしの笑わせ合いバトル。今回は芸人オンリーの原点回帰にして、前代未聞となる初のコンビ対抗戦が開幕し、フットボールアワー、ウエストランド、ランジャタイ、ニューヨーク、ＥＸＩＴらが参戦する。\n\n４度目の出場となるフットボールアワーの後藤輝基（４９）以外は「ドキュメンタル」初出場。後藤は、「４度目ですが今回はコンビなので。岩尾さんは、１回招待状来て断っているんです。参加費の１００万円に引っ掛かっていた」と相方の裏側を暴露すると、岩尾望（４７）は「今回は参加費がかからないと聞いたので、まぁ喜んでという感じ」とおどけた。\n\nまた、ＥＸＩＴのりんたろー。（３７）は同作の中で丸刈りにしたと明かし、「したんだと思うけど、記憶がなくて。気が付いたら毛がなくなってた」とカツラを外し、短髪姿を披露。撮影から日にちがたち髪が伸びている姿に後藤は、「サプライズで出すにしては、ちょっとおしゃれにしてる」と鋭くツッコんでいた。,['https://newsatcl-pctr.c.yimg.jp/t/amd-img/20231215-00000100-sanspo-000-2-view.jpg?pri=l&w=640&h=480&exp=10800'],['https://news.yahoo.co.jp/articles/d80f807ceca9de8533312dcb7edb5d728d6ceadc/images/000']
マエケンは名誉のメジャー１０年へ「ひとつの目標にある」（サンケイスポーツ）,https://news.yahoo.co.jp/articles/310ceb2f70b917581671dbf9176aaa1492589ce9,https://newsatcl-pctr.c.yimg.jp/t/amd-img/20231215-00000097-sanspo-000-2-view.jpg?exp=10800,2023-12-15T15:00:00+09:00,2023-12-15T15:36:08+09:00,サンケイスポーツ,sanspo,サンケイスポーツ,830,\nメジャー在籍１０年を目指す前田健太\n【球界ここだけの話】\n\nメジャーリーガーとして、一つの名誉がみえてきた。ツインズからフリーエージェント（ＦＡ）になっていた前田健太投手（３５）がデトロイト・タイガースと２年２４００万ドル（約３５億円）で契約を結んだ。この２年契約を満了できれば、メジャー在籍が１０シーズンとなる。\n【写真】先発投手として高評価をくれたタイガースに即決した前田健太\n「今（メジャー移籍からドジャースと結んだ）８年契約が終わっているので、メジャーリーグで１０年プレーすることもひとつの目標にある」\n\nいわゆる「メジャー・サービスタイム」は実働期間を意味する。レギュラーシーズンでのメジャーでのベンチ入り枠２６人に入り、年間１８７日のうち「１７２日間」を過ごすことができれば、１年としてカウントされる。１０年を迎えた選手は、クラブハウス内で表彰されるなどお祝いするのが恒例だ。中にはメジャー１０年を達成し、涙ながらにスピーチする選手もいるほど。それほど、サービスタイムの１０年は重みがある。\n\n前田は故障からのリハビリ登板でマイナーでの出場はあるが、不調などでのマイナー降格はない。安定して先発ローテーションをまわってきた証拠だ。過去にはマイナー降格を覚悟するほど打ち込まれ、内容の悪い試合もあったという。\n\n「キャリアを続けてきてやるべきこと、自分のルーティンとかたくさんある。若い選手に伝えられるものもあると思うし、あとは逆に僕も若い選手から学ぶこともあると思う。チームに良い効果をもたらすことができたらうれしい」\n\n３５歳は現状では、ベンチ入り登録の投手陣で最年長。ワールドシリーズ出場は２度あるが、チャンピオンリングにはあと一歩、届いていない。低迷期、再建期を経て２０２４年は２０１４年以来、１０年ぶりのア・リーグ中地区優勝に向かうタイガース。マエケンが投手陣の中心を担う役割に期待したい。\n\n（山田結軌）,['https://newsatcl-pctr.c.yimg.jp/t/amd-img/20231215-00000097-sanspo-000-2-view.jpg?pri=l&w=640&h=561&exp=10800'],"['https://news.yahoo.co.jp/articles/310ceb2f70b917581671dbf9176aaa1492589ce9/images/000', 'https://www.iza.ne.jp/article/20231127-JLVDD2PKLJND5AY23BXCSF3HUA/photo/SSVQARMDYREL3B67TMBTKM64DY/?utm_source=yahoo%20news%20feed&utm_medium=referral&utm_campaign=related_link']"
柴田善臣騎手が病気のため乗り替わり（サンケイスポーツ）,https://news.yahoo.co.jp/articles/12e4ce6df9e3bc91039ae04df895cd3c33df9045,https://newsatcl-pctr.c.yimg.jp/t/amd-img/20231215-00000095-sanspo-000-1-view.jpg?exp=10800,2023-12-15T14:47:25+09:00,2023-12-15T14:47:25+09:00,サンケイスポーツ,sanspo,サンケイスポーツ,153,\n柴田善臣騎手\n柴田善臣騎手（５７）＝美浦・フリー＝は病気のため、中山で予定していた１６日３鞍、１７日１鞍の全てで乗り替わりとなった。１６日の４Ｒ⑥ドンタカーミは田中勝、５Ｒ④ウィナールーツは松岡、１０Ｒ⑦ビルカールは菅原明にそれぞれ変更となった。１７日１１Ｒのアサマノイタズラには嶋田騎手が騎乗する。,['https://newsatcl-pctr.c.yimg.jp/t/amd-img/20231215-00000095-sanspo-000-1-view.jpg?pri=l&w=497&h=640&exp=10800'],['https://news.yahoo.co.jp/articles/12e4ce6df9e3bc91039ae04df895cd3c33df9045/images/000']
楽天グループがヴィッセル神戸のリーグ初優勝を記念し、ＳＮＳ投票企画を実施中（サンケイスポーツ）,https://news.yahoo.co.jp/articles/65f33949d3bfe6dead9307e1aed8b39cd2de024b,https://newsatcl-pctr.c.yimg.jp/t/amd-img/20231215-00000093-sanspo-000-1-view.jpg?exp=10800,2023-12-15T14:33:41+09:00,2023-12-15T14:33:41+09:00,サンケイスポーツ,sanspo,サンケイスポーツ,343,\nＪ１初優勝を飾ったヴィッセル神戸\n楽天グループ株式会社がヴィッセル神戸のＪ１初優勝を記念し、楽天モバイルとチームとのコラボレーションしたＳＮＳでの投票企画「ヴィッセル神戸２０２３シーズン\n＃私のＮｏ．１選手権\n」を実施している。期間は今月２２まで。ヴィッセル神戸のチームを様々なカテゴリーでクラブ内Ｎｏ．１をノミネートし、ＳＮＳでのファン・サポーターによる投票結果により、「総合Ｎｏ．１」を決定するというもの。投票結果は、コメント動画とともに２０２４年１月中旬に「Ｒａｋｕｔｅｎ Ｓｐｏｒｔｓ」、「楽天モバイル」および「ヴィッセル神戸」の公式Ｘ（旧Ｔｗｉｔｔｅｒ）で発表予定。総合Ｎｏ．１に選ばれた選手や、監督には楽天ポイント１０万ポイントと、楽天モバイルの製品が進呈される。,['https://newsatcl-pctr.c.yimg.jp/t/amd-img/20231215-00000093-sanspo-000-1-view.jpg?pri=l&w=640&h=414&exp=10800'],"['https://news.yahoo.co.jp/articles/65f33949d3bfe6dead9307e1aed8b39cd2de024b/images/000', 'https://news.yahoo.co.jp/search?p=%EF%BC%83%E7%A7%81%E3%81%AE%EF%BC%AE%EF%BD%8F%EF%BC%8E%EF%BC%91%E9%81%B8%E6%89%8B%E6%A8%A9&source=article-body']"
１５日の中山、阪神、中京競馬場の馬場状況（サンケイスポーツ）,https://news.yahoo.co.jp/articles/28252a0070ac03dd45f35d4eb91005d9af7fbeb1,https://newsatcl-pctr.c.yimg.jp/t/amd-img/default.jpg?exp=10800,2023-12-15T14:08:08+09:00,2023-12-15T14:08:08+09:00,サンケイスポーツ,sanspo,サンケイスポーツ,646,\nＪＲＡは１５日、各競馬場の馬場状況を発表した（同日正午現在）。\n\n【中山】\n\n馬場状態：芝＝良、ダート＝稍重\n\n芝の状態：３～４コーナーの内側に傷みが出始めましたが、その他の箇所については概ね良好な状態です\n\n芝の草丈：芝コース＝野芝約６～８センチ、洋芝約１０～１４センチ\n\n障害コース＝野芝約６～８センチ、洋芝約１０～１４センチ\n\n使用コース：Ａコース（内柵を最内に設置）\n\n芝コースクッション値：９．２（１０時３０分測定）\n\n【阪神】\n\n馬場状態：芝＝稍重、ダート＝稍重\n\n芝の状態：大きな傷みも無く引き続き全体的に良好な状態です\n\n芝の草丈：芝コース＝野芝約６～８センチ、洋芝約１０～１４センチ\n\n障害コース＝野芝約１０～１２センチ\n\n使用コース：Ａコース（内柵を最内に設置）\n\n芝コースクッション値：８．８（９時３０分測定）\n\n【中京】\n\n馬場状態：芝＝稍重、ダート＝重\n\n芝の状態：３～４コーナーの内側に傷みがあります。その他の箇所も内柵沿いを中心に軽微な傷みがあります\n\n芝の草丈：芝コース＝野芝約６～８センチ、洋芝約１２～１６センチ\n\n使用コース：Ａコース（内柵を最内に設置）\n\n芝コースクッション値：８．２（９時３０分測定）\n\n（参考）クッション値とクッション性の関係\n\n１２～ 硬め\n\n１０～１２ やや硬め\n\n８～１０ 標準\n\n７～８ やや軟らかめ\n\n～７ 軟らかめ,[],[]
楽天がハラスメント再発防止策を制定　森井誠之球団社長「意見を言い合える環境づくりに努めてまいります」（サンケイスポーツ）,https://news.yahoo.co.jp/articles/175000e74639c18b224374cb28f70594fd213c1f,https://newsatcl-pctr.c.yimg.jp/t/amd-img/20231215-00000091-sanspo-000-1-view.jpg?exp=10800,2023-12-15T14:19:45+09:00,2023-12-15T14:19:45+09:00,サンケイスポーツ,sanspo,サンケイスポーツ,746,\n楽天・森井誠之球団社長\n楽天が１５日、自由契約となった安楽智大投手（２７）のハラスメント問題を受けて、「東北楽天ゴールデンイーグルス ハラスメント再発防止策」を制定したと発表した。\n\n１・定期的な面談の実施 チーム全員を対象に年に２回、定期的な「面談」を開始する。\n\n２・アンケート実施による実態把握 チーム全員を対象に年に１回、定期的な「アンケート」を行い、球団としてチームの実態把握に努める。\n\n３・ハラスメント研修の実施 チーム全員を対象に年に１回、定期的な「ハラスメント研修」を行い、ハラスメントに対する正しい理解を促し、ハラスメント防止に向けた啓発に取り組む。\n\n４・ハラスメント相談窓口の設置とその周知 チーム内において、ハラスメント行為が生じ、又は生じるおそれがあることを認知した場合に通報・相談ができる「ハラスメント相談窓口」を設置（既に２０２３年１１月２９日に設置済み）。チームエリア内でのポスター掲出、選手個人への携帯カードの配布により、「ハラスメント相談窓口」を周知。\n\n森井誠之球団社長は球団広報を通じて、「改めまして、このたびは東北楽天ゴールデンイーグルスにおけるハラスメントの発生に関しまして、ファンの皆さま、そして関係するすべての皆さまに、多大なるご心配とご迷惑をおかけする事態となり、心より深くおわび申し上げます。ハラスメント根絶のため、「東北楽天ゴールデンイーグルス ハラスメント再発防止策」を制定いたしました。同じことを二度と起こさないよう、この再発防止策を実施していくことはもちろんですが、日ごろから球団としてコミュニケーションをしっかり取り、選手やスタッフも含め、意見を言い合える環境づくりに努めてまいります」とコメントした。,['https://newsatcl-pctr.c.yimg.jp/t/amd-img/20231215-00000091-sanspo-000-1-view.jpg?pri=l&w=640&h=426&exp=10800'],['https://news.yahoo.co.jp/articles/175000e74639c18b224374cb28f70594fd213c1f/images/000']
【朝日杯ＦＳ】ダノンマッキンリー鋭伸　単走ラスト１１秒２　藤原師「良かったと思う」（サンケイスポーツ）,https://news.yahoo.co.jp/articles/1909cc43f97a184ddf518f4751e715e3f46d5608,https://newsatcl-pctr.c.yimg.jp/t/amd-img/20231215-00000086-sanspo-000-1-view.jpg?exp=10800,2023-12-15T14:00:20+09:00,2023-12-15T14:00:20+09:00,サンケイスポーツ,sanspo,サンケイスポーツ,304,\nダノンマッキンリーは栗東ＣＷコースで上々の切れ味を披露した（撮影・岩川晋也）\nダノンマッキンリーは栗東ＣＷコースで単走。手応え十分に直線へ向くと、シャープに伸びて４ハロン５３秒４─１１秒２を馬なりで駆け抜けた。藤原調教師は「リラックスして走れるかどうか。しまいは時計が出る馬なので、いかに気持ちよく走ってコンタクトを取れるかを重視した。良かったと思う」とうなずいた。\n\nデビュー２戦はともに芝１４００メートルで連勝し、今回は１ハロンの距離延長がポイントになる。「やってみないと分からないが、前走は川田騎手が（１６００メートルを）イメージして乗ってくれたので、クリアしてくれると思う」と期待していた。,['https://newsatcl-pctr.c.yimg.jp/t/amd-img/20231215-00000086-sanspo-000-1-view.jpg?pri=l&w=640&h=402&exp=10800'],['https://news.yahoo.co.jp/articles/1909cc43f97a184ddf518f4751e715e3f46d5608/images/000']
【朝日杯ＦＳ　俺のチェックポイント】前走１０着敗退のアスクワンタイム　巻き返しはあるのか？その可能性を探った（サンケイスポーツ）,https://news.yahoo.co.jp/articles/0af0b9ec09de5e766d63f4275f49c9f099f86471,https://newsatcl-pctr.c.yimg.jp/t/amd-img/20231215-00000088-sanspo-000-1-view.jpg?exp=10800,2023-12-15T14:03:26+09:00,2023-12-15T14:03:26+09:00,サンケイスポーツ,sanspo,サンケイスポーツ,972,\nアスクワンタイムは岩田望騎手と再コンビ。乗り慣れた鞍上という点が頼もしい＝栗東トレセン（撮影・岩川晋也）\n今週は阪神競馬場で２歳マイル王決定戦の朝日杯ＦＳが行われる。俺のチェックポイント４日目は、大阪サンスポの長田良三記者が小倉２歳Ｓを勝ったアスクワンタイムに注目。前走の京王杯２歳Ｓは１０着と完敗したが、巻き返しがあるか、感触を探った。\n\n重賞ウイナーが複数出走予定で、混戦模様。その中で気になるのは、アスクワンタイムだ。\n\n小倉２歳Ｓは現地で観戦。メンバー最速の上がり３ハロン３４秒４の決め手を発揮して、２着馬との追い比べをアタマ差で制した勝ちっぷりは脳裏に焼きついている。しかし、前走の京王杯２歳Ｓは、直線で伸びを欠いて１０着と完敗。巻き返しはあるのか？ 厩舎で梅田調教師を直撃した。\n\n「直前で騎手変更があったり、ゲートで出遅れて、自分のリズムで走れなかった。歯車がかみ合わなかったね」\n\nデビューから３戦は岩田望騎手が手綱を取っていたが、前日のＪＢＣスプリントで落馬負傷し、横山和騎手に乗り替わりとなった。「ファンタジストもパドックで寝そうになったり、ボンボヤージは馬場入りを嫌がったりね。この血統は気難しい面がある」。きょうだいも気まぐれ？ な一面があるだけに、鞍上変更が与えた影響は小さくなかったと思われる。\n\n気まぐれな面は現在も顔をのぞかせることがある。６日の１週前追い切りでは、栗東ＣＷコースでラスト１ハロン１４秒８（６ハロン８６秒２）と時計を要した。師は「気が向かずに突っ張って走ってしまった」と苦笑い。翌７日はプール調教でリフレッシュさせたという。\n\nそれだけに岩田望騎手とのコンビ再結成は心強い限り。さらに本番で鞍上の返し馬での感触次第ではあるが、シャドーロールを着用して臨むプランもある。「冷静に走ってくれたら。引っ掛かっていく感じはないから、距離はもつと思う。エンジンがかかったときの瞬発力はいいものがあるからね」とトレーナーは巻き返しを期待する。\n\n２０１８年の朝日杯ＦＳで４着だった全兄ファンタジストは、翌１９年のスプリングＳ（芝１８００メートル）で２着と好走していて、距離がダメと決めつけるのはまだ早い。現状は△だが、枠順を見て最終的にどうするか考えるつもりだ。（長田良三）,['https://newsatcl-pctr.c.yimg.jp/t/amd-img/20231215-00000088-sanspo-000-1-view.jpg?pri=l&w=517&h=640&exp=10800'],['https://news.yahoo.co.jp/articles/0af0b9ec09de5e766d63f4275f49c9f099f86471/images/000']
阪神・岡田監督や佐藤輝らが球団ゴルフコンペに参加　指揮官は「難しいどころちゃうわ」　阪神Ｖ旅行２日目（サンケイスポーツ）,https://news.yahoo.co.jp/articles/8897541e122146b3b30d4e1ebb50b770e35bda37,https://newsatcl-pctr.c.yimg.jp/t/amd-img/20231215-00000087-sanspo-000-4-view.jpg?exp=10800,2023-12-15T14:02:23+09:00,2023-12-15T16:20:16+09:00,サンケイスポーツ,sanspo,サンケイスポーツ,331,\n阪神タイガースゴルフコンペでスタート前に説明を聞く阪神・岡田彰布監督＝ハワイ・オアフ島（撮影・宮沢宗士郎）\n阪神・岡田彰布監督（６６）や佐藤輝明内野手（２４）らが１４日（現地時間）、Ｖ旅行先のハワイで行われた球団ゴルフコンペに参加した。穏やかな気候のなかでプレー。指揮官は「難しいどころちゃうわ」と苦戦？した様子だったが、ナインとともに充実した時間を楽しんだ。\n【写真】ハワイのホテルでの到着セレモニー中、突然の雨に驚く阪神・岡田彰布監督\n１３日に南国へチャーター機などでチームは降り立ち、セレモニーや祝賀会などで岡田虎はお祝いムードに包まれている。１８年ぶりのセ・リーグ制覇、３８年ぶりの日本一を達成したチームが休息をとり、連覇のかかる来季へ備える。,['https://newsatcl-pctr.c.yimg.jp/t/amd-img/20231215-00000087-sanspo-000-4-view.jpg?pri=l&w=640&h=429&exp=10800'],"['https://news.yahoo.co.jp/articles/8897541e122146b3b30d4e1ebb50b770e35bda37/images/000', 'https://www.iza.ne.jp/article/20231215-3MJKSXG6JRKPHB6WUI772JSLFU/photo/RMYYZWZZFVOIHCQMNH2VADOAH4/?utm_source=yahoo%20news%20feed&utm_medium=referral&utm_campaign=related_link']"
ロッテ・小島和哉の進化を後押しするノートの存在　プロデビュー戦の苦い経験を糧に（サンケイスポーツ）,https://news.yahoo.co.jp/articles/2d185ba18dbde59264a8547060bd31ceb9cb91d9,https://newsatcl-pctr.c.yimg.jp/t/amd-img/20231215-00000085-sanspo-000-1-view.jpg?exp=10800,2023-12-15T14:00:00+09:00,2023-12-15T14:00:00+09:00,サンケイスポーツ,sanspo,サンケイスポーツ,1216,\nロッテの小島和哉\n【武田千怜のアナザーストーリー】\n\n最近のスポーツ界で「メモ」といえば、サッカー日本代表の森保一監督が頭に浮かぶ。日本をベスト１６に導いた２０２２年Ｗ杯カタール大会では、試合中に戦術などを書いた森保ノートが注目を集めた。プロ野球界では試合中にベンチで打席の振り返りなどをノートに書く巨人・丸佳浩外野手が有名だが、ロッテの２７歳、小島和哉投手も〝メモ魔〟の一人だ。\n【写真】メモを取り続け、目標達成を目指すロッテ・小島和哉\n開幕投手を務めた今季は２５試合で１０勝６敗、防御率３・４７。３年連続で規定投球回に到達した左腕の成長を後押しするのが、オジマノートの存在である。\n\nきっかけはプロデビュー戦の苦い経験だった。早大から入団して１年目の１９年。開幕ローテーション入りを果たし、４月４日の西武戦で先発としてプロ初登板したが、２回８失点（自責点７）と結果を出せなかった。試合後、ファームでの調整を言い渡された。プロの高い壁にぶち当たり、「ああ、もうチャンスないな」と危機感を抱いていたとき、当時２軍投手コーチだった清水直行氏に声をかけられた。\n\n「チャンスは何度もこない。その中でチャンスをつかむためには、同じ失敗をしていたら印象が悪い。失敗するとしても、〝新しい失敗〟の方がいい」\n\n現役時代に５年連続で２桁勝利を挙げ、０５年にはエースとしてリーグ優勝、日本一に貢献した清水コーチの言葉が心に刺さった。「同じ失敗を繰り返さないために」と自らの意思で始めたのが、登板後に投球内容の良かった点、反省点、次回に向けた課題などをノートに書き込むことだった。\n\n具体的には「スライダーの精度が悪かった。（次回登板までの）１週間はスライダーを意識して練習する」「真っすぐが抜けることが多かった。この１週間は（球が）抜けないような練習を多く取り入れる」などと記されているという。\n\n「書き出すことで、〝なぁなぁ〟な１週間の過ごし方にならない。僕の場合はノートが頭の中に入っているので、課題がすぐに思い出せる」\n\n登板間のトレーニング内容も記録しており、「悪くなったときは、良かったときの内容に戻ることもできる」。メモは進化の道しるべであり、立ち返る場所を示す引き出しにもなっている。\n\n同じ失敗をしない－。プロ１年目で授かった清水氏の教えを心に刻んだ小島は今季、勝てば２位、負ければ４位となるレギュラーシーズン最終戦の楽天戦では７回無失点で勝ち投手となり、１勝１敗で迎えたソフトバンクとのクライマックスシリーズファーストステージ第３戦では七回途中無失点の好投で勝利に貢献。土壇場で何度もチームを救った。\n\n負けられない試合で無類の勝負強さを発揮。その陰には、コツコツと書きためた努力の結晶がある。プロ１年目から５年間で書き込んだノートは、５冊になった。（サンケイスポーツ・ロッテ担当）,['https://newsatcl-pctr.c.yimg.jp/t/amd-img/20231215-00000085-sanspo-000-1-view.jpg?pri=l&w=497&h=640&exp=10800'],"['https://news.yahoo.co.jp/articles/2d185ba18dbde59264a8547060bd31ceb9cb91d9/images/000', 'https://www.iza.ne.jp/article/20231215-ES34RJNAIVJXDPKGIUDIHV44NI/photo/2NGSVSO7VBNTLPF4AH3J3LVU6I/?utm_source=yahoo%20news%20feed&utm_medium=referral&utm_campaign=related_link']"
故ジョー山中さんの息子、ＲＡＹ　ＹＡＭＡＮＡＫＡ　ａ．ｋ．ａ．ＺＥＲＯがニューイヤーロックフェスティバルに出演決定（サンケイスポーツ）,https://news.yahoo.co.jp/articles/800f1a93788a7d5dcebfb5fb371db206be2c95ac,https://newsatcl-pctr.c.yimg.jp/t/amd-img/20231215-00000082-sanspo-000-2-view.jpg?exp=10800,2023-12-15T13:52:44+09:00,2023-12-15T20:37:14+09:00,サンケイスポーツ,sanspo,サンケイスポーツ,825,\nＲＡＹ ＹＡＭＡＮＡＫＡ ａ．ｋ．ａ．ＺＥＲＯ\n歌手、内田裕也さんの遺志を継いだ年越しロックイベント「Ｎｅｗ Ｙｅａｒ Ｒｏｃｋ Ｆｅｓｔｉｖａｌ」（東京・渋谷ストリームホール）の第３弾出演者アーティスト発表が１５日、行われた。\n\n目玉は裕也さんの盟友で生前、同フェス出演の常連だったロック歌手、ジョー山中さん（享年６４）の息子、ＲＡＹ ＹＡＭＡＮＡＫＡ ａ．ｋ．ａ．ＺＥＲＯの参戦。当日は亡き父が率いたロックバンド、フラワー・トラベリン・バンドの「ＷＯＭＡＮ」を披露する。同バンドが１９７０年代前半にカナダのヒットチャート１位を記録した名曲だ。\n\nプロデューサーのＨＩＲØ（５５）は「今年社会復帰を果たしたＲＡＹがジョーさんのバックバンドの上でどんなパフォーマンスをするのか、私自身が緊張しています」と興奮気味に語る。\n\nまた、今年デビューした平均年齢２０歳の超新星ロックバンド、暴動グラブも出演する。彼らもコメントを寄せ、「日本のロックンロールバンドの登竜門、憧れのＮＥＷ ＹＥＡＲ ＲＯＣＫ ＦＥＳＴＩＶＡＬに出演できるのは、ヒジョーに光栄であります。今年の年越しは暴動クラブとドカドカうるさくキメましょう」と気合が入る。\n\n同フェスは１９７３年に裕也さんが提唱し、毎年開催された最長寿年越しライブ。裕也さんが２０１９年に他界後もロックバンド、湾岸の羊のＨＩＲØが遺志を継ぎ、総合プロデューサーに就任。２０、２１年のコロナ禍は無観客ながら配信ライブで火をともし続け、５０周年を迎えた昨年は有観客公演を復活させた。\n\n参加アーティストはほかに湾岸の羊、Ｚｅｅｂｒａ（５２）が所属するキングギドラ、ロック歌手のＫＹＯＮＯ（５４）、レゲエ歌手のＪ―ＲＥＸＸＸ（３７）、Ｒｕｅｅｄ（３５）、夫婦ユニットの瓜田夫婦、高橋和也（５４）と原田喧太（５３）からなるＭＯＵＮＴＡＩＮ ＭＡＮ、ラッパーの呂布カルマ（４０）が決定している。,['https://newsatcl-pctr.c.yimg.jp/t/amd-img/20231215-00000082-sanspo-000-2-view.jpg?pri=l&w=640&h=640&exp=10800'],['https://news.yahoo.co.jp/articles/800f1a93788a7d5dcebfb5fb371db206be2c95ac/images/000']
大型インタビュー　坂本勇人が独占激白　巨人再建への思い「甘いなと感じる選手いる」／前編（サンケイスポーツ）,https://news.yahoo.co.jp/articles/9d9117a0510cf74d739a2c93e7656401814845e9,https://newsatcl-pctr.c.yimg.jp/t/amd-img/20231215-00000064-sanspo-000-7-view.jpg?exp=10800,2023-12-15T12:00:01+09:00,2023-12-15T21:26:07+09:00,サンケイスポーツ,sanspo,サンケイスポーツ,2569,\n昨季まで巨人の主将を務めた坂本勇人はチーム再建への思いを強くした（撮影・佐藤徳昭）\n各界で活躍中のトップランナーに迫る大型インタビュー「我は行く」がスタート。第１回は、プロ野球で現役最多の２３２１安打を誇る巨人・坂本勇人内野手（３５）です。２年目の２００８年から不動の遊撃手だった年俸６億円のスター選手は、１７年目の今季終盤に三塁手に転向。７度のリーグ優勝に貢献した元主将が、再建へ向かう巨人への思いを語った。（取材構成・谷川直之）\n【写真】２０１９年のリーグ優勝に貢献し、最優秀選手賞を受賞した坂本勇人\n３年連続で優勝を逃した巨人は阿部新監督の下で再出発した。三塁手として新たな道を歩む坂本は７度のリーグ優勝に貢献した一方、主将だった２０１７年には悪夢の１３連敗を経験。１４日に３５歳の誕生日を迎え、チームでは３９歳の長野に次ぐ年長者となった今、〝強いチーム〟のあり方について熱い考えを吐露した。\n\n「強い時のチームの方が、もっと〝個〟が強かった気がしますね。能力値以外でも、みんな『自分がやってやるぞ』という空気が強かった。若い選手も、年齢がいっている人も関係なく」\n\n――若手時代は阿部、ラミレス、小笠原と大物がそろっていた。当時の雰囲気は\n\n「若い選手がロッカーでワイワイするなんて、絶対にできませんでした。今の選手たちはやっている。でも、それがアカンことやなとは全く思いません」\n\n――時代の変化もある\n\n「今の方がみんな仲がいいですからね。それはいいけど、試合に入ったときに自立してプレーできる選手がもっと出てきた方がいい。みんなプロだから自覚しているんでしょうけどね」\n\n――若手を見ていて感じることも\n\n「試合に入るときの準備、気持ちの持っていき方が甘いなと感じる選手もいます。でも、こちらが『お前、それじゃ甘いよ』と言うことじゃない。自分で周りを見て気付けないと。若い時から活躍できる人は、どこかでそれができている」\n\n――〝個〟が強ければ個性派集団に\n\n「すごく盛り上げて声を出す人もいるだろうし、一言もしゃべらないけど（闘志を）内に秘めて試合に入り込む人もいる。僕は、だいぶダルそうにしているとよく言われますけどね。でも打席や打球処理の際はカッ！と入っていますから」\n\n――それぞれのやり方がある\n\n「イチローさんが何かでおっしゃっていました。『個の力が集結して強いチームになる』と。間違いないなと、すごく感じました」\n\n――今季は２１歳の秋広が台頭し、１９歳の浅野も１軍を経験した\n\n「才能、能力。すごいなと思うことがめっちゃあります。（浅野）翔吾はまだ１９歳ながら野球にすごく素直に向き合っていますね。ジャイアンツのレギュラーになって活躍してくれるんだろうなと思って見ています。１年目から１軍で本塁打を打つなんて、普通はできませんよ」\n\n――新人離れしていた、と\n\n「人間的な部分を見ても、そう思います。まあ、もっと荒々しくてもいい。すごく真面目なので、打てなかったらめちゃくちゃションボリしている。『また練習で頑張ればいいだけやから！』と思います。責任を感じてやっているのも、すごいことですけどね」\n\n――自身が１９歳でスタメンで出ていた頃は\n\n「落ち込むこととかはなかったですね。自分のプレーに対して腹が立つ方が強かったから。『なんでうまくいかんねん！』と」\n\n――秋広はノリが良く堂々としている\n\n「陽キャ（明るい性格）ですね。メンタル的には、めちゃくちゃいい。打っても打たなくても常に一緒な感じ。絶対に彼の中で悔しかったり、腹が立ったりしていたはずだけど、周りに見せない。それは強さだと思います」\n\n――坂本選手からも、その強さを感じる\n\n「長くレギュラーでやるなら、それは一番大事なこと。（秋広は）若いのに大したもんやなと思いますね。翔吾みたいに落ち込んでやっているのも個性なので、いいなとも思います。２人とも、すごく楽しみです」\n\n――来季、その先へ向けて抱負を\n\n「２年も３年も先のことを考えてやってきていないし、そこは変わりません。来年は１８年目で初めてポジションが変わるので、また一から野球が始まるような気持ち。すごく楽しみですね」\n\n――１４日に３５歳の誕生日を迎えた。人として、どう生きる\n\n「人としての話なんて、できないですよ。（謙遜した様子で）あいつ、なに言ってんねんてなる」\n\n――展望を聞きたい\n\n「あんまりそういうの、ないかな。でも、どういう状況でも前向きでいたい。そうやって、ずっと生きてきたし。しんどいこともたくさんあるから。こうありたいとかは別にないけど、マイナスなことばかりを考えたくはないですね」\n\nトップを走り続ける坂本。後編では、三塁手転向を意識していた近年の心境、グラウンド外での変化や未来など自身について語り尽くす。\n\n★今季の坂本と巨人 坂本は開幕から２２打席で無安打に終わるなど、春先は打撃不振に苦しんだ。６月には右太もも裏の肉離れを発症して１カ月間、離脱したが、復帰後は勝負強さを発揮。チームトップの打率・２８８、同２位の２２本塁打＆６０打点をマークし「まだまだやれる手応えを感じたシーズンだった」と振り返った。チームは２年連続の４位に終わり、原監督が退任。阿部ヘッド兼バッテリーコーチが昇格し、来季は４年ぶりのリーグＶ奪回を狙う。\n\n■坂本 勇人（さかもと・はやと） １９８８（昭和６３）年１２月１４日生まれ、３５歳。兵庫県出身。青森・光星学院（現八戸学院光星）高では３年春の選抜大会出場。２００７年、高校生ドラフト１巡目で巨人入団。２年目に遊撃の定位置を獲得し１２年に最多安打、１６年に首位打者と最高出塁率に輝いた。１９年は自己最多の４０本塁打を放って優勝に貢献し、ＭＶＰに選出された。第１９代主将（１５－２２年）。通算成績は２１０１試合で打率・２９１、２８８本塁打、１００４打点。１３、１７年ＷＢＣ、１５、１９年プレミア１２、２１年東京五輪日本代表。１８６センチ、８６キロ。右投げ右打ち。独身。来季年俸６億円。背番号６。,['https://newsatcl-pctr.c.yimg.jp/t/amd-img/20231215-00000064-sanspo-000-7-view.jpg?pri=l&w=432&h=640&exp=10800'],"['https://news.yahoo.co.jp/articles/9d9117a0510cf74d739a2c93e7656401814845e9/images/000', 'https://www.iza.ne.jp/article/20231215-Q6ORR67BDJNNXPBNQZQEBUNX54/photo/XSBDSU5GB5LZHEH5EQC6YSAEJY/?utm_source=yahoo%20news%20feed&utm_medium=referral&utm_campaign=related_link']"
広島・松山竜平、現状維持の年俸６５００万円で更改「代打では貢献できたけど…」　一番弟子の林は筒香と自主トレへ（サンケイスポーツ）,https://news.yahoo.co.jp/articles/d0a48f00e9853c387591a961d30c97a5cf517d0c,https://newsatcl-pctr.c.yimg.jp/t/amd-img/20231215-00000075-sanspo-000-3-view.jpg?exp=10800,2023-12-15T13:02:37+09:00,2023-12-15T15:05:29+09:00,サンケイスポーツ,sanspo,サンケイスポーツ,335,\n契約更改後に会見に臨んだ広島・松山\n広島・松山竜平外野手（３８）が１５日、広島市の球団事務所で契約更改交渉に臨み、現状維持の年俸６５００万円プラス出来高払いでサインした。チーム最年長のベテランは「代打では貢献できたけどスタートでは全然だめ。スタートで多く出て貢献できるように頑張っていきたい」と意気込んだ。\n\n今季は７９試合に出場し打率・２５２、０本塁打、２７打点、代打に限ると５５試合に出場し打率・３８０（５０打数１９安打）、２１打点と存在感を発揮した。\n\n年明けからは曽根、田村、中村貴、持丸とともに恒例の鹿児島自主トレを予定。一番弟子の林については「筒香（ジャイアンツ傘下）に憧れがあって（自主トレが）実現できる。行ってこいと送り出した」と明かした。,['https://newsatcl-pctr.c.yimg.jp/t/amd-img/20231215-00000075-sanspo-000-3-view.jpg?pri=l&w=457&h=640&exp=10800'],['https://news.yahoo.co.jp/articles/d0a48f00e9853c387591a961d30c97a5cf517d0c/images/000']
箱根に懸ける　青学大・原晋監督は打倒・駒大に自信　２年ぶりＶへ「タイム自体は過去最高レベル」（サンケイスポーツ）,https://news.yahoo.co.jp/articles/52de4952432a74e197cf9db2d772af1d41727e4c,https://newsatcl-pctr.c.yimg.jp/t/amd-img/20231215-00000054-sanspo-000-2-view.jpg?exp=10800,2023-12-15T11:30:00+09:00,2023-12-15T11:59:58+09:00,サンケイスポーツ,sanspo,サンケイスポーツ,622,\n会見に臨んだ青学大のメンバー。前列右端が原晋監督、その左が志貴主将\n来年１月２、３日の第１００回箱根駅伝に向け、２年ぶり７度目の総合優勝を目指す青学大は１４日、東京・渋谷区の青山キャンパスで壮行会と会見を行った。就任２０年目の原晋監督（５６）は「１強と呼ばれる駒大に、負けてたまるかという思いで戦っていきます」と意気込んだ。\n【表でみる】青学大部員・過去最高レベルのタイム\n前回は４年生が７人出走して３位。箱根経験者の多くが抜けて再構築したチームで、出雲駅伝は５位、全日本大学駅伝では２位に入った。原監督は、長距離ブロック部員４４人のうち上位の５０００メートルの平均タイムが１４分００秒台であることを引き合いに「ギネスに申請してもいいくらいの組織力。（前回の）４年生が抜けた穴は大きいが、５０００、１万、ハーフマラソンのタイム自体は過去最高レベル」と胸を張った。４年で初のメンバー入りした副主将の小原響は「必ず１位で大手町に帰ってくる」と誓った。（高橋朝香）\n\n★主将はベンチ入り逃す\n\n主将の志貴勇斗（４年）は調子が上がらずメンバー入りを逃した。１区で区間５位に入った２年時に続く２度目の箱根出走とはならず。壮行会では、阪本浩学長からフレッシュグリーンのたすきを受け取り、「１年を通して走りで貢献できなかったことが悔しい。私の最後の締めとしてチームを優勝させることが残っている。主将としての責務を全うしたい」と覚悟を語った。,['https://newsatcl-pctr.c.yimg.jp/t/amd-img/20231215-00000054-sanspo-000-2-view.jpg?pri=l&w=640&h=427&exp=10800'],"['https://news.yahoo.co.jp/articles/52de4952432a74e197cf9db2d772af1d41727e4c/images/000', 'https://www.iza.ne.jp/article/20231215-QPXZCABZOBJFBN57KC4OSFNECM/photo/OU34EBMDQVKVJEFQ5KKKZPF5DI/?utm_source=yahoo%20news%20feed&utm_medium=referral&utm_campaign=related_link']"
ヤクルト・北村拓己が入団会見「なにか縁を感じるチーム」　現役ドラフトで巨人から移籍（サンケイスポーツ）,https://news.yahoo.co.jp/articles/692524fba92edf589df071589c9778b93bd120b5,https://newsatcl-pctr.c.yimg.jp/t/amd-img/20231215-00000052-sanspo-000-2-view.jpg?exp=10800,2023-12-15T11:02:33+09:00,2023-12-15T11:20:29+09:00,サンケイスポーツ,sanspo,サンケイスポーツ,733,\n入団会見で撮影に応じるヤクルト・北村拓己（撮影・加藤圭祐）\nヤクルトが現役ドラフトで獲得した北村拓己内野手（２８）＝前巨人＝が１５日、東京・北青山の球団事務所で入団会見に臨んだ。背番号は３８番に決まった。\n\n「現役ドラフトで決まった瞬間は、正直驚きとさみしさも多少あったんですけど。今は本当にヤクルトスワローズに早く溶け込んで、優勝に貢献したいという思いがすごくある」\n\n巨人には亜大から１７年ドラフト４位で入団し、６年間プレー。通算１７６試合に出場し、打率２割１分６厘、６本塁打、２２打点だった。内野のすべてのポジションを守れるのが強みで「まずは１年間通して１軍にいること。そして開幕スタメンで出る。１００試合以上は出場したいと個人的には思っていて、優勝したいという思いが強いので、高津監督を胴上げできるように優勝の一員になれるようにしっかりと頑張っていきます」と力を込めた。\n\nチームには大学の先輩である高津監督がおり、星稜高の後輩では奥川と内山がいる。同学年で巨人でも一緒にプレーした田口もおり「なにか縁を感じるチームだと個人的には思っている。そういった意味ではコミュニケーションをとりやすいのかな」と話した。\n\n巨人を去る際には恩師たちから言葉をもらった。原前監督には電話で報告し「お前さんはいいものをもっているから。しっかりと俺はみているから頑張れよ」と声をかけられた。阿部監督からも「敵になるけど、頑張ってくれ」とエールをもらった。北村は「しっかりと活躍することがジャイアンツにとってもそうですし、ヤクルトにとっても良いことなのかなと。（巨人には）負けたくないという気持ちは強いと思うので、しっかりとやっつけたい」と恩返しを誓った。,['https://newsatcl-pctr.c.yimg.jp/t/amd-img/20231215-00000052-sanspo-000-2-view.jpg?pri=l&w=640&h=426&exp=10800'],['https://news.yahoo.co.jp/articles/692524fba92edf589df071589c9778b93bd120b5/images/000']
ＭＬＢ　ドジャース・大谷翔平、愛犬の名前は「デコピン」　入団会見で明かす（サンケイスポーツ）,https://news.yahoo.co.jp/articles/c950479b363cf59259eafa5837e2909509d8cf1b,https://newsatcl-pctr.c.yimg.jp/t/amd-img/20231215-00000045-sanspo-000-3-view.jpg?exp=10800,2023-12-15T09:25:57+09:00,2023-12-15T10:58:58+09:00,サンケイスポーツ,sanspo,サンケイスポーツ,391,\n大谷翔平は笑顔でドジャースのユニホームを着た（中央、撮影・山田結軌）\n米大リーグ・ドジャースとＭＬＢ史上最高となる１０年総額７億ドル（約１０１５億円）の契約を結んだ大谷翔平投手（２９）の入団会見が１４日（日本時間１５日午前８時）、本拠地ドジャースタジアムのバックスクリーン裏のセンターフィールドプラザで行われた。\n【写真】愛犬「デコピン」を抱いて笑顔を見せる大谷翔平\n会見では、ド軍を選んだ決め手や昨年９月に受けた手術に関する質問が飛んだほか、ＭＶＰ発表の際にテレビに映り込んだ愛犬（犬種はコーイケルホンディエ）の名前に関する質問も飛んだ。\n\n大谷は愛犬の名前について「デコピン」であると説明。「こっちの人はあんまり、発音的に難しいというか、あれなので、元の名前がディコイっていうので、こちらの人に説明する時は、呼びやすいディコイっていうふうに紹介してます」と語った。,['https://newsatcl-pctr.c.yimg.jp/t/amd-img/20231215-00000045-sanspo-000-3-view.jpg?pri=l&w=640&h=332&exp=10800'],"['https://news.yahoo.co.jp/articles/c950479b363cf59259eafa5837e2909509d8cf1b/images/000', 'https://www.iza.ne.jp/article/20231118-LLCQZKQURBOSFC4C23HELOSSVA/photo/VVPBM52VCRI45MFIDINIHQX3GU/?utm_source=yahoo%20news%20feed&utm_medium=referral&utm_campaign=related_link']"
虎のソナタ　虎番ハチャメチャな旅開幕　火災報知器誤作動で仕事一旦ストップ！？（サンケイスポーツ）,https://news.yahoo.co.jp/articles/3b0491982f8e6e8bafec11aaa9a7877475df6b25,https://newsatcl-pctr.c.yimg.jp/t/amd-img/20231215-00000051-sanspo-000-1-view.jpg?exp=10800,2023-12-15T11:00:00+09:00,2023-12-15T11:00:00+09:00,サンケイスポーツ,sanspo,サンケイスポーツ,1381,\nハワイは雨でも、岡田監督の表情は晴れやかだ\n「日差しはあるのですが…」\n\n阪神の優勝旅行に帯同している虎番の原田遼太郎が残念そうな声で電話してきた。\n\n「ずっと雨です」\n\nあぁハワイはきょうも雨だった、なんて歌っている場合じゃない。\n\nチームの宿舎に待機していた原田は雨雲を恨めしそうに眺めながら、客室のあたりを見た。すると…たまたま、テラスから大竹が出てきた。\n\nザーーーーーーーー！！\n\nパラパラ雨だったものが、突然、ものすごい勢いに変わったらしい。\n\n「さすがやなと思いました」と原田。大竹は青柳とともに虎の雨男。当番デスクの川端亮平は小学６年生のときに初海外となったハワイに連れていってもらったことがあるそうだが「家族で行ったんやけど、ずっと晴れてたよ。今まで食べたことがないくらい大きなフランクフルトがあって、衝撃的にうまかった。米国ってすごいと思ったもん。ホットドッグ、おいしい！」と、また？食べ物の話。それにしても大竹の顔を見た瞬間、雨脚を警戒してしまう原田のセンスは素晴らしいし、ある意味、阪神病に侵されている！？\n\n円安の影響を受けているとは覚悟していたけど、やっぱりハワイは物価が相当高い。\n\n原田とサブキャップの新里公章はハワイ入りした日、細々と〝決起集会〟をした。どんな肉を食べたのかと思ったら丸亀製麺だった。\n\n原田の「肉玉うどん大」が約１２００円。「僕が食べた担々麺は１８００円ぐらいでした。１ドル１４０円ぐらいですからねぇ。高いですよ」と新里。こりゃソートー財布が薄くなりそう。近くのスーパーマーケットで缶コーヒーの数十円の違いをウンウンいいながら悩んだ末、棚に戻してしまう虎ソナからすれば、何ともぜいたくな話だ。\n\n「いやぁ…物価が高くても、うらやましいですよ。行きたかったです」と言ってきたのは、鳴尾浜で若手の自主トレを取材していた１年目の中屋友那。京産大時代に海外に行ったそうだ。「１年生のときにアリゾナにいきました」。大学のカリキュラムとしての短期留学だったが、メジャーリーグのキャンプも見学。\n\nカブスｖｓブルワーズ\n\nエンゼルスｖｓパドレス\n\n「ダルビッシュさんが登板して大谷さんもトラウトも出て。大谷さんがかっこよくてボディービルダーみたいでした」\n\n海外に行けばドラマがある。紙面コンテが決まったのは日本時間の夕方、新里と原田にとっては１３日の午後１０時頃。さぁ自分たちのホテルで原稿を書こうとしたら…。\n\nビビビビビビビビッ！\n\nまさかの火災報知機が発動！ すぐに止まるかと思いきや、これが鳴り止まない！ え、マジ！？\n\n「＠◆ｗ※△！！」\n\n英語のアナウンスの後「ただいま火災報知機が作動しました。スタッフが確認を行っておりますので、そのまま部屋でお待ちください」という無機質な日本語が…。\n\n新里と原田は待った。でも、鳴りやまない。１５分間、けたたましい音とメッセージが続く。\n\n「ハワイ組の仕事、一旦、ストップします！」\n\n新里は素早かった。川端デスクに伝えた。もはやワールド極限ミステリーの世界。荷物をまとめ、すっくと立ち上がる。虎番は必死だった。すると「誤作動」との説明が－。ハチャメチャな旅が幕を開けました。,['https://newsatcl-pctr.c.yimg.jp/t/amd-img/20231215-00000051-sanspo-000-1-view.jpg?pri=l&w=455&h=640&exp=10800'],['https://news.yahoo.co.jp/articles/3b0491982f8e6e8bafec11aaa9a7877475df6b25/images/000']
【朝日杯ＦＳ】２歳マイル王決定戦！無傷２連勝中のジャンタルマンタルは２枠３番、出世レースＶシュトラウスは８枠１７番　枠順確定（サンケイスポーツ）,https://news.yahoo.co.jp/articles/66fc9d0ec7a22171f5e1b75a149af6124c85b10c,https://newsatcl-pctr.c.yimg.jp/t/amd-img/20231215-00000039-sanspo-000-2-view.jpg?exp=10800,2023-12-15T09:09:29+09:00,2023-12-15T13:59:34+09:00,サンケイスポーツ,sanspo,サンケイスポーツ,956,\n新馬戦、デイリー杯２歳Ｓとデビューから無傷２連勝中のジャンタルマンタル\n１２月１７日に阪神競馬場で行われる「第７５回朝日杯フューチュリティステークス」（ＧＩ、阪神１１Ｒ、２歳オープン、牡・牝、馬齢、芝・外１６００メートル、１着賞金＝７０００万円）の枠順が１５日に確定した。\n\n新馬戦、デイリー杯２歳Ｓとデビューから無傷２連勝中で、川田将雅騎手と初コンビを組むジャンタルマンタル（牡、栗東・高野友和厩舎）は２枠３番、〝出世レース〟東スポ杯２歳Ｓを制したシュトラウス（牡、美浦・武井亮厩舎）は８枠１７番に決定。\n\nそのほか、２０２２年セレクトセール１歳で２億２０００万円（税抜き）で落札、前走の秋明菊賞を快勝したダノンマッキンリー（牡、栗東・藤原英昭厩舎）は４枠８番、札幌２歳Ｓを逃げ切ったセットアップ（牡、美浦・鹿戸雄一厩舎）は３枠６番、武豊騎手のエコロヴァルツ（牡、栗東・牧浦充徳厩舎）は１枠１番に決まった。\n\n未来のスター候補が激突！２歳マイル王決定戦・朝日杯ＦＳは１７日、阪神競馬場（１１Ｒ）で、午後３時４０分にスタートが切られる。\n\n（左から枠 馬番 馬名 斤量 騎手）\n\n１－ １ エコロヴァルツ ５６．０ 武豊\n\n１－ ２ ミルテンベルク ５６．０ Ｂ・ムルザバエフ\n\n２－ ３ ジャンタルマンタル ５６．０ 川田将雅\n\n２－ ４ サトミノキラリ ５６．０ 津村明秀\n\n３－ ５ タガノエルピーダ ５５．０ 団野大成\n\n３－ ６ セットアップ ５６．０ 横山武史\n\n４－ ７ オーサムストローク ５６．０ 坂井瑠星\n\n４－ ８ ダノンマッキンリー ５６．０ Ｃ・ルメール\n\n５－ ９ クリーンエア ５６．０ 鮫島克駿\n\n５－１０ バンドシェル ５６．０ 池添謙一\n\n６－１１ タイキヴァンクール ５６．０ 浜中俊\n\n６－１２ タガノデュード ５６．０ 古川吉洋\n\n７－１３ ナムラフッカー ５６．０ 松山弘平\n\n７－１４ ジューンテイク ５６．０ Ｍ・デムーロ\n\n８－１５ エンヤラヴフェイス ５６．０ 幸英明\n\n８－１６ アスクワンタイム ５６．０ 岩田望来\n\n８－１７ シュトラウス ５６．０ Ｔ・マーカンド,['https://newsatcl-pctr.c.yimg.jp/t/amd-img/20231215-00000039-sanspo-000-2-view.jpg?pri=l&w=640&h=426&exp=10800'],['https://news.yahoo.co.jp/articles/66fc9d0ec7a22171f5e1b75a149af6124c85b10c/images/000']
藤山扇治郎、３歳息子と客席走り回る！？　来年１月２日開幕の京都・南座「新春お年玉公演」（サンケイスポーツ）,https://news.yahoo.co.jp/articles/4eb57929f40d0960c62df96eac7cba34eaacfd3a,https://newsatcl-pctr.c.yimg.jp/t/amd-img/20231215-00000037-sanspo-000-1-view.jpg?exp=10800,2023-12-15T09:00:00+09:00,2023-12-15T09:00:00+09:00,サンケイスポーツ,sanspo,サンケイスポーツ,1596,\n京都・南座「初笑い！松竹新喜劇 新春お年玉公演」の意気込みを語る藤山扇治郎\n京都・南座「初笑い！松竹新喜劇 新春お年玉公演」（２０２４年１月２～８日）に出演する藤山扇治郎（３６）がこのほど、大阪市内でサンケイスポーツの取材に応じた。５月の大阪松竹座公演を最後に渋谷天外（６９）が代表を勇退し、扇治郎、渋谷天笑（３９）、曽我廼家一蝶（４２）、曽我廼家桃太郎（３８）、曽我廼家いろは（３２）の若手５人中心の新体制となって初の正月公演。３歳の長男と南座の客席を走り回って盛り上げる！？（取材・構成＝笹井弘順）\n\n－－今回、天外さんは出演もしない\n\n「大きい存在がいない中での正月公演ですけど、天外さんがいたら甘えてしまうところもあります。新喜劇を見たことない方に見ていただこうとなったとき、『なんか新喜劇、若くなったんやな』と、世代を変えるのは大きいですからね」\n\n－－５月から５人で月１回会議をしてきたとか\n\n「今まで世間話はするけど、いざ、これを決めなアカンってことは、会社の方だったり天外さんが決めたりしてた。大変さは痛感してますけど、５人の結束力は固まってると思います」\n\n－－Ａプロ『小判掘出し譚（ものがたり）』で藤山寛美さんの当たり役・大西を天笑さんがやる\n\n「新喜劇は藤山寛美さんがいろんな役をやられてきたけど、今の５人なら４番固定やなく適材適所で４番が回ってくる。予想を裏切ることも大事。大西役を一蝶さんと僕とかダブルキャストもできると思うんですよ。作品の可能性も広がりますし」\n\n－－寛美さんの孫としては、脇に回るのってさびしくない？\n\n「僕は松竹新喜劇の作品が好きやから、いい作品を１０年、２０年、３０年経っても残すために、いろんな人がやってもらうことが大事やと思います」\n\n－－２３年はどんな１年\n\n「松竹新喜劇７５周年が大きかったですし、天外さんが勇退された節目の年。個人的には息子が３歳になり、保育園に行くようになり。仕事も５人体制で心機一転。漢字１字でいうなら……『責任感』の年でしたね」\n\n－－１字やない\n\n「１字で言ぉと思たらなかったです（笑）」\n\n－－奥さま（元宝塚・北翔海莉）がコンサートのとき、お子さんは\n\n「僕が見てます。１月は息子も『見たい』って言うてるんですよ。子どもは走ったりするんでね。コロナが緩和されて『小判』では僕が客席を走り回れるようになったんです。そこで息子まで走ってたらねぇ。肩車して『なんや、これ？』『近所の息子や』言うたりして。そんときはサンスポに載せてくださいよ！」\n\n★朝ドラ出たい\n\n◆…２０１８年に「まんぷく」、２１年には「おちょやん」とＮＨＫ大阪放送局制作の連続テレビ小説に出演した扇治郎。「まんぷく」ではあこがれのヒロイン（安藤サクラ）に３年間、缶詰をプレゼントし続ける役で話題を呼んだ。３年周期なら、２４年「おむすび」は〝出番〟だが、「それ、サンスポさんが言うてくださいよ！ 『まんぷく』みたいな感じのいい役で」。折しも、放送中の「ブギウギ」では、ＯＳＫ日本歌劇団の男役スター、翼和希が出演し、劇団の新規ファンも増えた。「そうなんですよ。ＮＨＫやったら、朝ドラでも夜ドラでもリポーターでも出ますよ」。新生・松竹新喜劇の知名度アップに貪欲だ。\n\n◆「初笑い！松竹新喜劇 新春お年玉公演」 公演はＡプロ、Ｂプロの二部制（約９０分）。Ａプロは、１９８８年以来３５年ぶりの上演となる名作喜劇を令和バージョンにアレンジした「小判掘出し譚（ものがたり）」で、藤山寛美さんの当たり役に天笑が挑む。\n\nＢプロは劇作家、わかぎゑふ（６４）が、自身のオリジナル作品を松竹新喜劇のために書き直し、演出する「蕾（つぼみ）」。女優でタレントの久本雅美（６５）が主演する。,['https://newsatcl-pctr.c.yimg.jp/t/amd-img/20231215-00000037-sanspo-000-1-view.jpg?pri=l&w=449&h=640&exp=10800'],['https://news.yahoo.co.jp/articles/4eb57929f40d0960c62df96eac7cba34eaacfd3a/images/000']
仁村紗和「ひらパー姉さんになりたい」　枚方市ＰＲ大使に就任し、寛平マラソン参戦にも意欲（サンケイスポーツ）,https://news.yahoo.co.jp/articles/a642e89f4226edd39be4ce9fed490f8cab945c88,https://newsatcl-pctr.c.yimg.jp/t/amd-img/20231215-00000048-sanspo-000-2-view.jpg?exp=10800,2023-12-15T10:00:00+09:00,2023-12-15T10:11:58+09:00,サンケイスポーツ,sanspo,サンケイスポーツ,969,\nサンスポを訪問した仁村紗和＝大阪市浪速区（撮影・林俊志）\n大阪府枚方市のＰＲ大使に就任した女優、仁村紗和（２９）が、このほど大阪市浪速区のサンケイスポーツ編集局を訪れ、「いつかは枚方のために何かしたいと思っていた。いろいろとＰＲしてきたい」と所信表明。淀川河川公園・枚方地区で毎年開催されている「淀川寛平マラソン」への参戦にも意欲をみせた。\n【写真】「ガンガン歩いているんで」寛平マラソン参加へ意欲をみせる仁村紗和\n仁村は枚方市で生まれ育ち、高校まで過ごした場所。子供のころから自然の中で遊ぶのが好きだったといい、「枚方はすごい広いし、自然と都会のバランスが最高。住むにはすばらしい場所です」とＰＲ。ダンスが得意で「淀川の河川公園でも踊ったり、走ったりしてましたね」と懐かしんだ。\n\n思い出の場所では１６、１７日には寛平マラソンが開催されるが、「ちょっと今年は参加できませんが、来年タイミングがあえば」と前向き。「マラソンはちょっと…。でも、ガンガン歩いているんで。枚方の街もいろいろと紹介できますよ」と、ウォークでの参加に意欲をみせた。\n\n実家から自転車で１０分ぐらいのところに「ひらかたパーク」があり、「小学生のとき、お小遣いをもらったらフリーパスを買って、同じお化け屋敷に２０回ぐらい乗ってました」。２２年に枚方市出身の岡田准一（４３）とマクドナルドのＣＭで共演した際、超ひらパー兄さんを務める岡田に「ひらパー姉さんをやりたいんです」と、直訴までしていた。\n\n「岡田さんもイベントで『ひらパー姉さんを狙ってる人がいる』と話しされたみたいです。今回、枚方市のＰＲ大使になったので、ちょっと夢に近づけたかな」\n\n１４年に芸能界デビューし、多くのドラマやＣＭに出演。今年はドラマ７本、映画２本と大忙しだった。１２月４日スタートのテレビ東京系「ＳＨＩＴ ＵＰ」（月曜後１１・６）では民放初主演も果たし、「今年は本当に突っ走ってきたなという印象。いろんな作品に関わらせていただいて、（演技の）幅も広がったと思います。１２月に主演のドラマで締めくくれて、満足した１年」と振り返った。\n\n趣味で乗馬のライセンスも取得し、「時代劇とかで馬に乗れたらいいな」。２０２４年は白馬に乗った〝ひらパー姉さん〟が誕生するかも！？,['https://newsatcl-pctr.c.yimg.jp/t/amd-img/20231215-00000048-sanspo-000-2-view.jpg?pri=l&w=476&h=640&exp=10800'],"['https://news.yahoo.co.jp/articles/a642e89f4226edd39be4ce9fed490f8cab945c88/images/000', 'https://www.iza.ne.jp/article/20231215-XASK5QQLRBMUBH7DDDBCDY74WY/photo/VXWRDQMZKFLEHEWCNGFGZTE5NQ/?utm_source=yahoo%20news%20feed&utm_medium=referral&utm_campaign=related_link']"
寛平マラソン、１２月１６、１７日開催　吉本新喜劇若手ユニット「秘蔵っ子」駅伝＆ライブステージで盛り上げる（サンケイスポーツ）,https://news.yahoo.co.jp/articles/af483cc4f9c2762c8edf68981b39c1005197a086,https://newsatcl-pctr.c.yimg.jp/t/amd-img/20231215-00000036-sanspo-000-1-view.jpg?exp=10800,2023-12-15T09:00:00+09:00,2023-12-15T09:00:00+09:00,サンケイスポーツ,sanspo,サンケイスポーツ,1269,\n吉本新喜劇のユニット、秘蔵っ子の松浦景子\n吉本新喜劇の若手男女１２人ユニット「秘蔵っ子」が間寛平（７４）がホストを務める市民マラソン大会「フジパンＰｒｅｓｅｎｔｓ 淀川寛平マラソン ２０２３」（１２月１６、１７日、大阪・淀川河川公園）に駅伝＆ライブステージで参加する。９月にセカンドシングルをリリースし、勢いに乗るダンス＆ボーカルグループ。リーダーの松浦景子（２９）は「皆さまの少しでもパワーになれるよう精いっぱい頑張ります！」と大会を盛り上げることを誓った。\n\n新喜劇のＺ世代を象徴する「秘蔵っ子」が、生みの親、寛平の冠イベントに参戦。ＧＭとともに大会を盛り上げる。\n\n秘蔵っ子は寛平ＧＭプロデュースで今年デビュー。９月には第２弾シングル「オレたちゃ秘蔵っ子」をリリースするなど活動の幅を広げている。\n\n秘蔵っ子チームの一員として、１区間３キロを５人でタスキをつなぐ駅伝に参加する咲方響（２４）は「中学生時代の部活以来走っていないので、自分でも未知数ですが楽しく走りたいと思います。寒さに負けずがんばります！」と中学時代サッカー部で鍛えた貯金が残っているかは未知数だが、全力を振り絞るつもりだ。\n\nメンバーにはリーダーの筒井亜由貴（２９）、強心臓の新井崇史（２９）、ホラン千秋似の野崎塁（２８）、お色気担当の湯澤花梨（２５）が名を連ねた。\n\n駅伝のほかにも音楽ステージでパフォーマンスを披露し、会場を盛り上げる。松浦は「寛平師匠プロデュースの秘蔵っ子のパフォーマンスで、マラソンに参加される皆さまの少しでもパワーになれるよう精いっぱい頑張ります！！」と気合十分。「寛平師匠といえばマラソン。私たちも新喜劇の若手と言えば秘蔵っ子と言ってもらえるように精進してまいります。マラソン大好き♡」と、知名度アップを誓った。\n\n音楽ステージには寛平の長男でシンガーソングライターの間慎太郎（４２）も出演予定。デビュー曲となった「ＥＣＳＴＡＳＹ－Ｏｓａｋａ－秘蔵っ子Ｖｅｒｓｉｏｎ」は１９９６年に吉本新喜劇オールスターズがリリースした「エクスタシーＯＳＡＫＡ」を慎太郎がアレンジを加えリメーク。「オレたちゃ秘蔵っ子」も作詞作曲を手掛けている間柄だ。\n\n年に一度の寛平まつり。日本一おもろいマラソン大会で秘蔵っ子が歌って踊って突っ走る。\n\n★たむけんカレー２００食提供\n\n◆…帰国して参加するたむらけんじは会場内に焼き肉たむらを２日間出展。恒例のカレーを各日１００食提供する。１６日は午前８時から、１７日は午前７時半から引換券を出店ブース付近で配布する。老若男女誰でもＯＫ！ 年齢制限は設けない。太っ腹なたむけんに感謝感激だ。\n\n★トイレットペーパープレゼント\n\n◆…会場内のコアレックスブースへ紙パックを持参された方に、寛平マラソンオリジナルのトイレットペーパーをプレゼントする。数に限りがありますので、おひとり様につき１個。ブース内では参加費無料でワークショップを開催。お気軽にお立ち寄りください。,['https://newsatcl-pctr.c.yimg.jp/t/amd-img/20231215-00000036-sanspo-000-1-view.jpg?pri=l&w=426&h=640&exp=10800'],['https://news.yahoo.co.jp/articles/af483cc4f9c2762c8edf68981b39c1005197a086/images/000']
【今週の注目新馬】相沢厩舎ゆかりの血統グレースアイリス　絶好の動きに横山琉人騎手が騎乗直訴（サンケイスポーツ）,https://news.yahoo.co.jp/articles/9ac8880e08cb119c457f81e739cff1abc4f807da,https://newsatcl-pctr.c.yimg.jp/t/amd-img/default.jpg?exp=10800,2023-12-15T08:21:09+09:00,2023-12-15T13:58:51+09:00,サンケイスポーツ,sanspo,サンケイスポーツ,223,\nドゥラメンテ産駒のグレースアイリスは、母アイリスフィールも相沢厩舎に在籍して芝で２勝を挙げたゆかりの血統馬。１１月３０日の時点で美浦Ｗコース５ハロン６７秒９－１１秒６を馬なりでマークするなど動きは絶好で、稽古をつけている横山琉騎手がレースでの騎乗を直訴したほど。除外でデビューが１週延びた影響もなく、トレーナーは「お母さんもいい馬だったので、期待度は高い。小柄できゃしゃなところはあるけど、動きはいいし、走ってきそう」と好発進を見込んでいる。,[],[]
【今週の注目新馬】シルバーカレッジ軽快な走り　成長促す放牧が奏功し武幸師は好感触（サンケイスポーツ）,https://news.yahoo.co.jp/articles/73c4d23a0c1b4515b1f5cac7796bdce7863c0a67,https://newsatcl-pctr.c.yimg.jp/t/amd-img/20231215-00000032-sanspo-000-2-view.jpg?exp=10800,2023-12-15T08:21:02+09:00,2023-12-15T13:58:17+09:00,サンケイスポーツ,sanspo,サンケイスポーツ,309,\n武幸師が好感触を口にするシルバーカレッジ\nシルバーカレッジは８月末にゲート試験に合格したが、成長を促すために放牧に出された。これが功を奏し、１１月９日に栗東トレセンに帰厩後は順調に調整されている。６日にルメール騎手が乗ってＣＷコースで６ハロン８６秒５─１１秒９。１３日は同８４秒１─１２秒１と、ともに併せ馬で軽快な走りを披露した。武幸調教師は「動けるようになってきました。ハミ受けを気にするところがあるから、そのあたりに気をつけてレースに出したいですね」と好感触。クロフネ産駒の母シルバーポジーはダートでＪＲＡ３勝、伯父トリップはジャパンダートダービー２着だが、本馬は父がエピファネイアに替わり、芝でも動けそう。,['https://newsatcl-pctr.c.yimg.jp/t/amd-img/20231215-00000032-sanspo-000-2-view.jpg?pri=l&w=640&h=438&exp=10800'],['https://news.yahoo.co.jp/articles/73c4d23a0c1b4515b1f5cac7796bdce7863c0a67/images/000']
有働由美子アナ、「ｎｅｗｓ　ｚｅｒｏ」卒業　日テレ系〝夜の顔〟２０２４年３月で　後任は藤井貴彦アナ、「ｅｖｅｒｙ．」から〝異動〟（サンケイスポーツ）,https://news.yahoo.co.jp/articles/1fc2254b0ba19acbaf93c53ffb9ff7a1f6b8b874,https://newsatcl-pctr.c.yimg.jp/t/amd-img/20231215-00000021-sanspo-000-2-view.jpg?exp=10800,2023-12-15T07:30:01+09:00,2023-12-15T08:04:58+09:00,サンケイスポーツ,sanspo,サンケイスポーツ,587,\n有働由美子\n元ＮＨＫのフリーアナウンサー、有働由美子（５４）が２０２４年３月をもってメインキャスターを務める日本テレビ系報道番組「ｎｅｗｓ ｚｅｒｏ」（月～木曜後１１・０、金曜後１１・３０）を卒業することが１４日、同局から発表された。\n【写真】有働由美子、藤浪晋太郎と鳥谷敬氏に踏み込んだ質問ズバズバ\n２０１８年１０月から担当していたが、同局を通じてコメントを寄せ、「気づけば現在５４歳！ 次の新たなことにチャレンジするときは今しかないと考え、１年半前から相談させていただいていて、私のわがままを聞いてくださり、快く送り出してくれました」と前向きに決断。後任は同局系「ｎｅｗｓ ｅｖｅｒｙ．」（月～金曜後３・５０）メインキャスターの藤井貴彦アナ（５２）に決まった。\n\n「－ｚｅｒｏ」をめぐっては月曜キャスターの嵐・櫻井翔（４１）が来春に降板すると一部で報じられており、同局は本紙の取材に「検討中です」と回答。「－ｅｖｅｒｙ．」のメインキャスターは鈴江奈々アナ（４３）が続投し、新加入の森圭介アナ（４５）とタッグを組む。\n\n有働アナはこの日、「－ｚｅｒｏ」に生出演。目元や額に大きな絆創膏を貼った姿で「階段を踏み外して顔を打ってしまい、お見苦しくて申し訳ございません。忘年会シーズン、皆さんもお気をつけください」と呼びかけ、２度目の〝サプライズ〟で驚かせた。,['https://newsatcl-pctr.c.yimg.jp/t/amd-img/20231215-00000021-sanspo-000-2-view.jpg?pri=l&w=432&h=640&exp=10800'],"['https://news.yahoo.co.jp/articles/1fc2254b0ba19acbaf93c53ffb9ff7a1f6b8b874/images/000', 'https://www.iza.ne.jp/article/20231204-TACLKIELYFJABBD7QYBSV5WRCI/photo/TGJAGKM6YRINFGXOW72QWXVTEE/?utm_source=yahoo%20news%20feed&utm_medium=referral&utm_campaign=related_link']"
姫野和樹、ジョーンズ氏のラグビー日本代表ＨＣ就任に「楽しみ」「自分も安泰なわけではない」（サンケイスポーツ）,https://news.yahoo.co.jp/articles/7e9356c08b53faf1d711c0bcc75bc4730c2e8cb0,https://newsatcl-pctr.c.yimg.jp/t/amd-img/20231215-00000026-sanspo-000-1-view.jpg?exp=10800,2023-12-15T07:30:01+09:00,2023-12-15T07:30:01+09:00,サンケイスポーツ,sanspo,サンケイスポーツ,219,\n帰国し、会見するラグビー日本代表の姫野和樹主将 ＝千葉県成田市（撮影・佐藤徳昭）\nＷ杯フランス大会で日本の主将を務めたＦＬ姫野和樹（トヨタ）が１４日、オンライン取材に応じ、ジョーンズ氏のＨＣ就任について言及した。「たくさんの経験を経て帰ってきた。新たな価値観や考え方を教えてもらえると思うので楽しみ」と話した。今後に向けて「自分も（立場は）安泰なわけではない。常にベストプレーヤーでいるように集中してやっていきたい」と決意を語った。,['https://newsatcl-pctr.c.yimg.jp/t/amd-img/20231215-00000026-sanspo-000-1-view.jpg?pri=l&w=640&h=633&exp=10800'],['https://news.yahoo.co.jp/articles/7e9356c08b53faf1d711c0bcc75bc4730c2e8cb0/images/000']
ももクロ・高城れに、中日・宇佐見真吾と１年１カ月で離婚　　ともにＳＮＳで報告「出会えたことはとても幸せでした」「過ごした時間は本当にかけがえのないもの」（サンケイスポーツ）,https://news.yahoo.co.jp/articles/71aaef144933d47ccb6c06ef8e71db149c0e43d2,https://newsatcl-pctr.c.yimg.jp/t/amd-img/20231215-00000019-sanspo-000-4-view.jpg?exp=10800,2023-12-15T07:30:00+09:00,2023-12-15T08:52:28+09:00,サンケイスポーツ,sanspo,サンケイスポーツ,1052,\nももいろクローバーＺの高城れに（左）と、中日の宇佐見真吾捕手\nアイドルグループ、ももいろクローバーＺの高城れに（３０）が夫でプロ野球・中日の宇佐見真吾捕手（３０）と離婚したことを１４日、発表した。\n【写真】キュートなムエタイパンツ姿でキックを披露する高城れに\n自身のインスタグラムで「宇佐見さんと出会えたことはとても幸せでした。お互いにより良い人生を歩んでいけたら」と離婚を報告。昨年１１月、当時日本ハム所属だった宇佐見とサンケイスポーツ編集局などを訪れて幸せいっぱいに結婚を報告していたが、わずか１年１カ月後に離婚を電撃発表することになり、「あたたかく見守ってくださった皆様には感謝の気持ちでいっぱいです」とつづった。\n\n宇佐見も「この度、高城れにさんと十分に話し合いの上、離婚いたしました」とＳＮＳを更新。「高城さんと過ごした時間は本当にかけがえのないものでしたが、今後はお互いの意思を尊重し合い、それぞれの道を歩んでいきたい」と前を向いた。\n\n２人は２０１９年に出会い、昨年のシーズンオフに宇佐見がプロポーズしてゴールイン。高城はももクロの現役メンバーで初の既婚者になり、アイドルの電撃結婚とあって当時は話題を呼んだ。\n\n離婚発表を受け、ＳＮＳ上では「結婚には驚いたけど離婚にはもっと驚いた」など多くの声が。ももクロファンの〝モノノフ〟と思われる「俺らが支える！」などと気遣う投稿も多かった。\n\n■高城 れに（たかぎ・れに）\n\n１９９３（平成５）年６月２１日生まれ、３０歳。神奈川県出身。２００８年にももいろクローバーに結成メンバーとして参加。担当カラーは紫で最年長で、キャッチフレーズは「ももクロの鋼少女」。１０年に「いくぜっ！怪盗少女」でメジャーデビューし、１１年にももいろクローバーＺに改名し、１２年にＮＨＫ紅白歌合戦初出場。女優としては２０年にＮＨＫ「彼女が成仏できない理由」で森崎ウィン（３３）とダブル主演。特技は幽体離脱。\n\n■宇佐見 真吾（うさみ・しんご）\n\n１９９３（平成５）年６月４日生まれ、３０歳。千葉・松戸市出身。市柏高、城西国際大を経て２０１６年にドラフト４位で巨人入りし、１９年途中に日本ハムへ移籍。今年６月にトレードで中日へ移籍した。今季成績は２球団合算で７８試合に出場し、打率．２６２、３本塁打、１４打点。通算３６９試合で打率．２２４、１６本塁打、７５打点。１８１センチ、８８キロ。右投げ左打ち。来季年俸４１００万円。背番号３９。,['https://newsatcl-pctr.c.yimg.jp/t/amd-img/20231215-00000019-sanspo-000-4-view.jpg?pri=l&w=640&h=480&exp=10800'],"['https://news.yahoo.co.jp/articles/71aaef144933d47ccb6c06ef8e71db149c0e43d2/images/000', 'https://www.iza.ne.jp/article/20230903-STCXOI7QTZPOTNEDQ36CTII5ZU/photo/NDQ3G3DCUJOXZG245DCAQ5S2RY/?utm_source=yahoo%20news%20feed&utm_medium=referral&utm_campaign=related_link']"
阪神・岩崎優＆岩貞祐太が来季〝禁弾〟の対決　被本塁打多い方に罰ゲーム「オフにホームラン打つまで帰れません企画」　（サンケイスポーツ）,https://news.yahoo.co.jp/articles/54e898a160c7e443d87116c9175e46a010549b65,https://newsatcl-pctr.c.yimg.jp/t/amd-img/20231215-00000015-sanspo-000-2-view.jpg?exp=10800,2023-12-15T07:30:00+09:00,2023-12-15T08:29:02+09:00,サンケイスポーツ,sanspo,サンケイスポーツ,1090,\nトロピカルジュースで乾杯した岩崎㊧と岩貞。強力ブルペンを支える両左腕が来季はバチバチ！？（撮影・宮沢宗士郎）\n【ホノルル（米ハワイ州）１２月１３日（日本時間１４日）】バチバチや！！ 阪神・岩崎優投手（３２）と岩貞祐太投手（３２）が、優勝旅行先のハワイに到着。ブルペンを支える同期同学年コンビは来季、被本塁打対決を行うことを決めた。敗者には超過酷な罰ゲームも。南国の日差しに負けない？！アツーいバトルでブルペン陣の強化に努めていく。\n【写真】「残留してよかった」契約更改交渉を終え会見する岩貞祐太\n雲の切れ間から太陽の光が顔をのぞかせるハワイで、ブルペンを支える同期で同級生コンビに開戦のゴング。岩崎と岩貞がバチバチの被本塁打対決を繰り広げることが決まった。\n\n岩貞「被本塁打が多かった方は、オフにホームラン打つまで帰れません企画。どこかで記者のみなさんがトスを上げてくれて、ホームラン打つまで。どう？」\n\n岩崎「大丈夫ですよ」\n\nともに２０１４年入団で１９９１年生まれ。記者からの「来季の成績で何か勝負してほしい」というむちゃぶりに快く応えた。\n\n岩崎「（今季の被本塁打は岩崎が）３本と（岩貞が）２本」\n\n岩貞「じゃあ（岩崎で）確定やん。とりあえず今年は」\n\n岩崎「いや、（自分の方が）試合数が多いから」\n\n岩貞「俺は（５０試合登板で）２５試合で１本ということやろ？ （岩崎は６０試合登板で）２０試合で１本？ じゃあ俺の方がいいやん」\n\n仲むつまじい掛け合いもヒートアップ。あまりスポットライトが当たらない被本塁打数だが、短いイニングで勝負する中継ぎコンビとあって「絶対に少ないほうがいい」と口をそろえる指標だ。\n\nハワイでは梅野、原口を交えて同級生会を開催予定。いまや虎のベテラン世代となった９１年組の結束は強い。\n\n岩崎「長くやって来られているし、みんなで引っ張っていきたい」\n\n岩貞「上でバチバチやっているのが一番の理想。そういうのが何年も続くように継続したい」\n\n負ければシーズンオフに球場を借りて、トスバッティングでスタンドインさせるまで終わらないという罰ゲームは、岩貞自らが提案した。ところで、お互いの高校通算本塁打数は－。\n\n岩崎「多分、私は練習試合を入れて９本です」\n\n岩貞「僕は、０です。しっかりやります。（高校のときは）球場が広かったので」\n\n肩を組み、しのぎを削る〝岩岩コンビ〟が虎のブルペン陣を強くする。来年のハワイ旅行は、必死にバットを振る〝岩〇〟の姿が見られるかも？！（原田遼太郎）,['https://newsatcl-pctr.c.yimg.jp/t/amd-img/20231215-00000015-sanspo-000-2-view.jpg?pri=l&w=640&h=486&exp=10800'],"['https://news.yahoo.co.jp/articles/54e898a160c7e443d87116c9175e46a010549b65/images/000', 'https://www.iza.ne.jp/article/20231203-WDT3CNNAYFLTJFQBLVZATADE3E/photo/PI5KT6MIRNIWLOEYCMAMH4VCVY/?utm_source=yahoo%20news%20feed&utm_medium=referral&utm_campaign=related_link']"
阪神・岡田彰布監督、ハワイＶ旅行の祝賀会あいさつで年俸アップ指令「オーナーが『金はあります』言ってたから」（サンケイスポーツ）,https://news.yahoo.co.jp/articles/7493e6e8894794a4cf5f22b6ae764a4466733f0d,https://newsatcl-pctr.c.yimg.jp/t/amd-img/20231215-00000017-sanspo-000-2-view.jpg?exp=10800,2023-12-15T07:30:00+09:00,2023-12-15T08:26:25+09:00,サンケイスポーツ,sanspo,サンケイスポーツ,2164,\nハワイのホテルでの到着セレモニー中、突然の雨に驚く岡田監督\n【ホノルル（米ハワイ州）１２月１３日（日本時間１４日）】阪神・岡田彰布監督（６６）が優勝旅行先のハワイに到着。祝賀会での壇上あいさつで、来季も〝年俸アゲアゲ指令〟を出した。１８年ぶりのセ・リーグ優勝、３８年ぶりの日本一を達成し、ここまで猛虎戦士の来季年俸は今季から総額８億４８３０万円アップ（金額は推定）。まだまだ選手にも、球団にも〝伸びしろ〟があるとハッパを掛けた。\n【写真】ホテルに到着し記念撮影をする阪神・佐藤輝明と村上頌樹\n常夏の島で壇上に立った岡田監督は、いつにも増して冗舌だった。ハワイＶ旅行初日の夜に開催され、３００人超が参加した祝賀会。「アロハ～。アロハ～やね」。情緒たっぷりのあいさつで会場を沸かすと、さらに球団の懐事情を明かして喝采を浴びた。\n\n「今年もえらい給料上がっているよね。俺ら（首脳陣）上がれへんのに。これまた、来シーズン上がるから大変と思いますけど。まあ、お金いっぱいあるらしいですよ。（杉山）オーナーが『金はあります』言ってたから」\n\n１８年ぶりのセ・リーグ制覇、３８年ぶりの日本一を達成した岡田虎。今オフは選手の年俸もグーンと上がった。まだ全員の契約更改は終わっていないが、昨年と比較してここまで来季年俸は総額８億４８３０万円アップ。主力としてチームをけん引した近本、大山は１億５０００万円増を勝ち取り、来季プロ４年目を迎える伊藤将、中野は８０００万円増、佐藤輝は６５００万円増で１億円プレーヤーの仲間入りを果たした。それでも、猛虎フィーバーの恩恵を受けたタイガースは余力十分。指揮官はもっともっと稼げると尻を叩いた。\n\n「まだまだ上がる要素の、数字のね。もっとキャリアハイの数字を出せる選手はたくさんいると思うので」\n\n２０代を中心としたチーム構成で伸びしろは十分。若手相手に６６歳の知将が岡田の考えを落とし込み、シーズンが進むにつれて確かな手応えを得た。「毎試合毎試合、緊張感持ってね、どんどん成長してきて。４月より５月って順に強くなるんじゃないかと思ってたけど、本当にその通り強くなって。もう９月以降は本当に強いね。これは勝たないといけないというね」とシーズンを回顧。選手たちの成長を誰よりも間近で見てきたからこその〝アゲアゲ宣言〟だ。\n\n到着初日はあいにくの雨模様だったが、３４５人の大所帯でのＶ旅行に喜びがあふれた。「近年はね、チームのみんなで行動するというかね。みんなで勝ち取った優勝なのに優勝旅行に行かないとか、人数が少なくなっているとか。一体感がないというか、それをすごくユニホーム脱いでいるときですけど感じていました」と、チーム全体で喜びを分かち合う時間を大歓迎した。\n\n「大勢で楽しい会をできるので。選手もご苦労さまでしたし、家族は本当にありがとうございました。若い選手が多い中で、支えるの大変と思うんだけど。最終的に日本一という栄冠を勝ち取れた。本当にありがとうございました」\n\n感謝の宴で飛び出した年俸アップ指令。それに呼応して昇給を勝ち取る成績を残す選手が増えれば増えるほど、連覇への距離はぐんぐん近づく。（新里公章）\n\n◆金の雨とは\n\nプロレスラーのオカダ・カズチカが用いる決めぜりふの一部。プロレス界に金の雨を降らせる男として、レインメーカーの称号を持つ。入場時には場内にお金の雨を降らせ、勝利後のマイクパフォーマンスでは「○○に金の雨が降るぞー！！」で締める。元ネタは米映画『レインメーカー』。レインメーカーとは、金を雨に例えて雨が降るように大金を稼ぐ弁護士のことを意味する。\n\n★平田ヘッドコーチが爆笑中締め\n\n祝賀会では平田ヘッドコーチが恒例となった中締めを行った。乾杯の音頭を取った新選手会長・中野のスピーチに「まだまだ。ワンパターンだよ」と笑った参謀は「きょうワイキキビーチを走らせていただきました。佐藤（輝）がバットを振っていたのでびっくりしました」と、ジョークを飛ばしてつかみはＯＫ。「１年間、おつかれ生でした。中締めみゆき（中島みゆき）のあいさつをさせていただきます。宴（円）もね、１４５円。ハワイでのショッピングは大変になってきましたが、楽しみましょう。エンジョイ！ ハワイ！ マハロー！ 解散！」。貫禄たっぷりのスピーチで場内を爆笑の渦に包んだ。\n\n★ハワイ州知事が早くも連覇願う\n\nハワイ州知事のジョシュ・グリーン氏はタイガース一行を笑顔で歓迎した。「ビーチに行っていただいて、リラックスして、ぜひ来年も優勝していただきたい。ウエートリフティングをしっかりして、次のシーズンに向けて鍛えてください！」と、冗談交じりに連覇に向けてパワーアップ指令を出した。\n\n★虎党パイロットの操縦でハワイへ\n\nハワイに向かう機内で粋なサプライズがあった。機長は物心がついたときから虎党で、３８年前も神宮球場でリーグ優勝の瞬間に立ち会っていた。「３８年後に今度は機長として、こうしてみなさんをハワイへの優勝旅行へとご案内できることになって、本当に感無量で幸せでございます。心を込めてホノルルまで運行いたします」とアナウンスした。,['https://newsatcl-pctr.c.yimg.jp/t/amd-img/20231215-00000017-sanspo-000-2-view.jpg?pri=l&w=640&h=630&exp=10800'],"['https://news.yahoo.co.jp/articles/7493e6e8894794a4cf5f22b6ae764a4466733f0d/images/000', 'https://www.iza.ne.jp/article/20231214-GMKNDDG7GFJ5NNVXAVKZ67CEAA/photo/5KISZDP7ABLRBJGWBOX5VE76CY/?utm_source=yahoo%20news%20feed&utm_medium=referral&utm_campaign=related_link']"
阪神・大山、愛妻のための旅　〝妻〟高のハワイ思い出作る「僕より、奥さんがやりたいことを」（サンケイスポーツ）,https://news.yahoo.co.jp/articles/77a8e4cc95219288e013b789e9a7c4f117a7a727,https://newsatcl-pctr.c.yimg.jp/t/amd-img/20231215-00000016-sanspo-000-2-view.jpg?exp=10800,2023-12-15T07:30:00+09:00,2023-12-15T08:33:51+09:00,サンケイスポーツ,sanspo,サンケイスポーツ,1011,\n祝賀会で誕生日祝いのサプライズ。大山㊧と中西通訳は満面の笑みだ（撮影・宮沢宗士郎）\n【ホノルル（米ハワイ州）１２月１３日（日本時間１４日）】阪神・大山悠輔内野手（２８）が優勝旅行先のハワイに到着。日ごろの感謝を込め、奥さん孝行の優勝旅行にすることを誓った。\n【写真】連覇優先〟で単年契約した大山悠輔\n何も迷うことはない。とにかく、愛妻に楽しんでもらう。大山がＶ旅行で目指す〝ゴール〟は、それだけだ。ハワイに到着し、セ・リーグ制覇、日本一を達成した虎のご褒美期間がスタート。主砲は普段は見せない優しい表情で奥さん孝行の旅を誓った。\n\n「僕がというよりは、奥さんがやりたいことをまずはやろうと思っているので。本当、ずっと楽しみにしてくれてましたし、いろいろやりたいことは自分の中であるみたい。それにしっかり付き合って。この旅行は」\n\n２０２１年に結婚。厳しいプレッシャーを、二人三脚で何度も乗り越えてきた。球場へ向かうために自宅を出る際は、いつも「頑張れ」と言葉を掛けられ、背中を押してもらった。\n\n「一人ではこの１年間乗り切れなかった。オフシーズンは逆の立場というか、そういう時間にしたいなと思ってますね」\n\n今季は「４番・一塁」で全試合に出場し、自身初タイトルの最高出塁率（・４０３）を獲得。一塁手でゴールデングラブ賞、ベストナイン賞も受賞した。そんな充実のシーズンを送れたのは、支えてくれた奥さんの存在があってこそだ。\n\n愛妻はアクティブ系が趣味。ダイヤモンドヘッドなど、自然豊かなハワイならではの山登りも候補に挙がる。「（妻が）いろいろ調べて、ここ行きたいとは言っていたので。その中で、自分も何か見つけられればいい」とうなずいた。\n\nグラウンドでは頼もしい背中を見せて猛虎を引っ張った男が、ハワイでは奥さんの横に寄り添う。かけがえのない時間を過ごして英気を養い、連覇を目指す２０２４年もともに戦い抜く。\n\n★２９歳バースデー\n\n祝賀会で大山がサプライズバースデーセレモニーを受けた。１９日に２９歳となる大砲は、優勝旅行期間中が誕生日のチームスタッフらと登壇。バースデーケーキのろうそくを笑顔で吹き消した。「今回、優勝旅行中に誕生日を迎えるということで、一生忘れられない誕生日になると思います。みなさん、ありがとうございます！」。場内に広がった温かい拍手に声を弾ませて感謝した。,['https://newsatcl-pctr.c.yimg.jp/t/amd-img/20231215-00000016-sanspo-000-2-view.jpg?pri=l&w=640&h=623&exp=10800'],"['https://news.yahoo.co.jp/articles/77a8e4cc95219288e013b789e9a7c4f117a7a727/images/000', 'https://www.iza.ne.jp/article/20231210-SKNQW7XDPFLWLFRSRE2MDZQL6E/photo/XFJJAESA7JM4PLUEHOEGACCXJA/?utm_source=yahoo%20news%20feed&utm_medium=referral&utm_campaign=related_link']"
エディー改革！超速ラグビーでＷ杯トップ８　９年ぶり日本代表ＨＣ復帰会見で約束　すでに大学生に注目「ポテンシャルを最大限引き出したい」（サンケイスポーツ）,https://news.yahoo.co.jp/articles/5950ea8d6dbd87d2413e84181e76e6963b6f75b2,https://newsatcl-pctr.c.yimg.jp/t/amd-img/20231215-00000023-sanspo-000-2-view.jpg?exp=10800,2023-12-15T07:30:00+09:00,2023-12-15T08:12:57+09:00,サンケイスポーツ,sanspo,サンケイスポーツ,1283,\n日本代表ヘッドコーチへの復帰が決まり、記者会見するエディー・ジョーンズ氏。〝超速ラグビー〟で、まずはＷ杯８強入りを目指す（撮影・萩原悠久人）\nラグビー日本代表の新ヘッドコーチ（ＨＣ）に就任することが決まったエディー・ジョーンズ氏（６３）が１４日、東京都内で会見した。２０２７年Ｗ杯オーストラリア大会に向けて「超速ラグビー」をテーマに掲げ、「ターゲットはトップ８。相手より速く動くラグビーを目指したい」と抱負を語った。南アフリカから金星を挙げた１５年Ｗ杯イングランド大会以来の復帰で、任期は２０２４年１月１日から２７年Ｗ杯まで。\n【写真】「代表をおおいにサポートしたい」将来的なＨＣ就任にも前向きのルディケ氏\nジョーンズ氏が９年ぶりに日本代表の指揮を執る。４年後のＷ杯に向け、記者会見で決意を表明した。\n\n「まずはトップ８。常に高いレベルをキープできることを目指したい」\n\nジョーンズ氏がＨＣを務め、南アフリカからの金星など歴史的３勝を挙げたＷ杯２０１５年大会後、ジェイミー・ジョセフＨＣのもと、自国開催の１９年大会で初の決勝トーナメント進出を果たした。\n\nしかし、今秋のＷ杯フランス大会は１次リーグ敗退。次回の２７年オーストラリア大会で再びベスト８入りするため、テーマに掲げたのは「超速ラグビー」だ。\n\n「相手より速く動く、速くレスポンス（対応）する。そういったラグビーをしていきたい」とイメージを明かした。さらに、タックルを受けて倒れてもすぐに立ち上がるといった肉体的な対応だけではなく、「素早く考えて決断する。〝ラグビー脳〟を速くしていかないといけない」と続けた。\n\n日本は世代交代の時期を迎えている。ジョーンズ氏は「大学にもフィジカルの強い選手が多い。ポテンシャル（潜在能力）を最大限引き出したい。システムをうまく作り上げて育成していくことが大事だ」と〝金の卵〟の発掘や育成の重要性を熱弁。海外出身選手の活躍が日本の躍進を後押ししているが、「リーグワンを見ているとポテンシャルの高い選手がたくさんいる。代表に日本人の選手をもう少し増やしたい」と見据えた。\n\nＷ杯で０３年に母国オーストラリア、１９年はイングランドを指揮して準優勝に導いた名将は「日本はレベルアップし、国民に愛されるチームになった。それをますます力強いものにしてきたい」。日本が再び世界を驚かせる戦いが始まる。（石井文敏）\n\n★ルディケ氏は\n\n日本代表次期ＨＣの最終選考に残りながら落選したリーグワン、東京ベイのフラン・ルディケＨＣが１４日、千葉・船橋市での練習後に取材に応じた。「友人としてジョーンズ氏におめでとうといいたい。東京ベイの選手が必要というなら、おおいにサポートしたい」と日本代表への協力を明言した。\n\n日本協会から１３日夜に電話で回答があり、選手にはこの日の練習前に落選を伝えた。将来的な日本代表ＨＣ就任については「日本に８年間いて、自分を成長させてくれた。日本の選手を率いて日本のために戦いたいという気持ちはある」と前向きに語った。,['https://newsatcl-pctr.c.yimg.jp/t/amd-img/20231215-00000023-sanspo-000-2-view.jpg?pri=l&w=640&h=459&exp=10800'],"['https://news.yahoo.co.jp/articles/5950ea8d6dbd87d2413e84181e76e6963b6f75b2/images/000', 'https://www.iza.ne.jp/article/20231214-ZLAM4VS6ZZCHJOGELO2M7N7VBI/photo/DVPWQ5N6ZNO3TF44BA36WNZ2DU/?utm_source=yahoo%20news%20feed&utm_medium=referral&utm_campaign=related_link']"
井上咲楽＆オズワルド畠中悠、連日お泊まり真剣交際　所属事務所「プライベートは本人に任せています」（サンケイスポーツ）,https://news.yahoo.co.jp/articles/f75eed7c9ec3727ec118565247cd44a2ca1c4e69,https://newsatcl-pctr.c.yimg.jp/t/amd-img/20231215-00000027-sanspo-000-2-view.jpg?exp=10800,2023-12-15T07:30:00+09:00,2023-12-15T08:07:32+09:00,サンケイスポーツ,sanspo,サンケイスポーツ,956,\n井上咲楽（左）と、お笑いコンビ「オズワルド」の畠中悠\nタレント、井上咲楽（２４）とお笑いコンビ、オズワルドのボケ担当、畠中悠（３６）が真剣交際していると１４日更新の「ＦＲＩＤＡＹ ＤＩＧＩＴＡＬ」が報じたことを受け、双方の所属事務所は同日、サンケイスポーツの取材に「プライベートは本人に任せています」と否定しなかった。\n【写真】「イメチェン中毒なんです」ロングヘアを約15センチカットした井上咲楽\n初ロマンスが発覚した畠中はＸを更新し、「色々話したいところですが、来週のラジオを待たれよ！」と予告。２０日放送のＴＢＳラジオ「ほら！ここがオズワルドさんち！」（水曜深夜０・０）でアツアツな恋バナが聞けそうだ。\n\n２０１５年のホリプロスカウトキャラバンで芸能界入りした井上は、トレードマークの太眉を２０年末にカットし、美女に変身したと話題に。テレビ朝日系「新婚さんいらっしゃい！」などレギュラーを抱える人気者で、来年１月７日スタートのＮＨＫ大河ドラマ「光る君へ」（吉高由里子主演）に天皇の寵愛を受ける女御役で大河初出演するなど仕事も絶好調だ。\n\n一方、畠中は穏やかな性格と恋愛経験ゼロを公言していた生真面目キャラ。相方の伊藤俊介（３４）は、女優の伊藤沙莉（２９）の兄であり、女性お笑いコンビ、蛙亭のイワクラ（３３）との交際で有名だが、今回の熱愛で一気に注目の的となった。\n\n■井上 咲楽（いのうえ・さくら）\n\n１９９９（平成１１）年１０月２日生まれ、２４歳。栃木県益子町出身。２０１５年に「第４０回ホリプロタレントスカウトキャラバン」で特別賞を受賞。２１年９月に初フォトブック「さよならＭＡＹＵＧＥ」を発売。同５月にテレビ朝日系「警視庁・捜査一課長」で女優デビュー。レギュラーはテレ東系「おはスタ」など。\n\n■畠中 悠（はたなか・ゆう）\n\n１９８７（昭和６２）年１２月７日生まれ、３６歳。北海道出身。２０１１年に東京ＮＳＣに１７期生として入学。在学中にコンビ、Ｔ＆コークスを解散。１４年１１月にピン芸人として活動していたところ、Ｍ―１グランプリの決勝出場を目標に伊藤とコンビ結成。２１年にＡＢＣお笑いグランプリ優勝。Ｍ―１は１９年から４年連続でファイナリストになり、２１年は準優勝。,['https://newsatcl-pctr.c.yimg.jp/t/amd-img/20231215-00000027-sanspo-000-2-view.jpg?pri=l&w=640&h=480&exp=10800'],"['https://news.yahoo.co.jp/articles/f75eed7c9ec3727ec118565247cd44a2ca1c4e69/images/000', 'https://www.iza.ne.jp/article/20230823-FCV4TORUIJLXTE36SSQ6R5BNV4/photo/VSCHGOQ7LZPJHMPJXDXCOYTQSU/?utm_source=yahoo%20news%20feed&utm_medium=referral&utm_campaign=related_link']"
阪神・村上頌樹、来季の優勝旅行はグレードアップした席で（サンケイスポーツ）,https://news.yahoo.co.jp/articles/135850ac740f59b5b6d6ee3b185d8cdd17b45ea1,https://newsatcl-pctr.c.yimg.jp/t/amd-img/20231215-00000024-sanspo-000-1-view.jpg?exp=10800,2023-12-15T07:30:00+09:00,2023-12-15T07:30:00+09:00,サンケイスポーツ,sanspo,サンケイスポーツ,230,\nハワイ優勝旅行でホテルに到着し、アロハポーズを決める佐藤輝㊧と村上\n村上は来季の優勝旅行での機内アップグレードを狙う。ハワイに向かうチャーター機の座席は、同学年の佐藤輝、才木、栄枝と並んだ４人掛けだった。首脳陣や主力はグレードの高い席でのフライト。「いいところに乗っていたので、いいなあと思っていました。そこに乗れるように、また優勝したいです」と笑顔で語った。到着後は白を基調としたアロハシャツを早速購入。夜の優勝祝賀会では仲間たちと喜びを分かち合った。,['https://newsatcl-pctr.c.yimg.jp/t/amd-img/20231215-00000024-sanspo-000-1-view.jpg?pri=l&w=640&h=444&exp=10800'],['https://news.yahoo.co.jp/articles/135850ac740f59b5b6d6ee3b185d8cdd17b45ea1/images/000']
阪神Ｄ２位・椎葉、〝万バズ〟の誓い　休日返上で練習（サンケイスポーツ）,https://news.yahoo.co.jp/articles/f6212f110394793754d686fd2ba307b8423cfe89,https://newsatcl-pctr.c.yimg.jp/t/amd-img/20231215-00000025-sanspo-000-1-view.jpg?exp=10800,2023-12-15T07:30:00+09:00,2023-12-15T07:30:00+09:00,サンケイスポーツ,sanspo,サンケイスポーツ,202,\n阪神Ｄ２位・椎葉、〝万バズ〟の誓い 休日返上で練習\n阪神Ｄ２位の椎葉（ＩＬ徳島）は１４日、休日返上で、キャッチボールやランニングで汗を流した。普段からＳＮＳでエゴサーチをよく行うという。「『ドラフト２位の椎葉は期待』みたいなのを見たら、うれしいなというのはすごくあった。（フォロワーは）いまは２０００くらいですけど、（結果を残して）万超えたいですね」と、〝万バズ〟を目指して活躍を誓った。（鳴尾浜）,['https://newsatcl-pctr.c.yimg.jp/t/amd-img/20231215-00000025-sanspo-000-1-view.jpg?pri=l&w=640&h=453&exp=10800'],['https://news.yahoo.co.jp/articles/f6212f110394793754d686fd2ba307b8423cfe89/images/000']
阪神・森下翔太、ゴルフの目標は１１０台（サンケイスポーツ）,https://news.yahoo.co.jp/articles/3f98fae9dd8ce4e4cd42c1a0a9484970205d1000,https://newsatcl-pctr.c.yimg.jp/t/amd-img/20231215-00000022-sanspo-000-1-view.jpg?exp=10800,2023-12-15T07:30:00+09:00,2023-12-15T07:30:00+09:00,サンケイスポーツ,sanspo,サンケイスポーツ,177,\nハワイ優勝旅行でウクレレ奏者に歓迎された森下\n森下は到着後、ウクレレ奏者に歓迎を受けた。「リラックスして過ごしたい。とりあえず、おいしいご飯を食べれたらと思っています」と初めてのハワイに胸を躍らせた。２日目からはゴルフを楽しむ予定。「１３０、１２０ときているので、１１０で回れたら。優勝旅行なので、楽しんで、ゆっくりしたい」と充実した時間を過ごす。,['https://newsatcl-pctr.c.yimg.jp/t/amd-img/20231215-00000022-sanspo-000-1-view.jpg?pri=l&w=640&h=480&exp=10800'],['https://news.yahoo.co.jp/articles/3f98fae9dd8ce4e4cd42c1a0a9484970205d1000/images/000']
阪神育成Ｄ１位・松原、湯浅から助言で寮長さんにお土産（サンケイスポーツ）,https://news.yahoo.co.jp/articles/5e1fd2ebb0a8e63f45ca3e0adee92f9018f3a167,https://newsatcl-pctr.c.yimg.jp/t/amd-img/20231215-00000014-sanspo-000-1-view.jpg?exp=10800,2023-12-15T07:30:00+09:00,2023-12-15T07:30:00+09:00,サンケイスポーツ,sanspo,サンケイスポーツ,214,\n阪神育成Ｄ１位・松原、湯浅から助言で寮長さんにお土産\n阪神育成Ｄ１位の松原（日本海Ｌ富山）は１４日、入寮前に同じ富山出身の湯浅に受けたアドバイスを明かした。「『お土産持っていけ』と。富山の甘金丹というお菓子を寮長さんとスタッフさんに渡しました」。休日返上練習ではポール間ダッシュで２本とも３０秒の設定タイムをクリア。「富山ではタイムを切れなくて、やばいなと思っていたんですけど、今日は切れたので」と汗をぬぐった。（鳴尾浜）,['https://newsatcl-pctr.c.yimg.jp/t/amd-img/20231215-00000014-sanspo-000-1-view.jpg?pri=l&w=640&h=453&exp=10800'],['https://news.yahoo.co.jp/articles/5e1fd2ebb0a8e63f45ca3e0adee92f9018f3a167/images/000']
阪神・佐藤輝明、現地コーディネーターに〝アレンパ〟約束（サンケイスポーツ）,https://news.yahoo.co.jp/articles/18319e5aa2f279fe5d3af6f6ee315b042d3d42bd,https://newsatcl-pctr.c.yimg.jp/t/amd-img/20231215-00000018-sanspo-000-1-view.jpg?exp=10800,2023-12-15T07:30:00+09:00,2023-12-15T07:30:00+09:00,サンケイスポーツ,sanspo,サンケイスポーツ,207,\nハワイ優勝旅行でホテルに到着し、アロハポーズを決める佐藤輝㊧と村上\n佐藤輝はハワイでゆっくりと羽を伸ばす。「（マリンスポーツは）しないっす。ゆっくりしにきたんですよ！ ステーキとかいろいろありそうなので。イタリアンとかおいしそうなところをもうチェックしてますよ」。現地のコーディネーターから「来年もここ（ホテル）予約してますから来てくださいね」と声を掛けられると「もちろんです！」と〝アレンパ〟を誓っていた。,['https://newsatcl-pctr.c.yimg.jp/t/amd-img/20231215-00000018-sanspo-000-1-view.jpg?pri=l&w=640&h=444&exp=10800'],['https://news.yahoo.co.jp/articles/18319e5aa2f279fe5d3af6f6ee315b042d3d42bd/images/000']
阪神・中野拓夢、ハワイ満喫宣言「楽しむことだけを考えて過ごしたい」（サンケイスポーツ）,https://news.yahoo.co.jp/articles/72820839719178c6f12436b16999d9f56ceeb20b,https://newsatcl-pctr.c.yimg.jp/t/amd-img/20231215-00000020-sanspo-000-1-view.jpg?exp=10800,2023-12-15T07:30:00+09:00,2023-12-15T07:30:00+09:00,サンケイスポーツ,sanspo,サンケイスポーツ,230,\nハワイ優勝旅行のホテル到着セレモニーで花束を受け取った中野\n新選手会長の中野は優勝祝賀会で「こんばんは。いや、アロハー。この優勝祝賀会パーティーをみなさんでよりよいパーティーにできるように盛り上げて楽しくやっていきましょう」と乾杯の音頭を取った。ＷＢＣ優勝に始まり、フルイニング出場で日本一を達成するなど、虎戦士で最も長い１年を戦った。「ワクワクしながら来たので、これからのハワイの生活が楽しみ。ハワイを楽しむことだけを考えて過ごしたい」と声を弾ませた。,['https://newsatcl-pctr.c.yimg.jp/t/amd-img/20231215-00000020-sanspo-000-1-view.jpg?pri=l&w=537&h=640&exp=10800'],['https://news.yahoo.co.jp/articles/72820839719178c6f12436b16999d9f56ceeb20b/images/000']
沢尻エリカ、２２日発売「ＧＩＮＧＥＲ」で４年ぶり雑誌表紙　４年ぶり活動再開の経緯告白「本当にいろいろ」（サンケイスポーツ）,https://news.yahoo.co.jp/articles/325253789a34838c631e1925a7167f988fbf3188,https://newsatcl-pctr.c.yimg.jp/t/amd-img/20231215-00000011-sanspo-000-3-view.jpg?exp=10800,2023-12-15T06:00:03+09:00,2023-12-15T10:34:53+09:00,サンケイスポーツ,sanspo,サンケイスポーツ,574,\n「ＧＩＮＧＥＲ」の表紙に使われた黒いドレス姿の沢尻。胸の谷間やくびれたウエストがセクシーだ©2024年3月増刊特別号 幻冬舎刊 撮影／伊藤彰紀（aosora)\n１１月に芸能活動の再開を発表した女優、沢尻エリカ（３７）が、２２日発売の女性ファッション誌「ＧＩＮＧＥＲ（ジンジャー）」（幻冬舎刊）の３月特別増刊号で４年ぶりに雑誌の表紙を飾ることが１４日、分かった。\n【写真】「下ファーになってますけど」エイベックス・松浦勝人会長のYouTube動画にセクシードレス姿で登場した沢尻エリカ\n胸の谷間があらわになった黒いワンピース姿でクールな視線を送るカットで、雑誌の表紙を飾るのは２０１９年９月の「ＭＡＱＵＩＡ」の１１月号以来。このほか茶色のファーをまとって振り向く姿など４変化で８ページにわたって登場している。\n\nインタビューでは２０２０年の薬物事件での活動休止から約４年ぶりの再開に至った経緯について「いろいろですね。本当にいろいろ」とつぶやき、率直に告白。\n\n女優復帰作となる２０２４年２月の主演舞台「欲望という名の電車」（同２月１０～１８日、東京・新国立劇場中劇場）については「不安半分、楽しみ半分というのが正直なところ。この舞台に向けて一点集中。演技の世界に戻ると決めた今、私のなかに初めて〝夢〟ができたんです」と語っている。,['https://newsatcl-pctr.c.yimg.jp/t/amd-img/20231215-00000011-sanspo-000-3-view.jpg?pri=l&w=439&h=640&exp=10800'],"['https://news.yahoo.co.jp/articles/325253789a34838c631e1925a7167f988fbf3188/images/000', 'https://www.iza.ne.jp/article/20230821-QRQ47YCZ3VHIBB7N4IGOAICZDI/photo/UKUPEUOSABFWVE6ZI5265R5K24/?utm_source=yahoo%20news%20feed&utm_medium=referral&utm_campaign=related_link']"
【尼崎ボート・ヴィーナスシリーズ第１７戦】スロー発進にこだわる個性派・池田奈津美が今節初白星奪取を目指す（サンケイスポーツ）,https://news.yahoo.co.jp/articles/d4bab45b9dac127bf270d3511815f7ba63b8db78,https://newsatcl-pctr.c.yimg.jp/t/amd-img/20231215-00000008-sanspo-000-1-view.jpg?exp=10800,2023-12-15T05:34:00+09:00,2023-12-15T05:34:00+09:00,サンケイスポーツ,sanspo,サンケイスポーツ,266,\n池田奈津美\n尼崎ボートの「ヴィーナスシリーズ第１７戦 尼崎プリンセスカップ」は１５日、予選３日目を迎える。\n\n◇\n\n上昇ムードで次こそ白星奪取よ。初日２、４着発進だった池田奈津美（２９、福岡）は１４日の９Ｒで４枠から２コースへ進出。逃げた浜田亜里沙（埼玉）は捕らえられなかったが、センター＆アウト勢を受け止めて、しっかり２着を確保した。「初日よりよくなっています。スタートも持ったし、悪くないですね」と手応えは上々だ。１５日の３日目４、８Ｒは２、５枠。現役女子選手では珍しいスロー発進にこだわる個性派から目が離せない。,['https://newsatcl-pctr.c.yimg.jp/t/amd-img/20231215-00000008-sanspo-000-1-view.jpg?pri=l&w=467&h=640&exp=10800'],['https://news.yahoo.co.jp/articles/d4bab45b9dac127bf270d3511815f7ba63b8db78/images/000']
【下関ボート・サンケイスポーツ杯】上積みを実感するインの鬼・石川真二が白星を狙い続ける（サンケイスポーツ）,https://news.yahoo.co.jp/articles/cc2ac7d62030d83c9c84b4106ba51a1c01cc69c8,https://newsatcl-pctr.c.yimg.jp/t/amd-img/20231215-00000009-sanspo-000-1-view.jpg?exp=10800,2023-12-15T05:35:00+09:00,2023-12-15T05:35:00+09:00,サンケイスポーツ,sanspo,サンケイスポーツ,265,\n石川真二\n下関ボートの「サンケイスポーツ杯 準優進出バトル」は１５日、予選最終日を迎える。\n\n◇\n\n本領発揮だ。石川真二（５３、福岡）は１４日の予選３日目５Ｒで２着。５枠からピット離れでインを奪取すると、益田啓司（福岡）のまくりを浴びながらも巧みに残した。「回転を上げて２日目よりいい」と良化を感じ取るが、「まだ上はいる。抜けた状態にしたい」と節イチを目指して調整を続けていく。２０１８年８月の１０連勝完全を含め通算４Ｖの当地で、〝インの鬼〟が４日目３、１２Ｒ（後半は一般戦）も進入から妥協を許さず白星を狙っていく。,['https://newsatcl-pctr.c.yimg.jp/t/amd-img/20231215-00000009-sanspo-000-1-view.jpg?pri=l&w=426&h=640&exp=10800'],['https://news.yahoo.co.jp/articles/cc2ac7d62030d83c9c84b4106ba51a1c01cc69c8/images/000']
【まるがめボート・ＧＩ京極賞】決定力の高さをみせる磯部誠が大会連覇で住之江グランプリへ（サンケイスポーツ）,https://news.yahoo.co.jp/articles/0e50c9fa90734b0f65586e437f5f1391d0860584,https://newsatcl-pctr.c.yimg.jp/t/amd-img/20231215-00000007-sanspo-000-1-view.jpg?exp=10800,2023-12-15T05:33:00+09:00,2023-12-15T05:33:00+09:00,サンケイスポーツ,sanspo,サンケイスポーツ,256,\n磯部誠\nまるがめボートの開設７１周年記念競走「ＧⅠ京極賞」は１５日、第１２Ｒで優勝戦が行われる。\n\n◇\n\n前回覇者が今回も最後に笑う。磯部誠（３３、愛知）は１４日の準優１０Ｒを逃げ切って優出一番乗りに成功。「今節はリズムがいいですね。タイムが出ているわけではないし、威張れるような足ではないです」と仕上がりには慎重な姿勢を崩さないが、最多の５勝をマークしたように勝負強さが光る。昨年１１月の７０周年は８戦６勝、オール３連対でＶ。３枠から連覇を果たして、次節の住之江グランプリへ抜群の勢いで乗り込む。,['https://newsatcl-pctr.c.yimg.jp/t/amd-img/20231215-00000007-sanspo-000-1-view.jpg?pri=l&w=622&h=640&exp=10800'],['https://news.yahoo.co.jp/articles/0e50c9fa90734b0f65586e437f5f1391d0860584/images/000']
【水上の女神～レーサーの素顔（２８８）】神里琴音（サンケイスポーツ）,https://news.yahoo.co.jp/articles/0f1c11b8ae234f18b133449bc7ee15e5b5ae5337,https://newsatcl-pctr.c.yimg.jp/t/amd-img/20231215-00000006-sanspo-000-1-view.jpg?exp=10800,2023-12-15T05:32:00+09:00,2023-12-15T05:32:00+09:00,サンケイスポーツ,sanspo,サンケイスポーツ,785,\n神里琴音\n次代のスター候補として輝きを放ちつつある。一昨年５月に芦屋でデビューした神里は、同年８月の宮島でデビュー初勝利。その後も着実に経験値を上げている福岡支部の成長株だ。\n\nキュートなルックスに見事にリンクする、かわいい声がＳＮＳ等で話題になっているが、活発な走りでも注目を集めている。最近では１１月の芦屋オールレディースの最終日２Ｒで、５コースからまくり差しを決めて３連単１４万円台という高配当の立役者となった。\n\n「練習してもまだまだ技量が足りないですね」と実戦で未熟さを痛感する一方で、「まくり差しは好きかもしれません」。ボートレーサーになって２年半が経過して、スタート力、旋回力は徐々に向上。今後もセンター、外からの思い切りのいいターンは要注目だ。\n\n話を聞いた時点（１１月・多摩川一般戦）で、２０２４年２月に行われるＧⅠⅠレディースオールスター（びわこ）のファン投票は中間発表で１７位だった。「最初は何かの間違いかなと思いました。自分としては４５位くらいに入っていたらいいなと考えていたので」と驚いていたが、１３日に発表された最終結果は１９位で大会初出場が決まった。\n\n「楽しみしかないです。初めての大きい舞台だし、いろいろ経験したいです」\n\n磨かれはじめたばかりの原石とはいえ、成長力は未知数な１９歳。出場中の鳴門一般戦はもちろん、大きな飛躍を遂げそうなこれからの活躍が楽しみだ。 （立山友基）\n\n＝次回は１月５日に掲載\n\n■神里 琴音（かみざと・ことね）２００４（平成１６）年６月１６日生まれ、１９歳。沖縄県出身。福岡支部所属。１２８期として２１年５月に芦屋でデビュー。趣味はショッピング。特技はテニス。好きな食べ物はオムライス。好きな言葉は『ありがとう』。現在は鳴門一般戦に出場中。１５２センチ、４５キロ。血液型Ｏ。,['https://newsatcl-pctr.c.yimg.jp/t/amd-img/20231215-00000006-sanspo-000-1-view.jpg?pri=l&w=480&h=640&exp=10800'],['https://news.yahoo.co.jp/articles/0f1c11b8ae234f18b133449bc7ee15e5b5ae5337/images/000']
堀田茜、初舞台＆座長に気合十分「初めてがこの作品で本当に恵まれている」（サンケイスポーツ）,https://news.yahoo.co.jp/articles/61dff3e8be2ff7ce72a582776b5e495dfb232923,https://newsatcl-pctr.c.yimg.jp/t/amd-img/20231215-00000004-sanspo-000-2-view.jpg?exp=10800,2023-12-15T05:00:02+09:00,2023-12-15T08:22:04+09:00,サンケイスポーツ,sanspo,サンケイスポーツ,568,\nイベントに出席した（左から）納谷健、樋口日奈、堀田、神谷圭介\nモデルで女優、堀田茜（３１）が１４日、東京シアターマーキュリー新宿でオムニバスコント「混頓 ｖｏｌ．２」（１５～１７日）の取材会を開催した。\n【写真】「人出が多い時は…」入念なパパラッチ対策明かす堀田茜\n「混頓」シリーズは、ＣＭをはじめとする映像の企画・演出・制作を行うアジアトップクラスのプロダクションであるＡＯＩ Ｐｒｏ．において、映画「怪物」など、これまで多くの劇場映画、テレビドラマの制作を担当したエンタテインメントコンテンツプロデュース部がプロデュースするコント公演。\n\n今作も２本立ての新作書き下ろしオムニバスコント形式で、一作目の脚本は演技派人気トリオのハナコ・秋山寛貴（３２）が担当する。\n\n初舞台で主演を務める堀田は「初めてのコント、舞台公演で、何から何まで手探りの状態ですが、初めてがこの作品で本当に恵まれているなと思います。稽古段階から和気あいあいと作らせて頂いています。明日はとうとう本番を迎えますが、楽しんで頂ける確信があります！」と笑顔。「作っている側がこんなに楽しいので、観てくださる方にもそれが伝わればいいなと思います。１人でも多くの方にご覧頂きたいです！ そして、今後も混頓がシリーズ化していくと嬉しいです」と力を込めた。,['https://newsatcl-pctr.c.yimg.jp/t/amd-img/20231215-00000004-sanspo-000-2-view.jpg?pri=l&w=640&h=426&exp=10800'],"['https://news.yahoo.co.jp/articles/61dff3e8be2ff7ce72a582776b5e495dfb232923/images/000', 'https://www.iza.ne.jp/article/20210519-GINLNJLSUJDR3DB2UGCXQOKYU4/photo/UYP62KOWNRG7BIS4CUOUHAZQOA/?utm_source=yahoo%20news%20feed&utm_medium=referral&utm_campaign=related_link']"
【住之江ボート・ＳＧグランプリ】注目選手（サンケイスポーツ）,https://news.yahoo.co.jp/articles/f549aba7e0e665f42579ffe975d133e36eddf8d5,https://newsatcl-pctr.c.yimg.jp/t/amd-img/20231215-00000005-sanspo-000-1-view.jpg?exp=10800,2023-12-15T05:31:00+09:00,2023-12-15T05:31:00+09:00,サンケイスポーツ,sanspo,サンケイスポーツ,742,\n峰竜太\n峰竜太が２年ぶりにグランプリの舞台に帰ってくる。１０月のダービー（蒲郡）では王道スタイルで頂点を極め、通算１００度目のＶを飾るととともに、全２４場制覇の偉業も同時に達成。１年１０カ月ぶりのＳＧ復帰戦で堂々と主役を演じ、ボートレース界のトップスターであることを改めてアピールした。\n\n今年は１１月のＳＧチャレンジカップ（三国）での準Ｖが決め手となり、４度目の選出順１位で９度目のＧＰ出場。３日目１２Ｒのトライアル２ｎｄ１回戦の１号艇で始動する。ＧＰは過去に２０１８年の第３３回（住之江）、２０年の第３５回（平和島）で優勝。前回出場した第３６回（住之江）では優勝戦で妨害失格、悔し涙を流した。名誉挽回を懸けて臨む今大会は、１０月のダービー優勝時に「〝最後の忘れ物〟としてグランプリを取りたい」と話していた通り、史上最多タイの３Ｖを果たそうとしている。\n\n１１日に終了した芦屋７１周年記念は茅原悠紀が自身１０度目のＧⅠ制覇。近況はＳＧとＧⅠで３場所連続優出と好調を持続している。\n\n今年は２月の中国地区選手権（児島）で自身初の地元ＧⅠＶを飾って弾みをつけると、ＳＧは平和島クラシック（３着）、徳山グランドチャンピオン（５着）、児島オーシャンカップ（４着）、蒲郡ダービー（５着）、三国チャレンジカップ（３着）の５大会で優出。コンスタントに賞金を積み上げ、選出順３位で２０年の第３５回（平和島）以来６度目のＧＰ出場を決めた。\n\n初戦となる３日目１１ＲのＴＲ２ｎｄ１回戦は２号艇で登場。絶好のリズムで臨む今大会こそ、６号艇で制した１４年の第２９回（平和島）以来２度目の黄金ヘルメットをかぶるシーンがありそうだ。（佐野友記）\n\n＝あすはグランプリシリーズの注目選手,['https://newsatcl-pctr.c.yimg.jp/t/amd-img/20231215-00000005-sanspo-000-1-view.jpg?pri=l&w=584&h=640&exp=10800'],['https://news.yahoo.co.jp/articles/f549aba7e0e665f42579ffe975d133e36eddf8d5/images/000']
ムロツヨシ、主演映画「身代わり忠臣蔵」完成報告　報道陣のみの会見「普通のお芝居より非常に緊張してこの場に」（サンケイスポーツ）,https://news.yahoo.co.jp/articles/69b6a89000e8070dec898c34e3c17952467ef1cf,https://newsatcl-pctr.c.yimg.jp/t/amd-img/20231215-00000003-sanspo-000-2-view.jpg?exp=10800,2023-12-15T05:00:01+09:00,2023-12-15T08:15:16+09:00,サンケイスポーツ,sanspo,サンケイスポーツ,345,\n『身代わり忠臣蔵』完成報告会見に登壇した永山瑛太（中央左）とムロツヨシ\n俳優、ムロツヨシ（４７）が１４日、東京都内で行われた主演映画「身代わり忠臣蔵」（河合勇人監督、２０２４年２月９日公開）の完成報告会見に共演の永山瑛太（４１）らと出席した。\n【写真】「こんな殺傷能力の高い…」平手友梨奈に「顔が臭い」と言われるムロツヨシ\n時代劇「忠臣蔵」をベースに吉良上野介とその弟、吉良孝証の〝身代わり〟を描くコメディー。\n\nこの日は赤穂浪士が吉良邸に討ち入りを果たした〝忠臣蔵の日〟。上野介と孝証の一人二役を演じたムロは坊主の劇中衣装で現れ、報道陣のみの会見に「普通のお芝居より非常に緊張してこの場に立っております。どんな状況でも１００点を目指す男でございます」とあいさつして笑わせた。,['https://newsatcl-pctr.c.yimg.jp/t/amd-img/20231215-00000003-sanspo-000-2-view.jpg?pri=l&w=640&h=426&exp=10800'],"['https://news.yahoo.co.jp/articles/69b6a89000e8070dec898c34e3c17952467ef1cf/images/000', 'https://www.iza.ne.jp/article/20231009-JSWX3QQJ5ZLJTO5HFSF6436ZDI/photo/OUB52SFXVZIGRNX3TA3PNDN6Y4/?utm_source=yahoo%20news%20feed&utm_medium=referral&utm_campaign=related_link']"
空気階段・水川かたまり、和牛３月解散に「びっくりです」（サンケイスポーツ）,https://news.yahoo.co.jp/articles/3738b20090323ddb66616a1be5d58c76be117241,https://newsatcl-pctr.c.yimg.jp/t/amd-img/20231215-00000002-sanspo-000-2-view.jpg?exp=10800,2023-12-15T05:00:01+09:00,2023-12-15T08:18:33+09:00,サンケイスポーツ,sanspo,サンケイスポーツ,348,\nＤＶＤ「空気階段 単独公演『無修正』」の取材会に出席した左から鈴木もぐら、水川かたまり＝東京都内\nお笑いコンビ、空気階段が１４日、東京都内で行われたＤＶＤ「空気階段 単独公演『無修正』」（税込み４１８０円）の取材会に出席した。\n【写真】きっかけは水田信二による複数回の遅刻…来年３月末で解散する和牛\n８月に開催した全国ツアーの最終公演で披露した新ネタのコント８本を収録。２０２４年３月末の解散を発表したお笑いコンビ、和牛について報道陣に聞かれると、水川かたまり（３３）は「噂とかも全然知らなかったのでびっくりです」と説明。相方の鈴木もぐら（３６）は芸人のコンビ仲について「不仲とかではなくて、楽屋で仲良く話したり、２人だけで出かけるコンビはほぼゼロ」と〝適度な距離感〟があると明かした。,['https://newsatcl-pctr.c.yimg.jp/t/amd-img/20231215-00000002-sanspo-000-2-view.jpg?pri=l&w=640&h=426&exp=10800'],"['https://news.yahoo.co.jp/articles/3738b20090323ddb66616a1be5d58c76be117241/images/000', 'https://www.iza.ne.jp/article/20231212-KYIP6RG56VLUHLCT4FHLH2SUL4/photo/5YPTFQVM4NPI7IOBHFZNG4SA2M/?utm_source=yahoo%20news%20feed&utm_medium=referral&utm_campaign=related_link']"
大谷翔平がディップ株式会社のブランドアンバサダーに就任　人生設計は「結婚、子供…平穏に暮らしたい」（サンケイスポーツ）,https://news.yahoo.co.jp/articles/0add275e83f6955633e03370ce94d47c7150d97b,https://newsatcl-pctr.c.yimg.jp/t/amd-img/20231215-00000001-sanspo-000-3-view.jpg?exp=10800,2023-12-15T04:00:00+09:00,2023-12-15T07:03:33+09:00,サンケイスポーツ,sanspo,サンケイスポーツ,558,\nディップ株式会社のブランドアンバサダーに就任した大谷翔平（提供写真）\n求人情報サイト「バイトル」などを運営するディップ株式会社（本社・東京都港区）は１４日、大谷翔平投手（２９）が同社のブランドアンバサダーに就任し、ＣＭ（放送日は後日発表）に起用することを発表した。\n【写真】ディップ株式会社の冨田社長と対談する大谷翔平\n同社求人サービスのスローガン「夢を叶える仕事に出会おう。」をテーマにしたＣＭの撮影は１１月２９日に米国で行われ、大谷は同社の冨田英揮社長（５７）と対談。その中で「毎年、対戦相手が変わり、レベルも上がっていく。数字的にはいい年でしたけど、今年と同じことを来年もやろうという考えだと、周り（のレベル）が上がってくる分、相対的には下がっているのと一緒」と持論を語り、「そういうの（チャレンジ）が趣味みたいな部分はある」と明かした。\n\n今季はア・リーグ最多の４４本塁打を記録。冨田社長から「来年は５０本、６０本、打ってやろうという思いは」と問われ「思いますね。できるとも思っていますし。もっと（目標を）高くいきたい」と即答。人生設計については「結婚、子供（子育て）を含め、平穏に暮らしたいというか。私生活はそういうふうでありたい。仕事柄、人前でプレーしているので、また違う楽しみ」と語った。,['https://newsatcl-pctr.c.yimg.jp/t/amd-img/20231215-00000001-sanspo-000-3-view.jpg?pri=l&w=501&h=640&exp=10800'],"['https://news.yahoo.co.jp/articles/0add275e83f6955633e03370ce94d47c7150d97b/images/000', 'https://www.iza.ne.jp/article/20231215-YCKM72PV4RNJLKGL7SMUBSSREE/photo/G4CGJ5R2DNPWPESJFKDZYDVK6Y/?utm_source=yahoo%20news%20feed&utm_medium=referral&utm_campaign=related_link']"
元キスマイ、北山宏光が２２日新曲配信＆２４年１月３１日ＣＤ発売　１月１１日フジ系「オドハラ」でＴＯＢＥ移籍後初テレビ（サンケイスポーツ）,https://news.yahoo.co.jp/articles/ebf37b939af2ca69939c899827cf54ba95efc915,https://newsatcl-pctr.c.yimg.jp/t/amd-img/20231215-00000000-sanspo-000-2-view.jpg?exp=10800,2023-12-15T00:00:00+09:00,2023-12-15T00:18:31+09:00,サンケイスポーツ,sanspo,サンケイスポーツ,370,\n北山宏光のアーティスト写真\n元Ｋｉｓ―Ｍｙ―Ｆｔ２の北山宏光（３８）が、２２日に新曲「ＪＯＫＥＲ」を配信することを１４日深夜、発表した。\n【写真】ＣＤシングル通常盤のジャケット写真\n疾走感あふれるロックナンバーについて「中毒性のあるメロディーが頭の中に一気に飛び込んできて、何度も聴きたくなる作品」とアピール。来年１月３１日には、旧ジャニーズ事務所（現ＳＭＩＬＥ－ＵＰ．）から滝沢秀明社長（４１）の芸能事務所、ＴＯＢＥに移籍後初の配信シングルであり、ソロデビュー曲の「乱心―ＲＡＮＳＨＩＮ―」も収録したＣＤシングルを発売する。\n\nまた、来年１月１１日、フジテレビ系バラエティー「オドオド×ハラハラ」（木曜後８・０）に元Ｖ６でＴＯＢＥ所属の三宅健（４４）とゲスト出演することも決定。北山は９月１７日に所属後初のテレビ出演となる。,['https://newsatcl-pctr.c.yimg.jp/t/amd-img/20231215-00000000-sanspo-000-2-view.jpg?pri=l&w=640&h=426&exp=10800'],"['https://news.yahoo.co.jp/articles/ebf37b939af2ca69939c899827cf54ba95efc915/images/000', 'https://www.iza.ne.jp/article/20231215-DQV5U35KDFJE7B235BKYUWAVEA/photo/7376QCP5CJI23DH3BVQ7MQFQIE/?utm_source=yahoo%20news%20feed&utm_medium=referral&utm_campaign=related_link']"
