headline,mainEntityOfPage,image,datePublished,dateModified,author,media_en,media_jp,str_count,body,images,external_links
「目をかけないのガチでかわいそう」　元競走馬が見せた“親近感あふれる姿”に同情の嵐　「なるんだ」（Hint-Pot）,https://news.yahoo.co.jp/articles/8f290130351a182e1ced41fcc7890176017ea1dd,https://newsatcl-pctr.c.yimg.jp/t/amd-img/20260819-00010015-hintpot-000-1-view.jpg?exp=10800,2026-08-19T21:11:19+09:00,2026-08-19T21:11:19+09:00,Hint-Pot,hintpot,Hint-Pot,1128,競走馬としても活躍していたエクレールくん【写真提供：エクレール（@eclair_pakapaka）さん】 花粉は一年を通して飛散しており、秋頃にはブタクサやヨモギの花粉に悩まされる人もいるでしょう。実は人だけでなく、動物にも影響がみられることがあるようです。春の花粉症シーズンには、馬の目の異変やくしゃみについて投稿の投稿が話題に。その後の様子や秋花粉の影響などについて投稿者さんにお話を伺いました。 【写真】「お前まさか…花粉症なのか…？」 元競走馬の“異変” 実際の投稿 ◇ ◇ ◇ 春花粉の季節に愛馬の目と鼻に異変 「目は赤いし、ときどきクシャミして……（熱はない） お前まさか……花粉症なのか……？」 投稿者さんは2026年3月22日、そんなコメントとともに1枚の写真を投稿。そこには、目が少し充血した茶色い馬が写っていました。うつろな表情を浮かべて、馬舎に佇んでいます。 投稿には、2.3万件もの“いいね”が集まりました。リプライ（返信）には「馬さんも花粉症になるんだ……ちょっとびっくり」「同じ花粉症ゆえに同情心が……」「目をかけないのガチでかわいそう」といった声が寄せられています。 反応したのは春の花粉、夏以降は影響が少なそう 目が充血していたエクレールくん【写真提供：エクレール（@eclair_pakapaka）さん】 注目を集めたのは、競走馬としても活躍していた6歳の男の子「エクレール」くんです。競走馬時代の名前は「カガヤキハリマオー」で、金色に輝くたてがみと顔にある派手な白い模様が特徴的。乗馬クラブでの指導員経験もある投稿者さんとは、馬主と愛馬の関係です。 投稿者さんがエクレールくんの異変に初めて気づいたのは、今年の3月頃でした。「普段よりくしゃみが多くて気怠そうにしていたため、風邪かと思ったが熱はありませんでした。顔を見ると目が赤く充血していたので花粉症を疑いました」と振り返ります。 連続でのくしゃみや目の充血は2日程度で落ち着き、その後は1日1回ほどくしゃみをする程度で鼻水が垂れることもなく、2週間ほどで症状はなくなったといいます。 これから、ブタクサやヨモギなどの秋花粉が気になる季節。エクレールくんの現在の様子を伺ったところ、今のところ体調に変化はないそうです。 「なんとなくですが春の花粉に反応している気がします。なので秋は出ないのではないかと思います」 暑さや花粉に負けず、健やかに日々を過ごしてほしいですね。投稿者さんとエクレールくんの日常は、インスタグラム（eclair_pakapaka）でも見ることができますよ。 ○取材協力：エクレール（@eclair_pakapaka）さん Hint-Pot編集部,[],[]
「フロントガラスは割れません」　警視庁が警告する車が水没した際の脱出法　必携アイテムの使い方と正しい置き場所とは（Hint-Pot）,https://news.yahoo.co.jp/articles/ca789ca8267a1c33e179d0cad603b930be3ba508,https://newsatcl-pctr.c.yimg.jp/t/amd-img/20260819-00010014-hintpot-000-1-view.jpg?exp=10800,2026-08-19T20:10:56+09:00,2026-08-19T20:10:56+09:00,Hint-Pot,hintpot,Hint-Pot,830,目にすることが多くなった冠水した道路（写真はイメージ）【写真：写真AC】 線状降水帯の発生やゲリラ豪雨などにより、予期せぬ水害が発生することが増えています。8月18日にも、千葉県をはじめとする関東地方が記録的な豪雨に見舞われました。こうした水害から命を守るため、警視庁警備部災害対策課の公式X（ツイッター）アカウント（@MPD_bousai）が紹介した、「緊急脱出ハンマー」の必要性や脱出方法が注目されています。 【写真】「フロントガラスは割れません」 警視庁が教える、備えておきたいもの 実際の投稿 ◇ ◇ ◇ フロントガラスは割れない!? ハンマーの正しい叩き方と置き場所 車が水没して水圧がかかると、内側からドアを開けるのは極めて困難になります。そんな緊急事態で命を守るアイテムが「緊急脱出ハンマー」です。同課は公式アカウントで、いざというときに正しく使うためのポイントと保管場所を呼びかけています。 「使用のコツは、ドアガラスの隅を垂直に数回叩くことです。また、フロントガラスは叩いても割れません。緊急脱出ハンマーはすぐに取り出せるドアポケットや、センターコンソール等に置いておきましょう」 添えられた写真には、先端のガラスクラッシャーに加え、柄の反対側にシートベルトカッターを備えた赤色の緊急脱出ハンマーが写っています。 リプライ（返信）や引用リポストには「車に乗る方は必携。災害は、どこでいつ起こるかわからない」「優れものですね」「手の届くところにテープで貼り付けておこうかなー？ とか思っています」といった共感の声が寄せられました。 また、なかには「緊急時用と思い片側が尖った普通のハンマーを車内に置いていたら、飲酒検問で警察官に疑われて尋問されたことがある」という実体験談も寄せられています。 いつ遭遇するかわからない水害。尊い命を守るためにも、専用の脱出ハンマーを用意し、車内の備えを改めて見直しておくと良いでしょう。 Hint-Pot編集部,[],[]
「ドイツではかっこいいって風潮だから」　ドイツ人カップルが日本の街角で驚き　実感した母国との違いとは（Hint-Pot）,https://news.yahoo.co.jp/articles/dd5b6ddf4b6e6434add962248376e835f4f67280,https://newsatcl-pctr.c.yimg.jp/t/amd-img/20260819-00010013-hintpot-000-1-view.jpg?exp=10800,2026-08-19T19:11:11+09:00,2026-08-19T19:11:11+09:00,Hint-Pot,hintpot,Hint-Pot,860,ドイツから来た（左から）リサさんとオスカーさん【写真：Hint-Pot編集部】 異国を旅行する醍醐味のひとつは、母国とは違う習慣や感覚を知ることにあるといえるでしょう。あるドイツ人カップルも念願の初訪日を果たし、街を歩くなかで新たな気づきを得ているといいます。ふたりが、ドイツとは“真反対の風潮”だと感じた日本人の習慣とは、いったいどのようなものだったのでしょうか。 【写真】ドイツ人が母国とは違う「風潮」を感じたものの写真 ◇ ◇ ◇ 「ずっと来てみたいと思っていて…」 夢だった初めての訪日 ドイツのミュンヘンからやってきたリサさんとオスカーさん。ふたりとも初めての日本で、滞在は3週間を予定しています。東京のほか、大阪、京都、そして沖縄へも足を延ばす計画です。 「日本にずっと来てみたいと思っていて、夢だったの。まだ到着したばかりなんだけれど、日本のことは事前にいろいろ調べてきたから、正直そこまで驚くようなことは今のところない。でも、想像以上に高層ビルが立ち並んでいて、大都市っていうことに少し驚いているかな」 日本の街中で感じた美意識の違い 日本について事前に調べてきたというリサさんですが、実際に街を歩くなかで人々の装いに“ある特徴”を見出しました。 「日本では日傘をさしている人も多いし、アームカバーをしている人が多いよね。焼きたくないのかな？」 リサさんのそんな疑問に対し、オスカーさんは母国での肌の焼け具合に対する受け止め方や傾向についてこう補足します。 「ドイツでは、焼けている肌の方がかっこいいって風潮だからね」 日焼けした健康的な肌が好まれる傾向のあるヨーロッパに対し、日本では紫外線から肌を守ろうとする意識が根強く見られます。さらに、日傘などは美容目的だけでなく、近年の猛暑対策や熱中症予防としての役割も大きくなっています。 母国との文化や価値観の違いに触れながら、観光を楽しんでいる様子のふたり。これから訪れる予定の各地でも、新たな発見をたくさん楽しんでほしいですね。 Hint-Pot編集部,[],[]
「国、知らんかったんかい！」　駐日ジョージア大使が異例の“お詫び文”を公開　ユーモアあふれる本音に爆笑の声（Hint-Pot）,https://news.yahoo.co.jp/articles/f6668afb181017ce2631c1ea3c55cde15ef24624,https://newsatcl-pctr.c.yimg.jp/t/amd-img/20260819-00010012-hintpot-000-2-view.jpg?exp=10800,2026-08-19T16:27:31+09:00,2026-08-19T16:51:30+09:00,Hint-Pot,hintpot,Hint-Pot,1220,ティムラズ・レジャバ駐日ジョージア大使【写真：黒澤崇】 日本の日常で繰り広げられる、街の人々とのなにげない会話や温かいおもてなし。日本の文化や人々の温かさに触れる機会は、外交官にとっても特別な体験となっているようです。その一方で、ジョージアの駐日特命全権大使を務めるティムラズ・レジャバさんは、大阪でタクシーを利用した際、自身の「重大な欠陥」に気づいたといいます。自身のX（ツイッター）アカウント（@TeimurazLezhava）で報告し、反響を呼んでいます。 【画像】ジョージア大使が出した“お詫び文” 実際の投稿 ◇ ◇ ◇ 必死のPRの裏で起きた“本末転倒”な事件 「私の業務における重大な欠陥に関するお詫びとお願い」 そんなコメントとともに投稿された、一枚の紙。そこには、公式文書のようなフォーマットで、丁寧なお詫び文が綴られています。右下には「駐日ジョージア大使 ティムラズ・レジャバ」の署名と押印風の文字、さらには発信元として「2026年8月」という日付まで記載された、本格的かつ公式感の漂う文書です。 しかし、その書面に記された内容はユーモアにあふれたものでした。先日、大阪でタクシーに乗車した際、運転手から「あ、大使ですね！」と声をかけられたというティムラズさん。道中も「大使、大使」と気さくに話が弾んだといいます。大阪のおすすめスポットやおいしいお店、家族の近況まで語り合い、日本の人々との温かい交流に喜びを感じていた様子でした。 ところが、目的地近くで、運転手から思いがけない質問が飛んできました。 「そういえば、あなたはどこの国の方でしたっけ？」 運転手の言葉に、思わず心の中で「国、知らんかったんかい！」とツッコミを入れ、タクシーのドアから落ちそうになったというティムラズさん。日頃、ジョージアについて積極的に発信をしていたものの、「自身がどこの国の大使であるか」という基本的な情報を伝えられていなかったことを振り返り、「本末転倒」であると反省の弁を述べています。 今後の対応として、「私はジョージアの大使です」という事実の周知徹底に努めると誓うティムラズさん。「この度の不手際につきまして、誰にお詫びをすべきかは、いまだ判然としませんが、この場をお借りして深くお詫び申し上げます。知らんけど」と、ユーモアたっぷりに締めくくっています。 投稿のリプライ（返信）には、「何が起きたのかとドキドキしたら、大爆笑でした」「国を置いて一人歩きする大使 大丈夫、これで完璧です」「粋ですなぁ、大使」といった声のほか、「Xでポストしたときに名前の欄のジョージア大使の部分が切れてしまうのも、ひとつの要因かもです」「できればバナーの端にジョージア国の位置も入れられるか、美しい写真の邪魔にならないようマップにリンクを貼ってはいかがでしょうか」などといった、周知のための温かいアドバイスも寄せられています。 Hint-Pot編集部,[],[]
「パパがそっといますね」　中村仁美さんが子どもたちと楽しんだ場所　家族とのひとときに反響　「良い夏休みですね～」（Hint-Pot）,https://news.yahoo.co.jp/articles/0ecb34e14b5d5e010b4f13176f9e09864bd92a1f,https://newsatcl-pctr.c.yimg.jp/t/amd-img/20260819-00010011-hintpot-000-1-view.jpg?exp=10800,2026-08-19T15:38:13+09:00,2026-08-19T15:38:13+09:00,Hint-Pot,hintpot,Hint-Pot,820,フリーアナウンサーの中村仁美さん【出典：インスタグラム（nakamura_hitomi_official）よりスクリーンショット】 子どもの夏休みは、家族で特別な思い出を作る絶好の機会です。フリーアナウンサーの中村仁美さんは、小学生の次男と三男たちとともに、話題のスポットを訪れたようです。特別なひとときを過ごした様子を、自身のインスタグラム（nakamura_hitomi_official）で報告。投稿に添えられた家族写真に、注目が集まっています。 【写真】「パパがそっといますね」 中村仁美さんが家族で過ごしたひととき 実際の投稿 ◇ ◇ ◇ 映画の世界に大興奮！ 笑顔あふれる体験とグルメ散策 中村さんが訪れたのは、人気作品の世界観を体験できる「ピクサーの世界展」。ピクサー映画はほぼ制覇しているという中村さん一家にとって、どのエリアも高揚感を誘う特別な空間だったようです。かわいいものが大好きだという次男は、終始「かわいい～」と悶絶していたことを明かしています。 投稿された写真には、映画『カーズ』のキャラクターとともに、作品の世界に入り込んだような記念ショットが収められていました。鮮やかな赤い車体の横で、中村さんや子どもたちが笑顔を見せており、楽しい雰囲気が伝わってきます。 展示を満喫したあとは、豊洲にある複合商業施設「千客万来」へと足を伸ばした中村さん一家。太鼓や笛の音が響き渡る賑やかな街並みを歩きながら、和の情緒あふれる雰囲気を満喫したようです。 写真には、スタンプで顔が隠れた“パパ”の姿も。ピースサインの息子の横に、中村さんの夫・さまぁ～ずの大竹一樹さんがそっと寄り添っています。貴重な家族とのひとときを過ごしたようです。 投稿のコメント欄には、「パパがそっといますね 良い夏休みですね～」「パパはいつものそっくりスタンプ」「子どもたちも楽しそうで良いですね」といった声が寄せられています。 Hint-Pot編集部,[],[]
「アメリカだったらすぐに盗まれる」　米国人カップルが母国との違いに驚愕　「まったく問題ない」と感じた日本の特徴とは（Hint-Pot）,https://news.yahoo.co.jp/articles/09ebf049c6ed94c1fe1161493e70f24697f9fdbe,https://newsatcl-pctr.c.yimg.jp/t/amd-img/20260819-00010010-hintpot-000-2-view.jpg?exp=10800,2026-08-19T14:20:15+09:00,2026-08-19T14:43:10+09:00,Hint-Pot,hintpot,Hint-Pot,1070,アメリカから来た（左から）ジョシュさんとアンジェラさん【写真：Hint-Pot編集部】 観光地や街中での治安は、旅行中の安心感や居心地の良さを左右する要素のひとつです。日本を訪れる外国人旅行者の中には、母国との日常風景の違いに驚く人も少なくありません。アメリカから訪れたカップルも、東京滞在中のなにげない出来事から、母国との違いを明確に感じたといいます。ふたりが目を見張った、日本ならではの“ある特徴”とは、いったいどのようなものだったのでしょうか。 【写真】アメリカ人が「アメリカだったらすぐに盗まれる」と違いを感じたものの写真 ◇ ◇ ◇ アメリカから日本へ 2回目の訪日 アメリカのシアトルからやってきたジョシュさんとアンジェラさん。ふたりとも日本を訪れるのは2回目となり、今回は1週間ほど東京に滞在する予定です。 アンジェラさんが初めて日本を訪れたのは30年ほど前で当時16歳のとき。一方のジョシュさんは約3年前が初めての訪日でした。アンジェラさんは今回の旅のきっかけについてこう話します。 「ジョシュは3年前に子どもたちと日本に初めて来て『すごく気に入った』って言っていたの」 ジョシュさんは日本を再訪することになった経緯と、前回の滞在時との違いについて触れてくれました。 「今回は僕の誕生日プレゼントでアンジェラがこの旅行をプレゼントしてくれたんだ。3年前に来た時は冬で、それにコロナ明けすぐのタイミングだったから、こんなに人が多くなかったし、季節もこの梅雨の時期とはまったく違うから印象が全然違うよ」 「少し目を離してもそのまま」 母国との違いを痛感したこと そんなふたりですが、日本を再訪して改めて痛感していることがあるようです。 「なんといっても日本は安全よね」とアンジェラさんが口を開くと、ジョシュさんも「子どもたちだけで外を歩いていても、まったく問題ないしね」と同調します。 アンジェラさんは「身の回りのものだって、少し目を離してもそのままの状態であるもの」と自身の手荷物に視線を落としながら言葉を繋ぎました。ジョシュさんも母国での昨今の情勢を踏まえて補足します。 「アメリカだったらすぐに盗まれるし、それにスリや万引きもすごく多い。とくに今は結構物価高騰で大変になっている人たちも多くて、そういうので治安が悪くなっているのもあるんだよね」 母国の状況と比較し、日本の安全な社会環境の価値を改めて実感したふたり。心休まる穏やかな環境のなかで、かけがえのない素晴らしい時間を過ごせると良いですね。 Hint-Pot編集部,[],[]
1か月で激変したハワイの風景…大流行で「スクリーン離れに一役」　日本では「100均」→現地では「8000円」もする日本のおもちゃとは（Hint-Pot）,https://news.yahoo.co.jp/articles/de9ef33cd83e8184d90151b1db4c6356b02a29ad,https://newsatcl-pctr.c.yimg.jp/t/amd-img/20260819-00010009-hintpot-000-1-view.jpg?exp=10800,2026-08-19T13:14:59+09:00,2026-08-19T13:14:59+09:00,Hint-Pot,hintpot,Hint-Pot,1317,子どものデジタル依存が社会問題になるなか、画面に夢中になる若者（写真はイメージ）【写真：PIXTA】 子どもたちの遊びもデジタル化が進み、スマートフォンやタブレットとのつきあい方に頭を悩ませている家庭は少なくないでしょう。そんななか、アメリカ・ハワイでは今、日本生まれのあるおもちゃに夢中になる子どもたちが増えているといいます。街なかでも楽しむ姿を見かけるほどで、ハワイ在住の主婦ライター・i-know（いのう）さんも、約1か月ぶりにハワイへ戻ってその光景にびっくり。第127回は、ハワイで盛り上がりを見せている「けん玉」についてです。 【写真】ハワイでブームになっている日本生まれのおもちゃの写真 ◇ ◇ ◇ 久々のハワイで驚いたけん玉ブーム 5月末より2か月に及んだ、ハワイの長い夏休み。8月初旬に学校がスタートすると、ママさんグループのSNSチャットでは「夏休み期間中、本当にお疲れ様！」とお互いをねぎらう言葉や、「Happy first day of school！」といった夏休みからの解放を祝う言葉が交わされます。そのようなメッセージからは、子どもの夏を充実させるために奮闘していたであろう姿が想像できて、改めて「ママ友は戦友だ」と感じます。 さて、私たち一家はこの夏、日本に滞在していたのですが、約1か月ぶりにハワイに戻ってきて驚いたことがあります。それは、空前のけん玉ブームが巻き起こっていたことです。 夏休み前は、街なかでけん玉の気配すら感じませんでしたが、夏休み期間中に爆発的なブームになったようで、ショッピンセンターでも道端でも、けん玉を持ち歩いている子どもがとても多いことに気づきました。SNSのショート動画がきっかけでブームに火がつき、小学生から、なんと高校生までもが夢中になっているようです。 先日は、けん玉の実力を競う大きなトーナメント大会が開催。その様子は、ハワイのローカルテレビ番組で取り上げられたり、参加者がSNSで動画をアップロードしたりして話題になりました。 「“スクリーン離れ”をすることに、けん玉が一役買っている」 ハワイで今、大人気のけん玉【写真：i-know】 私が注目したのは、そのトーナメントを主催したおもちゃ店のオーナーのインタビューです。 そのオーナーはけん玉好きが高じて、2018年頃より“けん玉講師”として、学校の体育の授業や放課後プログラムなどでけん玉を指導しているとのこと。技を教えるだけでなく、「子どもたちの精神面や体力、そして社会性を向上させることを目的としている」そうです。 日本では昔ながらのおもちゃとしておなじみのけん玉が、ハワイではそんなふうに子どもたちと関わるツールとしても使われていたとは……！ 日本人の私は、ちょっとうれしくなりました。 さらに、アメリカのネット記事では「タブレットやスマホに夢中になっている子どもたちが“スクリーン離れ”をすることに、けん玉が一役買っている」と伝えています。たしかに以前は、ティーンエイジャーが動画を見ながら歩きスマホをしている姿をよく見かけましたが、最近はスマホよりも“歩きけん玉”をしている人のほうが多い印象です。,[],[]
「なんでこんなにいっぱいあるの？」　スイス育ちの男の子が日本で素朴な疑問　車を見て気づいた違いとは（Hint-Pot）,https://news.yahoo.co.jp/articles/62b90425871fed1d17fb587d0777221af80b3cc8,https://newsatcl-pctr.c.yimg.jp/t/amd-img/20260819-00010008-hintpot-000-3-view.jpg?exp=10800,2026-08-19T11:39:15+09:00,2026-08-19T12:34:14+09:00,Hint-Pot,hintpot,Hint-Pot,749,スイスから一時帰国中のAmiさんの次男・リノくん【出典：YouTube「Ami's Life」よりスクリーンショット】 海外で暮らす子どもには、日本で目にするなにげない光景が新鮮に映ることがあります。日本人のAmiさんが、スイスでの日常を発信するYouTubeチャンネル「Ami's Life」。公開されたショート動画では、Amiさんの息子が、日本の街中で母国との違いを発見。その意外な着眼点に、注目が集まっています。 【写真】スイス育ちの男の子が「なんでこんなにいっぱいあるの？」と思ったものの写真 ◇ ◇ ◇ コンビニ前で気づいた、スイスとの違い Amiさんは自身のチャンネルで、次男・リノくんと三男・ソノくんと、日本へ一時帰国中の様子を紹介。リノくんとソノくんはコンビニエンスストアの前に立ち、行き交う車を眺めていました。 すると、リノくんがあることに気づきます。 「ママ、トヨタなんでこんないっぱいあるの？」 日本の街を走る車に、トヨタ車が多いことが気になった様子。Amiさんが「日本はトヨタの車がいっぱいあるんだよ。日本のメーカーだから」と説明すると、その理由に納得した表情を見せます。 さらに、Amiさんが「スイスにはなんの車がいっぱいあるの？」と尋ねると、リノくんは「BMWと……。ここBMWないの？」と返答。普段暮らしているスイスと日本とでは、街で目にする車にも違いがあることに気づいたようです。 大人ならなにげなく通り過ぎてしまいそうな街中の光景から、母国との違いを見つけたリノくん。コメント欄には「よく見ているなあって感心しちゃう！ BMWは高級車なんだよー（笑）」「子どもの視点っておもしろい」「見分けられるのすごいなぁ」感心する声が寄せられています。 Hint-Pot編集部,[],[]
自宅の庭でプール遊び。隣人から注意され謝罪したものの、再開したら町内会に通報されました。苦情を無視し続けた場合、損害賠償などの法的責任を問われるのでしょうか？（Hint-Pot）,https://news.yahoo.co.jp/articles/2bdfd8b006d508636bb973ddec06f1f694b1d3d9,https://newsatcl-pctr.c.yimg.jp/t/amd-img/20260819-00010007-hintpot-000-10-view.jpg?exp=10800,2026-08-19T11:08:30+09:00,2026-08-19T14:42:36+09:00,Hint-Pot,hintpot,Hint-Pot,1477,ビニールプールで遊ぶときの注意点は？（写真はイメージ）【写真：PIXTA】 夏になると、自宅の庭先や駐車場、ベランダなどで子ども用のビニールプールを楽しむ家庭も多いでしょう。一方で、水しぶきや子どもの声などがきっかけで近隣トラブルへ発展するケースもあるようです。もし近所から苦情を受けても遊び続けた場合、法的な問題になることはあるのでしょうか。坂本尚志弁護士にお聞きしました。 【写真】「部屋をプールにしたかった」 5歳と2歳が“水没”させた部屋に衝撃 ◇ ◇ ◇ 苦情を受けてもビニールプールを続けた結果… 幼い子どもが2人います。夏休みに入ってからは、暑い日になると自宅の庭でビニールプールを出して遊ぶのが恒例になっていました。住宅街ですが、昼間の数時間だけですし、「夏休みくらいは良いだろう」と考えていたんです。 ところが、ある日、隣の家の人から、「申し訳ないんですが、水しぶきが車に飛んできます。それに、お子さんの声もけっこう響いていて……」と注意されてしまいました。 私は謝罪し、「気をつけます」と伝えました。しかし、翌週も暑い日が続き、子どもたちは「今日もプールやりたい！」と大はしゃぎ。 「昼間だし、少しぐらいなら問題ないだろう」 そう思い、再びプールを出しました。すると翌日、今度は町内会から連絡があり、「近隣から再び苦情が寄せられています」と注意を受けました。隣人は「以前お願いしたのに改善されなかった」と話しているそうです。 このような場合、自宅でビニールプールを続けることに法的な問題はあるのでしょうか。また、近隣から損害賠償などを請求される可能性はあるのでしょうか。 戸建てだから自由とは限らない マンションは管理規約にも注意 今回のケースでは、自宅の庭で子ども用のビニールプールを設置して遊んでいます。自宅の敷地内であれば、基本的には所有者が自由に利用できます。そのため、ビニールプールで遊ぶこと自体が、ただちに違法となるわけではありません。 もっとも、「自分の敷地だから何をしても良い」ということではありません。大きな声や水しぶきなどが近隣に影響を及ぼし、社会生活上、一般的に受け入れるべき程度を超えると判断された場合には、近隣トラブルだけでなく、状況によっては不法行為として損害賠償などの問題に発展する可能性があります。 また、一度苦情を受けているにもかかわらず、改善することなく同じ状況を繰り返していた場合には、「近隣へ影響が生じていることを認識していた」と評価される事情のひとつになることも考えられます。 一方、マンションやアパートのベランダでビニールプールを使用する場合は、さらに注意が必要です。 ベランダは専有部分のように見えても、多くのマンションでは占有使用権のある共用部分に過ぎず、管理規約や使用細則で利用方法が定められています。規約によっては、ビニールプールの使用や大量の水を流す行為が禁止・制限されている場合もあります。 さらに、水が階下のベランダへ流れたり、洗濯物を濡らしたり、漏水などの被害が発生したりすれば、近隣住民とのトラブルや損害賠償の問題に発展する可能性があります。 ビニールプールは夏の定番の遊びですが、場所や周囲の環境によって注意すべき点は異なります。とくに集合住宅では、遊ぶ前に管理規約を確認しておくことが大切です。 ※本記事に記載された事例は、特定の事実関係に基づくものではなく、想定ケースとして構成されたものです。実在の相談・事件・人物等とは一切関係ありません。 Hint-Pot編集部,[],[]
ドイツでは「まだ非常に珍しい」　ドイツ人が明かした母国のエアコン事情　日本で愛用している暑さ対策グッズとは（Hint-Pot）,https://news.yahoo.co.jp/articles/76c8220144ddd352cdbeba68b00398ce8f76a6f6,https://newsatcl-pctr.c.yimg.jp/t/amd-img/20260819-00010006-hintpot-000-5-view.jpg?exp=10800,2026-08-19T10:38:35+09:00,2026-08-19T11:12:15+09:00,Hint-Pot,hintpot,Hint-Pot,1169,ドイツ人YouTuberのレナさん【出典：YouTube「LTブログ」よりスクリーンショット】 連日のように厳しい暑さが続きます。日本の高温多湿な気候は、外国人の目にどう映るのでしょうか。日本人の夫・タカさんとともに、YouTubeチャンネル「LTブログ」を運営するドイツ人のレナさん。昨年に第1子のルイくんを出産し、家族3人で愛知県名古屋市に暮らしています。赤ちゃんと一緒に過ごすなかで感じた日本の暑さや、取り入れている対策について伺いました。 【写真】ドイツ人が「ドイツにそんな高いのはない」と家電量販店で驚いたものの写真 ◇ ◇ ◇ 同じ気温でも「暑さの感じ方が全然違う」理由とは 日本の夏といえば、うだるような蒸し暑さが特徴です。気温だけでなく湿度も高いため、じっとしていても汗が噴き出すような日が続きます。ドイツで生まれ育ったレナさんは、日本の夏をどう感じているのでしょうか。 「ドイツは湿気が少ないんです。だから、同じ温度でも暑さの感じ方が全然違います」 レナさんは、2010年に短期留学で初来日。その後、2015年に日系企業へ就職したことを機に、日本で暮らしています。何度も日本の夏を経験していますが、一番つらかったことは「やっぱり湿度です」と振り返りました。 乳児の熱中症対策 日本で見つけた「ドイツにはないもの」 レナさんの息子・ルイくん【出典：YouTube「LTブログ」よりスクリーンショット】 昨年、第1子のルイくんを出産したレナさん。今年は、赤ちゃんと初めて一緒に過ごす日本の夏です。大人でもこたえる暑さのなか、体温調節が未熟な乳児の熱中症対策は、親にとって大きな関心事です。 そんななか、レナさんがドイツとの違いを感じたのは、赤ちゃん用の暑さ対策グッズでした。珍しいと感じたものもあったようで、「ベビーカーに敷くクーリングシートは、ドイツには売っていませんでした」と話します。 ベビーカー用クーリングシートは、接触冷感素材を使ったタイプや保冷剤を入れるタイプなどがあり、ベビーカーの座面に敷き、赤ちゃんの背中などの暑さや蒸れをやわらげるもの。母国では見かけなかった日本のアイテムに、感心していました。 「エアコンがとても大事」 また、ルイくんと日本で過ごすなかで「やっぱりエアコンがとても大事だと思います」と話すレナさん。母国・ドイツのエアコン事情について、こう話します。 「エアコンがある家は、まだ非常に珍しいです。実は私の実家も、兄の家も、今年買ったばかりなんです。今年の6月に、非常に暑くなることがわかったタイミングがあったのですが、そのときにはもうエアコンが売り切れていました」 家族3人で迎えた日本の夏。暑さ対策アイテムやエアコンを上手に活用し、元気に乗り切ってほしいですね。 Hint-Pot編集部,[],[]
「男を性犯罪者みたいに言うな！」　3歳娘を男湯に…妻の懸念に夫が“逆ギレ”　「本当にやめさせて」ネット物議（Hint-Pot）,https://news.yahoo.co.jp/articles/0802dc2578ad801cc59fd5772c0649fa7759ed1b,https://newsatcl-pctr.c.yimg.jp/t/amd-img/20260819-00010005-hintpot-000-4-view.jpg?exp=10800,2026-08-19T09:54:47+09:00,2026-08-19T12:37:56+09:00,Hint-Pot,hintpot,Hint-Pot,1217,異性の子どもの入浴施設利用が議論に（写真はイメージ）【写真：写真AC】 家族でのお出かけが増えるこの季節、外出先で汗をかき、温泉や銭湯などの入浴施設を利用する場合もあるでしょう。男の子なら父親、女の子なら母親と、同性の親が面倒を見る場合はいいものの、問題は異性親が子どもを風呂に入れるケース。入浴施設での異性利用を巡っては、厚生労働省の指針に基づき「おおむね6歳まで」としている場合が一般的ですが、ネット上では「男児は女湯に連れて来ないでほしい」「一人で入れない年齢であれば利用すべきではない」という意見もあり、議論を呼んでいます。3歳の娘の入浴施設利用を巡り、夫と口論になったという女性に、詳しい話を聞きました。 【画像】子どもを性加害から守るために…反響を呼んだ注意喚起のイラスト ◇ ◇ ◇ 3歳の娘を男風呂に連れていくかどうかで口論に 「3歳の女の子を男風呂に入れるのって、ママからしたら嫌じゃないですか？」 今月上旬SNS上で話題を呼んだ、子どもの入浴施設利用を巡る投稿。一連の投稿では、夫が3歳の娘を男風呂に連れていくと言い出し、投稿者が全力で止めたところ、口論に発展してしまったというやり取りがつづられています。 投稿者は3歳の長女、0歳の長男の2児を育てる30代女性のささきさん（s_g_sasaki）。口論のきっかけは「次の休日に何をするか」という自然なやり取りから始まったといい、「産後間もないため、私自身がまだ外出できず、夫から長女をどこかに連れて行きたいからと、銭湯かプールという提案がありました。娘はまだ1人で女性用更衣室や女風呂に入ることができないため、男風呂に入れたいという話になり、私が性犯罪の可能性を指摘しやめてほしいと伝えたところ、夫の理解が及ばず口論になりました」と経緯を説明します。 反対した投稿者に対し、夫は「男を性犯罪者みたいに言うな！」と憤慨。何を言っても耳を貸そうとしなかったそう。 「母親の心配を全く理解しないどころか、逆ギレしてきたことにとても腹が立ちました。結局、プールや銭湯へ連れて行く話はなくなりました」 一連のやり取りをつづった投稿は拡散。反響は大きく、「本当にやめさせてほしい」「どうしても入れないといけない理由がわからない」「実際に子どもの頃に入った経験がトラウマ」「男でも女でも、風呂に異性の子がいたら迷惑」など、共感の声が多く寄せられました。 一方で、一部からは「施設側が認めている年齢なら問題ない」「シングル親は温泉来るなってこと？」といった意見もあり、議論を呼んでいます。 一連の反響について、投稿者は「ほとんどが夫に対する怒りの意見が多かったです。我が家においては、母親と父親とで危機管理能力に大きく差があるんだなと思いました。少しでも子どもを守れるよう、今後も気をつけて育児に励もうと思いました」と話しています。 Hint-Pot編集部／クロスメディアチーム,[],[]
「帰省するたびここから顔を出します」　柴犬がまさかの場所で待機　静かに見下ろす姿に「二度見」「超監視現象」（Hint-Pot）,https://news.yahoo.co.jp/articles/f2da0a628f321992b1123f1ff8cdf18f31fcc479,https://newsatcl-pctr.c.yimg.jp/t/amd-img/20260819-00010004-hintpot-000-3-view.jpg?exp=10800,2026-08-19T09:17:28+09:00,2026-08-19T10:15:38+09:00,Hint-Pot,hintpot,Hint-Pot,1152,“陽キャ”で“パリピ”な餅子ちゃん【写真提供：KURUMILK.SHIBAINU（@KURUMILK118）さん】 愛犬が見せてくれるお出迎えの姿は、飼い主にとって最高の癒やしです。しかし、ときには「なぜそこから…!?」と二度見してしまうような独特なスタイルで待っていることも。X（ツイッター）では、壁のスリットから顔を出してお出迎えする白柴の姿が話題に。隙間から潰れた顔を覗かせるシュールな光景について、飼い主さんに詳しいお話を伺いました。 【写真】「むち柴のお出迎え」 壁のスリットから顔を覗かせる白柴 実際の投稿 ◇ ◇ ◇ 実家の壁から白柴がひょっこり…!? 「むち柴のお出迎え」 そんなコメントとともに投稿された写真には、階段脇の壁に設けられたスリットから、ひょっこりと顔を出す白柴の姿が写っています。顔をむぎゅっと挟み込んでいるため、頬のむちっとしたお肉が押し潰されて福々しい表情に。階下を静かにじっと見下ろす独特なポジションでお出迎えをしています。 投稿には、7000件以上の“いいね”が集まりました。リプライ（返信）には「きゃわわわ、二度見」「これは餅子ちゃん限定なんですね」「超監視社会」といった声が寄せられています。 お出迎えパターンは3種類 壁のスリットから顔を覗かせる餅子ちゃん【写真提供：KURUMILK.SHIBAINU（@KURUMILK118）さん】 顔を出していた「餅子」ちゃんは、3歳の白柴の女の子です。“陽キャ”で“パリピ”な性格なんだとか。赤柴で6歳の女の子「くるみ」ちゃんとともに暮らしています。 話題になった写真について、「下の階に行って戻ってきたら、餅子が顔を出して待っていました」と振り返る飼い主さん。実はこの場所、投稿者さんの実家なのだそう。 「帰省するたびここから顔を出します。くるみも近くにいますが、くるみはここから顔を出すことはあまりありません」 餅子ちゃんのお出迎えにはバリエーションがあり、大きく分けて3パターンあるといいます。靴下をくわえて出迎えてくれるパターン、大喜びして激しくじゃれつかれるパターン、そして実家へ帰省した際に見せるこの隙間からのパターンです。 狭い隙間に顔を押しつける愛らしい餅子ちゃんの姿に、飼い主さんも「親バカですが、かわいすぎると思いました（笑）」とメロメロの様子。飼い主さんにとって、餅子ちゃんとくるみちゃんは我が子と同じようにかわいくて大切な存在だといいます。 個性あふれるお出迎えで、いつでも飼い主さんを温かく迎えてくれる餅子ちゃん。絆と愛にあふれた日常は、これからもたくさんの癒やしを届けてくれそうです。 ○取材協力：KURUMILK.SHIBAINU（@KURUMILK118）さん Hint-Pot編集部,[],[]
「ドイツにはないから新鮮」　ドイツ人観光客がハマったコンビニの定番商品、毎晩通うほど絶賛（Hint-Pot）,https://news.yahoo.co.jp/articles/42751fece148b97c79c89305777ecaad0fce0dc6,https://newsatcl-pctr.c.yimg.jp/t/amd-img/20260819-00010003-hintpot-000-6-view.jpg?exp=10800,2026-08-19T08:10:52+09:00,2026-08-19T10:41:17+09:00,Hint-Pot,hintpot,Hint-Pot,949,ドイツ・シュツットガルトから来たクリスチャンさん（左）とジェンスさん【写真：Hint-Pot編集部】 外国人観光客にとって日本で印象に残るのは、有名な観光地ばかりではありません。バカンス中のドイツ人男性は、毎晩のコンビニ通いを楽しんでいます。「ドイツにはないから新鮮」とお気に入りとなった食べ物を教えてくれました。 【写真】ドイツ人が「ドイツにはない」と虜になったコンビニグルメの写真 ◇ ◇ ◇ 蔵王では貸し切り温泉付きの宿に宿泊予定 ドイツ・シュツットガルトからやってきた、クリスチャンさんとジェンスさん。日本に3週間滞在する予定です。クリスチャンさんは今回で3度目の来日となった日本通。知見が豊富なクリスチャンさんにガイドを務めてもらいながら、ジェンスさんも初の日本旅行を楽しんでいます。 滞在4日目の2人はスカイツリー周辺をすでに散策済み。「まだ展望台にのぼっていないから明日行けるといいね」と楽しそうに話していました。東京を満喫した後は、大阪、日光、蔵王を訪れる計画を立てています。蔵王では貸し切り温泉付きのすてきな宿を予約しているそうです。 「温泉は未体験だけど、YouTubeなどで動画を見ていたので、興味が湧いたんです。もちろん初めての体験だけどトライしてみます。のんびり過ごせるといいな」 セブン-イレブンのたまごサンドがお気に入り クリスチャンさんは、来日のたびに、これまで見たことのなかった日本の一面を食や文化から発見できることが楽しいといいます。コンビニに並ぶさまざまな食品もその一つ。新たな商品を見つけては積極的に試しているそうです。 ジェンスさんも「セブン-イレブンには毎晩行ってるよ。食べ物も飲み物もいろいろ買ってる」と興奮気味で話してくれました。特にお気に入りとなったのはたまごサンド。グルメ番組や雑誌などでもよく取り上げられている定番かつ人気の商品です。 「サンドイッチ自体はドイツにもあるけれど、たまごサラダが入ったサンドイッチはないからね」とジェンスさんは独特の味わいに目覚めた様子。コンビニは地域ごとに限定商品やご当地アイテムなど品ぞろえが異なることも多いので、行く先々でコンビニの買い物を楽しんでほしいですね。 Hint-Pot編集部／クロスメディアチーム,[],[]
ビニール袋2枚で浸水対策　消防が教える「水のう」の作り方　設置するときの重要なポイントとは（Hint-Pot）,https://news.yahoo.co.jp/articles/dd82642982a4e74c88f733a1263729d78702bbfa,https://newsatcl-pctr.c.yimg.jp/t/amd-img/20260819-00010002-hintpot-000-3-view.jpg?exp=10800,2026-08-19T06:40:29+09:00,2026-08-19T07:32:33+09:00,Hint-Pot,hintpot,Hint-Pot,864,13日、大雨が流れ込んだ千葉県中央区のビルの入り口【写真：産経新聞社】 局地的な大雨では、短時間のうちに道路が冠水したり、住宅へ水が流れ込んだりすることがあります。13日に千葉県を襲った記録的な豪雨において、床上・床下浸水などの住宅被害は約1500棟に上っています。大気の状態が不安定なときこそ、急な大雨への備えが欠かせません。千葉県・流山市消防本部の公式インスタグラムアカウント（nagareyama_fd）は、身近なものを使って作れる「水のう」による浸水対策を紹介しています。 【動画】身近なもので作れる水のう 実際の投稿 ◇ ◇ ◇ ビニール袋2枚で作れる水のう 「浸水対策～水のうって知ってますか？」 そんな書き出しで流山市消防本部が動画で紹介したのは、ビニール袋に水を入れて作る水のうです。土を詰めた土のうとは異なり、家庭にあるものを使って作ることができます。 用意するのはビニール袋2枚。動画では、作業しやすいようにバケツを使用しています。まず、1枚目のビニール袋をバケツにかぶせ、袋の半分程度まで水を入れます。ここでのポイントは、できるだけ空気が入らないようにして、袋の口をしっかり結ぶことです。 さらに、それをもう1枚のビニール袋に入れ、同様に空気を抜きながら口をしっかりと結びます。こうして二重にした水のうを、玄関など水が入ってきそうな場所に並べ、隙間ができないよう密着させます。 ブルーシートを組み合わせると「より効果的」 浸水対策に活用できる水のう。隙間なく並べる（写真はイメージ）【写真：写真AC】 動画では「ブルーシートがあるとより効果的」と紹介。ブルーシートを敷いた上に水のうを並べ、そのシートを上からかぶせるようにして設置しています。 特別な資材を用意しなくても、ビニール袋と水があれば作れる水のう。いざ浸水が迫ってから作り方を調べるのではなく、平時に手順を確認しておくことも備えのひとつです。 投稿には、「もっと知りたいです！」「素晴らしい」といった声が寄せられています。 Hint-Pot編集部,[],[]
「あなたの旦那に子どもが怒られたって聞いた」　オーストラリア人ママが突然訪問　日本人女性が「そんな考え方ある？」と驚いた理由（Hint-Pot）,https://news.yahoo.co.jp/articles/5d9867d0b8dd8b5e2749c46dce25ca2c21dcf08b,https://newsatcl-pctr.c.yimg.jp/t/amd-img/20260819-00010001-hintpot-000-6-view.jpg?exp=10800,2026-08-19T05:50:01+09:00,2026-08-19T09:14:42+09:00,Hint-Pot,hintpot,Hint-Pot,1036,他人の子どもが良くないことをしたとき、その場で注意する？（写真はイメージ）【写真：写真AC】 子ども同士でトラブルが起きたとき、大人がその場で注意することもあるでしょう。しかし、さまざまな国籍の人が暮らす環境では、子どもへの接し方ひとつにも、それぞれ異なる考え方があるようです。タイ・バンコクで3人の子どもを育てる日本人女性が、オーストラリア人ママとのやりとりをX（ツイッター）に投稿。子育てをめぐる“前提の違い”に、さまざまな声が寄せられています。投稿者のルイッピーMom＠バイリンガル育児（@louippi_chiiku）さんに、詳しい話を聞きました。 【写真】日本人ママが海外育ちの子どもに染まってほしくないことの写真 ◇ ◇ ◇ 「今後、子どもに問題があれば直接私に言ってください」 「Xの民、聞いて」 そんな呼びかけから始まる投稿でルイッピーさんが紹介したのは、同じ建物の下の階に住むオーストラリア人ママとの出来事でした。 あるとき、相手のママがルイッピーさんのもとを訪れ、「あなたの旦那に子どもが怒られたって聞いたんだけれど、事情を聞かせてくれる？」と尋ねてきたといいます。 ルイッピーさんによると、子ども同士で遊んでいた際、相手の子どもがルイッピーさんの子どもを通せんぼするなどして泣かせ、さらにボールを持って帰ろうとしたため、夫が止めに入ったそう。夫は怒鳴ったり強く叱ったりしたわけではなく、「それは良いこと？ 悪いこと？ 良くないことだよね」という趣旨で注意しました。 事情を説明すると、相手のママからは「今後、子どもに問題があれば直接私に言ってください」と念押しするメッセージも。ルイッピーさんは「え？ そんな考え方ある？」と驚いたといいます。 そこで調べてみると、オーストラリアでは「他人が子どもを叱るより、まず親に伝える」という考え方があることを知ったそうです。投稿では、「文化の違いって考えさせられるね……」と綴りました。 投稿のリプライ（返信）には、「『まず親に伝える』の文化、知らなかったら完全に意図がすれ違いますよね。善意でやったことが文化の違いで摩擦になる、海外生活のリアルですね」「文化も大切かもだけれど、悪いことをしたらそのときに注意しないと、あとからじゃ子どもに伝わらないと思うんだよなぁ」「同じ子育てでも大切にしている部分が違うのおもしろいですね。文化を理解することって本当に大事だと感じます」など、さまざまな声が寄せられました。,[],[]
「何これ？」　カナダ人が日本の“ヘルシー食材”に挑戦　ひとくち食べて動きが止まった理由とは（Hint-Pot）,https://news.yahoo.co.jp/articles/9e8565d9cd650f39750af7a50721388df9539f09,https://newsatcl-pctr.c.yimg.jp/t/amd-img/20260819-00010000-hintpot-000-5-view.jpg?exp=10800,2026-08-19T04:30:01+09:00,2026-08-19T09:15:30+09:00,Hint-Pot,hintpot,Hint-Pot,788,カナダ人のハナさん【出典：YouTube「マッシュムーン」よりスクリーンショット】 日本には古くから食卓に取り入れられてきた、ヘルシーな食材が数多くあります。健康志向の高まりとともに、こうした日本の食文化は海外からも関心を集めています。カナダ人の妻・ハナさんと日本人の夫・コウキさんが日常を発信するYouTubeチャンネル「マッシュムーン」では、ハナさんが日本ではおなじみのある食材を初体験。ところが、ひとくち食べると予想外の反応を見せました。 【写真】カナダ人が「自分では買わないかな」と苦笑した食べ物の写真 ◇ ◇ ◇ 「知らんね」 初めて見る食べ物に戸惑い 日本で暮らすカナダ人のハナさんが今回、初めて挑戦したのはもずく。コウキさんから「もずくを知っているか」と聞かれると、「知らんね。聞いたことない」と答えます。「海藻系」と説明されると、苦笑いを浮かべました。 用意されたのは、酢じょうゆ味のパック入りもずくです。「カロリーが低くて、食物繊維たっぷり」と説明を受けたハナさんは、「こんにゃくみたいな感じかな」と予想。初めて目にする食べ物を前に、味の想像がつかない様子です。 ひとくち食べると動きが止まり「何これ？」 匂いを確かめたあと、おそるおそるもずくを口に運んだハナさん。すると、動きがピタリと止まります。 「何これ？」と困惑したように顔をしかめると「少し甘い。しょっぱくなかった。不思議な感じ。食感は予想してた通り。ドロッとしていた」と、率直に感想を口にしました。 どうやら、初めてのもずくは好みに合わなかった様子。最後には「自分では買わないかな」と笑顔で話しました。 コメント欄には、「もずく天ぷらや、もずく炒めなら、気に入ってもらえるかな」「日本人でもダメな人いますからね」「さすがに、これは無理でしょう」などの声が寄せられています。 Hint-Pot編集部,[],[]
