headline,mainEntityOfPage,image,datePublished,dateModified,author,media_en,media_jp,str_count,body,images,external_links
《お相手は「羽鳥慎一モーニングショー」に出演中》菅原一秀元経産相（62）が女性アナウンサーと結婚していた！（文春オンライン）,https://news.yahoo.co.jp/articles/7b8a336ad63b09a64028b2d9ff3da0ff16123f86,https://newsatcl-pctr.c.yimg.jp/t/amd-img/20240520-00070904-bunshun-000-2-view.jpg?exp=10800,2024-05-20T15:16:58+09:00,2024-05-20T23:39:51+09:00,文春オンライン,bunshun,文春オンライン,790,\n菅原元経産相 ©時事通信社\n2021年に公職選挙法違反で東京地検特捜部から略式起訴され、公民権停止3年の処分を受けた、菅原一秀元経産相（62）。その菅原氏が、フリーアナウンサーの岡安弥生（52）と結婚したことが、「 週刊文春 」の取材で分かった。\n【写真】お相手は「羽鳥慎一モーニングショー」に出演中の岡安弥生アナ（52）\n「菅原氏は経産相在任中だった2019年、地元有権者に対して公設秘書が香典を渡していたという公職選挙法（寄付行為の禁止）違反を『週刊文春』に報じられ、2021年に特捜部が略式起訴の方針を固めたのを機に議員辞職。今年7月初旬に公民権停止期間が終わるのを前に、地元・練馬区で街頭演説を行うなど、政治活動を再開させている。私生活では過去に離婚を経験しています」（政治部記者）\nお相手は「羽鳥慎一モーニングショー」に出演中\nそんな菅原氏の“お相手”となった岡安は、現在、「羽鳥慎一モーニングショー」（テレビ朝日）の現場レポーターとして活躍中。\n\n「岡安さんは東京女子大学卒業後、フリーアナウンサーに。報道一筋で、長年『スーパーニュース』（フジテレビ）や『みのもんたの朝ズバッ!』（TBS）など、情報番組や報道番組のレポーターとして出演を続けてきました」（テレ朝関係者）\n\n「みのもんたの朝ズバッ!」で共演していたみのもんた（79）も、「週刊文春」の取材にこう答えた。\n\n「僕のところにも岡安クンから『菅原一秀さんと結婚した』と電話があったよ。菅原さんは今、大変な時期だと思うけど、幸せになってほしいね」\n\n みのが語った岡安の人柄や、2人が乗り越えた「重大事件」などの結婚の舞台裏は、5月22日（水）正午配信の「 週刊文春電子版 」ならびに5月23日（木）発売の「週刊文春」に掲載予定だ。\n「週刊文春」編集部／週刊文春Webオリジナル,['https://newsatcl-pctr.c.yimg.jp/t/amd-img/20240520-00070904-bunshun-000-2-view.jpg?pri=l&w=459&h=640&exp=10800'],"['https://news.yahoo.co.jp/articles/7b8a336ad63b09a64028b2d9ff3da0ff16123f86/images/000', 'https://bunshun.jp/articles/photo/70904?utm_source=news.yahoo.co.jp&utm_medium=referral&utm_campaign=partnerLink&pn=2']"
中学校で盗難事件が頻発…隠し撮りした映像で“犯人探し”した若い女性教師が追い込まれる　「ありふれた教室」を採点！（文春オンライン）,https://news.yahoo.co.jp/articles/22dba3233ba5e80416f7a5fce09c1210d21136c4,https://newsatcl-pctr.c.yimg.jp/t/amd-img/20240520-00070870-bunshun-000-1-view.jpg?exp=10800,2024-05-20T17:12:54+09:00,2024-05-20T17:12:54+09:00,文春オンライン,bunshun,文春オンライン,922,\n〈あらすじ〉\nドイツのとある中学校に赴任してきた教師のカーラ・ノヴァク（レオニー・ベネシュ）は、新学期から1年生のクラスを受け持っている。仕事熱心で責任感が強い彼女は、生徒や同僚からの信頼を獲得しつつあった。\n\n その頃、金品の盗難事件が校内で頻発。“不寛容（ゼロ・トレランス）方式”を掲げるベーム校長は、カーラの授業中に、抜き打ちで持ち物検査を強行する。そのやり方に反発し、カーラは独自の犯人探しを開始。隠し撮りした映像で、ある人物の犯行を確信し問い詰めると、当人は全面的に否認し激怒する。さらにはカーラの盗撮や学校側の対応が、保護者や生徒の猛反発を招いてしまう。\n〈解説〉\n© if... Productions/ZDF/arte MMXXII配給：アルバトロス・フィルム\n若い女性教師が職場で追い込まれていくサスペンス。脚本も手掛けたイルケル・チャタク監督の長編第4作、日本劇場初公開作。第96回アカデミー賞国際長編映画賞ノミネート。99分。\n\n中野翠（コラムニスト）★★★★☆決定的証拠があるのに居直る女。「母は強し」ということか。若い女教師のとまどい、そして逆襲（!?）というサスペンス。\n\n芝山幹郎（翻訳家）★★★★☆苦手な話だが、監督の腕前が侮りがたい。撮影や編集のリズムが、ドミノ倒しのように起こる連鎖反応と噛み合っている。\n\n斎藤綾子（作家）★★★☆☆隠す事がありふれた行為なのか、赤裸々にすればどんな教室でも犯罪が噴出しそうで人権が絡むと抜け出せぬ沼のよう。\n\n森直人（映画評論家）★★★★☆善意の教師や聡明な生徒の主体が衝突して渦を巻く。ボタンの掛け違いから加速する悪夢的展開は圧巻。憂鬱だが力強い。\n\n洞口依子（女優）★★★★☆権威原理や社会の縮図の予兆ある学校を背景に、ユペールを想起させる主演女優が牽引。「真理はすべてに打ち勝つ」!\n\nINFORMATIONアイコンありふれた教室（独）\n5月17日（金）より新宿武蔵野館、シネスイッチ銀座ほか全国公開\n https://arifureta-kyositsu.com/\n「週刊文春」編集部／週刊文春 2024年5月23日号,['https://newsatcl-pctr.c.yimg.jp/t/amd-img/20240520-00070870-bunshun-000-1-view.jpg?pri=l&w=640&h=480&exp=10800'],['https://news.yahoo.co.jp/articles/22dba3233ba5e80416f7a5fce09c1210d21136c4/images/000']
「とくに男性よりも女性に顕著」“SNSの利用時間が長い人”ほど鬱になる理由（文春オンライン）,https://news.yahoo.co.jp/articles/a4e81efa883f27bdc1b873ff2ac1fbc60b3f3039,https://newsatcl-pctr.c.yimg.jp/t/amd-img/20240520-00070789-bunshun-000-1-view.jpg?exp=10800,2024-05-20T11:12:58+09:00,2024-05-20T11:12:58+09:00,文春オンライン,bunshun,文春オンライン,1574,\nなぜSNSばかり見る人は病んでしまうのか？ 写真はイメージ ©getty\n〈若い頃はモテていた不良→大人になると「モテなくなる」2つの理由〉 から続く\n\n SNSの利用時間が長い人ほど睡眠時間が短く、自己肯定感が低く、自分の容姿に自信を持てないなどの傾向も……。SNSが生活に与える悪影響を、明治大学法学部教授の堀田秀吾氏の新刊『 12歳から始める心が折れない技術 』（秀和システム）より一部抜粋してお届けする。（全2回の2回目/ 前編 を読む）\n《特別グラビア》元暴走族も…昔ヤンチャだった芸能人\n◆◆◆\nSNSは「うらやましい」であふれている\nX（旧ツイッター）やインスタグラム、ユーチューブやティックトックなど、現代社会の重要な情報源として定着したSNSですが、いろいろな悪影響が出ていることが近年の研究によってしめされています。\n\n ここでは、「嫉妬」について考えてみます。\n\n ネットでほかの人の投稿を見て「うらやましい」と感じる心。そして、その感情がもととなって、投稿者を攻撃したり、自分自身とくらべて落ちこんだり……いろいろな問題につながっていきます。\n\n 20代や40代の大人がSNSで、相手がきずつくような、ひどい悪口を言ったり書いたりする理由の一つに、「嫉妬があるから」という調査結果もあります。\n\n とくにインスタグラムのように、写真や動画をアップロードすることがメインのSNSは、ほとんどの人がより多くの「いいね!」をほしがるので、自分の生活のイヤな部分や、きたないものは見せません。\n\n 自分が行った「映える」背景の場所、かわいい服、おいしい食べ物、話題の持ち物など、みんなが「いいね!」と思ってくれるようなものを投稿します。つまり、いい面ばかり見せようとするのです。それを見ているほうとしては、うらやましくなったり、嫉妬心をいだいたりするのも当然です。\n\n また、他人と自分を比較することは、あまりいい結果をもたらしません。\n\n イスラエルのテルアビブ大学の研究者らによる、こんな実験があります。ふだんはSNSの使用が禁止されている会社の社員に、SNSを使ってもらった結果、SNSを使用して自分と比較をすると、幸福度が下がることが明らかになりました。\n\n また、若い社員ほど比較をする傾向があったそうです。では、なぜ人は他人と比較をしてしまうのでしょうか?\nそれは、人が生きていく上で、自分の置かれた状況や環境をよく知っていることが必要だからです。\n\n 比較することによって、自分がどういう行動を取るべきかを判断するのです（これを「社会的比較」と言います）。\nSNSとどう付き合うべきか?\nイギリスのユニバーシティ・カレッジ・ロンドンの研究者らは、平均14.3歳の若者1万人以上を対象に、ある調査をおこないました。\n\n それによると、SNSの利用時間が長い人ほど鬱になる傾向が見られたそうです。とくに、男性よりも女性のほうが、その傾向は強かったとのことでした。\n\n また、SNSの利用時間が長い人ほど睡眠時間が短く、自己肯定感が低く、自分の容姿に自信を持てないなどの傾向がありました。SNSを使うことは、あまり精神衛生上はよくなさそうです。\n\n SNS上で目にするキラキラした世界は、投稿者が自分のいいところしか見せないで作り上げている「バーチャルな世界」だということをわすれてはいけません。\n\n また、他人と自分を比較していいことなんかありません。結局「自分は自分、他人は他人」なのです。\n\n あまり他人のことをうらやまないように心がけて、自分らしく、元気に楽しく毎日をすごすようにしましょう。\n堀田 秀吾／Webオリジナル（外部転載）,['https://newsatcl-pctr.c.yimg.jp/t/amd-img/20240520-00070789-bunshun-000-1-view.jpg?pri=l&w=640&h=426&exp=10800'],"['https://news.yahoo.co.jp/articles/a4e81efa883f27bdc1b873ff2ac1fbc60b3f3039/images/000', 'https://bunshun.jp/articles/photo/70789?utm_source=news.yahoo.co.jp&utm_medium=referral&utm_campaign=partnerLink&pn=5']"
若い頃はモテていた不良→大人になると「モテなくなる」2つの理由（文春オンライン）,https://news.yahoo.co.jp/articles/b6262fd889756c43eb3f7d4718f83b0fb05b966e,https://newsatcl-pctr.c.yimg.jp/t/amd-img/20240520-00070788-bunshun-000-1-view.jpg?exp=10800,2024-05-20T11:12:58+09:00,2024-05-20T11:12:58+09:00,文春オンライン,bunshun,文春オンライン,1669,\nなぜ普通の人より、不良がモテるのか…？ 写真はイメージ ©getty\nなぜ不良はモテる? その答えを、明治大学法学部教授の堀田秀吾氏が解説。新刊『 12歳から始める心が折れない技術 』（秀和システム）より一部抜粋してお届けする。（全2回の1回目/ 後編 を読む）\n《特別グラビア》元暴走族も…昔ヤンチャだった芸能人\n◆◆◆\nなぜ不良はモテるのか?\n人間は、少しちがうものに注目しようとします。これは動物として、命を守るための本能です。\n\n すべてがいつも通りだったら安全なのですが、そんなことはありませんよね。\n\n たとえば、天気だけ考えてみても、晴れの日もあれば雨の日もあり、それどころか台風が来る日や大雪がふる日だってあります。何かいつもとちがうもの、ふつうとちがうものがあったら、自分にとって危険をおよぼすものかもしれません。\n\n ですから、まわりに注目しておく必要があります。自分の命を守り、種族を守るために必要な本能なのです。\n\n 不良は、ある意味、ふつうとちがいます。\n\n ゆえに、目立ちます。ですから、まず注目されやすいわけです。\n\n そして「単純接触効果」といって、目にする回数が多いほど好意をいだきやすいという心理効果があります。\n\n また、動物として、とくに女性は強い男性の遺伝子を子孫に残したいので、強い男性にひかれやすいと言われています。不良というのは、強気な人が多いし、腕力などでもほかの人にまさっていることが多いでしょう。\n\n また、不良とは、ふつうは「悪いとされていること」や「やってはいけないはずのこと」を、あえてやったりします。やってはいけないことをすることは、とても勇気のいることです。\n\n 大人たちの決めたルールに抵抗することで、大人たちと対等に戦っているという強さを見せつけようとしていることもあるでしょう。\nそういったことができる不良は、強い生物だという印象をいだかせやすいでしょう。だから、ひかれやすいのです。\n2つ目の理由は…\nさらには「ゲインロス効果」という心理効果が働くこともあります。\n\n ゲインロス効果というのは、好意的にせっする場合と非好意的にせっする場合のパターンによって、相手の印象が変わるという理論です。\n\n ここでは、あえてわかりやすく、好意的にせっする場合を「デレ」とよんで、非好意的に接する場合を「ツン」とよぶとします。\n\n 実験の結果、ずっとツンツンしている場合と、ずっとデレデレしている場合では、当然ずっとデレのほうが相手からの評価はいいです。\n\n しかし、ずっとデレだった人が、最後にツンとなる「デレツン」は、相手からの評価がいちばん悪いのです。それなら、ツンツンのほうがマシ。\n\n 一方、ずっとツンな人が、最後にデレとなると、相手からの評価がいちばん高くなるということが実験でわかりました。つまり「ツンデレ」が最強だということです。\n\n マンガやアニメのラブコメなどでも、主人公の女の子が、冷たい不良っぽい男子のふとやさしいところやかわいらしいところを見て、キュンとするというのが王道です。\n\n 不良は、ふだんの行動が悪い印象のことが多いだけに、ちょっといいところが見られると、ゲインロス効果でキラキラして見えてしまうのです。\n\n そもそも、不良自身も「単に目立ちたいから不良になった」という人も少なからずいます。あるいは、あえてルールに抵抗することで、自分の心を強くしているなんていう場合もあるかもしれません。\n\n とは言え、そういう不良たちも、大人になるにしたがって、ほとんどの人は牙をぬかれ、ふつうになっていきます。ルールにしたがって、ふつうであること、ふつうに生きることが、結局いちばんよいということを学んでいくのでしょうね。\n\n 「とくに男性よりも女性に顕著」“SNSの利用時間が長い人”ほど鬱になる理由 へ続く\n堀田 秀吾／Webオリジナル（外部転載）,['https://newsatcl-pctr.c.yimg.jp/t/amd-img/20240520-00070788-bunshun-000-1-view.jpg?pri=l&w=640&h=383&exp=10800'],"['https://news.yahoo.co.jp/articles/b6262fd889756c43eb3f7d4718f83b0fb05b966e/images/000', 'https://bunshun.jp/articles/photo/70788?utm_source=news.yahoo.co.jp&utm_medium=referral&utm_campaign=partnerLink&pn=5']"
伊藤忠と交渉中に…ビッグモーター創業家が、1100平米の「軽井沢別荘」を新築していた（文春オンライン）,https://news.yahoo.co.jp/articles/f95d85d96b52617a600c8fca653338e2aaae7cac,https://newsatcl-pctr.c.yimg.jp/t/amd-img/20240520-00070896-bunshun-000-1-view.jpg?exp=10800,2024-05-20T07:12:56+09:00,2024-05-20T07:12:56+09:00,文春オンライン,bunshun,文春オンライン,1569,\n5月1日、中古車販売大手ビッグモーター（BM）の主力事業を引き継ぐ新会社「WECARS（ウイーカーズ）」の設立を発表した伊藤忠商事。だが、その裏で創業家は……。\n【画像】“ビッグモーターのドン”だった兼重宏行前社長\n◆ ◆ ◆\nどこまで経営改革に切り込めるのか…残買収後も残る“懸念材料”\n“伊藤忠のドン”こと岡藤正広会長\n経済部記者の解説。\n\n「買収の条件は、創業家が一切経営にはタッチしないことでした。伊藤忠は、輸入車ディーラーのヤナセなどを子会社に抱え、中古車業界とも近い。特にBMが擁する約250の実店舗は魅力的に映ったようです。新会社の社長には、伊藤忠元執行役員の田中慎二郎氏（61）が就任。北米の建材会社や英国のタイヤ会社の事業再生を手掛けた“再生請負人”です」\n\n だが、懸念材料もある。\n\n「保険金の不正請求問題が収束したわけではありません。優秀な社員は多数辞めた一方、今も創業家の息がかかった社員は少なくない。どこまで経営改革に切り込めるのか、不透明感も残っています」（同前）\n\n 新経営陣の一人も小誌の取材にこう答えた。\n\n「取締役会もまだこれからだしね。そんな急には上手くいかないよ」\n登記簿を調査して目に飛び込んできたのは…\nでは、創業家の兼重宏行前社長（72）らは一体、何をやっているのか。BMの株式を100％保有していたのは、一族の資産管理会社「ビッグアセット」。同社の名義などで、推定30億円超とされる目黒の豪邸をはじめ、京都や熱海、軽井沢など各地に別荘を保有している。改めて登記簿を調査したところ、目に飛び込んできたのが、次の記載だ。\n\n〈令和5年10月31日新築〉\n\n〈所有権保存 令和5年12月18日〉\n創業家は買収交渉の最中に豪華な別荘を新築していた\n場所は軽井沢。かねてからビッグアセット名義で保有していた別荘に隣接する形で、床面積約1100平米に及ぶ建物を昨年10月31日に新築していたのだ。現地に足を運ぶと、一帯が高さ数メートルの柵や木々で“目隠し”されている。その中に、チャコールグレーの目新しい別荘が佇んでいた。近隣住民に尋ねると、\n\n「以前はオレンジの幕が敷地を囲っていましたね。施工会社が昨夏、挨拶に来て『工事は終わったけど、家具の搬入があるからその音がすると思います』と。その後、幕も取られ、無事別荘は完成したようです」\n\n だが、昨年10月から12月と言えば、伊藤忠がスポンサーとして名乗りを上げようとしていた時期。つまり、買収交渉の最中に、創業家は豪華な別荘を新築していたことになるのだ。\n兼重氏から質問状の回答は得られず\n更に、登記簿を見ていくと、昨年12月28日付で、軽井沢や各地の別荘などを担保に、東京スター銀行から、年利6.08％で計25億円の借入をしていた形跡も窺える。その後、今年3月29日付で担保権の設定は解除されていた。\n\n「メインバンクも兼重氏に対しては冷淡だった。他方で、日経新聞によれば、創業家は債務返済などに備え、100億円程度を拠出する方向だといいます。買収交渉を決着させる過程で、緊急の資金手当てが必要だったことから、年末に借入を図ったのでしょう」（銀行関係者）\n\n 兼重氏に別荘新築などについて訊くべく、目黒の豪邸を訪ね、質問状も投函したが、応答はなかった。\n\n 伊藤忠広報に尋ねると、創業家を利するスキームではないなどとしたうえで、\n\n「創業家が一個人として過去に行っていたことについては、当社としてコメントする立場にございません」\n\n せっかく建てたビッグな新別荘だが、兼重氏が寛げる日はまだ当分先のようだ。\n「週刊文春」編集部／週刊文春 2024年5月16日号,['https://newsatcl-pctr.c.yimg.jp/t/amd-img/20240520-00070896-bunshun-000-1-view.jpg?exp=10800'],"['https://bunshun.jp/articles/photo/70896?utm_source=news.yahoo.co.jp&utm_medium=referral&utm_campaign=partnerLink&pn=2', 'https://news.yahoo.co.jp/articles/f95d85d96b52617a600c8fca653338e2aaae7cac/images/000']"
ゴッホが描いたのは、9月28日21時45分頃の北斗七星だった…天文学による“新しい解明”（文春オンライン）,https://news.yahoo.co.jp/articles/953e6178616bcae98378a23da5820e943dfeb495,https://newsatcl-pctr.c.yimg.jp/t/amd-img/20240520-00070863-bunshun-000-1-view.jpg?exp=10800,2024-05-20T07:12:56+09:00,2024-05-20T07:12:56+09:00,文春オンライン,bunshun,文春オンライン,1453,\n『ゴッホが見た星月夜』（ジャン=ピエール・ルミネ 著／小金輝彦 訳／石坂千春 日本語版監修）日経ナショナル ジオグラフィック\nまだ20代の頃、初めてニューヨークに行った時に真っ先に向かったのが近代美術館だった。目的はゴッホの「星月夜」。美術には疎かったので、他の作家の作品には目もくれず、「星月夜」だけを目指した。天文学を学び始めた学生であった私は、この作品の尋常ならざる星や月の描写に衝撃を覚え、ともかく本物を目にしたかったのである。そこには、まるで抽象画と写実画とが合体したような奇妙な世界があり、渦巻く夜空や躍動感溢れる星や月が何かを訴え、迫ってくる気がした。それはゴッホの熱い魂の発露に違いなかった。「夜のカフェテラス」制作中、妹に書いた手紙には「ぼくはいま、星空を描きたくてたまらない。よく思うのだが、紫や青や濃い緑に彩られた夜のほうが、昼間よりも色彩が豊かだ」と記されている。夜の風景に惹かれたゴッホの思いがそこにある。\n\n そんな豊かな夜の風景を描いたゴッホの作品の数々に、天文学からアプローチを試みたのが本書である。数多くの手紙を読み解き、丹念な現地調査と共に、星空を再現するコンピュータシミュレーションを駆使して「夜のカフェテラス」に描かれる星々が1888年9月9日から14日までの間の23時頃、みずがめ座の星々であることを明らかにし、「ローヌ川の星月夜」に現れる北斗七星が同年9月28日21時45分頃の姿で、地上風景と高度な合成が行われていることを解明する。その後の療養所で描かれた「星月夜」では、描かれた星々の特定にとどまらず、星月夜に現れる渦巻き模様について、当時最新の天文学で話題となった銀河の渦巻き模様にインスピレーションを得たという通説を打破し、地球の雲説を採る。写実的でありながらも、バランスを重視して違う日時の景色を合成したり、「糸杉と星の見える道」で水星、金星、月の並びを鏡像にしたりすることで仕上げていった、ゴッホの作品の複雑な制作過程が、独特の精神遍歴の慎重な分析と共に、時系列で読み解かれていく。晩年の作「夜の白い家」で、モデルとなった家を探し出し、その上に描かれた星を金星と特定した先行研究を追試する姿勢は、いかにも学者らしい。ニューヨークで初めて目にした「星月夜」とはまた違う形で私に新しいゴッホ観を残してくれた。\n\n 著者ルミネの生まれ育ちは、ゴッホが「ローヌ川の星月夜」などの名作を生んだ時期に滞在していたのと同じプロヴァンス地方である。そのため、同じ風景に共感する著者ならではの感覚と、ゴッホへの深い敬愛から生まれたのが本書といえるだろう。星や月といった夜の風景への強い思いは、ゴッホという天才をして、これだけの芸術へと昇華させ、そして自らもエネルギーを使い果たし、空に帰って行ったことを深く納得させるものだが、ゴッホと同じく37歳で夭折した宮沢賢治に相通じるところがあると感じるのは私だけだろうか。\n\nJean-Pierre Luminet/1951年フランス生まれ。天体物理学者、小説家、詩人。専門はブラックホールおよび宇宙論。マルセイユ天文物理学研究所所属、フランス国立科学研究センター研究名誉部長。天文学のほか、音楽や芸術についての著作も数多い。\n \n\nわたなべじゅんいち/1960年福島県生まれ。天文学者、理学博士。国立天文台上席教授。『賢治と「星」を見る』など著書多数。\n渡部 潤一／週刊文春 2024年5月23日号,['https://newsatcl-pctr.c.yimg.jp/t/amd-img/20240520-00070863-bunshun-000-1-view.jpg?pri=l&w=498&h=640&exp=10800'],['https://news.yahoo.co.jp/articles/953e6178616bcae98378a23da5820e943dfeb495/images/000']
「ジャップにタイトルを獲らせるな！」大谷翔平のホームラン王争いにも影響？ アメリカに存在した日本人選手への“差別意識”（文春オンライン）,https://news.yahoo.co.jp/articles/b233c54d4847234c72d7518d235d558575b9c079,https://newsatcl-pctr.c.yimg.jp/t/amd-img/20240520-00070841-bunshun-000-4-view.jpg?exp=10800,2024-05-20T11:12:58+09:00,2024-05-20T13:24:54+09:00,文春オンライン,bunshun,文春オンライン,3174,\nMLBで活躍する大谷翔平選手だが、かつてのアメリカには、日本人選手への差別意識が存在したという ©文藝春秋\nMLBのスター選手として、世界的な人気を誇る大谷翔平。しかし、かつてのアメリカでは、日本人選手が差別を受けることもあったという。もしその時代に日本人選手がホームラン王のタイトルを争っていたら、いったいどうなっていただろう?\n【写真を見る】「ジャップにタイトルを獲らせるな!」大谷翔平のホームラン王争いにも影響?\nここでは、大谷翔平がアメリカでどのように受容されてきたのかを記した『 大谷翔平の社会学 』（扶桑社新書）より一部を抜粋して紹介する。（全2回の1回目/ 2回目 に続く）\n\n◆◆◆\nアメリカ人作家が日本野球を紹介\nバースの5打席連続敬遠からさかのぼること8年前、1977年に日米野球文化の違いについて記した一冊の書籍が刊行された。タイトルは『菊とバット』だ。\n\n この本の著者は、アメリカ人作家のロバート・ホワイティング。彼は1962年、19歳のときにアメリカ空軍諜報部員として東京にやってきた。オリンピックを控えた東京の熱気に魅了されたホワイティングは、除隊後も日本に住み続け、上智大学で政治学を学んだ。在学中、アメリカへ赴任予定だった読売新聞社勤務の渡邉恒雄、つまり「ナベツネ」に英語を教える家庭教師のアルバイトもしていたという。\n\n 大学卒業後は『ブリタニカ百科事典』日本版の編集者として働いていたが、やがて「ガイジンであることにうんざり」してアメリカに帰国。母国で日本の話をしても誰も興味を持たなかったが、野球の話をするとアメリカ人も興味を示すことに気づき、日本野球を紹介する本を書こうと思い立つ。まず英語で書き、やがて日本語版も出版された。それが『菊とバット』というわけである。\n『菊とバット』というタイトルに込められた“意味”\n『菊とバット』というタイトルは、第二次世界大戦中の日本人の思考や行動様式を人類学的視点から分析した1946年に刊行されたルース・ベネディクトの名著『菊と刀』をもじったものだ。『菊と刀』は、アメリカ人からすると理解に苦しむ日本人の国民性について分析したものだが、『菊とバット』もやはり同様のスタンスで書かれている。アメリカの野球は「楽しむ」ものだが、日本の野球は「苦しむ」ものであり、ホワイティングはそこに「武士道」を見いだした。\n\n 本書には、当時まだ現役選手だった王が日本刀をバットに見立てて、正しい打撃フォームを身体に覚えさせるために刀を振り下ろそうとしているモノクロ写真が載っている。日本野球において「バット」は「刀」である、という着想から生まれた『菊とバット』というタイトルは、ユーモラスながら的を射た表現だ。\nもし日本人がメジャー・リーグの記録を破りそうになったら…\n『菊とバット』を発表後、ホワイティングは再び日本を拠点に、ジャーナリストとして日本野球の取材を続けていた。そして1985年、自身と同じアメリカ人であるバースが露骨な敬遠策によって本塁打記録を阻止される光景を見ていた。見ながら、こんなことを考えた。もし逆に、日本人選手がメジャーリーグ（MLB）でホームラン王のタイトルを獲りそうになったりしたら、何が起きるのだろう、と。\n\n「いちど、クリート・ボイヤーに次のような質問をしたことがある。もしも日本人の選手がメジャー・リーグに入り、ホームラン王のタイトルを獲りそうになったり、メジャー・リーグの記録を破りそうになったら、アメリカではどんなことが起こるだろう?\n\n『ピッチャーは、そのバッターとまともに勝負するだろうか?』と、わたしは訊いた。『いや、答えはノーだな』と、ボイヤーはいった。『何人かのピッチャーは勝負しないだろう。そのうえ、“ジャップにタイトルを獲らせるな!”という連中もいるよ……』」（ロバート・ホワイティング『和をもって日本となす』、1990年）\n日本人選手がメジャーで活躍するなんてありえないと思っていた\nクリート・ボイヤーは1955年からMLBで17年間プレーした後、日本の大洋ホエールズ（現・横浜DeNAベイスターズ）で4年間プレーし、引退後はホエールズのコーチを務めた人物だ。同時代に日本球界でプレーした多くの外国人選手と同じく、日本で「ガイジン」選手として差別的な扱いを受けたと感じていたボイヤーは、もし日本人選手がアメリカでプレーしたら、やはり差別的な扱いを受けるだろうと考えていた。\n\n 当時はまだ、MLBでプレー経験のある日本人選手が、1960年代にサンフランシスコ・ジャイアンツで2シーズンだけプレーした村上雅則しかいなかった時代だ。上記の会話が交わされた1980年代後半、日本の野球選手が海を渡ってメジャーで活躍するなんてあり得ない話だと、多くの人が考えていた。\n\n さて、それから30年以上の時を経て、本当に日本人選手がメジャーリーグでホームラン王のタイトルを争う日が訪れるとは、ホワイティングもボイヤーも想像していなかったに違いない。\n大谷がホームラン王のタイトルを逃した原因\n2023年、日本人として史上初めてMLBのホームラン王に輝いた大谷翔平が、メジャーで最初にホームラン王を争ったのは2021年だった。この年、大谷はシーズン前半戦だけで33本のホームランを放ち、リーグ単独トップに立っていた。投打二刀流で選出されたオールスターでは、日本人選手としてはじめてホームランダービーに出場し、推定飛距離150mを越える特大ホームランを連発した。\n\n そのシーズン、大谷は日本人選手として初のホームラン王どころか、アメリカンリーグ新記録の本塁打さえも射程圏内に捉えていたが、後半戦は13本塁打と失速。結局、ホームラン王のタイトルはトップと2本差で逃す。\n\n 後半戦で失速した原因は、大谷と対戦する投手たちがほとんどストライクを投げてこなくなったことだ。オールスター後は敬遠を含む四球が激増し、9月には3試合で11四球というMLBタイ記録も樹立。日本のメディアも米国のメディアも、大谷があまりにも危険な打者であることを多くの投手たちが理解して、勝負を避けるようになったのだと論じた。\n\n あるいは、大谷の前後を打つはずのマイク・トラウト、アンソニー・レンドンといった強打者たちが相次いで故障離脱し、相手投手は大谷と無理に勝負する必要がなくなったという影響があったかもしれない。おそらくはその両方が理由だろう。\nアメリカでは今も人種差別的な考えを抱く人が少なくない\nもしかするとボイヤーが30年以上も前に言った通り「『ジャップにタイトルを獲らせるな!』という連中」がいたのだろうか?\n\n 人種差別への風当たりが強い今日のアメリカで、そんなことを公言する選手や監督はいないので（まれに失言する選手はいるが、厳しいペナルティを受ける）、実際のところはわからない。\n\n しかし、黒人差別に抗議する「ブラック・ライブズ・マター」運動の盛り上がりや、その反動とも言える白人至上主義団体やネオナチの台頭、ヘイトスピーチの蔓延などを見ていると、アメリカでは今も人種差別的な考えを抱く人が少なくないことは確かだ。\n\n 少なくとも2000年代前半、まだ野茂英雄のデビューから10年と経っていないころは、MLBの現場では日本人の選手やスタッフが差別を受けることは珍しくなかった。\n\n “大谷フィーバー”の裏で日本人記者が失態…「岩によじ登って撮影し、排除された」大谷翔平ばかり追いかける日本メディアのリアル へ続く\n内野 宗治／Webオリジナル（外部転載）,['https://newsatcl-pctr.c.yimg.jp/t/amd-img/20240520-00070841-bunshun-000-4-view.jpg?pri=l&w=640&h=426&exp=10800'],"['https://news.yahoo.co.jp/articles/b233c54d4847234c72d7518d235d558575b9c079/images/000', 'https://bunshun.jp/articles/photo/70841?utm_source=news.yahoo.co.jp&utm_medium=referral&utm_campaign=partnerLink&pn=4']"
“大谷フィーバー”の裏で日本人記者が失態…「岩によじ登って撮影し、排除された」大谷翔平ばかり追いかける日本メディアのリアル（文春オンライン）,https://news.yahoo.co.jp/articles/3eab6d687d36b69672b3407204d13141d8821674,https://newsatcl-pctr.c.yimg.jp/t/amd-img/20240520-00070842-bunshun-000-4-view.jpg?exp=10800,2024-05-20T11:12:58+09:00,2024-05-20T13:24:54+09:00,文春オンライン,bunshun,文春オンライン,3438,\n一挙手一投足に注目が集まる大谷翔平選手 ©文藝春秋\n〈「ジャップにタイトルを獲らせるな!」大谷翔平のホームラン王争いにも影響? アメリカに存在した日本人選手への“差別意識”〉 から続く\n【画像多数】“大谷フィーバー”の裏で日本人記者が失態…この記事の写真をすべて見る\nMLBのスター選手として、世界的な人気を誇る大谷翔平。日本では、大谷の一挙手一投足が連日報道されている。しかしアメリカでは、日本の報道姿勢に疑問を持たれているという。それはなぜか?\n\n ここでは、大谷翔平がアメリカでどのように受容されてきたのかを記した『 大谷翔平の社会学 』（扶桑社新書）より一部を抜粋して紹介する。（全2回の2回目/ 1回目 から続く）\n\n◆◆◆\n日本人記者が特定の「日本人選手」だけを取材する理由\n日本人選手と日本メディアの関係は、おそらくアメリカ人から見るとちょっと奇妙だ。エンゼルス取材歴10年以上のフレッチャー記者が、日本人選手だけを取材する日本人記者を「追っかけ」と表現しているように、日本メディアのスタンスは「ファン」に近いものがある。\n\n あるいは、ロバート・ホワイティングの言葉を借りると「日本のマスコミ、とくにスポーツ紙は、責任あるジャーナリズムというよりも、チアリーダーの様相を呈してくる」。\n\n ホワイティングは1980年代の後半、読売ジャイアンツのスター選手だったウォーレン・クロマティから「（ジャイアンツの）コーチがいかに残酷に若手をしごいているか」といった話を聞き出して記事にし、その結果「ジャイアンツの球場から締め出しを食らった」という。\n\n MLBでは通常、各チームに帯同する記者は「チーム」全体の取材をするものだが、ほとんどの日本人記者は特定の「日本人選手」だけを取材する。おそらく彼ら彼女らは「日本のファンが興味を持っているのは日本人選手なのだから、日本人選手を中心に取材するのは当然だ」と言うだろう。\n\n 実際に僕自身も、ライターとしてMLBに関する記事を複数の媒体に寄稿していたころ、書いていた記事の多くは日本人選手に関するものだった。それがビジネスとして求められていたからだ。\n日本のメディア各社によって「大谷フィーバー」が巻き起こる\nでも、いざMLBの取材現場に身を置くと、自分が「日本人選手を追いかける」記者として現場にいることに居心地の悪さを覚えた。何というか、その場にいるアメリカ人の記者たちや他の選手たちに失礼なことをしているような気がしたのだ。\n\n 目の前にアメリカ人やヒスパニックのスター選手がいても、彼らをスルーして日本人選手の動きを追いかけなければならない。「どうせお前ら、日本人にしか興味ないんだろ」と思われているように感じた。そんな視線を感じながらも日本人選手を追いかける立場に身を置くことが、僕にとってはあまり気持ちのいいものではなかった。\nもし自分がスポーツ紙や通信社から派遣された記者だったら、これが仕事だと割り切って、たとえ居心地の悪さを覚えても、毎日お目当ての日本人選手を取材したかもしれない。でも当時の僕は一介のフリーランスのライターにすぎず、毎日、特定の媒体に原稿を送るノルマもなかったので、無理に日本人選手を追いかける必要はなかった。\n\n もし仮にMLBのクラブハウスで継続的に取材をするならば、アメリカ人記者たちと同じように彼らと同じ土俵の上で仕事がしたいと思った。狭苦しい「日本人村」の外側で、もっと自由に仕事をしたいと思った。\n\n 近年の大谷フィーバーも、日本のメディア各社がこぞって「チアリーダー」に徹しているがゆえに巻き起こったものだ。大谷と日本メディアの関係を見続けてきたフレッチャー記者が、いくつか具体的なエピソードを紹介している。\nメディア非公開となった練習をホテル駐車場から覗き見\n「2018年に大谷が初めてエンゼル・スタジアムのブルペンで投げていたとき、何人かの記者がセンターになる岩によじ登って写真と動画を撮影しようとした。すると、エンゼルスはこの連中を排除した。\n\n 同じシーズンの後半に、大谷が肘の故障によるリハビリをしていた際に、テンピ・ディアブロ・スタジアムで8月のアリゾナ・ダイヤモンドバックスとの連戦の前、実戦形式の練習で登板したことがあった。当初は日本人記者が招待されていたが、その後、メディア非公開となった。そこで、記者一同は球場隣のホテル駐車場から覗き見をしなければならなかった」\n\n こうした日本人記者たちの行動は何とも見苦しいが、一方でエンゼルスは、大谷の一挙手一投足が日本で報じられることの重要性も理解していた。フレッチャー記者は続けてこう書いている。\n広報担当者はエンゼルス選手たちの話を書くよう勧めたが…\n「日本のメディアとエンゼルスの関係性は、ときに緊迫することもあったが、全体的にはお互いのために協力できるところは協力し合っているように見える。\n\n『日本全体が、彼のすべての動きを追っていることは理解しなければならない』\n\n 元エンゼルスの通信部門副社長だったティム・ミードが2018年に語った言葉だ。『その需要に対して応える義務があり、その点は十分に承知していた――そして、ショウヘイも理解していた』\n\n そして、大谷を追いかけ回す日本人記者の対応を担っていた広報担当者のマクナミーは、彼らに『ほかのエンゼルス選手たちの話を書くように勧め』ていたという。\n\n『記者たちは1人の選手のためにここまで来ているわけだけど、私は少しでもほかのチーム一同や選手たちを日本の観衆に紹介しようとしていました』\n\n 日本人記者たちは、ほかの選手やコーチたちにも大谷のことを聞いてまわっていた。マクナミーは、エンゼルスの打撃コーチや投手コーチはもちろん、ブルペンキャッチャーさえも取材を手配したという。\n\n スプリングトレーニングでは、無名のマイナーリーガーが日本人記者に囲まれて、練習場で大谷の投球を打ったかと質問攻めにされている始末だった」\n日本のメディアが日常的に異国の地でやっていた“無礼”\nプロスポーツの世界では、一部のスター選手に注目が集まるのは仕方のないことである。とはいえ「日本人記者に囲まれて、練習場で大谷の投球を打ったかと質問攻めにされている始末」だった無名のマイナーリーガーはいったい、どのように感じたのだろうか?\n\n もしかすると「どんな理由であれ注目されてラッキー」と思ったかもしれないが、マイナーリーガーといえどもプロ野球選手、プライドもあるだろう。取材を受けたにもかかわらず記者たちが自分に全く興味を持っていない、という状況は、あまり気持ちいいものではあるまい。\n\n 僕が記者だったら、プロ野球選手に「ほかの選手」のことばかり質問するのは気が引ける。それは取材相手に対して失礼な行為だとすら感じてしまう。\n\n でも、これこそ日本のメディアが日常的に、異国の地でやっていることなのだ。そして、それは個々の記者の問題ではなく、そういうことを当然としてきた日本のマスコミ界全体の問題だろう。自分たちが欲する情報やコメントを得るためには何をしてもかまわない、というメディアの傲慢さ、特権意識が垣間見える。\nメディア関係者の行動が「日本人」の国際的な評価を貶めているかも\n異国の地でも「日本人村」を運営し、現地のルールではなくムラのルールに従って行動する。あまりにも自国中心的であり、身勝手だと感じざるを得ない。\n\n 僕らが今日、大谷の活躍に一喜一憂できるのは、日本のメディア関係者が時に「岩によじ登って」でも大谷の一挙手一投足を追いかけ、その詳細を日々伝えてくれるからだ。メディアが伝える大谷の姿を見ていると、彼の存在が「日本人」の国際的な価値を高めてくれているようにさえ感じる。\n\n しかし、その舞台裏ではもしかすると、大谷を取り巻く日本のマスコミ関係者が白い目で見られているのかもしれない。最悪の場合、彼らの身勝手な行動が「日本人」の国際的な評価を貶めてさえいるかもしれない。\n\n 国際社会に生きる僕らは、その可能性に対してもう少し意識的になってもいいのではないだろうか?\n内野 宗治／Webオリジナル（外部転載）,['https://newsatcl-pctr.c.yimg.jp/t/amd-img/20240520-00070842-bunshun-000-4-view.jpg?pri=l&w=640&h=426&exp=10800'],"['https://news.yahoo.co.jp/articles/3eab6d687d36b69672b3407204d13141d8821674/images/000', 'https://bunshun.jp/articles/photo/70842?utm_source=news.yahoo.co.jp&utm_medium=referral&utm_campaign=partnerLink&pn=4']"
寅子の言い方が「法律は…」から「法は…」に変わる深い意味 現役弁護士が感動した、寅子の視点が変わる瞬間（文春オンライン）,https://news.yahoo.co.jp/articles/52fd652d3d9eb5189d183df498e2b5b4ea8fe00f,https://newsatcl-pctr.c.yimg.jp/t/amd-img/20240520-00070876-bunshun-000-1-view.jpg?exp=10800,2024-05-20T06:12:58+09:00,2024-05-20T06:12:58+09:00,文春オンライン,bunshun,文春オンライン,3704,\n伊藤沙莉が演じる主人公・寅子 NHK公式サイトより\n〈「脚本家はいったいどこまで調べて…」現役弁護士が驚いたマニアックすぎるエピソードと、実在事件の使い方「『虎に翼』は日本国憲法97条のドラマ化だと思う」〉 から続く\n【写真】11歳で出演した大ヒットドラマ、大胆なラブシーンも…伊藤沙莉の出演作を見る（全10枚）\n毎朝のようにSNSのタイムラインを席巻している「虎に翼」。主演・伊藤沙莉（30）が日本で初めて弁護士になった女性を演じているが、今作が多くのリーガルドラマ（司法ドラマ）と違うのは、現役弁護士たちの心も掴んでいることだ。\n\n「一体どこまで調べて脚本を書いてるんだ」「脚本侮っててすんませんでした」と絶賛する國本依伸弁護士に、『虎に翼』のどんなところがすごいのか話を聞いた。\n\n――『虎に翼』では主人公の寅子がまさに女性として初めて弁護士になったところですが、その60年後に弁護士になられた國本先生は、法曹の世界で女性差別を感じることはありましたか。\n\n國本依伸（以下 國本） 僕が司法修習生だった2001年頃、検察庁は女性の採用枠をあらかじめ決めているのではないかという噂が流れてきたことはあります。\n\n――今は女性の比率が裁判官で約22％、検事が約25％で、実は弁護士が20％ぐらいで一番少ないのですね。\n\n國本 司法修習が終って就職活動をする時に、女性弁護士のほうが就職が決まりにくいというのは僕の頃からありましたね。「弁護士が仕事でつきあうことになる中小企業の社長の中には『女なんか信頼できん』と思っている人も多くて、若い女性弁護士の言うことは聞かない。だから女性差別するつもりはないけどうちでは採用できない」なんて、弁護士事務所の人が言ってるのを聞いたこともあります。\n「DV離婚事件って非常に危険で、仕事で恨みを買って…」\n――弁護士仲間の女性からそうした話を聞くことも?\n\n國本 ついこの間も、司法修習生と教官の弁護士が食事をしてる時に「女子がいないから呼んで来い」って言ったというのがSNSで話題になりました。\n\n 僕は日本人で、男性で、既婚者で弁護士で、言ってしまえばマジョリティの属性を全部持ってしまっているわけです。そうすると、マイノリティの方が直面している現実がどうしても視野に入りにくい。コメンテーターなどで活躍してる三輪記子弁護士も「セクハラを受けたらすぐ相談に来い」とSNSで発信してますし、つまり弁護士業界でも、セクハラは「ある」ってことなんですよ。僕にはそれが見えてないだけで。\n\n――弁護士になってからの仕事も男女で差があったりするんですか?\n\n國本 たとえばDV離婚事件って非常に危険で、弁護士が仕事で恨みを買って殺されるような事件は、離婚が多い印象が僕にはあります。DV男性は権威主義的で、女性弁護士が相手だと攻撃性を抑えられない人たちがいる。だからそういう離婚案件は男性弁護士が担った方が良いと思うんですが、女性弁護士が担当することが多い。\n\n DV離婚案件ってそもそも手間がかかるわりに利益率が低くて、弁護士にとってはそんなにやりたくないんですよ。でもそんな危険で儲からない離婚事件や女性の性被害事件を、社会的な使命感で女性弁護士が引き受けてくれている現状があります。\n――窃盗や殺人のような刑事事件は男性弁護士が多いイメージがあります。\n\n國本 刑事事件の場合はまた違ったリスクがあります。弁護士が女性で被疑者被告人が男性の場合、ストーカー化することがままあります。\n\n――國本先生は日本のリーガルドラマはあまり見ないとのことでしたが、『虎に翼』にハマってその評価は変わりましたか?\n\n國本 正直なところリーガルドラマは食わず嫌いになっていて、本当に観ていないんですよね。\n\n――日本のリーガルドラマへのネガティブなイメージが強いなか、『虎に翼』はどうして観てみようと思ったんでしょう。\n\n國本 朝ドラだから、ですね。僕は『スカーレット』や『半分、青い。』が特に好きなんですが、『あまちゃん』以降の朝ドラには外れがあまりない気がしています。『らんまん』があれだけ良かったから、次は落ちるかなと思ったら『ブギウギ』も面白かったし、さすがにリーガルドラマはキツイかと思ったら『虎に翼』もいい。あと『虎に翼』を僕が楽しめているのは、戦前の法律用語に僕がそこまで詳しくないので、引っかかるところがあっても「戦前はそうだったのかな?」と思えるのも大きいかもしれません。\n「ここまで詳しく調べているドラマだから」という信頼感\n――引っかかるところと言うと?\n\n國本 例えば「被告」と「被告人」という言葉の使い方です。民事事件では「原告と被告」、刑事事件は「検察官と被告人」と呼ぶのが現在のルールです。なので、刑事事件なのに弁護士が「被告」と言っているドラマがあったら、その時点で「これはダメだな」とわかるんです。でも『虎に翼』の場合は「ここまで詳しく調べているドラマだから、あえて使っているのかもしれない」という信頼感があります。\n\n 寅子の父親の贈収賄事件で、大庭長男の台詞で刑事事件なのに「被告」という言葉が出てきますが、佐藤倫子弁護士がSNSで紹介していた帝人事件の弁護人の弁論要旨を見ると、たしかに「被告」という言葉を使っているんですよね。それで「戦前は刑事事件でも『被告』を使っていたんだ」と知りました。やっぱり本作脚本家の方が僕の認識よりも整合性が高く正しい（笑）。\n\n――おもしろいです。他にも気になったところはありますか。\n\n國本 寅子の家に検察が捜索に来て捜索令状を出すときに、寅子の父を「勾留した」と言ったのも少し引っかかりました。勾留は、逮捕の後に証拠隠滅や逃亡を防ぐために引き続き身柄を拘束することで、家宅捜索はだいたい逮捕の時が多いんです。それでいろんな可能性を考えましたが、ストーリーではその日に父親は逮捕されていたので、「逮捕したその日に勾留」だったようですね。もしかすると戦前にはそういう運用があったのかもしれないなと思いました。\n寅子の言い方が「法律は～」から「法は～」に変わる意味\n――言葉の1つ1つが法律では厳密ですよね。\n\n國本 そうですね。「法律」と「法」も、『虎に翼』はかなり意識的に使い分けている気がします。\n\n――法律と法……どう違うのでしょう?\n\n國本 「法律」は国会が作った条文そのもので、条約や憲法のような上位のルールによって縛られているし、選挙で選ばれた国会議員が変えることができる。極端に言えば「悪い法律」だってあります。\n\n でも「法」は法律を含むあらゆる法規範を指すこともあれば、「正義と公平の人類原理」を含む法律より上位の法規範を指すこともあります。『虎に翼』の中でも、寅子たちは、最初の頃は「法律は～」と発言することが多いんですが、徐々に「法は～」と言い方が変わっていく。これは、寅子の視点が法を学ぶ専門家のそれになったことを意味してると僕は思いました。\n\n――それは気づきませんでした、寅子の法に対する理解が深まっていることが言葉に現れているんですね。\n\n國本 寅子の言葉の使い方が変わったのは、僕の見たところでは、「物品引き渡し請求事件」の判決の後、法廷の階段を降りてきたときからです。以後、寅子ら登場人物たちは場面ごとに「法」を主語にしたり「法律」を主語にしたりしますが、自分はそれぞれ脚本家が明確な意図を持って台詞を使い分けていると感じました。ただ残念ながらこの時点では日本の最高法規は大日本帝国憲法なので、厳密には市民国民の人権を保障していないし、女性の権利を保障している「法」ではありません。\n\n 他方、現在の最高法規である日本国憲法の98条第1項は「この憲法は、国の最高法規であつて、その条規に反する法律、命令、勅令及び国務に関するその他の行為の全部又は一部は、その効力を有しない」としています。つまり、日本国憲法の根本にある正義や公平に反するルールは、たとえ「法律」として国会で作られても全部無効だということになったわけです。\n\n――それが、1話の寅子の涙につながるんですね。\n\n國本 戦後にできた日本国憲法は、14条や24条により、寅子や同級生その他登場人物たちを苛んできた戦前の家制度を復活させることをできなくしてあります。たとえ法律でもできません。具体的な人たちの顔を思い浮かべて、そのような時代が来たことに寅子は涙を流しているのだと思います。\n\n ただ新しい憲法が公布されても終わりじゃなくて、それを実際に主張して、裁判をして、形にしてきた人がいて、これからもそれを続けていく必要がある。『虎に翼』は、その地道な過程がわかるように1つ1つシーンやエピソードを積み上げています。どこまで凄いドラマなんでしょうね、これは。\n田幸 和歌子,['https://newsatcl-pctr.c.yimg.jp/t/amd-img/20240520-00070876-bunshun-000-1-view.jpg?pri=l&w=640&h=358&exp=10800'],"['https://news.yahoo.co.jp/articles/52fd652d3d9eb5189d183df498e2b5b4ea8fe00f/images/000', 'https://bunshun.jp/articles/photo/70876?utm_source=news.yahoo.co.jp&utm_medium=referral&utm_campaign=partnerLink&pn=10']"
「脚本家はいったいどこまで調べて…」現役弁護士が驚いたマニアックすぎるエピソードと、実在事件の使い方「『虎に翼』は日本国憲法97条のドラマ化だと思う」（文春オンライン）,https://news.yahoo.co.jp/articles/a026efc1b62178ef8b919f2c85eb89cd81fcd60d,https://newsatcl-pctr.c.yimg.jp/t/amd-img/20240520-00070875-bunshun-000-1-view.jpg?exp=10800,2024-05-20T06:12:58+09:00,2024-05-20T06:12:58+09:00,文春オンライン,bunshun,文春オンライン,3995,\n毎朝タイムラインを席巻している「虎に翼」 公式サイトより\n毎朝のようにSNSのタイムラインを席巻している「虎に翼」。主演・伊藤沙莉（30）が日本で初めて弁護士になった女性を演じている。今作がこれまでの多くのリーガルドラマ（司法ドラマ）と違うのは、現役弁護士たちの心も掴んでいることだ。\n【写真】11歳で出演した大ヒットドラマ、大胆なラブシーンも…伊藤沙莉の出演作を見る（全10枚）\n「一体どこまで調べて脚本を書いてるんだ」「脚本侮っててすんませんでした」と絶賛する國本依伸弁護士に、『虎に翼』のどんなところがすごいのか話を聞いた。\n\n――『虎に翼』の放送がある日はXに國本先生のポストが流れてくるのを楽しみにしています。弁護士としてどんなところにハマったんでしょう。\n\n國本依伸弁護士（以下 國本） 日本のリーガルドラマは用語その他内容が不正確で、嫌な気分になることが多いのでほとんど観ないんです。だから妻から「次の朝ドラは日本で最初に弁護士になった人みたいやで」と聞いたときには、「伊藤沙莉めっちゃ好きやけど、司法ドラマなら観たくないなぁ」と思ってました。\n\n でも『虎に翼』の1話を見たら「あれ? めっちゃ面白いやん」みたいになり、2話3話と見ていっても弁護士的に引っかかるところがほとんど出てこない。しかも面白い。しばらくは「俺はまだ騙されんぞ」と警戒していたんですが（笑）、すっかりやられました。\n「あまりにマニアックで驚きました」\n――「この脚本家はいったいどこまで調べて、この脚本を書いているのか?」と絶賛されていましたね。特に驚いたポイントはどこですか?\n\n國本 例えば寅子の父親が巻き込まれた贈収賄事件、僕らが学んだ刑事訴訟法のテキストに「戦前は糾問主義だった」とは書いてあるけど、その「糾問主義」が具体的にどのようなものであったかまでは詳しく学ばない。実際、気になって当時の条文を探しても、ネットのどこにもなくて国会図書館のアーカイブでやっと画像が見つかるというようなマイナーさです。それをちゃんと調べて当時の手続きにしたがって刑事裁判を再現し、ドラマの場面にするなんてすごくないですか。\n\n――現役の弁護士の先生でも知らないことがドラマに。\n\n國本 あとは、民法761条の日常家事債務規定（夫婦の連帯責任について定めた法律）が出て来たときもあまりにマニアックで驚きました。僕は「虎に翼」を見るまで、戦前の既婚女性に法律行為能力がなかったことと、今もある日常家事債務の話がつながっているなんて考えたこともありませんでした。\n\n――どういうことでしょう?\n\n國本 戦後に日本国憲法ができた時に、既婚女性の権利能力を認めない条項は憲法違反なので廃止されましたが、日常家事について夫婦が連帯責任を負うルール自体は残りました。でもこの2つは、元々はセットだったんです。既婚女性に権利能力がなければ、買い物も何もできない。だから夫の男性に連帯責任を負わせる必要があったんでしょう。\n\n 司法試験は基本的に今ある法律を勉強するので、戦後に憲法ができて廃止された法律のことは歴史として軽く学ぶくらいで深くは知らなくても合格できるんです。だからドラマを見ても、そのつながりが最初はピンと来ませんでした。放送後、他の弁護士の投稿を見て「そういうことだったのか!」と気付いたのです。\n――ここでも、司法試験にも出てこないマニアックな話がドラマになっているんですね。\n\n國本 そうなんです。寅子の父親が巻き込まれた事件の元ネタの「帝人事件」は有名なようですが、僕は全然知りませんでした。第2週で登場した、DV夫との結婚が破綻した妻が嫁入り道具の着物を取り返そうとした「引き渡し請求事件」も司法試験受験生が読む程度の判例集には載っていない小さな事件です。だから僕は、SNSで他の弁護士や出版社の方が「出てきたあの事件の元ネタは……」と解説してくれるまで、実際の事件をモデルにしているかどうかすら判断がつきませんでした。脚本を書いた方は一体どうやって調べたんでしょうね。\n\n――國本先生がSNSで「脚本侮っててすんませんでした」と謝罪する“事件”もありましたね。\n\n國本 僕以外にも法律家がたくさん引っかかった「毒饅頭事件」の時ですね。\n\n――寅子たちが所属する女子部法科が存続の危機に陥って、PRのために学園祭で披露したのが、実際にあった事件をもとに作られた演劇でした。\n\n國本 医学生が医者になった途端に恋仲だった女給を捨て、捨てられた女給が腹いせに防虫剤入りの毒まんじゅうを送りつけ、医者とその祖父が亡くなるという演劇でした。\n\n これは実際にあった「チフス饅頭事件」がベースなのですが、本来は「女給ではなく女性医師による犯行」で「防虫剤ではなくチフス菌」。それを学長が「法律を学ぶ女性たちが、弱い立場の女性を救おうとしているように見えた方がいい」という理由で改変する強烈な場面に仕立てていましたよね。\n元の事件を知っていた法律家ほど驚きが大きかった\n――現実をデフォルメしたのは『虎に翼』の脚本家ではなくて、登場人物である学長の企みだったというひねった構造に唸っていた法律家の方が多くいました。\n\n國本 僕も最初、ドラマ用に面白くデフォルメしたんだと思っていました。でも視聴者がそう思うことすら脚本家の計算で、完全に手のひらの上で踊らされました。調べたりレクチャーを受けた実在の事件をそのまま使うのではなく、脚本家が完全に消化してドラマのテーマに合わせて応用したということですから、もうすごすぎますよね。\n\n――元の事件を知っていた法律家ほど驚いたのですね。\n\n國本 あと取材の前に第1話から観なおして気になったことをメモしていたのですが、どのエピソードも全部、1話につながっていることに気がついてそれも感動しました。\n\n――1話につながっている?\n\n國本 第1話の冒頭で、寅子が日本国憲法が交付されたという新聞記事を読んで涙を流している場面がありますよね。そこからカメラが憲法14条にフォーカスして、ナレーションの尾野真千子が「すべて国民は法の下に平等であって…」と読み上げるじゃないですか。そして色々な苦境を抱えている女性たちが画面のあちこちに映ります。\n\n そして『虎に翼』に登場するエピソードの1つ1つが、当時の女性や社会的に弱い立場に置かれた人たちの「平等ではない」苦しみのパーツになるんだと思うんです。\n――「80年近く前の話のはずなのに、まるで現在の差別を見ているようだ」という人も多くいます。\n\n國本 2024年の現状だけを見ると、確かにまだまだひどい差別はあります。でも法とか法律って自然現象のように勝手に出てくるわけではないので、もっとひどい状況の中で戦って、努力した人たちの積み重ねで改善が進んできて今があるのも事実なんです。それを理解するには、歴史を学ぶ必要がある。でも司法試験対策ではそういう勉強は全く必要ないから、歴史という縦軸が抜けてしまう可能性はあるのだなと改めて思いました。\n『虎に翼』は、「日本国憲法97条のドラマ化」\n――法律の歴史だと、たとえばどんなことがポイントなのでしょうか。\n\n國本 戦後に日本国憲法ができて女性が初めて参政権を得て、女性国会議員が誕生しました。でも、憲法が規定する理想どおりに女性差別がすぐ解消されていったかと言えば、そんなことはない。例えば「女性は結婚したら退職する」とか、「女性は男性より定年が早い」という就業規則がある会社も当時はたくさんありました。でもそれは憲法14条には違反せず、ただの区別だという解釈だったんです。\n\n それを変えたのは、結婚退職制度を訴えた住友セメント事件（1966年に地裁判決）の鈴木節子さんや、既婚女性の昇給・昇給格差の撤廃を訴えた住友三裁判の女性社員たち。その陰には、家族の反対で裁判に加わらなかった女性たちも多くいました。\n\n 憲法ができて終わりじゃなくて、戦後の日本人の中から「これはおかしい」と言って立ち上がり、裁判を起こして勝つ人が出て、戦う人たちが次々につながっていったからこそ、今があるわけです。\n\n――その1人が、『虎に翼』の寅子のモデルになった三淵嘉子さんでもあるわけですね。\n\n國本 そうです。だから僕は『虎に翼』は、「日本国憲法97条のドラマ化」だと思っているんです。\n\n――憲法のドラマ化?\n\n國本 97条には「この憲法が日本国民に保障する基本的人権は、人類の多年にわたる自由獲得の努力の成果であつて、これらの権利は、過去幾多の試練に堪へ、現在及び将来の国民に対し、侵すことのできない永久の権利として信託されたものである」とあります。まさにこの「多年にわたる自由獲得の努力」の部分を描いているんだと思います。\n\n しかも主人公の寅子は弁護士になって歴史に名前を残したけど、自由を求めて戦ったものの押しつぶされてしまった人たちも多い。でも憲法97条には、そうやって殴り殺されて屍になった名もなき人たちのこともリスペクトしなさいよ、と書いている。それが『虎に翼』の中で、苦境に置かれた女性やホームレスなど、無名の人たちが何度も登場するところに示されています。\n\n こんなに深く日本国憲法の理念を理解したドラマは見たことが無くて、毎回のように「なんなんだこれは!」と驚きながら見ています。\n\n 寅子の言い方が「法律は…」から「法は…」に変わる深い意味 現役弁護士が感動した、寅子の視点が変わる瞬間 へ続く\n田幸 和歌子,['https://newsatcl-pctr.c.yimg.jp/t/amd-img/20240520-00070875-bunshun-000-1-view.jpg?pri=l&w=640&h=356&exp=10800'],"['https://news.yahoo.co.jp/articles/a026efc1b62178ef8b919f2c85eb89cd81fcd60d/images/000', 'https://bunshun.jp/articles/photo/70875?utm_source=news.yahoo.co.jp&utm_medium=referral&utm_campaign=partnerLink&pn=8']"
「大丈夫でしたか？とお声がけをしたい。でもうかつに聞くことは…」“全線復旧”した能登半島の鉄道が抱える“ほんとうの復旧”までの距離（文春オンライン）,https://news.yahoo.co.jp/articles/64b4cfb3802aeb9aa3ddedff8e63436422771a74,https://newsatcl-pctr.c.yimg.jp/t/amd-img/20240520-00070903-bunshun-000-1-view.jpg?exp=10800,2024-05-20T06:12:58+09:00,2024-05-20T06:12:58+09:00,文春オンライン,bunshun,文春オンライン,5667,\n七尾線（JR西日本提供写真）\n〈北陸新幹線“ナゾの人であふれかえる駅”「金沢」には何がある?〉 から続く\n\n これは、復興に向けての大きな一歩になるのだろうか――。\n【画像】能登半島を走るローカル線に“鉄道大動脈”…「被災地の鉄道」1月からの歩みを写真で見る\n2024年4月6日、能登半島を走るローカル線・のと鉄道が全線で運転を再開した。能登半島地震当日、つまり1月1日以来約3か月ぶりとなる、全線での運転。すでに、七尾・和倉温泉までのJR七尾線は2月15日までに運転を再開しており、のと鉄道の運転再開によって能登半島の鉄道はすべて復旧したことになる。\n\n「4月6日には現地に行って列車のお見送りをしました。のと鉄道の社員さんはもちろんですが、県知事も来ていて、復旧に携わった人間として達成感を感じました。復旧してくれてありがとう、という地元の方の声を頂くと、うれしい気持ちになりますね」\n\n こう話してくれたのは、のと鉄道和倉温泉～穴水間の復旧工事に携わった、JR西日本金沢工事所の川上耕平さんだ。\n\n のと鉄道の和倉温泉～穴水間はもともとJR七尾線の一部だった歴史を持ち、現在でも線路などの一部施設はJR西日本が保有している。加えて地震による被害が大きかったこともあって、のと鉄道ではなくJR西日本が復旧工事を担うことになった。\n\n「私たちがのと鉄道の復旧工事をするとなったのが1月の中旬くらいでした。のと鉄道の被災場所は全部で44か所ほどありまして、大きなところでは土砂崩れでレールが埋まってしまっているところもありました。土木構造物の被害でいうと、震度の大きかった北側の方がひどかったですね」（川上さん）\nなぜ復旧工事は「簡単な作業ではない」のか\n復旧工事は言葉でいうほどに簡単な作業ではない。まず正確に被害状況を把握し、一見するだけではわからないような土木構造物の亀裂なども把握しなければならない。雪が降って積もればこうした確認作業もままならない。川上さんら金沢工事所の職員は現地に行って帰ってを繰り返しながら、被災状況の把握に努めた。\n\n「復旧工事に入ってからも、何をもって安全なのかを判断するのが難しい。のと鉄道さんでは基準などもJRと違っていますし、国鉄時代から使われていて老朽化が進んでいる古い構造物も多いですから。橋梁の鉄骨を発注するにも、確実に安全を担保できる基準を満たしていないといけない。それをしっかりと計算して判断してからじゃないと発注ができないんです」（川上さん）\n\n また、七尾・和倉温泉駅以南のJR七尾線。こちらは特急列車や観光列車も走る、いわば能登半島の鉄道大動脈といっていい存在だ。能登半島の中核都市である七尾市と石川県都の金沢市を結んでおり、七尾線の早期復旧も被災地の復旧にとっては大きな意味を持つ。\n早く復旧できた路線も“被害が軽かった”というわけではなく…\nただ、その七尾線の被害も大きかった。比較的被害状況が軽微だった南側の津幡～高松間は1月3日に運転を再開でき、以後順次北に向けて少しずつ運転区間を伸ばしていく形で復旧が進められている。この工事に携わったのが、JR西日本金沢支社施設課の山田一樹さんだ。\n\n「金沢側は被害が少なかったのですが、高松～羽咋間も大きな被災場所がありました。路盤が沈下して線路がジェットコースターのように波打ってしまっているような。羽咋～七尾・和倉温泉間も同じです。ホームや駅舎なども被害を受けていましたし」（山田さん）\n\n 被害の大きさから、当初は復旧までにかなりの時間を要すると考えられたという。しかし、昼夜を問わず工事を進める関係者の努力の甲斐もあって、羽咋駅までは1月15日に運転を再開。22日には七尾駅、2月15日には和倉温泉駅までの復旧が実現した。そして、この間の1月半ばからはのと鉄道の復旧もスタートする。\n北陸エリアの鉄道網が抱えていた「新幹線延伸」という“特殊な事情”\n被災した路線の復旧などを担うのは山田さんが所属する施設課だ。だから、その筋にのっとればのと鉄道の復旧も山田さんら施設課の手によるのが自然な流れ。\n\n ただ、今回はのと鉄道の復旧には金沢工事所という本来は新線建設などに携わる部署にも協力を依頼した。これは、北陸新幹線の延伸を控え、施設課では北陸本線の第三セクター移管業務などを抱えていたためだ。そこで、北陸新幹線関連の事業がひと段落していた金沢工事所ものと鉄道の復旧を担当することになったという。\n\n そう、JR西日本は能登半島の鉄道の復旧に加え、北陸新幹線の敦賀延伸開業という一大事業も抱えていたのだ。\n\n「地震のときは、ちょうど仕事が休みで金沢の自宅にいたんです。こんな大きな地震は経験したことがなくて、翌日には新幹線の駅業務だったので心配で……。出勤してみたら、ホームの窓ガラスにひびが入っていたり、地面も少し隆起していたり、あちこちに被害がありました。自動ホーム柵が傾いてしまって開閉できなくなっているところも……」\n\n 地震発生当日をこのように振り返るのは、当時金沢駅で新幹線の駅運転業務などを担っていた臼井莉奈さんだ。駅運転業務とは、おおざっぱにいえばホームで利用者の乗降などを誘導し、安全を確認して乗務員に出発の合図を出す仕事だ。\n「大丈夫でしたか?とお声がけをしたい。でもうかつに聞くことはできない」\n北陸新幹線は地震の翌日、1月2日には運転を再開している。2日の午前中には富山～金沢間で再開し、午後には全線で復旧。当初は徐行運転が行われていたが、通常ダイヤに戻るのも比較的早かった。能登半島ではまだまだ被災者の救助活動が続いていたが、金沢市内は一見平穏を取り戻す。在来線の運転も再開し、臼井さんも通常業務という点では割とすぐに日常に戻ったという。\n\n「ただ、いろんなところで被害は垣間見えますし、自分の仕事をしないといけないけど地震の方も心配で。自分たちに何かできることはないのかな、と考える日々でした。\n\n 観光のお客さまはだいぶ減りましたが、ボランティアか何かで来られたのかなという方の姿も見えるようになって。あとは能登からなんとか金沢まで戻ってきたというお客さまもいらっしゃいました。『大丈夫でしたか?』とお声がけをしたいのですが、でもうかつに聞くことはできないじゃないですか。とはいえ、何も言わないのもおかしいし……。だから、私だけでなく社員はみんな接客の仕方に悩んだと思います」（臼井さん）\n「被災→廃止」というローカル線も少なくない。危機は…\n壊れて閉まらなくなったホーム柵は、数日間にわたってそのままだった。当初は壊れたホーム柵のあるのりばを使わない運用をしていたが、ダイヤが通常に戻ればそうもいかない。そこで、社員たちが壊れて閉まらなくなった一部のホーム柵の前に立って人力で安全を確保して列車を走らせた。たくさんの人の力で列車は走る。臼井さんは、そのことを強く実感したという。\n\n 被災地である能登半島に向かうには、否応なく金沢を経由しなければならない。特に能登半島の主要道路が大きな被害を受けた今回の地震では、物資も人もすべて金沢が拠点となる。\n\n 臼井さんたち金沢駅の駅員は、そうした地震直後の人の動きを目の当たりにした。だからこそ、1日も早い鉄道の復旧が欠かせない。それは鉄道に携わる人すべての共通認識だったのだろう。ローカル線が被災して不通になると、すぐに復旧されず、それどころかそのまま廃止につながる例も最近では少なくない。\n\n しかし、少なくとも七尾線・のと鉄道に関しては、社内ではそうした議論を見聞きすることはなかったという。金沢支社施設課の山田さんは振り返る。\n\n「SNSとかで七尾線が廃止か、みたいに言われているのは知っていました。でも、社内ではまったく。むしろ、いかに早期復旧するかに全員で注力していました。実際の工事を行う施工会社さんに相談すると、最初はもっと時間がかかるという話だったんです。\n\n でも、こんなには時間はかけられない。なんとか早くすることはできないか、と。それで人やモノをとにかく投入して、関西の方からも業者さんを呼んできたりして、早期復旧を目指していきました」\nちなみに、このときに山田さんが担当していた仕事のひとつに、バラスト（線路に敷き詰められている砕石）の手配があった。ふだん、バラストは保線工事で用いているものの、七尾線のほぼ全線に渡るほど大量の在庫を抱えているわけではない。\n\n「バラストの生産者さんに発注しないといけないのですが、最初はいきなりこんなにたくさんは無理だよ、と。なんとかお願いして、工場をフル稼働してもらって、あとは石川県内だけでなく富山や福井の業者さんにも発注して、なんとか確保することができました。\n\n だから、早期復旧というとJRが頑張った、みたいに報じられたりすることもあると思うのですが、私としてはいろいろな関係者が総力を挙げて、力を合わせて取り組んだ結果なんだということを知ってほしいな、と思います」（山田さん）\nあくまでも“復旧”しただけであって、元の通りに走っているわけではない\nいずれにしても、多くの関係者が正月明けから休みを返上して「早期復旧」に向けて力を尽くした。その結果が、近年の災害被災路線にしてはまれに見る“スピード復旧”につながったのだ。\n\n ただ、被害規模が大きかったエリアは鉄道の通っていない奥能登エリア。その地域ではまだまだインフラの復旧も途上だ。鉄道も、あくまでも“復旧”しただけであって、元の通りに走っているわけではない。七尾線を走っていた人気観光列車「花嫁のれん」もいまだ運休が続く。\n\n 地震発生当時、金沢駅で駅員をしていた臼井さんは、「花嫁のれん」のアテンダントという顔も持つ。入社後は福井駅で働いていたが、2021年に金沢駅に異動。2022年7月には自ら手を挙げて「花嫁のれん」のアテンダントになった。\n\n「金沢駅は忙しい駅なので、お客さまとしっかりお話をする機会が少ないんですよね。せっかく金沢で働くのだから、何か石川らしい仕事を、そしてお客さまとコミュニケーションをとれる仕事がしたいと思って手を挙げました。車窓を見ながら『あ、白鳥いました!』みたいなやりとりをして、お客さまと景色や感情を共有できるのは、とても楽しかったですね」（臼井さん）\n\n「花嫁のれん」のアテンダントは、乗務前に和倉温泉の加賀屋で研修を受ける。おすすめの観光スポットや飲食店などを自分の言葉で乗客に紹介するため、自らの足で能登各地を回ったこともある。だから、臼井さんにとっても能登半島への思いはひとしおなのだ。\n開業した敦賀と“ほんとうの復旧”が必要な路線\nいま、臼井さんは新幹線の延伸開業にともなって職場を敦賀駅に移している。\n\n「私は敦賀の出身なので、家族も友だちも敦賀にたくさんいるんです。みんな新幹線を楽しみにしていたのを間近に見てきましたから、うれしかったですね。\n\n 延伸開業初日はたまたまお休みだったのですが、お客さんとして駅に新幹線を見に行きました。まだまだ敦賀では新幹線になれていないお客さまも多いので、乗り遅れがないかどうかとか、気を使うこともたくさんあります。金沢とは違ってほとんどのお客さまが特急と新幹線を乗り継ぐので……。まだまだ敦賀には、『新幹線がやってきた!』という高揚感がありますね」（臼井さん）\n\n 新幹線に乗って敦賀駅にやってきたり、また能登半島の玄関口である金沢駅にやってきても、一見するかぎりでは能登半島地震のことなど忘れてしまいそうな活気に満ちている。しかし、まだまだ道は半ばだ。七尾線ものと鉄道も、列車を走らせながらの本格的な復旧工事を並行しなければならない段階だという。\n\n「復旧工事は、ひとまず安全に列車を走らせるようにしただけなんです。だから、いまも徐行運転をしている区間もあります。完全に元に戻してからでは、早期復旧にはならないですから。さらにいくつかの工事をしていきながら、元のように走れる状態にしていく。だから、ほんとうの復旧はもう少し先ということになりますね」（川上さん）\n\n それでも、1日も早い鉄道の復旧に力を注いだのは、それが復旧・復興に向けた大きな一歩になることを願っているからだ。\n\n「七尾線が走って、本当によかったという声もたくさんいただきました。だから、大きな一歩であってほしいですね。まだ大きな工事も残っていますが、とにかく七尾線、のと鉄道が通っていることで、未来に繋がる。工事に携わったすべての人が、そう願っていると思います」（山田さん）\n再び「花嫁のれん」が走り出す日\n七尾線の観光列車「花嫁のれん」の運転再開は、まだまだ見通せる段階ではない。ただ、そうした中でも敦賀駅の臼井さんは再び「花嫁のれん」に乗る日を待ち望む。\n\n「時間はかかると思うんですけど、『花嫁のれん』が復興のシンボルのような感じになったら良いな、と。車内では能登の名産品やお酒を楽しめますし、毎月1回くらい能登の自治体の方が乗ってくれて『楽市楽座』というイベントもやっていたんです。それがとても楽しいイベントで……。能登にはおすすめしたい良いところがいっぱいあるので、そういうお話をお客さまとまた、したいですね」（臼井さん）\n\n 七尾線・のと鉄道が完全に復旧し、「花嫁のれん」が再び走り出す。被災地の置かれた状況を見れば、まだそんな日が見通せる段階ではないのはまちがいない。ただ、少なくとも多くの人が1日も早くそうした日がやってくることを願っているのだ。\n鼠入 昌史,['https://newsatcl-pctr.c.yimg.jp/t/amd-img/20240520-00070903-bunshun-000-1-view.jpg?pri=l&w=640&h=480&exp=10800'],"['https://news.yahoo.co.jp/articles/64b4cfb3802aeb9aa3ddedff8e63436422771a74/images/000', 'https://bunshun.jp/articles/photo/70903?utm_source=news.yahoo.co.jp&utm_medium=referral&utm_campaign=partnerLink&pn=11']"
「女性が誘導される海外売春は明らかな組織犯罪」ホストに貢ぐ日本人女性が“出稼ぎ売春”でムシられる異常構造について（文春オンライン）,https://news.yahoo.co.jp/articles/b10661bf8c2bdc41e3d00eeccec845696ed5f848,https://newsatcl-pctr.c.yimg.jp/t/amd-img/20240520-00070872-bunshun-000-1-view.jpg?exp=10800,2024-05-20T06:12:58+09:00,2024-05-20T06:12:58+09:00,文春オンライン,bunshun,文春オンライン,3715,\n頂き女子りりちゃん\n50代、既婚、4人の子持ちの私が書くのもなんですが、昨今頂き女子りりちゃんから女性の海外売春問題などで構造的な事案に立ち至ることが多くなりました。\n【画像】〈ソープランドが好きだった。いっぱいかわいいって言ってもらえる〉公式ツイッターに公開されたりりちゃんのメッセージを見る\n身の回りで、アラフィフ超えて水商売の女性に熱を上げて大変なことになる独身男や、そんな独身男に色恋で誤解されて付きまとわれて相談を持ち掛けてくる女性が多発しているんですよね。最悪なことに、大学で通っている女子大生が悪質なパパ活に捕まってどうしようもなくなった話とか持ち込まれても、運が悪かったねと慰めつつその方面に強い弁護士を紹介するぐらいしかできないじゃないですか。\n\n ネット界隈でもおおいに話題になりましたが、ちょっと前まではヲタ叩きの延長線上で「萌え絵やアニメのレイプシーンと地続きな性的搾取」とかいう不毛なフェミニズムの話がネットで騒ぎになっている間に、疑似恋愛にのめり込んだ男女が面倒を起こし、具体的なホストクラブや美容整形業界の構造的な問題へと発展しつつあります。\nホストにハマる女性を性産業に斡旋する仕組みが国会でも問題に\nネットでは頂き女子マニュアルらしきものがリークされて販売されるも大人の事情で速攻削除されたり、結婚を前提に女性に貢いだ結果殺人事件にまで至ってしまった問題について女性側、男性側に分かれて論争が続いてもいます。疑似恋愛を媒介におカネをやり取りする仕事はビジネスも当事者男女も情愛をレバレッジにする分、「信じてたのに」とか「きっと俺が好きに違いない」など、冷静でない感情を抱きやすいのは当然と言えます。\n\n これらの問題は、ホストクラブでのシャンパンタワーをやり、推しのホスト男性から一夜の寵愛を受けるためだけに身体を売る仕組みそのものが引き起こす問題です。ホストクラブにハマる女性を性産業に斡旋する仕組みは国会でも問題になり、広く調査が始まりましたが問題の構造が根深いのです。\n\n また、文字通り犯罪組織が介入していたり女性の側の境界知能の問題があったり、社会的にハイリスクな女性に対して社会や政治に何ができるかという深淵な問いを投げかけているのです。\n自由民主党や立憲民主党では特に、一連の問題は「悪質ホスト問題」と「売春防止法」という国内の問題として扱われ、対策が吟味されています。自民党も公明党も売春防止法の改正議論では搾取される社会的にハイリスクな女性の救済について議論を重ねてきていましたし、また、立憲民主党は塩村あやかさん他悪質ホスト問題に積極的に取り組む議員が出てきて対応を進めています。\n\n困難抱える女性の支援 売春防止法から脱却へ | お知らせ | ニュース | 自由民主党\n https://www.jimin.jp/news/information/203171.html \n\n悪質ホスト問題、塩村あやか議員の危機感「女性が誘導される海外売春は明らかな組織犯罪」（弁護士ドットコムニュース）\n https://www.bengo4.com/c_18/n_17378/\n高額報酬を売りに海外売春求人やスカウトがネット内で乱舞\n他方で、2022年以降急速に拡大した悪質ホスト問題の実質的な幇助者は反社会的勢力だけでなく海外の斡旋業者、特に中国の売春コーディネーターの問題に行きつくため、国内法をいくらいじっても解決には至らないというのが実情です。\n\n 特に、高額の報酬を売りに海外売春を斡旋する求人やスカウトがネット内で乱舞しており、国内法では違法でも派遣先の海外では合法である場合は取り締まりようがありません。\n\n 大手売春求人のサイトは運営元が中国で、流ちょうな日本語を使うスタッフからのガイダンスがあるなど手取り足取り対応してもらえる状態であって、まるで気軽に国内ソープランドで働く感覚で海外での売春を斡旋でき、国内で身体を売るより高額の報酬が得られるかのような書きぶりになっています。\n\n 当然海外で出稼ぎして売春に従事した女性は日本国内法の庇護を得られないどころか納税もしませんから、そのような個人の営みに関する情報が取れていない日本政府もお手上げな面があります。\n海外売春増加で外国への渡航が制限される事態が発生\n他方で、斡旋されての海外売春を取り締まっているアメリカへの入国は、これらの中国系違法業者とその周辺で関わる人たちの情報をきちんと収集しており、最近ではそこで仕事を得て売春目的でアメリカ本土に入ろうとした日本人女性が現地の入国管理で弾かれて入国拒否されるという事態も増えています。日本政府が日本人女性の情報をきちんと把握できていないのに、出稼ぎ先のアメリカから売春目的の日本人女性が特定され入国を拒否される事態そのものが、日本にとって恥そのものではないかとは思います。\nその分、フィリピンやオーストラリア、一部カナダなどは「安全に売春できる」地域となっており、中国系の組織が深く関与して月間数百人単位で日本人出稼ぎ売春女性を受け入れている状態であって、これはオーストラリアの入管当局からも日本に対して注意喚起（というか事実上の警告）をされている状態です。\n\n いままでは、日本のパスポートは強く、ビザなしでも入国できる国が多かったのが自慢なのですが、まさか日本人女性による海外売春が増えたから外国への渡航が制限される事態になるとは思ってもいませんでした。\n疑似恋愛産業に行政が踏み込むべきなのか\n問題が急拡大した背景は、紛れもなくホストクラブによる女性への収奪と、高額化し続ける美容整形・医療業界の問題があることは間違いないのですが、現段階で、日本国内でこれらの問題に対していわゆる治安・社会風紀上のトラブルだと問題を矮小化している動きがあるのは悩ましいことです。\n\n もちろん、ホストクラブの営業上の規制に過ぎないのだと言われたらまあそうなのかなという気もしますが、ホストクラブに勤めるホスト男性を推しの果てに貢いでいる女性が性風俗産業に流れ、違法な海外売春に手を染めるのが一大流行しているのは国内の警備警邏の問題ではないのも事実です。\n\n 同様に、疑似恋愛の産業においてはパパ活も含めた事件も多発しているのは事実であって、カネと性欲が絡んで凄惨な殺人事件にまで発展してしまうのは、単に「社会常識のない人が異性に疑似恋愛をちらつかされ、入れ込んで貢いでしまってから夢が冷めて逆恨みするから」では済ませられない面が出てきています。\n\n 一方で、そんなもん法規制するべきものなのかってのはあります。何というか、自分で自分に責任を持つべき成人男女に対して、その恋愛感情がたとえ偽りのものであっても騙されるお前が悪いのに行政が踏み込むべきなのか、という非常にデリケートな問題になっているのです。\nプラットフォーム規制とか言ってる場合じゃない\nこのような問題に対して、ネットで騒がれるチー牛など弱者男性論やパパ活批判、またいわゆるネットフェミニズムなど表層的な階級論みたいなものは非常に無力で、ネットでガタガタ騒いだってほとんど問題の解決に向けては影響を与えられない状態になってきています。\n特に、SNSで語られる疑似恋愛問題と、実際に起きている事件としてのホスト・美容整形問題とは、仕方がないこととはいえ当事者と外野・評論家の問題に近く、切実度が段違いになっています。事件の表層的なところだけが切り取られてネットでいくら論争しても、トクリュウ以下犯罪組織の関与については立件されて裁判で有罪が出ない限り本当のことはなかなか分かりません。\n\n 一連の問題は、もはや中国系マフィアが日本人女性をホスト・美容整形をエサに国際的な売春をさせられているという国際事犯なのだ、という理解を持たなければ解像度はあげられないと思います。また、それを日本の警察庁や政府がどこまで国民の疑似恋愛的な性風俗産業の消費に立ち行ったり監視したりするべきかというデリケートなところまで議論せねばならず、非常に微妙なのです。\nりりちゃんマニュアルを見て笑ってる場合じゃなくなりつつあるんですよ\nなどと書いているうちに、韓国に売春で出稼ぎに赴いた日本人女性3人が現地で逮捕されてしまいました。報道を信じるならば、日本国内でのホストクラブに貢ぐ目的だけでなく、美容整形の手術費用が安い韓国で顔を整形して帰国する予定だったとのことで、暗澹たる気分になるのは私だけではないと思います。\n\n 正直、りりちゃんマニュアルを見て笑ってる場合じゃなくなりつつあるんですよ。\n\n 政治の側も、プラットフォーム規制とか海外サービスへの国内法の域外適用の是非とか言ってる場合じゃなくなってきたぞ、根性入れて対応していかないともっと大変なことになるぞという危機感を抱くべきじゃないのかと思いますね。\n山本 一郎,['https://newsatcl-pctr.c.yimg.jp/t/amd-img/20240520-00070872-bunshun-000-1-view.jpg?pri=l&w=640&h=578&exp=10800'],"['https://news.yahoo.co.jp/articles/b10661bf8c2bdc41e3d00eeccec845696ed5f848/images/000', 'https://bunshun.jp/articles/photo/70872?utm_source=news.yahoo.co.jp&utm_medium=referral&utm_campaign=partnerLink&pn=4']"
北陸新幹線“ナゾの人であふれかえる駅”「金沢」には何がある？（文春オンライン）,https://news.yahoo.co.jp/articles/e4f1cdcf619e79ca7acffbb588ca1aa17f104fcd,https://newsatcl-pctr.c.yimg.jp/t/amd-img/20240520-00070899-bunshun-000-1-view.jpg?exp=10800,2024-05-20T06:12:58+09:00,2024-05-20T06:12:58+09:00,文春オンライン,bunshun,文春オンライン,4928,\n北陸新幹線“ナゾの人であふれかえる駅”には何がある？\n日本を代表する観光都市を挙げるとするならば、どこになるだろうか。\n\n もちろん、いうまでもなくその筆頭は京都だ。最近ではオーバーツーリズムなんてものも話題になっていて、観光都市ならではの苦労もあるのだろうが、修学旅行からはじまってほとんどの日本人は一度ならず京都観光をしたことがあるにちがいない。そして外国人もまた、こぞって京都にやってくる。\n【画像】 北陸新幹線“ナゾの人であふれかえる駅”「金沢」を写真で一気に見る\nそんな京都を横におけば、少なくとも五指に入るといっていいのが金沢である。\n北陸新幹線“ナゾの人であふれかえる駅”「金沢」には何がある?\n金沢といえば、いうまでもなく加賀百万石だ。もともとは一向宗の寺内町だったが、近世以後は加賀藩前田家の城下町。加賀国だけでなく能登や越中も合わせて日本一の大藩になっていた。\n\n その当時の面影が、いまも町のあちこちに残っている。伝統工芸や歴史に裏打ちされた庶民文化も花開き、金沢21世紀美術館のような新しい見どころもふんだんだ。だから、金沢にはいつのときも大挙して観光客が押し寄せる。日本全国、ほかにもいくつも観光都市はあるにせよ、金沢は少なくとも指折りの観光地であることはまちがいない。\n\n そういうわけで、金沢市のターミナル・金沢駅にやってきた。東京から北陸新幹線に乗ったら2時間半。大阪に行くのと同じくらいだと思えば、日本海沿いの観光都市も意外と近い。それに、金沢駅は北陸新幹線が敦賀に延伸するまで、つまり今年の3月までは終着駅でもあった。\n\n 東京駅のホームに立って「金沢行き」などという案内放送を聞くと、そこに行くつもりでなくともなんとなく旅行欲が刺激される。そんな響きも金沢駅は持っているのだ。ちなみに、敦賀まで延伸したいまでも、実は東京駅から出発する北陸新幹線の列車の多くは金沢駅が終点である。\n新幹線を降りると駅がものすごい人で溢れかえっていた…なぜ…\nそんな東京から一直線の金沢駅で新幹線を降りると……駅の中はものすごい人で溢れかえっていた。\n\n 日本人観光客はもちろんのこと、大きなスーツケースをいくつも抱えた外国人観光客の集団もいる。アジアから欧米まで、あらゆるところからあらゆる人々が金沢目指してやってきているようだ。\n\n それでも、これほどにたくさんの観光客が集う駅なのだから、金沢駅の規模は大きい。\n\n 乗り入れている路線からすれば北陸新幹線の他には元北陸本線の第三セクター、IRいしかわ鉄道線。駅前の地下からローカル私鉄の北陸鉄道が走っているくらいだ。それにしては大きすぎるというほどに金沢駅はでかい。\nたくさんの人が行き交ってもゆとりのある高架下の自由通路。高架下には土産物店や飲食店が入った規模の大きな商業施設もあり、その中も賑わっている。飲食店ゾーンには定番の日本海の魚を食べさせてくれる店から、ご存知ゴーゴーカレーまで。\n\n とどのつまり、食べたり買ったりだけならば、駅の中だけでもだいたいが済んでしまう。それくらい、この駅の規模は圧巻である。\n駅を出て町に繰り出そうとした観光客がきまって「足を止める」場所\nそして、金沢駅にやってきた観光客たちが、いざ町に繰り出そうとするときに、きまって足を止めて写真撮影に興じるスポットが、鼓門だ。\n\n 金沢駅といえば鼓門。もはやそれくらいのシンボルになっている東口（兼六園口）の大きな門。ガラス張りの天井で覆われたもてなしドームの向こう側にあって、圧倒的な存在感を放っている。\n\n 2005年に鼓門ができたときには、奇抜で趣味が悪いなどと評する向きもあったように記憶している。けれど、いまとなってはすっかり金沢のシンボルになっている。なんでも、伝統芸能の能楽の鼓をモチーフにデザインされ、北陸の大雪を受け止める構造になっているのだとか。寄っても引いても実に映える、そんな金沢の玄関口である。\n\n ちなみに、この鼓門のすぐ近く、バスのりばの前にはひっくり返ったやかんのオブジェもある。鼓門の勇壮さからすれば見逃してしまいそうだが、商業施設の入り口の前にあることもあって、地元の人たちの待ち合わせスポットにはなっているようだ。\n駅前の通りを渡ったところには広大な空き地も…\nいずれにしても誰もが足を止めて写真撮影に興じる鼓門。できたときにはインスタグラムもiPhoneもまだなかったが、誰も彼もが写真を撮るいまの時代を見通していたとすれば、先見の明たるやいかばかり。\n\n この鼓門を中心に、東口（兼六園口）が金沢の中心市街地への玄関口だ。駅前広場を取り囲むように大きなホテルがいくつも建ち並ぶ。駅前の通りを渡ったところには工事中の広大な空き地もあった。\n\n きっと、ホテルか何か、観光系の施設になるのだろう。そのほとんどは格安のビジネスホテルとは一線を画するシティホテルだ。このあたりも観光都市ならではといったところだ。\n\n ただ、金沢の中心市街地は駅から少し離れた場所にある。駅前の目抜き通りを東にしばらく歩くと、国道8号と交わる武蔵ヶ辻の交差点。一角には近江町市場や金沢エムザ（金沢丸越百貨店）が建ち、ここから南に向けて国道8号沿いが金沢の中心地になっている。\n武蔵ヶ辻は江戸時代から商人町として賑わっていたようで、その時代の性質をいまに引き継いだ形といっていい。武蔵ヶ辻から南に進み、加賀藩の祖である前田利家とその妻・まつを祀った尾山神社の前を通ってゆくと、香林坊の交差点が見えてくる。\n\n 百貨店の大和や東急スクエアなどが向かいあい、裏手に入れば細い道に飲食店がひしめき合うような典型的な繁華街。香林坊から南側の片町にかけてのエリアは、金沢どころか北陸でも最大の繁華街なのだ。ちなみに、香林坊の交差点を東に折れると21世紀美術館や兼六園がある。\n50年前の雑誌の特集を見ても「中心街をみて金沢にガッカリしてはいけない」の文字が。そんなわけで…\nただし、こうした繁華街や中心市街地を歩くばかりでは、金沢の金沢らしいところを感じることは難しい。百貨店と東急スクエアというラインナップに歓楽街エリアはどこにでもあるような飲食街。チェーン店の類いも多く、平たく言えば日本中どこにいっても見られるような繁華街に過ぎない。\n\n これは別にいまにはじまったわけではなく、たとえば1973年に発売された雑誌『anan』の金沢特集。そこでは\n\n〈「古いものがそのまま生き続けてる城下町」とはじめつつ、「中心街を見渡しただけではガッカリしてしまいます。新しいビルと鮮かなショーウインドー、ケンタッキーフライドチキンのおじさんもいます。古都のふん囲気ではないのです」〉\n\n と書かれている。歴史情緒を求めるならば、中心市街地とは少し違うところを歩くほうがいいようだ。\n\n そんなわけで目線を切り替えれば、すぐに金沢の金沢らしいところに行き着くことができる。たとえば、ひがし茶屋街。たとえば、香林坊のすぐ裏側の長町武家屋敷跡。そういうところもまた、たくさんの観光客が歩いている。\n\n さらに、駅の近くであってもメインストリートから少し外れた細い路地に入れば、ほどよい雰囲気が漂っていたりして、この町の奥深さを感じさせる。兼六園や21世紀美術館ももちろん素晴らしいが、それだけではすまないレベルの奥行きの深さが、金沢を日本屈指の観光都市たらしめているのだろう。\n「金沢」のここまでの“観光都市”ではなかった時代\n金沢が、これほどまでの観光都市になった理由はどこにあるのだろうか。\n\n ひとつに、戦時中に空襲を受けていないことが挙げられる。県庁所在地レベルの都市で空襲被害を受けていない都市は数少なく、もちろん同じ北陸の富山や福井も大空襲に遭っている。\n\n ところが、奇跡的というべきか、金沢はその被害を免れた。京都や奈良と同様に文化的な価値が重視されて空襲の対象から外されたという説もあるようだ。ただ、明確に古都として存在していた京都や奈良と、城下町として歴史を刻んできた金沢は本質的に異なっている。伝統工芸が息づいているというならば、それは別に金沢だけではないはずだ。\nそれにそもそも、戦前の金沢はいまのような観光都市という顔は持っていなかった。庶民が気軽に観光旅行に出かけられるようなご時世ではなかったということもあるのだろうが、何よりやっかいだったのは交通の便だ。\n\n 1898年、金沢駅が開業した当時、東京から金沢に向かうには米原駅で夜行列車から乗り継ぐしかなかった。1908年には直通列車も登場するが、新橋駅を朝出発すると金沢に到着するのは次の日の朝。一昼夜の旅が必要だった。1913年には北陸本線が全通して上野からの直通列車が登場して所要時間は大幅に短縮されるが、それでも夜に上野を出たら翌朝に金沢という、夜行列車の旅であった。\nどんどん“近く”なる金沢を時代も後押し。そして人気が爆発した出来事が…\n戦後になると、蒸気機関車からディーゼル特急、電車特急などに切り替わり、少しずつ所要時間は短くなってゆく。1960年代には上野駅を朝出発して夕方には金沢に着く列車も運転されている。70年代にはさらに短縮され、朝に上野を出れば昼過ぎには金沢へ。東海道新幹線が開業したことで、米原経由での金沢行きが便利になったことは大きな効果があった。\n\n そして、時代も後押しする。国鉄が1970年からはじめた個人旅行のキャンペーン「ディズカバー・ジャパン」や、そのもとで『anan』や『non・no』といった女性誌が盛んに展開した旅行特集だ。この流れに乗って、若い女性たち、すなわちアンノン族が金沢にも訪れるようになった。\n\n 時代はちょうど高度経済成長期。新しいもの、最先端のものというよりは、“日本的なもの”を訪ねる観光がブームになった。そうした時代の流れと金沢の昔ながらの雰囲気が実にマッチしたのである。金沢が本格的な観光都市になっていったのは、この頃からといっていい。\n\n そうしていつしか観光地として定着した金沢は、21世紀に入ってさらに爆発的に人気を得る。2015年、北陸新幹線が金沢駅まで延伸したのだ。\n「新幹線ご祝儀」で終わらない人気の理由\nそれまで、東京～金沢間は北越急行ほくほく線経由で3時間30分以上かかっていた。それが新幹線の延伸で1時間以上短縮されて2時間30分を切った。新幹線のインパクトはあまりに大きく、毎年1000万人を超える観光客が訪れるようになる。\n\n 新幹線開業直後の“ご祝儀”に終わらずに人気が確かなものになったのは、金沢という町がそれだけ確かなる魅力に富んだ観光都市だからなのだろう。\n\n いまも、金沢駅にやってくれば、ここが大観光都市のターミナルであるということがよくわかる。これまで、金沢には何度も訪れているけれど、いつだって多くの人がいる。いくらか過ごしやすいと思ったのは、コロナ禍の最中くらいなものか。\n\n 今年の1月には能登半島地震に見舞われて、金沢市内も大きく揺れた。だが、少なくとも金沢駅の空気感からは、被災地としての雰囲気はまったくといっていいほど感じられない。それくらい、いまもたくさんの観光客が金沢駅に集まっている。\n\n 反面、地元ではオーバーツーリズムなどの問題も抱えているのだろう。ただ、少なくとも金沢の町は、まだまだ見つかっていないような奥深さを秘めていることも間違いない。駅の周りをうろうろするばかりの仕事をしている筆者だが、できることなら数日間、腰を据えて金沢を歩く機会をつくりたいものである。\n\n 「大丈夫でしたか?とお声がけをしたい。でもうかつに聞くことは…」“全線復旧”した能登半島の鉄道が抱える“ほんとうの復旧”までの距離 へ続く\n鼠入 昌史,['https://newsatcl-pctr.c.yimg.jp/t/amd-img/20240520-00070899-bunshun-000-1-view.jpg?pri=l&w=640&h=426&exp=10800'],"['https://news.yahoo.co.jp/articles/e4f1cdcf619e79ca7acffbb588ca1aa17f104fcd/images/000', 'https://bunshun.jp/articles/photo/70899?utm_source=news.yahoo.co.jp&utm_medium=referral&utm_campaign=partnerLink&pn=3']"
