headline,mainEntityOfPage,image,datePublished,dateModified,author,media_en,media_jp,str_count,body,images,external_links
「配属ガチャ外れた」すぐ転職活動を始める新入社員　専門家「控えたほうがいい」とする理由（J-CASTニュース）,https://news.yahoo.co.jp/articles/569a8fcc5745c5ac7ee4a12ddd619990490f6565,https://newsatcl-pctr.c.yimg.jp/t/amd-img/20240403-00000016-jct-000-2-view.jpg?exp=10800,2024-04-03T18:19:54+09:00,2024-04-03T22:02:47+09:00,J-CASTニュース,jct,J-CASTニュース,1239,\n配属に悩む女性の新入社員\n新入社員が入社後に配属先を知るという常識は、もう古いかもしれない。\n\n インタツアー（本社・東京）が行った25年卒、26年卒、27年卒の意識調査では、「いつ頃配属先を知りたいか」という質問に、入社式までに決めてほしいという学生は93.6％に達した。\n（画像）新入社員の配属を知りたい希望時期は早期化している\n近年の学生は、勤務地や職種への配属が必ずしも希望通りにいかない「配属ガチャ」に不安を感じる人も多い。\n\n■「希望の部署・職種でなければ辞退する」36.0％\n\n インタツアーが2024年4月1日に結果を発表した意識調査では、配属先について知りたい時期や勤務地の希望、部署・職種などを聞いている。\n\n 配属先を知りたい時期で、最も回答が多かったのは「内定通知～内定式」で、65.1％を占めた。以下、「内定式後～入社式」が16.7％、「入社研修の間」が3.8％と続き、入社までのスケジュールで後になるほど希望者が減少していることがわかった。配属先が「事前にわからないとエントリーしない」は11.8％と、1割以上。「勤務地や職種などのキャリアを自分で決めたい」という学生のニーズが高まっている。\n\n また、「希望の部署・職種でなければ辞退する」と回答した学生は36.0％だった。\n\n 新卒社員の希望部署で人気が高いのは、何だろうか。インタツアーが2024年3月18日に発表した、24卒学生を対象とした「配属ガチャ」についての意識調査では希望の職種を対象者にたずねている。回答は、「営業職」が33.6％、「企画/管理職」が28.9％、「IT/通信系エンジニア職」は10.8％となった。\n\n 一方で、実際に配属された職種の回答では、「営業職」が55.6％、「企画/管理職」が8.6％、「IT/通信系エンジニア職」は15.5％を占めた。\n\n 前述の「希望の職種」と「実際に配置された職種」の割合の差をみると、「企画/管理職」が20.3ポイント差あった（画像5）。\n\n 新入社員の配属先が自分の希望でなかった場合、どういう行動が大切なのか。インタツアー 代表取締役社長の作馬誠大氏は、こう答える。\n\n「重要なのは、理想に固執せず、さまざまな経験を積むことです。」\n配属が全てを決定づけるわけではない\n作馬氏によると、社会人のキャリアの大部分は偶発的な出来事から生まれるもので、現在の仕事に積極的に取り組むことで、新たな目標やキャリアが形成されると説明する。「そのため、配属が全てを決定づけるわけではなく、どのようにして配属を『当たり』にするかが重要」とした。\n\n 配属が希望通りでなかったから転属願を出したり、転職活動を始めたりすると、すぐに仕事を変える行動が「甘え」と見なされがちでリスクが伴うため、控えた方がいいと説明。「最悪の場合には、キャリア形成にも悪影響を及ぼす可能性があります」と指摘した。,['https://newsatcl-pctr.c.yimg.jp/t/amd-img/20240403-00000016-jct-000-2-view.jpg?exp=10800'],"['https://news.yahoo.co.jp/articles/569a8fcc5745c5ac7ee4a12ddd619990490f6565/images/000', 'https://www.j-cast.com/photo/2024/04/03480942.html?num=2&in=news.yahoo.co.jp&utm_medium=provide&utm_source=yahoo_news&utm_campaign=news_480942&utm_content=textlink_new']"
「岩橋ちゃうわゴラァ！」　お見送り芸人しんいち、元プラス・マイナス兼光に声荒げられたワケは（J-CASTニュース）,https://news.yahoo.co.jp/articles/57acad75b21c4a22f5b3bcc0273c4cfc70d3786e,https://newsatcl-pctr.c.yimg.jp/t/amd-img/20240403-00000018-jct-000-1-view.jpg?exp=10800,2024-04-03T18:28:49+09:00,2024-04-03T18:28:49+09:00,J-CASTニュース,jct,J-CASTニュース,1130,\nお見送り芸人しんいちさんのインスタグラム（＠shinichi0421u）より\n2024年4月1日深夜（2日未明）放送のバラエティー番組「今日-1グランプリ」（テレビ東京系）にピン芸人のお見送り芸人しんいちさんが出演し、元プラス・マイナスの兼光タカシさんとのエピソードを明かした。\n【画像】元プラス・マイナス兼光さん、お見送り芸人しんいちさん、岩橋マネジャーの3ショット\n■「写真撮ろう」の誘いに「岩橋さん、撮ってください」\n\n 「今日-1グランプリ」は、収録日の3月12日に起きた「今日の出来事限定」のトークでNo.1を決定するという番組だ。しんいちさんは「ホンマさっきで」と切り出し、収録開始直前、ニッポン放送でのラジオ番組の出演後のエピソードを語り始めた。\n\n「スタジオの外にちょっとイスとかあるでしょ。そこに1人、マスクして、帽子深くかぶっている男性がいたんです。ちょっと覗いたら、兼光さんだったんですよ」\n\n 兼光さんと交流があるというしんいちさんが挨拶すると、兼光さんは「おぉ～」と返事したという。しんいちさんが「ちょっと元気やっぱないんかなぁ」と思っていると、兼光さんから「『写真撮ろう』って言ってくれたんですよ、『久々にしんいちくん会ったから』」と声をかけてくれたそうだ。\n\n そこでしんいちさんは「岩橋さん、撮ってください」と言ったという。実は、「僕のマネージャーの名前が、岩橋マネージャーなんですよ」とのこと。ただマネージャーに写真撮影を頼んだだけで「いじったとかボケたんちゃうんですよ」というが、兼光さんは「岩橋ちゃうわゴラァ！」と、「めちゃくちゃ大きい声でニッポン放送の6階で叫んでた」という。\n\n マネージャーの名前が岩橋だとわかった兼光さんは「なるほどな、そういうことか。すまんすまんすまん」と落ち着き、兼光さんの提案で岩橋マネージャーも交えた3人で写真撮影をしたという。\n\n 番組で公開された写真では、笑顔のしんいちさんと兼光さんの間に、マスクと手で顔を隠したマネージャーが映っていた。しんいちさんは「絶対に顔を覚えられたくない。覚えられたら（兼光さんに）殺される」とボケ、ウエストランドの井口浩之さんから「そんな人じゃないから！」とツッコまれていた。\n\n プラス・マイナスをめぐっては、岩橋良昌さんが1月から2月にかけてXでお笑い業界にまつわる告発ポストを連投し、波紋を呼んでいた。吉本興業は2月22日に岩橋さんの契約解除を発表し、翌23日、兼光さんがXでプラス・マイナスの解散を発表。「あまりにも急で驚かれてる方も多いと思いますが、僕も寝耳に水といった感じです」と戸惑いをあらわにしていた。,['https://newsatcl-pctr.c.yimg.jp/t/amd-img/20240403-00000018-jct-000-1-view.jpg?pri=l&w=455&h=640&exp=10800'],"['https://news.yahoo.co.jp/articles/57acad75b21c4a22f5b3bcc0273c4cfc70d3786e/images/000', 'https://www.j-cast.com/photo/2024/04/03480943.html?num=3&in=news.yahoo.co.jp&utm_medium=provide&utm_source=yahoo_news&utm_campaign=news_480943&utm_content=textlink_new']"
さすがにこれはわかる？　マクドナルドのX、次回の「ハッピーセット」キャラのシルエット公開　「ゴールデンレトリバーと、リボンが似合うあのコと...」（J-CASTニュース）,https://news.yahoo.co.jp/articles/2f12ed35ae752686d8529328c54aeaf82390875c,https://newsatcl-pctr.c.yimg.jp/t/amd-img/20240403-00000019-jct-000-1-view.jpg?exp=10800,2024-04-03T18:50:41+09:00,2024-04-03T18:50:41+09:00,J-CASTニュース,jct,J-CASTニュース,763,\nマクドナルドのロゴマーク\n日本マクドナルドは2024年4月3日、X公式「マクドナルド」（@McDonaldsJapan）で、昨日（2日）に続いて、次回の「ハッピーセット」のおもちゃになると思われる、キャラクターのシルエットのGIF画像を投稿し、話題になっている。\n（画像）コラボするキャラクターのシルエット画像はこちら\n■幻のクルマも登場！\n\n キャラクターのシルエットのGIF画像とともに投稿した文章には「ゴールデンレトリバーと、リボンが似合うあのコと、白い子犬と、たまごが\n＃ハッピーセット\nにやってくるそうです」と書かれている。いまのところ、まだ正式にはどの企業のキャラクターなのかは明かされていない。\n\n もっとも、リプライ欄では、有名キャラクターのあからさまなシルエットだけに、「ポチャッコじゃなくてキティで正解だった」、「プリンちゃんにキティちゃんに豪華だね」、「シナモンとプリン楽しみ!! 」、「さすがにこれはわかる」と、答えを「当て」にきているコメントも並んでいる。\n\n なお、この投稿には4月3日18時時点でのリポストは1万3000件、「Like」は5万7000件ついている。\n\n もうひとつの「おもちゃ」についても、言及があった。\n\n 昨日（2日）は乗り物と思われるシルエット画像だったが、今回は「あれはまさか…!? 」「\n＃ハッピーセット\n第2弾には、幻のクルマも登場」という文章とともに、おもちゃの一部でマクドナルドのロゴの「ゴールデンアーチ」がくるくると回っている、GIF画像を投稿。\n\n リプライ欄には「おもちゃ気合い入ってますね！」「幻のクルマが登場するとなると、ますます注目度が高まりますね。どんなクルマなのか気になります！」などの声が寄せられている。,['https://newsatcl-pctr.c.yimg.jp/t/amd-img/20240403-00000019-jct-000-1-view.jpg?pri=l&w=640&h=434&exp=10800'],"['https://news.yahoo.co.jp/articles/2f12ed35ae752686d8529328c54aeaf82390875c/images/000', 'https://www.j-cast.com/photo/2024/04/03480946.html?num=2&in=news.yahoo.co.jp&utm_medium=provide&utm_source=yahoo_news&utm_campaign=news_480946&utm_content=textlink_new', 'https://news.yahoo.co.jp/search?p=%EF%BC%83%E3%83%8F%E3%83%83%E3%83%94%E3%83%BC%E3%82%BB%E3%83%83%E3%83%88&source=article-body']"
「裁判、ダメでした」　SNS発言で罷免の岡口基一判事、判決要旨&絵文字つきでSNS更新（J-CASTニュース）,https://news.yahoo.co.jp/articles/0855d063e48ee25610ac8833455954906462dff2,https://newsatcl-pctr.c.yimg.jp/t/amd-img/20240403-00000017-jct-000-1-view.jpg?exp=10800,2024-04-03T18:28:35+09:00,2024-04-03T18:28:35+09:00,J-CASTニュース,jct,J-CASTニュース,932,\n判決後に岡口基一判事が更新したフェイスブック。絵文字つきで「裁判、ダメでした」と書き込んだ\nX（当時はツイッター）の発言で裁判当事者の感情を傷つけたとして訴追された仙台高裁の岡口基一判事（58）＝職務停止中＝に対して、国会の弾劾裁判所（裁判長＝船田元・衆院議員）は2024年4月3日、岡口氏を辞めせる罷免の判決を言い渡した。罷免判決を受ける裁判官は8人目だが、職務外の表現行為が理由になるのは初めて。\n【画像】判決前には「頑張って行ってきますね」\n弾劾裁判では不服申し立てはできず、岡口氏は裁判官の身分や、弁護士になるために必要な法曹資格を失った。判決後、岡口氏は複数のSNSを更新し、判決要旨の画像とともに、絵文字付きで「裁判、ダメでした」と書き込んだ。\n\n■判決前には「今日は弾劾裁判の判決の言い渡しです。頑張って行ってきますね」\n\n 岡口氏は、担当外の事件の関係者を傷つける投稿を計13回にわたって行ったとして、21年6月に訴追された。公判は22年3月に始まり、今回の判決含め16回にわたって行われた。\n\n 検察官役にあたる、国会議員が務める訴追委員会側は、投稿は悪質だとして罷免を求める一方で、弁護側はSNSの投稿を理由にした罷免は不当だと主張した。裁判長の船田氏は主文を後回しにして理由から先に判決文を読み上げた。\n\n 岡口氏は判決後にインスタグラムとフェイスブックを更新。「被訴追者を罷免する」という主文が読みとれる「判決要旨」の写真を「裁判、ダメでした」という絵文字とともに掲載した。笑顔を表す絵文字で、判決前の\n\n「今日は弾劾裁判の判決の言い渡しです。頑張って行ってきますね」\n\nという書き込みにも、同じ絵文字が添えられていた。\n\n 岡口氏は東大法学部卒業後、1994年に任官。民事訴訟などに関する著書は多く、中でも『要件事実入門』（創耕社）、『要件事実マニュアル』（ぎょうせい）のシリーズはベストセラーとなった。2冊は司法試験受験生の「バイブル」との呼び声が高い。投稿が問題化する前は、下着姿の写真を掲載する「ブリーフ判事」として知られていた。\n\n（J-CASTニュース編集委員 兼 副編集長 工藤博司）,['https://newsatcl-pctr.c.yimg.jp/t/amd-img/20240403-00000017-jct-000-1-view.jpg?pri=l&w=434&h=640&exp=10800'],"['https://news.yahoo.co.jp/articles/0855d063e48ee25610ac8833455954906462dff2/images/000', 'https://www.j-cast.com/photo/2024/04/03480944.html?num=3&in=news.yahoo.co.jp&utm_medium=provide&utm_source=yahoo_news&utm_campaign=news_480944&utm_content=textlink_new']"
倉田真由美、夫・叶井俊太郎さん死去から2か月...　23歳姪とまさかの同居へ「寂しかろ。私が一緒に住んじゃるよ」（J-CASTニュース）,https://news.yahoo.co.jp/articles/3e12ff92126011276fa4eaf2addcf4b626e0527e,https://newsatcl-pctr.c.yimg.jp/t/amd-img/20240403-00000015-jct-000-3-view.jpg?exp=10800,2024-04-03T18:09:45+09:00,2024-04-03T18:30:26+09:00,J-CASTニュース,jct,J-CASTニュース,817,\n倉田真由美さんのX（＠kuratamagohan）より\n漫画家・倉田真由美さんが2024年4月2日、23歳の姪と同居することをXで明かし、その経緯を伝えた。2月には、倉田さんの夫で映画プロデューサー・叶井俊太郎さんがすい臓がんのため亡くなっている。\n【画像】姪とのやり取りを伝えた倉田さん\n■「私が一緒に住んじゃるよ」\n\n 倉田さんは23年10月にXで、叶井さんが22年に末期のすい臓がんの診断を受けていたと公表した。その後、「早くて半年、どんなに長くても一年」と告げられていたことも伝えた。\n\n 2月27日の投稿で、「2月16日夜、夫が永眠しました」と報告。倉田さんが最後を見届けたといい、「夫は癖の強い人で、合わない人も結構いたかもしれません。でも、私とは合う人だった。まったく喧嘩にならない相性だった。そのおかげで、なんにもストレスなく家族として十数年を過ごせました。いい思い出しかありません。最高の父ちゃんでした」と悼んでいた。\n\n 倉田さんは4月2日にXで、「四畳のアパートで一人暮らしをしていた姪（23）と同居することになりました」と報告。半年前に姪から、\n\n「もしおじちゃんがおらんくなったら寂しかろ。私が一緒に住んじゃるよ」\n\nとの提案があり、倉田さんは「そう...まあ、いつかそういうこと考えてもいいかもね...」と応じていたと振り返る。\n\n 姪は3月になって、「アパートの契約切ったけん。ぼちぼち荷物そっちに移すね」「3月末で。お金はちゃんと入れるし安心してね」と引っ越しに着手したという。倉田さんは、「え？」「え？」と姪の行動力に驚く様子だった。\n\n 倉田さんはたびたび、姪との交流について投稿してきた。23年には「たまに一緒にプール行ったり散歩行ったりしている」と報告。ほかにも互いの家へ遊びに訪れたり、「ダイエット勝負」に励んだり、過去の投稿からは仲の良さがうかがえる。,['https://newsatcl-pctr.c.yimg.jp/t/amd-img/20240403-00000015-jct-000-3-view.jpg?pri=l&w=617&h=640&exp=10800'],"['https://news.yahoo.co.jp/articles/3e12ff92126011276fa4eaf2addcf4b626e0527e/images/000', 'https://www.j-cast.com/photo/2024/04/03480938.html?num=2&in=news.yahoo.co.jp&utm_medium=provide&utm_source=yahoo_news&utm_campaign=news_480938&utm_content=textlink_new']"
スマートウォッチ利用者はボランティア、スポーツ、旅行...すべてに積極的でアクティブ　これは身につける効果なのか？専門家に聞いた（J-CASTニュース）,https://news.yahoo.co.jp/articles/3575b7035cf651e03f5ea6f91f3939f9ed364798,https://newsatcl-pctr.c.yimg.jp/t/amd-img/20240403-00000020-jct-000-2-view.jpg?exp=10800,2024-04-03T19:12:31+09:00,2024-04-03T22:08:03+09:00,J-CASTニュース,jct,J-CASTニュース,2835,\nスマートウォッチを見ながら運動する女性\n運動量や睡眠時間の計測など健康機能のほかに、LINEや着信の通知を受信することも可能なスマートウォッチ。街角や会社でも付けている人を見かけることが多くなった。 NTTドコモの研究機関、モバイル社会研究所（東京都千代田区）が2024年3月28日に発表した「スマートウォッチ利用者は、旅行・テレワーク・ボランティア活動に積極的な傾向」などの調査によると、スマートウォッチの利用者は、健康に自信があるうえ、スポーツや旅行、ボランティア活動にも積極的だという。\n（図表）スマートウォッチの利用と健康意識\nこれは、スマートウォッチを身につけている「効果」なのか。調査担当者に聞くと――。\n\n■ボランティアに特に熱心なシニアの利用者\n\n モバイル社会研究所の調査（2023年2月実施）は、全国の15歳～79歳の男女7166人が対象だ。\n\n まず、スマートウォッチを利用しているかどうか聞くと、利用している人は723人（10.1％）で1割を超えた。男性443人（12.3％）、女性280人（7.8％）と、男性のほうが利用者は多い。\n\n 日帰り旅行の頻度を聞くと、スマートウォッチを利用する人の「年に3回以上」の割合は37％、利用していない人の場合は23％と、男性・女性ともにスマートウォッチの利用者は日帰り旅行の頻度が高くなった【図表1】。\n\n 特に女性15～39歳で45％、男性15～39歳で44％と、スマートウォッチを利用する人は、若い世代ほど日帰り旅行に出かける人が多くなる。この傾向は、宿泊旅行でもまったく同じだった。\n\n 次に、スマートウォッチの利用の有無と、奉仕活動やボランティア活動の参加頻度の関係を調べたのが【図表2】だ。\n\n これを見ると、スマートウォッチを利用する人の「参加する」の割合は35％、利用していない人の場合21％となった。\n\n 男性・女性ともにすべての年代でスマートウォッチの利用者は、奉仕活動、ボランティア活動の参加頻度が高い傾向にあった。特に熱心なのが男性60～79歳（47％）、女性60～79歳（42％）のシニア層だ。\n\n このように、スマートウォッチの利用者が行動的である結果は、同研究所が2024年1月31日に発表した「スマートウォッチ利用者は、健康に自信があり、アクティブな傾向」でも示されている。\n\n 【図表3】は、スマートウォッチの利用の有無と、1回30分以上の軽く汗をかく身体運動の頻度の関係を調べたグラフだ。\n\n これを見ると、「ほぼ毎日」「週に4回から5回」など、スマートウォッチの利用者の運動量が男性・女性を問わず全年代で高いことがわかる。\n\n この傾向は、ヨガ・ダンス教室やスポーツジムに参加する頻度でも全く同じ結果が出た。\n\n そして、スマートウォッチの利用の有無と、健康意識のついて聞いた結果が【図表4】だ。「健康だと思う」という割合が、スマートウォッチの利用は男性・女性を問わず高いことがわかる。\n電車の乗降の際にも、スマホやカードの代わりに\nここまで見事に表れた、「スマートウォッチ利用者はアクティブである」という調査結果。どう考えればよいのか。\n\n J‐CASTニュースBiz編集部は、調査を担当したモバイル社会研究所の角誠（すみ・まこと）さん（健康意識とICT利活用調査担当）に話を聞いた。\n\n――スマートウォッチの利用者が1割を超えたとありますが、スマートウォッチのどういう機能が魅力となり、人々に受け入れられているのでしょうか。\n\n角誠さん 現時点では1割なので、いわゆる「アーリーアダプター層」（商品やサービスを初期段階で購入する人々）が中心だと考えます。\n \n 現在は、趣味でスポーツを行ったり、健康アプリなどで健康管理をしたりするような健康意識の強い方が中心だと考えられます。\n \n 今後、電車の乗降の際にスマホやカードの代わりに、スマートウォッチを利用するなど、新たな利便性を発見した幅広い層にも普及していくと考えられます。\n\n――全体的に男性のほうが女性よりも利用者が多いのは、なぜでしょうか。また、スマートウォッチのさまざまな機能の利用のされ方について、年代別や性別の違いがありますか。\n\n角誠さん 一般的に男性のほうが女性よりもスポーツを行っているという調査結果があります。\n \n スポーツなどアクティブなシーンでスマートウォッチを着用したり、スマートウォッチ内のアプリ機能を活用したりすることが多いので、男性のほうが女性よりも利用者が多いことの一因になっていると考えています。\n \n また、若年層だけでなく、中年から高齢者でも健康意識の強い方はスマートウォッチ内の血圧、歩数、睡眠時間などを記録できる健康管理アプリなどを使用しています。\nポジティブスパイラルが発生し、生き方に積極的になる？\n――2つの調査リポートは、ともにスマートウォッチの利用者が「健康に自信があり、アクティブである」ことや「旅行やボランティア活動にも積極的である」ということを示しています。\nこれは、「健康的で明るく前向き」だからスマートウォッチを利用しているのか、それとも、スマートウォッチを利用し始めたから「健康的で明るく前向き」になったのでしょうか。つまり、「卵が先か、鶏が先か」という質問です。\n\n角誠さん 両方の可能性があると考えられます。\n \n 外出先や運動などアクティブなシーンでスマートウォッチを使用することが多いと思います。そのため、「健康的で明るく前向き」な人はスマートウォッチを利用する傾向が見られるのかもしれません。\n \n スポーツを取り組む人は、もともとある程度、健康に自信があると思います。さらに、スマートウォッチなどのICTデバイスで積極的にスポーツログ利用を行うことにより、より効率的にスポーツに取り組むことができると思います。\n \n その結果、ポジティブスパイラルが発生し、自身の健康に対する自信にも、またアクティブな生き方の向上にもつながっているのではないかと推測しております。\n\n――最後に、スマートウォッチは今後、どのような進化を遂げていくと思いますか。また、どのようなスマートウォッチが現れるといいと思いますか。\n\n角誠さん より多くの人がICTの利便性や健康に興味を持っていただけるように、魅力あるスマートウォッチや機能・サービスが現れることを期待しています。\n \n ただ、スマホには「歩きスマホ」や「ながらスマホ」など影の部分もありますが、スマートウォッチについても影の部分が出てくる可能性もありますので、引き続き注視していきたいと考えています。\n\n（J‐CASTニュースBiz編集部 福田和郎）,['https://newsatcl-pctr.c.yimg.jp/t/amd-img/20240403-00000020-jct-000-2-view.jpg?exp=10800'],"['https://news.yahoo.co.jp/articles/3575b7035cf651e03f5ea6f91f3939f9ed364798/images/000', 'https://www.j-cast.com/photo/2024/04/03480941.html?num=5&in=news.yahoo.co.jp&utm_medium=provide&utm_source=yahoo_news&utm_campaign=news_480941&utm_content=textlink_new']"
「『キャプテン翼』の物語はまだ終わりません！」作者・高橋陽一さん、Xに思いつづる　連載43年の「漫画連載」終了も、今後は「ネーム形式」連載へ（J-CASTニュース）,https://news.yahoo.co.jp/articles/319df90a45b4f862ee96b0b0b0a7c4554de74638,https://newsatcl-pctr.c.yimg.jp/t/amd-img/20240403-00000011-jct-000-1-view.jpg?exp=10800,2024-04-03T16:43:44+09:00,2024-04-03T16:43:44+09:00,J-CASTニュース,jct,J-CASTニュース,987,"\n高橋陽一さんのX「高橋陽一 Yoichi TAKAHASHI」（＠0728takahashi）より\nサッカー漫画「キャプテン翼」（集英社）の作者・高橋陽一さん（63）が2024年4月3日、自身のX「高橋陽一 Yoichi TAKAHASHI」（＠0728takahashi）を更新し、「キャプテン翼」の「漫画連載」の終了に、いまの思いをつづっている。\n【画像】高橋陽一さんのメッセージ\n■「これで漫画家は引退しますが」「もしかしたらセミリタイア的な感じに」\n\n 「キャプテン翼」は、4月4日発売の「キャプテン翼マガジンvol.20」（集英社）をもって、「漫画連載」のかたちでは最終回となる。\n\n シリーズ連載43年での一区切りに、高橋さんはXで\n\n「連載最終話を描き終えた今は、すべてを描き終えてホッとしているのと、この先やっと""〆切""というものがない生活を送れるという解放された気分でいる状態にあります」\n\nと胸の内を語った。そして、\n\n「これで漫画家は引退しますが、絵を描くこと、ストーリーを考えることはまだ好きなことなので、それらはこれからも続けていくつもりです。もしかしたらセミリタイア的な感じになってしまうかもしれませんが、創作活動は続けていくつもりです」\n\nと述べた。なお今後は、新たに立ち上げるウェブサイト『キャプテン翼WORLD』で、鉛筆描きの「ネーム形式」で週刊連載していくという。\n\n 決められた「〆切」や「ページ数」や「原稿サイズ」がなくなるため、「より自由な表現方法で皆さんにエンターテインメントをお届けできるのではないかとも思っています」と意気込みを語った。\n\n 最後は、こんなメッセージで締めくくっている。\n\n「『キャプテン翼』の物語はまだ終わりません！それは事実です。これまでと同じように、これからも『キャプテン翼』をよろしくお願いします」\n\n 高橋陽一さんによるサッカー漫画の金字塔「キャプテン翼」は、1981年から週刊少年ジャンプで連載がスタート。そののち、94年に「ワールドユース編」、2001年に「キャプテン翼 ROAD TO 2002」、14年に「キャプテン翼 ライジングサン」などをシリーズで描き続けてきた。主人公・大空翼の成長と仲間との絆を描き、日本中のサッカー少年を熱狂させた。",['https://newsatcl-pctr.c.yimg.jp/t/amd-img/20240403-00000011-jct-000-1-view.jpg?pri=l&w=640&h=514&exp=10800'],"['https://news.yahoo.co.jp/articles/319df90a45b4f862ee96b0b0b0a7c4554de74638/images/000', 'https://www.j-cast.com/photo/2024/04/03480929.html?num=2&in=news.yahoo.co.jp&utm_medium=provide&utm_source=yahoo_news&utm_campaign=news_480929&utm_content=textlink_new']"
「メンバーを思うと大賛成」「ファン対応の手抜き表明」　SNS「いいね」も廃止...アイドルグループの「ルール改訂」に反響（J-CASTニュース）,https://news.yahoo.co.jp/articles/084ab6494ed15f73da6a50d1c61ff660c1a4c868,https://newsatcl-pctr.c.yimg.jp/t/amd-img/20240403-00000014-jct-000-2-view.jpg?exp=10800,2024-04-03T17:52:35+09:00,2024-04-03T17:58:29+09:00,J-CASTニュース,jct,J-CASTニュース,1853,"\n「衛星とカラテア」公式インスタグラム（＠eiseito_karatea）より\nアイドルグループ「衛星とカラテア」が2024年4月1日に公式noteを更新し、「SNS投稿・イベント参加におけるルール」の改訂を発表した。Xでは、アイドルファンからさまざまな意見が書き込まれている。\n【画像】チェキ撮影のOK・NG例\n「衛星とカラテア」は久木田菜々夏（くきた・ななか）さん、春瀬ももさん、白咲くるみさん、波澄（はすみ）しずくさん、日南（ひなみ）ことりさんによる5人グループで、公式サイトによると「従来のアイドルとは一味違う ""正統派×ノスタルジー"" の世界観を魅せるアイドルグループ」として活動している。\n\n■チェキに書き込む内容も統一、「コメントは無し」\n\n 「衛星とカラテア」公式noteによると、メンバーとのチェキ撮影や会話などの交流ができる「特典会」では「4月よりチェキに書き込む内容を以下に統一させていただきます」として、「日付」「お客さまのお名前」「メンバーサイン」のみにするとした。「通常の特典会において、コメントは無し」になるという。\n\n また、チェキ撮影時の立ち位置のルールも変更となった。「こちらで設けさせていただく立ち位置のバミリを基準に一定の距離を保っていただき、一切の接触を禁止とさせていただきます」として、OK撮影例、NG撮影例の写真を公開。足が指定されたラインを越えなければ手などは多少ラインを越えてもいいが、「接触はダメです」という。女性のファンも足がラインを越えたり、体同士が触れ合ったりするのはNGとなる。\n\n さらに「4月2日より、SNSにおけるメンバーからのリアクションを廃止」するといい、Xではメンバーからファンのポストへのいいね、インスタグラムではダイレクトメッセージ、フィード投稿へのいいねを取りやめる。\n\n 理由については\n\n「有難いことに多くの方に見ていただく機会が増え、全てのお客様・投稿に対して、現実的に拾い切れなくなってしまっているというところが大きくございます。メンバー自身にそのつもりが無くても、お客様から見える場所で不平等とも思えてしまう要素と考え、廃止させていただくこととなりました」\n\nと説明した。\n\n その他、「メンバーの個人情報を探る行為」「特定のできないSNSアカウントを使った中傷」「メンバーへ何かを強要する行為」はやめるよう呼びかけている。\nメンバーは「アイドルとしてパフォーマンスを好きになってもらいたい」\nXでは、「特典会が円滑に回るなら納得です！リプにいいねとかも貰えると嬉しかったけど、メンバーの負担が多かっただろうから、メンバーの事を思うと大賛成です！」「SNSの運用がライブに影響を与えるならやめた方がいいし、メンバーには良いパフォーマンスをすることだけを日々考えていてほしい」など、改訂への理解の声が上がった。\n\n 一方で「エイプリルフールであってくれって内容だな...いいねとかコメ返とかDMとか見てくれるの結構モチベだったからなあ」「推しグループじゃないけどこの改訂は大改悪。コメント廃止なんか、『ありがとう』の一言すら残せない特典会は最悪。事情はあれこれだけだと運営のファン対応の""手抜き""表明以外の何物でもない。SNSいいねの事は大いに理解できるが、無くせばメンバーの負担は本当に軽くなるか結論が甘い気がする」など、批判的な書き込みもみられる。\n\n メンバーの久木田さんは1日、Xで「SNSは私にとって特に会えない時間もみんなの言葉に沢山支えてもらっていたツールだから反応できなくてもめちゃくちゃ見てます！だから今まで以上に発信して貰えたら嬉しいな じゃなきゃ不安になっちゃう 特典会だって目見て話せる時間増える みんなのチェキツイも変わらず見せてね」とファンに呼びかけた。\n\n また、賛否両論あることを受けてか、「新しいことって不安になるし、色んな想いもあるけどアイドルとしてパフォーマンスを好きになってもらいたいし、そこにみんなとの日々の話の中で絆ができて大きくなれたら最高だなって思います」との思いを語った。\n\n 波澄さんは2日にXで「色々な意見があって当たり前だと思うしどれが正解か今自分も正直分からないです。でも少しずつでもみんながメンバーがより楽しめる現場になればいいなと、。それまで私も試行錯誤しながら精一杯頑張るのだ～」と投稿している。",['https://newsatcl-pctr.c.yimg.jp/t/amd-img/20240403-00000014-jct-000-2-view.jpg?pri=l&w=640&h=519&exp=10800'],"['https://news.yahoo.co.jp/articles/084ab6494ed15f73da6a50d1c61ff660c1a4c868/images/000', 'https://www.j-cast.com/photo/2024/04/03480937.html?num=2&in=news.yahoo.co.jp&utm_medium=provide&utm_source=yahoo_news&utm_campaign=news_480937&utm_content=textlink_new']"
幼少期なしで始まった「虎に翼」　朝ドラに盛り込む意義は？歴代作品から読み解いた（J-CASTニュース）,https://news.yahoo.co.jp/articles/698246d7aa9d5a2f09f31c1f7dd99389a6bb2fac,https://newsatcl-pctr.c.yimg.jp/t/amd-img/20240403-00000012-jct-000-5-view.jpg?exp=10800,2024-04-03T16:47:00+09:00,2024-04-03T22:04:28+09:00,J-CASTニュース,jct,J-CASTニュース,1702,\n伊藤沙莉さん（写真：2021 TIFF／アフロ）\n俳優の伊藤沙莉さん（29）が主演する2024年度前期のNHK連続テレビ小説「虎に翼」の放送が4月1日に始まった。\n【画像】幼少期の遊びと言えば、やはり、ブランコ！？\n「虎に翼」は、日本初の女性弁護士を描く物語。第1回の冒頭、伊藤さんは新聞に掲載された日本国憲法の条文に目を通す主人公・猪爪寅子として登場。作品の初っ端からの登場となったが、これに対し、視聴者から「今回の朝ドラは、このまま幼少期の主人公とかのパートはないのか？」といった驚きの声がSNSに上がった。\n\n■「今回の朝ドラ、幼少期編から始まらないのがよいわぁ」\n\n 朝ドラの王道展開とも言えるのが、放送序盤での幼少期の描写。その後の人格形成の伏線を張るといった要素を盛り込むべく、幼馴染と戯れるシーンなどが盛り込まれることもある。「虎に翼」では第3回までに主人公の幼少期が描かれることはなかった。また、ドラマの公式サイトの「登場人物・相関図」のページを見ても、主人公の子ども時代を演じる子役の紹介はない。\n\n 今作は、幼少期を描かない選択をした可能性もありそうだ。そうであれば、そもそも、朝ドラで幼少期を描くことにはどんな意味があるのだろうか。また、幼少期が描かれない作品には、描かれないことにどのような意味があるのだろうか。「ネットと朝ドラ」（blueprint）の著書で知られるライターの木俣冬氏に読み解いてもらった。\n\n まず、近年の朝ドラで「幼少期のシーンがなかった作品」には、どんなものがあるのか。木俣氏によると、「まんぷく」（18年度後期）、「ひよっこ」（17年度前期）、「マッサン」（14年度後期）といった作品がそれにあたり、「『おかえりモネ』（21年度前期）は途中で幼少期が出てきました」と指摘。6月に入ると幼少期が描かれる変則的な展開だった。\n\n SNSには「今回の朝ドラ、幼少期編から始まらないのがよいわぁ」「朝ドラでだらだらと幼少期が長いのあまり好きじゃないのでこれは入り込みやすいかも」といった声も見られる。これに対して木俣氏は「上記の作品群を見ると、良作ではあります」としつつも、「幼少期がある作品のほうが圧倒的に多いし、子役が良かったと言われることもあります」と、「幼少期がないと良作の傾向がある」というわけでもないようだ。\n「子ども時代から描いていたら、尺が足りなくなってしまうこともありますから」\nでは、「朝ドラで幼少期が得かがれることの意味・描かれないことの意味」は何なのか。木俣氏いわく、幼少期のあるなしは、主人公にとって幼少期や原風景がその後の人生に重要になるかどうかで変わってくる。\n\n「代表的なのは、『おしん』（1983年度）で、貧しい家に生まれ奉公に出されたことが主人公の原点で、そこからどう脱していくかが描かれました。『おちょやん』（2020年度後期）などは『おしん』方式です。一方、『まんぷく』の場合、福子は萬平との出会いが重要だったので、その前は不要です。『マッサン』も同じ。エリーと出会い結婚したことが、主人公の物語のはじまりです。半年という長いドラマとはいえ、子ども時代から描いていたら、尺が足りなくなってしまうこともありますから」\n\n あるいは、主人公の成長譚を描くのか、ほかにテーマがあるのかでも変わってくるという。\n\n「子どもの頃から主人公が発明好きとか天才的な才能を発揮していたということを見せたい場合は幼少期を描きます。『べっぴんさん』（16年度後期）や『エール』（20年度前期）などですね。『ひよっこ』は、主人公の半生や人生という大きな出来事でなく、わずか数年の物語を丹念に描きたいという考えに基づいていました。『モネ』は、震災にあって主人公の人生が変わったという話で、それをミステリーふうに、昔は明るかった主人公がいまは消極的になってしまった理由があとでわかるように物語が進行していくので、時系列で幼少期を描く選択はなかったのです」\n\n（J-CASTニュース編集部 坂下朋永）,['https://newsatcl-pctr.c.yimg.jp/t/amd-img/20240403-00000012-jct-000-5-view.jpg?pri=l&w=640&h=522&exp=10800'],"['https://news.yahoo.co.jp/articles/698246d7aa9d5a2f09f31c1f7dd99389a6bb2fac/images/000', 'https://www.j-cast.com/photo/2024/04/03480927.html?num=2&in=news.yahoo.co.jp&utm_medium=provide&utm_source=yahoo_news&utm_campaign=news_480927&utm_content=textlink_new']"
旧Sexy Zone菊池風磨が伝えた「覚悟」 「新メンバーが叩かれたら？」...長文回答に称賛相次ぐ「グループ愛に溢れてる」（J-CASTニュース）,https://news.yahoo.co.jp/articles/c76c5111a34c720532af4d04e76ecab6a08c5355,https://newsatcl-pctr.c.yimg.jp/t/amd-img/20240403-00000013-jct-000-2-view.jpg?exp=10800,2024-04-03T16:53:17+09:00,2024-04-03T17:16:14+09:00,J-CASTニュース,jct,J-CASTニュース,1291,\n菊池風磨さんのインスタグラム（＠fumakikuchiiinsta___official）より\nアイドルグループ「Sexy Zone」が2024年4月1日、グループ名を「timelesz（タイムレス）」に改めたことをYouTubeの生配信で発表し、同時に新メンバーオーディションの開催も表明した。\n【画像】反響を呼んでいる菊池さんの投稿全文\n一部ファンから「新メンバーが叩かれたらどうするんですか？」との懸念が寄せられ、現メンバー・菊池風磨さんは2日にインスタグラムで、「新しいも古いも関係なく、仲間を叩かれたら私は黙っていません。必ず守る覚悟で挑みます」などと説明している。\n\n■発案は菊池さん、他メンバーは「3人で本当に決めたことだから」\n\n 「Sexy Zone」は22年12月にマリウス葉さんが脱退、24年3月31日に中島健人さんが脱退して3人体制となった。1日の生配信で、新グループ名を発表すると、菊池さんが「我々timeleszと一緒に、timeleszを盛り上げてもらうべく、新メンバー加入オーディションを開催します！」と発表した。\n\n 新メンバーの募集は、菊池さんの発案だという。他のメンバー・佐藤勝利さん、松島聡さんと意見を出し合って決定したと明かす一方で、「メンバーも最初は手放しでそれやろうってなったかというともちろんそうじゃなかったので。今ではもちろん3人同じ方向を向いてますけど」とも述べた。\n\n 佐藤さんも、「3人で決めたことだから。提案を最初にしてくれたのは風磨くんだけど、矢面になってほしくないという気持ちも僕たちとしてはあるから」と伝える。続けて、「3人で本当に決めたことだから、それは伝わってほしい」と改めて強調すると、松島さんも何度も頷いていた。\n\n 発表が大きな話題を呼ぶ中、菊池さんは2日にインスタのストーリーズでファンからの質問を募集。その中で、「新メンバーの方が叩かれたらどうするんですか」と問われると、「一度整理したいのですが、大前提として、芸能人でもそうでない方のことでも、ネット等で叩く行為は許されることではありません」と切り出した。\n菊池さんの回答に反響「グループ愛に溢れてる」\n一方で、「しかし、この職業の特性上、悲しいかなその辺の常識がまだ甘くなってしまっているのも事実です」とも述べ、「故に新メンバー云々の前に、このお仕事をする上での覚悟として、そのリスクは最低限想定しなければなりません。あってはならない話ですが」と続けた。\n\n 菊池さんは、「ただ、新しいも古いも関係なく、仲間を叩かれたら私は黙っていません。必ず守る覚悟で挑みます」との決意も表明している。\n\n この回答はX上でも拡散されており、「叩かれたら黙っていない、必ず守る覚悟で挑む』とかかっこいい大きな背中だよね」「質問にも長文で答えていて グループ愛に溢れてる」「あらゆる質問に真摯に答えてて、本当にすごいと思った。相手が誰であれ叩くことを前提にいる考え方を改めて欲しい」など、菊池さんを称賛する声が広がっている。,['https://newsatcl-pctr.c.yimg.jp/t/amd-img/20240403-00000013-jct-000-2-view.jpg?pri=l&w=593&h=640&exp=10800'],"['https://news.yahoo.co.jp/articles/c76c5111a34c720532af4d04e76ecab6a08c5355/images/000', 'https://www.j-cast.com/photo/2024/04/03480931.html?num=2&in=news.yahoo.co.jp&utm_medium=provide&utm_source=yahoo_news&utm_campaign=news_480931&utm_content=textlink_new']"
「職業差別発言」の川勝・静岡知事、過去にもたびたび「失言」...学力と容姿、「ヤクザ」呼ばわりなど　「今まで持ちこたえてる事が不思議で仕方ない」（J-CASTニュース）,https://news.yahoo.co.jp/articles/cc2d0e26588587a7a46883446491e25b945944ea,https://newsatcl-pctr.c.yimg.jp/t/amd-img/20240403-00000010-jct-000-1-view.jpg?exp=10800,2024-04-03T16:38:44+09:00,2024-04-03T16:38:44+09:00,J-CASTニュース,jct,J-CASTニュース,1000,\n問題になった新規採用職員向け知事訓示（写真は静岡県庁の動画から）\n静岡県の川勝平太知事が2024年4月1日に新規採用の県庁職員に対して行った訓示で、職業差別ともとれる発言があった。\n【画像】【画像】ひろゆき氏も皮肉を…\n静岡県庁には批判が殺到し、川勝知事は2日に記者会見を開いて弁明。6月の県議会をもって辞職する意向を明らかにした。\n\n しかし、川勝知事は、これまでもたびたび不適切な発言を行って問題視されており、SNSでは同知事に対する批判の声が相次いでいる。\n\n■「何でこんな人が知事なんてやれてるんだろう」\n\n 各メディアが報じた訓示の映像によると、スーツ姿の川勝知事が微笑みながら「県庁というのはですね、別の言葉でいうと、シンクタンクです。毎日毎日野菜を売ったり、あるいは牛の世話をしたり。あるいは物を作ったりとかいうことと違って、基本的にみなさま方は頭脳、知性の高い方たちです」などと呼びかけた。\n\n 発言の「毎日毎日野菜を売ったり」「牛の世話をしたり」「物を作ったり」の部分をめぐり、職業に優劣をつける考えではないかとする批判が上がっている。\n\n 川勝知事はこれまでもたびたび不適切な発言で「炎上」を起こしてきた。\n\n 最近では、21年10月には同県の御殿場市と浜松市とを比較し、御殿場市について「あちらはコシヒカリしかない。だから飯だけ食って、それで農業だと思っている」などと揶揄（やゆ）。この発言をめぐり県議会から辞職勧告決議案を出されたが、わずか1票差で否決されていた。\n\n 21年6月には、知事選期間中の集会で女性蔑視ともとれる不適切発言をしたと報じられた。自らが学長を務めた静岡文化芸術大の女子学生に関連して、学力と容姿を結びつけるような発言をしていたと報じられた。\n\n このほか、19年には、一部の県議について「ヤクザ」「ごろつき」と評していたことが報じられ、20年には、当時首相だった菅義偉氏の日本学術会議の任命拒否問題に関連して「（菅氏の）教養のレベルが露見した」などと発言したことも問題になった。\n\n 川勝氏の今回に至る数々の「失言」歴に関し、SNSで次のような声があがっている。\n\n「何でこんな人が知事なんてやれてるんだろう」\n 「今まで持ちこたえてる事が不思議で仕方ない」\n 「よく一県知事にまでなれたものだな」,['https://newsatcl-pctr.c.yimg.jp/t/amd-img/20240403-00000010-jct-000-1-view.jpg?pri=l&w=640&h=426&exp=10800'],"['https://news.yahoo.co.jp/articles/cc2d0e26588587a7a46883446491e25b945944ea/images/000', 'https://www.j-cast.com/photo/2024/04/03480930.html?num=5&in=news.yahoo.co.jp&utm_medium=provide&utm_source=yahoo_news&utm_campaign=news_480930&utm_content=textlink_new']"
台湾の地震で沖縄地方に津波警報　日本では震度5以上の地震が頻発（J-CASTニュース）,https://news.yahoo.co.jp/articles/f9cd8b20e74438fb0884473b0b2dd521358c83bb,https://newsatcl-pctr.c.yimg.jp/t/amd-img/20240403-00000008-jct-000-1-view.jpg?exp=10800,2024-04-03T16:04:41+09:00,2024-04-03T16:04:41+09:00,J-CASTニュース,jct,J-CASTニュース,983,\n液状化して割れた道路\n2024年4月3日の午前9時頃、台湾付近でマグニチュード7.7（気象庁発表）の地震が起きた。台湾の花蓮県では震度6強を観測したとされ、建物の崩壊などが報じられている。\n（画像）4月2日の岩手県沿岸北部の震度と範囲\nこの地震で、日本国内では沖縄県与那国町で震度4を記録し、気象庁は沖縄本島と宮古島・八重山地方に津波警報を出した。\n\n その後、津波注意報に切り替え、正午に注意報を解除したが、沖縄地方で30センチ前後の津波が観測された。3日午後3時現在、国内での被害は確認されていない。\n\n 今回の地震の震源は台湾近海だったが、日本を震源とする震度5以上の地震が今年に入って頻発している。\n\n■4月2日までに国内5か所で震度5以上\n\n 日本気象協会の「tenki.jp」によると、2024年1月1日から4月3日までに日本で発生した震度5以上の地震は以下のようになっている。\n\n 1月1日16時頃には、石川県能登地方輪島の南南西20キロメートル付近を震源とするマグニチュード7.6の地震が起きた。最大震度は7に達し、輪島市などでは地震に伴う大規模な火災や家屋倒壊があり、この地域では、その後も断続的に震度5～6クラスの地震が続いた。現在も復旧作業が続いている。\n\n 1月9日18時頃には、新潟県佐渡付近でマグニチュード6、長岡市で最大震度5弱の地震が起こっている。新潟県庁の発表では人的・建物被害はなかった。\n\n また、2024年3月15日深夜0時頃には、福島県沖でマグニチュード5.8、最大震度5弱の地震が起きた。未明の地震で県内2人がけがをし、常磐自動車道はいわき四倉ICと常磐富岡ICの上下線が一時通行止めになった。\n\n つぎに、3月21日の午前9時には茨城県南部でマグニチュード5.3の地震が起き、栃木県と埼玉県で最大震度5弱を観測した。JR東日本水戸線が茨城県の下館駅と栃木県の小山駅の間で一部運休した。\n\n そして、4月2日午前4時には、岩手県沿岸北部でマグニチュード6.0、最大震度5弱の地震が起きた。震度5弱を観測したのは、青森県の八戸市、三沢市、野辺地町、五戸町。岩手県の宮古市、久慈市、普代村、野田村、軽米町となっている。JR東日本の三陸鉄道、JR釜石線、JR花輪線で運転見合わせた。,['https://newsatcl-pctr.c.yimg.jp/t/amd-img/20240403-00000008-jct-000-1-view.jpg?exp=10800'],"['https://news.yahoo.co.jp/articles/f9cd8b20e74438fb0884473b0b2dd521358c83bb/images/000', 'https://www.j-cast.com/photo/2024/04/03480921.html?num=2&in=news.yahoo.co.jp&utm_medium=provide&utm_source=yahoo_news&utm_campaign=news_480921&utm_content=textlink_new']"
大谷翔平vs山本由伸「にらめっこ動画」を狂言風パロディ化　すゑひろがりずの巧みな再現に視聴者「ジワジワ来る」（J-CASTニュース）,https://news.yahoo.co.jp/articles/75546d56978917b6859ea465e8eac10a5035ce1c,https://newsatcl-pctr.c.yimg.jp/t/amd-img/20240403-00000006-jct-000-2-view.jpg?exp=10800,2024-04-03T15:44:47+09:00,2024-04-03T16:05:41+09:00,J-CASTニュース,jct,J-CASTニュース,1086,\nドジャース公式X（＠Dodgers）より\nお笑いコンビ「すゑひろがりず」が2024年4月2日にYouTubeチャンネルを更新し、米大リーグ・ドジャースが公開した大谷翔平選手と山本由伸投手の「にらめっこ動画」を狂言風にパロディした。視聴者の間で「ジワジワ来る」などと反響を集めている。\n【画像】すゑひろがりずによるパロディ風景\n■「鼓の打ち方が誠にようござりまする」\n\n きっかけとなったのは、ドジャース公式Xが同日に公開した1分の動画だ。大谷選手と山本投手が向かい合って座り、お互いを笑わせ合うにらめっこのようなゲームに挑戦。まずは大谷選手が「投げ方がきれいでかっこいいと思います」と言い、山本投手が「いつも優しくして頂いてありがとうございます」と応じた。\n\n その後、大谷選手は突然、左手を山本投手に向けてかざす。「何すか、何すか」と不思議がる山本投手に、大谷選手は笑いをこらえながら「顔がかっこいいと思います」と絞り出したものの、「翔平さんの方がかっこいいと思いますよ」と返され、しばらくして噴き出すように笑ってしまう...という動画になっていた。2人の様子はXでも「微笑ましい」と話題だ。\n\n 一方、すゑひろがりずは「わかる人にはわかる。」と題して、大谷選手と山本投手のように向かい合う1分の動画を公開した。ただし、背景には松の絵が描かれた布が張られており、南條庄助さんと三島達矢さんの2人は着物姿。元動画のように英語の字幕がついていた。\n\n 動画では、まず三島さんが大谷選手のように「あのー、鼓の打ち方が誠にようござりまする」と頭を下げると、南條庄助さんも「ありがたきお言葉」と山本投手のようにお礼を言い、「いつも優しゅうしてくださり、誠に恐悦至極に存じます」と深々と頭を下げた。\n\n すると、三島さんは「かたじけのうござりまする」と言ったあと、元動画の大谷選手のように真っすぐ手を伸ばし「ん～ん～」と言い淀んだあと、「お着物もよう似合うておられます」とニヤニヤ。南條さんも「何ぞや、何ぞや」「それは三島殿の方が似合ておりまする」と返していた。\n\n 結局、最後は三島さんが大谷選手のように笑いを堪えあと、二人同時に高らかに笑い出すというオチ。南条さんは「顔を見て笑うておる。顔を見て笑うておりまする！」と訴えていた。\n\n 動画のコメント欄には、「まさかこれを狂言風にするとは、、笑」「大谷さんの手の仕草、由伸のなんぞや？のくだりまで再現しててもう最高でしたw」「元ネタと交互に見ると更にジワジワ来る～」という声が集まっている。,['https://newsatcl-pctr.c.yimg.jp/t/amd-img/20240403-00000006-jct-000-2-view.jpg?pri=l&w=640&h=640&exp=10800'],"['https://news.yahoo.co.jp/articles/75546d56978917b6859ea465e8eac10a5035ce1c/images/000', 'https://www.j-cast.com/photo/2024/04/03480919.html?num=2&in=news.yahoo.co.jp&utm_medium=provide&utm_source=yahoo_news&utm_campaign=news_480919&utm_content=textlink_new']"
【阪神】開幕1勝3敗、波に乗り切れず　だが「春先は我慢の時期。焦る必要ない」（J-CASTニュース）,https://news.yahoo.co.jp/articles/4ad2bfeff0da68c0a7baabba1ed16585ad6a6127,https://newsatcl-pctr.c.yimg.jp/t/amd-img/20240403-00000005-jct-000-2-view.jpg?exp=10800,2024-04-03T15:35:28+09:00,2024-04-03T16:08:09+09:00,J-CASTニュース,jct,J-CASTニュース,848,\n流れに乗り切れない阪神…いまは我慢の時期か\n球団史上初のリーグ連覇を狙う阪神が波に乗れない。\n\n ホーム開幕戦となった2024年4月2日のDeNA戦（京セラドーム）で、先発の村上頌樹投手が3回5失点と打ち込まれた。開幕カードで巨人に1勝2敗と負け越し、2カード目も黒星スタートに。\n【画像】盛り上がる甲子園\n岡田彰布監督の表情はさえない。\n\n■MVP右腕の村上が苦戦\n\n 抜群の制球力を武器とする村上。昨シーズンは、新人王とMVPを同時受賞した大黒柱が、初回にドラフト1位ルーキー・度会隆輝に2球目から4球連続のボールで四球を許してリズムに乗れなかった。\n\n 1死一、三塁から牧秀悟の三ゴロで併殺と思われた打球を、佐藤輝明がはじく先制の適時失策にも足を引っ張られた。\n\n 最少失点に切り抜けたかったが、2死満塁のピンチでは山本祐大に右中間へ走者一掃の適時三塁打を浴びて一挙4失点。その後も、試合の主導権を奪い返せないまま、3－5で敗れた。\n「村上に対し、相手も研究してくる。白星はそんなに甘くはない」\nスポーツ紙記者は、\n\n「昨年大活躍した村上に対し、相手も研究してくる。順調に白星を重ねられるかというとそんなに甘くはない。打線も森下翔太、大山悠輔、佐藤のクリーンアップにエンジンがかかっていない。\n 春先は我慢の時期になるのでは。6月まで勝率5割をキープして勝負の夏場で貯金を積み重ねる戦いになるんじゃないですかね。セ・リーグで首位を独走する力を持ったチームはないですし、焦る必要はないと思います」\n\nと分析する。\n\n 阪神は投手力を中心としたディフェンスのチームだけに、先発ローテがきっちり稼働するか。そして、昨年のリーグ優勝、日本一の原動力になった村上、大竹耕太郎、そして復活を期す青柳晃洋がポイントになる。\n\n 4月3日のDeNA戦は伊藤将司が先発予定。新人からの3年間で計29勝をマークしている左腕の好投で流れを変えたい。（中町顕吾）,['https://newsatcl-pctr.c.yimg.jp/t/amd-img/20240403-00000005-jct-000-2-view.jpg?pri=l&w=640&h=480&exp=10800'],"['https://news.yahoo.co.jp/articles/4ad2bfeff0da68c0a7baabba1ed16585ad6a6127/images/000', 'https://www.j-cast.com/photo/2024/04/03480917.html?num=2&in=news.yahoo.co.jp&utm_medium=provide&utm_source=yahoo_news&utm_campaign=news_480917&utm_content=textlink_new']"
競泳・入江陵介が引退会見、北島康介のサプライズ出演に涙　ネットねぎらいの声「黄金トリオだったもんなぁ」「お疲れ様でした」（J-CASTニュース）,https://news.yahoo.co.jp/articles/1fba9de7c20434779ff019b65a8088baf2b525a2,https://newsatcl-pctr.c.yimg.jp/t/amd-img/20240403-00000009-jct-000-1-view.jpg?exp=10800,2024-04-03T16:17:49+09:00,2024-04-03T16:17:49+09:00,J-CASTニュース,jct,J-CASTニュース,1696,\n2023年2月の国際大会代表選手選考会での入江陵介選手（写真：YUTAKA/アフロスポーツ）\n競泳の入江陵介選手（イトマン東進）が2024年4月3日、都内で会見を開き引退を表明した。\n【画像】幼少期の写真も公開\n会見には元日本代表の北島康介さんがサプライズ出演し、入江さんが涙を流す場面もあった。ネット上では、この2人と、五輪に4大会連続出場した松田丈志さんを加えた3人を「黄金トリオ」だとして、これまでの活躍をたたえる声が相次いだ。\n\n■「本当にいろんな感情が混ざっているんですけども」\n\n 入江さんは16歳で日本代表入りを果たし、16歳から18年間にわたって日本代表として活躍してきた。オリンピックでは、北京・ロンドン・リオ・東京の4大会連続出場を果たし、12年のロンドン五輪では200メートル背泳ぎと400メートルメドレーリレーで銀メダル、100メートル背泳ぎで銅メダルの計3つのメダルを獲得していた。\n\n パリ五輪での代表入りを目指していたが、3月22日に行われた代表選考会では代表入りの条件をクリアできず、代表落ちしていた。\n\n 入江さんは3日、都内のホテルで会見を開き「私入江陵介は引退を決意させていただきました」と発表した。\n\n 「長く競技生活を送ることができて、本当に心から幸せだったなと感じました。本当にここまでできたのは、たくさんの方々にサポートいただいて。自分自身の力ではここまで来ることができなかったので、改めて感謝したいなと思います」と感謝を語った。\n\n 自らの水泳人生について「幼少期から水泳を始めて、2006年、高校2年の時に初めて日本代表に入ってから昨年までの18年間、日本代表として戦うことができて本当に幸せでした」と振り返った。\n\n 「個人的にはやはりパリの地で引退したかったなっていう気持ちは強かった」とするも、目を潤ませて「自分自身すっきりした気持ちと、どこか悔しい気持ちと、ただ晴れやかな気持ちと......本当にいろんな感情が混ざっているんですけども、何より大好きな水泳をここまで続けることができたことがまず本当に良かったなと思います」と語った。\n\n 今後については「現在所属しているイトマン東進に籍を置きながら、後進の育成であったりこうベビー層からシニア層にかけて、水泳の楽しさ、水と触れ合う楽しさってのを伝えていきたいなと思っています」としつつ、「大学院等の進学」も考えているという。\n\n 「小さい時の夢がアナウンサーというのが小学校からのずっと思い描いていた夢でもある」と明かし、「伝える立場にもなってみたい」とメディア関係の仕事にも興味があるとした。\n北島さんと同じ34歳で引退、「気持ち分かる」\n会見の後半には、スペシャルゲストとして北島さんが登場。黄色い花々があしらわれたフラワーボックスを手渡されると、入江さんは驚いた表情で涙を拭った。\n\n 北島さんも入江さんと同じ34歳で引退をしたとして、「気持ち分かる」と寄り添った。「2008年の（北京）オリンピックの時に同部屋で。僕も金メダルを獲りに行くという緊張感の中、陵介にもうちょっと気楽に生活させてあげたかったな」などとともに戦ったオリンピックを振り返った。\n\n 入江さんは北島さんに「ゴルフも連れて行っていただければ」とリクエストしていた。\n\n SNSでは、水泳界を牽引してきた2人の再会を喜びつつ、入江選手の引退を惜しむ声が相次いだ。\n\n「ブレ（平泳ぎ）と言えば北島康介 バック（背泳ぎ）と言えば入江陵介だったな...お疲れ様でした！」\n 「萩野公介選手・北島康介選手・入江陵介選手って言ったら競泳男子日本代表の黄金トリオだったもんなぁ…。全員いなくなっちゃうのか…。時代は変わるものだとはいえ、寂しいな…」\n 「オリンピックのレース全部熱かった、、一次日本記録が世界記録を超えてた時もあったし、毎回後半の追い上げにはワクワクしてたな あの頃は北島も入江も松田もみんな後半強くて最後まで本当見るのが楽しかった」,['https://newsatcl-pctr.c.yimg.jp/t/amd-img/20240403-00000009-jct-000-1-view.jpg?pri=l&w=640&h=426&exp=10800'],"['https://news.yahoo.co.jp/articles/1fba9de7c20434779ff019b65a8088baf2b525a2/images/000', 'https://www.j-cast.com/photo/2024/04/03480926.html?num=3&in=news.yahoo.co.jp&utm_medium=provide&utm_source=yahoo_news&utm_campaign=news_480926&utm_content=textlink_new']"
「通年で食べたい」　マクドナルド「ベーコンポテトパイ」期間限定で登場　Xでは「歴代パイ」の思い出もあふれる（J-CASTニュース）,https://news.yahoo.co.jp/articles/9f44315b8acf792f9779540ab01b0f3b1f2cda90,https://newsatcl-pctr.c.yimg.jp/t/amd-img/20240403-00000004-jct-000-3-view.jpg?exp=10800,2024-04-03T14:32:58+09:00,2024-04-03T19:22:32+09:00,J-CASTニュース,jct,J-CASTニュース,661,\nマクドナルドで人気のパイは\n日本マクドナルドは2024年4月3日、X公式「マクドナルド」（@McDonaldsJapan）で、サイドメニュー「ベーコンポテトパイ」を期間限定で販売することを明かした。販売開始は4月10日から。\n（画像）マクドナルドの「ベーコンポテトパイ」の画像はこちら\n■前日には「歴代パイ、食べたことあるものにチェックを入れてみよう！」\n\n この告知に先駆けて、X公式「マクドナルド」（@McDonaldsJapan）では4月2日、「マクドナルドの歴代パイ、食べたことあるものにチェックを入れてみよう！」という文章とともに、過去の人気パイ商品16種類を集めた画像を投稿した。\n\n たとえば、2019年に発売された「月見パイ」、2021年の「ずるいチョコいちごパイ」、2022年の「カナディアンメープルカスタードパイ」など、復刻したものや期間限定だったものが並んだ。\n\n リプライ欄はおいしかったパイ商品の思い出語りにあふれ、「ティラミス味」「月見パイ」「ベルギーショコラパイ」などの画像とともに投稿する人もいた。\n\n そんななか、日付がかわって3日、「ベーコンポテトパイ」の期間限定販売の発表があった。「ベーコンポテトパイ」のCMには、シンガーソングライターの藤原さくらさんが起用されるという。\n\n Xでは、「ベーコンポテトパイ大好きです!!! 」「ベーコンポテトパイ嬉しい」「ベーコンポテトパイ通年で食べたい」「ベーコンポテトパイはやく食べたいな」などの声が上がっている。,['https://newsatcl-pctr.c.yimg.jp/t/amd-img/20240403-00000004-jct-000-3-view.jpg?pri=l&w=640&h=434&exp=10800'],"['https://news.yahoo.co.jp/articles/9f44315b8acf792f9779540ab01b0f3b1f2cda90/images/000', 'https://www.j-cast.com/photo/2024/04/03480914.html?num=4&in=news.yahoo.co.jp&utm_medium=provide&utm_source=yahoo_news&utm_campaign=news_480914&utm_content=textlink_new']"
「4試合ぶりノーヒット」大谷翔平　開幕から8試合ホームランなし...Xでは「先は長いし一発出ればエンジンがかかるでしょ」（J-CASTニュース）,https://news.yahoo.co.jp/articles/92ebb60e0036a30846a6bfce68145abfa5c9d6ad,https://newsatcl-pctr.c.yimg.jp/t/amd-img/20240403-00000007-jct-000-2-view.jpg?exp=10800,2024-04-03T15:50:16+09:00,2024-04-03T16:06:48+09:00,J-CASTニュース,jct,J-CASTニュース,439,\n大谷選手のインスタグラムより\nロサンゼルス・ドジャースの大谷翔平選手は2024年4月2日（日本時間4月3日）、サンフランシスコ・ジャイアンツ戦に2番・指名打者（DH）で先発出場した。\n【画像】プレイヤー・オブ・ザ・ゲームは？\n■開幕から37打席ホームランなし\n\n 大谷の第1打席、カウント3-2から外角低めの厳しいコースを投げられ、見逃し三振。第2打席はセンターフライ。角度はつくも、もうひと伸び足りなかった。第3打席はカウント3-0から四球、第4打席は2アウトランナー1、2塁のチャンスで回ってくるもセカンドゴロに倒れる。\n\n 大谷は3打数無安打1四球で、4試合ぶりのノーヒット。今季打率は.242となった。\n\n 開幕から37打席、8試合ホームランなしとなり、Xでは「しんどいけど、信じていくしかないですね」「先は長いし一発が出ればエンジンがかかるでしょ」「そのうち打ちますよ...」などのコメントが見られた。\n\n 試合は5対4でドジャースが勝った。,['https://newsatcl-pctr.c.yimg.jp/t/amd-img/20240403-00000007-jct-000-2-view.jpg?pri=l&w=640&h=447&exp=10800'],"['https://news.yahoo.co.jp/articles/92ebb60e0036a30846a6bfce68145abfa5c9d6ad/images/000', 'https://www.j-cast.com/photo/2024/04/03480920.html?num=5&in=news.yahoo.co.jp&utm_medium=provide&utm_source=yahoo_news&utm_campaign=news_480920&utm_content=textlink_new']"
能登半島地震への義援金振り込み報告の翌日に...　台湾窓口機関の公式Xに地震被害見舞う声「今度はこちらが助ける番」（J-CASTニュース）,https://news.yahoo.co.jp/articles/31999558a8c4e931fdc58c11eaf920b1a9ad4f37,https://newsatcl-pctr.c.yimg.jp/t/amd-img/20240403-00000001-jct-000-1-view.jpg?exp=10800,2024-04-03T12:16:22+09:00,2024-04-03T12:16:22+09:00,J-CASTニュース,jct,J-CASTニュース,640,"\n台北駐日経済文化代表処公式X（@Taiwan_in_Japan）より\n台湾付近で2024年4月3日8時58分、マグニチュード7.7（暫定値）の地震が発生した。気象庁が発表した。これを受け、駐日大使館にあたる台北駐日経済文化代表処の公式Xには、見舞いの言葉や応援の声が寄せられている。\n【画像】台湾東部での地震被害の様子\n■マグニチュードは7.5→7.7に更新\n\n 気象庁によると、この地震の影響で、沖縄地方に津波警報が発表された（のちに注意報に切り替えられ、注意報も正午過ぎに解除）。実際に津波も観測された。10時40分に津波注意報に切り替えられた。また、地震のマグニチュードは速報値の7.5から7.7に更新されている。\n\n また、台湾メディアでは、台湾で建物が傾く、倒壊するといった被害が出ていることを報じている。\n\n 前日の2日、台北駐日経済文化代表処の公式Xは、「2024年4月1日に台湾各界から寄せられた義援金25億966万7,517円を石川県令和6年能登半島地震災害義援金専用口座に送金しました」として寄付の報告を投稿していた。\n\n 地震が報じられると、これに対して「今度はこちらが助ける番です！台湾頑張れ！」「台湾の皆さんの無事を祈ります。日本からも支援させてください」「いつも日本を助けてくれた台湾の皆様、どうかご無事で」「ありがとうございます！今度は日本が返す番です！僅かですが準備整い次第義援金送る予定です」といった声が寄せられている。",['https://newsatcl-pctr.c.yimg.jp/t/amd-img/20240403-00000001-jct-000-1-view.jpg?exp=10800'],"['https://news.yahoo.co.jp/articles/31999558a8c4e931fdc58c11eaf920b1a9ad4f37/images/000', 'https://www.j-cast.com/photo/2024/04/03480905.html?num=5&in=news.yahoo.co.jp&utm_medium=provide&utm_source=yahoo_news&utm_campaign=news_480905&utm_content=textlink_new']"
津波警報で沖縄も緊迫、SNS休止中「ゆたぼん」も避難呼びかけ　注意報経て正午には解除（J-CASTニュース）,https://news.yahoo.co.jp/articles/7c6756947fc401002bec005302ad27a7a961e0de,https://newsatcl-pctr.c.yimg.jp/t/amd-img/20240403-00000003-jct-000-1-view.jpg?exp=10800,2024-04-03T12:59:55+09:00,2024-04-03T12:59:55+09:00,J-CASTニュース,jct,J-CASTニュース,881,\nX上で避難を呼びかけ\n台湾付近で2024年4月3日の朝9時近く、M（マグニチュード）7.7の地震が発生し、沖縄でも津波警報が出て、一時緊迫した状況になった。\n【写真】ゆたぼんさんも津波警報にびっくり\n震源に近い沖縄県の離島などでは、海の色が変わっているといった情報もX上で相次いだ。その後、津波注意報に切り替えられ、同日正午には注意報も解除された\n\n■「SNS休止中ですが緊急なのでポストしました！」\n\n 地震発生後、沖縄県に津波警報が出され、高さは最大3メートルが予想されていると報じられた。与那国島では、震度4を観測するなど、建物が揺れたとの報告も相次いだ。\n\n 各メディアなどでは、海岸から離れて、直ちに避難するよう呼びかけが始まり、X上でも、様々な情報が流れた。\n\n 中には、沖縄のビーチ近くのホテルにいて、海の水位が急激に引いているという動画投稿もあった。離島からは、高台から津波が来ているのが見えるとの動画もあった。ただ、その映像からは、真偽不明だった。\n\n 「警報音が怖かった」といった投稿のほか、「与那国島、海の色が変わってる...」「水位上がってる感じ」といった情報提供もあった。\n\n 元不登校YouTuberで青年革命家として活動するゆたぼんさんは24年3月に宜野湾市内の中学校を卒業したばかり。受験勉強に集中するとSNS投稿を休止していたが、X上で同日10時過ぎにこう発信した。\n\n「SNS休止中ですが緊急なのでポストしました！沖縄県に津波警報が発令されています。皆さん、高台に避難してください。僕が住んでいる地域は地震の揺れがなかったので、緊急速報で知りました。まだ知らない人もいると思うので、その人達に届くように拡散をお願いします！津波がきます！逃げて下さい！」\n\n その後、津波警報は注意報に切り替えられたが、与那国島などでは、高さ30センチの津波を観測したと報じられ、なおも緊迫した状況が続いた。そして、正午になって、注意報も解除されている。\n\n（J-CASTニュース編集部 野口博之）,['https://newsatcl-pctr.c.yimg.jp/t/amd-img/20240403-00000003-jct-000-1-view.jpg?pri=l&w=640&h=622&exp=10800'],"['https://news.yahoo.co.jp/articles/7c6756947fc401002bec005302ad27a7a961e0de/images/000', 'https://www.j-cast.com/photo/2024/04/03480909.html?num=2&in=news.yahoo.co.jp&utm_medium=provide&utm_source=yahoo_news&utm_campaign=news_480909&utm_content=textlink_new']"
大谷翔平はまだだけど...カブス・鈴木誠也、今季1号ホームラン　驚異の打球速度「凄い打球だな」「あっという間にスタンドイン！」（J-CASTニュース）,https://news.yahoo.co.jp/articles/e9b9cb06660bc8024a2a8043e2348981bedaa644,https://newsatcl-pctr.c.yimg.jp/t/amd-img/20240403-00000002-jct-000-2-view.jpg?exp=10800,2024-04-03T12:27:32+09:00,2024-04-03T13:17:09+09:00,J-CASTニュース,jct,J-CASTニュース,454,\n今季1号ホームランを放つ鈴木誠也選手（MLB公式Xより）\nシカゴ・カブスの鈴木誠也選手が2024年4月2日（日本時間4月3日）、コロラド・ロッキーズ戦に2番・ライトで先発出場し、今シーズン第1号ホームランを放った。\n【画像】今季1号ホームランを放った鈴木誠也選手\n■日本人選手としても第1号ホームラン\n\n 鈴木は第1打席、ロッキーズの先発フリーランド投手が投じた3球目を打ち、センターへのツーランホームランを放った。\n\n 鈴木のホームランが、今シーズンのMLB日本人選手第1号ホームランとなった。\n\n 鈴木の1号ホームランは打球速度115マイル（185キロ）を計測し、Xでも「凄い打球だな。センター前くらいの感じだったのに」「打球速度早すぎてあっという間にスタンドイン!! 」などのコメントが寄せられた。\n\n 鈴木の第2打席は四球、第3打席はセンターフライ、第4打席は見逃し三振、第5打席はライトへのヒットで4打数2安打2打点1四球の活躍。\n\n 試合は12対2でカブスが勝った。,['https://newsatcl-pctr.c.yimg.jp/t/amd-img/20240403-00000002-jct-000-2-view.jpg?pri=l&w=640&h=510&exp=10800'],"['https://news.yahoo.co.jp/articles/e9b9cb06660bc8024a2a8043e2348981bedaa644/images/000', 'https://www.j-cast.com/photo/2024/04/03480901.html?num=2&in=news.yahoo.co.jp&utm_medium=provide&utm_source=yahoo_news&utm_campaign=news_480901&utm_content=textlink_new']"
静岡・川勝知事、電撃辞職表明も「職業差別皆無」「不適切ではない」主張　「逆ギレ無理ある」「知性高いと言えない」と理解得られず（J-CASTニュース）,https://news.yahoo.co.jp/articles/0c82dc6a7df34b02da3f1d0d6f939dd26b4d227c,https://newsatcl-pctr.c.yimg.jp/t/amd-img/20240403-00000000-jct-000-1-view.jpg?exp=10800,2024-04-03T11:34:40+09:00,2024-04-03T11:34:40+09:00,J-CASTニュース,jct,J-CASTニュース,1910,\n問題になった新規採用職員向け知事訓示（写真は静岡県庁の動画から）\n静岡県の川勝平太知事が2024年4月2日、6月県議会をもって辞職する意向を明らかにした。\n【画像】ひろゆき氏は辞職表明に一定の評価\n川勝知事をめぐっては、1日に新規採用職員に対して行った訓示で、職業差別ともとれる発言があったとして批判が相次いでいた。ただ、川勝知事は、発言について「不適切ではない」と主張しており、現状認識をめぐる批判が噴出している。\n\n■「問題発言があったかのごとき状況になって本当に驚いています」\n\n 川勝知事は訓示の際、微笑みながら「県庁というのはですね、別の言葉でいうと、シンクタンクです。毎日毎日野菜を売ったり、あるいは牛の世話をしたり。あるいは物を作ったりとかいうことと違って、基本的にみなさま方は頭脳、知性の高い方たちです」などと呼びかけた。発言の「毎日毎日野菜を～」の部分をめぐり、職業に優劣をつけるものではないかとして批判の声が上がっていた。\n\n 川勝知事はこれまでも複数回不適切な発言で「炎上」し、「次に迷惑をかけることがあれば辞職する」と発言していた。こうした背景から、取材に対し「言葉が不十分であったということかもしれません。準備もありますからねえ、6月の議会をもってこの職を辞そうと思っております。以上です」と辞職の意向を明らかにした。\n\n 一方で、発言の意図については「職業差別は皆無です、ありません」と職業に優劣をつける意図はなかったと疑惑を否定。\n\n「職業に貴賤（きせん）はないというのが基本的な考え方ですね。昨日の新規県庁職員として入庁された方々への歓迎の言葉が、励ましの言葉がこんなことになったというか。問題発言があったかのごとき状況になって本当に驚いています」\n\n 発言を撤回したり、謝罪したりする意向はあるかと問われるも、「野菜に関わる仕事をしている人たちとか酪農の仕事をしている人たちと職種が違うということを言っただけでございます」と主張し、県庁ウェブサイトで訓示全文を公開しているとして「ご覧いただければ誤解を解けるのではないかと思います」とした。\n\n 批判を呼んだ発言について「不適切ではないと思っているのか」とする質問には、「不適切ではないと思いますが、一部そこだけ取ればですね、皆さんがおっしゃっているような職業差別に落とし込むことができる発言であったかもしれませんね」と語った。\n「何のための辞意なのか...自分は悪く無い悪く無いけど辞めるって、下手なプライドが見苦しい」\n川勝知事の電撃辞職宣言には、著名人らも複数反応している。\n\n 1日の発言について「政治家として失格だ」などと厳しく批判していた長崎県平戸市の黒田成彦市長は2日、会見を受け「さっきニュースで会見していたけど、本人は発言を撤回せず、内容の不適正さに気づいていないようだ。とすれば、この川勝知事は言葉遣いが苦手で、知性が高いとは言えない人物なのだろう」と川勝知事の言葉を引用して批判した。\n\n 日本維新の会音喜多駿政調会長（参院議員）は「発言は問題ですし、リニアの件も含めて知事としての資質に著しく欠ける」などとしていたが、辞職を受け改めて「川勝県知事、そして投げ出しか。酷いな」とした。\n\n タレントのフィフィさんは「川勝知事、職業差別発言をマスコミの切り取りだと逆ギレするのには無理があるし、辞めるなら今すぐ辞めるべきだよ、何のための辞意なのか...自分は悪く無い悪く無いけど辞めるって、下手なプライドが見苦しい」と会見での主張に呆れている。\n\n 「2ちゃんねる」創設者のひろゆきこと実業家の西村博之さんは「何はともあれ、高齢の政治家が自決を評価することにしているおいらです。勇退が社会的に評価されるほうは、自分から引退する高齢の政治家や経営者は増えると思います」と辞職の意向を示したことについて評価した。\n\n 脳科学者の茂木健一郎氏は「牛の世話よりわからずや知事の世話の方がよほど大変だったでしょうね。知性はもちろん忍耐が必要だったでしょう。県庁のみなさま、おつかれさまでした」と静岡県庁の職員らを労った。\n\n その上で、「一日経って、あれだけ学者として優秀な川勝平太さんが、県知事を何年もやったあとで、なぜ、public speechの基本的な気づかい（自分の言葉がどのようにとられるか、あらゆる角度からあらかじめあるいはリアルタイムで検討すること）を身に着けていらっしゃらなかったのか、とても不思議に思う」と今回の発言への疑問を吐露している。,['https://newsatcl-pctr.c.yimg.jp/t/amd-img/20240403-00000000-jct-000-1-view.jpg?pri=l&w=640&h=426&exp=10800'],"['https://news.yahoo.co.jp/articles/0c82dc6a7df34b02da3f1d0d6f939dd26b4d227c/images/000', 'https://www.j-cast.com/photo/2024/04/03480904.html?num=5&in=news.yahoo.co.jp&utm_medium=provide&utm_source=yahoo_news&utm_campaign=news_480904&utm_content=textlink_new']"
