headline,mainEntityOfPage,image,datePublished,dateModified,author,media_en,media_jp,str_count,body,images,external_links
なぜ浜崎あゆみやEXILEではなかった？ 『ラヴ上等』でglobeが流れるのが「必然」と言えるワケ（CREA WEB）,https://news.yahoo.co.jp/articles/c717bb92a1c3d9c49aed92358dfe944ac2fd7200,https://newsatcl-pctr.c.yimg.jp/t/amd-img/20260218-10057434-creaweb-000-4-view.jpg?exp=10800,2026-02-18T18:20:32+09:00,2026-02-19T00:50:30+09:00,CREA WEB,creaweb,CREA WEB,3770,"1996年に発売されたglobeの1stアルバム『globe』は、オリコン史上初となるアルバムセールス400万枚を突破した（「globe official」公式Xより）。
Netflixが放った恋愛リアリティーショー『ラヴ上等』。画面に映し出されるのは、令和の時代において、もはや絶滅危惧種ともいえる「剥き出しの若者たち」です。
【画像】エモすぎる3ショット！左から、ラップ担当のマーク・パンサー、ボーカルのKEIKO、プロデューサーの小室哲哉（「globe official」公式Xより）。
彼らが時に拳を交え、時にまっすぐに不器用な愛を告白する。地上波テレビではコンプライアンスの隙間に消えてしまうような、あまりに生々しい人間ドラマ。その混沌とした熱狂のなかで、視聴者の鼓膜を捉えて離さなかったのは、懐かしい響きでした。

　その楽曲は、あまりにも唐突で、そして震えるほどに「正解」を導き出していました。イントロから心臓を直接蹴り上げるような、硬質なキックと高速の四つ打ちビート。四半世紀以上も前に日本中を狂乱させた、globeの「Love again」です。

　この選曲は、SNSを中心に世代を超えた衝撃を与えました。当時のヒットをリアルタイムで知らない令和ロマンの高比良くるまは、主題歌について「(この番組のための)書き下ろしの曲だと思った」と発言しています。

　90年代という、狂乱と衰退が背中合わせだった時代の象徴であるglobe。そして、タイパや効率が最優先され、感情すらも最適化の波にさらされている令和の若者。一見、対極に位置する両者が、なぜ今これほどまでに激しく、切なく共鳴したのでしょうか。そこには単なる「懐メロの再利用」では片付けられない、深い精神的シンクロニシティが存在しています。
小室哲哉が「東京」で目撃した、愛の死滅
メイン楽曲「Love again」(1998年)を紐解く上で欠かせないのが、生みの親・小室哲哉が当時抱いていた、極めて個人的で切実な飢餓感です。

　90年代中盤、音楽シーンの頂点に君臨し、すべてを手に入れたはずの小室。しかし、海外制作を経て久しぶりに帰国した彼が目にした「東京」の景色は、以前とは全く違う無機質なものに映ったといいます。

「ずっと僕はアメリカに住んでいたけど、東京に帰ってきた時に、なんとなく愛が足りないなと思って、その時『Love again』というのがフッと浮かんだ。あとはちょっと恋愛に苦手だったり、不器用だったり、社会のルールに乗り切れないみたいな……」

　番組のイベントに出席した小室は、当時の制作秘話をこう語りました。かつて自分が熱狂の渦に巻き込んだはずの都会から情熱が消え失せ、人々が記号化されていく。そんな「愛の欠落」を鋭敏に察知し、乾いた喉で水を求めるようにして書き上げたのが「Love again」だったのです！　

 「自分はまだ、誰かを、あるいは自分自身を愛することができるのか」という実存的な問い。この渇望こそが、20年以上の時を経て『ラヴ上等』の出演者たちが抱える「本気でぶつかり合いたい」という根源的な欲求と、完璧にリンクしました。
BPMの疾走感は「恋の狂気」を走らせる、最強のガソリン
番組を観ていて驚かされるのは、彼らの感情が「沸点」に達する速さと、その後の「冷却」の鮮やかさです。さっきまで死ぬ気で喧嘩をしていた相手と、数分後には肩を組んでいる。時には涙を流す。あるいは、「お前しかいない」と命を懸ける。

　この刹那的で過剰な熱量に寄り添える音楽は、今の洗練されすぎたJ-POPにはなかなか見当たりません。現代のヒットチャートを飾る曲の多くは、客観的な視点から「共感」を誘うものが主流です。しかし、彼らが求めているのは、背中を優しくさするような癒やしではなく、煮えたぎる血をさらに沸騰させるような、圧倒的な「疾走感」なのです。

　小室が作るダンスミュージックは、常に高いBPMを維持しています。それは、立ち止まることを許さない都市のスピード感であると同時に、明日などないかのように今日を燃やす彼らのライフスタイルそのもの。

 「ブレーキの壊れた純情」を持つ者にとって、小室サウンドが持つ焦燥感は、最高のBGM。この「時間の流速」と「感情のピッチ」が、番組の世界観と一寸の狂いもなく同期したのです。

　さらに言えば、小室サウンドが持つ「トランス(没入)性」も重要です。四つ打ちのビートに意識を溶かし、自分と音楽だけの世界に引きこもる。その圧倒的な「個」への没入感こそが、自分と相手しか見えなくなる「恋の狂気」を走らせる、最強のガソリンになっているともいえます。
なぜ浜崎あゆみやEXILEではなかったのか
本来、ヤンキー文化の文脈であれば、浜崎あゆみの圧倒的な共感力や、EXILEに象徴される「ファミリー(仲間)の絆」のほうが親和性が高いはずです。2000年代以降に台頭した「マイルドヤンキー」たちは、何よりも地元愛や横の繋がりを重んじてきました。慣れ親しんだ友人や家族と、内向きの絆を育み、平穏な連帯の中に安住する。それがベースにあるはずです。

　それでも、なぜ『ラヴ上等』はglobeを選んだのか。

　それは、globeの音楽が本質的に「個」、そして「都市」に向けられているからです。あゆやEXILEの楽曲が「(絶望的な孤独でも)君は一人じゃない」と温かな手を差し伸べるのに対し、globeのサウンドには、多人数で肩を組むことを拒絶するような、どこか突き放したような冷たさがあります。

　それは「孤独であることは、都会という風景の一部に過ぎない」という、あまりにもドライで、それゆえに自由な肯定です。

　仲間とつるんでいても、ふとした瞬間に感じる「自分だけが独りぼっち」という感覚。『ラヴ上等』が描いたのは、マイルドな連帯の中に埋没できない、剥き出しの個人が誰かを愛そうとする時のヒリヒリした葛藤、制御不能な感情でした。

 『ラヴ上等』の出演者たちが直面するのは、集団の中にいても消えない「個の強さ」や「世間と分かち合えない弱さ」です。マイルドな絆では埋められないその心の穴に、globeの静謐で透明な、キンと冷えたサウンドが見事にフィットしてしまったのです。
「強さ」という鎧の下で震える魂
そもそも小室とMARCがglobeに託した歌詞のベースには「(都会に生きる)魂の孤独と、その裏側にある脆さ」があるように感じます。

「泣ける夜の公園は 喧騒のほてりを癒やして 語り尽くせぬ想い 誰かそばで聞いてよ もうどこにも行けない」(「Feel Like dance」)

 「バス停でおしゃべりしている学生 明日の事は考えてもちろんいるけど 切実さは比べようもない程明るい あの人の胸には すぐ飛び込めない」(「FACE」)

「いろいろ溺れる子たちを横目で 見てきたよ会ってた しゃべってたつるんでた みんなもそれぞれrule持ってた 下らない男を取り合いしないように」(「Anytime smokin' cigarette」)

「思い出を消し去って 一人きり部屋を出て また何処か生まれる 恐怖をかかえて歩き出す」(I'm still alone)

　この「強がっているけれど、本当は寂しくて仕方がない」という二面性。これこそが、若者たちが「強さ」という鎧の下に隠している素顔です。小室哲哉が紡ぐトランス感のあるサウンドは、高層ビル群の冷たさと、その中で一人震える魂の温度を同時に描き出しました。

　そこに重なるKEIKOのボーカル。自立した女性の力強さを感じさせながらも、ふとした瞬間に消えてしまいそうな危うさを孕んだ、冬の夜空に突き刺さるようなあの高音が、私たちの心の奥底にある「言葉にならない寂しさ」を代弁してくれているのです！
2026年、乾いた心に火を灯す「最新のサウンドトラック」
ヤンキーたちの物語には、常に「夜」が寄り添います。昼間の喧騒が去り、街灯だけが等間隔に並ぶ静寂で、彼らは自分の内面と向き合わざるを得なくなります。そんな時、globeの音楽は驚くほど深く“刺さる”のです。

　純文学の本質が「綺麗事ではない人間の生の実感」を描くことだとすれば、小室哲哉の詞はまさにそれです。不器用ゆえに周囲と衝突し、孤独を抱えがちな彼らの、魂の叫びそのもの。四半世紀前、稀代の観測者が東京の路上で拾い上げた「愛への渇望」は、時代を超え、令和を生きる若者たちの鼓動と重なりました。

 『ラヴ上等』が見せてくれたのは、どんなに時代が変わっても、人間が抱える「誰かと繋がりたい、でも独りだ」という根源的な痛みは変わらないという事実です。タイパや効率が重視される現代において、わざわざ傷つき、泥臭く愛を語る彼らの姿に、私たちは忘れかけていた何かを見出したはず。

　今、改めてglobeを聴いてみてください。それは単なるノスタルジーではありません。2026年を生きる私たちの、乾いた心に火を灯すための、もっとも熱く、もっとも切実な「最新のサウンドトラック」になってくれるはずです！
綿貫大介",[],[]
【2月22日「猫の日」ＢＳテレ東✕CREAのコラボ番組】MC中尾明慶＆前田敦子が今年も悶絶した“かわいいニャン”（CREA WEB）,https://news.yahoo.co.jp/articles/da3e094139fdb21ba3d209d4f032a53433677a85,https://newsatcl-pctr.c.yimg.jp/t/amd-img/20260218-10057412-creaweb-000-1-view.jpg?exp=10800,2026-02-18T11:25:36+09:00,2026-02-18T11:25:36+09:00,CREA WEB,creaweb,CREA WEB,2561,"番組MCを務めた中尾明慶さんと前田敦子さん。©ＢＳテレ東
来たる2月22日(日)18:00〜19:00、BSテレ東にて、特別番組「今夜決定！　 かわいいニャングランプリ 〜BSテレ東×CREAコラボ〜」が今年も放送されます。
【画像】番組MC中尾明慶さんと前田敦子さん
猫と猫好きな視聴者に寄り添う放送局を目指すBSテレ東は、毎年2月22日の猫の日限定で「BSキャッ東」に改名。朝から晩まで“猫まみれ”の特別編成を行う予定です。

　そんな猫愛に満ちたBSテレ東とやっぱり猫をこよなく愛する『CREA』が、2025年につづき今年もコラボが決定！　

　全国の愛猫家から寄せられた写真と動画を堪能し、部門別のグランプリを決めるこちらの番組。前回同様、MCは愛猫家で知られる中尾明慶さんと前田敦子さんのコンビ！　今年の「かわいいニャングランプリ」の感想と猫の魅力について、伺いました。
収録を終えたおふたりを直撃！
――特別番組「今夜決定！　かわいいニャングランプリ 〜BSテレ東×CREAコラボ〜」の司会、おつかれさまでした！　1年ぶりの「かわいいニャングランプリ」はいかがでしたか？　

前田　どの猫ちゃんもかわいくて個性的で、癒されました〜。猫ちゃんたちのかわいさが、いっそうパワーアップしたんじゃないかなと。

中尾　いや本当に、今年の子たちは“癒し”パワーが半端なかった！　単純に、疲れぎみの僕が癒しを求めていたせいなのかと思ったけど、あっちゃんもそう感じたんだね。

前田　あれ、私も疲れていたのかな？　(笑)　あと昨年も感じたことですが、どの写真や映像からも飼い主さんの深い愛が伝わってきて。そして猫ちゃんたちが飼い主さんの前で安心しきっているからこそ、あんなにかわいらしい姿が撮れるのだと思うとグッときました。
中尾さんと猫の意外な関係とは…？
――今回は視聴者や読者の皆さんがかわいい写真や動画をお送りくださったんですが、おふたりが、プライベートで思わず猫を撮りたくなるのはどんなときですか？　

前田　どんなときもかわいいので撮りたくなりますが、強いて言えば、猫って、変な遊び方をしていたり変な体勢でくつろいでいたり、ちょっと間抜けな瞬間がありますよね。そういう姿を見つけると、「おさめておかなきゃ！」と急いでスマホを向けちゃいます。

中尾　僕は寝ているところかな。無防備でめちゃくちゃかわいいじゃないですか。しかも、うちの猫は僕の枕の上でよく寝ているんです。

　で、ちょっと調べてみたら、男性特有の匂いに猫は安心するという説があるみたいで。奥さんや子供の枕では寝ないから、やっぱり僕の枕は臭いのかなと気になりつつ(笑)、でも猫がリラックスできているなら、いいかと。

前田　男性の匂いじゃなくて、大好きな中尾さんの匂いだから安心しているんですよ、きっと。

中尾　そうだったら、めっちゃ嬉しい！
「その感じ、追いかけたくなる～！」猫を好きになる理由
――猫と長く時間を過ごされてきて、あらためて猫の魅力を挙げるならどんなところでしょうか。

中尾　なんというか、いつのまにかペースを握られているんですよね。普段そんなに甘えてこないのに、ふと気づいたら隣にいる。寝る前はすごくつれなかったのに、朝起きたら僕の顔に寄り添うように寝ている。そういう意外性の連続で、どんどん引き込まれちゃうんです。「え、なにこの気持ち……。好きかも……」みたいな(笑)。恋の始まりのような感覚を日常的に味わわせてもらっています。

前田　わかります。猫って、絶妙な距離感で人間の心理をついてきますよね。「その感じ、追いかけたくなる〜！」って。

中尾　たぶん僕の心はすべて見透かされていると思う。でも、そうやって猫に翻弄されている感じも心地良いんですよね。

前田　中尾さんのお話にも近いのですが、猫は“同じ瞬間”がないなぁといつも思っています。たとえば、犬は常に100％でまっすぐに愛情を向けてくれるけど、気まぐれな猫の場合、そうはいかない。でもだからこそ、「今日はひざの上にのってくれた！」とか「今日はなんでこんなに甘えてくれるの！」とか、ひとつひとつがサプライズみたいに感じられるんですよね。一緒にいる時間がぜんぶ大切な瞬間で、思い出になる。そういうところがたまりません。

――マイペースでチャーミングな猫の持ち味が番組にも詰まっていますね。

中尾　本当にそう思います。「よく撮れたな〜」と感心するような決定的瞬間をとらえた作品も昨年以上に多いので、ぜひ楽しんでください！　

前田　何も考えず、かわいい猫たちを眺めて心を存分にゆるめてほしいですね。疲れている人にもおすすめです！　

　特別番組「今夜決定！　かわいいニャングランプリ 〜BSテレ東×CREAコラボ〜」は、2月22日(日)18:00からBSテレ東で放送予定。各部門のグランプリは番組内とCREA WEBにて発表します。ご応募くださったみなさんも猫好きの方もぜひご覧ください！　

特別番組 「今夜決定！　かわいいニャングランプリ 〜BSテレ東×CREAコラボ〜」

MCに中尾明慶さん・前田敦子さん、ゲストに小林幸子さん・はいだしょうこさん・都留拓也さん(ラパルフェ)を迎え、脊山麻理子さんの進行でお送りする「かわいいニャングランプリ2026」豪華特別番組。CREA編集部員も収録に参加させていただきました！　

2026年2月22日(日)18:00〜19:00
BSテレ東(BS7ch)全国無料放送
※放送終了後に「Tver」、「ネットもテレ東」にて見逃し配信あり
番組公式HP　

TVer　
ネットもテレ東　

中尾明慶(なかお・あきよし)さん

俳優。2001年、ドラマ「3年B組金八先生」(TBS)でデビューし、注目される。2013年、俳優の仲里依紗と結婚し、長男、猫の「おかか」「きなこ」と暮らす。

前田敦子(まえだ・あつこ)さん

俳優、歌手。アイドルグループ・AKB48の元メンバーで第1期生。14年ぶりの写真集『Beste』(講談社)を2月13日に発売。実家時代から現在に至るまで猫を飼っており、愛猫家として知られる。
熊坂麻美",[],[]
《パーク ハイアット 東京の手みやげ5選》「モンブランクリームたっぷりのクロワッサン」はあまりの人気にフランス人シェフもびっくり！（CREA WEB）,https://news.yahoo.co.jp/articles/c73dd93f927d038c3c87f5851841706c2c6d5322,https://newsatcl-pctr.c.yimg.jp/t/amd-img/20260218-10057376-creaweb-000-2-view.jpg?exp=10800,2026-02-18T11:10:33+09:00,2026-02-18T13:15:38+09:00,CREA WEB,creaweb,CREA WEB,3758,"様々なシーンに使いたくなる！
東京のラグジュアリーホテルの中でも特にファンの多い「パーク ハイアット 東京」が2025年12月にリニューアルオープン。
【画像】誰かに贈りたくなる美しいお菓子ばかり…記事の内容を画像で見る
リニューアル前もそうであったように、ホテル内の「ペストリー ブティック」で買う手みやげや自分へのちょっと贅沢なおいしいものは特別なアイテムです。

よりエレガントにブラッシュアップされた「ペストリー ブティック」では、華やかな生菓子や、味わい深く多くの人に愛される焼き菓子、風味豊かなパンやヴィエノワズリーなど、見ているだけでも心躍るアイテムが多数並びます。そのなかから、エグゼクティブ ペストリーシェフのジュリアン・ペリネさんに、ギフトにもぴったりの5品をおすすめいただきました。
生ケーキ、焼き菓子、パンもショコラも揃う
パーク ハイアット 東京の「ペストリー ブティック」といえば、エグゼクティブ ペストリーシェフのジュリアン・ペリネさんによる独創的で洗練されたスタイルと味わいのケーキをはじめ、パンやヴィエノワズリー、焼き菓子、チョコレートなど多彩なラインナップが魅力的。連日、多くの人々がギフトや手土産を求めて訪れます。

 「今回のペストリー ブティックのリニューアルは、大きく変えるというよりも、ひとつひとつの質を高めて“ベター”に。シグネチャーアイテムも、たとえば「ショートケーキ」はホテル内でコンペティションを行い、スポンジ生地の間に生クリームとイチゴをはさむだけでなく、イチゴとラズベリーのジャムとシロップを組み込んだスタイルに変更して、味わいを深めました」と、ジュリアンさん。

　店内のディスプレイも見直し、新しい冷蔵ショーケースに変えて、宝石のようなケーキが映える、エレガントでモダンな装いに。これまでビニール袋で個包装し、ショーケースの上などに置かれていたパンやヴィエノワズリーは、新しく設けたコーナーにそのまま美しく並べられ、思わず手に取りたくなるような上質感を漂わせています。

　それでは、ジュリアンさんおすすめの5品を順にご紹介しましょう。

◆ベリーのシャルロット
　日本の食文化や食材への探求心も強く、そこから得たインスピレーションを季節感とともに表現するジュリアンさんのケーキ。クリエイティブで美しいデザインと、デザートのようにみずみずしく洗練された香りと味わい、繊細かつ多彩に組み合わされた食感にセンスが光ります。

　リニューアルを機に生まれた新作は、花のような形が愛らしい「ベリーのシャルロット」。濃密でいて口溶けのよいイチゴのムースの中に、果実味あふれるイチゴのジャム、ピスタチオのスポンジ生地を忍ばせ、サクッとしたピスタチオのクランチがアクセント。トップにはフレッシュなベリーがこんもりとのせられ、ベリーの甘酸っぱさが心地よく重なり合う、春らしさいっぱいのひと品となっています。

 「シャルロットは、伝統的なお菓子の名前であるともに、2歳になる私の娘の名前でもあり、特別な思いを抱いています。休館期間中にシグネチャーとなるケーキをつくろうと考えていたとき、MOF(フランス最優秀職人)に輝く友人のフランス人パティシエが制作したこの型にクリエイティビティを刺激され、使わせてもらうことにしました」と話す、ペリネさん。

　ひと目見るだけで心が弾む優美なフォルムは、ギフトにもぴったりです。春はイチゴ、夏はマンゴーというように、季節ごとに異なる味わいで提供予定といい、「娘が成長していくのと同じように、このお菓子も進化させていきたい」と、ジュリアンさん。楽しみが広がります。
驚きと感動を運ぶ多彩なクリエーション
◆サントノーレ
　扇のように広がる半円形のサブレに、クリームやムース、ジャムなどをサンドしたスタイルのケーキも、ジュリアンさんのシグネチャーのひとつ。ギフトとしてぜひ贈りたいアイテムです。

 「8年ほど前に台湾で働いていた頃に思いついた、私にとって特別なひと品。パッと目を引く、華やかで驚きのある形が気に入っています」と、ジュリアンさん。

　フレーバーはそのときどきで変わり、「サントノーレ」は、パルメザンチーズのサブレとチョコレートの薄板を重ねた間に、バニラのクレムーとバニラのなめらかなクリームをサンド。仕上げにバニラのガナッシュ・モンテを美しく絞り、キャラメルがけしたシューを飾ります。口に運ぶと、甘みを抑えたパルメザンチーズのサブレが歯触りよく、なめらかな口溶けとともにバニラの香りが力強く押し寄せる、濃密なクリームとマッチ。ふくよかな余韻に包まれます。

◆クロワッサン モンブラン
　良質な乳製品で名高いフランス・ブルターニュ地方出身のペリエさんが2020年の着任後、すぐに取り組んだのがクロワッサンの改革です。ベーカリーシェフの金丸剛也さんとともに3カ月間試作をくり返し、国産の小麦粉とフランス・ノルマンディー地方産のイズニーAOPバターを使ってこだわりの味を完成。そのクオリティの高さには、フランスの名料理人、アラン・デュカスからも高く評価され、「とても誇りに思います」と、ジュリアンさんは語ります。

　そのクロワッサンにバニラのなめらかなクリームをはさみ、日本人が大好きなマロンクリームをたっぷり絞って秋の商品として売り出したのが、「クロワッサン モンブラン」です。その人気は当初の予想をはるかに超え、あまりの過熱ぶりにペリネさんもびっくり。瞬く間にシグネチャーアイテムのひとつとなり、夏を除く10月から翌4月まで販売されることとなりました。

　パクっと頬張れば、外はサクッ、中はしっとり、ほどよく噛み応えのあるクロワッサンから芳醇なバターの香りがあふれ出し、ラム酒が香るマロンクリームの奥深い味わいが口いっぱいに。バニラクリームの中にはマロン・コンフィが散りばめられ、噛むごとに贅沢な味わいが広がります。これはもう、目にも舌にもインパクト大のギフトになること間違いなし！
人気のカヌレはカリッと香ばしくて中はとろり、ラム酒の香り
◆カヌレ
 「カヌレ」は、フランス・ボルドー生まれの郷土菓子。

　昨年7月、ボルドー出身のヴァンサン・ジルさんがペストリーキッチンのシェフに着任し、本場のトラディショナルなレシピを踏襲する形で新たなアイテムに加えられました。

　香りづけには沖縄産のダークラムが使われ、外はカリッ、パリッとして中はとろり。卵のコクとキャラメルやバニラの風味が豊かにあふれ出し、ラム酒のやわらかな香りがそれらを引き立てます。

　シンプルだからこそ、毎日完璧な状態で作るには技術と細心の注意が必要だというこのお菓子。朝一番で並ぶ焼き立てのカヌレは、一度食べたら忘れられなくなる格別のおいしさです。

◆抹茶バスクチーズケーキ
 「抹茶バスクチーズケーキ」は、休館期間中、ジュリアンさんがスタッフの渡部由希子さんとともに「アンダーズ アブダビ」に招かれ、日本風アフタヌーンティーとケーキを披露するなかで生まれた新商品です。

　抹茶は、奈良「ティーファーム井ノ倉」のパーク ハイアット 東京専用畑で育てられた、最高茶葉の宇治抹茶「松の昔」を使用。その奥深い風味とほろ苦さと、砂糖の甘み、チーズの風味とのバランスを取り、日本人にとっても、抹茶に慣れていない外国人にとってもおいしく感じられる、ほどよいフレーバーに仕上げています。

　クリームチーズだけでなくフロマージュブラン、サワークリームを加えて軽やかさと酸味をプラスし、焼きすぎず、中心はなめらかでとろりとした質感に。フレッシュ感を閉じ込めるとともに持ち運びしやすいわっぱの木箱入りで、手土産の新定番として活躍の機会が多くなりそうです。

◆その他
　そのほか、スタイリッシュなホールケーキ、フィナンシェやマドレーヌといった焼き立てのお菓子、パウンドケーキ、ジャムも充実し、ほぼ全てのアイテムのパッケージが一新。「ロディックチョコレート」の山内大輔さんとのコラボレーションで誕生したボンボンショコラも、季節ごとに味わいを変えて登場します。

　とっておきのギフトとの出合いを求めて、いざ、「ペストリー ブティック」へ！　

ジュリアン・ペリネ(Julien Perrinet)

フランス・ブルターニュ地方出身。フランスやカナダやカタール、モルディブで研鑽を積み、2010年からアジアへ。北京のラグジュアリーホテルでヘッドペストリーシェフを務め、シンガポールの「ラトリエ ドゥ ジョエル ロブション」や、老舗高級ティーブランド「TWGティーカンパニー」で活躍。2015年から、「グランド ハイアット 台北」のエグゼクティブ ペストリーシェフを務め、2020年、「パーク ハイアット 東京」のエグゼクティブ ペストリーシェフに就任。

パーク ハイアット 東京  ペストリーブティック

所在地　東京都新宿区西新宿3-7-1-2 2F
電話番号　03-5323-3462(直通)
営業時間　11:00〜19:00
定休日　無休
瀬戸理恵子",[],[]
〈パーク ハイアット 東京〉地上160m！ “天空の絶景ラウンジ”でアフタヌーンティー　8種類のスイーツが並ぶ“トロリーサービス”も（CREA WEB）,https://news.yahoo.co.jp/articles/f03ad2e010342769b9d5e85458f9c4e42c0c06c6,https://newsatcl-pctr.c.yimg.jp/t/amd-img/20260218-10057375-creaweb-000-2-view.jpg?exp=10800,2026-02-18T11:10:30+09:00,2026-02-18T13:20:33+09:00,CREA WEB,creaweb,CREA WEB,4060,"憧れホテルのアフタヌーンティー。
2025年12月9日、19カ月に渡る改修期間を経てリニューアルオープンし、創業時からの哲学や世界観を受け継ぎつつ、より深化されたラグジュアリーな魅力に注目が集まる「パーク ハイアット 東京」。
【画像】東京中を見渡すビューとエレガントを極めたアフタヌーンティー
リニューアル前と変わらず都会の広大な景色を望む開放感いっぱいの「ピーク ラウンジ」で人気を集めてきたアフタヌーンティーも、これを機に一新！　よりフレッシュに、エレガントに生まれ変わったそのメニューとスタイルが話題を呼んでいます。
アフタヌーンティーは41階「ピーク ラウンジ」で
「パーク ハイアット 東京というラグジュアリーホテルにふさわしい、ワンランクアップしたエクスペリエンスを提供したいと思いました」

　そう語るのは、エグゼクティブ ペストリーシェフのジュリアン・ペリネさんです。これまでの伝統的な三段トレイのスタイルをやめ、代わりにテーブルに運ばれてくるのは、オリジナルで製作された美しい有田焼の器の数々。セイボリーからスイーツ、グラスデザートまでコース仕立てで順に提供されていきます。

　さらには、焼き菓子を中心に約8種類のスイーツが並ぶ、夢のようなトロリーサービスも！　41階からの絶景を楽しみながら、厳選されたシングルオリジンティーや日本茶、ハーブティー、コーヒーなどとともに、ゆったり優雅なひとときを過ごせます。内容は季節とともに変わり、2026年2月1日から3月15日までは、「バレンタイン＆ホワイトデー アフタヌーンティー」が登場。華やかなクリエーションに胸がときめきます。

　では、その内容をご紹介しましょう！　

◆コールドセイボリー
　最初に提供されるのは、目に美しく舌においしいコールドセイボリーの数々です。「フランス料理のコースでいえば、前菜のような役割」と、ジュリアンさん。

 「ズワイ蟹のマリネ オーロルソース いくら」は、しっとりとした蟹肉がたっぷり。「モッツァレラとトマトコンフィ バジルソースのサンドウィッチ」は、モッツァレラのもっちりした食感とイタリアンな風味あふれるひと品。「サステナブルサーモンのタルタル ブリオッシュ バルサミコとチーズクリーム」は、サーモンの旨味にキャビアがアクセント。「カラービーツとサワークリームのタルトレット」は、彩り美しく、食感も軽やか。宝石箱のような美しさと繊細な味わいに心が躍ります。

◆ホットセイボリー
　セイボリーは、冷たいものだけでなく、作りたての温かい「帆立貝のナージュ 菜の花と赤蕪 浅利のフォーム」も。フレンチレストランで味わうかのように洗練された味わいで彩りも美しく、春の訪れを告げる素材のやさしい旨みが体じゅうにしみ渡ります。
お楽しみの“甘いもの”は大きさにも幸福感
◆スイーツ
　続いて登場するのが、花を模ったかのような有田焼の器にのせられた、メインとなるスイーツ3品です。美しさに歓声、そしてため息。

　まず驚かされるのは、スイーツのサイズです。アフタヌーンティーのスイーツといえばひと口サイズが定番ですが、こちらはプティガトーが少し小ぶりになったくらいでしっかりとしたボリューム感。

 「従来のひと口サイズでは、感じていただける味わいや食感に限りがあります。スイーツの種類を少なくしてひとつひとつのポーションを大きくし、より味わいや食感の豊かさや変化をしっかり楽しんでいただけるようにしました」と、ジュリアンさん。添えられたソースをかければ、さらなるハーモニーや味の変化を体感できます。

　味わう順番は、低い台にのせられたスイーツから、高い台にのせられたスイーツへ。

 「もちろんお好みの順番で召し上がっていただいても構わないのですが、フランス料理では、一皿ずつ味わっていくのが基本なので、それを私ならではの表現のひとつとして取り入れました」と話す、ジュリアンさん。たとえばフレッシュな味わいのものから始まって、徐々に風味の強いものへと進んでいくというように、順を追って味わうことでひとつひとつの味わいがより鮮明に。そして、少し遅れてテーブルに運ばれるグラスデザートが、4つめのスイーツとしてラストを飾ります。

　バレンタイン＆ホワイトデー アフタヌーンティーのスイーツは、ジュリアンさんが“LOVE”から着想を得て生み出された4品。ひとつひとつご紹介していきましょう。

◆ピスタチオ ピンクグレープフルーツ
　なめらかで濃厚なピスタチオクリームと、みずみずしいグレープフルーツ＆ラズベリーのジャムのハーモニー。トップを飾るピスタチオ風味のチュイールと、土台のパルメザンチーズのサブレが食感と味わいのアクセントを添えます。ラズベリーとグレープフルーツのクーリをかければ、フレッシュ感が増幅。有田焼の器とリンクする、細かい溝をつけたデザインも注目です。

◆苺のタルト
　優美なハート形のヘーゼルナッツサブレに、コク深いバニラのクレーム・ムースリーヌと、ストロベリー＆ラズベリーのジャムを重ね、フレッシュなイチゴをたっぷりと。ハート形のストロベリーとハイビスカスのゼリーもひとひらあしらわれ、みずみずしいイチゴのソースをかけてデザート仕立てに。

◆カシス アールグレイ ミルクチョコレート
　器と同じく、花のような形が愛らしいひと品。フレンチアールグレイが香り立つミルクチョコレートのムースとカシス＆イチゴのクレムーが華やかに調和し、サクサクしたライスパフ入りのプラリネがアクセント。トップを飾るフレッシュなブルーベリーやなめらかなバニラクリームも加わり、うっとりするような余韻に包まれます。

◆チョコレートサブレ コーヒーパルフェ
　足つきのグラスで提供されるのは、ティラミスをイメージしたパルフェ。コーヒー豆を煮出さずに冷たい状態で浸し、やさしく香りを移した生クリームとマスカルポーネのクリームと、その下から現れる力強いコーヒーアイスクリームとのコントラストが鮮やか。シュトロイゼルのほろ苦さと塩気が心地よいアクセントを添えます。
お腹に余裕は？　トロリーサービスで焼き菓子を
◆トロリーサービス
　フレッシュなスイーツを堪能した後には、約8種類の焼き菓子や季節のスイーツが並ぶトロリーサービスが！　

　ラインナップはテーマによって少しずつ変わり、定番はスコーン(この日はクランベリーピーカンスコーン)、カヌレ、マドレーヌ、米粉のバームクーヘンの4種。そのほか、この日はチョコレートムース、フランパリジャンタルト、抹茶ラズベリーケーキ、パート ド フリュイ ハートラズベリー、ブリオッシュフィユテが華やかに並び、どれも魅力的で目移りしてしまいます。

 「今回のリニューアルにあたって、これまでのアフタヌーンティーにはない新しいエクスペリエンスやプラスアルファのサービスを提供したいと思い、オリジナルデザインの大きなトロリーを作りました。意識したのは、選ぶ楽しさがあり、リピーターのお客様を飽きることのない種類の豊富さ。テーブルサイドに大きなトロリーが運ばれてくると注目が集まりますし、『ワォ！　』という喜びにもなります」と、ジュリアンさん。

　マドレーヌはバニラの風味たっぷりで、表面のカリカリ感と中のやわらかさの対比がたまらないカヌレは、ボルドー出身のスーシェフによる本場のレシピ。銅鍋に入れられたクリーム不使用の軽やかなチョコレートムースは、ジュリアンさんのおばあちゃんが作ってくれたレシピをアレンジ。どのお菓子にも上質感と手作りの温かさがあふれています。

　これらに加え、フロマージュブランバニラやオレンジマーマレードジャムなど、お菓子のトッピングが4種類用意されているのもうれしいポイント。これまでのクロテッドクリームやベリーのソースよりもライトな味わいに仕上げられ、豊かな風味とともにすっきりとした食後感がプラスされます。
アラミニッツで提供する、つくりたてのおいしさ
今回のリニューアルで大きく変わったことが、もうひとつ。それは、ピーク ラウンジに隣り合うピーク バーを利用し、パティシエがその場でスイーツを仕上げられるようになったことです。

 「つまり、作りたてのスイーツを味わっていただけるようになったということ。完成してからすぐにゲストのテーブルまで届けることができ、アイスクリームを合わせることも可能となりました。初の試みでチャレンジングでもありますが、より素敵なダイニング体験を提供することができるようになり、とてもハッピーです」と、笑顔を浮かべるジュリアンさん。

　ラグジュアリーホテルにふさわしい上質感と温かなおもてなしの心が、喜びと驚きに満ちた優雅なひとときを届けます。

ジュリアン・ペリネ(Julien Perrinet)

フランス・ブルターニュ地方出身。フランスやカナダやカタール、モルディブで研鑽を積み、2010年からアジアへ。北京のラグジュアリーホテルでヘッドペストリーシェフを務め、シンガポールの「ラトリエ ドゥ ジョエル ロブション」や、老舗高級ティーブランド「TWGティーカンパニー」で活躍。2015年から、「グランド ハイアット 台北」のエグゼクティブ ペストリーシェフを務め、2020年、「パーク ハイアット 東京」のエグゼクティブ ペストリーシェフに就任。

バレンタイン アフタヌーンティー

提供場所　パーク ハイアット 東京 41F「ピークラウンジ」
提供期間　2026年2月1日〜3月15日
提供時間　12:00〜17:00(無休)
料金　9,900円(別途、サービス料15％)※ドリンク付き

パーク ハイアット 東京

所在地　東京都新宿区西新宿3-7-1-2
電話番号　03-5322-1234(代表)
瀬戸理恵子",[],[]
