headline,mainEntityOfPage,image,datePublished,dateModified,author,media_en,media_jp,str_count,body,images,external_links
【超希少「白州25年」が当たる】ウイスキー福袋「2026福袋みくじ」予約受付を開始（食品産業新聞社ニュースWEB）,https://news.yahoo.co.jp/articles/467ab76bab3527dd978e4471d1fa38734bac83f1,https://newsatcl-pctr.c.yimg.jp/t/amd-img/20251210-00010021-ssnp-000-1-view.jpg?exp=10800,2025-12-10T18:01:41+09:00,2025-12-10T18:01:41+09:00,食品産業新聞社ニュースWEB,ssnp,食品産業新聞社ニュースWEB,818,"ウイスキー福袋「2026福袋みくじ」超大吉:白州25年(1本)
宮崎県をはじめ九州各地の物産品をPR・販売する株式会社アップライジングは、12月9日からウイスキー福袋「2026福袋みくじ」の予約受付を開始した。価格は5,980円(税・送料込)。
【画像7点を見る】ウイスキー福袋「2026福袋みくじ」、大大吉「山崎12年」、大吉「山崎シングルモルト」、中吉「白州シングルモルト」、喜吉「響 JAPANESE HARMONY」など 全ラインアップはこちら
ウイスキー福袋「2026福袋みくじ」は、中身が分からない運試しの福袋。超大吉は「白州25年」、大大吉は「山崎12年」などを用意している。楽天市場・AmazonなどのECモールで取り扱う。466口限定で、完売次第終了となる。
〈「2026福袋みくじ」ラインナップ(全466口限定)〉
◆超大吉:白州25年(1本) 
◆大大吉:山崎12年(1本) 
◆大吉:山崎シングルモルト(3本) 
◆中吉:白州シングルモルト(3本) 
◆喜吉:響 JAPANESE HARMONY(3本) 
◆福吉:矢部 ブレンデッドウイスキー(5本) 
◆縁吉:宮城峡 シングルモルト(5本) 
◆幸吉:竹鶴 ピュアモルト 白ラベル(5本) 
◆宝吉:知多 シングルグレーン(3本) 
◆栄:巳乃霞 グレーンウイスキー(235本) 
◆吉:はなぐり ブレンデッドウイスキー(202本)
〈「2026福袋みくじ」販売概要 〉
●価格
1口 5,980円(税込・送料無料) 
 
●販売口数
466口限定(完売次第終了) 
 
●予約受付開始日
2025年12月9日 
 
●発送期間
2025年12月25日～12月28日
 
●販売場所
・タチバナE酒販 Amazon店
・タチバナE酒販 楽天市場店
・タチバナE酒販本店
・宮崎どげんかせんとい館 楽天市場店
・宮崎どげんかせんとい館 ヤフー店
食品産業新聞社",[],[]
【紀ノ国屋】キャラメルスイーツ3品発売、シュークリーム・プリン・クリームパンがキャラメル風味に【冬季限定】（食品産業新聞社ニュースWEB）,https://news.yahoo.co.jp/articles/6cdc977eb4548fc15353f26f9ff3a0d919554697,https://newsatcl-pctr.c.yimg.jp/t/amd-img/20251210-00010020-ssnp-000-1-view.jpg?exp=10800,2025-12-10T17:56:11+09:00,2025-12-10T17:56:11+09:00,食品産業新聞社ニュースWEB,ssnp,食品産業新聞社ニュースWEB,740,"紀ノ国屋
紀ノ国屋は現在、キャラメルの芳醇な香りと味わいを楽しめる「キャラメルスイーツ」3品を販売している。
【商品画像はこちら】クリスマス島の塩を合わせて甘みを引き立てた「塩キャラメルプリン」、キャラメルクリーム・ホイップクリームの2層仕立て「贅沢なキャラメルとホイップのクッキーシュークリーム」など
ラインアップは、まろやかな塩味が甘さを引き立てる「塩キャラメルプリン」、軽やかなホイップ×ほろ苦いキャラメルの「贅沢なキャラメルとホイップのクッキーシュークリーム」、やわらかな生地に自家製キャラメルクリームを包んだ「紀ノ国屋のキャラメルクリームパン」の3品。
◆「塩キャラメルプリン」
価格:税込345円
販売期間(予定):～1月31日まで
 
まるみのあるやさしい塩味が特徴のクリスマス島の塩を合わせ、キャラメルの甘みを引き立てた。濃厚でなめらかな生地に、ほろ苦いキャラメルソースが広がり、深いコクと上品な余韻が楽しめる。
◆「贅沢なキャラメルとホイップのクッキーシュークリーム」
価格:税込324円
販売期間(予定):～3月31日まで
 
香ばしく焼き上げたシュー生地に、濃厚なキャラメルクリームと軽やかなホイップクリームを重ねた、2層仕立てのクッキーシュークリーム。ほろ苦さの中にコク深い甘みが広がるキャラメルと、ふんわりとしたホイップの相性が良いという。
※地域・店舗によって価格が異なる場合がある。
◆「紀ノ国屋のキャラメルクリームパン」
価格:税込313円
販売期間(予定):～1月31日まで
 
やわらかな生地で自家製のキャラメルカスタードクリームを包み、丁寧に焼き上げた。コクのある甘さとほんのりとしたほろ苦さ、キャラメルの豊かな風味が広がる。
食品産業新聞社",[],[]
【くら寿司】“本ズワイガニ”などを使った「極上かに」フェア開催/「熟成中とろ」も特別価格で販売（食品産業新聞社ニュースWEB）,https://news.yahoo.co.jp/articles/9b8f4d956fc187a355a4550a18109ea0d80b6da4,https://newsatcl-pctr.c.yimg.jp/t/amd-img/20251210-00010019-ssnp-000-1-view.jpg?exp=10800,2025-12-10T17:43:37+09:00,2025-12-10T17:43:37+09:00,食品産業新聞社ニュースWEB,ssnp,食品産業新聞社ニュースWEB,1411,"くら寿司「極上かに」フェア、期間限定で開催
回転寿司チェーン「くら寿司」は、12月12日から本ズワイガニなどを使った「極上かに」フェアを期間限定で開催する。
【全商品の画像を見る】本ズワイガニ・丸ズワイガニのにぎり寿司、生ズワイガニの棒肉を含む盛り合わせなど
本ズワイガニや丸ズワイガニを使ったにぎり寿司などを販売。本ズワイガニの棒肉や爪下、かに身のにぎり寿司を盛り合わせた、食べ比べができる「本ズワイガニ 三種盛り」も提供。生ズワイガニなどを使った「贅沢かに盛り合わせ」もラインアップする。
 
商品の販売価格は店舗により異なるとしているが、「本ズワイガニ 三種盛り」は税込420円から、「本ズワイガニ(1貫)」は税込300円から提供予定。販売期間は、いずれも12月21日までを予定。一部商品は、予定数量に達し次第、販売終了となる。
 
また同時に、マグロの中トロ部分から脂乗りの良い部分を選んで熟成した「熟成中とろ(1貫)」を特別価格の税込110円で販売する。こちらは、2026年1月4日まで販売予定。
 
ラインアップは以下の通り。価格はいずれも税込で表記(店舗により価格が異なる)。
〈「極上かに」フェア、商品概要〉
◆「本ズワイガニ 三種盛り」
食べ応えのある棒肉、1匹から2本しか取れない爪下、ふわふわ食感のかに身と、本ズワイガニのにぎり寿司を3種類盛り合わせたもの。1皿で食べ比べができ、本ズワイガニならではの上質で濃厚な味わいを楽しめるとしている。
 
【盛り合わせ内容】本ズワイガニ棒肉/本ズワイガニ爪下/本ズワイガニかに身
【価格】420円～
【販売期間】2025年12月12日(金)～12月21日(日)
 
◆「本ズワイガニ(1貫)」
【価格】300円～
【販売期間】2025年12月12日(金)～12月21日(日)
 
◆「丸ズワイガニ(1貫)」
【価格】300円～
【販売期間】2025年12月12日(金)～12月21日(日)
 
◆「本ズワイガニ軍艦(1貫)」
【価格】140円～
【販売期間】2025年12月12日(金)～12月21日(日)
 
◆「贅沢かに盛り合わせ」
生ならではのねっとりとした食感やうま味・甘みを感じられる「生ズワイガニ棒肉」や、食べ応えのある「かに開き大」のほか、本ズワイガニのかに身とかに味噌を使った「かに味噌和え」、丸ズワイガニ棒肉、本ズワイガニの爪下・かに身などを1皿に盛り合わせたもの。持ち帰り対象外。
 
「贅沢かに盛り合わせ」は、ワンランク上の寿司をリーズナブルな価格で提供する「極みの逸品シリーズ」から販売する。同シリーズは、高級食材などを使いながら、見た目の華やかさにもこだわり、SNS時代に合った“映えるお寿司”と位置付けている。
 
【盛り合わせ内容】生ズワイガニ棒肉/かに開き大/丸ズワイガニ棒肉/本ズワイガニ爪下/本ズワイガニかに身/かに味噌和え
【価格】1,490円～
【販売期間】2025年12月12日(金)～12月21日(日)
 
◆「熟成中とろ(1貫)」
「極上かに」フェアの販売開始と同時に、期間限定で「熟成中とろ(1貫)」を特別価格の110円で販売する。脂乗りの良いマグロの中トロ部分を熟成させ、うま味を引き出しているという。
 
【価格】110円
【販売期間】2025年12月12日(金)～2026年1月4日(日)
食品産業新聞社",[],[]
【帝国ホテルキッチン】2026年春季新商品で冷凍食品の小容量グラタン・ドリア4品を刷新 / 「チキンのマカロニグラタン」「シーフードドリア」など（食品産業新聞社ニュースWEB）,https://news.yahoo.co.jp/articles/dedb952f7c6b4f0d34e5a74cea05122482c7f518,https://newsatcl-pctr.c.yimg.jp/t/amd-img/20251210-00010018-ssnp-000-1-view.jpg?exp=10800,2025-12-10T17:40:25+09:00,2025-12-10T17:40:25+09:00,食品産業新聞社ニュースWEB,ssnp,食品産業新聞社ニュースWEB,884,"帝国ホテルキッチン
帝国ホテルキッチンは、2026年春季新商品として冷凍食品の小容量グラタン・ドリア4品を刷新し、3月に発売する。12月4日に開催した記者発表会の中で発表した。
【画像を見る】「鮭とほうれん草のマカロニグラタン」 、「チキンのマカロニグラタン」、「シーフードドリア パプリカ風味」、「キーマカレーのドリア」の商品画像を見る
〈シズル感あるパッケージと手に取りやすい価格で幅広い販売チャネルに対応〉
従来品はギフト専用商品だったが、販売チャネルを問わず市販できるようシズル感のあるパッケージに変更するとともに、中味も改良した。同社によれば、2018年から販売している小容量レトルト商品(90g)が「美味しいものを少しだけ食べたい」というニーズに応え、好調に推移しているという。
 
既存のレギュラー品は1,000円以上であったが、価格も手にとりやすく、小売店など幅広いチャネルで販売しやすくした。中味もソースと具材のバランスなどを見直している。また、賞味期限も12カ月から18カ月に延長した。
 
内容量は4品すべて105g。なお、調理方法は焼き立ての焦げ目を楽しめるよう、すべてオーブントースター専用としている。
〈販売ラインアップ(価格はすべて税込)〉
◆「鮭とほうれん草のマカロニグラタン」 
 
価格:864円
 
鮭の旨みを加えたクリーミーなホワイトソースを使用。鮭とソテーしたほうれん草が入ったマカロニグラタンに仕上げた。
 
◆「チキンのマカロニグラタン」
 
価格:810円
 
チキンの旨みを加えたクリーミーなホワイトソースを使用。鶏肉とハムとマッシュルームが入ったマカロニグラタンに仕上げた。
 
◆「シーフードドリア パプリカ風味」
 
価格:918円
 
シーフードの旨みを加えた色鮮やかなパプリカ風味ソースを使用。エビとマッシュルームとほたて貝柱が入ったドリアに仕上げた。
 
◆「キーマカレーのドリア」
 
価格:756円
 
スパイスを効かせ、ミルクを加えてマイルドに仕上げたキーマカレーのドリアに仕上げた。
食品産業新聞社",[],[]
パリパリクレープ専門店が大阪なんばと高槻に出店/長野・東京にも…12月は計4店舗をオープン【クレープとエスプレッソと】（食品産業新聞社ニュースWEB）,https://news.yahoo.co.jp/articles/c9ab424fec8c4baf21c25bd23f9cc2cde4a28b9b,https://newsatcl-pctr.c.yimg.jp/t/amd-img/20251210-00010017-ssnp-000-1-view.jpg?exp=10800,2025-12-10T17:16:24+09:00,2025-12-10T17:16:24+09:00,食品産業新聞社ニュースWEB,ssnp,食品産業新聞社ニュースWEB,1666,"「クレープとエスプレッソとAKICHI」
クレープ専門店ブランド『クレープとエスプレッソと』は12月、新たに4店舗をオープンする。
12月11日に「クレープとエスプレッソとAKICHI」(大阪)、12月12日に「クレープとエスプレッソと ～れいわ～」(東京)、12月15日に「クレープとエスプレッソと高槻」(大阪)、12月18日に「クレープとエスプレッソと松本」(長野)をオープンする。
【AKICHI限定メニューの画像を見る】たこ焼きに見立てたプチシューをのせた「たこやきちゃうで プチシュー de クレープと」など
〈「クレープとエスプレッソと」とは〉
表参道のベーカリーカフェ『パンとエスプレッソと』などを展開する株式会社日と々とが、バズグルメクリエイターのウルフ氏とコラボして誕生したクレープ専門店ブランド。
パリパリ・サクサクとした軽やかな食感と、クッキーのような香ばしさのクレープ生地が特徴で、現在SNSを中心に注目を集めているという。
〈フォトジェニックなピンク空間に“たこやき風クレープ""登場〉
今回オープンする「クレープとエスプレッソとAKICHI」は、2019年に大阪のトレンド発信地として誕生した“AKICHI""エリアに出店するもの。“AKICHI""は、スイーツとアートが楽しめる植物に囲まれたフォトジェニックな空間で『クレープとエスプレッソと』のほか、『嵜本bakery』などが出店している。
 
「クレープとエスプレッソとAKICHI」は、“ポップでかわいいピンクの世界観""をテーマに、店内には写真を撮りたくなるような空間演出を施した。「クレープと空間が一緒に楽しめる、五感で味わう体験型スイーツスポット」になっているという。
 
また、定番人気の「バターシュガー」「いちごチョコメルト」に加え、同店限定の新メニューもラインアップする。
 
◆「たこやきちゃうで プチシュー de クレープと」1300円
たこ焼きのような見た目のプチシューをトッピングしたメニュー。クレープ×大阪らしさのコラボで、写真映え&話題性抜群のスイーツに仕立てた。

◆「bonchiさんのいちごモンブランチョコメルト」1600円
“ポップでかわいいピンクの世界観""をテーマにした限定メニュー。
【「クレープとエスプレッソとAKICHI」店舗情報】
住所:〒5430072大阪府大阪市難波中2-3-20
電話番号:06-7777-7420
営業時間:9:00-18:00
定休日:なし
Instagram:@crepe_espresso_akichi
 
※のれんわけ店舗のため、店舗の経営は『株式会社日と々と』ではない。
〈ほか3店舗の概要〉
【12月12日オープン:クレープとエスプレッソと ～れいわ～】
住所:〒150-0002東京都渋谷区渋谷1丁目11−1ヒューリック渋谷美竹通りビル
営業時間:11:00～18:00
定休日:不定休
Instagramアカウント:@crepe_espresso_and_reiwa
電話番号:03-6450-5120
※直営店舗
 
【12月15日オープン:クレープとエスプレッソと高槻】
住所:〒569-0802大阪府高槻市北園町19-17サンコービル1F
営業時間:11:00～19:00
定休日:不定休
Instagramアカウント:@crepe.espresso.takatsuki
電話番号:072-690-7710
※のれんわけ店舗のため、店舗の経営は『株式会社日と々と』ではない。
 
【12月18日オープン:クレープとエスプレッソと松本】
住所:〒390-0811長野県松本市中央3-7-1
営業時間:11:00～19:00(L.O18:30)
定休日:不定休
Instagramアカウント:@crepe_espresso_and_matsumoto
電話番号:0263-87-2992
※のれんわけ店舗のため、店舗の経営は『株式会社日と々と』ではない。
食品産業新聞社",[],[]
【木村屋總本店】オンライン限定「2026年福袋」を数量限定で発売【福袋2026】（食品産業新聞社ニュースWEB）,https://news.yahoo.co.jp/articles/a6feed8c43148dffd22a2379646471bcb82e2e54,https://newsatcl-pctr.c.yimg.jp/t/amd-img/20251210-00010016-ssnp-000-1-view.jpg?exp=10800,2025-12-10T16:39:32+09:00,2025-12-10T16:39:32+09:00,食品産業新聞社ニュースWEB,ssnp,食品産業新聞社ニュースWEB,1114,"木村屋「2026年福袋」
明治2年創業の老舗パン屋「木村屋總本店」は、オンラインショップ限定の「2026年福袋」の予約受付を2025年12月20日(土)16:00より開始する。
【福袋の中身を見る】福袋のラインアップ8点の画像をすべて見る
明治天皇献上の逸品「酒種 桜」や人気の「あんバターホイップ」を含む、木村屋自慢のパン全10点に加え、「オリジナルブランケット」と「お年玉クーポン(10%OFF)」が付いた内容となっている。
〈福袋の内容〉
価格:4,000円(税込)
 
内容:
 
・酒種あんぱん(桜・小倉・けし・うぐいす・白)
 
・国産小麦のゴールドブレッド5枚
 
・レーズンブレッド
 
・あんバターホイップ
 
・クリームメロン
 
・チョココロネ
 
・オリジナルブランケット(約65×48cm)
 
・お年玉クーポン(10%OFF/2026年2月28日まで利用可能)
 
予約受付期間:2025年12月20日(土)16:00～12月28日(日)15:59
 
お届け期間:2026年1月6日(火)～1月11日(日)
〈ラインアップ詳細〉
◆酒種あんぱん(桜・小倉・けし・うぐいす・白)
 
桜:北海道産小豆の「こし餡」と桜の塩漬けが酒種生地とマッチ。
 
小倉:北海道産小豆を使用した「つぶ餡」の美味しさ
 
けし:こし餡のほどよい甘さと酒種生地、けしの実の食感が特徴。
 
うぐいす:香り豊かな青えんどう豆の「つぶ餡」を使用。
 
白:白いんげん豆のすっきりとした味わいの「つぶ餡」が楽しめる。

 
◆国産小麦のゴールドブレッド5枚
 
国産小麦、生クリーム、バター、卵黄などを使用した黄金色の食パン。ミミまでソフトなモチモチ食感が特徴。

 
◆レーズンブレッド
 
しっとりとした生地にマスカットレーズンを練り込み、香りと甘みを活かした一品。

 
◆あんバターホイップ
 
ソフトフランス生地に、つぶあんとホイップバターを合わせた風味豊かなあんバター。

 
◆クリームメロン
 
大きめにカットしたメロン果肉入りのクリームをやわらかな生地で包んだ仕立て。メロンピューレを増量したサクサク感のあるメロン皮が特徴。

 
◆チョココロネ
 
巻貝の形の昔ながらのパンにチョコレートクリームを詰めた定番商品。

 
◆オリジナルブランケット
 
木村屋のトラックをモチーフにしたレトロな柄のブランケット。(約65×48cm)

 
◆お年玉クーポン(10%OFF)
 
オンラインショップ限定で利用可能。2026年2月28日(土)まで有効。
 
※サブスクキムラヤ(定期便)は対象外。
食品産業新聞社",[],[]
ジョナサン『冬の推しグルメフェア』開催/たらば蟹や若姫牛ヒレの贅沢メニュー、6層の具材を重ねたスプーンで食べるハンバーグなど（食品産業新聞社ニュースWEB）,https://news.yahoo.co.jp/articles/4c6bde39f831bdcd7187e5497b6011b5179b0e39,https://newsatcl-pctr.c.yimg.jp/t/amd-img/20251210-00010015-ssnp-000-1-view.jpg?exp=10800,2025-12-10T15:55:05+09:00,2025-12-10T15:55:05+09:00,食品産業新聞社ニュースWEB,ssnp,食品産業新聞社ニュースWEB,1599,"ジョナサン
すかいらーくレストランツが運営するジョナサンでは、2025年12月11日から2026年2月4日までの間、『冬の推しグルメフェア』を全店で開催する。
「たらば蟹」「若姫牛ヒレ」など、年末年始に向けた贅沢な海の幸・山の幸メニューのほか、6層の具材を重ねたスプーンで食べるハンバーグなどを新たにラインアップしている。
【フェアメニューの画像はこちら】たらば蟹のグラタンやローストビーフごはん、かにクリーミーコロッケをセットにした「至福の洋風膳」、スプーンで掘って食べるハンバーグなど
◆至福の洋風膳
【単品価格】
1,699円(税込1,869円)
 
【ドリンクバーつき】
1,817円(税込1,999円)
 
【洋風膳内容】
・厳選ローストビーフごはん
・たらば蟹グラタン
・かにクリーミーコロッケ
・ハーブシュリンプのマリネ
・北海道産とうもろこしのポタージュ
 
※北海道産とうもろこしのポタージュはソパデアホ(スペイン風にんにくと玉子のスープ)またはオニオングラタンスープ(各+50円・税込55円)に変更可能。
※トッピングのとうもろこしは北海道産以外のものを使用している。
◆たらば蟹とハーブシュリンプのドリア
【単品価格】
1,199円(税込1,319円)
 
【+選べるアペタイザーセット(ドリンクバーつき)】
1,598円(税込1,758円)
 
ハーブを食べて育ったえび「ハーブシュリンプ」は、えび特有の臭みが少なく、ぷりっとした食感と豊かな風味が特徴。たらば蟹とともに、濃厚なアメリケーヌソースを合わせ、海の幸のドリアに仕立てた。
+399円(税込439円)で蟹3倍盛りにできる。
◆ハーブシュリンプのドリア
【単品価格】
1,099円(税込1,209円)
 
【+選べるアペタイザーセット(ドリンクバーつき)】
1,498円(税込1,648円)
 
ハーブを食べて育った豊かな風味が特徴のハーブシュリンプ、ほうれん草、チーズを組み合わせたドリア。

なお、「選べるアペタイザーセット」は、以下の7品から1品選べる。

・「冬限定 ちいさなカリフラワーのグリル」
旬の国産カリフラワーをオーブンで焼き上げた。ガーリックとレモンが香る醤油バターソースで味付けしている。
 
・「ちいさな焼きカレーパン」
米粉入りのパンに、スパイスが香るドライカレーを挟み、モッツァレラチーズをのせて焼き上げた。
 
・「カラマリフリット」
イカの揚げ物。
 
・「フライドポテト」
 
・「ジョナサンサラダ」
 
・「シャキシャキにんじんサラダ」
 
・「若鶏のから揚げ」
◆若姫牛のヒレステーキ(和風オニオンソースor醤油ガーリックソース)
【単品価格】
1,699円(税込1,869円)
 
【サラダ・ライス・ドリンクバーセット】
1,999円(税込2,199円)
 
柔らかく上質な赤身の旨みが楽しめる若姫牛のヒレステーキ。
◆若姫牛のヒレステーキ丼(味噌汁・惣菜つき)
【単品価格】
1,799円(税込1,979円)
 
【+おつまみカキフライorちいさなカリフラワーのグリル】
1,999円(税込2,199円)
 
上質な赤身の味をしっかり味わえる若姫牛のヒレステーキを、ごはんがすすむ醤油ガーリックの特製ソースで贅沢な丼に仕立てた。
◆スプーンで食べるジューシーハンバーグ
【単品価格】
909円(税込1,000円)
 
【+サラダ・ライス・ドリンクバーセット】
1,249円(税込1,374円)
 
合い挽きのハンバーグと具材を6層に重ね、スプーンで掘りながら食べるという新しい体験を提供するメニュー。キャセロール鍋にハンバーグを敷き詰め、ポテトサラダ、しめじ・インゲン、トマト&ミートソース、デミグラスソース、トマト・チーズの層を重ねてオーブンで焼き上げた。
食品産業新聞社",[],[]
人気の「今夜は まいたけバーガー」再登場/ “飛び出るほど”のまいたけ、てりやきソースを使用【ドムドムハンバーガー】（食品産業新聞社ニュースWEB）,https://news.yahoo.co.jp/articles/e8cf2e018275fe29b9431e6c3f73d933777c7cc9,https://newsatcl-pctr.c.yimg.jp/t/amd-img/20251210-00010014-ssnp-000-1-view.jpg?exp=10800,2025-12-10T15:13:36+09:00,2025-12-10T15:13:36+09:00,食品産業新聞社ニュースWEB,ssnp,食品産業新聞社ニュースWEB,942,"「今夜は まいたけバーガー」再登場
ハンバーガーチェーン「ドムドムハンバーガー」は、12月19日から「今夜は まいたけバーガー」を全国で販売する。単品の販売価格は税込950円。
【ほかの画像を見る】“驚異""のまいたけ200g、香りとシャキシャキ感「今夜は まいたけバーガー」、「まいたけナゲット」
2023年12月に発売した「今夜は まいたけバーガー」は好評を博し、翌2024年にも再販売。バンズから飛び出るほどまいたけをどっさり挟んだビジュアルとおいしさが人気で、再販売を希望する声が特に多い商品という。前年に続き、2025年も期間限定で販売する。
 
「今夜は まいたけバーガー」の名称は、「今夜はお寿司だ!・焼肉だ!」と楽しみになるほどの「ごちそう」のイメージから名付けたとしている。
 
また一部店舗では、刻んだまいたけを使った「まいたけナゲット」を販売する。こちらも期間限定商品として展開する。
 
商品概要は以下の通り。価格はいずれも税込で表記。
◆「今夜は まいたけバーガー」
肉厚な「雪国まいたけ」を200g使用。まいたけをさっと素揚げし、パティ、特製てりやきソースを組み合わせて仕上げた。ボリューミーなまいたけの深い香りとシャキシャキとした食感、まいたけ・ソース・パティの肉汁との絡みを楽しめるという。基本的にセット販売も行うが、「浅草花やしき店」と「市原ぞうの国店」は単品のみの提供となる。
 
【販売価格】単品:950円 / セット:1,350円
【販売店舗】全国の「ドムドムハンバーガー」
 
◆「まいたけナゲット」
サイドメニューとして提供する「雪国まいたけ」を刻んで成形したナゲット。サクッとした食感とまいたけの香りに加え、メンチカツのような、肉にも引けを取らないほどしっかりとした味わいと食感を感じられるという。ヘルシーかつ満足感も得られるナゲットとしている。販売店舗は以下の通り。
 
【販売価格】3ピース:320円
【販売店舗】
・東習志野店
・野田運河プラザ館店
・イオン海浜幕張店
・イオンスタイル赤羽店
・東大島店
・大泉学園店
・小平店
・金沢八景店
・上溝店
・千船駅店
・吹田店
・深井店
・湊川店
・姫路広畑店
・笹丘店
食品産業新聞社",[],[]
【1本55円】串カツ田中、新メニュー こってり濃厚「無限土手みそホルモン串」 さっぱり爽快「無限柚子ぽん酢ホルモン串」発売（食品産業新聞社ニュースWEB）,https://news.yahoo.co.jp/articles/89c6414d8bb5b3d1c2458eca078e4703550639b7,https://newsatcl-pctr.c.yimg.jp/t/amd-img/20251210-00010013-ssnp-000-1-view.jpg?exp=10800,2025-12-10T15:12:43+09:00,2025-12-10T15:12:43+09:00,食品産業新聞社ニュースWEB,ssnp,食品産業新聞社ニュースWEB,722,"串カツ田中「無限土手みそホルモン串」
串カツ田中は、2026年1月の年始の営業開始日から、新メニュー「無限土手みそホルモン串」と「無限柚子ぽん酢ホルモン串」を販売する。価格は各1本55円(税込)。
【画像6点を見る】串カツ田中　新メニュー「無限柚子ぽん酢ホルモン串」「無限土手みそホルモン串」、12月末まで販売中の「無限ニンニクホルモン串」など
12月末まで販売している人気メニュー「無限ニンニクホルモン串」(1本税込55円)を進化させた商品だという。やみつきになる味わいはそのままに、気分に合わせて選べる、対照的な2つの味わいを取りそろえる。
〈新“無限串”こってり味噌・さっぱり柚子ぽん酢の2種〉
「無限土手みそホルモン串」は、みその濃厚な甘みと出汁の旨味が特徴。定番商品「牛すじ土手」などで使用している特製土手みそと、看板メニュー「田中のかすうどん」に使用している特製出汁をブレンドした。甘みと塩味のバランスが良く、お酒が進む味わいだという。
 
「無限柚子ぽん酢ホルモン串」は、牛ホルモンの独特な歯ごたえと、柑橘の爽やかな酸味を楽しめる。柚子ぽん酢に串カツ田中の特製出汁を合わせ、ピリッと辛いもみじおろしを加えた。さっぱり・すっきりとした後味で、アルコールやソフトドリンクとの相性も良いという。
〈初代「無限ニンニクホルモン串」は年内まで〉
また、販売から半年で1000万本を突破した「無限ニンニクホルモン串」は、2025年12月末までの販売となっている。
 
串カツ田中は、「ガツンとくるニンニクの味わいを堪能できるのも残りわずかです。新商品へのバトンタッチの前に、ぜひこちらの“食べ納め”もお忘れなく!」としている。
食品産業新聞社",[],[]
【なか卯】「鴨そば」12月17日から/鴨の旨みと風味を味わう年越しそば（食品産業新聞社ニュースWEB）,https://news.yahoo.co.jp/articles/619a87468bdfe4446e344f2644eccec55280fa16,https://newsatcl-pctr.c.yimg.jp/t/amd-img/20251210-00010012-ssnp-000-1-view.jpg?exp=10800,2025-12-10T14:59:15+09:00,2025-12-10T14:59:15+09:00,食品産業新聞社ニュースWEB,ssnp,食品産業新聞社ニュースWEB,426,"なか卯「鴨そば」
丼ぶりと京風うどんのチェーン「なか卯」は、12月17日(水)11:00より、年越しの時期の定番商品「鴨そば」を販売する。
【画像を見る】「鴨そば」、「鴨うどん」の商品画像を見る
「鴨そば」は、鴨肉を使った3種類のトッピングと、鴨のコクと旨みが溶け込んだつゆで、鴨の味わいを存分に堪能できる一品。むね肉、もも肉、肉団子に加え、青ねぎとおあげを添え、具沢山な仕立てとなっている。柚子の爽やかな風味が鴨の旨みを引き立て、寒い季節にぴったりのそばに仕上げた。
 
同時に「鴨うどん」も販売する。そば・うどんはいずれも持ち帰り可能で、麺とつゆを別盛りにしており、電子レンジで温めて食べられる。
〈「鴨そば」・「鴨うどん」価格一覧(すべて税込)〉
◆「鴨そば」
 
並:760円
 
大:880円
 
◆「鴨うどん」
 
並:640円
 
大:740円
 
※一部店舗は価格が異なる
 
※445店舗で販売予定(12月10日時点)
食品産業新聞社",[],[]
イチゴイチゴイチゴ…“イチゴ尽くし”のスイーツビュッフェ「ストロベリーにメロメロ」開催（食品産業新聞社ニュースWEB）,https://news.yahoo.co.jp/articles/10db6ba3a8bc45ace47dd760cb52f95c7fbcdb48,https://newsatcl-pctr.c.yimg.jp/t/amd-img/20251210-00010011-ssnp-000-1-view.jpg?exp=10800,2025-12-10T13:46:28+09:00,2025-12-10T13:46:28+09:00,食品産業新聞社ニュースWEB,ssnp,食品産業新聞社ニュースWEB,2433,"イチゴ尽くしのスイーツビュッフェ「ストロベリーにメロメロ」を開催
ヒルトン京都は、2026年1月16日（金）から 5月6日（水）までの期間限定で、館内1階のオールデイダイニング「Téori（テオリ）」にて、スイーツビュッフェ「ストロベリーにメロメロ ～Strawberry Addict～」を開催する。
【写真】右を見ても左を見ても「イチゴ尽くし」、スイーツビュッフェのメニューを見る
前回大好評を博したストロベリービュッフェが復活。京都府八幡市「おさぜん農園」から届く京都産いちごを惜しみなく使用。定番のショートケーキやタルトはもちろん、フランス人エグゼクティブペストリーシェフ「ボナフス・ギオム」率いるパティシエチームが創り出すオリジナルスイーツがビュッフェラインに並ぶ。さらにライブキッチンでは、ゴーフルやフレンチトーストを目の前で仕上げる演出もあるという。さらに、イチゴを使用したセイボリーもラインアップ。
〈ストロベリースイーツビュッフェ 「ストロベリーにメロメロ ～Strawberry Addict～」〉
・期間
2026年1月16日（金）～5月6日（水）
※2026年1月16日（金）～31日（土）は金・土・日曜日のみ、2月1日（日）～5月6日（水）は毎日開催

・時間
15:00～16:30 (L.O.)

・場所
オールデイダイニング「テオリ」（ホテル1階）

・料金
大人 5,800円／6～11歳 2,900円／5歳以下 無料
※要予約 ※税・サービス料込み

・予約受付
ホテル公式サイトまたはホテル代表電話にて
〈メニュー例〉
【ウェルカムボックス】
フレッシュイチゴからストロベリースイーツビュッフェはスタート。みずみずしい甘さがビュッフェの始まりを演出。フレッシュクリームとイチゴソースを添えて食べることもできる。

【ライブステーション】
・ゴーフル マスカルポーネのエスプーマとイチゴのコンポートとともに
香ばしく焼いたゴーフルに、桜とイチゴの香りをまとったマスカルポーネのエスプーマを添えた一品。イチゴのコンポートとともに、贅沢な味わいが楽しめる。

・フレンチトースト アップルフランべ、ストロベリーソルベを添えて
ふんわりと焼き上げたフレンチトースト。芳醇な香りをまとったアップルフランベと、爽やかなストロベリーソルベを添えているのがポイント。

【スイーツ】
・イチゴとライチのシャルロット
贅沢にトッピングした京都産イチゴが魅力。アーモンドフィナンシェの上にストロベリー、ライチ、ローズゼリーをのせ、爽やかなストロベリームースで包んでいる。

・ストロベリーメリーゴーランド
ビスキュイジョコンドに柚子クリームとピンクグレープフルーツムースをのせ、京都産イチゴを贅沢にあしらった一品。

・ローズ
バラをイメージした華やかなスフレチーズケーキ。

・メロメロロングケーキ
ハートをあしらったビジュアルが印象的。マドレーヌビスキュイにフォレストベリーゼリーと抹茶ババロアを合わせたケーキ。

・フレッシュストロベリータルト
みずみずしい京都産イチゴをたっぷりと飾った華やかなタルト。サクサクのタルト生地に濃厚なバニラカスタードクリームを重ねた一品。

・メロメロボール
エレガントな輝きと、美しいフォルムが魅力のストロベリー・マスカルポーネ・ディライト。

・イチゴと紫蘇のゼリー
紫蘇ゼリーに甘いイチゴのコンポートを組み合わせたゼリー。

・フレジエ
フランスを代表するイチゴのケーキ「フレジエ」。ふんわりとしたスポンジにイチゴと濃厚なムースリーヌをたっぷりサンド。

・ロゼスパークリングワインとストロベリーキューブゼリー
ロゼスパークリングワインの上品な風味とイチゴの甘さが口の中で広がる一品。華やかなロゼスパークリングワインの香りと、みずみずしいイチゴを閉じ込めたキューブ型のゼリー。
※洋酒を使用。アルコールのため、妊娠・授乳期、運転時、子どもやアルコール苦手な人は注意

・ミニパウンドケーキ
バターをたっぷり使用したパウンドケーキを口に入れると豊かな香りが広がる。みかんのパウンドケーキにバニラクリームとフレッシュイチゴをトッピングしているのがポイント。

・チョコレート・ベリータルト
ベリーチョコレートガナッシュにブラックベリーとストロベリーコンポートをトッピング。

・バタフライストロベリームース
ストロベリームースに繊細で甘酸っぱいミラベルゼリーを合わせた一品。

【セイボリー】
ストロベリーとブッラータチーズ バジルオイル / 生ハム、リコッタチーズ、ストロベリーのクロスティーニ / ストロベリーガスパッチョ / ミニストロベリーチキンスライダー / ストロベリーピンクカレー
〈予約〉
オールデイダイニング「Téori（テオリ）」

「Téori」は、朝から夜まで一日のリズムと調和したメニューを提供するオールデイダイニング。オープンキッチンを中心とした活気のある店内は全120席。ランチ及びディナービュッフェでは、国際色豊かなメニューに、京都のエッセンスを取り入れた独創的なメニューを提供しているという。
〈店舗概要〉
名称：Téori ｜日本語表記 テオリ
場所：1階
席数：120席（うち、プライベートルーム2室 各8名席）
営業時間：朝食ビュッフェ 7:00-10:00、アラカルト 11:30-21:30（21:00 L.O.）、ランチ 11:30-14:30（14:00 L.O.）、ティータイム 15:00-16:30 (L.O.)、ディナー 17:30-21:30（21:00 L.O.）

※表示の料金は、全て税金・サービス料込み
※メニューは仕入れの状況などによって、予告なく変更となる場合がある
※一部メニューは日替わりで用意。内容が異なる場合もある
食品産業新聞社",[],[]
【タンメン トナリ】冬季限定の人気メニュー「味噌バターコーンタンメン」今年も登場/ 12月10日から（食品産業新聞社ニュースWEB）,https://news.yahoo.co.jp/articles/d9ec251442aca4e8c5ba602c0d6cdefb42870b9c,https://newsatcl-pctr.c.yimg.jp/t/amd-img/20251210-00010010-ssnp-000-1-view.jpg?exp=10800,2025-12-10T13:40:13+09:00,2025-12-10T13:40:13+09:00,食品産業新聞社ニュースWEB,ssnp,食品産業新聞社ニュースWEB,1061,"「味噌バターコーンタンメン」登場 (画像は「タンメン」と餃子のセット)
株式会社松富士食品が展開しているタンメン専門店「タンメン トナリ」は、12月10日から冬季限定メニュー「味噌バターコーンタンメン」の販売を全店で開始した。
【商品画像を見る】冬季限定・濃厚味噌にバターのまろやかさ「味噌バターコーンタンメン」
濃厚な味噌スープのタンメンにコーンとバターを組み合わせたもの。「冬の風物詩」として好評を得ており、2025年も期間限定で販売するという。価格は税込990円。
 
「タンメン トナリ」は、松富士食品が手がけるつけめん専門店「六厘舎」大崎本店(現在は閉店)の隣の区画で、タンメン専門店として開業。東京と千葉で6店舗を展開している(2025年12月10日時点)。
 
看板商品の「タンメン」は、塩豚骨スープと極太平打ち麺、8種類の野菜を使用。1杯に360gの野菜を使っているのが特徴で、厚生労働省が推奨する“成人1日あたりの野菜摂取量 350g以上”を食べられる商品と位置付けている。
 
単品での提供に加え、タンメンと餃子やから揚げなどを組み合わせたセットも提供。今回の「味噌バターコーンタンメン」でもセットメニューを販売する。
◆「味噌バターコーンタンメン」
トナリの特徴であるたっぷり野菜を短時間で炒め、濃厚な味噌スープと麺を合わせたもの。コーンとバターを“贅沢に”トッピングして仕上げた。濃厚味噌のうま味にバターのまろやかさが重なり、コーンの甘みがふっと広がる、冬におすすめの1杯としている。
 
コーンとバターのトッピングは追加可能。餃子をセットした「タンギョウ」、から揚げを組み合わせた「タンカラ」、麻婆豆腐丼を合わせた「タンマボ」も販売する。

また「市原五井店」と「酒々井店」のみ、チャーハンをセットした「タンチャー」を提供するとしている。

【販売価格】
単品: 税込990円
トッピング: コーン/バター いずれも+80円
セット:「タンギョウ」+290円/「タンカラ」+250円/「タンマボ」+250円/「タンチャー」+250円
 
【販売店舗】
トナリ東陽町: 東京都江東区東陽3-24-1TK壱番館1F
トナリ丸の内: 東京都千代田区丸の内2-7-3TOKIAビルB1F
トナリ西葛西: 東京都江戸川区西葛西6-15-18
トナリ稲毛山王: 千葉県千葉市稲毛区山王町150-7
トナリ市原五井: 千葉県市原市五井金杉1-5
トナリ酒々井: 千葉県印旛郡酒々井町馬橋59-1
食品産業新聞社",[],[]
"【春水堂の福袋】ドリンクチケット5枚と選べる茶葉ティーバック5包がセットで2,700円【オンライン・数量限定】（食品産業新聞社ニュースWEB）",https://news.yahoo.co.jp/articles/d2f7063d75de38f0c52df61c5cbb20208968fc5b,https://newsatcl-pctr.c.yimg.jp/t/amd-img/20251210-00010009-ssnp-000-1-view.jpg?exp=10800,2025-12-10T13:21:30+09:00,2025-12-10T13:21:30+09:00,食品産業新聞社ニュースWEB,ssnp,食品産業新聞社ニュースWEB,645,"春水堂の福袋
台湾カフェ「春水堂(チュンスイタン)」を運営するオアシスティーラウンジは、12月10日午前10時から、『新春お茶初め福袋 2026』をオンライン販売サイト「BASE」で販売している。
全国の春水堂で利用できるドリンクチケット5枚と、茶葉ティーバッグ5包のセットで、価格は税込2,700円。
【福袋の中身を見る】全ドリンクに使用できるドリンクチケット、東方美人・阿里山清香・阿里山紅茶から選べる茶葉ティーバックがセットに
◆『新春お茶初め福袋 2026』:税込2,700円
【セット内容】
〈1〉ドリンクチケット5枚
春水堂全店舗で利用でき、全てのドリンクが対象。有効期限は、2026年3月31日まで。その他クーポンと併用できる。セットメニューでの利用はできない。
 
〈2〉選べる茶葉ティーバック
東方美人5包・阿里山清香5包・阿里山紅茶5包の中から1種類。
 
【販売期間】
2025年12月10日 午前10時～
※売り切れ次第終了
 
【発送日】
2026年1月5日から順次発送
〈春水堂(チュンスイタン)とは〉
台湾・台中で1983年に創業した台湾カフェ。時代に合わせた革新的なお茶の飲み方を開発する中、伝統のホットティーをアイススイートティーとして広く定着させたほか、台湾ローカルスイーツの「タピオカミルクティー」発祥の店として、台湾全土で60店舗以上を展開する。
2013年に東京・代官山へ日本初出店し、現在は東京、大阪、福岡など全国に展開している。
食品産業新聞社",[],[]
【茅乃舎】数量限定「めでた缶」華やかなキャニスター缶に 人気だしスープ全5種を詰め合わせ（食品産業新聞社ニュースWEB）,https://news.yahoo.co.jp/articles/2f727bb1e7f9328b77b3fd74c442884550a948e6,https://newsatcl-pctr.c.yimg.jp/t/amd-img/20251210-00010008-ssnp-000-1-view.jpg?exp=10800,2025-12-10T12:48:33+09:00,2025-12-10T12:48:33+09:00,食品産業新聞社ニュースWEB,ssnp,食品産業新聞社ニュースWEB,857,"茅乃舎「めでた缶」
「茅乃舎(かやのや)だし」など和風調味料を販売する久原本家は2026年1月1日から、店頭販売限定で「めでた缶」(税込3,240円)を発売する。
【画像6点を見る】茅乃舎「初春招福だし5種ギフト」「茅乃舎だし御年賀贈答箱2026」「心ばかり御年賀」「新春限定だしスープセット」「年越しそば(1人前)」など
「めでた缶」は2026年の干支である「午(うま)」など、縁起の良いモチーフをあしらったキャニスター缶に、人気のだしスープ全5種が入ったセット。
〈店舗限定「めでた缶」セット内容〉
●和風・洋風・中華風だしスープ 各5本
●和風だしスープ梅 3本
●和風だしスープ抹茶 2本
●キャニスター缶 1個
 
「めでた缶」のキャニスター缶は、中身のスープがなくなったら保存容器としても使える。2026年の干支「午(うま)」や松竹梅などのモチーフを描いた華やかなデザインで、自宅用はもちろん、カジュアルなお年賀ギフトとしてもおすすめだという。
〈WEB・店舗で販売する「初春招福だし5種ギフト」も〉
なお、年末年始に向けた商品として「初春招福だし5種ギフト」(税込3,456円)も展開。通販・WEBは12月1日から販売しており、茅乃舎店舗では12月22日から販売する。
 
「初春招福だし5種ギフト」は、午(うま)をモチーフにした化粧箱に、5種類のだしが入っている。
 
【初春招福だし5種ギフト 内容】
・茅乃舎だし(8g×5袋)
・煮干しだし(8g×5袋)
・野菜だし(8g×5袋)
・めで鯛だし(8g×5袋)
・昆布だし(6g×5袋)
 
そのほか、年末年始に向け、さまざまなギフト商品などを取りそろえる。みんなで楽しめる「福笑い」が付属する「茅乃舎だし御年賀贈答箱2026」1,890円、だし3種の詰め合わせ「心ばかり御年賀」1,566円、梅の木を描いた華やかなパッケージの「新春限定だしスープセット」1,296円、だしを味わう「年越しそば(1人前)」712円(各税込)など。
食品産業新聞社",[],[]
沖縄ステーキ協会が11月29日(いい肉の日)を「沖縄ステーキの日」に制定/“沖縄ステーキ”文化の普及促進、さらなる消費拡大を目指す（食品産業新聞社ニュースWEB）,https://news.yahoo.co.jp/articles/b254e02a2078593cef835aad974745043769b425,https://newsatcl-pctr.c.yimg.jp/t/amd-img/20251210-00010007-ssnp-000-1-view.jpg?exp=10800,2025-12-10T12:45:49+09:00,2025-12-10T12:45:49+09:00,食品産業新聞社ニュースWEB,ssnp,食品産業新聞社ニュースWEB,854,"11月29日を「沖縄ステーキの日」とすることを宣言
沖縄ステーキ協会(仲本貴博会長・ステージングアップ沖縄社長)は、11月29日(いい肉の日)を「沖縄ステーキの日」に制定すると発表した。
【画像を見る】「B1プレミアムソース」の商品画像を見る
同日、那覇市松山のジャンボステーキHAN'S松山店で記者会見を開き、沖縄県の観光資源・食文化として根付く“沖縄ステーキ”の普及促進を目的に、11月29日を「沖縄ステーキの日」とすることを宣言した。

今後、さらなる消費拡大を目指した企画やキャンペーン、イベントなどを行っていく。また、会見では、沖縄を代表するスポーツアイコンである元琉球ゴールデンキングスの金城茂之氏(写真右から2番目)が同協会アンバサダーに就任することも報告された。
金城氏はこれから、アンバサダーとして全国で開催されるイベントなどで「沖縄ステーキ」をPRするほか、コラボ企画なども展開する予定という。

仲本会長(同左から2番目)は今回の制定について、「『沖縄ステーキの日』を制定することで、沖縄のステーキ文化が国内外にもっと認知され、沖縄といえばステーキと一番に思い浮かべてもらえるように盛り上げていきたい」とコメントしている。
〈「B1プレミアムソース」の販売を開始、沖縄県内のスーパーなどで〉
さらに、「いい肉の日」(11月29日)に合わせて、同協会が開発した「B1プレミアムソース」の販売を開始した。沖縄県内のスーパー(ユニオン、かねひで、ドン・キホーテ)に加え、那覇空港(国内線2階)のギフトショップかんなで購入できる。販売価格は税抜き780円。
同ソースは、ステーキのたれとして沖縄県を中心に広く親しまれてきた「A1ソース」が2024年に販売休止となったことを受け、同協会の加盟店が総力を挙げ、A1ソースの再現性に徹底的にこだわり、約1年の歳月をかけて開発したもの。「A1ソース」を彷彿とさせながらも、軽い舌ざわりで幅広い世代の人に親しんでもらえる味わいを目指した。
食品産業新聞社",[],[]
【食用油の市場動向】各種コスト上昇/オイルバリュー50%超えの異常事態、下期は価格改定に注力（食品産業新聞社ニュースWEB）,https://news.yahoo.co.jp/articles/ce284a15db4c1d2b22706931faac1799b2779fa4,https://newsatcl-pctr.c.yimg.jp/t/amd-img/20251210-00010006-ssnp-000-3-view.jpg?exp=10800,2025-12-10T12:20:06+09:00,2025-12-10T12:35:27+09:00,食品産業新聞社ニュースWEB,ssnp,食品産業新聞社ニュースWEB,1276,"食用油売場
物流費をはじめとした各種コスト上昇に加え、為替の円安傾向も続く中、オイルバリューは一時50%を超えた。「オイルバリュー」「ミールバリュー」とは、大豆を搾油した時に得られる油と大豆かすの相対的な価値比率を指す業界用語だ。
オイルバリューの上昇は、裏返せばミールバリュー低下を意味する。製油メーカー役員への取材では、「かつてミールバリューが50%を下回ったのは記憶にない」と話し、異常事態であることを物語る。

もちろん企業努力だけで吸収できるはずもなく、昨年10月から今年の4～5月、9月と製油メーカー各社は3回の価格改定を行ったが、まだ道半ばという声が多く聞かれる。下期は必要な改定幅までの価格改定の完遂に注力する方針を各社とも掲げている。
 
家庭用は汎用油の物量減と金額減のダブルパンチで危機感が募る中、キャノーラ油の3分の2を占めるようになったこめ油や価格上昇が落ち着いたオリーブ油の販売強化に取り組み、業務用では引き続き、付加価値品の提案を進めるもようだ。
 
物流費やエネルギー費などのユーティリティーコストや人件費の上昇が製油メーカー各社のコストを圧迫している。これらは全産業の共通課題で、今後も上がることはあっても下がる可能性は低い。世界的な食用油の需要増やエネルギー需要との競合はここ数年の流れだが、今年6月に国環境保護庁(EPA)がバイオ燃料の混合比率の引き上げ計画を発表したことで、オイルバリューの上昇、ミールバリューの低下が一層進んだ。国際相場に左右されるミールの販売価格低下による油脂コストの上昇なども加わり、上期(4～9月)の各社の油脂事業の営業利益は大幅減益を余儀なくされた。
 
価格改定の進捗について各社は、「想定よりもはるかに難航した」、「段階的に留まり、改めて価格形成の難しさを痛感した半年だった」、「ある程度の理解は得られたものの、要求水準まで改定できたとは言い難い」としており、引き続き粘り強く交渉し、最優先課題として必要な改定幅までの理解を得ることに努めている。
〈家庭用食用油の金額は3.4%減の886億円、こめ油はキャノーラ油の3分の2まで成長〉
日清オイリオグループによると、家庭用食用油の4～9月の市場動向は、金額は前年同期比3.4%減の886億円、物量は4.7%減の13万tと、ともに減少した。金額では、汎用油は10.8%減と2ケタ減だった。付加価値型のごま油は2.9%減、オリーブ油は8.2%増、サプリ的オイルは昨年好調の反動もあり17.6%減(前々年同期比13%増)となった。こめ油は5.7%増の91億円となり、キャノーラ油(138億円)の3分の2のボリュームまで成長している。
 
汎用油は物量でも7.9%減と落ち込んでいるが、オリーブ油は物量も7.3%増と、主産地スペインの生産量回復もあり市場回復の兆しがある。
 
ごま油は物量でも4%減とマイナスだが、引き続きオリーブ油に次ぐ金額でナンバー2の位置を維持している。

〈大豆油糧日報　2025年12月10日付〉
食品産業新聞社",[],[]
「紅虎餃子房」30周年記念の福袋、同額クーポンに餃子皿・バッグ付き（食品産業新聞社ニュースWEB）,https://news.yahoo.co.jp/articles/4faf93ef79e6cea26143be345b1a6983edfcee56,https://newsatcl-pctr.c.yimg.jp/t/amd-img/20251210-00010005-ssnp-000-1-view.jpg?exp=10800,2025-12-10T11:51:48+09:00,2025-12-10T11:51:48+09:00,食品産業新聞社ニュースWEB,ssnp,食品産業新聞社ニュースWEB,839,"「ベニーズ福袋」紅虎餃子房 30周年記念楕円皿
中国料理店「紅虎餃子房」は12月20日から、30周年を記念した「ベニーズ福袋」(3,000円)の事前予約を開始する。
【画像6点はこちら】紅虎餃子房『ベニーズ福袋』に入っている「紅虎オリジナルエコバッグ」、1号店の八王子山田店(現存せず）、紅虎餃子房 販売メニュー一例　など
福袋には、店舗で使える3,000円分の食事券と、「紅虎餃子房」30周年を記念したデザインのバッグ・餃子皿が入っている。事前予約は、店頭・電話で受け付ける。
 
福袋の販売は、2026年年始から順次開始する(年始の営業日は店舗によって異なる)。各店舗限定数で販売し、なくなり次第終了となる。
〈「ベニーズ福袋」セット内容〉
〈1〉食事券3,000円分(1,000円×3枚)
〈2〉紅虎餃子房 30周年記念楕円皿
〈3〉紅虎オリジナルエコバッグ
 
◆食事券3,000円分
一部店舗を除く全国の「紅虎餃子房」で使える食事券(1,000円分×3枚)。当日から1会計につき1枚まで利用できる。有効期限は2026年5月末まで。
 
◆紅虎餃子房 30周年記念楕円皿
店舗でも餃子皿として使われている丈夫な皿。「紅虎餃子房」のシンボルでもある“赤い虎”を描いた、30周年記念限定のデザイン。
 
◆紅虎オリジナルエコバッグ
30周年限定デザインのバッグ。2色展開で、赤と白がランダムに入っている。
〈「紅虎餃子房」は1996年創業〉
紅虎餃子房は、中国の庶民的な料理を、多くの人に気取らずに食べてもらいたいという思いで1996年に開業した。日本で進化していった優しい味わいの中華とは異なる、本場の味わいにこだわった。一方で、独創的な料理の創作にも力を入れたという。創業時から人気メニューは、鉄鍋棒餃子、黒胡麻担々麺など。
 
紅虎餃子房を展開する際コーポレーションは、現在全国82店舗(紅虎軒、紅虎菜舗、紅虎厨房、紅虎餃子茶寮を含む)を展開している。
食品産業新聞社",[],[]
【たん助 福袋2026】公式通販サイトで販売/ 最大“約60%OFF” 厚切り牛タンや牛たんシチューなどセット【焼肉 一心たん助】（食品産業新聞社ニュースWEB）,https://news.yahoo.co.jp/articles/063d6245a0bd8ee428ec33eea7d66234cf2b2a8c,https://newsatcl-pctr.c.yimg.jp/t/amd-img/20251210-00010004-ssnp-000-2-view.jpg?exp=10800,2025-12-10T11:51:39+09:00,2025-12-10T11:55:21+09:00,食品産業新聞社ニュースWEB,ssnp,食品産業新聞社ニュースWEB,1622,"「焼肉 一心たん助」福袋2026を販売
牛タン専門店「焼肉 一心たん助」は2025年12月9日、公式通販サイトで仙台仕込み牛タンを中心とした「福袋2026」の販売を開始した。
【福袋の中身を見る】仙台仕込みの牛タンなどを詰め合わせた「たん助福袋2026」、通常の約50%OFF『得』・約60％OFF『豪華』
2026年の福袋は、定番の牛タン8mmや厚切りカットの牛タン、シチューやハンバーグなどを組み合わせた全2種を展開。

総量2,160gの「たん助『得』福袋2026」(税込17,600円、通常の約50%OFF)と、商品構成は『得』と同じで2倍以上の総量5,280gが入った「たん助『豪華』福袋2026」(税込35,200円、約60%OFF)を販売している。また、2025年12月に発売した新商品「柚子塩仙台仕込み牛タン」を福袋特典として無料で提供する。セット商品はいずれも冷凍品。
 
販売期間は、2026年1月5日までを予定。いずれも数量限定で販売し、なくなり次第終了となる。商品概要は以下の通り。価格はいずれも税込で表記。
〈たん助「福袋2026」概要〉
公式通販で人気の仙台仕込み牛タンのセットをベースに、厚切り牛たんシチューや牛タン生ハンバーグなど4品を追加して詰め合わせた。購入者への商品発送は、12月10日から順次行う予定。
 
【販売期間】2025年12月9日(火)～2026年1月5日(月)
【商品発送期間】
年内発送:2025年12月10日(水)～12月26日(金) 
年明け発送:2026年1月7日(水)～1月19日(月)
 
◆「たん助『得』福袋2026」(総量2,160g)

価格: 17,600円(通常35,200円相当 / 約50%OFF)
販売数: 300セット限定
 
【セット内容】(全11点)
・仙台仕込み牛タン8mm 塩(180g)
・仙台仕込み牛タン8mm 仙台味噌(180g)
・仙台仕込み牛タン8mm レモンペッパー(180g)
・仙台仕込み牛タン8mm 生にんにく(180g)
・厚切り仙台仕込み牛タン15mm(300g)
・極厚仙台牛タン20mm 霜たん(300g)
・牛とろホルモン 高砂長寿味噌 (140g)
・牛タン生ハンバーグ(180g)
・まるで生!牛タン刺し(100g)
・ゴロっと!厚切り牛たんシチュー(240g)
[特典(無料)]柚子塩仙台仕込み牛タン(180g)
 
◆「たん助『豪華』福袋2026」(総量5,280g)
 
価格: 35,200円(通常89,500円相当 / 約60%OFF)
販売数: 250セット限定
 
【セット内容】(全26点)
・仙台仕込み牛タン8mm 塩(180g×2)
・仙台仕込み牛タン8mm 仙台味噌(180g×2)
・仙台仕込み牛タン8mm レモンペッパー(180g×3)
・仙台仕込み牛タン8mm 生にんにく(180g×3)
・厚切り仙台仕込み牛タン15mm(300g×3)
・極厚仙台牛タン20mm 霜たん(300g×3)
・牛とろホルモン 高砂長寿味噌 (140g×2)
・牛タン生ハンバーグ(180g×2)
・まるで生!牛タン刺し(100g×2)
・ゴロっと!厚切り牛たんシチュー(240g×2)
[特典(無料)]柚子塩仙台仕込み牛タン(180g×2)
〈「焼肉 一心たん助」について〉
2013年に東京・上野で創業し、牛タンをメインとした食べ放題メニューを提供している焼肉店。都内で5店舗を展開（2025年12月10日時点）。厚切りでジューシーな牛タンを提供するため、仙台仕込みの伝統製法を用いながら素材と調理方法にこだわっているという。2024年6月の「目黒店」出店に続き、2025年3月には、「上野御徒町アメ横店」をオープンした。福袋の販売は年末の恒例企画として実施しており、2025年で4回目となる。
食品産業新聞社",[],[]
日清食品×アパホテルコラボ「アパ社長カレーメシ」発売（食品産業新聞社ニュースWEB）,https://news.yahoo.co.jp/articles/ed1e2aae2e4ee615e3e158dc2325031be24218a1,https://newsatcl-pctr.c.yimg.jp/t/amd-img/20251210-00010003-ssnp-000-2-view.jpg?exp=10800,2025-12-10T11:42:49+09:00,2025-12-10T11:44:23+09:00,食品産業新聞社ニュースWEB,ssnp,食品産業新聞社ニュースWEB,925,"写真は左からアパホテルの元谷択専務、元谷芙美子社長、日清食品マーケティング部の中村圭佑ブランドマネージャー、日清食品ホールディングス食品開発部野村悠登氏
日清食品はアパホテルとコラボし、15日から全国で「アパ社長カレー」を再現した「アパ社長カレーメシ 本格派ビーフカレー風」を発売する。価格は希望小売価格で348円（税別）。
【画像を見る】「アパ社長カレーメシ」の商品画像を見る
「アパ社長カレー」はアパホテルの元谷択専務がプロデュースしたこだわりの本格派ビーフカレーで、アパグループ発祥の石川県で親しまれている金沢カレーをイメージしている。2021年に販売開始10周年を迎え、2025年3月には累計販売数が1,300万食に達した。もともとの販売個数目標は1万食だったという。
 
2011年4月に販売を開始した際は東日本大震災の直後だったこともあり、被災地に3,000食の寄付をした。今回はアパホテル監修のもと、このアパ社長カレーの味を日清のカップメシで再現した。
〈「アパ社長カレーメシ」の特徴〉
同商品はオリジナルスパイスとまろやかなソースを贅沢に使い、じっくり煮込んだ牛肉と野菜の自然な甘みを引き出した本格派ビーフカレーのカップメシ。ライスは熱湯5分の簡単調理でも湯戻りの良いふっくらとした食感のご飯で、ルゥは牛肉と野菜の甘みやうまみをベースにスパイスをきかせた黒くて濃厚なものとなっている。具材は味付牛ミンチ、キャベツ、玉ねぎなどが使用されている。
 
日清食品の開発部によると、再現の際にこだわった部分は〈1〉スパイス感の工夫〈2〉濃厚なビーフの風味〈3〉ソースの味わいの3点。焙煎工程でスパイスと野菜を一緒に炒めることで自然な甘みと深みのある味わいになったという。
 
今回のコラボは、日清食品がアパホテルに宿泊する顧客向けにカレーメシのサンプリングを置かせてもらいたいと相談した縁から始まった。25年の1月ごろから企画が始まり、味だけにとどまらずパッケージ等もアパホテルが監修した。
 
同商品は個数限定で販売され、店頭からなくなり次第終了となる予定。若者向けにメディアプロモーションとしてCMを打つ予定もあるという。
食品産業新聞社",[],[]
【麺大盛り無料】資さんうどん、2週間限定・温かいうどんを対象に一部店舗で開催（食品産業新聞社ニュースWEB）,https://news.yahoo.co.jp/articles/0d6551e8a634d8fb9de3de37a92de22526c357b6,https://newsatcl-pctr.c.yimg.jp/t/amd-img/20251210-00010002-ssnp-000-1-view.jpg?exp=10800,2025-12-10T10:45:59+09:00,2025-12-10T10:45:59+09:00,食品産業新聞社ニュースWEB,ssnp,食品産業新聞社ニュースWEB,897,"資さんうどん「かけ」
うどんチェーン「資さんうどん」は12月11日から、一部店舗で『温うどん大盛無料キャンペーン』を開催する。
【画像6点を見る】資さんうどん　人気No.1メニュー「肉ごぼ天」、定番人気「ぼた餅」「カツとじ丼」「カツカレー」「焼きうどん」など
温かいうどん各種を対象に、通常は+税込130円～の麺大盛(1.5玉)が無料となる。開催期間は2週間限定で、12月24日の店舗営業終了時間まで。店内飲食のみ対象。テイクアウト・デリバリーは対象外。
 
対象商品は、人気No.1メニュー「肉ごぼ天」、北九州名物「かしわごぼ天」、「かけうどん」など温うどん各種。
 
以下のメニューは、『温うどん大盛無料キャンペーン』の対象外。
 
【対象外メニュー】
・あったかぶっかけうどん各種
・冷たいうどん各種
・ミニうどん
・資さんしあわせセット
・鍋うどん各種
・焼うどん各種
・おこさまうどん(セット含む)
・そば各種
・細めん各種
・うどん定食各種(朝定食)
・持ち帰り商品
〈『温うどん大盛無料キャンペーン』開催店舗〉
◆福岡県
・一枝店
・湯川店
・徳吉店
・鞘ヶ谷店
・幸神店
・町上津役店
・陣山店
・苅田店
・行橋店
・宗像店
・志免町店
・南里店
・野芥店
・伊都店
・和白店
・春日白水店
 
◆山口県
・綾羅木店
・新下関店
 
◆佐賀県
・佐賀開成店
・唐津店
〈92店舗を展開する「資さんうどん」〉
資さんうどんは、1976年に創業したうどんチェーン。現在は、北九州市を中心に九州全7県、山口県、岡山県、大阪府、兵庫県、広島県、千葉県、東京都、埼玉県、神奈川県、群馬県の1都1府15県で92店舗を展開している。うどんや丼を中心に取りそろえ、とろろ昆布と天かすが入れ放題で楽しめる。店内には、テーブル席、カウンター席とさまざまな種類の座席があり、ひとり客から家族連れまで、幅広く利用されている。
 
100種類以上のメニューのなかで、不動の人気No.1を誇るのは「肉ごぼ天うどん」。歯ごたえの良いごぼ天と、旨味あふれる肉のコンビネーションを楽しめるという。
食品産業新聞社",[],[]
牛カツ専門店で冬季限定「牛カツと帆立カツ膳」販売（食品産業新聞社ニュースWEB）,https://news.yahoo.co.jp/articles/fc4bafffd40cc270c87958cd55e8dc914c341ea5,https://newsatcl-pctr.c.yimg.jp/t/amd-img/20251210-00010001-ssnp-000-1-view.jpg?exp=10800,2025-12-10T10:21:57+09:00,2025-12-10T10:21:57+09:00,食品産業新聞社ニュースWEB,ssnp,食品産業新聞社ニュースWEB,910,"冬季限定「牛カツと帆立カツ膳」
株式会社京都勝牛が展開する牛カツ専門店「牛カツ京都勝牛」は、シーズナルメニューとして人気の“牛と海鮮の相盛り膳”シリーズから、「牛カツと帆立（ほたて）カツ膳」を2025年12月9日（火）より販売する。※冬季限定商品、文中の価格は全て税込表記
【写真】量が足りない人は「追い帆立カツ」もできる、画像でじっくり見る
北海道産のホタテ貝を丸ごと使用し、高温で揚げることでふっくら柔らかな食感に仕上げた一品。クリームソースは、優しい味わいが特徴。さらに、トリュフと黒胡椒の風味が重なり、帆立本来の上品な甘みがより一層引き立っている。他にも、わさびと出汁醤油、山椒塩、レモンなどと組み合わせるのもおすすめだという。
〈商品概要〉
■商品名
・牛サーロインカツと帆立カツ膳　1,859円

・追い帆立カツ　759円

※一部店舗では販売価格が異なる

■販売期間
2025年12月9日(火)～2026年2月中旬(以降なくなり次第終了)
※販売状況により終了時期が店舗ごとに異なる場合がある

■販売店舗
全国の「牛カツ京都勝牛」「牛カツと和定食 京都勝牛」店舗にて
※対象外店舗あり（成田国際空港JAPAN FOOD HALL店/東京ドーム店/みずほPayPayドーム福岡店）

※下記の店舗では「国産黒毛牛 特上サーロインカツと帆立カツ膳：3,729円」を販売する
【対象店舗】先斗町本店／京都駅前店／河原町蛸薬師店／嵐山店／三条河原町店／四条河原町店／寺町京極店／清水五条坂店／祇園八坂店／伏見稲荷店／原宿明治通り店／浅草オレンジ通り店／ダイバーシティ東京プラザ店／鎌倉駅西口店／道頓堀中座くいだおれビル店／梅田店／ユニバーサル・シティウォーク大阪店／奈良公園店／近鉄奈良駅前店／メイカーズピア店

〈牛カツ京都勝牛〉
「牛カツ京都勝牛」は「京都から“牛カツ”を、世界の“GYUKATSU”へ。」をブランドミッションに掲げる店舗数日本一&世界一の牛カツ専門店。現在、海外では9ヵ国（韓国、台湾、香港、タイ、カナダ、インドネシア、フィリピン、シンガポール、オーストラリア）に展開中。
食品産業新聞社",[],[]
【セブン‐イレブン】カウンター商材で「出来立て」訴求、節約疲れの反動に高付加価値商品強化【2025年コンビニ動向 #3】（食品産業新聞社ニュースWEB）,https://news.yahoo.co.jp/articles/b8f921b5f5ed083c9781d07dc3839ac36cddc58d,https://newsatcl-pctr.c.yimg.jp/t/amd-img/20251210-00010000-ssnp-000-1-view.jpg?exp=10800,2025-12-10T07:31:31+09:00,2025-12-10T07:31:31+09:00,食品産業新聞社ニュースWEB,ssnp,食品産業新聞社ニュースWEB,1543,"セブン-イレブン
セブン‐イレブン・ジャパンは、人口減少、少子高齢化の進行、物価上昇及び消費の二極化等の経営環境下において、顧客の消費行動変化に対応すべく、取り組みを進めている。
【画像を見る】セブン‐イレブン、カウンター商材で「出来立て」訴求/節約疲れの反動に高付加価値商品強化【2025年コンビニ動向 #3】
2025年5月から阿久津知洋社長率いる新体制の下で「フレッシュフードの差別化」、「店舗ネットワークの強化」、「7NOWのお客様価値最大化」に加え、「お客様とのエンゲージメント強化」を重点施策として、客層の拡大と来店頻度の向上、および外部環境の影響を受けにくい経営構造への変革を目指す。

中でも、より本格的な出来立て商品「セブンカフェベーカリー」などの商品で他社との差別化を図る。「ふんわりメロンパン」などを展開する「セブンカフェベーカリー」は、全国4,500店舗に導入しており、今年度末に約8,000店舗に、2026年度末に約18,000店舗に拡大予定だ。
2023年3月から本格展開している「セブンカフェスムージー」は、全国9割超に専用マシンを導入、累計販売数は2億4,000万杯となった。
定番品は3種類で、中でも「グリーンスムージー」は、ブロッコリーの茎など使用されることの少ない部位も活用し、出来たての味、栄養補給、フードロスへの貢献を価値にする。1/3日分の緑黄色野菜が摂取可能で、健康ニーズに応える。野菜ジュースの代わりに購入する人も多くリピート率も高い。
8月から発売する「カフェラテスムージー」は、4種類のコーヒー豆をブレンドし、産地支援を行っているセブンカフェと同じ豆を使う。「セブンカフェティー」は現在100店舗だが、今年度中に2,100店舗に導入する予定とする。
新たに投資する出来立て商材には「蒸式調理ロボット」で作る本格的な麺類「お店で仕上げた麺」がある。
店舗の専用マシンにより約2分で、チルド麺では味わえない本格的な味わいを提供する。現在40店舗ほどの販売だが、今後地域を拡大して展開する。できたて商品が家の近くで購入でき、かつ自宅でモバイルオーダーができることで、顧客体験価値を向上し、全体の粗利率を上げることが狙いだ。

9月に発売した「相盛おむすび」は、たらこなどの2種の具材を中具とてっぺんに盛ったおむすびで、好調な売れ行きだった。

高付加価値型PB「セブンプレミアムゴールド」は9月に15周年を迎えた。多くの人が物価上昇で節約疲れがある中、「少し贅沢をしたい」というニーズに応える高価格帯の商品を拡充した。
また、6月に「SPECIAL夏祭」と銘打ってお得なクーポン施策を、7月に「真夏のグルメ旨辛界隈」で21品目を展開、9月には秋の食材を使用した「秋をほおばれ!」企画で約30品目を展開し、SNSの発信にも力を入れた。新しい取り組みとしては、ブラックフライデー企画の一環として、Netflixイトーヨーカ堂と連携し、コラボレーション商品を13品目展開。多くの人が動画視聴する夜の食シーンを考え、夜間の来店促進につなげたい狙いだ。商品力に加え、新規顧客や若年層にアプローチを図る。
マーケティング強化では、顧客とのエンゲージメントを通じ、同社のブランドイメージを高める取り組みを行う。9月に、新CMに櫻井翔さん、相葉雅紀さん、天海祐希さんの3名を新キャストとして起用し話題となった。
この時の会見で阿久津社長は「お客様と距離ができてしまったと感じる。セブン‐イレブンが、お客様にとってどんなお店であるべきなのかを見直し、毎日の暮らしの中で“何か新しい発見があるかな”という期待感を提供する場でありたい」と話した。
食品産業新聞社",[],[]
