headline,mainEntityOfPage,image,datePublished,dateModified,author,media_en,media_jp,str_count,body,images,external_links
フラット35が「3.2％」の悲報！「3500万円」借り入れで“年収600万円・子ども1人”なら「変動金利・10年固定」のほうがいいですか？ 金利リスクをとっても“返済額を減らす”べき？ 注意点を解説（ファイナンシャルフィールド）,https://news.yahoo.co.jp/articles/56f8f8df17b87090dd800ebac1d6c72dce0c3888,https://newsatcl-pctr.c.yimg.jp/t/amd-img/20260629-00010028-ffield-000-1-view.jpg?exp=10800,2026-06-29T20:20:07+09:00,2026-06-29T20:20:07+09:00,ファイナンシャルフィールド,ffield,ファイナンシャルフィールド,1187,フラット35が「3.2％」の悲報！「3500万円」借り入れで“年収600万円・子ども1人”なら「変動金利・10年固定」のほうがいいですか？ 金利リスクをとっても“返済額を減らす”べき？ 注意点を解説 長期金利上昇に伴い、「フラット35」の最低金利がついに3％を超えました。これは、2017年からの現行制度となって以来初めてです。固定金利は、将来にわたり支払金額が確定する「保険料」としての安心感はありますが、一般的な現役世代が住宅ローンを検討する際に、保険料として妥当なのか、ほかに最適なローン手段の組み合わせはあるかを検討します。 ▼定年退職時に、「1000万円」以上の貯蓄がある割合は日本でどれくらい？ 変動、10年固定、フラット35で金利と毎月の返済額を試算 2026年の住宅ローン市場は、長期金利の急上昇により固定金利が大幅に上昇しています。フラット35は長期金利（10年国債利回り）に連動するため、2026年6月には最低金利が3.21％となり、4月の2.49％から2ヶ月で0.7％以上上昇しました。同様に10年固定も上昇傾向にあります。 一方、変動金利は短期金利に連動するため上昇ペースが緩やかで、0.85～1.1％台が中心です（2026年6月時点）。この金利差は、月々返済額に差を生むことになります。 仮に、3500万円の35年ローンを組む場合の月々の返済額（元利均等返済）を、変動、10年固定、フラット35で試算、比較したのが次の図表1です。 図表1 図表1 主要銀行の金利をもとに筆者作成 最も金利が低く、毎月の返済額が少ないのは変動金利です。最高金利帯やフラット35と比較して、毎月4万～5万円近く支出を抑えることが可能です。10年固定は、従来は変動金利とフラット35の中間的位置づけで明らかにフラット35よりも有利な金利設定でしたが、最近の金利上昇でフラット35との差が縮まっています。 そのため、10年固定とフラット35は、金融機関選びや頭金の有無、各種優遇プランやポイントの利用などによってどちらの月額返済額が低いのか一概に言えないようになってきました。 今回の年収600万円子どもあり、というケースでは、フラット35や10年固定を選択すると大きく2つのデメリットが考えられます。 1. 手取りが年間450万～500万円程度とすると、そこから住宅ローンだけで最大約160万円以上の支出が継続的に発生するため、家計への負担がかなり大きい。 2. 教育費のピークと重なった時期に家計が大きく圧迫される恐れがある。 金利が多少高くても、将来にわたって毎月の支出を固定しておきたい場合、特に10年後の金利上昇リスクを絶対に避けたい場合や、繰り上げ返済が可能な場合はフラット35が選択肢に入ります。しかし、当てはまらなければ、金利面で圧倒的に変動が魅力的です。,[],[]
兄弟で相続した土地を売りたいのですが、弟に「まだ売らないほうがいい」と反対されています。固定資産税や管理の負担は私が払っているのですが、共有名義の不動産は勝手に売却できますか？（ファイナンシャルフィールド）,https://news.yahoo.co.jp/articles/8ad7973bec47beffe307f4810b8ce2cb1551aca8,https://newsatcl-pctr.c.yimg.jp/t/amd-img/20260629-00010027-ffield-000-1-view.jpg?exp=10800,2026-06-29T18:30:02+09:00,2026-06-29T18:30:02+09:00,ファイナンシャルフィールド,ffield,ファイナンシャルフィールド,1168,兄弟で相続した土地を売りたいのですが、弟に「まだ売らないほうがいい」と反対されています。固定資産税や管理の負担は私が払っているのですが、共有名義の不動産は勝手に売却できますか？ 兄弟で相続した土地を売却したいものの、一人が反対して話が進まないというケースは少なくありません。しかも、固定資産税や草刈りなどの管理費を自分だけが負担していると、「自分がお金を払っているのだから売却しても問題ないのでは」と考える人もいるでしょう。 ▼亡くなった母が私名義で「500万円」を遺してくれていた！ 名義は自分でも「相続税」はかかる？ しかし、共有名義の不動産には法律上のルールがあり、一人の判断だけで売却することは原則としてできません。 本記事では、共有名義の土地を売却する際の基本ルールや、反対する共有者がいる場合の対処法について解説します。 共有名義の土地は一人の判断だけでは売却できない 相続した土地を兄弟など複数人で所有している場合、その土地は「共有名義」の不動産になります。共有名義とは、一つの不動産を複数人で所有している状態を指し、それぞれが持分と呼ばれる所有割合を持っています。 共有名義の不動産全体を売却するには、共有者全員の同意が必要です。民法では、不動産そのものを処分する行為には共有者全員の合意が必要と定められているため、一人でも反対している場合は土地全体を売却することはできません。 例えば、兄と弟で2分の1ずつ相続した土地で、兄は売却したいものの弟が反対している場合、兄だけで売買契約を結ぶことはできません。買主にとっても権利関係が不安定になるため、土地全体を購入することは難しいでしょう。 一方で、自分の持分だけを売却することは法律上可能です。ただし、共有持分だけを購入したい人は限られるため、一般的には売却が難しく、価格も市場価格より低くなる傾向があります。 固定資産税を一人で負担していても自由に売却はできない 「固定資産税は自分がずっと払っているのだから、自分の判断で売却したい」と考える人もいるかもしれません。 しかし、固定資産税を一人で負担していることと、不動産を自由に売却できることは別の問題です。税金や維持管理費を負担していても、共有名義である以上は、土地全体を売却するには全員の同意が必要です。 もっとも、一人が本来負担すべき以上の固定資産税や管理費を支払っている場合には、その負担分について他の共有者へ精算を求められる可能性があります。例えば、本来は兄弟で半分ずつ負担すべき税金を兄が長年支払っていた場合には、状況によって弟へ負担分を請求できるケースもあります。 ただし、実際に請求できる範囲や金額は個別の事情によって異なるため、当事者同士で話し合うことが難しい場合は、弁護士などへ相談すると安心です。,[],[]
親が施設に入ることになり、自宅の売却を考えています。本人は「もう住まないから売っていい」と言っていますが、子どもが代わりに手続きを進めても問題ないのでしょうか？（ファイナンシャルフィールド）,https://news.yahoo.co.jp/articles/d025f5567002071748a8b97f988137839b1fecb1,https://newsatcl-pctr.c.yimg.jp/t/amd-img/20260629-00010026-ffield-000-1-view.jpg?exp=10800,2026-06-29T17:30:03+09:00,2026-06-29T17:30:03+09:00,ファイナンシャルフィールド,ffield,ファイナンシャルフィールド,1143,親が施設に入ることになり、自宅の売却を考えています。本人は「もう住まないから売っていい」と言っていますが、子どもが代わりに手続きを進めても問題ないのでしょうか？ 親が介護施設へ入所し、自宅が空き家になると、「もう住まないのだから売却したほうがいいのでは」と考える人は少なくありません。 ▼亡くなった母が私名義で「500万円」を遺してくれていた！ 名義は自分でも「相続税」はかかる？ しかし、親本人が「売っていい」と話していても、子どもだけで売却手続きを進められるとは限りません。不動産の売却には所有者本人の意思確認が必要であり、状況によっては委任状や成年後見制度などの手続きが必要になることもあります。 本記事では、親が施設へ入所した場合に自宅を売却する際の基本的なルールや注意点を解説します。 親が施設へ入っても子どもが自由に売却できるわけではない 親が介護施設や老人ホームへ入所したからといって、自宅の所有権が子どもへ移るわけではありません。登記上の所有者が親である限り、不動産を売却できるのは原則として親本人です。 そのため、たとえ親が「もう住まないから売っていい」と話していても、子どもだけの判断で売買契約を結んだり、所有者として手続きを進めたりすることはできません。不動産会社や司法書士も、所有者本人の意思や必要書類を確認したうえで手続きを進めます。 一方で、親の判断能力が十分にあり、自分の意思で売却を希望しているのであれば、子どもが手続きを手伝うことは可能です。例えば、不動産会社との打ち合わせに同席したり、必要書類を準備したりすることは問題ありません。 ただし、売買契約の締結や所有権移転に必要な手続きなどは、原則として所有者本人が行います。本人が代理人へ適法に権限を委任している場合は、代理人が手続きを行うことも可能です。 子どもが売却手続きを進められるケースとは 親が施設へ入所していても、判断能力があり、売却について十分理解している場合は、子どもへ委任することで手続きを進められることがあります。 この場合に利用されるのが「委任状」です。委任状とは、本人が特定の手続きを代理人へ任せることを示す書類で、不動産売却では子どもが代理人となるケースもあります。 ただし、委任状があればどのような場合でも代理できるわけではありません。本人が自分の意思で委任していることが前提となるため、不動産会社や司法書士が本人へ直接意思確認を行うこともあります。 また、売却代金は親本人の財産です。介護費用や生活費として利用することはできますが、子ども自身の判断で自由に使うことはできません。後々のトラブルを防ぐためにも、お金の管理方法について家族で事前に話し合っておくことが大切です。,[],[]
自分の服より“ぬい服”優先!? ぬい用バッグに撮影小物、“ぬい”との旅行代も…気付けば増える「ぬい活代」のリアル（ファイナンシャルフィールド）,https://news.yahoo.co.jp/articles/dacfdd2c16d18773e071158120f0760909f08e9c,https://newsatcl-pctr.c.yimg.jp/t/amd-img/20260629-00010025-ffield-000-1-view.jpg?exp=10800,2026-06-29T17:10:02+09:00,2026-06-29T17:10:02+09:00,ファイナンシャルフィールド,ffield,ファイナンシャルフィールド,1228,自分の服より“ぬい服”優先!? ぬい用バッグに撮影小物、“ぬい”との旅行代も…気付けば増える「ぬい活代」のリアル 「ぬい活」とは、お気に入りのぬいぐるみと一緒に写真撮影やカフェ巡り、旅行などを楽しむ活動のことです。近年はSNSを中心に人気が広がり、ぬい服や専用バッグ、撮影小物など関連グッズも充実しています。 一方で、インターネット上では「気付けば自分の服よりぬい服にお金を使っていた」「ぬい旅の費用が増えていた」という声も。 今回は、そんな「ぬい活代」のリアルな実態やお金のかけどころ、上手なやりくり術について紹介します。 ▼定年退職時に、「1000万円」以上の貯蓄がある割合は日本でどれくらい？ 「ぬい活」とは？ ぬいぐるみと一緒に楽しむ新しい趣味の形 「ぬい活」は推しのぬいぐるみと 一緒に過ごす時間を楽しむ活動のことで、推し活の一環として広がりを見せています。近年はSNSでの発信をきっかけに多くの人が楽しむ趣味として定着しています。 ぬいぐるみを連れてカフェを訪れたり、旅行先で写真を撮ったりする「ぬい撮り」も人気です。単に関連グッズを集めるだけでなく、推しのぬいぐるみと特別な思い出を作ることに魅力を感じる人も見受けられます。日常の何気ない時間をより豊かにしてくれる趣味として、幅広い世代から注目を集めています。 気付けば増えている!? ぬい活でお金をかけるポイントとは ぬい活を続けていると、気付かないうちに出費が増えていることがあります。 代表的なのが、ぬいぐるみ用の洋服やアクセサリーの購入費です。季節ごとのコーディネートやイベント向けアイテムが次々に登場し、推しの魅力を引き出したいという気持ちから購入する人も少なくありません。 ぬい専用バッグやケース、撮影用の小物や背景アイテムなども登場しており、推しの誕生日や記念日、ハロウィンやクリスマスといった季節イベントに合わせたグッズをそろえるケースもあるでしょう。 サイズも小さいことから、ひとつひとつの金額は比較的手頃でも、少しずつアイテムを買い足していくうちに、合計額が大きくなることもあります。こうした積み重ねが、ぬい活ならではの支出につながっています。 「ぬい旅」も人気に！ 旅行やおでかけで広がる楽しみ方 近年のぬい活では、ぬいぐるみと一緒に旅行やおでかけを楽しむ「ぬい旅」も注目を集めています。 観光地やカフェ、宿泊先などで推しのぬいぐるみを撮影し、思い出を残す楽しみ方がSNSを中心に広がっています。こうしたブームを受け、旅行会社がぬい旅向けのツアー企画を展開するなど、ぬい活が推し活の新たなスタイルとして定着しつつあります。 交通費や宿泊費も単なる出費ではなく、推しと特別な時間を共有するための体験として捉える人が増えています。グッズ購入を中心とした「モノ消費」だけでなく、思い出づくりを重視する「体験消費」へと広がっている点も、現在のぬい活の大きな特徴といえるでしょう。,[],[]
派遣社員として時給「1600円」で働いています。会社から「正社員登用」を打診されましたが、残業や責任が増えるなら今のままのほうが得なのでしょうか？（ファイナンシャルフィールド）,https://news.yahoo.co.jp/articles/d0834b9acaf0107c2317dac6d8e98552424ce657,https://newsatcl-pctr.c.yimg.jp/t/amd-img/20260629-00010024-ffield-000-1-view.jpg?exp=10800,2026-06-29T14:50:37+09:00,2026-06-29T14:50:37+09:00,ファイナンシャルフィールド,ffield,ファイナンシャルフィールド,1480,派遣社員として時給「1600円」で働いています。会社から「正社員登用」を打診されましたが、残業や責任が増えるなら今のままのほうが得なのでしょうか？ 就業先から正社員登用の打診を受けることは、これまでの勤務実績や能力が評価された結果といえるでしょう。正社員になることで収入や福利厚生が変わる可能性がある一方、責任や働き方にも変化が生じる場合があります。 本記事では、派遣社員と正社員の待遇や働き方の違いを整理し、正社員登用を検討する際に確認しておきたいポイントを解説します。 ▼扶養内で働いてるけど、労働時間が「週20時間」を越えてしまった！「社会保険」に加入する必要はある？ 時給1600円の年収はどれくらいになる？ 正社員平均と比較 まず、日本における正社員とそれ以外の雇用形態で、実際にどれほどの収入格差があるのかを客観的なデータで確認してみましょう。 国税庁が公表している「令和6年分民間給与実態統計調査」によると、1年間を通して勤務した給与所得者5137万人のうち、正社員の平均給与は545万円となっています。これに対して、正社員以外の平均給与は206万円にとどまっており、両者の間には300万円以上の大きな開きが存在しているといえます。 では、現在時給1600円で働いている人の収入は、このデータのなかでどのような立ち位置になるのでしょうか。例えば、1日8時間、月に20日間フルタイムで勤務した場合、月収は25万6000円となります。これを12ヶ月間の年収に換算すると、およそ307万2000円です。 この金額は、正社員以外の平均である206万円を100万円以上も上回っています。一般的なアルバイトやパートの平均的な給与と比較すると、時給1600円は非正規雇用のなかでも比較的高い水準といえるでしょう。 しかしその一方で、正社員の平均給与である545万円と比較すると、依然として230万円以上の差があることも事実です。現在の時給だけで判断するのではなく、将来の収入も含めて考えると、正社員への登用には経済的なメリットが生じる場合があります。 派遣社員のメリットと「契約3年ルール」の壁 派遣社員という働き方には、正社員にはない特有のメリットがあります。厚生労働省「令和4年派遣労働者実態調査の概況」によると、派遣労働者の平均時給は1510円とされており、時給1600円は平均を上回る水準です。 令和7年度の最低賃金の全国加重平均である1121円と比べても、時給1600円で働く派遣社員は、時給水準という点では比較的高い収入を得られているといえるでしょう。 最大のメリットは、ライフスタイルに合わせた柔軟な働き方ができる点です。一般的に派遣社員は、契約によって勤務時間や業務内容が細かく定められているため、予期せぬ残業や業務内容の突然の変更が少ない傾向にあります。 残業や責任の重さに縛られず、プライベートの時間を大切にしたい人にとっては、今のまま派遣社員として働くほうが「得」だと感じられるかもしれません。さらに、自分のスキルや経験を生かせる職場を選びやすく、幅広い企業で働ける可能性がある点も派遣社員の特徴といえます。 しかし、派遣社員には避けて通れないデメリットがあります。それが「契約期間の制限」です。同じ部署での派遣期間は最長で3年と法律で定められており、この期間を超えて同じ職場で働き続けることは原則できません。 また、契約更新の有無は常に企業の状況に左右されるため、どれだけ時給が良くても、長期的な雇用の安定性という面では不安が残ります。,[],[]
へそくりとして貯めたタンス預金「150万円」を夫に内緒で持っています。銀行口座に入れたら、税金がかかる可能性はありますか？（ファイナンシャルフィールド）,https://news.yahoo.co.jp/articles/e9d0577371cc57acb70cd1d2527cfb95551e902b,https://newsatcl-pctr.c.yimg.jp/t/amd-img/20260629-00010023-ffield-000-1-view.jpg?exp=10800,2026-06-29T14:30:10+09:00,2026-06-29T14:30:10+09:00,ファイナンシャルフィールド,ffield,ファイナンシャルフィールド,1488,へそくりとして貯めたタンス預金「150万円」を夫に内緒で持っています。銀行口座に入れたら、税金がかかる可能性はありますか？ 長年へそくりをコツコツ貯め続けて、気づけばそれなりの額になってしまい、そろそろ銀行に入れて保管しないと怖くなってきた――先日、そんな方からどうするべきか相談がありました。 そこで今回は、150万円という金額を例に、へそくりを銀行口座に入れた際にかかる税金について考えてみます。 ▼タンス預金していた現金を銀行に預ける場合、「税金」の支払いは発生するの？ 銀行に入れる行為で課税の有無は決まらない 基本的に税金は財産が移転した場合にかかるものであり、銀行口座への預け入れとは直接的には関係ありません。例えば、誰かから贈与を受けたときには贈与税がかかりますし、働いて給料をもらえば所得税がかかります。 しかし、自分の銀行口座に自分のお金を入れる行為は、財産の移転ということには当たりません。ただ、自分のお金の保管場所を変えたに過ぎないからです。 もちろん、不審なお金であると疑われるきっかけになり、そこから脱税が発覚するという流れは世の中に全くないわけではありませんが、不正なお金でなければそれも関係ありません。 つまり、へそくり150万円をいきなり今日や明日に銀行口座へ入れても、税金がかかるようなことはないのです。 税金がかかる場合はどれくらいの額になる？ もし、銀行口座にへそくりを入れるとして、税金がかかるとしたら、そのへそくりがいわゆる夫からの贈与と判断されたような場合でしょう。 例えば、専業主婦である妻が夫の給料で生活する中、その一部を自らのへそくりとし、自身の銀行口座に入れたとします。この場合、夫から妻へのお金が贈与によって移転したとして、贈与税が生じる可能性があります。 なお、150万円のへそくりを銀行口座に入れた際に、それが贈与とみなされた場合に発生する贈与税の額は、基礎控除110万円を超えた40万円部分に10％の税率が適用されるため、4万円となります。 相続や夫婦関係のことも大切 へそくりをするのであれば、相続のときのことも考えた方がよいかもしれません。 へそくりを銀行口座に入れた時点では特に指摘がなくとも、相続時に改めてお金の流れが調査され、贈与税の申告漏れではないかと指摘される可能性があるからです。 その際に対応するのは相続人たちです。相続人たちに不必要な負担を課さないためにもあらかじめ税務署に相談し、贈与税の申告と納税など手続きを済ませておくとよいでしょう。 また、そもそもへそくりのようにこっそり貯めてきたお金は、相続人に長期間見つからないということもあり得ます。それだけではなく、へそくりが後から配偶者に知られると、その目的について誤解を招いたり、夫婦間の関係に影響が生じたりする可能性も考えられます。 へそくりをすること自体は悪くはありませんが、銀行口座に入れる際は改めて相続や夫婦仲についても一度考えた方がよいかもしれません。 まとめ へそくりのタンス預金はたとえ150万円と大きな金額であっても、それを銀行口座に入れただけで自動的に税金がかかるわけではありません。ただし、それが税務上、夫からもらったお金とみられると、贈与税が発生する可能性はあります。 もし、へそくりと税金について心配なことや不明な点があれば、お住いの住所地を管轄する税務署へ相談することをおすすめいたします。 出典 国税庁 No.4408 贈与税の計算と税率（暦年課税） 執筆者 : 柘植輝 行政書士 ファイナンシャルフィールド編集部,[],[]
妻が「ボーナス払い20万円」の支払いを“リボ払いにする”と言います。「あとからリボで1万ポイント還元」の案内が届いたようですが、絶対“手数料で大損”ですよね？ 目先の得に騙されないための注意点とは（ファイナンシャルフィールド）,https://news.yahoo.co.jp/articles/59cfd45d1fcf08d791ae371e99341d9bb1c84128,https://newsatcl-pctr.c.yimg.jp/t/amd-img/20260629-00010022-ffield-000-1-view.jpg?exp=10800,2026-06-29T14:30:03+09:00,2026-06-29T14:30:03+09:00,ファイナンシャルフィールド,ffield,ファイナンシャルフィールド,1025,妻が「ボーナス払い20万円」の支払いを“リボ払いにする”と言います。「あとからリボで1万ポイント還元」の案内が届いたようですが、絶対“手数料で大損”ですよね？ 目先の得に騙されないための注意点とは クレジットカード会社から届く、「今からリボ払いに変更すれば1万ポイントプレゼント！」などのキャンペーンの通知。ボーナス払いで購入した20万円の支払いを、毎月1万円ずつの負担に減らせる上にポイントももらえるとなれば、魅力的に感じる人もいるでしょう。 しかし、これは「目先のポイント以上の金額を、手数料としてカード会社に支払うことになる」典型的なケースです。本記事では、20万円をリボ払いに変更した際に発生する手数料の仕組みと、リボ払い特有のリスクについてFPが解説します。 ▼定年退職時に、「1000万円」以上の貯蓄がある割合は日本でどれくらい？ 1万ポイントもらっても「赤字」に？ 手数料の計算 リボ払い（リボルビング払い）の特徴は、クレジットカードのキャッシングや消費者金融の金利と同等レベルの「年利15％」前後という高い手数料（利息）がかかる点にあります。 仮に、20万円の残高を「毎月1万円ずつ（元金定額）」で20回に分けて返済した場合、どれくらいの手数料がかかるか計算してみましょう。 最初の1ヶ月目は、20万円に対して年利15％がかかるため、1ヶ月分として約2500円の手数料が発生します。その後、残高が減るにつれて毎月の手数料は少しずつ減っていきますが、完済するまでの20ヶ月間で支払う手数料の合計は約2万6000円になる計算です。 つまり、キャンペーンで1万ポイントをもらったとしても、実際には2万6000円の手数料を支払っているため、差し引きで1万6000円のマイナスになります。 支払いが長引く「リボ払い」の特性 カード会社がこうしたキャンペーンを行う背景には、リボ払いを利用してもらうことで手数料収入を得られるという仕組みがあります。 また、リボ払いには「支払いが長引きやすい」という特性もあります。毎月の支払いが1万円で固定されると、家計への負担が軽くなったように感じやすくなります。その結果、返済が終わっていないのに新たな買い物を重ねてしまうと、リボ残高が増えていくことがあります。 利用限度額に近づいたり、毎月の支払いの大部分が手数料に回り元本が思うように減らなかったりする状態になると、家計管理が難しくなる可能性があります。,[],[]
「パート主婦なら年収130万円まで」のはずが、夫に「160万円まで大丈夫」と言われビックリ！ 社会保険料で“手取りが減る”と思うのですが、上限が変わったのですか？「年収ごとの影響」を解説（ファイナンシャルフィールド）,https://news.yahoo.co.jp/articles/7d91483a9c4a2acfe0a6a376b6d6b723d12a7ac1,https://newsatcl-pctr.c.yimg.jp/t/amd-img/20260629-00010021-ffield-000-1-view.jpg?exp=10800,2026-06-29T14:10:20+09:00,2026-06-29T14:10:20+09:00,ファイナンシャルフィールド,ffield,ファイナンシャルフィールド,1047,「パート主婦なら年収130万円まで」のはずが、夫に「160万円まで大丈夫」と言われビックリ！ 社会保険料で“手取りが減る”と思うのですが、上限が変わったのですか？「年収ごとの影響」を解説 パートで働く人の間では、「扶養に入るなら年収130万円まで」とよく言われます。しかし、最近は「160万円までなら大丈夫」という話を聞く機会も増え、「結局いくらまで働けるの？」と疑問に感じている人も多いのではないでしょうか。実は、「130万円の壁」と「160万円の壁」は、対象となる制度が異なります。 本記事では、それぞれの違いや年収ごとの影響を整理しながら、自分に合った働き方を考えるポイントを解説します。 ▼扶養内で働いてるけど、労働時間が「週20時間」を越えてしまった！「社会保険」に加入する必要はある？ 「130万円の壁」と「160万円の壁」は何が違う？ 「扶養の壁」と一口に言っても、税金と社会保険ではルールが異なります。まずは、それぞれの違いを確認しておきましょう。 123万円：本人に所得税がかかる可能性がある 130万円：配偶者の扶養から外れる可能性がある 160万円：配偶者特別控除を満額受けられる上限 ■「130万円の壁」は社会保険上の扶養に関わる基準 一般的に「130万円の壁」とは、配偶者の健康保険の扶養に入れるかどうかを判断する基準です。 年収が130万円以上になる見込みの場合、原則として配偶者の扶養から外れ、自分で健康保険と厚生年金に加入する必要があります。社会保険料の負担は年間20万円前後になるケースもあり、年収が少し増えた程度では手取り額はかえって減ることになるかもしれません。 なお、従業員数や労働時間などの条件によっては、年収130万円未満でも勤務先の社会保険に加入する「106万円の壁」の対象になることがあります。 ■「160万円の壁」は配偶者特別控除に関わる基準 「160万円の壁」は、税金に関する基準です。 2025年度税制改正により、配偶者特別控除を満額受けられる配偶者の給与収入の上限が、150万円から160万円へ引き上げられました。これは配偶者本人ではなく、主に納税者本人の所得税や住民税に影響する制度です。 つまり、妻の年収が130万円を超えても、すぐに配偶者控除や配偶者特別控除がなくなるわけではありません。社会保険上の扶養と税制上の扶養は別制度であり、「130万円を超えたら損」「160万円までなら問題ない」と単純に判断できない点に注意してください。,[],[]
歓迎会費「8万円」は経費精算する予定なのに、幹事の私がPayPayで支払ったらポイント還元が…。同僚から「会社のお金で得してる」と言われましたが、ポイント分は返金すべきでしょうか？（ファイナンシャルフィールド）,https://news.yahoo.co.jp/articles/22095d6cf8faaaedef82ce2fb26296ce4decac7f,https://newsatcl-pctr.c.yimg.jp/t/amd-img/20260629-00010020-ffield-000-1-view.jpg?exp=10800,2026-06-29T14:10:10+09:00,2026-06-29T14:10:10+09:00,ファイナンシャルフィールド,ffield,ファイナンシャルフィールド,1315,歓迎会費「8万円」は経費精算する予定なのに、幹事の私がPayPayで支払ったらポイント還元が…。同僚から「会社のお金で得してる」と言われましたが、ポイント分は返金すべきでしょうか？ 会社の歓迎会や懇親会の幹事を任されると、会費や飲食代を一時的に立て替えることがあります。最近ではPayPayやクレジットカードなどのキャッシュレス決済を利用する人も多く、その際にポイント還元を受けるケースも珍しくありません。 しかし、会社に経費精算する予定のお金でポイントを受け取ると、今回のように「会社のお金で得をしているのでは？」と指摘されることがあるかもしれません。 ▼町内会費の支払いを拒否したら「今後ゴミを捨てるな」と言われた！ 本当に従う必要はあるの？ 実際のところ、ポイント分を会社へ返金する必要はあるのでしょうか。この記事では、歓迎会費8万円をPayPayで支払い、ポイント還元を受けた場合を例に、ポイントの扱いや注意点について分かりやすく解説します。 会社の歓迎会費をPayPayで支払ってポイントが付いたからといって直ちに問題になるとは限らない 会社の歓迎会費8万円を幹事が立て替え、PayPayで支払った結果としてポイント還元を受けた場合でも、それだけで違法行為や不正行為になるとは限りません。 PayPayなどのキャッシュレス決済のポイントは、通常、支払いを行った利用者に付与される仕組みです。そのため、歓迎会費や出張費、備品代などを立て替えた際にポイントが付与されることは珍しくありません。 ただし、ポイントが付いたからといって、その扱いが一律に決まっているわけではありません。法律で明確なルールが定められているわけではなく、会社ごとに考え方や運用が異なるためです。 そのため、「会社のお金で得をしているのではないか」「ポイント分を返金すべきなのか」といった疑問が生じた場合は、まず会社のルールを確認することが大切です。では、実際にポイントを返金する必要はあるのでしょうか。次の章で詳しく見ていきましょう。 ポイントの扱いは会社の規程を確認することが大切 ポイントの取り扱いについては、法律で一律に定められているわけではなく、勤務先の経費精算規程などによって扱いが異なります。 会社によっては、「立替払いで取得したポイントは個人に帰属する」としているケースがあります。その場合は、歓迎会費8万円を経費精算しても、付与されたポイントを返還する必要はないでしょう。 一方で、「経費の立替払いによって付与されたポイントは会社に帰属する」と定められている場合は注意が必要です。そのようなルールがあるにもかかわらず、無断でポイントを私的に利用すると、会社とのトラブルだけでなく、状況によっては法的な問題に発展する可能性もあります。 このような会社では、法人カードの利用を義務付けたり、取得したポイントを会社の経費削減に活用したりするケースがあります。 そのため、「返金すべきか」という問いに対する最も正確な答えは、「会社の経費精算規程を確認すること」といえます。もし規程が存在しない場合は、経理担当者や上司に確認しておくと安心です。,[],[]
結婚式のご祝儀「300万円」を自宅で保管しています。タンス預金にしていると、税務署から指摘を受けることはあるのでしょうか？（ファイナンシャルフィールド）,https://news.yahoo.co.jp/articles/c26f5b62609b3d26d256bb5536dea549f89abd74,https://newsatcl-pctr.c.yimg.jp/t/amd-img/20260629-00010019-ffield-000-1-view.jpg?exp=10800,2026-06-29T13:50:10+09:00,2026-06-29T13:50:10+09:00,ファイナンシャルフィールド,ffield,ファイナンシャルフィールド,1101,結婚式のご祝儀「300万円」を自宅で保管しています。タンス預金にしていると、税務署から指摘を受けることはあるのでしょうか？ ご祝儀をはじめとするお祝いでまとまったお金を受け取った際、何かあったときのためにと自宅で保管することもあるでしょう。 自宅で保管するといわゆるタンス預金となりますが、こうしたタンス預金について、「税務署から指摘を受けることはないのだろうか」「税金がかかることはあるのだろうか」と気になる人もいるかもしれません。 実際には、タンス預金にしているだけで直ちに課税されるわけではありません。ただし、お金の性質や受け取った経緯によっては税金の対象となるケースもあります。 今回は、タンス預金にしたお金が課税される基準や、ご祝儀を受け取った際に課税される可能性があるケース、申告を忘れた場合のペナルティなどについてご紹介します。 ▼タンス預金していた現金を銀行に預ける場合、「税金」の支払いは発生するの？ タンス預金がすべて課税されるわけではない 納めるべき税金をきちんと申告・納税していれば、お金をタンス預金にしていても、そのこと自体で追加の税金がかかることはありません。課税される可能性があるのは、贈与や相続で受け取ったお金を申告せず、そのまま自宅に保管していた場合です。 例えば、ご祝儀をもらって自宅に保管する場合は、基本的には課税されないでしょう。国税庁によると、「個人から受ける香典、花輪代、年末年始の贈答、祝物または見舞いなどのための金品で、社会通念上相当と認められるもの」は贈与税がかからないためです。 一方、通常の贈与として年間110万円（基礎控除）を超えるお金や物品を受け取った場合は、贈与税の申告と納付が必要になります。年間110万円の基準は、1人当たりの金額ではなく受け取った合計額です。複数人から贈与を受けた場合、1人当たりの金額が基礎控除内でも、合計が110万円を超えていると課税対象となります。 ご祝儀が課税される可能性があるケースとは ご祝儀は基本的に贈与税の課税対象にはなりません。ただし、一般的に考えて高すぎるご祝儀の場合は、課税対象となる可能性があります。先述したように、課税されないのは社会通念上相当と認められる範囲に限られるためです。 課税されない金額の範囲は、明記されていません。その人の状況などによっても変わる場合があるため、受け取ったご祝儀が課税対象ではないのかどうかの判断がつかない場合は、税理士などの専門家へ相談するとよいでしょう。 課税対象となった場合は、贈与を受け取った年の翌年2月1日から3月15日までの間に、申告と納税を行います。,[],[]
友人は「ふるさと納税10万円」なのに、同じ“4人家族”のわが家は「4万円」です…夫は「年収850万円くらいありそう」と言いますが、かなりお金持ちですよね？ ウチが少なすぎますか？（ファイナンシャルフィールド）,https://news.yahoo.co.jp/articles/e11ff2b60fbd1df1459ebac8e8f65b90d196f674,https://newsatcl-pctr.c.yimg.jp/t/amd-img/20260629-00010018-ffield-000-1-view.jpg?exp=10800,2026-06-29T13:30:16+09:00,2026-06-29T13:30:16+09:00,ファイナンシャルフィールド,ffield,ファイナンシャルフィールド,1141,友人は「ふるさと納税10万円」なのに、同じ“4人家族”のわが家は「4万円」です…夫は「年収850万円くらいありそう」と言いますが、かなりお金持ちですよね？ ウチが少なすぎますか？ 「ふるさと納税」の話題になった際、同じ4人家族なのに友人の寄付寄附上限額が10万円、自分は4万円程度、といった差に驚くことがあります。「友人は年収850万円くらいあるのではないか」「自分の収入は少な過ぎるのではないか」と複雑な気持ちになるのも無理はないかもしれありません。 しかし、ふるさと納税の上限額は、単純な収入の差だけで決まるものではなく、さまざまな控除の影響を受けます。本記事では、寄付寄附上限額が決まる仕組みと、他人の金額と比べて落ち込む必要がない理由を解説します。 ▼定年退職時に、「1000万円」以上の貯蓄がある割合は日本でどれくらい？ 家族4人で上限10万円＝年収850万円は正解？ 結論からいえば、「友人の年収は850万円前後ではないか」という推測には一定の根拠があり、おおむね正しいでしょう。 ふるさと納税の寄附上限額は、年収だけでなく配偶者控除や扶養控除などの家族構成によって決まります。目安などを参考にすると、専業主婦（夫）と子ども2人（大学生と高校生）といった家族構成の場合、年収850万円だと寄附金額の上限は10万8000円です。 しかし、同じ家族4人で専業主婦（夫）でも、子どもが小学生や中学生のケースでは、年収700万～725万円で上限額は10万～11万円となります。 さらに、住宅ローン控除や生命保険料控除などの有無によって上限額は変動するため、「上限10万円だから必ず年収850万円」と断定できるわけではありません。あくまで、一定の条件下での目安と考えるのが適切でしょう。 上限額は意外な要因で大きく変わる 家族構成が同じであっても上限額が大きく異なる最大の理由は、「税金から差し引かれる控除の数」です。 まず、見落としがちなのが「子どもの年齢」です。子どもが中学生以下の時期は、税制上の「扶養控除（年少扶養控除）」がありません。しかし、高校生（16歳）以上や大学生になると、親の税金が軽減される「扶養控除」や「特定扶養控除」が適用されます。 控除によって税金負担が軽くなるのはありがたいことですが、実は「すでに税金が安くなっている分、ふるさと納税に回せる枠（上限額）も減る」という仕組みなのです。つまり、子どもが大きくなるにつれて、年収が同じでもふるさと納税の上限額は下がります。 また、住宅ローン控除やiDeCo（個人型確定拠出年金）を利用している場合も、すでに所得税や住民税の負担がかなり軽減されているため、ふるさと納税の上限額は数千〜1万円ほど低くなります。,[],[]
新入社員の長女に、早くも「6月にボーナス10万円」が出るそうです！ 本人は「旅行に使いたい」と喜んでいますが、社会保険料が「4月から6月の収入」で決まるなら、初ボーナスは使わずに貯めておくべきでしょうか？（ファイナンシャルフィールド）,https://news.yahoo.co.jp/articles/3d041ed9387f7ef917f8c6de64ebafa794b02de1,https://newsatcl-pctr.c.yimg.jp/t/amd-img/20260629-00010017-ffield-000-1-view.jpg?exp=10800,2026-06-29T13:30:09+09:00,2026-06-29T13:30:09+09:00,ファイナンシャルフィールド,ffield,ファイナンシャルフィールド,1006,新入社員の長女に、早くも「6月にボーナス10万円」が出るそうです！ 本人は「旅行に使いたい」と喜んでいますが、社会保険料が「4月から6月の収入」で決まるなら、初ボーナスは使わずに貯めておくべきでしょうか？ 4月から6月分の給料を抑えれば、天引きされる社会保険料が減る、という話を聞いたことはありませんか。少しでも手取りを増やそうと働く時間を調整した方もいるかもしれません。 一方で新社会人の皆さんの中には、せっかくのボーナスなのに、結局たくさん引かれてしまうの？ と不安になる方もいるでしょう。 そこで本記事では、新入社員の夏のボーナス事情を紹介しつつ、夏季賞与が税金や社会保険料に与える影響について解説します。 ▼会社員で「年収1000万円」以上の割合は？ 大企業ほど高年収を目指せる？ 新入社員の夏季賞与の平均 社会人1年目（以下、新入社員）でも、夏季賞与（ボーナス）が支給されるケースはあります。 産労総合研究所の「2025年度 決定初任給調査 新卒入社者の夏季賞与・一時金の支給状況と支給額」によると、新入社員の夏季賞与・一時金の平均支給額は、大学卒で10万107円、高校卒で7万9983円でした。また、支給額の分布を見ると、「5万～10万円未満」が大学卒で41.0％、高校卒で49.6％と最も多くなっています。 夏季賞与は入社して2～3ヶ月という早いタイミングで支給されるため、会社によっては試用期間中であることも少なくありません。そのため、正社員として満額の賞与を計算するのではなく、一律支給や寸志として支給されるケースもあり、企業差が大きいのが実情です。 夏季賞与からは住民税は引かれない ここで、賞与から天引きされるお金を整理しましょう。 ・税金：所得税が源泉徴収されます。住民税は賞与から直接個別に天引きされるのではなく、給与の特別徴収として毎月の給与から徴収されます ・社会保険料：健康保険料、介護保険料（40歳以上65歳未満の場合）、厚生年金保険料のほか、雇用保険料が徴収されます ここでポイントとなるのが住民税です。住民税は前年の1月～12月までの所得に基づいて計算されます。会社勤めの場合、勤務先が毎月の給与から天引き（特別徴収）し、自治体へまとめて納付する仕組みです。 新入社員の方は前年に所得がない場合も多いため、一般的に住民税の支払いが始まるのは社会人2年目の6月からとなります。,[],[]
夫が夏のボーナス「80万円」で“オルカン”を一括購入したいと言っています。住宅ローンの返済も残っているのに、本人は「積立より効率がいい」と前向きです。投資を優先して大丈夫なのでしょうか？（ファイナンシャルフィールド）,https://news.yahoo.co.jp/articles/f0a6e919c47b117f3eabb344f21763f43460ce81,https://newsatcl-pctr.c.yimg.jp/t/amd-img/20260629-00010016-ffield-000-2-view.jpg?exp=10800,2026-06-29T13:20:16+09:00,2026-06-29T14:05:30+09:00,ファイナンシャルフィールド,ffield,ファイナンシャルフィールド,1237,夫が夏のボーナス「80万円」で“オルカン”を一括購入したいと言っています。住宅ローンの返済も残っているのに、本人は「積立より効率がいい」と前向きです。投資を優先して大丈夫なのでしょうか？ ボーナスを「オルカン」に一括投資すれば、将来の資産形成にプラスになる可能性はあります。ただし、住宅ローンが残っている家庭では、投資だけを優先する判断が必ずしも最善とは限りません。重要なのは、期待リターンではなく家計全体の安全性です。 今回の記事では、金利上昇リスクや生活防衛資金も踏まえながら、夫婦が納得できる賢い選択肢を考えていきます。 ▼定年退職時に、「1000万円」以上の貯蓄がある割合は日本でどれくらい？ ボーナスを一括投資するのは「積立より効率が良い」は正しいのか？ 夏のボーナスとして支給された「80万円」を、人気のインデックスファンドである「eMAXIS Slim 全世界株式（オール・カントリー）」（愛称：オルカン）に一括投資したいという提案に、不安を覚える方は少なくないでしょう。特に住宅ローンという大きな負債を抱えている時期であれば、なおさら慎重になるのは当然のことです。 右肩上がりの成長が期待できる市場においては、資産を早い段階で市場に投入して長期間運用する方が複利の効果を最大限に生かせるため、一括投資の方が高いリターンを得られる可能性が高いとされています。 しかし、これはあくまで「長期的に市場が成長し続けた場合」の理論上の結果です。一括投資をした直後に世界的な株価暴落が起きた場合、80万円の資産がいきなり大きく目減りするリスクも考えられます。 毎月コツコツと買い付ける積立投資であれば、株価が下がった時期には自動的に多くの量を買い付けることができるため、購入単価を平準化できるメリット（ドル・コスト平均法）があります。 投資の効率性だけを求めると一括購入に分があるように見えますが、それには相応の価格変動リスクが伴うことを理解しておきましょう。 住宅ローン残高がある世帯の落とし穴！ 一括購入の前に確認すべき「金利上昇」と「生活防衛資金」の現実 投資の効率性以上に重要なのが「現在の家計の安全性」です。住宅ローンが残っている世帯において、ボーナスの全額を投資に回すことには2つの大きなリスクが存在します。 1つ目は、住宅ローンの金利上昇リスクです。日本銀行の政策金利引き上げに伴い、今後、変動金利型の住宅ローン金利が上昇する可能性があります。もし現在、変動金利でローンを組んでいる場合、将来的に毎月の返済額が増加する恐れがあります。 2つ目は、生活防衛資金の有無です。ボーナスをすべて投資に回してしまった後、仮に急な病気やけが、家電の故障、あるいは教育費の急増などが重なった場合、すぐに使える現金が不足する可能性があります。 最低でも毎月の生活費の3ヶ月から6ヶ月分にあたる現金が手元に残っていないのであれば、ボーナスを全額投資に回すのは危険といえます。,[],[]
夏休みは涼しい場所で過ごしたい！東京から車で避暑地へ旅行するならガソリン代はいくらかかる？（ファイナンシャルフィールド）,https://news.yahoo.co.jp/articles/f2b9619868690f5925da5f45ece5077e41a3ff65,https://newsatcl-pctr.c.yimg.jp/t/amd-img/20260629-00010015-ffield-000-1-view.jpg?exp=10800,2026-06-29T12:50:19+09:00,2026-06-29T12:50:19+09:00,ファイナンシャルフィールド,ffield,ファイナンシャルフィールド,1189,夏休みは涼しい場所で過ごしたい！東京から車で避暑地へ旅行するならガソリン代はいくらかかる？ 夏休みシーズンは、「避暑地」への旅行を検討する方もいるでしょう。公共交通機関や現地のレンタカーを利用する方法もありますが、親しみ深い愛車での旅も1つの楽しみです。 この記事では東京を出発点としておすすめの避暑地を紹介するとともに、マイカー移動によるガソリン代を試算していきます。 ▼定年退職時に、「1000万円」以上の貯蓄がある割合は日本でどれくらい？ 東京都心の8月平均気温は29.6度！近場から遠方までおすすめの避暑地を紹介 気象庁のデータによると、2025年の東京都心における8月の平均気温は29.6度でした。平均最高気温は34.4度を記録し、平均最低気温でも26.2度となっています。このような暑い時期には、「涼しい場所で過ごしたい」と考える方もいるのではないでしょうか。 今回は、比較的気軽に出かけられる首都圏近郊から遠方の避暑地まで、おすすめのスポットを3ヶ所紹介します。 ■首都圏からもアクセスの良い「山中湖」 「富士五湖」の中でも標高の高い位置にあるのが山梨県山中湖村にある山中湖です。気象庁による2025年8月の平均気温は23.4度であり、首都圏からアクセスしやすい位置にありながら冷涼な気候となっています。なお、東京IC〜山中湖ICの距離はおよそ100キロメートルです。 キャンプやクルージングなど、湖・湖畔という環境を活用したレジャーが充実しています。「東京の近場が良い」「アクティブに動きたい」といった方におすすめできる避暑地です。 ■少し遠くてもOKなら「奥日光」 山中湖よりも足を延ばすのであれば、栃木県・日光の市街地よりも一段と標高が上がる「奥日光」が1つの候補となります。2025年8月の平均気温は20.8度と、東京都心よりも8.8°C低い値を記録しました。東京IC〜日光ICの距離はおよそ180キロメートルであり、そこから奥日光の中禅寺湖までは約20キロメートルの上り坂を走行します。 「華厳滝」をはじめとする数々の滝や大湿原「戦場ヶ原」など、自然を感じながら涼みたい方におすすめです。 ■遠方OK・都市の利便性を求めるなら「釧路」 「遠くてもOK」「とにかく涼しい場所が良い」といったケースであれば、釧路など北海道の沿岸都市も検討の余地があります。約15万の人口を擁する都市でありながら、釧路における2025年8月の平均気温は22.1度でした。 東京からマイカーで釧路を目指す場合、東京IC〜大洗フェリーターミナルまでが約140キロメートルです。その後フェリーに約19時間乗船し、苫小牧港に到着してから釧路までは約280キロメートルを走行する必要があります。 長丁場にはなりますが、「夏休みを涼しい場所で過ごす」という目的にはぴったりかもしれません。,[],[]
「1泊8000円の宿に何度も泊まる」vs「1泊5万円の宿に年1回」夫は回数重視、妻は宿重視…旅行費はどう使うべき？（ファイナンシャルフィールド）,https://news.yahoo.co.jp/articles/cf55847d2e448b07a1357cf38c1735a5917028bf,https://newsatcl-pctr.c.yimg.jp/t/amd-img/20260629-00010014-ffield-000-1-view.jpg?exp=10800,2026-06-29T12:30:10+09:00,2026-06-29T12:30:10+09:00,ファイナンシャルフィールド,ffield,ファイナンシャルフィールド,1224,「1泊8000円の宿に何度も泊まる」vs「1泊5万円の宿に年1回」夫は回数重視、妻は宿重視…旅行費はどう使うべき？ 夏休みも近くなり、いよいよ旅行シーズンの到来です。一人旅にせよ家族旅行にせよ、一度の旅行にいくらお金を使うかは多くの方にとって大きな悩みどころではないでしょうか。 本記事では日本人旅行者が年間にどれくらい旅行にお金を使っているのか、旅費の捻出のポイントなども含め解説します。 ▼定年退職時に、「1000万円」以上の貯蓄がある割合は日本でどれくらい？ 旅行費の使い方で意見が分かれることも？ 回数重視派と宿重視派の考え方 掲題のケースでは限られた予算で、年に数回コスパ重視の旅に出たい、それとも年に1回でいいからぜいたくな旅行をしたい、という価値観の違いが悩みの原因になっているようです。 「非日常を体験したい」という旅行の目的は共通していても、回数重視派は「多くの土地を訪れたい」「定期的な旅行でモチベーションを維持したい」という意見を持つのに対して、宿重視派は「特別感」「快適性」「記念になる体験」にこだわっているようです。 もちろんどちらが正解というものではないので、まずはお互いが旅行に求めるもの、これだけはゆずれないという部分をすり合わせるところから始めるのがよいでしょう。 同じ年間予算でも満足度は変わる？ 旅行費の配分を比較してみる 国土交通省観光庁「旅行・観光消費動向調査2025年年間値」によると、2025年の日本人国内旅行消費額は26兆7845億円（前年比6.5%増）で、日本人1人1回あたりの宿泊旅行単価（宿泊費や交通費など旅行にかかる全ての費用を含む）は7万2412円となっています。 ちなみに日本人の年間総宿泊旅行者数2億9997万人を、日本人総人口約1億1925万人で割ると、1人あたりの年間旅行回数は約2.5回で、合計18万円程度を消費している計算になります。このデータからは、やはり旅行となるとまとまった金額を使う傾向にあることが分かります。そこで気になるのが、具体的な使い道です。 旅行予約サイトでは、1泊8000円前後の朝食付きプランや、1泊5万円前後の露天風呂付きプランなども見られます。 年間旅行予算が限られている場合を想定すると、1泊8000円であれば、朝食付きのビジネスホテルなどのプランが適しているでしょう。移動方法を長距離バスや普通列車にしたり、夕食を簡単に済ませたりすることで年に複数回の旅行ができそうです。 一方、1泊5万円であれば、豪華な朝食・夕食や客室露天風呂が付いたプランも視野に入ります。旅行回数と引き換えに、日常から離れてぜいたくな時間を楽しむことができるでしょう。 ただし、どちらのプランであっても、旅行中は飲食費や交通費などが別途かかります。「旅行後の生活のうるおい」も旅行の価値に含めるならば、普段の生活や次の旅行に差し支えるような収支バランスは避けたいところです。,[],[]
年収350万円の保育士です。仕事は好きですが、昇給が少なく将来が不安です。資格を生かして年収アップを目指すなら、どんな働き方があるのでしょうか？（ファイナンシャルフィールド）,https://news.yahoo.co.jp/articles/8e635f05c2ef4202b7f0489f935a7de765d07c2b,https://newsatcl-pctr.c.yimg.jp/t/amd-img/20260629-00010013-ffield-000-1-view.jpg?exp=10800,2026-06-29T11:30:44+09:00,2026-06-29T11:30:44+09:00,ファイナンシャルフィールド,ffield,ファイナンシャルフィールド,1068,年収350万円の保育士です。仕事は好きですが、昇給が少なく将来が不安です。資格を生かして年収アップを目指すなら、どんな働き方があるのでしょうか？ 保育士として働くなかで、「子どもと関わる仕事は好きだけれど、このままの収入で将来は大丈夫だろうか」と感じる人は少なくありません。年収350万円は決して極端に低い金額ではありませんが、昇給が少ない職場では、結婚、住宅購入、老後資金などを考えたときに不安が大きくなります。 保育士資格は、保育園だけでなく、さまざまな職場で生かせます。大切なのは、今の仕事をすぐ辞めることではなく、どの働き方なら収入と働きやすさを両立できるかを知ることです。 ▼会社員で「年収1000万円」以上の割合は？ 大企業ほど高年収を目指せる？ 年収350万円の保育士が収入に不安を感じる理由 保育士は、子どもの命を預かる責任の重い仕事です。保護者対応、行事準備、記録作成などもあり、勤務時間外に仕事を抱えやすい職種でもあります。それにもかかわらず、昇給幅が小さい職場では、将来の収入を想像しにくくなります。物価が上がれば、同じ年収でも生活の余裕は少なくなります。 また、保育園では役職の数が限られています。主任や園長のポストが空かなければ、経験を積んでも収入が大きく増えにくいことがあります。そのため、同じ園で頑張るだけでなく、資格を生かせる別の働き方にも目を向けることが大切です。 保育士資格を生かして年収アップを目指す働き方 まず考えたいのは、今の保育園で主任、副主任、専門リーダーなどの役職を目指す方法です。役職に就くと手当がつく場合があり、収入アップにつながります。検索上位の記事でも、主任保育士は役職手当などが支給される場合があり、一般の保育士より給与が高くなる傾向があります。 次に、給与水準の高い職場へ転職する方法があります。たとえば、企業内保育所、病院内保育所、認定こども園、自治体の保育職などです。勤務先によって基本給や賞与、手当は大きく違います。同じ仕事内容でも、職場を変えるだけで年収が上がることがあります。 さらに、児童発達支援施設や放課後等デイサービスで働く道もあります。発達に特性のある子どもを支援する仕事で、保育士資格が歓迎されることがあります。一定の実務経験を積み、必要な研修を修了すれば、児童発達支援管理責任者を目指せる場合もあります。 保育士経験を生かして、ベビーシッター、保育系企業、保育士向け研修講師、教材会社などに進む人もいます。現場以外でも、保育士資格と経験は強みになります。,[],[]
病院でもらう薬が「市販薬」より高くなることも？ 2027年3月から負担が増えると聞きましたが、受診せず薬局で買ったほうが安いのでしょうか？（ファイナンシャルフィールド）,https://news.yahoo.co.jp/articles/9a0a002974eefd848aa2ad85c104ab96f2ed3e9c,https://newsatcl-pctr.c.yimg.jp/t/amd-img/20260629-00010012-ffield-000-1-view.jpg?exp=10800,2026-06-29T09:40:08+09:00,2026-06-29T09:40:08+09:00,ファイナンシャルフィールド,ffield,ファイナンシャルフィールド,1127,病院でもらう薬が「市販薬」より高くなることも？ 2027年3月から負担が増えると聞きましたが、受診せず薬局で買ったほうが安いのでしょうか？ 近年の日本は高齢化などさまざまな要因から医療費の増大が懸念されており、今回の法改正では処方薬にかかる負担額の増加という、私たちにとっても影響の大きな内容が含まれていることが話題になっています。では、具体的にどの程度「負担の増加」が考えられるのでしょうか。 本記事では、法改正によって想定される負担額の比較や、市販薬のほうが安く抑えられる可能性について解説します。 ▼定年退職時に、「1000万円」以上の貯蓄がある割合は日本でどれくらい？ 法改正により「OTC類似薬」の患者負担が上がる見込み 2026年5月、「OTC類似薬」を処方された患者に対して、薬剤費の25パーセント相当を「特別の料金」として求める仕組みを盛り込んだ改正健康保険法が成立しました。 「OTC類似薬」とは、市販されている医薬品と同程度の効果や成分が配合されている医療用医薬品を指します。医療用医薬品は医師からの処方が原則必要であることから、医療保険適用の対象となります。 ところが、市販のOTC医薬品は、購入者の全額自己負担です。OTC医薬品で代替可能とされる医療用医薬品があるにもかかわらず、患者の費用負担額に差があることはたびたび議論の的となっていました。 これに加え、かねてより医療費の増大が懸念されていた日本において、医療保険財政の負担軽減やOTC医薬品との患者負担額の公平性確保を図ることを目的としています。 厚生労働省の発表によると、今回の薬剤自己負担の見直しは令和9年（2027年）3月の施行を想定としたもので、対象医薬品はおよそ77成分、約1100品目にわたる見込みです。 「特別の料金」が加わると自己負担額はどう変わる？ 今回のOTC類似薬の見直しでは、前述のとおり薬剤費の25パーセント分が「特別の料金」として加わります。さらに残りの75パーセント分のうち、3割分を患者が負担する形になり、合わせて47.5パーセント分が実際の負担額となる想定です。 例えば、薬剤費が1000円のOTC類似薬を処方してもらうケースで考えてみましょう。現行制度では3割負担のため患者負担は300円です。 一方、見直し後は薬剤費の25パーセントにあたる250円の特別料金に加えて、残る75パーセント（750円）の3割にあたる225円を負担することになります。その結果、患者負担は合計475円程度となり、現行制度のおよそ1.6倍となる計算です。 ただし実際に医療機関で薬剤を処方される際は、初診・再診料、調剤料などが別途かかることにご留意ください。,[],[]
マンションの来客用駐車場に車をとめていたら、管理会社から「無断利用として3万円の罰金請求書」が届きました…「来客用」なのに「来客」が使ってダメなんですか？（ファイナンシャルフィールド）,https://news.yahoo.co.jp/articles/9f67af803f12c5595535ebcdb1afeb2b6e102dac,https://newsatcl-pctr.c.yimg.jp/t/amd-img/20260629-00010011-ffield-000-1-view.jpg?exp=10800,2026-06-29T09:20:10+09:00,2026-06-29T09:20:10+09:00,ファイナンシャルフィールド,ffield,ファイナンシャルフィールド,1340,マンションの来客用駐車場に車をとめていたら、管理会社から「無断利用として3万円の罰金請求書」が届きました…「来客用」なのに「来客」が使ってダメなんですか？ マンションの来客用駐車場に車をとめたところ、後日、管理会社から「無断利用」として請求書が届くケースがあります。 「来客用」と書かれている以上、訪問者が使ってもよいように思えますが、実際にはマンションごとに利用方法が決められている場合少なくありません。突然の請求に驚き、どう対応すればよいのか迷う人もいるでしょう。 そこで本記事では、マンションの来客用駐車場を使う際の注意点や、管理会社から請求を受けたときの確認ポイントについて解説します。 ▼町内会費の支払いを拒否したら「今後ゴミを捨てるな」と言われた！ 本当に従う必要はあるの？ 来客用駐車場でも自由にとめてよいとはかぎらない マンションの来客用駐車場は、名前の通り来客のために用意された駐車スペースです。ただし、「来客なら誰でも自由にとめてよい」という意味ではありません。マンションによっては、来客用駐車場を使う前に管理人室や管理会社へ申請するルールがあります。 例えば、部屋番号、利用者名、車のナンバー、利用時間を記入し、許可証を車内に置く形が一般的です。また、利用者が重ならないよう、事前予約制にしているマンションもあります。 このようなルールが設けられている理由は、限られた駐車場を住民全員で公平に使うためです。来客用駐車場の台数は少ないことが多く、誰かが無断で長時間とめると、本当に必要な人が利用できません。 たとえ短時間のつもりでも、他の住民からは許可なくとめている車と受け取られることもあるでしょう。そのため、来客がとめていたとしても、事前申請をしていない、利用時間を超えている、許可証を掲示していない場合は、管理会社や管理組合から無断利用とみなされる可能性があります。 3万円の請求は管理規約に根拠があるかで判断する 来客用駐車場のルールに反したとされると、後日、管理会社から請求書が届くこともあります。ただし、その書面に「罰金請求書」と書かれている場合は、言葉の意味にも注意が必要です。法律上の罰金は、国が刑罰として科すものですが、管理会社や管理組合が住民に刑罰として罰金を科すことはできません。 ただし、管理規約や使用細則に「無断利用の場合は違約金を請求する」といった定めがある場合、請求がまったく無効とはかぎりません。 例えば、使用細則に「来客用駐車場を無断で利用した場合、1回につき3万円を請求する」と明記されており、住民側が入居時や購入時にそのルールを確認できる状態だった場合は、請求の根拠になる可能性があります。 一方で、規約に金額の記載がないのに突然3万円を請求された場合や、金額が明らかに高すぎる場合は、疑問が残ります。実際に支払うべきかは、利用時間、過去の注意の有無、他の住民にも同じ対応をしているかなども関係します。 そのため、「来客用だから必ず無料で使える」とも、「請求書が来たから必ず払うべき」とも言い切れません。請求に応じるかどうかは、管理規約や使用細則に根拠があるかによって変わるため、まずは書面で内容を確認することが大切です。,[],[]
横浜から家族4人でディズニーランドへ。現地の駐車場と公共交通機関、どちらの利用がお得になりますか？（ファイナンシャルフィールド）,https://news.yahoo.co.jp/articles/d0ba6f330e0c8ed9d772e23bf8e9fd99889a6fe9,https://newsatcl-pctr.c.yimg.jp/t/amd-img/20260629-00010010-ffield-000-1-view.jpg?exp=10800,2026-06-29T09:20:02+09:00,2026-06-29T09:20:02+09:00,ファイナンシャルフィールド,ffield,ファイナンシャルフィールド,1012,横浜から家族4人でディズニーランドへ。現地の駐車場と公共交通機関、どちらの利用がお得になりますか？ 東京ディズニーランドは、国内屈指の人気テーマパークです。自家用車のほか、電車やバスなどの公共交通機関が利用しやすく、アクセスが良いとされます。パークは駐車場も充実している一方、東京ディズニーリゾートの公式Webサイトでは、連日の混雑が予想されるため、公共交通機関の利用が推奨されています。 ▼定年退職時に、「1000万円」以上の貯蓄がある割合は日本でどれくらい？ マイカーと公共交通機関、ディズニーランドへ行くならどちらが良い？ パーク内には複数の駐車場があり、開園前から閉園1時間後まで利用可能です。一方で、パーク最寄り駅の「JR舞浜駅」へのアクセスルートも豊富で、どちらの移動手段を選んでもスムーズにアクセスできます。 ■東京ディズニーリゾート駐車場の料金は2026年6月16日より改定 自家用車の場合、各ホテルに隣接する「東京ディズニーランド・パーキング」が利用可能です。料金は前払い制で、現金やクレジットカード、電子マネーなどに対応しています。なお、駐車料金は2026年6月16日から改定されるため、前後の金額は以下の表1をご確認ください。 表1 表1 出典：株式会社オリエンタルランド「東京ディズニーリゾートⓇ・ウェブサイト 交通アクセス」を基に作成 ■「横浜→舞浜」、家族4人で電車に乗るといくらになる？ 一方、電車利用で「横浜～舞浜」まで家族4人(大人2人、こども2人)で計算した場合、以下の表2のようになります。 表2 表2 出典：「株式会社駅探 乗換案内 (横浜～舞浜)」を基に筆者作成 一見すると、電車移動は自家用車よりかかるように見えます。ただし、道中でガソリンの給油を挟むケースなどは自家用車での移動が高くなる可能性があります。 ■東京ディズニーリゾートは公共交通機関の利用を推奨している 東京ディズニーリゾートⓇ公式Webサイトの「交通アクセス」では、曜日を問わず周辺道路の渋滞や駐車場の混雑が予想されるため、公共交通機関の利用を推奨しています。 東京ディズニーリゾートの最寄り駅は「JR舞浜駅」です。送迎バスや前述したルート例以外にも来園可能です。また、公式Webサイトでは、東京駅や成田・羽田空港からJR舞浜駅までの行き方が掲載されているほか、東京ディズニーシーへの移動方法も記載されています。,[],[]
PayPayでコンビニ払いをしたはずなのに、後日「カード会社から二重決済の通知」が！ お店に伝えたら「うちでは確認できません」と言われ… このまま戻ってこないのでしょうか？（ファイナンシャルフィールド）,https://news.yahoo.co.jp/articles/fb0b83b2870eaca5355262e7237463044d7e3974,https://newsatcl-pctr.c.yimg.jp/t/amd-img/20260629-00010009-ffield-000-1-view.jpg?exp=10800,2026-06-29T09:10:22+09:00,2026-06-29T09:10:22+09:00,ファイナンシャルフィールド,ffield,ファイナンシャルフィールド,1287,PayPayでコンビニ払いをしたはずなのに、後日「カード会社から二重決済の通知」が！ お店に伝えたら「うちでは確認できません」と言われ… このまま戻ってこないのでしょうか？ PayPayでコンビニ払いをしたあと、カード会社から「二重決済」のような通知が届くと、不安になる方は多いでしょう。 しかも、店舗に問い合わせても「こちらでは確認できません」と言われると、どこに相談すればよいのか分からなくなります。PayPay、カード会社、店舗のどこで確認すべきなのかを知っておくと、落ち着いて対応できます。 本記事では、PayPay決済後に二重決済の通知が来たときの確認方法や問い合わせ先、返金につなげるための対応について解説します。 ▼町内会費の支払いを拒否したら「今後ゴミを捨てるな」と言われた！ 本当に従う必要はあるの？ PayPayで払ったのにカード会社から二重決済の通知が来るのはなぜ？ PayPayで支払ったのにカード会社から通知が来るのは、PayPayの支払い方法にクレジットカードやPayPayカードを設定している場合があるためです。店頭ではPayPayで支払っていても、実際の決済処理としては、登録したカードに請求が発生することがあります。 また、カード会社の通知は「確定した請求」だけでなく、「利用があった」という速報で届く場合があります。そのため、通知が2回届いたからといって、必ず二重に引き落とされるとはかぎりません。 通知が2回届いた場合でも、カード会社の明細上で一時的に同じ金額が表示されているだけで、あとから片方が取り消されるケースもあります。これは、通信状況や決済処理のタイミングによって、利用情報の反映にずれが出ることがあるためです。 ただし、PayPayの取引履歴にも同じ金額の支払いが2件あり、カード明細にも2件残っている場合は、二重決済の可能性があります。この場合は放置せず、記録を確認して問い合わせることが大切です。 まず確認すべきはPayPayの取引履歴とカード明細 カード会社から同じ金額の利用通知が複数回届いた場合は、まずPayPayアプリの取引履歴を確認しましょう。取引履歴では、支払った日時や店舗名、金額、取引番号を見られます。 これらをカード会社の通知内容と照らし合わせ、同じ店舗で同じ金額の支払いが短時間に2件ある場合は、二重決済の疑いがあります。 次に、カード会社のアプリやWeb明細を確認します。ここで注意したいのは、「利用通知」と「請求確定」は別のものだという点です。通知が来ても、後日請求明細に反映されるまで内容が変わることがあります。そのため、すぐに返金されないからといって、必ず損をするとはかぎりません。 確認するときは、レシートも残しておくと安心です。レシートが1枚しかないなのに、PayPayやカードの履歴に同じ金額の決済が2件ある場合は、二重決済を説明する材料になります。 もしレシートをなくしてしまっても、アプリの取引履歴やカード明細のスクリーンショットを用意すれば、問い合わせ時の手がかりとして使えます。,[],[]
子ども2人の教育費と住宅ローンで、NISAは毎月「1万円」だけ…。同僚からは「それなら貯金するのと変わらない」と言われたのですが、やはり少額では意味がないのでしょうか？（ファイナンシャルフィールド）,https://news.yahoo.co.jp/articles/35197b4ca29d3d491e1500b18a44559a002c45cc,https://newsatcl-pctr.c.yimg.jp/t/amd-img/20260629-00010008-ffield-000-1-view.jpg?exp=10800,2026-06-29T08:50:01+09:00,2026-06-29T08:50:01+09:00,ファイナンシャルフィールド,ffield,ファイナンシャルフィールド,1085,子ども2人の教育費と住宅ローンで、NISAは毎月「1万円」だけ…。同僚からは「それなら貯金するのと変わらない」と言われたのですが、やはり少額では意味がないのでしょうか？ 「NISAを始めたいけれど、毎月1万円程度の積立では意味がないのでは」と考える人もいるかもしれません。特に教育費や住宅ローンなどの負担が大きい現役世代にとっては、まとまった投資資金を確保することが難しい場合もあるでしょう。 しかし、資産形成は必ずしも大きな金額から始めなければならないわけではありません。 ▼定年退職時に、「1000万円」以上の貯蓄がある割合は日本でどれくらい？ 少額であっても長期間積み立てることで、将来の資産形成につながる可能性があります。本記事では、月1万円からNISAを活用する場合の考え方や、少額投資がどのような効果を期待できるのかについて解説します。 月「1万円」のNISAは貯金と変わらない？ 月1万円の積立投資であっても、資産形成の第一歩として一定の意義があります。銀行の普通預金に預けていてもお金がほとんど増えない現代において、NISAを活用した積立投資は、少額からでも将来の資産形成を目指す方法のひとつと考えられます。 その理由は、投資信託の運用で得られる「複利効果」です。複利効果とは、運用で得た利益を再び投資に回すことで、利益がさらに利益を生み出していく仕組みのことです。雪だるまが転がりながら大きくなるように、長期間になるほど複利の効果が期待しやすくなります。 毎月1万円という金額は一見小さく感じられるかもしれません。しかし、10年、20年と長期間にわたって積み立てを続けることで、預貯金だけでは得にくい資産形成につながる可能性があります。 「月1万円」の運用シミュレーション では、実際に月1万円を貯金した場合と、NISAで運用した場合では、将来の資産額にどれくらいの差が出るのでしょうか。金融庁が提供している「つみたてシミュレーター」を使って、具体的な数字を見てみましょう。 毎月1万円を20年間、想定利回り（年率）3％で積立運用できたと仮定します。この場合、最終的な資産総額は約327万円に膨らみます。一方で、普通預金に月1万円を20年間預けても、利息はわずかです。仮に年0.3％の金利であれば、最終的な残高は247万円ほどにとどまります。 もし想定利回りが年率5％に上がった場合、最終的な資産総額は400万円を超えます。このように、月1万円という少額であっても、時間をかけて積み立てることで、貯金とは異なる成果を得ることができる可能性があるのです。,[],[]
会社員なのに確定申告したほうが得になることってありますか？ 医療費がかかった年や、副業で少し稼いだ人が得する金額のリアルな目安を教えてください。（ファイナンシャルフィールド）,https://news.yahoo.co.jp/articles/61f3a7943cd99afee3d8efbd4534ffc054e20eb3,https://newsatcl-pctr.c.yimg.jp/t/amd-img/20260629-00010007-ffield-000-1-view.jpg?exp=10800,2026-06-29T08:40:09+09:00,2026-06-29T08:40:09+09:00,ファイナンシャルフィールド,ffield,ファイナンシャルフィールド,1085,会社員なのに確定申告したほうが得になることってありますか？ 医療費がかかった年や、副業で少し稼いだ人が得する金額のリアルな目安を教えてください。 会社員は、勤務先の年末調整で税金の手続きが終わることが多く、確定申告を身近に感じにくいものです。ただし、医療費が多くかかった年や副業収入がある年は、いつもと同じ対応でよいのか迷う場面もあります。金額の見方を間違えると、必要な手続きや使える制度を見落とすかもしれません。 そこで本記事では、会社員が確定申告を考える場面について、医療費と副業を中心に目安を解説します。 ▼会社員で「年収1000万円」以上の割合は？ 大企業ほど高年収を目指せる？ 会社員でも確定申告をしたほうが得になるケースがある 会社員は、毎月の給与から所得税が差し引かれ、年末調整で税額が調整されます。そのため、多くの人は自分で確定申告をする必要がありません。 ただし、年末調整では対応できない控除があります。代表的なのが「医療費控除」で、1年間に支払った医療費が一定額を超えた場合に、所得から一部を差し引ける制度です。所得から差し引ける金額が増えると、支払う税金が少なくなり、所得税が戻ることがあります。 また、副業をしている人も注意が必要です。会社の給与以外に所得がある場合、その金額によっては確定申告が必要になります。確定申告は、税金を取り戻すためだけでなく、必要な手続きを正しく行うためにも大切です。 医療費控除を受けられる金額の考え方 医療費控除を考えるときは、1月1日から12月31日までに支払った医療費を合計します。対象になるのは、自分の分だけではありません。生計を同じくする配偶者や子どもなど、家族のために支払った医療費もまとめて計算できます。 一般的な目安は、「年間10万円を超えたかどうか」です。医療費控除では、実際に支払った医療費から保険金などで補てんされた金額を引き、さらに原則10万円を差し引いて計算します。ただし、所得が200万円未満の人は、10万円ではなく所得の5％が基準になります。 例えば、年間の医療費が15万円で保険金などの補てんがない場合は、5万円が医療費控除の対象です。所得税率が10％の人の場合、所得税の還付は約5000円が目安になります。さらに、医療費控除は住民税にも反映されるため、翌年度の住民税が軽くなる可能性もあります。 また、病院代のほかに、治療のための薬代や通院に利用した公共交通機関の交通費が対象になることもあります。そのため、領収書や支払い記録は捨てずに保管し、家族分も含めて一度合計してみましょう。,[],[]
お米は前年比+32%、フライドチキンも値上がり。2026年5月の小売物価統計から見えた「値上がりの今」（ファイナンシャルフィールド）,https://news.yahoo.co.jp/articles/49ca186a0a2a3a5e8ae4dfda2bbeb4d92170f2da,https://newsatcl-pctr.c.yimg.jp/t/amd-img/20260629-00010006-ffield-000-1-view.jpg?exp=10800,2026-06-29T08:40:02+09:00,2026-06-29T08:40:02+09:00,ファイナンシャルフィールド,ffield,ファイナンシャルフィールド,1057,お米は前年比+32%、フライドチキンも値上がり。2026年5月の小売物価統計から見えた「値上がりの今」 総務省が公表した「小売物価統計調査（動向編）2026年5月」は、全国主要都市における食料品・住居費・光熱費・教育費など幅広い品目の小売価格を収録したものです。前年同月・前月との比較データから、私たちの身近な生活費の「今」を読み解きます。 ▼4人家族で食費「月8万円」は高い？ 1人当たりの“平均”もあわせて解説 お米は前年比・前月比ともに小幅に下落 東京都区部のうるち米（コシヒカリ、5kg）は2026年5月で4870円。前年同月（4970円）と比べると約100円（約2%）の下落となっています。また、前月の4月（4966円）と比べても約96円（約2%）の小幅な下落となっており、直近の米価は落ち着いた動きを見せています。 コシヒカリ以外の品種でも5月は4741円（4月4811円）と前月比マイナスで推移しており、米価はピークアウトしつつある可能性があります。地域差も大きく、新潟市は3956円、長岡市は3788円と産地近隣では依然割安な水準です。 フライドチキンは前月比+20円、コーヒーは前月と変わらず 全国統一価格品目（第3表）では、外食のフライドチキン（1本）が330円と前月（310円）から20円（約6.5%）値上がりしました。これは前年同月比でも+20円の上昇で、1か月で一気に値が切り上がった形です。 一方、セルフ式コーヒー飲料は150円で前月と変わらず。ただし前年（130円）比では+20円（約15%）の水準を維持しています。ミネラルウォーター（配達）は4147円で前月と同水準で、飲料類は品目ごとに値動きが分かれています。 電気代は前月比+708円（+5.1%）で急上昇、家賃も小幅増 光熱費の動きが目立ちます。東京都区部の電気代（月402kWh使用）は5月が1万4533円で、前月4月（1万3825円）から+708円（約5.1%増）と急上昇しました。前年同月（1万4927円）と比べると下落しているものの、春から夏にかけての季節的な上昇圧力が出ています。 都市ガス代（月1465.12MJ）も5月が6060円と前月（5854円）から+206円（約3.5%増）となっており、エネルギーコスト全体が上昇傾向にあります。住居費では、東京都区部の民営家賃（3.3㎡あたり）が5月9937円と前月（9915円）から+22円の微増。前年同月比では+194円（+2%）と、じわりとした上昇が続いています。,[],[]
転勤で今の家を売るか貸すか迷っています。「数年後に戻る可能性があるなら賃貸もあり」と聞きましたが、空室や管理の手間を考えると売ったほうがよいのでしょうか？（ファイナンシャルフィールド）,https://news.yahoo.co.jp/articles/66d5643566337a1a2c075d897baaf1f2cad234b0,https://newsatcl-pctr.c.yimg.jp/t/amd-img/20260629-00010005-ffield-000-1-view.jpg?exp=10800,2026-06-29T08:30:02+09:00,2026-06-29T08:30:02+09:00,ファイナンシャルフィールド,ffield,ファイナンシャルフィールド,1005,転勤で今の家を売るか貸すか迷っています。「数年後に戻る可能性があるなら賃貸もあり」と聞きましたが、空室や管理の手間を考えると売ったほうがよいのでしょうか？ 転勤が決まり、今の家を売るか貸すかで悩む人は多いでしょう。数年後に戻る可能性があるなら、家を残しておきたいと考えるのは自然です。一方で、賃貸に出せば必ず家賃収入が入るとは限りません。空室、修繕、管理会社への手数料、入居者トラブルなども考える必要があります。 本記事では、転勤時に家を売るか貸すかを判断するポイントを、家計への影響を中心に解説します。 ▼住宅ローンは「繰上げ返済」すべき？ メリットについて解説 転勤時に家を売るか貸すか迷いやすい理由 持ち家を売れば、住宅ローンを完済しやすくなり、管理の手間もなくなります。転勤先で新しい生活を始めるうえでは、気持ちの整理もしやすいでしょう。 一方、売却してしまうと、数年後に戻ることになったとき、同じ家には住めません。周辺環境や子どもの学校、近所付き合いに愛着がある人ほど、手放す判断は難しくなります。 貸す場合は、家を残しながら家賃収入を得られる可能性があります。ただし、住宅ローンの返済、固定資産税、火災保険、修繕費、管理費などの負担は続きます。また、住宅ローンが残っている場合は、転勤などの事情について金融機関への相談が必要となることがあります。家賃収入だけでこれらの費用をまかなえるとは限りません。 つまり、売るか貸すかは「家を残したい気持ち」だけでなく、「家計に無理がないか」で考える必要があります。 数年後に戻る可能性があるなら賃貸は選択肢になる 転勤期間がある程度決まっていて、数年後に戻る可能性が高いなら、賃貸に出すことは選択肢になります。 たとえば、3年後に戻る見込みがあり、その地域で賃貸需要が高い場合は、定期借家契約を検討できます。定期借家契約とは、契約期間を決めて貸す契約です。期間満了後に家を明け渡してもらいやすいため、将来戻る予定がある人に向いています。 ただし、普通借家契約で貸すと、貸主の都合だけで簡単に退去してもらうことはできません。戻る可能性があるなら、契約の種類を慎重に選ぶ必要があります。 また、住宅ローンを利用している場合は、賃貸に出す前に金融機関へ相談しましょう。住宅ローンは本人が住むことを前提にしたローンです。無断で賃貸に出すと問題になる可能性があります。,[],[]
ふるさと納税をやりすぎたら、ただの「高い買い物」になって大損するって本当ですか⁉ 自分の上限額を、正確に調べる方法が知りたいです。（ファイナンシャルフィールド）,https://news.yahoo.co.jp/articles/235308802025d2eefa75416e2f5feb0ac9ae8500,https://newsatcl-pctr.c.yimg.jp/t/amd-img/20260629-00010004-ffield-000-1-view.jpg?exp=10800,2026-06-29T08:20:24+09:00,2026-06-29T08:20:24+09:00,ファイナンシャルフィールド,ffield,ファイナンシャルフィールド,1239,"ふるさと納税をやりすぎたら、ただの「高い買い物」になって大損するって本当ですか⁉ 自分の上限額を、正確に調べる方法が知りたいです。 ふるさと納税は、各地の返礼品を楽しめる制度として多くの人に利用されています。一方で、「どのくらい寄附しても大丈夫なのか」「寄附しすぎると損をするのか」と不安に感じる人もいるでしょう。特に、年収や家族構成が変わった年は、これまでと同じ感覚で利用してよいのか迷いやすいものです。 そこで本記事では、ふるさと納税をやりすぎた場合に起こることや、自分の上限額を調べる方法について解説します。 ▼会社員で「年収1000万円」以上の割合は？ 大企業ほど高年収を目指せる？ ふるさと納税をやりすぎると本当に損する？ ふるさと納税をやりすぎると、結果的に「高い買い物」になる可能性があります。ふるさと納税は、自治体に寄附をすると、寄附額のうち2,000円を超える部分について、所得税や住民税から控除を受けられる仕組みです。つまり、一定の範囲内であれば、実質2,000円の負担で返礼品を受け取れる制度といえます。 ただし、控除される金額には上限があるため、寄附した金額のすべてが税金から差し引かれるわけではありません。 例えば、控除上限額が5万円の人が8万円寄附した場合、上限を超えた3万円分は控除の対象外となり、その分は自己負担となります。その結果、実際に支払った金額のほうが返礼品を上回り、「思ったほど得ではなかった」と感じることもあります。 このような失敗を防ぐには、返礼品の内容だけで寄附先を決めるのではなく、まず「自分はいくらまで寄附できるか」を確認しておくことが大切です。 ふるさと納税の上限額を超えた分はどうなる？ 控除上限額を超えた寄附分は、基本的に自己負担になります。前述のとおり、ふるさと納税の控除には上限があり、特に住民税の特例控除は住民税所得割額の20％が限度です。そのため、上限を超えて寄附すると、超えた分まで十分に控除されず、自己負担額が増える可能性があります。 上限を超えて寄附すると、通常なら2000円程度で済むはずの負担が、1万円、2万円と増える可能性があります。返礼品を受け取れたとしても、自己負担額が大きくなれば、差し引きで考えて損になる場合があるため注意が必要です。 また、上限額は年収だけで決まるわけではなく、家族構成や各種控除の状況によっても変わります。例えば、配偶者控除や扶養控除、社会保険料控除、生命保険料控除、住宅ローン控除、医療費控除などがあると、控除上限額に影響することがあります。 特に、子どもが扶養に入った年や住宅ローン控除を受ける年は、上限額が下がることがあるため、前年と同じ感覚で寄附するのは避けたほうが安心です。 「去年と同じくらいなら大丈夫」と思っていると、気づかないうちに寄附しすぎてしまうことがあります。ふるさと納税を利用する際は、毎年の収入や控除の状況を確認したうえで、寄附額を決めましょう。",[],[]
痩せても太ってもお金がかかる？体型変化による「クローゼット破産」を防ぐコツと、賢いダイエット投資の考え方（ファイナンシャルフィールド）,https://news.yahoo.co.jp/articles/1edbbdfec5559436c7ebc947633a62cd8a5772ea,https://newsatcl-pctr.c.yimg.jp/t/amd-img/20260629-00010003-ffield-000-1-view.jpg?exp=10800,2026-06-29T08:20:10+09:00,2026-06-29T08:20:10+09:00,ファイナンシャルフィールド,ffield,ファイナンシャルフィールド,927,痩せても太ってもお金がかかる？体型変化による「クローゼット破産」を防ぐコツと、賢いダイエット投資の考え方 ダイエットや妊娠・出産などの体型変化により、持っていた衣服のサイズが合わなくなり「クローゼット破産」が起きる可能性があります。本記事では、事前の対策や衣服の賢い扱い方を解説します。 ▼定年退職時に、「1000万円」以上の貯蓄がある割合は日本でどれくらい？ 体型が変わったときに発生する意外な費用 大きく体型が変わると、服の買い替えや仕立て直しが必要になります。1から服を揃え直すとなれば、どの程度の出費になるのでしょうか。総務省統計局の「家計調査結果」によると、二人以上の世帯における「被服及び履物」の消費支出はひと月あたり平均1万63円です。 体型変化に伴い、衣服を一新する場合の出費を比較してみましょう。春夏・秋冬の2シーズンで各15枚（トップス7枚、ボトムス5枚、アウター3枚の計30枚）を入れ替える想定ケースで試算します。 ・服のお直し（1着約3000円と仮定）: 3000円×15枚×2シーズン=年間約9万円 ・新しい服を購入（1着約1000円と仮定）: 1000円×15枚×2シーズン=年間約3万円 新調するほうが年間で約6万円低く抑えられる計算ですが、お直しの場合でも1ヶ月あたりに換算すると7500円となり、家計調査の平均額を下回るようです。 ただし、体型が安定しない時期に「安いから」と買い溜めすると、シーズンごとに1万5000円以上を無駄にするリスクがあるため注意しましょう。 ダイエットにかかる費用の「相場」 体型を戻すためのダイエットコストは、手法によって大きく異なります。 ■宅トレからジム・医療ダイエットまでの料金相場 比較的低コストで行える宅トレや食事管理アプリから、高コストなジムや医療ダイエットまでの料金相場は以下の表1のようになります。 表1 表1 ※参考資料を基に筆者作成 ■高いから効果がある訳ではない 高額な手法ほど確実な効果があるわけではありません。ライフスタイルに合わなければ継続できず、これまでの投資が「サンクコスト（埋没費用）」になる恐れがあります。合わないと感じたら早めに見極めることが大切です。,[],[]
『ポケットモンスター』ジムリーダーの年収はいくら？ 地域リーダーの収入モデルを調査！（ファイナンシャルフィールド）,https://news.yahoo.co.jp/articles/c591fbafcaca6b0291ff670ff4d727c510eaf70f,https://newsatcl-pctr.c.yimg.jp/t/amd-img/20260629-00010002-ffield-000-1-view.jpg?exp=10800,2026-06-29T08:10:11+09:00,2026-06-29T08:10:11+09:00,ファイナンシャルフィールド,ffield,ファイナンシャルフィールド,973,『ポケットモンスター』ジムリーダーの年収はいくら？ 地域リーダーの収入モデルを調査！ 『ポケットモンスター』シリーズでは、主人公に立ちはだかる存在として「ジムリーダー」が登場します。主人公とポケモンバトルを行い、成長を促す役割を持つジムリーダーですが、彼らの仕事を現実世界に置き換えると、どのような職業が想定されるでしょうか。 本記事では「地域のリーダー」として、ジムリーダーの年収をシミュレーションしていきます。 ▼会社員で「年収1000万円」以上の割合は？ 大企業ほど高年収を目指せる？ そもそも「ポケモントレーナー」は職業なのか はじめに、「ポケモン世界」における「ポケモントレーナー」そのものについて考察します。アニメ版ポケットモンスターの「サトシ」も、数々のジムリーダーもみな「ポケモントレーナー」です。 ■本業が確認できるケース・できないケース 「ポケモントレーナー」が職業であるかどうかという点については、「本業が確認できるケース・できないケース」で判断が分かれそうです。 アニメ版サトシのようにポケモンバトルの旅のみをしている場合、「純粋なポケモントレーナー」といえるのではないでしょうか。一方、トレーナーの中には「ふなのり」「でんきやのオヤジ」など、明らかに本業があると推測される人々もいます。そのため、ポケモントレーナーは職業というよりも、「肩書の1つ」として判断するのが自然かもしれません。 なおジムリーダーに関しても、例えばシンオウ地方の「マキシ」はプロレスラーと兼業しています。そのほかイッシュ地方の「ハチク」は俳優でもあるなど、「ジムリーダー全員がその職務に専念している」との断定は難しいかもしれません。 ■「ジムリーダー」を現実に換算するとどんな職業になるのか ジムリーダーになるきっかけは、世襲（カントー地方のキョウ→アンズなど）や前任者と関わりによるもの（ホウエン地方のミクリ→アダンなど）などケースバイケースです。 「ポケモン」の世界で行政の関与を示唆する場面が登場するのは基本的にまれであり、ジムリーダーの社会的な立場も明確に示されてはいません。 作品の世界観としてポケモンバトルの実力が重要視されている点から、今回は「実力を認められている人物が、行政から委託を受けて地域の統括を任されている」と仮定します。,[],[]
大学時代の友人が「メキシコ」までサッカー観戦に行ってきたそうです！ たしかGWにも海外旅行へ行ったばかり…去年「課長」に昇進したそうですが、海外旅行を年に何度も楽しめるほど年収は高いのでしょうか？（ファイナンシャルフィールド）,https://news.yahoo.co.jp/articles/f6a116eb5241384e742cbb78e0028c25137cc31f,https://newsatcl-pctr.c.yimg.jp/t/amd-img/20260629-00010001-ffield-000-1-view.jpg?exp=10800,2026-06-29T07:50:10+09:00,2026-06-29T07:50:10+09:00,ファイナンシャルフィールド,ffield,ファイナンシャルフィールド,1267,大学時代の友人が「メキシコ」までサッカー観戦に行ってきたそうです！ たしかGWにも海外旅行へ行ったばかり…去年「課長」に昇進したそうですが、海外旅行を年に何度も楽しめるほど年収は高いのでしょうか？ サッカーワールドカップの開催で、現地観戦に憧れる人も多いのではないでしょうか。実際に海外まで足を運ぶとなると、まとまった費用が必要になります。 そんな中、大学時代の友人から「メキシコまでサッカー観戦に行ってきた」と聞くと、「この前のゴールデンウィークも海外旅行へ行っていたのに、そんなに収入が高いのだろうか」と気になる人もいるかもしれません。今回のケースでは、友人は昨年課長に昇進したそうですが、課長級の年収はどの程度なのでしょうか。 この記事では、厚生労働省のデータをもとに、課長級の平均年収や、年に何度も海外旅行を楽しめる家計の考え方について解説します。 ▼会社員で「年収1000万円」以上の割合は？ 大企業ほど高年収を目指せる？ 課長級の平均年収は約872万円 会社の課長は、部署やチームをまとめる立場です。部下の管理や業務の進行、上司との調整などを担うため、責任は大きくなります。その分、一般社員より給与が高くなる傾向があります。 厚生労働省「令和7年賃金構造基本統計調査」によると、課長級の「きまって支給する現金給与額」は54万4100円、「年間賞与その他特別給与額」は219万1900円です。 これをもとに、「きまって支給する現金給与額×12ヶ月＋年間賞与その他特別給与額」で概算すると、課長級の年収は872万1100円となります。 一方、非役職者の「きまって支給する現金給与額」は34万2700円、「年間賞与その他特別給与額」は86万6400円です。年収概算は「34万2700円×12ヶ月＋86万6400円」で497万8800円となります。 課長級の年収は、非役職者と比べると約374万円高い水準です。昇進によって収入が大きく増え、旅行や趣味に使えるお金に余裕が生まれる人もいるでしょう。 年収約872万円なら海外旅行を年に何度も楽しめる？ 年収約872万円と聞くと、かなり余裕があるように感じるかもしれません。ただし、海外旅行を年に何度も楽しめるかどうかは、年収だけでは判断できません。 例えば、メキシコへの旅行は航空券、ホテル代、現地での食費、観戦チケット代などがかかります。大型連休や人気イベントの時期であれば、費用はさらに高くなりやすいでしょう。 一方で、早めに航空券を予約したり、宿泊先を工夫したりすれば、費用を抑えられる場合もあります。マイルやクレジットカードのポイントを使って、航空券代やホテル代の一部を節約している人もいます。 また、同じ年収でも、家族構成や住んでいる地域、住宅ローンの有無によって自由に使えるお金は大きく変わります。独身で家賃や生活費を抑えている人なら、旅行に多くのお金を回しやすいでしょう。反対に、教育費や住宅費の負担が大きい家庭では、年収が高くても旅行費を確保しにくい場合があります。,[],[]
突然の入院で「自己負担」が激増するって本当!? 『高額療養費制度』見直しで、損をするのはどんな人でしょうか？（ファイナンシャルフィールド）,https://news.yahoo.co.jp/articles/a1aa40abba2542041a1262ed1a677c122288007e,https://newsatcl-pctr.c.yimg.jp/t/amd-img/20260629-00010000-ffield-000-1-view.jpg?exp=10800,2026-06-29T07:40:02+09:00,2026-06-29T07:40:02+09:00,ファイナンシャルフィールド,ffield,ファイナンシャルフィールド,955,突然の入院で「自己負担」が激増するって本当!? 『高額療養費制度』見直しで、損をするのはどんな人でしょうか？ 大きな病気やけがで入院や手術をしたとき、日本の公的医療保険には「高額療養費制度」という心強い仕組みがあります。これは、1ヶ月に医療機関の窓口で支払う医療費が一定の上限額を超えた場合、その超えた分が払い戻される制度です。 現在、この制度の見直し方針が政府から公表されており、令和8年8月および令和9年8月からの段階的な実施が予定されています。一人当たりの医療費の伸びなどを踏まえて月ごとの自己負担限度額が引き上げられるため、急な病気やけがの際に一時的に必要な現金が増える可能性があります。 一方で、治療が長期にわたる方への配慮として新たに「年間上限」が設けられるなど、結果として負担が軽くなるケースも示されています。 今回の制度変更が私たちの家計にどのような影響を与えるのか、医療費への備え方とあわせて解説します。 ▼定年退職時に、「1000万円」以上の貯蓄がある割合は日本でどれくらい？ 高額療養費制度の見直しで患者負担が増える可能性がある 高額療養費制度は、医療費の自己負担が重くなりすぎないようにするための制度です。たとえば、手術や入院で医療費が高額になっても、年齢や所得に応じて1ヶ月の自己負担上限が決められています。上限を超えた分は後から払い戻されるため、医療費の不安を抑える役割があります。 一方で、政府は制度の持続可能性や世代間の負担の公平性を保つため、自己負担限度額を段階的に引き上げる方針を決めました。医療費が増え続ける中で、制度を維持するには見直しが必要という考え方です。 しかし、自己負担限度額が上がると、患者側の負担は増えます。特に現役世代ががんや難病などで治療を受ける場合、医療費だけでなく、休職や時短勤務による収入減も重なることがあります。教育費や住宅ローンを抱えている家庭では、数万円の負担増でも家計に大きく響くでしょう。 こうした懸念を受け、第221回国会では、中道改革連合などの野党が「全ての国民が安心して医療を受けられる環境の整備を図るための高額療養費等の制度の在り方に係る措置に関する法律案」を衆議院に提出しました。生活実態に合った制度設計を政府に求める内容です。,[],[]
