headline,mainEntityOfPage,image,datePublished,dateModified,author,media_en,media_jp,str_count,body,images,external_links
来週(13日～)の北海道は晴れて5月並みの暖かさも　桜前線の上陸は平年より早く（tenki.jp）,https://news.yahoo.co.jp/articles/22746c3d3252911cfadf2e43aa2fa13f897f537a,https://newsatcl-pctr.c.yimg.jp/t/amd-img/20260409-00034353-tenki-000-1-view.jpg?exp=10800,2026-04-09T18:15:31+09:00,2026-04-09T18:15:31+09:00,tenki.jp,tenki,tenki.jp,886,"画像：tenki.jp
今日9日(木)、札幌管区気象台から最新の1か月予報が発表されました。向こう1か月の北海道は、気温が平年より高く経過する見込みです。特に期間のはじめは、気温がかなり高くなるでしょう。その影響もあり、桜の開花は平年よりかなり早くなる所が多い見込みです。朝晩と日中の気温差が大きくなるため、お花見などで外出する際は、調節しやすい服装が良さそうです。
1週目(4/11～4/17)　12日にかけて雪の降る所や積もる所も　13日以降は暖かく
画像：tenki.jp
明日10日(金)から11日(土)にかけては、前線を伴った低気圧の影響で広く雨が降るでしょう。前線の通過に伴い、北からは寒気が流れ込みます。12日(日)にかけては、道北の山地など標高の高い所で雪となることもあるでしょう。積雪状態となる恐れがあるため、峠越えをする方は冬装備で移動するのがよさそうです。

13日(月)以降は、高気圧の圏内となり、全般に晴れて日差しに恵まれる見込みです。気温は平年より4度ほど高い日が多く、全般に15度くらいまで上がるでしょう。4月下旬から5月並みの気温となりそうです。
2週目(4/18～4/24)　平年より気温が高く　札幌などで続々と桜が開花に
画像：tenki.jp
2週目の気温も平年より高めで経過する所が多くなりそうです。その影響もあり、桜の開花も平年よりかなり早くなる見込みです。昨日8日(水)に発表された最新の開花予想によると、道内の最も早い所で、道南の松前が平年より11日早い4/16(木)、札幌は4/19(日)で、平年より12日早い予想です。
3～4週目(4/25～5/8)　道内の桜の開花、遅い所でもゴールデンウィーク前後に
北海道の桜は、ゴールデンウィーク前後に見頃を迎える所も多いでしょう。ゴールデンウィークにはお花見を楽しむことができそうです。気温は平年より高めで経過しますが、朝晩と日中の気温差が大きい見込みです。夜桜を見るなど、帰りが遅くなる方は、上着で調節するなどの対策をするのが良さそうです。
日本気象協会 北海道支社 和田　優希",[],[]
関東から九州はゴールデンウィークにかけて雨が多い　熱中症対策は早めに　1か月予報（tenki.jp）,https://news.yahoo.co.jp/articles/ef94b89d8adfa9a703c58fcfc21cd67729967c89,https://newsatcl-pctr.c.yimg.jp/t/amd-img/20260409-00034352-tenki-000-1-view.jpg?exp=10800,2026-04-09T18:11:12+09:00,2026-04-09T18:11:12+09:00,tenki.jp,tenki,tenki.jp,2248,"画像：tenki.jp
気象庁が今日9日発表した最新の1か月予報によりますと、この先1か月の気温は全国的に平年より高い予想で、早めの熱中症対策が必要です。一方、この先、東日本太平洋側と西日本では降水量が平年並みか多いでしょう。ゴールデンウィークは晴れる日が貴重となりそうで、計画は気象情報を確認しながら決めると良さそうです。
数値予報モデルによる予測結果
画像：tenki.jp
今日9日、気象庁は最新の1か月予報を発表しました。
それによりますと、1か月平均の海面気圧では本州南岸に弱い気圧の谷があり、東日本太平洋側と西日本では、低気圧や前線の影響を受けやすい見込みです。日照時間は平年並みか少なく、降水量は平年並みか多くなりそうです。ゴールデンウィークの天気にも影響し、東日本や西日本ではくもりや雨の日が多くなりそうです。

一方、上空の気温は全国的に平年より高く、暖かい空気に覆われやすいでしょう。最高気温が25℃以上の夏日となる日もあり、東日本や西日本、北日本の内陸でも最高気温30℃以上の真夏日となる日も出てきそうです。
本格的な夏の到来はまだ先ですが、体が暑さに慣れていない時期ですので、レジャーや屋外での作業の際は、こまめに水分や休憩をとるなどの熱中症対策が必要となりそうです。
ゴールデンウィーク　関東から九州は雨が多い
画像：tenki.jp
今週末から今月下旬ごろにかけては、全国的に天気は数日の周期で変わるでしょう。
北日本と東日本は、平年と同様の天候となりそうです。西日本では、今月中旬は平年に比べて晴れる日が少ないですが、下旬ごろは平年よりも晴れる日が多くなるでしょう。一方、沖縄・奄美は高気圧に覆われやすいため、平年に比べくもりや雨の日が少なく、日照時間は平年よりも多くなりそうです。

今月末からのゴールデンウィークは、東日本の太平洋側と西日本では低気圧や前線の影響を受けやすく、平年に比べて晴れる日が少なくなりそうです。関東から九州では、晴れる日は貴重で、ゴールデンウィークの計画は気象情報を確認しながら決めると良さそうです。また、低気圧が発達して雨や風が強まることもあり、旅行先や帰省の際の交通に影響が出る可能性もあります。最新の気象情報を確認するようにしてください。
一方、北日本や東日本日本海側、沖縄・奄美は、数日の周期で天気が変わるでしょう。北海道や東北のそれぞれ太平洋側や北陸は、晴れてお出かけ日和の日が多くなりそうです。
全国的に気温が高い　早めの熱中症対策を
この先の気温は、全国的に平年より高い予想で、季節先取りの暑さとなりそうです。
北日本と沖縄・奄美では、特に今月半ばごろまで気温がかなり高く、東日本西日本では、特に今月下旬にかけて気温がかなり高くなる見通しです。東海、北陸から九州南部にかけてと奄美地方には、今日9日「高温に関する早期天候情報」が発表されました。15日(水)ごろからかなりの高温が予想されていて、農作物の管理や、積雪の多い地域ではなだれに注意が必要です。

また、明後日11日(土)から13日(月)ごろにかけても、気温が平年を大幅に上回る所が多いでしょう。最高気温は25℃以上の夏日となる所も多くなり、内陸では30℃の真夏日に迫る所もありそうです。水分補給などの熱中症対策を心掛けるとともに、軽い運動やストレッチなどで、少しずつ体を暑さに慣れさせると良いでしょう。
一方で、朝晩と日中はまだ気温差が大きいため、服装で上手に調節し、体調を崩さないよう十分注意をしてお過ごしください。

【北日本】北海道・東北地方
【東日本】関東甲信・東海・北陸地方
【西日本】近畿・中国・四国・九州北部・九州南部
【沖縄・奄美】鹿児島県奄美地方・沖縄地方
暑熱順化をするために日常生活でできること
画像：tenki.jp
暑熱順化には、体を暑さに慣れさせることが重要です。個人差もありますが、暑熱順化には数日から2週間程度かかります。暑くなる前から余裕をもって暑熱順化のための動きや活動を始めましょう。
暑熱順化のための動きや活動には、次のようなものがあります。

・ウォーキングやジョギング
帰宅時にひと駅分歩く、外出時にできるだけ階段を使用するなど、少し汗をかくような動きをしましょう。目安としては、ウォーキングの場合の時間は1回30分、ジョギングの場合の時間は1回15分、頻度は週5日程度です。

・サイクリング
通勤や買い物など、日常の中で取り入れやすいのがサイクリングです。目安とし
ては、時間は1回30分、頻度は週3回程度です。

・筋トレやストレッチ
室内では、筋トレやストレッチなどで軽く汗をかくことができます。ただ、室内
の温度や湿度には十分注意して、暑くなりすぎたり、水分や塩分が不足したりし
ないようにしましょう。目安としては、時間は1回30分、頻度は週5回～毎日
程度です。

・入浴
シャワーのみで済ませず、湯舟にお湯をはって入浴しましょう。入浴の前後に
は十分な水分と適度な塩分を補給し、入浴して適度に汗をかくとよさそうです。
目安としては、入浴の頻度は2日に1回程度です。

暑熱順化ができても、数日暑さから遠ざかると効果はなくなってしまいます。自分が暑熱順化できているかを意識し、まだ暑熱順化できていないときには、こまめな水分補給や涼しい場所での休憩などで熱中症を予防しましょう。
日本気象協会 本社 田中　正史",[],[]
10日は雨や風が強まる　11日12日はお花見日和で20℃超え　北陸2週間天気（tenki.jp）,https://news.yahoo.co.jp/articles/f4c55e9470c8c10d6f8994b8dc902708a2b6516c,https://newsatcl-pctr.c.yimg.jp/t/amd-img/20260409-00034351-tenki-000-1-view.jpg?exp=10800,2026-04-09T16:07:50+09:00,2026-04-09T16:07:50+09:00,tenki.jp,tenki,tenki.jp,1953,"画像：tenki.jp
桜が例年より早い満開を迎えている北陸地方。明日10日(金)は広い範囲で雨が降り一時雨脚の強まる所があるでしょう。11日(土)から12日(日)は晴れて気温は20℃を上回り初夏の陽気に。お花見は今週末がラストとなりそうです。来週にかけても気温の高い傾向が続き、晴れる日は汗ばむ陽気になる日も出てきそうです。まだ体が暑さに慣れていない時期のため、急な暑さに注意しましょう。
10日(金)は広く雨　午後を中心に一時雨脚の強まる所も
画像：tenki.jp
明日10日(金)は低気圧が日本海を発達しながら進み、前線が北陸地方を通過する見込みです。このため、北陸地方は広い範囲で雨が降り、前線が通過する午後を中心に雷を伴い一時雨脚の強まる所がありそうです。沿岸部を中心に風もやや強く吹くでしょう。

石川県の加賀・能登では、明日10日(金)に大雨警報が発表される可能性が「中」で発表されています。あす10日(金)は雨の降り方に注意し、最新の気象情報をこまめに確認するようにしてください。(今日9日16時現在)
11日(土)～12日(日)は晴れてお花見日和　初夏の陽気に
画像：tenki.jp
11日(土)は東シナ海の高気圧が西から次第に張り出してくる見込みです。はじめ雲が多く雨の降る所がありますが、日中は天気が回復し、次第に晴れてくるでしょう。
12日(日)は高気圧に覆われるため、晴れてお花見日和となりそうです。ただ、気温は上昇し、13日(月)をピークに各地で20℃を超える所が多く、5月上旬から下旬並みの初夏の陽気となる見込みです。屋外で激しい運動や作業をされる方は、こまめな水分補給や休憩を心がけ、体調の変化に注意してください。

13日(月)後半から14日(火)にかけては、前線を伴った低気圧が本州の南岸を進む見込みです。天気マークにありませんが、一時的に雨の降る可能性もあるでしょう。

15日(水)からは高気圧に覆われて、再び天気は回復し晴れる見込みです。16日(木)は高気圧の後面に入り南から暖かい空気が流れ込むでしょう。最高気温は再び上昇し、内陸部を中心に気温25℃以上の夏日に迫る暑さの所も出てくるかもしれません。
2週間天気後半　高温に関する早期注意情報が発表　農作物の管理や積雪の多い地域ではなだれに注意
画像：tenki.jp
次に広く雨が予想されているのは、17日(金)頃になりそうです。ただ、予測にはまだ幅がありますので、常に最新の天気予報をご確認ください。

また、今日9日(木)14時30分、北陸地方に「高温に関する早期天候情報」が発表されました。
警戒期間　 4月15日頃からの約5日間
警戒事項　 かなりの高温(5日平均地域気温平年差+2.4℃以上)
北陸地方の向こう2週間の気温は暖かい空気が流れ込みやすいため、気温の高い日が多く、かなり高い日も多くなる見込みです。雪の残る地域ではなだれにご注意ください。
4月のうちから暑熱順化を意識しよう
画像：tenki.jp
暑熱順化(しょねつじゅんか)とは、体が暑さに慣れることです。暑い日が続くと、体は次第に暑さに慣れて(暑熱順化)、暑さに強くなります。

この時期は、体を暑さに慣れさせることが重要です。個人差もありますが、暑熱順化には数日から2週間程度かかります。暑くなる前から余裕をもって暑熱順化のための動きや活動を始めましょう。暑熱順化のための動きや活動には、次のようなものがあります。

・ウォーキングやジョギング
少し汗をかくような動きをしましょう。目安としては、ウォーキングの場合の時間は1回30分、ジョギングの場合の時間は1回15分、頻度は週5日程度です。

・サイクリング
通勤や買い物など、日常の中で取り入れやすいのがサイクリングです。目安としては、時間は1回30分、頻度は週3回程度です。

・筋トレやストレッチ
室内では、筋トレやストレッチなどで軽く汗をかくことができます。ただ、室内の温度や湿度には十分注意して、暑くなりすぎたり、水分や塩分が不足したりしないようにしましょう。目安としては、時間は1回30分、頻度は週5回～毎日程度です。

・入浴
シャワーのみで済ませず、湯舟にお湯をはって入浴しましょう。入浴の前後には十分な水分と適度な塩分を補給し、入浴して適度に汗をかくとよさそうです。目安としては、入浴の頻度は2日に1回程度です。

暑熱順化ができても、数日暑さから遠ざかると効果はなくなってしまいます。自分が暑熱順化できているかを意識し、まだ暑熱順化できていないときには、こまめな水分補給や涼しい場所での休憩などで熱中症を予防しましょう。
日本気象協会 新潟支店 今井　梢",[],[]
関東は急な暑さに注意　11日は東京都心で27℃と夏日が続出　熱中症対策を（tenki.jp）,https://news.yahoo.co.jp/articles/90cba8a2c6108182741d2eeb9a2bdcee9922681a,https://newsatcl-pctr.c.yimg.jp/t/amd-img/20260409-00034350-tenki-000-1-view.jpg?exp=10800,2026-04-09T15:05:12+09:00,2026-04-09T15:05:12+09:00,tenki.jp,tenki,tenki.jp,1195,"画像：tenki.jp
明日10日(金)の関東は雨が降りますが、気温は平年より高いでしょう。11日(土)は夏のような暑さになり、最高気温は東京都心で27℃、熊谷は29℃の予想です。熱中症にご注意ください。
10日は断続的に雨　南風が強まる
画像：tenki.jp
今日9日(木)は湿った空気の影響で、早い所では夜から雨雲がかかるでしょう。日付が替わる頃には、広い範囲で雨が降りだしそうです。明日10日(金)は低気圧が発達しながら日本海を進むため、雨が降ったりやんだりするでしょう。神奈川県や千葉県など、一部で雨の降り方が強まりそうです。

沿岸部を中心に南よりの風が強く、雨のわりに気温が上がるでしょう。最高気温は18℃から20℃くらいの所が多くなりそうです。夜も気温は横ばいで、暖かさが続くでしょう。
11日は夏日続出　熊谷などで29℃予想
画像：tenki.jp
11日(土)は、暖かい空気の流れ込みが続く所に日差しが加わり、夏のような暑さになるでしょう。最高気温は、東京都心で27℃と6月下旬並みの予想です。今年初めて、最高気温25℃以上の夏日になるでしょう。内陸ほど気温が上がりやすく、前橋とさいたま、宇都宮は28℃。埼玉県の熊谷と秩父、群馬県の舘林などで29℃の予想です。

12日(日)の最高気温は23℃前後の所が多く、極端な暑さは収まるでしょう。ただ、前橋で25℃など、夏日が続く所もありそうです。急な暑さによる体調不良にご注意ください。

まだ暑さに体が慣れていない時期で、熱中症にかかるリスクが高まります。無理をせず休憩をとり、喉が渇く前に水分をとるよう心がけてください。明日10日(金)のうちに、エアコンの試運転をしておくと良いでしょう。
暑くなる前から始めよう　熱中症予防
画像：tenki.jp
熱中症を予防するには、以下のポイントを心がけてください。

①暑くなり始めの頃から、暑さに備えて体づくりを行いましょう。「やや暑い環境」で「ややきつい」と感じる運動を毎日30分程度行い、体を暑さに慣れさせてください。

②できるだけ暑さを避けて、喉が渇く前から水分補給を心がけましょう。なるべく涼しい服装を心がけ、日傘や帽子も活用するのが効果的です。入浴の前後や起床後も、まずは水分を補給しましょう。汗を大量にかいた場合は、水分だけでなく、塩分補給も忘れないでください。

③暑さを我慢せず、エアコンを使って室内の温度を適度に下げましょう。室内に温度計を置き、室温を確認しながら調節するとよいでしょう。特に、換気を行う場合はこまめに再設定してください。もし少しでも体調が悪いと感じたら、無理をしないで、自宅で静養することが必要です。高齢者や子ども、障がいのある方は、特に熱中症になりやすいので、周りの方が気を配るなど十分ご注意ください。
日本気象協会 本社 青山　亜紀子",[],[]
来週にかけて「春の5K」黄砂や強風などに注意　気圧変化も大きく「6K」のおそれも（tenki.jp）,https://news.yahoo.co.jp/articles/746797eb87a89575e304a86084d13a050913dd17,https://newsatcl-pctr.c.yimg.jp/t/amd-img/20260409-00034349-tenki-000-1-view.jpg?exp=10800,2026-04-09T14:55:13+09:00,2026-04-09T14:55:13+09:00,tenki.jp,tenki,tenki.jp,1499,"画像：tenki.jp
明後日11日は東日本や西日本に「黄砂」が飛んでくる可能性があります。来週にかけて「春の5K」(黄砂・強風・寒暖差・乾燥・花粉)に、気圧変化を加えた「春の6K」に注意をしてお過ごしください。
11日(土)　黄砂が飛来する可能性
東日本や西日本では、低気圧や前線の通過後の明後日11日(土)に大陸から「黄砂」が飛来する可能性があります。黄砂とは、中国大陸奥地のタクラマカン砂漠やゴビ砂漠などで舞い上がった砂ぼこりが飛んでくる現象で、上空の強い風によって遠く離れた日本へも飛んできます。

自動車や洗濯物などに黄砂が付着し、汚れる可能性があります。洗濯物は部屋干しが安心です。車に黄砂が付着してしまった場合は、タオルやぞうきんで拭くと細かなキズをつけてしまうことがあります。高圧洗浄などの水洗いが効果的です。また、環境省によりますと、黄砂の飛来によってアレルギー症状や呼吸器疾患が悪化する可能性も指摘されており、注意が必要です。
強風や寒暖差など「春の5K」に注意
画像：tenki.jp
春に注意が必要なものとして、強風・寒暖差・乾燥・花粉・黄砂があり、それぞれ頭文字から「春の5K」と呼ばれています。特に来週にかけては、この「春の5K」に注意が必要です。

明日10日(金)は低気圧や前線の影響で、北日本から西日本で雨が強まり、風も強まって暴風となるおそれがあります。「強風」に注意が必要です。
明後日11日(土)と12日(日)は東日本や西日本で気温が上がり、最高気温25℃以上の夏日となる所もある見込みです。この先、日ごとのアップダウンが大きいほか、朝晩と日中との気温の差が15℃近くなることもあります。「寒暖差」で体調を崩さないよう注意してください。

また、この時期、晴れる日は湿度が下がるため、空気の「乾燥」に注意が必要なほか、スギ花粉やヒノキ花粉など飛散のピークを過ぎた所が多いものの、引き続き「花粉」の大量飛散にも注意してください。
気圧変化も大きく「春の6K」となる恐れも
画像：tenki.jp
「春の5K」に加え、明日10日(金)から12日(日)ごろにかけては、大きな気圧変化にも注意が必要です。
明日10日(金)は低気圧や前線の影響で、北日本から西日本の広い範囲で気圧が下がり、影響度が大きいでしょう。
一方、明後日11日(土)は気圧の上がる所が多くなりそうです。札幌や東京では12日(日)にかけて引き続き、影響度が大きくなりそうです。

気圧変化による症状には、頭痛やめまい、関節痛、首や肩のこり、全身倦怠感などがあります。気圧変化によって体調を崩しやすい方はご注意ください。また、気圧だけでなく気温の変化(寒暖差)でも症状が出ることがあります。ご注意ください。
気圧変化で症状が出る前に
画像：tenki.jp
気圧の変化によって辛い症状が出る前に、以下のような対策をとるとよいでしょう。

①規則正しい生活をしましょう。早寝、早起きを心がけて、睡眠時間をしっかり取るとよさそうです。食事はしっかりと、栄養のあるものを摂るようにしましょう。
②ハードスケジュールにならないように気をつけましょう。体調不良を避けられないときは、(予定変更は困難かもしれませんが)用事をずらしたりするのも効果的です。
③アルコールは控えめにし、水分・塩分を摂るようにしましょう。(ただし、塩分は摂りすぎるとむくみやすくなります)
④気圧予報をチェックする習慣をつけましょう。

医学的表記監修:せたがや内科・神経内科クリニック　久手堅司先生
日本気象協会 本社 田中　正史",[],[]
東海は今夜から雨　明日10日は雨風ともに強まる　新学期早々の大雨に注意（tenki.jp）,https://news.yahoo.co.jp/articles/c7e6c74e0015bd9872b365e9733dc8025128cb07,https://newsatcl-pctr.c.yimg.jp/t/amd-img/20260409-00034348-tenki-000-1-view.jpg?exp=10800,2026-04-09T12:45:19+09:00,2026-04-09T12:45:19+09:00,tenki.jp,tenki,tenki.jp,1367,"画像：tenki.jp
今日9日(木)の東海地方は、夜には広い範囲で雨が降る見込みです。明日10日(金)は、雨の一日となるでしょう。総雨量は100ミリ以上の大雨になる所がある見込みです。
東海地方の2週間天気
今日9日(木)は天気下り坂　夜は広い範囲で雨に
画像：tenki.jp
今日9日(木)、朝は晴れていましたが、西から雲が広がってきました。午後は、湿った空気の流れ込みが強まり、雲が多くなるでしょう。山間部など早い所では、夕方から雨が降り出す見込みです。夜は雨のエリアが拡大し、広い範囲で雨が降るでしょう。
花粉は、既に極めて多く飛んでいます。ヒノキ花粉が大量に飛んでいますので、対策を続けてください。
明日10日(金)は雨や風が強まる
画像：tenki.jp
明日10日(金)は、本州付近を低気圧や前線が通過するでしょう。南から暖かく湿った空気の流れ込みが強まるため、大気の状態が不安定になる見込みです。東海地方は、朝から本降りの所が多いでしょう。雨のピークは、昼前から夕方になる所が多く、ピーク時にはバケツをひっくり返したような激しい雨の降る所がある見込みです。大きめの傘でも足元が濡れてしまう降り方になりそうです。また、南寄りの風が強く吹き荒れるでしょう。
朝の通勤・通学の時間帯も、雨の降り方や風の強まりに注意が必要です。新一年生は、傘をさしての登校がまだ不慣れかもしれません。傘をさすといつもより視界が狭くなるため、親御さんは、いつも以上に周りをよく見て通学するように伝えてあげましょう。安全第一の登校を心がけてください。
予想24時間降水量　100ミリ以上の大雨の所も
画像：tenki.jp
明日10日(金)は、発達した雨雲がかかりやすく、雨量が多くなるでしょう。今日9日(木)18時以降に予想される24時間降水量は、山間部を中心に、オレンジ色で示される100～200ミリの大雨が予想されています。名古屋市内でも、黄色で示される50～100ミリのまとまった雨が予想されます。
東海地方は、ここ最近のまとまった雨で、ダムの貯水率は回復してきています。水不足は和らいでいますが、大雨に注意が必要な時期に入っています。明日10日(金)も、土砂災害や低い土地の浸水、河川の増水などに十分注意してください。また、竜巻などの激しい突風や落雷にも注意が必要です。
前線通過後、明日10日(金)夜には、雨は止む所が多くなるでしょう。
11日(土)は、晴れ間が戻り、汗ばむ陽気となる所もありそうです。
激しい雨って　どんな雨?
画像：tenki.jp
激しい雨は、1時間雨量が30ミリ以上～50ミリ未満の雨を表しています。これは、バケツをひっくり返したように降るイメージです。また、傘をさしていてもぬれるレベルで、木造住宅の屋内では、寝ている人の半数くらいが雨に気づくほどです。外では道路が川のようになり、高速道路を走る車は、タイヤと路面の間に水の膜ができて、ブレーキがきかなくなる「ハイドロプレーニング現象」が起こるおそれがあります。

激しい雨が降ると予想される所では(激しい雨が降った所では)、土砂災害や低い土地の浸水、河川の増水・氾濫を引き起こす可能性がありますので、注意が必要です。
日本気象協会 中部支社 竹下　のぞみ",[],[]
今日9日夜は関東～九州で雨　明日10日は雨や風が強まり荒天に　非常に激しい雨も（tenki.jp）,https://news.yahoo.co.jp/articles/5132c527913d6ab522cd1af55cc3f64f1a756934,https://newsatcl-pctr.c.yimg.jp/t/amd-img/20260409-00034347-tenki-000-1-view.jpg?exp=10800,2026-04-09T12:31:39+09:00,2026-04-09T12:31:39+09:00,tenki.jp,tenki,tenki.jp,1125,"画像：tenki.jp
今日9日午後は次第に雨の範囲が広がり、夜は九州から関東の広い範囲で雨となりそうです。明日10日は全国的に雨や風が強まるでしょう。局地的に非常に激しい雨が降り、警報級の大雨や暴風となる可能性があります。低い土地の浸水なとに十分注意が必要です。
今日9日　午後は雨の範囲が広がる
今日9日は、西から低気圧や前線が近づいている影響で、九州北部では朝から雨雲がかかっています。午後は次第に雨の範囲が広がり、夜は九州から東海にかけての広い範囲で雨となりそうです。西日本では局地的に雨脚が強まるでしょう。
関東でも夜遅くは所々で雨雲がかかるため、お帰りが遅くなる方は雨具をお持ちください。
明日10日　雨・風が強まり荒れた天気に
画像：tenki.jp
明日10日(金)は低気圧が発達しながら日本海を進み、前線が本州付近を通過し、西日本を中心に大気の状態が非常に不安定となる見込みです。西日本から北日本にかけて広く雨で、雨や風が強まって荒れた天気となりそうです。
明日10(金)朝の通勤通学の時間帯は西日本から東日本の広い範囲で雨が降り、風が強まって横殴りの雨となるでしょう。大きめの傘やレインコートを準備しておくと良さそうです。
西日本は午前中が雨のピークで、局地的に1時間に50ミリ以上の非常に激しい雨や、1時間に30ミリ以上の激しい雨が降るでしょう。東日本では、午後は所々で雷雨や激しい雨がありそうです。北日本も昼ごろから雨の範囲が広がるでしょう。
九州や中国地方、近畿、東海、北陸では警報級の大雨となる可能性があり、降り始めからの降水量が100ミリを超える所がありそうです。浸水や川の増水、土砂災害、道路の冠水などに注意してください。

雨とともに全国的に風が強まり、九州北部では暴風となる可能性があります。また、北海道や東北の一部は、発達した低気圧が近づいて、12日(日)にかけて暴風となる可能性があり、十分注意が必要です。
非常に激しい雨って　どんな雨?
画像：tenki.jp
非常に激しい雨は、1時間雨量が50ミリ以上～80ミリ未満の雨を表しています。これは、滝のように降る雨で、ゴーゴーと降り続くイメージです。また、傘は全く役にたたないレベルで、木造住宅の屋内では、寝ている人の半数くらいが雨に気づくほどです。外では水しぶきで、あたり一面が白っぽくなり、視界が悪くなるため、車の運転は危険です。

まわりの雨水が集まると、その地点に降った雨の量よりも多く、水がたまることもあります。非常に激しい雨が降ると予想される所では、土砂災害や低い土地の浸水、河川の増水・氾濫に、十分ご注意ください。
日本気象協会 本社 田中　正史",[],[]
今日9日の近畿は次第に広く雨　明日10日は雨・風強まる　横殴りの雨に注意（tenki.jp）,https://news.yahoo.co.jp/articles/4f3d4a62ee443e135bd3bb7b7a7656c73558d228,https://newsatcl-pctr.c.yimg.jp/t/amd-img/20260409-00034346-tenki-000-1-view.jpg?exp=10800,2026-04-09T11:56:26+09:00,2026-04-09T11:56:26+09:00,tenki.jp,tenki,tenki.jp,717,"画像：tenki.jp
今日9日の近畿は、このあと西から次第に雨雲が流れ込み、夜は広く雨が降るでしょう。明日10日は雨や風が強まり、荒れた天気となるため、横殴りの雨にご注意ください。傘は大きめで丈夫なものを用意し、さらにレインコートなどがあると役に立つでしょう。
今日9日　近畿にも次第に雨雲流入
画像：tenki.jp
今日9日昼前の近畿は晴れた所が多いですが、次第に湿った空気が流れ込み、雲が広がってきています。兵庫県や京都府などは、すでに所々に雨雲がかかっています。

このあとは、高気圧の中心が東へ遠ざかり、前線を伴った低気圧が大陸から朝鮮半島付近へ進む見込みです。近畿では、湿った空気の流れ込みが強まり、夜には広い範囲で雨となるでしょう。お出かけの際は、忘れず傘をお持ちください。
明日10日は雨・風強まる　横殴りの雨に注意
画像：tenki.jp
明日10日は、前線を伴った低気圧が発達しながら日本海を進む見込みです。近畿には、暖かく湿った空気が流れ込み、午前中は広く雨が降るでしょう。雷雨や激しい雨となる所もある見込みです。中国山地や紀伊山地の南側で雨雲が発達しやすく、総雨量が多くなるおそれがあります。午後は、近畿全般に、雨の降り方が断続的になるでしょう。

また、低気圧や前線に向かって吹く南風が強まり、沿岸部を中心に強く吹く所がある見込みです。横殴りの雨となるため、傘は大きめで丈夫な物をご使用ください。レインコートやタオルなどがあると役に立つでしょう。新学期がスタートしたばかりのお子さんをお持ちの方は、雨の日の通学路の危険な場所を、今一度、親子で確認するようにしてください。
日本気象協会 関西支社 堂本　幸代",[],[]
明日10日は全国的に雨風強まる　11日から気温上昇　関東以西は夏日も　2週間天気（tenki.jp）,https://news.yahoo.co.jp/articles/5f07507925a98c90821798e38524aa5d1af71dfe,https://newsatcl-pctr.c.yimg.jp/t/amd-img/20260409-00034345-tenki-000-1-view.jpg?exp=10800,2026-04-09T11:33:13+09:00,2026-04-09T11:33:13+09:00,tenki.jp,tenki,tenki.jp,868,"画像：tenki.jp
明日10日は全国的に雨や風が強まるでしょう。雨とともに暖かい空気が入り、気温が上昇します。11日は関東を中心に25℃以上の夏日の地点が増えて、12日以降も夏日の所がありそうです。屋外での作業やスポーツなどをする際は、暑さ対策を心がけてください。
1週目:明日10日は荒れた天気　雨とともに暖かい空気が流入
画像：tenki.jp
明日10日(金)は、低気圧や前線が日本付近を通過します。全国的に雨で、前線が近づくタイミングで降り方が強まるでしょう。雨と同時に風も強まりそうです。低気圧のコースは北よりで、南からの暖かい空気が入りやすい状況です。雨でも気温は高く、寒さはないでしょう。
11日(土)は広く晴れそうです。日差しの後押しで気温がグンと上がり、関東を中心に25℃以上の夏日の所が多くなるでしょう。体が暑さに慣れていない時期です。屋外のレジャーやスポーツをする際は、体調を崩さないよう、こまめに水分を補給し、定期的に休憩をとるようにしてください。
天気は短い周期で変わり、13日(月)から14日(火)は西から前線が延びます。九州から東海、北陸で曇りや雨となり、関東も一部で雨が降るでしょう。
気温は全国的に平年より高く、12日(日)と16日(木)頃は所々で夏日となりそうです。
2週目:雨雲がたびたび通過　高温傾向続く
画像：tenki.jp
この期間も、天気が数日の周期で変化するでしょう。
17日(金)から18日(土)の前半は、気圧の谷が通過して、雨の範囲が九州から東北へと次第に移る見込みです。
19日(日)は広く晴れて、お出かけ日和となるでしょう。20日(月)から21日(火)は、九州から北海道にかけて、雨雲が通過しそうです。
気温は引き続き平年を上回るでしょう。九州から関東にかけて、日中は連日20℃を超えて、25℃くらいまで上がることもありそうです。朝晩も強い冷え込みはなさそうですが、それでも少しヒンヤリします。お出かけの時間帯に合わせて、服装で調節しましょう。
日本気象協会 本社 日直主任",[],[]
明日10日までに台風発生へ　「強い」勢力に発達する見通し　今後の動向に注意（tenki.jp）,https://news.yahoo.co.jp/articles/d36210437fd1ad633c8b68c4923fc4d995b0f17e,https://newsatcl-pctr.c.yimg.jp/t/amd-img/20260409-00034344-tenki-000-1-view.jpg?exp=10800,2026-04-09T11:14:29+09:00,2026-04-09T11:14:29+09:00,tenki.jp,tenki,tenki.jp,542,"画像：tenki.jp
熱帯低気圧が発達し、明日10日までに台風が発生する見通しです。強い勢力へと発達し、来週後半には日本の南の海上まで進む可能性があります。今後の動向に注意が必要です。
明日10日(金)朝までに台風発生へ
画像：tenki.jp
日本のはるか南、トラック諸島近海には熱帯低気圧が発生しています。台風のたまごとも言われるもので、今後の動向に注意が必要です。
この熱帯低気圧は今後発達することが見込まれ、明日10日(金)午前6時までには台風となる予想です。ゆっくりと西寄りに進み、海面水温28℃以上の海域を進んで発達を続け、強い勢力となる見通しです。

進路の予想には幅がありますが、来週後半には日本の南の海上へと進む可能性があります。台風が接近しなくても、海上で波が高くなったり、熱帯由来の暖かく湿った空気が流れ込んで大雨となったりすることがあります。最新の気象情報を確認するようにしてください。
台風　今年はこれまでに3個発生
今年(2026年)はこれまでに3つの台風が発生しています。
1月から3月まで毎月、台風が発生しています。この熱帯低気圧が台風に発達すれば、4か月続けての台風発生となり、2015年以来、11年ぶりとなります。
日本気象協会 本社 田中　正史",[],[]
気圧予報　今日9日から明日10日にかけて下降による影響度大　頭痛など要注意（tenki.jp）,https://news.yahoo.co.jp/articles/5295ec56adea703556529eea4f05a3f51edaf4ea,https://newsatcl-pctr.c.yimg.jp/t/amd-img/20260409-00034343-tenki-000-1-view.jpg?exp=10800,2026-04-09T09:29:52+09:00,2026-04-09T09:29:52+09:00,tenki.jp,tenki,tenki.jp,626,"画像：tenki.jp
向こう一週間も、気圧が上昇と下降を繰り返します。特に、明日10日にかけては、広い範囲で下降による影響度が大きくなるでしょう。
明日10日にかけて　低気圧が発達しながら通過
画像：tenki.jp
今日9日から明日10日にかけて、低気圧が発達しながら日本付近を通過します。このため、全国的に気圧が下降し、九州から北海道にかけて影響度が大きくなるでしょう。頭痛、めまい、首や肩のこり、全身倦怠感、関節痛、低血圧などに十分な注意が必要です。
11日から12日は、低気圧が離れ、高気圧に緩やかに覆われます。多くの所で気圧が上昇し、東日本と北日本で影響度が大きくなるでしょう。13日から14日は気圧が下降し、15日は再び上昇する所が多くなりそうです。下降するときに限らず、上昇するときにも症状が出るケースがあります。
気圧変化で症状がでたら
画像：tenki.jp
気圧の変化で症状が出た場合は、次のような対策を行うとよいでしょう。
①耳のマッサージや耳回し、首や肩のストレッチをこまめに行いましょう。
②首・肩・背中のストレッチ(できれば全身)を行うと効果的です。軽い運動もおすすめです。
③耳や首、肩を温めるのも有効です。
④気圧差や寒暖差対策には、38℃～40℃程度のぬるめのお湯に10分～15分ほど首までつかる入浴法が効果的です。

医学的表記監修:せたがや内科・神経内科クリニック　久手堅司先生
日本気象協会 本社 戸田　よしか",[],[]
午前は晴れる所が多い　各地で南風強まる　西から雨雲接近　今日4月9日(木)の天気（tenki.jp）,https://news.yahoo.co.jp/articles/e25b421d6a280aeaa35a408f16c032294cbef925,https://newsatcl-pctr.c.yimg.jp/t/amd-img/20260409-00034342-tenki-000-1-view.jpg?exp=10800,2026-04-09T06:45:14+09:00,2026-04-09T06:45:14+09:00,tenki.jp,tenki,tenki.jp,474,"画像：tenki.jp
今日9日(木)は、午前中は多くの所で晴れるでしょう。暖かい南よりの風が次第に強まり、気温が上がります。天気は下り坂で、午後は西から雨のエリアが広がるでしょう。
西から次第に雨雲広がる
今日9日(木)は、高気圧の中心が東へ移り、西から前線が延びてきます。
午前中は広い範囲で晴れる見込みです。雲が多めの西日本も、ときおり日が差すでしょう。ただ、九州北部では、にわか雨の可能性があります。
昼過ぎには九州に雨雲が広がり、夕方には中国と四国も雨具が必要になるでしょう。夜は、近畿や東海、北陸、関東甲信にかけても雨の所が増えてきそうです。
南風で気温上昇
画像：tenki.jp
全国的に、暖かい南よりの風が強まります。
最高気温は、前日と同じか高く、広く平年を上回るでしょう。
関東以西に加えて、東北でも20℃以上の所が多く、昼間は上着なしでも過ごせそうです。札幌をはじめ、北海道も15℃を超える所が多く、初夏を思わせる陽気となりそうです。
夜も南風が続き、雨の地域も気温はあまり下がらないでしょう。
日本気象協会 本社 日直主任",[],[]
花粉情報　今日9日　本州の広範囲で「極めて多い」　ピーク終了後もしばらく注意（tenki.jp）,https://news.yahoo.co.jp/articles/296f26fae63ad6240e5346f75429c1455e3a6e4b,https://newsatcl-pctr.c.yimg.jp/t/amd-img/20260409-00034341-tenki-000-1-view.jpg?exp=10800,2026-04-09T05:33:34+09:00,2026-04-09T05:33:34+09:00,tenki.jp,tenki,tenki.jp,694,"画像：tenki.jp
今日9日(木)も、日中は広く晴れて花粉が大量に飛ぶでしょう。ピークの時期はそろそろ終わりますが、晴れて気温が上がる日などは花粉が飛びやすくなります。花粉に敏感な方は、しばらく対策を続けると良さそうです。
昼頃まで広く晴れ　花粉が大量飛散
今日9日(木)は、昼頃にかけては多くの所で晴れるでしょう。西から前線が延びるため、夕方以降は西日本を中心に雨雲が広がります。
すでにピークが終了している九州も、ヒノキ花粉がやや多く飛ぶでしょう。中国と四国、近畿、東海、関東、北陸にかけて、ヒノキ花粉が飛びやすく、最も上のランク(紫色)の「極めて多い」所がほとんどです。東北はスギ花粉が大量に飛ぶでしょう。
ピーク過ぎても対策を
画像：tenki.jp
スギ花粉は、多くの所で3月末までにピークの時期を終え、飛散量は減少しています。仙台をはじめ東北でも、間もなくピークを過ぎるでしょう。
関東から四国にかけても、ヒノキ花粉の飛散がピークが間もなく終わりそうです。
画像：tenki.jp
ピークを過ぎても、すぐに花粉の飛散がなくなるわけではありません。雨上がりや、晴れて気温の高い日、風の強い日は特に注意が必要です。明日10日(金)は広く雨が降るため飛散が落ち着きますが、11日(土)は日差しが戻り、広い範囲で飛散量が増えるでしょう。12日(日)から15日(木)も、東北から東海を中心に花粉の飛びやすい状況が続きそうです。

その先、ゴールデンウィークの頃までは、例年同様に花粉の飛ぶ所があるでしょう。花粉に敏感な方は、対策を心掛けてください。
日本気象協会 本社 戸田　よしか",[],[]
