headline,mainEntityOfPage,image,datePublished,dateModified,author,media_en,media_jp,str_count,body,images,external_links
トヨタ、WRC第12戦チリに勝田貴元ら5台投入。あと7ポイントでマニュファクチャラーズ王座／ラリー・チリ・ビオビオ（オートスポーツweb）,https://news.yahoo.co.jp/articles/c8329aad02d4a31500910df1dd0906d16d4fc948,https://newsatcl-pctr.c.yimg.jp/t/amd-img/20260908-01349573-rcg-000-2-view.jpg?exp=10800,2026-09-07T20:26:33+09:00,2026-09-07T20:26:39+09:00,オートスポーツweb,rcg,オートスポーツweb,2454,勝田貴元（トヨタGRヤリス・ラリー1） 2026年WRC第12戦ラリー・チリ・ビオビオ TOYOTA GAZOO Racingワールドラリーチーム（TGR-WRT）は、9月10日（木）から13日（日）にかけて南米チリ中南部のビオビオ州で開催される2026年WRC世界ラリー選手権第12戦『ラリー・チリ・ビオビオ』に、セバスチャン・オジエ／ヴァンサン・ランデ組（1号車）、勝田貴元／ジェームス・フルトン組（18号車）、エルフィン・エバンス／スコット・マーティン組（33号車）、オリバー・ソルベルグ／エリオット・エドモンドソン組（99号車）に、TGR-WRT2からのサミ・パヤリ／マルコ・サルミネン組（5号車）を加えた計5台のトヨタGRヤリス・ラリー1で参戦する。2026年シーズン11勝目とマニュファクチャラーズタイトルの決定を目指して臨む1戦となる。 【写真】急遽コドライバーを変更して臨むことになった勝田貴元（トヨタGRヤリス・ラリー1） 2026年WRC第12戦ラリー・チリ・ビオビオ 第11戦ラリー・デル・パラグアイ終了から1週間の準備期間を経て、同じく南米大陸で行われる今大会へと舞台を移す。今年で5回目の開催を迎えるこのグラベルラリーは、チリの首都サンティアゴから南に約500km離れたビオビオ州の州都コンセプシオンを拠点に争われる。チームはパラグアイ終了後、5台のGRヤリス・ラリー1を整備し、アンデス山脈を越えてコンセプシオンへと車両を輸送した。 パラグアイでは24歳のパヤリが優勝を飾り、初優勝から3戦連続の勝利という歴史的快挙を成し遂げた。この結果、ドライバーズ選手権のチーム内争いはさらに激化している。首位エバンスと2位パヤリの差はわずか20ポイントとなり、3位に浮上したソルベルグはエバンスと41ポイント差につけた。ソルベルグと、4位に後退した勝田の差は15ポイントだ。前年大会の優勝者で現世界王者のオジエは、首位から68ポイント差の6位につけている。 一方、マニュファクチャラーズ選手権ではパラグアイの結果を受けてTGR-WRTが2位のライバルチームに173ポイントのリードを築いた。今シーズン残り3戦で獲得可能な最大ポイントは180ポイントであるため、今大会のチリで7ポイント以上を獲得すればタイトル決定となる。 なお、勝田とともにパラグアイでハイスピードなアクシデントに見舞われたコドライバーのアーロン・ジョンストンは、帰国後の検査で鎖骨骨折が判明した。競技復帰に向けた回復期間を確保するため、今大会は欠場することになった。チームはジョンストンの1日も早い回復を祈るとともに、復帰を心待ちにしているという。欠場するジョンストンの代役は、ジェームス・フルトンが務める。 フルトンのレギュラーパートナーであるTGR WRCチャレンジプログラムの山本雄紀は、前戦パラグアイに続きキャリア2回目の南米出場となる。フルトンが勝田と組むため、今大会は昨年2戦でコンビを組んだトピ・ルフティネンとともに参戦する。 今大会はステージ構成が大幅に変更され、合計競技区間311.18kmのうち約4割がWRC初登場となる。森林地帯に広がるグラベルステージはハイスピードなセクションとテクニカルなセクションが組み合わさり、スムースな路面とタイヤの摩耗が厳しいアブレシブな路面が混在する。雨や霧が発生すると、走行条件はさらに厳しさを増すことになる。 ラリーは現地時間10日（木）午前11時（日本時間ではおおむね同日午後11時ごろ）からシェイクダウンが行われ、夜7時からコンセプシオン中心部で行われるセレモニアルスタートを経て開幕する。 競技は11日（金）朝からスタート。デイ1はサービスパーク南東エリアで、大幅に改訂された3本のステージをミッドデイサービスを挟んで各2回走行する。 12日（土）のデイ2はサービスパーク南、ビオビオ川西側エリアが舞台となる。2025年大会と同じ3本のステージをミッドデイサービスを挟んで各2回走行し、合計距離139.20kmは3日間で最長の1日となる。全長28.31kmのSS9／12は今大会最長のステージだ。 最終日となる13日（日）のデイ3はサービスの設定がなく、2本のステージを各2回走行する。そのうちSS13／15はWRCで初めて使用される新ステージだ。4本合計71.20kmは3日間で最短となり、最終のSS16『ビオビオ2』は今年もトップ5タイムを記録した選手とマニュファクチャラーにボーナスポイントが与えられる『パワーステージ』に指定されている。16本のステージの合計距離は311.18km、リエゾンを含むラリー全体の総走行距離は1169.48kmが予定されている。 チーム代表代行のユハ・カンクネンは「波乱に満ちたパラグアイを終えて、南米での冒険をチリでも続けられるのを楽しみにしているよ」と話し、「チームは今週、クルマを新車同様の状態までリビルドするために懸命に作業を進めてきた」と、現地入りに向けた準備状況を明かした。 コース特性については、「理論上、チリはドライバーが楽しめる高速で流れるような道が続いて、比較的シンプルなラリーになるはずだ」としながらも、「それでも天候が予期せぬ事態をもたらすこともあると理解している」と、警戒感もにじませた。 さらにカンクネンは、目前に迫るマニュファクチャラーズタイトルについて「タイトルは目前に迫っていて、我々が獲得できる可能性はかなり高いと考えている」と自信を見せた。 一方で「ドライバーズタイトル争いはシーズン終盤に向けてますます白熱しているけど、我々は全クルーに平等に勝つチャンスを与え続けていく」と、公平な戦いの姿勢を強調した。 ラリー・チリ・ビオビオのシェイクダウンは、現地時間10日（木）午前11時、日本時間では同日午後11時のスタートが予定されている。 [オートスポーツweb 2026年09月07日],[],[]
【ポイントランキング】2026年WEC第5戦オースティン終了後（オートスポーツweb）,https://news.yahoo.co.jp/articles/ef990f5c0c419949300da29ebd325d88101accfe,https://newsatcl-pctr.c.yimg.jp/t/amd-img/20260908-01349570-rcg-000-3-view.jpg?exp=10800,2026-09-07T20:19:23+09:00,2026-09-07T20:19:29+09:00,オートスポーツweb,rcg,オートスポーツweb,2445,今季初優勝を飾った50号車フェラーリ499P（フェラーリAFコルセ） 2026年WEC第5戦ローン・スター・ル・マン 9月4日（金）から6日（日）にかけて、アメリカ・テキサス州のサーキット・オブ・ジ・アメリカズ（COTA）で、WEC世界耐久選手権第5戦『ローン・スター・ル・マン』が開催された。 【写真】母国戦でクラス優勝を果たしたハート・オブ・レーシング・チーム（27号車アストンマーティン・バンテージAMR LMGT3） 長いサマーブレイクを挟んで再開された2026年シーズン。その後半戦の初戦となったオースティンでの6時間レースは、トヨタを襲った終盤のドラマの末に50号車フェラーリ499P（フェラーリAFコルセ）が劇的な優勝を飾った。 タイトル防衛を目指すフェラーリは、この今季初勝利により現在3位につけるマニュファクチャラー選手権で、首位との差を戦前の44ポイントから26ポイントに縮めることに成功した。一方、トヨタは大量得点のチャンスを逃しつつも2番手のBMWとの差を9ポイントに拡げている。 ドライバーズランキングは、首位で並ぶ7号車トヨタのトリオと20号車BMWのトリオが揃ってノーポイントに終わったため、依然として6名が75ポイントで首位タイとなった一方、8号車トヨタのクルーがギャップを7ポイント縮めるとともにランキング4位に浮上した 27号車アストンマーティン・バンテージAMR GT3エボ（ハート・オブ・レーシング・チーム）が優勝したLMGT3クラスでも、選手権リーダーが無得点に終わったためランキング4位以下が差を縮める展開に。特筆すべきは4位でフィニッシュした21号車フェラーリのトリオで、ランキングでも4位に浮上した。なおランキングの上位3枠は依然として33号車コルベットのクルーが占めている。 2026年シーズン第5戦終了時点の各選手権ランキングは以下のとおりだ。 ■2026年FIAハイパーカー世界耐久ドライバーズ選手権（トップ10） Pos.／No.／Driver／Points 1／20／レネ・ラスト／ロビン・フラインス／75 1／7／小林可夢偉／マイク・コンウェイ／ニック・デ・フリース／75 3／20／シェルドン・ファン・デル・リンデ／65 4／8／ブレンドン・ハートレー／平川亮／セバスチャン・ブエミ／64 5／51／アレッサンドロ・ピエール・グイディ／アントニオ・ジョビナッツィ／ジェームス・カラド／58 6／15／ケビン・マグヌッセン／ラファエル・マルチェッロ／54 7／50／アントニオ・フォコ／ミゲル・モリーナ／ニクラス・ニールセン／54 8／15／ドリス・ファントール／48 9／35／アントニオ・フェリックス・ダ・コスタ／シャルル・ミレッシ／フェルディナント・ハプスブルク／44 10／12／ノーマン・ナト／ウィル・スティーブンス／44 ■2026年FIAハイパーカー世界耐久マニュファクチャラーズ選手権 Pos.／Manufacturer／Points 1／トヨタ／140 2／BMW／131 3／フェラーリ／114 4／キャデラック／80 5／アルピーヌ／66 6／アストンマーティン／52 7／プジョー／16 8／ジェネシス／12 ■2026年FIAエンデュランス・トロフィー・フォー・LMGT3ドライバー（トップ10） Pos.／No.／Driver／Points 1／33／ジョニー・エドガー／76 2／33／ニッキー・キャツバーグ／72 3／33／ベン・キーティング／54 4／21／アレッシオ・ロベラ／フランソワ・エリオ／サイモン・マン／54 5／92／リカルド・ペーラ／リヒャルト・リエツ／ヤッサー・シャヒン／49 6／23／グレイ・ニューウェル／ジョニー・アダム／49 7／91／アヤハンカン・ギュベン／ジェームス・コッティンガム／ティムール・ボグスラフスキー／48 8／23／エドゥアルド・バリチェロ／46 9／27／イアン・ジェームス／マティア・ドルディ／ザカリー・ロビション／44 10／69／アンソニー・マッキントッシュ／ダニエル・ハーパー／パーカー・トンプソン／43 ■2026年FIAエンデュランス・トロフィー・フォー・LMGT3チーム Pos.／No.／Team／Points 1／33／TFスポーツ／76 2／21／ビスタAFコルセ／54 3／92／ザ・ベンド・マンタイ／49 4／23／ハート・オブ・レーシング・チーム／49 5／91／マンタイDKエンジニアリング／48 6／27／ハート・オブ・レーシング・チーム／44 7／69／チームWRT／43 8／34／レーシング・チーム・ターキー・バイ・TF／43 9／87／アコーディスASPチーム／38 10／78／アコーディスASPチーム／37 11／10／ガレージ59／34 12／58／ガレージ59／22 13／32／チームWRT／22 14／61／アイアン・リンクス／17 15／88／プロトン・コンペティション／16 16／77／プロトン・コンペティション／12 17／79／アイアン・リンクス／6 18／54／ビスタAFコルセ／1 ■ポイントシステム 6時間レース 1st 2nd 3rd 4th 5th 6th 7th 8th 9th 10th 下記以外のラウンド 25 18 15 12 10 8 6 4 2 1 8時間・10時間レース 1st 2nd 3rd 4th 5th 6th 7th 8th 9th 10th カタール、バーレーン 38 27 23 18 15 12 9 6 3 2 24時間レース 1st 2nd 3rd 4th 5th 6th 7th 8th 9th 10th ル・マン 50 36 30 24 20 16 12 8 4 2 ※ポールポジション：＋1pt [オートスポーツweb 2026年09月07日],[],[]
角田裕毅への『処罰なし』の裁定にアウディが控訴の意向を表明。狙いは10位1ポイントか（オートスポーツweb）,https://news.yahoo.co.jp/articles/11976d255cf71b809c2faa97ae7c0d62d825e7a7,https://newsatcl-pctr.c.yimg.jp/t/amd-img/20260908-01349249-rcg-000-4-view.jpg?exp=10800,2026-09-07T18:21:30+09:00,2026-09-07T18:30:29+09:00,オートスポーツweb,rcg,オートスポーツweb,1316,2026年F1第13戦イタリアGP 角田裕毅（レーシングブルズ）とニコ・ヒュルケンベルグ（アウディ） アウディF1チームは、F1イタリアGPの再スタート時に角田裕毅（レーシングブルズ）が規則違反を犯した疑いについて審議を行った結果、ペナルティを科さないとしたスチュワードの裁定を不服として、控訴する意向をFIAに対して通知した。 【写真】2026年F1第13戦イタリアGP ガブリエル・ボルトレートとニコ・ヒュルケンベルグ（アウディ） シャルル・ルクレール（フェラーリ）がクラッシュし、赤旗中断となった後、全車が再スタートに向けてグリッドに向かった。その際に角田は14番グリッドにつかなければならなかったが、誤って15番グリッドに向かい、その後、進路を変えて、右側の14番グリッドのボックスへとマシンを停めた。その時、角田のマシンは規定の位置に収まっていたものの、斜めになっていたため、レースディレクターは、再度フォーメーションラップを行うことを決めた。 レース後、追加のフォーメーションラップを発生させたドライバーとして、角田にペナルティを科すべきかどうかの調査が行われたが、スチュワードは角田にその責任はないとの裁定を下した。その根拠は、追加のフォーメーションラップは、レースディレクターが角田車の位置のままレースをスタートすることに不安を感じたため、自身の判断で実施したことであり、角田がフォーメーションラップを発生させたわけではないということだった。 また、ペナルティ対象になるのは、追加フォーメーションラップの原因となったドライバーがピットレーンからスタートするという規定に反した場合だが、今回、レーシングブルズに対し、追加フォーメーションラップの原因であるとの通知は送られておらず、角田がピットレーンに入る理由はなかった。 こうした状況からスチュワードはペナルティは科さないと決め、角田はフィニッシュした順位である10位を維持することができた。しかしこの裁定に関してアウディは、控訴の意向をFIAに対して通知した。控訴の意向はスチュワードの決定から1時間以内に行わなければならず、その後、96時間以内に、実際に控訴を行うのか、取りやめるのかの判断を下すことになる。 アウディは声明のなかで次のように述べている。 「イタリアGP後、追加のフォーメーションラップを引き起こしたドライバーがピットレーンへ入り、そこからレースを再開することを求める第B5.9.4条の適用について、我々は懸念を申し立てた。スチュワードが『これ以上の措置は取らない』との決定を下したことを受け、我々は控訴する意向を通知した。現在、この問題はFIAの控訴手続きの対象となっているため、現段階ではこれ以上コメントしない」 アウディがこうした行動を起こしたのには、今回の裁定の結果に直接的な利害関係を持っているからだ。イタリアGPでガブリエル・ボルトレートは11位、ニコ・ヒュルケンベルグは12位でフィニッシュしており、角田にペナルティが下されれば、繰り上がり、ボルトレートがポイントを得る可能性がある。 [オートスポーツweb 2026年09月07日],[],[]
スーパーGT第6戦SUGOのエントリーリスト発表。GT500、GT300の2クラス43台が名を連ねる（オートスポーツweb）,https://news.yahoo.co.jp/articles/56ab2082f5fee60796754708c7fcc8e24f175f2a,https://newsatcl-pctr.c.yimg.jp/t/amd-img/20260908-01349551-rcg-000-3-view.jpg?exp=10800,2026-09-07T17:39:36+09:00,2026-09-07T18:41:24+09:00,オートスポーツweb,rcg,オートスポーツweb,3925,決勝スターティンググリッドに並んだホンダHRCプレリュードGT陣営 2026スーパーGT第5戦鈴鹿 9月7日、スーパーGTは9月19〜20日に宮城県のスポーツランドSUGOで開催される2026年第6戦『SUGO GT 300km RACE』のエントリーリストを発表した。前戦に引き続きGT500クラス14台、GT300クラス29台の計43台が名を連ねた。 夏の第5戦鈴鹿を終え、この第6戦SUGOからシーズン後半戦に入る2026年のスーパーGT。今大会は東北・宮城県に位置するスポーツランドSUGOを舞台に300kmレースとして争われ、チャンピオンシップを見据えた戦いも熾烈になってくる。 発表されたエントリーリストではトヨタ、ニッサン、ホンダの3メーカー14台が参戦するGT500クラスはラインアップに変更なし。サクセスウエイトはランキングトップの36号車au TOM’S GR Supraが上限100kgとなり、今大会でも燃料流量リストリクターおよびサクセス給油リストリクターを併用したハンディキャップが科される。 また、8号車ARTA MUGEN HRC PRELUDE-GT、14号車ENEOS X PRIME GR Supra、16号車ARTA MUGEN HRC PRELUDE-GT、38号車KeePer CERUMO GR Supra、100号車STANLEY HRC PRELUDE-GTの5台もサクセスウエイト50kg以上となることから、SUGO大会ではGT500クラス計6台に燃料流量リストリクターの調整が併用。シーズン後半戦ということでサクセスウエイトの数値も重くなってきている。 GT300クラスの各チームもラインアップは鈴鹿大会から継続となるが、NILZZ Racingの48号車健康ケーズフロンティアWMニルズGT-Rは第1ドライバーに藤原大暉を登録、ジェームス・プルとコンビを組む。ふたりは第2戦富士でもチームに2016年以来の入賞をもたらしており、SUGO大会でも注目の存在になるかもしれない。 第5戦鈴鹿の決勝レース後半に大クラッシュに見舞われた埼玉Green Braveの52号車Green Brave GR Supra GTは、マシンダメージが心配されたもののエントリーリストに名を連ねた。そしてseven x seven Racingの第2ドライバーには渡会太一が登録され、鈴鹿戦に続いて666号車seven x seven PORSCHE GT3R EVOでスヴェン・ミューラーとコンビを組む。 サクセスウエイトはランキングトップの56号車リアライズ日産メカニックチャレンジGT-Rを筆頭に、GT300クラスでは計10台のマシンにサクセス給油リストリクターの調整を併用したハンディキャップが科される。2026スーパーGT第6戦SUGOのエントリーリストは以下のとおり。 ■2026スーパーGT第6戦SUGO GT500クラスエントリーリスト No／Team／Car／Driver／Tyre／SW 8／Team HRC ARTA MUGEN／ ＃8 ARTA MUGEN HRC PRELUDE-GT／太田格之進／大津弘樹／BS／54kg 12／TEAM IMPUL／TRS IMPUL with SDG Z／平峰一貴／ベルトラン・バゲット／BS／40kg 14／TGR TEAM ENEOS ROOKIE／ENEOS X PRIME GR Supra／福住仁嶺／大嶋和也／BS／62kg 16／ARTA MUGEN／ ＃16 ARTA MUGEN HRC PRELUDE-GT／野尻智紀／佐藤蓮／BS／66kg 17／Astemo REAL RACING／Astemo HRC PRELUDE-GT／塚越広大／野村勇斗／BS／50kg 19／TGR TEAM WedsSport BANDOH／WedsSport BANDOH GR Supra／国本雄資／阪口晴南／YH／4kg 23／NISMO／MOTUL Niterra Z／千代勝正／高星明誠／BS／44kg 24／KONDO RACING／リアライズコーポレーション Z／名取鉄平／三宅淳詞／BS／22kg 36／TGR TEAM au TOM’S／au TOM’S GR Supra／坪井翔／山下健太／BS／100kg 37／TGR TEAM Deloitte TOM’S／Deloitte TOM’S GR Supra／笹原右京／ジュリアーノ・アレジ／BS／24kg 38／TGR TEAM KeePer CERUMO／KeePer CERUMO GR Supra／大湯都史樹／小林利徠斗／BS／54kg 39／TGR TEAM SARD／DENSO KOBELCO SARD GR Supra／関口雄飛／サッシャ・フェネストラズ／BS／34kg 64／Modulo Nakajima Racing／Modulo HRC PRELUDE-GT／大草りき／イゴール・オオムラ・フラガ／DL／0kg 100／STANLEY TEAM KUNIMITSU／STANLEY HRC PRELUDE-GT／山本尚貴／牧野任祐／BS／54kg ■2026スーパーGT第6戦SUGO GT300クラスエントリーリスト No／Team／Car／Driver／Tyre／SW 2／HYPER WATER Racing INGING／HYPER WATER INGING GR86 GT／堤優威／卜部和久／BS／80kg 4／GOODSMILE RACING & TeamUKYO／グッドスマイル 初音ミク AMG／谷口信輝／片岡龍也／YH／48kg 5／TEAM MACH／マッハ車検 エアバスター MC86 マッハ号／塩津佑介／荒尾創大／YH／26kg 6／VELOREX／UNI-ROBO BLUEGRASS FERRARI／片山義章／ニクラス・クルッテン／YH／28kg 7／CARGUY MKS RACING／CARGUY Ferrari 296 GT3 EVO／ザック・オサリバン／梅垣清／YH／88kg 9／PACIFIC RACING TEAM／PACIFIC ウマ娘 NAC BMW／冨林勇佑／藤原優汰／MI／52kg 11／GAINER／GAINER TANAX Z／富田竜一郎／大木一輝／DL／18kg 18／TEAM UPGARAGE／UPGARAGE AMG GT3／小林崇志／新原光太郎／YH／40kg 20／SHADE RACING／シェイドレーシング RC F GT3／平中克幸／清水英志郎／MI／0kg 22／R’Qs MOTOR SPORTS／アールキューズ AMG GT3／加納政樹／和田久／YH／0kg 25／HOPPY team TSUCHIYA／HOPPY Schatz GR Supra GT／松井孝允／洞地遼大／YH／0kg 26／ANEST IWATA Racing／ANEST IWATA GAINER Z／安田裕信／リ・ジョンウ／YH／0kg 30／apr／apr GR86 GT／永井宏明／平良響／YH／8kg 31／apr／apr LC500h GT／小高一斗／小山美姫／BS／78kg 32／TEAM ENEOS ROOKIE／ENEOS X PRIME AMG GT3／石浦宏明／鈴木斗輝哉／BS／72kg 45／PONOS RACING／PONOS FERRARI 296 EVO／篠原拓朗／川端伸太朗／YH／30kg 48／NILZZ Racing／健康ケーズフロンティアWMニルズGT-R／藤原大暉／ジェームス・プル／YH／2kg 52／埼玉Green Brave／Green Brave GR Supra GT／吉田広樹／野中誠太／BS／80kg 56／KONDO RACING／リアライズ日産メカニックチャレンジGT-R／ジョアオ・パオロ・デ・オリベイラ／木村偉織／YH／98kg 60／LM corsa／Syntium LMcorsa LC500 GT／吉本大樹／河野駿佑／DL／28kg 61／R＆D SPORT／SUBARU BRZ R＆D SPORT／井口卓人／山内英輝／DL／2kg 62／HELM MOTORSPORTS／HELM MOTORSPORTS GT-R／平木湧也／平木玲次／YH／22kg 65／K2 R＆D LEON RACING／LEON PYRAMID AMG／蒲生尚弥／菅波冬悟／BS／74kg 87／JLOC／OPEN HOUSE Lamborghini GT3／元嶋佑弥／松浦孝亮／YH／10kg 88／JLOC／VENTENY Lamborghini GT3／小暮卓史／ダニール・クビアト／YH／40kg 96／K-tunes Racing／K-tunes RC F GT3／新田守男／高木真一／BS／32kg 360／TOMEI SPORTS／RUNUP × SOL GT-R／荒川麟／金丸ユウ／YH／18kg 666／seven x seven Racing／seven x seven PORSCHE GT3R EVO／スヴェン・ミューラー／渡会太一／YH／58kg 777／D’station Racing／D'station Vantage GT3／藤井誠暢／チャーリー・ファグ／DL／96kg [オートスポーツweb 2026年09月07日],[],[]
インディカー最終戦ラグナ・セカはペンスキーのマクラフランが完全制圧。パロウとカークウッドを退け今季初勝利（オートスポーツweb）,https://news.yahoo.co.jp/articles/fabc552690e011b3e228a8a3276075ac05232ce5,https://newsatcl-pctr.c.yimg.jp/t/amd-img/20260908-01349461-rcg-000-7-view.png?fmt=jpeg&q=85&exp=10800,2026-09-07T17:30:14+09:00,2026-09-07T17:30:21+09:00,オートスポーツweb,rcg,オートスポーツweb,1849,スコット・マクラフラン（チーム・ペンスキー） 2026インディカー第18戦ラグナ・セカ 9月6日（日）、アメリカ・ カリフォルニア州モントレーのウェザーテック・レースウェイ・ラグナ・セカで、2026年NTTインディカー・シリーズの第18戦が行われ、スコット・マクラフラン（チーム・ペンスキー）が勝利を手にした。 いよいよ迎えた2026シーズンの最終戦。舞台は伝統のロードコース、ラグナ・セカで2.238マイル／3.6kmのコースを96周のレースで争う。 前日に行われた予選ではマクラフランがポールポジションを獲得。マクラフランに続いたのは前戦でチャンピオンを決めたアレックス・パロウ（チップ・ガナッシ・レーシング）、3番手にはフェリックス・ローゼンクヴィスト（メイヤー・シャンク・レーシング）がつける形となった。 迎えた決勝は最終戦にふさわしい晴天のなかレースがスタート。ターン1こそクリーンにクリアしたものの、その先のターン6でデニス・ハウガー（デイル・コイン・レーシング）がスティング・レイ・ロブ（フンコス・ホーリンガー・レーシング）に追突されクラッシュ。1周目からフルコースコーション（セーフティカー／SC）が導入される展開となった。 ハウガーはこのクラッシュの影響で痛恨のリタイヤ。ルーキー・オブ・ザ・イヤーをミック・シューマッハー（レイホール・レターマン・ラニガン・レーシング）と争っている状況での戦線離脱となった。一方でシューマッハーは8位以上でフィニッシュすればルーキー・オブ・ザ・イヤーを手にする状況となる。 レースが再開されたのは5周目。ここで4番手だったカイル・カークウッド（アンドレッティ・グローバル）が前方のローゼンクヴィストを抜いて3番手に上がった。ポールシッターのマクラフランはレースペースも好調で、パロウとの差を徐々に広げていく。 レースはその後膠着状態のまま1回目のピットストップへ。まず上位陣で動いたのは2番手を走行していたパロウ。19周目でピットに入りソフト寄りのオルタネートタイヤに交換した。一方でトップのマクラフランと3番手のカークウッドは21周目にピットへ。結局オーダーは変わらず、マクラフラン、パロウ、カークウッドの順で第2スティントに入った。 26周目、全車1回目のピット作業が終わり、マクラフランがふたたびトップに立った。31周目、ユーズドのオルタネートタイヤを使用していたパロウはペースが下がり始め、カークウッドにパスされ3番手に。パロウはたまらず翌周2回目のピットストップへ飛び込む。このタイミングで2回目のピットに入ったことで、3ストップでレースを走り切る事は厳しい状況となり、トップ争いでも苦境に立つことに。 45周目、表彰台圏内を走行していたマクラフラン、カークウッド、アレクサンダー・ロッシ（エド・カーペンター・レーシング）が同じタイミングで2回目のピット作業に入り、各チーム順調に作業を完遂。そしてレースは残り30周を切って後半戦に突入した。 依然トップのマクラフランはレースを支配し、2番手のカークウッドとの約2.5秒のタイム差をキープしながら無理のないペースで周回を重ねていき、3番手ロッシもカークウッドの約2.5秒後方で走行していた。 70周目、首位マクラフランが上位陣のなかで先にピットに飛び込む。後続のカークウッドとロッシもすぐに反応し、各自最後の給油とタイヤ交換へ。ここでマクラフランとロッシはハード寄りのプライマリータイヤを選択し、カークウッドはオルタネートタイヤを選択しマクラフラン攻略を狙う追い上げ勝負に出た。 残り6周、ラストスパートをかけたいカークウッドはマクラフランと2秒以内まで迫ったが、徐々にプライマリータイヤの力が尽きてきたのかタイム差が開き始める展開に。マクラフランは終始強力なペースでパロウとカークウッドのふたりの接近を許さず、今季初のトップチェッカー。2年ぶりの勝利を手にした。2位にはカークウッド、3位にはロッシが入る結果となった。ルーキー・オブ・ザ・イヤーがかかっていたシューマッハーは22位でフィニッシュ。この結果を受けて2026年のルーキー・オブ・ザ・イヤーはハウガーが獲得した。 これで全18戦の2026年インディカーは終了。2026年シーズンのカレンダーはすでに前半のレース日程が公開されており後半のスケジュールも近日に公開される予定だ。 [オートスポーツweb 2026年09月07日],[],[]
フェルスタッペン3位「ストレートであまりにも遅くてがっかり。それでもマシンの力を最大限に引き出したから誇らしい」（オートスポーツweb）,https://news.yahoo.co.jp/articles/5dced5e4ece4b32d56908001228c4c514339dccc,https://newsatcl-pctr.c.yimg.jp/t/amd-img/20260908-01349520-rcg-000-4-view.jpg?exp=10800,2026-09-07T17:21:40+09:00,2026-09-07T17:21:49+09:00,オートスポーツweb,rcg,オートスポーツweb,1404,2026年F1第13戦イタリアGP 3位マックス・フェルスタッペン（レッドブル）がウイナーのアンドレア・キミ・アントネッリ（メルセデス）を祝福 2026年F1イタリアGP決勝で、レッドブルのマックス・フェルスタッペンは5番グリッドから3位表彰台を獲得した。 【写真】2026年F1第13戦イタリアGP表彰式 マックス・フェルスタッペン（レッドブル）が3位獲得 フェルスタッペンはソフトタイヤでスタート、フェラーリのチームメイトバトルの末にルイス・ハミルトンが後退し、その後、シャルル・ルクレールがクラッシュしたことで、フェルスタッペンは5番グリッドから2周目には3番手に浮上した。赤旗後のリスタートにはミディアムタイヤで臨み、ピエール・ガスリー（アルピーヌ）をかわし、7周目には2番手に上がった。 その後はメルセデス勢とのバトルになり、フェルスタッペンは12周目にジョージ・ラッセルを抜いてトップに立つが、15周目に抜き返され、翌周には後方から来たアンドレア・キミ・アントネッリの後ろに下がることになった。 ラッセルとアントネッリが頻繁に順位を入れ替えながら戦う後ろで、フェルスタッペンは走行。レース中盤にバーチャルセーフティカーが導入された際に、アントネッリとフェルスタッペンは同時にピットストップを行い、それぞれ6番手と7番手にコースに復帰した。フェルスタッペンはハードタイヤを装着、アントネッリとともに新しいタイヤを生かしてポジションを取り戻していき、3番手まで浮上。しかしトップ2を走るメルセデス勢には追い付けず、2位ラッセルから10.861秒差の3位フィニッシュとなった。 ■マックス・フェルスタッペン（オラクル・レッドブル・レーシング）決勝＝3位（53周／53周）5番グリッド／タイヤ：ソフト→ミディアム→ハード 「表彰台に戻ってくることができ、僕たちにとって本当に良いレースだった。ここモンツァでは、表彰台はいつも特別だ」 「この結果を戦ってつかみ取らなければならず、簡単なレースではなかったが、全体として素晴らしいパフォーマンスだったと思う」 「最大の制約は、ストレートでのデプロイメントに関して、メルセデス製パワーユニット搭載マシンと比べてかなり早い段階から苦しんだことだ。さらに、まだいくつか問題も残っていた」 「（レース後半に）ハードタイヤに交換し、うまく順位を上げていった。ただ、ターン2ではターマックが剥がれていて、そのコーナーを回ろうとした時、アスファルトの剥がれた部分を拾ってしまい、突然マシンが直進した。その結果、マクラーレンにオーバーテイクされ、再び抜き返すまでに時間がかかった」 「それでも、僕たちは素晴らしい仕事をしたと思う。自分たちのパフォーマンスを最大限に引き出したし、今日の結果を誇りに思っていい。僕自身、できることはすべて試し、一時的に首位に立つこともできたので、それはとても良かったよ」 「残念ながら、メルセデス勢には太刀打ちできなかった。それでも表彰台で週末を締めくくれたのは、素晴らしいことだ」 （自身の公式サイトにおいて語り）「ストレートでは僕たちはとんでもなく遅い。マシンの感触はあまり良くなかったし、ストレートでどれだけ不足しているかを見るとがっかりする。でも、マシンにあるものは最大限に引き出した」 [オートスポーツweb 2026年09月07日],[],[]
『ミツビシ・トライトン』がラリー北海道でダブル表彰台獲得。哀川翔率いるFLEX SHOW AIKAWA Racingは優勝争うも最終日に惜しくもリタイア（オートスポーツweb）,https://news.yahoo.co.jp/articles/9ad6c3be9e7b19a0d31ab629ab1522c013eb4711,https://newsatcl-pctr.c.yimg.jp/t/amd-img/20260908-01349524-rcg-000-1-view.jpg?exp=10800,2026-09-07T17:18:43+09:00,2026-09-07T22:58:19+09:00,オートスポーツweb,rcg,オートスポーツweb,1599,CUSCO YHジオランダートライトン（柳澤宏至／加勢直毅） 2026年XCRスプリントカップ・シリーズ第6戦ラリー北海道 9月4日から6日にかけて、北海道十勝地方を中心にXCRスプリントカップカップ第6戦『ラリー北海道』が開催された。JRC全日本ラリー選手権と併催された同イベントには、三菱自動車がサポートするチームが参戦し、ピックアップトラック『トライトン』が出場したXC-2クラスで表彰台を獲得するなど、力強い走りを披露した。 【写真】優勝を争いを繰り広げたFLEX翔 TOYOTIRESトライトン（川畑真人／中田昌美） ラリー北海道は、帯広市を拠点に十勝エリアの林道やダートコースを舞台とする国内有数のグラベル（未舗装路）ラリーだ。総走行距離665km、競技区間（SS）115.76kmで競われた。 週末を前に降った雨と期間中の晴天により路面変化の予測が難しく、さらに多数の車両走行によって深い轍ができるなど、路面の状態変化への対応力が強く求められる過酷なコンディションとなるなか、XC-2クラスにエントリーした3台のトライトンが力走を見せた。 CUSCO Racingの柳澤宏至／加勢直毅組は、序盤から安定したペースを維持。SS6でクラスベストタイムをマークするなど初日を3番手で終え、2日目に2位に浮上してフィニッシュ。これで4戦連続での表彰台獲得となった。 圭rallyprojectの竹岡圭／山田政樹組は、サバイバルレースとなった難しい局面を生き残り6番手で初日を終えると、競技2日目のSS9でクラス2番手タイムを記録する速さを見せてクラス3位でフィニッシュし、今シーズン初の表彰台を掴んだ。 一方、哀川翔総監督が率いるFLEX SHOW AIKAWA Racing with TOYO TIRESの川畑真人／中田昌美組は、5度のSSベストタイムを記録して一時首位に立つなど激しいトップ争いを展開。最終盤のSS13で惜しくもコースアウトを喫してリタイアとなったが、トライトンの優れた操縦性と力強い走破性を見せつけた。 また、電動クロスオーバーSUV『アウトランダーPHEV』でXC-2Sクラスに参戦したミツビシの社員有志ラリーチームは、完走を重視した手堅い走りで4位フィニッシュを果たした。同チームの浅井明幸／古川和樹組は、前戦の胆振で2026年XCRスプリントカップシリーズのクラスチャンピオンをすでに確定させている。 ●三菱自動車・社員有志ラリーチーム 浅井明幸コメント「ラリー北海道では完走にホッとひと安心したものの、表彰台を逃したことは悔しいです。アウトランダーPHEVは四輪制御システムが優れており、路面の変化に対しても的確に制御してくれており不安はありませんでした」 「最終日はリヤサスペンションのセッティングを変更したことで荒れた路面での不安定な挙動が抑えられ、さらにペースアップすることができました」 ■2026年XCRスプリントカップ第6戦ラリー北海道 最終結果（抜粋） Pos.／Driver＆Co-Driver／Car／Time XC-2クラス1位／番場彬／宮本大輝／トヨタ・ハイラックス／1h31'35.3 XC-2クラス2位／柳澤宏至／加勢直毅／ミツビシ・トライトン／1h31'50.5 XC-2クラス3位／竹岡圭／山田政樹／ミツビシ・トライトン／1h38'51.3 XC-2Sクラス1位／寺川和紘／石川美代子／マツダCX-60／1h33'51.2 XC-2Sクラス2位／藤野秀之／玉城詩菜／スバル・フォレスター／1h36'37.8 XC-2Sクラス3位／北島広実／鈴木裕／マツダCX-60／1h38'11.3 XC-2Sクラス4位／浅井明幸／古川和樹／ミツビシ・アウトランダーPHEV／1h38'49.6 [オートスポーツweb 2026年09月07日],[],[]
アントネッリがイタリアで1966年以来の快挙「19番手からでも勝てると信じていた」2位ラッセル「キミだけピットインして驚いた」（オートスポーツweb）,https://news.yahoo.co.jp/articles/6f055ea6d413a8b3d7d3cc17ad45e770eecabaae,https://newsatcl-pctr.c.yimg.jp/t/amd-img/20260908-01349425-rcg-000-2-view.jpg?exp=10800,2026-09-07T17:02:46+09:00,2026-09-07T17:02:57+09:00,オートスポーツweb,rcg,オートスポーツweb,2605,2026年F1第13戦イタリアGP アンドレア・キミ・アントネッリ（メルセデス）が優勝 2026年F1イタリアGP決勝で、メルセデスのアンドレア・キミ・アントネッリは19番グリッドから母国優勝を果たした。ジョージ・ラッセルは2番手から2位でフィニッシュした。 【写真】2026年F1第13戦イタリアGP アンドレア・キミ・アントネッリとジョージ・ラッセル（メルセデス）のワンツーを祝うチーム アントネッリは金曜の時点からパワーユニット（PU）のエレメント交換によるグリッド降格ペナルティを受けることが確定しており、他者のペナルティとの関係で、19番グリッドからのスタートとなった。 ハードタイヤでのスタートで、2周目には12番手に浮上。赤旗を経て、再スタートにはミディアムタイヤで臨んだ。アントネッリは急速にポジションを上げていき、16周目にはラッセルの後ろ2番手に上がった。 ラッセルは2番グリッドからミディアムタイヤでスタートし、2周目にはトップに浮上、赤旗後はハードタイヤを装着。マックス・フェルスタッペン（レッドブル）と戦い、一時は2番手に落ちながら、再びトップに立った。そこにアントネッリがフェルスタッペンを抜いて追い付いてきた。 メルセデスのチームメイト同士の首位争いとなり、18周目にはアントネッリがトップに立つが、以後、ふたりは何度も順位を入れ替えながら激しいバトルを繰り広げた。 しかしバトルをしているために、3番手のフェルスタッペンとのギャップを築くことができずにいたため、チームからは抜きつ抜かれつの“ヨーヨーレース”をやめるように指示される。 ラッセル、アントネッリの順で走行していた28周目、ランス・ストロール（アストンマーティン）がトラブルによりファーストシケイン手前でコース脇にストップし、バーチャルセーフティカーが出動。ラッセルはステイアウトしたが、アントネッリはフェルスタッペンとともにピットイン、再度ミディアムを履いて6番手でコースに戻った。 新しいタイヤでアントネッリはラッセルよりも大幅に速いペースで走行。37周目には2番手に浮上、ラッセルとの8秒以上の差を48周目には1秒以内まで短縮。一度、アントネッリは体勢を崩してグラベルに飛び出すシーンがあったが、ポジションを維持したままレースを続行することができ、再度仕掛けた50周目についにトップに立った。その後は首位を譲ることなくトップでフィニッシュ、ラッセルに3.857秒の差をつけて優勝を飾った。 イタリア人ドライバーがイタリアGPを制したのは、1966年のルドヴィコ・スカルフィオッティ以来。 トラックサイドエンジニアリングディレクターのアンドリュー・ショブリンは、バーチャルセーフティカー下でアントネッリをピットに入れ、ラッセルをステイアウトさせた理由について、次のように語った。 「バーチャルセーフティカーの際にピットへ入るか、そのままコースに留まるかという判断は非常に難しいものだった。最終的には、勝利の可能性を最大限に高めるため、2台で戦略を分けることにした。キミをピットへ入れるという判断は、トップ10の大半が採ったものとは異なっていたが、ライバルからの脅威に対応することができた。その時点では1ストップのほうがわずかに強い戦略に見えていたが、キミのペースによって2ストップ戦略を成立させることができた」 ドライバーズ選手権リーダーのアントネッリは、この勝利でラッセルとの差を66ポイントに拡大した。 ■アンドレア・キミ・アントネッリ（メルセデス-AMG・ペトロナス F1チーム）決勝＝1位（53周／53周）19番グリッド／タイヤ：ハード→ミディアム→ミディアム 「今日のことは一生忘れないだろう。間違いなく、これまでのキャリアで最も特別な勝利だ。今シーズン最高の表彰台だったし、ピットストレートいっぱいに観客が詰めかけ、声援を送り、応援してくれている光景を見ることができて、夢のようだった」 「チームは今日、本当に素晴らしい仕事をしてくれた。最高のマシンを与えてくれたんだ。ここまで支えてくれたすべての人、そして僕をこの場所まで導いてくれたすべての人に、どれだけ感謝してもしきれない」 「19番手スタートでも、これが可能かもしれないと信じていた。最初のスタートで大きくポジションを上げ、その後、赤旗が出たことで、もう一度ポジションを上げる絶好のチャンスが訪れると分かった。実際、良いチャンスが生まれたし、勝利を争えるだけの速さがあると感じていた」 「バーチャルセーフティカーの間にいくつかポジションを失った。でも、ミディアムタイヤでのペースが良く、そこから追い上げて、勝利をつかむことができた」 ■ジョージ・ラッセル（メルセデス-AMG・ペトロナス F1チーム）決勝＝2位（53周／53周）2番グリッド／タイヤ：ミディアム→ハード 「勝利にこれだけ近づきながら、それを手にできなかったのは悔しいが、これもレースだ。チームにとって素晴らしい結果だし、キミが母国GPで優勝したことを心から祝福したい。この週末には、僕自身にとってもチームにとってもポジティブな要素はたくさんあった。週末を通してとても良いペースを示し、最後まで懸命に戦った」 「バーチャルセーフティカーは間違いなく、レースが大きく変わった瞬間だった。その時点では、どの判断が正しかったのか誰にも分からなかった。チームは2台で戦略を分けることを選んだが、これは僕たちができる最善の判断だった。そうしなかった場合にレースがどう展開していたかは、分かりようがない。でも、キミは素晴らしい仕事をした」 「僕たちは激しく争いながら、常に互いをリスペクトしていた。勝利を懸けてホイール・トゥ・ホイールで戦えたのは、とても楽しかった」 （レース直後のインタビューで語り）「正直に言うと、僕としては、二人ともピットインしないと思っていた。だから彼がピットインしたのには驚いた。結局、どちらに転ぶかは五分五分だったと思う。あの瞬間には、チームはどちらの戦略が優れているのか分からなかったのだろう」 「2台で戦略を分けるのは理にかなっていたけれど、最終的にはキミのペースが素晴らしかったので、こういう結果になった」 [オートスポーツweb 2026年09月07日],[],[]
優勝目前でリタイア「大量得点のチャンスだっただけに、本当に厳しい結果」と小林可夢偉。トヨタ、“ホーム”WEC富士で雪辱期す（オートスポーツweb）,https://news.yahoo.co.jp/articles/10afd0ad222181bb76f10590640b03eebb43d3b2,https://newsatcl-pctr.c.yimg.jp/t/amd-img/20260908-01349375-rcg-000-3-view.jpg?exp=10800,2026-09-07T17:00:00+09:00,2026-09-07T17:00:01+09:00,オートスポーツweb,rcg,オートスポーツweb,2351,トップを走行する7号車トヨタTR010ハイブリッド 2026年WEC第5戦ローン・スター・ル・マン WEC世界耐久選手権の2026年シーズン第5戦『ローン・スター・ル・マン』がサーキット・オブ・ジ・アメリカズ（COTA）で行われ、トヨタ・レーシングは終盤まで首位を快走しながらも、マシントラブルにより惜しくも勝利を逃すこととなった。 【写真】ピットスピード違反のペナルティに泣いた8号車トヨタTR010ハイブリッド 7番グリッドからオースティンでの6時間レースをスタートした、マイク・コンウェイ／小林可夢偉／ニック・デ・フリース組7号車トヨタTR010ハイブリッドは、レース序盤にトップ6に浮上。中盤に至るまでに表彰台を争う位置につけると、中盤のセーフティカー（SC）導入後、デ・フリースがターン1で三度ものオーバーテイクを決めて首位に躍り出る。 その後、ステアリングを引き継いだ可夢偉がライバルの猛追を退けて首位を守り、終盤にはふたたびマシンに乗り込んだデ・フリースが、ファステストラップを更新しながら後続を引き離した。 しかし、優勝が目前に迫った残り12分、パワーステアリングに影響を及ぼす油圧系のトラブルが発生し、7号車は無念のリタイアを余儀なくされた。 一方、9番グリッドからスタートし、トラフィックを避けるために最初のピットストップを早めに行う戦略に出た、セバスチャン・ブエミ／ブレンドン・ハートレー／平川亮組の8号車TR010ハイブリッドも表彰台争いを展開した。 中盤のSCによるリセットを経て、レース残り90分の時点で平川が3番手を走行していた8号車だったが、ピットレーン速度違反によるドライブスルーペナルティで後退。その直後のバーチャル・セーフティカー（VSC）導入のタイミングも災いし、一時は14番手まで順位を落としてしまう。 それでも、最終スティントを担当したブエミが見事なオーバーテイクを連発し、最終的に6位でフィニッシュした。 2台とも優勝や表彰台狙えるポジションを走りながら悔しい結果に終わったものの、トヨタ・レーシングはマニュファクチャラーズランキングでの首位をキープし、2位との差を9ポイントに広げている。また、7号車のトリオはドライバーズランキングの首位タイを維持し、8号車の3名も首位との差を11ポイントまで縮めた。 チームは今戦の悔しさを糧に、3週間後の9月25～27日に富士スピードウェイで開催される“ホームレース”第6戦『富士6時間耐久レース』での雪辱を誓う。 ●小林可夢偉（チーム代表兼7号車ドライバー）「私たちにとって非常に残念なレースとなりました。レースを通して車両のパフォーマンスは良く、6時間弱にわたって非常に良いレースをすることができていました。ただ、油圧系のトラブルが発生してしまうと、もはやどうすることもできません。結果としてリタイアを余儀なくされました」 「今回は多くのポイントを獲得できる大きなチャンスだっただけに、本当に厳しい結果です。しかし、これも耐久レースの一部です。今回の経験から学び、改善を重ね、ホームレースではさらに強くなって戻ってきたいと思います」 ●マイク・コンウェイ（7号車ドライバー）「決して思い描いていたようなレースの結末ではなかった。残り十数分までは、すべてが順調に進んでいた。チーム全員が素晴らしい仕事をしてくれたし、僕たちは勝利に値する走りができていたと思うので、本当に悔しい」 「幸いにも、チャンピオンシップ争いを繰り広げているライバルたちも大きくポイントを伸ばすことはできなかった。それが唯一の小さな救いだ」 ●ニック・デ・フリース（7号車ドライバー）「素晴らしい一日だっただけに、本当に残念な結末となった。僕たちは全力を尽くし、チームも素晴らしい仕事をしてくれた。我々には高い競争力があり、力強いペースを発揮できていたし、残り十数分の時点では理想的な位置につけていた」 「しかし、モータースポーツには技術的な要素がつきもので、今日はその部分が僕たちに味方してくれなかったということだ」 ●セバスチャン・ブエミ（8号車ドライバー）「僕たちにとって本当に悔しい一日となった。スピードは充分にあったし、最終的にはできる限りのことをして貴重なポイントを持ち帰ることができたが、大きなチャンスを逃してしまった」 「ポジティブなのは、充分な速さを示せたことだ。しかし、このようなかたちで好結果を逃すのは非常に悔しい。富士までにしっかり準備を進め、次こそ良いレースをしたいと思っている」 ●ブレンドン・ハートレー（8号車ドライバー）「チームにとって非常に厳しい結末となった。今日は間違いなく2台揃って表彰台を狙えるだけのペースがあったので、その結果を逃してしまったのは本当に残念だ」 「ブエミは最終スティントで素晴らしい走りを見せ、6位まで挽回してくれた。しかし、勝利が見えていた7号車にトラブルが発生してしまったことについては、チームの一員として本当に悔しく思う」 ●平川亮（8号車ドライバー）「今日は充分な速さがありましたが、結果に結びつきませんでした。残念ながら、私のスティントで車両を引き継いだ際にシステムのトラブルが発生し、ピットを離れる際のタイムロスと、ピットレーンでの速度超過につながり、ドライブスルーペナルティを受けることになりました」 「7号車に起きたことについても本当に心が痛みます。今回は私たちにとって厳しいレースとなりましたが、同じことを繰り返さないためにも、努力を続けなければなりません。次戦は富士です。そこでふたたび表彰台に戻りたいと思います」 [オートスポーツweb 2026年09月07日],[],[]
テスラ、全自動運転タクシー『サイバーキャブ』を早くも日本公開へ。東名阪4会場で展示ツアー開催（オートスポーツweb）,https://news.yahoo.co.jp/articles/51e9ace6687c6e5dbdd389f3c243bb9e83f2b68e,https://newsatcl-pctr.c.yimg.jp/t/amd-img/20260908-01349394-rcg-000-3-view.jpg?exp=10800,2026-09-07T15:44:38+09:00,2026-09-07T15:44:44+09:00,オートスポーツweb,rcg,オートスポーツweb,1234,『Robotaxi（ロボタクシー）』向けに、テスラが開発した専用車両『Cybercab（サイバーキャブ）』 完全自律型ライドヘイリングサービスとして話題を集める『Robotaxi（ロボタクシー）』向けに、テスラが開発した専用車両『Cybercab（サイバーキャブ）』が早くも日本へ上陸。この2026年9月より東京・大阪・名古屋の全4会場を回る“Cybercab Japan Tour”で初披露され、その実車が一般公開される。 【写真】ハンドルもペダルもなく上方に開くバタフライドア（跳ね上げ式）と、テスラ史上最大となるセンタータッチスクリーンを搭載した前輪駆動モデルとされる ドライバーである人間が運転することを前提とせず、完全無人タクシー用としてゼロから設計された2名乗車車両のサイバーキャブは、ハンドルもペダルもなく上方に開くバタフライドア（跳ね上げ式）と、テスラ史上最大となるセンタータッチスクリーンを搭載した前輪駆動モデルとされる。 すでに本国アメリカでは量産が始まっており、ロボタクシー向けサービスの車両として順次導入予定に。そして早くも現地テキサス州オースティンを中心に自社の配車ネットワークへ複数台のモデルが供給され、一般利用者に向けた初期の商業運行が開始されているが、人間の監視を必要としない『レベル4』の自律型自動運転を実現するべく、システムにはAI（人工知能）を全面活用したEnd-to-End（E2E）の自動運転技術が搭載されている。 同時に、連邦安全規制当局である道路交通安全局（NHTSA）が「安全基準に関する判断やデータが適切だったかを調査する」とも発表しており、その動向に世界的な注目が集まるなか、このイベントは日本でも実際のサイバーキャブを直接その目で確認できる機会となり、同時に国内販売されている既存のラインアップ『Model 3（モデル・スリー）』や『Model Y（モデル・ワイ）』などに触れることも可能となっている。 イベントは東京での2会場と大阪、名古屋が予定され、9月11～9月14日に青山での『OMAKASE青山ガーデン byGMO（港区北青山3-10-8）』を皮切りに、9月17～9月20日が『テスラ・グランフロント大阪（大阪市北区大深町3-1北館 1F）』、9月22～9月23日に『テスラ名古屋則武（名古屋市則武新町3-1-1／イオンモール Nagoya Noritake Garden 1F）』、そして9月26～9月28日の『テスラ新宿（新宿区西新宿2-4-1）』のスケジュールとなっている。 当日の天候や会場の運営方針により、会期や展示内容は予告なく変更となる場合もあり、開場時間や詳細はテスラ公式サイトおよび公式Xにて公開される。 公式サイト：https://www.tesla.com/ja_jp/event/2026sep_cc_tour_getupdate [オートスポーツweb 2026年09月07日],[],[]
日本でも活躍の元RSC王者ジェームス・コートニー、通算21回目のバサーストへ「良い予感がしている」（オートスポーツweb）,https://news.yahoo.co.jp/articles/d13d5842ea4f340774c17ebadcfd60c93636164f,https://newsatcl-pctr.c.yimg.jp/t/amd-img/20260908-01349392-rcg-000-3-view.jpg?exp=10800,2026-09-07T15:44:09+09:00,2026-09-07T15:44:15+09:00,オートスポーツweb,rcg,オートスポーツweb,2343,新たにデビッド・レイノルズ（Team 18／シボレー・カマロ）のパートナーを務めるジェームス・コートニー（右） 豪州最高峰シリーズの2010年王者であり、日本でも活躍を演じたジェームス・コートニーが、フルタイム引退初年度の今季にレースシート復帰へ。今週末のザ・ベンドで開催されるRSCレプコ・スーパーカー・チャンピオンシップ第10戦『AirTouch 500（エア・タッチ500）』にて“エンデュランス（長距離耐久）カップ”登録ドライバーとして再度ステアリングを握り、続く第11戦となる祭典『Repco Bathurst 1000（レプコ・バサースト1000）』では、自身通算21回目のマウントパノラマへ挑む。 【写真】「でも、これまでは縁がなかったけれど、今年はチャンスがあるという良い予感がしている」とコートニー イギリスでの武者修行を経て、ここ日本では2003年に全日本F3選手権のチャンピオンを獲得。続く2004年、2005年と全日本GT選手権～スーパーGTにも参戦したコートニーは、F3と同様の名門トムスからGT500に出場し、片岡龍也や土屋武士とのペアでタイトル戦線に絡む活躍も演じた。 その後は故郷で最高峰のGTカーに出場を続け、昨季限りでレギュラーシートを退いていたコートニーだが、今週末9月11～13日のザ・ベンドと続く10月8日から11日に開催される“ザ・グレート・レース”にて、新たにデビッド・レイノルズ（Team 18／シボレー・カマロ）のパートナーを務める。 すでにクイーンズランド・レースウェイで丸1日のテスト走行を実施し、昨年11月にアデレードで行われた2025年最終戦以来のGen3規定モデルを走らせた元チャンピオンは、今季より加入した放送席を今後2戦に渡って離れ、これまで手にしていない「バサーストでの勝利を目指す準備も万端だ」と意欲を燃やしている。 「レースカーをドライブしない期間としては、間違いなくこれまでで1番長いね」と放送席のマイクを置いた46歳のコートニー。「レースウイークで久しぶりに乗り込む瞬間は、かなり興味深いものになるだろう。履き慣れた靴のようにスッと履いてすぐ走り出せればいいが、実際に（最初のプラクティスを）走ってみないことには分からないからね」 「本当に、すごく楽しみにしている。今年の初めの頃はそれほどレースが恋しいとは思わなかったが、本番が近づくにつれてどんどんワクワクしてきているんだ」 昨季から北米NASCARを意識したポストシーズン制を導入したRSCは、スプリント戦で構成されるレギュラーシーズンを終えると、これまでシリーズ終盤戦に組み込まれてきた“エンデューロ・カップ”の2戦を経て、ゴールド・コースト、サンダウン、そしてアデレードと計3戦の“Finals Series（ファイナルズ・シリーズ）”でタイトルの行方を決する。 そのエンデューロでは、車両1台につきレギュラードライバーに加えコドライバーを登録するのが慣例となっており、コートニーは引退後すぐに移籍が発表されたGMシボレー陣営のホモロゲーション登録担当チームの一翼を担う。 そのレイノルズとコートニーのコンビは、合わせて1100戦以上のスーパーカー出場経験を誇り、ともにユニークなユーモアセンスを持つのと同様に“Mountain（マウンテン／バサーストの愛称）”で雪辱を果たしたいという共通の思いを抱いている。昨季2位に終わったそんなパートナーのスペシャリストに対し、新加入のベテランも「必要な要素をすべて兼ね備えている」と評価している。 「間違いなく、笑いの絶えないコンビになるだろうね（笑）」と続けたコートニー。「彼は以前このレースで優勝しているし、経験も豊富だ。それに現役フルタイムドライバーでは最年長だから、そこも心強いね！」 「このようなチームには、まさに彼のような人材が必要なんだ。豊富な経験を持ち、成熟した走りができ、落ち着きがあり、なおかつ現地で速さを発揮できるドライバーがね。彼はそのすべての条件を満たしているし、一緒にいて楽しい良い奴でもあるからね」 そのTeam 18との契約発表に際し、コートニーはバサーストでの勝利こそ自身が「まだ達成していないチェックリスト（目標）だ」と語っており、その言葉どおり2006年、2008年、2019年に3位、2007年には2位に入っており、バサーストでは勝利まであと一歩という惜しい場面を何度も経験してきた。 「長年にわたって、あそこで結果を出すところまであと一歩というところまで来ていた。2位や3位になったこともあるし、ジャック（・パーキンス）と組んで勝利を狙える位置にいたこともあった。でもエンジントラブルなど、いろいろなことが起きてしまう……それこそがバサーストなんだ」 「でも、これまでは縁がなかったけれど、今年はチャンスがあるという良い予感がしている。勝負の行方は（レースウイークの）火曜に決まるような気がする。全員が現地入りし、あの『マウンテン（レースコース）』を越えてきた時点で誰が勝つかが決まっていて、あとはそのストーリーを実際に体験していく……そんな感じだ」 そんなレイノルズ／コートニー組を筆頭に、今季のペア構成のうち前年から継続されるのはわずか6組に留まり、キャリアの晩年を迎えたチャンピオンや耐久レースのスペシャリストとしてキャリアを築いてきたドライバー、あるいはこのカテゴリーを席巻する若手台頭の波に乗ろうとする新進気鋭のドライバーなど、新たに結成された18組のペアや3つのワイルドカード参戦組が覇権を争うことになる。 [オートスポーツweb 2026年09月07日],[],[]
ランド・ノリスが語る『LN4フュージョン』。元プレマ代表を召集して狙う目標と野心（オートスポーツweb）,https://news.yahoo.co.jp/articles/5e2539a4dc53ddd1ba493f34036b4c160407236a,https://newsatcl-pctr.c.yimg.jp/t/amd-img/20260907-01349398-rcg-000-8-view.jpg?exp=10800,2026-09-07T14:29:26+09:00,2026-09-07T14:39:09+09:00,オートスポーツweb,rcg,オートスポーツweb,2321,イタリア・モンツァ近郊で行われたLN4フュージョンの設立発表会／共同創設者のランド・ノリス 2025年F1王者ランド・ノリスが新たなジュニア・シングルシーターチーム『LN4フュージョン』を立ち上げ、2027年のFIA F3、FIAフォーミュラ・リージョナル・ヨーロッパ（FIA FREC）、イタリアF4に参戦することを表明。また、参戦申請中の段階ではあるものの、F1直下のFIA F2への参戦も準備が進められている段階だ。 【画像】ランド・ノリスが設立した『LN4フュージョン』のカラーリングを纏うFIA F3車両 共同設立者としてこのプロジェクトを先導してきたノリスは、チームの公式サイトのQ＆Aで『LN4フュージョン』、そして若手ドライバー育成プログラム『LN4レガシープログラム』について説明した。 ＊ ＊ ＊ ＊ ＊ ＊ ＊ Q：『LN4フュージョン』を立ち上げようと思った理由は？ 「僕は大のレースファンだからだね。子供のころからずっとそうだ。そして、運転そのものを愛しているのと同じくらい、他の若手ドライバーを応援することも大好きなんだ。レース観戦も大好き、レースに関わるのも大好きだ。自分が現役を引退しても、ずっとレースに関わり続けたいと思っているよ。レースとの繋がりを保ち、何かの一部となり、他の人を助ける機会にもなるからだね」 「素晴らしいレーシングチーム（できればトップクラスのチーム）を築くために必要なことを理解している僕の経験を活かして、若いドライバーたちがシングルシーターの階段を登っていけるよう、手助けできればと思っている」 Q：『LN4レガシープログラム』とは何？ 「LN4レガシープログラムは、能ある若いドライバーが潜在能力を発揮するために必要な資金援助やサポートを受けられない場合、彼らがF1に到達できるよう支援することを目的とした非常にエキサイティングなプログラムだ」 「みんな知っているように、モータースポーツは非常に費用がかかるため、資金面が大きな要素のひとつになる。しかし、それ以外にも、コーチング、メディアサポート、レーシングドライバーとしての活動に必要なあらゆるもの、日々の雑務からF1への準備まで、さまざまな費用がかかるんだ。ただ、資金は確かにドライバーにチャンスをもたらすが、必要なのはチャンスだけではないんだ」 「僕がとても重要だと認識し、僕にとっても極めて重要だったことは、周囲にいてくれた人々だ。これは単にコースに出て運転するだけのことよりも、はるかに深い意味がある。そばからドライバーを支え、率直なフィードバックをくれる人々が必要なんだ」 Q：これらの新しいプログラムにおいて、どのような点が違いを生むと期待している？ 「僕にとって効果的だったことの多くは、他の人たちにも役立てたいと思っている。もちろん、すべては個人に合わせて調整されるものだから、個人個人でそれぞれ異なるし、さまざまな人々と協力する上で、自分なりの方法を見つけなければならない」 「とはいえ、重要なのは、ドライバーひとりひとりを適切な場所に、適切なサポート役となる人々とともに配置し、それぞれのドライバーが潜在能力を最大限に発揮し、才能がどこまで通用するかを見極める手助けをすることなんだ」 「だから、LN4レガシープログラムは僕にとって非常に重要なものだ。カートからF1ドライバーへと歩みを進め、夢を実現しようとする道のりで、家族からサポートを得られたことがどれほど幸運だったかを、身をもって知っているからだ」 Q：『LN4フュージョン』の将来について、どのような期待を抱いている？ 「目標は極めてシンプルだよ。ジュニアカテゴリーにおいて、トップクラスのチームと互角に戦えるチームを築き上げたい。だから、このスポーツで豊富な経験を持つ、非常に強力な人材を集めたんだ。そして、長期的な視点でしっかりとしたチームへと成長させていきたい。そう考えているんだ」 「僕自身、カートからあらゆるカテゴリーを経て、F1へ、そしてワールドタイトル獲得までの道のりを経験してきた。だから、レーシングドライバーとして周囲に適切な人材やチームがいることがどれほど重要かを理解している。僕たち全員が、トップクラスのジュニアレーシングチームを作り上げるという同じ野望を持っている」 Q：ランドが達成したい長期的な目標は何？ 「僕にとって一番大切なのは、レースに深く関わり続けることができることなんだ。これは非常に長期的なプロジェクトで、2年、5年、10年といったものではないんだ。願わくば、もっと長く続いてほしいと思っているよ」 「大切なのは、自分が常にサポートできるチーム、自分が本当にその一員だと感じられるチーム、家族のような存在、テレビで見多彩にクルマを応援できるチームを持つことだね。今のところ、僕が応援しているのは過去に所属していたチームや、特定のドライバーに限られているけど、LN4フュージョンは僕のチームであり、長年にわたって僕たちで作り上げていく物語であり、それは若手ドライバーたちを応援していくことでもあるんだ」 ＊ ＊ ＊ ＊ ＊ ＊ ＊ LN4フュージョンは、かつてプレマ・レーシングを率いたルネ・ロジンがチーム代表を務め、技術面と競技面を統括するレーシングディレクターには、プレマ・レーシングの全盛期を支えたギヨーム・カピエットが就任している。強力な人材とともに、2027年にさまざまなシリーズへの参戦を開始するLN4フュージョン。どのような歩みを進めるだろうか。 [オートスポーツweb 2026年09月07日],[],[]
残り12分、トヨタのトラブルで勝利が転がり込んだフェラーリ「僕らは少し運に恵まれた」／WEC第5戦（オートスポーツweb）,https://news.yahoo.co.jp/articles/cfdd1e5047cd7f10356ad9b18c9a0a158d7eb904,https://newsatcl-pctr.c.yimg.jp/t/amd-img/20260907-01349336-rcg-000-6-view.jpg?exp=10800,2026-09-07T12:57:18+09:00,2026-09-07T12:58:04+09:00,オートスポーツweb,rcg,オートスポーツweb,1683,トップチェッカーを受ける50号車フェラーリ499P（フェラーリAFコルセ） 9月6日にサーキット・オブ・ジ・アメリカズで開催されたWEC世界耐久選手権第5戦の6時間レースで、首位を走っていた7号車トヨタTR010ハイブリッドが終盤に不運に見舞われた結果、勝利を収めたフェラーリAFコルセのニクラス・ニールセンは、自分たちが「少し運に恵まれた」ことを認めた。 【リタイア後、マシンを降りてうなだれるニック・デ・フリース】 ■序盤から“対トヨタ”に特化した戦略を選択 ニールセンと、チームメイトのアントニオ・フォコ、ミゲル・モリーナは、昨年の開幕戦『カタール1812km』以来となるWECでの勝利を飾った。このレースでは、彼らの50号車フェラーリ499Pが中盤に戦略的な恩恵を受けたことも勝因の一つとなった。 レース開始から2時間目に、給油量をあえて減らすという変則的な戦略を採り、モリーナをトップに立たせた50号車陣営。これは、トヨタからマニュファクチャラーズポイントを奪うことを狙った動きだった。 「その後、僕らが行ったのはトヨタを抑え込むことだけだった」とニールセンは説明した。 「その時点では自分たちのレース展開を多少犠牲にしたが、チャンピオンシップ、特にマニュファクチャラーズ選手権のことも考えなければならなかった。トヨタの前をキープすることが僕らの狙いだったんだ」 「同時に、クリーンエアの中で走れていたためプッシュすることができ、悪くないポジションを維持できていた。ただ、セーフティカー導入の可能性がある状況下で8〜10周を走るというのは常にリスクを伴うもので、そうした場面では多くのものを失う可能性もある」 だが、レース中盤にバーチャル・セーフティカーからセーフティカー導入へと切り替わる事態が発生し、ハイパーカークラス全17台の戦略の差がリセットされ、50号車フェラーリは再びライバルと対等な条件へと戻った。 「レース序盤以降、僕らにできることは基本的にプッシュし続けることだだった」とニールセンは語った。 「トヨタと戦うのは難しいだろうと分かっていたからね。僕は何度か少し速いラップタイムを記録できたが、相手もすぐにそのペースに合わせてきた」 ところが、残り12分というところで、トップを走行していたニック・デ・フリース駆る7号車トヨタに油圧系のトラブルが発生し、勝利は2番手につけていたフェラーリへと転がり込んだ。 「彼らにトラブルが起きたことで、正直なところ、僕らは少し運に恵まれた」とニールセンは言った。 「でもその一方で、ようやく手にした勝利でもあるし、今日はチーム全体が素晴らしい仕事をしたと思う」 「決して簡単なレースではなかった。僕ら全員にとって本当に嬉しいことだと思うし、チームを誇りに思う。今日は自分たちの日ではないように思えたが、結果的には最高の日になった」 さらに状況を複雑にしていたのは、当時2番手を走っていた35号車アルピーヌA424（アルピーヌ・エンデュランス・チーム）のシャルル・ミレッシが、終盤にかけてニールセンに迫っていたことだ。もっとも、このアルピーヌは、ピットからのアンセーフ・リリースにより、レース後に5秒のタイムペナルティを科されることが決まっていた。 「残り3周というところで、（エンジニアから）そのことを知らされた」とニールセン。 「（残り30分で）トラフィックの中で彼をパスし、ギャップを築いて、それをうまくコントロールしようとしていたんだ」 「彼が追いついてきているのが見えたときは、タイヤを酷使しすぎないよう、少しペースを落とした」 「再び彼が近づいてきたら、今度はプッシュした。まるでブーメランのような展開だったね」 「その後、彼が審議の対象になっていて、おそらく5秒のペナルティを受けるだろうと分かってからは、少し気が楽になったよ」 「とはいえ、彼に抜かれて2位でレースを終えるつもりはなかった。どうしてもトップでチェッカーを受けたかったんだ」 [オートスポーツweb 2026年09月07日],[],[]
後方から浮上できなかったアストン。ホンダ折原GM「厳しい決勝は想定していた。現実を受け止めて前に進む」（オートスポーツweb）,https://news.yahoo.co.jp/articles/aaad75d86b721bd46e33f86b8a1c95b41c7243ab,https://newsatcl-pctr.c.yimg.jp/t/amd-img/20260907-01349356-rcg-000-1-view.jpg?exp=10800,2026-09-07T11:58:25+09:00,2026-09-07T11:59:54+09:00,オートスポーツweb,rcg,オートスポーツweb,672,2026年F1第13戦イタリアGP ランス・ストロールとフェルナンド・アロンソ（アストンマーティン） 2026年F1イタリアGP決勝で、アストンマーティン・ホンダのフェルナンド・アロンソとランス・ストロールはともにリタイアに終わった。アロンソはマシンにダメージを負い、ストロールはハイドロリック系のトラブルに見舞われた。 【写真】フェルナンド・アロンソ（アストンマーティンAMR26） 予選後、アストンマーティンはアロンソ車のパワーユニット（PU）に、5基目のMGU-K、6基目のエナジーストアとコントロールエレクトロニックユニットを入れ、シーズン中に許される基数を超えた交換が、パルクフェルメ下で行われたため、アロンソはピットレーンからのスタートとなった。 アロンソは、17番手を走行した後、23周目、ピットに戻ってリタイアした。縁石に乗り上げた際にマシンにダメージを負い、ダメージが拡大しないよう走行を終えたということだ。ストロールは、最下位20番手を走行中、ハイドロリック系トラブルに見舞われ、コース脇にマシンを停め、26周でリタイアした。 ホンダ・レーシング（HRC）の折原伸太郎トラックサイド・ゼネラルマネージャー兼チーフエンジニアは、一日を振り返り、次のようにコメントした。 「現在のパワーユニットのパフォーマンスを踏まえると、今日のレースは厳しい内容になると想定していました。今回の結果を受け止め、来週はモンツァとは異なる特性を持つマドリードで、チームと共に新たな戦いに挑みます」 [オートスポーツweb 2026年09月07日],[],[]
トラブルで目前の勝利逃したトヨタのデ・フリースが状況を説明「最初は信じられなかった」／WEC第5戦オースティン（オートスポーツweb）,https://news.yahoo.co.jp/articles/85d05f75a23afa5722de81f353349689acb773e6,https://newsatcl-pctr.c.yimg.jp/t/amd-img/20260907-01349341-rcg-000-7-view.jpg?exp=10800,2026-09-07T11:56:27+09:00,2026-09-07T12:39:20+09:00,オートスポーツweb,rcg,オートスポーツweb,1654,リタイア後のデビッド・フローリー（テクニカルディレクター）とニック・デ・フリース トヨタレーシングのテクニカル・ディレクターであるデビッド・フローリーは、WEC世界耐久選手権第5戦でマイク・コンウェイ／小林可夢偉／ニック・デ・フリース組7号車の勝利を阻んだ終盤の油圧トラブルは、予兆なく発生したものであり、これまで経験したことのない問題だったと説明した。 【リタイア後、マシンを降りてうなだれるニック・デ・フリース】 7号車トヨタGR010ハイブリッドは、レース開始から4時間目にデ・フリースの連続オーバーテイクによってトップに浮上し、サーキット・オブ・ジ・アメリカズ（COTA）におけるトヨタの初勝利を収めるかと思われた。 しかし、6時間のレース終了まで残り12分というところで、油圧トラブルによりデ・フリースのマシンからパワーステアリングが失われ、走行継続が不可能となってリタイアを余儀なくされた。 この結果はチームにとって特に悔しいものとなった。というのも、ドライバーズ選手権で同点首位に並ぶライバルである20号車BMW M ハイブリッドV8も無得点に終わっていたため、7号車の3人は選手権でのリードを25ポイントに広げる絶好の機会を逃したことになるからだ。 さらに追い打ちをかけるように、8号車は独自のエネルギー戦略がバーチャル・セーフティカーの導入によって無効化された上、ピットレーンでの速度違反によるドライブスルー・ペナルティも科された結果、6位に終わった。 「選手権を争うにはすべてを完璧にする必要があるが、今日は8号車にドライブスルー・ペナルティにつながる問題があり、7号車にはリタイアにつながる問題が発生した。したがって、満足できる結果ではない」とフローリーは語った。 「選手権を戦うにはあらゆるチャンスを活かす必要があるが、今回はそれができなかった。今日起きたことについて、自分たち以外の誰かを責めるべきではない」 「結局のところ、我々が持ち帰ったものはわずかであり、充分な結果とは言えない」 デ・フリースは、終盤に訪れたこの失望を「素晴らしい一日の、非常に悲しい結末」と表現し、「最初は信じられなかった」と語った。 彼は、その問題が「かなり突然」発生し、異常を示す予兆もほとんどなかったと付け加えている。 「その前の周回で、いくつかの奇妙な音や感触に気づき始めたが、その時はそれほど深く考えていなかった」とデ・フリースは説明した。 「そしてターン9を立ち上がったところでパワーステアリングを失い、油圧系の警告が出た。パワーステアリングもギヤチェンジも効かなくなり、それで終わりだった」 「重要な局面で適切な位置につけ、勝負どころで的確な動きを見せ、選手権で大きなポイントを獲得できる絶好のポジションを築いていたんだ。だけど、残念ながら今回はうまくいかなかった」 「この好機を逃してしまったことはチーム全員にとって本当に残念だが、モータースポーツは技術を競うものであり、こうしたトラブルは起こり得るものだ」 「レースとはそういうもので、運が味方することもあれば、そうでないこともある。とても悔しく残念な結果だが、それを受け入れて前に進むしかない」 フローリーはピットレーン速度違反のペナルティを受ける原因となった8号車のトラブルについて詳細には触れなかったものの、「原因が何であれ、このようなトラブルはあってはならないことだ」と述べている。 8号車が6位でフィニッシュした結果、トヨタはマニュファクチャラーズ選手権におけるBMWとのリードをわずかに広げ、その差を9ポイントとした。 また、セバスチャン・ブエミ／ブレンドン・ハートレー／平川亮を擁する8号車チームは、ドライバーズランキングで4位に浮上した。トップとの差は11ポイントで、首位の座は依然として7号車の3人と、BMWのレネ・ラストおよびロビン・フラインスが分け合っている状況だ。 [オートスポーツweb 2026年09月07日],[],[]
4戦3勝で4度目の王者を狙う横井昌志「日本を引っ張っていけるドライバーに」【D1GP2026キーパーソンVol.1】（オートスポーツweb）,https://news.yahoo.co.jp/articles/74112a0d7b0669e52aee81ccbc141939d2009a17,https://newsatcl-pctr.c.yimg.jp/t/amd-img/20260907-01349311-rcg-000-1-view.jpg?exp=10800,2026-09-07T09:47:39+09:00,2026-09-07T14:13:41+09:00,オートスポーツweb,rcg,オートスポーツweb,1657,2022年以来のチャンピオン獲得を目指しランキング1位で後半戦に挑む横井昌史 25周年のメモリアルシーズンを迎えている2026年のD1GPシリーズ。ここまで2ラウンドを終え、9月26、27日に開催される『D1GPシリーズ第5戦＆第6戦EBISU DRIFT』からシーズン後半戦に突入する。25周年を盛り上げる今季注目のD1ドライバーたちを紹介しよう！ ■シーズン前半4戦3勝の絶好調男 2018、2019、2022年にD1グランプリシリーズでチャンピオンを獲得した横井昌志。2026年は長年在籍したD-MAX Racingを離れ、自身で新チーム「Mind Control Racing SHIBATIRE」を結成。車両もS15からS14シルビアに変更し、愛知スカイエキスポの開幕ラウンドに挑んだ。 第1戦では、単走17位から追走トーナメントを勝ち上がり、2023年開幕戦以来の優勝を決める。第2戦ではチェック走行でクラッシュを喫するも、マシンを修復しベスト8に進出。続く筑波サーキットでの第3、4戦ではベテランドライバーならではの経験の差を見せる。 台風の影響で難しいコンディションとなったTSUKUBA DRIFT。単走を8位で終えた横井は、決勝へ進出。決勝では長年のライバルである中村直樹と対決。お互いミスの少ないドリフトを披露し、横井が勝利した。翌日の第4戦では単走で優勝を果たすと、追走でも安定した走りを披露し勝利。シーズン前半を4戦3勝という最高の流れでエビスサーキットからの後半戦に挑む。 横井がドリフトを始めたきっかけは、先輩の影響だと語る。 「ドリフトを始めたきっかけは、先輩がドリフトをしていて楽しそうだと思ったんです」と横井。ドリフトを始めた頃に印象に残っている選手を聞くと「今年は参戦していないのですが、地元が一緒だった日比野（哲也）選手ですね。僕が参戦するのに協力してくれて、いろいろ教えてくれた方なので、すごい印象に残っています」と振り返る。 攻撃的な走りをこれまで見せてきた横井。自身のドリフトの特徴を聞くと、「“鬼刺し”と言われるぐらいの刺すような追走を今までしてきたし、最近は特にメリハリのあるスピード感のある走りとドリフトの振りの鋭さが僕独特のスタイルなので、今でもそれは絶対大事にしています」 「D1は、全体域の速度域と安定したセクターと振りのセクターの2種類に分かれるんですけど、僕の中では絶対に振りの鋭さのセクターを大事にしていて、そこのドリフトの振りのカッコ良さをぜひ見てもらいたいです」とコメントする。 2026年は新チームの立ち上げで忙しい時間を過ごしている横井。今年挑戦してみたいことを聞くと、「今年から新チームを自分で立ち上げたので、車作りでいっぱいいっぱい。フリーな時間もあまりないですね。余裕が出てきたら、好きなキャンプに行きたいですね」 「（挑戦してみたいこと？）そうですね、一度アメリカで走ったことがありますが、海外で参戦してみたいという気持ちはあります。D1は海外にない良さがもちろんあるのですが、技術面では追いつかれているところもある。海外の良いところを取り入れつつ、世界についていけるようにしたいと思っています」と横井。 「世界のいろいろなドリフト競技を見てこないと日本のレベルも上がらないので、（中村）直樹みたいにヨーロッパで戦うようなドライバーがいてくれた方が日本のドリフトレベルも上がるし、そういう立場に僕はなりたいと思っています」 「もう43歳で、大御所になってきましたが、同年代の選手もまだまだいるし、選手会長もやっていて日本を引っ張っていけるリーダーシップ性も持っている人間だと思います。まだまだ懲りずに若手ドライバーを育てたり、日本を引っ張っていけるドライバーになっていきたいと思います」 前半戦の勢いをそのままに4度目のチャンピオン獲得となるか？ シーズン後半戦も横井の走りに注目だ。 [オートスポーツweb 2026年09月07日],[],[]
残り12分でトヨタに悪夢、華麗なオーバーテイクでの首位浮上実らず。50号車フェラーリが逆転勝利【第5戦決勝後半レポート】（オートスポーツweb）,https://news.yahoo.co.jp/articles/ae4a3c6954a5ae1b40582461562b7a182bbd39ee,https://newsatcl-pctr.c.yimg.jp/t/amd-img/20260907-01349296-rcg-000-16-view.jpg?exp=10800,2026-09-07T09:32:07+09:00,2026-09-07T10:11:45+09:00,オートスポーツweb,rcg,オートスポーツweb,3098,WEC第6戦オースティンを制したアントニオ・フォコ／ミゲル・モリーナ／ニクラス・ニールセン組50号車フェラーリ499P 9月6日、テキサス州オースティンに位置するサーキット・オブ・ジ・アメリカズ（COTA）でWEC世界耐久選手権第5戦『ローンスター・ル・マン』の決勝レースが6時間にわたって争われ、アントニオ・フォコ／ミゲル・モリーナ／ニクラス・ニールセン組の50号車フェラーリ499P（フェラーリAFコルセ）が勝利を飾った。 9番グリッドスタートからレース後半をリードしていたマイク・コンウェイ／小林可夢偉／ニック・デ・フリース組の7号車トヨタTR010ハイブリッド（トヨタレーシング）は残り12分のところでトラブルに見舞われリタイア、勝利を失う結果となった。 LMGT3クラスではイアン・ジェームス／ザカリー・ロビション／マティア・ドルディ組の27号車アストンマーティン・バンテージAMR LMGT3（ハート・オブ・レーシングチーム）がクラス優勝を飾っている。 全8戦で争われる2026シーズンのWECも、ここから後半戦。中東での2戦が欧州へと置き換えられ、アメリカ、日本、スペイン、イタリアを約2カ月で転戦していくスケジュールとなる。 前日に行われた予選では、51号車フェラーリのアントニオ・ジョビナッツィが2番手となったジャック・エイトケン（キャデラック・ハーツ・チーム・JOTA／38号車キャデラックVシリーズ.R）と1分52秒455というまったくの同タイムでポールポジションを獲得。トヨタレーシングの2台は8号車が7番手から、7号車が9番手から決勝に挑むこととなった。 暑いコンディションとなっている今週のCOTA。現地時刻13時スタートの決勝直前には一時雨が降り、コースの一部はウエットコンディションとなったものの、全車スリックタイヤでスタート。ハイパーカークラスでは、12号車キャデラックや83号車・50号車フェラーリ、8号車トヨタが1回目のピットストップを早め、オフセット戦略を採用した。 スタートから“表の首位”をキープしていた51号車フェラーリは2回目のルーティン作業からのリスタートに時間を要して後退。そして3時間経過前には、“表”の38号車キャデラックが首位の状態でバーチャルセーフティカー（VSC）が導入、この間に各車はピット作業を行い、その後セーフティカー（SC）に移行したためマージンと燃料搭載量の差がリセットされた。 折り返しとなる3時間経過時点はSCラン中となり、38号車キャデラックが首位、35号車アルピーヌA424（アルピーヌ・エンデュランス・チーム）、007号車アストンマーティン・ヴァルキリー（アストンマーティンTHORチーム）、7号車トヨタ、36号車アルピーヌ、51号車フェラーリと続くトップ6のオーダーとなっていた。8号車トヨタは8番手だ。 ＊レース前半の詳細レポートはこちら（https://www.as-web.jp/sports-car/1349015） ■ターン1で何度もインに飛び込んだデ・フリース 3時間10分経過時点でリスタートを迎えると、7号車トヨタのデ・フリースがターン1でアストンマーティン、アルピーヌを相次いでかわして2番手へと浮上。続いてデ・フリースは首位の38号車キャデラックをドライブするアール・バンバーにも同様にターン1への進入でインを取って挑むが、一度はオーバーシュート気味になり抜くには至らず。 しかし3時間43分経過時点でバックマーカーが絡んで再びチャンスが訪れると、今度はターン1でのオーバーテイクを成功させ、ついにデ・フリースの7号車トヨタが首位に立った。バンバーはトラックリミット違反の回数も上限に達しつつあったようだ。 一方の8号車トヨタはレース前半と同様に早めのルーティンピットを敢行し、オフセット戦略へ。マシンには平川亮が乗り込んでいる。 4時間過ぎのルーティンピットで、首位7号車は可夢偉にドライバー交代。36号車アルピーヌは燃料を満タンにしない戦略を採用し、ビクトール・マルタンスが可夢偉の背後にピタリとつけた。その後ろの暫定3番手には、オフセット戦略を採用した8号車トヨタがつける展開となったが、ピットレーンでのスピード違反によりドライブスルーペナルティが科せられ、7番手まで後退してしまう。 4時間50分が経過した時点で、GTクラスのストップ車両のためVSCが導入。ここで各車がピット作業を済ませることとなったが、この直前にルーティンピットに飛び込んで50%ほどまで給油をしていた36号車アルピーヌは大きく順位を落とすことになった。なお、平川からブエミに代わった8号車トヨタはVSC中に2度のピットインを行っている。 その後SCへと移行し、再び各車のギャップがなくなった状態で残り46分で競技が再開。三度7号車トヨタに乗り込んだデ・フリースはリスタートを難なく決めるが、中位以下では接近戦のバトルが展開され、順位が入れ替わることに。ドライバーズポイントリーダーの20号車BMW Mハイブリッド V8もポジションアップを狙うが、12番手とポイント圏外で終盤の走行を重ねた。 残り30分、35号車アルピーヌのシャルル・ミレッシがS字区間でわずかにコースアウトした隙に、50号車フェラーリのニールセンが35号車をかわして2番手へと浮上する。 このまま7号車がCOTAにおけるトヨタの初優勝を飾るかと思いきや、残り12分、デ・フリースは突然ターン11でコースオフを喫すると、「曲がることができなくなった。ハイドロリック・プレッシャー（油圧）！」と無線で訴え、スロー走行でピットへ。マシンはガレージへと入れられ、デ・フリースはがっくりと肩を落とした。 これにより、6時間経過時点で最初にチェッカーフラッグを受けたのは50号車フェラーリとなり、今季初優勝を飾った。35号車アルピーヌは2番目にチェッカーを受けたものの、アンセーフリリースにより5秒加算のペナルティを受け、3位に後退。2位は38号車キャデラックのものとなった。 4位には007号車アストンマーティン、5位には36号車アルピーヌが続いた。 ペナルティやイレギュラーピットにより大きく後退した8号車トヨタだが、終盤のリスタート後の混戦のなかでセバスチャン・ブエミがポイント圏外から順位を上げていき、最終的には6位でチェッカーを受けている。 7号車トヨタとドライバー選手権首位タイに並んで第5戦を迎えた20号車BMWは、ノーポイントでレースを終えた。 3時間経過時点では27号車アストンマーティン・バンテージAMR LMGT3（ハート・オブ・レーシング・チーム）が首位を走っていたLMGT3クラスは、リスタート直後に91号車ポルシェ911 GT3 R LMGT3（マンタイDKエンジニアリング）がトップを奪うも、走路外走行でゲインを得たとして、次のピットストップで5秒加算のペナルティが科せられる。 その後は61号車メルセデスAMG LMGT3（アイアン・リンクス）が首位に立つ場面もあったが、終盤には27号車アストンマーティンが再び首位に立ち、そのままクラス優勝を飾った。最後のピットで燃料を満タンにしなかったと見られる91号車ポルシェが2位、ポールポジションスタートの23号車アストンマーティンが3位となった。 WEC第6戦はいよいよ9月25〜27日、静岡県の富士スピードウェイで開催される。 [オートスポーツweb 2026年09月07日],[],[]
PU交換のアロンソは決勝リタイア「マシンにダメージ。キャデラックと戦えたのはよかったが厳しい週末」ストロールにはトラブル（オートスポーツweb）,https://news.yahoo.co.jp/articles/32b79c72a21b28f18a21f307fd24e239d7186b66,https://newsatcl-pctr.c.yimg.jp/t/amd-img/20260907-01349289-rcg-000-2-view.jpg?exp=10800,2026-09-07T09:30:15+09:00,2026-09-07T09:31:49+09:00,オートスポーツweb,rcg,オートスポーツweb,1478,2026年F1第13戦イタリアGP フェルナンド・アロンソ（アストンマーティン）がリタイア 2026年F1イタリアGP決勝で、アストンマーティン・ホンダのフェルナンド・アロンソとランス・ストロールはともにリタイアに終わった。 【写真】2026年F1第13戦イタリアGP ランス・ストロール（アストンマーティン）がリタイア アストンマーティンは、予選後にパルクフェルメ下でアロンソ車のパワーユニット（PU）のコンポーネントを交換、エナジーストア、コントロールエレクトロニクス、MGU-Kの使用基数がシーズン中に許可される制限を超えたため、アロンソはピットレーンスタートとなった。ストロールは他車のペナルティにより、18番グリッドからのスタートとなった。 アロンソはハードタイヤ、ストロールはソフトタイヤでスタート。レース序盤の赤旗時にはストロールが20番手、アロンソが最下位21番手という位置だった。再スタートに際しアロンソはソフトタイヤ、ストロールはハードタイヤを選択。その後、アロンソは一時17番手を走った後、ピットに戻り、23周でレースを終えた。マシンにダメージを負ったとみられるため、リタイアを決めたとチームは説明している。 その3周後、ストロールはコース脇でストップ。こちらはハイドロリック系のトラブルだということだ。 チーフトラックサイドオフィサーのマイク・クラックは、一日を振り返り、次のようにコメントした。 「今日はモンツァで2台とも早い段階でレースを終えることになった。ハイドロリック系のトラブルによってランスはリタイアを余儀なくされ、フェルナンドはターン7でワイドになった際にマシンにダメージを負った」 「このサーキットは我々のパッケージに適していなかったのかもしれない。しかし、今回得られたデータと学びを今後に生かし、来週末のマドリードではより高い競争力を発揮できることを期待している」 ■フェルナンド・アロンソ（アストンマーティン・アラムコ F1チーム）決勝＝リタイア（23周／53周）ピットレーンスタート／タイヤ：ハード→ソフト 「今日は、縁石に乗り上げた際にマシンにダメージを負ってしまい、早い段階でレースを終えることになった。さらなるダメージを負わないために、マシンを止めることにした。それまではキャデラック勢とバトルをしながら、マシンから最大限のパフォーマンスを引き出そうとしていた」 「今は来週のスペインに目を向ける。僕たち全員にとって新しいサーキットでのレースになる」 （F1のインタビューで語り）「マシンにダメージがあったと思う。ターン7で縁石を越えたところ、何かがおかしい感触があった。サスペンションか何かだと思う」 （決勝中、マシンやエンジンはどういう状態だったかと聞かれ）「難しかった。週末を通してずっと同じだった。少なくともキャデラック勢とは多少戦えたので、レースでは少し楽しむことができたが、難しい週末だった」 ■ランス・ストロール（アストンマーティン・アラムコ F1チーム）決勝＝リタイア（26周／53周）18番グリッド／タイヤ：ソフト→ハード 「ハイドロリック系とみられるトラブルが出たため、マシンをリタイアさせなければならなかった。いずれにしてもレースでは苦戦していた」 「現時点では必要なパワーがないことは分かっているし、今日はそれが改めて証明される結果になった」 「理論的には、マドリードは僕たちにとって少し良さそうなので、これからはそこに集中する」 [オートスポーツweb 2026年09月07日],[],[]
【正式結果】2026年WEC第5戦オースティン 決勝（オートスポーツweb）,https://news.yahoo.co.jp/articles/ea3c35abc3bf273e73323a5baa1d53933a2cdbfe,https://newsatcl-pctr.c.yimg.jp/t/amd-img/20260907-01349290-rcg-000-5-view.jpg?exp=10800,2026-09-07T09:14:37+09:00,2026-09-07T18:43:14+09:00,オートスポーツweb,rcg,オートスポーツweb,3092,レース終盤まで首位を走行していた7号車トヨタTR010ハイブリッド 9月6日、アメリカ・テキサス州オースティンに位置するサーキット・オブ・ジ・アメリカズ（COTA）でWEC世界耐久選手権第5戦『ローンスター・ル・マン』の決勝レースが行われ、アントニオ・フォコ／ミゲル・モリーナ／ニクラス・ニールセン組の50号車フェラーリ499P（フェラーリAFコルセ）が勝利を飾った。 【LMGT3クラスの決勝スタートシーン】 ■2026年WEC世界耐久選手権第5戦ローン・スター・ル・マン決勝暫定結果 （23時54分発表） Pos.／No.／Class／Team／Car／Driver／Tyre／Lap 1／50／HYPERCAR／フェラーリAFコルセ／フェラーリ499P／アントニオ・フォコミゲル・モリーナニクラス・ニールセン／MI／167 2／38／HYPERCAR／キャデラック・ハーツ・チーム・JOTA／キャデラックVシリーズ.R／アール・バンバーセバスチャン・ブルデージャック・エイトケン／MI／167 3／35／HYPERCAR／アルピーヌ・エンデュランス・チーム／アルピーヌA424／アントニオ・フェリックス・ダ・コスタシャルル・ミレッシフェルディナント・ハプスブルク／MI／167 4／007／HYPERCAR／アストンマーティンTHORチーム／アストンマーティン・ヴァルキリー／ハリー・ティンクネルトム・ギャンブル／MI／167 5／36／HYPERCAR／アルピーヌ・エンデュランス・チーム／アルピーヌA424／フレデリック・マコウィッキジュール・グーノンビクトール・マルタンス／MI／167 6／8／HYPERCAR／トヨタ・レーシング／トヨタTR010ハイブリッド／セバスチャン・ブエミブレンドン・ハートレー平川亮／MI／167 7／17／HYPERCAR／ジェネシス・マグマ・レーシング／ジェネシスGMR-001ハイパーカー／アンドレ・ロッテラールイス・フェリペ・デラーニマティス・ジョベール／MI／167 8／15／HYPERCAR／BMW MチームWRT／BMW MハイブリッドV8／ケビン・マグヌッセンラファエル・マルチェッロドリス・ファントール／MI／167 9／12／HYPERCAR／キャデラック・ハーツ・チーム・JOTA／キャデラックVシリーズ.R／ウィル・スティーブンスノーマン・ナトリッキー・テイラー／MI／167 10／94／HYPERCAR／プジョー・トタルエナジーズ／プジョー9X8／ロイック・デュバルマルテ・ヤコブセンテオ・プルシェール／MI／167 11／51／HYPERCAR／フェラーリAFコルセ／フェラーリ499P／アレッサンドロ・ピエール・グイディジェームス・カラドアントニオ・ジョビナッツィ／MI／167 12／20／HYPERCAR／BMW MチームWRT／BMW MハイブリッドV8／ロビン・フラインスレネ・ラストシェルドン・ファン・デル・リンデ／MI／167 13／009／HYPERCAR／アストンマーティンTHORチーム／アストンマーティン・ヴァルキリー／アレックス・リベラスマルコ・ソーレンセン／MI／167 14／83／HYPERCAR／AFコルセ／フェラーリ499P／イェ・イーフェイロバート・クビサフィル・ハンソン／MI／167 15／19／HYPERCAR／ジェネシス・マグマ・レーシング／ジェネシスGMR-001ハイパーカー／マシュー・ジャミネポール・ループ・シャタンダニエル・ジュンカデラ／MI／167 16／93／HYPERCAR／プジョー・トタルエナジーズ／プジョー9X8／ポール・ディ・レスタストフェル・バンドーンニック・キャシディ／MI／165 17／27／LMGT3／ハート・オブ・レーシング・チーム／アストンマーティン・バンテージAMR LMGT3／イアン・ジェームスザカリー・ロビションマティア・ドルディ／GY／154 18／91／LMGT3／マンタイDKエンジニアリング／ポルシェ911 GT3 R LMGT3／ジェームス・コッティンガムティムール・ボグスラフスキーアヤハンカン・ギュベン／GY／154 19／23／LMGT3／ハート・オブ・レーシング・チーム／アストンマーティン・バンテージAMR LMGT3／グレイ・ニューウェルエドゥアルド・バリチェロジョニー・アダム／GY／154 20／21／LMGT3／ビスタAFコルセ／フェラーリ296 LMGT3エボ／フランソワ・エリオサイモン・マンアレッシオ・ロベラ／GY／154 21／77／LMGT3／プロトン・コンペティション／フォード・マスタングLMGT3／エリック・パウエルベン・タックセバスチャン・プリオール／GY／154 22／61／LMGT3／アイアン・リンクス／メルセデスAMG LMGT3／マーティン・ベリールイ・アンドラーデマキシム・マルタン／GY／154 23／79／LMGT3／アイアン・リンクス／メルセデスAMG LMGT3／ヨハネス・ゼルガーマッテオ・クレッソーニリン・ホデニウス／GY／154 24／58／LMGT3／ガレージ59／マクラーレン720S LMGT3エボ／アレクサンダー・ウエストフィン・ゲルシッツベンジャミン・ゲーテ／GY／154 25／88／LMGT3／プロトン・コンペティション／フォード・マスタングLMGT3／ステファノ・ガットゥーゾジャンマルコ・レボラートローガン・サージェント／GY／153 26／54／LMGT3／ビスタAFコルセ／フェラーリ296 LMGT3エボ／トーマス・フローフランチェスコ・カステラッチダビデ・リゴン／GY／153 27／69／LMGT3／チームWRT／BMW M4 LMGT3エボ／アンソニー・マッキントッシュパーカー・トンプソンダニエル・ハーパー／GY／153 28／33／LMGT3／TFスポーツ／シボレー・コルベットZ06 LMGT3.R／ベン・キーティングジョニー・エドガーニッキー・キャツバーグ／GY／153 29／87／LMGT3／アコーディスASPチーム／レクサスRC F LMGT3／ペトル・ウンブラレスククレメンス・シュミットホセ-マリア・ロペス／GY／152 30／34／LMGT3／レーシング・チーム・ターキー・バイ・TF／シボレー・コルベットZ06 LMGT3.R／ピーター・デンプシーサリ・ヨルックチャーリー・イーストウッド／GY／151 31／92／LMGT3／ザ・ベンド・マンタイ／ポルシェ911 GT3 R LMGT3／ヤッサー・シャヒンリカルド・ペーラリヒャルト・リエツ／GY／147 32／32／LMGT3／チームWRT／BMW M4 LMGT3エボ／ダレン・ラーンショーン・ゲラエルアウグスト・ファーフス／GY／142 33／10／LMGT3／ガレージ59／マクラーレン720S LMGT3エボ／アンタレス・オートーマス・フレミングマービン・キルヒホーファー／GY／140 NC／78／LMGT3／アコーディスASPチーム／レクサスRC F LMGT3／トム・ファン・ロンパウアドリアン・デイビッドエステバン・マッソン／GY／122 R／7／HYPERCAR／トヨタ・レーシング／トヨタTR010ハイブリッド／マイク・コンウェイ小林可夢偉ニック・デ・フリース／MI／161 [オートスポーツweb 2026年09月07日],[],[]
【順位結果】2026 SBK第9戦フランス 決勝レース2（オートスポーツweb）,https://news.yahoo.co.jp/articles/9c137ef6c597b5c86dffa806ed0fd26e657cc2f6,https://newsatcl-pctr.c.yimg.jp/t/amd-img/20260907-01348388-rcg-000-9-view.jpg?exp=10800,2026-09-07T07:41:24+09:00,2026-09-07T07:42:49+09:00,オートスポーツweb,rcg,オートスポーツweb,3838,ニッコロ・ブレガ（Aruba.it Racing - Ducati）／2026WorldSBK第9戦フランス 9月6日、2026年スーパーバイク世界選手権（WorldSBK）第9戦フランスのスーパーポールレースと決勝レース2がマニクール・サーキットで開催された。 【写真】勝利を喜ぶニッコロ・ブレガ スーパーポールレースは、ニッコロ・ブレガ（Aruba.it Racing - Ducati）が勝利し、 2位はイケル・レクオーナ（Aruba.it Racing - Ducati）、3位はヤリ・モンテッラ（Barni Spark Racing Team）が獲得した。 続く決勝レース2でもブレガが優勝。2位にレクオーナ、3位にはモンテッラが入り、スーパーポールレースと同じ顔ぶれの表彰台となった。 11時10分に行われたスーパーポールレースでは、好スタートを決めたレクオーナが先行するも、3周目にブレガが逆転。最終的に2秒以上のギャップを築いたブレガがトップチェッカーを受けた。 2位にレクオーナ、3位にはモンテッラが続き表彰台を獲得している。 14時に行われた決勝レース2は、ポールシッターのブレガがホールショットを奪い、レクオーナが2番手、3番手にはアルベルト・スーラ（Motocorsa Racing）が浮上した。 3周目、アンドレア・ロカテッリ（Pata Maxus Yamaha）が16コーナーで転倒。一方で7番手スタートのロレンツォ・バルダッサーリ（Team Goeleven）は、スタートで順位を下げるも追い上げを見せ、5周目にはトーマス・ブライドウェル（Superbike Advocates）を攻略し6番手に浮上した。 6周目、4番手に後退したモンテッラがスーラを攻略し表彰台圏内に浮上。スーラの後にはアレックス・ロウズ（bimota by Kawasaki Racing Team）も迫り、3台による表彰台争いが展開される。 しかし、11周目の5コーナーでアレックス・ロウズが転倒。ドゥカティ勢に割って入りたかったビモータ勢だったが、アレックス・ロウズは17番手まで大きく後退してしまった。 アレックス・ロウズが大きくポジションを落とし、4番手をキープしたスーラだったが、背後にはペースの良いバルダッサーリが迫る。レース序盤から追い上げを見せていたバルダッサーリは、残り8周でスーラも捕らえ4番手に浮上。 また、15番グリッドからのスタートとなったアルバロ・バウティスタ（Barni Spark Racing Team）も7番手までポジションを上げると、残り5周でブライドウェルを捕らえ6番手に。 残り2周となった時点でブライドウェルが3コーナーで転倒。この転倒により赤旗が掲示されレースは終了。ブレガは一度も首位の座を譲ることなくトップチェッカーを達成し、フランスでもハットトリックを決めた。 2位にレクオーナ、3位にモンテッラが入っている。 ■2026年WorldSBK第9戦フランス スーパーポールレース（10周） 路面：ドライ Pos.／No.／Rider／Team／Machine／Time／Gap 1／11／ニッコロ・ブレガ／Aruba.It Racing - Ducati／ドゥカティ パニガーレV4 R／15’52.648 2／7／イケル・レクオーナ／Aruba.It Racing - Ducati／ドゥカティ パニガーレV4 R／+2.073 3／5／ヤリ・モンテッラ／Barni Spark Racing Team／ドゥカティ パニガーレV4 R／+5.400 4／67／アルベルト・スーラ／Motocorsa Racing／ドゥカティ パニガーレV4 R／+6.773 5／22／アレックス・ロウズ／bimota by Kawasaki Racing Team／ビモータKB998 Rimini／+7.325 6／46／トーマス・ブライドウェル／Superbike Advocates／ドゥカティ パニガーレV4 R／+10.269 7／34／ロレンツォ・バルダッサーリ／Team Goeleven／ドゥカティ パニガーレV4 R／+12.775 8／87／レミー・ガードナー／GYTR GRT Yamaha WorldSBK Team／ヤマハYZF-R1／+14.518 9／97／チャビ・ビエルゲ／Pata Maxus Yamaha／ヤマハYZF-R1／+14.891 10／55／アンドレア・ロカテッリ／Pata Maxus Yamaha／ヤマハYZF-R1／+14.920 11／47／アクセル・バッサーニ／bimota by Kawasaki Racing Team／ビモータKB998 Rimini／+15.344 12／88／ミゲール・オリベイラ／ROKiT BMW Motorrad WorldSBK Team／BMW M1000RR／+16.000 13／31／ギャレット・ガーロフ／Kawasaki WorldSBK Team／カワサキZX-10RR／+16.133 14／96／ジェイク・ディクソン／Honda HRC／ホンダCBR1000RR-R SP／+16.557 15／19／アルバロ・バウティスタ／Barni Spark Racing Team／ドゥカティ パニガーレV4 R／+17.530 16／9／ダニロ・ペトルッチ／ROKiT BMW Motorrad WorldSBK Team／BMW M1000RR／+19.210 17／35／ソムキャット・チャントラ／Honda HRC／ホンダCBR1000RR-R SP／+20.093 18／62／ステファノ・マンジ／GYTR GRT Yamaha WorldSBK Team／ヤマハYZF-R1／+25.192 RET／14／サム・ロウズ／ELF Marc VDS Racing Team／ドゥカティ パニガーレV4 R／1Lap RET／20／マッティア・ラト／Motoxracing WorldSBK Team／ヤマハYZF-R1／6Laps ■2026年WorldSBK第9戦フランス 決勝レース2（19周） 路面：ドライ Pos.／No.／Rider／Team／Machine／Time／Gap 1／11／ニッコロ・ブレガ／Aruba.It Racing - Ducati／ドゥカティ パニガーレV4 R／31’31.396 2／7／イケル・レクオーナ／Aruba.It Racing - Ducati／ドゥカティ パニガーレV4 R／+5.458 3／5／ヤリ・モンテッラ／Barni Spark Racing Team／ドゥカティ パニガーレV4 R／1Sector 4／34／ロレンツォ・バルダッサーリ／Team Goeleven／ドゥカティ パニガーレV4 R／1Sector 5／67／アルベルト・スーラ／Motocorsa Racing／ドゥカティ パニガーレV4 R／1Sector 6／19／アルバロ・バウティスタ／Barni Spark Racing Team／ドゥカティ パニガーレV4 R／2Sector 7／31／ギャレット・ガーロフ／Kawasaki WorldSBK Team／カワサキZX-10RR／2Sector 8／97／チャビ・ビエルゲ／Pata Maxus Yamaha／ヤマハYZF-R1／2Sector 9／47／アクセル・バッサーニ／bimota by Kawasaki Racing Team／ビモータKB998 Rimini／2Sector 10／87／レミー・ガードナー／GYTR GRT Yamaha WorldSBK Team／ヤマハYZF-R1／2Sector 11／14／サム・ロウズ／ELF Marc VDS Racing Team／ドゥカティ パニガーレV4 R／2Sector 12／9／ダニロ・ペトルッチ／ROKiT BMW Motorrad WorldSBK Team／BMW M1000RR／3Sector 13／22／アレックス・ロウズ／bimota by Kawasaki Racing Team／ビモータKB998 Rimini／3Sector 14／35／ソムキャット・チャントラ／Honda HRC／ホンダCBR1000RR-R SP／3Sector 15／88／ミゲール・オリベイラ／ROKiT BMW Motorrad WorldSBK Team／BMW M1000RR／3Sector NC／46／トーマス・ブライドウェル／Superbike Advocates／ドゥカティ パニガーレV4 R／ NC／62／ステファノ・マンジ／GYTR GRT Yamaha WorldSBK Team／ヤマハYZF-R1／ NC／96／ジェイク・ディクソン／Honda HRC／ホンダCBR1000RR-R SP／ NC／13／マッティア・ラト／Motoxracing WorldSBK Team／ヤマハYZF-R1／ NC／55／アンドレア・ロカテッリ／Pata Maxus Yamaha／ヤマハYZF-R1／ [オートスポーツweb 2026年09月07日],[],[]
角田裕毅が10位「アルピーヌとの選手権5位争いのなか、ポイントを獲得できてうれしい」代表はわずか2戦目の入賞を称賛（オートスポーツweb）,https://news.yahoo.co.jp/articles/5eabaf248a793c25fbe3b123008d7dc003d41476,https://newsatcl-pctr.c.yimg.jp/t/amd-img/20260907-01349272-rcg-000-5-view.jpg?exp=10800,2026-09-07T07:41:07+09:00,2026-09-07T13:01:06+09:00,オートスポーツweb,rcg,オートスポーツweb,1921,2026年F1第13戦イタリアGP 角田裕毅（レーシングブルズ） 2026年F1イタリアGP決勝で、レーシングブルズの角田裕毅は10位入賞を果たし、1ポイントを獲得した。角田は、オランダに続きイタリアでもリアム・ローソンの代役としてレーシングブルズから参戦。ローソンは、負傷したアイザック・ハジャーの代わりにレッドブルで走った。 【写真】2026年F1第13戦イタリアGP日曜日 角田裕毅（レーシングブルズVCARB 03） 角田は15番グリッドからハードタイヤでスタート、シャルル・ルクレール（フェラーリ）のリタイアで14番手に上がった後、レースは赤旗中断に。リスタートに際し、タイヤをミディアムタイヤに換えて、レースの最後まで走り切った。 リスタートで10番手に上がり、オリバー・ベアマン（ハース）をかわして9周目には9番手に浮上、チームメイトのアービッド・リンドブラッドの後ろを走った。41周目にフランコ・コラピント（アルピーヌ）に抜かれて10番手に落ちたが、その位置を保ってフィニッシュした。 チーム代表アラン・パーメインは、レース後、「2人のドライバーは素晴らしい仕事をしてくれた。特に裕毅について触れておきたい」と語った。 「彼は、今回がこのマシンに乗る2度目のレースだったにもかかわらず、見事にポイントを獲得した」 レース後、角田の再スタートでの違反の可能性について、審議が行われた。再スタートに向けてグリッドに向かった際に、角田は14番グリッドにつかなければならなかったが、誤って15番グリッドに向かい、その後、進路を変えて、右側の14番グリッドのボックスへとマシンを停めた。その時、角田のマシンは規定の位置に収まっていたものの、斜めになっていたため、レースディレクターは再度フォーメーションラップを行うことを決めた。 レース後、追加のフォーメーションラップを発生させたドライバーとして、角田にペナルティを科すべきかどうかの調査が行われたが、スチュワードは角田にその責任はないとの裁定を下した。その根拠は、追加のフォーメーションラップは、レースディレクターが角田車の停止位置のままレースをスタートすることに不安を感じたため、自身の判断で実施したことであり、角田が追加フォーメーションラップを発生させたわけではないということだった。 また、ペナルティ対象になるのは、追加フォーメーションラップの原因となったドライバーがピットレーンからスタートするという規定に反した場合だが、今回、レーシングブルズに対し、追加フォーメーションラップの原因であるとの通知は送られておらず、角田がピットレーンに入る理由はなかった。 こうした状況からスチュワードはペナルティは科さないと決め、角田は10位を確保した。 レーシングブルズは現在コンストラクターズ選手権5位をアルピーヌと争っている。イタリアで、ランキング5位のレーシングブルズは5ポイント、6位のアルピーヌは8ポイントを獲得、その差は13ポイントとなっている。 ■角田裕毅（ビザ・キャッシュアップ・レーシングブルズ F1チーム）決勝＝10位（53周／53周）15番グリッド／タイヤ：ハード→ミディアム 「今日は良いレースができました。結果にも、再びポイントを獲得できたことにも本当に満足しています。素早くペースを取り戻せるように助けてくれたレーシングブルズの皆さん全員に心から感謝しています」 「ミディアムタイヤを最後まで持たせられるか少し心配していましたが、予想以上に良い状態で機能してくれました」 「このマシンの新しい要素をひとつひとつ学んでいくことをとても楽しんでいますし、マシンに乗る機会を得るたびに前進を続けています。今後またチャンスが巡ってくれば、もちろんそれに対応する準備はできています。でも、何より大切なのは、アイザックがこれからも順調に回復していくことです。彼の一日も早い回復を心から願っています」 （F1のインタビューでリスタート時の混乱について聞かれ）「何カ月かレースをしていなかったので、少し混乱してしまいました。すごく苦しい言い訳ですけど」 「レース自体は良かったです。チームには本当に感謝しています。アブダビから少し間が空いての復帰だったので悪くないですよね。なので、この1ポイントという結果をポジティブに受け止めます」 「予選Q1敗退は、ペース自体はあったので、かなりフラストレーションがたまりました。でも、特にアルピーヌと激しく戦っている中で、こうしてチームにポイントを持ち帰ることができたのはうれしいです」 [オートスポーツweb 2026年09月07日],[],[]
トヨタとフェラーリが熱戦演じるなか、首位快走の51号車499Pにまさかの事態。38号車キャデラックが僅差でリード【WEC第5戦決勝前半レポート】（オートスポーツweb）,https://news.yahoo.co.jp/articles/6661feec08aa784a359ae244995e1c62bef7352d,https://newsatcl-pctr.c.yimg.jp/t/amd-img/20260907-01349015-rcg-000-7-view.jpg?exp=10800,2026-09-07T06:57:06+09:00,2026-09-07T08:25:10+09:00,オートスポーツweb,rcg,オートスポーツweb,3417,2026年WEC第5戦ローン・スター・ル・マン 決勝スタート（ハイパーカークラス） 9月6日、テキサス州のサーキット・オブ・ジ・アメリカズ（COTA）で、WEC世界耐久選手権第5戦『ローン・スター・ル・マン』の決勝がスタート。6時間レースの折り返し地点となるスタートから3時間の時点では、アール・バンバー／セバスチャン・ブルデー／ジャック・エイトケン組の38号車キャデラックVシリーズ.R（キャデラック・ハーツ・チーム・JOTA）が総合トップに立っている。LMGT3クラスの首位は、イアン・ジェームス／ザカリー・ロビション／マティア・ドルディ組の27号車アストンマーティン・バンテージAMR LMGT3（ハート・オブ・レーシング・チーム）だ。 【写真】50号車フェラーリと8号車トヨタのバトル 8週間のサマーブレイクを経てシーズンが再開されたWECは、このオースティンから後半戦に入っていく。また、今戦はハイパーカークラスを対象にスティントあたりのエネルギー量が削減されたため、これまでとは異なる戦略やレース展開が見られるかもしれない。 そんな第5戦オースティンの決勝スタート前にサーキットの一部で降雨があり、上空は青空が広がりセクター1とセクター2の大部分の路面は乾いているものの、バックストレートの中程からセクター3を中心にウエットコンディションとなった。 このため通常の2周のフォーメーションラップに加えて「エキストラ・フォーメーションラップ」の実施が宣言されるとともに、セーフティカー（SC）が先導するラップの3周目から時計のカウントダウンがスタートする。 各車が入念にスリックタイヤを温めたのち、実質的なスタートは2周の追加ローリングラップ後に切られた。オープニングラップで上位陣の順位に変動はなかったが、実質2周目にミゲル・モリーナ駆る50号車フェラーリ499P（フェラーリAFコル）が35号車アルピーヌA424（アルピーヌ・エンデュランス・チーム）を抜いて3番手に浮上した。 中団グループではオープニングラップのS字区間でダニエル・ジュンカデラの19号車ジェネシスGMR-001ハイパーカー（ジェネシス・マグマ・レーシング）が一瞬姿勢を乱した。この隙をついたセバスチャン・ブエミ駆る8号車トヨタTR010ハイブリッド（トヨタ・レーシング）ブエミが順位アップ。一方、ニック・デ・フリースが乗り込んだ7号車トヨタは11番手に順位を落としたものの、数周のうちに9番手に戻っている。 ポールスタートからトップを守るアントニオ・ジョビナッツィの51号車フェラーリ499P（フェラーリAFコルセ）が、ジャック・エイトケン駆る38号車キャデラックVシリーズ.R（キャデラック・ハーツ・チーム・JOTA）を2.3秒、姉妹車の50号車フェラーリを4.5秒リードするなか、スタートから約20分後に最初のフルコースイエロー（FCY）が入った。 ターン1でのデブリ回収のために出された短いFCYの解除後、3番手を走る50号車フェラーリをターン12で抜きにかかった17号車ジェネシスが接触、スピン。アンドレ・ロッテラーが乗り込んだマシンは、このアクシデントで4番手から最後尾に落ちてしまった。 スタートから30分後にふたたびFCYが入ると、リスタートでトヨタの2台が6番手の007号車アストンマーティン・ヴァルキリー（アストンマーティンTHORチーム）を相次いでパス。それからまもなく、14周目とかなり早い段階で12号車キャデラックがピットに向かった。この動きに続いたのが83号車フェラーリ（AFコルセ）と8号車トヨタで、それぞれ22周目で最初のピット作業を行ったが、前車は燃料をフルには入れず8号車の前に出ることに成功する。 また1時間過ぎにピットに向かった50号車フェラーリも、トヨタをカバーするためにバーチャル・エナジー・タンク（VET）60％でピットアウト。このあと50号車と8号車は1時間半近くにわたって接近戦を繰り広げることとなる。 一方、トップを走る51号車フェラーリは、同時となった最初のピットストップで左2輪交換を実施した38号車キャデラックに一時先行を許したものの、ジョビナッツィがコース上で逆転。トップの座を奪い返す。1回目のピット作業でデ・フリースから小林可夢偉にドライバーチェンジした7号車トヨタは、ピットアウト後に83号車フェラーリに蓋をされる格好となり見た目上では8番手につけた。 スタートから2時間後、トップ争いにドラマが起きる。首位を快走していた51号車フェラーリが、3度目のピットストップからの再始動に手間取り大きくポジションを落としてしまったのだ。これでスタンダードな戦略を採る“表組”のトップは38号車キャデラックとなり、僅差で35号車アルピーヌが続く。 対して“裏”のトップは、依然として8号車トヨタと接近戦を続ける50号車フェラーリだ。この2台のバトルは69周目にハートレー駆る8号車がターン11でライバルをわずかに先行したものの、ターン12～13でニクラス・ニールセン駆るフェラーリが抜き返した。直後にピットインした8号車トヨタは、復帰したコース上で94号車プジョーに蓋をされるかたちとなり50号車との差が広がってしまった。 しかし、レースの折り返しとなる3時間まであと15分というところでバーチャル・セーフティカー（VSC）が導入され、このタイミングでほぼ全車がピット作業を行った。その後SCに移行するなか、38号車キャデラックが総合トップとなり、35号車アルピーヌに続いて007号車アストンマーティンが3番手に。可夢偉からコンウェイ、デ・フリースとつなぐトヨタの7号車が4番手につけ、36号車アルピーヌが5番手に。 “表組”とふたたびピットタイミングが揃うこととなった50号車フェラーリが姉妹車を先導するかたちで6番手を走行。8号車トヨタが8番手、9番手に94号車プジョーがつけ15号車BMW MハイブリッドV8（BMW MチームWRT）がトップ10の最後を走る。レースは残り2時間50分で3度目のリスタートを迎えている。 LMGT3クラスは、地元テキサスのスターであるベン・キーティングがドライブする33号車シボレー・コルベットZ06 GT3.R（TFスポーツ）が54号車フェラーリ296 GT3エボ（ビスタAFコルセ）と接触してスピンを喫するなど、スタート直後から“肉弾戦”が繰り広げられ、目まぐるしく順位が動いた。 最序盤はフォード・マスタングGT3エボ勢（プロトン・コンペティション）が光るスピードを見せ、フロントロウに並んだアストンマーティン・バンテージAMR GT3エボ（ハート・オブ・レーシング・チーム）の2台をかわしてワン・ツー体制を築いく。 しかし、次第にそのスピードは失われるとともにトップに立った77号車フォードにはFCY手順違反によるドライブスルーペナルティが下る。このためスタートから30分後には、クラス3番手からレースを開始91号車ポルシェ911 GT3 Rエボ（マンタイDKエンジニアリング）がトップに立ち、一時6番手あたりまで順位を落としていた27号車アストンマーティンが2番手に復帰した。 91号車ポルシェは最初のピットイン後もトップを維持してみせたが、各車が2度目のピット作業を終えると27号車が首位へと浮上。この頃にはポールシッターの23号車アストンマーティンも中団からふたたび上位に進出しており、91号車ポルシェと61号車メルセデスAMG GT3エボ（アイアン・リンクス）に次ぐ4番手につけた。 さらに、エドゥアルド・バリチェロ駆る23号車はマーティン・ベリーの61号車をオーバーテイクしてクラス3番手に浮上している。なお、VSC中の全車ピットインを経て、再スタートが切られた3時間10分経過時点での順位は、27号車アストンマーティンが首位。2番手に91号車ポルシェ、ペナルティでの後退から3番手に再浮上した77号車フォードが3番手で、23号車アストンマーティンは4番手となっている。 SCの導入により両クラスとも仕切り直しとなったレースは、このあと現地19時（日本時間9時）にフィニッシュを迎える予定だ。 [オートスポーツweb 2026年09月07日],[],[]
【途中経過】2026年WEC第5戦オースティン 決勝3時間後（オートスポーツweb）,https://news.yahoo.co.jp/articles/2bd095b89e114d23f773ee2afab67f3b5061f77b,https://newsatcl-pctr.c.yimg.jp/t/amd-img/20260907-01349014-rcg-000-5-view.jpg?exp=10800,2026-09-07T06:01:44+09:00,2026-09-07T07:17:27+09:00,オートスポーツweb,rcg,オートスポーツweb,3215,SCスタートとなった2026年WEC第5戦ローン・スター・ル・マンの決勝 テキサス州オースティンのサーキット・オブ・ジ・アメリカズ（COTA）で開催されているWEC世界耐久選手権第5戦。今季後半戦の初戦となる6時間レースは、現地9月6日13時のスタートから3時間が経過した。レースの折り返し時点の総合トップはキャデラック・ハーツ・チーム・JOTAの38号車キャデラックVシリーズ.R（アール・バンバー／セバスチャン・ブルデー／ジャック・エイトケン組）。LMGT3クラスではハート・オブ・レーシング・チームの27号車アストンマーティン・バンテージAMR LMGT3（イアン・ジェームス／ザカリー・ロビション／マティア・ドルディ組）が首位に立っている。 【写真】7号車トヨタTR010ハイブリッドの予選アタッカーを務めた小林可夢偉 ■2026年WEC世界耐久選手権第5戦ローン・スター・ル・マン決勝途中経過 スタート3時間時点 Pos.／No.／Class／Team／Car／Driver／Tyre／Lap 1／38／HYPERCAR／キャデラック・ハーツ・チーム・JOTA／キャデラックVシリーズ.R／アール・バンバーセバスチャン・ブルデージャック・エイトケン／MI／85 2／35／HYPERCAR／アルピーヌ・エンデュランス・チーム／アルピーヌA424／アントニオ・フェリックス・ダ・コスタシャルル・ミレッシフェルディナント・ハプスブルク／MI／85 3／007／HYPERCAR／アストンマーティンTHORチーム／アストンマーティン・ヴァルキリー／ハリー・ティンクネルトム・ギャンブル／MI／85 4／7／HYPERCAR／トヨタ・レーシング／トヨタTR010ハイブリッド／マイク・コンウェイ小林可夢偉ニック・デ・フリース／MI／85 5／36／HYPERCAR／アルピーヌ・エンデュランス・チーム／アルピーヌA424／フレデリック・マコウィッキジュール・グーノンビクトール・マルタンス／MI／85 6／51／HYPERCAR／フェラーリAFコルセ／フェラーリ499P／アレッサンドロ・ピエール・グイディジェームス・カラドアントニオ・ジョビナッツィ／MI／85 7／50／HYPERCAR／フェラーリAFコルセ／フェラーリ499P／アントニオ・フォコミゲル・モリーナニクラス・ニールセン／MI／85 8／8／HYPERCAR／トヨタ・レーシング／トヨタTR010ハイブリッド／セバスチャン・ブエミブレンドン・ハートレー平川亮／MI／85 9／94／HYPERCAR／プジョー・トタルエナジーズ／プジョー9X8／ロイック・デュバルマルテ・ヤコブセンテオ・プルシェール／MI／85 10／15／HYPERCAR／BMW MチームWRT／BMW MハイブリッドV8／ケビン・マグヌッセンラファエル・マルチェッロドリス・ファントール／MI／85 11／009／HYPERCAR／アストンマーティンTHORチーム／アストンマーティン・ヴァルキリー／アレックス・リベラスマルコ・ソーレンセン／MI／85 12／20／HYPERCAR／BMW MチームWRT／BMW MハイブリッドV8／ロビン・フラインスレネ・ラストシェルドン・ファン・デル・リンデ／MI／85 13／19／HYPERCAR／ジェネシス・マグマ・レーシング／ジェネシスGMR-001ハイパーカー／マシュー・ジャミネポール・ループ・シャタンダニエル・ジュンカデラ／MI／85 14／17／HYPERCAR／ジェネシス・マグマ・レーシング／ジェネシスGMR-001ハイパーカー／アンドレ・ロッテラールイス・フェリペ・デラーニマティス・ジョベール／MI／85 15／83／HYPERCAR／AFコルセ／フェラーリ499P／イェ・イーフェイロバート・クビサフィル・ハンソン／MI／85 16／12／HYPERCAR／キャデラック・ハーツ・チーム・JOTA／キャデラックVシリーズ.R／ウィル・スティーブンスノーマン・ナトリッキー・テイラー／MI／85 17／93／HYPERCAR／プジョー・トタルエナジーズ／プジョー9X8／ポール・ディ・レスタストフェル・バンドーンニック・キャシディ／MI／84 18／27／LMGT3／ハート・オブ・レーシング・チーム／アストンマーティン・バンテージAMR LMGT3／イアン・ジェームスザカリー・ロビションマティア・ドルディ／GY／78 19／91／LMGT3／マンタイDKエンジニアリング／ポルシェ911 GT3 R LMGT3／ジェームス・コッティンガムティムール・ボグスラフスキーアヤハンカン・ギュベン／GY／78 20／77／LMGT3／プロトン・コンペティション／フォード・マスタングLMGT3／エリック・パウエルベン・タックセバスチャン・プリオール／GY／78 21／23／LMGT3／ハート・オブ・レーシング・チーム／アストンマーティン・バンテージAMR LMGT3／グレイ・ニューウェルエドゥアルド・バリチェロジョニー・アダム／GY／78 22／21／LMGT3／ビスタAFコルセ／フェラーリ296 LMGT3エボ／フランソワ・エリオサイモン・マンアレッシオ・ロベラ／GY／78 23／61／LMGT3／アイアン・リンクス／メルセデスAMG LMGT3／マーティン・ベリールイ・アンドラーデマキシム・マルタン／GY／78 24／58／LMGT3／ガレージ59／マクラーレン720S LMGT3エボ／アレクサンダー・ウエストフィン・ゲルシッツベンジャミン・ゲーテ／GY／78 25／87／LMGT3／アコーディスASPチーム／レクサスRC F LMGT3／ペトル・ウンブラレスククレメンス・シュミットホセ-マリア・ロペス／GY／78 26／79／LMGT3／アイアン・リンクス／メルセデスAMG LMGT3／ヨハネス・ゼルガーマッテオ・クレッソーニリン・ホデニウス／GY／78 27／88／LMGT3／プロトン・コンペティション／フォード・マスタングLMGT3／ステファノ・ガットゥーゾジャンマルコ・レボラートローガン・サージェント／GY／77 28／10／LMGT3／ガレージ59／マクラーレン720S LMGT3エボ／アンタレス・オートーマス・フレミングマービン・キルヒホーファー／GY／77 29／78／LMGT3／アコーディスASPチーム／レクサスRC F LMGT3／トム・ファン・ロンパウアドリアン・デイビッドエステバン・マッソン／GY／77 30／69／LMGT3／チームWRT／BMW M4 LMGT3エボ／アンソニー・マッキントッシュパーカー・トンプソンダニエル・ハーパー／GY／77 31／54／LMGT3／ビスタAFコルセ／フェラーリ296 LMGT3エボ／トーマス・フローフランチェスコ・カステラッチダビデ・リゴン／GY／77 32／33／LMGT3／TFスポーツ／シボレー・コルベットZ06 LMGT3.R／ベン・キーティングジョニー・エドガーニッキー・キャツバーグ／GY／77 33／34／LMGT3／レーシング・チーム・ターキー・バイ・TF／シボレー・コルベットZ06 LMGT3.R／ピーター・デンプシーサリ・ヨルックチャーリー・イーストウッド／GY／75 34／92／LMGT3／ザ・ベンド・マンタイ／ポルシェ911 GT3 R LMGT3／ヤッサー・シャヒンリカルド・ペーラリヒャルト・リエツ／GY／72 35／32／LMGT3／チームWRT／BMW M4 LMGT3エボ／ダレン・ラーンショーン・ゲラエルアウグスト・ファーフス／GY／68 [オートスポーツweb 2026年09月07日],[],[]
角田裕毅の10位入賞が確定。正しかったグリッドボックスの停止位置／F1イタリアGP（オートスポーツweb）,https://news.yahoo.co.jp/articles/4be90442001df2198b48b046e55acaaffd9249cb,https://newsatcl-pctr.c.yimg.jp/t/amd-img/20260907-01349117-rcg-000-21-view.jpg?exp=10800,2026-09-07T03:21:14+09:00,2026-09-07T03:41:24+09:00,オートスポーツweb,rcg,オートスポーツweb,2518,2026年F1第13戦イタリアGP 角田裕毅（レーシングブルズ） 角田裕毅（レーシングブルズ）は、9月6日（日）にモンツァ・サーキットで開催された2026年F1第13戦イタリアGP決勝を10位でフィニッシュしたが、レース後の審議の対象となった。ただ、このケースはスチュワード（審査委員）により「それ以上の措置は講じない」と判断され、お咎めなしに。10位入賞が確定し、レーシングブルズに1ポイントを持ち帰った。 【写真】2026年F1第13戦イタリアGP スタート直前の角田裕毅（レーシングブルズ） 角田が違反したとされたのは、F1の競技規則B5.9.4『スタート手順』だった。B5.9.4の条文は以下のとおりだ。 「エクストラ・フォーメーションラップを引き起こしたドライバーで、そのエクストラ・フォーメーションラップ、またはその後に追加されたフォーメーションラップでスタートが可能となった者は、そのラップ終了時にピットレーンに入り、B5.3に規定されるとおり、ピットレーンの最後尾からTTCSを開始しなければならない」 「ピットレーンからTTCSを開始しなかったドライバーには、ストップ・アンド・ゴー・ペナルティが科される」 条文内のTTCSは『Total Time Classified Session』の略で決勝レース、もしくはスプリントのことを指す。この条文のとおり、今回はエクストラ・フォーメーションラップを引き起こしたにもかかわらず、角田がピットレーンからレース再開を迎えなかったことが、審議要因となった。 スチュワードの報告書によると、角田の22号車は左側のグリッドへ接近したが、自身の向かっている位置が間違っていることに気づき進路を変更、正しいグリッドボックス内の正しい位置に車両を停止させた。そのことを、複数のカメラアングルからの映像をチェックしたスチュワードにより確認された。 ただ、エクストラ・フォーメーションラップが開始となり、リスタートはやり直しとなった。エクストラ・フォーメーションラップの判断を下したのはレースディレクターで、彼は『その位置にマシンがある状態でレースを開始することに不安を感じた』と説明したという。 一方、レーシングブルズのチーム代表者は以下の主張を述べた。 ・F1規則第B5.1.1cを参照すると、当該車両は『フライングスタート（不正スタート）』の位置にはなかった。なぜなら、フロントタイヤの接地面がいずれもグリッドボックスのライン（前方および側面）の外側にはみ出していなかったからである。 ・ドライバーズミーティングにおいて、レースディレクターはスタート時のトラックリミット（コース境界）はピットウォールであると説明していた。今回の場合、車両は右を向いていたものの、スタート時に発進するためのスペースは少なくとも4メートル確保されていた。 ・22号車の位置によって他のドライバーが影響を受けることはなかった。 ・22号車のドライバーは、エクストラ・フォーメーションラップが行われることになった『原因』ではない。 ・レースコントロールが22号車をエクストラ・フォーメーションラップの原因とみなしている旨の通知は、チームに対して一度もなされなかった。 スチュワードは上記の点に同意。エクストラ・フォーメーションラップが行われたのは、「22号車のドライバーによって直接引き起こされたものではなく、レースディレクターによる状況の判断の結果であったと判断する」という見解を示した。 スチュワードは長文で、今回の判断に至った経緯を続けた。 「さらに、F1規則B5.9.4では、エクストラ・フォーメーションラップの原因となったドライバーがそのラップを開始できる場合、当該ドライバーはそのラップの終了時にピットレーンに入り、ピットレーンからスタートしなければならないと規定されている。義務付けられた『ストップ・アンド・ゴー・ペナルティ』が科されるのは、ドライバーがこの手順に従わなかった場合のみである」 「言い換えれば、このペナルティは、ピットレーンに入ってそこからスタートしなかったことに対して科されるものであり、エクストラ・フォーメーションラップの原因を作ったこと（仮に実際に原因を作っていたとしても）そのものに対して科されるものではない」 「ここで重要な問題が生じる。ピットレーンに入りそこからスタートするという要件を遵守するためには、ドライバー自身がエクストラ・フォーメーションラップの原因であることを認識している必要があるからだ。チーム代表者は、カメラマンの位置など、外部の状況によってエクストラ・フォーメーションラップが開始された事例を挙げた。本件においては、チームやドライバーに対し、彼ら自身がエクストラ・フォーメーションラップの原因であると知らせるメッセージは送られていなかった」 「当該車両は規則に従ってスターティンググリッドのボックス内に位置していたという事実に基づき、チームにはドライバーに対してピットレーンに入りそこからスタートするよう指示する理由はなかったと我々は判断する」 「したがって、ドライバーがエクストラ・フォーメーションラップの直接的な原因であったか否かにかかわらず、チームとドライバーは自分たちが原因とみなされていることを認識していなかったため、本件においてストップ・アンド・ゴー・ペナルティを科すことはできないと判断し、これ以上の措置は講じないこととする」 そして、スチュワードは最後にこう記した。 「なお、レースディレクターがエクストラ・フォーメーションラップを命じたのは、誠意を持ち、かつ万全を期すための慎重な判断によるものであったことを付記しておく。さらに、FIAは、エクストラ・フォーメーションラップの原因となったとみなされるチームやドライバーに対し、その旨を通知する仕組みの導入を検討することが望ましいと考えられる。これにより、当該チームやドライバーは、規則B5.9.4の要件を遵守することが可能となる」 [オートスポーツweb 2026年09月07日],[],[]
【F1イタリアGP決勝の要点】惨敗のフェラーリ。懸念が残るハミルトンとルクレールの確執（オートスポーツweb）,https://news.yahoo.co.jp/articles/8d21dc699b11e828c33934546d5bbfa4cebbd066,https://newsatcl-pctr.c.yimg.jp/t/amd-img/20260907-01349158-rcg-000-9-view.jpg?exp=10800,2026-09-07T02:16:25+09:00,2026-09-07T02:17:47+09:00,オートスポーツweb,rcg,オートスポーツweb,1446,2026年F1第13戦イタリアGP スタート直後のルイス・ハミルトン＆シャルル・ルクレール（フェラーリ） アンドレア・キミ・アントネッリ（メルセデス）が19番グリッドからの怒涛のオーバーテイクで、2026年F1第13戦イタリアGPの決勝レースを制した。イタリア人がイタリアGPを勝ったのは、1966年以来60年ぶり。今季7勝目を挙げたアントネッリは、これで選手権2位ラッセルとの差を66点まで広げた。自身初のワールドタイトル獲得に向けて、大きな一歩を刻んだと言っていいだろう。 【写真】スピン直前のシャルル・ルクレール（フェラーリ） 一方で同じく母国GPを戦ったフェラーリは、シャルル・ルクレールが2周目にリタイア。ルイス・ハミルトンは4番グリッドから6位と、ティフォシ（フェラーリを愛する熱狂的なファンの愛称）の前で惨敗に終わった。 ルクレールは最終ターン11（クルバ・アルボレート／旧称パラボリカ）で、単独スピンを喫してタイヤバリアに激突。幸い本人に怪我はなかったが、「1周目からスロットルがおかしくて、戻したりした。2周目も同じことをしようとしたら、ダメだった」と、メカニカルトラブルを示唆した。そしてハミルトンはスタート直後の同士討ちで大きく順位を落とし、その後はメルセデス、レッドブル、マクラーレンのペースに追いつけないどころか、最後はアルピーヌのピエール・ガスリーにも追い立てられて6位入賞が精一杯だった。 フェラーリのつまずきは、土曜日の予選から始まっていた。フリー走行までは出ていなかったエネルギーマネジメントの問題に、予選でいきなり見舞われたのだ。その影響はQ2で特に大きく出て、ルクレールが9番手、ハミルトンが10番手とまさかの失速。ハミルトンと11番手ガブリエル・ボルトレート（アウディ）の差は0.001秒と、まさに薄氷のQ3進出だった。 さらにQ3では、モンツァでは非常に重要となるトウ（スリップストリーム）がうまく使えなかった。「最悪のタイミングでコースに出て、単独で走ることになった」と、ハミルトンは不満を露わにしていた。Q2でタイムを伸ばせなかったことについても、「シャルルが出るのが遅れて、そのために1回しかプッシュラップができなかった」と、チームメイトへの非難が止まらない。 ふたりの関係は以前から良好とは言えないが、それでもお互いにリスペクトはあった。しかしフェラーリの戦闘力が向上し、ハミルトンが本格的に復調した今季、ふたりはライバル心を剥き出しにするようになった。典型的なのが前戦オランダGPで、2番手だったルクレールは明らかにペースに優れるハミルトンに順位を譲らず、ハミルトンは「タイムロスをする最高の戦術だったね」と、吐き捨てた。対するルクレールは、「チームから譲れとは言われなかった」と、レース後に反論している。 そして今回のイタリアGPでは上述したように、スタート直後の第1シケインの飛び込みで、2台は一歩も引かず。ハミルトンはコースオフして10番手まで後退。「シャルルが押し出した」と、不満をぶちまけた。 勝利が目の前にちらつけば、良好に見えた関係はあっという間に崩壊する。これはレースの世界ではお馴染みの光景である。しかしメルセデスとの差が縮められないどころか、レッドブルやマクラーレンに追い上げられている今のフェラーリに、そんな確執を許す余裕はないはずなのだが。 （取材・文 柴田久仁夫） [オートスポーツweb 2026年09月07日],[],[]
【ポイントランキング】2026年F1第13戦イタリアGP終了時点（オートスポーツweb）,https://news.yahoo.co.jp/articles/f34eb16decf01d24d4500475cedb1bf0739cf5f5,https://newsatcl-pctr.c.yimg.jp/t/amd-img/20260907-01349141-rcg-000-3-view.jpg?exp=10800,2026-09-07T01:10:02+09:00,2026-09-07T02:34:03+09:00,オートスポーツweb,rcg,オートスポーツweb,1918,2026年F1第13戦イタリアGP アンドレア・キミ・アントネッリ（メルセデス） 2026年9月6日（日）、F1第13戦イタリアGPの決勝が行われ、アンドレア・キミ・アントネッリ（メルセデス）が優勝した。2位はジョージ・ラッセル（メルセデス）、3位はマックス・フェルスタッペン（レッドブル）となっている。角田裕毅（レーシングブルズ）は10位だった。 【写真】2026年F1第13戦イタリアGP 母国GP初優勝に涙するアンドレア・キミ・アントネッリ（メルセデス） 19番手から大逆転でホームレースを制したアントネッリは、267ポイントでドライバーズ選手権の首位をキープしている。同点で選手権2位、3位に並んでいたジョージ・ラッセル（メルセデス）とルイス・ハミルトン（フェラーリ）は、ラッセルが2位に入賞し201ポイントで単独2位に。ハミルトンは6位で合計191ポイントとなり選手権の順位は3位と、両者の順位に変更はない。角田は10位に入賞したことで1ポイントを獲得したものの、選手権順位は20位のままとなっている。 コンストラクターズ選手権の順位に関しては、第6戦モナコGPのペナルティ取り消しをめぐる審理が終了し、選手権6位のビザ・キャッシュアップ・レーシングブルズF1チームと選手権7位のBWTアルピーヌF1チームのポイント差が大きく変更になっている。レーシングブルズとアルピーヌの順位は変わらないが、レーシングブルズは通算獲得ポイントは75ポイント、アルピーヌは62ポイントとなった。 第13戦イタリアGP終了後のランキングは以下の通り。 ドライバーランキング Pos.／No.／Driver／Team／Point 1／12／アンドレア・キミ・アントネッリ／メルセデス-AMG・ペトロナス・フォーミュラ1チーム／267 2／63／ジョージ・ラッセル／メルセデス-AMG・ペトロナス・フォーミュラ1チーム／201 3／44／ルイス・ハミルトン／スクーデリア・フェラーリHP／191 4／1／ランド・ノリス／マクラーレン・マスターカード・フォーミュラ1チーム／171 5／16／シャルル・ルクレール／スクーデリア・フェラーリHP／155 6／3／マックス・フェルスタッペン／オラクル・レッドブル・レーシング／127 7／81／オスカー・ピアストリ／マクラーレン・マスターカード・フォーミュラ1チーム／116 8／6／アイザック・ハジャー／オラクル・レッドブル・レーシング／71 9／30／リアム・ローソン／ビザ・キャッシュアップ・レーシングブルズF1チーム／51 10／10／ピエール・ガスリー／BWTアルピーヌF1チーム／41 11／41／アービッド・リンドブラッド／ビザ・キャッシュアップ・レーシングブルズF1チーム／29 12／43／フランコ・コラピント／BWTアルピーヌF1チーム／21 13／87／オリバー・ベアマン／TGRハースF1チーム／18 14／5／ガブリエル・ボルトレート／アウディ・レボリュートF1チーム／10 15／27／ニコ・ヒュルケンベルグ／アウディ・レボリュートF1チーム／6 16／55／カルロス・サインツ／アトラシアン・ウイリアムズF1チーム／6 17／23／アレクサンダー・アルボン／アトラシアン・ウイリアムズF1チーム／5 18／31／エステバン・オコン／TGRハースF1チーム／3 19／14／フェルナンド・アロンソ／アストンマーティン・アラムコ・フォーミュラ1チーム／3 20／22／角田裕毅／ビザ・キャッシュアップ・レーシングブルズF1チーム／1 21／18／ランス・ストロール／アストンマーティン・アラムコ・フォーミュラ1チーム／0 22／77／バルテリ・ボッタス／キャデラックF1チーム／0 23／11／セルジオ・ペレス／キャデラックF1チーム／0 チームランキング Pos.／Team／Point 1／メルセデス-AMG・ペトロナス・フォーミュラ1チーム／468 2／スクーデリア・フェラーリHP／346 3／マクラーレン・マスターカード・フォーミュラ1チーム／287 4／オラクル・レッドブル・レーシング／204 5／ビザ・キャッシュアップ・レーシングブルズF1チーム／75 6／BWTアルピーヌF1チーム／62 7／TGRハースF1チーム／21 8／アウディ・レボリュートF1チーム／16 9／アトラシアン・ウイリアムズF1チーム／11 10／アストンマーティン・アラムコ・フォーミュラ1チーム／3 11／キャデラックF1チーム／0 [オートスポーツweb 2026年09月07日],[],[]
歓喜の涙。アントネッリが19番手から母国初優勝。角田裕毅は10位で今季初入賞【決勝レポート／F1イタリアGP】（オートスポーツweb）,https://news.yahoo.co.jp/articles/fb551792ed177e34626406fdb08ee1fc9492b4f8,https://newsatcl-pctr.c.yimg.jp/t/amd-img/20260907-01349025-rcg-000-20-view.jpg?exp=10800,2026-09-07T00:01:58+09:00,2026-09-07T03:26:32+09:00,オートスポーツweb,rcg,オートスポーツweb,4109,2026年F1第13戦イタリアGP 母国GP初優勝に涙するアンドレア・キミ・アントネッリ（メルセデス） 9月6日（日）、2026年F1第13戦イタリアGPの決勝レースが行われ、19番グリッドスタートのアンドレア・キミ・アントネッリ（メルセデス）が今季7勝目／通算7勝目、そして母国グランプリ初優勝を飾った。2位にジョージ・ラッセル（メルセデス）、3位にマックス・フェルスタッペン（レッドブル）が続いた。 【写真】角田裕毅（レーシングブルズ）は暫定10位。ただしレース後の審議対象となった 今季2度目の代役参戦となった角田裕毅（レーシングブルズ）は暫定10位もレース後の審議対象となっている。ホンダ製パワーユニット（PU）を搭載するアストンマーティン勢は2台ともリタイアとなった。 追記：角田の審議は「それ以上の措置は講じない」と判断され、お咎めなしとなった。 イタリアGPの舞台は超高速コースのモンツァ・サーキット。タイヤ選択は分かれ、トップ10グリッドのうち6台はミディアムタイヤ（イエロー／C4）を選択。残る4台、3番グリッドのシャルル・ルクレール（フェラーリ）、4番グリッドのルイス・ハミルトン（フェラーリ）、5番グリッドのマックス・フェルスタッペン（レッドブル）、10番グリッドのガブリエル・ボルトレート（アウディ）はソフトタイヤ（レッド／C5）をチョイスした。 53周の決勝は気温32度、路面温度56度、湿度40パーセントというコンディションでスタートを迎えた。ポールシッターのピエール・ガスリー（アルピーヌ）が第1シケインを難なく通過し、2番手にラッセルが続く。その背後ではルクレールとハミルトンがサイド・バイ・サイドとなるなか、ターン2に向けてアウト側のラインをとったハミルトンはグラベルに押し出されるかたちとなり、11番手まで後退してしまう。 高速モンツァの戦いはエネルギーマネジメントの差が戦局に大きく影響する。2周目の第1シケインでラッセルとルクレールがガスリーを続けてパスし、ラッセルがラップリーダーの座を掴む。ただ、ガスリーはターン3でルクレールを抜き返し、2番手に復帰する。 ルクレールは続く2周目のターン8（アスカリ）でフェルスタッペンにかわされ4番手に後退する。その直後、最終ターン11（クルバ・アルボレート）でバランスを崩したルクレールは単独スピンからバリアに激しくクラッシュ。ルクレールは自力でクルマを降りたが、タイヤバリアが広範囲に損傷し、レースは4周目を迎えたところで赤旗中断となった。 タイヤバリア修復のため、30分以上の中断に。レースは5周目にスタンディングスタートで再開されることになった。 リスタート時の順位とタイヤは、首位ラッセル（ハード）、2番手ガスリー（ハード）、3番手フェルスタッペン（ミディアム）、4番手フランコ・コラピント（アルピーヌ／ハード）、5番手オスカー・ピアストリ（マクラーレン／ハード）、6番手ランド・ノリス（マクラーレン／ハード）、7番手アービッド・リンドブラッド（レーシングブルズ／ハード）、8番手ハミルトン（ミディアム）、9番手オリバー・ベアマン（ハース／ハード）、10番手エステバン・オコン（ハース／ハード）となった。 なお、15番グリッドスタートの角田はハードタイヤ（ホワイト／C3）でスタートを迎え、19番手スタートのアントネッリに先行されるも、カルロス・サインツ（ウイリアムズ）をかわしたこともあり14番手。赤旗の間にミディアムタイヤに履き替えてリスタートに向かった。 ただ、角田が自分はグリッドボックス位置を見誤ってしまう。直前にステアリングを切って正しい位置に進むも、グリッドボックスに斜めでストップするかたちに。これでエクストラフォーメーションラップ導入となり、6周目に再開された。 4番手コラピントが抜群の蹴り出しでフェルスタッペンをパスし、ラッセル、ガスリーに続く3番手に浮上する。ただ、コラピントはターン7で大きくコースオフし、一気に16番手まで後退。一方、角田もリスタートが良く、7周目にはニコ・ヒュルケンベルグ（アウディ／ハード）をかわし入賞圏内の10番手まで浮上した。 コラピントのコースオフで3番手に返り咲いたフェルスタッペンは、7周目のターン11でガスリーをかわし2番手に浮上。また、角田はベアマンを攻略し、9周目には9番手の座を掴む。 10周目にはハミルトンがガスリーをかわし3番手に浮上。ガスリーは10周目後半にピアストリ、アントネッリに続けてオーバーテイクを許し、一気に6番手までポジションを下げた。 そんななか、11周目にはファステストペースで飛ばす2番手フェルスタッペンが、首位ラッセルの背後に着いた。12周目のターン1でラッセルをパスしたフェルスタッペンがラップリーダーに浮上。さらにその後方ではピアストリとアントネッリが続けてハミルトンをかわす。続けて13周目、アントネッリはピアストリをかわし3番手に浮上する。 14周目、ターン1から第2シケインにかけてフェルスタッペンとラッセルがサイド・バイ・サイドのバトルを展開。その間にアントネッリはラッセルの背中につき、15周目には3台が数珠繋ぎとなる。 15周目のターン3でラッセルがフェルスタッペンをかわし首位に返り咲く。アントネッリは16周目にフェルスタッペンを抜き、メルセデスのワンツーがここで実現。ただ、勢いは母国GP初優勝を狙うアントネッリにあった。 18周目のターン1でアントネッリがラッセルをパスし、19番グリッドからラップリーダー浮上を果たした。ただ、トップ3台は団子状態のままであり、エネルギーマネジメント次第で順位が前後する状況には変わりなかった。 アントネッリとラッセルはときに順位を入れ替えつつ、レースをリードする。チームメイトバトルにしては過激なサイド・バイ・サイドもあり、トト・ウォルフの心労が心配される状況に。3番手で2台を追うフェルスタッペンは様子見状態に。 そんななか、アントネッリに対しチームから「ヨーヨーはやめてフェルスタッペンとのギャップを広げよう」と無線が飛ぶが、アントネッリは「僕が後ろでいいってこと？」と返す。ラッセルに対しても、フェルスタッペンとのギャップを広げよとの指示が飛ぶ。 チームからの指示でヨーヨーゲームを止めたラッセルはペースを上げる。26周目の第1シケインでは2番手アントネッリがオーバーシュートする場面もあったがポジションは死守。メルセデス2台は徐々に、確実に3番手フェルスタッペンとのギャップを広げた。 28周目、ランス・ストロール（アストンマーティン）がターン2でマシンを止めバーチャル・セーフティカー（VSC）導入に。このVSC中に上位勢では2番手アントネッリ、3番手フェルスタッペンがタイヤを交換。これで上位オーダーは首位ラッセル、2番手ピアストリ、3番手ハミルトン、4番手ノリス、5番手ガスリー、6番手アントネッリ（新品ミディアム）、7番手フェルスタッペン（新品ハード）、8番手リンドブラッド、9番手角田、10番手コラピントに。 VSC中にタイヤ交換をしなかったラッセルは「僕は損じゃない？」と無線を飛ばす。その言葉のとおり、ニュータイヤを得たアントネッリは凄まじいペースで31周目にノリスをかわし4番手に浮上する。さらに、ハミルトンが35周目のターン1をオーバーシュートし、ターン3でアントネッリが3番手に浮上する。 そして、アントネッリは37周目のターン1でピアストリをオーバーテイクし、2番手に返り咲いた。29周目のタイヤ交換直後、14秒あったラッセルとアントネッリのギャップは、この37周目時点で8.5秒まで縮まっていた。さらに、39周目にはフェルスタッペンがピアストリをかわし3番手に復帰する。 41周目、コラピントが第2シケインで角田をオーバーテイクし9番手に浮上。これで角田は10番手に後退する。11番手ボルトレートは角田よりもいいペースで周回していたが、2台の間には8秒のギャップが開いていた。 ラッセルは40周以上同じハードタイヤで走行するも、1分25秒台前半をキープする巧みな仕事ぶりを披露。ただ、アントネッリは毎周1秒近くギャップを縮め、47周目に1.4秒差、48周目を迎えた時点で0.9秒差まで接近した。 オーバーテイクモードを使用したアントネッリはアスカリでテール・トゥ・ノーズに。続く49周目のターン1でアントネッリが仕掛けると、ラッセルがオーバーシュート。ただ、ターン2ではアントネッリがグラベルに大きくはみ出し、ここでは順位変わらず。2台の戦いは仕切り直しとなった。 ただ、50周目のアスカリでアントネッリがラッセルをオーバーテイク。イタリアGPでイタリア人ドライバーの勝利が目前に迫り、イタリア人ファンは大歓声を贈った。 大歓声のファイナルラップとなった53周目を終え、アントネッリが19番グリッドから今季7勝目／通算7勝目、そして母国グランプリ初優勝を飾った。2位ラッセル、3位フェルスタッペンという表彰台の顔ぶれが続いた。なお、ファステストラップはアントネッリがファイナルラップに記録した1分23秒504となった。 以下、4位ピアストリ、5位ノリス、6位ハミルトン、7位ガスリー、8位リンドブラッド、9位コラピント、10位角田までがポイントを獲得。角田は今季初入賞となったが、グリッドボックスからはみ出し、リスタートやり直しの要因となった件について、レース後審議される。ホンダPUを搭載するアストンマーティン勢は2台揃ってリタイアとなった。 追記：角田の審議は「それ以上の措置は講じない」と判断され、お咎めなしとなった。 次戦となる2026年F1第14戦スペインGPは、9月11〜13日に新設コースの『マドリンク』で開催される。誰もが初めてのコースで、どのような戦いが繰り広げられるだろうか。 [オートスポーツweb 2026年09月07日],[],[]
