headline,mainEntityOfPage,image,datePublished,dateModified,author,media_en,media_jp,str_count,body,images,external_links
"300種以上のテキーラが揃う『Gatito』!! 唐辛子やチーズも入った「サバタコス」など""サバ・メキシカン""が大人気（おとなの週末）",https://news.yahoo.co.jp/articles/7ce281d329ca72b4015fc3333fe04243b6ed3b59,https://newsatcl-pctr.c.yimg.jp/t/amd-img/20240324-01360511-matomeshi-000-1-view.jpg?exp=10800,2024-03-24T17:00:00+09:00,2024-03-24T17:00:00+09:00,おとなの週末,matomeshi,おとなの週末,572,"\nサバタコス 1200円\n全店実食調査！『おとなの週末』が自信を持っておすすめするお店をご紹介します。今回は、東京・大井町のバー『Gatito(ガティート)』です。\n【画像ギャラリー】サバ味噌缶がメキシカンなつまみに変貌!!\n肉より味の輪郭がクッキリ「サバタコス」\n300種類以上のテキーラを揃える専門店の人気おつまみ「サバタコス」。サバに自家製のメキシコ産唐辛子を使った「サルサロハ」、そしてきゅうりやハラペーニョ、パクチーを加えた「サルサヴェルデ」を合わせ、柔らかくトウモロコシの風味がいっぱいの皮にのせてカッテージチーズもプラス。\n\nサバタコス 1200円\n\nサバの旨みが爽快な辛みと皮の甘みを従えて、肉より味わいのグラデーションがアップ。テキーラと最高のペアリングだ。サバ味噌煮缶を使った「サバナチョス」も美味。\n東京・大井町『Gatito(ガティート)』\n[住所]東京都品川区大井4-10-7\n[電話]03-3774-7757\n[営業時間]18時～24時、金:18時～翌2時\n[休日]無休\n[交通]JR京浜東北線ほか大井町駅中央口から徒歩5分\n\nおとなの週末2024年3月号は「サクッと""とん活""」\n\n撮影/西崎進也、取材/池田陽子(全日本さば連合会)\n※2023年10月号発売時点の情報です。",['https://newsatcl-pctr.c.yimg.jp/t/amd-img/20240324-01360511-matomeshi-000-1-view.jpg?pri=l&w=640&h=542&exp=10800'],"['https://news.yahoo.co.jp/articles/7ce281d329ca72b4015fc3333fe04243b6ed3b59/images/000', 'https://otonano-shumatsu.com/images/360511']"
上質な寿司が「1貫80円」からの明朗会計楽しめる人形町の『すし其一(きいつ)』人気店が手掛けた期待の新鋭（おとなの週末）,https://news.yahoo.co.jp/articles/dc08654f1a6efe0d4e63f14f4473edb180408335,https://newsatcl-pctr.c.yimg.jp/t/amd-img/20240324-01361111-matomeshi-000-1-view.jpg?exp=10800,2024-03-24T11:00:00+09:00,2024-03-24T11:00:00+09:00,おとなの週末,matomeshi,おとなの週末,890,"\n（奥から）穴子 480円、小肌 380円、生イクラ 480円、本鮪赤身 380円、本鮪中トロ 480円江戸前の仕事で仕込んだ小肌などネタは約30種\n全店実食調査！『おとなの週末』が自信を持っておすすめするお店をご紹介します。今回は、東京・人形町の寿司店『すし其一(きいつ)』です。\n【画像ギャラリー】空腹時は閲覧注意?ほぐし身ぎっしりの毛ガニやおまかせ握り\nお好みでもおまかせでも気軽に選べて懐にやさしい\n好きなネタを好きな順番で、気の向くまま。それはちょっと、ひとり旅の快楽に似ている。小肌の次は好物の玉子かホタテか、寄り道で毛ガニを肴に一杯やろうか。もちろん行先が決まったツアー的なおまかせもいいが、それ一択じゃないのがうれしいところ。\n\n穴子 480円、小肌 380円、生イクラ 480円、本鮪赤身 380円、本鮪中トロ 480円\n\n何てったって上質な素材が1貫80円～の明朗会計だ。懐と相談しつつ自由旅を楽しめる。そう、旅の舞台は人形町、初代の人気店『すし宗達(そうたつ)』が手掛けた期待の新鋭である。\n\nお値打ちの秘密は代表の新田真治さんが毎朝豊洲へ出向き、仲卸と信頼関係を築いて質のいい魚を手に入れる努力を惜しまないから。\n\n特にマグロは有名仲卸「やま幸(ゆき)」から仕入れる上物で、ハッとする色香が赤酢のシャリと蜜月に絡まり口いっぱいに広がる。\n\n穴子もあえて通常より大物を使うのは、仕込みに手間を掛けてもよりふっくら感を楽しめるように。目指すはなるべく安く、おいしく、気軽に。『其一』の旅、間違いない。\n東京・人形町『すし其一(きいつ)』\n[住所]東京都中央区日本橋人形町1-19-5エムズクロス人形町5階\n[電話]03-6661-6218\n[営業時間]11時～14時、17時～23時\n[休日]不定休※施設に準ずる\n[交通]地下鉄日比谷線ほか人形町駅A5・A6などから徒歩すぐ\n\nおとなの週末2024年3月号は「サクッと""とん活""」\n\n撮影/西崎進也、取材/肥田木奈々\n※2023年11月号発売時点の情報です。",['https://newsatcl-pctr.c.yimg.jp/t/amd-img/20240324-01361111-matomeshi-000-1-view.jpg?pri=l&w=640&h=381&exp=10800'],"['https://news.yahoo.co.jp/articles/dc08654f1a6efe0d4e63f14f4473edb180408335/images/000', 'https://otonano-shumatsu.com/images/361111']"
知らないうちに大進化!絶品いなり寿司7選 ゴロゴロ具材にカラフルなものも!?（おとなの週末）,https://news.yahoo.co.jp/articles/9d92558d3eaff67d38377af8b645e525db041341,https://newsatcl-pctr.c.yimg.jp/t/amd-img/20240324-01361896-matomeshi-000-1-view.jpg?exp=10800,2024-03-24T06:00:00+09:00,2024-03-24T06:00:00+09:00,おとなの週末,matomeshi,おとなの週末,3538,"\n『寿司 高はし』特製いなり寿司 216円 大豆の風味が奥深いお揚げは駒込のお豆腐屋さんのもの。コシを残すように鰹ダシと醤油で煮炊く\nおにぎりに次ぐ庶民の軽食、いなり寿司。関東では甘じょっぱい味付けが一般的だが昨今のいなり寿司はそれだけじゃない！寿司屋やテイクアウト店で見つけた三ツ星のいなり寿司をご紹介します。\n【画像ギャラリー】いなり寿司にローストビーフがイン！そして“ロール”に!?\n【寿司屋のいなり】\n『寿司高はし』@駒込※「高」は正しくははしごだか\nふんわりシャリから香り立つ、ごまと柚子\n\nぷっくり膨らんだきつね色の衣にかぶりつく。ほろりと崩れた酢飯からごまの香りが広がって、その芳醇さを噛み締めれば、柚子が清らかに駆け抜ける。\n\nごま入りのいなり寿司はかつて店主の母がお弁当に持たせてくれたものだった。母の味を磨き上げ生まれたのが、『高はし』のいなり寿司だ。\n\n特製いなり寿司216円\n\nシャリはあえて新米を使うことでふんわりと。酢を穏やかに効かせているから米自体の甘みもお揚げの風味も引き立つ。くるりと折り込まれたお揚げの端っこの食感もいい。\n\n美は細部に宿る。いなり寿司なのに、この言葉が似合ってしまうのは職人が作るからこそなのだろう。\n\n[住所]東京都豊島区駒込1-42-2102\n[電話]03-3947-5125\n[営業時間]12時～20時半、木は12時半～20時半\n[休日]火・水\n[交通]JR駒込駅南口から徒歩2分\n『秀徳本店恵』@築地\n二色のお揚げにごろっ入った贅沢具材\n\n白と黒。2色のいなり寿司の中には、それぞれ車エビと子持ち昆布、煮穴子と実山椒がイン。なんて贅沢なんだろう！\n\nなんでもコロナ禍でいつも通りの営業ができなくなった折に持ち帰りメニューとして「原価は考えずに特別ないなり寿司を」と社長命令で作られたのだそう。\n\n助六いなり一人前半2200円\n\n白いなりは子持ち昆布がぷちっ、蓮根がシャキッ。黒いなりは煮穴子がしっとり、枝豆がほくっ。バラエティに富んだ食感と味わいが楽しい。いやはや、太っ腹な社長の計らいに感謝だ。\n\n[住所]東京都中央区築地6-26-7\n[電話]03-6278-8544\n[営業時間]11時～15時(14時半LO)、17時～22時半(21時半LO)\n[休日]なし\n[交通]地下鉄日比谷線築地駅1番出口から徒歩6分\n『おつな寿司』@六本木\n裏返しのお揚げが舌に伝える煮汁の味\n\n明治8年。六本木におつなさんという女性が茶店を開いた。そこで名物となったのが柚子風味のシャリを裏返しのお揚げで包んだいなり寿司だった。後に江戸前握りも出すようになり現在に至るが、今でも『おつな寿司』の名物といえばいなり寿司だ。\n\nのり巻いなり1130円\n\n大きめに刻まれた柚子皮はほろ苦く喉の奥でふわっと香る。裏返したお揚げはざらっと舌に触れて染み込んだ煮汁の味を伝えてくれる。甘みとコク、後味の爽やかさが絶妙だから食べ疲れナシ。握りの〆にいただきたい。\n\n[住所]東京都港区六本木7-14-4\n[電話]03-3401-9953\n[営業時間]11時半～14時、17時～22時\n[休日]不定休\n[交通]地下鉄日比谷線ほか六本木駅7番出口から徒歩1分\n\n【テイクアウトできる正統派＆アレンジいなり】\n『だしいなり海木』@日本橋\nじゅんわりダシのお揚げにほっと一息\n\n福岡の日本料理屋『海木』から生まれたのがこちらの「だしいなり」。コース料理の最後に出す一品だったものをそのままに日本橋でも提供している。\n\nいつでも出来立てのいなり寿司は鰹ダシを吸った柔らかなお揚げが特徴で、食べればダシがじゅわっと口に広がる。この和の風味とやさしい甘さに、気づけばほっと息をついてしまう。\n\nだしいなり(4個入)1490円\n\n[住所]東京都中央区日本橋室町3-2-1コレド室町テラス1階\n[電話]03-6262-7824\n[営業時間]11時～19時\n[休日]不定休\n[交通]地下鉄銀座線三越前駅A8出口から直結\n『いなし寿司味吟』@押上\n老舗の味は秘伝のタレと手間暇が肝心\n\n創業50年になる老舗いなり寿司店。こちらも出来立てを提供してくれる。\n\n蓮根や人参入りの五目ご飯はふかふかでお揚げは薄めなのにジューシー。継ぎ足して使う秘伝のタレでじっくりお揚げを煮込み、お米は人の手でやさしく包む。仕込みも全て手作業という手間暇がこの味を作っているのだ。\n\nいなり寿司( いなり、のり巻各4個入)850円\n\n[住所]東京都墨田区業平2-14-6\n[電話]03-3623-3950\n[営業時間]8時半～15時※売り切れ次第終了\n[休日]月・火\n[交通]地下鉄半蔵門線ほか押上駅A2出口から徒歩2分\n『YUKIYAMESHI』@中目黒\n旬の食材を使い目に麗しく舌においしい\n\n料理家の寺井幸也氏が手がけるケータリング店のいなり寿司は見た目以上に料理としての完成度が高い！\n\nたとえば柔らかいローストビーフと菜の花。これが白米、玄米、黒米など7種をミックスしたシャリ、お揚げと三位一体を奏でる。月替わりで種類が変わるのも季節感を楽しめてうれしい。\n\n幸也稲荷(5個入)2700円※価格は毎月変動します\n\n[住所]東京都目黒区青葉台1-18-7カスタリア中目黒1階\n[電話]03-5422-3518\n[営業時間]10時～17時※売り切れ次第終了\n[休日]土日・不定休\n[交通]東急東横線ほか中目黒駅南改札から徒歩7分\n『福寿家』@浅草\nシャキッと野菜とお揚げの甘みがマッチ\n\n紫キャベツ、パプリカ、キュウリなどをいなり寿司で巻いた「伊奈利ロール」は実は大正11年創業の老舗から生まれた一品。先代が亡くなり一時廃業した後に再開し、若年層にもいなり寿司を知ってもらおうと作ったそう。\n\nポイントは口当たりを考えて切られた野菜たちと自家製のごまダレ。野菜がこんなにいなり寿司に合うとは！\n\n伊奈利ロール(6個入)1050円\n\n[住所]東京都台東区花川戸2-18-6\n[電話]03-5828-3787\n[営業時間]10時～18時※売り切れ次第終了\n[休日]不定休\n[交通]地下鉄銀座線ほか浅草駅8番出口から徒歩8分\nいなり寿司と狐のおいしい関係\n江戸時代後期、いなり寿司は屋台で買える庶民の味だった。一方で、稲荷神へのお供物もあったそうな。「おいしいから神様にもおすそわけしよう！」と捧げるようになったわけではない。いなり寿司と狐には深ーい関係がある。\n\nいなり寿司は、油揚げに米を詰めて稲荷神に捧げたのが始まりだ。そこから""いなり""の名を冠するようになった……というわけだが、そもそもなんで油揚げだったのかといえば稲荷神の使いである狐の好物が油揚げと考えられてきたから。\n\nたぶん某キツネ村に油揚げを持っていっても見向きもされないだろうが、民話では油揚げを持って夜道を歩いていると狐に身ぐるみ剥がされる、なんて話もある。\n\n濡れ衣狐のために弁解すると、実際の好物は小動物。害獣を退治してくれる狐に感謝して狐の巣穴に小動物の素揚げを供えていたところ、「仏教的にやっぱり殺生はいかん」ということで代わりに油揚げになったらしい。\n\nもしかしたらこの偶然がなければいなり寿司は小動物の中に米を詰めた料理になってたのかも。それはそれで参鶏湯っぽくておいしそうだが……。\n\nそんな能書きは置いといて、正統派とアレンジの両方で磨き上げられてきたいなり寿司たちをとにかく食べて欲しい！\n\n『海木』の「だしいなり」はもっちり柔らかいお揚げから溢れるダシが味わい深く、『味吟』のは軽やかなシャリに甘辛いお揚げのバランスがイイ。『YUKIYAMESHI』のオープンタイプのいなりは旬の食材を使っていて目からも舌からも季節を感じられるし、食べ応えたっぷりだ。『福寿家』の野菜をロールしたいなりは考え尽くされたシャキッと食感と野菜といなりのマッチ具合に驚かされる。\n\nテイクアウトしたら近場の公園まで足を伸ばすのが断然おすすめ。春の陽を浴びながら口福に包まれよう。\n\n撮影/竹崎恵美子(高はし、秀徳本店恵)、西崎進也(おつな寿司)、鵜澤昭彦(海木、味吟、YUKIYAMESHI、福寿家)、取材/藤沢緑彩\n\n※2024年4月号発売時点の情報です。",['https://newsatcl-pctr.c.yimg.jp/t/amd-img/20240324-01361896-matomeshi-000-1-view.jpg?pri=l&w=640&h=427&exp=10800'],"['https://news.yahoo.co.jp/articles/9d92558d3eaff67d38377af8b645e525db041341/images/000', 'https://otonano-shumatsu.com/images/361896']"
"「""共感""は孤独じゃないことを確認する作業」ティモンディ前田裕太が今も大切に心にしまう先輩芸人との会話（おとなの週末）",https://news.yahoo.co.jp/articles/dee5d5ab40b927ae6138122f5c0edb4572083639,https://newsatcl-pctr.c.yimg.jp/t/amd-img/20240324-01363694-matomeshi-000-1-view.jpg?exp=10800,2024-03-24T14:00:00+09:00,2024-03-24T14:00:00+09:00,おとなの週末,matomeshi,おとなの週末,3895,"\nティモンディ前田裕太\n「目指せ、理想の大人」をメインテーマに掲げて始まった、「ティモンディ前田裕太の""おとな""入門」。自身の経験や見聞きしたエピソードから思考を広げてきた「コラム形式」から、次のステップへと進みます！\nその内容は、「お悩み相談」です。これまで約1年半のコラム連載を通して、食・あそび・勉強・旅…と、様々なテーマで「(理想の)大人とは？」について考え、目指してきた (そしてこれからも目指していく)前田さん。その経験を生かした視点で、皆さんから寄せられたお悩み相談に答えていきますよ◎第22回の今回は、人に共感できない自分は、冷たいの？というご相談です。\n【画像ギャラリー】「共感する」ってなんだ？について考えたティモンディ前田裕太\n[今回のお悩み]\n「人の考え方や価値観に、なかなか共感できません。無理して合わせても、モヤモヤしてしまいます」\n「共感」について。\n\n他の人の考え方、価値観に、なかなか共感出来ない自分がいます。共感できないから嫌いとかは全く無く、こういう考えの人なんだ、きもちわるって思っても、逆に面白くて好きだと思えるのです。\n\n女性何人かで話してると、誰かが話したことに「分かるー!!」って周りはなっているのに、自分はその気持ちを思いやることが出来ないのか、時々ものすごく冷たい人間になったような気になります。\n\n共感されてる人はすごく安心して嬉しそうだし盛り上がるので、なんとなく合わせちゃうんですけど、後からモヤモヤします。どう思われても嫌われてもいいっていう境地に行きたいですがなかなかたどり着けません。\n\n(東京都・女性)\n相手との違いを感じるのは、きちんと考えらえる人である証拠\n全てにおいて同じ感性を持っている人間は世の中に一人もいません。自分ですら、年齢や時期によって感じ方が変わる訳ですから。\n\nそれに、正しい感性なんて世の中には無いんです。大衆と同じ感性だろうが、少数派の感性だろうが、他者に強要したりしない限りは咎められる筋合いはない。\n\n自分の中に留めておく限りはどんな思想も自由。\n\n憲法も他人の利益を侵さない限り、如何なる思想であっても、どんな良心を持っていたとしても自由であることを保証していますからね。\n\nだから、共感できなくても何ら問題はないですよ。人間なんて違って当たり前ですから。共感できる方が珍しいと思ってもいいくらい。思想は自由だからこそ、多岐にわたる感性が育つんです。\n\n他人と共感できなくとも何らその人の人間性に瑕疵がある訳ではありません。共感できなくとも何ら冷たいだなんて思う必要はない。\n\n相槌で「分かるー」と言って心が擦り減るのであれば「そうなんだねえ」と受け流すといいでしょう。\n\n私も他人と共感できないことが多々あります。周囲の人が話していることに内心で毒づきながら、雰囲気を壊すのも悪いのでニコニコすることもあります。\n\nけれど、これは感性が合わないだけで、誰が悪いとかじゃないんです。どんな人にも共感できる人間なんていないし、もしいたとしたらそれは、自分の意見を何も持っていない人なんだと思います。\n\nちゃんと物事を考える力があるからこそ、違いを感じる。\n\n私は、共感できない意見ばかりの世の中ですが、だからといって自分が悪いと思わないようにしています。\n先輩たちと感覚を共有できた大切な思い出\n他人との感性の共有だなんて、諦めていた節もありました。口にしても理解してもらえなかったり、冗談ではないのに笑われたりすることも多々。分かってもらえることなんて、もう無いものだと思っていました。\n\nけれどね、稀に、ごく稀に、感性を共有できる人がいます。本当に共感できたり、してもらえたりすることなんて、そんな希少なことなんだと思います。\n\nオードリーの若林さんにお好み焼き屋さんに連れて行ってもらって話をした時は、共感してもらえて泣きそうになった経験があります。\n\nせっかく小籔さんに教えてもらった美味しいお好み焼き屋さんだったのに、ひたすら私が仕事に対しての悩みを若林さんに聞いてもらうばかりの時間だったのだけれど。\n\nこんな思いをしているのは自分だけだと思って孤独を感じていたものを、そうではないと教えてくれたから救われたように思えたのでした。\n\n同じような気持ちだったことや、それに対しての対処の方法などのアドバイスをもらった時の時間は宝物になっています。\n\n銀シャリの橋本さんにも居酒屋に連れて行ってもらって、仕事の話をした時に「あれって、こうだよね？」という心の動きを話して、同じような感情になった確認をし合えた時に""一人じゃない""という安堵感を覚えました。\n\n私だけじゃなかった、という事実は、精神的に大きな影響を与えるのだな、と思ったのでした。\n\n共感というのは、自分は孤独じゃないと確認できる作業なのかもしれません。\n\n芸歴10年目にして、共感できる人が片手で数えられるほどなのは、それがいかに難しいことなのか表していると思いますが、私は、その先輩たちとの会話を今も大切に心にしまっています。\n「誰かと分かり合える瞬間」を大切に！\nもちろん、その共有できる人は""今""""この瞬間""だからこそ共有できるのかもしれません。時期がズレていたら、お互い分かり合えない可能性だってあります。\n\nその中で""同じだ""と思える感性の人と出会えると、意見を交換し合えると、孤独感が少し薄まるような気がします。\n\nたくさんの人と出会って話をしていたら、ほんのたまに、感性を理解し合える人が現れるかもしれません。\n\nただ、その人たちと感覚を共有できるのは、いつまで続くか分かりません。相談者の方も、もし共感できるような人が現れたとしたら、その瞬間を大切にしてもらえるといいなと思います。\n\n私はその思い出だけで寿命が数年延びたような気がしたから。\n「共感=相手と同じ感情になる」ではない～担当編集者からのひとこと～\n「周りに共感できるかできないか」は、学生時代からの普遍的なテーマですよね。「わかるー！」と言えるかどうかが、クラスでの立ち位置決めとか友達作りにおいて、重要な要素だったと記憶しています。\n\n私も割とそれに苦労してきた側の人間として、そもそも「共感」って一体何なんだ!?と思い、少し調べてみました。\n\n心理学的にいうと、「共感」には2種類の考え方があるそうです。ひとつが「情感的共感」、もうひとつが、「認知的共感」です。\n\n私たちが「共感」と聞いてイメージするのは「情動的共感」の方で、「悲しむ相手を見て自分まで悲しくなる」といったように、相手の感情をまるで自分の感情のように感じるプロセスを指します。\n\nいっぽう「認知的共感」とは、例えば相手が悲しんでいるときに「この人は悲しんでいるんだ」と理解するプロセスのこと。論理的な能力を必要とする共感で、大きな集団がまとまるとき、「情感的共感」だけではうまくいかないことが多いので、社会の構築において、とても重要な要素となるそうです。\n\n相談者様を含め、私たちが「人と共感できない」と悩むときの「共感」は、「情感的共感」を指しているのではないでしょうか。ただ、たとえ自分とは違っても、相手の意見や考えを「理解する、受け入れる」ことも、ひとつの共感の形なのです。\n\n付け焼き刃の知識ではありますが、「共感=相手と同じ感情になる」ではない、ということは、私にとっても新たな発見でした。\n\n「わかるー！」と言えなくても、人と「共感」する術はある。私も、自信を持って生きようと思います。\n前田さんへの相談大募集！\nお悩み相談は、下記「おとなの週末Webお問い合わせフォーム」からお送りください。真剣な相談、ちょっとしたお悩み、前田さん聞いてみたいこと、などなど…。皆さんからのご応募、お待ちしております！\n\nご応募はこちらから！https://otonano-shumatsu.com/contact\n\n「お名前(本名でなくても構いません)」「メールアドレス」を所定の欄にご入力いただき、「お問い合わせ内容」欄の冒頭に「おとな入門相談応募」と明記いただいたうえで、「ご相談内容」と、「住所(都道府県名)・年代・性別・ご職業」をご記入ください(例:東京都・20代・女性・会社員)。掲載は匿名です。 また、年代・性別・ご職業の情報は、掲載された際に、読者の方がお悩みをより具体的にイメージできるように、ご記入をお願いするものです。必ずしもご記入いただかなくても問題ございません。\n\n前田裕太(まえだゆうた)\n1992年8月25日生まれ、神奈川県出身。愛媛県の名門、済美高校野球部の同期である高岸宏行とのお笑いコンビ「ティモンディ」のツッコミ担当。趣味はサッカー観戦、読書。テレビ番組で画力を披露したり、複数メディアでコラムを執筆するなど、マルチな活動で注目を浴びている。\n\nティモンディ\n高岸宏行・前田裕太によるお笑いコンビ。コンビ結成は2015年、グレープカンパニー所属。高岸のポジティブなキャラクターや、二人の野球経験と身体能力などがバラエティ番組で引っ張りだこに。コンビの野球経験をいかしたYouTubeチャンネル『ティモンディチャンネル』の登録者数は約28万人。",['https://newsatcl-pctr.c.yimg.jp/t/amd-img/20240324-01363694-matomeshi-000-1-view.jpg?pri=l&w=479&h=640&exp=10800'],"['https://news.yahoo.co.jp/articles/dee5d5ab40b927ae6138122f5c0edb4572083639/images/000', 'https://otonano-shumatsu.com/images/363694']"
