headline,mainEntityOfPage,image,datePublished,dateModified,author,media_en,media_jp,str_count,body,images,external_links
"「わしらは、処刑マシーンなんや」死刑囚の最期を看取る""白衣の刑務官""の知られざる業務内容（プレジデントオンライン）",https://news.yahoo.co.jp/articles/e0767d805e2164add96735bf1441bf0cf4e2abdd,https://newsatcl-pctr.c.yimg.jp/t/amd-img/20250321-00093247-president-000-2-view.jpg?exp=10800,2025-03-21T18:17:38+09:00,2025-03-21T21:56:39+09:00,プレジデントオンライン,president,プレジデントオンライン,6250,"※写真はイメージです - 写真＝iStock.com／bee32
日本では、死刑の執行方法として絞首刑が採用されている。「非人道的」と批判される死刑執行に当たり、拘置所内では何が行われているのか。作家・山本譲司さんが上梓した『出獄記』(ポプラ社)より、一部を紹介する――。(第2回/全3回)
【この記事の画像を見る】
■「心の準備だけはしとかんとな」

　医務課の事務室内には、寺園清之ともう一人、平松卓がいた。デスクに座る寺園は、ひたすら手を動かし続けている。

　名古屋拘置所の二階部分には、東館と西館とをつなぐ渡り廊下があった。その廊下に面して、病舎や診察室、薬局、そして医務課の部屋が並ぶ。

　医務課の事務室に、夕暮れの光が射し込んでいた。光は鉄格子を通して、床に仄赤(ほのあか)い縞模様をつくる。

　寺園は、隣にある薬局から戻ってきたあと、ずっと作業に没頭していた。渡された薬を手にし、その数や種類を確認しているのだ。薬は、収容者たちが服用するもので、これから西館のほうに出向き、各階の担当刑務官に手渡すことになっている。

　「一応、心の準備だけはしとかんとな」

　先輩刑務官である平松が、そう独りごちた。彼は、すでに白衣を脱いでおり、帰宅の準備に入っていた。ロッカーから取り出した私服を横に置き、ソファーに座ったまま、着替えている。

■拘置所で働く「白衣の刑務官」

　寺園は、まだ仕事中である。一般刑務官と同じズボンを穿(は)き、上半身は白衣を纏(まと)う。それが、「保健助手」といわれる刑務官の、勤務中の姿だ。事務室の外では、制帽もかぶる。

　寺園は、作業をしながら、平松を一瞥(いちべつ)する。すぐに視線を、壁にかけてあるホワイトボードに移した。医務課長の顔を思い浮かべ、心の中で頷く。

　明日は長い一日になるのではないか。おそらくこの予感は当たっている。死刑が執行されるのだ。

　ボードには予定表が掲示されてある。医務課に所属するスタッフの月間予定が書き込まれたものだ。医務課スタッフは、医務課長の米崎、新任医師の田所、保健助手の平松と寺園、それに看護師の吉浜秀子という、計5人のメンバーだ。ちなみに、刑務官が務める医務係長のポストは現在、空席である。
■吊るされた死刑囚は10〜15分で死を迎える

　そういえば、先週のことだ。寺園に対し、吉浜秀子が、不安そうな表情で、こう尋ねてきたのだった。

　「ここって死刑を執行したりするんですよね。やっぱりその時は、私みたいな看護師にも何か役割が振られるんですか」
「そうか、吉浜さんの着任後は、まだ死刑はやられとらんもんな。でも心配せんでええよ。その時に立ち会う職員は、医務課のなかじゃ、医務課長とわしら刑務官だけだもんで」

　49歳の寺園であるが、すでに9回の絞首刑に立ち会っている。

　執行時における保健助手の役割は、最期の看取りだ。刑場の地下にいて、落下してくる死刑囚を待つ。吊るされた死刑囚が目の前に現れたら、その体を支え、絶息するまで手首に指を当て、脈をとり続ける。

　心肺停止に至る時間は、早い者で10分、平均だと15分くらいだ。脈が止まれば、次に、医師である医務課長が心音を確認し、死亡を告げる。そのあと保健助手は、警備隊のメンバーとともに遺体を清拭(せいしき)し、白装束に着替えさせる。

　鼻や耳に脱脂綿を詰めたり、髭を剃ったりするのも、保健助手の役目だ。そして、納棺した遺体を、一階にある霊安室まで移動させれば、とりあえずの仕事は終了となる。

■通常業務は、収容者の健康管理や病気治療

　「きっと、あしたやるんやろうな」

　また平松が、独りごとを口にした。寺園は、それに反応せず、目を下に向けたまま、作業を続ける。チェック済みの薬を、白い布でできた手提げ袋の中に詰めていく。

　寺園には、准看護師の資格がある。看護系の学校を出たわけではない。高校は鹿児島県内の剣道の強豪校に通い、3年時には、インターハイで好成績を収めた。高校卒業後、「武道拝命」という採用枠によって刑務官になる。最初は、名古屋拘置所の処遇部に籍を置いた。

　夜間の巡回、および収容者の入浴や運動への立ち会いが主な仕事だった。そして、20代前半の頃だ。東京にある法務省の准看護師養成所において2年間の研修を受け、准看護師の資格を取得する。名古屋拘置所に戻ったあとは、医務課に所属。保健助手として、医師をサポートしつつ、収容者の健康管理や病気治療にあたっている。平松も、同様の立場だ。

　二人はともに、「副看守長」という階級にあった。刑務官の階級は7段階あるが、副看守長は、下から3番目。管理職ではなく、二人は現在、監督権限のない係長待遇となっている。

　医務課長の米崎は、寺園よりもひと回り下だった。2年前に、名古屋大学医学部附属病院から異動してきた外科医である。医師としての腕は確かだ。落ち着いた物腰で、的確な判断を下していく。寺園は、その仕事ぶりに、年下の相手ではあるが、頼りがいさえ感じていた。
■いつ死刑を執行するかは極秘事項

　普段は冷静沈着な米崎が、一昨日から様子がおかしい。妙にそわそわしていて、どこへ行くのか、席を外していることが多かった。携帯型内線電話で連絡がつく状態になってはいるものの、今も行方知れずだ。米崎の予定表には、確か明日の水曜日、〈医学セミナーのため東京へ出張〉と書かれていたはず。だが、いつの間にか、それが消えている。

　保健助手の刑務官に死刑執行が知らされるのは、当日の朝だ。二人が同時に欠勤することは、まずあり得ないからであろう。しかし、医務課長は一人しかいない。医務課長がいなければ、死刑自体が成り立たないのである。そうした事情もあり、医務課長には、3日ほど前に、刑の執行が伝えられるらしい。当然、その秘密事項を、他者に漏らしてはならない。

　ほかにも、事前に刑の執行を知らされる者たちがいる。警備隊の面々だ。警備隊というのは、所内の規律維持活動や規則違反者への取り調べ、刑場の管理、さらには絞首刑執行の準備もする。そして、死刑執行時は、その中心を担う。

■前日にリハーサルを何度も繰り返す

　明朝に執行だとすれば、すでに刑場の掃除は終えているだろう。警備隊にとって最も重要な準備作業は、清掃のあとに待っている。それは、絞首刑のリハーサルだ。

　ロープの長さは、事前に調整しておく必要がある。死刑囚の体重と同じ重さの砂袋を用意し、実際にロープに括りつけて、執行ボタンを押す。地下に落下した死刑囚の足底が、床上30センチぐらいの高さにくるよう、何度も繰り返して実験するのである。

　寺園の高校の後輩で、この拘置所の剣道部に所属する福留宏典も、警備隊員の一人だ。

　昨夜、寺園は、拘置所内の道場で、福留と竹刀を合わせた。だが、まったく気合が入っていないし、心ここにあらず、といった体だった。それを質しても、なんでもありませんと、喉に何かが絡まったような声が返ってくるだけ。稽古が終わっても、ほとんど口を利かない。着替えたあとは、挨拶もなく、道場のある東館1階から、あたふたと出て行った。明らかに、いつもの彼とは違った。

　26歳の福留は、今年、警備隊に配属されたばかりだ。きっと刑場の中に入るのも、初めてなのではないか。
■午前9時半頃の執行後、午後6時まで「隔離」

　平松が、またつぶやく。

　「あしたも、朝7時半ぐらいに呼び出しやな」

　彼はもう、私服に着替え終わっていた。

　平松の言葉を聞き流し、寺園は頭の中で、これまでの経験と照らし合わせて考える。

　たぶん午前8時前に、執行に関わる者全員に集合がかかる。場所は西館2階、処遇部の会議室。20から30人が参加するミーティングだ。処遇部長の挨拶に始まり、続いて処遇首席が、タイムスケジュールや段取りについて説明する。刑の執行は、午前9時半頃だ。

　〈執行後、その日の勤務は終了。死刑に関わった刑務官は、午前中で解放される〉

　死刑を取り扱った書籍では、そんなふうに書かれていることが多い。ところが、名古屋拘置所では違う。確かに午前中で仕事は終了する。しかしその後、関わった者のすべてが市内の別の場所に集められ、午後6時過ぎまで、一緒の時間を過ごすことになる。

　料理が出され、酒も振る舞われる。慰労会という名目もあるだろう。だが、本当の目的は、記者発表の前に情報が漏れないようにするための「隔離」ではないかと思う。

■血だらけの惨事を避けるための留意点

　通夜のような会であるが、場の空気を変えようと、冗談を口にする者もいる。けれども、会場の雰囲気は、終始、陰鬱としていた。一方でそこは、個々の気持ちを整理したり、執行チーム全体の結束を高めたりする場にもなる。

　25年前、寺園が最初に死刑に立ち会った日の会では、こんな場面があった。一人の警備隊員が立ち上がり、まわりに対し、「きょうのは、ほんま可哀そやった。次はもっとうまく逝かせなあかん。なあ、みんな、そうしよう」と檄を飛ばす。すぐさま、それに呼応して異口同音、「そうだ」「そうだ」の声が上がった。そして最後のほうは、実演も含めての、反省会となる。

　執行に初めて加わったあの日──。思い起こせば、あれは悲惨だった。首縄のかけ方がうまくなかったらしく、執行された死刑囚は、本当に苦しそうな最期となった。血が飛び散った床に、遺体を横たえさせると、首が取れそうになっていた。

　ベテラン刑務官が口酸っぱく言う留意点だが、首縄をかける時は、結び目を首の左側に持っていき、縄と皮膚の間に隙間ができぬよう密着させて、それから軽く締め上げるのだ。そうしなければ、落下の際、首の肉が裂けたりして、大量の出血をともなう惨事となる。
■絞首に失敗し、締め技で絶命させた例も

　気づくと、事務室内に、咳払いが聞こえていた。殊更らしい咳である。平松が発しているのだ。着替えが終わっても、ずっとソファーに腰かけていた。

　寺園は、彼のほうに目をやる。むこう向きに座っているが、その背中が何かを言いたげだった。平松とは、もう30年以上のつき合いだ。言葉を交わさなくても分かることがある。

　平松は、柔道による「武道拝命」だった。その広い肩幅を見て、ふと思い出す。過去に他の拘置所で起きた、死刑執行時の出来事についてだ。

　地下に落下し、宙吊りになった死刑囚が、もがき苦しみ続けている。ロープが首から外れかけていたらしい。やむなく死刑囚の体を下に降ろし、柔道高段者の刑務官が、締め技で絶命させたというのだ。執行後、その刑務官の子供が、不治の病に罹ったという話がまことしやかに語られている。

　平松の息子は、9年前に、生死をさまよう大病をした。今もあまり体調は良くないようで、このところ、ずっと死刑執行には、寺園が立ち会ってきた。今回もそうしてくれ、と言うのだろうか。

　寺園にとって平松は、「恩人」といってもいい存在だ。職場の先輩として、いろいろと教えられてきたし、私生活においても、種々相談に乗ってもらっていた。感謝しきれないほどの人物だ。その平松との間で、変な駆け引きはしたくない。

■12人の「死刑確定者」の顔が思い浮かぶ

　平松が、寺園のほうに顔を向けた。寺園は即、平松に対し、その言葉を口にする。

　「あした、あれがあったら、また自分が行きます」

　平松の表情が、にわかに変わった。笑みが浮かぶ。が、すぐにそれを消して、頭を下げる。

　「いつもすまんな」
「気にせんといてください」

　寺園は、そう返して立ち上がった。制帽をかぶり、薬の入った手提げ袋を手にする。

　「これから西館のほうに行って、薬を届けてきます」
「そうか。ほな寺園、わし、先に帰っとるわ」

　軽く頷いた寺園が、そそくさと部屋を出る。

　西館の上層階には、死確者が12人いた。そのなかの誰かが、明日、死刑を執行されることになる……。寺園の頭の中に、彼ら一人ひとりの顔が思い浮かぶ。
■「処刑マシーン」などにはなりたくない

　死確者といっても様々だ。刑執行を前にして、刑務官の手を煩わせることなく、大人しく自ら前に進む者もいれば、徹底的に抵抗し、暴れだしてしまう者もいる。刑務官側からすれば、前者の場合は、自殺の手伝いをしているように思え、後者の場合は、よってたかっての殺人行為に及んでいるように思えた。

　もちろん刑務官は、誰しも、好んで死刑を執行したいわけではない。きのうまでは普通に言葉を交わしていた人間が、突然、目の前で命を絶たれるのだ。いや、自分たちの手で命を奪うことになるのである。普通に考えれば、正気ではいられない。

　「わしらは、処刑マシーンなんや。マシーンが何かを考えたらあかん」

　かつて寺園は、ある先輩刑務官にそう諭されたことがある。けれどもやはり、マシーンなどにはなりたくない。自分は、血が通った、そして涙も流す、生身の人間なのだ。毎回、刑執行後は、しばらくの間、鬱状態が続き、酒の量も増える。悪夢にうなされたことも、一度や二度ではない。実際に、亡霊のようなものを見たことも……。

■指揮者である検察官は高みの見物

　すぐにその記憶を消そうと、寺園は、頭を左右に振った。そして、西館2階のエレベーターホールへと向かう。

　エレベーターから検察官が降りてきた。この階には、検事調べの部屋もある。調書を取りに来たのだろう。

　寺園は、体の向きを変え、廊下を北のほうに歩く。

　突き当たりにある窓から、外を眺めた。薄暗くはなっていたものの、近くの景色ははっきりと目に映る。名古屋城を背景にして、手前に法務合同庁舎のビルがあった。名古屋高等検察庁や名古屋地方検察庁が入る建物だ。

　死刑執行を指揮するのは、処遇部長でも所長でもない。検察庁の検察官なのだ。法律的にそうなっている。しかし、指揮者であるはずの検察官が、立会人として拘置所に現れるのは、いつも執行の直前。そして執行時は、執行部屋の向かいの「バルコニー」から、高みの見物だ。

　寺園は、睨むように、法務合同庁舎のほうを見た。

　這っても行き来できるこの距離を、検察官は毎度、黒塗りの車に乗ってやってくるのだ。思っただけで、腹立たしくなる。



----------
山本 譲司（やまもと・じょうじ）
作家、元衆議院議員
1962年、北海道生まれ。佐賀県育ち。早稲田大学卒。菅直人代議士の公設秘書、都議会議員2期を経て、1996年に衆議院議員に当選。2000年に秘書給与詐取事件を起こし、一審での実刑判決を受け服役。出所後、433日に及んだ獄中での生活を描いた『獄窓記』（ポプラ社）が「新潮ドキュメント賞」を受賞。障害者福祉施設で働くかたわら、『続獄窓記』『累犯障害者』『刑務所しか居場所がない人たち』などを著し、罪に問われた障害者の問題を社会に提起。現在も、高齢受刑者や障害のある受刑者の社会復帰支援に取り組む。小説作品として『覚醒』（上下巻）『螺旋階段』『エンディングノート』がある。
----------
作家、元衆議院議員 山本 譲司",[],[]
お金の貯まらない家の「お風呂場」には大抵コレがある…片づけのプロ「今すぐ風呂場の外へ出すべきもの」（プレジデントオンライン）,https://news.yahoo.co.jp/articles/26d6341b9d191aa954dc0f997ca6a9981947f751,https://newsatcl-pctr.c.yimg.jp/t/amd-img/20250321-00093132-president-000-2-view.jpg?exp=10800,2025-03-21T18:17:19+09:00,2025-03-21T22:41:41+09:00,プレジデントオンライン,president,プレジデントオンライン,4113,"※写真はイメージです - 写真＝iStock.com／vm
基本的には本人や家族しか立ち入ることのない、家の中でも特にプライベートな空間のひとつである風呂場。お片づけ習慣化コンサルタントの西崎彩智さんは「お風呂場を見れば、その家がお金の貯まる家か貯まらない家かわかる。浪費家の人は、新しいもの好きなところがあるが、その衝動買いの結果が風呂場の随所に見られる」という――。
【この記事の画像を見る】
■お金の貯まらない家にはあるもの

　お風呂場を一目見れば、その家が「お金の貯まる家」か「貯まらない家」かわかります。

　お金の貯まらない家のお風呂場は、とにかく物が多い。中でも特徴的なのは、使いかけや、もう空のボトルで溢れている点です。使いかけのシャンプーやリンス、ボディソープ、使っていなさそうなお風呂の洗剤など……。そのうえで、あきらかにすべては使用していない掃除グッズや子供のおもちゃ、風呂おけなどが“必要な数以上”置かれているのです。

　浪費家の人は、基本的に新しいもの好きなところがあります。

　店頭やCMで新しいものを目にすると「安いし、ちょっと使ってみようかな」と、新しいものを次々と購入。まだ使いかけのものがあるのに、です。そして、お風呂場にボトルがたくさん並んでいきます。そういう浪費癖は、クローゼットなどわかりやすい場所だけでなく、お風呂場にもあらわれている気がします。

　お金が貯まる家でも、特にシャンプーが好きで複数種類を買いそろえているような家はあります。しかし、それは「ほぼ存在を忘れられたままに使い終わらないボトル」ではなく、きちんと均等に消費されていきます。また整理整頓されており、雑多な印象は受けません。「今」使うから買っているか、「なんとなく」「いつかのために」買っているか、これがお金の貯まらない家と貯まる家の1番の違いです。

　さらに特筆すべきは、お金の貯まらない家には、“洗浄力の強い洗剤”が並んでいることです。

　通常のバスタブを洗う用だけでなく、浴室内のカビや鏡のウロコが取れるもの。いつか入念に掃除しようと思っているけれど、とりかかることのできないまま、置きっぱなしになっています。

　そう、お金の貯まらない家のお風呂場は物がたくさんあるだけでなく、壁にカビが生えていたり、蛇口に水アカが溜まっていたり、鏡にウロコがついていたりと、全体的に薄汚れていることが多いのです。

■「物」以外にも特徴が…

　これは私自身の体験談ですが、今から12年前、私が離婚する前のことです。夫婦仲が悪く、仕事もうまくいかない。どうしても家に帰りたくない時期がありました。そのときの私のメンタル状況をあらわしていたのが「お風呂場の鏡」でした。

　私のメンタルが落ちていると、お風呂場の鏡が白く曇ったり、ウロコがついたりしてくる。お風呂場の鏡なんて、お風呂場を出るときにサッと拭けば汚れが溜まらないのに、それすらする気力も湧かなかったわけです。

　平日は、シャワーですませて、さっさとお風呂場を出る。それで週末に掃除しようと、ウロコをとる洗剤やシートを買ってやってみるけれど、貯め込んだ汚れは時間をかけてもなかなかとれず掃除グッズはそのままに……。お風呂掃除にかける時間とお金が無駄だと気づいたのは、しばらく経ってからのことでした。

　そもそもシャワーを20分使っていると、お風呂を1回わかすよりも光熱費が高くなるという試算があります。シャワー浴が習慣の人は、お金が貯まりづらいのです。
■ちょこっと掃除で生活習慣が改善し、気力も向上したワケ

　お風呂場に物がたくさん置いてあると、掃除がしづらく効率が下がるため、より長い時間お風呂場にいることになります。そうすると体もだんだん冷えていく……。いやですね。

　そこで私は、まず風呂場に置くものを最低限の数に絞りました。

　次に、掃除グッズは風呂場の外に置くようにしました。

　同時に家族を巻き込み、それぞれお風呂から上がるときは、必ず鏡と蛇口を拭くように全員で徹底したんです。そこからは、いつも鏡は曇らず、蛇口もピカピカ。

　お風呂が衛生的で快適な空間になったので、ゆっくり湯船につかろうという気になり、気力も上向いてきたことを覚えています。

■最初にすべきアクション

　では、これからお金の貯まるお風呂場をつくりたい人は、何をすればよいのでしょうか。

　はじめは、物の整理から始めましょう。キレイにするには掃除が必要ですが、掃除より先に必ず「片付け」を。片づける前に掃除をするのは非効率です。

　具体的には、お風呂場で使う物の数を絞り、使っていない物は「風呂場の外」へ出します。子どものおもちゃも使っているか使っていないかで判断し、使っていないものは同じく外へ。捨てられるものは捨てましょう。

　このようにアドバイスすると、「家族が多いと物がどうしても多くなるけれど、どうしたらよいでしょう？」という追加相談をよく受けます。例えば過去には、年頃の娘さんが3人いらして、それぞれにこだわりのシャンプーがあるため捨てられない、という方がいらっしゃいました。

　全員がそれらを風呂場に置くと、それだけで空間が埋まってしまい、掃除もしづらくなりますよね。そこで娘さんたちには、それぞれ自分の使うアイテムをカゴに入れて、お風呂に入るときにそれを持って入るようにしてもらいました。銭湯に行くときのようにです。それで、やっとお風呂場が片づいたとおっしゃっていました。

　ちなみに、わが家のお風呂場には、シャンプー、リンス、石けん、体を洗うタオル、泡立てネットの他、風呂掃除用のブラシが置いてあり、ブラシはフックに引っ掛けています。

　浮かせられるものは浮かせるのが、カビ対策のひとつ。洗剤類は、すべて風呂場の外に置いています。

　また、今使いかけのシャンプーや洗剤は、一本をきっちり使い切ること。次を買うのは、そのあと。よさそうだからといって、どんどん衝動買いする癖をこの機会に見直しましょう。
■年に2回はアウトソースを

　きれいなお風呂をキープするのに、お風呂掃除を定期的にアウトソースするのはおすすめです。

　我が家では、ふだんのお風呂掃除は自分たちで行い、夏と年末の年に2回ぐらいはプロに頼んでいます。そうすることで配管に詰まった汚れや、ふだんの掃除では落としきれないカビなどを、きれいにクリーニングしてもらうのです(我が家の場合はキッチン空調の掃除と合わせて1回3万円ほど)。

　かつて私は、すべてを自分一人でやっていました。お風呂場に2時間ぐらいこもり、強い洗剤を使って、あれこれ頑張ってやっていたけれど、プロほどはきれいにできないし、しかもそれをやったところで、家族からの反応は「ありがとう」で終わりなんですよね。

　私は家族に「褒めて褒めて」って強要する面倒なお母さんだったから、頑張って掃除したら、家族から褒められないといやなわけです。

　でも家族は、そこまで褒めてくれない。こんなに頑張っても自分のコストパフォーマンスはこれでよかったのかな、もっと自分が機嫌よくいられることにエネルギーをかけたほうがいいんじゃないかな、そんなふうに考えたんですよね。

　それでプロを呼ぶようになったら、さすがプロですから、いろいろな機材を持ってきてくれて1時間ぐらいでピカピカにしてくれます。

　その間、私は気持ち良く自分のやりたい仕事をできるから、もうそっちのほうが断然コストパフォーマンスがいい！　やっぱり餅は餅屋です。

　日ごろの掃除はもちろん、年に2回程度の大掃除も好きだったり、得意だったりする人は、無理にアウトソースする必要はありません(素晴らしい！)。

　掃除が苦手だったり、私みたいに頑張ったあとにやりきれない思いを感じる人は「ひとりで頑張らなきゃ」を手離して、家族の必要経費として外部の力を借りてみてください。まるで自分の心までピカピカになったように、スッキリすることでしょう。

■家族仲も良くなる

　お風呂場を片づけたことで、湯ぶねにつかるようになったという人は多いです。湯ぶねにつかるのは、健康の大原則。疲れがとれて、眠りの質がよくなり、仕事のパフォーマンスがよくなると……自然と収入アップにもつながっていきます。

　反対にシャワーが続くと、光熱費はかかるし、疲れもとれず、眠りの質も悪化。仕事のパフォーマンスも悪くなり、メンタルも収入も落ちていく一方です。

　またお風呂を片づけたことで、夫婦や家族で一緒にお風呂に入るようになったという人も多く聞く話。会話が弾んでコミュニケーションが密になるのはもちろん、追いだきの必要もなくなるので、無駄な光熱費が省けます。

　お風呂を片づけたら、家族仲がよくなり、節約になるわけです。

　お風呂場というのは、究極のプライベート空間です。人の家に行って、トイレを借りることはあっても、お風呂を借りることってないですよね。

　そんなプライベート空間をきれいに保つことは、自分自身を大事にするということ。明日からまた頑張ろうと英気を養うことにつながります。

　ぜひお風呂場を片づけて、エネルギーチャージスポットにしてください！　それがお金の貯まる家にも直結するのです。



----------
西崎 彩智（にしざき・さち）
お片づけ習慣化コンサルタント　Homeport代表
1967年生まれ、岡山県出身。大学卒業後、住宅メーカーのインテリアコーディネータとして従事。結婚し、20年専業主婦を経験したが離婚。その後はヨガスタジオの店長としてスタジオに通う多くの女性のさまざまな相談に応じる。2015年、得意の片づけを生かして起業。お片づけ習慣化講座「家庭力アッププロジェクト」修了生は全国で3000名を上回る。 
----------
お片づけ習慣化コンサルタント　Homeport代表 西崎 彩智 構成＝池田純子",[],[]
「告白」「交際」「同棲」は存在しない…そんなエジプト人女性が日本で衝撃を受けた「2000年代大人気ドラマ」の名前（プレジデントオンライン）,https://news.yahoo.co.jp/articles/1273ba994ab051b6cb76cbb2addc509ca6a91586,https://newsatcl-pctr.c.yimg.jp/t/amd-img/20250321-00093174-president-000-1-view.jpg?exp=10800,2025-03-21T17:17:40+09:00,2025-03-21T17:17:40+09:00,プレジデントオンライン,president,プレジデントオンライン,5492,"※写真はイメージです - 写真＝iStock.com／Karimphoto
「恋愛結婚」と一口に言っても、そこに向かう過程は国によってさまざまだ。日本に住むエジプト人の八十恵さんは「友人時代、夫から『好きです』と言われ困惑しました。エジプトでも恋愛結婚が主流ですが“交際”という概念がなかったからです」という――。
【写真】八十夫婦の和装ツーショット
※本稿は、八十恵『エジプト人の「いい加減」でがんばりすぎない生き方』(KADOKAWA)の一部を抜粋・再編集したものです。

■恋愛結婚だけど、交際期間は0日間

　わたしはエジプト人で、夫は日本人です。

　お見合いではなく恋愛結婚なのに、交際期間が一日もないまま結婚しました。

　日本でそのことを話すととても驚かれます。でも、エジプトではとくに珍しいことではありません。エジプトでは婚約前に「好きです」と告白したり、交際して関係を深めていったりする発想そのものがないからです。お互いに「いいな」と思えるようになったら、交際を始めるのではなく、結婚を考えるのが自然な流れです。

　夫と出会ったのは2011年のことでした。

　民主化運動の「アラブの春」が起きていた頃のことです。

　以前からわたしは日本に対して強い興味をもっていました。

　父親が柔道のコーチをしていた関係もあり、子供の頃から家にはサンリオのおもちゃや日本の電化製品などがあったりしたのです。

　父がビデオを持っていたことから、ビートたけしさんの『風雲！たけし城』も繰り返し観ていました。

　「すもうでポン」や「だるまさんがころんだ」などのコーナーが好きでした。

　そんなバックボーンもあり、日本語学校に入学して日本語を勉強するようになったのです。

■出会いは日本語学校のイベントだった

　その後、東日本大震災のあとに参加した日本語学校のイベントではじめて夫と会いました。そのときの印象はほとんどないというのが正直なところです。

　基本的に無口なタイプなので、まったく話もしなかったのかもしれません。

　『スラムダンク』の流川楓のような顔だな、という印象だけはありました。それを人に話すと「まったく似てないよ」と言われます(笑)。

　夫の名字は「八十」と書いて、「やそ」と読みます。

　日本でもなかなか珍しい名字だと思うのですが、その頃のわたしは、日本にそんな名前があるなんて知りませんでした。

　だから、そのイベントでも、みんなが名前を書いているところに、なぜ彼だけは“数字”を書いているのかな？と不思議に思っていたのです。

　それが80というナンバーではなく、八十という名字なのだとようやくわかったのは2年ほど経ってからのことでした。

　彼は仕事の関係でエジプトに滞在していたこともあり、少しずつ会う機会が増えていったのです。彼はあいかわらず、あまり話はしなかったけれど、頼もしい人だなという好感をもつようにはなっていきました。
■「好きだよ」夫の告白に戸惑ったワケ

　その彼がエジプトを離れるときに「好きだよ」と言ってくれたときはものすごく驚きました。前にも書いたように、エジプトの文化にはないことだからです。

　わたしはどう答えればいいかと迷いました。

　好きと言われて交際を始めることは、イコール結婚になります。どのような言葉を返したかはよく覚えていないのですが、“あなたの言葉は結婚を意味しますよ”というように話した気がします。

　エジプトでは女性のほうからプロポーズするということはありません。だからわたしも、逆プロポーズをしたつもりはなかった。「どういう意味でそんな言葉を口にしたんですか？」という問いかけをしたわけです。

　だけど、彼のほうでは「結婚か、これで終わりにするか」の二者択一を迫られたように感じたみたいです。

　そのときは彼のほうでも戸惑っていたようです。それでも、一度帰国してまたエジプトに戻ってきたあと、結婚に向けて話が進んでいきました。

■結婚は認めてもらえなかった

　その先にも困ったことはありました。

　当時のエジプトでは国際結婚の例はあまりなかったからです。

　とくにわたしが育ったエジプト南部のサイーディ地方(ナイル川上流地域)では、親戚同士で結婚するのが珍しくない文化があります。

　当然ながら父親は、彼に会うこともしないうちから大反対。

　そのため、彼をわたしの両親に会わせるより先に、わたしが日本で彼の両親に会うことになったのです。

　そのとき彼は、母親に対して「いいひとを紹介したい」と話していながら、わたしがエジプト人だとは言っていませんでした。それもどうかと思いました(笑)。

　彼は、何に対しても十分な説明をしないタイプの人ですが、いくらなんでも……という話です。

　息子から恋人かフィアンセを連れてくると聞かされていて、現れたのが見た目からはっきりと外国人だとわかるわたしだったのだから驚かないはずがありません。

　そのあとにあらためて、お父さんとも一緒に食事をすることになり、結婚を認めてもらいました。やさしくて理解のあるご両親です。

　エジプトでわたしの両親に彼が会ったのはそのあとです。

　そのときわたしの父は、ひたすらイヤな話ばかりをしていました。聞きたくもないようなことだったので、内容も覚えていないくらいです。

　結局、そのときは父に賛成してもらうのはあきらめました。日本で結婚して、子供ができてからエジプトに里帰りして、ようやく認めてもらえた感じだったのです。
■「恋人」という関係性が存在しない

　恋愛や結婚のあり方、人との対し方に関して、エジプトと日本をくらべたときに慣習が異なるところはずいぶんあります。

　上でも書いたように、エジプトでは好きだと告白したり、結婚前に交際する文化がないということもそうです。

　もしお互いに相手のことが「いいな」となったら、その時点で結婚に進むことを考えて、親にも相手を紹介します。その場合、女性側の親に男性を紹介してから、男性側の親に女性を紹介する順序が一般的です。

　「恋人」という関係性がそもそもないともいえます。

　エジプトには「カレ(彼氏)」や「カノジョ(彼女)」に当たる言葉がありません。そのため、もし、そういう意味の言葉を使いたいときには英語を借りて「Boyfriend」、「Girlfriend」と言うしかなくなります。

　そうすると、相手のステータスは、彼氏、彼女ではなく“フレンド(友達)”になります。意識のうえでもそうなるので、「友達同士だったらキスはしないよね」ということになるわけです。イスラム教でもキリスト教でも、友達という関係性であれば、キスなどはしないということが前提としてあります。

■結婚式「誓います」の重みが違う

　交際期間が長くなると愛が冷めてしまうのではないかというイメージもあります。

　そうなるよりは、お互いを想い合えているうちに結婚したほうがいいのではないかという感覚もある気がします。

　結婚前に同棲するということも考えにくい。

　理由のひとつはやはり、ステータスがフレンドであるなら、一緒に住むのはおかしいという感覚があるからです。

　もうひとつの理由は、イスラム教でもキリスト教でも(※)、バージンで結婚するのがいいとされているからです。

　結婚式で牧師さんが誓いの言葉を読み上げたとき、日本の人たちは、とくに内容を気にせず「誓います」と答えている場合が多いのではないかと思います。

　※編集部注:エジプトでは、人口の9割がイスラム教徒、1割がキリスト教徒です。イスラム教徒やキリスト教徒であればそうはいきません。

　誓いの言葉に対しては、ピュアであることを前提にして「イエス」と答えているので、そこで嘘はつけない、嘘をつきたくない。

　そんな気持ちが強いのです。
■「気になる人」ができたらどうするのか

　日本でも欧米でも、中高生時代から、異性と付き合うことは珍しくないのだと思います。エジプトではそういうことは、ほとんどありません。

　もしかしたら交際の入口あたりまでは行きかけることはあるかもしれませんが、わたしの10代の頃にはそういう話はほとんど耳にしたことがなかったものです。

　気になる相手がいたとしても、高校生の男女が二人でデートするようなことは考えにくかった。グループで出かけることがあったくらいです。

　小学生の頃は、男の子も女の子もみんな一緒に遊びます。まだ子供なので、異性に対する意識がほとんどなく、抵抗がないからです。

　中学生くらいから体が変化していけば、自然に異性を意識することになるので、距離をおくようになります。

　それと同時に、勉強が大変になっていきます。

　エジプトでは、受験が将来に関わり、「いい大学に入れなければその時点で人生が終わってしまう」というイメージがあります。

　そのため中学生でも高校生でも、とにかく一生懸命、勉強の日々を送ります。

　なので、男女交際などをしているような余裕はない！という考え方をする人がほとんどになっていきます。

　もし異性との距離が近づきすぎて、それが親に知られた場合は必ず止められます。

　交際を責められるというニュアンスではなく、勉強に集中していないことを怒られます。大学生になってようやく恋愛めいた話を聞くようになります。勉強も落ち着いて、少し余裕が生まれてくるからです。

　大学時代に交際までは進まなくても、互いのことがわかっていって卒業後に結婚するようなケースが出てきます。

■『花より男子』はまるでおとぎ話のよう

　今はエジプトでも日本のアニメやドラマを観ることができるようになっています。

　わたしも日本に来てからは、それまで以上にたくさんのドラマを観ました。

　恋愛ドラマに限らず、ほとんどのドラマで恋愛が描かれていることも知りました。

　日本ならではの法則性もあるというのか……。クリスマスが恋愛イベントのようになっていることや出会いや告白にはパターンがあることもわかってきました。

　高校生にとって恋愛がものすごいウェートを占めていることにも驚きました。

　わたしたちエジプト人からすれば、『花より男子』なんかは“高校生たちのファンタジー”のようにも感じます。

　エジプトの高校生とは何もかもが違いすぎていてなんだか別世界のおとぎ話のようです(笑)。

　日本に住むようになって思ったのは、日本では社会人になってからが忙しくて大変なので、早めに恋愛を楽しむようにしているのかな、ということでした。エジプトよりは高校時代に余裕があるので「順番の違いなのかな」と感じたわけです。もちろん、みんながそうだということではありません。

　日本でも必死に受験勉強に励む高校生はいるし、遊んでいる時間がけっこう長い社会人もいるようですからね。

　いずれにしても、エジプトの高校生は、男女交際をしている余裕などはまったくないほど勉強に打ち込んでいるものです。
■いわゆる「婚活」の文化はない

　日本でいう「婚活」に力を入れる人はあまりいません。

　もしかしたら今は、マッチングアプリなどを使う人も出てきているのかもしれませんが、いたとしてもそんなに多くはないはずです。

　大学や会社、あるいは何かのコミュニティなどで出会うか。SNSでの交流がきっかけになるか……。結婚まで進むのはそういうことから始まるのが一般的です。

　とくに女性は、結婚したいからがんばっているみたいな感じになっていると、周りの人から「年齢を気にして焦っているのかな」、「かわいそうだな」という目で見られやすい。結婚願望はあったとしても同情されたくはないので、結婚したがっているようには見せない人が多くなっています。

　がっつくわけではなく、「そろそろ結婚を考えてもいいかな」という気持ちがあることが周りに伝わったときには、友達が誰かを紹介してくれたり、家族が相手を探してくれることはあるかもしれません。

　それを受け入れるかは本人次第です。日本でいうお見合いのような習慣はあまりありません。

　ただし、エジプトの中でも南のほうでは、家族同士のつながりから相手が紹介されるケースはあります。その場合は、お見合いに近いといえるかもしれません。

　カイロなどの北のほうでそういうことがあるとすれば、ステータスの高い家族間に限られます。同じようなステータスの相手との出会いが少ないので、そういう人を紹介されるパターンです。



----------
八十 恵（やそ・めぐみ）
インフルエンサー、通訳
1989年生まれ、エジプト紅海沿岸のハルガダ市出身。2010年にカイロのヘルワン大学を卒業後、エジプト政府で建築家として働く。2011年のアラブの春がきっかけで職を失い、現地の日本語学校に入学。その後日本人男性と出会い、2016年に国際結婚。2021年にエジプト文化や日本での日常を発信するYouTubeチャンネル「THEエジプト人です！」を開設。著書に『エジプト人の「いい加減」でがんばりすぎない生き方』（KADOKAWA）がある。
----------
インフルエンサー、通訳 八十 恵",[],[]
目的は「体力をつける」でも「脳の活性化」でもない…他の大学とはまったく違う東大の「体育の授業」の中身（プレジデントオンライン）,https://news.yahoo.co.jp/articles/f0e5a7821f0eccca5835a3a0ccfe161995d6c17a,https://newsatcl-pctr.c.yimg.jp/t/amd-img/20250321-00092882-president-000-1-view.jpg?exp=10800,2025-03-21T17:17:37+09:00,2025-03-21T17:17:37+09:00,プレジデントオンライン,president,プレジデントオンライン,4826,"東京大学駒場Iキャンパス正門（写真＝Kakidai／CC-BY-SA-4.0／Wikimedia Commons）
東京大学では、体育の授業が必修科目になっている。そこではどんな授業が行われているのか。東大カルペ・ディエム『東大1年生が学んでいること』(星海社新書)より紹介する――(第2回)
【この記事の画像を見る】
■東大の1年生全員が「体育」を履修する

　体育

　東大の1年生が全員履修する科目が「身体運動・健康科学実習I」、通称「スポ身」です。正式名称で呼んでいる東大生は誰一人いないのでは……というくらい「スポ身」という通称が普及しています。

　この講義は、高校までの教科でいう「体育」のような講義です。週に1コマ、体を動かすことが東大1年生のカリキュラムに組み込まれているということです。

　2度の体力テスト、身体機能に関する座学などの全員共通の部分と、バスケットボール、バレーボール、フィットネス(筋トレやストレッチ)など自分で種目を選んで参加する部分から構成されています。

　筆者は高校まで文化部で、あまりスポーツに慣れ親しんでこなかったので、漠然と何かスポーツがしてみたいなという気持ちがありました。サッカーやバスケはそれなりに経験者がいて実力の差が出てしまいそうなイメージがあったため、あまり経験者がいなそうで、自分のような初心者でも試合に参加できそうな、ソフトボールを選択しました。

■ただ運動するだけではない

　「なんで東大にも体育の授業があるんだ？」と最初は疑問に思っていました。実際、最初の講義で体力テストを行ったのち、数週間は普通にソフトボールをするという時間が続いていたので、高校までの体育と同じように感じていました。

　しかし数週間授業をしたところで、しっかりと東大チックな話が差し込まれました。スポーツという分野においての考えをレポートにまとめることを求められたのです。

　例えば筆者のグループでは、「子どもがボールを投げる力の低下傾向が続いていること」についての論考を求められました。

　実は、1960年代の子供たちと比較すると、11歳男子のソフトボール投げは65年度が「34.40メートル」、それに対して2019年度は「26.65メートル」と大幅に小さくなっているのです。この原因は何なのか、そしてこれがどのような影響を及ぼす可能性があるのかを考察する、というものです。

　体育にもそんなふうに考察することがあるのか⁉　とびっくりしたわけですが、これが意外と面白いんですよね。
■体育からでも学ぶことがある

　まず、1960年代の子供たちの投げる力がなぜ強かったのかというと、「メンコ」の影響が考えられます。昔はメンコで遊ぶ子供たちが多かったため、ものを投げるという習慣があったのです。メンコを叩きつけるあの動きは、実はボールを投げる動きと同じでしたが、その遊びがなくなってしまい、また野球やソフトボールをすることも少なくなってしまったため、ボールを投げる力が低下してしまっているのです。

　そしてボールを投げる力が低くなってしまうと、肩の筋肉が落ちて、肩こりや腰痛の原因になってしまうことがあるとのこと。このようなことを考えるのは純粋に面白く、体育にもいろんな効果があるんだな、と感心しました。

　このように、自分自身も含めて日本人はどの筋肉が落ちてきているのか、どんなスポーツや身体運動が得意に、そして苦手になってきているのか、そしてどうすれば問題を解決できるのかを考えるという経験は他になくて、面白かったです。

　学校の授業において、体育は勉強とは結びつきにくい科目です。医学部の人なんかは人の体を理解するために勉強する必要があるのかもしれませんが、文系の筆者にとっては、体育はただの「体を動かす時間」でしかありませんでした。

　それが、「体育からでも学ぶことがある、学べることがある、学ぶべきことがある」ということを知れたのは、非常に自分にとって有益だったと感じます。

■運動ひとつとっても頭を使う

　話をソフトボールに戻すと、「もっと面白いソフトボールのルールを考えてみよう」というレポート課題がありました。投げる力が弱くなってしまっている現代において、どんな体育の授業をすべきなのか、どんなルールがあればもっとソフトボールが楽しくなるのかを考え、そして実際にみんなでやってみるのです。

　筆者のグループでは、バッターボックスに入るたびに自己紹介をしたり、趣味や出身地を質問したりするのはどうか、という話になりました。そして、「ピッチャーが相手チームの自己紹介に茶々を入れる」というゲームをすることになり、相手チームの自己紹介に野次が飛んだり茶々が入って盛り上がる、ということが発生したのでした。

　この講義を通して、ただ運動をするというだけでも、頭を使う余地があるということが実感できました。運動1つとっても頭を使い、合理的に体を動かそうという姿勢に東大らしさを感じました。

　東大では「全学自由研究ゼミナール」という区分の授業が開講されています。この区分では文理に分けることのできない科目や産学連携をテーマにした授業など、バラエティあふれる授業が展開されています。
■実は東京ドーム約7000個分の土地を持っている

　森林環境資源学

　東京大学の保有する土地の面積は、約3億2600万平方メートル、東京ドームに換算すると約6969個分にあたるそうです。このうち、駒場キャンパスが約35万平方メートル、本郷キャンパスが約55万平方メートルなので、東大の保有する土地の大半が「キャンパス以外」であることがお分かりいただけるでしょうか。

　実は東大は、北海道や山梨、静岡など7カ所に、広大な森林を演習林として保有しているのです。東大の総面積の99％が演習林だと言われています。

　東大の授業の中には、実際にこの演習林に赴き、自然の中でフィールドワークを行うものがあります。「森林環境資源学」もその1つです。教室で森林環境の保全に関する講義を受講し、それから1泊2日のフィールドワークに参加して、教授を交えてディスカッションを行います。

　授業の流れとして、まず普通の科目と同じように、教室で全8回の講義が行われます。森林がどのように形成されたのか、経済・経営という観点から見た森林、資源という観点から見た森林、防災という観点から見た森林……というように、森林がどれだけ多様な側面を持ち、自分たちの暮らしと密接に関わってきたのかを学びました。森林を取り巻く行政施策や法制度まで学び、改めて「森林」という存在を捉え直す時間となりました。

■東大が求める人材

　この授業で、普段目にしている自然環境に対しての無知を痛感させられました。まず、森という存在がどれだけ日本という国土の保全のために必要なのかということ。ただ木が生えている場所というわけではなく、その森があるおかげで、洪水や土砂崩れが防がれているかもしれないのです。そしてそれが今とても危機的な状態になってしまっている、というのは衝撃的でした。

　そして、この授業の最大の特徴はやはり、実際に東大の演習林でのフィールドワークです。フィールドワーク先と日程は複数用意されており、それぞれ定員が決められていましたが、筆者は千葉県の鴨川にある演習林で、森が健康か不健康かを調査することになりました。

　実際に森を歩き、森林内の明るさ・下草の種類などを調べ、健康指数を算出したのです。普段目にしている森が、もしかしたらすごく不健康な状態なのかもしれない、ということを実感して、とても恐ろしくなった記憶があります。

　レポート課題では、「石木ダム」という佐世保市のダムの建設に対しての意見を述べよ、という問いが出されました。石木ダムは建設についての反対意見もあり、この授業内容を踏まえて賛成か反対かしっかりと考えよ、ということです。

　ダム建設についての議論はニュースでよく聞きましたが、それに対して自分で考えて答えを出すというのは新鮮で、東大の授業は社会問題への自分なりの考えを導ける人を求めているんだ、と感じました。
■なぜ屋久島、白神山地は世界遺産なのか

　その上で自分は、「本当に100年に一度の水害に、石木ダムでしか対応できないのか」という議論をレポートで書きました。「100年に一度」という表現は、2015年9月に鬼怒川が決壊した時のもので、その際にも「100年に一度の洪水に耐えるダムではなかったのか」という批判がありました。100年に一度というのは、「1年のうちに発生する確率が1％の大雨」という意味であり、20年間のうちにその大雨がある確率は約20％となります。

　100年に一度の洪水に対応できるダムを建設することは難しい。それでも未曾有の災害が発生すれば国は批判される。このようなリスクマネジメントの点をどのように捉えるのかによって、物事の捉え方は大きく変わってくる――そういうレポートを書きました。

　この授業で学べることを一言でいうと、「森にも健康な状態と不健康な状態があり、日本の森林は、かなり不健康な場所が多くなっている」ということでした。

　そもそも今日本にある森のほとんど、99％以上は、人工林です。どこかのタイミングで人が植えた森ばかりで、手が入っていない森、つまり原生林はほとんど存在しません。逆にとても珍しいことから、屋久島や白神山地などは世界遺産になっています。

■意外なところで起きている高齢化

　そして人工林は放っておいてはいけません。きちんと手入れをすることが求められます。この手入れのことを「間伐」といいます。木と木の距離を一定に保ち、太陽光がしっかり均等に森に入るようにしなければなりません。逆にこの間伐をしないと、木々が密集して過密になってしまい、下にあまり光が当たらない、暗い森になってしまいます。

　この暗い森は、森として「不健康」だと言えます。木々が密集して過密な状態になってしまい、どの木にも栄養が回らず、強い風が吹いたりすると一気に倒れてしまうかもしれません。そしてこれは、別の問題を発生させてしまう可能性があります。

　森は「緑のダム」と呼ばれるように、保水力がとても高いです。雨が降った時に、森の下の地面には水が溜まりやすいのです。だからこそ、この森が不健康だと、大雨が降った時に洪水が発生してしまったり、地面の土が流されて土砂崩れが起こってしまったりする可能性も高くなってしまうわけです。

　しかし現在、森林を管理する人も高齢化してきており、そのせいで森林がどんどん不健康になっています。日本という国がこれからどのように森林を管理していくかは、実はとても重要な観点になってくるということを、この授業から学びました。



----------
東大カルペ・ディエム
東大生集団
2020年6月、西岡壱誠が代表として株式会社カルペ・ディエムを設立。西岡を中心に、貧困家庭で週3日バイトしながら合格した東大生や地方公立高校で東大模試1位になった東大生など、多くの「逆転合格」をした現役東大生が集い、日々教育業界の革新のために活動している。漫画『ドラゴン桜2』（講談社）の編集、TBSドラマ日曜劇場『ドラゴン桜』の監修などを務めるほか、東大生300人以上を調査し、多くの画期的な勉強法を創出した。そのほか「リアルドラゴン桜プロジェクト」と題した教育プログラムを中心に、全国20校以上でワークショップや講演会を実施。年間1000人以上の学生に勉強法を教えている。
----------
東大生集団 東大カルペ・ディエム",[],[]
2020年代終盤には「死んだ人が生きているようなAIアバター」がつくれる…AI研究の世界的権威が明かす未来予測（プレジデントオンライン）,https://news.yahoo.co.jp/articles/977627c12087dfe62ee40a03d33b7e9d13db5c79,https://newsatcl-pctr.c.yimg.jp/t/amd-img/20250321-00093016-president-000-1-view.jpg?exp=10800,2025-03-21T16:17:18+09:00,2025-03-21T16:17:18+09:00,プレジデントオンライン,president,プレジデントオンライン,4750,"※写真はイメージです - 写真＝iStock.com／imaginima
仕事の視野を広げるには読書が一番だ。書籍のハイライトを3000字で紹介するサービス「SERENDIP」から、プレジデントオンライン向けの特選記事を紹介しよう。今回取り上げるのはレイ・カーツワイル著、高橋則明訳『シンギュラリティはより近く』(NHK出版)――。
【この記事の画像を見る】
■イントロダクション

　AIをはじめとするテクノロジーの進化が語られる際に「シンギュラリティ」が言及されることが多い。未来学者レイ・カーツワイル氏が約20年前の著書で2045年頃に訪れると予測した、人間が生物学的限界を超える、これまでのルールが適用できない世界への転換点を指す言葉だ。

　その到来がいよいよ現実味を帯びている。

　本書では、2005年刊行の『シンギュラリティは近い』(NHK出版、紙版書籍邦題は『ポスト・ヒューマン誕生』)の著者が、シンギュラリティ到来の兆しともいえる技術進歩の現状と可能性を、汎用人工知能(AGI)、脳とAIの融合、ナノロボットの活用、寿命延長技術などのテーマで、最新の研究成果や理論を踏まえて論じている。

　著者の考えるシンギュラリティの中核にあるのは、ナノスケールのデバイスを使って脳とAIをつなぎ、人間の知能を指数関数的に拡張することだという。

　著者はAI研究開発の世界的権威。Googleで機械学習と自然言語処理の研究を率い、現在は同社の主任研究員兼AIビジョナリー。MIT在学中に起業して以来、音楽シンセサイザー「Kurzweil K250」など数々の発明品を世に送り出してきた。

----------
1.人類は六つのステージのどこにいるのか？
2.知能をつくり直す
3.私は誰？
4.生活は指数関数的に向上する
5.仕事の未来:良くなるか悪くなるか？
6.今後30年の健康と幸福
7.危険
8.カサンドラとの対話
----------

■今はシンギュラリティに向けた「変化のピーク」

　「シンギュラリティ(特異点)」は、数学と物理学で使われる言葉で、他と同じようなルールが適用できなくなる点を意味する。私がシンギュラリティの隠喩を使ったのは、現在の人間の知能ではこの急激な変化を理解できないことを示すためだ。だが、変化が進むにつれ人間の認知能力は増強されるので、対応できるようになる。

　前著の『シンギュラリティは近い』のなかで私は、長期トレンドからシンギュラリティは2045年頃に起こると予測した。当時の日常生活とかけ離れたこの予測は、楽観的すぎるとの批判も受けた。だが、それから注目すべきことが起きている。進歩は加速しつづけたのだ。アルゴリズムに関するイノベーションとビッグデータの登場により、AIは専門家の予想すら超える速さで驚くべきブレイクスルーをなし遂げた。

　これまでシンギュラリティは約20年前に私が予想したとおりに進んでいる。『シンギュラリティは近い』の序文で、私たちは「この変化の初期ステージにいる」と書いたが、今は変化のピークにさしかかっている。

　これからの10年で人々は、まるで人間のように思えるAIとかかわるようになり、今のスマートフォンが日常生活に与えるのと同じくらいの影響を単純なブレイン・コンピュータ・インターフェース(BCI=脳とコンピュータを接続すること)が与えることになるだろう。
■極小の「ナノロボット」を血流を通じて脳に入れる

　最終的にBCIは、ナノスケールの電極を、血流を通じて脳に入れるなどの非侵襲的な方法が基本となるだろう。人間の脳をシミュレートするのに実用的なインターフェースは数百万から数千万の同時接続があればいいと見積もっている。

　2030年代のどこかで、私たちは「ナノロボット」と呼ばれる極小の装置を使って、この目標を達成するだろう。この小さな電子装置は、私たちの大脳新皮質の上の層とクラウドコンピュータとを接続させることで、私たちのニューロンとオンライン上にあるシミュレートされたニューロンとを直接に結ぶ。

　バーチャルの脳は無制限に拡張することができる。(計算論的には)層を積みあげて、それまで以上に洗練された認知能力を得ることができるのだ。

　私たちの脳は頭蓋骨という筐体から解放され、回路基板によって生物学的組織よりも数百万倍も速く情報を処理できるようになるので、知能は指数関数的に成長し、今の数百万倍にまで拡張する。これが私の定義するシンギュラリティの中核なのだ。

■脳のデジタルコピーにより「あなた2号」が誕生する

　AIが独立した多くのアルゴリズムで構成されているように、人間の脳も別個の意志決定ユニットを複数もつことを示唆する医学的証拠は増えている。私の師であるマーヴィン・ミンスキーは先見の明にすぐれていて、脳はひとつのまとまった意志決定機械ではなく、神経組織の複雑なネットワークであり、決断しようと思うときに各部分が異なる選択肢を推薦しているかもしれないと考えていた。

　ここから刺激的なひとつの問いが出てくる。もしも意識とアイデンティティが、頭蓋骨の中にある多くの明確な情報処理構造に広がっている(たとえ物理的に接続されていない構造でも)のならば、それらの構造が頭蓋骨の中と外に離れているときには、どうなるのだろうか？

　先進テクノロジーを利用して、あなたの脳のある部分を調べて、その小さな部分の正確なデジタルコピーをつくるとしよう。それに追加して、あなたの脳の別の部分をコピーしてみる。さらに別の部分のコピーと続けていく。このプロセスの最後には、あなたの脳全部をコンピュータで表した完全な複製ができる。それはあなたの脳とまったく同じ情報をもち、同じように機能する。

　ではこの「あなた2号」は意識をもつのだろうか？　あなた2号はあなたとまったく同じ経験をもっているし(あなたの記憶を共有しているから)、あなたと同じようにふるまう。意識をもった存在の電子的なバージョンを完全に禁止しないかぎり、答えはイエスになる。
■「あなた2号」は「あなた」なのか？

　では、あなた2号はあなたなのか？　実験が成功すると、あなた2号は単独で行動できるので、それは「あなた」から離れて異なる方向に進み、みずからの記憶をつくり、異なる経験に反応する。だから、あなたのアイデンティティが、あなたの脳内における特定の情報の配列にあるかぎり、あなた2号がたとえ意識をもったとしても、それはあなたではないのだ。

　では次の思考実験に入ろう。あなたの脳を一区画ずつデジタルのコピーに置きかえていく。残っている脳とデジタルコピーは、BCIで接続する。そこにいるのは、あなたとあなた2号ではなく、あなただけだ。そのように置きかえられた新しいあなたはまだあなたなのか？

　このシナリオでは、あなたの主観的意識が維持されると信ずる強い理由がある。実際のところ、現在きわめて限られた方法ながら、一定条件の脳でこれを実行している。2000年代以降、科学者は、脳に構造的な損傷や機能不全がある人を助けるための脳の人工装具を開発してきた。たとえば、現在では記憶力に問題がある患者の脳に入れて、一定程度海馬の役割をする装具がある。

　脳は驚くべき適応力をもっている。ハイブリッドになったあなたの脳は、あなたを定義する情報のパターンをまったく変えることなく維持する。

■故人をリアルに再現する「レプリカント」がつくれる

　私たちはすでにデジタルの活動を通して、自分がどのように考え、何を感じているか膨大な記録をつくっている。そして、これからの10年で情報を記録し、保存し、整理するテクノロジーは急速に進歩するだろう。2020年代が終わりに近づくときに、このデータを利用して、具体的なパーソナリティをもつ人間をリアルに再現する非生物的シミュレーションをつくれるようになるはずだ。

　2023年時点でもAIは人間をまねることがどんどんうまくなっている。AIはすでに特定の個人の文章をまね、声を再現し、動画の中にその人の顔を移植することもできる。

　私たちがつくることのできるAIアバターのひとつのタイプは、〈レプリカント〉と呼ぶもので、見た目、言動、記憶、スキルは故人のもので、私が「アフターライフ」と呼ぶ状況下で生きている。

　2020年代の終わりには先進AIが、生きているようなレプリカントを生成できるようになるだろう。ソースとするのは、故人に関する数千枚の写真や数百時間の動画、数百万語に及ぶテキストチャットの単語、興味や習慣などのくわしいデータ、故人を覚えている人々へのインタビューだ。
■2030年代後半にはリアルな肉体を持つことも可能に

　ほとんどの場合、レプリカントの体は仮想現実(VR)か拡張現実(AR)上に存在することになるが、2030年代後半にはナノテクノロジーを利用して、実際にリアルな肉体をもつことも可能になるだろう。2023年時点で、この方向の進歩はごく初期にすぎないが、すでに注目すべき研究は進んでいて、それが基礎となり次の10年に大きなブレイクスルーが起きるだろう。

　最終的なレプリカントは、元の人間のDNAから培養した生物学的肉体に、人工頭脳学で強化した脳を収納したものになるかもしれない。そしてナノテクノロジーが分子スケールのエンジニアリングを可能にしたときには、生物学が許す以上の進んだ人工的な肉体をつくれるようになる。

　2040年代はじめには、ナノロボットが生きている人間の脳の中に入って、その人の記憶やパーソナリティを形成するデータすべてをコピーできるようになるだろう。「あなた2号」の登場だ。

　ここから先の実際的なゴールは、コンピュータと脳を効果的に結合させる方法を見つけ、脳がどのように情報を表しているのかそのコードを解読することだ。これは大いなる挑戦だが、2030年代の超知能AIツールが、今は手が届かないように見える多くのことを達成可能にしてくれるだろう。

■コメントby SERENDIP

　カーツワイル氏は本書で、驚くべき最新技術とその可能性を紹介しつつ、それらが実現する時の社会の混乱やリスクについても、「危険」と題する一章を割いて論じている。悪意を持った者がナノロボットを使って、誰かの脳に侵入しコントロールする危険性などは、当然考えられる。カーツワイル氏は「これらの進歩がもたらす科学的、倫理的、社会的、政治的課題に対処することができれば、2045年までに地球上の生命はよい方向に大きく変容するだろう」と述べている。例えば、死亡事故の可能性がある自動車を使わないという方向で、これまでの文明社会は進んでこなかった。リスクと利便性のトレードオフについて、われわれ一人ひとりが考えていかなければならないのではないか。



----------
書籍ダイジェストサービス「SERENDIP」
ビジネスから教養まで、厳選した書籍のハイライトを10分程度で読めるダイジェストにして配信する書籍ダイジェストサービス「SERENDIP」。国内の書籍だけではなく、まだ日本で翻訳出版されていない、海外で話題の書籍も毎週日本語のダイジェストにして配信。（毎週、国内書籍3本、海外書籍1本）上場企業のエグゼクティブなどビジネスリーダーが視野を広げるツールとして利用しています。
----------
書籍ダイジェストサービス「SERENDIP」",[],[]
男女でまったく違う…元銀座ホステスNo.1の結婚相談所主宰者「自分をよく見せるプロフィールの最適解」（プレジデントオンライン）,https://news.yahoo.co.jp/articles/09a0b14a23f37a71d9b365a5b89f9f0669d80046,https://newsatcl-pctr.c.yimg.jp/t/amd-img/20250321-00093106-president-000-1-view.jpg?exp=10800,2025-03-21T16:17:13+09:00,2025-03-21T16:17:13+09:00,プレジデントオンライン,president,プレジデントオンライン,6530,"※写真はイメージです - 写真＝iStock.com／kazuma seki
人生後半を一人で迎えないためには、今のパートナーとよい関係を築くか、新しいパートナーを見つけるしかない。その術を、結婚相談所「エースブライダル」主宰の関口美奈子氏に聞いた――。
【図表】「夫婦関係のマンネリ化」を打破する3つの方法
■「夫婦関係を取り戻す」妻・夫に感謝…熟年によるマンネリを打破する3つの方法

　照れくさいが高効果「カウンセラーごっこ」

　恋の賞味期限はわずか3年――。結婚相談所の運営者として、数万人にわたる男女の恋愛模様を見てきた私の経験則です。この持論には裏付けがあり、心理学では恋仲になって3年が経過すると、情熱的な感情が落ち着き、気持ちが冷めてしまうフェーズに移行します。生物学的にも、年齢を重ねるにつれ、男性は男性ホルモンが減少し、女性は女性ホルモンが減少する。つまり男女の性差が薄れていくため、異性にトキメキを感じにくくなってしまうのです。特に、年齢を重ねると、男女ともに更年期障害でホルモンバランスが崩れやすくなり、些細なことでパートナーに苛立ってしまう機会も増えてしまいがちです。

　このように夫婦生活が冷え切ってしまうのは、ある意味仕方ない側面もあるため、お互いがパートナーシップを更新する努力が必要です。「これまで仕事や子育てで家庭に貢献してきた」「結婚生活も長いから安泰だろう」というおごりが、水面下でマンネリを深刻化させてしまいます。

　かつて私が銀座のホステスだったとき、それまで奥様一筋だった男性が、定年後にお店に入り浸る光景を多々見てきました。そうした男性は決まって「長年妻を支えてきたから(だからハメを外してもいいだろう)」と自分を正当化しがちでした。これはあくまでも一例ですが、人間は何かと自分に言い訳をして楽なほうへ逃げてしまうものです。

　長年続いた夫婦関係においても、パートナーとの関係を見つめ直すのは面倒だからと先延ばしにすると、細かい不満やすれ違いが蓄積して修復できなくなってしまうでしょう。マンネリに拍車がかかり、孤独な老後を送らないためにも、パートナーシップを再考してみましょう。

　では、具体的にどうすればマンネリが解消されるのか。私のおすすめは「カウンセラーごっこ」です。日本ではまだ馴染みが薄いものの、海外では「夫婦カウンセリング(カップルセラピー)」という習慣が一般化しています。これは文字通り、夫婦でカウンセリングに通い、パートナー間の関係改善を目指す取り組みです。

　夫婦間には、育児や金銭面、家庭での役割分担、親族関係、セックスをはじめとするコミュニケーションなど、あらゆる問題がついて回ります。こうした諸問題についてどう向き合っていけばいいのか、双方の価値観を擦り合わせるのは自然なことです。いまではネットやYouTubeで検索をかければ、専門的なノウハウが出てくるので、片方がカウンセラー役に回り、もう片方が患者役に回って、お互いの不満や悩みの種を引き出してみましょう。

　とはいえ、専門的な知識を極めようと構える必要はありません。あくまでも重要なのは、お互いの話を聞く習慣を設けることです。先ほどの話ではないですが、男性が水商売の女性にハマってしまうのは、自分の愚痴や自慢話を聞いてもらい、承認欲求が満たされる側面が大きいのです。
■相手を傷つけたら3倍にして返すこと

　男性はいくつになってもヒーロー扱いされて、女性に褒めてもらいたい生き物です。同じように女性も、話を聞いてもらい、お姫様のように特別扱いされたいものです。いわばカウンセラーやホステスの聞き役をお互いが担えば、夫婦の溝は自然と埋まり、浮気の芽を摘むことにもつながります。照れくさいかとは思いますが、カウンセラーごっこという口実を設けることで、少しは障壁も取り除けるはずです。

　カウンセラーごっこのコツは、たとえ相手の話に反論したくなっても、まずは傾聴することです。せっかく相手が普段言いづらいことを打ち明けてくれた際に、その内容を否定してしまうと、かえって心を閉ざしてしまいます。パートナーに気分を高めてもらうには、相手の主張を受け入れて、心理的安全性を高めることが必要不可欠です。

　傾聴する習慣がつくことで、自分自身もパートナーへの許容範囲が大きくなり、これまで気づいていなかった厚意にも感謝できるはずです。例えば、夫が食器を洗ってくれたときに汚れが残っていても、家事を手伝ってくれた行為を喜ばしく思える。あるいは、妻から休日に育児を任されても、平日に面倒を見てくれたことに感謝できる。カウンセラーごっこを通して、相手への配慮を持つことで、ありがた迷惑でも愛らしく思えるようになり、自然と夫婦間のすれ違いもなくなるでしょう。

　もし仮に、相手の厚意を無下にしてしまったら、その際は“3倍返し”でフォローしましょう。喧嘩した場合であれば、タイミングを変えて3回謝る。または謝るに加えて家事を手伝うなどを心がけましょう。電車でお年寄りに席を譲った際、「年寄り扱いするな」と怒られた経験はあるでしょうか。せっかくの善意を断られると、萎縮してほかのお年寄りにも席を譲りづらくなるものです。夫婦間においても相手に萎縮してしまうと善意を施しづらくなります。よって、喧嘩の後のアフターケアは充分すぎるほど行いましょう。

　マンネリの解消は、相互的にパートナーの話を傾聴する習慣を設けること。そうすれば、伴侶のガス抜きにつながり、自身も心の余裕が生まれ、相手からの善意にも気づきやすくなる。メリットが目白押しで、自然と信頼関係は強固になっていくのです。
■「新パートナーを探す」初婚率1％未満の中年でも異性と出会える、とっておきの方法

　50代女性の初婚率はたったの「0.13％」

　「いざ50代を迎えると自分のためだけに生きる生活が虚しくて……」

　私が運営する結婚相談所には、そう心境を吐露する50代が数多く訪れます。30〜40代は、仕事や趣味で満足していたものの、年齢を重ねるにつれ孤独が募るのが人間の性です。

　とはいえ、50代からの婚活はデータ的に厳しい傾向にあります。「国立社会保障・人口問題研究所」が2022年に発表したデータによれば、50代の初婚率は男女ともに1％を下回り、55〜59歳の女性は0.13％。婚活という言葉も市民権を得て、ここ数年で結婚相談所に登録する20代も急増し、競争は激しくなっている状況にあります。

　ゆえに50代の婚活は高望みしないことです。ただ、現実を見ると、男性は20〜30代の女性にアプローチしがちで、女性も収入や外見などスペックを妥協できないケースが目立ちます。

----------
・男性は30代前半の場合は年収300万円でも成婚しやすい傾向にあるが、50代以降は年収1000万円以上ないと成婚しやすい部類に入らない
・女性は容姿や年齢で見定められるため、年齢を重ねるほど不利になる
・高齢の婚活は同世代が成婚しやすい
----------

　この3点を念頭に入れましょう。

　50代では初婚率が1％未満ということを考えれば、出会いの入り口は広げておくに越したことはありません。まずは成婚率が格段に上がる結婚相談所に登録しつつ、マッチングアプリや友人からの紹介など、あらゆる場所にアンテナを張っておきましょう。

　そのなかでも、出会いの手段として最適なのが、友人や同僚からの紹介です。50代となると残された時間も短いため、イチから関係性を築いていくより、素性を熟知する知人からの紹介が効率的だからです。それに50代が年下世代に交ざって婚活市場に飛び込むと、“残り物”という引け目も感じがちです。自然かつ主体的に婚活を続けていくためにも、恥ずかしがらず結婚願望を表に出し、どんどん周りに頼っていきましょう。出会いのツールが多岐にわたる現代でも、強力なのはアナログな手段です。

　マッチングアプリは、登録者の年代が幅広い「ペアーズ」と、遊び目的が少ない「マリッシュ」がおすすめです。ただし、マッチングアプリは男性の登録者数が圧倒的に多いため、男性は苦戦を強いられがちです。逆に女性は、数的優位からスペックの高い人とマッチしてしまい、ゆえに妥協できなくなることで婚期を逃してしまう懸念を忘れないでください。

　婚活パーティは、個人個人でゆっくり話す時間も少ないため、なかなかその場で発展するのは難しいでしょう。なかには結婚相談所が会員獲得のために婚活パーティを主催していることも多く、それなら初めから結婚相談所に入会したほうが効率的です。

　また、習い事やボランティアは、必然的に結婚を望んでいる人の割合が低くなります。もちろん趣味や慈善活動の延長線上として、コミュニティで知り合った人と仲睦まじくなるのが理想ですが、なかなか効率は悪いです。焦りゆえに下心が透けてしまうと、周りから敬遠されてしまう可能性もあると考えられます。

　いまでは異性との出会いの方法も幅広くなりました。それぞれの傾向を捉えながら、可能な限り出会いを広げていくのが結婚への近道です。
■「第一印象で弾かれない」自分をよく見せるプロフィールの最適解は男女でまったく違う

　男性は淡々と書きがち・女性は過度に盛り込みがち

　結婚相談所やマッチングアプリにおいて、異性への第一印象を決めるのはプロフィール写真です。

　そのポイントは「3割増し」です。過度に加工が施せるアプリに頼るのは禁物で、プロのカメラマンに撮影してもらうのがベスト。基本的には結婚相談所と提携している写真スタジオを探すか、安価に抑えたければ「タイムチケット」というサイトで、マッチングアプリに特化したカメラマンに発注するのがよいでしょう。

　それから、プロフィール文は異性から好感を得られる書き方が男女で真逆です。男性は淡々と基本項目を羅列し、堅苦しさや圧迫感を与えがちなので、女性が突っ込みたくなるようなアレンジをしましょう。

　具体的には、職業に加えて「どこにやりがいを感じているか」と前向きな動機をアピールしたり、趣味なら「どういう経緯でハマったのか」を加筆したりと、内面がにじみ出る内容を意識してください。そうすると女性からも会話を振りやすく、親密になる確率も高まります。

　一方で、女性は背伸びしたような内容は書かず、素朴なスタンスを貫いてください。よくある悪例が、充実感をアピールしようと、趣味に海外旅行やワインなどと書くことです。男性は「お金がかかりそう」と敬遠してしまうでしょう。

　前述したように、男性が女性を選ぶ判断基準は、大部分が年齢や外見に集約されます。内面で得点を重ねようとしても、かえってボロが出てしまう可能性があるのです。

　マッチングが成立して、ファーストコンタクトを終えたら、続く関門はメッセージのやり取りです。まだ親睦が深まっていない段階で意識するのは、とにかく相手に合わせることです。たとえば、LINEのメッセージが2行で来たら2行で返すなど。文章量や返信速度、絵文字の有無、テンションなどをとにかく寄せることで、相手は「この人とは相性や波長が合うのでは」と感じてくれます。

　そして、相手からの返信が続いたら、1週間以内に会う約束を取り付けましょう。あくまでも50代以降の婚活は、積極的に会って距離を縮め、結婚することが目的です。結婚相談所では、マッチングが成立してから、1週間おきにデートを重ねると成婚率が上がります。逆にそれ以上間が空いてしまうと、成婚率は急激に低下してしまうのです。

　特に50代以降の方からすれば、ダラダラ時間をかけるのはお互いに負担になります。初めて会ったときの熱が冷める前にアプローチを続けて、見込みがなければすぐ乗り換えるのが人生後半における婚活の鉄則です。
■「余裕ある大人の恋愛術」財力のある中年だからこそ絶対にやってはいけないことがある

　男性は比較されたい・女性は比較されたくない

　ある程度、異性との関係性を築けたとして、そこからさらに親密になるにはどうすればいいのか。ここからの話は、未婚、既婚関係なく参考にしてもらえたら幸いです。

　50代以降の男女が、異性から魅力的に映るために心がけてほしいのは、「財力や権威を誇示しない」ことです。高所得で私生活が充実している同性には憧れを抱きがちです。ただ、これが異性となると話は別です。いわゆるオラオラ系のように、服装や言動など主張が激しいタイプの男性は、女性には高圧的でネガティブな印象を持たれがちです。

　昔から「女性は強い男性に憧れる」という通説はありますが、体現できるのは限られた一部であると男性は心に留めておきましょう。同様に、バリキャリで煌びやかな女性は、同性から支持されますが、男性からしたらやはり「お金がかかりそうな女性」です。

　しかも、50代以降で自己顕示欲を前面に出す方は、プライドや理想が高く、視野が狭くなる傾向にあります。男性なら一方的に自慢話や愚痴を喋り、女性なら恋愛がうまくいかないことでヒステリックになりがち。特に結婚相談所では、マッチングする機会が豊富なことにあぐらをかいて、「相手が悪い」と他責思考に陥りやすいです。次第に、恋愛がうまくいかないことにも慣れて、「いつか結婚できたらいい」と散漫になってしまいます。相手側からも、闇雲に婚活しているように映り、見苦しく思われてしまいます。

　逆に、余裕や落ち着きがある人は異性から魅力的に映ります。こうした印象は、変に肩肘を張らず、素朴に振る舞うことで自然と醸成されると考えています。年齢や身の程をわきまえ、恋愛以外の趣味を持ち、投資や貯金などで人生設計を組み立てている人が、結局は選ばれやすいのです。

　会話でも同じです。自分のことを聞かれたら、聞かれたことをそのまま返して、次に相手に質問を投げかける。プロフィール文や趣味を起点に、自分の価値観を伝えて、同じ話題を相手にも振ってあげれば、自然とやり取りも盛り上がります。こうした振る舞いは当たり前のように思えますが、50代以降は当然のことをできているか否かで見限られないかどうか、もしくは関係が安定するかどうかが分かれるのです。

　加えて、より魅力的に映るモテの極意をお教えします。「男性は比較されたい」「女性は比較されたくない」という性質を生かしたアプローチです。生物学的に見ても、男性は他の同性よりモテていたい、女性は一人の人から満たされたいという欲求を抱えています。

　そこで、女性は「いままでこんな男性いなかった」と持ち上げてみたり、男性なら2人きりでデートしたときの思い出を話したりするなど、節々に特別感を抱かせる内容を織り交ぜてみましょう。そこでグッと距離感が縮まり、相手からの信頼も高まるはずです。

　人は、恋愛を通し、誰かに必要とされることで、自信や活力が生まれます。しかし、人生後半は仕事を辞めるなど誰かに必要とされる機会が著しく減っていきます。だからこそ、夫婦を含めてよきパートナーは必要です。

　50代に突入すると体力や気力はどうしても衰えてきますが、いまこそ恋愛を楽しんで、人生にハリを持たせてみてはいかがでしょうか。

　※本稿は、雑誌『プレジデント』(2025年1月17日号)の一部を再編集したものです。



----------
関口 美奈子（せきぐち・みなこ）
結婚相談所「エースブライダル」主宰
銀座ホステスNo.1時の経験を活かし、婚活男女を結婚へ導いている。『「最初の男」になりたがる男、「最後の女」になりたがる女』（KADOKAWA）など恋愛に関する著書が多数ある。
----------
結婚相談所「エースブライダル」主宰 関口 美奈子 構成＝佐藤 隼秀",[],[]
「駅前出店」はもはや最強カードでも何でもない…イトーヨーカドーが閉店ラッシュに追い込まれた当然の理由（プレジデントオンライン）,https://news.yahoo.co.jp/articles/91515ab24707bc46efda00654b652f40424a9339,https://newsatcl-pctr.c.yimg.jp/t/amd-img/20250321-00092365-president-000-2-view.jpg?exp=10800,2025-03-21T09:32:21+09:00,2025-03-21T11:51:54+09:00,プレジデントオンライン,president,プレジデントオンライン,3313,"2024年5月6日に閉店した、JR福島駅西口のイトーヨーカドー福島店（撮影＝2024年5月8日） - 写真提供＝共同通信社
十数カ所に及ぶ店舗の閉鎖、セブン＆アイ・ホールディングスからの事業分離。イトーヨーカドーの栄光はなぜ失われたのか。チェーンストア研究家・ライターの谷頭和希さんは、「商業の中心地が駅前から郊外のロードサイドに移り変わり、『駅前出店』に集中してきたヨーカドーは苦しい局面に立たされた」と指摘する――。
【写真】在りし日のイトーヨーカドー福島店
※本稿は、谷頭和希『ニセコ化するニッポン』(KADOKAWA)の一部を再編集したものです。

■苦境に陥った総合スーパーマーケット

　総合スーパーマーケット(GMS)という業態が、現在、苦境に陥っている。というか、もはや「過去のもの」になりつつある。GMSとは食料品や日用品をはじめ、衣料品・実用品などを総合的に幅広く取りそろえる小売業態のことを指す。「スーパーマーケット」といって思い浮かべる業態全般をイメージしていただければいいのではないかと思う。

　かつて、代表的なGMSとされた、「ダイエー」「ジャスコ」「イトーヨーカドー」のうち、「ダイエー」は経営破綻、「ジャスコ」はどんどんと「イオン」に鞍替えして、ショッピングモールの運営を行うようになり、「イトーヨーカドー」もこれから説明するようにかなりマズい状況に陥っている。

　ここで具体的に見ていくのは「イトーヨーカドー」だ。このGMSは、2024年の春頃から、北海道と東北、信越にある全17店舗を順次閉店することを明らかにした。さらに、ヨーカドーの親会社で、セブン‐イレブンを運営する「セブン＆アイ・ホールディングス」が2027年度を目処に、ヨーカドーをはじめとするスーパーマーケット事業を分離することを発表。セブン‐イレブンなどのコンビニ事業に力を入れるらしいが、「ヨーカドーはヨーカドーでがんばってね！」と切り捨てられたようなものである。

　イトーヨーカドーの苦境は、いったい何に由来しているのか。その歴史を駆け足で見ながら、「選択と集中の失敗」例であるヨーカドーの状況を見ていきたい。
■「モノ」なき時代の申し子

　ヨーカドーの前身である「羊華堂洋品店」は1920年、東京・浅草に誕生している。創業者は吉川敏雄で、後にヨーカドーを立ち上げる伊藤雅俊の叔父にあたる人物。太平洋戦争ののち、この洋品店を引き継ぐ形で、雅俊は足立区・千住で羊華堂の事業を再開する。

　太平洋戦争後の1948年に法人化して、1965年に株式会社・伊藤ヨーカ堂を設立。1971年に、店名をイトーヨーカ堂とする。折しも日本は高度経済成長期の只中にあり、その中でヨーカドーは出店攻勢を続け、大きく営業を拡大していく。1970年代には業務提携に積極的に動き、日本各地のスーパーと手を組む。こうした提携を通して、特に関東、東北、北海道にその店舗を集中させていくやり方で成長を重ねていった。

　こうしたヨーカドーの成長の秘訣は何だったか。

　一つは、ヨーカドーの持つGMSという形態自体が、日本の高度成長期に合致していたことだ。そもそも、総合スーパーが必要とされたのは、まだまだ戦後日本が復興途中でモノの供給量が少なく、一箇所にさまざまな種類の商品が集まっていることに大きな価値があったから。個人で車を所有する人も少なく、今のようにロードサイドを走ってさまざまな店を回ることも出来なかった時代に、「そこに行けばなんでもある」ことが大きな魅力だった。

■「なんでもあるが、買いたいものがない」

　しかし、時代が移り変わり、いわゆる「カテゴリーキラー」と呼ばれる単一商品を扱うチェーンストアなどが多く出店をはじめる。「ヤマダデンキ」をはじめとする家電量販店や、「ユニクロ」をはじめとする衣料品店などがそれらにあたるだろう。商品の質も、それぞれ単一品種に特化しているからそちらの方がよく、当然、人が流れる。

　こうした流れの中で、総合スーパーは「なんでもあるが、買いたいものがない」と揶揄されるまでになってしまう。食品から衣料品、雑貨まで多種多様なものが一つの場所で手に入ることがGMSの強みではあったが、逆にそうした総花的な品揃えが裏目に出たわけである。まさに商品種類における「選択と集中」が適切に行われないがゆえに、GMS自体の苦境がある。
■立地や出店では「選択と集中」をしてきたが…

　もう一つ、ヨーカドーの戦略ミスとして指摘できるのは、立地戦略における「選択」ミス。

　実は、ヨーカドーが拡大を行うことができた背景には、「集中」があったという意見がある。三品和広・三品ゼミ『総合スーパーの興亡』(東洋経済新報社)では、ヨーカドーの立地戦略を「集中のイトーヨーカ堂」と呼んでいる。というのも、ヨーカドーの出店方式は、出店地を慎重に選び、なおかつ近隣地域に多数出店する、いわゆる「ドミナント方式」を選択して、その地域での存在感を高めていたからだ(ちなみに、代表的なドミナント方式は、コンビニ。ファミマが通りを挟んで2軒ある光景を見たことがある人もいるかもしれないが、あれのことだ)。

　特にヨーカドーが狙っていたのが関東圏。現在でも多くの店舗が関東に集結している。かなり客層を「選択」しながら拡大していったのがヨーカドーなのである。

　さらに、イトーヨーカドーの立地は基本的には「駅前出店」を柱としている。駅前の一等地に大きく建物を構え、集客を狙うやり方である。そのため、かつては出店にあたって地元商店街や地域の小売店ともトラブルになるケースが多く、1984年には『イトーヨーカ堂残酷物語』なる書籍(近衛剣吉著、エール出版社)まで出版されたほど。「選択と集中」をしているからこそ、逆に対立構造も生まれたと考えられる。

　つまり、むしろヨーカドーは、きわめて「選択と集中」を徹底的に行っていた企業なのだ。

　しかし、その「選択」が裏目に出た。
■商業の中心地は「ロードサイド」へ

　どうしてヨーカドーの「選択」は裏目に出たのか。時代が移り変わるのだ。商業の中心地が駅前から郊外のロードサイドに移り変わっていったのである。

　イオングループをはじめとするショッピングモールが郊外に建ち始めた。その中には、専門店(「選択」された店たちだ)がテナントとして入り、地方・郊外に住む人々のライフスタイルパターンに、ショッピングモールに車で行くことが組み込まれた。そんな時代において、「駅前出店」が苦しい局面に立たされたわけだ。

　ちなみに、東京科学大学の柳瀬博一がしばしば指摘しているように、日本で車が普及してから現在まで、その総保有台数は右肩上がりで増え続けており、原理上、現在がもっともモータリゼーションが進んでいるといえる(自動車検査登録情報協会のデータによる)。その意味でも、商業の中心地は明確に「ロードサイド」にある。

　ここで起こっているのは「選択と集中」自体が裏目に出てしまった、ということである。

　ここに「ニセコ化」の難しさ・問題点の一つが表れる。「選択と集中」をして、その地域を一種のテーマパークにしたところで、時代におけるさまざまな要因で、「選択」自体が間違ったものになってしまうことがある。つまり、「選択と集中のテーマパーク化」においては、絶えずその方向性を確かめ、それが時代に合致しているのかを見定めることが必要なのである。



----------
谷頭 和希（たにがしら・かずき）
ライター
1997年生まれ。早稲田大学文化構想学部卒業後、早稲田大学教育学術院国語教育専攻に在籍。デイリーポータルZ、オモコロ、サンポーなどのウェブメディアにチェーンストア、テーマパーク、都市についての原稿を執筆。批評観光誌『LOCUST』編集部所属。2017年から2018年に「ゲンロン 佐々木敦 批評再生塾 第三期」に参加し宇川直宏賞を受賞。
----------
ライター 谷頭 和希",[],[]
「彼は毎日テニスをしている」を英語で言うと…日本人が意外とわかっていない英文法「現在形の本当の役割」（プレジデントオンライン）,https://news.yahoo.co.jp/articles/5072052170625ea46a5a3306ad8c68afaa871829,https://newsatcl-pctr.c.yimg.jp/t/amd-img/20250321-00092732-president-000-1-view.jpg?exp=10800,2025-03-21T09:17:27+09:00,2025-03-21T09:17:27+09:00,プレジデントオンライン,president,プレジデントオンライン,3474,"※写真はイメージです - 写真＝iStock.com／PeopleImages
英文法は難しい。スムーズに理解する方法はないのか。マナビメイト代表で最難関中高一貫校の生徒1000人以上に英語を指導してきた渡辺雄太さんは「成り立ちを学ぶことが大切だ。例えば、現在形は現在だけを意味するのではない。その理由は現在形の用法の成り立ちを学ぶことでわかる」という――。
【図表】昔の英語では過去形と現在形でさまざまな意味を表現していた
※本稿は、渡辺雄太『英文法は語源から学べ！』(SBクリエイティブ)の一部を再編集したものです。

■現在形は「幅のある時間」を意味する

　現在形は「現在」だけを意味するのではない。「幅のある時間」を意味し、場合によっては「未来」を意味することもある。こんな説明を聞いたことはありませんか？

　現在形なのに「未来」を意味するとは、一体どういうことでしょう。「未来」を意味するwillとの違いは、一体なんなのでしょう。この説明だけ聞いて納得するのは、難しいのではないでしょうか。

　なぜ現在形が「幅のある時間」を意味するのか。なぜ「未来」の意味を持つのか。現在形の用法を成り立ちから見ると、その本質が見えてきます。

■もともとは「現在」「未来」「進行」などを表した

　昔の英語では、「過去」「現在」「未来」などの区分が現代英語ほどハッキリしていませんでした。過去形と現在形でさまざまな意味を表現していたのです。例えば、現在形は「現在」「未来」「進行(進行中の動作など)」といった意味を持っていました。

　現代英語に近づくにつれ、助動詞willや現在進行形などが生まれ、「未来」や「進行」の意味をそれらの表現が担当するようになりました。

　特に注目すべきは、「進行」です。「進行」は「一時的な継続」を示す表現です。詳しくは次節で触れますが、現在進行形be Vingは、「(一時的に)いま〜している」という意味で使用されます。

　I am playing tennis now.
「(一時的に)いまテニスをしている」(一時的な継続)

　「いまテニスをしている」という行為は、短時間の継続です。「ボールを打ち、走って……」という行為は、せいぜい数時間の継続が限界です。「進行」は、「一時的な継続」を表現します。

　現在進行形が「一時的な継続」を担当するようになった結果、現在形に残ったのは「幅のある時間」です。現在進行形が比較的短い時間幅の表現だとすれば、現在形は長い時間幅を持つ表現といえます。

　例えば次の例文を見てください。表面上の日本語は、現在進行形の「テニスをしている」と同じです。ただ、意味が全く異なります。時間幅を持つ「現在の習慣」の意味で使用されています。

　He plays tennis every day.
「彼は毎日テニスをしている」(現在の習慣)

　「今日もやる」「昨日もやった」「明日もやるだろう」と、現在形が「現在」のみならず、「過去」「未来」の意味も含んでいます。現在形は、「現在」を中心に「過去」「未来」に幅を持つ表現なのです。次の例文も同様です。どちらも時間幅を持つ「現在の状態/事実」を述べています。
■「彼は40歳だ」は数カ月〜1年程度の幅を持つ

　He is 40 years old.
「彼は40歳だ」(現在の状態/事実)

　The earth moves around the sun.
「地球は太陽の周りをまわる」(現在の状態/事実)

　「彼は40歳だ」というのは数カ月〜1年程度、「地球は太陽の周りをまわる」は数十億年単位の幅を持った表現です。しかし、「現在」を中心に幅を持つ表現であることには変わりません。このように、文脈次第で現在形の幅の長さは伸び縮みするのです。

　英語で表現する際、現在形と現在進行形で迷ったら、時間幅に意識を向けてください。習慣や状態など、時間に幅があれば現在形を使用します。「いまだけ一時的に」ということであれば、現在進行形の使用が適切です。

■現在形の「未来」は「現在見てわかる未来」

　「過去」「現在」「未来」のどこに意識が置かれるかも重要です。意識が「未来」に傾けば、現在形が「未来」を意味することもあります。現在形の「未来」は、予定表や時刻表、スケジュール帳など、「現在見てわかる未来」に使用されます。手元に予定表などが存在するため、「確定した未来」の意味を帯びます。

　School begins on September 1st.
「学校は9月1日に始まる」(確定した未来)

　The plane departs at 6 p.m. tonight.
「その飛行機は今晩6時に出発する」(確定した未来)

　The movie starts at 8:15 p.m. tonight.
「その映画は今晩8:15に始まる」(確定した未来)

　一方、過去形は「現在」から切り離された「過去」を記述します。時間幅を持つ過去や、1回限りの出来事に使用できます。例えば次の例文を見てください。

　He loved her ten years ago.
「彼は10年前彼女を愛していた」

　「愛していた」と過去形を使用しています。「現在」から切り離されているため、現在の状況は不明です。「現在は愛していない」を意味に含むこともありますが、最後は文脈で決まります。
■現在形のもう1つの意味「点の時間」

　現在形は「幅のある時間」で、「現在の習慣」「現在の状態/事実」「確定した未来」の意味につながるのだ、というお話をしました。実は、現在形は「点の時間」を意味することもあります。現在形が一回きりの瞬間的な動作に用いられることもあるのです。この用法は、「実況的報道」と呼ばれることがあります。

　「実況的報道」は、スポーツ実況や操作手順の説明など、順を追って解説するような場合に好まれます。下記はサッカーの実況中継です。

　Miller passes back to Johnson, nice ball ― and Johnson shoots！
「ミラーがジョンソンにバックパス、ナイスボール ― そしてジョンソンがシュート！」(実況的報道)

　次のような日常会話でも登場します。バスが出現/移動する様子を実況的に描写しています。

　Here comes the bus.
「ほら、バスが来たよ」(実況的報道)

　また、自分の行動を実況的に描写することもあります。「提案」「約束」「助言」「感謝」「謝罪」などの動詞が使用されます。

　We now declare our independence.
「我々はいま独立を宣言する」(実況的報道)

　現在形の「点の時間」は日常表現でもたくさん使われています。ただ、現在形の用法としてはややイレギュラーなものです。まずは「現在形=幅のある時間」という原則を捉え、そこから外れる用法を「その他」と考えるのが、知識整理の上では有効です。



----------
渡辺 雄太（わたなべ・ゆうた）
マナビメイト代表
県立山形南高校を卒業後、1年の浪人を経て東京大学へ進学。大学4年時の夏には、学内プログラムに選抜されUC Berkeley心理学研究室に留学するが、エネルギー企業への就職を選択。国際石油資本や海外の国営企業を相手に、年間数百億円規模のLNG取引の交渉を担当。その後、浪人時代の経験から、教育業界へ身を投じる。以降、首都圏にて、東大／医学部等を志望する最難関中高一貫校の生徒千人以上に英語を指導。そのかたわらで「N先生」のネーミングで『死ぬほどわかる英文法ブログ』を開設し、最高22万PV／月を達成。一般読者からは「理解が深まる」「面白すぎて周りの友人に宣伝した」との声多数。クオリティの高さから、プロ講師の間でもしばしば言及される存在となる。Udemyでは30以上の講座を展開し、その大半がUdemy Business（上位数％の講座）に選出。わずか1年で上位人気講師に名を連ねる。受講者数はのべ8万人を突破。語源やイメージを大切にした講座は、「深いのにわかりやすい」「学生時代に受講したかった」と好評。「N先生」は学生時代の「なべた」というあだ名から。TOEIC満点／英検1級。
----------
マナビメイト代表 渡辺 雄太",[],[]
"仕事ができない人ほど「キリが悪い」と言う…一流社員が「仕事が中途半端」でも""ランチと帰宅""を優先するワケ（プレジデントオンライン）",https://news.yahoo.co.jp/articles/10734a7b4ec2872745dc2611c419fb98b828c0ca,https://newsatcl-pctr.c.yimg.jp/t/amd-img/20250321-00093065-president-000-1-view.jpg?exp=10800,2025-03-21T09:17:22+09:00,2025-03-21T09:17:22+09:00,プレジデントオンライン,president,プレジデントオンライン,3833,"※写真はイメージです - 写真＝iStock.com／mapo
仕事のやる気がでないときは、どうしたらいいのか。『世界は行動経済学でできている』(アスコム)を書いた橋本之克さんは「仕事は“区切りのいいところ”で終わらせてはいけない。休憩や休日に入る前に、心理的な効果を利用した良い方法がある」という――。(第5回)
【図表】「最初から0」と「2個押してある」ポイントカード、最後まで集めたくなるのはどちらか
■“キリよく終わらせる”ことの落とし穴

　みなさんは、1日の仕事を始めるとき、あるいはお昼などの休憩後のタイミングで、すぐに「よしやるぞ！」「今日も(午後も)がんばろう！」というスタートダッシュを切ることができますか？

　また、1日の仕事を終えるとき、あるいはお昼休みなどの休憩を取る直前、「キリのいいところまでやってしまおう」「この作業を終わらせてから帰ろう(あるいは休憩しよう)」と考えたりしないでしょうか？

　行動経済学には、「オヴシアンキーナー効果」という心理効果があります。これは、一度始めたものは未完成で中断したままではなく、完了するまでやりたくなる、コンプリートしたくなるという心理です。みなさんが行う作業が、「一度完結したら、二度とやらずに済むもの」であれば、この心理をうまく使い、勢いをつけて完了まで進めばいいでしょう。

　ところが、日常の仕事や作業は、「一度だけ」「今日だけ」ではなく、毎日、あるいは何週間、何カ月、場合によっては何年も続けて取り組まなければならないものが多くあります。そうなると必ずどこかで「仕事の区切り」が生まれます。

　仕事を区切りの良いところで終わらせて、「午前中の仕事は終わった！」「今日の分の仕事をやりきった！」というスッキリした気持ちで休憩に入ったり帰路についたりすると、気分的にも落ち着きますし、生産性も上がる気がしますよね。しかし、実はここに落とし穴があります。
■「スッキリ感」がその後のやる気を削ぐ

　「キリのいいところまでやった」という状態は、「仕事がいったん終わった」という達成感や解放感につながります。実は、その「スッキリ感」が翌日や休憩後の再スタートを阻んでしまう可能性があるのです。

　いついかなるときでも、スタートダッシュをスムーズに決められる、すぐに切り替えて集中できるという方には無縁な話かもしれませんが、この「なかなか仕事のやる気が出ない」「集中モードに切り替えられない」「休憩気分から抜け出すのに時間がかかる」という問題の解決は、行動経済学にヒントがあります。

　そのヒントとなるのは、「エンダウド・プログレス効果」です。「エンダウド・プログレス効果」とは、ゴールに向かって少しでも前進したと感じると、モチベーションが高まり、進み続けたくなる心理です。

　この心理を理解する、わかりやすい実験をご紹介しましょう。

　南カリフォルニア大学のジョセフ・C・ヌネスらは、一般の洗車場を使って実験を行いました。来場者は、1回の利用で1つのスタンプがもらえます。そこで、次の2種類のスタンプカードのうちどちらかを、それぞれ150人に配布しました。

■スタンプが“先に押してある”と意欲が高まる

----------
A　8個スタンプが貯まれば1回洗車無料になるカード
B　10個スタンプが貯まれば1回洗車無料になるカード(ただし、事前にスタンプが2個押してある)
----------

　つまり、AもBも1回分の洗車無料を獲得するまでの回数は、「8回」で同じです。その後3カ月間で、最後までスタンプを集めた人の割合は、Aが19％だったのに対し、Bは34％と、明らかな違いが生まれました(図表1)。スタート時にスタンプが2個押してあるだけで、スタンプがゼロの状態から始めた場合よりも、集める意欲が高まったことになります。

　カフェやクリーニング店などで、最初からボーナススタンプが押されたポイントカードをもらったことはないでしょうか。

　実質同じ特典であっても、あらかじめスタンプが押してあることで、顧客は「スタンプが2個も無料でもらえた」という心地のいい感情を抱きます。いわゆる「ポジティブアフェクト(前向きなプラスの効果)」が働きます。これにより、スタンプを集めよう=その店やサービスを利用し続けようという意欲が高まるのです。

　また、ゴールが近づいたり、終わりが見えてきたりすると、やる気や行動などに弾みがつくことを「目標勾配効果」と呼びます。これも、同じような効果と言えます。
■進捗がわかると、やる気が出る

　どこまで進んでいるのかが可視化されたとき、思っていたよりも進んでいると感じると、やる気が出てきます。この点を上手に利用しているのが、学習アプリやアンケート、ネット上の会員登録などで使用されている「プログレスバー」です。

　「プログレスバー」とは、タスクやワークの進み具合を可視化して、現在どのあたりにいるのかを示したもの。あと少しで完了だとわかると、そのタスクやワークを最後までやり遂げられる可能性が高まります。

　ネット上の会員登録などでは、項目が多かったりすると、途中で入力するのが面倒になって離脱してしまう顧客がいますが、入力のスタート時点で、以前に入力した名前などが自動的に書き込まれ、プログレスバーが少し進んだ状態になっていれば離脱の可能性は格段に下がるのです。

　「エンダウド・プログレス効果」は、さまざまな場面で「初期の行動を勢いづける」ために活用できます。本記事の冒頭の仕事の例であれば、ちょうどいい切れ目や区切りの良いところで仕事をやめるのではなく、わずかでもいいので次の仕事に取りかかっておくということですね。

■仕事は「中途半端に終わらす」ほうがいい

　「キリのいいところ」ではなく、あえて「中途半端なところ」までやっておくわけです。仕事Aと仕事Bをやらなければいけない場合、仕事Aが終わってすっきりした気分で昼休みに入るのではなく、5分だけでも仕事Bに取りかかってから休憩をしましょう。それだけでまったくのゼロ状態から仕事Bを始めるよりもモチベーションが高まり、休憩から戻ってからもスムーズに仕事に取り組めるというわけです。

　この方法は、1日の終わりにも使えます。明日すべき仕事に少しだけ取りかかっておくことによって、翌日の朝、スムーズなスタートダッシュを決められます。

　次の仕事に取りかかるのが難しい場合は、次回やるべきことを「タスクメモ」的にまとめておくだけでもいいでしょう。あるいは最低限、次の仕事の概要をざっと把握しておくだけでも違いが出るでしょう。

　仕事以外では、例えばスポーツジムや英会話などの習い事でも使えます。最初はやる気まんまんだったのに、だんだん面倒になって腰が重くなり、いつの間にか通うのをやめてしまった……という状態を防ぐためには、その日のレッスンが終わるときに次回の予約をしておくのです。
■継続に必要なのは「次回予告」

　レッスンに通ってもらう企業側の立場であれば、レッスンの最中に「これは次にやるテーマなんですが……」などという形で、次回の内容を「ちょい見せ」しておくといいでしょう。それが次回予約や次回の予定を決める行動につながり、継続して通うモチベーションになります。

　仕事においても、相手先への訪問時などに次回の提案内容を少しだけ話しておいたり、次回の約束を取り付けておいたりすると、関係性を継続していくことにつながるでしょう。

　また、他の人に新たな仕事を頼むときに、最初の作業だけ一緒に行うのも有効です。相手も一人でゼロから始めるより、取りかかりやすくなるでしょう。

　恋愛でも、一度のデートで終了しないためには、「次はここに行ってみようか？　いつにする？」という、関係を途切れさせないような話ができるといいかもしれませんね(もちろん、相手次第ではありますが)。

　テレビなどの連続ドラマの最後で流れる、思わせぶりなシーンばかりの次回予告も、視聴を継続させるための手法です。次につながるような「気になる」ことをつくるのが、継続のためには、とても重要だということです。



----------
橋本 之克（はしもと・ゆきかつ）
マーケティング＆ブランディングディレクター
昭和女子大学現代ビジネス研究所研究員。東京工業大学工学部社会工学科卒業後、大手広告代理店を経て1995年、日本総合研究所入社。1998年、アサツーディ・ケイ入社後、戦略プランナーとして金融・不動産・環境エネルギー業界等多様な業界で顧客獲得業務を実施。2019年、独立。現在は行動経済学を活用したマーケティングやブランディング戦略のコンサルタント、企業研修や講演の講師、著述家として活動中。著書に『9割の人間は行動経済学のカモである　非合理な心をつかみ、合理的に顧客を動かす』『9割の損は行動経済学でサケられる　非合理な行動を避け、幸福な人間に変わる』（ともに経済界）、『世界最前線の研究でわかる! スゴい! 行動経済学』（総合法令出版）、『モノは感情に売れ!』（PHP研究所）などがある。
----------
マーケティング＆ブランディングディレクター 橋本 之克",[],[]
"「元本割れ」より「株価暴落」よりずっと怖い…「新NISAをやらない貯金派」が見落としている""本当のリスク""（プレジデントオンライン）",https://news.yahoo.co.jp/articles/5cd74c5f688f35e79f3c1d0dc666802d96f74a8d,https://newsatcl-pctr.c.yimg.jp/t/amd-img/20250321-00093131-president-000-2-view.jpg?exp=10800,2025-03-21T08:17:29+09:00,2025-03-21T11:41:57+09:00,プレジデントオンライン,president,プレジデントオンライン,4208,"東京証券取引所の日経平均株価を表示する電光掲示板（2025年3月11日、東京都心）。 - 写真＝AFP／時事通信フォト
資産を増やすにはどうしたらいいのか。『月3000円からはじめる新NISA超入門』(アスコム)の著者で、ファイナンシャルプランナーの横山光昭さんは「少額からでいいので、新NISAを活用して積立投資をしてほしい。株価の暴落時でもコツコツ積み立てることで資産は育っていく」という――。
【図表をみる】36歳女性　Hさんの実績
※本稿は、横山光昭『月3000円からはじめる新NISA超入門』(アスコム)の一部を加筆・再編集したものです。

■貯金派だった36歳会社員

　「月3000円投資を始めて4年。気がついたら、プラス110万円になっていました」

　それまでまったくの投資未経験だった都内在住のHさん(36歳・会社員)は、今では資産を大きく増やしプラス110万円に。投資信託で築いた総資産は、約300万円です。

　彼女が投資を始めたのは、新NISAが始まる前、旧NISA(つみたてNISA)制度だった2019年のことです。

　「最初は本に書かれている通り、貯金から少しずつ投資信託に回していきました。とにかくリスクを抑えたかったので、買う投資信託は一番リスクが少ないと言われている全世界型を1つだけ買いました。投資信託の積立設定をしたら、あとはそのまま。年に1回か2回、サイトにログインして、どうなっているかを見る程度です」

　Hさんは、20代から貯めてきた貯金を投資に回すことにし、月1万円ほどの積立から始め、最終的には月3万3000円を積み立ててきました。株価が好調な時期だったことも功を奏し、結果としては、約187万円の投資額が、今では296万円以上に。

　投資信託1本だけを選び、コツコツ積み立てる。この単純な方法で、思ってもいなかったほど成果を出すことができたHさんは、「これだけ増えるとは思っていませんでした。投資を始めるのに迷っていた時間がもったいなかったです。もっと早く始めればよかった」と言います。

■「新NISAをやらない人」の理由ランキング

　新NISAが始まったとはいえ、いまだ多くの人が投資に対して不安や疑問を抱えています。実際に私は、日々多くの家計相談に乗っていますが、「投資は難しい」「投資は怖い」「投資でお金が本当に増えるの？」といった声をよく耳にします。

　また、私が新NISAに関する率直な意見を300人の未経験者にアンケートを取ったところ、投資を始められない理由のランキングは図表2のようになりました。

　さらに、アンケートからは「新NISAならお金が増やせると言われても信じられない」という声も多くみられました。

　突然、新しい制度が始まり、周りが投資に興味を持ち始め、自分だけが取り残されているような不安を感じている方も多いでしょう。今まで投資について考えたこともなかったのに、急に決断を迫られているような気持ちになるかもしれません。
国が新NISAを押せば押すほど、疑心暗鬼になる気持ちもわかります。ですが、その間にHさんはプラス110万円もの利益が。言い換えれば、今、新NISAを始めていない人は、この数年で110万円儲け損ねたことになるのです。

　加えて、今は、まだ110万円の差ですが、10年後20年後には、もっともっと差が開きます。時間が過ぎれば過ぎるほど、儲け損ねたお金は増えていってしまいます。あまりにも、もったいない話ではないでしょうか。

■40代、50代こそ、コスパのいい着実な投資を

　もし、このままのペースでHさんが65歳まで運用を続けた場合をシミュレーションしてみましょう。

----------
29年後のHさんの資産
総資産　約4100万円
投資元本　約1300万円
利益　+約2800万円
----------

　もっとも単純な方法で投資を続けるだけで、これだけの結果がでます。年に数回、気が向いたときに投資状況をチェックする以外、Hさんがやることは一切ありません。

　Hさんが投資に使った時間も考えてみましょう。投資を始める前に書籍を読んだり、迷ったりする時間を除けば、口座開設は、YouTubeを見ながら最短5分〜、投資信託の積立設定も5分〜あれば終わってしまいます。(積立設定は、数クリックで完了します。積立設定というと難しく感じますが、実はアマゾンで買い物をするくらい簡単です)

　これまでどおり、Hさんが投資状況を年に数回チェックするだけなら、生涯で4〜5時間程度しか、時間を割かなくて済むでしょう。現時点では、新NISAを使い、投資信託を積み立てるという投資法以上にコスパのよい方法は見当たりません。たった数時間の手間で数百万円〜数千万円の差が生まれるのです。

■株や暗号資産はハイリスクでコスパが悪い

　もし、株や暗号資産で資産を作ろうとしたら、どうなるでしょうか。

　個別株の取引で利益を上げている人は確かにいますが、彼らは膨大な時間を投じて専門的な知識を身につけ、独自の投資哲学を確立しています。株式投資に人生の大部分を捧げているといっても過言ではありません。まとまった資金を持ち、株式市場を徹底的に研究し、もはや投資家というより専門職といえる存在です。普通のサラリーマンが仕事の合間に個別株取引をしても、こうしたプロの養分になるだけでしょう。

　また「トランプ政権の誕生で、ビットコインが史上初の9万7000ドル乗せ」とニュースが流れましたが、こうした急騰のニュースに興味を持つのは自然なことです。しかし、ここで重要なのは、こういったニュースに感化され、よくわからないのに大きな金額を投じたり、ハイリスクと呼ばれる金融商品への投資の割合を増やしてしまうことです。

　例えば、私の知人は暗号資産の信用取引で1500万円以上の損失を出しました。これは金銭的な損失だけでなく、その金額を稼ぐのに費やした何年もの労働時間も同時に失ったことを意味します。40代、50代で築き上げてきた資産を失えば、その回復に必要な時間は若い頃の倍以上かかるかもしれません。

　暗号資産、FX、どの分野でも「簡単に儲かる」という話は聞こえてきますが、それらは決して「時間対効果の良い投資」とは言えません。むしろ、勉強時間や取引にかける時間、そして失敗した際の回復に必要な時間を考えれば、慎重に考えるべきです。

　Hさんのように、まずはリスクが低く、手間のかからない投資信託での積立投資から始めるのが、結果的に最も効率的で安全な資産形成への道となります。お金も時間も大切な資産です。だからこそ、両方を賢く活用できる投資方法を選ぶべきなのです。
■結局、新NISAにはどんなメリットがあるのか

　新NISAの魅力は、驚くほどシンプルです。投資で利益が出ても税金がゼロ！という税制面のメリットも大きいですが、新NISAの真の魅力は「究極の効率性」にあります。Hさんのような初心者でも、投資信託を選んで積立設定するだけ。勉強も不要で時間も取られず、将来3200万円もの資産をつくれる可能性がある投資法は、他にありません。

　最後にひとつ、簡単なクイズをしてみましょう。今、日本で最も人気と言っても過言ではない投資信託、eMAXIS Slim 全世界株式(オール・カントリー)を買うと何社に投資ができると思いますか？

----------
1.約70社　2.約500社　3.約2600社

(ヒント)構成銘柄は、米国、欧州、日本などの先進国株式と、中国やインドなどの新興国株式を含む。

答え:3.約2600社
正確には2687社　(2024年8月時点)
----------

　たった1つの投資信託を買うだけで、これだけの会社に投資ができるのです。そして、この2600社は、アップル、マイクロソフト、アマゾンなど世界の名だたる企業の集合体です。また、投資信託の運用内容はプロが随時見直していきます。企業の選別や投資比率の調整など、専門家による適切な運用管理が行われるため、個人投資家は難しい判断をする必要がありません。

　このように、新NISAは少額から始められ、手間もかからず、プロの運用技術も活用できる、まさに「コスパ」に優れた投資手段と言えるでしょう。

■お金も、時間もかけなくて済む

　実際、2018年頃から投資信託を始めた人たちは、驚くほど順調に資産を増やしています。

　ある45歳の女性は、こう語ってくれました。

　「投資を始めてすぐにコロナショックが来て、一瞬、投資は怖いなと思いましたが、本に書かれているとおり暴落時でも夫婦で毎月コツコツ投資を続けました。毎日、株価を見ることもしませんし、月に1回くらいしか口座を見ません。これだけほったらかしなのに、今では夫婦あわせて300万円ほどのプラスに。(夫婦の合計資産は、5年で約700万円以上と大成功)横山さんの本で投資を始めて本当によかったです」

　この方のように、投資信託なら「ほったらかし」でも着実に資産を増やせるのです。そして、ほとんどの人は投資初心者で、投資信託を買っただけ。それでも、コロナショック、ウクライナ危機など、世界的な混乱があっても、淡々と積立を続けてきたことで、軒並み利益を出しています。

　新NISAは、勉強時間もストレスも最小限で、最大限の効果が得られる「究極のコスパ投資」なのです。



----------
横山 光昭（よこやま・みつあき）
家計再生コンサルタント、株式会社マイエフピー代表
お金の使い方そのものを改善する独自の家計再生プログラムで、家計の確実な再生をめざし、個別の相談・指導に高い評価を受けている。これまでの相談件数は2万6000件を突破。書籍・雑誌への執筆、講演も多数。著書は90万部を超える『はじめての人のための3000円投資生活』（アスコム）や『年収200万円からの貯金生活宣言』（ディスカヴァー・トゥエンティワン）を代表作とし、著作は171冊、累計380万部となる。
----------
家計再生コンサルタント、株式会社マイエフピー代表 横山 光昭",[],[]
これは「地獄の大増税」への布石である…政府が進める「私立高校無償化」の甘美なウソにだまされてはいけない（プレジデントオンライン）,https://news.yahoo.co.jp/articles/cc51b7160dc7ecb7347f0d5b1ffe6c1f340a7bd3,https://newsatcl-pctr.c.yimg.jp/t/amd-img/20250321-00093300-president-000-2-view.jpg?exp=10800,2025-03-21T08:17:16+09:00,2025-03-21T11:36:56+09:00,プレジデントオンライン,president,プレジデントオンライン,3997,"※写真はイメージです - 写真＝iStock.com／coffeekai
公立・私立を問わず、所得制限なしに、高校の授業料が無償化されることになった。早稲田大学公共政策研究所の渡瀬裕哉さんは「教育の無償化ではなく『税負担化』だ。増税につながるだけでなく、教育の質を悪化させる愚策ではないか」という――。
【図表】日本は何位？…世界の「学力」ランキング
■私学の教育無償化が全国で行われることに

　自民・公明・日本維新の会が来年度予算に賛成したことで、私学の教育無償化が全国的に行われることになった。そして、日本維新の会はさらに大学無償化まで実現するように推し進めるという。

　この教育無償化は「教育税負担化」と言い換えて良い。石破首相は「歳入・歳出両面の措置を徹底的に行い、安定的かつ恒久的な財源を見いだすことは政府の責務だ」としている。このような発言は将来的な増税によって賄うシグナルのようなものだ。

　大阪府で私学の教育税負担化を行ってきた大阪維新の会(≒日本維新の会)は「増税ではなく行政改革で予算を捻出してきた」と主張している。大阪府は来年度予算でも高校や大阪公立大学の授業料税負担化のために約297億円を計上している。ただし、実際にはアベノミクスによる税収増や消費税増税効果による歳入増があり、なおかつ教育税負担化予算を計上しなければ一部見直しが可能であった過去から継続する法人税超過課税を放置している現実を無視した話なので「行革で云々」は話半分だ。

　そして、大阪府はみずからが導入した教育税負担化について、国による高校授業料無償化の拡充によって府の財政負担は、2025年度に約37億円、2026年度に約254億円を削減できるとしている。つまり、大阪府は自分勝手に始めた政策の負担を最終的には国に背負わせることに成功したということだ。すでに高等教育の税負担化を実現している東京都の予算額である約600億円を足し合わせると、約900億円弱の負担が東京・大阪の二大都市から消えることになる。

■結果として、永遠に続く「サブスク払い」となる

　日本全体で私立高校の教育税負担化を実現するためには約6000億円が必要とされている。東京・大阪の約900億円は全予算の約15％を占めているが、他の道府県はそのような過剰な予算捻出は予算の優先順位等の観点から行われていない。都市部の金満自治体の感覚をそのまま他の道府県にまで押し付けた場合、本来はそのような予算が無かった地域にも新たな予算バラマキが行われることになる。

　当たり前であるが、政府与党はこのような恒久的な予算支出を増税の好機と捉えるであろう。教育税負担化の約2倍の恒久的支出である防衛増税は、今回の自公維の賛成によってしっかりと恒久増税化の道筋がつけられていることからもお察しだ。結果として、この手の予算支出は永遠に続くサブスク払いとなって国民全員の税負担となって返ってくるものだ。

　仮に日本維新の会が「行政改革によって予算を捻出する」というなら、今すぐ与党入りして来年度の骨太の方針にその旨明記し参議院議員選挙で審判を受けるべきであるが、その見通しも無さそうだ。実に無責任な政治の有様であり、政府与党による増税の仕込みは着々と進むだろう。
■そもそも、日本の高校進学率は98％超

　さて、教育税負担化は実際にはどのような効果が期待できるのであろうか。そもそも日本の高校進学率は98％超であるため、教育税負担化を実施したところで統計的に有意な差がもたらされないだろう。

　むしろ、これ以上の高校進学率の上昇を望むならば、6000億円もの予算を投じて私立高校の授業料を税負担化するよりも、国民に対する義務教育の延長や奨学金の拡充によって達成するほうがはるかに合理的である。誰がどう見ても当たり前の話であり、その教育税負担化のための予算の一部でも使って公立学校の環境改善に投じたほうが良い結果が得られるだろう。

　筆者は親が教育に支出する行為は、社会規範や道徳心を育むことにつながると考えるため、教育に対する過剰な税負担にはそもそも反対の立場であるが、私立の教育税負担化という天下の愚策に比べればはるかにマシである。

■塾・予備校への実質的な「補助金」

　次に、教育の質という点ではどうだろうか。世界の15歳の子どもたちの学習到達度を図るPISAにおいて、日本はほぼ常に上位国となっている。2022年ランキングでは日本は数学リテラシー5位、科学リテラシー2位、読解力3位である。日本よりも上位の国はシンガポール、マカオ、香港、台湾、アイルランドなどの小都市国家のみだ。つまり、現行の日本の中学校までの教育水準は諸外国と比べてほぼトップの成績を残している。

　日本の公立教育が優れているのか、それとも日本人自体の資質がそうさせるのかはわからないが、このような状況が高校進学した途端に激変するとは到底思えない。したがって、現在の教育システムを変更して、新たな税負担を講じて私立学校に通わせる必要があるとは言いがたい。

　一方、私立高校の授業料税負担化は、中長期的にその教育内容を悪化させていくことになるだろう。これは何も難しい話ではなく、当たり前の商売の常識を持っていればわかることだ。価格は商品の良し悪しを判定するためのツールである。したがって、授業料の価格システムが破壊された場合、親の学校教育に対する期待値の判定は、ブランドネームのみに左右される極めて権威主義的な状態が蔓延することになる。

　ただし、最初はある程度は学校選択の方法として機能するかもしれない。しかし、私立学校の売り上げの大半を占める授業料が政府の税金で賄われる以上、本来の顧客である家庭よりも政府の顔色が重視され、授業内容はおざなりになっていくだろう。

　そして、元々私立学校に通わせる親はさらに予備校・学習塾にも通わせており、結果として予備校・塾産業がさらに栄えるだけになる。なぜなら、そちらは「価格」がついていて、その価値がわかるようになっているからだ。そのため、教育税負担化は、私立の腐敗が蔓延するだけでなく、学習塾・予備校への実質的な補助金になるだろう。まさに学校の破壊に拍車をかけるものだ。
■子育て・教育以前に、結婚する若者の人数が減少

　一部の政治家は、私立学校の教育税負担化で「公立学校が淘汰されることになるから良いのだ」という人々もいる。たしかに、彼らの本音が、公立学校の土地を売り払いかつダメ教員を削減したい、ということであれば、多少は気持ちが分からんでもない。しかし、上述の通り、不必要かつ無用な問題を新たに生み出す行為に追加で予算を投じることは間違っている。

　よりオブラートに包んだ「少子化で学校が過剰に存在しすぎるようになるため」という建前を掲げる場合はなおさらだ。それらの話を住民に説明して納得を得ることが地方自治であり、国の制度化することによって一気にそれを進めることを是とするなら、その政治家は地方自治を語る資格がない。早々に地方自治体が持つ全権限を国に移譲して問題を解決してもらうべきだ。

　最後に、教育税負担化は「少子化対策に寄与する」ので、全国民が税負担することは当然だ、という主張にも疑問を呈したい。子どもが生まれない原因は、若者の手取りが減少して子育て・教育以前に結婚する若者の人数が減少しているからだ。労働法制の硬直化による年功序列制度、若者に対する税金・社会保険料の過剰請求、これらによって彼らの給与・手取りは異常に安い価格に抑えられている。仮に石破首相が恒久的な支出に対する恒久的な財源(=増税)で、教育税負担化を賄おうとするなら本末転倒甚だしいことだ。

■「少子化対策に寄与する」はウソである

　また、少子化の原因は女性の高学歴化・高キャリア化が進むことで晩婚化・晩産化が進んでいることにもある。女性のキャリア志向が高まる中で、そのキャリアを一時中断するコストとリスクは非常に高い。したがって、キャリア形成に重要な若年段階で子どもを持つことは忌避されるのは当然だ。これは単なる構造問題であって良い・悪いという問題ではない。その結果として長子の晩産化が進みつつある中、「第二子・第三子を私立高校に税負担で通わせられるようになったから子どもを産みます」ということを期待することは妥当だろうか。

　現在でも高校進学率98％超であり、結局は学習塾・予備校産業に追加で家計支出が行われる可能性に鑑み、私立高校の教育税負担化が出生率に影響を及ぼすとは考えがたい。

　以上のように、私立高校の教育無償化=教育税負担化には日本国民の公益に追加で資するメリットらしきものが見当たらない。むしろ、デメリットのほうが大きいように考えられる。この政策を推進する人々が夏の参議院議員選挙で大敗し、私立高校の教育無償化という愚策が撤回されることを望んでいる。



----------
渡瀬 裕哉（わたせ・ゆうや）
早稲田大学公共政策研究所 招聘研究員
パシフィック・アライアンス総研所長。1981年東京都生まれ。早稲田大学大学院公共経営研究科修了。機関投資家・ヘッジファンド等のプロフェッショナルな投資家向けの米国政治の講師として活躍。創業メンバーとして立ち上げたIT企業が一部上場企業にM&Aされてグループ会社取締役として従事。著書に『メディアが絶対に知らない2020年の米国と日本』（PHP新書）、『なぜ、成熟した民主主義は分断を生み出すのか　アメリカから世界に拡散する格差と分断の構図』（すばる舎）などがある。
----------
早稲田大学公共政策研究所 招聘研究員 渡瀬 裕哉",[],[]
なぜイヌを飼う人は「死因第2位」心血管疾患になりにくいのか…老化対策に効くホルモンをドバドバ出す方法（プレジデントオンライン）,https://news.yahoo.co.jp/articles/03ba6121696b9f7dd76bfb363e63c1c008120a70,https://newsatcl-pctr.c.yimg.jp/t/amd-img/20250321-00092907-president-000-1-view.jpg?exp=10800,2025-03-21T07:17:26+09:00,2025-03-21T07:17:26+09:00,プレジデントオンライン,president,プレジデントオンライン,4626,"出典＝『老化負債』、師田吉郎作成
長年の生活習慣で体が不健康な状態になり、やがて死因となる疾患をもたらす「老化負債」。その対策を呼びかける医学者の伊藤裕さんは「ホルモンのバランスが崩れれば、老化負債も増える。食事の間隔を空けたり運動したりして、若返りに役立つホルモンを出すことを意識してほしい」という――。
【この記事の画像を見る】
※本稿は伊藤裕『老化負債　臓器の寿命はこうして決まる』(朝日新書)の一部を再編集したものです。

■ホルモンのバランスとリズムを保つことが、老化対策に

　わたしたちの体と心のリズムを奏でるために、100種類以上あるホルモンは、それぞれがリズムを持って、“ホルモンオーケストラ”を形成しています(図表1)。ホルモンはそれぞれの役目に応じて1日の中でピークを迎え、お互いがお互いのリズムを生むようにバランスされています。

　生活リズムの乱れは、ホルモンオーケストラの不調、体内時計の狂いをきたし、「老化負債」を大きくしていきます。それでは、ホルモンオーケストラがうまくリズムを奏でるにはどうすればいいのでしょうか。

　ホルモンオーケストラがいいリズムを奏でるには、一言で言うと、「いい寝覚め！」を感じられる生活を目指すことです。この感慨は、日内リズムがうまく保てていることで初めて体感できる感覚です。

　睡眠は、ノンレム睡眠、レム睡眠で構成されますが、1セット90分。実はリズムを持つホルモンも、90分が一つのリズム単位であるものが多いです。ストレスホルモンのコルチゾールやアドレナリン、ノルアドレナリン、あるいはレニン(血圧を上昇させるホルモンであるアンジオテンシンを作る酵素で、アドレナリンやノルアドレナリンによって分泌が促される)なども、その分泌に90分間の周期が認められます。

■集中力が続くのは90分までだが…大学の1コマは長すぎる

　ですから、集中力が必要な知的作業は90分間が限界だと考えられます。その後は短い休息を取ることが能率を上げるコツです。大学の授業は90分が1単位となっているのはそのためだと思います。しかし、実際に講義をするわたしにとっては90分は長すぎて、正直疲れてしまいます。これも老化のせいかと思いましたが、講義を聴いている学生諸君も、YouTubeを見慣れ、録画ビデオを早送りして視聴する習慣が身についているためか、90分は苦痛の様子です。義務教育での授業単位、小学校の45分、中学校の50分、つまり90分の半分ぐらいが適正だとわたしも学生も体感しています。

　夜間の排尿も90分ごとになることがあります。これも睡眠の深度とともに尿の排泄を抑える作用のある、抗利尿ホルモン(バソプレッシン)の分泌リズムが変動することにより起こる現象です。バソプレッシンは全身のリズムをつかさどっている脳の体内時計の振動の調節にも関わっています。わたしたちは実際、排尿の回数や時間を自分の体のリズムを知る一つの目安としていることが多いと思います。

　日々の生活でもホルモンの「90分ルール」を意識すれば、ストレスを感じることなく生活の効率を上げられ、リズムのいい生活が生まれ、「いい寝覚め」をもたらしてくれると思います。
■体に溜まった「老化負債」返済の鍵となる「ホルモン三銃士」

　遺伝子のエピゲノム変化を抑制し、ミトコンドリアを元気にする老化負債返済の心強い味方になってくれるホルモン三銃士を紹介します。

　【1】「食」とグレリン

　グレリンは、食に関わる胃から分泌されるホルモンです。グレリンは、1999年、国立循環器病センターの児島(こじま)将康(まさやす)・寒川(かんがわ)賢治(けんじ)によって発見されました。

　わたしたちが空腹になった時に、胃がその状態を感じ取ってたくさんグレリンを分泌します。分泌されたグレリンは、胃の周りにある、脳へ直通する神経に働きかけて「早く食べろ」と脳に命令します。また、われわれの成長と成人の体の維持に大切な「成長ホルモン」の分泌を増やせと命令します。つまり、グレリンはお腹が減ると分泌されて、しっかり食べて丈夫な体を作り、そして生きるためのエネルギーをたくさん作り出すことを促します。

　わたしたちが年老いたマウスにグレリンを投与したところ、筋肉のミトコンドリアの機能が回復して、持久力の低下が防げました。また、腎臓が弱ったマウスにグレリンを与えたところ、減少した腎臓のミトコンドリアの数が増えて、タンパク尿が減って腎機能が回復することを見つけ出しました。

■空腹を14時間確保すると、お役立ちホルモン・グレリンが分泌

　実際にグレリンは人間に投与すると、いろいろな病気に効果を示すことが報告されています。がんで痩せてしまった人、心不全、呼吸不全、糖尿病性神経障害などを回復させることが示されました。

　グレリンの分泌を高めるには、「お腹がすいた」と思える時間を持つことです。老化負債返済のためには、空腹の時間を少なくとも12時間、できれば14時間確保することが勧められます。1日2食であれば、比較的空腹の時間を取りやすく、3食食べる場合でも、朝7時と昼12時頃、そして夕17時頃に食事をして、その後は水分以外口にしないということでなんとか確保できるのではないでしょうか。
■1日20〜30分、ウォーキングを毎日続けると出る利尿ホルモン

　【2】「運動」とナトリウム利尿ペプチド

　ナトリウム利尿ペプチドは、1984年、宮崎医科大学(現在宮崎大学医学部)の松尾(まつお)壽之(ひさゆき)・寒川賢治によって発見された心臓から分泌されるホルモンで、血管を広げ、腎臓に働いて、余計な水分や塩分を排泄することで血圧を下げます。

　ナトリウム利尿ペプチドは、全身から心臓に還ってくる血液の量が多くなったり、心拍数が増加するとその分泌が増えます。お風呂に入った後、排尿したくなります。これは、体を湯船に浸しておくと水圧が足にかかり、足に溜まった血液がたくさん心臓に還ってくることで、ナトリウム利尿ペプチドが分泌されるようになるからです。

　わたしたちがナトリウム利尿ペプチドの作用が増強された遺伝子改変マウスを作ってみると、脂肪組織や筋肉などのミトコンドリアの数が増え、脂肪が燃焼しやすくなり太りにくく、そして、持久力が維持されました。

　ナトリウム利尿ペプチドは、血圧を上げる作用のあるアンジオテンシンの作用を抑制します。わたしたちは、アンジオテンシンによって作られたエピゲノム変化、老化負債がナトリウム利尿ペプチドの投与で、消去されることを明らかにしました。

　ナトリウム利尿ペプチドは、適度な運動で分泌が増えます。ウォーキングなどの運動は1日20〜30分ほど、隣の人と話ができるぐらいのきつさで毎日続けるのがいいといわれています。1日のうち一度にまとめて歩く必要はなく、分割して運動しても大丈夫です。歩くことが推奨されていますが、両足が一瞬でも地面から離れるような運動、ジョギングはさらにいい動きになります。少し脈拍が上がる程度の運動を目指してください。

　また、毎日運動できない人は、週末に、ややきつめの運動をする、たとえば週末に登山やハイキングで5〜6時間歩くとか、週2回スイミングに行くことなどでもミトコンドリアは強化されます。

■「愛情ホルモン」オキシトシンは心の安定をもたらす

　【3】「ふれあい」とオキシトシン

　ここ最近「オキシトシン」というホルモンが、「愛情ホルモン」として注目を浴びています。オキシトシンは、脳の中で視床下部の「室傍核」といわれる神経で作られますが、「下垂体」といわれる場所に運ばれて血液に溶けて全身に回っていきます。

　わたしが医学部学生の頃は、オキシトシンは分娩時に子宮を収縮させ、乳腺を刺激して乳汁分泌を促すと習いました。しかし、オキシトシンは男性でもありますし、妊娠分娩以外の時にも、生涯にわたって分泌されています。最近の研究から、オキシトシンは子宮に作用するだけでなく、脳にも働くということがわかってきました。

　女性の場合、妊娠分娩を通じて大量のオキシトシンが分泌されます。その結果、オキシトシンが、自分が産んだ子どもを何物にも代えがたく「愛おしい」と感じるように仕向けます。さらに、子どもに対してだけでなく、性別にかかわらず自分が見つけた「パートナー」を愛おしく思う気持ちを与えます。
■男性でも分泌され、「浮気防止ホルモン」となる

　オキシトシンは、性交渉、さらに愛撫や抱擁などの皮膚への接触でその分泌が増えることが知られており、「抱擁ホルモン」とも呼ばれています。そうした行動の際に、オキシトシンは、ペア・ボンド(pair bond)の気持ちを高めます。pairとは、夫婦、そしてbondは、いわゆる「キズナ(一体感)」です。こうして、パートナーとの一体感を強く持てるようになると、自分たちの子どもを協力して育てようという気持ちが、夫婦2人の間で高まります。

　最近、オキシトシンを点鼻で投与することが試され、投与された男性は自分のパートナーの女性に対して、さらに愛おしいと思う気持ちが高まったといいます。しかし、全く知らない女性には興味をそそられるということはなかったと報告されています。ですから、オキシトシンは、「浮気防止ホルモン」とも呼ばれます。

　仲のよい夫婦が社交ダンスをする光景は、わたしにはなじみがあります。これは、仲がいいから社交ダンスをするのではなく、社交ダンスをするから仲がよくなるのかもしれません。

■イヌを飼っている人が心血管病になりにくいワケ

　オキシトシンは、2人の“つながり”のためのホルモンですが、ペットとのふれあいでもその分泌を高めることができます。実際、イヌを撫でていると血中のオキシトシン濃度が高まるという研究もあります。またイヌを飼っている人は心血管病になりにくく、なったとしても重症化しにくいという調査結果もあります。うつ病や自閉スペクトラム症に対してアニマルセラピーが実施されています。

　パートナーのいない人は決して引きこもりがちにならず、地域のコミュニティーに出ていってボランティア活動に参加して介護に協力するなど、人との関わり合いを求めるようにしてほしいです。またペットを飼うことも一案です。パートナーがいる人は、再度その人のよさに目を向けるようにしてほしいです。

　このようなホルモンの性質や作用を理解することで、自身のリズムを把握し、リズム感も磨いていけるはずです。



----------
伊藤 裕（いとう・ひろし）
慶應義塾大学名誉教授
慶應義塾大学予防医療センター特任教授、医学博士。1957年、京都市生まれ。京都大学医学部卒業、同大学院医学研究科博士課程修了。専門は内分泌学、高血圧、糖尿病、抗加齢医学。世界で初めて「メタボリックドミノ」を提唱。著書に『幸福寿命　ホルモンと腸内細菌が導く100年人生』『なんでもホルモン　最強の体内物質が人生を変える』（以上、朝日新書）など。
----------
慶應義塾大学名誉教授、慶應義塾大学予防医療センター特任教授、医学博士 伊藤 裕",[],[]
"日本人の9割が知らない「本当に大切な7つの予防医学」…突然死を引き起こす""悪魔のメニュー""とは（プレジデントオンライン）",https://news.yahoo.co.jp/articles/c754b8dda0463c919530d369f4a3660cec280f07,https://newsatcl-pctr.c.yimg.jp/t/amd-img/20250321-00093080-president-000-1-view.jpg?exp=10800,2025-03-21T07:17:15+09:00,2025-03-21T07:17:15+09:00,プレジデントオンライン,president,プレジデントオンライン,11489,"※写真はイメージです - 写真＝iStock.com／kittiyaporn1027
健康的な生活習慣を続けることで、病気になる確率を下げることができる。病気を予防し健康寿命を延ばす7つの習慣を、年代別に紹介する。
【図表をみる】30・40代〜　健康寿命を延ばす7つの習慣
■「病気になってから治す」が通用しない怖い理由

　「こんなに体を壊す前に、なんとかならなかったのだろうか」

　かつて救急医療の現場で働いていた私は、心臓の血管が詰まったり、脳出血で倒れたりした人が救急車で運ばれてくるたび、無念さをかみしめていました。このような患者さんのほとんどは中高年です。もっと若いころから健康に注意した生活を送り、たとえ高血圧や糖尿病などの生活習慣病になったとしてもきちんと治療を続けていれば、救急車で運ばれてくるような事態は避けられたはずなのです。

　とはいえ、これは理想論かもしれません。現実には毎日仕事が忙しくて病院に行く時間はとれないし、なにも症状がないのに生活習慣病の改善に取り組むのは億劫(おっくう)なものです。やせるべきなのはわかっていても、ストレス解消のため暴飲暴食してしまうときもあるでしょう。ですが、やはり長年の生活習慣はその後の人生に大きな影響を与えますから、軽んじるのは危険です。

　「私の祖母はお酒が大好きでしたが、100歳まで長生きしましたよ。だから過度な飲酒は体に悪くない」

　こんなことを言う方もいます。もちろん、不摂生を続けた割には病気にならず、天寿をまっとうする人もいるでしょう。しかしそれはたまたま運がよかっただけの話です。私たち医師は、過度な飲酒を続ければどうなるか、高血圧を放置し続けていたらどうなるか、過度な肥満の状態が何十年も続けばどうなるかを知っています。生活習慣病は風邪とは違い、一度かかると完全に治ることはありません。どんな大金を積んでも動脈硬化が進んだ血管を元通りにはできないし、脳梗塞(のうこうそく)や心筋梗塞になり脳や心臓の一部が壊死したら、その部分が元通りになることもない。いまは医療レベルが進歩し、心筋梗塞や脳梗塞でも命が助かることが多くなりました。しかし命が助かったとしても、大事な臓器にダメージを負ったあとは不自由な生活を送ることになります。

　そうなる前に、すべての人に知ってほしいのが「予防医学」です。予防医学は、統計学に基づいた論文をベースにした「確率論」です。健康リスクのある生活習慣を見直せば、致命的な病気になる確率を下げられるのです。

　残念ながら、人間は年齢を重ねれば重ねるほど病気になる確率が上がりますし、気を付けるべき病気の数も増えていきます。ですが、いつからでも病気の予防を始めることができます。これから健康寿命を延ばすための生活習慣を年代別に紹介していきます。
----------
【30・40代〜】「会食」と「大盛りランチ」が万病のもと
なりやすい病気:尿管結石、痛風、高血圧、糖尿病、脂質異常症、肥満、うつ病、子宮頸がん(女性)、乳がん(女性)
----------

■コーヒーや乳製品で“痛い病気”を予防

　30〜40代はまだ肉体的な衰えがそこまでなく、体力に任せて長時間働いたり、暴飲暴食をしたりと無茶をしがちです。会社では中堅として責任のある仕事を任されたり、家庭では子供の教育や親の介護などの問題が発生したりとストレスも多いうえ、会食でお酒を飲む機会が多いのもこの年代です。多忙で睡眠時間が削られることもあるでしょう。しかし、不摂生をしてもすぐに生活習慣病が発症する年齢ではないため、忙しさを理由に健康診断をパスしたり、受けても結果を真摯(しんし)に受け止めなかったりする人が少なくありません。痛みや不調は体からのサインですが、それらを見ないふりする人が多いのがこの年代の特徴です。嫌な言い方をすれば、この時期は病気の「仕込み」が始まる時期だといえるでしょう。

　注意すべき具体的な病気は、①尿管結石、②痛風、③高血圧、④糖尿病、⑤脂質異常症、⑥肥満、⑦うつ病、女性の場合は⑧子宮頸(けい)がん、⑨乳がんです。順番に説明していきましょう。

　生活習慣病と呼ばれるものは、そのほとんどが自覚症状はなく、水面下で静かに進行していきます。しかし唯一の例外が、尿管結石や痛風。どちらも「とんでもなく痛い」ことでよく知られる病気です。尿酸値が高くなることで発症するので、尿酸値は常に「7」を下回るようにしましょう。

　そもそも尿酸とは、細胞の中に含まれるプリン体が代謝されることで発生する物質のこと。その尿酸が増えた状態が高尿酸血症です。ひどくなると尿管結石や痛風だけでなく、高血圧や糖尿病のリスクを上げるなど、全身に悪影響を与えます。予防にはプリン体を多く含むもの(レバー、魚の干物、ビールなど)を控えること。プリン体の摂取量が1日400ミリグラムを超えないようにしましょう。おつまみを選ぶならプリン体の少ない「焼きちくわ」「さつま揚げ」を。理想は減塩ナッツです。ナッツに含まれるオレイン酸は、悪玉コレステロールを減らし善玉コレステロールを維持する役割があるので、脂質異常症の改善にも効果が期待できます。

　会食が多い人は、それ以外の日に休肝日をもうけて、1週間単位でアルコール摂取量の帳尻を合わせるといいでしょう。スマホの禁酒アプリで記録をつけると管理しやすいと思います。またワインは尿酸値をそれほど上げないというデータがあるので、どうしても飲みたい場合は強いて言うならワインがいいかもしれません。コーヒー、乳製品、ビタミンCは尿酸値を下げるというデータもあるので積極的にとるといいでしょう。
■1カ月に一度の血圧測定が命を救う

　高血圧や糖尿病、脂質異常症になりやすいのがこの年代以降です。高血圧や糖尿病、脂質異常症といえば、動脈硬化を起こす「御三家」と呼ばれます。

　まず高血圧とは、文字通り血管への圧力が高くなる状態です。加齢によって血管のしなやかさが失われるにつれ、血管への圧力が高まるのが原因です。高血圧を放置しておくと、血管にかかる圧力によって血管の壁が傷つき、動脈硬化が進行します。

　医師からすれば、高血圧の人は「時限爆弾」を抱えているようなもの。心筋梗塞や脳出血、大動脈解離、大動脈破裂といった命にかかわる病気につながるので、いまのうちからしっかりと血圧をコントロールしてください。たとえ高血圧の自覚がなくても、40歳を過ぎたら血圧計を買い、1カ月に一度でもいいので家庭で血圧を計測すべきです。基本的には収縮期血圧(いわゆる上の血圧)が130以上なら運動と食事の改善で血圧を下げるようにし、140以上なら投薬が必要です。

　「御三家」の2つめの糖尿病は、血糖値が高くなることで血管を傷つける病気です。1〜2カ月の血糖値の平均が5.7〜6.4HbA1cであれば「糖尿病予備軍」、6.5HbA1cを超えると糖尿病が強く疑われます。重篤(じゅうとく)な合併症を引き起こす病気ですので、HbA1cの異常が見られたら早い段階で手を打ちましょう。

　「御三家」の3つめの脂質異常症は、LDL(いわゆる悪玉コレステロール)やHDL(いわゆる善玉コレステロール)の値に表れます。LDLは高いほうがリスクは高く、基準値は70〜140です。160を超えたら一度病院を受診してください。HDLは逆に低いほうが高リスクで、基準値が40を下回ったら要注意です。

■1駅ぶん歩くだけでも肥満予防に効果がある

体重(キログラム)÷(身長〈メートル〉)2
で算出されるBMIが30以上の場合、肥満です。肥満は万病のもとなので、食生活に注意するほか、有酸素運動を行って減量を心がけましょう。有酸素運動の目安は週に150分ですが、現実には難しいため、1日5分でも10分でもできる範囲でOKです。こま切れでも効果はあるので、「エスカレーターではなく階段を使う」「1駅ぶん歩く」など、日常のなかで無理なく運動を取り入れましょう。　また「野菜多め」「揚げ物控えめ」など、食生活の「質」に気を使う人は多いのですが、盲点なのが「量」です。30〜40代の男性に多いのが、ランチでごはん大盛りを頼んでしまう人。砂糖入り缶コーヒーやエナジードリンクを日常的に飲む習慣も血糖値を上げます。「FoodLog」や「カロミル」など、食事の写真を撮るだけでカロリーが算出されるアプリを活用して摂取カロリーを調整するといいでしょう。

　注意するべき食品は「じゃがいも」です。糖尿病と高血圧のリスクを上げるというデータがあるのに加え、フライドポテトを定期的に摂取している人は死亡リスクの増加(=早死に)につながるという論文もあります。ポテトサラダで野菜をとったつもりになるのは危険なのです。

■睡眠時間を削ることは「健康の前借り」

　睡眠時間は心身の健康に直結しています。睡眠時間が1日6時間以下の人は死亡率が高く、睡眠不足はうつ病や風邪などさまざまな不調の原因となることがわかっています。「自分は短い睡眠時間でも平気」という人でも、実は「健康の前借り」をしているだけかもしれません。この先、ツケがまわらないようにするためにも、1日7時間は眠るようにしてください。

■マンモが難しい人、高濃度乳房がある人は超音波の選択肢も

　女性には、男性よりも早くがんの危険が忍び寄ってきます。子宮頸がんの早期発見のため、3年に1回の頸がん細胞診を受けておくと安心です。

　乳がんの早期発見のためには、2年に1回、マンモグラフィーか超音波検査を受けるのがいいでしょう。2つの検査に明確な優劣はありません。エビデンスがあるのはマンモグラフィーですが、乳腺が発達している人や40歳以下の人はマンモグラフィーでは異常を発見しにくいので、超音波検査という選択肢もあります。
----------
【50代〜】肉中心の食生活が突然死を引き起こす
なりやすい病気:大腸がん、胃がん、更年期障害(男女とも)、帯状疱疹、心筋梗塞、脳梗塞
----------

　白髪の増加や肌の衰えなど、見た目の変化からも「もう若くない」と実感せざるをえないのがこの年代でしょう。ここからは「30・40代以降」で挙げた項目にプラスして、50代以降がなりやすい病気について解説していきます。

　新たに注意すべき病気としては、①大腸がん、②胃がんなど消化器系のがん、③更年期障害(男女とも)、④帯状疱疹(たいじょうほうしん)、⑤心筋梗塞、⑥脳梗塞などが挙げられます。それぞれ詳しく見ていきましょう。

■大腸がんの検査は便を出すだけでOK

　大腸がんは日本人ではトップクラスで死亡者数の多いがんです。食事の欧米化が大きな原因といわれています。特に赤身肉の色素成分である「ヘム」が、大腸がんのリスクを上げているという説があります。赤身肉とは見た目が赤く、脂身が少なくて弾力がある部位の肉です。具体的には、牛肉や豚肉などのもも肉やヒレ肉があります。メインディッシュは魚か肉のどちらかを選べるようなときは、魚を選ぶといいでしょう。肉が大好きでよく食べるという人は特に、50歳を過ぎたら大腸がんの検査を受けるようにしてください。

　大腸がんの検査は非常に簡単で、年1回程度、便を提出するだけです。大腸にがんができると、見た目ではわからない程度の血液が便に混じるので、「便潜血」がないかを調べるだけでがんのサインをとらえることができます。この便潜血検査のおかげで大腸がんの死亡率が20％程度低下したというエビデンスもある優れた検査です。しかし、平成28年度の国民生活基礎調査では受診率は41.4％と、半数以上が受けていません。副作用も痛みもない検査ですので、ぜひ受けることをおすすめします。

　それに加えて、大腸内視鏡検査(大腸カメラ)を5〜10年に1回受けると安心です。大腸のなかを直接カメラで確認する検査なので、便潜血検査より情報量が多く、より正確な検査ができます。痛みを心配する人が多いのですが、大腸の内側の壁には痛覚がありませんので痛みを感じることはほとんどありません。
■ピロリ菌を除菌しても胃がんの可能性は残る

　胃がんもこの年代から気をつけたい病気です。自覚症状としては便が黒くなる(胃で起きた出血が小腸や大腸を通過する過程で黒く変色するため)、胃のある「みぞおち」に痛みが生じる、早めに満腹になる(胃の壁の収縮運動がうまくできなくなるため)などがあります。

　胃がんの原因の大半を占めるのが「ピロリ菌」という細菌です。胃酸を中和し胃のなかで生き続けることができるため、長期間胃のなかに居座り続けて胃の内部で炎症を起こします。この炎症が胃がんにつながっていくのです。

　ピロリ菌の感染経路ははっきりわかっていませんが、昔の井戸水のような衛生環境の悪い水や食事から感染するといわれています。また親が小さい子供に自分の噛んだものを口移しで与えることで感染する可能性もあります。現在は上下水道が整っているため、若者の感染率は下がっていますが、年齢が上がるほど感染率は上昇し、40代では5人に1人、60代ではなんと2人に1人が感染しているといわれます。上下水道が整っていない時代や場所で幼少期を過ごした人は要注意です。

　ピロリ菌の有無は、市町村の行う無料もしくは少額の自己負担の「対策型検診」では検査できないため、原則として全額自己負担の「任意型検診」で調べます。検査の結果、ピロリ菌の存在が確認されれば薬を飲むことで除菌できます。

　ただし注意が必要なのは、ピロリ菌がいなくなったからといって、胃がんの可能性がなくなったわけではないということです。ピロリ菌がすみついていた期間に胃が荒らされて、すでに胃炎が形成されていることもあるからです。

　胃がんを早期発見するには、胃カメラもしくはバリウム検査を2〜3年に1回受けるといいでしょう。胃カメラによる検査であれば、胃がんがあったらその場ですぐに内視鏡で切除することができますし、胃カメラの通り道である食道や喉のがんも発見できるというメリットがあります。胃カメラを口から入れるのは苦しいというイメージを持つ人がいるかもしれませんが、鼻から入れるタイプは比較的ラクだといわれています。また鎮静剤を用いれば、意識が朦朧(もうろう)とした状態であまり苦しまずに検査を受けることもできます。

　また大腸がんと胃がんの初期症状の一つに貧血があります。体内でがん組織からの出血が続くことが原因です。消化器系のがんのほか、貧血から胃潰瘍(いかいよう)、十二指腸潰瘍などが見つかることは珍しくありません。WHOの定義では、血液検査の「Hb(ヘモグロビン)」の値が男性は13、女性は12、妊婦・高齢者は11を下回ると貧血に該当します。どんな人でも10を下回るようなら、すぐに病院へ行ってください。受診するのは女性なら婦人科、男性なら消化器内科がいいでしょう。男女ともに一般内科でもかまいません。

■男性の更年期障害は筋トレで防げる

　50代以降は、男性も女性も更年期障害に注意が必要です。女性の更年期は閉経前後の約5年間(計10年間)だといわれています。日本人女性の平均的な閉経年齢は50歳前後なので、早い人は40代半ばから症状が始まります。

　男性の場合は女性の閉経のような明確な基準がないので、いつ更年期になるかは個人差が大きいです。女性の更年期症状は女性ホルモンの「エストロゲン」の分泌低下で起こりますが、男性の更年期障害は「テストステロン」という男性ホルモンの分泌が減ることで起きます。テストステロンの分泌量は20代前半がピークで、その後は徐々に減っていき、40代から50代にかけて更年期症状が現れやすくなります。

　たとえば「性欲が衰えた」「手足が細くなり、お腹だけがポコッと出ている」「以前より仕事のパフォーマンスが下がってきた」「なにごとに対しても意欲がわかない」などの症状があれば、男性の更年期障害を疑ってもいいでしょう。性欲が衰えるのはテストステロンが性欲をコントロールしているからで、手足が細くなりお腹だけが出るのは、テストステロンの役割に筋肉量の維持や内臓脂肪の抑制があるからです。

　テストステロンは行動力の源にもなります。テストステロンが減ると意欲が低下し、イライラや倦怠感(けんたいかん)、うつ症状などが出るので、うつ病と間違われることも。紛らわしい場合はまず心療内科を受診し、うつ病でないとわかったら、テストステロン不足を疑い泌尿器科を受診するといいでしょう。血液検査で男性更年期とわかれば、ホルモン補充療法や漢方薬を使った治療を受けることができます。

　また、テストステロンは筋トレで増やすことができます。運動は更年期対策になるだけでなく、健康全般によい影響をもたらしますので、ぜひ無理のない範囲で続けてください。食生活では大豆製品などの植物性タンパク質を中心にタンパク質の摂取量を増やし、亜鉛を多く含むわかめ、レバー、牡蠣(かき)、ナッツなどをとるといいでしょう。

　女性の更年期症状はめまいやホットフラッシュ(のぼせ・多汗)、イライラなどが知られていますが、ほかにも症状は多岐にわたります。症状がひどい場合は日常生活に支障が出てしまいますし、放置するとうつ病に移行することもあります。辛いなら、ためらわずに婦人科を受診してください。大豆製品に含まれるイソフラボンは、エストロゲンと構造が近いので、大豆製品を積極的に食べたり、イソフラボンの入ったサプリメントを摂取したりすることで症状が緩和する人もいます。また、この時期以降の女性は、エストロゲンが減少することで骨密度が下がり、骨粗鬆症(こつそしょうしょう)のリスクが徐々に高まっていくことも頭に入れておいてください。
■失明することもある帯状疱疹の恐ろしさ

　さらにこの年代は、徐々に免疫力が落ちていきます。そのため疲れがたまったり、体力が落ちたりすると、帯状疱疹を発症することがあります。

　帯状疱疹の原因は、多くの人が幼いころにかかったことのある水疱瘡(みずぼうそう)のウイルスです。このウイルスは正式には「水痘(すいとう)・帯状疱疹ウイルス」といい、水疱瘡が治ってからも神経に潜伏し、宿主(人間)が高齢になって免疫機能が低下したタイミングで再び活性化することがあるのです。すると体や顔の一部に帯のように赤い発疹ができます。顔に出ると、目の周囲に感染して失明するおそれや、脳への直接感染のおそれもあります。さらに厄介なのが、「帯状疱疹後神経痛」と呼ばれる後遺症です。発疹が治っても神経痛が続き、なかには一生悩まされることも。

　これを防ぐため帯状疱疹のワクチン接種が50代から推奨されています。ワクチンを打つことでウイルスに対する免疫機能を強化し、再活性化のリスクを下げ、罹患(りかん)しても神経痛の後遺症が起きる頻度を下げたりできます。

　どんなに元気な人でも、加齢による免疫機能の衰えは避けられません。帯状疱疹ワクチンは内科や皮膚科で受けられます。自治体によっては助成金が出ることもあるので、50歳を過ぎたら接種を検討してみてください。

■オリーブオイルを加えて心筋梗塞や脳梗塞を予防

　50代は、心筋梗塞や脳梗塞など命にかかわる病気を心配するにはまだ少し早い年代です。しかし40代まで高血圧や高血糖などの異常を放置してきた人は、50代で「時限爆弾」が爆発することもあります。

　地中海食には心筋梗塞や脳卒中のリスクを低下させたという研究結果があります。地中海食とは、ギリシャやイタリアなどの地中海沿岸の国々で食されている食事で、野菜、果物、全粒雑穀類、豆類、種実(しゅじつ)類、ハーブ、スパイスなどの食品と、オリーブオイルが豊富に使われるのが特徴です。普段の調理でオリーブオイルを使うなど、一部でもいいので取り入れてみてください。

　また心筋梗塞などの心臓病予防には、メインディッシュに肉より魚を選ぶとよいでしょう。サバやイワシなど青魚の脂に含まれるオメガ3脂肪酸のEPAやDHAは、心臓病予防などに効果があることが証明されています。週に1〜2度、オメガ3脂肪酸であるEPAやDHAを含んだ魚を食べていた人は、心臓病での死亡リスクが36％、それ以外の死因も含めたトータルでの死亡リスクが17％低下したという論文もあります。

　オメガ3脂肪酸はナッツの油やえごま油、アマニ油にも含まれていますが、熱で酸化しやすいのが弱点です。青魚の脂は加熱しても問題ありませんが、ナッツの油やえごま油、アマニ油からオメガ3脂肪酸をとる場合は、サラダにかけて食べるなど加熱せずにとるようにしてください。

　赤身肉は大腸がんのリスクを上げると前述しました。どうしても魚より肉を食べたい場合は、白身肉である鶏のむね肉や手羽肉を選ぶといいでしょう。白身肉に関しては人体への有害性は証明されていません。赤身肉や加工肉をよく食べていた人は心臓病や死亡リスクが上がったのに対して、白身肉を食べていた人は特に変わらなかったという結果があります。
----------
【60代〜】1日15分の日光浴が健康寿命を延ばす
なりやすい病気:骨粗鬆症、肺炎、難聴
----------

■外での日光浴が骨を強くする

　60代以降は骨や筋肉の衰えを実感する年代です。女性は65歳から(男性は70歳から)骨粗鬆症検診が推奨されているので、積極的に利用してください。体組成計などで筋力量を測定するのもいいでしょう。

　骨や筋肉の健康を保つには、体を動かすことが一番です。かかとで地面を蹴ることで足の骨を刺激するウオーキングを行うのがおすすめです。

　また60代になって仕事を引退すると、通勤がなくなることからどうしても運動不足になる傾向が見られます。60代のうちから趣味のサークルや地域のコミュニティに参加したり、現役時代の人間関係の維持につとめたりしてアクティブに過ごすことが、70代以降の健康を支えてくれるでしょう。

　外に出て日光を浴びることでも、骨が強くなります。日光を浴びると紫外線と皮膚で反応が起こり、体内でビタミンDが作られます。ビタミンDには腸からのカルシウムの吸収を促進する作用があるので、骨がもろくなるのを防げるのです。紫外線はシミやシワの原因になるので嫌われていますが、1日15分は日光を浴びるようにしてください。ただし紫外線(UVB)はガラスを通過しないので、ガラス越しの日光浴では意味がありません。

　骨を強くする食事は、ビタミンDが豊富な魚類、キノコ類、卵などです。野菜中心の食事ではビタミンDをほとんどとることができないので注意しましょう。

　まだ体力のある60代のうちに、住まいを段差のないバリアフリーにして転ばないようにしておく、寝室を2階から1階に移して階段からの転落を防ぐなど、70代以降に備えた対策を打っておくといいでしょう。

■肺炎球菌による肺炎はワクチンで予防できる

　65歳から(心臓、腎臓、呼吸器の機能、またはヒト免疫不全ウイルスによる免疫機能に1級相当の障害のある人は60歳から)肺炎球菌のワクチン接種が推奨されています。肺炎球菌は高齢者が感染すると命を落とすこともあるため、しっかりとワクチンで予防しましょう。

■難聴を放置すると認知症のもとになる

　早い人はそろそろ耳の聞こえが悪くなってくるかもしれません。残念ながら、予防策は音楽を大音量で聴かないことくらいしかありません。聞こえにくくなったら早めに耳鼻科へ行って補聴器をつけてください。面倒だからといって放置しておくと人との会話が減り、認知機能にもよくない影響があるといわれています。ただでさえ、この年代は定年を機に人との会話が減少しやすいのです。

　これらの病気に加えて、心筋梗塞や脳梗塞など「血管が詰まる系の病気」は、これまでより一層の注意が必要です。手足の麻痺(まひ)や、ろれつが回らないなどの症状があれば迷わず救急車を呼んでください。発症から4.5時間以内であれば脳の血栓を薬で溶かすことができる場合があります。
----------
【70代〜】1日6000歩歩いて脳と足腰の健康を保つ
なりやすい病気:フレイル、認知症
----------

　いまや人生100年時代。70代以降でも、人生の残り時間はまだまだあります。脳の機能も、記憶力などは落ちる一方で問題解決能力などは年を重ねるごとに向上するといわれています。この時期を充実して生きるためにも、予防医学を実践してください。

　70代以降は、①フレイル(認知機能や体力が落ちた状態)や②認知症に警戒が必要になってきます。

■足の上げ下げだけでもフレイルを遠ざける

　体力の低下を防ぐには、筋肉量を落とさないことが重要です。そのためには運動を継続すること。もちろん激しいものである必要はなく、歩くだけでも大丈夫です。1日6000歩を目安に歩いて、筋肉量の減少をなるべく食い止めてください。

　もし膝が痛いなどで歩くのが辛ければ、寝た状態で足を上げたり下げたりする「足上げ運動」だけでもOKです。何かしらできることに前向きに取り組んでみてください。

■睡眠時間は短くても長くてもダメ

　70代以降は寝すぎにも注意が必要です。睡眠時間が「5時間未満」および「10時間以上」だと認知症リスクが上昇したという研究結果があります。また、昼寝は1時間までにしましょう。60分以内の昼寝はアルツハイマー型認知症のリスクを下げたのに対し、60分以上の昼寝はリスクを高めたという論文があります。

　社会的孤立や難聴も認知症の原因になります。定年後も人間関係のつながりを絶やさない、耳が聞こえにくくなったらすぐ耳鼻科に行き補聴器をつけるなどを心がけてください。仕事をやめると日常的に話す相手が配偶者だけになる方が多いのですが、相手に先立たれると急に孤立してしまいます。人間関係も「分散投資」して、趣味や地域の人間関係をつくっておきましょう。

　また、ウオーキングなどの有酸素運動は、筋トレやパズル等の「脳トレ」よりも認知症予防に効果的とされています。フレイル予防も兼ねますから、ぜひ1日6000歩のウオーキングを習慣づけてください。

　最後にお伝えしたいのは、70代まで長生きしたら、好きな食べ物や飲酒など嗜好品(しこうひん)を制限してまで健康に気をつけるべきかどうかは、個人の価値観次第ということです。健康は、人生を楽しく豊かに過ごす「手段」であって「目的」ではないからです。

　健康診断も、75歳を過ぎたら必ずしも毎年受けなくて大丈夫です。がん検診にも「終わりのタイミング」があり、死ぬまで受け続けるものではありません。がんが見つかったとして、体力が低いこの年代での手術はリスクをともないます。無事に手術できたとしても、術後の入院中に筋力が衰えてフレイルを招いたり、寝たきりの状態が続くことで認知症を引き起こしたりするおそれもあります。

　もちろん、目的意識を持って健康診断を受けるのはOKです。残された時間を意識し始めたら、健康との向き合い方を考えながら日々の生活を楽しんでいただきたいと思います。

　※本稿は、雑誌『プレジデント』(2025年1月17日号)の一部を再編集したものです。



----------
森 勇磨（もり・ゆうま）
産業医・内科医 ウチカラクリニック代表
「すべての人に正しい予防医学を」という理念のもとYouTube「予防医学ch／医師監修 ウチカラクリニック」を開設、現在のチャンネル登録者数は77万人を超える。著書に『100年長生き　予防医学で健康不安は消せる！』ほか。
----------
産業医・内科医 ウチカラクリニック代表 森 勇磨 構成＝長山清子",[],[]
朝早く目が覚める原因は「老化」ではない…60代の脳内科医が「9時間しっかり寝る」ために毎日やっていること（プレジデントオンライン）,https://news.yahoo.co.jp/articles/083840b2160a2d600f7f4445ed922fd20164906a,https://newsatcl-pctr.c.yimg.jp/t/amd-img/20250321-00093172-president-000-1-view.jpg?exp=10800,2025-03-21T06:17:38+09:00,2025-03-21T06:17:38+09:00,プレジデントオンライン,president,プレジデントオンライン,4570,"※写真はイメージです - 写真＝iStock.com／stevanovicigor
質の良い睡眠をとるにはどうすればいいのか。脳内科医の加藤俊徳さんは「寝ても疲れがとれないといった悩みを『歳のせいだ』と思っている人は多い。しかし、脳が休めていない根本原因は、ほかのところにある」という――。
【図表】パフォーマンスの高い脳と低い脳
※本稿は、加藤俊徳『すごい記憶力の鍛え方』(KADOKAWA)の一部を再編集したものです。

■「記憶力がいい人」は何をやっているのか

　一度覚えたことを忘れない、つまり記憶量を「減らさない」ことが大切です。

　減らさないためのテクニックには「自力」と「他力」、つまり自分で減らさない工夫と、人に「増やしてもらう」工夫があります。ここでは、英語学習を例にとって解説していきましょう。

　記憶量を自分で減らさない「ラベル付け復習」

　英単語や文法など、自分がどれくらい覚えているか、模擬テストなどを行ってみてください。そして、問題のカテゴリーごとに4段階でラベルをつけていきましょう。

----------
・どのように出題されても間違えない(完全に理解できている)→◎
・ほぼ理解しているが、間違えることがある→○
・曖昧に理解しており、迷ったり間違えたりする→△
・ほぼ理解していない、毎回間違える→×
----------

　これは、問題の「できる」「できない」を可視化する行為です。「できない」が多いとネガティブな感情を抱きがちですが、「できる」に目を向けましょう。

　なぜ「できる」ができているのかを自分自身で分析し、繰り返してください。次第に×(できない)が減り、△や○が増えていくことを実感できるでしょう。一度覚えたことが減らない感覚を実感すると、脳は「ご褒美」をもらったような気分になり、より知識を身につけようと動きます。

　他力で「情報のシャワー」を浴び続ける

　もうひとつ覚えたことを減らさない方法が「情報のシャワー」を浴びられる環境作りです。

　英語の学習をしているのであれば、その情報が勝手に入ってくる環境を構築する。たとえばイングリッシュスピーカーの友人を作ることもそうですし、海外のニュースを見るでも、もちろんYouTubeやNetflixで常に英語が流れる番組を観るといったことでもかまいません。

　特に効果があるのは、授業を受けているのであれば、先生から聞くだけではなくて、同じ授業を受けている友達とも授業の内容を話してみること。仲の良い友達がやっているテキストや勉強法などを試してみることも効果的です。

　これらの行為は、情報との「親密度」を上げることに繋がっています。楽しく学んだことは長期記憶へと移動しやすく、かつ定期的に“英語のシャワー”を浴びることで、学んだことを定期的に思い出し、減らさないような効果が期待できます。
■頭を良くしたければ寝たほうがいい

　脳の最も大切な記憶時間「睡眠」を効率よく活用する

　すごい記憶力を作り、育てるために大事なことは「睡眠」です。睡眠は、脳が活性化しやすくなるベースづくりのひとつ。

　複数の脳番地を動かした「脳トレ」の最も大切な締めくくりは「眠ること」なのです。

　睡眠をおろそかにしている人は、頭が良くならないと言っても過言ではありません。眠っている間に、脳は学習した知識を記憶に定着させます。つまり、よく眠らない人は学習の効果が薄い状態になっているのです。

　眠っている間は、何もできません。つまり、脳にとっては新しい情報が来ない貴重な時間です。

　日中営業しているお店は、営業していない時間にどんなことをしているでしょうか。必要であれば掃除や、倉庫の整理、従業員の休息が営業時間外に行われていますよね。脳も、寝ている間に無意識化で記憶の整理を行い、エネルギーを溜めておくことで次の日の“営業”に備えています。

　睡眠不足はそもそも次の日に使えるエネルギーが少ないので、勉強しても集中できず、理解も進まず、思うように学習することができません。次の日も睡眠不足だと、前の日に学習したことも身につかず、さらに学習効率は悪くなる負のスパイラルのできあがり。

　そもそも「眠気」という不快感は、脳全体に司令を送る思考系脳番地の70％程度を使ってしまいます。たっぷり寝るだけで、脳を動かすための思考系脳番地のパフォーマンスが上がり、ひいては脳全体をしっかり動かせるようになるのです。

　睡眠を利用することで「4回」思い出せる

　学習したことをその日のうちに復習することで学習効率が上がります。

　実は睡眠中に脳の記憶が整理されているため、無意識のうちにその学習内容をもう一度思い出しています。つまり、初めの学習、復習、睡眠時と1日に3回その内容を思い出すことになるため、記憶の定着がよくなります。

　次の日もその内容を復習することによって、脳は2日で合計4回思い出す機会を得られます。記憶を定着させるためにも、睡眠はとても重要なのです。
■「夜型」はただの思い込み

　脳にとって夜はしっかりと眠り、朝から活動することが大切なことだとお伝えすると、しばしば「私って夜型だから……」とおっしゃる方がいます。夕方から頭が冴えてくるのは、実は“日中に頭がぼんやりしている”証拠です。日中の脳の活性度が低いため、少しよく働くようになるとそのような錯覚を起こしてしまうのです。

　朝から脳のパフォーマンスを上げられる人と比べたら、その差は歴然。

　脳の活性度のピークが変わってくることがおわかりになるでしょうか。活動量の面積の差で見ても、朝からきっちり脳が活性化している人と、“自称夜型”の人とでは、2〜3倍程度の差がついています。夜型の人は、自ら重たい「ハンデ」をその身に課しているのです。

　「寝不足で頭がぼんやりする」「ちゃんと寝たのに、朝は頭が動かない」という方は、睡眠の質が悪い証拠です。

■睡眠中の脳波を測定すると…

　脳番地の“司令塔”である思考系のパフォーマンスは、睡眠の質に大きく左右されます。

　トップがぼんやりしていると、その組織全体がぼんやりしてしまうように、睡眠不足の脳は深い思考をすることができず、司令を送られたその他の脳番地もぼんやりと働くことになります。特に、日中に眠気があると、視覚系や聴覚系の脳番地の働きが低下して、見る力、聞く力が低下します。

　「ノンレム睡眠」と「レム睡眠」という言葉を聞いたことがある方もいると思います。

　睡眠中の脳波を測定することで図のように、判定することができます。

　「ノンレム睡眠」では、徐々に睡眠が深くなります。深睡眠には、脳全体が休息し、脳の老廃物アミロイドβが排泄されやすく、前日起こったことの記憶が定着する時間です。

　「レム睡眠」は、眼球が活発に動く“急速眼球運動”(Rapid Eye Movement=REM)が起こっており、脳が活発に動き、夢を見る一方で、運動系脳番地の働きが低下します。これによって、全身の筋肉をリラックスできます。時には金縛りを体感することも起こります。加齢に伴って「レム睡眠」の時間が減ることがわかっていますが、「レム睡眠」の時間が短い場合、日中の記憶力が低下する研究報告があります。
■脳の働きが落ちているサインとは

　思考系脳番地が最もよく休める時間は、睡眠の前半、入眠から4〜5時間までの間に起こりやすい「ディープスリープ」と呼ばれる深いノンレム睡眠の時です。

　「ノンレム睡眠」は、睡眠の前半に、「レム睡眠」は睡眠の後半により多く出現します。

　パソコンは長時間起動しているとパフォーマンスが落ちて、再起動を行うことがありますが、まさにこのディープスリープは脳にとっての再起動までの充電時間であるといえます。

　夜、人の話を聞くのが面倒になったり、本を読んでも思うように頭に入ってこなかったり、考え事をしてもなかなか結論にたどり着かない……そんな時は、脳の働きが落ちているサイン。あなたの思考系脳番地は、休息を欲しています。

　おおよそ夕方6時以降、このサインに気づくような意識づけを行いましょう。先程の脳の活性度のグラフで、日中の脳の活性度が高い人ほどこの「落差」に気づきやすいものです。逆に自称夜型の人はピークが低いため、パフォーマンスの低下に気づきづらいところがあります。

　夜になって、思考系脳番地が休息サインを出してきたら、可能な限りその日はさっさと休息を取るようにしましょう。なかなかはかどらなかった難しい課題も、翌日の脳のパフォーマンスが上がった状態であれば、的確に進めていくことができるはずです。

■「歳を取ると眠れなくなる」はウソ

　加齢とともに睡眠に関する悩みを訴える方は増えていきます。寝付きが悪い、すぐ起きてしまう、寝ても疲れが取れないなど、質の良い睡眠が取れないことを「歳のせいだ」と思っている方は少なくないことでしょう。

　実は脳が休めていないのは「日中よく動いていない」から。脳がしっかりと休息をとるためには、日中にきちんと脳を使うことが大切なのです。

　おすすめの方法としては、朝に運動系脳番地を動かすこと。運動系脳番地は、脳の動きが悪い時に動かすと、率先して他の脳番地を目覚めさせる力を持っています。

　朝にウォーキングやジョギングといった軽い運動を30分〜1時間程度行うことで、脳全体は活性化します。

　私自身も朝のウォーキングを欠かさないようにしてから、60歳を超えた今、睡眠時間を6時間前後から9時間弱程度にまで約3時間延ばすことができています。

　現在、成人では、平均8時間以上の睡眠をとることが推奨されています。

　睡眠時間を十分に確保することで、次の日の脳のパフォーマンスが向上し、日中を活動的に過ごすことで、夜もまた眠れるという好循環を得られます。

　最初は日中の行動を変える必要があるかもしれませんが、まず1週間だけでも睡眠時間をいつもより「30分」延ばすことから始めてみてはいかがでしょうか。



----------
加藤 俊徳（かとう・としのり）
脳内科医
昭和大学客員教授。医学博士。加藤プラチナクリニック院長。株式会社「脳の学校」代表。MRI脳画像診断・発達脳科学の専門家で、脳を機能別領域に分類した脳番地トレーニングや脳科学音読法の提唱者。1991年に、現在世界700カ所以上の施設で使われる脳活動計測「fNIRS（エフニルス）」法を発見。1995年から2001年まで米ミネソタ大学放射線科でアルツハイマー病やMRI脳画像の研究に従事。ADHD、コミュニケーション障害など発達障害と関係する「海馬回旋遅滞症」を発見。著書に『1万人の脳を見た名医が教える　すごい左利き』（ダイヤモンド社）、『アタマがみるみるシャープになる!! 脳の強化書』（あさ出版）、『一生頭がよくなり続ける　すごい脳の使い方』（サンマーク出版）など多数。
----------
脳内科医 加藤 俊徳",[],[]
"「初詣の賽銭は1000円」「格安スマホは運を下げる」リアル調査が裏付ける""運を爆上げする""すごい習慣（プレジデントオンライン）",https://news.yahoo.co.jp/articles/0f1d9ba7bda217d042f10086f799d78855875843,https://newsatcl-pctr.c.yimg.jp/t/amd-img/20250321-00092868-president-000-1-view.jpg?exp=10800,2025-03-21T06:17:26+09:00,2025-03-21T06:17:26+09:00,プレジデントオンライン,president,プレジデントオンライン,4376,"写真・図版：プレジデントオンライン
■運がとても悪い人の5割がおみくじを引かない　

　あなたは、自分の運がいいと思うだろうか。それとも悪いと思うだろうか。答えは人それぞれだろうが、あなたの答えはおそらく正しい。というのも、「運がいい」と思っている人は、運がよくなるし、「運が悪い」と思っている人は、運が悪くなるものだからだ。
【図表】金運・給料だけでなく資産運用も
松下電器産業(現パナソニックHD)創業者である松下幸之助は、社員の採用試験の面接で、最後に「あなたは運がいいか」と質問し、「イエス」と答えた応募者を入社させたという。「経営の神様」とも呼ばれる松下幸之助はなぜ、運のよし悪しを尋ねたのか。それは、「自分は運がいい」と信じている人に、外面的な人間関係、内面的な人間性の両面において、アドバンテージがあると考えたからだろう。

　そこで、本誌では、ビジネスパーソンが「自分の運」についてどう考えているのか、運がいい人の習慣とはどのようなものなのか、約1700人を対象に、アンケート調査を行った。

　その結果、運が「とてもいいと思う」が21.2％、「いいほうだと思う」が68.1％を占め、なんと9割近くの人が、「自分は幸運」と思っていることが明らかになった。運がいいと思う人は「初詣」を毎年欠かさず、お賽銭も1000円以上入れる人が増える。縁起物を取り入れたり、おみくじを引いたりするのにも積極的だった。反対に、「とても悪いと思う人」は、5割がおみくじをまったく引かず、縁起のいい行動やモノも、まったく取り入れていないことがわかった。

　信心深い人は、他者への感謝を忘れないタイプだから、運がいいのかもしれない。初詣に行くのも、「神仏に守られているおかげ」と、信じている証しだろう。ゲンを担いだり、縁起物を好んだり、おみくじを引いたりするのも、「神仏に人生の導きを与えてもらいたい」といった、謙虚な姿勢の表れともいえる。そうした心がけのいい人は、周囲から信用され、支援されて、成功しやすいとも考えられる。

　安田銀行(現・みずほ銀行)などの安田財閥を一代で築いた安田善次郎は、担保に依存せず、取引先の「人」のチェックも怠らなかった。たとえば、土地を買う前には、地主の菩提寺や氏神にも参拝したという。寺社が手入れされていれば、住民の生活態度もしっかりしていると推察され、地価も下がらないと判断したといわれている。
■金運がとても悪い人の約85％が投資をしていない

　金運のよし悪しは、収入の多寡と相関関係にあるようだ。金運がいいと思っている人ほど、収入にも満足していた。貯蓄をしているかどうかも、金運を左右するようだ。金運が「とてもいいと思う人」のうち、半数以上が毎月5万円以上を貯蓄し、毎月20万円以上を貯蓄している人も約3割に上った。お金に興味を持って勉強し、行動している人のほうが、全般に金運がいいと言えそうだ。

　一方で、金運が悪い人は、家計を把握していない傾向が強い。金運が「とても悪いと思う人」のうち、8割以上が投資をしておらず、半数以上が「金運を引き寄せよう」とも思っていなかった。宝くじについても、金運が「とても悪いと思う人」のほうが、「とてもいいと思う人」よりも、「買わない」と答えるケースが多かった。

　仕事運がいい人は、キャリアアップやスキルアップを強く意識していて、転職を経験している人が多いようだ。転職については、未経験という人が最も多かったが、仕事運が「とてもいいと思う人」について見ると、「0回」と答えた割合が最も少なかった。

　いまの仕事の満足度については、仕事運が「とてもいいと思う人」の半数以上が、「とても満足」しているのに対して、仕事運が「とても悪いと思う人」の7割以上が、「とても不満だ」と答えている。仕事運を決める要因になると言えそうだ。仕事運が「とても悪いと思う人」の場合、神仏へのお参りやゲン担ぎなど「仕事運を高める行動」も、まったく意識していない割合が半数を超えた。

　仕事運がいい人は、職場の人間関係でも大きな問題を抱えていないようだ。もっとも、仕事運が悪い人でも、良好な人間関係を築いているケースがほぼ半数なので、人間関係は、仕事運を左右するファクターにはなりにくいのかもしれない。

　興味深いのは、仕事運が「とても悪いと思う人」は、「格安スマホ」を所有している割合が22.6％と高いこと。収入が低いことと関係しているのかもしれないが、「ビジネスに対する投資をしていないから」とも受け取れる。格安スマホばかり使っていたせいで、コミュニケーションで後れを取ったり、「情報弱者」になるなどして、ビジネスチャンスを逃した結果、仕事運が悪くなったとも考えられるだろう。
■健康運がいい人のほうがお酒を嗜む傾向にある

　健康運については、悪いと思っていても、全体運はいいと思っている人が半分を超えるという、興味深い結果になった。つまり、健康に悪い習慣でも、運をよくする可能性があるわけだ。

　一つの好例が、健康運がいいと思っている人のほうが、飲酒を好む傾向にあるということ。一般に、飲酒は健康によくないとされ、60万人を対象とした英国の研究では、1週間に18杯以上のアルコール飲料を摂取すると、最大で5年寿命が短くなることが判明している。アンケート結果は、ある意味では最新研究のエビデンスに反しているのだ。

　一人で食事をする人よりも、家族や友人と食事をする人のほうが、死亡リスクは低いことがわかっており、お酒も「共食」の伴侶として、役立っているのかもしれない。ほかの人と一緒にお酒を飲めば、会話を楽しんだり、ストレスを発散したりできる。ビジネスのヒントを得たり、人脈を構築できたりと、プラスの効用も大きく、結果として、運が開けるのではないだろうか。

　健康運が悪い人のほうが「すぐに医師に相談する」のに対して、健康運がいい人のほうが、健康診断や医師への相談には消極的で、体の不調や病気についても、自然治癒に任せる傾向にあることもわかった。一見、逆説的なアンケート結果だが、医師の意見を鵜呑みにせず、「自分の健康は自分で守る」という意識が高い人は、健康運もいいということかもしれない。

　たとえば、最も優秀といわれる「大腸がん検診」でも、検診の有無による大腸がんの死亡率の差は、21年間でたった0.36％しかなかったという研究報告がある。健康リスクが最も低いグループに血圧を下げる治療をしても、5年間で脳卒中や心筋梗塞の発症率をわずか1.4％しか減らせなかったというデータもある。つまり、検診や治療を受けなくても、健康への影響はほぼなかったわけだ。

　一方で、健康運がいい人のほうが運動にも積極的で、健康運が「とてもいいと思う人」では、約45％が週に3日以上運動していた。健康運が悪い人ほど、病気やケガの予防に無頓着という、当然ともいえるデータも出た。
■挨拶や笑顔を心がけても人間関係運が悪い人もいる

　恋愛運についても、健康運と同じく、恋愛運が悪くても、全体運はいいと思っている人が半数を超えた。ただし、恋愛に積極的な人は恋愛運がよく、恋愛に消極的な人は恋愛運が悪いという結果が、はっきりと示された。つまり、恋愛運は、自分でアクションを起こさないと、つかめないということだろう。

　恋愛運がいい人は、知識やスキルを身につけるといった「自分磨き」に意欲的で、相手の長所を見るようにしたり、感謝の気持ちをできるだけ相手に伝えたりするなど、パートナーとの関係を良好にする努力を重ねていることも、アンケート結果から読み取れた。

　人間関係運については、社交的な人ほど、運に恵まれていることが明らかとなった。人間関係運がいい人は、挨拶や笑顔を心がけており、コミュニケーションに積極的だ。友人や知人と頻繁に会い、対人関係でトラブルが起こった場合も、解決策として、「誰かに相談する」という方法を選ぶようだ。会食の時間を重視し、関係の深化にも力を入れている。

　対して、「とても悪いと思う人」は、8割近くが友人や知人に会うことに、「消極的」と回答している。一方で、対人関係をよくするため、「挨拶をする」「笑顔で受け答えをする」といった習慣を心がけていても、人間関係運が悪い人も一定数いる。表面上をとりつくろっても、ほかに問題があると、人間関係運をよくするのにあまり貢献しないのかもしれない。
■自分と他人を信じる人は夢が叶う傾向にある

　目標や夢をどのくらい叶えられているかという目標達成運については、「計画性」の有無によって、大きく左右されることがわかった。目標達成運が「とてもいいと思う人」の場合、目標に向かって「計画的に取り組んでいる」と答えた割合が約9割。それに対して、目標達成運が「とても悪いと思う人」の場合、「計画的に取り組んでいない」と答えた割合が約8割に達した。

　目標達成運がいい人と悪い人では、計画性について真逆の傾向にある。目標を達成できる人は、目標を明確にして、それに向けて計画的にスケジュールを立てられる人とも、言い換えられるだろう。

　目標達成運が「とてもいいと思う人」は、試験や大きな仕事といったシーンでも緊張しない傾向にあり、プレッシャーに強いタイプのようだ。緊張をしないためのルーティンなどを確立している可能性もある。

　また、約3分の2が、夢や目標を周囲の人に語っており、9割近くが、「自分の頑張りを周囲の人が見てくれている」と思っており、ほとんどが「夢や目標は実現できる」と信じていた。目標達成運がいい人は、自分を信じる気持ちが強いだけでなく、周りの人にも信頼を寄せ、感謝しているのではないかと思われる。

　一方で、「自分の失敗を人のせいにすることがある」と答えたのは、目標達成運が「とてもいいと思う人」の場合、約14％しかいなかったが、目標達成運が「とても悪いと思う人」の場合、半数近くに達した。

　アンケート結果を総覧すると、「運がいい人」というのは、神仏や社会、家族や友人といった周囲の人々に感謝し、謙虚な生き方を貫くタイプと見受けられる。ただし、「天は自ら助くる者を助く」という西洋の諺があるように、運のいい人は、他力本願ではなく、自分を信じてひたむきに努力し、自ら運を切り開く強さも併せ持っていると考えられる。皆さんも、アンケート結果を参考に、ぜひ幸運をゲットしてほしい。

　※本稿は、雑誌『プレジデント』(2025年1月17日号)の一部を再編集したものです。
プレジデント編集部 文＝野澤正毅　図版作成＝大橋昭一",[],[]
