headline,mainEntityOfPage,image,datePublished,dateModified,author,media_en,media_jp,str_count,body,images,external_links
「ラプンツェルの高級からくり時計」が本格的すぎる…！楽曲も18曲収録、価格は14万円超!!（ぴあ）,https://news.yahoo.co.jp/articles/437b56f77c8fae94e3049510f27417a967e62d05,https://newsatcl-pctr.c.yimg.jp/t/amd-img/20251025-00010011-piaeigat-000-1-view.jpg?exp=10800,2025-10-25T22:01:27+09:00,2025-10-25T22:01:27+09:00,ぴあ,piaeigat,ぴあ,641,"「ラプンツェルの高級からくり時計」
セイコーから、『塔の上のラプンツェル』のからくり時計が、2025年10月3日（金）より発売されています。
【全ての画像】「ラプンツェルの高級からくり時計」写真（全14枚）
14万円超の本格からくり時計
ディズニー映画『塔の上のラプンツェル』の世界観を丁寧に表現したからくり時計が、セイコーから発売。

価格は143,000円という、本格的なからくり時計です。

文字版には、ラプンツェルが暮らすコロナ王国の紋章、太陽が大きく輝きます。

太陽のマークの中には、ラプンツェルとフリンをはじめ、ゴーテルやマキシマスといった作品のシルエットが7つ隠れています。

インテリアに馴染む落ち着いたデザインの中に、ラプンツェルの世界観が詰め込まれたデザインです。
ディズニーソングが流れるお楽しみ
時計の「12」は、ラプンツェルが暮らしていた塔のシルエットをデザイン。

長針が12を指すと、からくり時計のパフォーマンスが始まります。

文字板の中からラプンツェルの髪の毛と髪飾りの花をモチーフにした回転飾りが登場。パスカル、魔法の花、ランタンのオーナメントが左右に揺れる、華やかな仕掛けです。

また、音楽は全18曲を搭載。

『塔の上のラプンツェル』の「自由への扉」などディズニープリンセスの名曲、ディズニー定番ソング、クラシックの名曲と、6曲ずつ3つのグループに分かれており、選択したグループ内の曲が順に流れます。

(ディズニー特集 -ウレぴあ総研)",[],[]
外ポケットが神仕様！ 旅行にも使える「3WAY撥水多機能バッグ」実際に使って分かった“驚きの収納力”（ぴあ）,https://news.yahoo.co.jp/articles/52cf1ce611ff295cff77d73fa529121502ef7010,https://newsatcl-pctr.c.yimg.jp/t/amd-img/20251025-00010010-piaeigat-000-1-view.jpg?exp=10800,2025-10-25T21:30:55+09:00,2025-10-25T21:30:55+09:00,ぴあ,piaeigat,ぴあ,2269,"BAYFLOW
ファッションブランド「BAYFLOW（ベイフロー）」の「3WAY撥水アジャスタートート」は、見た目のかわいさと機能性を両立した優秀バッグ！
【全ての画像】BAYFLOW「3WAY撥水アジャスタートート」の写真（全17枚）
巾着型のコロンとしたフォルムながら、手提げ・肩かけ・斜めがけの3通りの使い方ができる機能派アイテムです。実際に使って、詳しい仕様やデザイン、収納力などを徹底チェックしてみました。
【BAYFLOW】3WAY撥水アジャスタートート：4,490円（税込）
■カラー・サイズ・重さ・素材
・カラー：アイボリー、ブラック、ブルーグレー
・サイズ（約）：高さ35×幅30×マチ15cm、持ち手15〜63cm、ショルダー30〜113cm
・重さ（約）：430g
・素材：表地ポリエステル、裏地ポリエステル・ウレタン

筆者は人気色という「ブルーグレー」を購入。店頭で展示されていた最後の1点でした！

このバッグの最大の特徴は、ドローコードを絞れば巾着型、緩めればシンプルな四角いシルエットと、気分に合わせて表情を変えられること。さらに片面はポケットがないデザインなので、表裏を変えて使うとまた違った印象になります◎

素材は柔らかで、裏地の柄がカラーごとに異なるのも好ポイント！筆者が購入したブルーグレーの裏地はストライプ柄でしたが、黒はドット、ベージュは茶系チェックで、どれも素敵で迷いました。
ドローコードを使ったアレンジで「こなれ感」アップ！
両サイドのドローコードはストッパーで留められる仕様。光沢のある銀色のストッパーとドローコードの先端が、「いかにもアウトドア」な印象を避け、カジュアルになりすぎないのがポイントです◎

ドローコードを中央でリボン結びにすると、さらにこなれ感がアップ♪ シンプルな四角形でワンショルダーにすれば端正な通勤スタイルに、コードを結んで斜めがけにすれば両手が自由になってお出かけシーンで活躍します。

ショルダーとハンドルは全て長さ調整に対応。ショルダー使用時にハンドルをバッグの内側にしまえばすっきり、外側に垂らせばデザインのアクセントになる工夫も嬉しいポイントです！

ちなみに外ポケットは横長型で、本体と同じくマグネット式のスナップボタン付き。口部分はゴムシャーリング仕様で、荷物が飛び出しにくい設計になっています。
「1泊旅行も可能」って本当？収納力を検証してみた！
公式オンラインストアの「1泊程度の旅行なら行ける」というレビューを発見し、正直「本当かな？」と思ったので、実際に検証してみました！

結果は…お出かけの必須アイテムに加えて、羽織り、A4サイズのフリーペーパー、1泊分の着替えやポーチ類もしっかり収納でき、ボタンもちゃんと留まりました！

ただし、全部詰め込むとかなりコロンとした形になり、持ち運びやすさは少し損なわれる印象でした。例えばメイクポーチはアイテムを厳選して内ポケットに分散するなど工夫すれば、見た目もキープできそうです◎
1日使って分かった“神仕様”
続いて、週末の買い物で実際に使用してみました。最初は少し絞ったシルエットで肩かけに。きれいめにまとまり、移動時も店内でも邪魔になりませんでした！

全体が柔らかな素材なので、ガバッと開いて手を入れやすく、中身を探すのもスムーズ！大きめバッグだとすぐに底に倒れがちなペットボトルや折りたたみ傘も、ドローコードを少し絞っておくと立ったまま安定するんです♪

荷物が増えたタイミングで、ドローコードを結んで斜めがけにチェンジ。両手が空くのでレジやエスカレーターも快適でした。

そして何より外ポケットが神仕様！パンパンの長財布もラクラク入り、スナップボタンがあるので傾いても落ちません。中に付いているキーリングには交通ICカードやキーケースを付けると超便利。サッと取り出して使用→すぐ戻せるのに中で動かないおかげでスムーズに行動でき、正直感動しました！
撥水加工で汚れにくいけど…注意ポイントも
バッグの表面には撥水加工が施されているため、小雨程度ならしっかり中身を守ってくれます。水滴や汚れも拭き取りやすく、店舗スタッフの方も「撥水加工で汚れがつきにくいので、色の薄いアイボリーも人気」とおっしゃっていました。

ただし、家庭での洗濯やクリーニングには対応していないので要注意。汚れが付いたらすぐにケアするのがおすすめです。

また、柔らかい素材のため重い荷物を入れると形が崩れやすく、詰め込みすぎると優秀な外ポケットの使い勝手が落ちる点も個人的に少し気になりました。

とはいえ、総合的にはとても使いやすく、ファッションや気分に合わせてアレンジできる楽しさもあり、お出かけが楽しくなるバッグだと感じました！

＊

ファッション性と機能性のバランスが絶妙なBAYFLOWのトートバッグ。普段はシンプルなリュックや機能派ショルダーバッグを使う方にこそおすすめしたいアイテムでした！

シンプルなワンピースに斜めがけきんちゃくで遊び心をプラスしたり、パンツスタイルでもドローコードを垂らして抜け感を演出したりと幅広い使い方ができるので、コーディネートがもっと楽しくなりますよ♪

ぜひチェックしてみてくださいね。

※掲載情報は執筆当時のものです。
※デザイン・価格・種類数等は変更となる場合があります。
※商品入れ替えや売り切れの場合はご容赦願います。

(ハピママ*)

ユキッ先生",[],[]
ゆるかわ大人気♪「mojojojo」がBREEZEとコラボ！ 大人も使える新作アイテムが登場（ぴあ）,https://news.yahoo.co.jp/articles/d015da3c1a40b25ae69cc733920c58c711685077,https://newsatcl-pctr.c.yimg.jp/t/amd-img/20251025-00010009-piaeigat-000-1-view.jpg?exp=10800,2025-10-25T21:01:57+09:00,2025-10-25T21:01:57+09:00,ぴあ,piaeigat,ぴあ,837,"「mojojojo×BREEZE」
「ゆるくてかわいい」とSNSを中心に爆発的に人気を博している、ぬいぐるみ・雑貨ブランド「mojojojo（モジョジョジョ）」。
【全ての画像】「mojojojo×BREEZE」コラボアイテムの写真（全15枚）
2025年10月17日よりキッズブランド「BREEZE（ブリーズ）」とのコラボレーションが始まりました！

「mojojojoといつもいっしょ」をコラボテーマとした本企画。キッズアイテムはもちろん、大人が使えるアイテムもたくさん発売されるんですよ～！
「mojojojo×BREEZE」コラボ！大人が使えるアイテムは？
キッズサイズのセーターやトレーナー、ベビー用のボディオールなど、BREEZEならではのコラボアイテムがラインナップされた本コラボレーション。

大人用アイテムとして、「mojojojo転写トレーナー（オトナ）」や「mojojojoソックス（オトナ）」が登場します！

人気のぬいぐるみたちが転写でプリントされたトレーナーは、淡いカラーや配色感にもこだわりが。

少し立体的になったソックスは、足首につけられた、モチーフのサガラワッペンがめちゃかわです♪

また、雑貨アイテムも豊富で、ぬいぐるみのお顔がそのまま巾着になった「mojojojoモチーフ巾着S」、一緒にお出かけできそうなサイズ感の「mojojojoぬいぐるみ」、バッグやリュックにつけられる「mojojojoチャーム」、さらにギンガムチェックがかわいい「mojojojo転写トートバッグ」や「mojojojo転写巾着S」まで。

mojojojoならではのやわらかくてポップな色感の「mojojojo総柄ブランケット」も秋冬のおうち時間が楽しくなりそうです！

＊

商品は、BREEZE一部店舗とオンラインストアにて発売中！取扱店は公式サイトよりご確認くださいね。

※価格はすべて税込みです。

(mimot.(ミモット))

伊東 ししゃも",[],[]
【東京ディズニーリゾート】限定グッズがもらえるXmasメニュー登場！ パークに入らず楽しめる美麗イルミも♪（ぴあ）,https://news.yahoo.co.jp/articles/efa96ff0ff2255d3246c46d3e6dac85dfdcad003,https://newsatcl-pctr.c.yimg.jp/t/amd-img/20251025-00010008-piaeigat-000-1-view.jpg?exp=10800,2025-10-25T20:30:55+09:00,2025-10-25T20:30:55+09:00,ぴあ,piaeigat,ぴあ,887,"東京ディズニーリゾートスペシャルイベント「ディズニー・クリスマス」
東京ディズニーリゾートでは、スペシャルイベント「ディズニー・クリスマス」を、2025年11月11日（火）から12月25日（木）まで開催します。
【全ての画像】スペシャルイベント「ディズニー・クリスマス」メニュー写真ほか（全64枚）
ディズニーホテルで楽しめるクリスマスデコレーションやメニューをご紹介します。
パークに入らず楽しめる！ディズニー・クリスマスのデコレーション
東京ディズニーリゾート内外にある全6つのディズニーホテルが、それぞれのホテルのテーマに合わせたクリスマスデコレーションやイルミネーションで彩られます。

ディズニーアンバサダーホテルや東京ディズニーシー・ホテルミラコスタ、東京ディズニーランドホテルには、ホテルのエンブレムやオーナメントが飾られたクリスマスツリーが登場。

優雅なクリスマスのムードを、パークの外でも楽しめます。

東京ディズニーシー・ファンタジースプリングスホテルにも、館内のクリスマスツリーが置かれ、メインエントランス周辺ではシャンパンゴールドのイルミネーションが輝きます。

東京ディズニーリゾート・トイ・ストーリーホテルでは、オーナメントやリースが飾られ、ホテルの外からでも、クリスマスムードいっぱいの看板を見ることができます。
限定グッズがもらえるクリスマスメニュー
ディズニーホテルでは、クリスマスのスペシャルメニューが、一足早く2025年11月1日（土）より登場。

ディズニーアンバサダーホテルには、ここだけのグッズがもらえるメニューもあります。

エンパイア・グリルのクリスマスコースは、メニューに合わせてミッキーやミニー、チップとデールのチャームをプレゼント。

サンタ姿のミッキーたちがクリスマスの飾り付けを楽しむデザインのチャームです。

ハイピリオン・ラウンジでは、クリスマスの妖精“リルリンリン”のチャームがもらえます。

さらにコースターがもらえるドリンクも。

数量限定なので、お見逃しなく!

(ディズニー特集 -ウレぴあ総研)",[],[]
チケットぴあ主催の若手アーティストイベント『Grasshopper』、第37弾に至福ぽんちょ、「夜と同時に、動き出す。」、NOIMAGEが出演！（ぴあ）,https://news.yahoo.co.jp/articles/867dd7302e1cf7c46c56611fed4f1b0f641dd41d,https://newsatcl-pctr.c.yimg.jp/t/amd-img/20251025-00010007-piaeigat-000-1-view.jpg?exp=10800,2025-10-25T20:03:38+09:00,2025-10-25T20:03:38+09:00,ぴあ,piaeigat,ぴあ,1360,"『Grasshopper vol37』フライヤー画像
チケットぴあの若手社員による、若手アーティストを応援するための対バンイベント『Grasshopper』の第37弾の開催が決定した。
至福ぽんちょ「優しさ」MVほか
今回は12月15日(月)に東京・下北沢CLUB Queにて開催。至福ぽんちょ、「夜と同時に、動き出す。」、NOIMAGEの3組が出演する。

チケットは10月25日(土)20時から発売開始。

『Grasshopper』は、チケットぴあが主催する、次世代音楽シーンを担う若手アーティスト同士による対バンイベント。 制作チームはぴあの20代若手社員で構成されており、『若い世代により、若手アーティストが羽ばたけるようにプッシュするイベント』を目標に活動している。

2021年11月に東京・下北沢CLUB Queで『Grasshopper vol.0』を開催して以来、2022年4月からは下北沢、新宿、渋谷、関西など様々な会場にて毎月イベントを開催。
2024年10月にはPIA MUSIC COMPLEX（通称：ぴあフェス）とのコラボイベントとして『Crazy Jump 2024』、2025年2月にはミニサーキット『Jump Higher 2025』を開催し、若手シーンを牽引するアーティストをプッシュするイベントを続けている。

【担当コメント】
チケットぴあ主催の若手イベント『Grasshopper』の第37弾、『Grasshopper vol.37』の開催が決定しました！
今回は至福ぽんちょ、「夜と同時に、動き出す。」、NOIMAGEが出演します。どのバンドも若い世代の揺れ動く感情や日常のリアルを、心に真っ直ぐ届くギターロックサウンドに乗せて表現し、同世代から高い共感を得ているバンドです。
その率直で等身大なメッセージに、だれもが共感すること間違いなし！ぜひライブハウスにお越しください！！

【至福ぽんちょ】
おすすめMV：「優しさ」
疾走感のあるギターロックに載せた切なさも感じるメロディと歌詞が印象的な一曲。
ラスサビに一瞬入ってくるツービートなど、バンドのホームやルーツを強く感じる熱い楽曲展開も必見！
平均年齢19歳とは思えない表現力と勢いを見逃すな！

【「夜と同時に、動き出す。」】
おすすめMV：「記憶を消して」
キャッチーなギターリフと恋愛の未練がリアルに描かれた歌詞に初っ端から心をつかまれる一曲。
エネルギッシュなサウンドと共感できる歌詞は生で聴くとさらにグッとくる。
音源はもちろん、ライブでの爆発力にも注目のバンドです！

【NOIMAGE】
おすすめMV：「いぬかぶり」
一度聴いたら口ずさめるメロディと、広島の方言も交えた等身大の歌詞に親近感を覚える1曲。
スリーピースならではのシンプルで真っ直ぐ届くサウンドと真っ直ぐな歌詞での直球勝負！
幼馴染3人による軽快なライブには笑顔がこぼれるはず！

＜イベント情報＞
『Grasshopper vol.37 supported by チケットぴあ』
2025年12月15日(月) 東京・下北沢CLUB Que
開場 18:30／開演 19:00
出演：至福ぽんちょ／「夜と同時に、動き出す。」／NOIMAGE",[],[]
【しまむら】トムとジェリーのおしゃれ可愛い「大容量トート＆コインケース」出たよ！【正直レビュー】（ぴあ）,https://news.yahoo.co.jp/articles/deb1f7f0df1a63481112c7fb425b959c2727322e,https://newsatcl-pctr.c.yimg.jp/t/amd-img/20251025-00010006-piaeigat-000-1-view.jpg?exp=10800,2025-10-25T20:03:24+09:00,2025-10-25T20:03:24+09:00,ぴあ,piaeigat,ぴあ,1977,"メンズ　トートバッグ（TOM and JERRY）
2025年9月27日（土）より、ファッションセンターしまむらから人気キャラクター「トムとジェリー」の新作グッズが続々と登場しました！
【全ての画像】しまむら「トムとジェリー」新作グッズの写真（全31枚）
アパレルから雑貨まで幅広くラインアップされており、今回はその中から、かわいくて実用的な「トートバッグ」と「コインケース」を詳しくご紹介します。
【しまむら×トムとジェリー】トートバッグとコインケースを徹底レビュー！
1：メンズ トートバッグ（TOM and JERRY）品番：238−0727
トートバッグの価格は、税込1,969円。2,000円以下というリーズナブルプライスがうれしいですよね♪

カラーはアイボリーとブラックの2色展開で、デザインもそれぞれ異なります。

アイボリーはトム＆ジェリー＆タフィー、ブラックはジェリー＆タフィーのデザインです。

今回はアイボリーをチョイスしました。

素材は、綿100％。厚手で丈夫なコットンキャンバス生地が◎。

トム＆ジェリー＆タフィーの後ろ姿のサガラ刺繍入りデザインがとってもキュート！トムとジェリーの後ろ姿のデザインはよく見かけますが、今回はなんとタフィーも仲間入りしています。もこもこのサガラ刺繍の風合いがかわいくGood！

一見仲が良さそうな3人の姿が描かれていますが、ジェリーとタフィーはハンマーを持っているところも注目！喧嘩するほど仲が良い、3人の関係性がよく表されているところもファンにとってはたまりませんね♪

上部には「TOM and JERRY」のロゴ刺繍入りで高級感たっぷり。さらに下部には「BEST FRIENDS FOREVER」の刺繍も！3人の友情に思わずウルッとしてしまいそうな胸熱ロゴ入りなのも推しポイントのひとつです。

サイズは（約）縦42×横42（最大）×マチ12cm。A4サイズの書類や13インチのノートPCもラクラク収納できる大きさです。

持ち手の長さは（約）62cmと長めで、肩がけが可能。

内側には大きめサイズの吊りポケットが1つついており、細々したものの整理に便利です。

今回は外出先で仕事をする際の荷物を入れてみましたが、想像以上の収納力に感動…！

大容量なので、デイリー使いはもちろん、休日のレジャーやお出かけにも活躍します。
2：コインケース（TOM and JERRY）品番：238-0741
「コインケース（TOM and JERRY）」の価格は、税込1,089円。

カラーはグレーとブラックの2色展開で、デザインもそれぞれ異なります。今回は、グレーをチョイスしました。

素材はポリエステル。ラウンドフォルムがキュートなコインケースです。

大きなチーズを持ってお顔が隠れているジェリーの姿が刺繍で描かれており、なんともキュート！細部まで美しい刺繍で、クオリティもGood！

上部にはキーホルダー付きで、バッグなどにつけて持ち歩けるところもうれしいポイント。前項でご紹介したトートバッグにつけるとかわいさマシマシになるのでおすすめです！

キーホルダー部分には、ホワイト×レッド×ブラックの「TOM and JERRY」のラバー素材のロゴチャーム付きなのも◎。

サイズは（約）直径10.5×マチ巾1.7cm。二つに折った紙幣とコインが収納可能なので、ミニバッグでお出かけするときのお財布として使うのもおすすめです。

また、コインケースとしてではなくポーチとして使ってもOK！口紅やイヤホン入れとしてもぴったりです。

＊

しまむらで買えるトムとジェリーの最新グッズの中から、トートバッグとコインケースをご紹介しました。

どちらもかわいいデザインだけでなく、実用性も抜群！リーズナブルプライスなのもうれしいポイントです。

残念ながら、しまむら公式オンラインショップでは既に販売が終了していますが、10月9日時点では店頭に在庫がある店舗もあります。

しまむらのアプリでは品番が分かればお近くのお店の在庫検索が可能です。（トートバッグ品番：238-0727、コインケース品番：238-0741）

今回ご紹介した2点はメンズの商品になるので、お店ではメンズの売り場に置かれています。注意してくださいね。

しまむらでは店舗間での取り寄せも可能なため、お近くの店舗で見つけられなかった場合は店員さんに取り寄せをお願いしてみましょう。

気になった方は、ぜひしまむらのお店でチェックしてみてくださいね！

※品切れの際はご了承ください。
※数に限りがあります。商品入れ替えや売り切れの場合はご容赦願います。

(mimot.(ミモット))

Hanako Iguchi",[],[]
【2025冬限定】ヒルトン東京お台場「ウィンターホリデー ビュッフェ」開催！ローストビーフ・A5ランク仙台牛・ブッシュドノエル、冬のごちそう食べ放題！（ぴあ）,https://news.yahoo.co.jp/articles/f1ba1bd179586c7e7f09866c26c475bc05409a36,https://newsatcl-pctr.c.yimg.jp/t/amd-img/20251025-00010005-piaeigat-000-1-view.jpg?exp=10800,2025-10-25T19:02:54+09:00,2025-10-25T19:02:54+09:00,ぴあ,piaeigat,ぴあ,1816,"ヒルトン東京お台場「ウィンターホリデー ビュッフェ」ローストビーフ トリュフソース
ヒルトン東京お台場「シースケープ テラス・ダイニング」にて、「ウィンターホリデー ビュッフェ」を、2025年11月17日（月）より開催します。
ホリデーシーズンを華やかに演出する王道メニューから、特別な日にふさわしい贅沢な料理まで、バラエティ豊かなメニューをビュッフェスタイルで楽しむことができます。
【全画像】ヒルトン東京お台場「ウィンターホリデー ビュッフェ」必見の内容を紹介!!
メイン料理には、クリスマスに欠かせない「ローストチキン」はもちろん、見た目にもダイナミックな「黒豚のトマホーク プッタネスカソース」など、パーティにふさわしいラインアップが登場。

期間限定メニューとして、A5ランク仙台牛の「ビーフシチュー」、クリーミーで濃厚な旨みの「フォアグラテリーヌ」など、豪華なメニューが勢ぞろい。

ライブステーションでは、芳醇なトリュフソースで味わう「ローストビーフ」や、切り立ての生ハム「ハモンセラーノ」とフルーツを合わせた一品（ディナータイム限定）などが並びます。

さらにデザートには、伝統的なクリスマススイーツ「ブッシュ・ド・ノエル」や「シュトーレン」をはじめ、祝祭感あふれるスイーツが揃います。

この食べ放題は相当豪華！ 至福の冬のひとときをヒルトン東京お台場で過ごしてみてはいかがでしょうか。
おすすめメニュー紹介
【メイン料理】
・ローストチキン グランヴヌールソース
・黒豚のトマホーク プッタネスカソース
・フォアグラテリーヌ（※12/20～12/25ディナー限定）
・A5ランク仙台牛を使ったビーフシチュー（※ディナー限定）

【シェフサービスメニュー】
・ローストビーフ トリュフソース
・溢れるチーズソースパングラタン
・国産牛ローストビーフ トリュフソース・フォアグラソテー
（※12/20～12/25ディナー限定・1名につき1皿提供・チケット制）
・ハモンセラーノ いちご・カッテージチーズ・バルサミコ（※ディナー限定）

【デザート】
・ブッシュ・ド・ノエル チョコレート
・ショートケーキ
・シュトーレン
・プロフィットロール（※ディナー限定）
・ブラウニー（※12/20～12/25 ディナー限定）
「ウィンターホリデー ビュッフェ」開催概要
【期間】2025年11月17日（月）～2026年1月31日（土）
【場所】シースケープ テラス・ダイニング（2F）
【時間】
・ランチ 11:30～13:00／13:30～15:00
・ディナー 17:30～19:00／19:30～21:00
※ランチ・ディナーともに90分制

【料金】
〈ランチ〉
・平日：大人 6,200円／小学生 3,000円／幼児（4～6歳）1,500円
・土日祝（12/31～1/4）：大人 7,200円／小学生 3,000円／幼児（4～6歳）1,500円

〈ディナー〉
・平日：大人 7,500円／小学生 4,000円／幼児（4～6歳）2,300円
・土日祝（12/31～1/4）大人 8,900円／小学生 4,000円／幼児（4～6歳）2,300円
・12/20～25：大人 10,000円／小学生 5,000円／幼児（4～6歳）3,000円

※12月中の毎週土曜日と12/24のディナータイムは、特別プランを販売（後日公式サイトにて詳細公開）
※0～3歳は無料
※表示料金はすべて税金・サービス料込み

【問合せ・予約】
TEL：03-5500-5580（レストラン総合案内）10：00～20：00
土日祝限定「ウィンタースイーツ ビュッフェ」概要
土日祝15：30～17：00の時間帯は、スイーツを存分に楽しめるビュッフェが開催されます。

「ブッシュ・ド・ノエル」や「シュトーレン」など、クリスマスならではのスイーツに加え、「ピスタチオのムース」や「ブランマンジェとベリー」などのデザートが並びます。

【期間】2025年11月17日（月）～2026年1月31日（土）の土日祝日
※12月中の毎週土曜日、1/3、1/4は除外
【時間】15：30～17：00
【料金】大人：4,500円/小学生：3,000円/幼児（4～6歳）：1,500円
※0～3歳は無料
※表示料金はすべて税金・サービス料込み
(うまいめし)",[],[]
ディズニー・ハロウィーン2025「おねむなゴースト」デザインの新作グッズが話題！ 蛍光素材で暗闇でも楽しめる（ぴあ）,https://news.yahoo.co.jp/articles/b24761706d6984c5632ab6b45b6091a485399c58,https://newsatcl-pctr.c.yimg.jp/t/amd-img/20251025-00010004-piaeigat-000-1-view.jpg?exp=10800,2025-10-25T18:03:55+09:00,2025-10-25T18:03:55+09:00,ぴあ,piaeigat,ぴあ,602,"【くっつきぬいぐるみ】 東京ディズニーリゾート「ディズニー・ハロウィーン」スペシャルグッズ　©Disney
東京ディズニーリゾートでは、スペシャルイベント「ディズニー・ハロウィーン」のスペシャルグッズを、2025年9月16日（火）から発売中。
【全画像】「ディズニー・ハロウィーン」限定商品をチェック♪
ゴーストデザインのファッショングッズをご紹介します。
暗闇で光るゴーストTシャツ
ビックシルエットのTシャツが登場。
ハロウィーンらしい、ゴーストいっぱいのデザインです。
黒Tシャツにいろいろな表情をしているゴーストをプリントしています。
ゴーストは蛍光素材になっていて、暗くなると光ります。
夜のパークまで楽しめるファッショングッズです。
ゴースト肩乗せぬいぐるみ
ゴーストのファッショングッズからは、くっつきぬいぐるみも登場します。
ゴーストの手の部分にクリップが付いていて、洋服やバッグの紐に付けられる仕様です。
肩につければ、ゴーストが肩の上ですやすやと眠っているみたい。
他にも、ブラックとピンクのゴースト2人が並んだぬいぐるみチャームセットも登場。
ほっぺにマグネットが付いていて、並べるとほっぺがくっつく可愛いデザインです。
※価格やデザイン、販売日、販売店舗、販売方法等は予告なく変更になる場合があります。また、品切れや販売終了となる場合があります
(ディズニー特集 -ウレぴあ総研)",[],[]
いっ休×美馬×小太郎『第2回 わくわく同期会』次代を担う同期落語家3人が集結（ぴあ）,https://news.yahoo.co.jp/articles/983dcebe438b7c0bf98c3083563543d69113f817,https://newsatcl-pctr.c.yimg.jp/t/amd-img/20251025-00010003-piaeigat-000-1-view.jpg?exp=10800,2025-10-25T18:03:41+09:00,2025-10-25T18:03:41+09:00,ぴあ,piaeigat,ぴあ,795,"『第2回 わくわく同期会 ～二ツ目昇進から2年！～』ビジュアル
映画・音楽・舞台など各ジャンルのエンタメ通＝水先案内人が、いまみるべき公演を紹介します。

【水先案内人 橘蓮二のおススメ】
どんなジャンルに於いても、数多くの逸材が固まって現れる世代がある。近年の落語界では2023年前後に二ツ目昇進を果たした年代がそれにあたる。個性豊かな才能が備わっていることは言うに及ばずだが、明確に共通しているのは予期せぬコロナ禍の甚大な影響で、否応なしに先が見通せない長い前座修業（通常約3年のところ約5年）を経験したことだ。故にこの世代の二ツ目さんは非常に危機感を持って、ひとつひとつの高座を大事に集中力を持って臨んでいることが伝わってくる。

春風亭いっ休さん、鈴々舎美馬さん、柳家小太郎さん。2023年11月上席より二ツ目昇進した同期三人が11月6日(木)（19時開演 18時30分開場）らくごカフェにて『第2回 わくわく同期会 ～二ツ目昇進から2年！～』を開催する。

いっ休さんは、繊細且つ芯の強い語り口と聴き手の気持ちが温かくなる柔らかな風情がとても心地よい。また美馬さんは、高い技術を土台に天性の華やかさが加わり、昇進直後からあっという間に頭角を現し、現在二ツ目さんの中でもトップクラスの人気者になっている。そして他協会の若手からも世代屈指の巧さで注目されている小太郎さんの落語力の安定感と進化はここ最近目覚ましいものがある。

将来の落語界の中心になる世代が奮闘する会を観る喜びは落語ファンにとっても演芸写真家にとっても格別である。お見逃しなく！


＜公演情報＞
『第2回 わくわく同期会 ～二ツ目昇進から2年！～』
11月6日(木) 東京・らくごカフェ
開場 18:30　開演 19:00

■出演
春風亭いっ休
鈴々舎美馬
柳家小太郎

■チケット
予約・当日とも：2,500円",[],[]
【ゴンチャ秋限定“RED HALLOWEEN”】りんごゼリー×クランベリーのデザートティー＆ほうじ茶シリーズを紹介♪（ぴあ）,https://news.yahoo.co.jp/articles/2363e5aad01c50149c0bb3d61adf823eee3076c9,https://newsatcl-pctr.c.yimg.jp/t/amd-img/20251025-00010002-piaeigat-000-1-view.jpg?exp=10800,2025-10-25T13:00:12+09:00,2025-10-25T13:00:12+09:00,ぴあ,piaeigat,ぴあ,1367,"【ゴンチャの新作】ハロウィンドリンク
グローバルティーカフェブランド「ゴンチャ」から、秋の新商品が登場。

ハロウィンシーズンにあわせ、2025年10月9日（木）より期間限定で発売されたのは「りんごとクランベリー」のデザートティー3種類！
【全写真】ゴンチャの新作ハロウィンドリンク！大注目の限定秋色ドリンクのビジュアルが映える♪
「RED HALLOWEEN」をテーマにした特別なドリンクをご紹介します！
ゴンチャの秋は「RED HALLOWEEN」がテーマ！
ゴンチャの赤をキーカラーに用いた、ちょっぴり遊び心のある「RED HALLOWEEN」。

華やかな香りのアールグレイティーをベースに、りんごとクランベリーの甘みと酸味の絶妙なバランスが楽しめる、3種類の真っ赤なデザートティーが登場します。

ラインナップは、やさしい味わいのミルクティー、すっきりした味わいのティーエード、シャリシャリ食感のフローズンがたまらないジェラッティー！

どのドリンクにもシャキシャキ食感を楽しめるりんご果肉を閉じ込めたゼリーと、甘酸っぱい濃厚なクランベリーソースを合わせています。

りんごゼリーは、期間中はほかのドリンクにトッピングすることも可能！「マサラチャイ ミルクティー」や「阿里山ウーロンティー」に合わせるのがおすすめだそうですよ♪
秋の「ほうじ茶」も登場中
ゴンチャでは、2025年9月25日（木）より、期間限定で「秋焙煎ほうじ茶」も登場中。

レギュラーメニューで人気のほうじ茶よりも、さらに強めに焙煎した茶葉をブレンド。香ばしさがより際立つ味わいに仕上げています。

旨みと香りが凝縮した一番摘みの茶葉を使用し、じっくり熟成させることで、口当たりはまろやかに、後味には奥行きを感じる1杯に！

「秋焙煎ほうじ茶 黒糖ミルクティー」と「秋焙煎ほうじ茶 ミルクティー(ICED/HOT)」の2種類です。ぜひこちらもお試しくださいね。
「RED HALLOWEEN」開催にあたり、ゴンチャファンとしても知られる、ポップクリエイターのあさぎーにょさんとのコラボレーション企画も。

コラボレーションキャンペーンにも注目です。

また、ららぽーと豊洲店・秋葉原中央通り店では、10月2日（木）より「りんごとクランベリー」シリーズを販売！さらに商品取扱全店にて、10月6日（月）からモバイルオーダー中！

今年の秋は、ゴンチャでおいしく楽しいハロウィンを過ごしてみませんか？

【商品概要】
りんごとクランベリー ミルクティー（ICED/M） 650円
りんごとクランベリー ティーエード（ICED/M） 650円
りんごとクランベリー ジェラッティー（FROZEN/M）680円
りんごゼリー 90円
※追加トッピングは2つまで可能
※ジェラッティーは甘さ・氷の量の変更はできません

秋焙煎ほうじ茶 黒糖ミルクティー ICED/M 670円
※氷の量を選択できません
※追加トッピング2つまで可能です
秋焙煎ほうじ茶 ミルクティー ICED：S 540円 M 590円 L 680円 ｜ HOT：S 540円 M 590円
※追加トッピング3つまで可能です

※価格はすべて税込みです。
(mimot.(ミモット))　伊東 ししゃも",[],[]
【大人4名につき1名無料！】ホテルプラザ神戸「SORA」で秋グルメが食べ放題！モンブランやズワイガニも登場♪（ぴあ）,https://news.yahoo.co.jp/articles/3ddaccd425a3ac73cb1c6076aa5d3827111694ef,https://newsatcl-pctr.c.yimg.jp/t/amd-img/20251025-00010001-piaeigat-000-1-view.jpg?exp=10800,2025-10-25T12:03:45+09:00,2025-10-25T12:03:45+09:00,ぴあ,piaeigat,ぴあ,1706,"「仔羊モモ肉のガーリックロースト」
ホテルプラザ神戸の最上階ににあるバイキングレストラン「SORA」では、2025年10月1日（水）～10月31日（金）の期間、秋の味覚を堪能できる新メニューが登場。また「お客様感謝企画」として特別なキャンペーンが実施中。
【全画像】秋の味覚満載の豪華ビュッフェ「SORA」のメニューを写真でチェック！
キャンペーン期間中は、公式サイトからの予約限定で、大人4名で来店すると1名分の料金がなんと無料に！

4名ごとに1人が無料になるので、大人数での利用がよりお得に楽しむことができます。

またお肉料理を中心に、秋野菜や旬の食材をふんだんに使用した彩り豊かなメニューも新登場。

シェフが腕を振るう出来立ての料理に加え、「SORA」自慢のデザートコーナーには、栗・かぼちゃ・いちじくなど、秋ならではのスイーツが勢ぞろいします。

さらに11月からは、毎年人気を集めているズワイガニ食べ放題もスタート。

この豪華内容で、1名無料は太っ腹すぎる！ ぜひ利用してみては？
「お客様感謝企画」概要
〈開催期間〉2025年10月1日（水）～10月31日（金）

〈利用条件〉
・大人4名につき1名無料です。（例：8名で来店の場合は2名分が無料となります。）
・本キャンペーンは公式サイトからの事前予約限定です。

〈注意事項〉
※対象はランチおよびディナーの大人・シニアが対象です。
※ドリンク、追加オーダー、小学生以下は対象外です。
※他の割引・特典との併用はできません。
ディナーバイキングの営業時間・料金
〈営業時間〉
17:30～21:00（最終入店20:00／90分制）
※2025年10月より営業日が変更になり、金・土・日・祝日のみの営業となります。

〈料金〉
大人：（平日）5,000円 （土・日・祝日）5,500円
シニア：（平日）4,500円 （土・日・祝日）5,000円
小学生：（平日）2,500円 （土・日・祝日）3,000円
幼児：大人1名の利用につき1名まで無料
※大人同伴の人数を超える場合は、1名1,000円（税込）

〈メニュー例〉
・目の前で揚げたて串カツ
・仔羊モモ肉のガーリックロースト
・〈土日祝日限定〉バーベキュードチキン
・アップルチキングリル
・冷製ローストビーフサラダ
・合鴨パストラミサラダ
・彩野菜と小エビのタコス

【オプション】
◼︎ズワイガニ食べ放題

〈料金〉
大人・シニア：＋2,500円
小学生：＋2,000円
ランチバイキングの営業時間・料金
〈営業時間〉
11:00～14:00（最終入店13:00／時間制限90分）
※2025年10月より営業日が変更になり、土・日・祝日のみの営業となります。

〈料金〉
大人：4,500円
シニア：4,000円
小学生：2,500円
幼児：大人1名の利用につき1名まで無料
※大人同伴の人数を超える場合は、1名1,000円（税込）

〈メニュー例〉
・目の前でジュワッと揚がる神戸洋食の贅沢ビフカツ
・兵庫県産牛肉のすき焼き

【オプション】

◼︎ズワイガニ500g
料金：2,500円
※ランチバイキングでは、ズワイガニは食べ放題ではありません。
会場概要
◆ホテルプラザ神戸
所在地：神⼾市東灘区向洋町中2丁⽬9番1号（六甲アイランド内）
電話：078-846-5400
新メニュー紹介
◆しぼりたてモンブラン
芳醇な栗の香りと口どけをその場で楽しめる特別メニューです。ランチ・ディナーともに、ライブ感あふれる演出で提供してくれます。

〈提供時間〉
・ディナー 18:30～19:00／19:45～20:15
・ランチ 12:00～12:30／13:00～13:30

※写真はイメージです。
※営業日の詳細はHPをご確認ください。
※人数や要望に応じて、営業日について相談可能。
※料金は消費税・サービス料を含みます。
※バイキング会場・時間は予告なく変更になる場合があります。
※気候や食材の仕入れ状況により、メニュー内容が変更となる場合があります。
(うまいめし)",[],[]
福山雅治、『福山☆冬の大感謝祭 其の二十三』をKアリーナ横浜で4days開催（ぴあ）,https://news.yahoo.co.jp/articles/6ecdecc3910d2753dec2020347b47dd05374b540,https://newsatcl-pctr.c.yimg.jp/t/amd-img/20251025-00010000-piaeigat-000-1-view.jpg?exp=10800,2025-10-25T10:01:17+09:00,2025-10-25T10:01:17+09:00,ぴあ,piaeigat,ぴあ,315,"告知画像
福山雅治が、12⽉27⽇(土)、28⽇(日)、30⽇(火)、31⽇(水)の4日間、神奈川・Kアリーナ横浜にて恒例の『福山☆冬の大感謝祭 其の二十三』を開催する。

福山雅治は、全6公演20万人を動員した35周年ドームライブが終了したばかり。

10月27日(月) 23:59までぴあ特別先行受付を実施中。

＜公演情報＞
『福山☆冬の大感謝祭 其の二十三』
神奈川・Kアリーナ横浜
12月27日(土) 開場 14:30 / 開演 16:00
12月28日(日) 開場 13:30 / 開演 15:00
12月30日(火) 開場 13:30 / 開演 15:00
12月31日(水) 開場 13:30 / 開演 15:00",[],[]
