headline,mainEntityOfPage,image,datePublished,dateModified,author,media_en,media_jp,str_count,body,images,external_links
東海テレビが小島会長の辞任を発表 週刊誌でセクハラ疑惑報じられる 当時同席の林社長は報酬の一部を自主返納（東海テレビ）,https://news.yahoo.co.jp/articles/b98864f222a2593db64d6d0bc5f517fa7fa05030,https://newsatcl-pctr.c.yimg.jp/t/amd-img/20251224-90044032-tokaiv-000-1-thumb.jpg?exp=10800,2025-12-24T22:21:19+09:00,2025-12-24T22:21:19+09:00,東海テレビ,tokai,東海テレビ,256,"東海テレビ
東海テレビは24日、週刊誌でセクハラ疑惑が報じられた小島浩資会長の辞任を発表しました。

　弁護士を含む調査委員会は、週刊新潮が報じた小島浩資会長と元派遣社員との会食などについて、セクハラに当たる言動があったとは言えないとしつつ、「行動それ自体が極めて不適切だった」と指摘しました。

　調査報告を受けて小島氏は23日付けで会長を辞任し、会食に同席した林泰敬社長も報酬の一部を自主返納します。

　東海テレビは、改めて全ての従業員やスタッフを対象にハラスメントや職場環境についての調査をする方針です。",[],[]
ホームレス男性が低体温症で死亡…声掛けに応じないと通報も救急車出さず 書類送検された消防士3人を不起訴処分（東海テレビ）,https://news.yahoo.co.jp/articles/36417f85729d2c34b1485f171b86b9b46114adbd,https://newsatcl-pctr.c.yimg.jp/t/amd-img/20251224-90044031-tokaiv-000-3-view.jpg?exp=10800,2025-12-24T21:05:18+09:00,2025-12-24T21:49:02+09:00,東海テレビ,tokai,東海テレビ,426,"岐阜地検
救急車を出動させず、業務上過失致死の疑いで書類送検されていた消防士3人が、嫌疑不十分で不起訴になりました。
【動画を見る】大きな音でも衝突事故も…救急の現場が実感「救急車のサイレンに気付かれない」車の快適性やクレームも関係か
岐阜県土岐市で2025年1月、ホームレスの男性が声掛けに応じないという119番通報がありながら、土岐市消防本部の通信指令員が「寝とるだけやないか」などと救急車を出動させず、男性は次の日に低体温症で死亡しました。

　当時対応にあたった消防士3人は、業務上過失致死の疑いで書類送検されていましたが、岐阜地検は24日付けで3人を嫌疑不十分で不起訴処分としました。

「被害者が通報時に既に死亡していた可能性が排斥できない上、仮に死亡していなかったとしても、救急搬送により確実に救命可能であったと認めるに足りる証拠がない」としています。

　岐阜県警は、書類送検の際、検察に起訴を求める「厳重処分」の意見をつけていました。",[],[]
10年以上続くロングヒット…ローソンストア100の『選べるおせち』今年は鴨のスライスやカニの爪など含む全43種類（東海テレビ）,https://news.yahoo.co.jp/articles/596f7259fbf5f591dae35cc2a8253a7c41cb873d,https://newsatcl-pctr.c.yimg.jp/t/amd-img/20251224-90044027-tokaiv-000-1-view.jpg?exp=10800,2025-12-24T19:31:19+09:00,2025-12-24T19:31:19+09:00,東海テレビ,tokai,東海テレビ,707,"「選べるおせち」全種類を詰め込んだ五段重
若い人を中心におせち離れが進んでいますが、自分の好きなものだけ少しずつ選べる、108円から買えるおせちが人気を集めています。
【動画で見る】10年以上続くロングヒット…ローソンストア100の『選べるおせち』今年は鴨のスライスやカニの爪など含む全43種類
販売するのは、コンビニの「ローソンストア100」です。

商品開発本部の担当者：
「2012年から昨年までで、1950万食販売させていただいています」

　今年のラインナップは43種類。全種類を詰め込んだ五段重は、材料代が9180円とかなりお値打ち。

「鴨のスライス」や「豚のテリーヌ」、「カニの爪」など、従来のおせちにこだわらず、幅広い年齢に好まれるメニューも揃っています。中でも一番のおすすめが…。

担当者：
「本格的な味わいを楽しんでいただけるエビチリ。『四川料理の神さま』と呼ばれる陳建民さんの秘伝のタレを使用させていただいて」

　大きなエビが4尾入ったエビチリ、324円。中華好きの記者が味見してみると…。

（リポート）
「エビがぷりぷりで、後からピリッとくる辛さがおいしいです」

　物価高の中、価格を抑えられる理由について担当者は…。

担当者：
「工場のオフシーズン、閑散期を活用して製造しています。原料を1年ぐらい前から確保して」

　ほかにも、端の部分や規格外のものを活用するなどして、この価格を実現しているそうです。

担当者：
「和のおせちのイメージから、洋風や中華など様々な商品、品ぞろえの幅を広げた中で、幅広いお客さまに『選べるおせち』を選んでいただけるとありがたいと思っています」",[],[]
「そんな事もできんのか」警察署長の時に部下を叱責 “パワハラ行為”として59歳警視を訓戒処分 退職の意向示す（東海テレビ）,https://news.yahoo.co.jp/articles/7e071e9b7e081e4e3a0dff913a098f60f2d04090,https://newsatcl-pctr.c.yimg.jp/t/amd-img/20251224-90044030-tokaiv-000-1-view.jpg?exp=10800,2025-12-24T19:13:54+09:00,2025-12-24T19:13:54+09:00,東海テレビ,tokai,東海テレビ,325,"ニュースONE
警察署長が「そんな事もできんのか」と部下を叱責。パワハラ行為として訓戒処分です。

　岐阜県警本部の男性警視(59)は、多治見署長だった今年8月から10月にかけ、当時の部下4人に、「ふざけんな、てめえ」「そんな事も指揮できんのか」などと威圧的な叱責を繰り返していたということです。

　パワハラに関する相談が寄せられたことをきっかけに、11月14日付で多治見署長から本部警務部付けに異動となり、事実確認の調査が行われていましたが、12月24日付で訓戒処分となりました。

　聞き取りに対して「部下の能力を伸ばしたいと思い指導したが、うまく伝えられなかった」という説明をしていて、12月31日付で退職する意向を示しているということです。",[],[]
走行中の車から飛び降り死亡した町職員 遺族が主張する職場でのハラスメントを第三者委が認定「死亡との因果関係否定できない」（東海テレビ）,https://news.yahoo.co.jp/articles/f0c037344d84ce39f6d019ada195ee71d3096bde,https://newsatcl-pctr.c.yimg.jp/t/amd-img/20251224-90044028-tokaiv-000-1-view.jpg?exp=10800,2025-12-24T19:13:43+09:00,2025-12-24T19:13:43+09:00,東海テレビ,tokai,東海テレビ,316,"ニュースONE
職員の死亡とハラスメントとの因果関係は否定できない、と結論付けました。

　去年10月に三重県明和町の職員が走行中の車から飛び降り、その後死亡した事案を巡り、町は弁護士らでつくる第三者委員会を設置し、遺族が主張する職場でのパワハラとの因果関係について調査していました。

　委員会は24日、職員の上司が「仕事ができないのは持病のせいにしている」といった人格否定や長時間の叱責などを繰り返していたとして、死亡した職員へのハラスメント行為を認定したと発表しました。

　ハラスメント行為は職員がつけていた日記の内容とヒアリングした同僚の証言が一致したなどとした上で、職員の死亡との因果関係は否定できないと結論付けました。",[],[]
記録的大雨で水没した地下駐車場 浸水した車274台の所有者に国が一定の金銭を支払う方針 駐車場の一部は国交省所有（東海テレビ）,https://news.yahoo.co.jp/articles/c80ca152df3b364354b67f5b90b8e55ab230bc04,https://newsatcl-pctr.c.yimg.jp/t/amd-img/20251224-90044026-tokaiv-000-1-thumb.jpg?exp=10800,2025-12-24T19:04:07+09:00,2025-12-24T19:04:07+09:00,東海テレビ,tokai,東海テレビ,501,"東海テレビ
大雨で水没した三重県四日市市の地下駐車場。浸水した車の所有者に、国が一定の金銭を支払う方針を示しました。

　9月の記録的大雨で水没した四日市市の地下駐車場「くすの木パーキング」を巡っては、復旧などを検討する委員会のこれまでの調査で、車の出入り口2か所の止水板を上げる装置が4年前から故障していたことが明らかになっていました。

　駐車場の一部は国土交通省の所有で、委員会は24日に公表した最終報告で、「国が適切な措置を講じていれば、浸水を一定程度軽減できた可能性は否定できない」と結論付けました。

　これを受けて、国交省三重河川国道事務所の大吉雄人所長は24日、会見で改めて謝罪し、駐車場で浸水した274台の車の所有者に、国が一定の金銭を支払う方針を示しました。

大吉雄人所長：
「（止水板の故障が）今回の浸水拡大の一因になってしまったこと、すべて含めて重く受け止めている。それについて反省し、利用者の方々にはおわびを申し上げる」

　金額については現時点で決まっておらず、車種や被災の程度などを考慮して検討されるということで、国交省は1月、車の所有者に説明の場を設けるとしています。",[],[]
周辺から気になる“証言”が…70代運転の車が縁石乗り越え家の壁と電柱に衝突 乗っていた96歳女性が死亡し娘夫婦も重傷（東海テレビ）,https://news.yahoo.co.jp/articles/570ab0fd8386cef89ae7cbc90f62474c1470dc30,https://newsatcl-pctr.c.yimg.jp/t/amd-img/20251224-90044029-tokaiv-000-1-thumb.jpg?exp=10800,2025-12-24T19:01:13+09:00,2025-12-24T19:01:13+09:00,東海テレビ,tokai,東海テレビ,740,"東海テレビ
愛知県瀬戸市で高齢の男女3人が死傷した事故。現場を取材すると、周辺の住民からある気になる「証言」を耳にしました。

　道路に面した商業施設の立体駐車場。事故はここを出た際に起きました。

　23日午前10時40分ごろ、立体駐車場から出てきた1台の乗用車。左折しようとしていたとみられていますが、何らかの原因で縁石を乗り越え、前方にある住宅の外壁と電柱に衝突しました。
ニュースONE
乗用車に乗っていたのは、高齢の男女3人です。後部座席に乗っていた96歳の長江つた枝さんは、胸などを強く打ち死亡。また、運転席と助手席にいた長江さんの娘夫婦(70代)も、肩の骨を折るなどの重傷を負いました。

　3人が死傷した痛ましい事故。現地を取材すると、周辺の住民から気になる証言を耳にしました。

壁に被害を受けた住人：
「木が植えられているから、見通しもよろしくない。前もあったんです。ここを出てくる時に、その縁石にぶつかったとかあったような」

近所に住む高校生：
「見通し悪いです。よく車がここに止まっていたりするので、向こう（坂の上）から来る車と、こっち（駐車場）から来る車が合わないかなと。車が止まっていると見えないので」

　今回の現場では、これまでも度々事故が起きていたというのです。以前から指摘されていたという見通しの悪さ。実際に車で通ってみました。
ニュースONE
（リポート）
「見通しは悪いですね。今、駐車場から車が来ましたが、見通しが悪く、気付くのが遅くなりました」

　植物に視界を遮られ、駐車場から出て来る車が確認しづらいことが分かります。

　ただ、今回の事故との因果関係は分かっておらず、警察はブレーキとアクセルを踏み間違えた可能性も調べています。",[],[]
ランクルなど被害多い車種を紹介…警察が自動車販売店で車の盗難対策をレクチャー「見せる対策」は一定の効果（東海テレビ）,https://news.yahoo.co.jp/articles/495131377ae360fb97c23a7e2ddb32575dac1405,https://newsatcl-pctr.c.yimg.jp/t/amd-img/20251224-90044025-tokaiv-000-1-thumb.jpg?exp=10800,2025-12-24T18:42:12+09:00,2025-12-24T18:42:12+09:00,東海テレビ,tokai,東海テレビ,489,"東海テレビ
東海地方で急増している自動車盗。岐阜県警が24日、自動車販売店のスタッフに盗難対策をレクチャーしました。

「トヨタカローラネッツ岐阜 岐阜店」で開かれた研修会には、店のスタッフらおよそ50人が参加し、警察の担当者が『CANインベーダー』と呼ばれる装置を使った盗難の手口や、ランドクルーザーをはじめとする被害の多い車種を紹介しました。

　ブレーキペダルを踏み込めないようロックし、窃盗グループがエンジンをかけられないようにする対策グッズ。このブレーキペダルロックやハンドルロックは「見せる対策」として一定の効果があるということです。

トヨタカローラネッツ岐阜 岐阜店 井田進店長：
「トヨタの車は人気があるということで、犯罪に巻き込まれないように。お客さま自身も危機感を持っていただきたいと感じました」

　2025年の岐阜県内の自動車盗の被害は11月までに162件で、2024年の件数を既に35件上回っています。

※東海テレビ「ニュースONE」では、自動車盗についての取材を続けています。car@tw.tokai-tv.co.jp まで情報をお寄せください。",[],[]
『バーキン』が215万円で成立…買取店が集まる“激戦区”査定のイマ 高値が付きやすいブランドの共通点とは（東海テレビ）,https://news.yahoo.co.jp/articles/0d9a1702253443b3136e1ebcbad8a05e51f859a4,https://newsatcl-pctr.c.yimg.jp/t/amd-img/20251224-90044008-tokaiv-000-1-view.jpg?exp=10800,2025-12-24T18:26:30+09:00,2025-12-24T18:26:30+09:00,東海テレビ,tokai,東海テレビ,3233,"ニュースONE
多くの買取店が集まる名古屋・大須の激戦区で、プラチナや高級ブランドバッグの査定に密着しました。査定額に一喜一憂する利用者たち。買取現場の今に迫ります。
【動画で見る】『バーキン』が215万円で成立…買取店が集まる“激戦区”査定のイマ 高値が付きやすいブランドの共通点とは
■タンスから出てきたネックレス
舞台は、東京や大阪など全国に52店舗を展開している「ブランドオフ」名古屋大須店。査定を担当するのは、これまで総額9億円を査定してきた、買取歴18年のベテラン店長です。

まず、岐阜県から来た50代女性が持ち込んだのは、ネックレス。

女性：
「タンスの中から出てきた。もらってから、そのまましまっていた」
ニュースONE
ブランド品ではないため、査定額を左右するのは素材です。

店長：
「プラチナの850なので、純度85%のプラチナですね」

現在、貴金属の買取金額は軒並み高騰しています。例えば金は、2025年10月中旬に1グラムあたり2万3000円台と過去最高値を更新。20年前と比べて約15倍、2024年と比べても2倍と大きく値上がりしています。
ニュースONE
プラチナもそれに次いで価格が上昇し、10月には1グラムあたり9200円を超えました。

果たしてタンスに眠っていたプラチナのネックレスはいくらになるのでしょうか。

店長：
「13万5000円になります」

女性：
「はい、ありがとうございます」

13万5000円で買取成立です。
■母から譲り受けた「セリーヌ」のバッグ
続いては、名古屋市在住の20代女性。事前に商品の写真を送り、大まかな査定ができるLINE査定を利用したうえで来店しました。

女性：
「母のものですが」
ニュースONE
持ち込んだのは「セリーヌ」のウエストバッグ。約20年前に、母が祖母から譲り受けたもので、最近それを引き継いだものの、使う機会がなく買取に出したといいます。目立った大きな傷はなく、ライン査定では最高4万円でしたが。

店長：
「写真と現物では見え方が変わるので、その点を見させていただきますね」

写真では分からなかった細かな状態を確認すると…。
ニュースONE
店長：
「中の方が少し変色している。色焼けが少しありますので、3万6000円になります」

女性：
「じゃあ、それでお願いします」

店長：
「お母様に報告しなくて大丈夫ですか？」

女性：
「大丈夫です。ケーキ買って帰ります」
ニュースONE
「セリーヌ」のバッグは3万6000円で買取成立。便利なLINE査定ですが、写真のクオリティが査定金額に直結するため、内側の日焼けや汚れなども正確に伝えることが大切だといいます。
■人気ブランド「ルイ・ヴィトン」の強み
続いて、名古屋市在住の50代男性が持ち込んだのは「ルイ・ヴィトン」のボストンバッグ。約20年前に15万円ほどで購入したもので、ショルダーベルトやネームタグなどの付属品もすべてそろい、状態は良好です。

さらに、約20年前に8万円ほどで購入した「ルイ・ヴィトン」の長財布も持参しました。

男性：
「新品で買ったばかりの頃に使っただけ。時折出しては掃除していました」

店長：
「モノグラムは、ヴィトンの中でも一番人気ですね」
ニュースONE
ブランドオフでは「ルイ・ヴィトン」は高価買取対象。その理由について店長は、「愛知県は特にルイ・ヴィトンの人気が高い」と話します。

現在、店頭には約750点もの「ルイ・ヴィトン」が並んでいます。ちなみに大阪では、シャネルが特に人気が高いそうです。

店長：
「モノグラムの60センチが8万5000円。財布の方が6000円で、合計金額は9万1000円ですが、いかがでしょうか」

男性：
「最初は他の店に入ろうとした。高い方でと思って」

大須商店街には、およそ20店舗の買取店が集まっており、他店と比較しながら価格交渉をする人が多いといいます。
ニュースONE
男性：
「他の店は10万円以上とかはない？」

店長：
「ないと思います」

男性：
「じゃあ、もう買取で」
ニュースONE
ボストンバッグと長財布は、合わせて9万1000円で買取成立。ボストンバッグは、付属品がすべてそろっていたことで、約2万円の上乗せになったといいます。

男性：
「もう旅行もほとんどしないので。お金はゴルフに。もうそっちばかりなので」
■特に高値がつきやすい3つのブランドとは
続いては、名古屋市在住の80代女性と50代女性の親子。持ち込んだのは、約20年前に45万円で購入した「シャネル」のチェーンショルダー、15年前に8万円で購入した「ルイ・ヴィトン」のバッグ、そして「コーチ」の小さめのバッグの3点です。

どれも10年以上前のものとは思えないほど、状態は良好です。
ニュースONE
店長：
「中もとてもきれいですね」

女性：
「ほとんど使っていない。使っても、帰ってからきれいにしていました」

店長：
「きちんと紙を入れていると湿気を吸ってくれますし、管理としては非常にいいと思います」

モノを大切に扱う母親は、使用後に汚れを拭き取り、紙を入れて保管するなど、カビや型崩れを防ぐ工夫をしていたといいます。
ニュースONE
店長：
「ちなみにシャネルはご希望額とかありますか？」　

女性：
「高ければ高いほど。シャネルの買取金額は高いですか？」

店長：
「高いです。シャネルとエルメスとルイ・ヴィトンは、当社としても特に力を入れているブランドです」

「シャネル」「ルイ・ヴィトン」「エルメス」はアウトレット店を持たないため、高値がつきやすいといいます。
ニュースONE
店長：
「シャネルが21万円、ヴィトンが8万円、コーチが3000円で、合計29万3000円です。いかがですか？」

女性：
「大丈夫です」

3点で29万3000円、一発提示でご納得かと思いきや。

女性：
「大丈夫ですが、ちょうどにはなりません？」

店長：
「そうですよね。ちょっと待ってください。30万円でいきましょう」
ニュースONE
査定額7000円アップの30万円ちょうどで買取成立です。

女性：
「まあ、満足です」
■希少性の高いエルメス「バーキン」はいくらに
最後は、何度か利用しているという名古屋市在住の50代女性。持ち込んだのは、超高級バッグ「エルメス」のバーキン、エタンカラーの30センチモデルです。

女性：
「ほぼ新品。2～3回使ったくらい。これは1軒では決められない」
ニュースONE
店長：
「目標金額はありますか？」

女性：
「他店では200万円くらいと言われました」

新品のバーキンは入手困難で、定価も値上がりが続き、現在は約200万円。欲しくても手に入りにくい希少性から買取は定価以上の値がつくこともあるそうです。

女性：
「もったいなくて、傷つけたくなかった」

店長：
「歩く資産のような存在ですね。ちなみに今日は何店舗くらい回る予定ですか？」
ニュースONE
女性：
「納得いくまで」

店長：
「ご希望が200万円でしたが、210万円まで出します。条件がいろいろ重なって、この色の在庫がないのが1つ。あとはいつもお世話になっているので」

女性：
「もう一声」

店長：
「今決めていただけますか？もう相場は超えてしまっているので。じゃあ、もう215万円。一番高いです」
ニュースONE
女性：
「すごいです。ありがとうございます。良い人にもらってもらいましょう」

「エルメス」のバーキンは、215万円で買取成立です。

女性：
「家のリフォームをしたくて、その足しにしたい」

眠っていた品々は、買取の激戦区・大須で次の持ち主へと受け継がれていきます。

2025年12月15日放送",[],[]
東海テレビ会長のセクハラ疑惑 調査委はセクハラと認定せず「行動自体が極めて不適切」（東海テレビ）,https://news.yahoo.co.jp/articles/8fb66a2b407c151185ba4fbf2d91b422557c901d,https://newsatcl-pctr.c.yimg.jp/t/amd-img/20251224-90044024-tokaiv-000-2-thumb.jpg?exp=10800,2025-12-24T17:00:34+09:00,2025-12-24T19:02:01+09:00,東海テレビ,tokai,東海テレビ,528,"東海テレビ
東海テレビ放送の調査委員会は24日、会長が元派遣社員にセクハラをした疑いがあるなどとした週刊誌の報道について、セクハラの認定はせず、「行動が極めて不適切であった」などとする報告書を公表しました。

　11月発売の「週刊新潮」は東海テレビの小島浩資会長について、会食中に元派遣社員の女性にキスをさせるなどのセクハラをした疑いがあると報じたほか、スポンサーとの会食に女性アナウンサーを接待要員として駆り出したなどと指摘していました。

　弁護士らで構成する調査委員会は24日夕方にホームページで報告書を公表し、セクハラ疑惑については元派遣社員の女性への聞き取り調査などから「セクハラに該当する言動をしていたとは言えない」としました。

　その上で、「写真が撮られるような行動それ自体が極めて不適切なものであった」などと指摘しました。

　また、スポンサーとの会食については、女性アナウンサーの説明などから「接待要員として駆り出した事案ではない」と結論付けています。

　一方、報告書で調査委員会は、東海テレビに対し今後、定期的に全社アンケートを行い、ハラスメントの有無についてモニタリングし公表するとともに既存の内部通報制度の周知を提言しています。",[],[]
国が無償化進める中…現場悩ませる“給食費高騰” 独自調査で分かった実態 専門家「質が引き下げられては本末転倒」（東海テレビ）,https://news.yahoo.co.jp/articles/b67903d37d360ba0aae370c3ee41674152db367e,https://newsatcl-pctr.c.yimg.jp/t/amd-img/20251224-90044002-tokaiv-000-1-view.jpg?exp=10800,2025-12-24T17:00:00+09:00,2025-12-24T17:00:00+09:00,東海テレビ,tokai,東海テレビ,3915,"ニュースONE
止まらない物価高、その影響は子供たちの給食にも及んでいます。“無償化”に向けての動きも進む中、東海テレビが東海3県の自治体に行ったアンケートでは、価格高騰に苦しむ現場の切実な声が多く寄せられました。
【動画で見る】国が無償化進める中…現場悩ませる“給食費高騰” 独自調査で分かった実態 専門家「質が引き下げられては本末転倒」
■物価高で給食費も高騰…独自アンケートで分かった“実態”
愛知県豊田市の東保見小学校、子供たちが待ちに待った給食の時間がやってきました。
ニュースONE
この日は地元でとれた食材を使った「豊田ブランドの日」です。メニューはごはんに豚汁、ジャガイモを使ったコロッケなどで、生産者とともに給食を食べ、ジャガイモの育て方なども学びました。
ニュースONE
児童たち：
「おいしいです」
「気持ちが結構伝わってくる」
ニュースONE
子供たちの成長を支える給食ですが、豊田市では、保護者の負担は「0円」です。2024年4月から、小・中学校や保育園などを対象に無償化されました。

豊田市教育委員会の担当者：
「そこで浮いたお金、経済的支援を行ったお金で、子供の体験とか習い事の機会を増やしてほしいところで、無償化している」

2025年度、小学校の給食の「完全無償化」を行っているのは、愛知県で8、岐阜県で6、三重県で11の計25の自治体です。（東海テレビ調べ）
ニュースONE
多くの自治体では食材の費用を保護者が負担していますが、頭を悩ませているのが「食材の価格高騰」です。

東海テレビは、愛知・岐阜・三重の全125の自治体に「給食」に関するアンケートを実施、寄せられたのは現場の切実な声でした。
ニュースONE
「ギリギリの予算で何とかやりくりしている状態」（愛知県犬山市）
「国が示す栄養素量の確保が困難」（愛知県江南市）
「今年はクリスマスのケーキも出せません」（三重県四日市市）
ニュースONE
さらにコストを抑えるため、「鳥もも肉をむね肉に変えた」、「冷凍野菜を使用する」、「国産から輸入品に変える」など、やりくりに苦心する回答もありました。

こうした努力にも関わらず、2024年度または2025年度に給食費の保護者負担額の値上げを行った自治体は、全体のおよそ3割近くにのぼっていて、すでに2026年度の値上げを決めている自治体もあります。
■「給食無償化」で合意も…無償化できない!?
そこで、国が子育て支援の1つとして始めるのが「給食の無償化」です。

高市早苗首相（12月12日）
「必ず来年の4月から、小学校段階で実施できるように頑張ってまいりたい」
ニュースONE
自民・維新・公明の3党は12月18日、2026年4月から公立の小学校を対象に、給食費を無償化することで合意しました。

所得に関わらず、児童1人あたり月5200円を基準額として支援し、財源は国が実質全額を負担するとしています。

しかし、東海テレビが行ったアンケートでは、東海3県の少なくとも7つの自治体で、2025年度の保護者負担額がすでに月5200円を超えていて、全額を賄うことができません。
ニュースONE
3党の合意では、基準額を超える場合、差額を保護者に負担を求めることも可能としていて、今後、各自治体で対応を検討することになります。

給食の問題に詳しい専門家は、こう指摘します。

千葉工業大学 福嶋尚子准教授：
「月々いくらっていうところは地方自治体によっても違うし、どの金額だったら十分とか、足りないかっていうのは一律にはやはり判断が難しい。『これでは無償化はとてもできない』という自治体も生まれてくるだろうと思います」
ニュースONE
すでに無償化を行っている豊田市は、“給食の質の確保”が大切だと話します。

豊田市教育委員会の担当者：
「無償化でやっぱり1番影響受けるのは、子供だと思っている。給食が将来にわたっての食習慣の形成につながっていくので、正しい食習慣を身に着けるためにも、学校給食がお手本となるような食事であってほしいと思っています」
■献立を「1円でも安く」 IT活用した実験も
小学校向けにおよそ12万食の給食を作っている名古屋市では、2カ月に1度「献立作成会議」が開かれます。この日話し合っていたのは、4カ月後の2026年3月の献立です。
ニュースONE
＜会議でのやりとり＞
「低く見積もって312円台なので、312円台ならいけるらしい」
「だいぶ減らさなあかん」
「ピーマンを抜くか、揚げ物安いのにする？」
「カレー麺抜いてみる？」
「でもカレー麺入っていた方がよくない？」

名古屋市では1食あたり264円を保護者が負担していますが、それでは賄えず、不足分は市が負担しています。市の負担額は、2025年度は1食あたり56円と年々増えています。

＜会議でのやりとり＞
「魚のフリッターとギョーザ2個だったら、どっちの方が安いですかね？」
「ギョーザの方が安いです、14円くらい」

献立の作成には予算だけでなく、栄養のバランスや彩りなど、さまざまなことに気を配ります。
ニュースONE
さらに、一度に同じ食材を大量に使うことがないよう、市内を5つのブロックに分けて、献立を組み替えています。

例えば「きのこご飯とだんご汁」は、この週は3つのブロックで出されますが、同じ日に出されることはありません。こうした組み換えには様々な制約があり、担当者の悩みの種となっています。
ニュースONE
そこで活用が検討されているのが「AI」です。名古屋のIT企業が参加し、実証実験が行われています。

システムサーバー 鈴木生雄社長：
「ものの3分で、こういった形のブロックごと毎日どんな献立にしますっていうのを出せるようにする」

実証実験では献立の組み換えだけでなく、4カ月後の野菜の価格を予測することも目指しています。実際の卸売価格と、気温や降水量、日照時間などのデータから「未来の価格」を予測しようという試みです。
ニュースONE
給食の現場ではこれまでも献立を決めた後、食材の高騰でメニューを変更することがあり、こうしたリスクを減らすことが期待されています。

鈴木社長：
「労力が減らせて、もっと『給食をどうしていこうか』というところに頭が使えたり、一つの指針として、AIの力で客観的データとして示すことができれば、社会の納得も得ながら、充実した給食が提供できるようになるのではないか」
■「作る人がいない」 業者減少の“しわ寄せ”も
今回のアンケートでは、もう一つの課題も浮かび上がりました。

「食材を配送するドライバーが手配できなくなり、撤退した納入業者があった」（愛知県蒲郡市）
「業者の数が減り、品物の種類も減った」（岐阜県坂祝町）
ニュースONE
豊田市にある「キングパン」の工場には、午前2時半、すでに明かりがともっていました。

キングパン 倉橋良幸理事長：
「午前3時くらいから作業してます。こちらがご飯を作っているラインになります、いまは給水をした後、これから窯に入る形の工程になります」
ニュースONE
キングパンでは西三河地域の学校給食向けに、ご飯やパンおよそ4万食分を20人ほどで作っています。しかし、同業者が減り、仕事が増えるなどして、炊飯を始める時間がどんどん早くなったといいます。
ニュースONE
倉橋理事長：
「高度経済成長の時代、数十年前と比べて半減以上、パンの業者の数は減ってる感じがします。1つなくなってしまうと、そこをカバーするために今までより負荷がかかった形で、他の残った工場で補完をしながら製造していくことが、大変なこともある」

愛知県内では主食を作る工場の数が年々減少し、2023年までの10年間で、ご飯は12、パンは7つの工場が廃止されました。
ニュースONE
残った工場も、人手の確保に苦心しています。

倉橋理事長：
「若い人とかは比較的すぐやめてしまったりとか、連絡つかなくなって来なくなってしまうケースもありました。定期的に募集をかけてはいるんですけど、なかなかすぐに来てもらうことできないですし」

午前6時、ご飯が炊きあがると、次は配送です。

トラック1台あたり15校ほどを回ります。午前11時までにすべて配り終えないといけません。
ニュースONE
子供たちの給食を支える、ご飯とパンですが、2025年は物価高の影響で、ご飯からパンへの献立変更や、子供たちに人気のリンゴチップ入りのパンから、食パンやコッペパンへの変更などを余儀なくされました。
ニュースONE
倉橋理事長：
「お金を無償化することを重視することは、地産地消ですとか、こだわった給食メニューがどんどん少なくなってしまうのではないか」

給食の問題に詳しい 千葉工業大学 福嶋尚子准教授：
「給食の質がひき下げられて、無償が達成されるっていうのは本末転倒なことなので、国がいくら用意できるかとか、自治体がいくら用意できるかではなくて、『質が低下されないような食単価はいくらなんだろう』ってところから考えなきゃいけないはず」

今回のアンケートでは、給食の無償化について自治体からは歓迎の声の一方で、「食の“ありがたみ”が薄れるのではないか」、「食べ残しが増えるのではないか」など、心配する声も多く寄せられました。

子供たちの心と体の成長のために、給食はどうあるべきか、今後も議論が続けられます。

2025年12月19日放送",[],[]
メバチやキハダなど400匹程…三重県の尾鷲漁港でマグロの水揚げ 正月商戦に向けて仲買人が次々と競り落とす（東海テレビ）,https://news.yahoo.co.jp/articles/dca8fe1446f95be7711db13d9dcce8b71041a303,https://newsatcl-pctr.c.yimg.jp/t/amd-img/20251224-90044020-tokaiv-000-1-thumb.jpg?exp=10800,2025-12-24T12:10:47+09:00,2025-12-24T12:10:47+09:00,東海テレビ,tokai,東海テレビ,221,"東海テレビ
マグロの需要が高まる年末年始に向け、三重県の尾鷲漁港で新鮮なメバチマグロなどが水揚げされました。

　尾鷲漁港では夜明け前の午前6時から、新鮮で脂が乗ったおよそ50キロを超えるメバチマグロやキハダマグロなど400匹ほどが次々と水揚げされました。

　並べられたマグロはセリにかけられ、大勢の仲買人が正月商戦に向けて次々と競り落としていました。

　競り落とされたマグロは、尾鷲市内の鮮魚店をはじめ、愛知県や関東方面に出荷されます。",[],[]
乗っていた高齢者3人死傷…商業施設の駐車場から出た車が住宅の外壁などに衝突 後部座席の96歳女性が死亡（東海テレビ）,https://news.yahoo.co.jp/articles/ad5a5b4f0333a4604108f9086ffa4a006e063866,https://newsatcl-pctr.c.yimg.jp/t/amd-img/20251224-90044021-tokaiv-000-2-thumb.jpg?exp=10800,2025-12-24T12:02:43+09:00,2025-12-24T12:16:01+09:00,東海テレビ,tokai,東海テレビ,251,"東海テレビ
愛知県瀬戸市で23日、高齢者3人が乗った車が住宅の外壁などに衝突し、96歳の女性が死亡、2人が重傷です。

　警察と消防によりますと、瀬戸市みずの坂で23日午前10時40分ごろ、商業施設の立体駐車場から出た乗用車が縁石を乗り越え、住宅の外壁などに衝突しました。

　後部座席にいた長江つた枝さん(96)が胸などを強く打ち死亡、運転席と助手席にいた70代の娘夫婦は肩の骨を折るなどの重傷ですが、命に別条はありません。

　警察はブレーキとアクセルの踏み間違いの可能性があるとみて調べています。",[],[]
伊勢神宮には毎年多くの要人…三重県が“外国人職員”の採用を取りやめる方針 秘匿性高い情報の国外流出防止で（東海テレビ）,https://news.yahoo.co.jp/articles/8604f27121821f269036a48027289f89c68b5760,https://newsatcl-pctr.c.yimg.jp/t/amd-img/20251224-90044022-tokaiv-000-2-thumb.jpg?exp=10800,2025-12-24T12:00:37+09:00,2025-12-24T12:16:01+09:00,東海テレビ,tokai,東海テレビ,344,"東海テレビ
三重県が、外国人の職員採用を取りやめる方針であることがわかりました。秘匿性の高い情報の国外流出を防ぐためとしています。

　三重県では記録が残る2005年度以降、医師や看護師などで外国籍の人を9人採用していて、現在は医療職で1人が在籍しています。

　しかし県によりますと、「スパイ防止法」制定を巡る国レベルの議論が進む中、毎年、多くの要人が伊勢神宮の参拝に訪れることなどを鑑み、秘匿性の高い情報の国外流出を防ぐ狙いで、新たな採用を取りやめる方針だということです。

　県は2026年1月から県民1万人を対象に行うアンケート調査に「外国人採用を続けるべきか」といった質問を盛り込み、その結果を踏まえ最終的に判断する方針で、早ければ2026年度の採用から取りやめるとしています。",[],[]
新東名高速で酒気帯び運転か…トンネル内で中型トラックが乗用車と衝突し横転 トラックの運転手を現行犯逮捕（東海テレビ）,https://news.yahoo.co.jp/articles/ef62fb3bce7a7d53ba212e7945680828ed2c13c7,https://newsatcl-pctr.c.yimg.jp/t/amd-img/20251224-90044019-tokaiv-000-4-thumb.jpg?exp=10800,2025-12-24T07:52:42+09:00,2025-12-24T12:16:01+09:00,東海テレビ,tokai,東海テレビ,438,"東海テレビ
23日夜、愛知県新城市の新東名高速道路下りで、乗用車と衝突したトラックが横転する事故があり、トラックの運転手が酒気帯び運転の疑いで現行犯逮捕されました。

　警察によりますと、23日午後11時20分ごろ、新城市徳定の新東名高速下りの雁峰第二トンネル内で乗用車にトラックが衝突し、トラックが横転しました。

　トラックは左側のトンネルの壁にぶつかった後、右隣の車線を走っていた乗用車に衝突したとみられていて、ケガ人はいませんでした。

　警察はトラックの運転手から酒の匂いがしたため検査をしたところ、基準値を超えるアルコールが検出されたため、運転していた神奈川県綾瀬市の会社員・山口昭浩容疑者(65)を酒気帯び運転の疑いで現行犯逮捕しました。

　調べに対して、山口容疑者は「間違いありません」と容疑を認めています。

　この事故の影響で、新東名高速下りは新城ICと岡崎東ICの間で、8時間半にわたり通行止めが続いていましたが、24日午前8時10分に解除されました。",[],[]
先頭は前面眺望…名古屋と長野を結ぶ“特急しなの”新型車両「385系」量産先行車の内装デザインなど発表（東海テレビ）,https://news.yahoo.co.jp/articles/3633f16a7519dfabd104d6098be32b807f5cf843,https://newsatcl-pctr.c.yimg.jp/t/amd-img/20251224-90044018-tokaiv-000-1-view.jpg?exp=10800,2025-12-24T06:24:12+09:00,2025-12-24T06:24:12+09:00,東海テレビ,tokai,東海テレビ,463,"385系量産先行車のグリーン車
JR東海は12月23日、名古屋と長野を結ぶ特急「しなの」の新型車両の量産に向けて、内装のデザインなどを発表しました。
【動画を見る】創業当時の“串カツ”など…JR名古屋駅1番線に『昔の矢場とん』11/12オープン 来年3/1までの期間限定出店
特急しなのは現在の「383系」が導入されてからおよそ30年が経過していて、JR東海は23日の会見で、後継となる「385系」の量産先行車の内装デザインを公開しました。

　コンセプトは「豊かな自然と文化の調和」で、外観はアルプスを駆け抜ける風をテーマしたデザインで、先頭車両は前面展望となっていて、四季折々の景色を楽しむことができます。

　車内は木目のデザインを多く取り入れ、グリーン車の座席では背もたれがスライドしながら倒れ、後ろを気にせずに席を倒せるバックシェル式の3列シートを在来線で初めて採用しました。

　385系量産先行車は2026年春ごろから走行試験を開始し、量産車の営業開始は2029年度ごろを目指しています。

※画像はJR東海提供",[],[]
2026年9月で休館の方針が示されていた岐阜県「飛騨・世界生活文化センター」運営期間を27年3月末まで延長へ（東海テレビ）,https://news.yahoo.co.jp/articles/bc5e590c4a2230a11ff95b46861d077b80f6464a,https://newsatcl-pctr.c.yimg.jp/t/amd-img/20251224-90044016-tokaiv-000-1-view.jpg?exp=10800,2025-12-24T06:18:46+09:00,2025-12-24T06:18:46+09:00,東海テレビ,tokai,東海テレビ,404,"飛騨・世界生活文化センター
2026年9月で休館の方針が示されていた岐阜県高山市の「飛騨・世界生活文化センター」について、県は2027年3月まで運営期間を延長する方針を示しました。
【動画で見る】公用車のカーナビに受信料…NHKに岐阜県知事が“直談判”「テレビが希少であった時代の法制度で見直し必要」
高山市の「飛騨・世界生活文化センター」は、多目的ホールや会議室などを備えた複合施設で、岐阜県が総事業費170億円をかけ2001年に開館しました。

　しかし、2024年度の利用者数がピーク時の半分程度に落ち込んだことなどを理由に、県が2026年9月末で休館する方針を示したところ、施設を利用する地元の市民団体が方針撤回を求めていました。

　これに対して県は運営期間を2027年3月末まで半年間延長する方針で、12月26日まで募集している施設の新たな活用策の提案についても、締め切りを延長するとしています。",[],[]
名古屋中心部の地下を通る…リニア中央新幹線のトンネル掘削工事 2026年1月中旬から本格的にスタートへ（東海テレビ）,https://news.yahoo.co.jp/articles/2c507bb132aa91cbcfae4c589b3f2dc203c0b02c,https://newsatcl-pctr.c.yimg.jp/t/amd-img/20251224-90044017-tokaiv-000-1-thumb.jpg?exp=10800,2025-12-24T06:05:34+09:00,2025-12-24T06:05:34+09:00,東海テレビ,tokai,東海テレビ,319,"東海テレビ
JR東海は名古屋市中心部を通るリニア中央新幹線のトンネル掘削工事について、2026年1月中旬から本格的に始めると明らかにしました。

　名古屋駅の手前から春日井市までおよそ7.6キロの名城工区では、地下水への影響などの調査が想定以上に時間がかかり、当初予定されていた2026年3月の工事の完了時期が、3年半ほど遅れる見通しとなっています。

　JR東海は本格的な工事を始めるためのシールドマシンの準備などが整ったとして、名城工区でのトンネル掘削工事を2026年1月中旬にも始めると明らかにしました。

　会社側は既に沿線住民への説明会を終えていて、名古屋市内を唯一通すリニアのトンネル工事が年明けから本格化することとなります。",[],[]
