headline,mainEntityOfPage,image,datePublished,dateModified,author,media_en,media_jp,str_count,body,images,external_links
元ナースの双子アイドル 森ふう花さん&柊ききさん　濡れた素肌の二人だけの世界　デジタル写真集発売（まいどなニュース）,https://news.yahoo.co.jp/articles/1e5213fb812bee42e48e3c76335d029d6c4ac2d1,https://newsatcl-pctr.c.yimg.jp/t/amd-img/20240205-11495957-maidonans-000-28488347-view.jpg?exp=10800,2024-02-05T19:30:11+09:00,2024-02-05T19:34:00+09:00,まいどなニュース,maidonans,まいどなニュース,732,\n森ふう花・柊きき（提供：週刊SPA!編集部 撮影／中山雅文 ヘアメイク／高野雄一 スタイリング／有咲）\nアイドルグループ・まねきケチャの森ふう花さんと夜行性アミューズの柊ききさんの「SPA! デジタル写真集『双子の秘め事』」(扶桑社)が発売。収録カットが公開されました。“アイドル界最強ビジュ”の呼び声高い双子姉妹による、待望のペア写真集です。\n【写真】カワイイが大渋滞。森ふう花さんと柊ききさん\nそれぞれ別のアイドルグループで活躍していますが、仲良し双子の森さんと柊さん。写真集は麗しい双子のバスタイムをのぞき見するような内容です。跳びはね、転げ回り、濡れた素肌がきらめく二人の世界が表現されています。\n\n 撮影／中山雅文 ヘアメイク／高野雄一 スタイリング／有咲\n\n 【森ふう花さんプロフィール】\n5月26日生まれ。徳島県出身。T159。アイドルグループ「まねきケチャ」の新メンバーとして2022年6 月に加入。担当カラーは黄色。前職はナースという異色の経歴を持つ。特技は注射。芸能活動未経験ながら、2 か月で40曲のダンスと歌を覚えたという努力家。最新情報はX（@morifuuka0526）、Instagram（morifuuka0526）で。\n\n【柊ききさんプロフィール】\n5 月26日生まれ。徳島県出身。T156。アイドルグループ「夜光性アミューズ」のメンバー。担当カラーは緑。ライブの呼び込みで行った「街頭1万枚ビラ配り企画」がSNSでかわいすぎると話題に。双子の姉・森ふう花（まねきケチャ）と同じく元ナース。最新情報はX（@kiki_yoruami）、Instagram（kiki_u___）をチェック\nまいどなニュース,['https://newsatcl-pctr.c.yimg.jp/t/amd-img/20240205-11495957-maidonans-000-28488347-view.jpg?exp=10800'],"['https://news.yahoo.co.jp/articles/1e5213fb812bee42e48e3c76335d029d6c4ac2d1/images/000', 'https://maidonanews.jp/article/15149335?p=28205779&ro=15149335&ri=0']"
すっぴんでも「格好悪くなんかない」 VIVANT監督＆入社4年目が手掛けるTBSドラマ「すっぴんヒーロー」2月24日放送（まいどなニュース）,https://news.yahoo.co.jp/articles/4c12f513d337e931a0b9f21a551e110b10e0cc77,https://newsatcl-pctr.c.yimg.jp/t/amd-img/20240205-11495882-maidonans-000-1-view.jpg?exp=10800,2024-02-05T17:10:08+09:00,2024-02-05T17:10:08+09:00,まいどなニュース,maidonans,まいどなニュース,1900,\nTBSドラマ「すっぴんヒーロー」で主演を務める丸山礼さん（TBS提供）\nタレントの丸山礼さんが初めて主演を務めるTBSドラマ「すっぴんヒーロー」が2月24日、放送されます。丸山さん演じる主人公は、スーパーの店員として働きながら、町の平和を守る正義の味方。しかし変身すると、最強のパワーと引き換えに、すっぴんスウェット姿になってしまうのです。正体を頑なに隠しながら戦ってきましたが、ある日、町の交番に赴任してきたさわやかな警察官に一目惚れ。責任感と乙女心で揺れ動く主人公がとった行動とはーー。\n【写真】変身するとすっぴん＆スウェット姿に（変身後の写真）\n■きっかけは「ADとしてすっぴんで働いているときに…」\n\n プロデューサーはTBS入社4年目の國府美和さん、監督は大ヒットドラマ「VIVANT」で監督を務めた宮崎陽平さん。2人とも兵庫県出身で神戸にゆかりがあります。\n\n 今回のストーリーは國府さんが発案。「ADとしてすっぴんで働いているときに思いついた」といい、「誰しも、電車の窓に映る自分の姿がなんだかボロボロに見えて、しょんぼりした気持ちになることがあるのではないかと思います。すっぴんであるかどうかはさておき、そんなときにふと思い出して、『わたしは格好悪くなんかない』と自分に言い聞かせられるようなドラマがあればいいなと思い企画しました」。\n\n 見どころは、「コメディ全開のラブストーリーやヒーローものならではのアクションシーンを気軽に楽しんでいただきつつ、がむしゃらに頑張るあまり余裕がなくなって自分のことを格好悪いと思ってしまう人たちに、みじめさやふがいなさを抱えながら目の前の現実と戦っている人たちに、ほんの少しだけでも勇気を届けられるとうれしいです」。\n\n 主演の丸山さんの演技については、「丸山礼さんには、すっぴんヒーローという一風変わった役を本当にキュートに演じていただきました。オレンジ色のマントを翻す姿は頼もしいヒーローそのもので、『こんなヒーローが本当にいたらな～』と思わずにはいられません」と絶賛。\n\n スタッフについても、「荒井修子さんに書いていただいた、心をくすぐられる宝物のような脚本をもとに、まさにスーパーヒーローのようなキャスト・スタッフの皆様と一丸となって作り上げました。明るい気持ちになれる愛らしい作品になっていると思いますので、是非たくさんの人に見ていただけますと幸いです」としました。\n\n■神戸ゆかりの2人がタッグ「いつか神戸でも撮影を」\n\n 一方の宮崎監督は、社会現象にもなった作品「VIVANT」で監督を務め、現在は4月スタートの日曜劇場「アンチヒーロー」の撮影中。大作が続く中、同郷の國府さんとタッグを組みました。\n\n 宮崎監督は「兵庫県出身の國府さんの初プロデュース作品を、同じく兵庫県出身の僕が監督させてもらえるとても感慨深い作品です」とし、「なかなか普通の単発ドラマではございません。テンポ良く進む爽快でスカッとする爽快な女子ヒーローエンターテイメントドラマです。ラブありギャグありアクションあり！変身するとすっぴんになってしまう主人公広岡ひろこの成長の物語です。丸山礼さんのTBS初主演のお芝居、そして若手スタッフとキャストで創意工夫して作り上げた『すっぴんヒーロー』の世界観をどうぞお楽しみください！」とアピール。\n\n 地元に向けては「いつか神戸に帰って作品が撮れるように頑張りたいと思っています。関西の皆さん、応援よろしくお願いします！」とメッセージを寄せました。\n\n 放送日時は、2月24日（土）午後2時～2時54分（関東ローカルのみ）。放送終了後、民放公式テレビ配信サービス「TVer」と「TBS FREE」、動画配信サービス「U-NEXT Paravi コーナー」で見逃し配信あり。\n\n▽プロデューサー・國府美和さん：神戸女学院中高部出身。大阪大学文学部に進学後、2020年TBS入社。「日本沈没」「この初恋はフィクションです」「クロサギ」「マイファミリー」「ラストマン」など助監督やアシスタントプロデューサーを務める。\n\n▽監督・宮崎陽平さん：六甲学院出身。大阪大学工学部から大阪大学大学院情報科学研究科。2015年TBS入社。「下町ロケット」「陸王」「ブラックペアン」「マイファミリー」「半沢直樹」など助監督を経たのち、日曜劇場「VIVANT」「マイファミリー」「DCU」「日本沈没」などで監督を務める。\n\n（まいどなニュース・金井 かおる）\nまいどなニュース,['https://newsatcl-pctr.c.yimg.jp/t/amd-img/20240205-11495882-maidonans-000-1-view.jpg?exp=10800'],"['https://news.yahoo.co.jp/articles/4c12f513d337e931a0b9f21a551e110b10e0cc77/images/000', 'https://maidonanews.jp/article/15149069?p=28205192&ro=15149069&ri=0']"
大河ドラマ「光る君へ」　体調を崩した円融天皇の「邪気」ばらいを行った安倍晴明　そもそも「邪気」とは？（まいどなニュース）,https://news.yahoo.co.jp/articles/a0e98fd50db8614ecae7518b5e9b4bf71c7bf989,https://newsatcl-pctr.c.yimg.jp/t/amd-img/20240205-11495877-maidonans-000-1-view.jpg?exp=10800,2024-02-05T17:00:21+09:00,2024-02-05T17:00:21+09:00,まいどなニュース,maidonans,まいどなニュース,1127,\n2024年の大河ドラマ「光る君へ」のメインビジュアル（画像提供：NHK）\n女優の吉高由里子さんが主演を務める2024年のNHK大河ドラマ「光る君へ」。第3話、第4話では、陰陽寮の安倍晴明が祈祷したり、占いをするシーンがありました。\n【写真】2024年の大河ドラマ「光る君へ」人物相関図\n藤原兼家が次男の道兼に命じて、円融天皇の食事に薬を入れ、体調を崩すように仕向けて退位させようとしました。安倍晴明は、体調を崩した円融天皇の「邪気」ばらいを行い、兼家に「邪気ははらえましたが、背負われたお荷物が重すぎますゆえ、いちばん重いお荷物を降ろされたらよろしいのでは、先ほど奏上つかまつりました」といい、兼家から褒美をもらうことになりました。さて、今回は「邪気」とは何かについてみていきます。\n\n『日本国語大辞典』（小学館）によると、「邪気」は「ざけ」「じゃけ」と読み、「もののけ。たたり。」「病気などを起こす悪い気。悪気。」を指すとあります。「邪気」は病気の原因ですが、もののけによるものを指していたようです。\n\n「邪気」の語は、平安時代の男性の日記に記される言葉でした。たとえば、ドラマに登場する藤原実資『小右記』正暦四年(993年) 六月十四日条には次の記事があります。\n\n女房、今朝より俄かに重く悩み煩ふ。其の体、邪気に似る。仍りて仁海上人を招く。深更、来たる。加持の間、邪気、出で来たる。宵を通し、調伏す。\n\n女房の病気を「邪気」に似ていると判断し、仁海上人の加持祈祷で「邪気」が出てきて夜通し調伏したとあります。そして、『源氏物語』柏木に、\n\n（光源氏）「日ごろもかくなむのたまへど、邪気などのひとのたびろかして、かかる方にてすすむるやうもはべなるをとて、聞きも入れはべらぬなり」と聞こえたまふ。（朱雀院） 「物の怪の教へにても、それに負けぬとて、あしかるべきことならばこそ憚らめ。…」\n\nとあり、「邪気」を「物の怪（もののけ）」と言い換えていることがわかります。\n\n「邪気」は「もののけ」という和語の漢語表記でした。中国の志怪小説『捜神記』巻18には、古狸が化けた人間のことを、一人の僧侶が「邪気」があると指摘し、その正体を見破ったとあります。中国の「邪気」と日本の「邪気」の語義は異なっています。つまり、平安時代の「邪気」は、日本のもののけに外国語（中国語）をあてたものといえるでしょう。\n\nもののけは、「邪気」のほか、「物気」「物怪」「鬼気」「霊気」など様々な漢語で記されています。もののけとは何かについては別の機会にお話ししたいと思います。\n\n（園田学園女子大学学長・大江 篤）\nまいどなニュース,['https://newsatcl-pctr.c.yimg.jp/t/amd-img/20240205-11495877-maidonans-000-1-view.jpg?exp=10800'],"['https://news.yahoo.co.jp/articles/a0e98fd50db8614ecae7518b5e9b4bf71c7bf989/images/000', 'https://maidonanews.jp/article/15148056?p=28054006&ro=15148056&ri=0']"
生産終了20年「セドリックパトカー」の雄姿いつまでも…“現役車”残る岡山の警察署に福島からプラモデル届く 「昭和の雰囲気」残した武骨さ（まいどなニュース）,https://news.yahoo.co.jp/articles/2b8462441c72b88a1c9176c3618f0c6bee074cbb,https://newsatcl-pctr.c.yimg.jp/t/amd-img/20240205-11495889-maidonans-000-1-view.jpg?exp=10800,2024-02-05T17:40:10+09:00,2024-02-05T17:40:10+09:00,まいどなニュース,maidonans,まいどなニュース,862,\n真横から見たセドリックパトカーのプラモデル\n岡山県警美咲署1階窓口に日産「セドリック」のパトカーのプラモデルが飾られている。刑事ドラマなどに登場し、オールドファンにはおなじみの名車。生産終了から20年がたった今も同署に“現役車”があると知った福島県の緊急車両愛好者が寄贈した。2011年の東日本大震災で被災地を支援した岡山県警への謝意と「いつまでもその雄姿を」との思いを込めた1台だ。\n【写真】現役で活躍する実物のセドリックパトカー\nセドリックのパトカーは1987～2004年に生産され、ボンネットの前方に付いたフェンダーミラーや角張った車体が特徴。各都道府県警などが採用したが、中国地方では唯一、岡山県警の美咲、真庭署で2台が現役を続けており、美咲署では管内の巡回で活躍している。\n\n 「実用面と頑丈さを重視したシンプルなデザイン。昭和の雰囲気を残す武骨さがかっこいい」。プラモデルを寄贈した団体職員の男性（31）が魅力を語る。\n\n プラモデルは全長20センチ、幅7センチ、高さ6センチで実物の24分の1サイズ。ナンバープレートは実物と同番号で、側面の「岡山県警」の文字やシンボルマークも同じ。屋根には車両に割り振られた番号「210」が記され、ブーメラン形の赤色灯が付いている。市販のセドリックのプラモデルを約9カ月かけて改良して仕上げた。\n\n 寄贈は、緊急車両をモチーフにしたプラモデル作りが趣味の男性が、古里を支援してくれた警察にお礼をしようと13年から各都道府県警が所有する珍しい車両を手作りして続けている。岡山県警にはSNS（交流サイト）で美咲署にセドリックが残っていると知って決めたという。\n\n 完成品は昨年11月、男性が同署を訪れて届けた。「多くの人に見てもらい、地域の安全に役立ててほしい」と男性。高本恵介署長は「遠方から応援をいただき絆を感じる。実物も丁寧に整備して大切に運用し、管内の治安維持につなげたい」と話している。\n\n（まいどなニュース／山陽新聞）\nまいどなニュース,['https://newsatcl-pctr.c.yimg.jp/t/amd-img/20240205-11495889-maidonans-000-1-view.jpg?exp=10800'],"['https://news.yahoo.co.jp/articles/2b8462441c72b88a1c9176c3618f0c6bee074cbb/images/000', 'https://maidonanews.jp/article/15149122?p=28205209&ro=15149122&ri=0']"
ドラえも～ん！その「未来のクスリ」…現在だと「危険ドラッグ」です！　頭の中が現実に、24時間眠くならない…“危ないひみつ道具”の数々（まいどなニュース）,https://news.yahoo.co.jp/articles/99b65998f1af87c9b10d83ff1c8a2ff14be431ad,https://newsatcl-pctr.c.yimg.jp/t/amd-img/20240205-11495901-maidonans-000-1-view.jpg?exp=10800,2024-02-05T18:15:10+09:00,2024-02-05T18:15:10+09:00,まいどなニュース,maidonans,まいどなニュース,1365,\n藤子・Ｆ・不二雄先生が手がけた『ドラえもん』にはさまざまな「ひみつ道具」が登場しますが、中には「危ない薬」を彷彿とさせる錠剤も存在します。「22世紀に開発された怪しい薬」の数々を紹介しましょう。\n【漫画】そのクスリはもう現実にあるから…絶対に手を出しちゃいけないよ！（全編を読む）\n最初に取り上げるのは、てんとう虫コミックス3巻に登場した「ソーナルじょう」（アニメ版ではソウナルじょう）です。この薬には「頭の中で想像したことがその場で現実となって体験できる」という効能があります。\n\nたとえば部屋の中で「ここはプールだ」と思い込めば、その場で泳ぐことが可能に。しかも服用した本人の目にはプールにいるように映り、溺れてしまえば苦しくなるため、プールにいるのと何ら変わらない状態です。外的要因はそのまま体に反映されますが、本人以外は起こっていることが見えません。\n\n「薬を服用して自分にしか見えない世界に没入する」という嗜み方は、どうしても幻覚とリンクさせてしまって「危ない薬」を想像してしまいます。しかし想像だけで何でも体感できるのであれば、家の中ですべて完結するため、引きこもりになること間違いなさそうです。\n\nちなみに以前放送されたトヨタのCMには「実写化したドラえもん」シリーズがあり、ある回で「ソーナルじょう」が登場。そのCMでは、ドラえもん役のジャン・レノ氏と大人になったのび太役の妻夫木聡氏がソーナルじょうを服用し、クールになった自分を想像したのび太が女性（現実では老婆）をナンパしていました。\n\n話は戻って「危ない薬」といえば「幻想」の他に「眠くならない」というイメージもありますが、やはり似たような効能のひみつ道具が存在します。\n\nそれはコミック6巻「夜の世界の王さまだ！」に登場する薬で、特に名称のない錠剤です。服用することで24時間眠くならないのはもちろん、疲れることもありません。忙しい現代人にとって夢のような薬ですが、作中では特に副作用については言及されていないことから、効き目が切れた時に反動がくる可能性もあります。もし後から疲労がやってくるのであれば、もはや危険ドラッグとそう変わりないでしょう。\n\nここまで注目した薬は服用しても見た目に異変が現れないものでしたが、コミックス5巻「のろのろ、じたばた」に登場する「スロー」という錠剤を飲んだのび太の様子は明らかに異常でした。\n\nこの回でのドラえもんはマイペースすぎるのび太のために、服用することで気持ちも体の動きも速くなる「クイック」、その逆の効能がある「スロー」を取り出します。結果的にのび太は間違えてスローを服用した時、トロンッとした目つきになりながら口を大きく開けて「ファ～」「ウファー、ファーファーファー」と謎の言葉をつぶやきました。\n\nこの危険すぎるのび太の反応に対し、読者からは「これってまさにハイになっている時のリアクションだよね」「クイックを飲み過ぎたドラえもんの言動もヤバい」といった声が寄せられています。\n\n藤子・Ｆ・不二雄先生が意図的に狙って描いたのかはわかりませんが、未来に開発される錠剤には細心の注意を払う必要がありそうですね。\n\n（海川 まこと／漫画収集家）\nまいどなニュース,['https://newsatcl-pctr.c.yimg.jp/t/amd-img/20240205-11495901-maidonans-000-1-view.jpg?exp=10800'],"['https://news.yahoo.co.jp/articles/99b65998f1af87c9b10d83ff1c8a2ff14be431ad/images/000', 'https://maidonanews.jp/article/15134653?page=2&ro=15134653&ri=0']"
どういう仕組み!? レモンを使ったiPhone写真の“全選択削除マシーン”が話題「AppleじゃなくてLemon使うのか…」（まいどなニュース）,https://news.yahoo.co.jp/articles/6b56e95bc225d741a06450280cc34afc8dd57955,https://newsatcl-pctr.c.yimg.jp/t/amd-img/20240205-11495856-maidonans-000-28487842-view.jpg?exp=10800,2024-02-05T16:40:06+09:00,2024-02-05T18:30:44+09:00,まいどなニュース,maidonans,まいどなニュース,1324,\nアナログかつ斬新なこのマシーン…（三文字昌也さん提供）\niPhoneの写真を全削除してくれるマシーンがSNS上で大きな注目を集めている。\n\n「超アナログ、iPhone写真の全選択削除マシーン\niPhoneローカルの写真がバグって9万枚の写真を全削除する必要が。しかし全削除は一発でできない（Macでも不可能）\nAppleに電話したら『9万枚を1枚ずつ選択して消すしかない』と抜かすので、指の代わりに静電容量でタッチ反応するレモンを召喚。快調。」\n【動画】超アナログ、iPhone写真の全選択削除マシーン\nと件のマシーンを紹介したのは都市デザイナーの三文字昌也さん（@twyoichi）。\n\niphoneの上にレモンの尖端を固定し、レモンが指同様、静電容量でタッチ反応する性質を利用して画像を選択してゆくというこのマシン。\n\n画面上をタップすると全選択できる機能はあるのだが、9万枚一気に選択すると処理落ちしてしまうため考案したというなんとも秀逸なアイデアに、SNSユーザー達からは\n\n「あの日の悲しみさえ あの日の苦しみさえ(全削除)」\n「AppleじゃなくてLemon使うのか…」\n「米津玄師もびっくり」\n「わずか15秒で500枚選択してるの凄いですね。そして米津さんのLemonのPVの4分34秒、つまりレモン1個分で削除出来る量は9133枚という知見が得られました。」\n\nなど数々の驚きの声、称賛の声が寄せられている。\n投稿者さんに聞いた\n三文字さんに話を聞いた。\n\nーーこの装置を思い付いた経緯を。\n\n三文字：水分があったり電気を通すものがiPhoneに反応することは知っていたので、家の中でそういうものを探しているとキッチンに置いてあったレモンを見つけ、これだとなりました。レモンの先っぽが尖っているところがポイントです。\n\nーー全件削除するまでにどれくらいの時間が？\n\n三文字：実際10分くらいで全て終わりました。実はレモンに頑張ってもらった選択の手間が大変というよりは、処理落ちしないくらいの件数の塩梅をつかんで、そのくらいの単位に分割して消していくのが手間でした。\n\nーー投稿への反響について。\n\n三文字：最初は投稿するつもりもなかったのですが、レモンが頑張っている絵面が面白過ぎてシェアしてしまいました。うちのレモンを可愛がっていただいてありがとうございます。あとはこれがApple本社に届いて次期iOSで写真アプリだけのフォーマットオプションが付いてくれれば嬉しいです。\n\n◇ ◇\n\n読者のみなさんも同様のお困りの際は三文字さんが考案したマシンをお試しいただきたい。\n\nなお三文字さん的には動画に写っていた漫画「子供はわかってあげない」（講談社）もオススメとのこと。同作は高校水泳部員サクタさんと書道部員もじ君の一夏の甘酸っぱい冒険を描いた名作。ご興味ある方はぜひチェックを。\n\n三文字昌也さん関連情報\nXアカウント：https://twitter.com/twyoichi\n\n（まいどなニュース特約・中将 タカノリ）\nまいどなニュース,['https://newsatcl-pctr.c.yimg.jp/t/amd-img/20240205-11495856-maidonans-000-28487842-view.jpg?pri=l&w=360&h=640&exp=10800'],"['https://news.yahoo.co.jp/articles/6b56e95bc225d741a06450280cc34afc8dd57955/images/000', 'https://maidonanews.jp/article/15147631?page=2&ro=15147631&ri=0']"
インド語にも日本語にも見える！不思議なフォントが話題に インド食材専門店のポップ  LINEスタンプも発売!?（まいどなニュース）,https://news.yahoo.co.jp/articles/f969a358201224ac208bd6e7e6edc92773ba2151,https://newsatcl-pctr.c.yimg.jp/t/amd-img/20240205-11495866-maidonans-000-1-view.jpg?exp=10800,2024-02-05T16:55:15+09:00,2024-02-05T16:55:15+09:00,まいどなニュース,maidonans,まいどなニュース,1480,\nインド語？日本語？不思議な店内ポップが話題に（アンビカ ベジ＆ヴィーガンショップ提供）\nインド語にも日本語にも見える不思議なポップがSNS上で大きな注目を集めている。\n\n話題のポップは東京都内の蔵前、西葛西、新大久保に展開するインド食材とスパイスの専門店「Ambika veg & Vegan shop（アンビカ ベジ＆ヴィーガンショップ）」のもの。\n【写真7枚】インド語にも日本語にも見える！不思議なフォントで書かれたポップ\nインド圏で用いられるデーヴァナーガリー文字のように文字の上部を横線で繋げてデザインしているのだが、よく見ると書いている内容は「ほかほかサモサあります」「おすすめ商品」「カレンダーさしあげています」など思いきり日本語。\n\nなんとも味わいある独創的なこのポップに対し、SNSユーザー達からは\n\n「これ書いてるの日本人なのかネパール人なのかパキスタン人なのかバングラデシュ人なのか気になる。日本人っぽい感じはあるけど、手書きPOP好きとしても、見応えあるなあ」\n「読める！読めるぞ！サンスクリットかヒンディー(デーヴァナーガリー文字？)っぽい雰囲気の日本語。凄い。職人技やね」\nなど数々のコメントが。2ちゃんねる（現5ちゃんねる）創設者のひろゆきさんも「才能」と絶賛している。\nお店の人に話を聞いた\nアンビカの担当者に話を聞いた。\n\nーーこういったフォントを考案されているのはどなたですか？\n\n担当者：アンビカの日本人スタッフです。弊社では「Ambika（アンビカ） 文字」と呼んでいます。\n\nーー考えた経緯は。\n\n担当者：アンビカショップの店内は日本語の情報が少なく、商品パッケージやプライスカードも英語表示のものがメインでした。店内に貼る日本語のプライスリストや商品の説明ポップを日本人スタッフがよく手伝って作ってくれて、その中で思い付きで書き始めたとのことです。\n\n考案した本人からは「最初に書いたのは2018年ごろ、普通に手書き文字を書くと字の下手さも目立つし…インドのお店なので、漢字や日本語の文字がなじむようにインドっぽく書いてみようと思い、お店にある商品パッケージに載っているデーヴァナーガリー文字のフォルムを参考にして、余り紙にいくつか描いて棚に飾りました」とのことです。\n\nずっと棚に飾られていましたが、2020年ごろにポップを写真に撮ってSNSにアップしてくださったお客様がいて、大きな反響をいただいたことをきっかけにバリエーションを増やしてショップに設置するようにしました。今ではアンビカ文字は会社のカレンダーのデザインにも使用するようになりました。\n\nーーSNSの反響への感想を。\n\n担当者：自社のSNSに自分で載せても5いいねくらいしかつかないのに、お客様がご紹介して下さると大反響があるので、みなさんの力を感じます…本当にありがたいです！！また、ポップが注目されたことで当店を知ってもらえて、商品に興味を持って下さった方が実際にお店に来てくださったりして、「商品を見てもらいたい」から設置したポップが役割をしっかり果たしてるのが一番うれしいです。\n\n◇ ◇\n\nポップの現物は店舗に行かないとお目にかかれないが、このテイストがお好みの方にはアンビカ公式LINEスタンプ「インドっぽい ひらがな 手書き文字」がオススメ。ぜひ日常の会話にインド風のスパイスを加えていただきたい。\n\n（まいどなニュース特約・中将 タカノリ）\nまいどなニュース,['https://newsatcl-pctr.c.yimg.jp/t/amd-img/20240205-11495866-maidonans-000-1-view.jpg?pri=l&w=493&h=640&exp=10800'],"['https://news.yahoo.co.jp/articles/f969a358201224ac208bd6e7e6edc92773ba2151/images/000', 'https://maidonanews.jp/article/15147710?p=28200706&ro=15147710&ri=0']"
「雪に残った小さな足あとが教えてくれた！」地震から25日目、行方不明の飼い猫を保護「生きててくれてありがとう」（まいどなニュース）,https://news.yahoo.co.jp/articles/bb43567551400a591c9bb99aaccbfa2e805e2b6d,https://newsatcl-pctr.c.yimg.jp/t/amd-img/20240205-11495859-maidonans-000-1-view.jpg?exp=10800,2024-02-05T16:45:14+09:00,2024-02-05T16:45:14+09:00,まいどなニュース,maidonans,まいどなニュース,2068,\n雪の上の小さな足あとが猫がいることを教えてくれた（つかねこ動物愛護環境福祉事業部さん提供）\n「小さな足あとが教えてくれた！」\n\n能登半島地震が発生してから25日経過した1月25日。1月2日から数えて4度目の被災地でのペットの捜索で、大雪の中、石川県珠洲市蛸島（たこじま）町の行方不明だった飼い猫2匹を無事保護したと、つかねこ動物愛護環境福祉事業部さん（@tsukaneko222）がInstagramで報告。\n【写真】捕獲器に入り、無事保護された猫さん\n投稿には「こんな大雪の中 頑張って生きててくれて 良かった！ 」「感謝しかないです」「お寒いなか大切な生命を助けていただき有難うございます」などと感激する人たちからたくさんのコメントが寄せられています。\n\nつかねこさんは、兵庫県尼崎市の動物愛護推進員のメンバーらが複数所属する団体。TNR活動をはじめ犬猫の保護譲渡会運営、動物愛護の啓発活動などに取り組んでいます。今回、石川県能登地方を震源とした震災を受け、行方不明になった飼い猫たちを捜索しているといいます。\n\n見つかった猫は、薄いベージュとグレーとホワイトの三毛猫にゃんにゃんちゃん（雌・4歳）とスコティッシュフォールドのメリーくん（雄・2011年生まれ）の2匹。にゃんにゃんたちを見つけることができたきっかけは、雪に付いた小さな足あとでした。保護時のことや2匹が25日間生き延びられた理由などについて、つかねこさんに聞きました。\n飼い猫2匹が25日間生き延びられたのは？\n──1月2日から被災地でのペットの捜索活動に乗り出したのは。\n\n「自分がもし同じように被災してしまったらおそらく大切なペットも助けてほしいと思うと感じたからです。人間は72時間というひとつのリミットがあり、自衛隊や消防、懸命な救助活動が行われますが、動物たちも同じで命のタイムリミットがあると思います。被災されて避難所にいる方々は家に置いてきた猫たちのことを、懸命に人命救助されている自衛隊や消防隊員に相談するのをためらいます。なので、ペットの災害救助を求める声や捜索依頼など私たち団体の元にたくさんのDMが届いていました」\n\n──1月25日には、にゃんにゃんちゃんとメリーくんを無事保護できました。\n\n「本当に生きててくれてありがとうと思いました。現地は吹雪もひどくとても寒かったんですが、前日は雪がなく路面がむき出しになっている状態でした。でも、その日の夜から積雪があったのでメリー、にゃんにゃんの足あとをきっかけに生存を確認できて救助につながったんです。日数経過すればするほど、人がいなくなるので猫たちの動線情報も分からず、救助が困難になってしまうと感じます。雪が積もると逆に足あとで追跡できる面もあり、今回保護することができたのは足あとのおかげです」\n\n──25日間もどのように飢えをしのんで生きていたのでしょうか？\n\n「蛸島は漁港が近くなので、野良猫が多く確認はできないですが、ご飯をあげている人がいる可能性もあります。家屋は全体の9割が全壊しています。電気もきておらず、日中だけ荷物の整理に来る方が何人かいるので、その人たちがご飯を置いていってくださったのかもしれません」\n\n──にゃんにゃんちゃんたちの様子や健康状態は。\n\n「保護時のにゃんにゃんは、とにかく鳴きまくってました。病院では1キロの体重減と脱水症状、毛玉がすごくてしばらく病院で預かってもらっています。ストレスがあったようで情緒不安定で鳴きまくっているのだろうと獣医の先生はおっしゃっていました。保護した夜は飼い主さんの側で寝ていたそうです。メリーは特に体調不良などは見られず、病院での診察では若干体重は減っていましたが、毛並みもいいので特に問題なしということ。しかし少し前から頭頂部に円形脱毛症のようなハゲができまして、環境の変化などのストレスが出てきたかと思います。今はよほど寂しかったのか常に飼い主さんの側にいると聞いています」\n\n──これまで被災地で救助された猫は何匹くらい？\n\n「20匹前後です」\n\n──今後の被災地での活動予定は。\n\n「今も自分たちがペットを探したくても探せない被災された飼い主さんたちのために、手足になれればと思って動いています。そんな声が少なくなっていけば自然と被災地への訪問回数は減っていくと思います。ただ、その後もできることがあれば飼い主さんたちと動物の支えになっていければと思います」\n\n足あとを頼りに見つかった飼い猫2匹。にゃんにゃんちゃんは人見知りがすごく、知らない人が来ると隠れてしまう猫ちゃん。でも、飼い主さんのことを親と思っているのか？付きまとったり、就寝時はピトッとくっついて眠ったりしているとか。一方、メリーくんはおっとりした寂しがり屋さん。常に人のいる所に一緒にいる猫ちゃんだそうです。\n\n（まいどなニュース特約・渡辺 晴子）\nまいどなニュース,['https://newsatcl-pctr.c.yimg.jp/t/amd-img/20240205-11495859-maidonans-000-1-view.jpg?pri=l&w=298&h=640&exp=10800'],"['https://news.yahoo.co.jp/articles/bb43567551400a591c9bb99aaccbfa2e805e2b6d/images/000', 'https://maidonanews.jp/article/15147342?p=28199386&ro=15147342&ri=0']"
「ゴールデンカムイ」でも注目…アイヌの伝統的な文様をデザイン、京都の西陣織の名刺入れやポーチ誕生　（まいどなニュース）,https://news.yahoo.co.jp/articles/d8a8d46446a9764aae3f76f3dce3a26a48ef8478,https://newsatcl-pctr.c.yimg.jp/t/amd-img/20240205-11495853-maidonans-000-28487788-view.jpg?exp=10800,2024-02-05T16:35:06+09:00,2024-02-05T18:22:04+09:00,まいどなニュース,maidonans,まいどなニュース,936,\n自身がデザインしたアイヌ文様の商品を手にする藤戸さん（北海道釧路市）＝あらいそ提供\nアイヌの伝統的な文様をデザインした京都の伝統工芸品・西陣織の名刺入れやポーチなどが商品化された。北海道で活動するアイヌ工芸作家がデザインしており、人気漫画「ゴールデンカムイ」でも注目された文様や鮮やかな色合いが特徴だ。北海道の土産物店やインターネット、新千歳空港（北海道千歳市）などで販売されている。\n【写真】アイヌの伝統的な文様を施した西陣織の名刺入れやポーチ\n新しい北海道土産を模索していた民芸品会社「ほくみん」などの仲介で、西陣織メーカー「あらいそ」（京都市北区）の谷詠治常務取締役（41）と、アイヌ工芸作家の藤戸康平さん（45）＝釧路市＝らが3月に顔を合わせた。初めて西陣織を手にした藤戸さんは細かく精密な織り目や模様に感嘆。刺しゅうで表現することが多いアイヌ文様を美しく再現できると考え、「ほくみん」、「あらいそ」、京都の染色会社「前田染工」との共同開発を快諾した。\n\n 完成した商品は名刺入れやポーチ、ジュエリーケースなど小物7種。アイヌの着物に使われる紺色や朱色を基調に、邪気を払うという「アイウシ」と呼ばれるとがった模様や、植物の生命力などをイメージした渦巻き状の「モレウ」をデザインした。京都の職人が、生地表面の光沢が美しい伝統技法「緞子（どんす）織」で織り、一つ一つ手縫いした。\n\n 藤戸さんは、アイヌ作家が西陣織をデザインするのは珍しいとした上で「伝承と経験によって積み上げられたアイヌ文様は簡単にまねできない。今までにない北海道土産で、観光客の反応が楽しみ」と話す。谷さんは「長い年月をかけて洗練されたアイヌのデザインと、光沢や立体感が特徴の西陣織が融合し、高級感のある商品ができた」と手応えを語る。\n\n 西陣織の出荷額は減少傾向にあり、谷さんは「伝統を守りながらも新たな創造が必要。今後も多様な文化と組んでみたい」と見据える。アイヌ文様をあしらった商品は約3千～8千円。北海道の土産物店や藤戸さん経営の民芸品店「熊の家」のオンラインショップ、新千歳空港などで販売している。\n\n（まいどなニュース／京都新聞・辻 智也）\nまいどなニュース,['https://newsatcl-pctr.c.yimg.jp/t/amd-img/20240205-11495853-maidonans-000-28487788-view.jpg?exp=10800'],"['https://news.yahoo.co.jp/articles/d8a8d46446a9764aae3f76f3dce3a26a48ef8478/images/000', 'https://maidonanews.jp/article/15147675?p=28200389&ro=15147675&ri=0']"
ミュージカル直前の中止発表にファン「酷すぎる」…中止理由「準備に想定以上の時間を要した」に非難轟轟 「ジョジョの奇妙な冒険」（まいどなニュース）,https://news.yahoo.co.jp/articles/62ac10e4dd4e3a47ee06a134b22ad23a5299ce34,https://newsatcl-pctr.c.yimg.jp/t/amd-img/20240205-11495779-maidonans-000-28486370-view.jpg?exp=10800,2024-02-05T12:39:04+09:00,2024-02-05T15:14:51+09:00,まいどなニュース,maidonans,まいどなニュース,728,\n帝国劇場(picture cells/stock.adobe.com)\nミュージカル「ジョジョの奇妙な冒険 ファントムブラッド」（東京・帝国劇場、6日～28日に上演予定）について、同劇場は4日、一部の公演を中止にすると発表した。\n【写真】男性上司「セで始まってスで終わるものなーんだ？」…バイト仲間女性の模範解答に「完璧な返し！」\n中止になったのは6～8日の公演。公式サイトでは「ミュージカル『ジョジョの奇妙な冒険 ファントムブラッド』につきましては、開幕準備に想定以上の時間を要すこととなり、万全の状態で公演をお届けすることが難しいため」と理由を説明している。「ご来場を楽しみにされていたお客様には、大変なご迷惑をお掛けいたしまして、誠に申し訳ございません。心より深くお詫び申し上げます」と謝罪した。\n\n同ミュージカルでは、人気漫画「ジョジョの奇妙な冒険」（作者：荒木飛呂彦）シリーズを初めて舞台化。シリーズの始まりとなる第1部「ジョジョの奇妙な冒険 ファントムブラッド」をベースにした物語で、主人公の“ジョジョ”役を松下優也さん、有澤樟太郎さんがWキャストで務める。\n\n主催者の発表にはSNSでファンから批判が相次いでいる。「今日から遠征して来たのに…」「準備が間に合わない、が理由として通るのすごい」「中止はやむを得ないとしてももっと早めに決断してほしかった」といった声が上がった。\n\n◆中止となる公演は以下の通り\n2月6日(火)18:00開演の部／2月7日(水)18:00開演の部／2月8日(木)13:00開演の部／2月8日(木)18:00開演の部\n※払戻の詳細や振替公演の有無については改めて発表予定\nまいどなニュース,['https://newsatcl-pctr.c.yimg.jp/t/amd-img/20240205-11495779-maidonans-000-28486370-view.jpg?exp=10800'],"['https://news.yahoo.co.jp/articles/62ac10e4dd4e3a47ee06a134b22ad23a5299ce34/images/000', 'https://maidonanews.jp/article/15037146?p=27616753&ro=15149006&ri=0']"
中華圏投資家の約9割「日本の不動産を買うタイミングは“今”」 重視するポイントは「利回り」「資産価値」（まいどなニュース）,https://news.yahoo.co.jp/articles/afbcd66b43e3d2d91bb9151db278a837196f8804,https://newsatcl-pctr.c.yimg.jp/t/amd-img/20240205-11495775-maidonans-000-1-view.jpg?exp=10800,2024-02-05T12:05:12+09:00,2024-02-05T12:05:12+09:00,まいどなニュース,maidonans,まいどなニュース,1141,\n中華圏の投資家が購入したい日本の不動産は「アパート・マンション」が最多 ※画像はイメージです（taka/stock.adobe.com）\n昨今、中華圏の投資家の間で⽇本不動産への関⼼が⾼まっていると聞きます。株式会社神居秒算（東京都港区）が実施した、中華圏投資家向け「日本不動産への意識調査2023」の調査結果によると、中華圏の投資家の約9割が「日本の不動産を買うタイミングは“今”」と回答しました。また、日本の不動産を購入する際に重視するポイントは「利回り」や「資産価値」に回答が集まったそうです。\n【写真】中華圏投資家から見た「日本の不動産の魅力」ランキング結果\n調査は、中華圏（中国、台湾、香港）在住の男女329人を対象として、2023年9月～12月の期間にインターネットで実施されました。\n\n調査によると、87.5％の人が「今は日本不動産に投資するタイミングだと思う」と回答。同社は、「こうした背景には、2022年3月中旬頃から始まった円安傾向が考えられ、なかでも中華圏の個人投資家は、この傾向が2024年も続くと考えているようです」と分析しています。\n\nまた、「日本不動産の魅力」について複数回答で答えてもらったところ、「世界的に見て日本円は価値が落ちにくいため、不動産の価値も落ちにくい」（59.0%）、「空室率が低く、安定した収入源を作ることができる」（51.9%）、「他の先進国より、不動産価格が安い」（42.0%）といった回答が上位に並びました。\n\nさらに、「日本の不動産を購入する時、一番重視するポイント」を複数回答で答えてもらったところ、「利回り」（45.6%）や「資産価値」（43.5%）といった回答が上位を占めました。\n\n同社は、「この結果は中華圏と日本の不動産に対する価値観の違いが考えられます」としたうえで、「中華圏は日本と比較して『土地・不動産』を子孫に代々残せる『資産』として見る文化が根強いようです」とコメントしています。\n\n最後に、「今、購入したい不動産のタイプ」を複数回答で教えてもらったところ、「アパート・マンション」（53.2%）、「戸建て」（43.2%）、「ビル一棟」（22.5%）、「宿泊施設」（18.5%）などが上位に挙げられました。\n\n同社は、「昨年との違いの１つに『宿泊施設』の回答者増加が挙げられます。旧正月や国慶節などの大型連休を利用した旅行などで実際に日本へ滞在したことで、日本への愛着が強まり、日本の不動産投資を検討する可能性が考えられます」と考察しています。\n\n ◇ ◇\n\n【出典】\n▽株式会社神居秒算／中華圏投資家向け「日本不動産への意識調査2023」\nまいどなニュース,['https://newsatcl-pctr.c.yimg.jp/t/amd-img/20240205-11495775-maidonans-000-1-view.jpg?exp=10800'],"['https://news.yahoo.co.jp/articles/afbcd66b43e3d2d91bb9151db278a837196f8804/images/000', 'https://maidonanews.jp/article/15147249?p=28198790&ro=15147249&ri=0']"
子猫を引き取ったら…夫が意外にも溺愛！夫婦と猫で仲良く暮らす「うちの子になってくれてありがとう」（まいどなニュース）,https://news.yahoo.co.jp/articles/6fc19d41e1086a8febdb5e156eef82570b40ceaf,https://newsatcl-pctr.c.yimg.jp/t/amd-img/20240205-11495843-maidonans-000-28486792-view.jpg?exp=10800,2024-02-05T16:03:12+09:00,2024-02-05T16:15:49+09:00,まいどなニュース,maidonans,まいどなニュース,1967,\nハチワレの野良猫が特養で出産、1匹だけ残った子猫\nお父さんが、ベタ惚れなの＝KINAKOさん（@kinako_YK）提供\nきなこさん（2歳半・メス）は、滋賀県にある特別養護老人ホームの敷地内で、野良猫が産んだ子猫だった。2021年7月下旬に産まれ、子猫は全部で4匹いたそうだ。\n【写真】浄水器の水を直飲みするのが大好きな猫ちゃん\n事務所から職員に「誰か引き取る人はいないか」という話があったという。Kさんは、夫や離れて暮らす子どもたちに相談し、1匹なら引き取れると伝えた。しかし、4匹のうち1匹しか里親希望者がいなかったので、施設は保護に二の足を踏んだ。\n\n事務所が役所にどうしたらいいのか問い合わせると、「餌を与えなければ、そのうちいなくなる」と言われたそうだ。\n\n「入所者に怪我をさせないことが最優先だったので、どうすることもできず見守っていたそうです。そうこうしているうちに子猫は1匹だけになり、3匹はいなくなりました。母猫は、子猫に餌を運んだり、尻尾で遊んであげたりしていたのですが、ある日、姿を見せなくなりました」\n\n8月10日、翌日から雨予報が出ていた。Kさんは、施設長や課長から「もし保護できたら引き取ってもらえるか？」と言われ、「引き取ります」と即答。Kさんは「子猫が一匹では生きていけない」と思った。 \n\n忙しい仕事の合間を縫って、施設の職員が捕獲に協力してくれた。子猫はU字溝に逃げ込んだが、片側から棒でつつき、出てきた子猫を100均で買った網で捕まえたという。30分ほどかけ、無事保護できた。\n子猫だが精一杯「シャー！」\nこうしてKさん夫妻ときなこさんの暮らしが始まった。\n\nKさんは、近所の方に動物病院を教えてもらい、緊急で診てもらうことに。初めての動物病院なので、夏休みで帰省していた次男も病院についてきてくれた。\n\n「診察中はとてもおとなしく、虫かごにちょこんと入っていました。動物病院で少し離乳食を食べましたが、家では餌を食べませんでした」「母猫から『人間は怖いもの』と、ちゃんと教えてもらっていたのでしょう。数回、私達を見てシャーと怒ったりもしました。夜に帰ってきた主人が手から餌を与えると少し食べてくれて、ほっとしました」\n\nきなこさんは、シャーと怒ることはあっても一切鳴くことはせず、段ボールの隅っこで小さくなっていた。\n\n「朝、私たち家族が起きると、段ボールの中からきなこがいなくなっていました。まさか大きな段ボールから出られるとは思わず、階段だって登れないだろうと思っていました。家じゅう探したら、2階の長男の部屋の隅っこに隠れていました。初めての場所がよほど怖かったのだと思います」\n\n翌日もきなこさんは、段ボールから出てきてしまった。テレビの後ろから何時間も出てこず、しばらくそこが定位置になったという。\n\nKさんの夫は「ペットと人間は別」と言っていたので、Kさんは、「人間にはあまりつけない名前にしよう」と思った。漠然と「食べ物の名前かな？」と考え、短毛の猫なので和食のイメージに。きなこ、あんこ、おもち、あずき、だんごなどの候補の中から「きなこさん」にしたそうだ。\n「人とペットは違う」と言っていた夫が…猫を溺愛！\nきなこさんは、基本的に「びびり猫」だが、寂しがり屋でもある。\n「ひっくりかえってお腹を見せてゴロゴロしてと要求したり、触って～と催促したりします。高いところに登って降りられなくなるとニャーニャー鳴いて助けを求めますし、実に賑やか。膝の上にドンと座ってまどろむこともあるかまってちゃんです」\n\n実はKさんの夫は、今ではきなこさんを“溺愛”しているという。\n\n「夫がここまで猫をかわいがる人とは思っていませんでした。息子達もそれなりに愛情を持って育ててくれましたが、育児はもっぱら私（母親）の仕事でした。今では、息子達よりもきなこさんの名前を呼ぶことの方が断然多いくらいです。自らきなこさんを抱っこしますが、きなこさんにとってはいい迷惑かも（笑）膝の上にのせて、一緒にTVを見ている姿がなんとも可愛いです」\n\n夫は、キャットタワーも手作りしてくれた。子ども達が家から出て、夫婦の間にあった隙間をきなこさんが埋めてくれている。\n「春には毎年きなこさんを連れてお花見に出かけます。これからもずっと夫婦の間にきなこさんがいて、毎年一緒にお花見ができればいいなと思っています。夫婦で一緒に見る桜。愛猫きなこさんも同じ桜を見ている…なんとも贅沢な時間をきなこさんがプレゼントしてくれました。うちの子になってくれて有難うという気持ちでいっぱいです」\n\n（まいどなニュース特約・渡辺 陽）\nまいどなニュース,['https://newsatcl-pctr.c.yimg.jp/t/amd-img/20240205-11495843-maidonans-000-28486792-view.jpg?pri=l&w=480&h=640&exp=10800'],"['https://news.yahoo.co.jp/articles/6fc19d41e1086a8febdb5e156eef82570b40ceaf/images/000', 'https://maidonanews.jp/article/15140585?p=28178339&ro=15140585&ri=0']"
現役東大生に聞いた「東大を目指したきっかけ」 2位は「現役東大生と交流する機会があった」（まいどなニュース）,https://news.yahoo.co.jp/articles/461ce2e58828b05a1ea547aaf6f265c1cba5eace,https://newsatcl-pctr.c.yimg.jp/t/amd-img/20240205-11495761-maidonans-000-1-view.jpg?exp=10800,2024-02-05T11:45:10+09:00,2024-02-05T11:45:10+09:00,まいどなニュース,maidonans,まいどなニュース,976,\n東京大学の安田講堂（a_text/stock.adobe.com）\n現役東大生のみなさんが、「東大を目指したきっかけ」にはどのようなことがあったのでしょうか。株式会社トモノカイ（東京都渋谷区）が実施した調査によると、「学校や塾の先生、家庭教師に勧められた／影響を受けた」が最多となりました。また、東大を本格的に目指し始めた時期については、約8割の人が「高校生」と回答しました。\n【写真】男性上司「セで始まってスで終わるものなーんだ？」 バイト仲間女性の模範解答に「完璧な返し！」\n調査は、同社の教育系アルバイト紹介サイト『t-news』に登録する、塾や学校での指導や家庭教師など教育系のアルバイト経験がある現役東大生（院生含む）300人を対象として、2024年1月にインターネットで実施されました。\n\n現役東大生300人に「大学入学前、現役東大生と交流したことはありますか」と質問したところ、全体の6割近くが「ある」（59.7％）と回答しました。\n\n続けて、「東京大学を目指したきっかけ」を教えてもらったところ、「学校や塾の先生、家庭教師に勧められた／影響を受けた」（31.8%）が最多となったほか、「中学や高校でOBOGなど（家族・親族以外の）現役東大生と交流する機会があった」（16.8％）、「東大のオープンキャンパスに行った」（15.7％）といった回答も挙げられました。なお、「家族や親族に東大卒がいた」（9.8％）は1割未満にとどまっています。\n\nまた、「東京大学を本格的に目指し始めた時期」については、約8割が「高校生」（80.7％）と回答。ほか、「中学生」は11.7％で、9割以上が中高時代に東大を目指し始めたことが分かりました。\n\nちなみに、「入学試験の前日にしたこと」を複数回答で答えてもらったところ、「長時間の睡眠をとった」（125人）や「試験会場の下見や会場近くでの前泊をした」（114人）に回答が集まったほか、「特別なことは何もしなかった」（86人）、「好きな音楽を聴いた」（74人）、「教員や塾の講師、家族、友人と話した」（60人）などの回答もみられ、普段通りの生活でリラックスすることを意識した人が多いことがうかがえました。\n\n ◇ ◇\n\n【出典】\n▽株式会社トモノカイ\nまいどなニュース,['https://newsatcl-pctr.c.yimg.jp/t/amd-img/20240205-11495761-maidonans-000-1-view.jpg?exp=10800'],"['https://news.yahoo.co.jp/articles/461ce2e58828b05a1ea547aaf6f265c1cba5eace/images/000', 'https://maidonanews.jp/article/15037146?p=27616753&ro=15147212&ri=0']"
最大28歳差！「年の差婚」夫婦に聞いた「年上・年下パートナーだからこそ」の良い点・残念な点（まいどなニュース）,https://news.yahoo.co.jp/articles/a236989fb9422c8891db29e2274bd350a440e0e6,https://newsatcl-pctr.c.yimg.jp/t/amd-img/20240205-11495768-maidonans-000-1-view.jpg?exp=10800,2024-02-05T11:50:15+09:00,2024-02-05T11:50:15+09:00,まいどなニュース,maidonans,まいどなニュース,4176,\n年上パートナーのいいところは「相手に包容力・忍耐力がある」が1位 ※画像はイメージです（kapinon/stock.adobe.com）\n「年の差婚」の夫婦のみなさんが感じている、年上・年下パートナーだからこその良い点・残念な点はどのようなことがあるのでしょうか。20歳以上かつ、6歳以上の年齢差がある結婚をしたことがある全国の男女270人（男性94人／女性176人）に聞いたところ、年上パートナーのいいところは、男女いずれも「相手に包容力・忍耐力がある」が1位となりました。一方、年上パートナーの残念なところは、男性回答が「偉そうにされる・上から目線」、女性回答が「一緒にいられる時間が短い可能性がある」がそれぞれ1位となりました。\n【写真】結婚するとき、年の差は気になった？アンケート結果\n株式会社ネクストレベル（横浜市西区）が運営するメディア『縁結び大学』が、「夫婦270人が語る、年が離れた夫・妻の良いところベスト5」と題して、2024年1月にインターネットで実施した調査です。\n\n調査によると、回答者の「歳の差の平均」は、男性が年上のケースで「9.2歳差」、女性が年上のケースで「8.7歳差」となりました。また、「最も歳の差があったカップル」は、夫が年上のケースでは結婚時点で夫53歳・妻25歳の「28歳差」、女性が年上のケースでは、夫35歳・妻60歳の「25歳差」でした。\n\n続いて、「結婚するとき、年の差は気になりましたか」と聞いたところ、男性は72.8％、女性では62.0％が「気にならなかった」と回答。その理由として、以下のようなコメントが寄せられました。\n\n【気にならなかった】\n▽性格が合うので歳の差はほとんど気にならなかった（男性・妻が8歳上）\n▽妻が大人びた考えをしていて年齢差を感じなかった（男性・妻が11歳下）\n▽相手の見た目が若々しくハツラツとした雰囲気だったため、気になりませんでした（女性・夫が18歳上）\n▽相手が気にしていなかったので。ただお互いの両親は微妙な空気を出していた（女性・夫が9歳下）\n\n【気になった】\n▽相手の親に会う時にかなり気にしました（男性・妻が11歳下）\n▽まだ若かったので、友人や親戚から「年上の奥さんで大丈夫か」と聞かれることが多くあった（男性・妻が6歳上）\n▽今まで付き合ったことがあるのが同級生だったので、年上の人ってどうなのか分からなかった（女性・夫が7歳上）\n▽夫は子どもが欲しいだろうに、若い奥さんの方が良いのでは…と今でも思っています（女性・夫が9歳下）\n\nでは、「年上パートナーのいいところ」にはどのようなことがあるのでしょうか。年上パートナーを持つ男性34人と女性145人に複数回答で答えてもらったところ、男女ともに1位「相手に包容力・忍耐力がある」（男性58.8％・女性49.7％）、2位「知らないことを教えてくれる」（男性29.4％・女性44.1％）となりました。回答者からのコメントは以下の通りです。\n\n▽包容力があり、ケンカをしてもすぐに相手が折れて許してくれる（女性・夫が10歳上）\n▽包容力があり、若いうちに経験できることをさせてくれる（男性・妻が17歳上）\n▽妻に包容力があり、今では私が大きな子ども扱いになっていて、まったくケンカにもならない（男性・妻が8歳上）\n▽自分よりも人生経験が豊富なだけあって、許容力・包容力が大きく心の拠り所になってくれた（女性・夫が17歳上）\n▽仕事で困ったことを相談すると、社会人の先輩としてアドバイスしてくれる（男性・妻が7歳上）\n▽分からないことや不安なことは相談にのってくれる頼りになる妻。一番近い他人に相談しやすいというのは大きな利点（男性・妻が7歳上）\n▽社会人経験が長いため、自分が困った時や失敗してしまった時のアドバイスが的確でとても頼りになります（女性・夫が18歳上）\n\n一方、「年上パートナーの残念なところ」をみると、男性回答は1位「偉そうにされる・上から目線」（32.4％）、2位「相手に体力がない」（26.5％）が上位となったのに対して、女性回答では1位「一緒にいられる時間が短い可能性がある」（29.7％）、2位「介護の可能性がある」（24.1％）と、男女で回答に違いがみられました。回答者からのコメントは以下の通りです。\n\n▽ケンカになったときに上から目線でものを言われる（男性・妻が11歳上）\n▽自分が若かった頃は年上の妻を尊敬していたが、自分が精神的に成長していくとともに妻の上から目線にストレスを感じるようになった（男性・妻が12歳上）\n▽男性のほうが寿命が短いことを考えると「早く離れるのかな」とか考えます（女性・夫が9歳上）\n▽顔に疲れが出てきている（男性・妻が7歳上）\n▽お互いに老けたが、妻が来年60歳になるとわかってがっかり（男性・妻が8歳上）\n▽年齢的に子どもが1人のみとなりました（男性・妻が7歳上）\n▽しわやたるみ、加齢臭が気になってしまった（男性・妻が25歳上）\n▽子どもと遊んでいると、明らかに友達の旦那よりもバテるのが早い（女性・夫が7歳上）\n▽昭和の考え方で、家事などを全部妻がやると思っている（女性・夫が11歳上）\n▽定年が早いので、収入が下がる（女性・夫が14歳上）\n\n他方、「年下パートナーのいいところ」にはどのようなことがあるのでしょうか。年下パートナーを持つ男性60人と女性31人に複数回答で答えてもらったところ、男性回答は1位「自分も若くいられる」（65.0％）、2位「かわいい」（46.7％）、女性回答では1位「相手の若さや体力に頼れる」（45.2％）、2位「多少のことは大目に見てあげられる」（41.9％）という結果になりました。回答者からのコメントは以下の通りです。\n\n▽自分の服のセンスも若くなる（男性・妻が10歳下）\n▽若さを保っていられる（女性・夫が12歳下）\n▽夫が若くてタフなので子育てや家事が頼もしい（女性・夫が7歳下）\n▽体力が私より遥かにあるので進んで手伝いをしてくれます（女性・夫が9歳下）\n▽かわいらしくて、この人のために仕事をがんばろうという気にさせてくれる（男性・妻が16歳下）\n▽同い歳や年上の相手だと感情的になってしまうかもしれませんが、年下でかわいいと思えるので穏やかに過ごすことができると思います（女性・夫が6歳下）\n▽相手がバカなことをしても、若いから仕方ないと許せてしまう（男性・妻が11歳下）\n▽私の知らない音楽やドラマ、映画などに詳しいので、話をしていて新鮮に感じます。（男性・妻が8歳下）\n▽ちょっとやそっとのことじゃ怒らなくなった（女性・夫が8歳下）\n▽仕事に対する考え方も年代でこんなに違うのかと参考になる。今の若い人の考え方や本音がわかるようになった（女性・夫が18歳下）\n\n一方、「年下パートナーの残念なところ」をみると、男女ともに「考え方や行動が幼い・子どもっぽい」（男性23.3％・女性45.2％）が挙げられたほか、同率回答として、男性は「甘えすぎ・ワガママ」、女性では「自分の老いに引け目を感じる」が挙げられました。回答者からのコメントは以下の通りです。\n\n▽考えていることが幼く感じて理解ができないこともよくある（男性・妻が16歳下）\n▽世間知らずなとこがあり、こちらが恥ずかしい思いをすることもある（女性・夫が7歳下）\n▽話し方やマナーなどに幼さを感じるため、不満に思うことがある。指摘してもケンカになるだけなので、気にしないようにしている（男性・妻が6歳下）\n▽私のことを「おばさん」などと呼んで、相手が不快に思うようなことをふざけて言ってくるところが幼稚だと思う（女性・夫が7歳下）\n▽先に老けてしまったり体力がなくなってきたりして申し訳ない（女性・夫が7歳下）\n▽周囲の友人たちと遊んだり飲みに出かける頻度が高い（女性・夫が8歳下）\n▽結婚した頃は想像以上に経済力がなくて大変でした（女性・夫が9歳下）\n\n最後に、「年の差のあるパートナーと結婚してよかったですか」と全回答者に聞いたところ、86.3％の人が「よかった」と回答し、以下のようなコメントが寄せられました。\n\n▽年上女房は圧倒的にラク（男性・妻が8歳上）\n▽妻には若くて未熟な部分もあるが、それを見て自分も若くいようと努力したり、自分自身の性格も素直に見直すことができるようになった（男性・妻が15歳下）\n▽色々思うことはありますが、かわいさと柔らかさでいい意味で気が抜けてラクです。（女性・夫が11歳下）\n▽価値観の違いはあるが、お互いの不足や得意不得意を補え合えるよいパートナー（女性・夫が24歳上）\n\nまた、年齢差のある結婚を考えている人へのアドバイスとして、以下のようなコメントが集まりました。\n\n▽感謝の気持ちをもって接すれば夫婦円満な関係を築けると思う（男性・妻が11歳下）\n▽時には「うるさいなぁ」とか思うこともあるかもしれませんが、今までなかった価値観や考え方に触れられる機会になると思います（男性・妻が9歳上）\n▽相手に甘えてばかりではなく、相手にも甘えてもらえるように程よいバランスを保つのが良いと思います（女性・夫が11歳上）\n▽相手が年下だと至らない点もありますが、想いがあれば成長してくれます。お姉さん気分で見守ることも大切かなと思います（女性・夫が7歳下）\n\n---------------------------------------------------------------\n\n【調査概要】\n調査方法：インターネットアンケート\n調査対象：20歳以上かつ、相手のかたと6歳以上の年齢差がある結婚をしたことがある男女\nアンケート母数：男性94名・女性176名（合計270名）\n実施日：2024年1月15日～2024年1月19日\n調査実施主体：縁結び大学\n調査会社：株式会社ネクストレベル\nまいどなニュース,['https://newsatcl-pctr.c.yimg.jp/t/amd-img/20240205-11495768-maidonans-000-1-view.jpg?exp=10800'],"['https://news.yahoo.co.jp/articles/a236989fb9422c8891db29e2274bd350a440e0e6/images/000', 'https://maidonanews.jp/article/15141781?p=28182180&ro=15141781&ri=0']"
「デニム胡蝶蘭」ジーンズが好きなあの人に…縫製工場が手がけた祝い花が話題　メーカー「永遠に枯れない藍」（まいどなニュース）,https://news.yahoo.co.jp/articles/0e7277370beee56af4b8d50eb18a529fcb32794e,https://newsatcl-pctr.c.yimg.jp/t/amd-img/20240205-11495714-maidonans-000-1-view.jpg?exp=10800,2024-02-05T07:25:13+09:00,2024-02-05T07:25:13+09:00,まいどなニュース,maidonans,まいどなニュース,840,\nデニム胡蝶蘭（青木被服提供）\n開店祝いや公演祝いなど、華やかなシーンでは欠かせない花「コチョウラン」をジーンズ縫製工場がデニムで再現し、話題になっています。岡山県井原市にある青木被服が手がけた「デニム胡蝶蘭」。同社は「記念日や人生の門出、お祝いごとに、新たな贈り物としてお選びいただければ」とアピールしています。\n【写真】「デニム胡蝶蘭」は全3色\n■ブリーチ、ホワイト、シルバーデニムで制作\n\n デニム胡蝶蘭は1月25日発売。コチョウランの花びらや花茎など各部位をデニムで表現しており、色は藍、箔（はく）、沫（しぶき）の全3種。\n\n 「藍はデニムにハンドブリーチを施し、濃淡ある藍色が美しいデニム胡蝶蘭の代表的カラー。箔はインディゴとホワイトデニムで制作した花びらが美麗で上品な表情を演出します。沫は銀糸を縦糸におりこんだシルバーデニムを用いて制作。見る角度によって美しく輝きを演出します」（同社商品説明より）\n\n 同社専務取締役でデザイナーの青木俊樹さんは「永遠に枯れない藍だからこそ、空間も長く彩ることができます。華やかさとともに、岡山県を代表する新たな贈り物となれば」とコメントしました。\n\n 各色とも3本（27輪）、5本（45輪）タイプがあり。サイズは3本タイプが巾450奥行500高さ750mm、5本タイプが巾450奥行550高さ850mm。価格は41800円～63800円（送料・税込）。受注生産品。同社実店舗（倉敷SOLA店、倉敷本店）とオンラインストアで受け付け中。納期は約30日。\n\n ◇\n\n 同社は1961（昭和36）年、デニム製品とユニフォームの受注生産を開始。2022年、デニムで作ったバラの花「DENIM ROSE」を発売。一輪挿しや花束のアレンジなどが評判を呼び、「累計1万本に迫る販売実績となりました」（同社）。同社がある岡山県井原市は、デニム生地の工場が多く、「デニムの聖地」をうたっています。\nまいどなニュース,['https://newsatcl-pctr.c.yimg.jp/t/amd-img/20240205-11495714-maidonans-000-1-view.jpg?pri=l&w=426&h=640&exp=10800'],"['https://news.yahoo.co.jp/articles/0e7277370beee56af4b8d50eb18a529fcb32794e/images/000', 'https://maidonanews.jp/article/15140179?p=28194740&ro=15140179&ri=0']"
キッチンスポンジ、どのくらいで交換してる？　購入時に重視するポイント1位は「価格」（まいどなニュース）,https://news.yahoo.co.jp/articles/3731efa77d15e5d61330da13770cd2b6b4910653,https://newsatcl-pctr.c.yimg.jp/t/amd-img/20240205-11495719-maidonans-000-1-view.jpg?exp=10800,2024-02-05T07:40:07+09:00,2024-02-05T07:40:07+09:00,まいどなニュース,maidonans,まいどなニュース,2005,\nキッチンスポンジを選ぶ上で重視していることは？ ※画像はイメージです（photoAC）\nみなさんは、「キッチンスポンジ」を選ぶ際、どのようなことを重視していますか。株式会社しんげん（東京都渋谷区）が運営する主婦向けの情報メディア『SHUFUFU』が、自宅での”食器洗い”を日常的に行っている全国の20～60代以上の男女200人（女性132人／男性68人）を対象に「キッチンスポンジ」に関する調査を実施したところ、交換頻度は「1カ月」が最多となりました。また、最も重視していることは「価格」だったそうです。\n【写真】キッチンスポンジの交換頻度は？アンケート結果\n調査は2024年1月にインターネットで実施されました。\n\n ◇ ◇\n\nはじめに、「キッチンスポンジの交換頻度」を聞いたところ、1位は「1カ月」（46.0%）でした。次いで2位「2週間程度」（14.0%）、3位「2カ月」（12.0%）、4位「1週間程度」（8.0％）と続きました。回答者からのコメントは以下の通りです。\n\n【1位：1カ月】\n▽見た目でもわかるくらいにボロボロになったらかえている（30代女性）\n▽歯ブラシを月に一度替えるのでそのタイミングで一緒に替える（50代女性）\n▽だいたい1カ月くらいすると、傷みが目立つようになったり縮んだりしてしまう（40代男性）\n\n【2位：2週間程度】\n▽あまり長く使うと雑菌が心配になるので（30代女性）\n▽スポンジのコシ（硬さ）がなくなったら交換します（40代男性）\n▽泡立ちが悪くなってくると洗剤を使う量が増えるので（30代女性）\n\n【3位：2カ月】\n▽ボロボロになって使いにくくなるまで使い果たす（20代男性）\n▽ネットがボロボロになったり裂けてきたり、スポンジの厚みがなくなったら（30代女性）\n▽ダスキンのへたらないスポンジを使っているため耐久性がある。特に汚れのひどいものはいらなくなった布巾などで下洗いするのでスポンジも大して汚れない（30代女性）\n\n【4位：1週間程度】\n▽安いスポンジなので清潔を保つために頻繁に交換している（20代女性）\n▽安いものを買って1週間ごとに交換すると言うルーティーンを若い頃から組んでいる（30代女性）\n▽ニトリで毎日取り替えるキッチンスポンジを買ったのですが、一日で交換するのがもったいないと思ってしまい、数日から一週間ほど使い、ゴミの日に合わせてキッチンシンクの掃除をしてから交換している（40代女性）\n\n ◇ ◇\n\n続いて、「キッチンスポンジを選ぶ上で重視していること」を教えてもらったところ、1位は「価格」（44.5%）でした。以下、2位「泡立ち」（16.0%）、3位「耐久性」（14.5％）、4位「素材」（8.5％）と続きました。回答者からのコメントは以下の通りです。\n\n【1位：価格】\n▽消耗品なので安いもので済ませたい（30代男性）\n▽一人暮らしなのでなるべく安いものを選ぶようにしています（20代男性）\n▽長期間使用を継続するものではないので、交換の頻度を考えて、価格を見ています。あまり安すぎると交換の頻度が多くなるので、耐久性も考えて見合う価格を考慮しています（50代女性）\n\n【2位：泡立ち】\n▽泡立ちが良いと綺麗に洗えて、洗剤も少ない量で済むから（40代女性）\n▽キッチンスポンジの目的は食器類の汚れを落とすことなので、泡立ちを最も重視しています（40代男性）\n▽全然泡立たないスポンジもあるので、パッケージに泡立ちを謳っているものを選ぶようにしています（30代女性）\n\n【3位：耐久性】\n▽数週間で駄目になってしまうようだと、スポンジにかける費用が増えてお金がかかってしまうから（40代女性）\n▽すぐボロボロになると泡立ちが悪くなり、洗剤がたくさん必要になるし、ストレスになるから（50代女性）\n▽以前は価格重視で100均などを利用していましたが、義母の勧めでダスキンの耐久性のあるキッチンスポンジを使い始めてからは安いものに戻れなくなりました。結果的に長く使えてコスパもいいと思います（30代女性）\n\n【4位：素材】\n▽食器を傷つけにくくて汚れが落ちるのが良いから（40代女性）\n▽ガンコな汚れと軽い汚れで使い分けができる二層タイプを選んでいます。無駄がなく食器も傷付けないからです（30代女性）\n▽水切れの良い粗めの素材のものを購入している。水切れの良い物の方が衛生的だと感じるため（30代女性）\n\n ◇ ◇\n\n【出典】\n▽SHUFUFU／【アンケート調査】キッチンスポンジはどのくらいの頻度で交換する？購入する際に1番重視するのはココ！\nhttps://shufufu.net/9975/\nまいどなニュース,['https://newsatcl-pctr.c.yimg.jp/t/amd-img/20240205-11495719-maidonans-000-1-view.jpg?exp=10800'],"['https://news.yahoo.co.jp/articles/3731efa77d15e5d61330da13770cd2b6b4910653/images/000', 'https://maidonanews.jp/article/15145907?p=28193603&ro=15145907&ri=0']"
【仕事の満足度10万人調査】最も低い年代は「40代」…若年層が高く、シニア層になって回復する傾向（まいどなニュース）,https://news.yahoo.co.jp/articles/e1f63ca75c39d3168b0b2dcaa2a81b7f8051fbdb,https://newsatcl-pctr.c.yimg.jp/t/amd-img/20240205-11495706-maidonans-000-1-view.jpg?exp=10800,2024-02-05T07:05:13+09:00,2024-02-05T07:05:13+09:00,まいどなニュース,maidonans,まいどなニュース,1626,\n「仕事満足度」が最も低い年代は40代 ※画像はイメージです（ponta1414/stock.adobe.com）\n総合人材サービスのパーソルホールディングス株式会社（東京都港区）は、このほど「はたらく定点調査」の結果を公表しました。そのなかの「各年代の仕事満足度」に関する調査によると、仕事の満足度について、「満足」と答えた割合は若年層が高く、反対に最も少なかった年代は「40代」となりました。その一方で、シニア層で満足度は回復する傾向が見られたそうです。\n【写真】「仕事に満足していますか？」年代別アンケート結果\n調査は、本業または副業で働いている全国の15～69歳の男女10万人を対象として、2023年3月にインターネットで実施されました。\n\nまず、「現在の仕事にどの程度満足していますか」という質問に対し、「満足」と答えた割合を年代別にみると、「10代」（68.0%）が最も高く、次いで「60代」（58.9%）、「20代」（52.1％）、「30代」（46.1％）、「50代」（45.8％）と続き、「40代」（44.4％）が最も少なくなりました。\n\nまた、「仕事の内容に興味が持てること」に対して、「満足」と答えた割合を年代別にみると、「10代」（63.2%）が最も高く、次いで「60代」（57.0%）、「20代」（53.3％）、「30代」（48.9％）、「50代」（47.0％）と続き、「40代」（45.6％）が最も少なくなりました。\n\n続けて、「仕事の裁量（自分に任されている範囲）が適切であること」に対して、「満足」と答えた割合を年代別にみると、「10代」（67.0%）が最も高く、次いで「60代」（59.9%）、「20代」（52.8％）、「30代」「50代」（いずれも48.4％）と続き、「40代」（47.1％）が最も少なくなりました。\n\nさらに、「仕事の忙しさが適切であること」に対して、「満足」と答えた割合を年代別にみると、「10代」（57.3%）が最も高く、次いで「60代」（55.0%）、「20代」（45.6％）、「50代」（43.3％）と続き、「30代」と「40代」（いずれも40.8％）が最も少なくなりました。\n\n次に、「経験・能力が活かせる仕事があること」に対して、「満足」と答えた割合を年代別にみると、「60代」（56.5%）が最も高く、次いで「10代」（54.9%）、「20代」（47.1％）、「50代」（46.1％）、「30代」（45.1％）と続き、「40代」（42.8％）が最も少なくなりました。\n\n最後に、「自身のキャリア・方向性と合った仕事ができること」に対して、「満足」と答えた割合を年代別にみると、「10代」（53.4%）が最も高く、次いで「60代」（47.3%）、「20代」（43.8％）、「30代」（38.0％）、「50代」（36.9％）「40代」（34.7％）と続き、いずれの項目においても若年層が高く、ミドル層になるにつれて低下、シニア層になって回復する傾向がみられる結果となりました。\n\n ◇ ◇\n\n調査を実施した同社は、「40代は、それまで登り調子だったものが変化することで、考え方の転換を迫られる時期とされる。加えて、日本の雇用環境は、伝統的に会社主導の異動が行われてきたため、他社でも通用するような確固たる専門性を持てず、かつ自分なりのキャリアプランを考える機会もなく40代になった会社員も多い」と考察。\n\nそのうえで、「最近では会社主導の異動に従っていれば老後も安泰という時代ではなくなってきた。自らキャリアを模索し、将来設計をしようとする40代が増えていると考えられる。45歳以上の転職者数は、2010年から2020年にかけて145％と増加した。40代からのキャリアについて、動向を注視する必要がありそうだ」と述べています。\nまいどなニュース,['https://newsatcl-pctr.c.yimg.jp/t/amd-img/20240205-11495706-maidonans-000-1-view.jpg?exp=10800'],"['https://news.yahoo.co.jp/articles/e1f63ca75c39d3168b0b2dcaa2a81b7f8051fbdb/images/000', 'https://maidonanews.jp/article/15143993?p=28188130&ro=15143993&ri=0']"
夜な夜な3歳息子の上履き入れ手作り→サイズ間違えにネット民爆笑「ネギ入れに最適」「母の愛情のデカさ」（まいどなニュース）,https://news.yahoo.co.jp/articles/fa59e9b8a4f2a992de3389654acf2e3370c399ab,https://newsatcl-pctr.c.yimg.jp/t/amd-img/20240205-11495698-maidonans-000-28484308-view.jpg?exp=10800,2024-02-05T06:50:12+09:00,2024-02-05T09:47:06+09:00,まいどなニュース,maidonans,まいどなニュース,920,\n夜なべして作った3歳息子の上履き入れ…どんなサイズになった！？（いずれも提供写真）\n保育園や幼稚園の入園を前に、4月に向けて持ち物を準備する季節。そんな中、埼玉県在住のママが1年前に夜な夜な手作りした上履き入れが、SNS上で話題になっている。当時、3歳だった息子の足のサイズは16センチ。しかし、裁縫が不慣れというママが投稿した上履き入れの写真は…ネギ一本がすっぽり収まるほどの大きさだった。\n【写真】ネギもすっぽり！？デカすぎる上履き入れ\n■プラレール柄に息子は大喜び\n\nX名・どでかみんストロングさん（dodekamin_str）。昨年1月、幼稚園から入園準備の知らせが届き、息子を寝かしつけた後にかばんなどを地道に作っていた。学生以来のミシンで、慣れない作業に連日徹夜続きに。「言い訳になっちゃいますが、途中から頭が働かなくなり、特に上履き入れを作っていた時はほとんど無意識状態で縫っていました。サイズがおかしいと気付いたのは、作り終えた時でした」と話す。\n\n完成した上履き入れは、40センチほど。思わず、「なんだこれは！」と言い、一気に目が覚めたのを覚えているという。一方で、息子は大好きなプラレール柄に大喜び。頭から袋を被ろうとしたり、お気に入りのおもちゃを入れたり、ペットに見立てて引きずってお散歩ごっこをしたりして、遊んでいたという。\n\n1年後に投稿したのは、懐かしくなったから。上履きやネギと比較した写真に、返信欄は「サイズ感が、母の愛情のデカさですね」「大きくなれよ、の母の願」「足が30センチになっても使えちゃう」といった温かい声のほか、「ネギだけじゃなくてだいこんも入りそう」「鍵盤ハーモニカ入れみたい」「ワイン入れに良さそう」など、面白いアイデアが続々。「ワイン入れ良いかも。プラレール柄だけど（笑）」などと突っ込みながら、コメントを楽しんだという。\n\nところで、巨大上履き入れの使い道は…？470ミリリットルの水筒、新幹線のおもちゃ入れ、買い物袋…とどうにかして何かに使えないか考えたが、結局、糸をばらして作り直しましたとさ。\n\n（まいどなニュース・山脇 未菜美）\nまいどなニュース,['https://newsatcl-pctr.c.yimg.jp/t/amd-img/20240205-11495698-maidonans-000-28484308-view.jpg?exp=10800'],"['https://news.yahoo.co.jp/articles/fa59e9b8a4f2a992de3389654acf2e3370c399ab/images/000', 'https://maidonanews.jp/article/15147591?p=28200129&ro=15147591&ri=0']"
「5000万円で都心の古くて狭い物件」と「7000万円で郊外の築浅で広い物件」…中古マンション買うならどっち！？40代共働き夫婦の最終判断は（まいどなニュース）,https://news.yahoo.co.jp/articles/4c2c77ea66fafca04d988e962d1260d357c70685,https://newsatcl-pctr.c.yimg.jp/t/amd-img/20240205-11495711-maidonans-000-1-view.jpg?exp=10800,2024-02-05T07:15:09+09:00,2024-02-05T07:15:09+09:00,まいどなニュース,maidonans,まいどなニュース,2051,\nプロに聞いたら、想像以上に値段の高い物件も購入できると言われてしまって…\nマイホーム購入の選択肢に、中古マンションを検討する方が増えています。高騰が続く建築資材に、職人不足、海外からの投資流入など、さまざまな要因で新築マンションの値段は上がる一方。「とても都心部で新築マンションは候補にあげられない…」という状況が続く間は、中古マンションの人気も上がっていきそうです。\n【漫画】下手にプロに相談してしまったばっかりに…収拾がつかなくなってしまいました\nそんな中古マンションでの家探しをしていたAさん（関東在住、40代、フルタイム）一家が悩んだのは、全く条件の異なる二つの中古マンション。新築よりも選択肢の幅が広くなる中古マンション選びでは、家族の意見をまとめる難しさがありました。\n「無理なく返済できそうです」と言われて\nともに40代のAさん夫婦が家探しを始めるにあたって最初にしたことは「予算のイメージ」を決めることでした。共働きの夫婦として5年一緒に暮らす間、一定の生活費をそれぞれが共有口座に入金し、残りは各自の管理としていたため、家族全体の資産がどれくらいあるかも把握できていなかったそうです。貯金のほか、生命保険や夫の会社の社員持ち株、コツコツと少額を入れてきた投資信託の積み立てなど、一度整理をしつつ、どれくらいの頭金を用意できるか検討するため、ファイナンシャルプランナーに相談することに。\n\n周囲の人の経験談や親からのアドバイスで、なんとなく「予算5000万円」を物件購入価格の目安にするイメージがありました。とはいえ、特に根拠もない数字だったので、ファイナンシャルプランナーに相談することには夫婦ともに前向きだったそうです。\n\n幸い両家の親ともに健在で親世代の資産の心配をしなくて済むこと、子どもは一人っ子で兄弟の予定はないこと、奨学金の返済や車の維持費など大きな出費がないこともあり、ファイナンシャルプランナーからは「住宅購入の予算5000万円なら、これから趣味などにお金をかけても十分貯蓄にも対応できます」との回答が。しかも今後、転職や退職などで大きな収入減がない前提であれば「7000万円程度までは教育費や老後資産の最低目標をクリアしつつ、無理なく返済できそうです」というアドバイスまでもらいました。\n\nしかし、そのアドバイスが、のちのちAさん夫婦の「大喧嘩」につながってしまいます。\nお互い一歩も譲れない「狭くて古い都心VS築浅で広い郊外」\nAさん夫婦は、さっそく、それぞれ物件情報を集めることにしました。\n\nAさんは自他ともに認める「堅実派」。当初イメージ通り予算5000万円、育児家事と仕事が両立しやすいよう通勤時間が短いエリアの物件が気になります。その代わり、築年数と広さには目をつぶっています。\n\n一方夫のBさんは「休日は家でのんびり過ごしたいインドア派」。趣味がスマホのゲームなので、通勤時間が長いことも気にならないタイプだったため、郊外にできた比較的新しい、設備のよいマンションに惹かれます。\n\nそれぞれが自分のイメージする物件をリストアップした結果、最終的に残ったのは「5000万円・2LDK・55平方メートル・都心の築45年マンション」VS「7000万円・4LDK・90平方メートル・築浅の郊外マンション」。まったくタイプの違う中古マンションで意見が真っ二つに分かれてしまいました。\n\n「予算の縛り」がプロのお墨付きで拡がってしまったため、普通なら「それだけは共通認識になるはず」の予算すら一致しないこの状況…。まったく正反対の主張に、一時期は「離婚」もよぎる事態になったそうですが…。\n意見が分かれたときは…「ほかにポイントはないか？」\n最終的に、Aさん夫婦は「5000万円・2LDK・55平方メートル・築45年マンション」を選んだそうです。\n\n最終的に選んだ決め手はマンション内に「空室がない」ということでした。\n\nBさんが、長年不動産営業として仕事をしている友人に愚痴を言ったところ「どちらもそれぞれ魅力があるから、結論は出ない。資産として考えるなら、空室がない方、売りに出ている部屋が少ない方を選ぶ」とアドバイスを受けたそうです。\n\n確かに、7000万円の物件は部屋数が多い大規模マンションなためか、空室があり、売却情報も多数出ていました。一方5000万円の物件は低層で管理費も安く、きちんと修繕されていて入居者も代替わりしている様子で、めったに売りに出ない物件でした。\n\nBさんも「今は一生住む時代ではないし、働いている間は便利なところで、将来も手放しやすい方がいいかもしれない」と納得しての決断でした。\n\n意見が分かれたときは「ほかにポイントはないか？」という視点が大切なのかもしれません、とAさんも満足しています。\n\n（まいどなニュース特約・中瀬 えみ）\nまいどなニュース,['https://newsatcl-pctr.c.yimg.jp/t/amd-img/20240205-11495711-maidonans-000-1-view.jpg?exp=10800'],"['https://news.yahoo.co.jp/articles/4c2c77ea66fafca04d988e962d1260d357c70685/images/000', 'https://maidonanews.jp/article/15141099?page=2&ro=15141099&ri=0']"
実家暮らしの社会人が感じるストレスは？…「親と生活のリズムが合わない」「監視されている気分」（まいどなニュース）,https://news.yahoo.co.jp/articles/30a73a59c8b022b369addc071b935f32d0ea6e33,https://newsatcl-pctr.c.yimg.jp/t/amd-img/20240205-11495696-maidonans-000-1-view.jpg?exp=10800,2024-02-05T06:40:11+09:00,2024-02-05T06:40:11+09:00,まいどなニュース,maidonans,まいどなニュース,2137,\n実家暮らしでは「家族に干渉される」といったストレスを抱える人が多いようです ※画像はイメージです（aijiro/stock.adobe.com）\n社会人の実家暮らしにはメリットが多い一方でストレスもあります。株式会社AlbaLink（東京都江東区）が運営する不動産の情報メディア『高く売る不動産』が「実家暮らしのストレス」に関する調査を実施したところ、実家暮らしをしている理由は「一人暮らしするお金がない」が最多となりました。また、実家暮らしで感じるストレス1位は「自分のペースで暮らせない」でした。\n【写真】「実家暮らしで感じるストレス」ランキングの結果\n調査は、実家で暮らしている全国の10～50代以上の社会人男女500人（女性276人／男性224人）を対象として、2023年12月～1月の期間にインターネットで実施されました。\n\n ◇ ◇\n\nまず、「実家暮らしをしている理由」を複数回答で答えてもらったところ、1位「一人暮らしするお金がない」（165人）、2位「節約・貯金できる」（125人）、3位「実家の立地がいい」（107人）という結果になり、金銭面での理由を挙げた人が多くなりました。回答者からのコメントは以下の通りです。\n\n【1位：一人暮らしするお金がない】\n▽給与が低く、家賃を払えるか心配なので（30代女性）\n▽自身の給料では一人暮らしできないから（40代男性）\n\n【2位：節約・貯金できる】\n▽貯金したいから、家賃を浮かしたい（30代女性）\n▽一人暮らしをすると出費が多いので、実家で生活している（40代女性）\n▽自分の給料では貯金できる額が少ないし、趣味にかけるお金もできるだけ多くしたいから（20代男性）\n\n【3位：実家の立地がいい】\n▽勤務地が実家から近く、実家を出る理由がない（20代女性）\n▽職場が自転車で行けるくらい近い（40代男性）\n▽実家が駅近で、交通の利便性がとても高いから（30代女性）\n\n続けて、「実家暮らしにストレスを感じることはありますか」と聞いたところ、70.2％の人が「ある」（よくある28.6％・たまにある41.6％）と回答。そこで、「実家暮らしで感じるストレス」を複数回答で教えてもらったところ、1位「自分のペースで暮らせない」（147人）」、2位「干渉される」（102人）、3位「プライベートな時間・空間がない」（47人）、4位「家族と合わない」（37人）という結果になりました。回答者からのコメントは以下の通りです。\n\n【1位：自分のペースで暮らせない】\n▽休日、自分の好きな時間に起きられないこと（50代以上女性）\n▽親と生活のリズムが合わない。食事の時間や入浴の時間などを強要されるのがストレスになっている（20代男性）\n▽たまにですが「好きな時間に食事が取れない」「お風呂に入りたい時間に入れない」ことにストレスを感じます（40代男性）\n\n【2位：干渉される】\n▽小言が多く、監視されている気分になる（30代男性）\n▽遅く帰ると、次の日に説明を求められる（40代男性）\n▽外出をするときに「誰と行くか」「どこに行くか」を聞いてくるので、いちいち説明する必要がある（20代女性）\n\n【3位：プライベートな時間・空間がない】\n▽自分の部屋がないので、自由度が少ない（20代女性）\n▽ひとりになれる時間があまりない（40代男性）\n▽団地暮らしで狭いので、プライベート空間がない（50代以上女性）\n\n【4位：家族と合わない】\n▽親と不仲でたびたび衝突する（20代女性）\n▽母親と子育てに関してそりが合わない（30代女性）\n▽同居の母親と意見があわない（40代男性）\n\n ◇ ◇\n\n実家暮らしの人がさまざまなストレスを感じていることが分かりました。では、どのようにしてそのストレスを解消しているのでしょうか。複数回答で教えてもらったところ、ダントツで1位になったのは「外出して在宅時間を減らす」（127人）でした。以下、2位「趣味を楽しむ」（62人）、3位「自室で過ごす」（50人）と続きました。回答者からのコメントは以下の通りです。\n\n【1位：外出して在宅時間を減らす】\n▽外にでかける回数を増やす（20代女性）\n▽休日はなるべくでかけています（30代女性）\n▽実家から離れた場所に行ったり、カプセルホテルに宿泊したりしてくつろいでくる（40代男性）\n\n【2位：趣味を楽しむ】\n▽動画配信サービスで好きな番組を見る（30代女性）\n▽読書に没頭して日常を忘れる（50代以上男性）\n▽根本的な解決はできないので、好きな音楽を聴いてストレス発散している（20代女性）\n\n【3位：自室で過ごす】\n▽できるだけ自分の部屋にこもり、ひとりになる時間を増やす（20代男性）\n▽基本的には自室で過ごす（30代女性）\n▽自室でひとりの時間をつくる（50代以上女性）\n\n ◇ ◇\n\n【出典】\n▽高く売る不動産／【実家暮らしのストレスと解消法ランキング】社会人500人アンケート調査\nまいどなニュース,['https://newsatcl-pctr.c.yimg.jp/t/amd-img/20240205-11495696-maidonans-000-1-view.jpg?exp=10800'],"['https://news.yahoo.co.jp/articles/30a73a59c8b022b369addc071b935f32d0ea6e33/images/000', 'https://maidonanews.jp/article/15143905?p=28187844&ro=15143905&ri=0']"
“モラ夫”から脱出したい妻のバイブル？…弁護士が書いた「モラハラ離婚のトリセツ」が話題に（まいどなニュース）,https://news.yahoo.co.jp/articles/a17c5c0ea13c1e0a5f7c9b1a7812e6db2abd402d,https://newsatcl-pctr.c.yimg.jp/t/amd-img/20240205-11495709-maidonans-000-1-view.jpg?exp=10800,2024-02-05T07:10:07+09:00,2024-02-05T07:10:07+09:00,まいどなニュース,maidonans,まいどなニュース,2258,\n話題の「モラハラ離婚のトリセツ」、他人事ではないかも\n社会でも職場でも様々なハラスメントが問題になる時代。そんな中、結婚生活でも知らず知らずのうちに被害者や加害者になっている場合がある。「もしかして？」と心当たりのある人に読んでほしい本が「モラハラ離婚のトリセツ」（ぎょうせい）だ。年間約1000人が相談に来る弁護士法人「グレイス家事部」の弁護士たちがモラルハラスメント（モラハラ）のあらゆる悩みや疑問に答えてくれる。発刊以来、話題を呼び、いまやモラハラ夫から脱出させてくれる妻たちのバイブル書になりつつあるようだ。\n【漫画】罵詈雑言の一方で「心から愛してる」なんて…「もう正気の沙汰じゃない」 精神的ダメージが大きすぎた離婚裁判\n精神的虐待の「モラハラ」も離婚の大きな理由に\n令和4年度の厚生労働省の統計によると、離婚件数はなんと17万9099件。気になる離婚理由は「令和3年・司法統計年報（家事編）第19表 婚姻関係事件数―申立ての動機別申立人別』で見てみると、どうなるか。\n\n 第1位はやはり男女とも「性格が合わない」。そして、男性では2位、女性では3位と上位にあるのが「精神的に虐待する」がある。つまり“モラハラ“も離婚の大きな要因となっている。\n\n ところが、たとえばドメスティック・バイオレンス（DV）であれば、暴力を振るわれることで、被害者と加害者は立証しやすい。けれど、モラハラが厄介なのは言葉や態度による「嫌がらせ」や精神的な「暴力」なので加害者自体やっている意識が薄かったり、被害者も「私が悪いから」と自らを責めてみたり、立証することさえ、難しかったりすることだ。\n\n そのため、この本では「うちの旦那、モラ夫かも？」と疑問に思う妻のために、8つのタイプ別に「モラ夫診断」もできるようになっているのは見逃せない。そして、モラ夫と判断できれば、後は本を読み進んでいけば、対処の方法や離婚にまで辿り着けるようになっているのだ。\n「離婚すべきかどうか？」迷った時の参考に\nでは、家庭内で受けていた“モラハラ”に対して、どう対処すべきなのか？誰もが悩んでしまうモラハラ問題。「離婚」に踏み切れない人も少なくない。本書では「離婚すべき？」という迷いにも寄り添いながら、モラ夫による支配から脱出する方法や、モラハラ離婚を決意した読者にはその注意点までしっかり教えてくれる。\n\n また、実際にあったモラハラ裁判例をマンガでわかりやすく解説。そこに添えられている弁護士の解説やコメントも大いに参考になる。\n\n 本書は第6章まであり、第1章の「うちの旦那、モラ夫かも？」ではじまり、第2章「モラ夫とは離婚した方がいい？」と展開。第3章では「モラハラ離婚を準備する！」。第4章は「モラハラ離婚のステップは？」と続き、第5章「モラハラ離婚後のトラブル」、第6章「モラハラ離婚のQ＆A」で構成され、モラハラ離婚を決めた人には強い味方になってくれるような1冊なのだ。\n弁護士だからこそ教えられるモラハラ離婚に関する本\n「モラハラ離婚のトリセツ」を執筆したのは、年間約1000人が相談に来る弁護士法人グレイス家事部。ちなみに、弁護士法人グレイスは「家事事件」「企業法務」「事故・傷害事件」という分野に特化した部署制を敷き、その分野に集中して、問題解決に取り組んでいるとか。\n\n 「家事部」では離婚をはじめ、親権・子の監護・養育費、財産分与、不倫慰謝料請求、相続・相続放棄、遺言など、家庭に関する各種法律問題を幅広く取り扱う。今回執筆した「モラハラ離婚」に関する相談も少なくないが、実際には「モラハラを立証するのは難しい」とのこと。なぜならば、前述したように「肉体的な暴力と違ってわかりづらく、そのうえ、第三者にはもっと被害が認識しづらい。もっと言えば、被害者自身ですら不当な攻撃を受けていると認識できないことさえ少なくない」からだそうだ。\n\n 担当の弁護士は「ハラスメントが叫ばれる現代こそ、このような本が必要と考えました。そして、離婚を含め年間1000件もの様々な相談にのってきた弁護士事務所だからできる役立つモラハラの離婚本を発行しようと決めました」と話す。\n読みやすく、専門用語をできるだけ排除\n執筆に際して気遣ったのは、読者の目線。法律の専門家である弁護士が書けば、難しい本になりやすいと思われがちだ。だから逆に「誰が読んでもわかりやすいことにも尽力しました。そのため、難しい法律用語はできるだけ使わず、一般的な言葉で書くことを心がけました。マンガも入れてわかりやすくもしました」と言う。\n\n 結果、シリアスな中身に反比例して、見た目にもインパクトがあり、読みやすい「モラハラ離婚のトリセツ」本が完成。昨年12月10日発行され、書店に並ぶやいなや、たちまち評判になっている。本を読んだある主婦は「モラハラ離婚はよそごとではないと思いました。気がつかないうちに相手からモラハラ被害にあっている人は少なくないかもですね」。\n\n また、この本を手にした中年男性からは「知らないうちに僕も加害者のモラハラ夫になっているかもしれないと思い読みました」。\n\n モラ夫、モラ妻にならないためにも読んでおきたい1冊かもしれない。\n\n ◇ ◇\n\n「モラハラ離婚のトリセツ」（著者：弁護士法人グレイス家事部、発行（株）ぎょうせい）1500円＋税\nまいどなニュース,['https://newsatcl-pctr.c.yimg.jp/t/amd-img/20240205-11495709-maidonans-000-1-view.jpg?pri=l&w=417&h=640&exp=10800'],"['https://news.yahoo.co.jp/articles/a17c5c0ea13c1e0a5f7c9b1a7812e6db2abd402d/images/000', 'https://maidonanews.jp/article/14436264?page=2&ro=15144200&ri=0']"
駐車違反を1回しただけで「免停」になることも！？　知っておきたい免許停止になる条件…実は“前歴”の有無で変わります（まいどなニュース）,https://news.yahoo.co.jp/articles/07cd4b96c1203fea283b625ee1112747f68efe9d,https://newsatcl-pctr.c.yimg.jp/t/amd-img/20240205-11495702-maidonans-000-28489080-view.jpg?exp=10800,2024-02-05T06:55:08+09:00,2024-02-05T22:00:26+09:00,まいどなニュース,maidonans,まいどなニュース,4438,"\n人によっては小さな違反で免停になることも…！？ ※画像はイメージです（Caito/stock.adobe.com）\n自動車を運転していて、違反や事故を起こしてしまった場合、どれくらいの点数で免停になるのか気になる方も多いでしょう。実は過去に起こした経歴の有無で、処分を受ける点数や、免停となる期間が異なります。また、停止処分者講習に参加することで、免停の期間を短縮することもできます。\n【写真】「絶対に抜いてはいけなかった…」Googleストリートビューが猛スピードで抜き去った漆黒のクラウン\n免停になる点数と期間はどれくらい？\n免停は違反の内容によって点数が振り分けられています。では、具体的にどのようなケースで免停になるのかをご紹介します。\n\n▽免停は累積点数によって決まる\n\n事故や違反をすると免許証の持ち点から「減点」されると認識している方が多いですが、実際は減点ではなく「加点」されており、規定の累積点数に達した場合に免停になります。\n\n累積点数は3年以内の点数が合計され、4年以降は加算されない仕組みになっています。\n\n違反したからといってすぐに免停になるわけではありません。実際に免停の対象になった場合は、違反後約1週間から1カ月で通知が届き、違反の内容によっては2カ月以上かかるケースもあります。\n\n届いた通知書には免停開始日が記載されており、その日付から免停が始まるのです。\n\n▽免停の期間は処分歴の有無で異なる\n\n免停には「免停期間」が定められており、処分歴の有無で期間が異なります。\n\n例えば処分歴なしの場合、免停になるのは3年間で6点以上の違反をした場合です。また、免停期間も30日、60日、90日、120日、150日、180日の6種類があります。\n\n処分歴がある（過去に免停を受けたことがある）場合は、免停期間も長くなります。\n\n免停になる一例として、駐車違反1回（加点2点）、20km未満の速度超過1回（加点1点）、座席ベルト装着義務違反1回（加点1点）、追越し違反1回（加点2点）で、累積点数が6点になりますので、免停の対象になってしまいます。\n\n▽処分歴はいつリセットされる？\n\n免停の処分歴はいつまでも残るわけではありません。累積点数が6点で免停処分を受けたとしても、処分期間から1年以上無違反だった場合は、処分歴のない者として扱われるのです。\n\n処分歴がリセットされたときは初心に戻って、より安全な運転を心がけましょう。\n免停になる違反点数とは？\n免停になる違反点数を具体的にご紹介します。先ほどご紹介したように累積点数の規定に達することで免停の扱いになります。\n\n以下は注意していても日常でやってしまいがちな違反と、違反点数についてまとめました。\n\n ◇ ◇\n\n【速度超過（20以上25未満）】\n2点／酒気帯び点数 0.25未満…14点 0.25以上…25点\n\n【速度超過（20未満）】\n1点／酒気帯び点数 0.25未満…14点 0.25以上…25点\n\n【放置駐車違反駐車禁止場所等】\n2点\n\n【信号無視（赤色等・点滅）】\n2点／酒気帯び点数 0.25未満…14点 0.25以上…25点\n\n【横断歩行者等妨害等】\n2点／酒気帯び点数 0.25未満…14点 0.25以上…25点\n\n【指定場所一時不停止等】\n2点／酒気帯び点数 0.25未満…14点 0.25以上…25点\n\n【携帯電話使用等（保持）】\n1点／酒気帯び点数 0.25未満…14点 0.25以上…25点\n\n ◇ ◇\n\nこれらの違反が積み重なると累積点数が加算されていき、処分歴なしの場合は6点の累積点数で免停です。\n\n処分歴が1回の場合は4点、処分歴が2回以上の場合は2点の累積点数で免停の対象になります。\n\n▽交通違反には反則金もある\n\n交通違反をした場合は、累積点数が加算されるだけではなく反則金を納付する義務が発生します。\n\n先ほど例にあげた違反行為を行うと、どれくらいの反則金が科せられるのかを以下にまとめました。\n\n ◇ ◇\n\n【速度超過（20以上25未満）】\n反則金額（普通車） 15,000円\n\n【速度超過（20未満）】\n反則金額（普通車） 12,000円\n\n【放置駐車違反駐車禁止場所等】\n反則金額（普通車） 15,000円\n\n【信号無視（赤色等・点滅）】\n反則金額（普通車） 赤色等 9,000円／点滅 7,000円\n\n【横断歩行者等妨害等】\n反則金額（普通車） 9,000円\n\n【指定場所一時不停止等】\n反則金額（普通車） 7,000円\n\n【携帯電話使用等（保持）】\n反則金額（普通車） 18,000円\n\n ◇ ◇\n\n累積点数の加点、反則金の納付は行政処分にあたります。きちんと反則金を支払うことで前科はつきません。\n\nもし反則金の支払いに応じなかったり、出頭通知を無視し続けたりした場合は刑事処分が科せられることもありますのでご注意ください。\n\n▽一発免停の場合は、裁判所への出頭命令がくることも\n\n一発免停とは、一度の違反で累積点数が免停処分の規定に達するものをいいます。\n\n例えば制限速度を50km/h以上もオーバーする「速度超過」、呼気中アルコール濃度0.15mg/L以上が検出される状態で運転する「酒気帯び運転」は一発免停の対象です。\n\n一発免停になる違反行為は行政処分ではなく、刑事罰の対象となり得るため、未成年は家庭裁判所で、成人は交通事件として刑事裁判を受けならないこともあります。\n\n裁判といってもドラマでイメージするような法廷での裁判ではなく、起訴と審理が基本的に書類のみで処理される略式裁判形式で行なわれます。裁判所への出頭命令は、交通違反をしてから約2週間から1カ月以内に違反者に通知が送られてきます。\n\n刑事裁判の結果罰金刑が宣告されると前科（交通前科）がつきます。この前科が消えることはありません。\n免停期間を短縮できる停止処分者講習とは？\n前述で交通違反をした場合の免停期間は最低で30日間とお伝えしましたが、講習を受けることで免停期間を短縮することが可能です。講習で行なわれるテストの基準や講習内容についてご紹介します。\n\n▽短期講習\n\n短期講習は30日の免停処分の人だけが受講できる講習です。講習料金は13,200円で受講時間は1日のみの6時間となっています。\n\n講習では機器や筆記を伴った転適性検査と診断、教本を使った座学講義などが行なわれます。講習の最後には試験があり、試験結果で免停期間の短縮日数が決定します。\n\n試験は、正答率85%以上（36点以上）が「優」、正答率70％以上（35～30点）が「良」、正答率50％以上（29～21点）が「可」、そして正答率50％未満（20点以下)が「不可」です。\n\n短期講習を受けると以下のように免停期間が短縮されます。\n\n ◇ ◇ \n\n【試験の成績による短縮日数】免許停止処分の日数：30日\n・優 29日 ・良 25日 ・可 20日 ・不可 0日\n\n ◇ ◇\n\n試験は講習をきちんと受講していれば「優」がとれるようになっています。\n\n「優」だと短縮日数が29日ですので翌日から車を運転しても良いことになります。つまり免停そのものが免除されるということです。\n\n▽中期講習\n\n中期講習は60日の免停処分の人だけが受講できる講習です。講習料金は22,000円で受講時間は2日間の合計10時間となっています。短期講習より講習時間が長いため2日間にわたって行なわれます。講習内容は短期講習と同じ内容ですが、講習時間が長い分、交通ルールなどについてより細かな確認が行われます。\n\n講習を受け終わった後は試験が課せられ、合格率によって以下のように免停期間が短縮されます。\n\n ◇ ◇ \n\n【試験の成績による短縮日数】免許停止処分の日数：60日\n・優 30日 ・良 27日 ・可 24日 ・不可 0日\n\n ◇ ◇\n\n「優」の場合で2カ月の免停期間が1カ月にまで短縮されます。普段車に乗られる方は1カ月の短縮でも助かるのではないでしょうか。\n\n▽長期講習\n\n長期講習は90日、120日、150日、180日の免停処分の人が受講する講習です。講習料金は26,400円で受講時間は2日間の合計12時間。中期講習よりさらに講習時間が長いです。\n\n講習内容は短期・中期講習と同じ内容といえども、徹底した交通ルールの確認が行なわれます。\n\n免停期間が長い分、講習・試験を受けることで免停期間が短くなりますが、以下のように最低でも45日以上の免停期間が続きます。\n\n ◇ ◇\n\n【試験の成績による短縮日数】免許停止処分の日数：90日\n・優 45日 ・良 40日 ・可 35日 ・不可 0日\n\n【試験の成績による短縮日数】免許停止処分の日数：120日\n・優 60日 ・良 50日 ・可 40日 ・不可 0日\n\n【試験の成績による短縮日数】免許停止処分の日数：150日\n・優 70日 ・良 60日 ・可 50日 ・不可 0日\n\n【試験の成績による短縮日数】免許停止処分の日数：180日\n・優 80日 ・良 70日 ・可 60日 ・不可 0日\n\n ◇ ◇\n\n重大な違反を起こした方が長期講習の対象ですので、免停期間が短縮されたとしても長期間の免停期間は免れません。\n免停中に運転してしまったらどうなる？\n免停中の運転は無免許運転扱いになり、無免許運転の累積点数が19点、免停中の累積点数が6点の合計25点の累積点数を抱えることとなり「免許取消・欠格期間が2年以上」の扱いになります。この場合は刑事処分がかかりますので、前述のように裁判所で刑事裁判を受け、刑事処分を受けることとなります。\n\nまた無免許運転の場合、免停中の運転で事故を起こした場合、契約保険会社からの補償を受け取ることはできません。\n\nこのように免停中の運転は大きなリスクをともなうので絶対にやめましょう。\n\n ◇ ◇\n\nついうっかり違反をしてしまうことは誰にでもあることですが、安全運転を心がけてさえいれば、ほとんどの違反は避けることができます。\n\n自分や家族の安全、他車や歩行者の安全を守るためにも、安全運転を徹底することが、免停を回避する近道なのです。\n\n※記事を一部修正しました（2月5日22時00分）\n\n（まいどなニュース／norico）\nまいどなニュース",['https://newsatcl-pctr.c.yimg.jp/t/amd-img/20240205-11495702-maidonans-000-28489080-view.jpg?exp=10800'],"['https://news.yahoo.co.jp/articles/07cd4b96c1203fea283b625ee1112747f68efe9d/images/000', 'https://maidonanews.jp/article/14899842?p=27564920&ro=15141018&ri=0']"
