headline,mainEntityOfPage,image,datePublished,dateModified,author,media_en,media_jp,str_count,body,images,external_links
韓国の子ども10人に4人「遊ぶ時間が足りない」…権利意識は高くても現実に壁（KOREA WAVE）,https://news.yahoo.co.jp/articles/ec7be2c542ee27cf9b3dc4b642fa28c0c5c13772,https://newsatcl-pctr.c.yimg.jp/t/amd-img/20260506-03634040-clc_korea-000-1-view.jpg?exp=10800,2026-05-06T21:12:17+09:00,2026-05-06T21:12:17+09:00,KOREA WAVE,clc_korea,KOREA WAVE,616,(c)NEWSIS 【05月06日 KOREA WAVE】子どもの健全な成長のために「遊ぶ権利」の重要性が強調される一方で、韓国の子ども10人のうち4人は、遊ぶ時間が足りないと感じていることが分かった。 児童権利保障院の「2025年児童権利認識調査」によると、小学4年から高校2年までの児童1177人を対象に調査した結果、40.1％が遊ぶ権利を保障されるうえで最も妨げになる要素として「遊ぶ時間の不足」を選んだ。 続いて「大人の干渉」が29.4％、「遊ぶ権利の重要性に対する認識不足」が13.9％、「遊ぶ空間の不足」が6.5％、「情報不足」が3.8％だった。 成人815人を対象にした調査でも、最も多い34.8％が「遊ぶ時間の不足」を挙げた。次いで「遊ぶ権利の重要性に対する認識不足」が25.5％、「大人の干渉」が19.4％、「遊ぶ空間の不足」が12％の順だった。 国連児童の権利条約に明記された児童の権利に関する認識の総合平均点は4点満点で3.68点、遊ぶ権利に対する認識点数は3.69点だった。遊ぶ権利への認識は高い一方で、実際には遊ぶ時間が不足していると感じている状況が示された。 遊ぶ権利を保障するために支援すべき項目として、子どもは最も多い38.3％が「遊ぶ時間の提供」を選んだ。一方、成人は32.5％が「遊ぶ権利の重要性に対する認識改善」を挙げた。 （c）KOREA WAVE/AFPBB News KOREA WAVE,[],[]
韓国、中古取引アプリ通知で「物乞い」扱い…実家と絶縁した女性の怒り（KOREA WAVE）,https://news.yahoo.co.jp/articles/6902038da8f5968f0ed7dbeffe89dda2f001e33c,https://newsatcl-pctr.c.yimg.jp/t/amd-img/20260506-03634039-clc_korea-000-1-view.jpg?exp=10800,2026-05-06T20:42:16+09:00,2026-05-06T20:42:16+09:00,KOREA WAVE,clc_korea,KOREA WAVE,910,(c)news1 【05月06日 KOREA WAVE】中古取引アプリの通知をきっかけに、家族から侮辱的な言葉を浴びせられた女性が、結局実家と絶縁したという話が韓国で共感を呼んでいる。 投稿者は「中古取引アプリを使う物乞い扱いされ、実家と絶縁しました」というタイトルの文章で、自身の状況を打ち明けた。 投稿者は「私と夫は普通に暮らしている。使う時はほどほどに使い、ほどほどに貯蓄する方だ」とし、「一方、実家の家族は裕福に見える。貯蓄より消費に合わせた生活をしているので、他人から見れば現金を数億ウォンは貯めているように見えるが、現実はゼロだ」と説明した。 続けて「すべての規模が大きい。正直、実家の集まりに行くと、実家の消費に合わせるため少し無理をする。食事を1回しても1人10万ウォン（約1万1000円）以上の店に行くので、100万ウォン（約11万円）はすぐに出る。もちろん費用はいつも折半する」と話した。 投稿者は「それでも、いつも見下すような様子に傷ついていたが、そうではないだろうと思ってやり過ごしていた」とした。 問題は家族の集まりの最中に起きた。投稿者の携帯電話で中古取引アプリの通知が鳴ると、姉がそれを見て「中古取引アプリを使う物乞いなの」と尋ね、けらけら笑った。当時、その場には投稿者の夫も一緒にいた。 投稿者は「これまで争いたくなくて、懸命に理解しようとしていたすべてのことに対する糸が切れるような気分だった。それで縁を切った」と明かした。 さらに「私たちが家族に金銭的な負担をかけたこともなく、誰かにみっともないことをしたこともないのに、中古取引アプリの通知が鳴っただけで物乞いと言われなければならないのか。今も腹が立つ」と怒りをあらわにした。 ネットユーザーからは「いくら家族でも、言っていいことと悪いことの区別がつかない人たちとは会わない方がいい。言うべきことは言って縁を切るべきだ」「よく断ち切った」「人に迷惑をかけず、堅実に暮らしているなら良いことだ。それをなぜあんなふうに言うのか理解できない」などの反応が寄せられた。 （c）KOREA WAVE/AFPBB News KOREA WAVE,[],[]
韓国・高熱の22カ月男児を警察が緊急搬送…渋滞中に父親が助け求める（KOREA WAVE）,https://news.yahoo.co.jp/articles/8b4c7b1ff1f9d0f1e2526cd92962b3a2b30b2693,https://newsatcl-pctr.c.yimg.jp/t/amd-img/20260506-03634037-clc_korea-000-1-view.jpg?exp=10800,2026-05-06T20:12:23+09:00,2026-05-06T20:12:23+09:00,KOREA WAVE,clc_korea,KOREA WAVE,529,京畿北部警察庁提供(c)NEWSIS 【05月06日 KOREA WAVE】韓国で、熱が39度まで上がり、嘔吐症状を見せていた22カ月の男児が、警察の迅速な対応で無事に健康を回復した。 一山東部警察署によると、4月11日午後8時ごろ、京畿道高陽市一山東区の道路で、隣の車線の車から降りた40代の父親が、信号待ちをしていたパトカーのドアをたたいた。 男児の父親は切迫した表情で「子どもが39度の高熱なのに、道路が混んでいる」と助けを求めた。 警察は、父親の車に乗っていた22カ月の男児が高熱で嘔吐症状を見せるなど、緊急の状況だと確認し、直ちに対応した。 当時は退勤時間帯で道路が渋滞していたが、警察はサイレンを鳴らし、緊急状況を知らせる案内放送をしながら父親の車を先導し、近くの病院まで素早く移動できるよう支援した。 病院までは約6キロで、通常なら20分ほどかかる区間だったが、警察の支援により約5分で安全に到着した。 警察は病院に到着した後も、動揺していた父親を落ち着かせ、男児が医療スタッフに速やかに引き継がれるよう必要な措置を続けた。 男児は病院で治療を受け、健康を回復したという。 （c）KOREA WAVE/AFPBB News KOREA WAVE,[],[]
韓国の妊婦、41病院に搬送要請も受け入れ先なく…29週胎児が死産（KOREA WAVE）,https://news.yahoo.co.jp/articles/f739147ea443643e6a8b09d7dd34a588c2b8b81a,https://newsatcl-pctr.c.yimg.jp/t/amd-img/20260506-03634036-clc_korea-000-1-view.jpg?exp=10800,2026-05-06T19:42:15+09:00,2026-05-06T19:42:15+09:00,KOREA WAVE,clc_korea,KOREA WAVE,808,(c)news1 【05月06日 KOREA WAVE】韓国中部・忠清北道清州市の30代妊婦が緊急分娩の受け入れ先を見つけられず、妊娠29週の胎児が死亡した。この事故をめぐり、消防当局などが全国40余りの病院に受け入れを要請したものの、すべて断られていたことが分かった。 妊婦の出血により胎児の心拍数が急激に低下する緊急事態だったが、返ってきた答えはいずれも「受け入れられない」というものだった。地域の必須医療体制への懸念が高まっている。 忠清北道消防本部などによると、妊婦は1日午前7時ごろ、出血症状があり、清州市興徳区の産婦人科を訪れた。同日午後11時3分ごろには胎児の心拍数が低下し、上級病院への転院が急がれる状況となった。 当時、病院側は事前に忠北大病院、世宗忠南大病院、大田忠南大病院、建陽大病院、順天郷大病院など忠清圏の主要大学病院に転院を要請したが、専門医不在などを理由に受け入れは難しいと伝えられたという。 病院側から通報を受けた忠清北道消防本部は、消防庁と保健福祉省に支援を要請し、全国規模で病床の確保に乗り出した。 消防当局は通常、15分間の独自手配をした後に中央支援を要請するが、当時は状況が緊急だと判断し、12分で全国規模の手配に切り替えたとされる。 当局は首都圏の11カ所、忠清圏の5カ所、嶺南圏の15カ所、湖南圏の6カ所、江原道2カ所、済州道2カ所など、全国41医療機関に受け入れの可否を問い合わせたことが確認された。 全国の主要病院の大半を確認したものの、受け入れ可能な病院を見つけられなかったことになる。最終的に当局は、このうち受け入れ可能との返答が最も早く届いた釜山の東亜大学病院への搬送を決めた。 妊婦は通報受理から約3時間20分後の2日午前2時25分ごろ病院に到着し、手術を受けたが、胎児は死亡したという。 （c）KOREA WAVE/AFPBB News KOREA WAVE,[],[]
韓国警察、テレグラム麻薬王への供給役を拘束…「証拠隠滅の恐れ」（KOREA WAVE）,https://news.yahoo.co.jp/articles/043f388a7163a0fdf69870ba653757360531d890,https://newsatcl-pctr.c.yimg.jp/t/amd-img/20260506-03634034-clc_korea-000-1-view.jpg?exp=10800,2026-05-06T19:12:17+09:00,2026-05-06T19:12:17+09:00,KOREA WAVE,clc_korea,KOREA WAVE,500,パク・ワンヨル容疑者に麻薬を供給した疑いが持たれている男(c)news1 【05月06日 KOREA WAVE】テレグラム麻薬王とされるパク・ワンヨル容疑者に麻薬を供給した疑いが持たれている50歳の男が韓国で拘束された。 水原地裁は3日午後3時半、特定犯罪加重処罰法違反（向精神薬）の疑いが持たれている男に対する拘束前被疑者審問を開き、「証拠隠滅と逃走の恐れがある」として拘束令状を発付した。 男は2019年からテレグラムで「清潭社長」などの名前で活動し、覚醒剤やエクスタシーなど22キロ規模、約100億ウォン（約11億円）相当の麻薬を韓国国内に持ち込み、流通させた疑いが持たれている。 男は犯罪収益でソウル・清潭洞に高額不動産を所有し、高級外国車に乗るなど、ぜいたくな生活を送っていたとされる。 警察は3月25日にフィリピンから送還されたパク・ワンヨル容疑者を捜査する過程で、男が麻薬供給役だったとの手掛かりをつかんだ。 その後、男がタイに滞在していることを確認し、タイ当局との協力で現地にいた男を拘束。1日に韓国へ送還した。 （c）KOREA WAVE/AFPBB News KOREA WAVE,[],[]
韓国で注目・新刊「相続階級社会」…住宅・結婚・介護まで左右する親の資産（KOREA WAVE）,https://news.yahoo.co.jp/articles/49cf3ce55e89f6e1b13acceb968a4e3ffa67977e,https://newsatcl-pctr.c.yimg.jp/t/amd-img/20260506-03634031-clc_korea-000-1-view.jpg?exp=10800,2026-05-06T16:42:16+09:00,2026-05-06T16:42:16+09:00,KOREA WAVE,clc_korea,KOREA WAVE,1402,新刊「相続階級社会」(c)news1 【05月06日 KOREA WAVE】一生懸命勉強して良い職場に就けば自立できるのか。能力主義的な信念はもはや有効ではないと診断する本が出版された。歴史学者エライザ・フィルビー（ロンドン大学キングズ・カレッジ歴史学講師） エライザ・フィルビーは、今日の不平等は個人の所得や能力だけでなく、親の資産と相続の可能性によって、より大きく左右されると指摘する。「相続階級社会」は、教育、住居、結婚、介護まで、人生の主要な節目が家族の富に依存する構造を「相続主義」という概念で捉え、分析する。 本書は相続を、死後に起きる財産移転としてだけ見ない。親が子どもに提供する住宅購入資金、教育費、生活費、育児や介護の支援、失敗した後にも戻れる心理的な安全網まで、すべてを「現在形の相続」として読み解く。いわゆる「親銀行」が人生の機会を左右する構造が、最初の場面に置かれる。 エライザ・フィルビーは歴史学者らしく、世代問題を長い流れの中に位置付けながら、自伝的な告白やインタビュー、文化批評を重ねていく。友人同士の間でも、家族の中でも切り出しにくい相続の話を、私的な気まずさにとどめず、社会構造の問題へと引き上げる点が本書の特徴だ。 著者が批判の対象にするのは、能力主義の幻想だ。努力すれば報われるという社会的信念の背後で、実際には家族の富や情報力、世代間の資産移転がより強く作用していると見る。相続主義は個人の達成を説明する隠れた基準であり、公正という言葉の陰に隠された構造だという。 本書は、ベビーブーム世代の資産蓄積を相続主義の核心的背景に挙げる。戦後の経済成長と不動産価格の上昇、年金制度や賃金上昇の恩恵を受けた世代が巨額の資産を保有するようになり、その資産が子ども世代の人生を再び分けているという分析だ。一方で、MZ世代（1980年代〜2000年代初旬の生まれ）は高い教育水準にもかかわらず、親の支援なしには自立が難しい構造に押し込まれた。 教育問題もこの流れの中で読み直される。かつて階層移動の象徴だった高等教育は、競争を通過するための基本条件へと縮小され、保護される子ども時代と、投資対象としての子育てが強化された。「平らな競技場」という言葉は、現実の中で説得力を失っていく。 本書の視野は住居と教育にとどまらない。ジェンダー、恋愛、結婚、出産と介護、老後まで、すべてが相続主義の磁場の中で動いていると見る。特に、親の経済的・時間的支援の有無が、女性のキャリアと出産、若い世代のパートナー選び、結婚後の生活の安定性まで変えると指摘する。 そのため相続主義は、フェミニズムの論点でもある。誰が時間を買えるのか、誰が介護やケア労働の負担を軽くできるのか、誰が人生の重要な決定をより余裕をもって下せるのかを問う問題だからだ。本書は、金額の大きさだけでなく、時間、感情、安全網の分配が共にかかっていると語る。 結論は、沈黙を破ろうという要求に集約される。親の支援を受けた人は罪悪感のために、受けられなかった人は疎外感のために語れない現実が、相続主義をさらに強固にしていると見る。「相続階級社会」は、相続を一つの家族の私的な問題ではなく、機会と公正、介護と福祉、世代間の責任をめぐる公的議題として問い直す本だ。 （c）KOREA WAVE/AFPBB News KOREA WAVE,[],[]
韓国・寧越の清泠浦、雨でも観光客殺到…映画「王と生きる男」人気で特需続く（KOREA WAVE）,https://news.yahoo.co.jp/articles/013d2b294f35ee99d9a92e4482aa4c33cc08661a,https://newsatcl-pctr.c.yimg.jp/t/amd-img/20260506-03634030-clc_korea-000-1-view.jpg?exp=10800,2026-05-06T16:12:16+09:00,2026-05-06T16:12:16+09:00,KOREA WAVE,clc_korea,KOREA WAVE,931,江原道寧越郡の清泠浦(c)news1 【05月06日 KOREA WAVE】「『王と生きる男』の人気は相変わらずです。雨が降っても清泠浦は熱気に包まれています」 5月最初の日曜日、韓国江原道寧越郡の清泠浦は全国から訪れた観光客でにぎわい、特需を享受した。朝鮮第6代王、端宗の流刑地だったこの場所は、2026年2月に公開された端宗を扱った映画「王と生きる男」のヒットで注目され、依然として人気が衰えていない。 清泠浦は3日午後6時ごろ、1日の観光客数を5520人と集計した。雨が降る天気にもかかわらず、傘を差したり雨具を着たりした全国の観光客を迎え、この記録を出した。 特に清泠浦のチケット売り場周辺の駐車場は、ソウル、京畿道、仁川、釜山、大田、大邱をはじめ主要都市から来た観光バスでいっぱいになり、済州から訪れた観光客の姿も見られた。さらに清泠浦には日本など海外からの観光客も訪れた。 その分、清泠浦では船に乗ろうとする観光客の長い列も続いた。一時は乗船までの待ち時間が1時間以上かかることもあり、悪天候も映画「王と生きる男」のヒットに支えられた清泠浦の人気を止められなかった。 また、清泠浦のチケット売り場近くにある「天上再会」像も人気だった。この像は朝鮮第6代王の端宗と王妃・定順王后の愛の物語を紹介する施設で、これを背景に写真を撮ろうとする観光客も相次いだ。 50代の女性観光客は「船に乗るための待機列がとても長く、待っているだけで時間を使い切ったようだ」とし、「映画の人気が地域の観光景気を変えたことを実感する」と話した。 このほか、江原道では寧越以外の地域でも観光特需が見られた。特に主要国立公園には多くの人が集まった。五台山国立公園は午後5時30分ごろに約4900人の探訪客を集計し、雪岳山国立公園も午後5時20分ごろに4661人を記録した。 江原道内の観光地関係者は「天気は曇っていても、観光景気は晴れだったと評価できる」とし、「清泠浦の場合、電話がつながりにくいほど人が集まり、大ヒットが続いている。その人気が地域経済にも前向きな活力を吹き込むことを期待している」と話した。 （c）KOREA WAVE/AFPBB News KOREA WAVE,[],[]
韓国「家庭の月」の贈り物にも中古品…物価高で広がる実用消費（KOREA WAVE）,https://news.yahoo.co.jp/articles/9fc16991cfc025c7e301b777a561066c6d2f7051,https://newsatcl-pctr.c.yimg.jp/t/amd-img/20260506-03634027-clc_korea-000-1-view.jpg?exp=10800,2026-05-06T15:42:18+09:00,2026-05-06T15:42:18+09:00,KOREA WAVE,clc_korea,KOREA WAVE,1641,中古取引プラットフォーム「タングン」より(c)news1 【05月06日 KOREA WAVE】最近は物価があまりに上がっているので、カーネーションを高いお金を出して買って行っても、親からかえって『もったいないのに、こんなものをなぜ買ってきたの』と言われます」 ソウル市西大門区に住む24歳の大学生男性は、2026年の父母の日のプレゼントを中古取引プラットフォームであらかじめ購入した。男性は、プラスチックの花をクマの形に貼り付けた「ローズベア」をわずか1万3000ウォン（約1430円）で買った。「市販では3万〜5万ウォン（約3300〜5500円）ほどするが、手間をかけてうまく買えたと思う」と笑った。 物価高の時代が続き、市民の「家庭の月」の贈り物も変わっている。父母の日や子どもの日のプレゼントを中古で購入し、花より金のような実用的な贈り物を選ぶ雰囲気だ。 中古取引プラットフォームには、「家庭の月」「父母の日」「子どもの日」というキーワードを付けて中古品を売買する投稿が多数上がっている。 父母の日のプレゼントとしては、枯れない造花、紅参、化粧品セット、現金を入れるギフトボックスなどが中古取引に多く出ている。特に花の場合、「枯れない花」として、せっけん花や造花が1万〜2万ウォン台（約1100〜2200円台）で取引されるケースが多い。出品者は「使用感はほとんどない」「購入価格よりかなり安くして販売する」などの文言を添えている。 子どもの日のプレゼントとしては、おもちゃ、靴、本などが中古取引品として売買されている。特におもちゃを定価より約30％安く出す中古取引が多い。最近の人気おもちゃは10万ウォン（約1万1000円）に迫る高額商品だが、子どもはすぐに飽きてしまうため、新品で買うのは負担だと感じる市民が増えている。 ソウル市麻浦区に住む41歳の女性は「昨年の子どもの日に9万ウォン（約9900円）ほどする『キャッチ!ティニピン』のおもちゃを娘にプレゼントしたが、2週間で飽きてしまった」とし、「2026年も別のおもちゃを買ってほしいと言うが、それは10万ウォンほどするので、中古取引アプリを毎日見ている」と話した。 ソウル市恩平区に住む29歳の女性も、父母の日を前に「未開封マッサージガン」「マッサージ機」などを中古取引アプリでキーワード通知設定した。女性は「家庭の月にだけ小遣いを渡すわけでもないのに、記念日1日を気分よく過ごすためだけに必ず高いプレゼントをするのは、社会人になったばかりの身としては大きな負担だ」と話した。 花のような象徴的なプレゼントより、金のような現金性のある贈り物を探す人も多い。特に最近は、0.1〜0.3グラムの金で小さなゴールドバーやコインを作って贈ることが流行している。この贈り物は5万〜9万ウォン（約5500〜9900円）で購入できる。 Xのあるユーザーは、ミニゴールドバーとコインを父母の日のプレゼントとして推薦する投稿で、「価値で言えば豆粒ほどの金やブレスレット、ネックレスの方が高く評価されるかもしれないが、母と父はかわいく見てくれた」と書いた。この投稿は1000件余りのリポスト、4000件余りのブックマークを記録した。 専門家は、物価高が長期化する中、実用性を重視した消費が続くと見ている。 仁川大学消費者学科のイ・ヨンエ教授は「経済的な余力が改善していないため、中古取引が増えるほかない」とし、「さらに若い世代の場合、新品であることを重視するより、物の使用性や消費価値に関心が高いため、中古取引への受容性が大きい」と話した。 仁荷大学消費者学科のイ・ウンヒ教授も「物価高の時代であるため、中古サイトで安く良い品を買う傾向が強まっている」とし、「高くプレゼントを買うより、手間をかけたり、もう少し努力したりして合理的に消費しようとしている」と述べた。 （c）KOREA WAVE/AFPBB News KOREA WAVE,[],[]
Kブランドの日本進出加速、新世界百貨店が渋谷でZ世代攻略…ポップアップを本格化（KOREA WAVE）,https://news.yahoo.co.jp/articles/c4a9ee724b7e7bb420e23d359ef46c37169bfda1,https://newsatcl-pctr.c.yimg.jp/t/amd-img/20260506-03634026-clc_korea-000-1-view.jpg?exp=10800,2026-05-06T15:12:17+09:00,2026-05-06T15:12:17+09:00,KOREA WAVE,clc_korea,KOREA WAVE,1570,2025年10月に展開した「SHIBUYA109」ポップアップゾーン＝新世界百貨店(c)MONEYTODAY 【05月06日 KOREA WAVE】日本市場を目指すKブランドの進出が再び速度を上げている。新興ファッション・ビューティーブランドが前面に立ち、流通企業はそれらを束ねて現地に送り込む形へ戦略を変えている。単一ブランド中心の進出から離れ、複数ブランドを同時に試す流れが鮮明になった。 新世界百貨店は4月30日から東京・渋谷スクランブルスクエアでKビューティーポップアップを開催、渋谷ヒカリエではKゴルフのポップアップを展開する。ゴールデンウイーク期間に合わせ、ビューティーとゴルフのポップアップを渋谷の主要商圏で連続して開き、現地の反応を確かめる。その後、成果に応じて拡大する方式だ。 今回のポップアップには、カラーメイクブランド「CORALHAZE（コーラルヘイズ）」とゴルフウェアブランド「Yolp（ヨルプ）」が参加する。会場ではKポップコンセプトのフォトゾーンやグラフィティーアートの実演など、体験型要素を強化した。単なる販売よりも滞在時間を延ばし、SNSでの拡散を促すことに重点を置いた。 渋谷は1日に数百万人が行き交う商圏だ。20〜30代女性の流動人口が多く、KビューティーやKファッションの主要消費層と重なる。短期間でブランド露出を高める拠点として適しているとの評価が出ている。 こうしたポップアップ中心の戦略は、最近の日本進出の定石として定着しつつある。初期段階ではポップアップで市場の反応を確認し、その後、常設店や流通チャネルへの入店につなげる。固定費の負担を抑えながら、拡張可能性も確保できるためだ。 韓国のファッションブランドも同じ方式で動いている。「OHESHIO（オヘシオ）」「The Barnnet（ザ・バーネット）」「Matin Kim（マーティンキム）」「emis（エミス）」など新興ブランドが、東京の主要商圏でポップアップを拡大している。「XEXYMIX（ゼクシィミックス）」と「andar（アンダール）」もオフライン接点を広げ、現地の反応を蓄積している。 プラットフォームの役割も大きくなっている。「MUSINSA（ムシンサ）」は日本向けサービスを強化し、ポップアップも並行して展開している。入店ブランドを増やしながら、テスト空間としての機能も担う。ブランド単独の進出より効率的な構造だとの評価だ。 日本市場では、Z世代を中心に消費方式も変わっている。ブランド認知度より、体験とコンテンツを重視する傾向がはっきりしている。ポップアップ空間で写真を撮り、SNSに共有する過程が消費につながる。 ビューティーでは「rom＆nd（ロムアンド）」「CLIO（クリオ）」「peripera（ペリペラ）」「LAKA（ラカ）」などカラーメイクブランドが急速に広がっている。トレンド反映の速さと価格の手頃さが影響した。ファッションでも、ストリート感性と個性を強調したブランドが反応を得ている。 新世界百貨店はファッションとビューティーを出発点に、下半期には食品・飲食分野まで範囲を広げる計画だ。渋谷を中心に、Kブランドとコンテンツを結びつけた進出を続ける方針だ。 業界では、日本市場の攻略方式が変わっているとの見方が出ている。かつては個別ブランド中心の進出が多かった。最近は流通企業やプラットフォームが前段階で空間と構造を作り、ブランドがそれを活用する方式が増えている。業界関係者は「日本は参入障壁が高いが、いったん定着すれば忠誠度の高い市場だ」とし、「ポップアップを通じたテストとコンテンツの結合が重要な要素として定着している」と話した。 （c）KOREA WAVE/AFPBB News KOREA WAVE,[],[]
韓国で小さな一歳祝い、マタニティーフォトとジェンダーリビールが新潮流（KOREA WAVE）,https://news.yahoo.co.jp/articles/1c9a67ffd71ec83dcf3250a2274bae72a06f1ad8,https://newsatcl-pctr.c.yimg.jp/t/amd-img/20260506-03634022-clc_korea-000-1-view.jpg?exp=10800,2026-05-06T12:51:18+09:00,2026-05-06T12:51:18+09:00,KOREA WAVE,clc_korea,KOREA WAVE,2134,(c)news1 【05月06日 KOREA WAVE】「生まれてくる新しい命だけのための、最初のイベントではないかと思います。性別が重要というより、ジェンダーリビールという仕掛けで家族や友人がより結びつき、より記憶に残る瞬間を記録できることに意味があるようです」 韓国で妊娠・出産を記念する家族行事が簡素化される一方、多様化している。少子化で一人の子どもへの関心が高まるなか、家族文化の変化が反映された結果だとの分析が出ている。 最近、妊娠・出産を準備する新婚夫婦の間では、マタニティーフォト撮影や胎児の性別を公開するジェンダーリビールパーティーなど、さまざまな祝賀行事が新たなトレンドとして定着している。かつての盛大な一歳祝いとは異なり、親しい知人や家族とともに小規模で開く「スモール」行事が増えている。 特に、妊娠の事実や子どもの性別を初めて知らせる瞬間、また「満月」の時期の姿など、瞬間を細かく分けて記念する傾向が目立つ。 ソン・ミンジュンさん（35）は1月、妊娠の事実を双方の両親に知らせるため、サプライズの家族行事を企画した。「偶然ニュースのインタビューを受けた」として、自作した架空のニュースサイトのリンクを両親に送った。ソンさんは、その「偽」ニュースサイトに載せた夫婦の妊娠の知らせに、双方の両親が驚いた後、明るく喜ぶ姿を見て胸がいっぱいになったと話した。 最近、両親と弟夫婦とともに、めい・おいの性別を初めて公開するジェンダーリビールをしたキム・イェウンさん（34）は、自ら「ジェンダーリビールクッキー」を焼いた。クッキーを割ると現れる中身のマシュマロの色で子どもの性別を確認する方式だ。水色のマシュマロは男の子、ピンク色のマシュマロは女の子を意味する。 キムさんは「もしかすると何でもないこととして過ぎてしまう出来事を、より特別で大切な記憶にできたようだ」と話した。 ソンさんもジェンダーリビールを計画している。双方の家族や知人と楽しむため、オンラインページを自ら制作した。知人に「女の子か男の子か」を投票してもらうイベントを実施し、その後、同じページで性別を公開する予定だ。 ソンさんは「知人と一緒に楽しめる過程にしたかった」とし、「子どもを迎える立場として、風船やケーキ、会場レンタルのようなイベントは費用面で負担にもなる」と説明した。 産後ケア施設や産婦人科では、産後ケアとともに「マタニティーフォト撮影オプション」がパッケージ商品に組み込まれて久しい。セルフ撮影をしたり、スタジオを自分で選んだりするプレママ・プレパパも少なくない。2026年にマタニティーフォトを撮影した30代女性は「悩んだが、妊娠後期の姿を思い出として残すために撮った」とし、「家族だけに写真を見せ、後で子どもにおなかの中にいた時の姿を見せたい」と話した。 ウェディングスタジオ「バニラペーパースタジオ」のイ・ジョングン代表（38）は「2020年からマタニティーフォトの需要が急激に増え、現在はマタニティースナップのための別商品を運営している」とし、「ウェディングスタイルのマタニティー撮影は5年前に比べてほぼ10倍近く増え、現在まで続いている」と説明した。 一方、従来の行事は規模が縮小している。約360万人が集まる育児コミュニティー「マムスホリックベビー」では、「一歳祝いにどこまで招待するか」という質問が継続的に投稿されている。コメント欄では「最近は知人を招待するのを好まないというので小さくした」といった体験談も複数見られた。イ代表によると、一歳祝いの代わりに「一歳写真」を簡単に撮る夫婦も増える傾向にある。 百日祝いは「百日膳」をレンタルして自宅で祝う形で、規模が小さくなった。ネイバーデータラボによると、10年前と比べて検索数も「一歳祝い」は32.2％、「百日祝い」は33.3％減少した。 専門家は、少子化と変化した社会構造が複合的に影響した結果だとみている。イ・ホンジュ淑明女子大学消費者経済学科教授は「最近、子どもの数が減り、子どもに対する情緒的・経済的な集中度が大きく高まり、妊娠から出産までの過程を記念・記録する消費が拡大しているようだ」と説明した。 続けて「流行の変化というより、消費構造と家族文化が変わったのではないかとも思う」とし、「以前は大きな食堂やビュッフェ、レストランを借りて大きな費用をかけて一歳祝いをしていたが、最近は小規模・分散型の一歳祝いを好む傾向もある」と述べた。 儀礼的な消費への負担が、行事規模の縮小につながっているとの見方もある。イ教授は「人間関係がより縮小し、緩やかになるなかで、『あえて人を招いて行事をする必要があるのか』という問いを多く投げかけているようだ」と話した。 イ・ウニ仁荷大学消費者学科教授も「行事でお金を出し、出席しなければならない負担感があるため、次第に家族だけで簡単に済ませるようになっている」と説明した。そのうえで「体験型消費を重視する今の世代の影響がある」とし、「SNSや放送による消費主義化には警戒が必要だ」と付け加えた。 （c）KOREA WAVE/AFPBB News KOREA WAVE,[],[]
韓国ラーメン業界、1～3月期は好調も…4～6月期に価格引き下げと原価負担（KOREA WAVE）,https://news.yahoo.co.jp/articles/14c6fd5767535482f030e5b51f6c80352057c6ee,https://newsatcl-pctr.c.yimg.jp/t/amd-img/20260506-03634020-clc_korea-000-1-view.jpg?exp=10800,2026-05-06T12:42:17+09:00,2026-05-06T12:42:17+09:00,KOREA WAVE,clc_korea,KOREA WAVE,1168,ソウル市内の大型スーパー(c)news1 【05月06日 KOREA WAVE】農心、三養食品など韓国ラーメン業界は、2026年1〜3月期に消費増加と輸出拡大に支えられ、業績改善が見込まれている。ただ、4〜6月期からは価格引き下げ圧力と中東発の原価負担が重なり、収益性鈍化への懸念が強まっている。 金融情報会社エフアンドガイドによると、農心の1〜3月期営業利益の市場予想は601億ウォン（約66億円）で、前年同期比7.24％増となる見通しだ。売上高は9260億ウォン（約1019億円）で、前年より3.69％増えるとみられる。 「ブルダック炒め麺」で高い輸出実績を上げている三養食品の成長も目立つ。三養食品は1〜3月期の営業利益が21.9％増の1634億ウォン（約180億円）、売上高は27.7％増の6759億ウォン（約744億円）を記録すると予想されている。 ただ、ラーメン業界3社のうちオットギは、エフアンドガイド基準の業績見通しがなく、市場予想は集計されていない。 食品業界では、イラン発の地政学的リスクにより包装材の需給不安への懸念が出ているが、証券業界の市場予想基準では、1〜3月期業績への影響は限定的とみられる。ナフサ需給の支障に備え、一部企業が先制的に原材料と包装材を確保していた影響と解釈される。 ただ、包装材は長期間積み上げておく品目ではないため、安心するには早いとの説明もある。一般的に保管期間が長くなく、需給状況に合わせて適正水準だけを確保する場合が多いため、現在の在庫がなくなれば追加確保が容易ではない可能性があるとの分析だ。 こうした地政学的変数により、ラーメン業界では4〜6月期から収益性への負担が本格化するとの見通しが出ている。中東地域の緊張で原油需給不安が拡大し、国際原油価格が上昇しており、これに伴う包装材と物流費の負担も大きくなっているためだ。 さらに、政府の物価安定基調に合わせ、4月から主要ラーメン製品の価格を引き下げた影響も加わる見通しだ。実際に農心、オットギ、三養食品、パルドなど主要企業は4月から出荷価格を平均4.6〜14.6％引き下げ、価格調整に踏み切った。 もちろん、小麦粉など一部原材料価格が安定し、負担はやや軽減された。ただ、価格引き下げにより売り上げ減少は避けられず、費用削減だけでそれを補うことは難しいため、収益性には負担になり得るとの分析が出ている。 業界関係者は「原材料価格が一部安定し、負担が緩和されると期待されたが、予想外の中東発の地政学的変数により、費用負担はむしろ以前より大きくなった」とし、「4〜6月期にはこうした費用上昇分が本格的に反映され、業績負担がさらに大きくなる可能性がある」と述べた。 （c）KOREA WAVE/AFPBB News KOREA WAVE,[],[]
韓国・未成年被害者の緊急避難が3年連続増…交際暴力、ストーカー被害、デジタル性犯罪（KOREA WAVE）,https://news.yahoo.co.jp/articles/4fdd4f9628baf890cc4adefdef2a42fdb8ee2109,https://newsatcl-pctr.c.yimg.jp/t/amd-img/20260506-03634018-clc_korea-000-1-view.jpg?exp=10800,2026-05-06T12:21:16+09:00,2026-05-06T12:21:16+09:00,KOREA WAVE,clc_korea,KOREA WAVE,878,(c)news1 【05月06日 KOREA WAVE】韓国の女性緊急電話1366が運営する緊急避難所で、未成年者の入所が増えていることが分かった。近年、デジタル性犯罪など低年齢層に集中する被害が増え、青少年が保護施設に入るケースも広がっている。 性平等家族省と韓国女性人権振興院が発刊した「2025年1366年鑑」によると、2025年に1366緊急避難所に入所した未成年者は315人で、全体の7.6％だった。 緊急避難所に入所した未成年者は、2023年が275人（5.4％）、2024年が289人（6.4％）で、毎年増加している。 最近、緊急避難所に入所する未成年者が増えた背景には、デジタル性犯罪や交際暴力といった被害類型の増加があるとみられている。 2025年の総相談件数30万3527件のうち、デジタル性犯罪の相談は7262件（2.4％）で、前年の5103件（1.8％）から増えた。交際暴力の相談比率も前年の3.9％から4.6％に、ストーカー被害の相談も6.3％に増加した。 韓国女性人権振興院の関係者は「過去には家庭内暴力が中心だった被害の様相が、最近では交際暴力、ストーカー被害、デジタル性犯罪のような問題に変化し、入所者の構成も変わっている」と説明した。 1366緊急避難所は、被害当事者または同伴する子どもに最長7日間、臨時保護と宿泊・食事を提供し、必要に応じて最長30日まで保護を延長できる施設だ。 同院によると、親の同意を得た場合、体系的な相談や医療・法律支援のため、未成年者だけでの入所も可能だ。 一方、最近は被害の類型が多様化、低年齢化しているため、家庭内暴力を受けた女性が子どもと一緒に緊急避難所に入る従来型のケースは相対的に減少している。 緊急避難所の全入所者数も、前年の4486人から2025年は4157人へと約300人減少した。2025年に緊急避難所に入所した全体のうち、約5人に1人は未成年の同伴者で738人だった。前年の828人から約11％減った。 （c）KOREA WAVE/AFPBB News KOREA WAVE,[],[]
韓国、ホルムズ海峡「実質的寄与」へ…「終戦」までは慎重な対応（KOREA WAVE）,https://news.yahoo.co.jp/articles/420a6a317ec6c6a2683442686d457bc981c35bf4,https://newsatcl-pctr.c.yimg.jp/t/amd-img/20260506-03634017-clc_korea-000-1-view.jpg?exp=10800,2026-05-06T12:21:16+09:00,2026-05-06T12:21:16+09:00,KOREA WAVE,clc_korea,KOREA WAVE,1923,(c)Reuters/news1 【05月06日 KOREA WAVE】米国がイラン空襲後、停滞する終戦交渉の中で、国際社会にホルムズ海峡での商船航行を目的とした「海洋自由構想」（MFC）への参加を求めている。 韓国は、米国とイランの終戦を前提に、英国とフランスが主導する多国籍軍への参加問題を主要国と協議してきた。そこに米主導のMFCが新たな変数として浮上した。 イ・ジェミョン（李在明）大統領がホルムズ海峡の航行再開に向けた「実質的寄与」に言及しており、韓国が何らかの形で参加する可能性が出ている。ただ、イランとの関係や国際社会の対米認識を考慮すれば、「終戦」という前提が満たされるまでは慎重な対応が続くとの見方が強い。 米紙ウォール・ストリート・ジャーナルによると、米国務省は4月28日、各国駐在の大使館に対し、MFC参加を駐在国政府に要請するよう指示した。米国主導のMFCは、ホルムズ海峡での商船航行のため、参加国間の情報共有、外交調整、対イラン制裁などを進める連合体だ。MFCでは米国務省が外交を、米中央軍が各国軍当局間の情報共有をそれぞれ調整する見通しだ。 米国のMFC構想は、国際社会への参加要請が一度事実上拒まれた後、再び進められているものだ。3月のイラン空襲当時に示された構想とは異なり、今回は米国とイランの停戦および終戦交渉が続く中で提示された点に違いがある。 トランプ米大統領は3月、SNSでイランによるホルムズ海峡封鎖に対応するため、日本、韓国、英国、フランス、中国など7カ国に軍艦派遣を要請した。米政権は北大西洋条約機構（NATO）加盟国にも参加を求めたが、ドイツ、スペイン、イタリアなど欧州主要国やオーストラリアは派兵しない立場を表明し、韓国も特別な立場を示さなかった。 米国とイランは4月7日に2週間の停戦に入り、トランプ大統領が停戦延長を宣言したことで中東での砲声は止まった。しかし、終戦交渉は1カ月にわたり進展せず、ホルムズ海峡の封鎖と米国の逆封鎖で原油価格の上昇が続き、国際社会の圧力が強まっている。 英国とフランスは、戦争当事国である米国を除いた形で終戦交渉の妥結を促す一方、終戦後のホルムズ海峡管理に向けた多国間協力モデルを準備している。フランスは3月26日に35カ国の軍首脳が参加するオンライン会議を開き、英国は4月2日に40カ国余りの外相によるオンライン会議を開催した。両国はさらに4月17日、40カ国余りと国際機関が参加する「ホルムズ海峡通航オンライン首脳会議」を開き、終戦後の航行に向けた外交・軍事協力策を協議している。 米国のMFCは、ホルムズ海峡封鎖を解消すると同時に、国際社会の参加を引き出し、終戦交渉で優位に立とうとする戦略的構想と解釈されている。米国は1回目の終戦交渉が決裂すると、海軍艦艇を投入してイランがホルムズ海峡に設置した機雷の除去に着手し、ホルムズ海峡のすべての船舶を統制する「逆封鎖」に入った。 トランプ大統領は、逆封鎖による原油輸出阻止などの経済的圧力が、終戦交渉でイランから封鎖解除などの譲歩を引き出せるとみて、圧力を強めている。欧州駐留米軍の撤収や関税問題に相次いで言及していることも、封鎖効果を最大化するための同盟国への圧力戦略とみられている。 イ・ジェミョン大統領は4月17日、英国とフランスが主導する「ホルムズ海峡自由航行首脳会議」に出席し、「航行の自由に実質的に寄与する」と述べ、最近取り沙汰されている多国籍軍への参加意思を示唆した。ただ、韓国軍の装備や部隊が中東地域に実際に投入された状態ではない。 韓国政府は米国のMFC参加問題に慎重な立場を取っている。戦争地域への軍事的関与は国会の同意と国民的な理解が必要な事案だからだ。 国防省は「国際法と国際海上交通路の安全、韓米同盟および朝鮮半島の安全保障状況、国内法上の手続きなどを総合的に考慮しており、MFC参加に関するわが国の立場を慎重に検討する」としたうえで、「ホルムズ海峡の安全な通航保障に向けた国際社会の協力協議に積極的に参加している」と説明した。 アン・ギュベク（安圭伯）国防相は、ホルムズ海峡で想定される韓国軍の役割について、「作戦範囲を広げることは国会同意が必要な事項ではないと判断しているが、別の任務が与えられれば国会同意が必要になる」と述べた。また「英国とフランスが関連協議を主導しており、韓国も参加する意思を表明したことがある」とし、商船封鎖が長期化した場合に備え、軍投入などの対応計画を4段階で準備していると説明した。 （c）KOREA WAVE/AFPBB News KOREA WAVE,[],[]
韓国サムスン家、12兆ウォンの相続税を完納…医療・文化分野の社会還元も拡大（KOREA WAVE）,https://news.yahoo.co.jp/articles/0adf9fd0e98043c0033049f8f730b2ff7070818e,https://newsatcl-pctr.c.yimg.jp/t/amd-img/20260506-03634016-clc_korea-000-1-view.jpg?exp=10800,2026-05-06T12:12:17+09:00,2026-05-06T12:12:17+09:00,KOREA WAVE,clc_korea,KOREA WAVE,1172,(c)news1 【05月06日 KOREA WAVE】韓国サムスンのオーナー一家が、故イ・ゴンヒ（李健熙）先代会長の遺産に対する相続税12兆ウォン（約1兆3200億円）をすべて納付し、韓国財界最大規模の「ノブレス・オブリージュ」（高い地位には義務が伴う）を実践した。 巨額の税金納付に加え、医療・文化分野での社会還元にもつながり、企業の社会的責任を示した代表的な事例と評価されている。 サムスン電子によると、イ・ジェヨン（李在鎔）サムスン電子会長、ホン・ラヒ（洪羅喜）リウム美術館名誉館長、イ・ブジン（李富真）ホテル新羅社長、イ・ソヒョン（李敍顕）サムスン物産社長ら遺族は、2021年の相続税申告以降、年賦延納方式で税金を分割納付してきた。2026年の最後の納付を終え、計6回にわたる相続税の納付を完了した。 故イ・ゴンヒ先代会長は2014年に心筋梗塞で倒れ、療養生活を続けた後、2020年10月に死去した。当時、関係会社の持ち分や不動産などを含め約26兆ウォン（約2兆8600億円）の遺産を残し、これに伴う相続税は約12兆ウォン（約1兆3200億円）と推算された。 故人の配偶者であるホン・ラヒ名誉館長の相続税が3兆1000億ウォン（約3410億円）で最も多く、イ・ジェヨン会長は2兆9000億ウォン（約3190億円）、イ・ブジン・ホテル新羅社長は2兆6000億ウォン（約2860億円）、イ・ソヒョン・サムスン物産社長は2兆4000億ウォン（約2640億円）だった。これは2024年の韓国の相続税税収8兆2000億ウォン（約9020億円）を大きく上回る規模で、韓国内はもちろん、世界的にも異例とされる。 遺族は相続税申告当時、「税金の納付は国民の当然の義務」と表明し、法と原則に従って納付を続けてきた。これについて、サムスンがグローバル企業に成長する過程で蓄積した富を社会に還元する代表例だとの評価が出ている。 遺族による社会還元は、国家の保健医療能力の強化にもつながっている。2021年には国立中央医療院に7000億ウォン（約770億円）を拠出し、「感染症克服支援事業」を進めている。資金は感染症専門病院の建設や研究インフラの拡充に投じられている。 このうち5000億ウォン（約550億円）は、2030年にソウル市中区に建設される中央感染症病院の建設と先端設備の構築に使われ、残りは臨床研究インフラの拡充やワクチン・治療薬開発基盤の整備に充てられる。同病院は診療だけでなく、教育・訓練、高リスク感染症研究まで担う国家中核拠点として造成される予定だ。 これは生前、「人類の健康と生活の質を高めることが企業の使命」と強調していた故人の哲学を反映した決定と評価されている。 （c）KOREA WAVE/AFPBB News KOREA WAVE,[],[]
韓国・尹錫悦元大統領夫妻がそろって最高裁へ…7月末にも最終判断か（KOREA WAVE）,https://news.yahoo.co.jp/articles/aa67da71f0d1c0c12981c6f2a5c7f6106f931015,https://newsatcl-pctr.c.yimg.jp/t/amd-img/20260506-03634014-clc_korea-000-1-view.jpg?exp=10800,2026-05-06T12:03:21+09:00,2026-05-06T12:03:21+09:00,KOREA WAVE,clc_korea,KOREA WAVE,1197,韓国のユン・ソンニョル（尹錫悦）前大統領と妻キム・ゴニ（金建希）氏(c)news1 【05月06日 KOREA WAVE】韓国のユン・ソンニョル（尹錫悦）前大統領と妻キム・ゴニ（金建希）氏が、それぞれ逮捕妨害やドイツモーターズ株価操作などの罪で相次いで控訴審判決を受け、いずれも最高裁に向かうことになった。内乱特検法と金建希特検法に明記された「上告審は3カ月以内に判決を言い渡す」との規定がそのまま適用される場合、早ければ7月末から8月初めに最終結論が出る見通しだ。 法曹界によると、ドイツモーターズ株価操作、世界平和統一家庭連合（旧統一教会）を巡るあっせん収賄、ミョン・テギュン・ゲート疑惑の控訴審で懲役4年を言い渡されたキム・ゴニ氏は、判決から2日後の4月30日に上告状を提出し、最高裁の判断を受けることになった。キム・ゴニ特検チーム（特別検察官ミン・ジュンギ）も4日に上告状を提出した。 ユン前大統領も、特殊公務執行妨害の罪の控訴審で懲役7年を言い渡された翌日の4月30日に上告した。内乱特検チーム（特別検察官チョ・ウンソク）も同日、無罪部分について上告状を提出した。 ユン前大統領は2025年1月、大統領警護処所属の公務員を動員し、高位公職者犯罪捜査処の逮捕状執行を妨害した罪に問われている。 また、12・3非常戒厳宣布の直前、一部の国務委員だけを招集して他の国務委員の審議権を侵害し、非常戒厳解除後に事後の宣布文を作成して廃棄した罪もある。 ヨ・インヒョン元国軍防諜司令官らの秘話フォンの通話記録削除を指示し、外信に「国会出入りを阻止していない」などの虚偽事実をプレスガイドとして作成・拡散した罪も含まれた。 2審は、国務会議（閣議）の招集通知を受けたものの遅れて到着し、参加できなかった国務委員2人に対する審議権侵害の罪を新たに認めた。1審では、招集通知を受けられなかった国務委員7人に対する審議権侵害だけが認められていた。 これにより、ユン前大統領は5年から7年に、キム・ゴニ氏は1年8カ月から4年に、それぞれ控訴審で刑が重くなったまま上告審を迎えることになった。 今後の焦点は上告審の日程に移る。内乱特検法第11条第1項と金建希特検法第10条第1項はいずれも、「2審、3審では前審の判決言い渡し日からそれぞれ3カ月以内に判決を言い渡さなければならない」と規定している。 これをそのまま適用すれば、キム・ゴニ氏の事件は7月28日、ユン前大統領の事件は7月29日がそれぞれ上告審判決の期限となる。 ただ、この条項が強行規定かどうかを巡っては解釈が分かれている。特検捜査事件であることを考慮し、最高裁が審理を可能な限り圧縮するとの見方がある一方、事件の重大性と複雑性を理由に、期限内の判決は難しいとの見方もある。 （c）KOREA WAVE/AFPBB News KOREA WAVE,[],[]
韓国で未成年の株式口座が急増…KOSPI急騰でトス証券は9倍に（KOREA WAVE）,https://news.yahoo.co.jp/articles/d99c865a4a3b084ebbd660aa9e060a28c36f78a5,https://newsatcl-pctr.c.yimg.jp/t/amd-img/20260506-03634013-clc_korea-000-1-view.jpg?exp=10800,2026-05-06T11:51:18+09:00,2026-05-06T11:51:18+09:00,KOREA WAVE,clc_korea,KOREA WAVE,1206,ソウル中区のハナ銀行ディーリングルーム(c)news1 【05月06日 KOREA WAVE】年初からの株式市場の活況を受け、2026年1〜3月期に韓国で未成年者の株式口座開設が大きく増えたことがわかった。 証券業界では、株式投資を単なる資産形成ではなく、未成年の子どもの金融理解を高める教育手段として活用し、複利効果を最大化する方向で進めるべきだとの助言が出ている。 トス証券によると、2026年1〜3月期に未成年者専用の「子ども口座」を開設した利用者数は18万480人だった。2025年1〜3月期の1万8738人に比べ、863％増加した。 トス証券の子ども口座は、保護者が営業店を訪れなくてもオンラインで簡単に開設できる。公的機関と連携し、書類処理が自動で進む利便性が親世代の支持を得たとみられる。 四半期ごとの口座開設数を見ると、増加傾向はより鮮明だ。2025年4〜6月期は1万2875人、7〜9月期は2万1240人、10〜12月期は4万6929人と徐々に増え、韓国総合株価指数（KOSPI）が急騰した2026年1〜3月期には18万人台へ跳ね上がった。 2026年のKOSPIは1月に23.97％、2月に19.52％それぞれ急騰し、3月には米国・イラン戦争による変動の大きい相場の中でも、安値買いを狙う投資家が大勢流入した。 新韓投資証券でも、1〜3月期の未成年者口座開設数は前年同期比272％増加した。平均残高は約1000万ウォン（約110万円）に達した。 韓国預託決済院によると、2025年末時点の未成年株式保有者は76万9264人で、個人投資家全体の5.3％を占めた。口座開設の増加を受け、2026年は未成年の株式保有者がさらに増えるとみられる。 未成年の株式保有者は、サムスン電子などの優良株を中心に保有している。預託院の証券情報ポータル「SEIBro」によると、サムスン電子の個人株主のうち20歳未満の未成年者は34万3694人で、未成年株式保有者全体の44.7％水準だった。 2026年1〜3月期のトス証券における20歳未満の取引上位銘柄も、サムスン電子、SKハイニックス、現代自動車の順だった。 新韓投資証券でも、未成年顧客の取引上位にはサムスン電子普通株を筆頭に、TIGER米国S＆P500 ETF、SKハイニックスなど、優良株や指数連動型ETFが並んだ。 専門家は、未成年者の投資が単なる収益追求にとどまってはならないと強調する。KB証券トゥンチョン駅PBセンターのボム・ギウォンPB（課長）は「最近の未成年者投資は、単なる資産形成を超え、子どもに正しい経済観念を植え付ける早期金融教育の一環として定着している」とし、「変動性の大きい個別銘柄より、市場の流れを反映する優良株やETF中心の分散投資を勧める」と述べた。 （c）KOREA WAVE/AFPBB News KOREA WAVE,[],[]
韓国の次世代中型衛星2号、地上局との交信に成功…国土・災害などの観測任務（KOREA WAVE）,https://news.yahoo.co.jp/articles/212da8455ece886117c0cc6d8afb7a2a60cb9cab,https://newsatcl-pctr.c.yimg.jp/t/amd-img/20260506-03634012-clc_korea-000-1-view.jpg?exp=10800,2026-05-06T11:42:15+09:00,2026-05-06T11:42:15+09:00,KOREA WAVE,clc_korea,KOREA WAVE,980,宇宙航空庁のユーチューブ(c)news1 【05月06日 KOREA WAVE】韓国の産業界主導で独自開発された初の衛星「次世代中型衛星2号」が3日午後、無事打ち上げられ、海外地上局との交信にも成功した。次世代中型衛星2号は2026年下半期から、国土や災害などの観測任務を本格的に担う予定だ。 今回の打ち上げと交信成功は、民間主導で国産技術によって直接製作された衛星の自立性を証明するものとなった。 宇宙航空庁と国土交通省は、次世代中型衛星2号が3日午後4時、米カリフォルニア州バンデンバーグ宇宙軍基地から打ち上げられた後、初交信に成功したと明らかにした。衛星はスペースXのロケット「ファルコン9」に搭載されて打ち上げられた。 次世代中型衛星2号は打ち上げから約60分後、高度約498キロでロケットから分離された。その約15分後、午後5時15分にノルウェー・スバールバル地上局との初交信に成功し、本体システムなどの状態が良好であることが確認された。 初期運用期間中は、衛星との24時間交信を維持するため、ノルウェーのスバールバル地上局、南極のトロール基地と世宗基地の3カ所の海外地上局を連携して活用する。 今後、次世代中型衛星2号は太陽同期円軌道で正常運用中の次世代中型衛星1号と共同運用される。任務寿命は4年だ。 次世代中型衛星2号は、本体と搭載体の中核部品をすべて韓国国内技術で開発し、韓国の宇宙技術の自立性を示した。 民間企業の韓国航空宇宙産業（KAI）は2015年から、政府研究機関の韓国航空宇宙研究院と次世代中型衛星1号の開発事業に共同設計チームとして参加し、技術移転を受けた。これを基に、次世代中型衛星2号の総括主管機関として開発を成功させた。 次世代中型衛星2号は500キロ級の標準プラットフォームに高解像度の白黒・カラー光学カメラを搭載し、朝鮮半島の国土・災害管理に必要な高精密映像を独自に確保する。 2026年下半期から、地上観測や変化探知、地図作製、都市計画の策定など国土資源管理のほか、台風、豪雪、洪水、山火事の被害観測と対応など災害分野で活用される。 次世代中型衛星2号の打ち上げと交信成功は、今後の後続衛星開発と宇宙産業の競争力強化の基盤になると期待されている。 （c）KOREA WAVE/AFPBB News KOREA WAVE,[],[]
韓国ビデオゲーム大手とカーシェアリング最大手が合弁…「フィジカルAI」で描く自動運転の未来戦略（KOREA WAVE）,https://news.yahoo.co.jp/articles/c5df27452174d7a65541f3bd5ff4ac96f4e90f61,https://newsatcl-pctr.c.yimg.jp/t/amd-img/20260506-03634011-clc_korea-000-1-view.jpg?exp=10800,2026-05-06T11:33:17+09:00,2026-05-06T11:33:17+09:00,KOREA WAVE,clc_korea,KOREA WAVE,683,クラフトンのキム・チャンハン代表(c)news1 【05月06日 KOREA WAVE】韓国・ビデオゲーム開発「クラフトン（KRAFTON）」が、カーシェアリング事業で最大手ソカーと合弁で自動運転専任法人を設立する。さらに、そこから得られるデータを活用し、フィジカルAI研究を進める。 クラフトンのキム・チャンハン代表は4月30日の第1四半期業績発表カンファレンスコールで、「ソカーと自動運転サービス会社を合弁で設立し、人工知能研究を通じて自動運転事業を進めたい」と述べた。 キム・チャンハン代表は「クラフトンはこのデータを使い、別途フィジカルAI研究を進めたい」と説明した。 ソカーは同日、1500億ウォン（約165億円）規模の自動運転専任法人を設立すると公示した。このため、ソカーは約650億ウォン（約71億5000万円）規模の第三者割当増資を実施する。 新株は全量、クラフトンに割り当てられる。クラフトンはソカーの主要株主に加わると同時に、新設法人にも別途投資し、主要投資家として参加する。 ソカーは調達資金を、5月中に設立する法人「エイペックス・モビリティ」に投入する。この法人は、自動運転サービスの開発と商用化、電気自動車を基盤にした自動運転プラットフォームの運営などを担う。 フィジカルAIとは、人工知能が現実世界の物理的環境を認識・理解し、複雑な行動を直接実行できるようにする技術を指す。ロボットや自動運転車などの形で、直接的な行動と相互作用を担う点で、従来のAIとは区別される。 （c）KOREA WAVE/AFPBB News KOREA WAVE,[],[]
北朝鮮・寧辺核施設から蒸気排出…プルトニウム増産か「不気味な新設工事」（KOREA WAVE）,https://news.yahoo.co.jp/articles/13b0041fcb226ec57b63206e3f627519b98ba529,https://newsatcl-pctr.c.yimg.jp/t/amd-img/20260506-03634002-clc_korea-000-1-view.jpg?exp=10800,2026-05-06T08:12:17+09:00,2026-05-06T08:12:17+09:00,KOREA WAVE,clc_korea,KOREA WAVE,1444,4月18日と20日に撮影された衛星写真で、寧辺放射化学実験室内の熱発電所から蒸気が排出されている様子が確認された(c)news1 【05月06日 KOREA WAVE】北朝鮮の寧辺核施設内の建物で、再び蒸気排出の兆候が捉えられた。プルトニウム生産に向けた核燃料再処理活動に伴うものとみられ、北朝鮮が核物質生産を続けているとの見方が強まっている。 米政府系放送局の自由アジア放送（RFA）は4月30日、米商業衛星プラネット・ラボが4月20日に撮影した衛星写真で、寧辺核施設団地内の放射化学実験室から蒸気が排出される様子が確認されたと報じた。 この実験室は核兵器の原料となるプルトニウムを抽出する施設で、18日にも蒸気排出が観測されていた。RFAは、北朝鮮がプルトニウム生産のため、核燃料の照射や再処理活動を断続的に進めていることを示す状況の一つと解釈した。 RFAが2026年1月から寧辺一帯の高解像度衛星写真を確認したところ、冷却水が排出される様子が継続的に捉えられていたという。3月12日と4月25日に撮影された衛星写真では、5メガワット原子炉から冷却水が寧辺核施設近くの九竜江へ排出される様子が確認された。 RFAは「冷却水の排出は、プルトニウム生産のため原子炉が稼働中であることを示す指標であり、北朝鮮が原子炉をほぼ毎日稼働させている事実が衛星写真で確認された」と分析した。 ただ、国際原子力機関（IAEA）事務次長を務めたハイノネン氏（米スティムソン・センター特別研究員）は「数週間、または1カ月以上にわたって蒸気排出が続けば、実際に核燃料再処理を通じたプルトニウム抽出が進んでいることを示すが、短期間だけ蒸気が観察されたのであれば、単に廃棄物を移送している可能性もある」と述べた。 北朝鮮が寧辺核施設団地の各所でさまざまな建設工事を進めてきたことは、これまでにもたびたび確認されており、寧辺は依然として北朝鮮の第1核団地として機能しているとみられる。衛星写真によると、新たなウラン濃縮施設と疑われる青い屋根の建物は、2025年11〜12月に外部工事を終えた。 その後、2025年12月末から2026年2月初めまで、この建物には周辺の建物と異なり雪が積もらない様子が確認された。専門家らは、建物に電力が供給され、内部で工事が進んでいる可能性を示すものだと診断している。 3月には、放射化学実験室内にある2棟の屋根が交換された。このうち一つは使用済み核燃料を一定期間冷却して保管する場所、もう一つはプルトニウム実験室とつながる建物と推定された。 ハイノネン特別研究員は特に、寧辺核施設団地の南側にある燃料棒製作建物群の変化に注目すべきだと強調した。この区域には新たに少なくとも4棟の建物が建てられており、そのうち1棟はフェンスで他の建物と分離されていることから、極めて重要な施設である可能性を示しているという。 具体的にどのような活動が進んでいるかは分からないが、核物質と核兵器部品をさらに多く生産しようとするキム・ジョンウン（金正恩）朝鮮労働党総書記の計画と関連していると、ハイノネン特別研究員は指摘した。 また、寧辺周辺の住民地域にも新しい高層建物や住宅が多数建てられた。これは寧辺核施設団地内の建設工事に投入された技術者や労働者の臨時宿舎である可能性があり、寧辺核施設の活発な動きを支えるものとみられる。 （c）KOREA WAVE/AFPBB News KOREA WAVE,[],[]
韓国の駐ロシア大使館「統一安保官」が1年半ぶり復活へ…加速する朝露密着に対応（KOREA WAVE）,https://news.yahoo.co.jp/articles/32e3d14b1c81497c9d21c8775e41fa83f08eda34,https://newsatcl-pctr.c.yimg.jp/t/amd-img/20260506-03633999-clc_korea-000-1-view.jpg?exp=10800,2026-05-06T08:03:16+09:00,2026-05-06T08:03:16+09:00,KOREA WAVE,clc_korea,KOREA WAVE,980,ロシア・モスクワのクレムリン宮殿(c)AFP/news1 【05月06日 KOREA WAVE】韓国統一省当局者は4月30日、記者団に対し、2025年2月から空席となっていた韓国の駐ロシア大使館の統一安保官について、5月に公募手続きに入り、新たな統一安保官は8月に赴任する予定だと明らかにした。 韓国外交省の駐在官募集公告では、5月4〜11日に願書を受け付け、書類審査と面接を経て、7月初めに最終合格者を決める。任期は3年となる。 駐ロシア大使館の統一安保官ポストは、2022年の行政安全省による「政府横断統合活用定員制運営指針」に基づき、廃止が決まっていた。その後、2025年11月に同指針が廃止され、職位が復元された。ただ、2025年2月に前任の統一安保官が帰国した後、後任は補充されていなかった。 統一省当局者は復活の背景について、「現在、北朝鮮とロシアの密着が非常に深まっている状況であり、統一安保官はそうした部分をしっかり把握する業務を担うことになるだろう」と説明した。 統一安保官は、韓国政府の統一政策や南北関係の懸案に関する立場を駐在国に伝える役割を担う。現在、統一安保官が派遣されている国は米国、中国、日本、ドイツの4カ国だ。 この当局者は、北朝鮮を「朝鮮民主主義人民共和国」、または「朝鮮」と呼ぶ問題について政府が公論化すると明らかにした点についても説明した。「北側の体制を尊重し、いかなる形の吸収統一も追求せず、一切の敵対行為をする意思もないという『対北政策3原則』の大きな枠組みの中で、北朝鮮と尊重を基盤に信頼を築き、対話を進める部分を考慮する必要があるのではないか、という一部の問題提起があった」と述べた。 そのうえで「そうした次元で、公論化や意見を聞く手続きを進めている」と付け加えた。 この問題を議論するため、4月29日に統一省の後援で開かれた韓国政治学会主催の学術会議「北韓か、朝鮮か」について、討論者の構成が偏っているとの指摘が出たことに関しては、「討論者の中には反対の立場を持つ方もいた」と説明した。 さらに「公論の場を通じて十分に議論し、慎重に検討していくという立場であるため、今後もさまざまな方式で意見を聞き、議論する機会があるとみられる」と述べた。 （c）KOREA WAVE/AFPBB News KOREA WAVE,[],[]
韓国の原油需給、5月に平年比87％まで改善見通し…ホルムズ海峡封鎖後のエネルギー供給回復を確認（KOREA WAVE）,https://news.yahoo.co.jp/articles/2d97692187056234e4eb6ad6098e62619a119255,https://newsatcl-pctr.c.yimg.jp/t/amd-img/20260506-03633998-clc_korea-000-1-view.jpg?exp=10800,2026-05-06T07:51:22+09:00,2026-05-06T07:51:22+09:00,KOREA WAVE,clc_korea,KOREA WAVE,1519,(c)Reuters/news1 【05月06日 KOREA WAVE】ホルムズ海峡封鎖の影響で縮小していた韓国のエネルギー需給が、5月に入って徐々に回復傾向を見せそうだ。代替航路と非中東産原油の確保により、原油導入量は平年比で約87％の水準まで改善すると予想される。ナフサ供給も平時の85〜90％水準まで回復し、石油化学工程の稼働率も通常比で90％程度まで上がる見込みだ。 ただ、国際原油価格と石油製品価格は依然として高水準を維持しており、物価上昇圧力は当面続くとみられる。 韓国政府で3日までに伝わった内容によると、5月中に国内へ搬入予定の原油は約7462万バレルと集計された。4月の輸入量6260万バレルに比べ、約19％増える規模だ。 3月までは、ホルムズ海峡封鎖前に輸送されていた原油が流入し、3月の原油輸入量7720万バレルは2月比6.1％減、前年同月比1.1％減にとどまった。しかし4月には封鎖の影響が本格化し、輸入量は6260万バレルに落ち込み、前年同月比22.8％減少した。 5月には3月に近い7462万バレルが流入し、4月に比べ需給環境が改善する見通しだ。これは前年同月の輸入量9447万バレルの79％、2025年の月平均8570万バレルの87％にあたる。 5月に確保される原油の中東依存度は約56％で、2025年平均の69％から13ポイント低下した。米国産とアフリカ産の代替原油を確保したためだ。中東産原油はホルムズ海峡を通らない代替航路で供給される予定で、サウジアラビア産2399万バレル、アラブ首長国連邦（UAE）産1600万バレルが代替航路で輸送される。 ヤン・ギウク産業通商省産業資源安保室長は「当該船舶は5月初めに韓国へ到着する予定で、その後もサウジアラビアのヤンブー港を出発し、紅海を通過する物量が予定されている」と説明した。「ヤンブー港経由の輸送が5月の代替物量で最も大きな割合を占めるとみられる。現在、紅海経由の輸送は安定して稼働している」と述べた。 ナフサ需給も改善している。産業通商省によると、戦争前の月平均供給量約220万トンを基準に、5月の供給量は平時の85〜90％水準になる見通しだ。4月の供給量は平時比80〜90％と推算された。 ナフサ市場は、船積み時点で買い手と物量が確定する原油とは異なり、トレーダーを通じた一回限りのスポット取引の比重が大きく、契約・船積み量が流動的だ。このため、政府の需給見通しも単一の数値ではなく、「平時の80〜90％」といった幅で示されることが多い。 ナフサを使ってプラスチック原料などを生産する石油化学産業の稼働率も上昇している。麗川NCCは4月の55％水準から、5月10日に60％、24日に65％へ上がった。大韓油化も4月の62％から、5月28日時点で72％に改善した。 産業通商省関係者は「5月の石油化学産業稼働率は、戦争前の90％水準まで回復する見通しだ」と説明した。国内ナフサ分解施設（NCC）の平時稼働率が通常80〜90％水準である点を考えると、5月の稼働率は70％台前半から半ばまで上がるとみられる。 原油とナフサの物量は支えられつつあるが、高価格による物価上昇圧力は当面続く見通しだ。韓国石油公社の「ペトロネット」によると、4月30日時点の国際石油製品価格は高水準を維持している。ガソリンは1バレルあたり134.29ドルで前年より60.94％高く、軽油は178.67ドルで99.66％、灯油は186.45ドルで108.03％、ナフサは128.56ドルで67.33％上昇した。 （c）KOREA WAVE/AFPBB News KOREA WAVE,[],[]
韓国の国民年金、月200万ウォン以上の受給者が9万人突破…長期加入の効果鮮明に（KOREA WAVE）,https://news.yahoo.co.jp/articles/bd5833ada88e96cc863097edf589ace326161d06,https://newsatcl-pctr.c.yimg.jp/t/amd-img/20260506-03633997-clc_korea-000-1-view.jpg?exp=10800,2026-05-06T07:42:17+09:00,2026-05-06T07:42:17+09:00,KOREA WAVE,clc_korea,KOREA WAVE,745,ソウル市西大門区の国民年金公団ソウル北部地域本部(c)news1 【05月06日 KOREA WAVE】韓国の国民年金で、月200万ウォン（約22万円）以上を受け取る高額受給者が初めて9万人を突破した。最高受給額は月318万5040ウォン（約35万円）で、長期加入者が増えたことにより受給額が増加した結果と分析される。 国民年金公団の「2025年12月基準国民年金公表統計」によると、月200万ウォン（約22万円）以上の年金を受け取る受給者は計9万3350人だった。2024年12月時点の5万772人に比べ、83.8％増加した。 月200万ウォン（約22万円）以上の受給者の性別分布は、男性が9万1385人、女性が1965人で、圧倒的に男性が多かった。国民年金の導入・運営初期に女性の経済活動参加率が低く、出産や育児などで女性のキャリアが途切れ、加入期間が相対的に短かった影響とみられる。 高額受給者の増加は、制度が成熟し、長期加入者が増えたためと分析される。加入期間が20年以上の老齢年金受給者は2025年末時点で135万2281人となり、2024年の116万1658人から1年で16.4％増えた。 200万ウォン（約22万円）以上を受け取る受給者の大半は老齢年金受給者で、9万3329人だった。このうち加入期間20年以上が8万2214人で大部分を占めた。 最も多い金額を受け取る最高受給者の受給額は、月318万5040ウォン（約35万円）に上ることが確認された。 受給額が減額される代わりに年金の受け取りを早く始める「繰り上げ受給」の集団でも、月200万ウォン（約22万円）以上を受け取る人は1万1108人だった。 （c）KOREA WAVE/AFPBB News KOREA WAVE,[],[]
中東依存からの脱却…ナフサ輸入1位に米国が急浮上、韓国のエネルギー供給網に起きた「歴史的異変」（KOREA WAVE）,https://news.yahoo.co.jp/articles/689e3726099debf103ba3302855ee1d5579bfc41,https://newsatcl-pctr.c.yimg.jp/t/amd-img/20260506-03633996-clc_korea-000-1-view.jpg?exp=10800,2026-05-06T07:33:16+09:00,2026-05-06T07:33:16+09:00,KOREA WAVE,clc_korea,KOREA WAVE,1421,ヤン・ギウク産業通商省産業資源安保室長(c)news1 【05月06日 KOREA WAVE】中東戦争の影響で「需給危機説」まで浮上していたナフサの需給が、韓国政府と業界による調達先多角化の努力に支えられ、5月には従来の85〜90％水準を確保し、安定に向かう見通しだ。 特に、戦争前の輸入比率で7位と5位だった米国とインドが、戦争後にはそれぞれ1位、2位に上がり、中東依存度が低下したことが分かった。 ヤン・ギウク産業通商省産業資源安保室長は4月30日、政府世宗庁舎で開いた「中東戦争対応本部」説明会で、「ナフサの代替輸入先は中東から米国、インド、アルジェリア、ギリシャなどへ多角化している」とし、「特に戦争後、米国がナフサ最大の輸入国に浮上した」と述べた。 産業通商省によると、中東戦争後の国別ナフサ輸入比率は、米国24.7％、インド23.2％、アルジェリア14.5％、アラブ首長国連邦10.2％、ギリシャ4.5％の順だった。戦争前はアラブ首長国連邦23.5％、アルジェリア15.6％、カタール12.6％、クウェート8.8％、インド7.9％の順だった。 ヤン室長は「米国産ナフサの比率が上昇したのは、需給面で確保しやすかったためだ」とし、「ただ、距離の面で導入期間が長く、4月から本格的に物量が入っているとみている」と説明した。 政府はナフサの調達先多角化を支援するため、追加補正予算6744億ウォン（約742億円）を編成し、ナフサやLPG、コンデンセート、基礎留分など基礎原料の輸入単価上昇分の50％を支援している。この支援策は4月1日の契約分までさかのぼって適用される。 ヤン室長は「補助金政策の効果で、3月は1カ月かけて締結されたナフサ契約量が、4月には半月でまとまるなど、需給環境が改善している」と述べた。 ナフサ需給の改善に伴い、石油化学業界の稼働率も徐々に回復している。麗川NCCは3月の55％水準から4月10日に60％、24日に65％へ上昇した。大韓油化も3月の62％から4月28日時点で72％に改善した。 政府は、原油輸入先の多角化に向け、4〜5月限定で導入した「備蓄油スワップ」制度について、中東情勢の長期化と業界需要を踏まえ、7月まで延長する案を検討している。 備蓄油スワップは、政府が保有する原油を民間精油会社に先に貸し出し、その後、精油会社が海外で確保した代替物量を韓国に導入した時点で返してもらう制度だ。中東産原油への依存度が高い韓国精油業界が代替輸入先を確保しても、実際の導入まで少なくとも14日、長ければ50日かかる点を考慮し、生産空白を減らすために導入された。 当初は4〜5月限定で運用する予定だったが、中東情勢の長期化で6月まで一度延長され、現在は7月への追加延長が検討されている。ヤン室長は「備蓄油スワップは6月まで延長することにしており、7月の追加延長も検討中だ」とし、「企業需要が続けば、さらに延長する可能性もある」と話した。 政府は近く、備蓄油放出に関する業界需要の調査にも入る計画だ。国際エネルギー機関との合意に基づく放出期限は6月9日となっている。ヤン室長は「需要調査結果と在庫状況を総合的に考慮して判断する」とし、「5月には代替物量が相当部分入ってきており、精油会社も物量不足を大きく懸念していない状況だ」と付け加えた。 （c）KOREA WAVE/AFPBB News KOREA WAVE,[],[]
韓国発の機内モバイルバッテリー規制強化、現場で混乱続く…機内充電禁止の周知に課題（KOREA WAVE）,https://news.yahoo.co.jp/articles/b40f2bf8029eede74af19b628e1affa95e6d38c3,https://newsatcl-pctr.c.yimg.jp/t/amd-img/20260506-03633995-clc_korea-000-1-view.jpg?exp=10800,2026-05-06T07:21:23+09:00,2026-05-06T07:21:23+09:00,KOREA WAVE,clc_korea,KOREA WAVE,1028,仁川国際空港に置かれたバッテリー制限を知らせる案内文(c)news1 【05月06日 KOREA WAVE】韓国で航空機内でのモバイルバッテリーに関する規定が強化されてから2週間近くたつ一方、現場では混乱が続いている。特に、機内にモバイルバッテリーを2個まで持ち込めても、使用はできないという点を知らない乗客が少なくない。ワイヤレス充電の場合、発見そのものが容易ではなく、客室乗務員も対応に苦慮している。 韓国が国際民間航空機関（ICAO）に提案した「モバイルバッテリー機内安全管理強化案」がICAO理事会の最終承認を経て国際基準として確定し、4月20日から本格的に施行された。 まず、160Wh（4万3000mAh）以下のモバイルバッテリーは、1人あたり最大2個までに持ち込みが制限された。ただし、100〜160Wh（2万7000〜4万3000mAh）の容量のモバイルバッテリーは、持ち込みに航空会社の承認が必要となる。 また、モバイルバッテリー本体を充電する行為や、モバイルバッテリーを使ってスマートフォンなど他の電子機器を接続して充電する行為は全面的に禁止された。 これは、モバイルバッテリーの不要な機内持ち込みを制限し、火災を引き起こす原因を根本から遮断するためだ。国土交通省関係者は「最近、機内でのモバイルバッテリー火災リスクへの懸念が高まっているだけに、国際協調を通じて安全規制により効果的に対応できるようになった」とし、「特に機内では、有線・無線を問わず、すべての方式でモバイルバッテリーの使用が禁止される」と説明した。 しかし現場では、乗客も航空会社も新たな規定への適応に苦労している。実際、機内でモバイルバッテリーを使って携帯電話を充電することは禁止されたが、多くの乗客がそれを知らないまま搭乗する例が少なくない。 特に、一部の乗客はワイヤレスでモバイルバッテリーを使う方法を禁止行為と認識しておらず、案内や制止がより難しい。 今回の措置は、航空機内の火災リスクを下げるための国際安全規範強化という点で意味が大きい。ただ、十分な広報と細かな案内が伴わなければ、実効性が低下しかねないとの声も出ている。 モバイルバッテリーの持ち込み個数・容量制限はもちろん、機内での充電と使用禁止まで乗客が明確に認識できるよう、航空会社と空港の案内体制を改善する必要があるとの指摘だ。 （c）KOREA WAVE/AFPBB News KOREA WAVE,[],[]
赤ちゃんの名前に使える「漢字制限」は合憲…韓国憲法裁が判断「社会で使われる文字で登録を」（KOREA WAVE）,https://news.yahoo.co.jp/articles/2818fcbc08047e9d10161c144a7d26285f216965,https://newsatcl-pctr.c.yimg.jp/t/amd-img/20260506-03633994-clc_korea-000-1-view.jpg?exp=10800,2026-05-06T07:12:17+09:00,2026-05-06T07:12:17+09:00,KOREA WAVE,clc_korea,KOREA WAVE,765,京畿道高陽市一山東区の一山チャ病院新生児室の様子(c)news1 【05月06日 KOREA WAVE】出生届の際、子どもの名前に使える漢字を制限する現行法に問題はない――こんな判断が韓国憲法裁判所によって示された。 憲法裁は4月29日、「家族関係の登録等に関する法律」第44条第3項をめぐる憲法訴願審判について、裁判官5対4の意見で請求を棄却した。 請求人は、漢字の「婡」を含む娘の名前で出生届を出そうとしたが、担当公務員は「関連法上、登録できない」と説明し、その部分をハングル名として記録した。 家族関係の登録等に関する法律では、子どもの名前にはハングルまたは通常使われる漢字を使用し、使用できる漢字の範囲は最高裁規則で定めるとしている。 請求人は2023年2月、漢字の範囲を「通常使われる漢字」に制限する部分が、子どもの名前を付ける権利を侵害しているとして憲法訴願審判を請求した。 しかし、過半数の5人の憲法裁判官は、漢字制限の必要性を認め、現行法は憲法に反しないと判断した。 憲法裁は「家族関係登録簿に記載される名前は、子どもが社会的生活関係を築いていく基礎となる」とし、「私たちの社会共同体の構成員が実際に読み、使用する文字で登録される必要がある」と判断理由を示した。 特に漢字は数が膨大で、範囲が不明確という特徴があるとしたうえ「家族関係登録の電算システムに漢字名を登録するには、『通常使われる漢字』の範囲を事前に確認し、定めておく必要がある」と説明した。 憲法裁は、最高裁が規則改正を通じて人名用漢字の数を増やしており、今後、改名や出生届の追完申告手続きによって、追加で選定された漢字を名前として登録できる救済手段がある点も判断の根拠に挙げた。 （c）KOREA WAVE/AFPBB News KOREA WAVE,[],[]
「睡眠薬牛乳」で110万円送金…韓国・27歳女の巧妙な手口、暗証番号は“横目”で盗み見ていた（KOREA WAVE）,https://news.yahoo.co.jp/articles/ee50175747b63f33b7e82976aac3aa9a18a7941d,https://newsatcl-pctr.c.yimg.jp/t/amd-img/20260506-03633992-clc_korea-000-1-view.jpg?exp=10800,2026-05-06T06:12:16+09:00,2026-05-06T06:12:16+09:00,KOREA WAVE,clc_korea,KOREA WAVE,827,ユーチューブ「ダークノワール」のキム・ソヨン被告＝今回の事件と写真は関係ありません(c)news1 【05月06日 KOREA WAVE】韓国の結婚情報会社などで知り合った男性らに薬物を飲ませ、金を奪う手口で犯行を重ねた20代女性が、被害者の口座暗証番号を事前に把握し、送金までしていたことが分かった。 MBCによると、京畿道議政府警察は4月29日、強盗傷害などの疑いが持たれている27歳の容疑者が、22日午前、同居していた30代男性に睡眠薬入りの牛乳を飲ませて眠らせた後、自分の口座に金を移し、物品を購入する方法で約1000万ウォン（約110万円）を奪った容疑を認めたと明らかにした。 容疑者はまた、2025年12月から2026年4月まで、ソウル市龍山区、中浪区、陽川区一帯で、結婚情報会社や知人の紹介で知り合った20〜30代の男性らを相手に、同様の手口で犯行を重ね、数千万ウォン（数百万円）をだまし取った疑いについても認めた。 調べによると、容疑者は被害者らが携帯電話で送金する際、暗証番号を押す瞬間を横目で見て覚え、犯行に利用したとみられる。特に2026年2月に中浪区で起きた犯行では、眠っていた被害者の指紋を使い、自分の口座に400万ウォン（約44万円）を送金したことが確認された。 現在までに確認された被害者は4人で、被害額は計5000万ウォン（約550万円）に達する。 犯行に使われた薬物は、ソウル市江西区の精神健康医学科で処方されたものとされる。同居男性の尿からは、ベンゾジアゼピン系と推定される睡眠薬成分が検出された。 ベンゾジアゼピンは不眠症治療などに使われる向精神薬で、「ソウル・モーテル殺人」事件でキム・ソヨン被告が犯行に使った薬物と同じ系統だ。 今回の容疑者は警察の調べに対し、「最初は処罰が怖くて犯行を否認した」とし、「金が必要で犯行に及んだ」と供述した。 （c）KOREA WAVE/AFPBB News KOREA WAVE,[],[]
「マクワウリの種を食べる夫は育ちが悪い」…韓国・女性教師の投稿に批判殺到、実は栄養の宝庫？（KOREA WAVE）,https://news.yahoo.co.jp/articles/557f26101c31b84dd5b4be2c03bc1b62ffcf97b7,https://newsatcl-pctr.c.yimg.jp/t/amd-img/20260506-03633991-clc_korea-000-1-view.jpg?exp=10800,2026-05-06T05:54:15+09:00,2026-05-06T05:54:15+09:00,KOREA WAVE,clc_korea,KOREA WAVE,698,gettyimagesBank(c)MONEYTODAY 【05月06日 KOREA WAVE】マクワウリの種を食べる夫を見て「身分の違い」を感じたとする韓国の女性の投稿をきっかけに、オンライン上で議論が広がっている。 オンラインコミュニティ「ブラインド」には、「夫がマクワウリの種まで食べる」と題した投稿が掲載された。投稿者は現職の教師で、夫がマクワウリを食べる際に種を取り除かず、そのまま食べていたことに衝撃を受けたと記している。 投稿者は「種は取り除いて食べるものだと思っていた」とし、「子どもを見ていると、果物の種まで食べるのは家庭環境が厳しいケースが多い」と主張した。 さらに、夫の行動から「きちんと育てられていない印象を受けた」とし、「結婚してからこうした細かな違いで格の違いを感じる」と吐露した。 一方で、マクワウリはウリ科の果物で、イチゴと同様に種が小さく果肉全体に広がっており、一般的には種ごと食べることが多い。特に種が集まった部分には、ビタミンB群の一種である葉酸が豊富に含まれているとされる。 果肉に含まれる葉酸が約15.8マイクログラムであるのに対し、種の周辺部分にはその5倍以上の約80マイクログラムが含まれるとされ、細胞分裂や成長に重要な役割を持つ栄養素とされている。 この投稿に対し、オンライン上では批判的な意見が相次いだ。「種を取ったら味が変わるのではないか」「むしろ種ごと食べるのが一般的ではないか」「イチゴの種も取るのか」といった指摘が寄せられ、投稿者の認識を疑問視する声が広がっている。 （c）KOREA WAVE/AFPBB News KOREA WAVE,[],[]
「子どもはエアバッグなのか？」ドライブスルー現れた“運転席の幼児”…韓国・命を軽視した親の行動に批判殺到（KOREA WAVE）,https://news.yahoo.co.jp/articles/75c2c555e38d5dba1247e9d6912deabb55df5c88,https://newsatcl-pctr.c.yimg.jp/t/amd-img/20260506-03633990-clc_korea-000-1-view.jpg?exp=10800,2026-05-06T05:42:16+09:00,2026-05-06T05:42:16+09:00,KOREA WAVE,clc_korea,KOREA WAVE,567,SNSに投稿された問題の様子を捉えた写真(c)news1 【05月06日 KOREA WAVE】韓国のドライブスルー店舗で、運転席に幼い子どもを座らせたまま車を利用する様子が撮影され、SNS上で批判が広がっている。 問題の写真は、忠清北道清州のハンバーガーチェーン店舗で撮影され、SNS「スレッド」に投稿された。白い乗用車の運転席側の窓越しに、子ども向け飲料を飲む人物の姿が写っていた。 その後に公開された別の写真では、サイドミラーに映った運転席の人物が大人ではなく、幼い男の子であることが確認された。 投稿者は「現場で見ても信じられなかった」とし、写真や動画を確保したうえで通報したと説明した。また、当初は大人が子ども用の飲料を飲んでいると思ったが、実際は子どもだったとして驚きを示した。 この投稿を受け、ネット上では「事故が起きたらどうするのか」「子どもをエアバッグ代わりにするつもりか」といった批判が相次いだ。ドライブスルーでの勤務経験があるという利用者からも、同様の場面は珍しくないとの指摘が出ている。 韓国の道路交通法では、乳幼児や動物を抱いたままの運転は禁止されており、違反した場合は20万ウォン以下（約2万2000円）の罰金が科される可能性がある。 （c）KOREA WAVE/AFPBB News KOREA WAVE,[],[]
結婚相手の家系を所得で格付け…韓国・国税庁職員ら389人が情報不正閲覧、将来の義父の“税務調査歴”まで調べ上げた（KOREA WAVE）,https://news.yahoo.co.jp/articles/516c2d02da0163481c13111ad2b74984e19c639a,https://newsatcl-pctr.c.yimg.jp/t/amd-img/20260506-03633989-clc_korea-000-1-view.jpg?exp=10800,2026-05-06T05:21:17+09:00,2026-05-06T05:21:17+09:00,KOREA WAVE,clc_korea,KOREA WAVE,687,gettyimagesBank(c)MONEYTODAY 【05月06日 KOREA WAVE】韓国の国税庁職員数十人が、結婚前の恋人の家族や親族の所得情報を任意に閲覧し、監査院の監査で摘発された。 監査院が4月27日に発表した国税庁定期監査結果によると、2023〜2024年に国税庁職員389人が、国税庁の内部ネットワークを通じ、業務と関係のない周辺人物の所得情報を照会していたことが分かった。 このうち82人は恋人の親族情報を直接照会し、307人は同僚職員の恋人に関する情報を閲覧していた。主な事例を見ると、ある職員は結婚を控えた相手男性の贈与税申告書や決議書などを照会した。別の職員は、将来の義父にあたる人物の過去の税務調査履歴を閲覧した。また別の職員は、将来の義母にあたる人物から頼まれ、土地贈与に関する贈与税の内訳を調べた。 ある男性職員は、結婚予定の女性の父親と弟の情報を検索して監査に引っかかると、「当時は結婚前で、特殊関係が成立しない他人だった」と抗弁した。 監査院は、違法の疑いが大きい33人を選んで追加点検を進め、このうち8人については、情報保安業務規定違反として懲戒するよう国税庁に求めた。 あわせて、職員が私的に所得情報を照会しても内部監査対象から外れることがないよう、再発防止策を整えるよう指摘した。 国税庁は監査結果を受け入れ、「今後、『婚姻前不正照会記録算出式』など、不正照会を摘発するための複数の算出式を追加開発し、これを活用した情報保安監査を実施する」と明らかにした。 （c）KOREA WAVE/AFPBB News KOREA WAVE,[],[]
「業務が合わないので今日から休みます」…韓国・ひとこと投稿で即ブロック、引き継ぎゼロの“潜水退社”に悲鳴（KOREA WAVE）,https://news.yahoo.co.jp/articles/27252869e918a13ef568be2cb7aeef83b9915e70,https://newsatcl-pctr.c.yimg.jp/t/amd-img/20260506-03633988-clc_korea-000-1-view.jpg?exp=10800,2026-05-06T05:12:17+09:00,2026-05-06T05:12:17+09:00,KOREA WAVE,clc_korea,KOREA WAVE,1195,(c)news1 【05月06日 KOREA WAVE】カカオトークで退社を告げたまま連絡を絶った新入社員の行動に、韓国で批判が集まっている。 最近、オンラインコミュニティーで、中小企業のチーム長として働いているという投稿者は「退社するというカカオトークを送って姿を消した新入社員のせいで、手が震える」とし、「自分の常識では到底理解できない行動だ」と明かした。 投稿者は「月曜日午前8時50分ごろ、チーム員と週次会議を準備していたところ、入社2カ月の新入社員からメッセージが1通届いた」と説明した。内容は「チーム長、申し訳ありません。私には業務があまりにも合わないようで、今日から出勤できなさそうです」というものだった。投稿者はメッセージを確認後、すぐ電話をかけたが、自分の番号は着信拒否されていたという。 このため、業務に空白が生じた。投稿者は「先週金曜日までは『これからも一生懸命学びます』と笑って退勤した社員だった。しかも今日午後には外部業者との打ち合わせが入っており、その社員が担当していた業務ファイルは、その社員の個人ノートパソコンにだけ保存されていた」と話した。 さらに「新入社員の席にはノートパソコンだけがぽつんと置かれていたが、パスワードがかかっていて確認すらできなかった」とし、「引き継ぎ文書どころか、メモ一枚も残していなかった」と訴えた。 投稿者は退社の仕方を問題視した。「さらに腹が立つのは、その社員が辞めるという事実そのものではない。つらければ辞めることはできる。ただ、少なくとも1週間前、いや数日前でもあらかじめ話すのが、人としての礼儀ではないのか」と問いかけた。 また「給与関連やノートパソコンのパスワードのように、必要な情報があって連絡することもあるのに、遮断するのはどういう感覚なのか」とし、「後に同期社員を通じて聞いたところ、『職場はいつでも代替可能な消耗品にすぎないのに、あえて感情を浪費して対面で辞表を出す必要があるのか。自分のメンタルヘルスが優先だ』と言っていたそうだ」と吐露した。 投稿者は「最近の若い人たちの間では、こうしたカカオ退社がヒップでクールな行動として受け止められ、当然のことなのか。それとも私が古い考え方に縛られ、理解できないだけの説教くさい人間なのか」とし、「会社という共同体で、最低限の締めくくりもなく消えるこの行動は、今も理解できない」と嘆いた。 この投稿に対し、ネットユーザーからは「MZ世代の方式とくくる必要はなさそうだ。この新入社員だけのやり方に見える」「若い人の働き方が旧世代とやや違うのは事実だ」「最初から採用を誤った社員だ」「基本的な約束を破った行為だ。怒るのは当然だ」「引き継ぎもなく知らんぷりするのはあまりに無責任だ」など、批判が相次いだ。 （c）KOREA WAVE/AFPBB News KOREA WAVE,[],[]
