headline,mainEntityOfPage,image,datePublished,dateModified,author,media_en,media_jp,str_count,body,images,external_links
「花ざかりの君たちへ」第2期制作決定 恋に友情にイベント盛りだくさん 新PVも公開（アニメ！アニメ！）,https://news.yahoo.co.jp/articles/f10ff2477e01676b7e6dfc428b6fbbb2d9be5a6c,https://newsatcl-pctr.c.yimg.jp/t/amd-img/20260322-00000020-anmanmv-000-1-view.jpg?exp=10800,2026-03-22T23:00:04+09:00,2026-03-22T23:00:04+09:00,アニメ！アニメ！,anmanmv,アニメ！アニメ！,1161,TVアニメ『花ざかりの君たちへ』第2弾ビジュアル TVアニメ『花ざかりの君たちへ』の第2期の制作が発表。第2期制作PVも公開された。 【画像全5枚】 『花ざかりの君たちへ』は、白泉社「花とゆめ」にて1996年20号から2004年18号まで連載された、中条比紗也による少女マンガだ。憧れの人・佐野泉に会うために、性別を偽って男子校へアメリカから転入した少女・芦屋瑞稀を取り巻く学園ストーリーとなっている TVアニメは、2026年1月から放送中。芦屋瑞稀役を山根綺、佐野泉役を八代拓、中津秀一役を戸谷菊之介が務め、アニメーション制作はシグナル・エムディが手がけている。 3月22日には第12話「おれもそうだったもの」を放送。学園祭3日目の模様が描かれた。放送後には第2期の制作が明らかになり、主人公・芦屋瑞稀の学園生活をこれからも楽しめることになった。 情報発表にあわせて、第2期制作PVも公開。恋に友情にイベント盛りだくさんの新作を期待させる映像を堪能できる。 TVアニメ『花ざかりの君たちへ』第2期制作決定 ■放送情報（第1期） 2026年1月4日（日）より順次放送開始 TOKYO MX：1月4日（日）より 毎週日曜21:30～ BS11：1月4日（日）より 毎週日曜22:30～ MBS：1月4日（日）より 毎週日曜25:20～ CBCテレビ：1月4日（日）より 毎週日曜26:06～ RKB毎日放送：1月6日(火)より 毎週火曜26:30～ ■配信情報（第1期） 2026年1月4日（日）22:00よりPrime Videoにて地上波1週間先行・見放題最速配信 ほかプラットフォームでも同日22:00より順次配信開始 ■スタッフ 原作：中条比紗也「花ざかりの君たちへ」（白泉社・花とゆめコミックス） 監督：竹村菜月 監督補佐：うえだしげる シリーズ構成：吉岡たかを キャラクターデザイン：蘇 詩宜 プロップデザイン：原 由知 色彩設計：伴 夏代 CG監督：西牟田祐禎 ※祐禎の偏の正式表記は「示」 美術監督：市倉 敬 撮影監督：魚山真志 編集：柴田香澄 音楽：横山 克 音響監督：明田川仁 アニメーション制作：シグナル・エムディ ■キャスト 芦屋瑞稀：山根 綺 佐野 泉：八代 拓 中津秀一：戸谷菊之介 難波 南：梅原裕一郎 梅田北斗：福山 潤 中央千里：川島零士 萱島大樹：内山昂輝 関目京悟：駒田 航 野江伸二：古屋亜南 神楽坂真言：日野 聡 天王寺恵：水中雅章 九条威月：榎木淳弥 姫島正夫：子安武人 ■主題歌（第1期） オープニングテーマ：YOASOBI「アドレナ」 エンディングテーマ：YOASOBI「BABY」 （C）中条比紗也・白泉社／「花ざかりの君たちへ」アニメ製作委員会 アニメ！アニメ！ 高橋克則,[],[]
「ジョーカー」が1/4スケールで立体化！コンセプトデザインをリー・ベルメホ氏が手掛けたスタチューをコンパクト化し、販売数量450体で予約受付中！（アニメ！アニメ！）,https://news.yahoo.co.jp/articles/822cd637e3c3f78d5988f31451b8288593986968,https://newsatcl-pctr.c.yimg.jp/t/amd-img/20260322-00000019-anmanmv-000-1-view.jpg?exp=10800,2026-03-22T19:00:04+09:00,2026-03-22T19:00:04+09:00,アニメ！アニメ！,anmanmv,アニメ！アニメ！,1135,"（写真：アニメ！アニメ！） 原作をブライアン・アザレロ氏、イラストをリー・ベルメホ氏が手掛ける傑作コミックの登場人物であるジョーカーが、「PRIME 1 STATUE（プライム1スタチュー）」のアルティメットプレミアムマスターラインで立体化。価格は204,490円で発売は2027年8月～11月を予定している。 【画像全16枚】 ジョーカーはDCコミックスから出版されている『バットマン』の作中に登場するヴィランであり、数多くの作品に登場している。また、ホアキン・フェニックスが演じ日本語吹替を平田広明が担当した実写映画など、日本でも大きな人気を博したキャラクターだ。 今回発売されるジョーカーは、イラストを手掛けるリー・ベルメホ氏ご本人をコンセプトデザイナーとして迎え、2019年に発表されたスタチューをよりコンパクトな1/4スケールで立体化。 赤みを帯びた白目、生々しく裂けた口元、不快感を生む黄ばんだ歯列、青白い顔に見えるパーツといった当時から注目だった造形は、約7年の間で進化した技術を用いてアップデートが施されている。 また、特製ベースには『バットマン：ノエル』の意匠が取り入れており、自由を奪われたバットマンと側面で顔をみせるロビン、背面に刻まれたバットシグナルを踏み台にすることで、ジョーカーの存在感をより一層際立たせている。 予約は既にスタートしているが販売数が450体となっているので、興味を持った方はお早めに。 【「アルティメットプレミアムマスターライン バットマン（コミック） ジョーカー (Concept Design by Lee Bermejo) DX ボーナス版」製品概要】 ※本DXボーナス版の日本国内における取り扱いは、プライム1スタジオ公式オンラインストアのみとなります。 商品価格:204,490円（税込） 発売時期:2027年8月～11月 販売数量:450 シリーズ:バットマン（コミック） フォーマット：アルティメットプレミアムマスターライン サイズ：1/4 Scale 全高:53cm 全幅:36cm 奥行:34cm 重量：約10.35kg 素材:ポリストーン（一部に別素材使用） 製品仕様・付属品： ・頭部×3（薄笑い、叫び、ダメージ） ・特製ベース ・ヘッドスタンド×2 ・ボーナス特典：頭部×1（ダムド）、ヘッドスタンド×1 BATMAN and all related characters and elements (C) ＆ TM DC Comics and Warner Bros. Entertainment Inc. WB SHIELD：TM ＆ (C) WBEI. (s26) アニメ！アニメ！ 井の上心臓",[],[]
キャディバッグ シャア専用ザク、出る！「ガンダム」のゴルフグッズでグリーンに立つ!!（アニメ！アニメ！）,https://news.yahoo.co.jp/articles/85deab5a4c41ff2d6d3ca669506175113ea56a62,https://newsatcl-pctr.c.yimg.jp/t/amd-img/20260322-00000018-anmanmv-000-1-view.jpg?exp=10800,2026-03-22T18:30:04+09:00,2026-03-22T18:30:04+09:00,アニメ！アニメ！,anmanmv,アニメ！アニメ！,1540,"バンダイナムコヌイ「機動戦士ガンダム ゴルフグッズ」キャディバッグ シャア専用ザクII 使用イメージ 『ガンダム』シリーズがゴルフグッズ市場に新たな価値を提供する。モビルスーツ（MS）をモチーフにした「キャディバッグ」「ゴルフヘッドカバー」「ラウンドバッグ」の3アイテムが、バンダイナムコグループ公式通販サイト「プレミアムバンダイ」にて予約受付中だ。 【画像全30枚】 1979年に放送された『機動戦士ガンダム』以降、40年以上に渡りサンライズが製作する『ガンダム』シリーズ。2025年4月から放送されたTVアニメ『機動戦士Gundam GQuuuuuuX（ガンダム ジークアクス）』では、シャア・アズナブルなど『機動戦士ガンダム』に登場した名キャラクターが多数登場。スタジオカラーの鶴巻和哉監督による新たなストーリーガンダムは話題を呼んだ。 シリーズ最新作、2026年1月30日公開の劇場用『機動戦士ガンダム 閃光のハサウェイ キルケーの魔女』は、2021年6月公開『機動戦士ガンダム 閃光のハサウェイ』の続編に当たる。反地球連邦政府運動「マフティー」のリーダーを担うハサウェイ・ノア、数奇な出会いの末に不思議な力を持つ少女ギギ・アンダルシア、地球連邦軍のケネス・スレッグ大佐、新型MSペーネロペー開発パイロットのレーン・エイムたちが交錯するドラマを描いている。 ガンダム、シャア専用ザクII、ザクII。『ガンダム』シリーズで人気のMSが、ゴルフグッズになって登場だ。繊維製品・布製玩具、ぬいぐるみの企画・製造・販売などを行うバンダイナムコグループ会社「バンダイナムコヌイ」が展開する。 ゴルフプレイヤー、これからゴルフを始めたいユーザー、ガンダムファンが「ガンダムグッズ」を身につけてプレイしたい、日常に溶け込むガンダムインテリアが欲しい、といったニーズに応えるアイテムだ。 「キャディバッグ ガンダム」「キャディバッグ シャア専用ザクII」「キャディバッグ ザクII」は、それぞれMSのイメージを見事に「キャディバッグ」に落とし込んでいる。 「キャディバッグ シャア専用ザクII」と「キャディバッグ ザクII」では、MSの“性能差”のように仕様に差があるのが興味深い。 「キャディバッグ シャア専用ザクII」には収納ポケットを9つ用意。ゴルフカート積載時にアクセスしやすいよう、前側に3段もポケットを集約したモデルになっている。 「ゴルフヘッドカバー」には、人間と会話ができる自律型AIロボットとして『機動戦士Gundam GQuuuuuuX』にも登場した「ハロ」が「ガンダム」の代わりに加わる。 大切なゴルフドライバーを「ハロ」「シャア専用ザクII」「ザクII」が守ってくれる。 ホールを回る時のお供にしたい「ラウンドバッグ」も登場。 「ガンダム」「シャア専用ザクII」「ザクII」の3種類で、ゴルフシーン以外でも日常使いしたくなるデザインがうれしい。 各アイテムはプレミアムバンダイ内「shopぬい プレミアムバンダイ店」にて、「キャディバッグ」3種と「ラウンドバッグ」3種は2026年3月31日23時まで、「ゴルフヘッドカパー」3種は4月20日23時まで予約受付中。商品は9月発送予定。 ■バンダイナムコヌイ「機動戦士ガンダム ゴルフグッズ」 ・キャディバッグ ガンダム：77,000円（税込） ・キャディバッグ ザクII：60,500円（税込） ・キャディバッグ ガンダム：77,000円（税込） ・ゴルフヘッドカバー（全3種）：各5,280円（税込） ・ラウンドバッグ（全3種）：各10,450円（税込） （C）創通・サンライズ アニメ！アニメ！ hidegomi",[],[]
【無料配信記念】男も惚れる『コブラ』──「男に好かれても嬉しかないぜ」と言われても紹介したい、ギョッとする名場面3選（アニメ！アニメ！）,https://news.yahoo.co.jp/articles/e433430e77cf6612c872958e47340bbb802d6593,https://newsatcl-pctr.c.yimg.jp/t/amd-img/20260322-00000017-anmanmv-000-1-view.jpg?exp=10800,2026-03-22T18:00:08+09:00,2026-03-22T18:00:08+09:00,アニメ！アニメ！,anmanmv,アニメ！アニメ！,4698,（C）BUICHI TERASAWA/A-GIRL RIGHTS・TMS 寺沢武一さんが1978年に発表した『コブラ』は、宇宙海賊のコブラが銀河を股にかけて大冒険を繰り広げるというスペースオペラです。最大の武器は左腕に仕込んだ「サイコガン」。「海賊ギルド」と呼ばれる宇宙海賊シンジケートや銀河パトロールと競り合いながら、時に財宝を求め、時に銀河パトロールの要請で潜入捜査をするなど、自由気ままな日々を楽しんでいます。 主題歌が聴ける記事ページはこちら 過去何度かアニメ化されており、1982年には『SPACE ADVENTURE コブラ』のタイトルで初アニメ化となる劇場作品を、1982年には『スペースコブラ』名義で初のTVアニメシリーズ、2008年以降も『COBRA THE ANIMATION』シリーズを展開しました。 現在、「TMSアニメ公式チャンネル」で期間限定配信されているのは、最初にTVアニメ化された『スペースコブラ』より「刺青の女編」と呼ばれる全10話のエピソード。『コブラ』を代表するエピソードであり、劇場作品『SPACE ADVENTURE コブラ』の原作にもなったエピソードです。 ※『SPACE ADVENTURE コブラ』は「刺青の女編」を大胆にアレンジした長編映画。 そこで本稿では期間限定配信を記念して、無料配信分となる第3話から第12話、さらに以前より無料配信されていた第1話と第2話を含む、全12話のエピソードから“相手が思わずギョッとした”名場面をピックアップ。コブラのかっこよさに惚れる名シーンを振り返ります。 ＜「刺青の女編」配信スケジュール＞ 「TMSアニメ公式チャンネル」にて配信 ■第3-5話 3月20日(金)21時～4月3日(金)23時59分まで ■第6-9話 3月27日(金)21時～4月10日(金)23時59分まで ■第10-12話 4月3日(金)21時～4月17日(金)23時59分まで ※国内限定配信、期間限定のプレミア配信となります。 ◆名場面3選にあなたのお気に入りは入っている? 寺沢武一さんの『コブラ』といえば、今は珍しい王道スペースオペラです。 スペースオペラとは宇宙を舞台にしたSF作品のいちジャンルで、例外もありますが、一般的には「主人公が英雄的な活躍をしつつ、巨悪を倒して美女を救う」という傾向の作品を指します。そのうえハードボイルドな味付けも多く、おもに男性読者が好んで読むような作品トーンが特徴です。 本作でも、敵・味方問わずに美女が登場し、そのいずれもがボンデージ風の、クラシックなスペースオペラを思わせる露出度高めのコスチュームをまとっているばかりか、モンスターや装飾品にいたるまで美女揃いという徹底ぶり。週刊少年ジャンプという掲載媒体を考えるとややセクシーすぎる印象もありますが、その大人っぽい世界観が少年たちのハートを射止めました。 その人気の秘密はやはりコブラのキャラクターです。一見、軽薄なナンパ男ながら、その実態は誰もが恐れる“不死身の男”。くわえた葉巻がダンディーで、口から飛び出る軽口はいつだってユーモアにあふれています。また名刺代わりのサイコガンは精神波をエネルギーとして飛ばす仕込み銃となっており、コブラの不屈の精神が続く限り弾が尽きませんし、精神波で弾道を操作できるばかりか巨大なメカでも一撃で粉砕する破壊力を持っています。 当時のキッズなら、筒状のものを左腕に装着してサイコガン気分を味わったはず。 しかしそんなコブラもアニメ第1話では普通のサラリーマンでした。名は「ジョンソン」。実は海賊ギルドから一時的に身を隠すため、顔を変え、記憶を封印して生活していたのですが、「トリップ・ムービー」と呼ばれる、夢が自由に見られるというアトラクションを体験したことで過去の記憶が復活。再び宇宙海賊としての本能に目覚めます。 “相手が思わずギョッとした”名場面として紹介したいエピソードは、まさにその第1話、どんどんと過去へと引き戻されていくサスペンスたっぷりの展開です。以下、名場面3選をお届けします。 【第1話「復活！サイコガン」】 平凡なサラリーマンのジョンソンは、トリップ・ムービーで「海賊コブラ」気分を味わい上機嫌。その足でカジノへ向かい、とある男と出逢いました。その男とは「トリップ・ムービー」に登場していた海賊ギルドの幹部「バイケン」。彼はジョンソンがカジノで稼ぎすぎたことを知ると、部下に命じて“お灸をすえる”ことにします。 手下に殴られるまでは薄笑いを浮かべていたジョンソンですが、銃口を向けられてはさすがに軽口もたたけず蒼白に。そしてとっさに自分をかばおうとしました。それがまさに運命の分かれ道。なんと左腕のサイコガンがまるで自己防衛本能でも発揮したかのように反応し、手下2人をまとめて射抜いたのです。驚き、「オレの左手！」と取り乱すジョンソン。しかも彼は次第に自身を取り巻く違和感に気付き始めます。 この左腕は? 5年前から以前の記憶がないのはなぜ? “ジョンソン”が自分の存在に違和感を抱き、どんどんとコブラとして復活していくあたりはサスペンスの要素もあり、まさに第1話からグイグイと引き込まれる展開です。その日常が一変するところは昨今のファンタジーアニメと通じるものがあり、半世紀前の作品ながら今でもおもしろく感じるはず。日常を侵食する非日常が楽しい第1話でした。 【第4話「脱走!!シド刑務所」】 第3話からスタートする「刺青の女編」は、海賊「キャプテン・ロイヤル」が隠した財宝をめぐる冒険物語。ロイヤルの娘であるジェーン、キャサリン、ドミニクの三姉妹の背中に宝の場所を記した刺青があり、実質、海賊ギルドとの三姉妹争奪戦に発展します。 名場面を紹介したい第4話は、その三姉妹のひとり「キャサリン」と会うためにシド刑務所に潜入するエピソードです。しかし「やはり」と言うか、物事は決して平穏には進みません。潜入中のコブラが女性の死刑執行人にその正体を見破られ、あわやピンチの状況に立たされてしまうのです。 相手は強化サイボーグということもあり、凶悪犯罪者の集団さえたった2人で瞬殺するパワーの持ち主。コブラも強烈なタックルを食らい、さらに脳天にキックが突き刺さって昏倒します。もちろんサイボーグコンビは余裕顔。倒れ伏したコブラの頭を踏みにじりました。当初は「いっぺんに2人とデートってのは、どーも……」と余裕を見せていたコブラもサイボーグの前には歯が立たないようすです。しかしこんなことで倒れるコブラではありません。 「へへへっ、バレちゃしょうがねえな。何を隠そう、オレはジェームズ・ボンド（007）だ」 ゆっくりと立ち上がるコブラ。対してサイボーグたちは「生きてる!?」「そんな!! 並の人間なら内臓破裂、頭蓋骨は砕けてるはずよ!?」と驚愕の表情です。 コブラは“不死身の男”として有名です。そんな彼をただのスパイだと思っていたサイボーグたちは完全に虚を突かれ、驚いている隙にたちまち叩き伏せられてしまうのでした。この「オレ強ぇぇ！」もまた『コブラ』の魅力。コブラを侮っていた悪党が一瞬にして逆転される展開には爽快感がありました。 【第9話「出現!!海賊スノウ・ゴリラ」】 「刺青の女編」の終盤となる第9話では、最後の姉妹「ドミニク」と会うため、コブラは海賊ギルドの殺し屋に化けて女性だけの海賊団『スノウ・ゴリラ』に潜入します。。 スノウ・ゴリラはセクシーな女性のみで構成された海賊ながら、その腕はひとりひとりがトップエージェント級。海賊ギルドの殺し屋と言っても彼女たちにはかなわない者も多いでしょう。射撃訓練に誘われたコブラは潜入している手前、目立つような行動は避けたかったのですが、腕に自信がある彼女たちはコブラに対しても上から目線です。 「よそうよ、危ない、危ないですよ！」 拒むコブラは銃を押し付けられ、思わず乱射してしまいます。当然、そのような状況では的に当たるはずもなく、「普段なら全弾命中なのに」と視聴者をがっかりさせます。そんな彼に対し、隊員たちも「お見事、かすりもしないとは、大した人道主義者ね」とあざけりました。 これに対しコブラはムスッとした表情で「なーんだ、そんなに大口開けて笑うと、育ちがバレちまうぜ！」と射撃ルームを出て行きますが、その直後、なんと的は支柱の部分がすべて破壊されており、ひとつ残らず倒れてしまいます。意外な形ですべての的に“当てていた”ことに気付かされた隊員たちは、その光景を、ただ息をのんだまま呆然と見つめるしかありませんでした。 この「取るに足らない相手が実はメチャメチャ強かった」というのもコブラの面白さ。 そのほか第8話「激闘！コブラ対ボーイ」では、人気のライバルキャラ「クリスタルボーイ」との激闘が描かれます。クリスタルボーイとは海賊ギルドの幹部で、全身を偏光ガラスで包んだサイボーグです。サイコガンが素通りするというコブラにとっては相性の悪い相手であり、劇場版『SPACE ADVENTURE コブラ』でもメインのヴィランとしてコブラを追い詰めました。そんな彼に対して、コブラはどのように戦ったのか? またその劇場版『SPACE ADVENTURE コブラ』の冒頭シーンにも“相手が思わずギョッとした”名場面が。ここでもただのナンパ野郎としてふるまっていたコブラが、海賊ギルドの襲撃を受け、ヒロイン「ジェーン」の前でサイコガンを出現させるシーンです。 今まで侮っていた男のまさかの正体。その瞬間のジェーンの驚きの表情、そして彼らを追っていた海賊ギルドの動揺はまさに「やっちゃえ、コブラ！」気分。「能ある鷹は爪を隠す」と言いますが、いざという時に名刺代わりとなるサイコガンで一発逆転するところは見ていてスカッとします。 なお本作は、オープニングテーマ、エンディングテーマともにトムスらしい大人っぽい雰囲気がオシャレで、こちらもまた魅力的です。作曲・編曲を担当したのは、どちらの楽曲も『ルパン三世』でおなじみの大野雄二さん。とくにエンディングの「シークレット・デザイアー」はジャズ調の音色が心地よいうえ、トランプのカードがひたすら回転するという、驚きの手描き作画にも惹かれます。 そして『コブラ』の楽曲といえば映画『SPACE ADVENTURE コブラ』の主題歌「DAYDREAM ROMANCE」も哀愁漂うバラードで、映画の大人っぽい世界観に絶妙にマッチしています。歌唱を担当するのは映画版コブラの声優も務めた松崎しげるさん。映画版の『コブラ』は大人向けの演出が特徴的となっており、情熱的なロマンスを歌わせたら日本一の松崎しげるさんの歌声はこれ以上ないマッチングを実現しました。 もちろん「刺青の女編」だけではなく『コブラ』には多くの面白いエピソードがあります。特に必見なのはファン人気の高い「ラグボール編」。銀河パトロールの協力者としてラグボールという格闘球技の選手になるエピソードなのですが、潜入捜査のサスペンスと、愚連隊を率いて上級チームに挑むスポ魂要素があり、一発逆転の結末まで見逃せない展開が続きます。 YouTubeでの無料配信を視聴し、もし気に入ったならその後のエピソードも視聴してみてはいかがでしょうか。 (C) BUICHI TERASAWA／ART TEKNIKA・TMS アニメ！アニメ！ 気賀沢 昌志,[],[]
「頭文字D」作品の舞台にもなった群馬県で初のポップアップショップ開催！名場面を厳選したアイテムなどを販売（アニメ！アニメ！）,https://news.yahoo.co.jp/articles/9283ac6ce388d2ef84acf7fdf8fa9bcc12c5c258,https://newsatcl-pctr.c.yimg.jp/t/amd-img/20260322-00000016-anmanmv-000-1-view.jpg?exp=10800,2026-03-22T18:00:04+09:00,2026-03-22T18:00:04+09:00,アニメ！アニメ！,anmanmv,アニメ！アニメ！,1076,"（写真：アニメ！アニメ！） 不朽の名作漫画『頭文字D』の作品の舞台にもなった群馬県で、初のポップアップショップが展開。世界観を凝縮したオリジナルアイテムを販売する「頭文字D POP UP SHOP ～一万一千店舗までキッチリ回せ！！～＠未来屋書店 高崎店」が開催中だ。 【画像全11枚】 『イニD』こと『頭文字D』は、累計発行部数が5600万部を突破し2025年で連載開始30周年を迎えた、公道バトルによるカーアクションを中心にした物語を描くしげの秀一のマンガだ。主人公・藤原拓海の愛車であるトヨタAE86をはじめ実在の車種が多数登場し、クルマファンだけなく若者に対するクルマへの興味関心を抱かせるなど、自動車業界にも大きな影響を与えた。 また登場人物たちのドライバーとしても人間的にも大きく成長していく姿、葛藤や情熱といった人間模様に魅了されるファンも数多く、アジアや欧州の国々でも作品が翻訳・放映されるなど世界的に人気を博す。本作の近未来の世界観設定で実在する公道でのカーレースバトル「MFG」を描く『MFゴースト』を経て、現在は「公道最速シリーズ」の最新作として『昴と彗星』の連載が行われている。 ポップアップショップ「頭文字D POP UP SHOP ～一万一千店舗までキッチリ回せ！！～」では、「A4クリアファイル」や「アクリルコマ割りキーホルダー」は、ファンの記憶に刻まれた名場面を厳選した、それぞれ全7種のラインナップ。ブラインド仕様となっており、どのシーンが手に入るか、開封の瞬間の高揚感もあわせて楽しめる。 そのほか、主人公・藤原拓海が豆腐の配達に使っていた愛車AE86（ハチロク）の車体をイメージし、「藤原とうふ店（自家用）」の文字がデザインされたシンプルな「ステンレスタンブラー」や「粗品タオル」「アンテリックボールペン」など、そばに置くだけで元気をもらえるような、こだわりのグッズが用意された。 また、頭文字Dの商品を2,200円以上購入すると、特典として「ステッカー」がランダムで1枚プレゼントされる。 ポップアップショップは今後も各地での巡回開催を予定。未来屋書店 高崎店での開催は、4月19日(日)までとなっている。 ＜ポップアップショップ概要＞ ■頭文字D POP UP SHOP ～一万一千店舗までキッチリ回せ！！～未来屋書店 高崎店 ［開催期間］2026年3月19日(木)～4月19日(日) ［所在地］群馬県高崎市棟高町1400番地イオンモール高崎2F ［営業時間］10:00～21:00 アニメ！アニメ！ 米田果織",[],[]
「ジョジョ スティール・ボール・ラン」ジョニィやジャイロたちをデザイン！アーティスティックなTシャツ登場（アニメ！アニメ！）,https://news.yahoo.co.jp/articles/cf7c271efc4eddb28a8958b8c9fb4e6eae004a2b,https://newsatcl-pctr.c.yimg.jp/t/amd-img/20260322-00000015-anmanmv-000-1-view.jpg?exp=10800,2026-03-22T17:30:05+09:00,2026-03-22T17:30:05+09:00,アニメ！アニメ！,anmanmv,アニメ！アニメ！,1553,"（写真：アニメ！アニメ！） アニメ『スティール・ボール・ラン ジョジョの奇妙な冒険』より、ジョニィ・ジョースターやジャイロ・ツェペリらがあしらわれたアーティスティックなTシャツコレクションが登場。バンダイナムコグループの公式通販サイト「プレミアムバンダイ」内、「バンコレ！- BANDAI FASHION COLLECTION -」にて予約受付中だ。 【画像全7枚】 『ジョジョの奇妙な冒険』は、1986年に「週刊少年ジャンプ」で連載が開始されて以来、世界中で絶大な人気を誇る荒木飛呂彦の傑作マンガだ。ジョナサン・ジョースターとディオ・ブランドーという2人の少年の出会いから始まる、ジョースター家の血縁と因縁を描く。 シリーズの累計発行部数は1億2,000万部を超え、その唯一無二の世界観は国境を越え熱狂的な支持を集める。キャラクターたちの奇抜なポージングに独創的な擬音、そして心に残る名セリフの数々が、作品の圧倒的なオリジナリティを象徴する。アニメ化、ゲーム化、ミュージカル化、実写映画化など多岐にわたる展開も人気を呼び、現在は第9部『The JOJOLands』が「ウルトラジャンプ」で連載されている。 『スティール・ボール・ラン ジョジョの奇妙な冒険』は、その第7部にあたる『ジョジョの奇妙な冒険 Part7 STEEL BALL RUN』を原作とするアニメだ。3月19日より、全1話・特別編成による「1st STAGE」のNetflix世界独占先行配信が始まった。1890年のアメリカで開催される、人類史上初の乗馬による北米大陸横断レース「スティール・ボール・ラン」を舞台にした物語が繰り広げられる。 かつて天才騎手と呼ばれながらも半身不随となり、失意の中にいたジョニィ・ジョースターは、このレースで優勝を目論む謎のアウトロー、ジャイロ・ツェペリが引き起こした不思議な現象に希望を見出し参加を決意する。2人はそれぞれの思惑を胸に協力関係を結び、過酷な冒険＜レース＞へと踏み出していく。 このたびの「スティール・ボール・ラン ジョジョの奇妙な冒険 Tシャツコレクション」はそんな本作より、ジョニィ・ジョースター、ジャイロ・ツェペリ、ディエゴ・ブランドー、ルーシー・スティール、スティーブン・スティール、サンドマンらがあしらわれたアーティスティックなTシャツコレクションだ。 贅沢な特大版に加え、差し色としてカラーラメを使用した豪華仕様でつくられている。ぜひお気に入りキャラクターの一枚を手に取ってみたい。 「スティール・ボール・ラン ジョジョの奇妙な冒険 Tシャツコレクション」の価格は税込みで4,400円。「プレミアムバンダイ」内「バンコレ！- BANDAI FASHION COLLECTION -」では4月5日23時まで予約を受け付けており、5月の発送が予定されている。詳細は商品ページまで。 スティール・ボール・ラン ジョジョの奇妙な冒険 Tシャツコレクション ￥4,400(税込) 予約受付終了 2026年4月5日(日) 23時 発送日 2026年5月発送予定 ショップ名 バンコレ！- BANDAI FASHION COLLECTION - ●Tシャツに関しまして 〔素材〕綿100％ 〔サイズ〕 【S：着丈65 身幅47 肩幅40 袖丈19cm】 【M：着丈68 身幅50 肩幅43 袖丈20cm】 【L：着丈71 身幅53 肩幅46 袖丈21cm】 【XL：着丈74 身幅56 肩幅49 袖丈22cm】 【XXL：着丈77 身幅59 肩幅52 袖丈23cm】 【XXXL：着丈80 身幅62 肩幅55 袖丈23cm】 〔生産エリア〕 バングラデシュ アニメ！アニメ！ 仲瀬 コウタロウ",[],[]
「キン肉マン」悪魔将軍をイメージした箸が登場！鋭い眼光を表現した色合い＆胸のマークをプリント（アニメ！アニメ！）,https://news.yahoo.co.jp/articles/be55321b06c5a97a347257437b719366b3c6e39a,https://newsatcl-pctr.c.yimg.jp/t/amd-img/20260322-00000014-anmanmv-000-1-view.jpg?exp=10800,2026-03-22T17:00:04+09:00,2026-03-22T17:00:04+09:00,アニメ！アニメ！,anmanmv,アニメ！アニメ！,1150,"（写真：アニメ！アニメ！） 人気コミック『キン肉マン』のお箸商品の新作「悪魔将軍」が発売決定。キン肉マン公式オンラインストア 「KIN29.COM」およびオンラインストア「ヒキダシストア」にて販売中だ。 【画像全13枚】 『キン肉マン』は、原作シナリオ担当・嶋田隆司と作画担当・中井義則からなるゆでたまごによって、「週刊少年ジャンプ」で1979年に連載が開始された格闘マンガだ。キン肉星から来たドジでマヌケな落ちこぼれ超人のキン肉マンが、努力、友情、勝利を重ねてやがて超人格闘界最強の男へと成長を遂げていく物語を描く。 現在も「週刊プレイボーイ」および「週プレNEWS」へ籍を移し連載中で、シリーズ累計は8,500万部を突破する。アニメは1983年より放送され、大ブームになった「キンケシ」は1.8億体以上を販売した人気シリーズとして知られる。 アニメは、新シリーズ「『キン肉マン』完璧超人始祖編」が2024年7月から9月にかけてSeason1、2025年1月から3月にかけてSeason2と放送された。鳥取砂丘特設リングでのキン肉マンやバッファローマンら正義・悪魔連合軍と、ネメシスら完璧・無量大数軍の闘いのその後を描く、Season3の制作も決定している。 このたび、連綿と受け継がれてきた伝統息づく日本一の塗箸の産地・福井県小浜市の箸職人がひとつひとつ丹精を込めて、『キン肉マン』に登場する「悪魔将軍」をイメージして作り上げた「若狭産塗箸」が登場。 悪魔将軍の姿をモチーフに、箸の持ち手部分をシルバーとダークレッドのカラーリングで塗り分け、箸の中央部には悪魔将軍の胸のマークのプリントが施された。 また、箸の頭部を黒く塗り上げ、ダークレッドの模様入れを施すことで、悪魔将軍の鋭い眼光が表現されている。 丸みを帯びた四角形の持ちやすい形状のほか、箸先には滑り止め加工を施しているため、麺類などの滑りやすい食品も快適に食べることができる。男女兼用サイズの22.5cm、食洗機対応の箸となった。 悪魔将軍の胸のマークの焼印を天面に施した、特製桐箱に収めてお届け。 同商品はオンラインストアのほか、京王百貨店 新宿店で開催中の催事「キン肉マンFESTIVAL」（2026年3月31日まで）にて店頭販売も実施されている。 ＜商品概要＞ ■若狭産塗箸 キン肉マン[悪魔将軍] 価格：3,080円（税抜価格 2,800円） サイズ：22.5cm（男女兼用） 素材：天然木（マラス） 仕様：食洗機対応 / 桐箱入り 加工地：福井県小浜市 JAN：4580486453362 発売日：2026年3月19日 製造元：株式会社マツ勘 発売元：株式会社ヒキダシ (C) YUDETAMAGO アニメ！アニメ！ 米田果織",[],[]
多聞くんのことが「好きすぎて滅！」？  祈って感謝して”恋”をする…オタク大共感と話題の「多聞くん今どっち！？」（アニメ！アニメ！）,https://news.yahoo.co.jp/articles/89b977465572f1d25fa1e5694bb8064eb0d6bad2,https://newsatcl-pctr.c.yimg.jp/t/amd-img/20260322-00000013-anmanmv-000-1-view.jpg?exp=10800,2026-03-22T16:30:04+09:00,2026-03-22T16:30:04+09:00,アニメ！アニメ！,anmanmv,アニメ！アニメ！,1737,『多聞くん今どっち！？』メインビジュアル（C）師走ゆき・白泉社／多聞くん今どっち！？製作委員会 ハイテンション推し活ラブコメディ『多聞くん今どっち！？』が放送中。二面性のある推し＝多聞くんへの愛が揺れうごくさまが描かれる。オタクならだれしも、多聞くんのことが「好きすぎて滅！」な主人公・うたげに共感してしまうことだろう。 【画像全7枚】 主人公・木下うたげの”推し”は、大人気アイドルF/ACEのセクシー＆ワイルド担当・福原多聞くん。ある日うたげがバイトの家事代行で訪れた先は、なんと推しの多聞くんの家だった！しかし、そこでうたげが見たのは、ステージ上の完璧な姿とは真逆の、自己肯定感が低く、ジメジメとした超絶陰キャな多聞くんで……。 推しの衝撃的な裏の顔に動揺が止まらないうたげだったが、「ファンの愛を舐めるな！」「多聞くんは神！！」と、全力で多聞くんを肯定し、支えることを決意する。多聞くんのアイドルとしての「オン」の顔と、陰キャな「オフ」の素顔。ギャップのジェットコースターに振り回されながらも、全力で彼を推し続けるうたげ。 ファンと推しという一方通行なはずの関係から始まった2人は、思わぬかたちで距離を縮めていく。 推しへの「好き」と恋愛感情はちがうけれど…… ステージに立つ姿、ゲームシナリオのひとこと、アニメの数カット――ほんの数秒のうちに目を奪われ、もうそのひとのことしか考えられなくなってしまうことがある。そのひとのために（実際その相手にはなんの恩恵もないのだが）ならつらいことだってがんばれるし、そのひとに見合う「ファン」になるためになら自分への投資も惜しまない――。 「推し」によって生かされている「オタク」にこそ、『多聞くん』は刺さる。きっと鏡のなかの自分を見るかのように、そして同時に夢を見るかのように思えるはずだ。 推しを好きでいる気持ちと恋愛感情とはイコールでは結ばれない、と思う人は多いだろう。しかしそれらの感情を言葉として紡ごうとすると「好き」の一語にまとまってしまう。「推しへの『好き』は恋愛感情とはちがうの？」と尋ねられれば、「ちがう！」と即答したくはなるものの、そのちがいを饒舌に説明するだけの語彙を生みだすのには骨が折れる。 推しに捧げる“祈り”と“感謝” そもそも「推し」という表現ですら、推しへの「好き」をただしく言い表せてはいないのかもしれない。べつに周囲に勧めてまわりたいわけではない。自分のなかにひっそりと「好き」を抱きかかえ、推しの幸せを祈り、推しが生きていることに感謝しているオタクだって多いはずだ。 そう、推しへの想いが上振れたオタクは、“祈り”と“感謝”に情緒の多くを捧げる。『多聞くん』第3話でのうたげも、多聞くんへの深すぎる“祈り”の片鱗を見せている。F/ACEのメンバー坂口桜利に「あいつになにかさせてやろうか？ おれの言うことならなんでも聞くぞ」と意地悪く迫られたうたげはこう答える――「ただすこやかに生きて、とお伝えください」。ただすこやかに…… M!LKだ！ 「好きすぎて滅！」で聴いたやつだ！ わたしたちオタクの感情を、推される対象であるアイドルが歌っていることでも話題のこの曲があらゆるジャンルのオタクから支持されているように、オタクの感情は結局「ただすこやかに生きて」という“祈り”に行きつく。 まずはただすこやかに生きていてほしいし、そもそも生まれてきてくれたことに大感謝しているのだ。 オタクも恋をしている？ 恋がわからないという多聞くんに対してうたげは、自分自身の感情が一般的な恋とはちがうことを前置きながらも、ファンに対して「笑ってほしい」「カッコ悪いとこ見せたくない」「好かれたい」とこぼす多聞くんに「恋してるみたい」とつぶやく。オタクだって「好かれたい」とは思っていないにせよ、推しには笑っていてほしい。オタクの感情も”恋”みたいなものなのかもしれない。 かくいうわたしも『多聞くん』を見ていたら、桜利くんのことが気になって気になって仕方がなくなってしまって、ほぼ”恋”である。 どうか桜利くんがしあわせになれますように！ そう祈りながら最終話を待っている。 アニメ！アニメ！ 丹渡実夢,[],[]
「ちいかわらんど」が池袋にオープン！ここでしか手に入らないファン必見のオープン記念商品を販売♪（アニメ！アニメ！）,https://news.yahoo.co.jp/articles/bb4339a09e8117a47e5f330992df46a34150edf1,https://newsatcl-pctr.c.yimg.jp/t/amd-img/20260322-00000012-anmanmv-000-1-view.jpg?exp=10800,2026-03-22T13:00:04+09:00,2026-03-22T13:00:04+09:00,アニメ！アニメ！,anmanmv,アニメ！アニメ！,1154,"プーワッパ 王子なマスコット 『ちいかわ』のオフィシャルショップ「ちいかわらんど 池袋パルコ店」が登場。2026年4月3日（金）にグランドオープンする。 【画像全16枚】 『ちいかわ』はイラストレーター・ナガノが描くX発のマンガ。いつも一生懸命なちいかわと友達のハチワレ、うさぎなどの個性豊かなキャラクターたちが繰り広げる、楽しくて、切なくて、ちょっとハードな日々の物語だ。 グッズ展開、コラボカフェ、企業コラボなど幅広く展開しており、講談社から書籍『ちいかわ なんか小さくてかわいいやつ』が8巻まで発売中。また、2022年4月よりTVアニメ「ちいかわ」がめざましテレビ（フジテレビ系列）にて放送中、2026年夏より『映画ちいかわ 人魚の島のひみつ』が公開される。 「ちいかわらんど」は、2021年8月に原宿店と大阪梅田店がオープン。2022年6月には福岡パルコ店、7月には京都四条河原町店がオープンし、このたびの池袋パルコ店は「ちいかわ」のオフィシャルショップ15店舗目となる。 池袋パルコ店では、お買い上げ特典やオープン記念スタンプを用意。商品購入で「ホログラムステッカー（非売品）」、税込3,300円以上購入で「シール帳にそのまま入るシールシート（非売品）」、税込5,500円以上購入で「トートバッグ（非売品）」が1会計につきに1つプレゼントされる。（無くなり次第終了） 池袋パルコ店と「ちいかわマーケット（オンラインストア）」でしか手に入らない記念商品も販売。「池袋」の文字が入った推し活うちわ風キーホルダーやミニフォトホルダー、キラキラカードなどファン必見のアイテムが揃う。 また、「ちょこっとポージングぬいぐるみ」を先行販売。モモンガやくりまんじゅうなどの人気キャラクターもラインナップされている。 ちいかわらんど記念商品は「ちいかわらんど」全店と「ちいかわマーケット（オンラインストア）」で販売。ちいかわ、ハチワレ、うさぎの「ぴーぽぽートコトコフィギュア」は、メロディペットのような乗り物のゆるい表情に癒されるアイテムだ。 さらに、ちいかわ＆ハチワレがプリンセスに、うさぎが王子に扮した「プーワッパ プリンセスなマスコット」「プーワッパ 王子なマスコット」のほか、マンガデザインのホログラムステッカーなど新商品も販売される。 ここでしか手に入らないグッズが揃う「ちいかわらんど 池袋パルコ店」。購入特典などは無くなり次第終了となるため、ちいかわファンは早めにチェックしておこう。 ■「ちいかわらんど 池袋パルコ店」 ・オープン日：2026年4月3日（金） ・住所：東京都豊島区南池袋1-28-2 池袋パルコ本館 B2F ・営業時間：11時～21時 (C)nagano アニメ！アニメ！ 堀めぐみ",[],[]
「ミルサブ」×ヴィレヴァンの限定グッズ第2弾が発売！イラストレーター・観虐氏の描き起こしたペアでゲームを楽しむチハルやマキナたちは必見（アニメ！アニメ！）,https://news.yahoo.co.jp/articles/0f3afa1c5c4804f764076aa3d0671f7bf9a4ba44,https://newsatcl-pctr.c.yimg.jp/t/amd-img/20260322-00000011-anmanmv-000-1-view.jpg?exp=10800,2026-03-22T12:45:04+09:00,2026-03-22T12:45:04+09:00,アニメ！アニメ！,anmanmv,アニメ！アニメ！,2517,"「【銀河特急 ミルキー☆サブウェイ】×ヴィレッジヴァンガード限定コラボグッズ」 『銀河特急 ミルキー☆サブウェイ』とヴィレッジヴァンガードの限定グッズ第2弾が発売決定。受注期間は3月29日（日）23時59分までとなっており、キャラクタースタンドやアクリルPOPバッジといったグッズが販売される。 【画像全13枚】 『銀河特急 ミルキー☆サブウェイ』は、2022年に亀山陽平監督がほぼ一人で自主制作として発表した短編アニメ『ミルキー☆ハイウェイ』の続編。自主制作ながら、YouTubeで公開すると、レトロフューチャーを意識した世界観と独特のペーソスあふれる会話劇で大きな話題となった。 2025年7月に放送されたアニメ『銀河特急 ミルキー☆サブウェイ』では、強化人間のチハルとサイボーグのマキナを中心に、ミルキー☆サブウェイで発生する大事件が描かれている。そして、劇場用に再構成しつつ新シーンを加えることでさらにパワーアップした『銀河特急 ミルキー☆サブウェイ 各駅停車劇場行き』も制作された。 今回ラインナップしている限定グッズたちは、人気イラストレーター・観虐氏による描き起こしイラストを使用。キャラクターたちがそれぞれの形でゲームを楽しむ姿が表現されており、「チハル＆マキナ」「アカネ＆カナタ」「カート＆マックス」「リョーコ（ポッピー）？」とペアで楽しむ姿を見せてくれる。 キャラクタースタンドやアクリルキーホルダーといった定番アイテムの数々を購入できるので、この機会をぜひお見逃しなく。 ★グッズラインナップ ・キャラクタースタンド 全7種 各1,800円（税込） 【サイズ】 約W3.5×H8.7cm以内 【素材】 アクリル樹脂 ・アクリルキーホルダー 全7種 各1,200円（税込） 【サイズ】 約W3.9×H5.7cm 【素材】 アクリル ※製造工程上やむを得ず、微細な傷が生じる場合がございます。あらかじめご了承ください。 ※画像はイメージです。実際の商品とは異なる場合がございます。 ・アクリルPOPバッジ 全4種 各1,000円（税込） 【サイズ】 約W7×H3.5cm 【素材】 アクリル ※製造工程上やむを得ず、微細な傷が生じる場合がございます。あらかじめご了承ください。 ※画像はイメージです。実際の商品とは異なる場合がございます。 ・アクリルカード 全11種ランダム 単品 700円（税込）/セット 7,700 円（税込） 【サイズ】 約W5.6×H8.3cm 【素材】 アクリル ※こちらの商品はランダム商品の為、種類をお選びいただけません。 ※画像はイメージです。実際の商品とは異なる場合がございます。 ※お求めではない種類が出ても交換・返品はお断りしておりますのでご了承の上、ご注文いただきますようお願いいたします。 ※不良があった場合は、同一商品との交換対応のみとさせていただきます。 ※製造工程上やむを得ず、微細な傷が生じる場合がございます。あらかじめご了承ください。 ※こちらの単品商品を11個購入いただいてもすべての柄が揃うとは限りません。 ※全種揃えたい方はセット商品をご購入ください。 ・缶バッジ 全10種ランダム 単品 600円（税込）/セット 6,000円（税込） 【サイズ】 直径5.7cm 【サイズ】 紙/ブリキ ※こちらの商品はランダム商品の為、種類をお選びいただけません。 ※画像はイメージです。実際の商品とは異なる場合がございます。 ※お求めではない種類が出ても交換・返品はお断りしておりますのでご了承の上、ご注文いただきますようお願いいたします。 ※不良があった場合は、同一商品との交換対応のみとさせていただきます。 ※製造工程上やむを得ず、微細な傷が生じる場合がございます。あらかじめご了承ください。 ※こちらの単品商品を10個購入いただいてもすべての柄が揃うとは限りません。 ※全種揃えたい方はセット商品をご購入ください。 ・ステッカー 全11種ランダム 単品 500円（税込）/セット 5,500円（税込） 【サイズ】 W7×H8.5cm以内 【素材】 合成紙 ※こちらの商品はランダム商品の為、種類をお選びいただけません。 ※画像はイメージです。実際の商品とは異なる場合がございます。 ※お求めではない種類が出ても交換・返品はお断りしておりますのでご了承の上、ご注文いただきますようお願いいたします。 ※不良があった場合は、同一商品との交換対応のみとさせていただきます。 ※製造工程上やむを得ず、微細な傷が生じる場合がございます。あらかじめご了承ください。 ※こちらの単品商品を11個購入いただいてもすべての柄が揃うとは限りません。 ※全種揃えたい方はセット商品をご購入ください。 ・クリアポスター 全1種 1,800円（税込） 【サイズ】 A3サイズ 【素材】 PET ・ポストカード 全1種 350円（税込） 【サイズ】 約W10×14.8cm 【素材】 紙 ※製造工程上やむを得ず、微細な傷が生じる場合がございます。あらかじめご了承ください。 ※画像はイメージです。実際の商品とは異なる場合がございます。 ・ハンドタオル 全1種 1,500円（税込） 【サイズ】 20×20cm 【素材】 ポリエステル ※画像はイメージです。実際の商品とは異なる場合がございます。 ・Tシャツ 全1種 BK,WH 4,500円（税込） 【サイズ】 M（身丈70cm / 身巾52cm / 肩巾47cm / 袖丈20cm） L（身丈74cm / 身巾55cm / 肩巾50cm / 袖丈22cm） XL（身丈78cm / 身巾58cm / 肩巾53cm / 袖丈24cm） ※画像はイメージです。実際の商品とは異なる場合がございます。 ★注意事項 ※商品画像はサンプルとなります。実際の商品とは一部仕様が異なる場合がございます。 ※お届け時期は予定となります。状況により変更になる場合がございます。予めご了承ください。 (C)亀山陽平／タイタン工業 アニメ！アニメ！ 井の上心臓",[],[]
「名探偵コナン」萩原千速＆世良真純が新作グッズに仲間入り！ リラックスモードの描き下ろしビジュアルを公開（アニメ！アニメ！）,https://news.yahoo.co.jp/articles/20336ed7d68fb543532e6e4bb0f77deddcefac52,https://newsatcl-pctr.c.yimg.jp/t/amd-img/20260322-00000010-anmanmv-000-1-view.jpg?exp=10800,2026-03-22T12:30:04+09:00,2026-03-22T12:30:04+09:00,アニメ！アニメ！,anmanmv,アニメ！アニメ！,892,"「『名探偵コナン』オリジナル描きおろしイラストシリーズ【リラックスモード】」 TVアニメ『名探偵コナン』の新作アイテムが、小学館集英社プロダクションのキャラクター通販サイト「ShoPro Mall」にて4月10日から登場。萩原千速と世良真純のアイテムもラインナップする。 【画像全5枚】 『名探偵コナン』の劇場版『名探偵コナン ハイウェイの堕天使』は4月10日に全国公開を迎える。それを記念して、公開日当日から新作アイテムの販売を開始する。 「『名探偵コナン』オリジナル描きおろしイラストシリーズ【リラックスモード】」は、オリジナル描きおろしイラストシリーズである。キャラクターたちの穏やかなひとときをテーマに、ニュアンスカラーを基調としたやさしい世界観で展開している。 昨年に続く第2弾では、『ハイウェイの堕天使』で活躍する萩原千速と世良真純の2人が加わる。クールな魅力を引き立てる凛とした佇まいに注目だ。 商品ラインナップは、アクリルキーホルダーやミニキャンバスなど前回好評だったアイテムはもちろん、文具雑貨やコースター、刺繍ポーチなどを追加する。 「ShoPro Mall」では4月10日からプレゼントキャンペーンも展開予定。「【リラックス モード】」シリーズの商品を税込4,000円以上購入すると、描きおろしイラストを使用したShoPro Mall限定ノベルティを入手できる。キャンペーンとノベルティの詳細は、ShoPro Mallの公式Xにて順次公開される。 「『名探偵コナン』オリジナル描きおろしイラストシリーズ【リラックスモード】」一部商品 『名探偵コナン』アクリルキーホルダー（萩原千速／江戸川コナン／世良真純／灰原哀／怪盗キッド） 各1,045円（税込） 『名探偵コナン』付箋セット 990円（税込） 『名探偵コナン』アクリルチャーム付きボールペンセット 1,650円（税込） 『名探偵コナン』合皮コースター（萩原千速／江戸川コナン／世良真純／灰原哀／怪盗キッド） 各880円（税込） （C）青山剛昌／小学館・読売テレビ・TMS 1996 アニメ！アニメ！ 高橋克則",[],[]
「おジャ魔女どれみ」プリティー・ウィッチー・どれみっちー！歴代タップのかわいいチャームが登場♪（アニメ！アニメ！）,https://news.yahoo.co.jp/articles/deca424df11d159b29f30dc73ede7dfd9ae99917,https://newsatcl-pctr.c.yimg.jp/t/amd-img/20260322-00000009-anmanmv-000-1-view.jpg?exp=10800,2026-03-22T12:15:04+09:00,2026-03-22T12:15:04+09:00,アニメ！アニメ！,anmanmv,アニメ！アニメ！,1058,"おジャ魔女どれみ パッケージチャーム&チョコボーロ(10個入) 『おジャ魔女どれみ』より歴代のタップのお菓子つきパッケージチャームが登場。バンダイナムコグループの公式通販サイト「プレミムバンダイ」にて予約受付中だ。 【画像全7枚】 『おジャ魔女どれみ』は、1999年より朝日放送・テレビ朝日系列で4年間放送されたTVアニメシリーズ。 ひょんなことから魔女見習いになったどれみ・はづき・あいこの3人が、学校と「MAHO堂」というお店を舞台に、一人前の魔女になるためのマジカルでミラクルな修行の毎日を送る物語で、 シリーズを通しておんぷ・ももこ・ハナちゃんなどのキャラクターも登場した。 2020年に20周年記念作品『魔女見習いをさがして』が全国劇場で公開され、大人のための新たな“魔法”の物語が話題に。2024年に『おジャ魔女どれみ』シリーズは25周年を迎え、新規映像の公開やイベント「おジャ魔女どれみ25周年メモリアル展」の実施など、更なる盛り上がりを見せている。 このたび販売されるのは、歴代のタップのかわいい“パッケージチャーム”。いちご味のチョコがけボーロにミニチュアのタップとどれみたちがそれぞれデザインされたパッケージチャームが1個付いている。 ラインナップはどれみが5種類と、あいこ、はづき、おんぷ、ももこ、ハナちゃんの全10種。どのキャラクターが出るかは開けてからのお楽しみだ。 『おジャ魔女どれみ』リアル世代のコレクション心をくすぐるパッケージチャーム。準備数に達した場合、早期に受付終了となる場合があるため、早めにチェックしておこう。 価格は3,850円（税込）、2026年9月発送予定。 ■おジャ魔女どれみ パッケージチャーム＆チョコボーロ(10個入) 【価格】3,850(税込) 【発送日】2026年9月発送予定 【ショップ名】キャンディオンラインショップ 【単品内容】パッケージチャーム 1個（全10種）、チョコがけボーロ 【素材】本体：MABS 【サイズ】H約50mm×W約50mm 【対象年齢】15歳以上 【賞味期限】出荷日から賞味期限1か月以上を保った商品を発送 ※配送の関係等で発売日に届かない可能性がございます。 ※注文期間は予告なく変更となる場合がございます。 ※BOX販売のみ承っております。 ※1BOXの中で全種類揃うことを基本とする仕様ではございません。 ※製造都合上、1BOX内の商品種別に偏りがある場合がございます。 （C）東映アニメーション アニメ！アニメ！ 堀めぐみ",[],[]
「薬屋のひとりごと」羅漢＆羅半の義親子をフィーチャー 3月ビジュアル公開（アニメ！アニメ！）,https://news.yahoo.co.jp/articles/239b292f48b24321e2d172328a33ff2c6e609131,https://newsatcl-pctr.c.yimg.jp/t/amd-img/20260322-00000008-anmanmv-000-1-view.jpg?exp=10800,2026-03-22T12:00:04+09:00,2026-03-22T12:00:04+09:00,アニメ！アニメ！,anmanmv,アニメ！アニメ！,1192,TVアニメ『薬屋のひとりごと』3月ビジュアル TVアニメ『薬屋のひとりごと』は、毎月22日に季節の植物とキャラクターを描いた「猫猫、壬氏と巡る四季」ビジュアルを公開中だ。このたび、3月のビジュアルが発表された。 【画像全16枚】 『薬屋のひとりごと』は「ヒーロー文庫」にて刊行中の小説が原作。後宮を舞台に、毒見役の少女・猫猫がさまざまな難事件を解決する姿を描く物語である。 TVアニメは2023年10月から2024年3月まで第1期、2025年1月から7月まで第2期を放送。TVアニメ第3期は26年10月から放送、劇場版は同年12月の公開が決定している。 「猫猫、壬氏と巡る四季」の3月ビジュアルは、ハクモクレンをテーマに描かれた一枚だ。春の陽気に誘われて、ハクモクレンが咲き乱れる宮中の東屋で楽しげに碁を指す羅漢と、そんな義父を探しにきた羅半。義親子のふたりの関係が垣間見える一枚に仕上がった。 公式ホームページでは、3月ビジュアルを用いたPCとスマホの壁紙を配布中。公式Xではフォロー＆リポストキャンペーンも行っている。アカウントをフォローしてキャンペーンの投稿をリポストすると、ビジュアルカードが抽選で5名にプレゼントされる。 『薬屋のひとりごと』「猫猫、壬氏と巡る四季」3月ビジュアル 原画：高橋敦子 原画作監：中谷友紀子 色彩・仕上げ：岡崎菜々子 背景：玉城健二 撮影：武山篤 TVアニメ『薬屋のひとりごと』第3期 2026年10月より、日本テレビ系にて分割2クールで放送！ （第1クール2026年10月／第2クール2027年4月） 原作：日向夏（ヒーロー文庫／イマジカインフォス刊） キャラクター原案：しのとうこ 監督：筆坂明規 出演：悠木 碧、大塚剛央ほか 制作：OLM 劇場版『薬屋のひとりごと』 2026年12月公開 原作・ストーリー原案：日向夏（ヒーロー文庫／イマジカインフォス刊） キャラクター原案：しのとうこ 監督：長沼範裕 出演：悠木 碧、大塚剛央ほか 制作：TOHO animation STUDIO 配給：東宝 ■NOVELS 『薬屋のひとりごと』1～15巻 好評発売中！ 著者：日向夏 イラスト：しのとうこ ヒーロー文庫／イマジカインフォス ■COMICS 『薬屋のひとりごと』1～16巻好評発売中！ 作画：ねこクラゲ 構成：七緒一綺 原作：日向夏（ヒーロー文庫／イマジカインフォス刊） 掲載 月刊「ビッグガンガン」（毎月25日発売） スクウェア・エニックス刊 『薬屋のひとりごと～猫猫の後宮謎解き手帳～』1～21巻 好評発売中！ 作画：倉田三ノ路 原作：日向夏（ヒーロー文庫／イマジカインフォス刊） 掲載 月刊「サンデーGX」（毎月19日ごろ発売） 小学館刊 （C）日向夏・イマジカインフォス／「薬屋のひとりごと」製作委員会 アニメ！アニメ！ 高橋克則,[],[]
冬アニメ「MFゴースト 3rd Season」第36話「空中フェイント」場面カット＆あらすじ（アニメ！アニメ！）,https://news.yahoo.co.jp/articles/7d4eba00dc77cdb6dc3bf95030898c977face908,https://newsatcl-pctr.c.yimg.jp/t/amd-img/20260322-00000007-anmanmv-000-1-view.jpg?exp=10800,2026-03-22T11:45:06+09:00,2026-03-22T11:45:06+09:00,アニメ！アニメ！,anmanmv,アニメ！アニメ！,1791,（写真：アニメ！アニメ！） 冬アニメ『MFゴースト 3rd Season』より、2026年3月22日（日）放送の第36話「空中フェイント」のあらすじと場面カットが公開された。 【画像全7枚】 『MFゴースト』は、しげの秀一が2017年より「ヤングマガジン」で連載したマンガを原作とするTVアニメだ。同じく「ヤングマガジン」にて1995年から2013年まで連載され“公道最速伝説”を描いた『頭文字D』の近未来の世界観設定にて、実在する公道でのカーレースバトル「MFG」を描く。 ポルシェ、ランボルギーニ、フェラーリといった世界最高峰のハイパワーマシンを駆るライバルたちに対して、主人公・片桐夏向は非力なマシン「トヨタ86GT」でレースに挑んでいく。非力なマシンでのジャイアントキリング、大迫力のカーレースバトル、挿入歌のユーロビートが話題を呼び、国内外で人気を博す。TVアニメは2023年10月から12月にかけて1st Season、2024年10月から12月にかけて2nd Seasonが放送されてきた。 第36話「空中フェイント」あらすじ 4位の相葉は、順位を上げるカナタとの初バトルを予感。その最強トレインはGT3に迫る。 沢渡も追い上げを開始。エマはトップの瀬名を追う中で、レースの基本が在るMFGの意義を知る。 カナタはジャンピングスポットの空中でGT3に仕掛け、抜き去った。 勢いのまま、阿吽の息でBMWをも攻略する最強トレイン。手の内を隠さないカナタに困惑するベッケンバウアー。 そして、GT-Rのミラーに86の姿が――。 冬アニメ『MFゴースト 3rd Season』第36話「空中フェイント」3月22日（日）よりTOKYO MXほかにて放送。 【作品情報】 TVアニメ『MFゴースト 3rd Season』2026年1月4日（日）より放送中！ TOKYO MX 毎週日曜 23:30～ BS日テレ 毎週日曜 23:30～ RKB毎日放送 毎週日曜 25:20～ テレビ愛知 毎週火曜 25:30～ 静岡放送 毎週火曜 26:00～ 読売テレビ 毎週木曜 25:29～ アニマックス 毎週金曜 19:00～ ※放送予定は変更になる場合がございます。 Prime Video 毎週木曜23:30～地上波3日間先行配信中！ ■スタッフ 原作：しげの秀一（講談社「ヤングマガジン」所載） 監督：中智仁 シリーズ構成：山下憲一 脚本：山下憲一、稲荷明比古 キャラクターデザイン：恩田尚之 総作画監督：恩田尚之、坂本千代子、油井徹太郎 3Dディレクター：内田博基 プロップデザイン：新谷真昼 美術監督・設定：明石聖子(STUDIO uni) 色彩設計：田中千春 撮影監督：林幸司(ハヤブサフィルム) 編集：廣瀬清志(editz) 音楽：土橋安騎夫 音響監督：三間雅史 音響効果：小山健二(SOUND BOX) 音響制作：テクノサウンド アニメーション制作：FelixFilm CGアニメーション制作：FelixFilm ／ directrain / 製作：MFゴースト製作委員会 オープニング・テーマ：芹澤 優「TIMELESS POWER feat. MOTSU」 エンディングテーマ：Himika Akaneya「予感の途中 Prod. ☆Taku Takahashi (m-flo)」 ■キャスト 片桐夏向（カナタ・リヴィントン）：内田雄馬 西園寺恋：佐倉綾音 相葉瞬：小野大輔 ミハイル・ベッケンバウアー：神谷浩史 大石代吾：浪川大輔 赤羽海人：諏訪部順一 石神風神：安元洋貴 沢渡光輝：逢坂良太 八潮翔：田邊幸輔 北原望：芹澤優 坂本雄大：櫻井トオル 大谷洋介：石川界人 ジャクソン・テイラー：中村悠一 前園和宏：宮園拓夢 柳田拓也：坂田将吾 E.ハンニネン：三宅健太 諸星瀬名：八代拓 エマ・グリーン：相沢菜々子 緒方：畠中祐 高橋涼介：子安武人 高橋啓介：関智一 上有史浩：細井治 秋山渉：松本保典 武内樹：岩田光央 池谷浩一郎：矢尾一樹 健二：高木渉 奥山広也：阪口周平 小柏カイ：神奈延年 田中洋二(実況)：光部樹 京子：飯田友子 真美：林鼓子 ナレーション：三木眞一郎 （C）しげの秀一・講談社／MFゴースト製作委員会 アニメ！アニメ！ animeanime,[],[]
「ポケモン」初代デザインが嬉しい♪ 懐かしいピカチュウやリザードンがTシャツに描かれる（アニメ！アニメ！）,https://news.yahoo.co.jp/articles/71870116d7814d92621d1cd529633a911037bd30,https://newsatcl-pctr.c.yimg.jp/t/amd-img/20260322-00000006-anmanmv-000-1-view.jpg?exp=10800,2026-03-22T11:45:03+09:00,2026-03-22T11:45:03+09:00,アニメ！アニメ！,anmanmv,アニメ！アニメ！,1010,"KIDS Tシャツ ポケモンとユニクロのグラフィックTシャツブランド「UT」がコラボ。2026年の「ポケモン」30周年を記念した特別コレクションが、明日の2026年3月23日（月）に発売される。 【画像全20枚】 このたび販売されるコラボUTは、初代ポケットモンスターの世界観を象徴する“水彩タッチのアート”を使用したデザイン。ポケモンの誕生当時に描かれた、やわらかな色づかいと手描きの雰囲気がそのまま活かされている。 大人にとっては子どもの頃に親しんだポケモンを思い出す懐かしさがあり、子どもにとっては新鮮であたたかみのある表情のポケモンに出会えるラインナップ。毎日のスタイリングに取り入れやすく、世代を超えて楽しめるUTコレクションに仕上がっている。 さらに、ポケモン好きとして知られる渡辺直美の特別インタビューが、3月4日（水）より「Today’s Pick Up」サイト内にて先行公開。ポケモンとの出会いや楽しみ方から、グローバルに活躍する渡辺直美の人生の選択まで、多岐にわたる内容となっている。また、3月から日本のみならず海外のユニクロ店舗にて配布予定の「UT magazine Issue 13」に初登場する予定だ。 MENS 5柄・KIDS 5柄を揃え、親子で同じデザインを着用できるのも嬉しいコラボUT。世代を超えて楽しめるコレクションをお見逃しなく。 ■「ポケモンUT」概要 ・発売日：2026年3月23日（月） ・展開 ：MEN Tシャツ 5柄 1,990円（XS～4XL）／KIDS Tシャツ 5柄 990円（100cm～160cm） ※100・XS・XXL・3XL・4XL サイズは、オンラインストアのみでの取り扱いとなります。 ・販売店舗:全国のユニクロ店舗およびオンラインストア ■「UT magazine Issue 13」詳細 ・配布開始日：2026年3月6日（金） ・配布場所:世界の国と地域のUT旗艦店を対象に配布 ・デジタル版「UT magazine Issue 13」掲載 ・掲載コンテンツ：マンガ UT 集英社創業 100周年、ルーヴル美術館、浮世絵、ミュージカルアイコンズ、ジェイソン・ポランなど （C）2026 Pokémon. （C）1995-2026 Nintendo/Creatures Inc./GAME FREAK inc. アニメ！アニメ！ animeanime",[],[]
ディズニーとF1、ユニクロがコラボ♪ ミッキーのモチーフやレース開催都市をデザインしたTシャツ登場（アニメ！アニメ！）,https://news.yahoo.co.jp/articles/34fed48f2c5148d86ccf854265b199edd8c87b80,https://newsatcl-pctr.c.yimg.jp/t/amd-img/20260322-00000005-anmanmv-000-1-view.jpg?exp=10800,2026-03-22T11:30:04+09:00,2026-03-22T11:30:04+09:00,アニメ！アニメ！,anmanmv,アニメ！アニメ！,781,"「Disney x Formula 1 UT」KIDS カラー：09 BLACK ディズニーとFormula1（フォーミュラ1）のコラボレーションを象徴するキャンペーン「Fuel the Magic（フューエル・ザ・マジック）」を記念したコレクションが、ユニクロのグラフィックTシャツブランド「UT」から登場。明日の3月23日より「Disney x Formula1 UT」を販売する。 【画像全12枚】 このたび、ディズニーのイマジネーションと「F1」として親しまれるモータースポーツ「Formula1」、ユニクロのものづくりが融合したコレクションが誕生した。 「Disney x Formula1 UT」は、2026年からスタートしたディズニーとFormula1による「Fuel the Magic」と、ディズニーとユニクロの「MAGIC FOR ALL（マジックフォーオール）」プロジェクトがタッグを組んだコラボレーションだ。 3月にF1レースが開催される中国、日本を皮切りに世界各国で順次販売するアイテムは「MEN Tシャツ」と「KIDS Tシャツ」がそれぞれ3種類が発表されている。 レーストラックをイメージしたユニクロ限定のミッキーマウスのモチーフ、世界のレース開催都市名やタイヤの走行痕などF1ファンも楽しめる遊び心あふれるデザインに注目したい。 フロント、バックとセンスの光る仕上がりになっている。 各Tシャツは、全国のUTフルラインナップ店舗、イオンタウン鈴鹿店およびオンラインストアにて明日の3月23日より順次発売。 ■ユニクロ「Disney x Formula1 UT」コレクション ・MEN Tシャツ（3柄）：1,990円（税込） ・KIDS Tシャツ（3柄）：990円（税込） （C）Disney アニメ！アニメ！ animeanime",[],[]
「名探偵コナン」ミニキャラ萩原千速、怪盗キッドたちがチェッカーを振り振り♪ 全国のハンズでグッズ販売（アニメ！アニメ！）,https://news.yahoo.co.jp/articles/af65fb3e249780bfbeac64321cf664a4b63eee1f,https://newsatcl-pctr.c.yimg.jp/t/amd-img/20260322-00000004-anmanmv-000-1-view.jpg?exp=10800,2026-03-22T11:00:04+09:00,2026-03-22T11:00:04+09:00,アニメ！アニメ！,anmanmv,アニメ！アニメ！,1233,"劇場版『名探偵コナン ハイウェイの堕天使』公開記念フェアinハンズ 2026年4月10日より開催 劇場版『名探偵コナン ハイウェイの堕天使』の公開を記念して、2026年4月10日より全国のハンズ、ハンズ ビー、プラグス マーケットの合計28店舗にて「公開記念フェアinハンズ」が開催。新規デフォルメイラストを使用した「チェッカーフラッグ」シリーズのグッズ販売などを実施する。 【画像全7枚】 青山剛昌が1994年から「週刊少年サンデー」で連載する推理マンガ『名探偵コナン』は、謎の黒ずくめの組織によって子どもの姿にされた高校生探偵・工藤新一が、「江戸川コナン」として難事件に挑む姿を描いている。2025年4月に単行本第107巻が発売された。 1996年にTVアニメ放送がスタートして以降、25年以上にわたり放送され、放送は1100回を突破する。2025年公開の劇場版第28弾『名探偵コナン 隻眼の残像（せきがんのフラッシュバック）』では、毛利小五郎や大和敢助をキーパーソンに長野県の雪山を舞台にした物語を描き、興行収入は146億円を記録した。2026年4月10日には劇場版第29弾『ハイウェイの堕天使』が公開される。 江戸川コナン、毛利蘭、灰原哀、萩原千速、横溝重悟、世良真純、萩原研二、松田陣平の全8キャラクターが「劇場版『名探偵コナン ハイウェイの堕天使』公開記念フェアinハンズ」に登場だ。 チェッカー柄ファッションに身を包んだ「チェッカーフラッグ」シリーズ第1弾計8キャラクターを4月10日より、第2弾は工藤新一、怪盗キッド、服部平次、遠山和葉、安室透、赤井秀一、大和敢助、上原由衣、諸伏高明の全9キャラクターを加えて5月1日より販売する。 ラインナップは「トレーディングアイテム缶バッジ」「トートバッグ」「クリアファイル」「ジオラマアクリルスタンド」など盛りだくさんだ。 さらに4月24日からTVアニメ放送30周年を記念し、アニメ劇中の場面写真を使用した「エピソードコレクション」シリーズも先行発売。 また、名探偵コナン関連グッズ2,000円（税込）購入ごとに「特製ステッカー」をランダムで1枚プレゼントも実施。特典の絵柄は前半（全8種）と後半（全9種）で切り替わる。 劇場版『名探偵コナン ハイウェイの堕天使』公開記念フェアinハンズは5月31日まで開催。 フェア期間中、劇場連動特典として鑑賞後のチケットを持参して関連商品を購入すると、全4種の「特製ポストカード」をランダムで1枚配布も行う（なくなり次第終了）。 ■劇場版『名探偵コナン ハイウェイの堕天使』公開記念フェアinハンズ ・開催期間：2026年4月10日（金）～5月31日（日） ・開催場所：全国のハンズ、ハンズ ビー、プラグス マーケット計28店舗 （C）2026 青山剛昌／名探偵コナン製作委員会 （C）青山剛昌／小学館・読売テレビ・TMS 1996 アニメ！アニメ！ hidegomi",[],[]
「魔法の姉妹ルルットリリィ」「魔法の天使クリィミーマミ」のグッズが可愛すぎる！ステッキやコンパクトなどの魔法アイテムも♪【一番くじ】（アニメ！アニメ！）,https://news.yahoo.co.jp/articles/4f54ec9ddde1c0359e278de0d9c4d3c4347bc961,https://newsatcl-pctr.c.yimg.jp/t/amd-img/20260322-00000003-anmanmv-000-1-view.jpg?exp=10800,2026-03-22T10:30:04+09:00,2026-03-22T10:30:04+09:00,アニメ！アニメ！,anmanmv,アニメ！アニメ！,1494,一番くじちょこっと 魔法の姉妹ルルットリリィ＆魔法の天使クリィミーマミ トレンドのキャラクターグッズをより手軽に楽しめる「一番くじちょこっと」に、『魔法の姉妹ルルットリリィ』『魔法の天使クリィミーマミ』が登場。2026年4月20日（月）より一番くじ公式ショップほかにて順次発売される。 【画像全30枚】 「ぴえろ魔法少女シリーズ」は、スタジオぴえろが制作し、1983年から1998年にわたって放送された魔法少女アニメの総称。同社初のオリジナルTVアニメシリーズである『魔法の天使クリィミーマミ』を皮切りに、『魔法の妖精ペルシャ』、『魔法のスターマジカルエミ』、『魔法のアイドルパステルユーミ』、『魔法のステージファンシーララ』の計5作品が放送されてきた。 いずれの作品も魅力的なキャラクターと音楽で支持を集め、初放送から年月を経た現在もグッズが発売され続けるなど、世代を超えて根強い人気を得る。『魔法の姉妹ルルットリリィ』は、お互いの秘密を知らぬまま、それぞれアイドルとして活躍する野々山風／こんぺとリリィと野々山流／ましゅールルの姉妹を描くその最新作で、4月5日より分割2クールでの放送が始まる。 A賞はルルットリリィのモチーフをあしらった使いやすいビニール製のポーチ。今回のくじのミラーやステーショナリーもきれいに整理整頓できる。 B賞は全4種の選べる缶ミラー。『魔法の姉妹ルルットリリィ』と『魔法の天使クリィミーマミ』のコンパクトなミラーとなっている。 C賞は全8種の選べる魔法アイテムアクリルチャーム。ステッキやコンパクトなどの魔法アイテムがかわいいアクリルチャームになっている。 D賞は全5種の選べるステーショナリーアソート。美麗イラストが楽しめるステーショナリーは、便利なクリアファイル2サイズとチケットホルダーの豪華セットだ。 E賞はマジカルなクリアシールもラインナップしたフレークステッカーのアソート。身の回りのアイテムに貼るだけで、日常にさりげない“魔法”のアクセントをプラスできる。 最後の1個を引くと手に入るラストワン賞およびダブルチャンスキャンペーン賞品は、ビニールランチトートバッグ。ランチに便利なビニール素材のトートバッグで、使いやすいミニサイズだ。 くじは一番くじONLINE、一番くじ公式ショップなどで順次発売予定。ダブルチャンスキャンペーンの期間は2026年7月末日までとなっている。 ■一番くじちょこっと 魔法の姉妹ルルットリリィ＆魔法の天使クリィミーマミ ・発売日（店頭販売）：2026年04月20日(月)より順次発売予定 ・メーカー希望小売価格：1回590円(税10％込) ・取扱店：一番くじONLINE、一番くじ公式ショップなど ※店舗の事情によりお取扱いが中止になる場合や発売時期が異なる場合がございます。なくなり次第終了となります。 ※店舗へのお問い合わせはお控えください。 ※画像と実際の商品とは異なる場合がございます。 ※掲載されている内容は予告なく変更する場合がございます。 ■ダブルチャンスキャンペーン ・当選数：10個 ・全1種 ・サイズ：約28cm ・キャンペーン期間：発売日～2026年07月末日 ※挑戦時点で当選上限に達している場合があります。 ※当選数は店頭とオンライン販売の合算となります。 ※「ラストワン賞 ビニールランチトートバッグ」と同一の賞品となります。 ※当選はお一人につき1回までとなります。 ※期間は延長される場合がございます。 （C）ぴえろ・ルルットリリィ製作委員会（C）ぴえろ アニメ！アニメ！ 堀めぐみ,[],[]
「たんプリ」推しキュアデザインは絶対欲しい！オリジナル描き下ろしイラストを使用したパチパチデコネームが登場♪（アニメ！アニメ！）,https://news.yahoo.co.jp/articles/eed4592709aa37bbf34ba3e750ec2dc13acee55f,https://newsatcl-pctr.c.yimg.jp/t/amd-img/20260322-00000002-anmanmv-000-1-view.jpg?exp=10800,2026-03-22T10:00:05+09:00,2026-03-22T10:00:05+09:00,アニメ！アニメ！,anmanmv,アニメ！アニメ！,1017,（写真：アニメ！アニメ！） 『名探偵プリキュア！』より、オリジナル描き下ろしイラストを使用したパチパチデコネームが登場。2026年7月より全国量販店の菓子売場などで販売される。 【画像全9枚】 『名探偵プリキュア！』は2026年2月1日より放送中のプリキュアシリーズ第23弾。マコトミライタウンに暮らす中学2年生・明智あんなは現代から1999年にタイムスリップし、名探偵に憧れている同い年の女の子・小林みくると出会う。2人は、大切なものを盗まれ困っている人たちを助けるため、「名探偵プリキュア」に変身し、事件を起こす「怪盗団ファントム」に立ち向かう。 このたび販売されるのは、オリジナル描き下ろしイラストを使用したパチパチデコネーム。キラキラ可愛いアクリル製のプレートに、付属の文字パーツをはめて名前プレートをつくることができる。 ラインナップはキュアアンサー、キュアミスティック、キュアエクレール、キュアアルカナ・シャドウ、キュアアンサー＆キュアミスティック、キュアエクレール＆キュアアルカナ・シャドウ、名探偵プリキュア、キュアアルカナ・シャドウ＆マシュタンの8種類。文字パーツも2色入りのカラフルな仕様となっている。 それぞれのキャラクターによって微妙に違うデザインが楽しめるパチパチデコネーム。スイーツやプリキットミラールーペをモチーフにしたイラストにも注目だ。 ■名探偵プリキュア！パチパチプリキュアデコネーム ・価格：350円（税込：385円） ・発売日：2026年7月 発売 ・販売場所全国量販店の菓子売場など ・対象年齢：3才以上 ・内容：ガム（ソーダ味）1個、本体一式 全8種（キュアアンサーセット、キュアミスティックセット、キュアエクレールセット、キュアアルカナ・シャドウセット、キュアアンサー＆キュアミスティックセット、キュアエクレール＆キュアアルカナ・シャドウセット、名探偵プリキュアセット、キュアアルカナ・シャドウ＆マシュタンセット） ※画像には複数ラインナップを組み合わせて撮影したものも含まれます。 ※価格はメーカー希望小売価格表示です。 ※店頭での商品のお取り扱い開始日は、店舗によって異なる場合がございます。 ※画像は実際の商品とは多少異なる場合がございます。 ※掲載情報はページ公開時点のものです。予告なく変更になる場合がございます。 (C)ABC-A・東映アニメーション アニメ！アニメ！ 堀めぐみ,[],[]
「ディズニー」ミニー＆デイジーの元気いっぱいピンクカラーのスペシャルコレクション登場♪【SKINNYDIP LONDON】（アニメ！アニメ！）,https://news.yahoo.co.jp/articles/3aba5b38201804bf2cf49a1342c888d98dc71b4f,https://newsatcl-pctr.c.yimg.jp/t/amd-img/20260322-00000001-anmanmv-000-1-view.jpg?exp=10800,2026-03-22T09:00:04+09:00,2026-03-22T09:00:04+09:00,アニメ！アニメ！,anmanmv,アニメ！アニメ！,1196,"SKINNYDIP LONDON ミニー＆デイジーのスペシャルコレクション「ワイヤレスイヤホン用ケース」 ディズニーの人気キャラクター「ミニーマウス」と「デイジーダック」をピンクカラーで特別にデザインしたアイテムが、英国ロンドン発のライフスタイルブランド「SKINNYDIP LONDON（スキニーディップ ロンドン）」より登場。2026年3月24日より発売される。 【画像全8枚】 ミッキーマウスの永遠のガールフレンド・ミニーマウスは、ミッキーマウスと一緒に1928年の『蒸気船ウィリー』でデビュー。おしゃれが大好きで、大きなリボン姿が印象的だが、デビュー当初は帽子に一輪の花をつけるスタイルで登場していた。70以上の作品でミッキーマウスたちと共演し、歌やダンスの才能も披露している。 一方のデイジーダックはドナルドダックの永遠のガールフレンド。1937年の『ドナルドのメキシカン・ドライブ』で当時は「ドンナダック」という名前でデビューしたが、1940年の『ドナルドのダンス大好き』から「デイジーダック」として登場した。長いまつ毛が印象的な彼女には、3人の姪（エイプリル、メイ、ジューン）がいる。 ミニー＆デイジーを取り上げたSKINNYDIP LONDONのスペシャルコレクション。同ブランドを代表するアイテム「iPhoneケース」をはじめ、持っているだけで心がワクワクしそうな元気いっぱいのピンクカラーアイテムが用意された。 「iPhoneケース」は光の当たり方によってキラキラと輝くホログラムやグリッターを使用し、ステッカーチックに仕上げられている。 そのほかに、「ビーズストラップ」「ポーチ」「ワイヤレスイヤホン用ケース」「IDカードケース」「ミラー付きハンガーチャーム」「ショルダーロープストラップ」の6アイテムを展開。 ミニー＆デイジーが仲良くデザインされ、日常使いしたくなるラインナップだ。 スマートフォンケースにも取り付けられる「ミラー付きハンガーチャーム」は実用性にも優れている。 今回のデザインはすべてSKINNYDIP LONDONロンドン本社のデザインチームが日本向けに企画・制作したものだ。 各アイテムはPLAZA限定商品となり、3月24日より全国のPLAZA、PLAZAオンラインストアにて順次発売を開始する。 ■SKINNYDIP LONDON ミニー＆デイジーのスペシャルコレクション ・iPhone用ケース：4,400円（税込） ・ビーズストラップ：2,640円（税込） ・ポーチ：2,860円（税込） ・ワイヤレスイヤホン用ケース：2,970円（税込） ・IDカードケース：2,860円（税込） ・ミラー付きハンガーチャーム：2,860円（税込） ・ショルダーロープストラップ：3,300円（税込） （C）Disney アニメ！アニメ！ hidegomi",[],[]
