headline,mainEntityOfPage,image,datePublished,dateModified,author,media_en,media_jp,str_count,body,images,external_links
【脱・無難コーデ】ロンTの“新鮮レイヤード”に注目！｜VERY（magacol）,https://news.yahoo.co.jp/articles/573d6cebaffaaedd03600b7ca1e0f472c8ff0f9b,https://newsatcl-pctr.c.yimg.jp/t/amd-img/20251030-00000059-magacol-000-1-view.jpg?exp=10800,2025-10-30T20:00:00+09:00,2025-10-30T20:00:00+09:00,magacol,magacol,magacol,781,"引用元：VERY
いつものロンTコーデに変化を加えたいなら、レイヤードが間違いない！ベアトップのようにカーディガンを巻けば、たちまち秋冬スタイルを昇華！意外だけれど、きれい見えする大人の重ね着テクニックをご紹介。
温度調節のしやすさも洒落感も一挙両得「ロンT基軸」の重ね着でどこまでも
引用元：VERY
❝ずっとこの気温でいいのに！ベロアカーデを巻き巻きして❞

巻き付けアレンジでデニムのワンツーコーデも見違える♡
ロンT￥16,500（グッドピープル・グッドステッチング・グッドプロダクト╱ハウス オブ ロータス 二子玉川店）ベロアカーディガン￥18,150（TAARA）デニムパンツ￥15,400（リーバイス®╱リーバイ・ストラウス ジャパン）ネックレス［上］￥40,700［下］￥19,800（ともにチビ・ジュエルズ╱チビジュエルズ・ジャパン）リング￥8,800（ワンエーアールバイウノアエレ╱ウノアエレ ジャパン）バッグ￥42,900（プンティ╱エルディスト ショールーム）シューズ￥144,100（ピエール アルディ╱ピエール アルディ 東京）
引用元：VERY
後ろ姿も今っぽい♡
着用したロンTは…
引用元：VERY
GOOD PEOPLE GOOD STITCHING GOOD PRODUCT

シーズンレスに重宝するシンプルな白のシアーロンT。着こなしに差をつける上質な生地感と、滑らかな肌触りが絶品。

撮影╱川﨑一貴〈ajoite〉（人物）、坂田幸一（静物）　モデル╱浅見れいな　ヘア・メイク╱福川雅顕　スタイリング╱東 美穂　取材・文╱島田有香　編集╱西脇治子
＊VERY2025年10月号「『ロンT基軸』の重ね着でどこまでも」より。
＊掲載中の情報は誌面掲載時のもので、変更になっている場合や商品は販売終了している場合がございます。",[],[]
甘すぎない【辛口派のメリージェーン】8選！秋冬コーデのポイントに｜VERY（magacol）,https://news.yahoo.co.jp/articles/b182935a01bc84e5be4fa8d70ab87f171830fbab,https://newsatcl-pctr.c.yimg.jp/t/amd-img/20251030-00000055-magacol-000-1-view.jpg?exp=10800,2025-10-30T19:00:46+09:00,2025-10-30T19:00:46+09:00,magacol,magacol,magacol,2091,"引用元：VERY
可愛らしいイメージのあるメリージェーンシューズですが、実は辛口派にフィットするデザインも豊富。フラットで歩きやすい上に、スクエアトゥやメタル使い、レオパードなど、大人っぽいアクセントとしても◎。今回は3万円以下で見つかる、辛口派向けの8足をセレクト。オンオフ問わず活躍する、頼れる一足がきっと見つかります。
【SALON adam et ropé】
引用元：VERY
■上質レザーの質感でクリーンな印象
細身のストラップとゆるやかなスクエアトゥが大人の女性らしさを引き立てるメリージェーン。リアルレザーの質感が際立つミニマルなデザインで、落ち着いた印象に仕上がります。つま先やかかとに芯材を使用しておらず、包み込まれるような柔らかい履き心地も魅力。ストラップはゴム、アウトソールには返りの良い合成ゴムを使用し、歩きやすさにも工夫がなされています。

【W S（ドゥーブル）】リアルレザーメリージェーン￥28,600（サロン アダム エ ロペ）
【Arpege story】
引用元：VERY
■足元に抜け感をプラスする上品なシアー素材
足元に抜け感をプラスしてくれるシアー素材を使用したメリージェーン。余計な装飾がないスタンダードなデザインゆえ、カジュアルからモードまでどんなコーデにも合わせやすいシューズです。これからの季節は、タイツや靴下を透けさせたレイヤードも楽しめそう。

メリージェーンパンプス￥16,500（アルページュストーリー）
【LE TALON】
引用元：VERY
■チャレンジしやすい足元からレオパードを取り入れて
秋冬にトライしたい大胆な柄使いも、面積を抑えればチャレンジしやすい！ レオパードはブラックやニュートラルカラーとの相性が良く、幅広いコーデとマッチ。丈長めのパンツと合わせて、歩くたびにちら見せさせて。柔らかい足当たりは、履き心地に定評のあるLE TALONならでは。

スクエアソフトメリージェーン¥11,550（ル タロン）
【Mila Owen】
引用元：VERY
■美しさを引き出すV字カッティング＆スクエアバックル
Mila Owenで大人気のバレエシューズがメリージェーンにアップデート。ワイドベルトが甘さを引き算して、コーデにモードな雰囲気を与えてくれます。スクエアバックルが足元に視線を集めて重心をコントロール＆甲のゆるやかなV字カッティングが足を美しく見せてくれるなど、細かなこだわりの詰まった一足です。

ワイドベルトバレエシューズ￥12,100（ミラ オーウェン）
【HUNTER】
引用元：VERY
■ありそうでなかった「雨もOK」なメリージェーン
雨の日の味方、HUNTERから晴れの日も履きたくなるレインシューズが登場！ パテントレザーのような光沢のあるゴム素材で、キレイめコーデにもハマります。レインブーツだとコーデがキマらない日にぜひ履いてほしい一足です。

リファインド メリー ジェーン バックル バレリーナ¥20,900（ハンター）
【Daniella＆GEMMA】
引用元：VERY
■マイクロスタッズがコーデにひと匙のスパイスをプラス
散りばめられた小さなスタッズが辛口な一足。適度なスクエアトゥ×華奢な甲ストラップで大人っぽく履けるのもポイントです。派手すぎないので、ちょっとおめかししたいデイリー使いにぴったり。中敷きはクッション入り、肌に当たるストラップの裏側は足当たりの良いマイクロファイバー素材と、履いた時の快適さも抜かりなし。

スタッズメリージェーンフラットシューズ￥19,800（ダニエラ＆ジェマ）
【Steve Madden】
引用元：VERY
■気負わず履けるトレンドのモコモコファー
ふわふわなファーに包まれる、キャッチーなメリージェーン。インパクト大かつこれからの季節にぴったりな素材で、履くたびに気分がアがること間違いなし。フラットソールなのでやりすぎ感が出ず、取り入れやすいのもうれしい。黒なら汚れも気になりません。

Toasty-va　ファーメリージェーン￥14,300（スティーブマデン）
【GRISE】
引用元：VERY
■インパクト大なダブルバックルでかっこいいママに
珍しいダブルストラップ＆太めベルトで、しっかり辛口なメリージェーン。キラキラのビジューバックルを、エッジを効かせたスクエアトゥで思い切りハンサムに仕上げています。あえて甘めなスカートと合わせるのも◎。履き口の内側にゴアが入り、ストラップ部分にもゴムを使用しているので、ワンタッチで脱ぎ履きできます。

ダブルビジューバックルメリージェーン￥19,800（グリーズ）

辛口派にもしっくりなじむメリージェーンは、スニーカーにはない華やかさと洒落感を添えてくれる万能シューズ。3万円以下だから気負わずトライでき、ヒールがないので日常のスタイリングにもすぐに取り入れやすいのが魅力。デイリーシーンにときめきを与えてくれる一足を、ぜひこの秋のワードローブに加えてみて。

文／楢本美菜子",[],[]
サテンワンピを“仕事にも夜にも”マルチに着回すコツは？｜CLASSY.（magacol）,https://news.yahoo.co.jp/articles/95337d5123d33d80d68ecd0ce913a78875d025d0,https://newsatcl-pctr.c.yimg.jp/t/amd-img/20251030-00000050-magacol-000-1-view.jpg?exp=10800,2025-10-30T18:00:15+09:00,2025-10-30T18:00:15+09:00,magacol,magacol,magacol,453,"引用元：CLASSY.
ここぞというときに頼れるのが、艶のあるサテン地のブラックワンピース。モノトーンでも地味見えせず、華やかさと大人の余裕を両立できます。夜のホテル女子会やディナーにも着替えいらずで、そのまま映える万能アイテム。ビジネスシーンではグレーのジャケットを羽織って、きりっと引き締めて。「ハンサム×フェミニン」が叶う、大人のモードスタイルです。
引用元：CLASSY.
ワンピース￥24,200（ánuans）ジャケット￥64,900（イウエン マトフ／ユナイテッドアローズ 渋谷スクランブルスクエア店）バッグ￥42,900〈オルセット〉靴￥16,500〈MENBUR〉（ともにピモンテ）ピアス￥3,900（soie／ロードス）

『CLASSY.』2025年10月号より
撮影／渡辺謙太郎　モデル／林田岬優　再構成／岩松真理
※本記事は過去の「CLASSY.」「CLASSY.ONLINE」の記事を再編集したものです。完売の可能性がありますのでご了承ください。また、価格は掲載当時の価格です。",[],[]
10月下旬〜冬前まで大活躍【秋アウター5選】で、いつものコーデが一気に洒落見え｜STORY（magacol）,https://news.yahoo.co.jp/articles/ada98623aec0ae3119a1b4f1c1f8502046225282,https://newsatcl-pctr.c.yimg.jp/t/amd-img/20251030-00000046-magacol-000-1-view.jpg?exp=10800,2025-10-30T17:30:01+09:00,2025-10-30T17:30:01+09:00,magacol,magacol,magacol,2042,"引用元：STORY
「羽織りが欲しいけど重すぎるのはNG」の今頼れる、秋アウターを厳選！いつものワンツーコーデにさっと羽織るだけで、一気に洒落見えが叶う即戦力アイテムをピックアップしました。
① カーデ感覚で羽織れる「ツイードブルゾン」
引用元：STORY
カーデ感覚の羽織りやすさですが、ツイードジャケット級のきちんと感、そして暖かさを発揮してくれます。カジュアルになり過ぎず、それでいてTシャツに羽織ってもきちんと感もキープ。オンオフで活躍してくれそうな、まさにフッ軽アウター！
ツイードブルゾン￥49,400（23 区／オンワード樫山）ブラウス￥31,900（サクラ／インターリブ）スカート￥24,970（イウエン マトフ／ユナイテッドアローズ 渋谷スクランブルスクエア店）バッグ￥165,000 チャーム￥42,900（ともにJ＆M デヴィッドソン／ J＆M デヴィッドソンカスタマセンター）パンプス￥19,800（オデット エ オディール／オデット エ オディール 新宿店）ピアス￥20,900 ネックレス￥45,100（ともにローラロンバルディ／八木通商）
② クールな洒落感を呼ぶ「レザーブルゾン」
引用元：STORY
存在感のあるレザージャケットが、シンプルなワンツーコーデを一気に格上げ。柔らかめのブラウンレザーなら重たくならず、カジュアルにもきれいめにも馴染みます。撮影／曽根将樹（PEACE MONKEY）

ジャケット￥231,000（ノア ハモア／ユナイテッドアローズ 麻布台ヒルズ ウィメンズストア）Tシャツ￥5,280（Mila Owen／Mila Owen ルミネ新宿2店）パンツ￥38,500（ウィム ガゼット／ウィム ガゼット 玉川髙島屋S・C店）バッグ￥42,900（メアリ オル ターナ／AL Design Inc.）ローファー￥83,600（ヘリュー／ギャルリー・ヴィー 丸の内店）ピアス￥39,600（ブランイリス／ブランイリス トーキョー）ネックレス￥13,200（Pearl for Life／ロードス）ソックス￥1,320（靴下屋／タビオ）
③上品ベージュで仕立てる「洗練ロングコート」
引用元：STORY
秋晴れの日はジレだけ、寒くなってきたらロング丈ブルゾンをレイヤード、セット使いできるアイテムたちで秋から冬までを華麗に乗り切って。際立つ直線的なシルエットが全体をスマートに。しなやかな落ち感がパンツの辛口さをやわらげ、白タートルの清潔感と好相性。大人の余裕漂う上品スタイルです。
ノースリーブジレ￥53,900ブルゾン￥61,600（ともにイネド／フランドルカスタマーサービス）ニット［10月上旬発売］￥19,800（アンクレイヴ／オンワード樫山 お客様相談室）パンツ￥93,500（エディション／エディション 表参道ヒルズ店）バッグ￥53,900（カルス／アマン）シューズ￥46,200（PIPPICHIC／ベイジュ）ピアス￥50,600（フェルセラ／ズットホリック）
④ アウター感覚で着られる「ざっくり厚手ニットカーデ」
引用元：STORY
厚手のニットカーデは、秋はアウター感覚で、真冬はコート下のコーデに活躍してくれる、“モト取れ”アイテム！羽織るだけで気分を上げてくれるのは、ざっくり編みのピンクカーデです。ボリューム感あるニットはデニムを合わせて、程良い甘さのカジュアルスタイルに。撮影／鏑木 穣（SIGNO）

カーディガン￥105,600（ミスターミトンズ／RHC ロンハーマン）Tシャツ￥17,600逗子マリーナ限定（ロンハーマン）デニムパンツ￥17,600（カデュネ／カデュネ プレスルーム）メガネ￥46,200（パイン／フォレストパイン・デザインラボ）ピアス大￥46,200ピアス小￥28,500（ともにリューク）リング各￥27,500（ともにete）ソックス￥6,600（SEA／エスストア）
⑤ 「ベスト付きジャケット」で温度調整自在
引用元：STORY
アウターを脱ぎたいけどトップス1枚はちょっと…そんな時頼れるのがベスト付きツーピース。ジャケットを脱いでもきちんと感をキープ。温度調節しやすく、マルチシーンで活躍する安心セットです。撮影／古水 良（cheek one）

ジャケット￥173,800ベスト￥77,000デニムパンツ￥52,800（すべてマディソンブルー）ニット￥34,200（テラ／ティースクエア プレスルーム）ベルト￥29,700（アロー）バッグ￥26,400（SOMEWHERE STUDIO／エルディスト ショ｛hlb｝ールーム）ピアス￥2,310（スリーフォータイム／ジオン商事）バングル￥36,300（エムシー・スタジオ／ZUTTOHOLIC）

※本記事は過去に掲載した内容を再編集したものです。現在の状況とは異なる場合や、商品が販売終了している場合がございます。",[],[]
頼れる【洗濯OK！高見えパンツ】で毎日のカジュアルを格上げ〈名品3選〉｜STORY（magacol）,https://news.yahoo.co.jp/articles/085652eac73c2effced6546e29a9b05e4fb41b84,https://newsatcl-pctr.c.yimg.jp/t/amd-img/20251030-00000043-magacol-000-1-view.jpg?exp=10800,2025-10-30T17:15:45+09:00,2025-10-30T17:15:45+09:00,magacol,magacol,magacol,1297,"引用元：STORY
多スクな私たちに必要なのは頑張らなくても整う“心地よさ”と“洒落感”。今回は、「いちいちクリーニングに出さなきゃいけないストレス」から解放してくれる名品パンツをご紹介！“本当に洗っていいの!?”と驚くような、リュクスな素材やデザインばかりです。
▶︎N.O.R.Cのニットパンツ
引用元：STORY
＼頼れる毛玉防止加工で、洗濯機だってOK！／
ニットで洗えるだけでも驚きの中、なんとマシンウォッシャブルで毛玉防止加工もあり。白ニットでも安心して冬までガンガン穿ける。カーキJKとブーツ合わせでミリタリー感を漂わせて。ゆったり感とニット素材で動きやすさも着心地も快適。フェミニンなブラウスをインナーにミリタリー感の中に女っぽさを。

■ライター石川が推します！
残暑も続くし着たらすぐ洗いたい。洗えないのはストレス。コットンばかりだと飽きるし、間が持てない。ニットパンツは素材感で初秋っぽさも演出できるし、新鮮味があるから注目しているんです。

ニットパンツ￥9,900（ノーク）ジャケット￥86,900（サクラ／インターリブ）ブラウス￥33,000（カデュネ）バッグ￥33,000（ラシット／ラシット 京王百貨店新宿店）ブーツ￥60,500（ツル バイマリコ オイカワ）ピアス￥20,900（シンパシー オブ ソウル スタイル／フラッパーズ）
▶︎J1U by LA BELLE ETUDEのスエード調パンツ
引用元：STORY
＼リッチな素材で普段のカジュアルを格上げ／
個性的で遊び心のあるブランドの今年らしい落ち感のあるワイドパンツ。一見、洗えなそうな上質見えする素材が魅力。ワイドパンツ×チェック柄でカジュアル慣れした人になりきって。見かけによらずイージーケアなパンツなら汚れも汗も気にせず、長い残暑もたっぷり着倒せます。

■ライター小泉が推します！
基本的に自分が着る服は全てストレスフリーな物を選んでいて、洗えなそうな繊細な素材は避けがち。オシャレで洗えたら得した気分になるのでスエード調のパンツは価値あり。

パンツ￥12,100（ジユウバイラベルエチュード）シャツ￥39,600（ロンハーマン）タンクトップ￥30,800（シチズンズ・オブ・ヒューマニティ）バッグ￥14,300（ツル バイマリコ オイカワ）スニーカー￥18,700（アディダス／アディダスコールセンター）ピアス￥20,900（シンパシーオブ ソウル スタイル／フラッパーズ）
▶︎Mila Owenのサテンパンツ
引用元：STORY
＼お出かけにも指名したい、高見え素材／
デリケートに見える滑らか素材のサテンのパンツも自宅洗い可。カジュアルなカーキでも光沢と落ち感で女性らしい1枚。サテンカーゴパンツ￥12,100（ミラ オーウェン／ミラ オーウェン ルミネ新宿2 店）

撮影／須江隆治（See）〈人物〉、清藤直樹〈静物〉モデル／畑野ひろ子【身長：168cm】　ヘア・メイク／今関梨華（LINX）　スタイリスト／竹村はま子　取材／小仲志帆　※情報は2025年10月号掲載時のものです。",[],[]
1週間！首まわりの『スッキリ＆ほっそり』習慣で見た目が激変【プロが伝授】｜CLASSY.（magacol）,https://news.yahoo.co.jp/articles/89b2c96e3c08645d212f32c7c3f2d4841d31202f,https://newsatcl-pctr.c.yimg.jp/t/amd-img/20251030-00000042-magacol-000-1-view.jpg?exp=10800,2025-10-30T17:00:12+09:00,2025-10-30T17:00:12+09:00,magacol,magacol,magacol,828,"引用元：CLASSY.
首のしわは姿勢が悪いこと、首が太くなるのは肩や首が凝り固まってむくむのが大きな原因。正しい姿勢と、血流をよくすることがほっそり首の要に。1週間で見た目に変化が出る、首まわりの「スッキリ＆ほっそり見え習慣」をプロに教えてもらいました！
引用元：CLASSY.
姿勢を正しくするだけで1週間でむくみが取れすっきり長い首に
ウォーキングや入浴で血流促進して、疲労物質を流す
引用元：CLASSY.
＼みぞおちから足が生えている意識で！／
「首や肩が凝るとそこに疲労物質が溜まり、むくみます。凝った部分をほぐすだけではまた凝るので、その部分の筋肉を動かすだけでなく、全身の血流を良くし疲労物質を体の外に出して」
骨盤を後傾させずに“坐骨”で座ること！姿勢は常にニュートラル
引用元：CLASSY.
＼骨盤が後傾しないように！／
「骨盤が後傾すると腰が丸くなり、体が後ろに倒れた状態に。するとスマホ首のように頭が下に下がって頭板状筋が使われるように。これが肩周りが固まる原因になります。座る時は坐骨の位置を意識！」

教えてくれたのは…
フィットネスブランド「VALX」監修者
山本義徳さん
筋肉博士の異名を持つトレーニング指導者。ボディビルダーとして国内外の大会で活躍。世界2冠を獲得するなど数多くの優勝を経験。YouTube「VALX 山本義徳 筋トレ大学」も人気。

〈モデル衣装〉トップス￥9,000レギンス￥13,800（すべてルルレモン／lululemon）
撮影／廣瀬拓磨（Pygmy Company）　モデル／松木育未　ヘアメイク／佐々木れな（Three PEACE）　スタイリング／川瀬英里奈　取材／棚田トモコ　編集／平賀鈴菜　再構成／Bravoworks,Inc.
※CLASSY.2025年10月号「今こそ
#首美容スタートの適齢期
」より。
※掲載中の情報は誌面掲載時のものです。商品は販売終了している場合があります。",[],[]
〈モデル高垣麗子さん親子が感動体験〉食のプロたちに学ぶ「本物の食育旅」をレポート！｜STORY（magacol）,https://news.yahoo.co.jp/articles/51d141160c4208db3c1cb57f1cc0d5bb7b9c0b40,https://newsatcl-pctr.c.yimg.jp/t/amd-img/20251030-00000040-magacol-000-1-view.jpg?exp=10800,2025-10-30T16:45:41+09:00,2025-10-30T16:45:41+09:00,magacol,magacol,magacol,2820,"引用元：STORY
「体験による学び」をとても大切に子育てをされているモデル・高垣麗子さん。今回は大分・湯布院の地でエシカルな取り組みや食の大切さ、楽しみを提案しているオーベルジュ「ENOWA YUFUIN」へ。娘のなっちゃんと、感動体験溢れる2泊3日旅をレポート。
【写真あり】モデル歴30年・高垣麗子さんの“今”
野菜に触れ、知り、食の楽しさを親子で感じたい
引用元：STORY
親子でENOWAのFARMへ。「これ昨日食べたよね！」昨夜のディナーメニューにあった様々な色のトマトを見つけて笑顔が溢れる高垣さん親子。石割農園・石割さんが監修する有機栽培のFARMには250品目の野菜がツヤツヤと輝き、蜂や蝶などの生き物が飛び交う。タシシェフは毎朝ここに訪れ、その日のメニューを考える。

［高垣さん］トップス（モデル私物）オーバーオールデニム￥19,000（ペイデイ／グーニーPR）スカーフ￥1,290（ジーユー）ピアス￥22,000（カラ・ユ／ショールーム ロイト）
食のプロたちから教わる貴重な学び時間を堪能
引用元：STORY
湯布院にあるオーベルジュ「ENOWA」は、約44、000平米という広大な敷地の中にゆったりとした客室、温泉、プール、サウナ、エステ、細やかなサービス…と、大人が心身ともに癒される美しい場所。

そのENOWAが特に他と一線を画するのは、“食”というキーワード。

由布岳の麓に自社農園を持ち、湯布院の肥沃な土地を活かして250品目の野菜を育てています。安全かつ独自の野菜作りを京都で行う「石割農園」の石割さん監修による有機栽培も大きな特徴。

ENOWA のレストラン「JIMGU」のエグゼクティブシェフであるタシ・ジャムツォさんさん（写真右）と石割農園の石割照久さん（写真中央）。二人の「食のプロ」と高垣さん念願のFARM体験に。
引用元：STORY
高垣さん「虫もたくさんいて限りなく自然に近いFARMでは野菜も生き生きと光ってました。Farm to tableという言葉は聞きますが、ENOWAはFARMをもっと親密に感じます」

タシシェフ「ENOWAは“FARM-DRIVEN”という思想です。まず私たちが理想とするFARMを自分たちの手で作り、食材を育て、そしてその日に採れた食材によって料理メニューが決まっていく。FARMが軸にあるんです」

石割さん「そして料理の出汁に使った貝の殻は肥料の役割になるので柑橘系の樹の根元に敷き詰めます。そうしていい循環ができていくよう試行錯誤しながらFARMを育ててきました」

監修する石割さん、タシシェフ共に“必要なものを必要な量だけ”という考えを根底に持ちながら、FARM、食と向き合っています。
引用元：STORY
石割さん「採れた野菜をもとにメニューを考えるという流れですが、その時に採れる野菜をシェフが欲しいものであるように、話し合いながら調整もしています。例えば同じ種をタイミングをずらして3回に分けて撒きます。そうすると実る時期もずれるので、シェフがその野菜を使いたいタイミングに合いやすくなるんです」

高垣さん「精進料理を学んでいるのですが、“感謝して余すことなく最後までいただく”という姿勢があり、ENOWAさんにもその精神が共通しているなぁと節々に感じました。収穫後に調理体験ができることで、“自分が何を食べているのか”という部分にさらに体感が増し、娘と共に学びと気づきの多い時間でした」
その土地を楽しむという 旅の本質を体験できる時間
引用元：STORY
駐車場に車を停めて道を渡り、木々の中を歩くと、由布岳と緩やかな傾斜の芝生が目の前一面に。日本ではないどこかに来たのかと感じてしまうような想像をこえた雄大さに、誰もが立ち尽くすほど。なっちゃんは勢いよく走り出し、その姿を嬉しそうに眺める高垣さん。この物語のように美しい景色の中でタシシェフ特製のランチボックスを食べながらのんびり過ごすというピクニック体験がENOWAでスタートします。
引用元：STORY
由布岳の麓でのピクニックは、タシ氏お手製ランチボックス付き。
引用元：STORY
高垣さん「色々な土地に旅をしてきましたが、この雄大さには驚きました。一面緑で気持ちがいい。見通しがとてもいいので、娘が思い切り走っていても不安なくのんびり過ごせます」

目の前に広がる由布岳。実はタシシェフはたまに走って登山していると話し、高垣さん親子から驚愕の声を上がりました。

「遠くに鹿が見えるよ！」「どこでお弁当食べる？　あの樹の下がいい！」となっちゃんは大はしゃぎ。ランチボックスを持って、大きな樹の下へ。ピクニック前に親子でブルーベリー収穫体験にも行き、カゴに溢れるブルーベリーをつまみながら歩く二人。このピクニックでも、世界各地で活躍してきたタシシェフが魅せられた湯布院の土壌や、自然を感じられるのです。

タシシェフ「ホテルがオープンする2年前からこの土地に住み、自分の足で生産者さんのもとをまわってきました。今日収穫体験に訪れたブルーベリー農家さんもそのひとつ。FARM体験、ピクニックなど、この土地の素晴らしさとこの土地だからできる生産物を肌で感じてくれたら嬉しいです。生産者さん、この土地の風土、FARM、全ての協力のおかげで料理がさらに素晴らしいものに」

ラグジュアリーなオーベルジュというだけでなく、湯布院の美しさや土壌、食を楽しむことの本質などを体感させてくれる様々なアクティビティに終始笑顔の高垣親子。

「ホテルに戻ったら野菜シロップのかき氷を食べましょう」というタシシェフの一言に、なっちゃんはまた大喜びしたのでした。

［高垣さん］シアーベロアTシャツ￥12,100（イウエン マトフ／ユナイテッドアローズ 渋谷スクランブルスクエア店）カーゴパンツ￥47,300（シー／エスストア）ピアス￥22,000（カラ・ユ／ショールーム ロイト）
引用元：STORY
＼なっちゃんが絵日記を描きました！／
ENOWA  YUFUIN紹介
引用元：STORY
食のプロが集結した唯一無二のプログラム体験ができるオーベルジュ。

「ただラグジュアリーなのではない、親子の知的好奇心を経験豊かな方々との体験を通して教えてくれる親子旅でした」（高垣さん）

＊掲載したランチボックスは有料です。キッチン体験、ブルーベリー収穫体験、ピクニックなどのアクティビティやかき氷などスイーツ提供は、季節、天候によっても変わります。
＊2025年秋以降「ファミリープラン」を実施予定。実施日などについてのお問い合わせは直接ENOWAへ。

撮影／花盛友里　モデル／高垣麗子＆なっちゃん　ヘア・メイク／高取篤史　取材／柿本真希　 ※情報は2025年10月号掲載時のものです。",[],[]
40代シンプル派に【映える秋アウター】羽織るだけで即垢抜け〈5選〉｜STORY（magacol）,https://news.yahoo.co.jp/articles/fbd3d0531dbdafad12a8a4d1497ddce74136e10d,https://newsatcl-pctr.c.yimg.jp/t/amd-img/20251030-00000039-magacol-000-1-view.jpg?exp=10800,2025-10-30T16:45:41+09:00,2025-10-30T16:45:41+09:00,magacol,magacol,magacol,1713,"引用元：STORY
気温に合わせた服装が難しい今の季節に欠かせない、アウターアイテム。シンプル派には、スタイリングも一気に“映えるコーデ”に盛り上げてくれる1着が必要です。今回は、着映えと実用性を両立したおすすめの着こなしをご紹介します。
コーデが苦手な人こそ「ケープコート」を！
引用元：STORY
無条件にコーデにひねりを出してくれるケープコート。温度調整しやすいので、ウール素材でも秋から活躍してくれます。一見難しそうだけれど、コツはインナーをシンプルにするだけ。コーディネートが苦手な人にこそ挑戦して欲しいアウターです。

ケープコート￥99,000 （エストネーション／エストネーション）ニット￥25,960（イウエン マトフ／ユナイテッドアローズ 渋谷スクランブルスクエア店）パンツ￥25,300（アンクレイヴ）バッグ￥82,500（メゾン カナウ／ヤマニ）メガネ￥49,500（モスコット／モスコット トウキョウ）ピアス￥47,300（リューク）ネックレス￥58,080（ペヨテ・バード・デザイン／ ZUTTOHOLIC）
「チェックジャケット」で甘ニッシュに調節
引用元：STORY
冬はつい黒トップス×黒パンツの一辺倒になりがち…という人は、マニッシュなチェックジャケットを投入して。サッと羽織るだけでクラシカルな洒落感漂うコーデに。ほぼクロのシックな魅力は担保しつつ、甘辛バランスを絶妙に整えてくれます。（撮影／三瓶康友）

レースボディスーツ￥20,900（プランクプロジェクト／プランクプロジェクト 青山店）ジャケット￥61,600（バウム・ウンド・ヘルガーデン／エスアンドティ）バンドゥ￥4,400（ミラ オーウェン／ミラ オーウェン ルミネ新宿2店）パンツ￥49,500（エステータ／オンワード樫山 お客様相談室）バッグ￥60,500（メゾンヴァジック／ヴァジックジャパン）パンプス￥46,200（ピッピシック／ベイジュ）ピアス￥15,400（ジュスティーヌ クランケ／ザ・ウォール ショールーム）ネックレス￥46,200（リューク）
ふわもこピンクで華やぎアップ「シャギーベスト」
引用元：STORY
軽やかなショート丈が脚長見えを叶えるシャギーニットベスト。ふわふわ素材と深めVが大人の甘さと抜け感を両立。デニムと合わせて休日コーデをグッと華やかに。（撮影／曽根将樹（PEACE MONKEY））

ニットベスト￥17,600シアーベロアプルオーバー￥13,200（ともにシークレット・トロフィー）パンツ￥35,200（デ・プレ）ピアス￥22,000〈ebiki〉リング￥3,520〈ieLS〉（ともにロードス）
「異素材ブルゾン」でワントーンにコントラストを
引用元：STORY
1着でコーデが決まるロングワンピースは、秋冬になるとのっぺりしがちという側面も。ツヤ感のあるナイロン×ボアという個性の異なる素材を配したブルゾンなら、ワントーンコーデに奥行きを出せます。

ブルゾン￥94,600（ハイク／ボウルズ）ワンピース￥53,900（サクラ／インターリブ）バッグ￥157,300（ピエール アルディ／ピエール アルディ 東京）ブーツ￥79,200（PIPPICHIC／ベイジュ）メガネ￥42,900（プロポ／プロポデザイン）ピアス￥30,800（ブランイリス／ブランイリス トーキョー）
「深ブラウンレザー」でこなれ感をプラス
引用元：STORY
ハードになりすぎないブラウンのレザーは40代の味方。バルーンシルエット＆オーバーサイズがお洒落見えを叶えます。Tシャツ合わせで秋〜シャツやニットで初冬まで長く活躍。（撮影／酒井貴生（aosora））

レザージャケット￥429,000シャツ￥64,900（ともにドゥロワー／ドゥロワー 青山店）ビスチェ￥27,500（フィーニー）パンツ￥53,900（サクラ／インターリブ）ピアス￥64,240※参考価格（オーガスト）

※本記事は過去に掲載した内容を再編集したものです。現在の状況とは異なる場合や、商品が販売終了している場合がございます。",[],[]
パンツ派ママが頼る『洒落感ブランド』No.1！楽ちんな今っぽアイテムが豊富｜VERY（magacol）,https://news.yahoo.co.jp/articles/0bbc5d369653780c5cc9ea143d798d8a48428ae3,https://newsatcl-pctr.c.yimg.jp/t/amd-img/20251030-00000038-magacol-000-1-view.jpg?exp=10800,2025-10-30T16:30:00+09:00,2025-10-30T16:30:00+09:00,magacol,magacol,magacol,1342,"引用元：VERY
2歳の娘ちゃんとの外遊びが日常になり、アクティブな日々を過ごすVERYモデル・岡本あずささん。今回は、そんな彼女がリアルに愛用するブランド「CLANE」をフィーチャー。動きやすくても無難に終わらない、パンツ派ママの秋おしゃれ計画をお届けします。
もっともっとコーデも冒険したい！
引用元：VERY
着映え感抜群でデイリー使いしやすいCLANEにラブコール

楽で動きやすいけど「ママっぽくない」洒落感が好み！
子連れ＝コスパと割り切るよりも、本当に気に入った服を着回して、満足行くおしゃれをしていたい派。クラネの服なら無難で終わらせない“エッジ”とトレンド感で、公園・モールも無理なくおしゃれに。新作チェックが楽しみなブランドです。

ジャケット￥44,000サロペット￥30,800（ともにクラネ／クラネデザイン）ノースリトップス￥9,000（ミースロエ／ミースロエ ルミネ新宿1店）バッグ￥11,000（エーグル／エーグル カスタマーサービス）イヤカフ￥18,700イヤカフ（M）￥36,300（ともにリューク）シューズ￥20,900（アグ（R）／デッカーズジャパン）
引用元：VERY
子連れシーンがサマになるサイクルパンツは秋もラブ♡

サイクル丈やレースで全身黒でも“気を使ってる感”を。ジャケットなど衿付きアイテムと少し“きれい”に着るのがセオリー。意外とシワも汚れも紛れるレースも子連れお出かけの味方。

レースポロトップス￥22,000サイクルデニムパンツ￥24,200（ともにクラネ／クラネデザイン）タンクトップ￥990（ユニクロ）ウエストポーチ￥15,400トートバッグ￥19,800（ともにアウトドアプロダクツ／アウトドアプロダクツ カスタマーセンター）シューズ￥27,500（アグ（R）／デッカーズジャパン）スカーフ※2枚セット￥9,900（エスゼット ブロックプリント／リトルリーグ インク）
other items
引用元：VERY
ビスチェトップス※セット価格￥24,200（クラネ／クラネデザイン）
引用元：VERY
ブラックシャーリングブラウス￥24,200（クラネ／クラネデザイン）
引用元：VERY
チュールシャツ￥19,800（クラネ／クラネデザイン）
引用元：VERY
デニムハーフパンツ￥24,200（クラネ／クラネデザイン）
引用元：VERY
スウェットパンツ￥22,000（クラネ／クラネデザイン）

名古屋ラシック2Fにクラネが入って行きつけに♡「辛口ベース」の映え服が自分の好みにフィット。デニムやスウェットでもちょっと洒落ていて。パンツ縛りでも今っぽく見せてくれる、トレンド力が他にない！体をきれいに見せてくれる華奢なサイズ感も、すべてツボ。

撮影／田村昌裕〈FREAKS〉（人物）、清藤直樹（静物）　モデル／岡本あずさ　ヘア・メイク／塩澤延之〈mod’s hair〉　スタイリング／竹村はま子　取材・文／増田奈津子　編集／鈴木貴子
＊VERY2025年10月号「あずさちゃん、ママ3年目はパンツで冒険」より。
＊掲載中の情報は誌面掲載時のもので、変更になっている場合や商品は販売終了している場合がございます。",[],[]
【七五三コーデ】ブレザードレスが優秀！凛とした佇まいでハレの日を演出｜VERY（magacol）,https://news.yahoo.co.jp/articles/31ebd477c1b8b59b4aab1765be29e862fc7e12a1,https://newsatcl-pctr.c.yimg.jp/t/amd-img/20251030-00000036-magacol-000-1-view.jpg?exp=10800,2025-10-30T16:15:56+09:00,2025-10-30T16:15:56+09:00,magacol,magacol,magacol,449,"引用元：VERY
一枚でコーデが決まるワンピースはクラシカルな雰囲気が今どき。どこから見ても美しい立ち姿が叶う
引用元：VERY
ワンピース￥41,800（ツル バイ マリコ オイカワ）カチューシャ￥29,700（レレットニューヨーク／ザ ヘア バー トウキョウ） ピアス￥45,100〈アナプノエ〉ネックレス￥19,800〈モニス〉（ともにフォーティーン ショールーム）リング￥379,500（ビジュードエム／ビジュードエム六本木ヒルズ）バッグ￥649,000（ヴァレクストラ／ヴァレクストラ ジャパン）パンプス￥158,400（セルジオ ロッシ／セルジオ ロッシ カスタマーサービス）

撮影／ISAC〈SIGNO〉　モデル／近藤千尋　ヘア・メイク／間隆行　スタイリング／東美穂　取材・文／島田有香　編集／西脇治子
＊VERY2025年2月号「フォーマル苦手派のための卒入園TOPICS」より。
＊掲載中の情報は誌面掲載時のもので、変更になっている場合や商品の販売が終了している場合ございます。",[],[]
キレイめ派40代の【最旬デニムコーデ4選】アウター選びのコツも！｜STORY（magacol）,https://news.yahoo.co.jp/articles/005aceb90b5d3afb06fda8818eacbeb667f6f4a2,https://newsatcl-pctr.c.yimg.jp/t/amd-img/20251030-00000033-magacol-000-1-view.jpg?exp=10800,2025-10-30T16:00:50+09:00,2025-10-30T16:00:50+09:00,magacol,magacol,magacol,1562,"引用元：STORY
上品さをキープしつつほどよい抜け感で女らしさも演出してくれる「デニム」。今年はワイドなシルエットが王道です。そんなワイドデニムをキーアイテムにした、キレイめ派が取り入れたい最旬コーデをご紹介します。
「トレンチ×デニム」で知的にアップデート
引用元：STORY
赤ニットを差し色に、王道トレンチとワイドデニムを合わせた大人コーデ。トレンチのきちんと感がデニムを格上げし、きちんと感と抜け感のバランスが絶妙。デキる女性の雰囲気漂う着こなしに。（撮影／曽根将樹（PEACE MONKEY））

トレンチコート￥79,200（レハ／ユナイテッドアローズ 渋谷スクランブルスクエア店）ニット￥83,600（ラスパイユ／ザ エディット ストア）パンツ￥9,900（Mila Owen／Mila Owen ルミネ新宿2店）バッグ￥64,900（ジャンニ キアリーニ／ジャンニ キアリーニ 銀座店）ブーツ￥26,400（ダイアナ／ダイアナ 銀座本店）サングラス￥49,500（プロポ／プロポデザイン）ピアス￥55,000（リューク）ベルト￥12,100（レフィエ／フラッパーズ）
「短丈ブルゾン×デニム」でつくる旬バランス
引用元：STORY
ロゴT×デニムのカジュアルワンツーをウールブルゾンで格上げ。短丈でスタイルアップし、パンツのシルエットを美しくまとめてくれます。気温差のある日も安心の万能スタイルです。（撮影／古水 良（cheek one））

ウールブルゾン￥59,400（THIRD MAGAZINE）ロンT￥14,300（ウィム ガゼット／ウィム ガゼット 玉川髙島屋S・C店）デニムパンツ￥39,600（ebure／リトルリーグ インク）ベルト￥58,300（J＆M デヴィッドソン／J＆M デヴィッドソン カスタマセンター）バッグ￥55,000（ノアム ハザン／ティースクエア プレスルーム）ピアス￥33,000（リューク）チョーカー￥38,500（プラウ）
「ざっくりニット×ワイドデニム」でゆるシルエットを満喫
引用元：STORY
華やぐラメニットをざっくり纏って気分を盛り上げてくれるコーデ。ワイドシルエットのデニムを合わせれば、ゆるっとした抜け感の中に大人の気品も漂います。リラックス感と大人の華やぎを楽しめるスタイルです。（撮影／曽根将樹（PEACE MONKEY））

カーディガン［11月発売予定］￥38,500ニット［11月発売予定］￥29,700（ともにカレンソロジー／カレンソロジー 二子玉川）パンツ￥35,200（クロイロ／スタニングルアー 新宿店）バッグ￥151,800（J＆M デヴィッドソン／J＆M デヴィッドソン カスタマーセンター）パンプス￥16,500（ダイアナ／ダイアナ 銀座本店）イヤリング￥52,800（ヒロタカ／ヒロタカ 表参道ヒルズ）
「ピンクカーデ×ロゴT」で秋の大人カジュアル
引用元：STORY
着回し力抜群のバギーデニムにふわふわ素材のピンクカーデをオン。ロゴTが抜け感を出しつつ程よく甘さを中和してくれます。シンプルながら秋を感じられる大人カジュアルです。（撮影／遠藤優貴）

カーディガン￥18,700パンツ￥17,600（ともにAKTE）カットソー￥9,900（アルページュストーリー）バッグ￥9,900（エロイーズ／ジャック・オブ・オール・トレーズ プレスルーム）シューズ￥20,900（ル タロン グリーズ／ル タロン グリーズ ルミネ新宿店）ピアス￥167,200（マリハ）リング￥45,100（ココシュニック）

※本記事は過去に掲載した内容を再編集したものです。現在の状況とは異なる場合や、商品が販売終了している場合がございます。",[],[]
子連れママに『横浜みなとみらい』が今アツい！“キッズフレンドリー”なスポット厳選｜VERY（magacol）,https://news.yahoo.co.jp/articles/7aa47601b9960b7ff6841365cef346953731b4c6,https://newsatcl-pctr.c.yimg.jp/t/amd-img/20251030-00000028-magacol-000-1-view.jpg?exp=10800,2025-10-30T15:00:00+09:00,2025-10-30T15:00:00+09:00,magacol,magacol,magacol,2307,"いま横浜みなとみらいがママたちのお出かけプランに急浮上中。3年間の大改修を経て今年2月に全館オープンした横浜美術館や、子連れで楽しめるビュッフェなど1日中遊びまわれるスポットがたくさん。森泉さんと話題のスポットを巡ってきました。
みなとみらいをレポート！
■リニューアルした横浜美術館とホテルの新ビュッフェに注目
3年間の大改修を経て、今年2月に全館オープンした横浜美術館は無料エリアが拡充され、親子でゆったりと絵本を楽しめるスペースを新設。オシャレでアートな空間は、身を置くだけでリフレッシュになりそう。
LOWYAマークイズみなとみらい店
＼子ども部屋づくりのアイデア湧くキッズ家具も充実／
オンラインを中心に展開し、人気急上昇中のインテリアブランド。リーズナブルな価格ながらシックなデザインで高見えすると評判。キッズ関連の商品も多く、おままごとキッチンや絵本棚なども1万円前後から揃います。オンラインにはキッズベッドなどもあり。
引用元：VERY
キッズキッチンも種類豊富！おままごとキッチン左￥16,990、右￥12,990。
引用元：VERY
左キッズデスク￥9,990、右絵本棚￥9,990。
引用元：VERY
ダイニングテーブルやソファなど一通り揃います。
引用元：VERY
キッズキッチンに夢中
引用元：VERY
ベビー用のシーズンアイテムも！ベビーを暑さから守るベビーカー用ファンシートも。￥5,490。

＜DATA＞
住所：横浜市西区みなとみらい3-5-1 マークイズみなとみらい3F
営業：10:00〜20:00（月〜木）10:00〜21:00（金土日祝）、マークイズみなとみらいにはベビールームあり
PACIFIC TABLE（ウェスティンホテル横浜）
＼3歳以下無料！ お寿司もあるビュッフェレストラン／
ウェスティンホテル横浜内にオープンしたばかりのビュッフェ・レストラン。ビュッフェには珍しく、その場で握ってもらえるお寿司も！ キッズメニューはありませんが、トッピングを自由に選べるピザやフルーツなどキッズが好きなメニューも豊富です。
引用元：VERY
広々空間でソファ席も多数。
引用元：VERY
個室料はかかりますが個室もあります。
引用元：VERY
窯焼きピザ。自由にトッピング。
引用元：VERY
スイーツルームも。
引用元：VERY
2カ月おきに変わるシグネチャーメニューも魅力。9、10月はやまゆりポークのグリル、タンドリーフィッシュ、鮭いくらごはん。

＜DATA＞
住所：横浜市西区みなとみらい4-2-8 ウェスティンホテル横浜3F
営業：ランチビュッフェ 大人￥6,900（平日）、￥8,500（土日祝）、4〜12歳￥3,450（平日）、 ￥4,250（土日祝）
横浜美術館
＼無料でくつろげる「じゆうエリア」が拡充／
無料エリア、カフェ、ミュージアムショップと、半日は楽しめる充実度。6/28〜11/3は「ピタゴラスイッチ」や「だんご3兄弟」を生み出した佐藤雅彦の初の大規模個展「佐藤雅彦展 新しい×（作り方＋分かり方）」をリニューアルオープン記念展として開催。
引用元：VERY
絵本を読める「くつぬぎスポット」。
引用元：VERY
開放感あるエントランス。
引用元：VERY
ミュージアムショップにはアートな絵本やグッズも。
引用元：VERY
カフェ「馬車道十番館 横浜美術館 喫茶室」は屋外の席も利用可。ソフトクリーム￥440。
引用元：VERY
佐藤雅彦の初の大規模個展「佐藤雅彦展 新しい×（作り方＋分かり方）」
引用元：VERY
現在の企画展中はピタゴラスイッチ関連のおもちゃやグッズもあり。
引用元：VERY
＜DATA＞
住所：神奈川県横浜市西区みなとみらい3-4-1
営業：10:00〜18:00（入館17:30まで）
定休日：木曜
〜11/3までの企画展料金：一般￥2,000、小学生以下無料。授乳室、おむつ替え台あり
＼ 今回のカートファッションは… ／
引用元：VERY
ラガーシャツ￥33,000スカート￥50,600ショルダーバッグ￥75,900トートバッグ￥49,500シューズ￥75,900（すべてポロ ラルフ ローレン／ラルフ ローレン）ピアス￥19,800チェーンブレスレット￥12,100バングル￥35,200リング￥14,300（すべてワンエーアールバイウノアエレ／ウノアエレ ジャパン）［ベビー］ポロニット×スカートセット￥29,700ぬいぐるみ￥13,200（ともにポロ ラルフ ローレン／ラルフ ローレン）ソックス、シューズ／スタイリスト私物 ベビーカー〈auto N second BQ〉￥31,900フロントガード〈auto N second FRONT GUARD〉￥3,300（コンビ コンシューマープラザ）

今回のカート
・Combiの新作
・A3サイズにたためる！auto N second BQ

＜PROFILE＞
■森 泉さん Izumi Mori
テレビや雑誌で大活躍! プライベートでは7歳の女の子のママ。ハッピーオーラ満載の私生活がのぞけるインスタグラム（@izumi.mori）も人気。

撮影／有馬秀星　モデル／森 泉、エム・ルナ　ヘア・メイク／森ユキオ〈ROI〉　スタイリング／荒木里実　取材・文／栗生果奈　編集／本間万里子
＊VERY2025年10月号「森泉のカートでさんぽ」より。
＊掲載中の情報は誌面掲載時のもので、変更になっている場合や商品の販売が終了している場合ございます。",[],[]
空港のVIPラウンジで発覚？ラグジュアリー層たちの『高所持率ブランド』に注目｜VERY（magacol）,https://news.yahoo.co.jp/articles/a648aed20f6de1adeeef24fe0a42f24314d93021,https://newsatcl-pctr.c.yimg.jp/t/amd-img/20251030-00000025-magacol-000-1-view.jpg?exp=10800,2025-10-30T14:00:26+09:00,2025-10-30T14:00:26+09:00,magacol,magacol,magacol,1383,"引用元：VERY
今、ラグジュアリーを知り尽くす人が向かっているのは、自分に至福の喜びを与える心地の良い“質感”主義。ブランドロゴに頼らず、最高品質の素材とその美を引き出す伝統の技で、着る人だけが知る贅沢の本質。そこに“投資価値”があると見抜く賢さもハイエンド層らしい。ここでは、そんな“わかっている人”が纏うブランドに着目しました。
旅立ち前のVIPラウンジにて。至福のリラクシーを叶えるカシミアのセットアップ
引用元：VERY
＼一度体験したら後戻りはできない…別格の着心地／
風合い豊かなシルクと、クモの糸のように細いカシミアとを編み合わせた、柔らかく軽やかな極上ニット。セットアップがフライトスタイルに最適。

カーディガン￥503,800タートルニット￥430,100パンツ￥392,700バッグ￥728,200シューズ￥173,800ストール￥92,400ベルト￥140,800（すべてロロ・ピアーナ／ロロ・ピアーナ ジャパン）ピアス[PG]￥660,000リング［PG]￥484,000（ともにポメラート／ポメラート クライアントサービス）時計「年次カレンダー」［RG、ケース径38mm、自動巻き］￥8,770,000（パテック フィリップ／パテック フィリップ ジャパン・インフォメーションセンター） キャリーバッグ／スタイリスト私物
Loro Piana
■それを証明するのが……ファーストクラスで“ロロ・ピアーナ”現象！
ファーストクラスラウンジにて、ステルス・ラグジュアリー層たちがさりげなく纏っているブランドに「ロロ・ピアーナ」率が高いという噂。モンゴルや中国奥地からカシミア、アンデス高地からビキューナなど、比類のない最高品質の柔らかな素材と緻密な手仕事。自然への敬意が織りなすアイテムは、着る人の気持ちを豊かにし、佇まいを優雅に整える。
引用元：VERY
【Bag】
バッグもNOTロゴ！その価値が分かる人だけに

編み針を運ぶケースが着想源の“ニードル・バッグ”は、クワイエットラグジュアリーの象徴。マットな一枚革で丁寧に包み込むように仕立てられ、弾力と柔らかさを湛えて、体にそっと寄り添う。
引用元：VERY
【Shoes】
機内でホワイトソールを見かける証言多数！

ヨットで履く際にデッキに靴跡を残さぬために生まれたホワイトソールと、ベルベットのような滑らかなスエードを使用。職人技を駆使した履き心地が最高。旅に選ばれる理由はここに。
引用元：VERY
【Watch】
言わずとも語る手元にも“静かなる格”を

極上カシミアを纏った手元に添えるのは、時を超えた普遍的な美しさ。実用的な機能を備えたパテック フィリップの「年次カレンダー」は、旅先での時間も豊かにしてくれる。

撮影／Junghyun Kim〈TRON〉　スタイリング／池田 敬　ヘア／Kotaro　メイク／津田雅世〈mod’s hair〉　モデル／申 真衣　取材・文／須賀美季　編集／渋沢祥子

＊VERY NaVY11月号『大特集Part3』より。
＊掲載中の情報は誌面掲載時のものです。商品は販売終了している場合があります。
＊文中はYG＝イエローゴールド、RG＝ローズゴールド、PG＝ピンクゴールド、ss＝ステンレススチール、DIA＝ダイヤモンドを表します。",[],[]
「泊まってよかった」女性誌スタッフ、プレスetc.旅慣れ女子の『おすすめ宿』口コミ30選！｜CLASSY.（magacol）,https://news.yahoo.co.jp/articles/fa91f4f5c5d2f22d080694cc2929d17b11afc732,https://newsatcl-pctr.c.yimg.jp/t/amd-img/20251030-00000024-magacol-000-1-view.jpg?exp=10800,2025-10-30T12:30:53+09:00,2025-10-30T12:30:53+09:00,magacol,magacol,magacol,2325,"引用元：CLASSY.
平日はそれぞれ仕事で忙しいから、旅がゆっくり話せるタイミング、という旅好き夫婦＆カップル。国内なら金夜に出発して2泊3日、どうしても忙しいときは日帰り旅だって可能！ 今回は、旅慣れ女子の実際行ってみてよかった、リピートしたい「おすすめ宿」をどどんと30選ご紹介します！
【写真で見る】旅好き編集者が教える！かさばる荷物を減らすパッキングおすすめグッズ
Q.「最近お気に入りの宿は？」
A1.『ふふ 箱根』（神奈川）

mizukiさん・インフルエンサー
『ふふ 箱根』は、食事もおいしくて身も心も癒される旅に。

A2.星野リゾート『界』

たなべさおりさん・スタイリスト
『界』巡りに夫婦でハマり中！8月はアンジンにも行きました。

A3.『横浜ベイシェラトン』（神奈川）

武田ココさん・PR代理店勤務
近場でホカンスするなら駅直結の『横浜ベイシェラトン』。

A4.『箱根リトリート före』（神奈川）

キムドユンさん・プレス
『箱根リトリート före』はラフに過ごせる快適空間が最高でした。

A5.『ザ・ひらまつ 軽井沢 御代田』（長野）

下田真里衣さん・本誌ライター
食事のおいしさに脱帽したのは『ザ・ひらまつ 軽井沢 御代田』。

A6.『リッツカールトン日光』（栃木）

瀬口弥佳さん・コンサルタント
都心から少し足を延ばして『リッツカールトン日光』で非日常。

A7.『フェリスヴィラスイート伊良部島・長浜ベイ』（沖縄・伊良部島）

ANGELAさん・フリーランスPR
自然豊かな『フェリスヴィラスイート伊良部島・長浜ベイ』も素敵。

A8.『グランディスタイル』（沖縄・読谷村）

須田 詩さん・フリーランスPR
沖縄読谷の『グランディスタイル』はオールインクルーシブ！

A9.『HIYORI』（沖縄・恩納村）

柳沢遥さん・プレス
沖縄の『HIYORI』はスパもあり、ホカンスには最適。

A10.『the rescape』（沖縄・宮古島）

岸本真由子さん・本誌ライター
どこを切り取っても絵になる宮古島の『the rescape』がお気に入り。

A11.『パーク ハイアット ニセコ HANAZONO』（北海道）

津上 遥さん・金融関係勤務
ニセコに行くなら『パーク ハイアット ニセコ HANAZONO』で大満足！

A12.『Nazuna 飫肥 城下町温泉』（宮崎）

矢城りてかさん・メーカー勤務
『Nazuna 飫肥 城下町温泉』は、歴史好きにはたまりません！

A13.『SOKI ATAMI』（静岡・熱海）

平井萌優さん・メーカー勤務
モダンで洗練された旅館に思わずキュンとする『SOKI ATAMI』。

A14.『W OSAKA』（大阪）

樟 杏莉さん・アパレルマーケティング
関西ならやっぱりサウナもある『W OSAKA』が見逃せません！

A15.『軽井沢365』（長野・軽井沢）

小林 唯さん・会社役員
『軽井沢365』はドッグランもあってペットフレンドリーな宿。

A16.『ザ・ホテル青龍 京都清水』（京都）

小林茉鈴さん・営業
小学校をリノベした唯一無二の空間『ザ・ホテル青龍 京都清水』。

A17.『湖畔遊』（高知）

安藤えりかさん・腸活サロンオーナー
大自然と音楽を楽しむ宿『湖畔遊』は高知に行ったらぜひ♡

A18.『シャレーアイビー定山渓』（北海道）

中村真優さん・広告関係勤務
『シャレーアイビー定山渓』も北海道旅行にオススメの場所。

A19.『富士屋ホテル』（神奈川・箱根）

杉浦佐弥さん・金融関係勤務
箱根で一番のお気に入りは食事もおいしい『富士屋ホテル』です。

A20.『マリオット ホテル』

髙橋英礼奈さん・メディア関係
マリオット系列のホテルでお気に入りを発見する旅もオススメ。

A21.『ハレクラニ沖縄』（沖縄・恩納村）

小林愛香さん・会社員
一度は味わっておきたい『ハレクラニ沖縄』でラグジュアリーに。

A22.『軽井沢プリンスホテル』（長野・軽井沢）

陣内素実・本誌編集
やっぱりクラシカルな『軽井沢プリンスホテル』も好き。

A23.『おちあいろう』（静岡・伊豆）

佐野なな子さん・金融関係勤務
『おちあいろう』はオールインクルーシブでしかもサウナ付き♡

A24.『山形座 瀧波』（山形）

藤井由季さん・医師
『山形座 瀧波』はカウンターキッチンで地酒や食事を楽しめます。

A25.『グランエレメント』（滋賀）

谷本千晃さん・フリーランス
滋賀の『グランエレメント』はオールインクルーシブのグランピング。

A26.『クラフトホテル瀬戸内』（香川）

佐藤薫子さん・メーカー勤務
香川で過ごすならインテリアも素敵な『クラフトホテル瀬戸内』へ。

A27.『IZUMO HOTEL THE CLIFF』（島根）

飯田美月さん・美容関係
8室しかない『IZUMO HOTEL THE CLIFF』は特別な時に。

A28.『竹野屋旅館』（島根）

奈良七海さん・プレス
島根の『竹野屋旅館』は風情漂う昔ながらの宿で趣があっていい。

A29.『松本十帖』（長野）

鈴木日向・本誌編集
『松本十帖』は空間作りから選書まで全てのセンスが抜群。

A30.『THE MEIBIA MIYAZAKI』（宮崎）

阿部絵莉香さん・スタイリスト
『THE MEIBIA MIYAZAKI』はテラスから見える竹林にうっとり。

取材・文／石津愛子　編集／小林麻衣子　再構成／Bravoworks,Inc.",[],[]
「デリケートゾーンに良い食べ物はある？」更年期のフェムケアの疑問を専門医が解決！｜美ST（magacol）,https://news.yahoo.co.jp/articles/e823217700228da3f15eccd9e347a372ce174806,https://newsatcl-pctr.c.yimg.jp/t/amd-img/20251030-00000023-magacol-000-1-view.jpg?exp=10800,2025-10-30T12:00:34+09:00,2025-10-30T12:00:34+09:00,magacol,magacol,magacol,711,"腟はお肌と同じように年齢を重ねれば変化が訪れます。しかしケアの方法がわからない美ST世代が多いのも事実。そこでプロにフェムケアの方法を教えていただきました！
Q.腟にいい食べ物はありますか？
引用元：美ST
A.ズバリ発酵食品です
腟と腸は隣接しており、どちらも乳酸菌であるラクトバチルス属が善玉菌なので、腸活によい食べ物は腟にも良いものが多いです。具体的には、納豆やキムチ、ヨーグルトなどの発酵食品がオススメ。ちなみに過度のお酒は腸内フローラが乱れることがあるので腟にもNGです。
Q.腟内フローラを整えるというサプリはどういう効果がありますか？
引用元：美ST
A.主に乳酸菌が腟内環境を良好にします
個々の商品によって違いはありますが、ラクトバチルスロイテリ菌など乳酸菌配合のものが多いようです。腟に良い食材でもお伝えしましたが、乳酸菌は腸に良いので、腸に近い腟にも良い影響を与えると考えられています。
＼教えてくれたのは／
引用元：美ST
■宮本亜希子先生
日本専門医機構認定 産婦人科専門医

産婦人科の保険診療はもちろん、婦人科形成・腟レーザーなど自由診療もあわせ東京銀座で2院、横浜元町、名古屋のクリニックに勤務。Medytox社認定　腟ヒアルロン酸注入指導医として正しい施術の普及に努める。

本記事は、美ST編集部が取材・編集しました。「美ST」は16年以上にわたり、40代＆50代女性の美容とライフスタイルを追求してきた月刊美容誌です。

『美ST』2025年11月号掲載
撮影／渡邉明日香（人物）、河野 望（静物）　イラスト／別府麻衣　文／西岡直美、菊池真理子　再構成／Bravoworks,Inc.",[],[]
明日行けるVERYママ注目のポップアップストア5選！＜東京＆関西編＞｜VERY（magacol）,https://news.yahoo.co.jp/articles/07e27532728dc7a62a36d987236aed497a333e8c,https://newsatcl-pctr.c.yimg.jp/t/amd-img/20251030-00000022-magacol-000-1-view.jpg?exp=10800,2025-10-30T11:45:46+09:00,2025-10-30T11:45:46+09:00,magacol,magacol,magacol,1304,"子育てや仕事の息抜きがポップアップストアでのお買物、というママへ。気になるブランドのポップアップ情報をまとめてみました。
東京【10月】のポップアップ＆NEWオープン情報
引用元：VERY
■TOTEME
開催期間：10月1日（水）～11月25日（火）
場所：GINZA SIX 3階 THE POP UP 3rd
スウェーデン発のTOTEMEによる秋冬コレクションからアイコニックな「T-Lock」シリーズや新作「パラシュートコート」が登場。また、フォトグラファーMikael JanssonがJulia Nobisを起用したキャンペーンビジュアルもご覧いただけます。
引用元：VERY
■JIL SANDER
開催期間：10月29日（水）～11月11日（火）
場所：伊勢丹新宿店 本館1階 ハンドバッグ／プロモーション
JIL SANDERのアイコンバッグ、スモールレザーグッズにフィーチャーした「カンノーロ ガーデン」ポップアップを開催。中でも遊び心を象徴するカンノーロ シリーズに新しく登場したカンノーロ バケットはデザイン性と機能性を兼ね備え、あらゆる機会でエフォートレスに活躍します。
東京【11月】のポップアップ＆NEWオープン情報
引用元：VERY
■La mer
開催期間：11月19日（水）～11月25日（火）
場所：伊勢丹新宿店 本館6階 センターパーク/ザ・ステージ
#6
パリ発シックな子供服ブランド＜Jacadi（ジャカディ）＞、“毎日使いたくなる”ヘアアクセサリー＜La mer（ラメール）＞が合同POPUPを開催。ジャカディからはクリスマスに最適な新作コレクションをご紹介。ラメールからは新商品『Crystal satin ribbon』が登場します。
大阪【10月】のポップアップ＆NEWオープン情報
引用元：VERY
■MACKAGE
開催期間：10月22日（水）～3月10日（火）
場所：阪急うめだ本店 4階 イットコンテンポラリー
「Aesthetics That Protect（美しさと機能の融合）」のブランドの哲学に基づき高性能な機能と、洗練されたデザインが調和されたアイテムが揃います。定番のストレッチシリ－ズを中心に新作モデルも展開されます。※長期イベントの為、11/19～12/2・12/26～1/13は4階コトコトステージ41に移設
大阪【11月】のポップアップ＆NEWオープン情報
引用元：VERY
■decollte accessory
開催期間：11月5日（水）～11月11日（火）
場所：阪急うめだ本店 4階 イットコンテンポラリー
芦屋のトータルビューティーサロン発のDECOLLTE ACCESSORY。ホリデーシーズンにぴったりなアクセサリーやヘアアクセサリーをはじめ、毎年好評のモコバッグが今年はサイズやデザインをアップデートして登場。ポップアップで初お披露目となるストールの展開も。

＊掲載のポップアップストア・受注会は、事前予約や人数制限を行う場合がございます。詳細は各お問合わせ先へ直接ご連絡をお願いいたします。
取材／里見友梨子",[],[]
CLASSY.モデル“しょーもな3人組”の『ドライブに着たい服』はこんな服！｜CLASSY.（magacol）,https://news.yahoo.co.jp/articles/0ad286bd8700fd79b9051564dc3087dca8e454e2,https://newsatcl-pctr.c.yimg.jp/t/amd-img/20251030-00000020-magacol-000-1-view.jpg?exp=10800,2025-10-30T11:30:22+09:00,2025-10-30T11:30:22+09:00,magacol,magacol,magacol,3687,"引用元：CLASSY.
仕事に恋愛に悩みが尽きないCLASSY.世代に突如訪れる「はぁ、私ってしょーもない」現象。モヤモヤを抱えながらも日々を乗り越えていく姿をプライベートでも仲良しな3人が再現！キレイめ派の楽ちん「ドライブコーデ」に注目♡
【写真で見る】今どき女子の『ドライブ服カタログ』
「ワンツーコーデ」を秋色にアップデート！
引用元：CLASSY.
■右／石川 恋
この夏大ブームのUNIQLOのミニTもほんのり秋を感じさせるテラコッタを選んで、涼しいまま秋へ移行。 Tシャツ￥1,500（UNIQLO）スカート￥13,000（PLST）デニムジャケット￥66,000（メゾン キツネ／メゾン キツネ カスタマーセンター）ハット￥4,490（アンフィーロ／オンワード樫山）ピアス￥34,100リング￥44,000（ともにマリハ）バッグ￥70,400（フルラ／FURLA JAPAN）サンダル￥4,950（SEA／エスストア）

■中／トラウデン直美
ブラウンデニムは、カジュアルながら品よく仕上がるのでこの秋注目のアイテムのひとつ。デニム￥27,500（アッパーハイツ／ゲストリスト）ラガーニット￥41,800（イレーヴ）タンクトップ￥2,990（Gap）ピアス￥22,000ブレスレット￥55,000リング※3本￥39,600（すべてブランイリス／ブランイリス トーキョー）ベルト￥10,450（LEFIJE／フラッパーズ）バッグ￥5,990（アンフィーロ／オンワード樫山）シューズ￥23,980（J＆M デヴィッドソン／モーダ・クレア）

■左／宮本茉由
スエード×ブラウンのほんのりボヘミアンなムードが甘め派に刺さるショートパンツ。オフショルで晩夏らしいバランス感に。ハーフパンツ￥22,000（プラージュ／プラージュ 代官山店）トップス￥23,100（アニュアンス）手に持ったジャケット￥28,600（ドローイング ナンバーズ／ドローイング ナンバーズ 新宿店）サングラス￥23,100（フルラ／デリーゴジャパン）イヤリング￥22,000ネックレス￥31,900（ともにヴイエー ヴァンドーム青山／ヴァンドーム青山 有楽町マルイ店）バッグ￥51,700（ヴァジック／ヴァジックジャパン）ブーツ￥110,000（ネブローニ）
引用元：CLASSY.
自立していたいけど守られたくもある（笑）
引用元：CLASSY.
＼はいチーズ！／
#しょーもな劇場
トラ「自立してて車も運転して……なんでも自分でやっちゃうから、彼にとってお母さんみたいになっちゃいそうで怖いんだよね」
茉由「わかる、結婚したらお母さん化が加速しそう」
恋「ずっと恋人みたいな夫婦って憧れるけど、そういう人が現れるのを待つべきなのか……結婚についての話題はいつもループしちゃう（笑）」
ドライブに最適な「楽ちんパンツ」はほんのりキレイめ気分で
引用元：CLASSY.
■右／石川 恋
着心地は軽いのに、ツヤッとした光沢が品を高めるサテンパンツ。ラインも美しく、平日にも活躍！パンツ￥42,900（セオリー／リンク・セオリー・ジャパン）ニット￥25,300（アンクレイヴ／オンワード樫山）中に着たキャミソール￥6,500（バナナ・リパブリック）腰に巻いたニット￥34,100（RHC／RHC ロンハーマン）ピアス￥49,500ネックレス￥28,600（ともにリューク）バッグ￥100,000（エポイ／エポイ 本店）スニーカー￥22,000（ダニエラアンドジェマ）

■中／宮本茉由
楽ちんを極めたスウェットパンツには、シャツを合わせてメリハリのあるキレをプラス。スウェットパンツ￥20,900（アラミンタ ジェームス／ジャック・オブ・オール・トレーズ プレスルーム）シャツ￥24,200（ザ シンゾーン／シンゾーン ルミネ有楽町店）Tシャツ￥12,100（ニコラ ジェンソン／リノウン）シュシュ￥55,000（アレクサンドル ドゥ パリ／アレクサンドル ドゥ パリ GINZA SIX店）イヤリング￥13,200（ヴイエー ヴァンドーム青山／ヴイエー ヴァンドーム青山 有楽町マルイ店）バングル￥44,000（ブランイリス／ブランイリス トーキョー）バッグ￥187,000（ピエール アルディ／ピエール アルディ 東京）シューズ￥35,200（ペリーコ サニー／アマン）

■左／トラウデン直美
リラクシー×カジュアルなベロア素材のパンツは、きれいめなジレを合わせて意外性のあるギャップコーデに。パンツ￥10,450（ミラ オーウェン／ミラ オーウェン ルミネ新宿2店）ジレ￥64,900（ebure／リトルリーグ インク）トップス￥14,300（ジービーエイチ）カチューシャ￥6,050（IRIS47／フーブス）イヤリング￥27,500（セシル・エ・ジャンヌ／セシル・エ・ジャンヌ 青山店）バングル￥47,850（フォークバイエヌ／UTS PR）バッグ￥37,400（リンク）ローファー￥137,500（ジェイエムウエストン／ジェイエムウエストン 青山店）
引用元：CLASSY.
粘土さわってるとなんだか落ち着くね
引用元：CLASSY.
無心になれるこの感覚ハマりそう〜
#しょーもな劇場
恋「転職のことなんだけど…リクルーターには年次が上がるほど難しいよって言われちゃって……分かってはいるんだけど、踏ん切りつかないよ〜」
トラ「周りはそうやって焦らせてくるけど、ちゃんと積み上げたキャリアがあるから大丈夫。焦った勢いで判断しちゃわないで！」
茉由「そうそう、その前に鼻についてる粘土を取りな（笑）」
「スポーティ」を今っぽく、自分らしくおしゃれに楽しみたい！
引用元：CLASSY.
■右／トラウデン直美
トレンドのラガーシャツをショーパンに合わせて、トラッドが効いたスポーティに。ラガーシャツ￥19,800（ラコステ／ラコステお客様センター）Tシャツ￥7,500（バナナ・リパブリック）ハーフパンツ￥18,700（anuans）メガネ￥46,200（アイヴァン／アイヴァン 東京ギャラリー）ピアス￥28,600リング￥13,200バングル￥24,200（すべてエテ）バッグ￥17,600ストラップ￥12,100（ともにノマディス／ノーベルバ）ベルト￥9,100（ルメン）ソックス￥3,300（マルコモンド）スニーカー￥15,950（アディダス オリジナルス／アディダス コールセンター）

■中／石川 恋
潔い着こなしに憧れるレギンスコーデは、白シャツを合わせてトレーニング着になるのを回避。シャツ￥19,800（ブルックス ブラザーズ／ブルックス ブラザーズ ジャパン）タンクトップ￥26,400（セオリー／リンク・セオリー・ジャパン）レギンス￥13,800（ルルレモン／lululemon）ピアス￥74,800ブレスレット￥115,500（ともにマリハ）バッグ￥13,200（SEA／エスストア）スニーカー￥14,300（Reebok）

■左／宮本茉由
秋口に重宝する薄手フーディは程ぴたシルエットで大人っぽく。インに色を差して女っぽく変化させて。フーディ￥14,300（ドレステリア／ドレステリア 渋谷スクランブルスクエア店）タンクトップ￥13,860（ジービーエイチ）パンツ￥42,900（イレーヴ）ヘアバンド￥14,300（ザ ヘア バー トウキョウ／ギャップインターナショナル）イヤリング￥15,400リング￥16,500（ともにIRIS47／フーブス）バッグ￥6,050（ザ シンゾーン／シンゾーン ルミネ有楽町店）サンダル￥42,900（ビルケンシュトック／ビルケンシュトック・ジャパン カスタマーサービス）
引用元：CLASSY.
うまぁぁ！
引用元：CLASSY.
すみません！茶碗蒸しも3つ～！
引用元：CLASSY.
YUMMY！
引用元：CLASSY.
しっかり遊んで充電完了♪
#しょーもな劇場
茉由「あんなに仲が良かったのに、ライフステージが変わった途端に疎遠になっちゃうの、なんとも言えない寂しさがあるよね」
恋「私たちは絶対に変わらずにいようね！とも言い切れないのがまた、ね（笑）」
トラ「え〜そんな寂しいこと言わないで、ずっと3人で変わらずドライブしようよ！」

撮影／田形千紘　モデル／トラウデン直美、石川 恋、宮本茉由　ヘアメイク／沼田真実〈トラウデン直美、宮本茉由分〉、kanako〈石川 恋分〉　スタイリング／近藤和貴子　構成・取材／佐藤彩花　編集／陣内素実　取材協力／Audi、千秋工房　再構成／Bravoworks,Inc.

※撮影は停車して行っています。
※CLASSY.2025年10月号「週末のヒーリングタイム♡“女子ドライブ”に着たい服」より。
※掲載中の情報は誌面掲載時のものです。商品は販売終了している場合があります。",[],[]
ガーリーだけど子どもっぽく見えない！デニムでつくる甘辛ミックスって？｜CLASSY.（magacol）,https://news.yahoo.co.jp/articles/07f2df7f41fc73bc3221f04f2a71065f0735dceb,https://newsatcl-pctr.c.yimg.jp/t/amd-img/20251030-00000017-magacol-000-1-view.jpg?exp=10800,2025-10-30T11:00:18+09:00,2025-10-30T11:00:18+09:00,magacol,magacol,magacol,499,"引用元：CLASSY.
大ぶりなセーラーカラーをデニムジャケットからのぞかせて、トレンド感をひとさじ。一見ガーリーすぎる？と思いきや、デニムの素材感が甘さを程よく引き締めてくれます。黒レザーのバッグとシルバーアクセで辛口エッセンスをプラスすれば、大人にちょうどいいバランスの“甘辛ガーリー”が完成です。
引用元：CLASSY.
ジャケット￥69,300（ビューティフル ピープル／beautiful people 伊勢丹新宿店）ブラウス￥38,500（シンゾーン／シンゾーン ルミネ有楽町店）ニットスカート［10月発売］￥24,200（アンタイトル）バッグ￥68,200（メゾン カナウ／ヤマニ）靴￥83,600（ヘリュー／ハウス オブ ロータス）ピアス￥24,640リング￥27,500（ともにバルブス／ZUTTOHOLIC）

『CLASSY.』2025年10月号より
撮影／越野夕也　モデル／トラウデン直美　再構成／岩松真理
※本記事は過去の「CLASSY.」「CLASSY.ONLINE」の記事を再編集したものです。完売の可能性がありますのでご了承ください。また、価格は掲載当時の価格です。",[],[]
トレンドに左右されない【理想の普段着】を“日本ブランド”で発見！着心地も最上級◎｜VERY（magacol）,https://news.yahoo.co.jp/articles/e78b9872fd186504316be27d4df48f3c0ffd70ca,https://newsatcl-pctr.c.yimg.jp/t/amd-img/20251030-00000015-magacol-000-1-view.jpg?exp=10800,2025-10-30T10:00:00+09:00,2025-10-30T10:00:00+09:00,magacol,magacol,magacol,1382,"引用元：VERY
静かな存在感と実用性を兼ね備えた“普段着の理想形”を、人気の日本ブランドから厳選してお届け。日本的な慎みの美意識とクワイエット・ラグジュアリーが共鳴する、“和モード”なおしゃれを探ります。
心地よく扱いやすく気負わず旬を叶える理想の普段着
引用元：VERY
日本の伝統的な格子柄を思わせる、独自のチェック柄。古くは建具の木目から派生したすっきりと直線的な構成は、洗練されていながらも、どこにいてもなじむ、心落ち着く自然な佇まい。トラッドやヴィンテージなど、テイストにとらわれずにシンプルに着こなせる凛とした雰囲気が魅力です。

コート￥154,000ニット￥33,000パンツ￥50,600帽子￥16,500ネックレス￥101,200ベルト￥27,500（すべてハイク／ボウルズ）バッグ￥99,000（メゾンヴァジック／ヴァジックジャパン）
HYKE
2013年設立。GORE‑TEXやPertexなど、アウトドアウェアに用いられてきた高機能素材を積極的に取り入れ、“機能性と洗練が共存する都会の日常着”を確立。名だたるブランドとのコラボレーションでも注目を集めています。
引用元：VERY
スウェット以上ジャケット未満。ちょうどいいきちんと感と心地よさを備えたニットカーデのセットアップは、まさに理想の普段着。誰が見ても好印象な品の良さと、満足感を高める着心地のよさが、違和感なく共存します。一枚で完結させない重ね着は、着物にも通じる日本的な美意識。静かなトーンの中でも色や質感の積み重ねで、より豊かな印象に。
カーディガン￥39,600シャツ￥33,000ニット￥33,000パンツ￥41,800〈すべてロエフ〉ネックレス￥159,500〈プリーク〉（すべてエイチ ビューティー＆ユース）
LOEFF
「年齢を重ねても大切にしたい日常着」をコンセプトに2019年にデビュー。自分のスタイルを確立し、経験を重ねて今着たい服、素材感やディテールにこだわりを持つ大人に向けたブランド。ミニマルだけど映えるシルエットは誰が見ても惹かれる普遍的な美しさがあり、テイストや属性を超えて親しまれています。

たとえば、むやみに自分を飾り立てない、慎みという美徳。完璧さよりも歪みや経年変化を味わいとして楽しむ、ゆとり。見せるためだけではなく、役立つことや心地よさと共存する実用の美意識。ときに色褪せて見える日本的な価値観こそ、いま「クワイエット・ラグジュアリー」と共鳴しながら、あらためて新しく映りはじめています。
おしゃれだけでは立ち行かない子育て。機能性も譲れないし、周囲との調和も求められる。VERY世代にとって一番心強いのはそんな「和」の精神に根ざしたモードなのかもしれません。知っていたはずの美しさを、もう一度見つめ直すとき。その先に、新しいおしゃれのかたちが見えてくるはずです。

撮影／TISCH〈MARE Inc. 〉　モデル／桐谷美玲　ヘア／GOUTSUGI〈PARKS〉　メイク／島田真理子〈UM〉　スタイリング／佐藤佳菜子　取材・文／増田奈津子　編集／石川穂乃実
＊VERY2025年10月号「VERY的・和モードおしゃれ入門」より。
＊掲載中の情報は誌面掲載時のもので、変更になっている場合や商品は販売終了している場合がございます。",[],[]
【2025クリスマスコフレ】アスタリフト15周年記念！大人気のジェリーが限定色に｜美ST（magacol）,https://news.yahoo.co.jp/articles/9c23af4b2c72910cd6f3cf058d54bfc1c52b3a4a,https://newsatcl-pctr.c.yimg.jp/t/amd-img/20251030-00000014-magacol-000-1-view.jpg?exp=10800,2025-10-30T09:45:12+09:00,2025-10-30T09:45:12+09:00,magacol,magacol,magacol,550,"引用元：美ST
ASTALIFT 15周年記念 。毎年大人気の先行美容液「ホワイト ジェリー アクアリスタ」が、15周年を祝う特別な限定コフレに。お肌の土台を整え、ハリとうるおいを高めてくれる贅沢なセットです。自分へのご褒美にも、大切な人へのギフトにもぴったり。
詳しい内容をチェック
引用元：美ST
《商品Information》
アスタリフト ホワイト ジェリー 15th プレミアムコフレ
発売日：10/31（金）
価格：￥14,300（税込）
引用元：美ST
ホワイト ジェリー アクアリスタ 60g（限定パッケージ・現品）
肌の“土台”を整える先行美容液。後に使うスキンケアのなじみを高め、ハリとうるおい感を引き上げます。
引用元：美ST
モイスチャライジングマスク 1枚
スペシャルケア用シートマスク。乾燥やゆらぎが気になるときにうるおいをチャージ。
引用元：美ST
アドバンスドローション 14mL（ミニサイズ）
角層まで水分を届け、ふっくらとしたみずみずしい肌へ。
引用元：美ST
アドバンスドクリーム 7g（ミニサイズ）
濃厚なクリームで潤いを閉じ込め、ハリ感を守ります。

15周年の特別感あふれる限定デザイン で、肌も心も輝く、ホリデーだけの特別な体験を。

編集／美ST編集部",[],[]
【2025クリスマスコフレ】シスレーの名品乳液と一緒に人気スキンケアを試すチャンス｜美ST（magacol）,https://news.yahoo.co.jp/articles/10ea2e0484d98eb83c6b00b933046544cedc6d9c,https://newsatcl-pctr.c.yimg.jp/t/amd-img/20251030-00000013-magacol-000-1-view.jpg?exp=10800,2025-10-30T09:30:05+09:00,2025-10-30T09:30:05+09:00,magacol,magacol,magacol,506,"引用元：美ST
ホリデーシーズンにぴったりの、特別なスキンケアコフレが登場。ブランドの名品「エコロジカル コムパウンド アドバンスト」の現品を中心に、化粧水・アイケアといった人気スキンケアがオリジナルポーチにイン。乾燥や環境ダメージに負けない、しなやかでうるおいに満ちた肌へ導きます。
詳しい内容をチェック
引用元：美ST
《商品Information》
Sisley（シスレー） エコロジカル コムパウンド アドバンスト コフレ 2025
発売日：11/1（土）
価格：22,000円（税込）
引用元：美ST
エコロジカル コムパウンド アドバンスト 60mL（現品）
シスレーのロングセラー美容乳液がさらに進化。植物由来成分を贅沢に配合し、肌のバランスを整えながらうるおいとハリをキープ。後に使うスキンケアの効果を高め、環境ダメージからも守る。使うほどに生命力あふれるしなやかな肌へ。

毎日のケアを格上げしてくれるラグジュアリーなラインナップは、自分へのご褒美はもちろん、大切な人へのギフトにも最適。寒さや忙しさで疲れがちな冬の肌をやさしく守り、ホリデーを心地よく過ごせるセットです。

編集／美ST編集部",[],[]
【2週間Before→After】“ハリに満ちた肌”になれると噂のクリームを読者が本気でお試し！｜美ST（magacol）,https://news.yahoo.co.jp/articles/851afe0715bdbfe9067b104c7cfa84ea56e16c36,https://newsatcl-pctr.c.yimg.jp/t/amd-img/20251030-00000012-magacol-000-1-view.jpg?exp=10800,2025-10-30T09:00:25+09:00,2025-10-30T09:00:25+09:00,magacol,magacol,magacol,658,"引用元：美ST
ピンッとしたハリが生まれて、頰の位置が上がって、輪郭が引き締まる。そんな即効性のあるハリ出しクリームがこの秋は大豊作！今回は「INFINITY」をご紹介！
INFINITY ザ リペア ジェルクリーム
引用元：美ST
●ハリ弾力アップ、シワ、潤い一つで叶えるジェルクリーム
シワ改善有効成分ナイアシンアミド配合。表皮・真皮にアプローチし、ハリに満ちた肌に。潤いバランスを向上させるライスパワー®No.7を高濃度配合。みずみずしいジェルのテクスチャーとフレッシュフローラルの香りで癒しスキンケアタイムに。［医薬部外品］80g ￥9.900〈編集部調べ〉（コーセー）
2週間お試しレポ
引用元：美ST
＼目の下のたるみが浅く薄く変化／
「たった2週間の使用ですが、肌にツヤが出て全体的なリフトアップの効果も感じています。ジェルタイプで素早く浸透してくれるので、暑い時期でもさらりとした後肌で使いやすさ抜群。長年気になっていた目袋のたるみもふっくらしてきたよう！」

2週間試したのは…
猪俣春里さん（36歳・パーソナルスタイリスト）

本記事は、美ST編集部が取材・編集しました。「美ST」は16年以上にわたり、40代＆50代女性の美容とライフスタイルを追求してきた月刊美容誌です。

『美ST』2025年11月号掲載
撮影／Yuki Saito（W）〈静物〉、渡邉明日香（A-1）〈人物〉　ヘア・メイク／黒石真衣（Lila）、白井彩奈（ROI）　取材／佐藤理保子　再構成／Bravoworks,Inc.",[],[]
【オーラリー× ニューバランス】のキレイめスニーカーが使いやすい！10/31発売｜VERY（magacol）,https://news.yahoo.co.jp/articles/acbc559927483507255c96e0db7fc7eda979bab0,https://newsatcl-pctr.c.yimg.jp/t/amd-img/20251030-00000011-magacol-000-1-view.jpg?exp=10800,2025-10-30T08:30:12+09:00,2025-10-30T08:30:12+09:00,magacol,magacol,magacol,1527,"引用元：VERY
毎シーズン大人気のAURALEE （オーラリー）とNew Balance（ニューバランス）のコラボスニーカーに、「AURALEE × New Balance T500」が登場。10月31日（金）には限定店舗で一般発売されます。ニューバランスならではの快適な履き心地に、オーラリーの洗練されたデザイン性がプラスされた一足は今回も争奪戦必至。毎日のように履くママの相棒だからこそ、特別なアイテムでさりげなくおしゃれに差をつけて！
AURALEE × New Balance T500の魅力って？
引用元：VERY
AURALEE × New Balance T500 CT500AE［カラー：VINTAGE BROWN、サイズ：D/22.5～29.0, 30.0cm］￥22,000
引用元：VERY
AURALEE × New Balance T500 CT500AL［カラー：VINTAGE IVORY、サイズ：D/22.5～29.0, 30.0cm］￥22,000

1982年に誕生した名作テニスシューズT500を、時代を超えて愛されるクラシカルなデザインはそのままに、AURALEEらしくアップデート。＜VINTAGE BROWN＞と＜VINTAGE IVORY＞の2色展開で、どちらも長年愛用してきたかのような自然な色合いが、足元に上品で落ち着いた印象をプラスします。さらに、カラーごとに異なる上質な素材を採用することで、シンプルながらも洗練された存在感を演出。子どもとの公園や買い物、通勤などの日常コーデを格上げしてくれる一足です。
秋冬の装いにぴったり！こっくりブラウンが今っぽい
引用元：VERY
AURALEE × New Balance T500 CT500AE（VINTAGE BROWN）￥22,000
引用元：VERY
AURALEE × New Balance T500 CT500AE（VINTAGE BROWN）￥22,000

ヌバックとメッシュの異素材を組み合わせた＜VINTAGE BROWN＞は、足元にプラスするだけで秋冬らしい着こなしにアップデートしてくれる一足。オーセンティックでありながらオーラリー独自の色調で表現された上品なブラウンは、きれいめ派ママも取り入れやすいカラーです。トレンドのブラウンを取り入れるだけで、いつものコーデがぐっと今っぽく仕上がります。
優しげアイボリーはカジュアルな公園コーデとも好相性
引用元：VERY
AURALEE × New Balance T500 CT500AL（VINTAGE IVORY）￥22,000
引用元：VERY
AURALEE × New Balance T500 CT500AL（VINTAGE IVORY）￥22,000

パンチング加工を施したプレミアムレザーを使用した＜VINTAGE IVORY＞は、上品で清潔感のあるアイボリー。すっきりとしたシンプルなデザインなので、どんなコーデにもなじみ、カジュアルな公園コーデに合わせても大人っぽくきれいめな印象に。

▶発売日
・10月27日（月）HANKYU UMEDA MAIN STOREにて発売
・10月31日（金）一般発売

▶販売店舗
・HANKYU UMEDA MAIN STORE 3Fコトコトステージ31 AURALEE POPUP（10/27より発売）
・DSMG E-SHOP
・Dover Street Market Ginza
・ニューバランス公式オンラインストア
・T-HOUSE New Balance
・ニューバランス 六本木 19:06

文／大國絢子",[],[]
【スニーカー】秋のオシャレをクラスアップする足元術！おすすめコーデ6選｜CLASSY.（magacol）,https://news.yahoo.co.jp/articles/d2a9c06308bb05fb815090cce840011cbf882b1e,https://newsatcl-pctr.c.yimg.jp/t/amd-img/20251030-00000010-magacol-000-1-view.jpg?exp=10800,2025-10-30T08:00:04+09:00,2025-10-30T08:00:04+09:00,magacol,magacol,magacol,1400,"引用元：CLASSY.
“楽ちん”だけじゃ終わらないのが大人のスニーカーコーデ。ジャケットにもワンピースにも合わせやすく、この秋の着こなしを一歩先へ導いてくれます。差がつく足元をつくるヒントを6スタイルでご紹介！
きれいめにもカジュアルにも◎ 秋に映えるスニーカーコーデ
引用元：CLASSY.
【端正スタイルに抜けをつくる爽やかスニーカーが頼れる】
ハンサムなジャケット×Iラインスカートのキレイめコーデも、足元をスニーカーにするだけでフレッシュさが加わります。白ベースの一足が濃色コーデに明るさを添え、スカートのサイドラインと相まってスタイルアップ効果も。堅さをほどよく崩して、今っぽい通勤カジュアルに仕上がります。
引用元：CLASSY.
【ボーダーコーデに個性をプラスする、効かせ役のグレースニーカー】
夏の定番と思われがちなボーダーを、秋にあえて取り入れると新鮮な表情に。チャコールのパンツとブルーのシャツで落ち着きを添えれば、ぐっと季節感がアップ。仕上げにグレーベースのスニーカーを合わせることでモノトーンにもカラーにも自然に溶け込み、全体を品よくまとめてくれます。
引用元：CLASSY.
【白のスニーカー＆インナーでブラウンの地味見えを回避】
重厚感のあるブラウンのジャケット＆パンツスタイルは、白スニーカーを合わせればぐっと軽やかに。リュックで親しみやすさを引き出し、肩肘張らない大人の装いに導いて。真面目さを和らげたこのバランスが、マンネリオフィカジをぐっと今のムードに寄せてくれます。
引用元：CLASSY.
【スニーカーがあれば、トレンドの攻めアイテムも怖くない！】
シャツ×チャコールパンツの端正な組み合わせに、ウエストロゴをチラ見せして遊び心をプラス。挑戦した分、足元は安心感のあるスニーカーでバランスを整えるのが正解。オフィスのカジュアルデーや会社帰りの食事にもなじむ、力みすぎない大人スタイルに決まります。
引用元：CLASSY.
【白黒スニーカーでスポーティな今どきカジュアルに更新】
黒スカートにデニムジャケットを羽織ったシンプルな組み合わせも、モードな配色のスニーカーを合わせることで一気に洒落感がアップ。足元をしっかり主張しつつ、コーデにリズムを生み出します。キレイ色バッグの投入で、ベーシックな配色が華やぎを帯びた秋らしい装いに。
引用元：CLASSY.
【旅コーデはボレロワンピ×スニーカーで品の良さも機動力も兼備】
空港や機内の寒暖差に対応できるボレロ付きワンピースは、旅行や長時間移動の強い味方。白×グレーのニュアンス配色に「N」ロゴが効いたスニーカーなら、シンプルなワンピースに動きを添えつつ、柄バッグともバランスよく決まります。動きやすさもこなれ感も備え、大人の旅スタイルにうってつけ。

この秋のスニーカーは、歩きやすさだけでなくコーデを変える名脇役として起用を。堅めの通勤スタイルも、定番のボーダーやワンピースも、足元次第で新鮮に映ります。カラーやフォルムの選び方ひとつで印象は自在。自分らしい一足を見つけて、秋の毎日をもっと軽やかに楽しんで。

※本記事は過去の「CLASSY.」「CLASSY.ONLINE」記事を再編集したものです。完売の可能性がありますのでご了承ください。また、価格は掲載当時の価格です。

文／小林 愛　編集／永吉徳子",[],[]
【SNSで話題！】ロング派なら秋に一度はやっておきたい「髪質改善トリートメント」って？40代のリアル読者レポ｜STORY（magacol）,https://news.yahoo.co.jp/articles/fab617eaa885b4a7127d3aff40a9b9687ecb79fe,https://newsatcl-pctr.c.yimg.jp/t/amd-img/20251030-00000009-magacol-000-1-view.jpg?exp=10800,2025-10-30T07:30:41+09:00,2025-10-30T07:30:41+09:00,magacol,magacol,magacol,1869,"引用元：STORY
秋になり乾燥する時期になると気になってくるのは、髪のパサつき。夏の紫外線や冷房によって蓄積してしまったヘアダメージを一旦リセットして秋ヘアにアップデートしませんか？STORY 10月号の誌面では「夏枯れヘア」を生き返らせる方法をいくつかご紹介しましたが、その中でも本記事では「髪質改善トリートメント」にフォーカス！縮毛矯正やストレートパーマとは違うの？コスパは？誌面では紹介しきれなかった「髪質改善トリートメント」のリアルを深掘りしてご紹介します。
▶︎Before：夏の紫外線ダメージとうねりでパサつき広がる
引用元：STORY
Before（Front）

髪古川雅美さん（42歳）
引用元：STORY
Before（Back）

うねりとパサつきで広がりやすいのが悩みで年に一度、梅雨前に縮毛矯正をしています。ヘアダメージが目立つので夏は特にまとめ髪に頼りがち。
▶︎Process：薬剤を使わない「毛質改善」トリートメントとは？
髪質改善トリートメントは、髪の内部を健やかな状態に整えるケアで、縮毛矯正やストレートパーマのように薬剤使ってくせ毛を真っ直ぐにする施術とは異なります。トリートメント剤により髪の内部に新しい結合を作ってダメージ髪を補強するから、夏の紫外線ダメージやうねりによる髪の広がりを抑えるのに最適！今回、東京青山にあるRr SALON AOYAMAでエクソソーム、水素、ケラチン、高濃度ヘマチンを配合した独自の髪質改善トリートメントをSTORY読者が体験した様子を詳細にレポートします。
引用元：STORY
①プレシャンプー

全席半個室で全ての施術が個室内で完結するのも魅力のひとつ。可動式シャンプー台を使用し、サロンオリジナルのシャンプーで念入りに頭皮汚れを洗い流します。
引用元：STORY
②5分間のenimシリカ頭浸浴で「かけ流し×浸け込み」

ャンプー後、頭皮と髪の状態をリセットしてトリートメントの浸透を高める「頭浸浴」をプラス。紫外線やスタイリング剤により発生した汚れや皮脂を除去しながら、頭皮環境を整えるenimシリカ水と炭酸頭浸浴で艶髪の土台を整えます。
引用元：STORY
③RrSALON hydroXEトリートメント

水素パウダー、エクソソームジェルをベースに、コラーゲンやタンパク質などを混ぜていきます。ケミカルな成分を一切含まず、薬剤不使用なのが嬉しい！
引用元：STORY
④トリートメント塗布

トリートメント剤を均一に塗布。鼻をつくような匂いもなく終始リラックス。
引用元：STORY
⑤超音波アイロンでトリートメントを浸透させる

超音波の振動により毛髪内部までトリートメントを深く浸透させます。
引用元：STORY
⑥最新美容機器「ハイドレイド」で深層部までアプローチ

トリートメントの薬剤浸透時間を活用し髪全体に当てることで、空気中の水分子をキューティクルの隙間より小さい水粒子に変換し内側まで補給させます。キューティクルは柔らかくなり自然に閉じるので、入りこんだ水分は定着し、柔らかさとツヤが持続します。
引用元：STORY
⑦ストレートアイロンの熱で整える

トリートメントを洗い流し、アイロンで乾かした後にストレートアイロンの熱で整えます。髪の内部で水素を水に変えるにはアイロンがの熱が不可欠！丁寧にアイロンをしてツヤと潤いをプラス。
▶︎After：「自分の髪じゃないみたい」未体験の滑らかさに感激
引用元：STORY
およそ1時間でSNSでよく見ていたベールを纏ったようなツヤサラヘアになれるなんて・・・自分の髪じゃないみたいで感激です！
引用元：STORY
左：After
右：Before（Back）
引用元：STORY
●Rr SALON AOYAMA 後藤俊さん
エクソソームと水素の力で髪の水分量をUP！一度の施術で髪の強度を高めてくれる《RrSALON XEトリートメント》で劇的な変化を実感できます。最初のトリートメント効果は3週間程度ですが、ある程度継続すると髪状態が改善して持続力もUPします。

〈SHOP DATA〉
●Rr SALON AOYAMA
東京都港区北青山2-12-27 Blue Hills OKビル3F
東京メトロ銀座線外苑前駅徒歩2分
【体験したメニュー】
▶︎プラチナRrSALONハイドロXEトリートメント（￥20,000）

撮影／古水良（check one）　メイク／夏美　取材／奥村千草",[],[]
〈フェンディ、ロエベetc.〉STORYスタイリストが選ぶ【今、本当に欲しいハイブランドバッグ】｜STORY（magacol）,https://news.yahoo.co.jp/articles/b7d9bac92ee29e916ffbbd71f6a433aa004520c9,https://newsatcl-pctr.c.yimg.jp/t/amd-img/20251030-00000008-magacol-000-1-view.jpg?exp=10800,2025-10-30T07:20:54+09:00,2025-10-30T07:20:54+09:00,magacol,magacol,magacol,696,"引用元：STORY
秋到来！だけどバッグはなにを持てばいい…？悩めるSTORY読者たちにSTORYスタイリストの3人が秋らしいハイブランドバッグをご紹介します。この機会に新調してみては。
秋冬らしいフェンディのファーバッグ
引用元：STORY
バッグ「マンマ バゲット ミディアム」〈H18×W26.5×D8.5cm、ショルダーストラップ付き、9月上旬発売予定※予定価格〉￥612,700（フェンディ／フェンディ ジャパン）

■石毛のりえさん（スタイリスト）
秋冬はファーに注目しています。上品な色味なので、旬のブラウンのワントーンコーデに合わせたいです。
まるで栗？フォルムがかわいいブラウンバッグ
引用元：STORY
上質なレザー素材。ふたがパカッと開いて出し入れしやすい。バッグ「ニナ」〈H15×W23×D18cm〉￥506,000（ガブリエラ ハースト／ガブリエラ ハースト ジャパン）

■朝倉豊さん（スタイリスト）
かわいらしいコロンとしたフォルムとシックな色味に心奪われました。デニムスタイルの格上げにぴったり。
落ち着きがちな秋服には差し色バッグ
引用元：STORY
ミントグリーンとシルバーの配色が爽やか。バッグ「フラメンコパース」〈H20×W30×D10.5cm、ストラップ付き〉￥541,200（ロエベ／ロエベ ジャパン クライアントサービス）

■小川真央さん（スタイリスト）
柔らかな色合いに一目惚れ。モノトーンコーデの差し色にして、友達とおしゃれランチに行くときに持ちたい。

撮影／魚地武大（TENT）　スタイリスト／MaiKo yoshida　取材／秋元恵美",[],[]
【デコルテ・ランコム・エクシア】40代50代が求めるものを厳選！最新「コンパクト・クッションファンデ」3選｜美ST（magacol）,https://news.yahoo.co.jp/articles/26ef6c0a1fb034cbeaa6dd5e757daafe7a526c6a,https://newsatcl-pctr.c.yimg.jp/t/amd-img/20251030-00000007-magacol-000-1-view.jpg?exp=10800,2025-10-30T07:10:52+09:00,2025-10-30T07:10:52+09:00,magacol,magacol,magacol,682,"美ST読者340名にアンケートを実施。コンパクト＆クッションファンデに求めるものを調べました。新作から厳選したおすすめ3品をご紹介します。
パウダリーが好きだから最新を使いたい
引用元：美ST
■コスメデコルテ ゼン ウェア パウダーファンデーション

きれいなツヤが出て粉っぽくならない
パウダリーでも高いツヤを実現。墨に着想を得た製法で粉感なく伸び軽やかに密着し、くすみや毛穴を自然にカバー。全10色。SPF20・PA++ 〈スポンジ、ケースがセット〉￥7,700（コスメデコルテ）
秋冬でも乾燥しない長持ちクッションは？
引用元：美ST
■ランコム イドル スキン セラムファインカバー クッション

潤って毛穴レス肌が長時間叶う
美容液ベースで24時間潤いが続き、乾燥による崩れも軽減。新形状のパフは六角形で細かい箇所も塗布しやすい。全4色。￥7,920（ランコム）
補整効果でハリ肌になりたい
引用元：美ST
■エクシア アンテリサンス リフトエマルジョン

塗ったらキュッと引き上がる感覚
なめらかに伸びるエマルジョンタイプでピンとしたハリのある仕上がりに。新処方によりテクいらずで立体感が叶う。全6色。SPF30・PA+++ 〈セット価格〉※9/18発売￥14,300（アルビオン）
本記事は、美ST編集部が取材・編集しました。「美ST」は16年以上にわたり、40代＆50代女性の美容とライフスタイルを追求してきた月刊美容誌です。
『美ST』2025年11月号掲載
撮影／河野 望　取材／安部麻維子、大山真理子　再構成／Bravoworks,Inc.",[],[]
「VIO脱毛ってやっておくべき？」なかなか聞けない更年期のフェムケアを専門医が解説！｜美ST（magacol）,https://news.yahoo.co.jp/articles/6e348f26f82b4efb2a7563e5e6d8094d58079647,https://newsatcl-pctr.c.yimg.jp/t/amd-img/20251030-00000006-magacol-000-1-view.jpg?exp=10800,2025-10-30T07:00:50+09:00,2025-10-30T07:00:50+09:00,magacol,magacol,magacol,764,"引用元：美ST
腟はお肌と同じように年齢を重ねれば変化が訪れます。しかしケアの方法がわからない美ST世代が多いのも事実。そこでプロにフェムケアの方法を教えていただきました！
Q.更年期前からやった方がいいおすすめの腟ケアは？
引用元：美ST
A.ケーゲル体操です

おしっこを途中で止める、肛門をギュッと締めるときに使う筋肉が骨盤底筋。その骨盤底筋を鍛えるケーゲル体操は簡単！例えば背骨のいちばん下にある三角形の骨＝仙骨をまっすぐに立てるように腰を起こして姿勢よく座り、肛門・腟・尿道をギュッと締めて3秒キープしたら10秒リラックス。それを10回繰り返します。
会議中だってできちゃいますよ。
Q.VIO脱毛のメリットとデメリットを教えてください
引用元：美ST
A.よく言われる「介護脱毛」目当てなら必要ないかも

お婆ちゃんになると下の毛はだいぶ減るので、もし介護脱毛が目的ならあまり心配要りません。VIO脱毛のメリットとしては蒸れにくい、生理のときに楽、毛が落ちないので掃除が楽。デメリットはお金がかかる、痛い、施術直後の肌荒れになります。
引用元：美ST
＼教えてくれたのは／
宮本亜希子先生日本専門医機構認定 産婦人科専門医
産婦人科の保険診療はもちろん、婦人科形成・腟レーザーなど自由診療もあわせ東京銀座で2院、横浜元町、名古屋のクリニックに勤務。Medytox社認定　腟ヒアルロン酸注入指導医として正しい施術の普及に努める。

本記事は、美ST編集部が取材・編集しました。「美ST」は16年以上にわたり、40代＆50代女性の美容とライフスタイルを追求してきた月刊美容誌です。

『美ST』2025年11月号掲載
撮影／渡邉明日香　イラスト／別府麻衣　文／西岡直美、菊池真理子　再構成／Bravoworks,Inc.",[],[]
