headline,mainEntityOfPage,image,datePublished,dateModified,author,media_en,media_jp,str_count,body,images,external_links
前年王者ルブレフ 2年連続5度目の4強、チチパスにストレート勝ち＜男子テニス＞（tennis365.net）,https://news.yahoo.co.jp/articles/caaced5cc62465dff99960f6d1c9b71c1e5a5a5b,https://newsatcl-pctr.c.yimg.jp/t/amd-img/20260219-00010009-tennisnet-000-1-view.jpg?exp=10800,2026-02-19T23:16:32+09:00,2026-02-19T23:16:32+09:00,tennis365.net,tennisnet,tennis365.net,637,"カタール・エクソンモービル・オープン
アンドレイ・ルブレフ[画像/ゲッティイメージズ]
男子テニスのカタール・エクソンモービル・オープン（カタール/ドーハ、 ハード、ATP500）は19日、シングルス準々決勝が行われ、第5シードのA・ルブレフが世界ランク33位のS・チチパス（ギリシャ）を6-3, 7-6 (7-2)のストレートで下し、2年連続5度目のベスト4進出を果たした。
【ルブレフvsチチパス 1ポイント速報・結果】
28歳で世界ランク14位のルブレフが同大会に出場するのは4年連続8度目。2020年と昨年に優勝を飾っている。

前年王者として2連覇と3度目の優勝を狙う今大会は1回戦で世界ランク86位のJ・デ・ヨング（オランダ）、2回戦で同48位のF・マロジャン（ハンガリー）を下し8強入りした。

27歳のチチパスとの顔合わせとなった準々決勝の第1セット、ルブレフは第3ゲームでブレークに成功すると、その後のサービスゲームでは5度のブレークポイントを凌ぎキープを続け、第9ゲームで2度目のブレークを奪い先行する。

続く第2セットは、両者サービスキープを続けタイブレークに突入する。このタイブレークをルブレフが7-2で制し、ストレート勝ちで準決勝進出を果たした。

この結果、ルブレフはチチパスとのツアー大会での対戦成績を6勝6敗のイーブンとした。

勝利したルブレフは準決勝で第1シードのC・アルカラス（スペイン）と第7シードのK・ハチャノフの勝者と対戦する。",[],[]
坂本怜 逆転勝ちで3週連続ベスト8、熱戦制し準々決勝へ＜男子テニス＞（tennis365.net）,https://news.yahoo.co.jp/articles/24c61177bfd7c4bbfd8260eae1c60b3d865b03d7,https://newsatcl-pctr.c.yimg.jp/t/amd-img/20260219-00010008-tennisnet-000-1-view.jpg?exp=10800,2026-02-19T22:00:31+09:00,2026-02-19T22:00:31+09:00,tennis365.net,tennisnet,tennis365.net,757,"デリー・オープン2026
坂本怜（全豪OP）[画像/ゲッティイメージズ]
男子テニスのデリー・オープン2026（インド/ニューデリー、ハード、ATPチャレンジャー）は19日、シングルス2回戦が行われ、第2シードの坂本怜が世界ランク408位のA・グレイ（イギリス）を1-6, 6-1, 6-4の逆転で下し、チャレンジャー大会で3週連続となるベスト8進出を果たした。
【坂本怜vsグレイ 1ポイント速報・結果】
19歳で世界ランク168位の坂本は前々週のブリスベンテニス国際
#1
（オーストラリア/ブリスベン、ハード、ATPチャレンジャー）で8強、前週のブリスベンテニス国際
#2
（オーストラリア/ブリスベン、ハード、ATPチャレンジャー）で4強入りし、好調を維持して今大会を迎えた。

今大会は1回戦で世界ランク224位のF・フェレイラ シルバ（ポルトガル）を下し2回戦に駒を進めた。

27歳のグレイとの顔合わせとなった2回戦の第1セット、坂本は序盤からサービスゲームで2度のブレークを許し、そのまま先行される。

それでも第2セット、坂本は第2ゲームでこの日初めてのブレークに成功。勢いに乗った坂本は第6ゲームで2度目のブレークを奪い1セットオールに追いつく。

迎えたファイナルセット、坂本は第2ゲームで先にブレークを許しゲームカウント0-3とリードされたが、第5ゲームでブレークバックに成功。さらに坂本は第9ゲームで2度目のブレークを奪い、熱戦を制してベスト8進出を果たした。

勝利した坂本は準々決勝で第6シードのF・チナ（イタリア）と対戦する。チナは2回戦で世界ランク297位のS・ナガル（インド）を下しての勝ち上がり。

なお、同日に行われた2回戦では第8シードの野口莉央も勝利し8強入りしている。",[],[]
ルブレフvsチチパス 3年3ヵ月ぶりの対戦は19日21時に開始！＜男子テニス＞（tennis365.net）,https://news.yahoo.co.jp/articles/df7f0d10142755429699924e0cc4cc7738fbafd8,https://newsatcl-pctr.c.yimg.jp/t/amd-img/20260219-00010007-tennisnet-000-1-view.jpg?exp=10800,2026-02-19T14:57:46+09:00,2026-02-19T14:57:46+09:00,tennis365.net,tennisnet,tennis365.net,469,"カタール・エクソンモービル・オープン
(左から)アンドレイ・ルブレフとステファノス・チチパス[画像/ゲッティイメージズ]
男子テニスのカタール・エクソンモービル・オープン（カタール/ドーハ、 ハード、ATP500）は19日、第5シードのA・ルブレフと世界ランク33位のS・チチパス（ギリシャ）のシングルス準々決勝がセンターコートの第1試合に組まれた。日本時間19日の21時（現地19日の15時）に開始予定。
【ルブレフvsチチパス 1ポイント速報】
両者はツアー12度目の顔合わせでチチパスの6勝5敗。直近では2022年11月のNitto ATPファイナルズ（イタリア/トリノ、室内ハード）ラウンドロビンで、そのときはルブレフが逆転勝ちをおさめた。

ルブレフは2回戦で世界ランク48位のF・マロジャン（ハンガリー）を下しての勝ち上がり。

一方のチチパスは2回戦で第4シードのD・メドベージェフを破り、8強入りを決めた。

この試合の勝者は準決勝で第1シードのC・アルカラス（スペイン）と第7シードのK・ハチャノフのどちらかと対戦する。",[],[]
坂本怜vsグレイ、デリーチャレンジャー2回戦は19日第4試合＜男子テニス＞（tennis365.net）,https://news.yahoo.co.jp/articles/0765f69f0c3c4922c83859eb7039f48bca3a62e2,https://newsatcl-pctr.c.yimg.jp/t/amd-img/20260219-00010006-tennisnet-000-1-view.jpg?exp=10800,2026-02-19T14:00:56+09:00,2026-02-19T14:00:56+09:00,tennis365.net,tennisnet,tennis365.net,513,"デリー・オープン2026
坂本怜[画像/ゲッティイメージズ]
男子テニスのデリー・オープン2026（インド/ニューデリー、ハード、ATPチャレンジャー）は19日、第2シードの坂本怜と世界ランク世界ランク408位のA・グレイ（イギリス）のシングルス2回戦がセンターコートの第4試合に組まれた。同コートの第1試合は日本時間19日の13時30分に開始予定。
【坂本怜vsグレイ 1ポイント速報】
両者は初の顔合わせ。

19歳で世界ランク168位の坂本は前々週のブリスベンテニス国際
#1
（オーストラリア/ブリスベン、ハード、ATPチャレンジャー）で8強、前週のブリスベンテニス国際
#2
（オーストラリア/ブリスベン、ハード、ATPチャレンジャー）で4強入りし、好調を維持して今大会を迎えた。

今大会1回戦では世界ランク224位のF・フェレイラ シルバ（ポルトガル）をストレートで下しての勝ち上がり。

一方のグレイは1回戦で予選勝者で同396位のチョン・ヒョン（韓国）を破り、2回戦へと駒を進めた。

この試合の勝者は準々決勝で第6シードのF・チナ（イタリア）と世界ランク297位のS・ナガル（インド）のどちらかと対戦する。",[],[]
21歳香港の新星ウォン 今季2度目のツアー8強、キャリア最高のシーズン送る＜男子テニス＞（tennis365.net）,https://news.yahoo.co.jp/articles/6ffe3c87a85a0318940fea31906e98c348b9bb91,https://newsatcl-pctr.c.yimg.jp/t/amd-img/20260219-00010005-tennisnet-000-1-view.jpg?exp=10800,2026-02-19T12:00:25+09:00,2026-02-19T12:00:25+09:00,tennis365.net,tennisnet,tennis365.net,628,"デルレイビーチ・オープン
ウォン・コールマン(画像は香港OP)[画像/ゲッティイメージズ]
男子テニスのデルレイビーチ・オープン（アメリカ/デルレイビーチ、ハード、ATP250）は18日、シングルス2回戦が行われ、予選勝者で世界ランク137位のウォン・コールマン（香港）が第7シードのB・ナカシマ（アメリカ）を6-4, 7-6 (7-4)のストレートで破り、今季ツアー2度目のベスト8進出を果たした。
【動画】ウォンが今季2度目のツアー8強入り
21歳のウォンは2024年9月に記録した128位が自己最高の世界ランク。今シーズンは開幕戦の中国銀行・香港・テニスオープン（香港/香港、ハード、ATP250）でベスト8入りするなどキャリア最高の好スタートを切っている。

今大会も予選から出場すると、本戦1回戦では世界ランク45位のN・ボルジェス（ポルトガル）をフルセットで下し2回戦へと駒を進めた。

2回戦では13本のサービスエースを決め、ダブルフォルトは0本と安定したサービスゲームを披露。ナカシマのブレークを1度に抑えると、リターンゲームでは計2度のブレークに成功。1時間28分で今季2度目のツアー8強入りを決めた。

準々決勝では第3シードのF・コボッリ（イタリア）と対戦する。コボッリは2回戦で世界ランク66位のT・アトマン（フランス）をストレートで下しての勝ち上がり。

同日には世界ランク50位のS・コルダ（アメリカ）らがベスト8へ駒を進めた。",[],[]
世界4位ガウフ 2年ぶり8強、マッチポイント3本凌ぎ逆転勝ち＜女子テニス＞（tennis365.net）,https://news.yahoo.co.jp/articles/04c5286eff9607af2e503e959a6a99b776576a5d,https://newsatcl-pctr.c.yimg.jp/t/amd-img/20260219-00010004-tennisnet-000-1-view.jpg?exp=10800,2026-02-19T10:55:55+09:00,2026-02-19T10:55:55+09:00,tennis365.net,tennisnet,tennis365.net,899,"ドバイ・デューティー・フリー・テニス選手権
8強入りを決めたココ・ガウフ[画像/ゲッティイメージズ]
女子テニスのドバイ・デューティー・フリー・テニス選手権（アラブ首長国連邦/ドバイ、 ハード、WTA1000）は18日、シングルス3回戦が行われ、第3シードのC・ガウフ（アメリカ）が世界ランク22位のE・メルテンス（ベルギー）を2-6, 7-6 (11-9), 6-3の逆転で破り、2024年以来2年ぶり4度目のベスト8進出を果たした。
【動画】舞台裏で怒りのラケット破壊！完敗の世界3位ガウフ
21歳で世界ランク4位のガウフが同大会に出場するのは6年連続6度目。最高成績は2023年に記録したベスト4で、昨年は初戦の2回戦で敗れている。

今大会は初戦の2回戦で世界ランク23位のA・カリンスカヤを下しての勝ち上がり。

3回戦、ガウフは試合を通して12本ものダブルフォルトを犯すなどサービスが安定せず計7度のブレークを許す。第2セットではタイブレークの場面で3度マッチポイントを握られるがこれをセーブすると、ファイナルセットでは3度のブレークに成功し逆転。2時間18分で勝利した。

女子テニス協会のWTA公式サイトにはガウフのコメントが掲載されている。

「試合全体を通して自分のペースで進めることができなかった。ベストな内容ではなかったけど、ただ試合に集中し続け、1ポイントずつ戦い抜いた。結果を出せて嬉しい。彼女（メルテンス）は素晴らしい選手だから、落ち着いてプレーし続ける必要があった。勝てる自信はあったけど、問題は自分のテニスを見つけられるかどうかだけだった。時々それはできたし、できなかった時もあったけど、それでいいの」

勝利したガウフは準々決勝で20歳で世界ランク47位のA・イーラ（フィリピン）と対戦する。イーラは3回戦で同32位のS・チルステア（ルーマニア）をストレートで下しての勝ち上がり。

同日には第2シードのA・アニシモワ（アメリカ）、第4シードのJ・ペグラ（アメリカ）、第5シードのM・アンドレーワ、第7シードのE・スビトリナ（ウクライナ）らが8強へと駒を進めた。",[],[]
大坂なおみ マイアミOPエントリー、日本勢では男女合わせて大坂のみ本戦ストレートイン＜女子テニス＞（tennis365.net）,https://news.yahoo.co.jp/articles/fffb805110fec00c03a943907154e44b44d8f957,https://newsatcl-pctr.c.yimg.jp/t/amd-img/20260219-00010003-tennisnet-000-1-view.jpg?exp=10800,2026-02-19T10:16:37+09:00,2026-02-19T10:16:37+09:00,tennis365.net,tennisnet,tennis365.net,1409,"マイアミ・オープン
大坂なおみ[画像/ゲッティイメージズ]
3月17日に開幕する女子テニスのマイアミ・オープン（アメリカ/マイアミ、ハード、WTA1000）は18日、シングルスのエントリーリスト（出場予定選手一覧）を発表。日本勢女子では世界ランク16位の大坂なおみが名を連ねた。
【動画】大坂なおみ 試合後に一触即発！全豪OP3回戦進出も最悪の後味
3月4日から15日にかけて行われるBNPパリバ・オープン（アメリカ/インディアンウェルズ、ハード、WTA1000）に続く同大会。

昨年は決勝でJ・ペグラ（アメリカ）を下したA・サバレンカが優勝を飾った。

昨年に関しては大坂のほかに内島萌夏もエントリーリストに名を連ねていたが、今年は不在。男子シングルスでは昨年、西岡良仁と錦織圭の名前があったが、今年は両名ともにエントリーリストに不在となっており、男女の本戦には、大坂のみとなっている。

マイアミ・オープン2026のエントリーリストは以下の通り。

A・サバレンカ
I・シフィオンテク（ポーランド）
E・ルバキナ（カザフスタン）
C・ガウフ（アメリカ）
J・ペグラ
A・アニシモワ（アメリカ）
M・アンドレーワ
J・パオリーニ（イタリア）
E・スビトリナ（ウクライナ）
V・エムボコ（カナダ）
K・ムチョバ（チェコ）
E・アレクサンドロワ
B・ベンチッチ（スイス）
L・ノスコバ（チェコ）
C・タウソン（デンマーク）
大坂なおみ
M・キーズ（アメリカ）
L・サムソノヴァ
E・ナバロ（アメリカ）
I・ヨビッチ（アメリカ）
D・シュナイデル
E・メルテンス（ベルギー）
A・カリンスカヤ
ジェン・チンウェン（中国）
E・ラドゥカヌ（イギリス）
M・コスチュク（ウクライナ）
J・オスタペンコ（ラトビア）
M・ジョイント（オーストラリア）
L・フェルナンデス（カナダ）
S・ケニン（アメリカ）
M・ケスラー（アメリカ）
S・チルステア（ルーマニア）
ワン・シンユ（中国）
M・サッカリ（ギリシャ）
L・ボワソン（フランス）
A・リー（アメリカ）
M・ボンドロウソバ（チェコ）
M・ブズコバ（チェコ）
J・クリスティアン（ルーマニア）
E・コチャレット（イタリア）
Ka・プリスコバ（チェコ）
S・ベイレク（チェコ）
K・シニアコバ（チェコ）
T・バレントバ（チェコ）
D・ヤストレムスカ（ウクライナ）
H・バプティスト（アメリカ）
J・チェン（インドネシア）
A・イーラ（フィリピン）
J・ブザス・マネイロ（スペイン）
V・クデルメトバ
M・リネッテ（ポーランド）
S・カルタル（イギリス）
L・シゲムント（ドイツ）
B・クレチコバ（チェコ）
T・マリア（ドイツ）
M・フレッチ（ポーランド）
E・アランゴ（コロンビア）
E・ジャクモ（フランス）
P・スターンズ（アメリカ）
E・リス（ドイツ）
V・グラチェワ（フランス）
D・カサトキナ（オーストラリア）
C・オソリオ（コロンビア）
C・ブクサ（スペイン）
S・シエラ（アルゼンチン）
A・ボンダル（ハンガリー）
B・ハダッド=マイア（ブラジル）
A・ルジッチ（クロアチア）
C・マクナリー（アメリカ）
P・マルシンコ（クロアチア）
P・バドサ（スペイン）
ワン・ヤファン（中国）
F・ジョーンズ（イギリス）
A・トムヤノビッチ（オーストラリア）
O・セレクメトバ",[],[]
マイアミOPエントリーリスト公開、日本勢は本戦不在…予選から出場へ＜男子テニス＞（tennis365.net）,https://news.yahoo.co.jp/articles/6114d8661236e311a787cfddb1f106757bfef075,https://newsatcl-pctr.c.yimg.jp/t/amd-img/20260219-00010002-tennisnet-000-1-view.jpg?exp=10800,2026-02-19T08:49:32+09:00,2026-02-19T08:49:32+09:00,tennis365.net,tennisnet,tennis365.net,1553,"マイアミ・オープン
(左から)カルロス・アルカラスとヤニック・シナー[画像/ゲッティイメージズ]
3月18日に開幕する男子テニスのマイアミ・オープン（アメリカ/マイアミ、ハード、ATP1000）は18日、シングルスのエントリーリスト（出場予定選手一覧）を発表。日本勢男子は本戦ストレートインすることはできなかった。
【賞金】アルカラスらカタール・エクソンモービルOP8強でいくら獲得？
3月4日から15日にかけて行われるBNPパリバ・オープン（アメリカ/インディアンウェルズ、ハード、ATP1000）に続く今シーズン2大会目となる「ATPマスターズ1000」のマイアミ・オープン。

昨年は決勝でN・ジョコビッチ（セルビア）を下したJ・メンシク（チェコ）がATPツアー初優勝を飾るとともに「ATP1000」初タイトルを獲得した。

昨年に関しては西岡良仁、錦織圭の2選手がエントリーリストに名を連ねていたが、今年は日本勢が不在となった。女子シングルスでは大坂なおみがストレートインしている。

マイアミ・オープン2026のエントリーリストは以下の通り。

C・アルカラス（スペイン）
J・シナー（イタリア）
N・ジョコビッチ
A・ズベレフ（ドイツ）
L・ムセッティ（イタリア）
A・デ ミノー（オーストラリア）
F・オジェ アリアシム（カナダ）
T・フリッツ（アメリカ）
B・シェルトン（アメリカ）
A・ブブリク（カザフスタン）
D・メドベージェフ
J・ドレイパー（イギリス）
C・ルード（ノルウェー）
A・ルブレフ
A・ダビドビッチ フォキナ（スペイン）
メンシク
K・ハチャノフ
H・ルーネ（デンマーク）
F・セルンドロ（アルゼンチン）
F・コボッリ（イタリア）
L・ダルデリ（イタリア）
J・レヘチカ（チェコ）
L・ティエン（アメリカ）
T・ポール（アメリカ）
T・フリークスポール（オランダ）
V・バチェロット（モナコ）
C・ノリー（イギリス）
F・ティアフォー（アメリカ）
B・ナカシマ（アメリカ）
A・リンデルクネシュ（フランス）
T・マハツ（チェコ）
S・バエス（アルゼンチン）
S・チチパス（ギリシャ）
C・ムーテ（フランス）
D・シャポバロフ（カナダ）
U・アンベール（フランス）
J・ムナル（スペイン）
J・フォンセカ（ブラジル）
G・ディアロ（カナダ）
A・フィス（フランス）
A・ミケルセン（アメリカ）
G・ディミトロフ（ブルガリア）
M・チリッチ（クロアチア）
Z・ベルグス（ベルギー）
N・ボルジェス（ポルトガル）
C・カラベリ（アルゼンチン）
J・ブルックスビー（アメリカ）
F・マロジャン（ハンガリー）
A・マナリノ（フランス）
S・コルダ（アメリカ）
T・M・エチェベリー（アルゼンチン）
A・ミュレール（フランス）
A・ポピリン（オーストラリア）
D・アルトマイヤー（ドイツ）
B・ファン・デ・ザンスフルプ（オランダ）
K・マイクシャク（ポーランド）
シャン・ジュンチェン（中国）
M・ベレッティーニ（イタリア）
G・ペリカー（フランス）
R・コリニョン（ベルギー）
V・ロイエ（フランス）
ジャン・ジジェン（中国）
M・フチョビッチ（ハンガリー）
D・ジュムホール（ボスニア）
F・コメサナ（アルゼンチン）
M・ギロン（アメリカ）
L・ソネゴ（イタリア）
T・アトマン（フランス）
E・スピジリ（アメリカ）
A・タビロ（チリ）
R・オペルカ（アメリカ）
E・クイン（アメリカ）
H・フルカチュ（ポーランド）
Q・アリス（フランス）
A・カゾー（フランス）
M・ナヴォーネ（アルゼンチン）
A・コバチェビッチ（アメリカ）
E・ナヴァ（アメリカ）
J・シュトルフ（ドイツ）",[],[]
世界1位アルカラス 今季負けなし9連勝、世界60位にストレート勝ちで8強へ＜男子テニス＞（tennis365.net）,https://news.yahoo.co.jp/articles/c6f931593b73aabcb25fac32f02e0f89feda3874,https://newsatcl-pctr.c.yimg.jp/t/amd-img/20260219-00010001-tennisnet-000-1-view.jpg?exp=10800,2026-02-19T08:07:53+09:00,2026-02-19T08:07:53+09:00,tennis365.net,tennisnet,tennis365.net,1085,"カタール・エクソンモービル・オープン
8強入りを決めたカルロス・アルカラス[画像/ゲッティイメージズ]
男子テニスのカタール・エクソンモービル・オープン（カタール/ドーハ、 ハード、ATP500）は日本時間19日（現地18日）、シングルス2回戦が行われ、第1シードのC・アルカラス（スペイン）が世界ランク60位のV・ロイエ（フランス）を6-2, 7-5のストレートで破り、2年連続2度目のベスト8進出を果たした。
【賞金】アルカラスらカタール・エクソンモービルOP8強でいくら獲得？
アルカラスが同大会に出場するのは2年連続2度目。昨年はM・チリッチ（クロアチア）、L・ナルディ（イタリア）を下し8強入りしたものの、準々決勝でJ・レヘチカ（チェコ）にフルセットで敗れた。

今大会は1回戦で世界ランク30位のA・リンデルクネシュ（フランス）をストレートで下しての勝ち上がり。

2回戦、アルカラスは5度のブレークポイントをロイエに与えるなど不安定なサービスゲームとなるが、ブレークは1度に抑えると、リターンゲームでは8度のブレークチャンスを創出し、そのうち4度ブレークに成功。決定力の違いを見せ1時間35分で勝利した。

アルカラスは今季、史上最年少での生涯グランドスラム（四大大会全制覇）を達成した全豪オープン（オーストラリア/メルボルン、ハード、グランドスラム）と今大会のみの出場。全豪オープンではマッチ7連勝、そして今大会はマッチ2勝をあげたため、今季9勝0敗として8強入りとなった。

男子プロテニス協会のATP公式サイトにはアルカラスのコメントが掲載されている。

「正直に言うと、第3セットに持ち込まれる可能性を考えた瞬間はあった。でもそれはほんのわずかな考えに過ぎなかった。それ以外は、解決策を見つけ再び正しい道を見出すことに集中していたんだ。再び良いリズムとテニスを取り戻せたことが本当に嬉しく、満足している。要は戦い続けることだ。テニスとはそういうものだと理解している。たった1ポイントが全てを左右し、セットや試合を決めるのが時に非常に難しい。ただそこに留まり続ける必要があった。流れを変えてストレート勝ちを収められたことを喜んでいる」

準々決勝では第7シードのK・ハチャノフと対戦する。ハチャノフは2回戦で世界ランク61位のM・フチョビッチ（ハンガリー）をフルセットで下しての勝ち上がり。

同日には第2シードのJ・シナー（イタリア）、第5シードのA・ルブレフ、第6シードのJ・メンシク（チェコ）、第8シードのレヘチカらがベスト8へ駒を進めている。",[],[]
世界2位シナー トップ50以下の選手に50連勝、抜群の安定感で8強へ＜男子テニス＞（tennis365.net）,https://news.yahoo.co.jp/articles/27841c117de7ed01c6567ae236102daf4482dde9,https://newsatcl-pctr.c.yimg.jp/t/amd-img/20260219-00010000-tennisnet-000-2-view.jpg?exp=10800,2026-02-19T07:42:24+09:00,2026-02-19T07:45:59+09:00,tennis365.net,tennisnet,tennis365.net,806,"カタール・エクソンモービル・オープン
8強入りを決めたヤニック・シナー[画像/ゲッティイメージズ]
男子テニスのカタール・エクソンモービル・オープン（カタール/ドーハ、 ハード、ATP500）は日本時間19日（現地18日）、シングルス2回戦が行われ、第2シードのJ・シナー（イタリア）が世界ランク53位のA・ポピリン（オーストラリア）を6-3, 7-5のストレートで破り、ベスト8進出を果たした。
【賞金】シナーらカタール・エクソンモービルOP8強でいくら獲得？
24歳で世界ランク2位のシナーが同大会に出場するのは今回が初。1回戦では同31位のT・マハツ（チェコ）をストレートで下しての勝ち上がり。

2回戦、シナーは7本のサービスエースを決めるなどファーストサービスが入ったときに79パーセントの確率でポイントを獲得。ポピリンに1度もブレークポイントを与えない完璧なサービスゲームを披露すると、リターンゲームでは各セット1度ずつブレークに成功。1時間24分で快勝した。

また、シナーは今回の勝利で世界ランクトップ50以下の選手に対しマッチ50連勝を達成した。

男子プロテニス協会のATP公式サイトにはシナーのコメントが掲載されている。

「まず、全ての選手を尊重しているし、常に最高のテニスをプレーするよう心がけている。結局のところ、ランキングは単なる数字に過ぎない。誰もがハイレベルなプレーをしている。特に相手が失うものが少ない状況では、常に集中力を切らしてはならないんだ」

準々決勝では第6シードのJ・メンシク（チェコ）と対戦する。メンシクは2回戦で世界ランク319位のジャン・ジジェン（中国）をストレートで下しての勝ち上がり。

同日には第1シードのC・アルカラス（スペイン）、第5シードのA・ルブレフ、第7シードのK・ハチャノフ、第8シードのJ・レヘチカ（チェコ）らがベスト8へ駒を進めている。",[],[]
