headline,mainEntityOfPage,image,datePublished,dateModified,author,media_en,media_jp,str_count,body,images,external_links
プロが使っているクラブと市販のクラブはどう違うの？ 本当の“プロ仕様”はアベレージゴルファーでは使いこなせない!?（ゴルフのニュース）,https://news.yahoo.co.jp/articles/cb1ad0c68832cffac6faf18ee64ba847f564750b,https://newsatcl-pctr.c.yimg.jp/t/amd-img/20250328-10177322-egolf-000-5-view.jpg?exp=10800,2025-03-28T20:10:00+09:00,2025-03-28T23:57:40+09:00,ゴルフのニュース,egolf,e!Golf,2018,"プロ仕様と市販モデルは、名前が同じでも中身は全くの別物
トーナメントに出場するプロゴルファーは、メーカーと契約を結んでクラブやボールなどさまざまな道具のサポートをしてもらいつつ、二人三脚で戦っています。
【ビシッと伸びた左腕！】これがカッコいいフォローが決まる片手打ち練習のやり方です
プロ仕様と市販モデルの違いとは何なのか　写真：PIXTA
トーナメントを見ていて「ツアープロはどんなクラブを使っているのか」「デザインは市販品と見分けがつかないけど、自分が持っているクラブと何が違うのか」などの点が気になる人もいるかもしれません。

　では、プロ仕様のクラブと市販モデルのクラブとでは、具体的にどのような部分が違うのでしょうか。レッスンプロ兼クラフトマンの関浩太郎氏は、以下のように話します。

「まず、プロゴルファーには『腰の回転や腕の返しが速くて、ボールがつかまり過ぎてしまう』という悩みを抱えている選手が多くいます」

「一般のゴルファーが到底再現できないほどヘッドスピードも速いので、シャフトに関してはそう簡単にフェースが内側へ閉じることがないように、さらにヘッドスピードの影響でシャフトが必要以上に上を向いてボールが高く上がり過ぎるのを防ぐためにも、非常に硬く、かつ重めに作られています」

「その反対に、アベレージゴルファーは『ボールがつかまらない』『高く上がらない』といったことで悩みがちですから、もしもプロ仕様のクラブを使ったらものすごくスライスしたり、全く飛距離が出なかったりするでしょう」

「また、市販モデルのヘッドは重心深度が深くてミスヒット時の寛容性を確保していますが、 プロ仕様はスピン量を抑えるために浅くしているケースも多くなっています」

「ほかにも、トーナメントプロは開発チームと手を組んで綿密なミーティングや調整を重ねて世界に1本だけの特別なクラブを作り出し、科学的な側面からも勝率を高める努力をしています」

　基本的に、プロ仕様のクラブは市販モデルと名前が同じであるものも多いですが、中身は全く異なると言っても過言ではないのです。プロが満足のいくクラブを生み出せるよう培ってきた技術を応用して作られたものが、私たちが普段お世話になっている市販モデルのクラブといえます。

　なかには「もともと契約しているプロからの要望で作られたが、のちに市販化されて広く普及した」というクラブも存在し、その代表的な例がアプローチウェッジ（AW)です。

　かつて、ウェッジはサンドウェッジとピッチングウェッジの2種類しかありませんでしたが、ジャンボ尾崎こと尾崎将司が「それらの間を取るロフト角のクラブが欲しい」とブリヂストンへ要望を出したことにより、「ピッチングサンド（P/S）」の名前で生まれたのがきっかけとされています。
ツアープロのクラブセッティングはアベレージゴルファーも参考にできる？
では、プロゴルファーが使っているクラブから、アベレージゴルファーが参考にできるポイントはあるのでしょうか。関氏は以下のように話します。

「ツアープロの界隈では、選手のクラブセッティングが話題に取り上げられることもよくあります。しかし、そもそもコースのコンディションや目標スコアがアベレージゴルファーとは全く異なるので、セッティングを知ったとしてもそのまま自分に生かせるわけではありません」

「たとえば、アベレージゴルファーのなかにはパープレーを目指している人もいますが、ツアープロの場合は常にアンダーパーで回らないと試合で勝てません。よって、パー5の2打目など長い距離からでもグリーンを直接狙えるよう、3番ウッドなど長いクラブも入っていますが、アマチュアには必ずしも必要ではないです」

「また、一般営業のゴルフ場では、カップは通常グリーンの中央近くに切られており、ボールを転がすようなアプローチでも対処できるのに対し、トーナメントになるとかなり端にカップが寄せられるため、ウェッジを使った超短距離のアプローチの正確さが求められます」

「特に、深いラフからすぐそこにあるカップを狙おうとする際、普通のウェッジを使うとちょっとでも加減を誤ると簡単にオーバーしてしまうので、“60度”のロブウェッジといったロフト角が非常に大きなウェッジを入れている選手もいます。しかし、ビギナーやアベレージゴルファーがそういったクラブを使う機会はまずないでしょうから、道具の面で参考にできる点は少ないと思います」

　私たちが普段使ったり用品店で見ているクラブが「一般の乗用車」だとしたら、ツアープロが使っているクラブは「レーシングカー」と表現しても過言ではありません。試合自体はテレビでも気軽に見られますが、彼らは熾烈なランキング争いでの生き残りを懸け、道具なども含めて別次元のゴルフをプレーしているのです。
ピーコックブルー",[],[]
試したくなる2万円台！ 人気シャフトの「VENTUS」「SPEEDER NX」にユーティリティー用が登場（ゴルフのニュース）,https://news.yahoo.co.jp/articles/54aa1e2bc571ed375257626148a98138090ad21a,https://newsatcl-pctr.c.yimg.jp/t/amd-img/20250328-10177606-egolf-000-2-view.jpg?exp=10800,2025-03-28T18:10:00+09:00,2025-03-28T20:37:40+09:00,ゴルフのニュース,egolf,e!Golf,775,"「VeloCore Plus テクノロジー」を継承
藤倉コンポジット株式会社（フジクラ）から、多くの支持を集める人気シリーズ「VENTUS（ベンタス）」と「SPEEDER NX（スピーダー エヌエックス）」より、新たにフェアウェイウッド用（SPEEDER NXのみ）とハイブリッド（ユーティリティー）用のシャフトを4月10日より発売すると発表しました。
【ビシッと伸びた左腕！】これがカッコいいフォローが決まる片手打ち練習のやり方です
「VENTUS HB BLUE」と「SPEEDER NX FW」
今回「VENTUS（ベンタス）」シリーズから発売されるのは、「BLUE」のハイブリッド（ユーティリティー）シャフト。昨年の4月に発売された「24 VENTUS BLUE」にも搭載されている「VeloCore Plus テクノロジー」を継承。

　同技術は複数の高弾性素材を適所に使用することで、オフセンター時のヘッドのねじれを抑制。優れたボールコントロール性能を実現した「VeloCoreテクノロジー」をベースに、より安定性とボールスピードを追求したといいます。

　価格は2万7500円（税込み）です。

「SPEEDER NX」はフェアウェイウッドとハイブリッド（ユーティリティー）用の2種を新展開。ドライバー同様、フジクラ独自の設計技術「VARIABLE TORQUE COREテクノロジー」を搭載し、高弾道化を実現したようです。

フェアウェイウッドは地面からのボールをとらえやすく、ハイブリッド（ユーティリティー）では高弾道でグリーンを狙えるため、一貫性のある高い寛容性と安定性が期待できます。

　価格は、フェアウェイウッド用が2万8600円（税込み）、ユーティリティー用が2万900円（税込み）となっています。
ゴルフのニュース編集部",[],[]
吉本ここね、小林光希、荒木優奈が「68」で首位発進　1打差に佐久間朱莉、稲見萌寧ら5人　首位と2打差に20人の混戦（ゴルフのニュース）,https://news.yahoo.co.jp/articles/600fdc8f315304891c7293546c38854715ce9dbb,https://newsatcl-pctr.c.yimg.jp/t/amd-img/20250328-10177614-egolf-000-14-view.jpg?exp=10800,2025-03-28T16:39:41+09:00,2025-03-28T19:07:36+09:00,ゴルフのニュース,egolf,e!Golf,802,"「アクサレディス in MIYAZAKI」初日
◆国内女子プロゴルフ 第3戦
アクサレディス in MIYAZAKI　3月28～30日　UMKカントリークラブ（宮崎県）　6538ヤード・パー72
【動画】菅楓華が2番で傾斜を読み切りバーディーを奪取！ これが実際の映像です
国内ツアー第3戦が28日に宮崎で開幕。108人がプレーした予選の第1ラウンドが終了した。
首位発進した吉本ここね　写真：Getty Images
いずれもツアー未勝利の吉本ここね（25歳）、小林光希（22歳）、荒木優奈（19歳）の3人が「68」でプレーし、4アンダーで並び首位発進した。

　首位と1打差の3アンダー4位タイに、佐久間朱莉、稲見萌寧、工藤遥加、入谷響、沖せいらの5人が続いている。

　さらに1打差の2アンダー9位タイグループに、昨季のポイントランキング4位の小祝さくらをはじめ、河本結、柏原明日架、山城奈々、藤田かれん、徳永歩、木村彩子、佐藤心結、穴井詩、ウー・チャイェン、サイ・ペイイン（ともに台湾）、イ・ミニョン（韓国）の12人が並んでいる。

　首位から2打差に20人が並ぶ混戦となっている。

　宮崎県出身で今季開幕戦から2戦連続2位に入った19歳の菅楓華は、1バーディー、1ボギーの「72」でプレーし、注目のルーキー・青木香奈子、吉田鈴、23年大会覇者で同県出身の山内日菜子らと並び、イーブンパー35位で初日を終えている。

　ディフェンディングチャンピオンの臼井麗香は、2オーバー64位と苦戦している。

＜初日の成績＞
1T／－4／吉本ここね、小林光希、荒木優奈
4T／－3／佐久間朱莉、稲見萌寧、工藤遥加、入谷響、沖せいら
9T／－2／小祝さくら、河本結、柏原明日架、山城奈々、藤田かれん、徳永歩、木村彩子、佐藤心結、穴井詩、ウー・チャイェン、サイ・ペイイン、イ・ミニョン
ゴルフのニュース編集部",[],[]
はじける笑顔がまぶしすぎ！ 河本結が“華麗なる”チップインバーディーと共に見せた「ファンサービス」に注目集まる（ゴルフのニュース）,https://news.yahoo.co.jp/articles/fa11256b6563f8787584378e1e668bcea91c39fc,https://newsatcl-pctr.c.yimg.jp/t/amd-img/20250328-10177616-egolf-000-4-view.jpg?exp=10800,2025-03-28T16:30:00+09:00,2025-03-28T21:57:42+09:00,ゴルフのニュース,egolf,e!Golf,696,"「アクサレディス in MIYAZAKI」初日
◆国内女子プロゴルフ 第3戦
アクサレディス in MIYAZAKI　3月28～30日　UMKカントリークラブ（宮崎県）　6538ヤード・パー72
【動画】これが河本結の“華麗なチップイン”を決めた後に見せたニコニコ笑顔！ 実際の映像です
3月28日に開幕した国内女子ツアー第3戦「アクサレディス in MIYAZAKI」。河本結が初日から見事な“チップインバーディー”を披露し、会場は大きな拍手と歓声に包まれた。
日本女子プロゴルフ協会(JLPGA)のX（@JLPGA_official）より
2番で早くもバーディーを奪取し、その後のホールはパーでまとめて迎えた7番ホール。

「河本結のアプローチです」とアナが実況する中、力感のないフォームで放ったボールは、軽やかにグリーンオン。ラインに乗って一直線に転がり、なんとそのままカップイン。鮮やかなチップインバーディーとなった。

　日本女子プロゴルフ協会（JLPGA）の公式X（旧ツイッター）には「河本結は7番ホールで笑顔のチップインバーディー」と添えられ、実際の映像が公開。

「向かってきて〜……」「チップインバーディー！」と、鮮やかな一打に声を上げるアナウンサー。ギャラリーからも大きな歓声と共に、割れんばかりの拍手が沸き起こった。

　その後笑顔でボールをカップから拾い上げ、観客に向かって手を振る河本の姿を映し、動画は締めくくられている。
　
　河本は初日を3バーディー、1ボギーの「70」でホールアウト。今季初勝利を視野に、明日以降の活躍にも注目が集まる。
ゴルフのニュース編集部",[],[]
20年以上も昔のモデルが2機種ランクイン！ センターパターも注目度高し　2025年2月の中古パター売れ筋ランキング（ゴルフのニュース）,https://news.yahoo.co.jp/articles/09e59de6a47da7b961a875b1003eefabc682de4e,https://newsatcl-pctr.c.yimg.jp/t/amd-img/20250328-10177230-egolf-000-6-view.jpg?exp=10800,2025-03-28T15:10:00+09:00,2025-03-28T21:57:42+09:00,ゴルフのニュース,egolf,e!Golf,3611,"2025年2月の中古パター売れ筋ランキング（ゴルフドゥ調べ）
予算を抑えてクラブ購入ができるありがたい存在「中古ショップ」。今、現在、どんなクラブが売れているのでしょう？ 中古ショップ「ゴルフドゥ」で、中古クラブのランキングを教えてもらいました。今回のテーマは2025年2月の中古パターです。
【写真】懐かしいモデルも！ 6～10位の最新中古パターランキング
センターシャフトモデルに注目している人が増えている
今回もパターはすべての順位が1～2本差という僅差のランキングとなっています。パターを売りに来る人が少ないので、在庫に限りがある点も影響しているようです。

　ランキングはセンターシャフトモデルと古いオデッセイに人気が集まったようです。ゴルフドゥ花金井店の店長・岡部昭人さんは「センターシャフトのパターに注目している人は確かに多いですね。年頭のPGAツアー『ザ・セントリー』で、ツアーレコードを出して優勝した松山英樹選手の影響だと思います」

「このときに使っていたパターがセンターシャフトのモデルだったこともあり、再注目している人が増えてきたようで、探しに来る人も目立ちます」と話してくれました。

　オデッセイに関しては「前回のランキングでも上位に入ってきていましたが、古いオデッセイもまだまだ人気が高いですね。4位の『ホワイトホット
＃5
』は25年前、5位の『ホワイトホット 2ボール』は23年前のモデルです。モデルが変わっても、同じ形状のものが発売されていることもありますが、古さを感じさせないと思いますし、価格的にも5880円から買えるというのは魅力だと思います」

「古いパターはグリップ部分がボロボロになってしまっていることも多いので、こちらでグリップ交換をしてから売り場に並べることも少なくありません。パターのグリップ自体も高いので、グリップが新品で売り場に並んでいるパターはかなりお買い得だと思いますよ」とのこと。売る前に高額なグリップに交換している人もいるとのことで「購入時にはグリップにも注目して欲しい」と教えてくれました。
第1位　VAULT2.0 PIPER C Stealth（ピンゴルフジャパン）
第1位　VAULT2.0 PIPER C Stealth（ピンゴルフジャパン）
「VAULT」の名を冠したパターには、勝利をつかむためのあらゆる技術が注ぎ込まれ、工芸品のような気品をも身にまとい、最高品質の完全削り出しによって造られた高い精度が特徴です。パイパーCは、鈴木愛選手が愛用し、人気を集めたセンターシャフトのモデルです。2018年7月発売。中古価格相場:1万3880円～2万6880円（税込み）
第2位　オデッセイ ホワイトホット VERSA TWELVE CS（キャロウェイゴルフ）
第2位　オデッセイ ホワイトホット VERSA TWELVE CS（キャロウェイゴルフ）
ツアーからのリクエストにこたえ、ヘッドの中心部分をホワイトにデザイン。アドレス時のフェース向きが強調され、イメージどおりのインパクトと精度の高い打ち出しを可能にします。大型ヘッドのセンターシャフトタイプは、安定したストロークに定評があります。2023年2月発売。中古価格相場:1万3880円～2万2880円（税込み）
第3位　オデッセイ ホワイトアイス ＃9（キャロウェイゴルフ）
第3位　オデッセイ ホワイトアイス ＃9（キャロウェイゴルフ）
ツアープロのフィードバックをもとに、絶妙なフィーリングで安定感のあるパッティングをかなえるインサートを採用。
＃9はL字とマレットを融合させた形状で
、石川遼プロが愛用したことでも知られ、現在でも多くの選手に愛される名器と評価されています。2009年11月発売。中古価格相場:3900円～1万1880円（税込み）
第4位　オデッセイ ホワイトホット ＃5（キャロウェイゴルフ）
第4位　オデッセイ ホワイトホット ＃5（キャロウェイゴルフ）
ボールのカバーと同素材のフェースインサートを採用し、ソフトなフィーリングでカップインを導く人気シリーズ。適度なサイズ感のマレットタイプは、構えやすさに加え、自身のタッチを出しやすく、まっすぐ引いてまっすぐ出すストロークがしやすくなっています。2000年1月発売。中古価格相場:5880円～1万880円（税込み）
第5位　オデッセイ ホワイトホット 2ボール（キャロウェイゴルフ）
第5位　オデッセイ ホワイトホット 2ボール（キャロウェイゴルフ）
ボールのカバーと同素材のフェースインサートを採用し、絶妙なタッチが伝えやすいシリーズ。ゴルフボールと同サイズのアライメントディスクをクラウン部に設置し、構えやすさに加え、インパクト後のボールの転がりをイメージしてストロークしやすいモデルです。2002年1月発売。中古価格相場: 5880円～1万2880円（税込み）
ゴルフを始めたいビギナーにオススメのモデル
手頃な予算でクラブをそろえられる中古ショップは、これからゴルフを始めたいと思っている人がクラブをそろえるのに最適です。多くのビギナーのクラブ選びの相談に乗ってきた岡部店長にオススメのパターを聞いてみました。
オデッセイ ホワイトホット プロ ＃7（キャロウェイゴルフ）
オデッセイ ホワイトホット プロ ＃7（キャロウェイゴルフ）
日本のツアーで人気のWHITE HOT インサートを装着。プロが求める絶妙なソフトフィーリングとボールの転がりを実現しています。ツアープレーヤーが好むクールで落ち着きがあり、遮光性に優れたガンメタルPVD仕上げを採用したモデル。どっしりと安定感のあるヘッドで、転がりのよいパッティングを可能にしています。2013年3月発売。中古価格相場: 8300円～1万2880円（税込み）
オデッセイ ホワイトアイス ＃7（キャロウェイゴルフ）
オデッセイ ホワイトアイス ＃7（キャロウェイゴルフ）
安定したボールの転がりと、絶妙なフィーリングを実現したWHITE ICE インサート。2層構造からなる最新のインサートの内層には高弾性のエラストマーコアを外層には、ウレタンブレンドカバーを採用。反発性能に優れ、ソフトフィーリングを保ちながらも、ボールの転がりがよく、しっかりとしたフィーリングが得られます。プレミアム感を持たせるため、表面にダーク・ニッケルフィニッシュをほどこしています。こちらもツノ型で安定感のある転がりをかなえます。2009年11月発売。中古価格相場:7880～7890円（税込み）
「オデッセイの＃7はモデルを問わずオススメできる形状」（岡部店長）
僕はビギナーには、大きめの形状のパターをオススメすることが多いです。中でもモデルを問わず、
＃7が一番だと思っています
。この形状だとフェース面の芯の部分を広げてくれて安定したストロークがしやすく、重心の深さもあるので、スムーズなパッティングをうながしてくれると思うからです。

　ビギナーはショートパットでも球が芯に当たる確率が、まだまだ低いと思うので、ミスヒットでも修正してくれる慣性モーメントの大きなパターを選ぶのがいいと思います。

　昔からゴルフをしている方はブレードタイプのパターから入っているので、大型ヘッドのネオマレットタイプに抵抗がある人も多いのですが、これから始めるという方はよりミスに強い大きなヘッドでスタートしたほうが、安心感を持てると思います。

　フェースがどちらを向いているかわからず、方向性に不安があるという方は、2ボールなどアライメントがしっかりしているものを選ぶといいと思います。方向性に自信が持てると距離感に集中できるようになるので、安定したパッティングにつながりますからね。

　また以前もお話しましたが、ビギナーは目線の下にボールをセットできていない人が多いです。長さが合っていないことが原因になっていることも多いですね。パターの長さは33インチと34インチがメインなので「わずか1インチの差」と思われるかもしれませんが、違いは出てきます。最初はご自身でわからないと思いますので、遠慮せずに店員に相談してください。

※現行モデルをのぞいた2025年2月のパターランキングです。価格は3月24日現在、ゴルフドゥのウェブサイトに掲載されている新品商品以外の商品価格を基にしています。
取材協力:ゴルフドゥ
ゴルフドゥ花小金井店 店長・岡部昭人（おかべ・あきひと）さん
1974年3月8日生まれ 東京都出身。ほとんどのクラブ、シャフトを試打しており、様々なゴルファーのクラブ選びの相談に乗ってくれる。特技はサックス。趣味はスポーツ観戦、釣り、広島東洋カープ。
下山江美",[],[]
全てのクラブを統一させないと気が済まない！ “バランス信者”は絶滅したのか？ D2やらD3やら…バランスとは一体（ゴルフのニュース）,https://news.yahoo.co.jp/articles/24bbaee0ce989c46ef0b37d2da63d03dcb9e442e,https://newsatcl-pctr.c.yimg.jp/t/amd-img/20250328-10176816-egolf-000-3-view.jpg?exp=10800,2025-03-28T14:10:00+09:00,2025-03-28T17:18:01+09:00,ゴルフのニュース,egolf,e!Golf,1777,"バランスとはクラブの『ヘッドの利き具合』を表す数値
「全てのクラブのバランスを統一した方が良い」という人がいますが本当なのでしょうか。実際にゴルフクラブのカタログやクラブのラベルにもバランスが記載されており、何となく大事な数値なのだろうなと感じている人は多いと思います。しかし近年メディアでは、そこまで重要視しなくても良い数値といわれることも多いです。今回はクラブのバランスについて解説しようと思います。（文／クラブフィッター・石井建嗣）
【ビシッと伸びた左腕！】これがカッコいいフォローが決まる片手打ち練習のやり方です
バランスとはクラブの『ヘッドの利き具合』を表す数値
そもそもバランスとはクラブの『ヘッドの利き具合』を表す数値です。振り心地はもちろん、ワッグルした時に感じるヘッドの重さを数値化したものと思ってもらえば良いと思います。例えば同じ長さでかつ総重量も同じクラブでも、バランスが軽いものと重いものを打ち比べるとプレーヤーが感じる振り心地が変わってきます。もちろんどちらが良いというのは個々のプレーヤーによって変わりますが、一般的には非力な方は軽めのバランス、ハードヒッターになればなるほど重めのバランスが合うといわれています。

　ちなみにバランスは専用の機械で測定します。グリップエンドから14インチの場所を支点にしてヘッド側がどれくらい重いかを、AからEまでのアルファベットと数字の組み合わせで表します。A0が一番軽く、A1、A2、A3…という順に重くなっていきます。A9の次はB0になり、その流れでB9の次はC0になるという感じです。最後はE9になりますが、ここまで重いバランスのクラブは滅多にありません。

　一般的な男性ゴルファーだとD2付近がヘッドの感じ方が一番良いという人が多く、市販されているクラブもこの付近が多いです。ただ先ほども少し話しましたが、非力な方はここまで重いバランスは合わないことが多いです。そういう点からもシニア用のクラブはCバランスが多く、レディスモデルはBバランスの製品が多くなっています。
近年においては極端に気にする数値ではない
では、バランスは重要な数値なのかという話に移りますが、個人的には以前ほど重要視しなくても良い数値だと思っています。というのもバランスはグリップエンド付近を持った時に感じる重さを表す数値です。これを指2本分短く持つだけで本来D2だったバランスがD0程度の感覚に変わります。こうなってくると実際の数値より軽いバランスのクラブを振っているのと同じ感覚になるので本来のD2という数値があまり意味をなさなくなります。

　ただ語弊があってはいけませんので補足しておきますが、実際に私がクラブを作成する際にバランスを測らないかと言われると絶対に測ります。要は以前よりバランスの優先順位が下がっただけと思ってください。私の場合は『重さ、長さ、硬さ』の3要素が最重要項目で、その後にシャフトの調子やバランスを考えます。絶対に無視する数値ではないですが、以前ほど重要視されない数値になったのは事実です。

　ここからは完全に私個人の意見ですが、10年以上前は近年ほどゴルフクラブを数値化できる機械が少なかったためバランスが重要視されていたのだと思います。同時にヘッドやシャフトの選択肢が少なかったのも、バランスに頼る理由になったと考えられます。しかし近年はバランス以外にさまざまな数値を測れる機械が増えてきたこともあり、他の部分の重要度が増してきたといえます。

　また、クラブの選択肢が増えたため、従来のバランスの計測方法にも懐疑的な意見が増えてきました。今後もバランスの概念が無くなることはないと思いますが、そこまで極端に気にする数値ではありません。
【解説】石井 建嗣（いしい・たけし）
香川県丸亀市で「ゴルフショップイシイ」を営むクラブフィッター。フィッター界の第一人者である浅谷理氏に師事し、クラブ&パターフィッター、TPIインストラクター、ゴルフラボ公認エンジニアの資格を持つ。ゴルフはHDCP「9.9」の腕前だが、自身のプレーより他人のクラブを“診る”ことに喜びを感じる職人肌。出演するYouTubeチャンネル「ズバババGOLF」では軽快なトークで人気を集める。
石井建嗣",[],[]
【中間速報】稲見萌寧と小林光希が4アンダー首位　1差に安田祐香ら　菅楓華は3差で追走（ゴルフのニュース）,https://news.yahoo.co.jp/articles/265f75dd205d455df41f8a9197890af15e82df4e,https://newsatcl-pctr.c.yimg.jp/t/amd-img/20250328-10177563-egolf-000-7-view.jpg?exp=10800,2025-03-28T13:09:35+09:00,2025-03-28T16:38:08+09:00,ゴルフのニュース,egolf,e!Golf,604,"「アクサレディス in MIYAZAKI」初日
◆国内女子プロゴルフ 第3戦
アクサレディス in MIYAZAKI　3月28～30日　UMKカントリークラブ（宮崎県）　6538ヤード・パー72
【動画】菅楓華が2番で傾斜を読み切りバーディーを奪取！ これが実際の映像です
国内ツアー第3戦が28日に宮崎で開幕。予選の第1ラウンドが進行しており、全36組108人がハーフターンした。
トップを走る小林光希　写真：Getty Images
終盤をプレー中の小林光希とツアー13勝の稲見萌寧が、4アンダーまで伸ばし首位に立っている。

　首位と1打差の3アンダー3位タイに安田祐香、吉本ここね、荒木優奈の3人が続いている。

　さらに1打差の2アンダー6位タイグループに、昨季のポイントランキング4位の小祝さくら、河本結、佐久間朱莉、阿部未悠、佐藤心結らが並んでいる。

　続く1アンダー18位タイグループには、宮崎県出身で今季開幕戦から2戦連続2位に入った19歳の菅楓華、同県出身の脇元華、政田夢乃、笠りつ子、小林夢果らが並んでいる。

　8時に第1組でスタートした注目のルーキー、青木香奈子、吉田鈴はイーブンパー38位タイで並び終盤をプレーしている。

　ディフェンディングチャンピオンの臼井麗香は、23年大会覇者で地元出身の山内日菜子らと並び、1オーバー56位タイで折り返している。
ゴルフのニュース編集部",[],[]
キャロウェイ“ミニドラ”に待望の新作！ スイングスピードが上がるという「ELYTE MINI」は何が進化した？（ゴルフのニュース）,https://news.yahoo.co.jp/articles/6c8b4d06f32428705f6fc7681c5c84ac214980bf,https://newsatcl-pctr.c.yimg.jp/t/amd-img/20250328-10177409-egolf-000-3-view.jpg?exp=10800,2025-03-28T12:14:00+09:00,2025-03-28T13:58:02+09:00,ゴルフのニュース,egolf,e!Golf,655,"前作と同じヘッド体積340ccを維持
キャロウェイが、昨年大きな話題となった「パラダイム Ai スモーク Ti340 ミニ」の発売から1年もたたないうちに、新作の「ELYTE MINI」ドライバーを4月18日より発売すると発表しました。
【写真】「ELYTE MINI」はどのくらい小さい？ 通常「ELYTE」とアドレスの見え方を比較
キャロウェイの新作「ELYTE MINI」ドライバー
「ELYTE MINI」は、前作と同じヘッド体積340ccを維持しつつ、最新の「Ai 10x FACE」を採用。これにより、フェース面のコントロールポイントが大幅に増加し、最適な弾道補正が可能になったとしています。

　さらに、ソール後端には3カ所のウエートポートを配置し、ドロー・ニュートラル・フェードの弾道調整が可能。ソール前方には約5グラムのスクリューウエートを搭載し、低重心化に貢献しているようです。

　クラウン部分には、航空宇宙分野でも使用されている「サーモフォージドカーボン」を採用。これにより、より高い精度で設計通りに製造できるだけでなく、前作以上に心地よい打球音を実現したといいます。

　新たな3Dプリンター技術の活用で、空気抵抗を大幅に削減。前作よりもスイングスピードの向上が期待できるようです。

　価格は、8万8000円（税込み）です。

【「ELYTE MINI」ドライバーのスペック】
長さ：43.5インチ
ヘッド体積：340cc
ロフト角：11.5度、13.5度
ライ角：57度
野中真一",[],[]
ゴルフ場の“ジャケット着用問題”に賛否両論 「ルールがあるなら従うべき」「現代風にアップデートして」と飛び交う意見（ゴルフのニュース）,https://news.yahoo.co.jp/articles/81c466afb92964184ba397ba5df02e5c5949fbde,https://newsatcl-pctr.c.yimg.jp/t/amd-img/20250328-10177331-egolf-000-9-view.jpg?exp=10800,2025-03-28T12:04:00+09:00,2025-03-28T20:37:39+09:00,ゴルフのニュース,egolf,e!Golf,1102,"ルールを守るべきか、それとも変えるべきか
本サイトが3月14日に配信した「なぜジャケット着用でゴルフ場に行かねばならないのか？ 仕方なく着てったら“自動チェックイン機”て…」の記事に多くの反響がありました。
【画像】ピチピチのシャツで乳首が浮いてるのはNO！ これが女性から見た「NGな男性ゴルファー」5選です
名門ゴルフ場の多くはジャケットの着用を義務付けている　写真：PIXTA
同記事は、ゴルフ場のジャケット着用義務は英国の社交クラブの伝統に基づいている一方で、大衆向けや準名門に位置するようなゴルフ場では形骸化していると指摘したもの。寄せられた数多くの意見の中から、一部を抜粋して紹介します。

「ほかのメンバーが不快にならないようジャケットを着用するべき」

「会員制クラブでのジャケット着用は前提」

「クラブのルールがあるなら従うべき」

　コメントではクラブの伝統やルールを尊重し、不快と思われるような格好は避けるべきと述べています。ルールが緩くなればゴルフ場の秩序が乱れ、配慮のない人の集まりになると嘆いている人も多く見られました。

　続いては、時代に合わせてジャケット着用のルールを変えるべきとする意見です。

「ゴルフ場も現代風にアップデートしてほしい」

「欧米をマネすれ良いということとは違う」

「若者を取り込みたいならルールを変えるべきでは？」

　寄せられた意見の中には、ビジターの来場で経営が成り立つゴルフ場において、ジャケット着用を普及させること自体に“無理があるのでは？”といった声も。ゴルフ場に新規ゴルファーや若者を呼びたいのであれば、伝統にこだわる姿勢を“変えるべき”と考える人も一定数いるようです。
「自分が求めるゴルフに合ったコースで、そこのルールに従えばいい」という声も
賛否両論あるジャケット着用問題ですが、中でも一番多かったコメントはそれらの主張から距離を置いた意見でした。

「ドレスコードが嫌ならそのゴルフ場へ行かなければいいだけ」

「ゴルフ場にはそれぞれ個性もあるし、好きなところに行けばいいと思う」

「自分が求めるゴルフスタイルに合ったコースで、そこのルールに従えばいい」

　また、中には「一流のゴルフ場であろうと三流のゴルフ場であろうとジャケットを着ていく」といった声も。ドレスコードの程度をゴルフ場の格で判断せず、指摘されることがないジャケットが最も無難であると考える人もいました。

　たびたび議論の的なるゴルフ場のドレスコード問題。これらのコメントを聞いたうえで、皆さんはどのような意見をお持ちでしょうか。
LUIS FIELD",[],[]
「なんと華やかなエスカレーター」 ウエア姿で食事会に集う豪華女子プロたちの“貴重すぎる”オフムービーが話題に（ゴルフのニュース）,https://news.yahoo.co.jp/articles/573558f3fce7d34bc9ecdb302f266a5f61b72d6b,https://newsatcl-pctr.c.yimg.jp/t/amd-img/20250328-10177540-egolf-000-7-view.jpg?exp=10800,2025-03-28T11:51:00+09:00,2025-03-28T21:17:53+09:00,ゴルフのニュース,egolf,e!Golf,853,"「選手たちがまぶしい笑顔で登場」
日本女子プロゴルフ協会（JLPGA）が公式インスタグラムを更新。選手たちのオフムービーを公開しました。
【動画】臼井麗香、小祝さくら、政田夢乃、河本結… 総勢26人の女子プロが集結した超豪華な食事会 話題を集める“エスカレーター”での登場シーン これが実際の映像です
（左から）臼井麗香、小祝さくら ※写真は「Vポイント×SMBCレディス」　撮影：鈴木祥
きょう開幕した国内女子ツアー第3戦「アクサレディス」。

　賞金総額1億円、優勝賞金1800万円をかけた争いが3日間の日程で行われ、宮崎県・UMKカントリークラブを舞台にした熱戦の火蓋が切られました。

　そんな中、開幕前日の27日の投稿では1本の動画をアップ。同日に開催予定であったプロアマ大会が「あいにくの悪天候で中止に」と明かしたものの、「変更となった食事会には、選手たちがまぶしい笑顔で登場」と、エスカレーターに乗って会場に続々と集まる選手たちの姿を捉えた動画を公開しています。

　冒頭に登場したのは、ディフェンディングチャンピオンの臼井麗香と鶴岡果恋。2人が朗らかな笑みを浮かべ、カメラに向かって軽く手を振る姿をキャッチしています。さらに、女子ゴルフ界の“顔”でもある今シーズンのブライトナーたちは、小祝さくら、青木瀬令奈、吉本ひかる、櫻井心那、蛭田みな美、河本結の順で会場入り。

　また、永峰咲希、堀琴音、安田彩乃のトリオはカメラ目線でピースサインを決めたものの、「動画？」と勘違いするおちゃめな一面も。そのほかにも、開幕から2戦連続2位と好調を維持する菅楓華、ツアー初優勝を狙う佐久間朱莉らトッププロたちが顔をそろえ、豪華な食事会となった様子がうかがえます。

　試合中の真剣な表情とは打って変わった選手たちの貴重な姿が垣間見えるこの投稿に、ファンからは「なんと華やかなエスカレーター」「参加したい」「豪華絢爛」「東京から応援に来ましたよー」などのコメントが寄せられています。
LUIS FIELD",[],[]
「ゴルフは家族の敵」だったのは昭和の話!? 令和時代のゴルフは「家族の絆を深めるスポーツ」になりつつあるの？（ゴルフのニュース）,https://news.yahoo.co.jp/articles/29a06ae80a182628d2886fe37049a348db4edb3c,https://newsatcl-pctr.c.yimg.jp/t/amd-img/20250328-10177509-egolf-000-2-view.jpg?exp=10800,2025-03-28T11:10:00+09:00,2025-03-28T13:17:54+09:00,ゴルフのニュース,egolf,e!Golf,1750,"「ゴルフは家族の敵」だと思われていた時代があった
インターネットでタレントの勝俣州和さんのインタビュー記事を読んでいたところ、ゴルフに関する気になる記述を見つけました。勝俣さんは結婚と同時に、芸能界のつき合いで必要なゴルフをやめたそうです。その理由が次のように記されていました。
【写真】バレたら“永久追放”!? これがマスターズで“持ち込み厳禁”の品目です
「家族にとって、いちばんの敵だと思ったんです。休みの日に早朝から行かないといけないし、ふだんも練習に時間を取られる。子供からすると、ゴルフにお父さんを持っていかれる感覚になる。僕の親父は趣味のバイクをやめて、子供第一に考えてくれましたからね。その影響も大きかった」（女性自身2月16日配信記事を引用）
長い間「おじさんのスポーツ」といわれ続けてきたゴルフ　写真:PIXTA
今の時代は「ゴルフは家族の敵」という印象はだいぶ薄れてきましたが、昭和の時代は明らかにそう思われていました。

　週休二日制が定着する前は、サラリーマンは日曜日しか休みがありませんでした。その日曜日に父親がゴルフに行こうすると、「お父さん、今週もまたゴルフなの。いい加減にしてよ」と妻に責められ、父親が「仕方がないだろう。仕事のつき合いなんだよ」と言い訳するシーンがドラマでしょっちゅう流れていました。

　勝俣さんが結婚されたのは2002年10月ですから、昭和の時代はとっくに終わり、平成に元号が替わって14年が経過していましたが、そのころもまだ「ゴルフは家族の敵」というイメージが残っていました。

　2002年当時、筆者はゴルフ週刊誌の編集部に在籍していましたが、「ゴルフでシングル（ハンディ）を目指すとシングル（独身）になる」というフレーズが読者投稿ページでよく使われていました。

　ゴルフ雑誌はゴルフが上手になりたい人向けの読み物ですから、逆の見方をするとゴルフがなかなか上手にならない人たちが読んでいるわけです。その人たちは「ゴルフが上手になるのはいいことばかりではない」ということを心のよりどころにしていました。
夫婦でゴルフを楽しむ人がめちゃめちゃ増えた
2002年ごろまでは「ゴルフは家族の敵」であると同時に、「ゴルフは男のスポーツ」であり、「おじさんのスポーツ」でもありました。会員制のゴルフ場は女性の入会を制限していましたし、女性は日曜日にプレーできないゴルフ場もありました。

　プロゴルフの世界も男子ツアーは尾崎将司選手、青木功選手、中嶋常幸選手らの活躍で人気がありましたが、女子ツアーは樋口久子選手や岡本綾子選手らが国内外で活躍していたものの、人気はそれほど高くありませんでした。

　そんな流れを一気に覆したのが宮里藍選手でした。2003年9月の「ミヤギテレビ杯ダンロップ女子オープンゴルフトーナメント」で当時高校3年生だった宮里選手がアマチュア優勝の快挙を達成すると、女子プロゴルフブームが巻き起こりました。この出来事をきっかけに若い女性がゴルフを始めるようになり、女子ゴルフブームも起こりました。

　宮里選手が快挙を達成した4年後の2007年には石川遼選手が日本中をあっと驚かせました。2007年5月の「マンシングウェアオープンKSBカップ」で、当時高校1年生だった石川選手がプロゴルフトーナメント初出場でアマチュア優勝の快挙を成し遂げたのです。

　この2つの快挙によって、ゴルフは男性だけでなく女性も楽しむスポーツになり、おじさんだけでなく若者も楽しむスポーツへと変貌を遂げました。そのころからゴルフ合コンというイベントが開催されるようになり、ゴルフを通じて出会った男女がカップルになったり、結婚したりするケースが増えました。ゴルフを通じて結婚した夫婦は、当然ですが一緒にゴルフに行きます。

　昭和時代にゴルフを始めた人たちも、子育てがひと段落した後に夫婦で共通の趣味を持とうと話し合ったとき、ゴルフを選ぶケースが多いようです。

　そんなわけで、今は「ゴルフは家族の敵」ではなく、「家族の絆を深めるスポーツ」になりました。わずか20年ほどでこれほどまで大きくイメージが変わったスポーツは他にないかもしれません。
保井友秀",[],[]
勝みなみがハーフの自己最高「29」をマーク！ 7アンダー3位発進　岩井明愛と古江彩佳が6アンダー11位（ゴルフのニュース）,https://news.yahoo.co.jp/articles/9e9f543b6f8fef57067d45ea56a4dee113f0a154,https://newsatcl-pctr.c.yimg.jp/t/amd-img/20250328-10177528-egolf-000-3-view.jpg?exp=10800,2025-03-28T11:01:55+09:00,2025-03-28T13:17:54+09:00,ゴルフのニュース,egolf,e!Golf,943,"米国女子プロゴルフ「フォード選手権」
◆米国女子プロゴルフ
フォード選手権　3月27～30日　ワールウインドGC（アリゾナ州） 6661ヤード・パー72
【動画】これが勝みなみの初日ハイライトとインタビューです
勝みなみが1イーグル8バーディー、3ボギーの「65」をマーク。首位と2打差の7アンダー3位タイで発進した。

　1番でピン右奥から4メートルを沈めてバーディーを先行させたが、その後3つのボギーを喫し、一時は2オーバーとなった。しかし、グリーン外から5メートルを沈めた8番以降、スコアを伸ばし続けリーダーボードを駆け上がった。

　後半は12番パー5のイーグルを含めて、ハーフの自己最高「29」をマーク。「初めてハーフ20台が出たので、すごくうれしかった」と笑顔を見せた。
ハーフの自己最高「29」をマークした勝みなみ　※写真は「Vポイント×SMBC レディス」　撮影：鈴木祥
イングランドのチャーリー・ハルが、ボギーなしの9バーディーでプレー。「63」をマークし9アンダーで単独首位に立っている。首位と1打差の8アンダー2位にデンマークのナンナ・コルザ・マジソンが続いている。

　その他の日本勢は、岩井明愛と古江彩佳がともにボギーなしの6バーディー「66」でプレーし、6アンダー11位タイで勝に続いている。

　さらに1打差の5アンダー17位タイに畑岡奈紗がつけている。4アンダー30位タイで馬場咲希が続いている。

　3アンダー43位タイで竹田麗央と笹生優花が並んでいる。西郷真央は1アンダー77位につけている。

　西村優菜、渋野日向子、岩井千怜が1オーバー110位タイ。前週の国内ツアーで2年ぶりに優勝した吉田優利、山下美夢有は2オーバー127位タイと出遅れている。

＜主な順位＞
1／－9／チャーリー・ハル
2／－8／ナンナ・コルザ・マジソン
3T／－7／勝みなみ　ほか
11T／－6／岩井明愛、古江彩佳　ほか
17T／－5／畑岡奈紗　ほか
30T／－4／馬場咲希　ほか
43T／－3／竹田麗央、笹生優花　ほか
77T／－1／西郷真央　ほか
110T／＋1／西村優菜、渋野日向子、岩井千怜　ほか
127T／＋2／吉田優利、山下美夢有　ほか
ゴルフのニュース編集部",[],[]
年間ラウンド数200回オーバーの会員権業者が選ぶ「富士山を臨む絶景コース」4選（ゴルフのニュース）,https://news.yahoo.co.jp/articles/4f149024f7ab92f0fe8c34a66d6b17537c08c781,https://newsatcl-pctr.c.yimg.jp/t/amd-img/20250328-10177340-egolf-000-5-view.jpg?exp=10800,2025-03-28T10:10:00+09:00,2025-03-28T18:37:56+09:00,ゴルフのニュース,egolf,e!Golf,2525,"静岡で富士を愛でるなら朝霧ジャンボリーGC＆富嶽CC
いつの時代もゴルファーに人気の高いのが、富士山を臨む絶景コース。美しく雄大な富士山を目の当たりにしながらプレーする機会に恵まれたプレーヤーなら、誰もがその再訪を心待ちにするのではないでしょうか。
【写真】一度はプレーするべき!? 名匠・井上誠一設計のゴルフ場3選
僕はここ10年、年間プレー回数が毎年200回を超えていますが、なかでも天気のよい日に富士山を愛でつつラウンドするというのは、やはり格別な思いがあります。

　そんな僕が、数ある静岡サイドのゴルフ場のなかで特にオススメしたいのは、朝霧ジャンボリーゴルフクラブ（静岡県富士宮市）と富嶽カントリークラブ（静岡県静岡市）の2コースです。
朝霧ジャンボリーGC富士C2番（パー4）から見える富士山　写真提供:加賀屋ゴルフ
朝霧ジャンボリーGCは甲斐、富士、駿河の3コース全27ホールからなるゴルフ場で、すべてのホールから富士山が見えます。個人的には富士山が雪化粧をした姿を拝める5月や１１月のよく晴れた日のラウンドが好きですが、春夏秋冬、四季折々の草木や花々に囲まれてプレーするのも素晴らしいと思います。

　富士山ももちろんいいのですが、朝霧ジャンボリーの松は少し変わっていて、そのほとんどが二股や三股に分かれており、何ともいえないよい風情を醸し出しています。高さが出ないようキレイに剪定するというのが慣わしなのかもしれませんね。細部に渡り、しっかり剪定されているという印象を受けました。

　コース自体はとても広々としていて、それほど難しいハザードもなく、いいスコアが期待できるレイアウトだと思います。行かれたことがない方には、ぜひオススメしたいコースですね。「これぞ富士山！！」を心から味わえると思います。

　そして静岡サイドからもう１コース。富嶽CCも富士山を臨む絶景コースです。
「数年前の正月に訪れた富嶽CC。新年の富士参拝です！」と前田さん　写真提供:加賀屋ゴルフ
白鳥コースと宝永コースの全18ホールからなる富嶽CCも、すべてのコースから富士山の壮麗な姿を拝むことができます。

　ティーグラウンドに立って、ふと横を見た瞬間。またフェアウェイを歩き、ちょっと振り返った瞬間にも富士山があり、その雄大さにただただ目を奪われます。

　富嶽CCはクラブハウスも洒落ていて、とても高級感のあるゴルフ場でして、スタッフやキャディーさんの挨拶も気持ちよく、ホスピタリティの高さが感じられます。経営母体はカバヤグループで、茨城県にあるザ・ロイヤルゴルフクラブと同じ。茶店にはカバヤ食品のお菓子が無料で置いてあります。

　富嶽CCはザ・ロイヤルGC同様、距離が長いタフなチャンピオンティー（フルバック7879ヤード）が印象的。飛ばし自慢のプレーヤーを待ち受けます。

　ベストシーズンのビジター料金は「おっと！」と、つい声が出てしまうくらい少々お高いですが、実は富嶽CCは蓼科高原カントリークラブ（長野県茅野市）とレシプロ関係にあります。

　ですから、蓼科高原CCの会員が同コースから富嶽CCの予約を入れれば、お得な割引料金でプレーできます。もちろん同伴者もOK。ご友人に蓼科高原CCのメンバーさんがいらっしゃれば、お得にラウンドできるかもしれません。
山梨サイドの“富士山ドーン”なら河口湖CC＆富士GC
山梨でゴルフするなら、ぜひオススメしたいのが河口湖カントリークラブ（山梨県南都留郡）＆富士ゴルフコース（山梨県南都留郡）。いずれも富士の裾野の地形を巧みに活かした素晴らしいコースです。

　河口湖CCを訪れる時、まず東富士五湖道路・富士吉田ICから降りたとたんにドーンと現れる富士山に圧倒されます。全27ホールからなるコースは広大な国立公園内に位置しており、富士山麓の大自然を余すところなく楽しめるレイアウトになっています。
富士山に向かって放つショットは爽快そのもの（河口湖CC）　写真提供:加賀屋ゴルフ
コースを彩る緑豊かな森林、そして点在する多数の白砂バンカーが特徴的なコースは、さすが標高約1000メートルに位置するだけあって、本当によくボールが飛びます。いや、むしろ飛びすぎるほどなので番手選びが重要になります。

　さらに富士山からの傾斜や芝目があり、注意が必要です。グリーン周りには富士山の方向を示す看板を吊るした小さな木が配されるなど、細やかな心遣いは、さすがです。

　河口湖CCは富士山が見える練習場も素晴らしい。クラブハウスからちょっと距離のある練習場にいくと、いつも多くのメンバーさんが練習に勤しんでいる姿に出会えます。

　富士山に向かって打てる贅沢なドライビングレンジや広々としたアブローチ・バンカー練習場など、時間が許せばずーっと練習していたくなるほどの充実ぶりです。

　そして山梨サイドのもう一つのオススメが富士GCです。昭和10年に開場、山梨県では一番歴史のある全18ホールの富士GCは富士急グループが運営していますが、本当に気持ちのいい接客がお見事で行く度に素晴らしいと感じます。
コースの至る所にさまざまな表情を持つ富士山がお目見え（富士GC）　写真提供:加賀屋ゴルフ
コース自体は万人向きで、いやらしいホールが少なく、のびのびとプレーできます。フェアウェイはかなり平らで、この辺りでは一番平らな部類ではないかと思われます。

　期待通り、晴れた日には富士山も至る所から見えますし、さらに山中湖が見えるホールもあるので景観は申し分ありません。ラッキーなプレーヤーは野生の鹿に遭遇できるかもしれません。

　時を超えてゴルフプレーヤーに愛され続ける富士山絶景のゴルフ場。まだ体験されていない方は、ぜひ一度この醍醐味を味わっていただきたいと思います。
【監修】加賀屋ゴルフ　前田信吾代表
ゴルフ会員権取引を行う加賀屋ゴルフ代表取締役。ここ10年は、2日に1回の割合でラウンドを楽しむゴルフの達人（2024年は年間213回）。独自の視点を生かしたゴルフ場の比較＆検討に定評アリ。
月夜野いおり",[],[]
【速報】今季第3戦が宮崎で開幕！ 注目のルーキー・青木香奈子、都玲華、吉田鈴はいずれもボギー先行（ゴルフのニュース）,https://news.yahoo.co.jp/articles/04c71bc225902c5bee4384c87a5f5593b7f02903,https://newsatcl-pctr.c.yimg.jp/t/amd-img/20250328-10177514-egolf-000-6-view.jpg?exp=10800,2025-03-28T09:44:47+09:00,2025-03-28T11:57:50+09:00,ゴルフのニュース,egolf,e!Golf,706,"前年大会は臼井麗香が悲願のツアー初優勝を遂げた
◆国内女子プロゴルフ 第3戦
アクサレディス in MIYAZAKI　3月28～30日　UMKカントリークラブ（宮崎県）　6538ヤード・パー72
【動画】弾ける笑顔にギャラリーも視線くぎ付け… 「新しいスターの誕生」と呼び声高いルーキー・青木香奈子のプロデビュー戦 これが実際の映像です
国内ツアー第3戦が28日に宮崎で開幕した。賞金総額1億円、優勝賞金1800万円をかけて108人が争う。
青木香奈子　写真：鈴木祥
トップの8時に同組でスタートした注目のルーキー3人、青木香奈子、都玲華、吉田鈴はいずれもボギーを先行している。現在7ホールを消化し、青木と都が1オーバー31位タイ、吉田が2オーバー51位タイでプレーしている。

　バーディーを先行した小林光希、大里桃子、小林夢果、吉本ひかる、阿部未悠、金田久美子がトップの1アンダーでプレーしている。

　前年覇者の臼井麗香はこの後10時10分に、23年大会覇者で地元・宮崎県出身の山内日菜子、脇元華とともにティーオフする。

　同県出身で今季開幕戦から2戦連続2位に入った19歳の菅楓華、ツアー通算11勝で昨季のポイントランキング4位の小祝さくら、同2勝で同7位の河本結の3人は、10時10分にスタートする。

＜初日の主な組み合わせ＞
10時00分　柏原明日架、新垣比菜、鈴木愛
10時10分　山内日菜子、脇元華、臼井麗香
10時20分　荒木優奈、政田夢乃、安田祐香
10時30分　菅楓華、河本結、小祝さくら
10時40分　佐久間朱莉、中村心、桑木志帆
※いずれも1番ホールスタート
ゴルフのニュース編集部",[],[]
３分で球見つからず“２打プラス”って厳しすぎない？ 時短かつキャディー不在なら“プラ１”で許してよ／木村和久『ゴルフ＝レジャー宣言』（ゴルフのニュース）,https://news.yahoo.co.jp/articles/233ba0e949f8b6c06c8d841331732dd7c5fa0db9,https://newsatcl-pctr.c.yimg.jp/t/amd-img/20250328-10177227-egolf-000-10-view.jpg?exp=10800,2025-03-28T09:10:00+09:00,2025-03-28T15:18:10+09:00,ゴルフのニュース,egolf,e!Golf,2672,"昔と今のボール捜索能力を比較すると今は半分以下（木村調べ）
今回は2019年の大規模なルール改正で残念になったルールを考察します。6年前にピン差しパター打ち、OBの簡易的な処置、ドロップの簡略化など歓迎できるルール改正がありました。一方、「これはちょっとどうなの？」というものもあります。それがボール探しを5分から3分に短縮したことです。
【写真】ロフトを立てた構えで失敗する人が多い！ これが正しく構えてヘッドを上から見た時の景色です
曲がる上にキャディーもギャラリーもいない一般アマチュアがロストしないなんて無理　写真：PIXTA
3分ルールはプレーをスムーズに進行させ、ラウンド時間を短縮させる効果があり、その点だけ見れば、良いルール改正に見えます。しかし、3分以内にボールが見つからないとロストボールとなり、1罰打を付加して最初に打った地点から打ち直しとなってしまいます。ですが、普段のラウンドでは、実質“2ペナ”と解釈して“その辺”から打つか、前進ティーから4打目で続けるかのローカルルールでプレーしている人が多いでしょう。

　では、5分と3分では具体的に何が違ってくるのでしょうか？　

　記憶をたどって昔と今のボール探しを比べてみましょう。まずはボールの捜索能力比較です。例えば一人で1分間ボールを探す捜索能力を1としましょう。20年前だと5分捜索できたので、4人でプレーすれば4人×5分で都合20ポイントの捜索能力です。それに当時はたいがいキャディーさんがいました。

　キャディーさんのボール捜索能力はズバ抜けており、われわれの倍以上の能力があります。だから5分で10ポイントの計算にします。結果、20年前は5分間ボールを探すと、30ポイントのボール捜索能力を発揮できたのです。

　これが現在のボール捜索能力はというと、セルフプレー全盛ですからキャディーさんはいません。4人で3分間ボールを探した場合の捜索能力はたったの12ポイント。キャディーさんのボーナスポイントはつきません。

　どうです？　20年前に比べてボール探し能力が半減以下になりましたね。実際は同時に複数のプレーヤーがボールを見失うこともあり、さらに3サムや2サムも増えているので、もっとボールが探しにくくなっています。

　しかもその3分を計測している人はまれで、なんとなくですか。実際は後ろの組の動きを見ながらボールを探しています。そして後続組が追いついてきたら「じゃ、ロストで」といって、紛失地点近辺から納得いかない表情をしながら4打目を打つのです。

　つまり何が言いたいかというと、ボール探しはより難しく時間も短くなっているのに対し、受けるペナルティーが大きすぎるのではないかということ。2打も足さなきゃいけないなら、もっと丁寧に時間をかけて納得いくまでボールを探させてくれよ、ということです。ただ、これにはいくつかの対処法があるので紹介しておきます。
異常なコース状態を拡大解釈
異常なコース状態と認められた場合は無罰でドロップできます。日本では高原コースなどで「枯れ葉ルール」として、大量の落ち葉にボールが埋まって探せなくなった場合、無罰で救済を受けられるローカルルールを掲示板に告知していることがあります。

　これを仲間内のローカルルールにも適用し、落ち葉が多いとかラフが長くてボール探しに手間取る場合は、同伴競技者の承諾を得て無罰でドロップしてはどうでしょうか。

　でも、そうはいかないケースももちろんあります。では、ちなみにですが、他の国でボール探しはどうやっているのでしょうか。
米国のロストボール事情
過去に何回かグアムやハワイ、LAなどでゴルフをしました。現地の人と一緒に回り、ロストボールの処理を見てカルチャーショックを受けたことがあります。

　結構長いラフにボールが飛ぶや、彼らは2～3歩ラフに分け入ると即座にボールを拾い、何食わぬ顔をして打っていました。

　えらくボールを見つけるのが早いなと思いつつ、今度はこっちがラフへボールを入れます。どれどれとボール探しを始めるも自分のボールは見当たらず、代わりにロストボールが山ほど出てきました。

　何のことはない、さっきの人は他のボールを拾ってノーペナで打っていたのです。ゴルフは遊びなんだから、これでいいじゃんといわんばかりの対応です。

　日本人がボールをせっせと探し、ないなら2打付加と言ってるのが、もの凄く生真面目に見え、かつ滑稽に感じました。
日本でプライベートルールを作ろう
アメリカンなアバウトルールはさておき、日本でもボール捜索時間が減ったのだから、ロストボールは1打付加ぐらいで許してほしいです。

　周りにも同じような考えの人が結構いて「時間があればボールが発見できて無罰になったかも。それがOBと同じ扱いの2打付加になるのは納得いかない」と言う意見は多いです。

　実は皆さん同様のことを考えていたのです。というわけで、身内のラウンドではロストボールになったら1打付加でよろしいにしています。

　あくまで、そのパーティー内だけの特別プライベートルールです。試しに採用してみるのはいかがでしょうか。ロストボールになった時のストレスが軽減されますよ。
ロストボールを未然に防ぐ方法
それでは、ロストボールになりそうな人はどういう人でしょうか？　それはボールの球筋が安定していない人です。あと視力が弱いなどで打ったボールを目で追うのが苦手な人です。だから、ボールをなくしがちな人は初めての同伴プレーでもすぐに分かります。

　こういう人たちを見て、ボールを見失いがちだなと気付いたら手助けをしましょう。プレーヤーに断りを入れて、打席のやや後ろに立ち、ボールの行方を見極めてあげるのです。

　みんなで集中してボールの行方を見ていれば、比較的ロストボールを未然に防げます。

　そもそもアマチュアのプライベートラウンドを、公式ルールでやるのは限界があると思います。プライベートラウンドルール、ビギナー＆アベレージルールを作って、レジャー濃度を上げ、楽しくラウンドした方が良いと思いますね。

文／木村和久
1959年生まれ、宮城県出身。株式投資から大衆文化まで、さまざまなジャンルで“現代”を切り取るコラムニスト。有名ゴルフ媒体へも長く寄稿してきており、スイング理論やゴルフ場設計にも造詣が深い。近年はマンガ原作者としても活躍。
木村和久（コラムニスト）",[],[]
「ヒールアップ」と「ベタ足」の一長一短って何? 自分に合っているのはどっちなのか知りたい！（ゴルフのニュース）,https://news.yahoo.co.jp/articles/9d18ce06659771f1515f9b6fda3b765cec35accd,https://newsatcl-pctr.c.yimg.jp/t/amd-img/20250328-10177276-egolf-000-3-view.jpg?exp=10800,2025-03-28T08:10:00+09:00,2025-03-28T11:57:50+09:00,ゴルフのニュース,egolf,e!Golf,2255,"「ベタ足」はインパクトで右ヒザが前に出ず芯に当たる
スイング向上を目指して悩んだことがある人は、「ヒールアップ」と「ベタ足」のどちらがいいのか考えたことがあるのではないでしょうか。バックスイングからトップにかけて、左カカトを地面から浮かせる「ヒールアップ」か浮かせない「ベタ足」にするか、ということです。
【動画】ベタ足ですね！ 臼井麗香の“ほぼホールインワン”の神ワザショット　実際の映像です
トップ＆インパクト時の「ヒールアップ」と「ベタ足」。それぞれに一長一短がある
1990年以前までは「ヒールアップ」スイングが主流でした。理由は「クラブやボールが飛ばなかった」「現代のように体を柔軟かつ強靭に鍛えて飛ばすという思考ではなかった」などがあります。

　そこにタイガー・ウッズ選手が登場します。ほぼ「ベタ足」のスイングで圧倒的な飛距離を出して優勝を重ねたことにより、世界中のゴルファーが「ベタ足」をお手本にするようになりました。それでもヒールアップするトッププロも多くいて、どちらがいいという結論は出ていません。

　トップで左足を「ベタ足」にするメリットは、トップがコンパクトになることでヘッド軌道が安定し、大振りによるミスを減らせることです。

　また左右の対称性によって、インパクトの右足も「ベタ足」にしやすくなります。そのため右カカトが上がらなければど右ヒザは前に出づらくなり、ヘッドのヒールに当たるミスが出にくくなります。特にショートアイアンやウェッジで「ベタ足」が有効なのは、イメージしたトップに収めやすく、インパクトでシャンクを予防する効果があるからです。
「ベタ足」スイングはトップの位置がコンパクトにしやすく、インパクト時に右ヒザが前に出づらい。そのため、ボールに当たる正確性に大きなメリットがある
一方、デメリットは体の柔軟性がないと十分な捻転ができず、バックスイングが浅くなって飛ばなくなってしまうこと。右カカトに体重が残り過ぎて、明治の大砲フィニッシュになってしまう危険性もあることです。

　若くて体の柔軟性がある人には、ベタ足スイングはメリットがたくさんあります。でも体が硬かったり飛距離に悩みがある人には、ボールに当てやすいというメリットと引き換えに、デメリットの影響を大きく受けてしまう可能性があります。
「ヒールアップ」は体の硬さなどに関係なく誰でもできる
「ヒールアップ」最大のメリットは、体が硬い人でも深いトップが作りやすく、左足を踏み込むというシンプルな動作でダウンスイングがスタートできるところです。

　またインパクト以降も、右カカトを上げることでスムーズに体重移動ができるため、右足に体重が残る「明治の大砲」フィニッシュを防ぐことができます。ひと言でいえば、体の硬さや年齢・性別に関係なく、誰でもできるのが「ヒールアップ」スイングといえるでしょう。
「ヒールアップ」することで体の捻転とクラブの運動量が大きくなる。左足を踏み込むことでダウンスイングをスタートできるので、シンプルでスムーズなスイングになりやすい
スイング中に体に我慢を強いることが少なく、思い切り体を使ってスイングできます。それが理由で、飛ばし屋やドラコン選手の多くが「ヒールアップ」を取り入れています。

　ただし、自由が大きいぶんオーバースイングや体のブレなども起こしやすく、ミート率が落ちてしまうデメリットもあります。それが、多くのゴルファーがドライバーではヒールアップしても、ショートアイアンやウェッジでは「ほぼベタ足」で打っている理由といえます。

　基本的に「ヒールアップ」と「ベタ足」は、ゴルファーの柔軟性や傾向に合わせて取り入れていくのがベターでしょう。
「靴の中でヒールアップ」が最新スイング
「ヒールアップ」と「ベタ足」のそれぞれにメリットとデメリットがあるのはお分かりいただけたでしょうか。では、現代のトレンドはというと、実は両者のメリットを取り入れた賢いスイング方法がプや・上級者の主流になっています。
トップでは「靴の中でヒールアップ」して、インパクトでは「ほぼベタ足」ぐらいが「ヒールアップ」と「ベタ足」それぞれのメリットを得やすい
バックスイングは深く捻転しながらうまく体重移動したいので「靴の中でヒールアップ」し、インパクトは右ヒザが前に出ないように注意しながら「ほぼベタ足」。

　そこからスムーズに右カカトを真っすぐ上げて、フィニッシュを取っていくスイングです。

　もちろん、このスイングはトッププロたちの最新スイング。マネしてできないようなら、自分の体に合わせた現実的な方法を試してみてください。また、昔に比べて飛距離が出なくなったベテランゴルファーは「ヒールアップ」を少しずつ取り入れていくのもオススメです。

　トレーニングやストレッチの習慣がないアマチュアにとって重要なのは、「苦しいけどカッコいい」スイングよりも「歳を取っても、疲れていても振り切れる」スイングだと思います。
【解説】筒 康博（つつ・やすひろ）
伝説のプロコーチ・後藤修に師事。世界中の新旧スイング方法を学び、プロアマ問わず8万人以上にアドバイスを経験。スイング解析やクラブ計測にも精通。ゴルフメディアに多数出演するほか「インドアゴルフレンジKz亀戸」ヘッドコーチ、WEBマガジン＆コミュニティ「FITTING」編集長やFMラジオ番組内で自らコーナーも担当している。
猿場トール",[],[]
インスタフォロワー急増中！ “注目フレッシュコンビ”菅楓華＆青木香奈子は地元・宮崎で初V目指す（ゴルフのニュース）,https://news.yahoo.co.jp/articles/6ef39e82acdfc80d8a0d5b34f64b65a2bb3a9cbd,https://newsatcl-pctr.c.yimg.jp/t/amd-img/20250328-10177501-egolf-000-3-view.jpg?exp=10800,2025-03-28T07:40:00+09:00,2025-03-28T15:57:56+09:00,ゴルフのニュース,egolf,e!Golf,1425,"瞬く間に“注目株”となった菅楓華
◆国内女子プロゴルフ 第3戦
アクサレディス in MIYAZAKI　3月28～30日　UMKカントリークラブ（宮崎県）　6538ヤード・パー72
【動画】弾ける笑顔にギャラリーも視線くぎ付け… 「新しいスターの誕生」と呼び声高いルーキー・青木香奈子のプロデビュー戦 これが実際の映像です
開幕前日の27日、地元・宮崎県宮崎市出身でプロ2年目の19歳・菅楓華と、24歳のルーキー・青木香奈子がそれぞれ“地元V”へ向けて意気込みを語った。
菅楓華（左）と青木香奈子　写真：鈴木祥
今季開幕戦から2戦連続で2位に入り、瞬く間に“注目株”となった菅は、「すごく勉強になったので、いい経験ができた」という2戦で、「インスタのフォロワーが増えたのと、会う方、会う方にがんばってるねと言ってもらえて」と、開幕前からの周囲の変化を実感する。

　舞台となるUMKCCは実家から「20分もかからないくらい」の場所にあり、「中高の部活で毎週水曜日に回っていた」という慣れ親しんだコース。練習ラウンドを行い、「風が思ったよりも強いので、グリーンも仕上がっているし、違う雰囲気でのアクサに迎えられるかな」と話した。

「いっぱい観に来てもらえるので、結果ばかり考えない方がいいという感じですけど、すごく楽しみにしているので、精一杯がんばっている姿をみてほしい」と意気込む。初日は10時30分に1番から小祝さくら、河本結という注目組でスタートする。
前週ツアー初出場で13位タイフィニッシュした青木香奈子
一方の青木は、ツアー初出場だった前週の「Vポイント×SMBC」で8位タイ発進し13位タイでフィニッシュした。「トップ10に入れなかったのがすごい悔しかったので、あと1打、2打というのは数えればたくさんありました」とデビュー戦を振り返り、「もったいなかった先週のミスの教訓を生かして、今週は一打一打大切に戦っていきたい」と話した。

　菅同様に前週の活躍で注目度が一気に上がっているが「初めてということもあって、すごくあたたかいコメント、記事とかインスタとかで応援していただけたのを感じたので、それをプレッシャーに感じずプラスに考えて今回も挑めたらと思っています」と冷静だ。

　実家から20分ほどというUMKCC。「ジュニアの試合がここでよく開催されていたので、宮崎出身のプロはここは慣れてると思います。コースの相性は悪くないと思っていて、オフシーズンに回ったときも良い感じのスコアで回れたので、そのイメージで今回も回れたら」と地の利を活かしたい。

「アクサレディス」には「毎年のように来ていて、ボランティアも高校の頃にしていた」という。選手となって戻ってきた地元で一花咲かせたい。
菅 楓華（すが・ふうか）
2005年5月17日生まれ、宮崎県出身。23年のプロテストで一発合格。同年のファイナルQTでスコア誤記により失格となったため、同ランク104位でルーキーイヤーをスタート。プロデビュー戦の24年「Vポイント×ENEOS」で7位タイに入った。25年は開幕戦から2戦連続で2位に入った。
青木香奈子（あおき・かなこ）
2000年4月11日生まれ、宮崎県出身。10歳からゴルフを始め、6度目の挑戦となった24年のプロテストで合格。ルーキーとして迎える25年シーズンはステップ・アップ・ツアーが主戦場となる。
ゴルフのニュース編集部",[],[]
「邪魔だと言われました」 グリーン上で“デカすぎる”マーカーを使うのはマナー違反？ 一般ゴルファーから賛否さまざまな意見が（ゴルフのニュース）,https://news.yahoo.co.jp/articles/f5926072a51ba065bb6e3ce10014462d0047fbe4,https://newsatcl-pctr.c.yimg.jp/t/amd-img/20250328-10177410-egolf-000-8-view.jpg?exp=10800,2025-03-28T07:10:00+09:00,2025-03-28T18:37:56+09:00,ゴルフのニュース,egolf,e!Golf,1407,"邪魔に感じる大きさは人それぞれ異なる
「グリーンで使用するマーカーの大きさについて教えていただきたいです。大きいマーカーを使い始めたのですが、同伴者から邪魔だと言われました。私はマナー違反をしているのでしょうか？」
【写真】意外と分かってない？ これが同伴者が打つときに「立っていい場所」と「ダメな場所」です
このような問いかけが大手質問サイトに投稿され、一般ゴルファーからさまざまな回答が寄せられています。
やはり小さめのマーカーが無難？　写真：AC
ゴルフマーカーにはマグネット式やカジノチップ型、多くのゴルフ場で無料で提供されている押しピン型など、さまざまなデザインが存在します。それらの中からゴルファーは自分好みのマーカーを使用するわけですが、形や大きさによっては同伴者が不快に感じることもあるようです。

　以下、寄せられた一部のコメントを抜粋して紹介します。

「大きさの度合いにもよる。直径5センチとか高さ3センチとかだと邪魔だよと思う。市販のマーカーなら普通」

「ゴルフ仲間次第ですね。遊びですから多少のことは大目に見ますよ。仲間に嫌なことを言いませんし、ルールも厳しくしません」

「多くのゴルフ場のオリジナルマーカーを見れば分かる通り、ゴルフボール以下の大きさで良しとしてますね」

「邪魔になるのが分かっているなら、最初から邪魔にならないマーカーにしておけばいいのではないかというのも一理あります」

　また、コメントの中には「他のプレーヤーのライン上はダメでしょう」といった声も。どのくらいの大きさのマーカーが邪魔に感じるかは、グリーン上でのシチュエーションやゴルファーそれぞれによって解釈が分かれるものと言えそうです。
大小2種類のマーカーを所持しておくのがベスト
この問題の解決策としては「大きさの異なる2種類以上のマーカーを使い分けるのがいい」といったアドバイスが多く寄せられていました。

「カップから遠いところでは大きめのマーカー（カジノチップ型）を使っていても、カップ周りは刺すタイプに切り替える。こういう選択をしている人は多いと思います」

「マーカーは大小2種類持っていたほうが無難だと思います。グリーン端なら大きいマーカーでも迷惑になりにくいです。カップ近くにあり、他の人がまだ打つなら小さいマーカーにしてますね」

「マーカーの大きさは問題ないですが、気にする人がいるなら小さめのマーカーを用意しておいてスタート前に大きいほうを見せて『これを使います』と確認すればいいでしょう。同伴者が嫌な顔をすることはないはずですが、万が一の場合は一回り小さいマーカーを使いましょう」

　このように、カップまである程度距離が残っているケースでは視認性の高い大きめのマーカーを選択し、近づいてからは邪魔になりづらい押しピン型を使用するゴルファーが多いようです。

　ボールマーカーはゴルフ規則で「拾い上げる球の箇所をマークするために使用する人工物（例えば、ティー、コイン、ボールマーカーとして作られた物や別の小さい用具）」と定義されているのみで、明確に大きさが制限されているわけではありません。

　しかし、ゴルフは個人競技といえど1人だけでプレーするスポーツではないので、ラウンド中は同伴者に配慮し、状況に応じた適切な行動と選択が求められると言えそうです。
ゴルフのニュース編集部",[],[]
「ボトルいっぱい買ってもらいました」 吉田鈴が居酒屋で“人生初”アルバイト！ 看板娘として父親のお店に大貢献（ゴルフのニュース）,https://news.yahoo.co.jp/articles/d29c52ab86acb66beadcfa636664b744f365ccba,https://newsatcl-pctr.c.yimg.jp/t/amd-img/20250328-10177401-egolf-000-5-view.jpg?exp=10800,2025-03-28T06:40:00+09:00,2025-03-28T12:37:58+09:00,ゴルフのニュース,egolf,e!Golf,804,"「こんなことがありました！」「オフシーズンのMY NEWS」
日本女子プロゴルフ協会（JLPGA）が公式X（旧ツイッター）を更新。インタビューに応じる佐久間朱莉、吉田鈴の姿を公開しました。
【写真】「とっってもかわいかった」“エプロン姿”の吉田鈴が笑顔弾ける一日店長に！ ゴルファー仲間も駆けつけた“人生初アルバイト”の様子です
人生初のアルバイト経験を振り返った吉田鈴　写真：鈴木祥
JLPGAは3月26日の投稿で「こんなことがありました！」「オフシーズンのMY NEWS」と題した動画をアップ。

　最初に登場した佐久間は「旅行に行った」と韓国に訪れたことを明かし、「基本食べてばっかりだったんですけど買い物もしました」と、現地ではコスメアイテムを購入したことを伝えました。

　さらに、ファンからの「オフシーズン最大の収穫は？」という質問に対して、「自己最高のヘッドスピードが上がりました」と告白。続けて「そのすごさを分かりやすく例えると？」と問われ、「飛距離が10ヤードぐらい伸びた」とオフに取り入れたトレーニングで体がよりしなやかになり、それが大きな成果につながったことを語っています。

　次に登場した吉田は「人生初バイトをしました」と自身の父が経営する居酒屋で開催したファンイベントでのエピソードを披露し、「頑張ってねという声を多くいただいた」とファンからの声援が励みになった様子。

　また、「お酒は上手に注げた？」という質問には、「お酒はあんまり飲まなくて慣れてないので……」と振り返るも、「ボトルにサインを書いていっぱい買ってもらいました」と、看板娘として店の売上にしっかり貢献したことを報告しました。

　そんな2人は、28日に開幕する国内女子ツアー「アクサレディス」（宮崎県・UMKカントリークラブ）に出場。悲願のツアー初優勝を狙う2人の新たな戦いに注目です。
ゴルフのニュース編集部",[],[]
「態度悪くて反省」金田久美子が“感情むき出し”スイング動画をアップ 「オコでメンタル安定するなら全然あり」と肯定的なコメントも（ゴルフのニュース）,https://news.yahoo.co.jp/articles/50de9f163e0fa6cef20889c927ec2e5da8f3ded3,https://newsatcl-pctr.c.yimg.jp/t/amd-img/20250328-10177459-egolf-000-3-view.jpg?exp=10800,2025-03-28T06:10:00+09:00,2025-03-28T09:57:48+09:00,ゴルフのニュース,egolf,e!Golf,1017,"「相変わらず態度悪くて反省」
女子プロゴルファーの金田久美子が自身のインスタグラムを更新し、貴重なプライベートショットを多数公開しました。
【別カット＆動画】キンクミお気にのサングラスや「練習からオコってる」スイング動画　これが実際の投稿です
金田久美子のインスタグラム（@kinkumiringo93）より
3月25日の投稿で金田は「花粉症疑惑の最近のいろいろ」と書き出し、4枚の写真と2本の動画をアップ。

　写真では「日焼け対策でお気に入り」と添え、ピンクのトップスに淡いベージュのつば広サンバイザーを被った横顔を公開。その他にもキャップを着用し大きな鏡の前で自撮りする姿や、金色のクマモチーフのネイル、新作のクリアサングラスなど、お気に入りのアイテムを紹介しています。

　動画にはドライバーを練習する姿が収められており、ゆったりしたバックスイングからの力強いショットを披露。また最後の動画ではミスショットに苛立った様子で、「相変わらず態度悪くて反省」「いつも練習からオコってんだけど、練習の時から超真剣ってことでお願いします」とつづりました。

「ゴルフ中の感情のアップダウン減らしたいです」と締めくくった金田。ファンからは「練習の時から真剣勝負だからあのリアクションなのですね」「瞬間的に誰だって腹立つやろ」「オコでメンタル安定するなら全然ありじゃん」などのコメントとともに、1万1000件を超える「いいね！」が寄せられました。

　金田は28日から開催される「アクサレディス」に出場予定。初日はセキ・ユウティン、葭葉ルミと回り、上位進出を目指す戦いが始まります。
金田 久美子（かねだ・くみこ）
1989年生まれ、愛知県名古屋市出身。3歳からゴルフを始め、8歳の時には世界ジュニア選手権で優勝。タイガー・ウッズに並ぶ記録で“天才少女”として注目を浴びる。アマチュアとして出場した2002年の「リゾートトラストレディス」で、12歳9カ月での最年少予選通過記録を樹立。08年のプロテスト初挑戦は1打足りずに不合格も、同年のファイナルQTをトップ通過してツアー出場権を得る。プロ3年目の「フジサンケイレディスクラシック」で初優勝。22年「樋口久子 三菱電機レディスゴルフトーナメント」で11年ぶりのツアー2勝目を挙げた。愛称は“キンクミ”。その風貌から“ギャルファー”の異名を取った。スタンレー電気所属。
LUIS FIELD",[],[]
