headline,mainEntityOfPage,image,datePublished,dateModified,author,media_en,media_jp,str_count,body,images,external_links
「ザ・ノース・フェイス」の“ハイスペック黒ダウン”を服好きモデルが試着＆本音レビューで超個人的にBEST3を決めてみた。（MEN’S NON-NO WEB）,https://news.yahoo.co.jp/articles/ddcc134c978da0792594c5607fa70461b2de693c,https://newsatcl-pctr.c.yimg.jp/t/amd-img/20240119-00010007-mensnonno-000-1-view.jpg?exp=10800,2024-01-19T18:08:14+09:00,2024-01-19T18:08:14+09:00,MEN’S NON-NO WEB,mensnonno,MEN’S NON-NO WEB,773,"\nオルタレーションシエラジャケット\nダウンジャケット(ザ・ノース・フェイス)¥51,150／ゴールドウイン カスタマーサービスセンター 180センチでLサイズを着用\n「オールブラックにさりげないロゴがあしらわれていたり、タスランナイロンのナチュラルでマットな風合いだったり、街にちょうどいいルックスだと思いました。丸みを帯びたリラックス感のあるフィッティングが今っぽいですね。ダウンキルトがなくミニマルなところもスタイリッシュでかっこいいですね」（モデルH）\n【写真】オシャレな大人が買うべき「ザ・ノース・フェイス」のハイスペックダウンと着用画像をもっと見る！\nオルタレーションバフズジャケット\nダウンジャケット(ザ・ノース・フェイス)¥59,400／ゴールドウイン カスタマーサービスセンター 180センチでLサイズを着用\n「ほどよいボリューム感はあるもののダウンキルトがなくすっきり大人っぽく着られるオールブラックボディが秀逸。フロントはダブルフラップ仕様で冷気をしっかりシャットアウトしてくれるのがありがたいです。腰回りをちゃんとカバーしてくれるのもポイント高いですね。撥水加工が施されたタスランナイロンのマットな生地もスマートな印象です」（モデルH）\nヒムダウンパーカ\nダウンジャケット(ザ・ノース・フェイス)¥68,200／ゴールドウイン カスタマーサービスセンター 180センチでLサイズを着用\n「ボリュームも好きですが、ヨークと袖部分に切り替えがあり、奥行きを感じるデザインにひと目惚れ。ほどよい光沢も品があっていいですね！どこから見てもボリュームは満点ですが、洗練されたブラックなので着膨れして見えることなくスタイリッシュな印象に。これを着ただけで決まる迫力のあるデザインが最高にかっこいいです！」（モデルH）","['https://newsatcl-pctr.c.yimg.jp/t/amd-img/20240119-00010007-mensnonno-000-1-view.jpg?pri=l&w=640&h=480&exp=10800', 'https://newsatcl-pctr.c.yimg.jp/t/amd-img/20240119-00010007-mensnonno-001-1-view.jpg?pri=l&w=479&h=640&exp=10800', 'https://newsatcl-pctr.c.yimg.jp/t/amd-img/20240119-00010007-mensnonno-002-1-view.jpg?pri=l&w=479&h=640&exp=10800']","['https://news.yahoo.co.jp/articles/ddcc134c978da0792594c5607fa70461b2de693c/images/000', 'https://www.mensnonno.jp/fashion/new-topics/422039/?utm_source=news.yahoo.co.jp&utm_medium=referral&utm_campaign=mensnonno_ynews.240119', 'https://news.yahoo.co.jp/articles/ddcc134c978da0792594c5607fa70461b2de693c/images/001', 'https://news.yahoo.co.jp/articles/ddcc134c978da0792594c5607fa70461b2de693c/images/002']"
【黒いパタゴニア】大人にオススメな名作フリース「シンチラ」3選。ジャケット、カーディガン、パンツをピックアップ！（MEN’S NON-NO WEB）,https://news.yahoo.co.jp/articles/55c6869001511b756f59bb565520ecf2c1d0e13a,https://newsatcl-pctr.c.yimg.jp/t/amd-img/20240119-00010003-mensnonno-000-1-view.jpg?exp=10800,2024-01-19T17:20:03+09:00,2024-01-19T17:20:03+09:00,MEN’S NON-NO WEB,mensnonno,MEN’S NON-NO WEB,592,"\n〈メンズ・シンチラ・ジャケット〉\nジャケット￥22,000／パタゴニア日本支社 カスタマーサービス\n中厚であたたかいリサイクル・ポリエステル100％のシンチラ・フリースを使用したフルジップのジャケット。現在はポケットやトリムにパタゴニアの大定番「バギーズ」の端切れ生地が使用され、フェアトレード・サーティファイドの工場で製造されている。ワントーンにブルーのプルタブが華やかさを添える。ロゴパッチのないアノニマスなルックスで、ファッションユースとしても人気が高い。\n【写真】パタゴニアの名作フリース「黒いシンチラ」の歴史と最新作をもっと詳しく見る！\n〈シンチラ・カーディガン〉\nカーディガン￥20,900／パタゴニア日本支社 カスタマーサービス\nジャケットの衿をVネックにして、両サイドのポケットをサイドシームに沿った仕様にしたフロントジップカーディガン。シャツ＆スウェット、あるいやタートル＆シャツなど、Vネックならではの襟元レイヤードが楽しめる。\n〈メンズ・シンチラ・パンツ〉\nパンツ￥19,800／パタゴニア日本支社 カスタマーサービス\n1985年のスナップTと同じタイミングで発売されたシンチラ・パンツ。縁をトリムした裾絞りのデザインは変わらずだが、ヒップポケットまわりのディテールなどは変化している。最近のものはナイロンのジッパー式パッチポケットが付く。","['https://newsatcl-pctr.c.yimg.jp/t/amd-img/20240119-00010003-mensnonno-000-1-view.jpg?pri=l&w=640&h=640&exp=10800', 'https://newsatcl-pctr.c.yimg.jp/t/amd-img/20240119-00010003-mensnonno-001-1-view.jpg?pri=l&w=640&h=640&exp=10800', 'https://newsatcl-pctr.c.yimg.jp/t/amd-img/20240119-00010003-mensnonno-002-1-view.jpg?pri=l&w=640&h=640&exp=10800']","['https://news.yahoo.co.jp/articles/55c6869001511b756f59bb565520ecf2c1d0e13a/images/000', 'https://www.mensnonno.jp/fashion/new-topics/407813/?utm_source=news.yahoo.co.jp&utm_medium=referral&utm_campaign=mensnonno_ynews.240119', 'https://news.yahoo.co.jp/articles/55c6869001511b756f59bb565520ecf2c1d0e13a/images/001', 'https://news.yahoo.co.jp/articles/55c6869001511b756f59bb565520ecf2c1d0e13a/images/002']"
鈴鹿央士と山本舞香が人生のどん底!?　ドラマ『闇バイト家族』が描く、偽兄妹たちのホントの人間ドラマ（MEN’S NON-NO WEB）,https://news.yahoo.co.jp/articles/a07376b3b48015bd40c4b19b5f6c9ad1227aa732,https://newsatcl-pctr.c.yimg.jp/t/amd-img/20240119-00010006-mensnonno-000-1-view.jpg?exp=10800,2024-01-19T17:50:07+09:00,2024-01-19T17:50:07+09:00,MEN’S NON-NO WEB,mensnonno,MEN’S NON-NO WEB,1181,\nメンズノンノ\n鈴鹿央士が主演を務める最新ドラマ『闇バイト家族』が1月5日に放送スタート！ どん底の人生から這い上がるためにお金を求めて闇バイトに加担した5人の老若男女が、ひょんなことから偽の家族を演じることに。人生の再起を賭けてもがく人々をスリリング、かつユーモラスに描き出す人間ドラマに注目が集まる！ 放送を記念して、今回初共演を果たし、偽兄妹役を務める鈴鹿＆山本舞香さんに、まさに現在撮影中の本作について、制作の舞台裏や魅力について聞いた!\n【写真】鈴鹿央士と山本舞香の仲の良さが伝わる写真もっと見る！\n現代の犯罪に焦点を当てた テーマをエンタメに大胆アレンジ！\nメンズノンノ\n──お二人は初共演とのことで、お互いどんなイメージを持っていましたか？\n\n山本 これまでドラマで鈴鹿くんのことを観ていて、「この子は何歳なんだろう。どんな子なんだろう」って（笑）。\n\n鈴鹿 （笑）。会ってみてどうでしたか？\n\n山本 聞いたら23歳で、ちょっと歳下だけどすごくしっかりしていました。寒い日のロケ撮影では、みんなにスープも入れてくれて、身も心も温めてくれたり。たぶん人見知りかなって思うんだけど、たまに現場をしっかり盛り上げようとしてくれています。\n\n鈴鹿 たまに（笑）。はい、皆さんと仲良くしたくて。\nメンズノンノ\n山本 あと、ふざけたりおどけたりして現場のみんなを和ませている姿を見て、素敵だなって思ったよ。\n\n鈴鹿 ありがとうございます。山本さんは僕のイメージに近かったです。どなたに対してもそうですが、実際に話す前に“こんな人”と判断することはないけど…お会いしてみて、すごく頼れる存在だなと思いました。\n\n山本 本当？\n\n鈴鹿 家族に扮するメインキャストの5人で撮影している時に、撮影現場で気になることやお芝居に対する意見をさらっと言うんです。それは僕も言いたいことであるときもあって、すごくありがたくて、心強い。\nメンズノンノ\n山本 私、現場で何を言ってるんだろう（笑）。\n\n鈴鹿 スタッフさんに普通に、撮影やお芝居に関する疑問や意見を伝えているんですけど、言葉の投げかけ方が素敵。何か自分が気になることを伝えようとすると、人によってはトゲトゲしくなってしまうこともあるけど、真正面からまっすぐに、飾らない言葉で言っているから、相手にすっと入ると思うんです。\n\nそうやって周りと率先してコミュニケーションをとってくれる存在がいるって、共演者としてはすごく信頼できるし、安心できます。僕も皆さんともっとコミュニケーション取る！\n\n山本 そう言ってくれるなら、すごくうれしいな。確かにまだ撮影も序盤で、現場の空気感や距離感を探っているところはあるからね。それならもっといっぱい発言しようかな（笑）。,"['https://newsatcl-pctr.c.yimg.jp/t/amd-img/20240119-00010006-mensnonno-000-1-view.jpg?exp=10800', 'https://newsatcl-pctr.c.yimg.jp/t/amd-img/20240119-00010006-mensnonno-001-1-view.jpg?pri=l&w=640&h=480&exp=10800', 'https://newsatcl-pctr.c.yimg.jp/t/amd-img/20240119-00010006-mensnonno-002-1-view.jpg?pri=l&w=479&h=640&exp=10800', 'https://newsatcl-pctr.c.yimg.jp/t/amd-img/20240119-00010006-mensnonno-003-1-view.jpg?pri=l&w=640&h=480&exp=10800']","['https://news.yahoo.co.jp/articles/a07376b3b48015bd40c4b19b5f6c9ad1227aa732/images/000', 'https://www.mensnonno.jp/fashion/new-topics/423449/?utm_source=news.yahoo.co.jp&utm_medium=referral&utm_campaign=mensnonno_ynews.240119', 'https://news.yahoo.co.jp/articles/a07376b3b48015bd40c4b19b5f6c9ad1227aa732/images/001', 'https://news.yahoo.co.jp/articles/a07376b3b48015bd40c4b19b5f6c9ad1227aa732/images/002', 'https://news.yahoo.co.jp/articles/a07376b3b48015bd40c4b19b5f6c9ad1227aa732/images/003']"
街映えカラーな「ビューティフルダウン」で主役に！カナダグース、ストーンアイランド…ハイスペックなのに美しい3選。（MEN’S NON-NO WEB）,https://news.yahoo.co.jp/articles/0b99989f6415778266b2628810c1ffaa9175457f,https://newsatcl-pctr.c.yimg.jp/t/amd-img/20240119-00010005-mensnonno-000-1-view.jpg?exp=10800,2024-01-19T17:40:03+09:00,2024-01-19T17:40:03+09:00,MEN’S NON-NO WEB,mensnonno,MEN’S NON-NO WEB,664,"\nいま買うべき人気ブランドの 「ビューティフルダウン」3選\nすでに黒ダウンを持っているなら、次に狙うのは差をつけられれるカラーダウンはどうだろう？ 街映え確実な美しい配色に抜群の保温性を誇るハイスペックモデル3選をピックアップした。これを着れば街の主役になれること間違いなし！\n【写真】カナダグース、ストーンアイランド…いま買うべきメンズの「ダウンジャケット」をもっと見る\nストーンアイランド / GARMENT DYED CRINKLE REPS RECYCLED NYLON DOWN\nダウンジャケット(ストーンアイランド)¥176,000／ストーンアイランドジャパン\n薄手のナイロンレップス製のフード付きダウンジャケット。こちらも防風性と防雨性を施すために内側に樹脂加工を加えている。またダウンパックを軽量化することで、軽さと着心地の良さをアップデートしている。\nMAMMUT\nジャケット￥48,400／マムート スポーツ グループ ジャパン\n暖かさをキープしながらもすっきり着られるようにボリュームを抑えて仕上げられているので、インナーダウンとしてもOK。コントラストカラーがアクセントに活躍。高めのネックで防寒性も秀逸。\nCANADA GOOSE\nジャケット￥127,600／カナダグース\n細めピッチのキルティングパターンが特徴で、非常に柔らかく体にフィットし、より高い保温性を確保。印象を引き締めるブラックのコントラストカラーにも注目だ。ストラップ付きでサコッシュ風に収納できるのもかわいい！","['https://newsatcl-pctr.c.yimg.jp/t/amd-img/20240119-00010005-mensnonno-000-1-view.jpg?pri=l&w=639&h=640&exp=10800', 'https://newsatcl-pctr.c.yimg.jp/t/amd-img/20240119-00010005-mensnonno-001-1-view.jpg?pri=l&w=640&h=640&exp=10800', 'https://newsatcl-pctr.c.yimg.jp/t/amd-img/20240119-00010005-mensnonno-002-1-view.jpg?pri=l&w=640&h=640&exp=10800']","['https://www.mensnonno.jp/fashion/new-topics/416098/?utm_source=news.yahoo.co.jp&utm_medium=referral&utm_campaign=mensnonno_ynews.240119', 'https://news.yahoo.co.jp/articles/0b99989f6415778266b2628810c1ffaa9175457f/images/000', 'https://news.yahoo.co.jp/articles/0b99989f6415778266b2628810c1ffaa9175457f/images/001', 'https://news.yahoo.co.jp/articles/0b99989f6415778266b2628810c1ffaa9175457f/images/002']"
抜群のトレンドをまとえる大人の「グリーンダウン」3選。ストーンアイランド…（MEN’S NON-NO WEB）,https://news.yahoo.co.jp/articles/b78f6b0587f8d11ca33516b925ed3a26b91a9039,https://newsatcl-pctr.c.yimg.jp/t/amd-img/20240119-00010004-mensnonno-000-1-view.jpg?exp=10800,2024-01-19T17:30:03+09:00,2024-01-19T17:30:03+09:00,MEN’S NON-NO WEB,mensnonno,MEN’S NON-NO WEB,954,"\nいま着るべき「グリーンなダウン」3選\n僕らの大定番アウター＝ダウンは色選びで差をつけたいところ。ブラックやネイビーなど合わせやすいモデルを持っているなら、この冬のトレンドカラーでもあるグリーンもオススメだ。着るだけで旬度満点に決まる3選をピックアップ。\n【写真】「新作・最強ダウン総まとめ」いま買うべきメンズの「ダウンジャケット」78選をもっと見る！\n1.ストーンアイランド／NYLON METAL IN ECONYL® REGENERATED NYLON DOWN_REVERSIBLE\nダウンジャケット(ストーンアイランド)¥266,200／ストーンアイランドジャパン\n表面にメタリックな光沢感のNYLON METAL IN ECONYL®を、裏面にはマットな質感のナイロン生地を使用したリバーシブルダウンジャケット。左肩に配されていることが多いストーンアイランドのバッジが胸元の中央に。裏面の左袖には「STONE ISLAND」の刺繍をオン。サイドのリブ編みも本作のポイントに。フラップと隠しスナップボタンで開閉するポケット、フードの縁と裾はドローストリング仕様と、こだわりのディテールが詰まった一着だ。\n2.シュタイン／ダウンジャケット\nダウンジャケット(シュタイン)¥140,800/エンケル\n存在感を放つシュタインのダウンジャケットは、OLMETEX社の軽量で高い耐久性と美しい艶を持つナイロンタフタを使用。そこにオリジナルの黄緑、グリーン、ブルー、ネイビーのグラデーションをプリントした唯一無二の一着だ。グラデーションの魅力を引き出すためにディテールはミニマムに。裾のドローコードを絞ってメリハリをつけて着るのが正解。\n3.ダブレット／ANIMAL TRIM PUFFER JACKET\nジャケット（ダブレット）￥176,000／エンケル パンツ￥28,600／ビームス プラス 原宿\nフード口から飛び出しているのはワニのプリントが施されたパーツ（フード内に収納も可能）。顔がすっぽり隠れるくらいにかぶることもできて、まるで等身大のワニが歩いているように見えるユニークなアイテムだ。クッションや寝具などの中古製品から回収したリサイクルダウンを使用しているのもポイント。","['https://newsatcl-pctr.c.yimg.jp/t/amd-img/20240119-00010004-mensnonno-000-1-view.jpg?pri=l&w=639&h=640&exp=10800', 'https://newsatcl-pctr.c.yimg.jp/t/amd-img/20240119-00010004-mensnonno-001-1-view.jpg?pri=l&w=639&h=640&exp=10800', 'https://newsatcl-pctr.c.yimg.jp/t/amd-img/20240119-00010004-mensnonno-002-1-view.jpg?pri=l&w=426&h=640&exp=10800']","['https://www.mensnonno.jp/fashion/new-topics/416098/?utm_source=news.yahoo.co.jp&utm_medium=referral&utm_campaign=mensnonno_ynews.240119', 'https://news.yahoo.co.jp/articles/b78f6b0587f8d11ca33516b925ed3a26b91a9039/images/000', 'https://news.yahoo.co.jp/articles/b78f6b0587f8d11ca33516b925ed3a26b91a9039/images/001', 'https://news.yahoo.co.jp/articles/b78f6b0587f8d11ca33516b925ed3a26b91a9039/images/002']"
バブアーの大人が着るべき「ロング丈アウター」3選。オシャレな人の愛用品からコラボまで！（MEN’S NON-NO WEB）,https://news.yahoo.co.jp/articles/3bbdbc546b8694fcdf11481d291a8b7ce6466c43,https://newsatcl-pctr.c.yimg.jp/t/amd-img/20240119-00010002-mensnonno-000-1-view.jpg?exp=10800,2024-01-19T17:10:13+09:00,2024-01-19T17:10:13+09:00,MEN’S NON-NO WEB,mensnonno,MEN’S NON-NO WEB,703,"\nworkahoLC × Barbourのコート\nコート ¥53,900（workahoLC × Barbour）／アーバンリサーチ オンラインストア\n「普段から愛用している『Barbour』とのコラボ。この秋冬はロングコートを合わせた、クラシックなスタイルが気分なのでセレクト。玉虫のように、角度によって様々なカラーに見えるオリーブがお気に入り！肩廻りや袖分量などは日本人の体型を考慮したサイズ感にモディファイして、ビジネスシーンでも対応可能に」（プレスNさん）\n【写真】オシャレな着こなし画像も多数！ 大人が着るべき「バブアー」のアウターをもっと見る！\nBarbour × YLÈVE for URBAN RESEARCH\nコート（バブアー×イレーヴ フォー アーバンリサーチ）￥97,900／イレーヴ\n乗馬用モデルである「Burghley」をベースに、ゆったりとしたシルエットと衿もとのラインをより深くアレンジした別注は、オイルドの質感までどこかエレガントに映える。衿のコーデュロイもネイビーからブラックに変更するなど細部までこだわることで、さらに洗練された印象を底上げ。\nBarbour × SHIPS\nジャケット(バブアー×シップス)￥50,600／シップス 渋谷店\n「バブアーといえばオイルドのイメージが強いかと思いますが、あえてキルト生地のリッツデイルの別注をセレクト。トーンオントーンの襟や長めの着丈など、スーツやジャケパンスタイルにもマッチする万能な1着に仕上がりました。個人的には、シンプルにニットやシャツなどと合わせて、トラッドに着こなしたいです」（プレスMさん）","['https://newsatcl-pctr.c.yimg.jp/t/amd-img/20240119-00010002-mensnonno-000-1-view.jpg?pri=l&w=640&h=640&exp=10800', 'https://newsatcl-pctr.c.yimg.jp/t/amd-img/20240119-00010002-mensnonno-001-1-view.jpg?pri=l&w=480&h=640&exp=10800', 'https://newsatcl-pctr.c.yimg.jp/t/amd-img/20240119-00010002-mensnonno-002-1-view.jpg?pri=l&w=640&h=637&exp=10800']","['https://news.yahoo.co.jp/articles/3bbdbc546b8694fcdf11481d291a8b7ce6466c43/images/000', 'https://www.mensnonno.jp/fashion/new-topics/413429/?utm_source=news.yahoo.co.jp&utm_medium=referral&utm_campaign=mensnonno_ynews.240119', 'https://news.yahoo.co.jp/articles/3bbdbc546b8694fcdf11481d291a8b7ce6466c43/images/001', 'https://news.yahoo.co.jp/articles/3bbdbc546b8694fcdf11481d291a8b7ce6466c43/images/002']"
「90年代リーバイス®。高円寺で手に入れた、裏地まで愛せる黒いデニムジャケット」【服好きたちの冬コーデSNAP】（MEN’S NON-NO WEB）,https://news.yahoo.co.jp/articles/29fa1c7b985de8e390c9dcbb605a31ca7fe48f51,https://newsatcl-pctr.c.yimg.jp/t/amd-img/20240119-00010000-mensnonno-000-1-view.jpg?exp=10800,2024-01-19T16:50:03+09:00,2024-01-19T16:50:03+09:00,MEN’S NON-NO WEB,mensnonno,MEN’S NON-NO WEB,583,\nLEVI’S® デニムジャケット\nLEVI’S® デニムジャケット\nこの冬、おしゃれな人は人気ブランドのアイテムをどう着るのか？ 今回はファッションデザイナーのMさんをピックアップ。「このリーバイス®のデニムジャケットは90’sのもの。独特な色落ち加減や汚れが気に入ってます。内側にはチェック柄の裏地があるのですが、ところどころ破れているのもいい味を出してますよね（笑）。くたっとしたジャケットのラフな雰囲気を生かして、全体的に力の抜けたストリートスタイルに仕上げました！」\n【画像】「リーバイス®」のブラックデニムの正解コーデをもっと見る！\n「足もとも黒で重めな色使いで統一したので、色鮮やかなフットボールマフラーを首にかけることで顔回りを明るく！」\n「裏地つきで暖かいジャケット、これからの季節大活躍しそうです。ヴィンテージならではの色味や、大きすぎないサイズ感もとても気に入っているので、これからもガシガシ着たいと思います！」\nジャケット：古着（リーバイス®） スウェット：ネハン パンツ：ネハン 靴：ティンバーランド マフラー：古着 キャップ：古着\n「デニムジャケットを羽織るとインナーもビシッと決めたくなる気持ちを抑え、あえてスウェットのセットアップでリラクシングに。ヴィンテージのジャケットと同じようにフェードした質感で合わせています」,"['https://newsatcl-pctr.c.yimg.jp/t/amd-img/20240119-00010000-mensnonno-000-1-view.jpg?pri=l&w=640&h=426&exp=10800', 'https://newsatcl-pctr.c.yimg.jp/t/amd-img/20240119-00010000-mensnonno-001-1-view.jpg?pri=l&w=426&h=640&exp=10800', 'https://newsatcl-pctr.c.yimg.jp/t/amd-img/20240119-00010000-mensnonno-002-1-view.jpg?pri=l&w=480&h=640&exp=10800']","['https://news.yahoo.co.jp/articles/29fa1c7b985de8e390c9dcbb605a31ca7fe48f51/images/000', 'https://www.mensnonno.jp/fashion/new-topics/423021/?utm_source=news.yahoo.co.jp&utm_medium=referral&utm_campaign=mensnonno_ynews.240119', 'https://news.yahoo.co.jp/articles/29fa1c7b985de8e390c9dcbb605a31ca7fe48f51/images/001', 'https://news.yahoo.co.jp/articles/29fa1c7b985de8e390c9dcbb605a31ca7fe48f51/images/002']"
G-SHOCKとBABY-Gに限定のペアウオッチが登場！冬の着こなしにマッチする絶妙なカラーリングに注目！（MEN’S NON-NO WEB）,https://news.yahoo.co.jp/articles/0511d6140af24876a2679f50bf498f6676b1e33a,https://newsatcl-pctr.c.yimg.jp/t/amd-img/20240119-00010001-mensnonno-000-1-view.jpg?exp=10800,2024-01-19T17:04:48+09:00,2024-01-19T17:04:48+09:00,MEN’S NON-NO WEB,mensnonno,MEN’S NON-NO WEB,559,"\nGM-2100WS 価格：¥27,500\n「G-SHOCK」と「BABY-G」から冬限定のペアウオッチシリーズ 「PRECIOUS HEART SELECTION 2023（プレシャス・ハート・セレクション 2023）」が登場。冬の着こなしにマッチする絶妙なカラーリングに注目だ。\n【写真】G-SHOCKとBABY-Gの限定のペアウオッチをもっと見る！\nホワイトを基調にした美しいデザイン\nGM-S2100WS 価格：¥26,400\n冬の着こなしをスタイリッシュに演出したいなら、腕時計にもこだわりたい。「G-SHOCK」と「BABY-G」のペアシリーズ「プレシャス・ハート・セレクション」の2023年モデルなら、冬にぴったりのカラーリングでワンランク上のカジュアルスタイルを構築できるはずだ。\nGA-110WS 価格：¥19,800\n2023年モデルでは、カラーやサイズ、デザインが異なる6つのラインナップを展開。「冬の煌めき」というテーマの通り、ホワイトを基調に、メタリックカラーの文字板が美しく輝くデザインが魅力となっている。\n\nどんな着こなしにもマッチしつつ、存在感を主張してくれるので、恋人、家族、友人などとリンクコーデを楽しむのにも最適。この冬、手放せない1本になること間違いなしだ。","['https://newsatcl-pctr.c.yimg.jp/t/amd-img/20240119-00010001-mensnonno-000-1-view.jpg?pri=l&w=480&h=640&exp=10800', 'https://newsatcl-pctr.c.yimg.jp/t/amd-img/20240119-00010001-mensnonno-001-1-view.jpg?pri=l&w=480&h=640&exp=10800', 'https://newsatcl-pctr.c.yimg.jp/t/amd-img/20240119-00010001-mensnonno-002-1-view.jpg?pri=l&w=480&h=640&exp=10800']","['https://news.yahoo.co.jp/articles/0511d6140af24876a2679f50bf498f6676b1e33a/images/000', 'https://www.mensnonno.jp/fashion/new-topics/423063/?utm_source=news.yahoo.co.jp&utm_medium=referral&utm_campaign=mensnonno_ynews.240119', 'https://news.yahoo.co.jp/articles/0511d6140af24876a2679f50bf498f6676b1e33a/images/001', 'https://news.yahoo.co.jp/articles/0511d6140af24876a2679f50bf498f6676b1e33a/images/002']"
