headline,mainEntityOfPage,image,datePublished,dateModified,author,media_en,media_jp,str_count,body,images,external_links
【動画解説】今週は梅雨空戻る　大雨のおそれも　極端な暑さは収まるも蒸し暑い（ウェザーマップ）,https://news.yahoo.co.jp/articles/44dfa177dda3f17f2f1df8feb2db7b8f24259e25,https://newsatcl-pctr.c.yimg.jp/t/amd-img/20240708-00010001-wmapv-000-1-thumb.jpg?exp=10800,2024-07-08T15:10:34+09:00,2024-07-08T15:10:34+09:00,ウェザーマップ,wmap,ウェザーマップ,490,\nウェザーマップ\n本州付近は梅雨明け前から真夏のような暑さとなっていますが、今週は梅雨空が戻ってきます。日本海側を中心に大雨になるおそれがあり、蒸し暑くなりそうです。\n週間予報(気温)\n日本列島は危険な暑さに見舞われています。きのうは静岡市で気温が40.0℃まで上がりましたが、きょうも39℃を超えている所があり、東京や名古屋、大阪でも猛烈な暑さとなっています。あす9日(火)も関東や東海を中心に猛暑日となりますが、週後半になると、暑さはトーンダウンする見込みです。ただ、それでも関東から西では真夏日や熱帯夜の日が多くなりますので、引き続き、熱中症に警戒が必要です。\n週間予報(天気)\nこのように各地で真夏のような暑さとなっていますが、まだ梅雨は終わっていません。天気図上には梅雨前線があり、今週は全国的に梅雨空が戻りそうです。特に11日(木)ごろにかけては、日本海側を中心に警報級の大雨になるおそれがあります。さらにその後も雨が続くことで雨量が多くなる所がでてくるでしょう。今週は梅雨らしい大雨と蒸し暑さによる熱中症に注意が必要です。\n\n（気象予報士・多胡安那）,"['https://newsatcl-pctr.c.yimg.jp/t/amd-img/20240708-00010001-wmapv-001-1-view.jpg?pri=l&w=640&h=360&exp=10800', 'https://newsatcl-pctr.c.yimg.jp/t/amd-img/20240708-00010001-wmapv-002-1-view.jpg?pri=l&w=640&h=360&exp=10800']","['https://news.yahoo.co.jp/articles/44dfa177dda3f17f2f1df8feb2db7b8f24259e25/images/000', 'https://news.yahoo.co.jp/articles/44dfa177dda3f17f2f1df8feb2db7b8f24259e25/images/001']"
東北や北陸　土砂災害など厳重警戒　週後半まで大雨長引くおそれも（ウェザーマップ）,https://news.yahoo.co.jp/articles/2fc17f2163c08344ab2ff14ebc39924c54fdfcea,https://newsatcl-pctr.c.yimg.jp/t/amd-img/20240708-00010004-wmap-000-1-view.jpg?exp=10800,2024-07-08T16:50:17+09:00,2024-07-08T16:50:17+09:00,ウェザーマップ,wmap,ウェザーマップ,639,\n24時間予想降水量\n東北や北陸は9日（火）にかけて、土砂災害、低い土地の浸水、河川の増水や氾濫に厳重な警戒が必要だ。また、北日本から西日本は、落雷や竜巻などの激しい突風、降ひょうに注意が必要となる。\n9日(火)午前9時の予想天気図\n梅雨前線が日本海から北陸と東北を通って日本の東にのびており、9日（火）にかけて停滞する見込み。前線に向かって暖かく湿った空気が流れ込むため、9日（火）にかけて、北日本から西日本の広い範囲で大気の状態が非常に不安定となる見込み。また、これまでに降った大雨により、土砂災害や洪水災害の危険度が高まっている所がある。\n9日(火)午前9時の雨雲の予想\n東北や北陸は、9日（火）にかけて雷を伴って激しい雨が降り、大雨となる所がある見込みだ。梅雨前線が本州付近に停滞するため、その後も11日（木）ごろにかけて警報級の大雨となるおそれがある。\n\n＜9日（火）夕方までの予想雨量（多い所）＞\n 東北、北陸 150ミリ\n\n＜その後、10日（水）夕方までの予想雨量（多い所）＞\n 北陸 120ミリ\n 東北 100ミリ\n大雨時の注意点\n東北と北陸は、土砂災害、低い土地の浸水、河川の増水や氾濫に厳重な警戒が必要だ。また、北日本から西日本では、落雷や竜巻などの激しい突風にも注意が必要で、発達した積乱雲の近づく兆しがある場合には、建物内に移動するなど安全確保に努めたい。降ひょうのおそれもあるため、農作物や農業施設の管理にも注意が必要だ。,"['https://newsatcl-pctr.c.yimg.jp/t/amd-img/20240708-00010004-wmap-000-1-view.jpg?pri=l&w=640&h=360&exp=10800', 'https://newsatcl-pctr.c.yimg.jp/t/amd-img/20240708-00010004-wmap-001-1-view.jpg?pri=l&w=640&h=360&exp=10800', 'https://newsatcl-pctr.c.yimg.jp/t/amd-img/20240708-00010004-wmap-002-1-view.jpg?pri=l&w=640&h=360&exp=10800', 'https://newsatcl-pctr.c.yimg.jp/t/amd-img/20240708-00010004-wmap-003-1-view.jpg?pri=l&w=640&h=360&exp=10800']","['https://news.yahoo.co.jp/articles/2fc17f2163c08344ab2ff14ebc39924c54fdfcea/images/000', 'https://news.yahoo.co.jp/articles/2fc17f2163c08344ab2ff14ebc39924c54fdfcea/images/001', 'https://news.yahoo.co.jp/articles/2fc17f2163c08344ab2ff14ebc39924c54fdfcea/images/002', 'https://news.yahoo.co.jp/articles/2fc17f2163c08344ab2ff14ebc39924c54fdfcea/images/003']"
北日本や沖縄など「高温に関する早期天候情報」　沖縄・奄美は最低気温が30℃前後の日も（ウェザーマップ）,https://news.yahoo.co.jp/articles/dc5906ca1c7aad79c0da5774b74bf678ef22fe3a,https://newsatcl-pctr.c.yimg.jp/t/amd-img/20240708-00010003-wmap-000-2-view.jpg?exp=10800,2024-07-08T14:38:47+09:00,2024-07-08T14:41:54+09:00,ウェザーマップ,wmap,ウェザーマップ,431,\n早期天候情報(平均気温)\n北日本の向こう2週間の気温は、暖かい空気が流れ込みやすいため高く、北海道は14日（日）ごろから、東北は16日（火）ごろからの5日間ほどはかなり高くなる見込み。農作物や家畜の管理等に注意が必要だ。熱中症となりやすい状態が続くので、健康管理にも注意が必要となる。\nこの先の予想気温\n九州南部は11日（木）ごろまでと、17日（水）ごろからは気温がかなり高くなる見込み。沖縄・奄美は期間を通して、気温がかなり高くなりそうだ。熱中症の危険性が高い状態が続くため、引き続き屋外での活動等は熱中症対策を行い、健康管理に注意が必要となる。農作物や家畜の管理等にも注意が必要だ。\n早期天候情報とは\n原則として毎週月曜日と木曜日に、情報発表日の6日後から14日後までを対象として、5日間平均気温が「かなり高い」もしくは「かなり低い」となる確率が30％以上、または5日間降雪量が「かなり多い」となる確率が30％以上と見込まれる場合に発表される。,"['https://newsatcl-pctr.c.yimg.jp/t/amd-img/20240708-00010003-wmap-000-2-view.jpg?pri=l&w=640&h=360&exp=10800', 'https://newsatcl-pctr.c.yimg.jp/t/amd-img/20240708-00010003-wmap-001-2-view.jpg?pri=l&w=564&h=640&exp=10800']","['https://news.yahoo.co.jp/articles/dc5906ca1c7aad79c0da5774b74bf678ef22fe3a/images/000', 'https://news.yahoo.co.jp/articles/dc5906ca1c7aad79c0da5774b74bf678ef22fe3a/images/001']"
【動画】9日の天気 - 東北・北陸で大雨のおそれ　関東や東海など危険な暑さ続く（8日18時更新）（ウェザーマップ）,https://news.yahoo.co.jp/articles/9c98ce3a66416cb24795618700c7d00e769c24ba,https://newsatcl-pctr.c.yimg.jp/t/amd-img/20240708-00010002-wmapv-000-1-thumb.jpg?exp=10800,2024-07-08T17:57:47+09:00,2024-07-08T17:57:47+09:00,ウェザーマップ,wmap,ウェザーマップ,681,\nウェザーマップ\n東北や北陸ではすでに大雨になっている所がありますが、9日(火)も激しい雨が降る所があり、さらに大雨災害のリスクが高まりそうです。東日本の太平洋側を中心に40℃近くになるような危険な暑さも続くでしょう。\n9日(火)午前9時の予想天気図\n大雨の原因は梅雨前線です。前線の上を低気圧が進み、非常に湿った暖かい空気も流れ込みます。東北や北陸では雷を伴った激しい雨の降る所がある見込みです。\n24時間予想雨量 9日(火)夕方にかけて・多い所\n9日(火)夕方にかけての24時間で予想される雨の量は、多い所で東北と北陸で150ミリなどとなっています。すでに大雨となっている所もあります。土砂災害に厳重な警戒が必要です。川の増水や低い土地の浸水にも警戒をしてください。\n9日(火)午前9時の雨の予想\n低気圧の接近とともに東北や北陸では9日(火)の明け方から再び雨が強まるでしょう。激しい雨になる所もある見込みです。東北の雨は午後にはピークを超える所が多くなりますが、北陸は夜にかけても本降りの時間が長く続いてしまいそうです。\n9日(火)夕方の発雷確率\n9日(火)は晴れるエリアでも天気急変に注意をしてください。発雷確率は太平洋側でも午後は高くなっています。急な強い雨や落雷にお気をつけください。\n9日(火)の天気と予想気温\n関東や東海を中心に体温越えの暑さとなる所がある見通しです。続く暑さで知らずのうちに体が疲れていることもありそうです。食事や睡眠をなるべく多く摂り、無理のないようにお過ごしください。\n\n（気象予報士・菊池真以）,"['https://newsatcl-pctr.c.yimg.jp/t/amd-img/20240708-00010002-wmapv-001-1-view.jpg?pri=l&w=640&h=360&exp=10800', 'https://newsatcl-pctr.c.yimg.jp/t/amd-img/20240708-00010002-wmapv-002-1-view.jpg?pri=l&w=640&h=360&exp=10800', 'https://newsatcl-pctr.c.yimg.jp/t/amd-img/20240708-00010002-wmapv-003-1-view.jpg?pri=l&w=640&h=360&exp=10800', 'https://newsatcl-pctr.c.yimg.jp/t/amd-img/20240708-00010002-wmapv-004-1-view.jpg?pri=l&w=640&h=360&exp=10800', 'https://newsatcl-pctr.c.yimg.jp/t/amd-img/20240708-00010002-wmapv-005-1-view.jpg?pri=l&w=640&h=360&exp=10800']","['https://news.yahoo.co.jp/articles/9c98ce3a66416cb24795618700c7d00e769c24ba/images/000', 'https://news.yahoo.co.jp/articles/9c98ce3a66416cb24795618700c7d00e769c24ba/images/001', 'https://news.yahoo.co.jp/articles/9c98ce3a66416cb24795618700c7d00e769c24ba/images/002', 'https://news.yahoo.co.jp/articles/9c98ce3a66416cb24795618700c7d00e769c24ba/images/003', 'https://news.yahoo.co.jp/articles/9c98ce3a66416cb24795618700c7d00e769c24ba/images/004']"
新宮（和歌山）で39.6℃　9日（火）も猛暑と熱帯夜続く　昼夜問わず熱中症予防を（ウェザーマップ）,https://news.yahoo.co.jp/articles/06e21afc392f73c5c60aa7dade6e63bd95e19e2d,https://newsatcl-pctr.c.yimg.jp/t/amd-img/20240708-00010005-wmap-000-2-view.jpg?exp=10800,2024-07-08T17:10:09+09:00,2024-07-08T17:15:52+09:00,ウェザーマップ,wmap,ウェザーマップ,881,\n8日(月)の最高気温\nきょう（月）は関東から西で猛烈な暑さとなり、150地点以上で35℃以上の猛暑日となった。最高気温は、新宮（和歌山）39.6℃と全国で最も高くなったほか、府中（東京）39.2℃、桑名（三重）38.9℃、さいたま38.6℃、越谷（埼玉）と下館（茨城）で38.2℃、練馬（東京）38.1℃など（午後4時50分まで）。東京都心でも午後2時半すぎに36.0℃まで上がり、今シーズン一番の暑さとなった。あす9日（火）も東日本の太平洋側や九州を中心に、猛烈な暑さが続く見込み。\n東京都心36℃予想\n熱中症になりやすい時\n関東から西の地域は、きょう（月）も朝から気温が高く、昼前には35℃を超えた所が多かった。新宮（和歌山）や府中（東京）だけでなく、小田原（神奈川）37.9℃、龍ヶ崎（茨城）36.8℃など、複数の地点で観測史上1位の高温記録を更新した。関東の内陸は雲が広がったため、群馬県や埼玉県の一部は当初の予想より気温の上昇が抑えられたが、それでも猛烈な暑さとなった地域が多かった。\n9日(火)の熱中症警戒アラート\nあす（火）も東日本の太平洋側や九州で、35℃を超える地点がある見込み。関東から南西諸島にかけて、熱中症警戒アラートが発表されている。東京都心はあす（火）も36℃まで上がり、湿気も多いため、体に堪える暑さが続く見通し。引き続き、朝晩の気温が下がりにくい条件下なので、夜間における熱中症予防にも気を配る必要がある。\n9日(火)の予想最高気温の分布\n＜9日（火）の予想最高気温＞\n 37℃ さいたま、尾鷲（三重）\n 36℃ 東京、横浜、熊谷（埼玉）、静岡、津、宮崎など\n 35℃ 千葉、水戸、秩父（埼玉）、大分、鹿児島、名瀬など\n9日(火)の予想最低気温の分布\n＜9日（火）の予想最低気温＞\n 29℃ 福岡、石垣島など\n 28℃ 広島、鹿児島、那覇など\n 27℃ 横浜、千葉、名古屋、大阪、鳥取、熊本、宮崎など\n 26℃ 東京、さいたま、静岡、奈良、岡山、高松、大分など\n\n（気象予報士・高橋和也）,"['https://newsatcl-pctr.c.yimg.jp/t/amd-img/20240708-00010005-wmap-000-2-view.jpg?pri=l&w=640&h=360&exp=10800', 'https://newsatcl-pctr.c.yimg.jp/t/amd-img/20240708-00010005-wmap-001-2-view.jpg?pri=l&w=640&h=360&exp=10800', 'https://newsatcl-pctr.c.yimg.jp/t/amd-img/20240708-00010005-wmap-002-2-view.jpg?pri=l&w=640&h=360&exp=10800', 'https://newsatcl-pctr.c.yimg.jp/t/amd-img/20240708-00010005-wmap-003-2-view.jpg?pri=l&w=640&h=360&exp=10800', 'https://newsatcl-pctr.c.yimg.jp/t/amd-img/20240708-00010005-wmap-004-2-view.jpg?pri=l&w=640&h=360&exp=10800']","['https://news.yahoo.co.jp/articles/06e21afc392f73c5c60aa7dade6e63bd95e19e2d/images/000', 'https://news.yahoo.co.jp/articles/06e21afc392f73c5c60aa7dade6e63bd95e19e2d/images/001', 'https://news.yahoo.co.jp/articles/06e21afc392f73c5c60aa7dade6e63bd95e19e2d/images/002', 'https://news.yahoo.co.jp/articles/06e21afc392f73c5c60aa7dade6e63bd95e19e2d/images/003', 'https://news.yahoo.co.jp/articles/06e21afc392f73c5c60aa7dade6e63bd95e19e2d/images/004']"
熱中症警戒　午前中から35℃超え地点続出　東京や横浜など37℃予想（ウェザーマップ）,https://news.yahoo.co.jp/articles/710ce024b8350b6e2c858d69dc7f0b375ea20671,https://newsatcl-pctr.c.yimg.jp/t/amd-img/20240708-00010002-wmap-000-1-view.jpg?exp=10800,2024-07-08T11:21:29+09:00,2024-07-08T11:21:29+09:00,ウェザーマップ,wmap,ウェザーマップ,924,\n8日(月)の天気と最高気温\n関東以西はきょう（月）も猛烈な暑さが続き、関東の内陸を中心に38℃を上回る所がある見込み。東京都心でも37℃と、今年一番の暑さになりそうだ。暑さ対策を徹底すると共に、とくに屋外での活動は、常に熱中症の危険性を意識するようにしたい。\nたまらない暑さ\n8日(月)の最高気温(午前10時50分現在)と熱中症警戒アラート\n関東から西の各地は朝から気温が高く、午前10時50分の段階で、東京都心を含む17地点で35℃以上の猛暑日となっている。午後はさらに気温が上昇し、湿度の高い状態が続くため、熱中症に警戒が必要だ。きょう（月）は関東から西の24都県に、熱中症警戒アラートが発表されている。宮崎は1週間連続、名古屋は5日連続で猛暑日となる見込み。\n8日(月)の予想最高気温マップ\n＜8日（月）の予想最高気温＞\n 38℃ 熊谷（埼玉）、さいたま、土浦（茨城）、静岡\n 37℃ 東京、横浜、秩父（埼玉）、小田原（神奈川）、名古屋、岐阜\n 36℃ 宇都宮、千葉、甲府、浜松（静岡）、津、京都、高松、宮崎など\n 35℃ 前橋、水戸、奈良、大阪、岡山、鳥取、松山、福岡など\n雷雨のおそれも\n8日(月)の関東の発雷確率と積乱雲が近づくサイン\n関東は猛烈な暑さと湿った空気の流れ込みにより、これから今夜遅くにかけて、大気の状態が非常に不安定となる見込み。にわか雨や雷雨の可能性があるため、天気の急変や落雷、突風に注意が必要だ。\n8日(月)から9日(火)の雨の予想\nまた、東北や北陸は梅雨前線の影響で、あす（火）にかけて局地的に激しい雷雨となる見込み。これまでの大雨により、土砂災害の危険度が高まっている所がある。今後も、土砂災害や低い土地の浸水、河川の増水・氾濫に警戒が必要だ。\n暑さ続く\n9日(火)の天気と気温、熱中症になりやすい時\nあす9日（火）は、きょうより気温が少し下がる予想だが、それでも関東や東海を中心に35℃以上の猛暑日地点が続出する見込み。また、朝も気温が下がりにくく、関東以西は25℃以上の熱帯夜の地域が多くなりそうだ。夜間の熱中症にも注意が必要となる。\n\n（気象予報士・高橋和也）,"['https://newsatcl-pctr.c.yimg.jp/t/amd-img/20240708-00010002-wmap-000-1-view.jpg?pri=l&w=640&h=360&exp=10800', 'https://newsatcl-pctr.c.yimg.jp/t/amd-img/20240708-00010002-wmap-001-1-view.jpg?pri=l&w=596&h=640&exp=10800', 'https://newsatcl-pctr.c.yimg.jp/t/amd-img/20240708-00010002-wmap-002-1-view.jpg?pri=l&w=640&h=360&exp=10800', 'https://newsatcl-pctr.c.yimg.jp/t/amd-img/20240708-00010002-wmap-003-1-view.jpg?pri=l&w=568&h=640&exp=10800', 'https://newsatcl-pctr.c.yimg.jp/t/amd-img/20240708-00010002-wmap-004-1-view.jpg?pri=l&w=579&h=640&exp=10800', 'https://newsatcl-pctr.c.yimg.jp/t/amd-img/20240708-00010002-wmap-005-1-view.jpg?pri=l&w=560&h=640&exp=10800']","['https://news.yahoo.co.jp/articles/710ce024b8350b6e2c858d69dc7f0b375ea20671/images/000', 'https://news.yahoo.co.jp/articles/710ce024b8350b6e2c858d69dc7f0b375ea20671/images/001', 'https://news.yahoo.co.jp/articles/710ce024b8350b6e2c858d69dc7f0b375ea20671/images/002', 'https://news.yahoo.co.jp/articles/710ce024b8350b6e2c858d69dc7f0b375ea20671/images/003', 'https://news.yahoo.co.jp/articles/710ce024b8350b6e2c858d69dc7f0b375ea20671/images/004', 'https://news.yahoo.co.jp/articles/710ce024b8350b6e2c858d69dc7f0b375ea20671/images/005']"
【動画】8日の天気 - 朝から高温 関東・東海40℃迫る所も　北陸と東北日本海側 あすにかけて大雨注意・警戒（8日7時更新）（ウェザーマップ）,https://news.yahoo.co.jp/articles/f8d736355bc94782da56fa03a5b801105fd34f2b,https://newsatcl-pctr.c.yimg.jp/t/amd-img/20240708-00010000-wmapv-000-2-thumb.jpg?exp=10800,2024-07-08T07:39:35+09:00,2024-07-08T07:51:25+09:00,ウェザーマップ,wmap,ウェザーマップ,425,\nきょう8日（月）も東日本や西日本で危険な暑さが続きます。関東内陸を中心に40℃に迫る所もあり、各地で熱中症に厳重な警戒が必要です。\n8日(月)最低気温と予想最高気温\nきょう8日（月）は朝から東日本と西日本で気温が高くなっています。津（三重）では最低気温が29.8℃とけさの時点で観測史上最も高い最低気温を記録しています。午前中から各地で気温、湿度ともに高いので、早い時間帯から熱中症に警戒が必要です。\n8日(月)天気と予想最高気温\n日中は関東から九州で晴れる所が多く、強い日差しが照りつけます。全国で一番気温が上がるのは、熊谷と秩父39℃（埼玉）の予想です。きのう40.0℃を観測した静岡は38℃予想、東京は37℃で今年一番の暑さになるでしょう。\n 一方、梅雨前線の影響を受ける北日本や北陸は、くもりや雨の所が多くなります。特に新潟県や山形県はあすにかけて雨の量が多くなるため、土砂災害に注意・警戒が必要です。(気象予報士・内藤俊太郎),"['https://newsatcl-pctr.c.yimg.jp/t/amd-img/20240708-00010000-wmapv-001-2-view.jpg?pri=l&w=569&h=640&exp=10800', 'https://newsatcl-pctr.c.yimg.jp/t/amd-img/20240708-00010000-wmapv-002-2-view.jpg?pri=l&w=640&h=360&exp=10800']","['https://news.yahoo.co.jp/articles/f8d736355bc94782da56fa03a5b801105fd34f2b/images/000', 'https://news.yahoo.co.jp/articles/f8d736355bc94782da56fa03a5b801105fd34f2b/images/001']"
8日(月)　危険な暑さの中心は関東　今年一番の暑さで40℃に迫る所も　東京都心は37℃予想（ウェザーマップ）,https://news.yahoo.co.jp/articles/9dda841b3eaa8538c24a0260c2e34b2382e782ba,https://newsatcl-pctr.c.yimg.jp/t/amd-img/20240708-00010001-wmap-000-2-view.jpg?exp=10800,2024-07-08T05:42:19+09:00,2024-07-08T11:27:14+09:00,ウェザーマップ,wmap,ウェザーマップ,1049,\n8日(月)の天気と降水確率\nきのう7日(日)は、静岡で今年全国で初めて40℃に到達し、国内で7年連続40℃以上を記録した。静岡県や福島県を中心に観測史上一番の暑さになった。きょう8日(月)は、関東の内陸を中心にきのう(日)の静岡に匹敵する暑さになり、40℃に到達する可能性がある。到達しなくても、体温を超える暑さの所が続出しそうだ。一方、北陸や東北は警報級の大雨のおそれがある。\n長丁場の暑さ 関東で40℃近い暑さに\n8日(月)の予想最高気温\n暑さが長引いている。きょう(月)も、関東から西で35℃以上の猛暑日が続出し、東海から関東を中心に体温を超える暑さになる予想。猛暑日地点はきのうほど多くないものの、きのう(日)史上初めて40℃台を記録した静岡は3日連続で、名古屋は5日連続で猛暑日になる見込み。\n8日(月)の予想最高気温の分布と熱中症警戒アラート\n中でも、関東は一連の暑さのピークを迎えそうだ。南部を中心にきのう以上に暑さが増し、さいたまや小田原(神奈川)で38℃、東京都心でも37℃など今年一番の暑さが続出する予想。熊谷(埼玉)や秩父(埼玉)は39℃と40℃に迫る所もあり、きのうの静岡に続き40℃に達する所が出てもおかしくない状況だ。熱中症警戒アラートが関東から西の24都県に発表されている。\n\n【8日(月)の予想最高気温】\n39℃ 熊谷(埼玉)、秩父(埼玉)\n38℃ 静岡、小田原(神奈川)、さいたま、前橋、土浦(茨城)\n37℃ 名古屋、甲府、東京、宇都宮\n週間予報(天気・最高気温)\nあす9日(火)以降は、日に日に35℃以上の猛暑日の所は減っていくが、あす(火)も東海から関東を中心に体温超え、体温並みの暑さの所がありそうだ。外の活動は無理をせず、暑い時間を避けて活動するなど、熱中症予防は最大限にしてほしい。夜も熱が冷めず、日に日に熱帯夜の所も増えている。夜間の熱中症にも気をつけたい。\n北陸や東北南部 猛烈な暑さのち大雨\n8日(月)正午の雨の予想\n一方、雨が降る北陸や東北南部は猛暑日、真夏日を解消する所が多くなりそうだ。ただ、同じような場所で雨が降り続き、局地的に激しい雷雨になる可能性がある。警報級の大雨になるおそれもあり、土砂災害や低い土地の浸水、河川の増水や氾濫に警戒が必要だ。日差しがある沖縄、西日本の日本海側や関東も一部でにわか雨や雷雨の可能性がある。竜巻などの激しい突風やひょうにも注意したい。\n\n（気象予報士・丸田絵里子）,"['https://newsatcl-pctr.c.yimg.jp/t/amd-img/20240708-00010001-wmap-000-2-view.jpg?pri=l&w=640&h=360&exp=10800', 'https://newsatcl-pctr.c.yimg.jp/t/amd-img/20240708-00010001-wmap-001-2-view.jpg?pri=l&w=640&h=360&exp=10800', 'https://newsatcl-pctr.c.yimg.jp/t/amd-img/20240708-00010001-wmap-002-2-view.jpg?pri=l&w=568&h=640&exp=10800', 'https://newsatcl-pctr.c.yimg.jp/t/amd-img/20240708-00010001-wmap-003-2-view.jpg?pri=l&w=640&h=360&exp=10800', 'https://newsatcl-pctr.c.yimg.jp/t/amd-img/20240708-00010001-wmap-004-2-view.jpg?pri=l&w=640&h=360&exp=10800']","['https://news.yahoo.co.jp/articles/9dda841b3eaa8538c24a0260c2e34b2382e782ba/images/000', 'https://news.yahoo.co.jp/articles/9dda841b3eaa8538c24a0260c2e34b2382e782ba/images/001', 'https://news.yahoo.co.jp/articles/9dda841b3eaa8538c24a0260c2e34b2382e782ba/images/002', 'https://news.yahoo.co.jp/articles/9dda841b3eaa8538c24a0260c2e34b2382e782ba/images/003', 'https://news.yahoo.co.jp/articles/9dda841b3eaa8538c24a0260c2e34b2382e782ba/images/004']"
梅雨前線停滞　東北や北陸で警報級の大雨のおそれ　土砂災害など警戒（ウェザーマップ）,https://news.yahoo.co.jp/articles/e9a545fb685ca02ec925fef13174fee468ca934c,https://newsatcl-pctr.c.yimg.jp/t/amd-img/20240708-00010000-wmap-000-1-view.jpg?exp=10800,2024-07-08T05:22:55+09:00,2024-07-08T05:22:55+09:00,ウェザーマップ,wmap,ウェザーマップ,465,\n9日(火)午前6時の雨の予想\n東北と北陸では9日(火)にかけて、土砂災害、低い土地の浸水、河川の増水や氾濫に警戒が必要だ。また、落雷や竜巻などの激しい突風、降ひょうにも注意が必要になる。\n8日(月)午後9時の予想天気図\n梅雨前線が華北から日本海、北日本を通って日本の東にのびており、9日(火)にかけて停滞する見込み。前線に向かって暖かく湿った空気が流れ込むため、東北や北陸では9日(火)にかけて、大気の状態が非常に不安定となり、激しい雨の降る所がありそうだ。また、これまでに降った大雨により、土砂災害の危険度が高まっている所がある。\n雨の予想\n予想される24時間雨量\n東北や北陸では9日(火)にかけて、雷を伴って激しい雨が降り、大雨となる所がある見込み。土砂災害、低い土地の浸水、河川の増水や氾濫に警戒が必要だ。また、落雷や竜巻などの突風に注意が必要になる。発達した積乱雲の近づく兆しがある場合には、建物内に移動するなど、安全確保に努めたい。また、降ひょうのおそれもあるため、農作物や農業施設の管理にも注意したい。,"['https://newsatcl-pctr.c.yimg.jp/t/amd-img/20240708-00010000-wmap-000-1-view.jpg?pri=l&w=640&h=360&exp=10800', 'https://newsatcl-pctr.c.yimg.jp/t/amd-img/20240708-00010000-wmap-001-1-view.jpg?pri=l&w=640&h=360&exp=10800', 'https://newsatcl-pctr.c.yimg.jp/t/amd-img/20240708-00010000-wmap-002-1-view.jpg?pri=l&w=640&h=360&exp=10800']","['https://news.yahoo.co.jp/articles/e9a545fb685ca02ec925fef13174fee468ca934c/images/000', 'https://news.yahoo.co.jp/articles/e9a545fb685ca02ec925fef13174fee468ca934c/images/001', 'https://news.yahoo.co.jp/articles/e9a545fb685ca02ec925fef13174fee468ca934c/images/002']"
