headline,mainEntityOfPage,image,datePublished,dateModified,author,media_en,media_jp,str_count,body,images,external_links
サンライズ瀬戸・出雲号、1日発の運転取りやめ　台風10号接近で（京都新聞）,https://news.yahoo.co.jp/articles/3b50f0a74bfa1e0b5954a51835e3b06a6c726229,https://newsatcl-pctr.c.yimg.jp/t/amd-img/20240831-01425408-kyt-000-1-view.jpg?exp=10800,2024-08-31T20:13:00+09:00,2024-08-31T20:13:00+09:00,京都新聞,kyt,京都新聞,74,\nJR西日本本社\nJR西日本は31日、台風10号の接近に伴って、1日始発の寝台特急サンライズ瀬戸・サンライズ出雲号の運転を取りやめると発表した。,['https://newsatcl-pctr.c.yimg.jp/t/amd-img/20240831-01425408-kyt-000-1-view.jpg?pri=l&w=640&h=429&exp=10800'],['https://news.yahoo.co.jp/articles/3b50f0a74bfa1e0b5954a51835e3b06a6c726229/images/000']
【速報】中国籍の男、名神高速で酒気帯び運転疑い　トラックとも衝突（京都新聞）,https://news.yahoo.co.jp/articles/d1b1f8d253a1a9da42210dd80dfadc068410c7e5,https://newsatcl-pctr.c.yimg.jp/t/amd-img/20240831-01425376-kyt-000-4-view.jpg?exp=10800,2024-08-31T20:57:51+09:00,2024-08-31T21:39:54+09:00,京都新聞,kyt,京都新聞,189,\n滋賀県警本部\n滋賀県警高速道路交通警察隊は31日、道交法違反（酒気帯び運転）の疑いで、長野県南木曽町、中国籍の土木作業員の男（35）を逮捕した。\n【写真】飲酒運転が引き起こした悲劇\n逮捕容疑は同日午前2時5分ごろ、滋賀県愛荘町の名神高速道路で酒気帯び状態で軽乗用車を運転した疑い。同隊によると、車線変更時にトラックと衝突し、基準値を超えるアルコールが検出されたという。,['https://newsatcl-pctr.c.yimg.jp/t/amd-img/20240831-01425376-kyt-000-4-view.jpg?pri=l&w=640&h=430&exp=10800'],"['https://news.yahoo.co.jp/articles/d1b1f8d253a1a9da42210dd80dfadc068410c7e5/images/000', 'https://www.kyoto-np.co.jp/articles/gallery/1188080?utm_source=headlines.yahoo.co.jp&utm_medium=referral&utm_campaign=partnerLink&img=https://kyoto-np.ismcdn.jp/mwimgs/2/a/150m/img_2a7e74a1313a696825c98759c307374d1735427.jpg']"
【速報】寺の石垣の上を歩いていた75歳男性転落か　血を流して倒れ、病院搬送も死亡（京都新聞）,https://news.yahoo.co.jp/articles/63c7ab86a41e862200fd0dc8ed8f041ad289e8f1,https://newsatcl-pctr.c.yimg.jp/t/amd-img/20240831-01425375-kyt-000-2-view.jpg?exp=10800,2024-08-31T19:09:51+09:00,2024-08-31T19:48:57+09:00,京都新聞,kyt,京都新聞,218,\n滋賀県警大津署\n31日午前8時30分ごろ、滋賀県大津市坂本本町の長寿院の敷地内で、同市の男性（75）が血を流して倒れているのを寺院関係者が発見した。男性は搬送先の病院で死亡した。\n【資料写真】男性が倒れていた寺\n滋賀県警大津署によると、同寺の敷地内で石垣の上を歩く男性を寺院関係者が目撃していたが、目を離した間に姿が見えなくなった。様子を見に行くと石垣の下に落下していたという。同署は、男性が石垣から転落したとみて調べている。,['https://newsatcl-pctr.c.yimg.jp/t/amd-img/20240831-01425375-kyt-000-2-view.jpg?pri=l&w=640&h=426&exp=10800'],"['https://news.yahoo.co.jp/articles/63c7ab86a41e862200fd0dc8ed8f041ad289e8f1/images/000', 'https://post.www.kyoto-np.co.jp/articles/gallery/1325375?utm_source=headlines.yahoo.co.jp&utm_medium=referral&utm_campaign=partnerLink&img=/mwimgs/7/8/150m/img_78e57f54050be5590c143981f2251f211067100.jpg']"
【速報】台風10号、滋賀県は1日に再び大雨の恐れ　すでに記録的雨量、土砂災害警戒を　（京都新聞）,https://news.yahoo.co.jp/articles/8cb462ac977ea7d4c5897accc55d3fa16cfe366f,https://newsatcl-pctr.c.yimg.jp/t/amd-img/20240831-01425289-kyt-000-2-view.jpg?exp=10800,2024-08-31T17:46:47+09:00,2024-08-31T21:48:56+09:00,京都新聞,kyt,京都新聞,666,\n【資料写真】彦根地方気象台\n彦根地方気象台は31日夕、台風10号に関する滋賀県気象情報を発表し、台風10号は9月2日にかけて近畿地方東部を北上する見込みで、滋賀県は1日から再び雨が強まり、2日かけて警報級の大雨の可能性があるとした。すでに滋賀県内の広範囲で土中の水分量が増えており、土砂災害に警戒を呼びかけている。\n【画像】台風10号の進路予想図。直角に曲がって北へ\n気象台によると、台風10号は31日午後3時現在、和歌山県・潮岬の南東約60キロにあり、時速15キロで東南東へ進んでいる。中心気圧は996ヘクトパスカル、最大風速は18メートル、最大瞬間風速は25メートル。\n\n 台風は、9月1日朝にかけて潮岬の南東をゆっくり東へ進み、その後9月2日にかけて近畿地方東部を北上し、熱帯低気圧に変わる見込み。予報円の中心を進んだ場合、滋賀県を通過する恐れがある。\n\n 滋賀県各地は、これまでの大雨で地盤の緩んでいる所があり、土砂災害の危険度が高くなっている。特に、鈴鹿山系では26日の降り始めからの雨量が400ミリを超えている地点もあり、土砂災害の恐れが高まっている。甲賀市土山は、降り始めから31日午後4時までの降水量が210ミリに達し、8月の月降水量の平年値を超えている。\n\n 31日に予想される1時間降水量は30ミリ。\n\n 9月1日に予想される1時間降水量は40ミリ。\n\n 9月1日午後6時までに予想される24時間降水量は120ミリ。\n\n 2日午後6時までに予想される24時間降水量は120ミリ。,['https://newsatcl-pctr.c.yimg.jp/t/amd-img/20240831-01425289-kyt-000-2-view.jpg?pri=l&w=640&h=427&exp=10800'],"['https://news.yahoo.co.jp/articles/8cb462ac977ea7d4c5897accc55d3fa16cfe366f/images/000', 'https://www.kyoto-np.co.jp/articles/gallery/1325286?utm_source=headlines.yahoo.co.jp&utm_medium=referral&utm_campaign=partnerLink&img=https://kyoto-np.ismcdn.jp/mwimgs/a/a/150m/img_aa672959ad90f136411b311dde5eb98e393059.jpg']"
「希望の架け橋に」虹かかる琵琶湖描いた、ご当地キャラ博ポスター制作　魅力発信願う（京都新聞）,https://news.yahoo.co.jp/articles/841861915739de6e67ed27901bf7d80434ddd9de,https://newsatcl-pctr.c.yimg.jp/t/amd-img/20240831-01421428-kyt-000-2-view.jpg?exp=10800,2024-08-31T21:22:04+09:00,2024-08-31T22:09:48+09:00,京都新聞,kyt,京都新聞,917,\n水彩画を通じて「希望」や「幸せ」のメッセージを発信する林さん（彦根市内）\nひこにゃんをはじめ、各地の約140もの人気キャラクターの愛らしい水彩画が並ぶ。水彩アーティスト林麻未さん（35）は、10月19、20日に滋賀県彦根市内で開かれる恒例の「ご当地キャラ博」のPRポスターを手がけた。「すごく満足いく作品。それぞれのご当地の魅力が伝われば」と笑顔を見せる。\n【写真】心和ませるポスター\n滋賀県長浜市出身で大阪の短大を卒業後、20代後半でふるさとに戻った。会社員時代、新型コロナ禍で自宅にいる時間を活用し、水彩画を趣味にしていた義父の影響で創作を始めたところ、「絵の具ならではの色遊び」の楽しさにはまった。\n\n 居住する彦根市のバラ園の花やネコを題材にした作品が多く、地元でのフリーマーケットに出品している。琵琶湖をテーマにした作品では、海（湖）の魅力を伝えるポスターコンテスト「うみぽす」（海洋連盟主催）に応募。湖上のレジャーや花火などを描き、2021年度から3年連続で入賞も果たした。\n\n キャラ博のポスターは、夫・直彦さん（44）とボランティアとして参加した縁で実行委員会から依頼を受けた。「ご当地の繁栄につながる希望の架け橋に」と、虹がかかる琵琶湖にキャラたちが集合。各キャラの写真をもとに体のバランス、輪郭、顔のパーツを正確に、かつ、心を和ませる表情に仕上げた。\n\n 4年前には死産を経験し、同じような境遇の人々に支えられた。その体験を踏まえ、昨夏、絵本「うんめいのわがまわるとき」を発表し、彦根や長浜の図書館に寄贈。人生で避けられない生・老・病・死の「四苦八苦」を表現し、「怖がることはない。この世界は愛であふれている。小さな幸せを一緒に見つけませんか」とのメッセージが込められている。\n\n 自身と対話しながら創作するスタイルで、今後も「絵を通して、うまく言葉にできないことを伝えたい」と語る。例えば、コンプレックスや強がって言えないこと。「動物や自然に向かって話すとか、方法はいくらでもある。まあいいかな、そんなことだったんだと、思ってもらえるような作品を届けられれば」とほほ笑む。彦根市西今町。,['https://newsatcl-pctr.c.yimg.jp/t/amd-img/20240831-01421428-kyt-000-2-view.jpg?pri=l&w=468&h=640&exp=10800'],"['https://news.yahoo.co.jp/articles/841861915739de6e67ed27901bf7d80434ddd9de/images/000', 'https://post.www.kyoto-np.co.jp/articles/gallery/1321428?utm_source=headlines.yahoo.co.jp&utm_medium=referral&utm_campaign=partnerLink&img=/mwimgs/8/6/150m/img_8659ac0a836f65e2dbf3c33b1230c5d3805715.jpg']"
【速報】台風10号、直角に曲がって近畿地方を北上か　京都府、1日昼前から再び大雨の恐れ（京都新聞）,https://news.yahoo.co.jp/articles/1021b3e1ee4fddf265c468a84e5acf7ff0c67045,https://newsatcl-pctr.c.yimg.jp/t/amd-img/20240831-01425286-kyt-000-3-view.jpg?exp=10800,2024-08-31T17:32:03+09:00,2024-08-31T21:46:47+09:00,京都新聞,kyt,京都新聞,599,\n京都地方気象台\n京都地方気象台は31日夕、台風10号に関する気象情報を発表し、台風10号は9月2日にかけて近畿地方東部を北上し、京都府では1日昼前から再び雨が強まる恐れがあるとして、土砂災害や浸水害への警戒を呼びかけた。\n【画像】台風10号の進路予想図\n気象台によると、台風10号は31日午後3時現在、和歌山県・潮岬の南東約60キロにあり、時速15キロで東南東へ進んでいる。中心気圧は996ヘクトパスカル、最大風速は18メートル、最大瞬間風速は25メートル。\n\n 台風は、9月1日朝にかけて潮岬の南東をゆっくり東へ進み、その後、進路を直角に北へ変えて9月2日にかけて近畿地方東部を北上し、熱帯低気圧に変わる見込み。熱帯低気圧に変わっても、大量の水蒸気を流入させるため、大雨のリスクは続く。\n\n 京都府は、9月1日昼前から、台風や熱帯低気圧本体の雨雲が接近するため、再び局地的に雷を伴った激しい雨が降る恐れがある。これまでの雨で、京都府北部を中心に地盤が緩んでおり、9月2日にかけて警報級の大雨となる可能性がある。\n\n 9月1日に予想される1時間降水量は、京都府全域で30ミリ。\n\n 9月1日午後6時までに予想される24時間降水量は、京都府北部80ミリ、京都府南部100ミリ。\n\n 2日午後6時までに予想される24時間降水量は、京都府北部80ミリ、京都府南部100ミリ。,['https://newsatcl-pctr.c.yimg.jp/t/amd-img/20240831-01425286-kyt-000-3-view.jpg?pri=l&w=640&h=412&exp=10800'],"['https://news.yahoo.co.jp/articles/1021b3e1ee4fddf265c468a84e5acf7ff0c67045/images/000', 'https://www.kyoto-np.co.jp/articles/gallery/1325286?utm_source=headlines.yahoo.co.jp&utm_medium=referral&utm_campaign=partnerLink&img=https://kyoto-np.ismcdn.jp/mwimgs/a/a/150m/img_aa672959ad90f136411b311dde5eb98e393059.jpg']"
【速報】JR関西線亀山ー加茂駅間、1日始発から運転取りやめの可能性　台風10号影響で（京都新聞）,https://news.yahoo.co.jp/articles/6966d1004f26cd0c6cd331611af657361cfc6fba,https://newsatcl-pctr.c.yimg.jp/t/amd-img/20240831-01425291-kyt-000-1-view.jpg?exp=10800,2024-08-31T17:01:54+09:00,2024-08-31T17:01:54+09:00,京都新聞,kyt,京都新聞,113,\nJR西日本本社\nJR西日本は31日、台風10号の影響で大雨が見込まれるため、9月1日始発から関西線亀山（三重県亀山市）ー加茂駅（京都府木津川市）間の運転を取りやめる可能性があると発表した。\n【資料写真】加茂駅はこんな駅,['https://newsatcl-pctr.c.yimg.jp/t/amd-img/20240831-01425291-kyt-000-1-view.jpg?pri=l&w=640&h=429&exp=10800'],"['https://news.yahoo.co.jp/articles/6966d1004f26cd0c6cd331611af657361cfc6fba/images/000', 'https://post.www.kyoto-np.co.jp/sys/articles/preview/gallery/1325291?utm_source=headlines.yahoo.co.jp&utm_medium=referral&utm_campaign=partnerLink&img=/mwimgs/1/7/150m/img_17c94693b3c287d71c69820bba3a864c804460.jpg']"
「食堂はどんなメニュー？」「修学旅行先は」　京都私立中高展　来場者、学校生活にも関心（京都新聞）,https://news.yahoo.co.jp/articles/abf3289f215989b7a7881454fd16f7532adbbab9,https://newsatcl-pctr.c.yimg.jp/t/amd-img/20240831-01425151-kyt-000-3-view.jpg?exp=10800,2024-08-31T16:27:52+09:00,2024-08-31T21:51:59+09:00,京都新聞,kyt,京都新聞,498,\n相談ブースで学校の特色について説明を受ける来場者（京都市左京区・みやこめっせ）\n京都府内の私立学校の情報を発信する「京都私立中学・高校展」が31日、京都市左京区のみやこめっせで始まった。会場には学校別の相談ブースが並び、各校の担当者が、訪れた生徒や児童、保護者らに教育面の特色や入試情報を紹介した。\n【資料写真】会場のみやこめっせはこんな外観\n受験シーズンを前に、府私立中学高等学校連合会と京都新聞が企画した。府内の37校が参加し、個別相談できるブースや学校パンフレットを並べるコーナーを設けた。\n\n 相談ブースは34校が実施。担当者がタブレットなどを使い、自校の校風や進学実績、特徴的なクラブ活動を説明した。来場者も入試制度や学習コースについて熱心に質問し、「修学旅行の行き先は」「食堂にどんなメニューがあるの」などと学校生活についても詳しく尋ねていた。\n\n 1日も午前10時から午後4時まで開く。また、同1時半からは、みやこめっせ内でフォーラム「挑戦する私学」が開かれ、平安文学研究者の山本淳子・京都先端科学大教授が「光源氏のスパルタ教育」と題して講演する。ともに入場無料。,['https://newsatcl-pctr.c.yimg.jp/t/amd-img/20240831-01425151-kyt-000-3-view.jpg?pri=l&w=640&h=414&exp=10800'],"['https://news.yahoo.co.jp/articles/abf3289f215989b7a7881454fd16f7532adbbab9/images/000', 'https://www.kyoto-np.co.jp/articles/gallery/1325151?utm_source=headlines.yahoo.co.jp&utm_medium=referral&utm_campaign=partnerLink&img=https://kyoto-np.ismcdn.jp/mwimgs/c/c/150m/img_ccd691c0f026c2ba52e19775c87d4568863450.jpg']"
【速報】台風10号接近で京都丹後鉄道62本運休、2400人に影響（京都新聞）,https://news.yahoo.co.jp/articles/2aaf719f0759e79f9c41d764b211e419376a6e11,https://newsatcl-pctr.c.yimg.jp/t/amd-img/20240831-01425307-kyt-000-1-view.jpg?exp=10800,2024-08-31T17:16:56+09:00,2024-08-31T17:16:56+09:00,京都新聞,kyt,京都新聞,125,\n【資料写真】京都丹後鉄道\n京都丹後鉄道は31日、台風10号の接近に伴う影響をまとめた。\n\n 全線で30日午後8時ごろから31日正午過ぎまで運転を見合わせ、午後も一部特急列車の運行を取りやめた。両日で計62本が運休し、約2400人に影響した。,['https://newsatcl-pctr.c.yimg.jp/t/amd-img/20240831-01425307-kyt-000-1-view.jpg?pri=l&w=640&h=444&exp=10800'],['https://news.yahoo.co.jp/articles/2aaf719f0759e79f9c41d764b211e419376a6e11/images/000']
社説：外国籍の子ども　日本語教育の充実が急務だ（京都新聞）,https://news.yahoo.co.jp/articles/e6a4cbc4afdab8fafe20c1ffdf177c417cfb5a93,https://newsatcl-pctr.c.yimg.jp/t/amd-img/default.jpg?exp=10800,2024-08-31T16:02:06+09:00,2024-08-31T16:02:06+09:00,京都新聞,kyt,京都新聞,1126,\n外国人との共生社会を進める上で、子どもの学習権の保障は重要な優先課題だ。日本語が不得意な児童生徒が、学ぶ機会を失い、将来の選択肢を狭めることのないよう、支援体制の充実が急がれる。\n\n 文部科学省の昨年度調査で、外国生まれなどのため日本語の指導が必要な児童生徒が全国で6万9千人を超え、過去最多を記録した。京都府は405人、滋賀県は1767人に上る。\n\n 背景にあるのは、在留外国人の増加だ。昨年末時点で341万人に上り、2年連続で過去最多を更新した。政府は労働力不足を補うため「外国人材の受け入れ拡大」を掲げており、今後も外国籍の子どもは増えるだろう。\n\n 気がかりなのは、日本語で日常会話が十分できなかったり、授業を理解するのが難しかったりする子どものうち、1割ほどが補習などの支援を受けられてない状況だ。学校現場の人員不足が大きな理由という。\n\n 日本語能力の不十分さは、学業や学校生活の困難さに直結している。日本語指導が必要な高校生の中退率は2022年度調査で8・5％と、高校生全体と比べて7・7倍に達した。\n\n 高校卒業後の進路でも影響がみられる。非正規雇用の仕事に就く割合は4割近くと、全体の12倍以上を示す。反対に、大学などへの進学率は全体より30ポイント低い46％にとどまっている。\n\n さらに深刻なのは、義務教育段階の年齢にもかかわらず、小中学校などに通っていない「不就学」である。昨年5月で約8600人と、調査を始めた19年以降では初の増加となった。社会から疎外されていないか、実態の把握が欠かせない。\n\n これらの問題は以前から指摘されており、文科省も「きめ細かな支援を急ぎたい」という。だが、国が進める外国人の受け入れ拡大策に、教育現場が追いついていないのは明らかだ。\n\n 政府は昨年、配偶者や子を呼び寄せられる「特定技能2号」の対象業種を拡大した。特定技能全体の受け入れ枠は2倍超に増やす計画だ。\n\n これは事実上の移民政策だが、自民党内の一部反発に配慮した政府は「労働力」「人材」としての扱いを優先してきた。\n\n 教育の問題は、ひずみの表れにほかならない。在留外国人の多国籍化が進む中、学校現場の頑張りは限界にきている。政府は、自治体やボランティア任せにせず、教員志望の大学生に日本語指導の単位取得を促したり、デジタル技術を生かした支援システムなど、新しい仕組みづくりも急いでほしい。\n\n 国内に暮らす外国人の数は近年、想定より早いペースで増えている。国の推計で、人口の1割を占める70年代を見据え、政府は教育や社会保障など外国人の暮らしを支える基盤づくりに本腰を入れるべきだ。,[],[]
【速報】滋賀県東近江市の土砂災害警戒情報を解除「大雨弱まった」（京都新聞）,https://news.yahoo.co.jp/articles/388714c4b2980ef496f338c28c825d16be3a7440,https://newsatcl-pctr.c.yimg.jp/t/amd-img/20240831-01425220-kyt-000-2-view.jpg?exp=10800,2024-08-31T15:02:01+09:00,2024-08-31T15:09:52+09:00,京都新聞,kyt,京都新聞,122,\n【資料写真】彦根地方気象台\n滋賀県と彦根地方気象台は31日午後2時20分、滋賀県東近江市に出していた土砂災害警戒情報を解除した。\n【地図】滋賀県米原市はここ\n県などは「大雨が弱まり、土砂災害が発生するおそれは少なくなった」としている。,['https://newsatcl-pctr.c.yimg.jp/t/amd-img/20240831-01425220-kyt-000-2-view.jpg?pri=l&w=640&h=427&exp=10800'],"['https://news.yahoo.co.jp/articles/388714c4b2980ef496f338c28c825d16be3a7440/images/000', 'https://www.kyoto-np.co.jp/articles/gallery/1325214?utm_source=headlines.yahoo.co.jp&utm_medium=referral&utm_campaign=partnerLink&img=https://kyoto-np.ismcdn.jp/mwimgs/6/7/150m/img_67db15f893a1364d4a958da61b0d089569287.jpg']"
【速報】三重県北中部に線状降水帯が発生、災害に警戒　北隣の滋賀県への影響は（京都新聞）,https://news.yahoo.co.jp/articles/1477f08604d3f8bb5c8352e624fef4b5d8d7138a,https://newsatcl-pctr.c.yimg.jp/t/amd-img/20240831-01425216-kyt-000-1-view.jpg?exp=10800,2024-08-31T14:51:59+09:00,2024-08-31T14:51:59+09:00,京都新聞,kyt,京都新聞,259,\n【資料写真】彦根地方気象台\n津地方気象台は31日午後2時ごろ、顕著な大雨に関する気象情報を発表し、三重県北中部で線状降水帯が発生し、非常に激しい雨が同じ場所で降り続いているため、土砂災害発生などの危険度が急激に高まっているとして警戒を呼びかけた。\n\n 気象庁によると、三重県北中部で発達した雨雲が南北に伸び、激しい雨を降らせている。県中部の松阪市粥見で午後2時までの3時間に130ミリを超える豪雨となった。\n\n 彦根地方気象台によると、この線状降水帯が北に隣接する滋賀県に流れ込む可能性は低いとみている。,['https://newsatcl-pctr.c.yimg.jp/t/amd-img/20240831-01425216-kyt-000-1-view.jpg?pri=l&w=640&h=427&exp=10800'],['https://news.yahoo.co.jp/articles/1477f08604d3f8bb5c8352e624fef4b5d8d7138a/images/000']
【速報】滋賀県米原市が避難情報の警戒レベル引き下げ　避難指示→高齢者等避難（京都新聞）,https://news.yahoo.co.jp/articles/978f8c3199d06630e7eaea76e457e28812204cee,https://newsatcl-pctr.c.yimg.jp/t/amd-img/20240831-01425240-kyt-000-1-view.jpg?exp=10800,2024-08-31T15:22:02+09:00,2024-08-31T15:22:02+09:00,京都新聞,kyt,京都新聞,86,\n米原市\n滋賀県米原市は31日午後3時、台風10号に伴う避難情報の警戒レベルを避難指示から高齢者等避難に引き下げた。避難情報の対象地域も伊吹自治会の一部地域に縮小した。,['https://newsatcl-pctr.c.yimg.jp/t/amd-img/20240831-01425240-kyt-000-1-view.jpg?pri=l&w=640&h=480&exp=10800'],['https://news.yahoo.co.jp/articles/978f8c3199d06630e7eaea76e457e28812204cee/images/000']
【速報】「自然災害だから仕方ない」JR線の運転見合わせで乗客足止め　滋賀・米原（京都新聞）,https://news.yahoo.co.jp/articles/d06ff146e0239a6e9a80297482828617ac48dc32,https://newsatcl-pctr.c.yimg.jp/t/amd-img/20240831-01425214-kyt-000-2-view.jpg?exp=10800,2024-08-31T14:46:49+09:00,2024-08-31T14:54:53+09:00,京都新聞,kyt,京都新聞,182,\n【資料写真】米原駅（滋賀県米原市）\n台風10号接近に伴い、近畿地方の鉄道は31日午前からダイヤに乱れが生じた。滋賀県米原市のJR米原駅では、東海道線の米原―大垣間が運転見合わせとなった影響で多くの乗客が足止めを余儀なくされた。\n【動画】そのころ、京都・鴨川は\n岐阜市の会社員男性（63）は家人の迎えを待ちながら「自然災害だから仕方ない」と苦笑いしていた。,['https://newsatcl-pctr.c.yimg.jp/t/amd-img/20240831-01425214-kyt-000-2-view.jpg?pri=l&w=640&h=431&exp=10800'],"['https://news.yahoo.co.jp/articles/d06ff146e0239a6e9a80297482828617ac48dc32/images/000', 'https://www.kyoto-np.co.jp/list/movie?utm_source=headlines.yahoo.co.jp&utm_medium=referral&utm_campaign=partnerLink&id=pFTGUfZAkXQ']"
北陸新幹線、金沢ー敦賀駅間で一時運転見合わせ　加賀温泉ー芦原温泉駅間で異音（京都新聞）,https://news.yahoo.co.jp/articles/a598dfc15927575b8fa812ee3831d967c28948fb,https://newsatcl-pctr.c.yimg.jp/t/amd-img/20240831-01425208-kyt-000-3-view.jpg?exp=10800,2024-08-31T14:24:54+09:00,2024-08-31T14:32:05+09:00,京都新聞,kyt,京都新聞,157,\nJR西日本本社\nJR西日本のホームページによると、北陸新幹線は31日午後1時半ごろ、加賀温泉（石川県加賀市）―芦原温泉（福井県あわら市）駅間で走行中に異音を感知した。\n【動画】一部で運転見合わせが続く東海道新幹線の京都駅\nこの影響で金沢ー敦賀駅間で運転を見合わせたが、午後2時20分ごろに運転を再開した。,['https://newsatcl-pctr.c.yimg.jp/t/amd-img/20240831-01425208-kyt-000-3-view.jpg?pri=l&w=640&h=429&exp=10800'],"['https://news.yahoo.co.jp/articles/a598dfc15927575b8fa812ee3831d967c28948fb/images/000', 'https://www.kyoto-np.co.jp/list/movie?utm_source=headlines.yahoo.co.jp&utm_medium=referral&utm_campaign=partnerLink&id=tKrh-n83W5I']"
【速報】京都丹後鉄道　台風10号で見合わせの運転を全線で再開　特急「たんごリレー」など4本は運休（京都新聞）,https://news.yahoo.co.jp/articles/3119a360535898e1013c7615451f11e46db4738e,https://newsatcl-pctr.c.yimg.jp/t/amd-img/20240831-01425186-kyt-000-2-view.jpg?exp=10800,2024-08-31T13:15:30+09:00,2024-08-31T13:18:58+09:00,京都新聞,kyt,京都新聞,98,\n【資料】京都丹後鉄道の宮津駅\n京都丹後鉄道は31日、正午過ぎから全線で運転を再開したと発表した。車両運用の関係で、同日午後の特急は福知山―網野駅間の「たんごリレー3号」など計4本を運休する。,['https://newsatcl-pctr.c.yimg.jp/t/amd-img/20240831-01425186-kyt-000-2-view.jpg?pri=l&w=640&h=443&exp=10800'],['https://news.yahoo.co.jp/articles/3119a360535898e1013c7615451f11e46db4738e/images/000']
【台風10号】京都市中心部、鴨川や四条大橋の様子は　「等間隔のカップル」はおらず（京都新聞）,https://news.yahoo.co.jp/articles/5e67f462d798547f1a0a340db44dcfccc1cfde40,https://newsatcl-pctr.c.yimg.jp/t/amd-img/20240831-01425170-kyt-000-4-view.jpg?exp=10800,2024-08-31T12:48:57+09:00,2024-08-31T13:32:02+09:00,京都新聞,kyt,京都新聞,230,\n鴨川は普段通りの様子（３１日午前９時すぎ、京都市・四条大橋）\n台風10号の影響で31日午前の京都市内は、断続的に雨が降った。\n\n\n 京都市中心部の四条大橋周辺では雨が降る中、橋を行く市民や観光客が傘を差しながら足早に歩いた。\n【動画】鴨川の様子は?\n鴨川は普段と変わらない流れで、橋の下を気に掛ける通行人は少なかった。\n\n\n カップルが等間隔に座ることで知られる鴨川右岸にほとんど人影はなく、時折ランニングする人が見かけられたのみだった。,['https://newsatcl-pctr.c.yimg.jp/t/amd-img/20240831-01425170-kyt-000-4-view.jpg?pri=l&w=640&h=480&exp=10800'],"['https://news.yahoo.co.jp/articles/5e67f462d798547f1a0a340db44dcfccc1cfde40/images/000', 'https://www.kyoto-np.co.jp/list/movie?utm_source=headlines.yahoo.co.jp&utm_medium=referral&utm_campaign=partnerLink&id=pFTGUfZAkXQ']"
【台風10号】滋賀県の彦根市や愛荘町など1市2町に新たに大雨警報【速報】（京都新聞）,https://news.yahoo.co.jp/articles/3497612fe8545734a4423b0c485ab1139bdadcdc,https://newsatcl-pctr.c.yimg.jp/t/amd-img/20240831-01425163-kyt-000-1-view.jpg?exp=10800,2024-08-31T12:24:56+09:00,2024-08-31T12:24:56+09:00,京都新聞,kyt,京都新聞,165,\n【資料写真】彦根地方気象台\n彦根地方気象台は31日正午までに、滋賀県の彦根市、愛荘町、甲良町の1市2町に新たに大雨警報（土砂災害）を発表し、31日夜まで土砂災害への警戒を呼びかけた。\n\n 31日正午時点で大雨警報（土砂災害）が発表されているのは、長浜市、甲賀市、東近江市、米原市、日野町、多賀町、彦根市、愛荘町、甲良町。,['https://newsatcl-pctr.c.yimg.jp/t/amd-img/20240831-01425163-kyt-000-1-view.jpg?pri=l&w=640&h=427&exp=10800'],['https://news.yahoo.co.jp/articles/3497612fe8545734a4423b0c485ab1139bdadcdc/images/000']
【速報】滋賀県東近江市に土砂災害警戒情報を発表「少しでも安全な場所へ」台風10号接近に伴う大雨で（京都新聞）,https://news.yahoo.co.jp/articles/4097ff18052b194547e42e54eb0329c5d392f3c3,https://newsatcl-pctr.c.yimg.jp/t/amd-img/20240831-01425169-kyt-000-5-view.jpg?exp=10800,2024-08-31T12:46:52+09:00,2024-08-31T13:06:53+09:00,京都新聞,kyt,京都新聞,177,\n滋賀県庁\n滋賀県と彦根地方気象台は31日午後0時半、大雨が降り続く滋賀県東近江市に土砂災害警戒情報を発表した。\n【画像】台風10号の今後の進路は\n気象台などは「命に危険が及ぶ土砂災害がいつ発生してもおかしくない状況」とし、崖の近くや谷の出口など土砂災害の発生しやすい地域の住民に「少しでも安全な場所への速やかな避難を心がけて」と呼び掛けている。,['https://newsatcl-pctr.c.yimg.jp/t/amd-img/20240831-01425169-kyt-000-5-view.jpg?pri=l&w=640&h=455&exp=10800'],"['https://news.yahoo.co.jp/articles/4097ff18052b194547e42e54eb0329c5d392f3c3/images/000', 'https://www.kyoto-np.co.jp/articles/gallery/1325169?utm_source=headlines.yahoo.co.jp&utm_medium=referral&utm_campaign=partnerLink&img=https://kyoto-np.ismcdn.jp/mwimgs/b/f/150m/img_bf75042d3a823074ce89ebd147bff885131104.jpg']"
関西線の亀山ー柘植駅間で一時運転見合わせ　JR西日本（京都新聞）,https://news.yahoo.co.jp/articles/980be2500c86997fc27c4d67825a01e5d33abaa5,https://newsatcl-pctr.c.yimg.jp/t/amd-img/20240831-01425150-kyt-000-3-view.jpg?exp=10800,2024-08-31T11:51:58+09:00,2024-08-31T21:02:17+09:00,京都新聞,kyt,京都新聞,164,\nJR西日本本社\nJR西日本によると、関西線の亀山（三重県亀山市）ー加茂（京都府木津川市）駅間は31日午前10時半ごろから運転を見合わせている。\n\n 運転再開の見込みは立っていないという。\n\n ◇ \n\n 関西線の柘植（三重県伊賀市）ー加茂駅間は運転を再開した。亀山ー柘植駅間も午後8時48分に徐行で運転再開した。,['https://newsatcl-pctr.c.yimg.jp/t/amd-img/20240831-01425150-kyt-000-3-view.jpg?pri=l&w=640&h=429&exp=10800'],['https://news.yahoo.co.jp/articles/980be2500c86997fc27c4d67825a01e5d33abaa5/images/000']
JR東海道線、米原－大垣で一時運転見合わせ　台風10号の大雨のため（京都新聞）,https://news.yahoo.co.jp/articles/80a36728e993050da8c05f8f7d3fe0142dd12350,https://newsatcl-pctr.c.yimg.jp/t/amd-img/20240831-01425161-kyt-000-4-view.jpg?exp=10800,2024-08-31T12:16:53+09:00,2024-08-31T17:27:52+09:00,京都新聞,kyt,京都新聞,384,\n1\n/\n2\n【資料写真】JR東海道線の電車（柏原駅）\n【資料写真】JR米原駅\nJR東海によると、JR東海道線は台風10号による大雨のため、31日午前10時50分頃から、米原（滋賀県）-大垣（岐阜県）駅間で、上下線とも運転を見合わせている。\n【画像】岐阜県・関ケ原付近の雨雲レーダーは真っ赤に\n気象庁によると、岐阜県西部は記録的な雨量となっており、31日午前11時までの24時間雨量は、関ケ原町で170ミリに達し、杭瀬川で氾濫発生情報が発表されている。\n\n 東海道新幹線も、31日正午現在、三島-新大阪で運転を見合わせている。\n\n ◇\n\n 同社によると、米原ー大垣駅間は31日午後4時半ごろに運転を再開。東海道新幹線は、同日午後0時10分ごろから、名古屋-新大阪駅間で折り返し運転を行っているが、三島ー名古屋駅間は終日運転を取りやめている。,"['https://newsatcl-pctr.c.yimg.jp/t/amd-img/20240831-01425161-kyt-000-4-view.jpg?pri=l&w=640&h=416&exp=10800', 'https://newsatcl-pctr.c.yimg.jp/t/amd-img/20240831-01425161-kyt-001-4-view.jpg?pri=l&w=640&h=495&exp=10800']","['https://news.yahoo.co.jp/articles/80a36728e993050da8c05f8f7d3fe0142dd12350/images/000', 'https://news.yahoo.co.jp/articles/80a36728e993050da8c05f8f7d3fe0142dd12350/images/001', 'https://www.kyoto-np.co.jp/articles/gallery/1325104?utm_source=headlines.yahoo.co.jp&utm_medium=referral&utm_campaign=partnerLink&img=https://kyoto-np.ismcdn.jp/mwimgs/5/7/150m/img_57e2f01cc250fb8d313467ace97cf5a4885265.jpg']"
山陽新幹線は9月1日も本数減らし運転へ（京都新聞）,https://news.yahoo.co.jp/articles/840fa2652cb9ea49f5ac605d80c1242c043357c4,https://newsatcl-pctr.c.yimg.jp/t/amd-img/20240831-01425141-kyt-000-3-view.jpg?exp=10800,2024-08-31T11:22:06+09:00,2024-08-31T15:42:57+09:00,京都新聞,kyt,京都新聞,77,\nJR西日本本社\nJR西日本は31日、山陽新幹線の新大阪（大阪市）―博多（福岡市）駅間について、9月1日も本数を減らして運転を行う予定だ、と発表した。,['https://newsatcl-pctr.c.yimg.jp/t/amd-img/20240831-01425141-kyt-000-3-view.jpg?pri=l&w=640&h=429&exp=10800'],['https://news.yahoo.co.jp/articles/840fa2652cb9ea49f5ac605d80c1242c043357c4/images/000']
「大変申し訳ない」事件急行中のパトカーが前方不注意で軽乗用車に追突　当てられた女性けが（京都新聞）,https://news.yahoo.co.jp/articles/cf5919fc0bfc23fdc61fee38bade9270b9262643,https://newsatcl-pctr.c.yimg.jp/t/amd-img/20240831-01425124-kyt-000-4-view.jpg?exp=10800,2024-08-31T11:06:50+09:00,2024-08-31T15:42:57+09:00,京都新聞,kyt,京都新聞,355,\n1\n/\n2\n滋賀県警草津署\n京都新聞\n30日午後8時ごろ、滋賀県栗東市安養寺3丁目の市道で、事件現場に急行中のパトカーが軽乗用車に追突する事故を起こした。軽乗用車を運転していた栗東市の女性（46）は首や肩を打つ軽傷を負った。\n【地図】追突現場の滋賀県栗東市はこちら\n滋賀県警草津署によると、同市内でけんかが発生しているとの通報を受けて、サイレンを鳴らして走行していたパトカーが、道を譲るために道路左側に寄って停止した前方の軽乗用車の後部にぶつかった。運転していた男性巡査長（38）にけがはなかったという。\n\n 現場は片側1車線の直線で、前方不注意とみられる。四谷尚佳署長は「パトカーによる事故でけが人をだしてしまい、大変申し訳ない。事故原因を調査し、再発防止に努める」とコメントを出した。,"['https://newsatcl-pctr.c.yimg.jp/t/amd-img/20240831-01425124-kyt-000-4-view.jpg?pri=l&w=640&h=386&exp=10800', 'https://newsatcl-pctr.c.yimg.jp/t/amd-img/20240831-01425124-kyt-001-4-view.jpg?pri=l&w=640&h=480&exp=10800']","['https://news.yahoo.co.jp/articles/cf5919fc0bfc23fdc61fee38bade9270b9262643/images/000', 'https://news.yahoo.co.jp/articles/cf5919fc0bfc23fdc61fee38bade9270b9262643/images/001', 'https://www.kyoto-np.co.jp/articles/gallery/1325124?utm_source=headlines.yahoo.co.jp&utm_medium=referral&utm_campaign=partnerLink&img=https://kyoto-np.ismcdn.jp/mwimgs/7/9/150m/img_79869f1016f659f1bc35f614855e21c3209182.jpg']"
東海道新幹線、9月1日も三島－名古屋は終日運休決定（京都新聞）,https://news.yahoo.co.jp/articles/264e0b12a9ad01868a965bb3b8f14f7101d244b0,https://newsatcl-pctr.c.yimg.jp/t/amd-img/20240831-01425120-kyt-000-3-view.jpg?exp=10800,2024-08-31T10:51:57+09:00,2024-08-31T15:42:57+09:00,京都新聞,kyt,京都新聞,161,\n【資料写真】東海道新幹線\nJR東海によると、東海道新幹線は台風10号による大雨のため、9月1日も三島-名古屋で終日運転を見合わせるという。\n【画像】台風10号の進路予想図。近畿地方に停滞気味か\n東海道新幹線の三島-名古屋は、31日も終日運転を見合わせている。運休の理由は、静岡県内で雨が降り続いているためという。,['https://newsatcl-pctr.c.yimg.jp/t/amd-img/20240831-01425120-kyt-000-3-view.jpg?pri=l&w=640&h=426&exp=10800'],"['https://news.yahoo.co.jp/articles/264e0b12a9ad01868a965bb3b8f14f7101d244b0/images/000', 'https://www.kyoto-np.co.jp/articles/gallery/1325060?utm_source=headlines.yahoo.co.jp&utm_medium=referral&utm_campaign=partnerLink&img=https://kyoto-np.ismcdn.jp/mwimgs/1/3/150m/img_13455d692e9014014e98454347d142db463305.jpg']"
東海道新幹線、東京ー三島は31日正午に再開　三島ー名古屋は31日・9月1日も終日運転取り止め（京都新聞）,https://news.yahoo.co.jp/articles/c3aa55b9e022998aab5865373afdef875bd502ec,https://newsatcl-pctr.c.yimg.jp/t/amd-img/20240831-01425121-kyt-000-4-view.jpg?exp=10800,2024-08-31T10:46:53+09:00,2024-08-31T15:42:57+09:00,京都新聞,kyt,京都新聞,136,\n【資料写真】東海道新幹線\nJR東海は31日、運転を見合わせていた東海道新幹線の東京ー三島駅間について、31日正午から運転を再開すると発表した。\n【動画】運行情報が流れる東海道新幹線の京都駅\n三島ー名古屋駅間については31日に加え、9月1日も終日運転を取り止める。,['https://newsatcl-pctr.c.yimg.jp/t/amd-img/20240831-01425121-kyt-000-4-view.jpg?pri=l&w=640&h=426&exp=10800'],"['https://news.yahoo.co.jp/articles/c3aa55b9e022998aab5865373afdef875bd502ec/images/000', 'https://youtu.be/tKrh-n83W5I?utm_source=headlines.yahoo.co.jp&utm_medium=referral&utm_campaign=partnerLink&si=JwDmUIn9LmzbXpF6']"
滋賀県北部の奥琵琶湖パークウェイが通行止め　台風10号接近に伴い（京都新聞）,https://news.yahoo.co.jp/articles/2fe504092169be71a776dc52a029c9dce4da5499,https://newsatcl-pctr.c.yimg.jp/t/amd-img/20240831-01425071-kyt-000-3-view.jpg?exp=10800,2024-08-31T08:39:52+09:00,2024-08-31T11:27:52+09:00,京都新聞,kyt,京都新聞,148,\n滋賀県庁\n滋賀県長浜土木事務所木之本支所は31日午前8時から、長浜市西浅井町の県道葛籠尾崎大浦線と葛籠尾崎塩津線（通称・奥琵琶湖パークウェイ）の12・8キロ区間を通行止めにした。\n【画像】台風10号の今後の進路は\n同支所によると、台風10号接近に伴う対応で、規制は9月2日午前8時まで。,['https://newsatcl-pctr.c.yimg.jp/t/amd-img/20240831-01425071-kyt-000-3-view.jpg?pri=l&w=640&h=455&exp=10800'],"['https://news.yahoo.co.jp/articles/2fe504092169be71a776dc52a029c9dce4da5499/images/000', 'https://www.kyoto-np.co.jp/articles/gallery/1325071?utm_source=headlines.yahoo.co.jp&utm_medium=referral&utm_campaign=partnerLink&img=https://kyoto-np.ismcdn.jp/mwimgs/1/3/150m/img_13455d692e9014014e98454347d142db463305.jpg']"
新幹線運転混乱で、JR京都駅の外国人観光客ら困惑「タフな状況だね」【台風10号】（京都新聞）,https://news.yahoo.co.jp/articles/22a53c1db0c88147b1afd03be7ca99a53ea738c6,https://newsatcl-pctr.c.yimg.jp/t/amd-img/20240831-01425078-kyt-000-13-view.jpg?exp=10800,2024-08-31T08:42:56+09:00,2024-08-31T12:46:52+09:00,京都新聞,kyt,京都新聞,583,\nJR京都駅\n台風10号の接近で東海道新幹線が運転見合わせなどをしていることに伴い、京都市のJR京都駅八条口の新幹線乗り場脇にある切符売り場では31日午前8時20分ごろ、当日のチケットを求める100人近くの外国人観光客らが列を作っていた。\n【写真】JR京都駅で列を作る外国人観光客ら\n自動券売機は発売を停止しており、観光客らは、英語でモニターに映し出された31日の運行計画と自身のスマートフォンに目をやりながら、心配そうな様子で窓口での応対を待っていた。\n\n 中国から来た男性3人組の観光客は東京までのチケット購入を希望しており、「ここに並んでいて正しいのか?」と困った様子。ニュージーランドから来た男性2人組は香川県の直島に行く予定といい「タフな状況だね」とつぶやいた。\n\n 2歳の長女と新幹線で広島市へ帰省するために京都駅に来た京都市下京区の女性（34）は「運転予定の便は調べてきたけど、こんなに混雑しているなら乗るのは無理かも」と話した。\n\n ◇\n\n JR東海によると、同日午前9時半ごろから、新大阪駅ー東京駅間で、雨量が規制値を超えるなどしたため、運転を見合わせている。\n\n ◇\n\n 同社によると、東海道新幹線の新大阪ー名古屋駅間は、31日正午過ぎに運転を再開した。また、同日午後0時半までに、東京ー三島駅間で運転を再開した。,['https://newsatcl-pctr.c.yimg.jp/t/amd-img/20240831-01425078-kyt-000-13-view.jpg?pri=l&w=640&h=426&exp=10800'],"['https://news.yahoo.co.jp/articles/22a53c1db0c88147b1afd03be7ca99a53ea738c6/images/000', 'https://www.kyoto-np.co.jp/articles/gallery/1325078?utm_source=headlines.yahoo.co.jp&utm_medium=referral&utm_campaign=partnerLink&img=https://kyoto-np.ismcdn.jp/mwimgs/f/0/150m/img_f05aec88e9a5b002f3a0e67c5b04bdc4972171.jpg']"
東海道新幹線、東京－新大阪で一時運転見合わせ　岐阜県で大雨のため、東京－三島再開【台風10号】（京都新聞）,https://news.yahoo.co.jp/articles/1f27c41c07d9b2531ab7ce84db4128de39469777,https://newsatcl-pctr.c.yimg.jp/t/amd-img/20240831-01425104-kyt-000-17-view.jpg?exp=10800,2024-08-31T10:18:57+09:00,2024-08-31T12:54:55+09:00,京都新聞,kyt,京都新聞,546,\n【資料写真】東海道新幹線\nJR東海によると、東海道新幹線は31日午前9時半頃から、東京-新大阪の上下線で運転を見合わせている。台風10号の影響で、岐阜県垂井町の雨量計で規制値（時間雨量40ミリ、連続雨量150ミリ）を超えたためとしている。\n【現場写真】京都駅、新幹線ストップに困惑する外国人観光客たち\n東海道新幹線は、31日始発から東京-名古屋で運転を見合わせ、名古屋-新大阪は大幅に本数を減らして運行していた。JR東海によると、名古屋-新大阪は、雨量が規制値を下回り次第、安全を確認して運行再開するというが、時間の見通しは立っていないという。\n\n 岐阜羽島の雨量計は、31日午前10時までの1時間に40ミリ、24時間雨量が183ミリに達している。31日午前10時現在、岐阜県西部には広範囲で大雨や降水の警報が発表されており、養老町では土砂災害警戒情報が発表されている。\n\n また、JR東海によると、東京-三島は安全が確認されたため31日正午から運転を再開し、三島-名古屋は31日と1日は終日運転を見合わせるという。\n\n ◇\n\n同社によると、東海道新幹線の新大阪ー名古屋駅間は、31日正午過ぎ、運転を再開した。また、午後0時半までに、東京ー三島駅間で運転を再開した。,['https://newsatcl-pctr.c.yimg.jp/t/amd-img/20240831-01425104-kyt-000-17-view.jpg?pri=l&w=640&h=426&exp=10800'],"['https://news.yahoo.co.jp/articles/1f27c41c07d9b2531ab7ce84db4128de39469777/images/000', 'https://www.kyoto-np.co.jp/articles/gallery/1325078?utm_source=headlines.yahoo.co.jp&utm_medium=referral&utm_campaign=partnerLink&img=https://kyoto-np.ismcdn.jp/mwimgs/f/0/150m/img_f05aec88e9a5b002f3a0e67c5b04bdc4972171.jpg']"
台風10号、近畿地方を2日間かけ北上か　滋賀県、鈴鹿山脈で記録的な雨量に（京都新聞）,https://news.yahoo.co.jp/articles/40094ec190deabc8f29c8c829593dc10d0cb8810,https://newsatcl-pctr.c.yimg.jp/t/amd-img/20240831-01425068-kyt-000-2-view.jpg?exp=10800,2024-08-31T08:12:58+09:00,2024-08-31T15:39:52+09:00,京都新聞,kyt,京都新聞,842,\n【資料写真】彦根地方気象台\n彦根地方気象台（滋賀県彦根市）は31日朝、台風10号に関する気象情報を発表し、31日から9月2日にかけて近畿地方をゆっくり北上する見込みで、滋賀県では長時間にわたって土砂災害の恐れが続くとして警戒を呼びかけた。滋賀県では、特に鈴鹿山脈の山間部で記録的な雨量になっている。\n【画像】台風10号の進路予想図。熱帯低気圧になり滋賀県へ\n気象庁によると、台風第10号は31日午前6時現在、徳島県阿南市の東南東40キロにあり、時速約10キロで東南東へ進んでいる。中心気圧は996ヘクトパスカル、最大風速は18メートル、最大瞬間風速は25メートル。\n\n 台風は、31日から9月1日にかけて紀伊半島付近を進み、その後、熱帯低気圧に変わり、2日にかけて近畿地方をゆっくり北上する見通し。9月2日にかけて警報級の大雨が続く可能性がある。\n\n 滋賀県では、台風本体の発達した雨雲により、激しい雨が降っている所がある。特に鈴鹿山脈では伊勢湾から南東風の吹き込みによって雨量が増えており、地盤が緩んで土砂災害の危険度が高くなっている。26日の降り始めから31日午前8時までの雨量は、東近江市甲津畑町の御在所で394ミリと記録的な雨量になっている。\n\n 滋賀県で31日に予想される1時間降水量は50ミリ。\n\n 9月1日に予想される1時間降水量は30ミリ。\n\n 9月1日午前6時までに予想される24時間降水量は150ミリ。\n\n 2日午前6時までに予想される24時間降水量は120ミリ。\n\n また、滋賀県では9月1日にかけて強風が吹く見込み。\n\n 31日に予想される最大風速（最大瞬間風速）は\n 琵琶湖 15メートル （25メートル）\n 琵琶湖を除く地域 12メートル （25メートル）\n\n 9月1日に予想される最大風速（最大瞬間風速）は\n 琵琶湖 14メートル （25メートル）\n 琵琶湖を除く地域 12メートル （25メートル）,['https://newsatcl-pctr.c.yimg.jp/t/amd-img/20240831-01425068-kyt-000-2-view.jpg?pri=l&w=640&h=427&exp=10800'],"['https://news.yahoo.co.jp/articles/40094ec190deabc8f29c8c829593dc10d0cb8810/images/000', 'https://www.kyoto-np.co.jp/articles/gallery/1325060?utm_source=headlines.yahoo.co.jp&utm_medium=referral&utm_campaign=partnerLink&img=https://kyoto-np.ismcdn.jp/mwimgs/1/3/150m/img_13455d692e9014014e98454347d142db463305.jpg']"
滋賀県米原市の伊吹地域に避難指示発令　対象は312人、台風10号接近で（京都新聞）,https://news.yahoo.co.jp/articles/7f2ffa201c72988e19cf9f72dbad69903065eed0,https://newsatcl-pctr.c.yimg.jp/t/amd-img/20240831-01425063-kyt-000-6-view.jpg?exp=10800,2024-08-31T07:42:57+09:00,2024-08-31T11:27:52+09:00,京都新聞,kyt,京都新聞,143,\n滋賀県米原市\n滋賀県米原市は31日午前6時30分、台風10号接近に伴い、米原市伊吹地域の126世帯312人に避難指示を発令した。\n【画像】台風10号の今後の進路は。滋賀県を通っていく見通し\n米原市のホームページによると、午前6時半現在、伊吹小学校に 7人の避難者がいるという。,['https://newsatcl-pctr.c.yimg.jp/t/amd-img/20240831-01425063-kyt-000-6-view.jpg?pri=l&w=640&h=480&exp=10800'],"['https://news.yahoo.co.jp/articles/7f2ffa201c72988e19cf9f72dbad69903065eed0/images/000', 'https://www.kyoto-np.co.jp/articles/gallery/1325060?utm_source=headlines.yahoo.co.jp&utm_medium=referral&utm_campaign=partnerLink&img=https://kyoto-np.ismcdn.jp/mwimgs/1/3/150m/img_13455d692e9014014e98454347d142db463305.jpg']"
滋賀県の国道421号が通行止め　台風10号に伴う大雨で（京都新聞）,https://news.yahoo.co.jp/articles/f31bbff8b5c172c1899e93d2dccdd9789cbec92a,https://newsatcl-pctr.c.yimg.jp/t/amd-img/20240831-01425056-kyt-000-6-view.jpg?exp=10800,2024-08-31T07:22:04+09:00,2024-08-31T11:27:52+09:00,京都新聞,kyt,京都新聞,135,\n滋賀県\n滋賀県東近江土木事務所は31日午前6時までに、国道421号の東近江市永源寺相谷町～三重県いなべ市大安町石榑南（17・7キロ）を通行止めにした。\n【画像】台風10号の進路予想図。近畿に停滞気味\n台風10号の接近に伴い、三重県側の雨量が規制値を超えたため。,['https://newsatcl-pctr.c.yimg.jp/t/amd-img/20240831-01425056-kyt-000-6-view.jpg?pri=l&w=640&h=480&exp=10800'],"['https://news.yahoo.co.jp/articles/f31bbff8b5c172c1899e93d2dccdd9789cbec92a/images/000', 'https://www.kyoto-np.co.jp/articles/gallery/1325060?utm_source=headlines.yahoo.co.jp&utm_medium=referral&utm_campaign=partnerLink&img=https://kyoto-np.ismcdn.jp/mwimgs/1/3/150m/img_13455d692e9014014e98454347d142db463305.jpg']"
台風10号、2日間かけて近畿地方をゆっくり北上か　京都府、長時間にわたり大雨恐れ（京都新聞）,https://news.yahoo.co.jp/articles/29f5a3309a6640c067396d1abdb1b66199e51ad7,https://newsatcl-pctr.c.yimg.jp/t/amd-img/20240831-01425060-kyt-000-3-view.jpg?exp=10800,2024-08-31T07:39:53+09:00,2024-08-31T15:39:52+09:00,京都新聞,kyt,京都新聞,595,\n京都地方気象台\n京都地方気象台は31日朝、台風10号に関する気象情報を発表し、31日～2日にかけて近畿地方を北上し、京都府では長時間にわたって大雨の恐れが続くとして土砂災害などへの警戒を呼びかけた。\n【画像】台風10号の進路予想図。近畿に停滞気味に\n気象庁によると、台風第10号は31日午前6時現在、徳島県阿南市の東南東40キロにあり、時速約10キロで東南東へ進んでいる。中心気圧は996ヘクトパスカル、最大風速は18メートル、最大瞬間風速は25メートル。\n\n 台風は、31日から9月1日にかけて紀伊半島付近を進み、その後、熱帯低気圧に変わり、2日にかけて近畿地方をゆっくり北上する見通し。9月2日にかけて警報級の大雨が続く可能性がある。台風本体の雨雲がかかるほか、京都府北部では日本海からの雨雲流入が続く恐れがある。\n\n 京都府で31日に予想される1時間降水量は40ミリ。\n\n 9月1日に予想される1時間降水量は30ミリ。\n\n 9月1日午前6時までに予想される24時間降水量は150ミリ。\n\n 2日午前6時までに予想される24時間降水量は100ミリ。\n\n 京都府で9月1日にかけて予想される最大風速（最大瞬間風速）は\n 北部陸上 12メートル （25メートル）\n 北部海上 15メートル （25メートル）\n 南部陸上 12メートル （25メートル）,['https://newsatcl-pctr.c.yimg.jp/t/amd-img/20240831-01425060-kyt-000-3-view.jpg?pri=l&w=640&h=412&exp=10800'],"['https://news.yahoo.co.jp/articles/29f5a3309a6640c067396d1abdb1b66199e51ad7/images/000', 'https://www.kyoto-np.co.jp/articles/gallery/1325060?utm_source=headlines.yahoo.co.jp&utm_medium=referral&utm_campaign=partnerLink&img=https://kyoto-np.ismcdn.jp/mwimgs/1/3/150m/img_13455d692e9014014e98454347d142db463305.jpg']"
JR西日本、京阪神の主要路線は通常通り運行（京都新聞）,https://news.yahoo.co.jp/articles/d75ae8dce58aa12e2ecf1069fd3593a4f5b2b24b,https://newsatcl-pctr.c.yimg.jp/t/amd-img/20240831-01425069-kyt-000-4-view.jpg?exp=10800,2024-08-31T08:03:51+09:00,2024-08-31T11:27:52+09:00,京都新聞,kyt,京都新聞,74,\nJR西日本本社\nJR西日本のホームページによると京阪神の主要路線は、31日午前8時現在、通常通り運行している。\n【台風情報】最新の進路予想図,['https://newsatcl-pctr.c.yimg.jp/t/amd-img/20240831-01425069-kyt-000-4-view.jpg?pri=l&w=640&h=429&exp=10800'],"['https://news.yahoo.co.jp/articles/d75ae8dce58aa12e2ecf1069fd3593a4f5b2b24b/images/000', 'https://www.kyoto-np.co.jp/list/weather?utm_source=headlines.yahoo.co.jp&utm_medium=referral&utm_campaign=partnerLink&type=%E5%8F%B0%E9%A2%A8']"
滋賀県の長浜市など6市町に大雨警報　台風10号、降り始めからの雨量350ミリ超えた地点も（京都新聞）,https://news.yahoo.co.jp/articles/4d4fc7c512b3dc11ac32959273fecd05d7eb3823,https://newsatcl-pctr.c.yimg.jp/t/amd-img/20240831-01425039-kyt-000-4-view.jpg?exp=10800,2024-08-31T06:36:55+09:00,2024-08-31T11:27:52+09:00,京都新聞,kyt,京都新聞,283,\n【資料写真】彦根地方気象台\n彦根地方気象台は31日午前6時までに、滋賀県の長浜市や東近江市、米原市など6市町に大雨警報（土砂災害）を発表し、31日夜まで土砂災害への警戒を呼びかけた。\n【画像】台風10号の今後の進路は\n31日午前6時現在、警報が発表されているのは、長浜市、甲賀市、東近江市、米原市、日野町、多賀町。\n\n 滋賀県では、台風による南東風で伊勢湾から雨雲の流入が続き、特に鈴鹿山系で雨量が増えている。県の雨量計では、29日の降り始めから31日午前6時までの雨量が、東近江市の御在所で357ミリに達しており、土中の水分量が非常に多くなっている。,['https://newsatcl-pctr.c.yimg.jp/t/amd-img/20240831-01425039-kyt-000-4-view.jpg?pri=l&w=640&h=427&exp=10800'],"['https://news.yahoo.co.jp/articles/4d4fc7c512b3dc11ac32959273fecd05d7eb3823/images/000', 'https://www.kyoto-np.co.jp/articles/gallery/1325039?utm_source=headlines.yahoo.co.jp&utm_medium=referral&utm_campaign=partnerLink&img=https://kyoto-np.ismcdn.jp/mwimgs/f/d/150m/img_fd2f0091062c7ba2cbc6ea38a5afd155133180.jpg']"
山陽新幹線は31日始発から本数を減らして運転（京都新聞）,https://news.yahoo.co.jp/articles/993975c5542aa3f34a204b91615878c6703fd337,https://newsatcl-pctr.c.yimg.jp/t/amd-img/20240831-01425057-kyt-000-3-view.jpg?exp=10800,2024-08-31T07:12:56+09:00,2024-08-31T11:27:52+09:00,京都新聞,kyt,京都新聞,102,\n【資料写真】山陽新幹線\nJR西日本のホームページによると、山陽新幹線は31日始発から本数を減らして運転している。東海道新幹線との直通運転は終日取りやめる。\n【台風情報】台風10号の最新の進路予想図,['https://newsatcl-pctr.c.yimg.jp/t/amd-img/20240831-01425057-kyt-000-3-view.jpg?pri=l&w=640&h=426&exp=10800'],"['https://news.yahoo.co.jp/articles/993975c5542aa3f34a204b91615878c6703fd337/images/000', 'https://www.kyoto-np.co.jp/list/weather?utm_source=headlines.yahoo.co.jp&utm_medium=referral&utm_campaign=partnerLink&type=%E5%8F%B0%E9%A2%A8']"
東海道新幹線が東京ー新大阪駅間で運転見合わせ　雨量規制のため（京都新聞）,https://news.yahoo.co.jp/articles/6bfcdd4a842d752bff5d4f31a4bffb79e3323b6c,https://newsatcl-pctr.c.yimg.jp/t/amd-img/20240831-01425053-kyt-000-4-view.jpg?exp=10800,2024-08-31T07:06:49+09:00,2024-08-31T10:36:53+09:00,京都新聞,kyt,京都新聞,296,\n【資料写真】東海道新幹線\nJR東海のホームページによると、東海道新幹線は31日午前7時現在、東京（東京都）―名古屋（名古屋市）駅間で運転を見合わせている。このうち、三島（静岡県三島市）―名古屋駅間は終日運転を見合わせる。\n【台風情報】最新の台風の位置と進路は\n東京ー三島駅間については、天候や点検の結果次第で、終日運転できない可能性もある。\n\n 名古屋ー新大阪（大阪市）駅間は1時間に上下各2本程度で折り返し運転を行っている。\n\n ◇\n\n 東海道新幹線は31日午前10時半現在、東京ー新大阪駅間の全線で運転を見合わせている。岐阜羽島ー米原で雨量が規制値に到達したという。,['https://newsatcl-pctr.c.yimg.jp/t/amd-img/20240831-01425053-kyt-000-4-view.jpg?pri=l&w=640&h=426&exp=10800'],"['https://news.yahoo.co.jp/articles/6bfcdd4a842d752bff5d4f31a4bffb79e3323b6c/images/000', 'https://www.kyoto-np.co.jp/list/weather?utm_source=headlines.yahoo.co.jp&utm_medium=referral&utm_campaign=partnerLink&type=%E5%8F%B0%E9%A2%A8']"
滋賀県、東近江市など５市町に大雨警報　台風10号、雨量300ミリ超える（京都新聞）,https://news.yahoo.co.jp/articles/2b3f574f836a967a6e22bdcf56d85798c69b585a,https://newsatcl-pctr.c.yimg.jp/t/amd-img/20240831-01425029-kyt-000-4-view.jpg?exp=10800,2024-08-31T05:27:52+09:00,2024-08-31T11:27:52+09:00,京都新聞,kyt,京都新聞,318,\n1\n/\n5\n滋賀県東近江市\n滋賀県米原市\n滋賀県多賀町\n滋賀県甲賀市\n滋賀県日野町\n彦根地方気象台は31日午前4時までに、滋賀県の東近江市や米原市など5市町に大雨警報（土砂災害）を発表し、31日夜まで土砂災害への警戒を呼びかけた。\n【画像】台風10号の進路予想図、近畿に停滞気味に\n31日午前4時現在、警報が発表されているのは、甲賀市、東近江市、米原市、日野町、多賀町。\n\n 滋賀県では、台風による南東風で伊勢湾から雨雲の流入が続き、特に鈴鹿山系で雨量が増えている。県の雨量計では、26日の降り始めから31日午前5時までの雨量が、東近江市の御在所で339ミリに達しており、土中の水分量が非常に多くなっている。,"['https://newsatcl-pctr.c.yimg.jp/t/amd-img/20240831-01425029-kyt-000-4-view.jpg?pri=l&w=562&h=640&exp=10800', 'https://newsatcl-pctr.c.yimg.jp/t/amd-img/20240831-01425029-kyt-001-4-view.jpg?pri=l&w=640&h=480&exp=10800', 'https://newsatcl-pctr.c.yimg.jp/t/amd-img/20240831-01425029-kyt-002-4-view.jpg?pri=l&w=557&h=640&exp=10800', 'https://newsatcl-pctr.c.yimg.jp/t/amd-img/20240831-01425029-kyt-003-4-view.jpg?pri=l&w=556&h=640&exp=10800', 'https://newsatcl-pctr.c.yimg.jp/t/amd-img/20240831-01425029-kyt-004-4-view.jpg?pri=l&w=640&h=480&exp=10800']","['https://news.yahoo.co.jp/articles/2b3f574f836a967a6e22bdcf56d85798c69b585a/images/000', 'https://news.yahoo.co.jp/articles/2b3f574f836a967a6e22bdcf56d85798c69b585a/images/001', 'https://news.yahoo.co.jp/articles/2b3f574f836a967a6e22bdcf56d85798c69b585a/images/002', 'https://news.yahoo.co.jp/articles/2b3f574f836a967a6e22bdcf56d85798c69b585a/images/003', 'https://news.yahoo.co.jp/articles/2b3f574f836a967a6e22bdcf56d85798c69b585a/images/004', 'https://www.kyoto-np.co.jp/articles/gallery/1325030?utm_source=headlines.yahoo.co.jp&utm_medium=referral&utm_campaign=partnerLink&img=https://kyoto-np.ismcdn.jp/mwimgs/7/a/150m/img_7a1a7f4ce9cb4d37373e192d304a8b06403176.jpg']"
京都府、京丹後市と福知山市に一時大雨、洪水警報　宮津市に一時大雨警報　台風10号（京都新聞）,https://news.yahoo.co.jp/articles/ccbf16c8c3ffab3427dd14dd5da5f9583c6cbc7e,https://newsatcl-pctr.c.yimg.jp/t/amd-img/20240831-01425030-kyt-000-5-view.jpg?exp=10800,2024-08-31T05:36:52+09:00,2024-08-31T11:27:52+09:00,京都新聞,kyt,京都新聞,304,\n1\n/\n3\n京都府京丹後市\n京都府福知山市\n京都府宮津市\n京都地方気象台は31日午前5時15分までに、京都府の京丹後市に大雨警報（浸水害）と洪水警報、福知山市に大雨警報（土砂災害）と洪水警報、宮津市に大雨警報（浸水害）を発表し、31日昼にかけて警戒を呼びかけている。\n【画像】台風10号の進路予想図。近畿に停滞気味に\n気象庁と京都府によると、京都府北部には強い雨雲がかかり、午前5時半現在、丹後半島や福知山市で時間雨量30ミリ前後の激しい雨が降っている。\n\n ◇\n\n 京都府によると、京丹後市と福知山市の大雨警報と洪水警報をいずれも注意報に、宮津市の大雨警報を注意報に切り替えた。,"['https://newsatcl-pctr.c.yimg.jp/t/amd-img/20240831-01425030-kyt-000-5-view.jpg?pri=l&w=640&h=480&exp=10800', 'https://newsatcl-pctr.c.yimg.jp/t/amd-img/20240831-01425030-kyt-001-5-view.jpg?pri=l&w=640&h=480&exp=10800', 'https://newsatcl-pctr.c.yimg.jp/t/amd-img/20240831-01425030-kyt-002-5-view.jpg?pri=l&w=640&h=480&exp=10800']","['https://news.yahoo.co.jp/articles/ccbf16c8c3ffab3427dd14dd5da5f9583c6cbc7e/images/000', 'https://news.yahoo.co.jp/articles/ccbf16c8c3ffab3427dd14dd5da5f9583c6cbc7e/images/001', 'https://news.yahoo.co.jp/articles/ccbf16c8c3ffab3427dd14dd5da5f9583c6cbc7e/images/002', 'https://www.kyoto-np.co.jp/articles/gallery/1325030?utm_source=headlines.yahoo.co.jp&utm_medium=referral&utm_campaign=partnerLink&img=https://kyoto-np.ismcdn.jp/mwimgs/7/a/150m/img_7a1a7f4ce9cb4d37373e192d304a8b06403176.jpg']"
