headline,mainEntityOfPage,image,datePublished,dateModified,author,media_en,media_jp,str_count,body,images,external_links
「取っちゃ駄目～！」アリクイが仁王立ち…レアな威嚇ポーズにファン歓喜　「全然怖くない笑」「抱きしめるしかない」（まいどなニュース）,https://news.yahoo.co.jp/articles/fe9fcc5bb6f25e4d30fb9a18c17c58e2a75e0976,https://newsatcl-pctr.c.yimg.jp/t/amd-img/20240831-11567217-maidonans-000-1-view.jpg?exp=10800,2024-08-31T19:50:07+09:00,2024-08-31T19:50:07+09:00,まいどなニュース,maidonans,まいどなニュース,1475,\n注目を集めたミナミコアリクイ「イフ」ちゃんの威嚇ポーズ（提供：伊豆アニマルキングダム【公式】さん）\n「ミナミコアリクイのイフちゃんのレアポーズ、、威嚇ポーズが撮れました 笑笑 威嚇相手は飼育員で木の下のアリを横取りされまいと必死に威嚇しています 笑笑」\n【動画】ゆっくりと仁王立ち！必死に威嚇しているそうですが、その姿は…\nとポストされたのは、両手を広げて仁王立ちしているように見えるアリクイの姿。威嚇のポーズとのことですが、この姿を見た方からはこんな反応が。\n\n「威嚇、、、、なの、、、？？可愛すぎるんですけど」\n「こんなん抱きしめるしかないでしょ」\n「全然怖くない笑」\n「取っちゃ駄目～！全部私のもの～」\n\n人間から見ると、「怖い」より「かわいい」という印象のほうが強いようです。このめったに見られない威嚇ポーズを捉えた貴重なポストに対し、4万ものいいねがつきました。今回は、ポストをされた伊豆アニマルキングダム【公式】さん（@izu_anikin）にお話を聞きました。\n\nーーレアポーズとのことですが、やはり普段ではなかなか見られないポーズなのでしょうか？\n「はい、仁王立ちをして威嚇するポーズは、なかなか見ることができません。理由は野生下では起こりうる、飼育下はエサの取り合いや外敵の出現がないためです」\n\nーー撮影されたときの率直なご感想を教えてください！\n「イフ自身は全力で威嚇していますが、飼育員(人間)からは可愛さの化身、ただただ尊い」\n\nーーミナミコアリクイとはどのような動物なのか、特徴を簡単にご紹介いただけますでしょうか？\n「樹上生活をする動物です。歯を持たないため、長い舌で蟻を絡めとるように食べます」\n\nーーイフちゃんは普段、どのようなアリクイでしょうか？\n「名前の由来：クロアチア語で“南”から 余談ですが他の動物園でも『ミナミ』に関連した個体名をつける場合が多いです。当園では、母親の名前が『ミナミ』です。\n性格：ミナミコアリクイは怠け者です。ただ、『イフ』ちゃんはそこに輪をかけた怠け者です。\n食べ物：飼育下ではヨーグルト・リンゴ・小動物用のペレット(ドッグフードのようなもの)を与えています。但し、アリクイは歯がないのでミキサーにかけたり、ふやかしたりする処理をしています。名前の通り、野生では1日3万匹の『蟻』を食べます。ただ、動物園では準備できないため、蟻酸の味が似ているヨーグルトを多くの飼育下で使用します。ちなみに、動画で『イフ』は好んで食べていますが、日本の『蟻』は苦くて不味いらしいです」\n\nーー今回の威嚇ポーズの他に、「イフちゃんのここを見てほしい」というポイントはありますか？\n「ぜひ綱渡りをしている姿をご覧ください。樹上生活をする動物のため、木登りが大得意で、4本の脚と太い尻尾で力強く持ち、決して離すことがありません。ちなみに、当園ではそんなアリクイにあやかって“落ちない”アリクイの絵馬を販売しています(１枚５００円)」\n\n最後に、伊豆アニマルキングダム【公式】さんは「当園は、全国で最短の距離でえさをあげることができる動物園として有名です。期間限定で、展示場の門扉を開放してキリンの足元まで行けるイベントを開催しており、普段以上にふれあうことができます」とおっしゃっていました。興味のある方は是非、「伊豆アニマルキングダム」へお越しください！\n\n（まいどなニュース／Lmaga.jpニュース特約・行橋 友）\nまいどなニュース,['https://newsatcl-pctr.c.yimg.jp/t/amd-img/20240831-11567217-maidonans-000-1-view.jpg?pri=l&w=480&h=640&exp=10800'],"['https://news.yahoo.co.jp/articles/fe9fcc5bb6f25e4d30fb9a18c17c58e2a75e0976/images/000', 'https://maidonanews.jp/article/15395518?page=2&ro=15395518&ri=0']"
「シッ静かにしろ。助けに来た」さっそうと現れたのは…猫さん！？「惚れてまうやろ」リプは大喜利に（まいどなニュース）,https://news.yahoo.co.jp/articles/c92fd8ca32f45f2cc8cc97d908625ad9fb619cab,https://newsatcl-pctr.c.yimg.jp/t/amd-img/20240831-11567211-maidonans-000-1-view.jpg?exp=10800,2024-08-31T19:40:08+09:00,2024-08-31T19:40:08+09:00,まいどなニュース,maidonans,まいどなニュース,972,\nカーテンの隙間から助けに来てくれたラテちゃん（提供：保護猫ラテちゃん🐈さん）\n「シッ静かにしろ。助けに来た。」\n\nこんなセリフと共にポストされたのは、カーテンの陰から現れた猫さんの姿。ドラマや映画でよくある絶望的な場面に、さっと現れるヒーローのようです。\n【写真】助けに来てくれたんじゃなかったの？…遊び疲れて、眠ってしまった猫さん\n「助かる！今日も残業なんだ！」\n「惚れてまうやろ」\n「とりあえず手を縛られてるロープを切ってくれ」\n「必ず来てくれるって信じてました！」\n\nリプ欄も大喜利状態になって盛り上がりました。投稿された飼い主の保護猫ラテちゃん（@Cafe_Latte222）さんにお話を聞きました。\n\nーーラテちゃんの普段の性格を教えてください！\n\n「性格は臆病で人見知りです」\n\nーーどんな状況で写真を撮影されたのでしょう？\n\n「ラテが遊びたくてウズウズしながらカーテン裏に隠れたり、私の方に飛びついてきたり、走り回ったりしている時に撮れました。その後も猫じゃらしで飽きるまで遊びました！」\n\nーー写真を見た際の率直なご感想は？\n\n「どこかで聞いたことのあるセリフにピッタリだ！と思いました（笑）。黒目がまん丸で覗いていて可愛かったです」\n\nーー普段からよく物陰などに隠れているのですか？\n\n「よくカーテンの裏にいて外を眺めていたり、かくれんぼみたいに遊んだりしていることが多いです」\n\nーーラテちゃんと一緒に暮らし始めたのは？\n\n「もともと私が猫が大好きで飼いたいなと思っていた時に、ご縁があって里親募集している方から引き取りさせて頂きました」\n\nーーラテちゃんの特に可愛いと感じる時は？\n\n「家に帰るとすぐさま駆け寄ってきたり、ソファでくつろいでいると傍で寝始めたり、甘えん坊なところが特に可愛いです」\n\n保護猫ラテちゃんさんは「私自身もTwitterでたくさんの猫ちゃんに癒しを頂いているので、ラテも皆さんに癒しを共有できればと思いラテの日常をツイートしてます。これからもマイペースな投稿にはなりますが、ぜひラテちゃんをよろしくお願いします」と話してくれました。\n\n（まいどなニュース／Lmaga.jpニュース特約・椎名 碧）\nまいどなニュース,['https://newsatcl-pctr.c.yimg.jp/t/amd-img/20240831-11567211-maidonans-000-1-view.jpg?pri=l&w=429&h=640&exp=10800'],"['https://news.yahoo.co.jp/articles/c92fd8ca32f45f2cc8cc97d908625ad9fb619cab/images/000', 'https://maidonanews.jp/article/15400330?p=28771594&ro=15400330&ri=0']"
アイドル小鳥遊るいさん　国立大で化学専攻したリケジョがキュートなビキニ姿に　デジタル写真集「どんぐりの背比べ」（まいどなニュース）,https://news.yahoo.co.jp/articles/62025c539131597535270d0b642b0547c3dce87e,https://newsatcl-pctr.c.yimg.jp/t/amd-img/20240831-11567208-maidonans-000-29695067-view.jpg?exp=10800,2024-08-31T19:30:10+09:00,2024-08-31T23:32:11+09:00,まいどなニュース,maidonans,まいどなニュース,463,\n【ＳＴＲｉＫＥ！デジタル写真集】小鳥遊るい どんぐりの背比べ\nオール水着グラビアマガジン「ゼロふぁみSTRiKE！」に登場し反響を呼んだ、アイドルグループ・\n#ババババンビの小鳥遊るいさん\n。デジタル写真集の配信が始まりました。\n【写真】お姉さんグラビアを披露した小鳥遊るいさん\nSTRiKE！デジタル写真集シリーズとしては第58弾となる「小鳥遊るい どんぐりの背比べ」（撮影／西村康、価格／税込1210円、発行／イマジカインフォス）。\n#ババババンビの白色担当\n、小鳥遊さんが真面目でなんでもテキパキとこなすしっかり者と2人きりの時しか見せないデレデレな姿とのギャップを表現しています。「ゼロふぁみSTRiKE！」でコラボした姫野ひなのとの2ショット写真も収録しています。\n\n【小鳥遊るいさんプロフィール】\nたかなし・るい 10月24日生まれ。三重県出身。アイドルグループ・\n#ババババンビのメンバー\n。担当カラーは白。奈良女子大（国立）で理系（化学系）高分子系を専攻した才媛\nまいどなニュース,['https://newsatcl-pctr.c.yimg.jp/t/amd-img/20240831-11567208-maidonans-000-29695067-view.jpg?exp=10800'],"['https://news.yahoo.co.jp/articles/62025c539131597535270d0b642b0547c3dce87e/images/000', 'https://news.yahoo.co.jp/search?p=%23%E3%83%90%E3%83%90%E3%83%90%E3%83%90%E3%83%B3%E3%83%93%E3%81%AE%E5%B0%8F%E9%B3%A5%E9%81%8A%E3%82%8B%E3%81%84%E3%81%95%E3%82%93&source=article-body', 'https://maidonanews.jp/article/15408463?p=28788851&ro=15408463&ri=0', 'https://news.yahoo.co.jp/search?p=%23%E3%83%90%E3%83%90%E3%83%90%E3%83%90%E3%83%B3%E3%83%93%E3%81%AE%E7%99%BD%E8%89%B2%E6%8B%85%E5%BD%93&source=article-body', 'https://news.yahoo.co.jp/search?p=%23%E3%83%90%E3%83%90%E3%83%90%E3%83%90%E3%83%B3%E3%83%93%E3%81%AE%E3%83%A1%E3%83%B3%E3%83%90%E3%83%BC&source=article-body']"
「まっくろくろすけみたい」だった子猫が、もふもふの“美ニャン”に　黒猫の成長ビフォーアフターに驚きの声（まいどなニュース）,https://news.yahoo.co.jp/articles/149f3070c17cb5274385211d2cadcde752eed55d,https://newsatcl-pctr.c.yimg.jp/t/amd-img/20240831-11567225-maidonans-000-1-view.jpg?exp=10800,2024-08-31T20:10:07+09:00,2024-08-31T20:10:07+09:00,まいどなニュース,maidonans,まいどなニュース,1620,\n「おっきくなったよね！」\n子猫時代、部屋の隅っこで丸まって座るあんころくん（画像提供：あんころきなこさん）\n黒猫の子猫時代と現在、成長を比較するビフォーアフター写真がX（旧Twitter）で話題になっています。\n【アフター写真】こんなにもふもふの美猫になりました！\n投稿したのは、飼い主のあんころきなこ（@ankororineko817）さん。投稿された2枚の写真には、愛猫の「あんころ」くんが写っています。\n\n1枚目は、お迎え当初、部屋の隅で丸まって座る子猫のあんころくん、2枚目には、ビロードのように美しい被毛が目を引く成猫になったあんころくんの姿が。小さくはかなげな様子だったあんころくんは、見違えるほど立派に成長したことが見てとれます。\n\nこの写真が公開されると、約8000件の“いいね”が集まりました。リプライ（返信）には「黒モフちゃんの子猫ちゃんって、何てかわいいんでしょう。おっきくなったお姿ももふもふかわいいです」「すごい、部屋の隅のまっくろくろすけみたいな黒ちゃんが猫ちゃんになってる……！」など、あんころくんの成長を目にして心を揺さぶられる人が続出しています。\n\nあんころくんと飼い主さん、どのように出会い家族になったのでしょうか？ 詳しいお話を伺いました。\n保護猫だったあんころくんをお迎え\n――投稿された2枚の写真について。それぞれ、あんころくんが何歳のときに撮影したものでしょうか？\n\n「1枚目は、お迎えしてすぐのころで、おそらく生後推定5週目くらいだと思います。2枚目は、投稿日の8月17日、お迎えしてから2年目になる記念日に撮ったもの。あんころは、2歳になりました」\n\n――あんころくんをお迎えした経緯についてなるべく詳しく教えてください。\n\n「ずっと、『猫と暮らしたい』という気持ちを抱いていました。あるとき、保護猫に関するウェブサイトで黒猫のきょうだいに目が留まり、『ぜひ、お迎えしたい』と思いすぐに連絡。実際に会いに行ったとき、私のもとへ近寄って来てくれたのがあんころでした」\n\n――お迎え当初、あんころくんはどのような様子でしたか？ 当時を振り返って、印象に残っているエピソードがあれば、ぜひ、お聞かせください。\n\n「家にやって来た頃は、少し痩せてはいましたが、よく食べよく遊び、元気いっぱいな“いたずらっ子”でした。家中を走り回り、触れようとするとすぐに甘噛み。私にとって、あんころは初めてお迎えする猫だったので『なでさせてくれる子猫なんて都市伝説のようなものだな』と思っていました（笑）。お迎え当時は、元気が良すぎる子猫のあんころに戸惑うこともありましたが、『猫が家にいる！』というだけで、とてもうれしく楽しかったです」\n\n――あんころくんはどのような性格の猫ちゃんですか？ また、同居している猫「きなこ」くんとの関係性についても教えてください。\n\n今でも、好奇心いっぱいのいたずらっ子です。そして猫なのに超社交的で、来客があっても驚くことなく自らあいさつする人懐こいところもあります。あんころをお迎えした1カ月後に、きなこを保護しました。きなこに対しても、あんころは最初から積極的に距離を縮めていましたね。きなこは、ちょっかいを出されるとめんどうそうにしていることもありますが、とても仲良しです。寒くなると、よく2匹でくっ付いて寝ています」\n\n――飼い主さんが思う「保護猫と暮らす魅力」とは？\n\n「猫は、日々、癒やしを与えてくます。毎日のお世話からハプニングまでもが楽しい。夫婦で猫の話ができると和む、そんな優しい時間を作ってくれます。私は掃除が得意でなかったのですが、猫のためならできてしまう。あんころのいたずらのおかげで、以前より整理整頓もできるようになりました」\n\n（まいどなニュース特約・梨木 香奈）\nまいどなニュース,['https://newsatcl-pctr.c.yimg.jp/t/amd-img/20240831-11567225-maidonans-000-1-view.jpg?exp=10800'],"['https://news.yahoo.co.jp/articles/149f3070c17cb5274385211d2cadcde752eed55d/images/000', 'https://maidonanews.jp/article/15408606?p=28787553&ro=15408606&ri=0']"
「すべてを奪われた」妻の不倫と離婚宣言に苦悩する40代男性へ　看護師・僧侶の玉置妙憂さんが説く『執着心の正体』（まいどなニュース）,https://news.yahoo.co.jp/articles/29b7f198a571626085be09d59d6aff96b6ed3b9c,https://newsatcl-pctr.c.yimg.jp/t/amd-img/20240831-11567221-maidonans-000-29694895-view.jpg?exp=10800,2024-08-31T20:05:05+09:00,2024-08-31T21:17:43+09:00,まいどなニュース,maidonans,まいどなニュース,2895,\n不自由のない生活を送らせていたはずなのに…裏切りを重ねられた妻が許せない ※画像はイメージです（kapinon/stock.adobe.com）\n不倫した妻から離婚を切り出された、40代男性から相談がありました。不自由のない生活を送らせていたはずなのに、裏切りを重ねられ、しかもこれから財産まで分けなければならない状況に、どうしても納得がいかないようです。さまざまな形で「別れ」に向き合ってきた、看護師で僧侶でもある玉置妙憂さんが回答します。\n【写真】看護師・僧侶の玉置妙憂さんがアドバイス…「浮気を繰り返す彼」とこのまま結婚するべきか\n【相談】不倫をした妻が離婚を申し出たことが許せない\n結婚9年目、私と妻、5歳の娘の3人家族です。昨年、妻が不倫されていることがわかり、不倫相手に慰謝料の請求をしました。妻はパートで働いていましたが、その職場で若い男と不倫関係になりました。別れさせる時に「今後一切妻に近づかないこと」と念書を書いたので、現在関係はないと思われます。\n\n妻とは元の関係に戻れれば他に何も望むことはなかったのですが、妻が娘を連れて家を出てしまいました。\n\n行先は不明ですが、妻の父から連絡があったので実家に帰っているのだと思います。義父から詳しいことは何一つ伝えられず、「離婚してほしい。無理なら弁護士を立てる」ということで、妻と直接コンタクトをとることすらかないません。\n\nおそらく妻自身が不倫をしたことは、義両親や娘には隠しており、私に非があるように伝えているのだと思います。\n\n私は仕事が忙しく、妻に家事や育児を任せっきりだったことは認めますが、それも家族の将来を思ってのことでした。高額でしたが妻が望む都内のマンションを購入し、娘の教育費の積立もしていました。休日は育児もしていましたし、何不自由ない生活を送らせていたという自負があります。\n\n養育費や財産分与の話はこれからということでしたが、娘を私立のエスカレーター式の学校に通わせたいと話していたので、算定表よりも高い養育費を請求されることになると思います。そもそも私は離婚をしたくないので、弁護士を立てることになるでしょう。\n\n法的なことは弁護士に任せるとして、気持ちの整理が全くできていません。不倫をしたのは妻なのに、なぜ私だけが全てを奪われなければならないのでしょうか。どうしても納得がいきません。怒りと絶望を往復する毎日で、気がおかしくなりそうです。（40代・男性）\n【玉置さんの回答】あなたが執着しているものは何？\nもし、私があなたの母親だったら。やっぱりいくつになっても自分の息子は可愛いので、「なんて女だ！」って怒ると思う。「不倫とは、なにごとだ！」ってね。\n\nでも、同時に、「しまった！可愛い息子に大事なことを教え忘れていた！」とも思うわ。\n\nいい？ 人間の心は、元には戻らないってこと。覆水盆に返らず。それこそ可愛い盛りの小さな娘さんを抱えながら、他の男に目がいったんだからよっぽどよ。その心が、元の鞘に収まるわけがないでしょう？ \n\nしかも、不倫相手の若い男に慰謝料を請求して、念書書かせたって…。ちょっと、小さかったよね。離れた心を取り戻したいなら、たとえ見栄はってでも大きなところを見せないと。「帰ってこい。これまでのことは一切不問にする。もう二度と他の男なんかに目がいかないよう俺が変わる」くらい、欲しかったな。\n\nそれからね、妻さんがご実家で、ご自分に都合がいいように言うのはあたりまえ。またそれを信じて、娘を守ろうとするのも、あちらのご両親としてはあたりまえです。それに腹立てちゃダメよ。あなただって、こうやって話すときには、やっぱり自分に都合のいいように話すでしょ？ 人間って、たぶん誰でもそうだから。そのへんはわかってあげないと。\n\nしかもね、可愛い息子よ。「何不自由ない生活を送らせていた自負」、ここにあなたの小ささが凝縮しちゃってるのよ。「何不自由ない生活を送らせてもらっている」と感じるのは相手ですからね。あなたではない。あなたが勝手に自負しちゃうから、ボタンがどんどん掛け違っていってしまったんだと思うなあ。\n\n煮えくり返る思いは、分かるよ。考えれば考えるほど、ドロドロと煮詰まっていくでしょう。辛いよね。\n\nでも、高い養育費を請求されるとか、なぜ私だけがすべてを奪われなければならないんだとか、その考えの先に爽やかな未来が見えますか？ どう？ 私には見えないな。\n\nそれなのに、なんで離婚したくないんだろう？ そこに執着させているものはなに？ プライド？ 損得？ 勝ち負け？ 少なくとも「愛」ではないような気がするよ。\n\n愛しい息子よ。人生はね、納得できないことだらけなんです。誰かが納得できたとしたら、その裏で、きっと誰かが納得できていないの。そんなもん。あなたが無理矢理、妻さんを手元に連れ戻したところで、その先に何があるのか。少し頭を冷やして、考えてみてほしい。\n\nバカな子ほど可愛いって言うけど、あなたには、誰よりも幸せになってほしいと思ってる。まだ40歳だもん。「すべてを奪われた」だなんて、なに言ってるの！ なにも奪われてやしないよ。いいかい。「すべて奪われた」なんて考えるから、すべてが無くなっていくんだよ。\n\n今はまだ難しいと思うけど、いつの日か「いい経験だった」「ひと回りもふた回りも大きくなった」と思ってほしい。怒りや絶望は、万病のもとだからね。すっぱり捨てて、楽になってほしい。それができないから困っているんだって？ もう、なにを言ってるの。あなたがそうしようと思っていないだけだよ。思えば、成る。いいかい、幸せは笑顔のところにしか来ないんだからね。\n\n◆玉置妙憂（たまおき・みょうゆう）／看護師・僧侶。二児の母。専修大学法学部卒業後、法律事務所で働く。長男が重度のアレルギーがあることがわかり、「息子専属の看護師になろう」と決意し、看護学校で学ぶ。看護師、看護教員の免許を取得。夫のがんが再発。夫は、「がんを積極的に治療しない」方針をかため、自宅での介護生活をスタートする。延命治療を望まなかったため、自宅で夫を看取るが、この際にどうしても、科学だけでは解決できない問題があることに気づく。夫の“自然死”という死にざまがあまりに美しかったことから開眼し出家。高野山にて修行をつみ高野山真言宗僧侶となる。その後、現役の看護師としてクリニックに勤めるかたわら、患者本人、家族、医療と介護に携わる方々の橋渡しとして、人の心を穏やかにするべく、スピリチュアルケアの活動を続ける。訪問スピリチュアルケアを通して、患者のQOL（クオリティ・オブ・ライフ）とQOD（クオリティ・オブ・デス）の向上に努める。非営利一般社団法人「大慈学苑」をつくり、代表を務める。課題解決型マッチングメディア「リコ活」でコラムを執筆。\n\n（まいどなニュース／リコ活）\nまいどなニュース,['https://newsatcl-pctr.c.yimg.jp/t/amd-img/20240831-11567221-maidonans-000-29694895-view.jpg?exp=10800'],"['https://news.yahoo.co.jp/articles/29b7f198a571626085be09d59d6aff96b6ed3b9c/images/000', 'https://maidonanews.jp/article/15358053?p=28698031&ro=15388412&ri=0']"
人気レースクイーンの免許証写真に反響「可愛すぎ！」 取得した免許はAT限定ではなく…（まいどなニュース）,https://news.yahoo.co.jp/articles/db68d340c30f9d8221cdd8183ea9c7cd253648ae,https://newsatcl-pctr.c.yimg.jp/t/amd-img/20240831-11567198-maidonans-000-29694606-view.jpg?exp=10800,2024-08-31T18:10:13+09:00,2024-08-31T19:00:28+09:00,まいどなニュース,maidonans,まいどなニュース,459,\n川瀬もえ公式インスタグラム（kawasemoe）より\nグラビアアイドル、レースクイーン、ラウンドガールなど幅広く活躍するタレントの川瀬もえが30日、自身の公式Xを更新。免許証の写真を公開したところ「可愛すぎる」と話題になり、1万件以上の「いいね」が寄せられている。\n【写真】「可愛すぎ！」話題になっている免許証写真\n公式サイトによると、川瀬は1993年生まれの身長168cm。サッカーベルギー1部リーグクラブの応援ガール、レースクイーンチーム「パシフィックフェアリーズ」、「K1ガールズ」など幅広く活動する。2021年には「日本レースクイーン大賞」のグランプリも受賞している。\n\n川瀬は今回の投稿で「この度、川瀬もえは普通自動車第一種運転免許を取得しました！」報告。一発合格でMT免許を取得できたようで「関係者の皆様、お仕事お待ちしております！」とアピールした。\n\n投稿には「証明写真、可愛すぎる」「MT免許とはスゴイ」「免許証の個人情報の隠し方w」といったコメントが寄せられた。\nまいどなニュース,['https://newsatcl-pctr.c.yimg.jp/t/amd-img/20240831-11567198-maidonans-000-29694606-view.jpg?exp=10800'],"['https://news.yahoo.co.jp/articles/db68d340c30f9d8221cdd8183ea9c7cd253648ae/images/000', 'https://maidonanews.jp/article/15409440?p=28789264&ro=15409440&ri=0']"
普段の買い物、約6割が「キャッシュレス派」　最も感じているメリットは？（まいどなニュース）,https://news.yahoo.co.jp/articles/ef51755dc423a81ba65eb9828a5b7f226449401b,https://newsatcl-pctr.c.yimg.jp/t/amd-img/20240831-11567195-maidonans-000-1-view.jpg?exp=10800,2024-08-31T18:05:09+09:00,2024-08-31T18:05:09+09:00,まいどなニュース,maidonans,まいどなニュース,1167,\n現金とキャッシュレス、どちらを使うことが多い？ ※画像はイメージです（illustAC）\nみなさんは、現金とキャッシュレスではどちらを使うことが多いですか。株式会社NEXER（東京都豊島区）が運営するWebメディア『クレジットカードの知恵袋』が実施した「現金派かキャッシュレス派か」に関する調査によると、約6割の人が「キャッシュレス派」であることが分かりました。それぞれの支払い方法について、どのようなメリットがあるのでしょうか。\n【グラフ】キャッシュレス決済を使うメリットは…\n調査は、全国の男女881人を対象として、2024年5月にインターネットで実施されました。\n\nまず、「普段の買い物で、現金とキャッシュレス決済のどちらを使うことが多いですか」と聞いたところ、「キャッシュレス決済が多い」（53.9％）と「キャッシュレス決済のみ」（6.4％）をあわせて約6割が「キャッシュレス派」であることが分かりました。\n\n一方、「現金派」（現金が多い17.3％、現金のみ9.6％）は2割強、「どちらも同じくらい」（12.8％）は約1割にとどまっています。\n\nキャッシュレス派の人からは「現金を持ち歩くのは危険」「お札や小銭を取り出すのが面倒」などの声が寄せられたのに対して、現金派の人からは「使いすぎるのが心配」「キャッシュレスは色々限られる」といった意見もみられました。\n\nそこで、キャッシュレス派の644人に「キャッシュレス決済で最も感じるメリット」を尋ねたところ、「ポイントが貯まる」（46.0％）が最多となりました。\n\n反対に、「キャッシュレス決済のデメリット」については、36.0％の人が「デメリットを感じることがある」と答えており、「使える店舗と使えない店舗とあるので、普段行かない店に行った時などはまず支払い方法を確認する必要がある」「ネットが繋がらない時支払いができない」「家計の計算が少し複雑になる」「スキミングなどの詐欺」「充電がなかったり携帯を落としたりしたときに使えない」といった意見が聞かれました。\n\n一方、「現金派」「どちらも同じくらい」と回答した350人に、「現金を使うメリット」を教えてもらったところ、「お金を把握しやすい」（45.4％）や「どのお店でも使える」（42.3％）などが上位を占めました。\n\nなお、「現金にデメリットを感じることがある」（38.0％）と答えた人は4割弱となり、「小銭が出てきたときにかさばる」「端数を出す時に手間取る」「落とす可能性もある」といったデメリットを挙げる声もみられたそうです。\n\n ◇ ◇\n\n【出典】\n▽クレジットカードの知恵袋／【あなたはどっち派？】60.3％が、現金ではなく「キャッシュレス派」\nまいどなニュース,['https://newsatcl-pctr.c.yimg.jp/t/amd-img/20240831-11567195-maidonans-000-1-view.jpg?exp=10800'],"['https://news.yahoo.co.jp/articles/ef51755dc423a81ba65eb9828a5b7f226449401b/images/000', 'https://maidonanews.jp/article/15299339?p=28550511&ro=15299339&ri=0']"
飼い主の「謎の遊びに付き合わされて真顔」な犬たち「妖精イッヌ」「ペガサ…ス…？」実は芸達者な犬さん（まいどなニュース）,https://news.yahoo.co.jp/articles/9226330e5187c0bd6908866ba9cdfc470a562bd2,https://newsatcl-pctr.c.yimg.jp/t/amd-img/20240831-11567181-maidonans-000-1-view.jpg?exp=10800,2024-08-31T16:40:07+09:00,2024-08-31T16:40:07+09:00,まいどなニュース,maidonans,まいどなニュース,1004,\nキョトンと真顔で見つめるアポロくんとコスモくん（提供：アポロ&コスモ@ハスキーさん）\n「謎の遊びに付き合わされて真顔なおふたり」\n\nこんなポストをされたのは、飼い主のアポロ&コスモ@ハスキー（@Apollo_Husky_12）さん。写真には、ピッカピカに光る羽をつけられて困惑している様子の2匹のわんちゃんが写っています。何が何だかわからない様子のわんちゃんたちの表情は真顔。とても可愛いですよね！\n【動画】ピカピカ光る動く羽をつけられ、固まる犬たち\n「妖精イッヌですね(*´ェ｀*)ポッ」\n「ペガサ…ス…？」\n「めっちゃ綺麗な羽だ 飛んでいきそう！」\n「てんすぃおる」\n\nおとなしくしじっとている様子も可愛いと絶賛のコメントが多数寄せられました。ポストをされたアポロ&コスモ@ハスキーさんにお話を聞きました。\n\nーーわんちゃんたちのお名前は？\n\n「左がアポロ（3歳オス）、右がコスモ（2歳オス）です」\n\nーー普段はどんな性格なのでしょう？\n\n「アポロは賢く社会性がある反面、気難しい部分もあります。コスモは人が大好きで愛嬌がありますが、興奮しやすいといった面があります」\n\nーー背中の翼はどこで手に入れたのでしょう？\n\n「ネット通販で購入しました」\n\nーー羽を付けてみた時のご感想は？\n\n「素直に可愛いと思いました（笑）。また、思ったより大きくて派手だなと思いました。動画で音は切っていますがモーター音が大きいです」\n\nーー翼が生えた時、わんちゃんたちはどのような反応を？\n\n「キョトンとして、固まっていました」\n\nーー動画を撮った後はどのような様子でしたか？\n\n「ちょっと動こうとして羽が引っかかっていました。壁や家具だけでなく、お互いの羽もといった感じです。本人たちは別に楽しそうなわけでもないので、わりとすぐに外してあげました。本当に付き合ってくれたといった感じです」\n\nーーわんちゃんたちの特に可愛いと感じる時は？\n\n「ふたりで芸をしてくれるのがとても可愛くて、よくやってもらっています。特にアポロはおやつのために一生懸命です」\n\nアポロ&コスモ@ハスキーさんはInstagramやYouTubeチャンネルも運営されています。\n\n（まいどなニュース／Lmaga.jpニュース特約・椎名 碧）\nまいどなニュース,['https://newsatcl-pctr.c.yimg.jp/t/amd-img/20240831-11567181-maidonans-000-1-view.jpg?exp=10800'],"['https://news.yahoo.co.jp/articles/9226330e5187c0bd6908866ba9cdfc470a562bd2/images/000', 'https://maidonanews.jp/article/15397843?page=4&ro=15397843&ri=0']"
南海トラフ地震への備えに注目！…水なしで3日間の歯磨きが可能な『無水ハミガキ』セット（まいどなニュース）,https://news.yahoo.co.jp/articles/121b7105b459dbdae691db4c700a38d684b43ced,https://newsatcl-pctr.c.yimg.jp/t/amd-img/20240831-11567204-maidonans-000-1-view.jpg?exp=10800,2024-08-31T19:02:10+09:00,2024-08-31T19:02:10+09:00,まいどなニュース,maidonans,まいどなニュース,1739,\n歯ブラシの使い方をデモンストレーションしていただいた（画像提供：ヤマトエスロン）\n災害時には何より貴重になる水を使わずに、歯を磨ける「無水ハミガキ」が、発売から約1年半経った今、注目されている。今年1月に発生した能登半島地震の被災地へ支援物資として送られたほか、今年8月8日16時43分頃に発生した、日向灘を震源とするマグニチュード7.1の地震発生に伴う「南海トラフ地震関連解説情報」が出たときも、問い合わせが殺到したという。「無水ハミガキ」を開発したのは、大阪府八尾市に本社を置くヤマトエスロン株式会社。同社の研究開発部に話を聞いた。\n【写真】歯ブラシ＋フロス＋シートがセットに 無水ハミガキの使い方\n支援物資が届き始めるまでの3日間を想定\n水を使わずに歯磨きができて、しかも最後は口をゆすいだような爽快感もあるという「無水ハミガキ」のセット内容は、思いのほかシンプルだ。\n\n長さ10cmの小さな歯ブラシとフロスが6本ずつと、10枚入りのハミガキシートが1袋。そしてセットの使い方と歯磨きの大切さを説明したリーフレットが1冊。歯磨きを朝と夜の1日2回行うとして、1セットで3日分を想定した内容だ。\n\n地震などの災害が発生して道路やライフラインが寸断された場合、公的機関から支援物資が届くまで最低3日程度かかるといわれており、東京都が発行する防災ブック「東京防災」には、備蓄品の目安として３日～１週間分を用意するよう記載されている。また、大阪市も自助努力として最低3日分の備蓄を、ホームページで呼びかけている。\n\n「セットの中身は、それぞれ単体でも手に入るものですが、使いやすい形でパッケージにしたのは初めての試みです」\n\n神戸市を拠点に防災啓発に取り組んでいるNPO法人や歯科衛生学を研究する大学教授などの協力を得て、約2年の歳月をかけて開発。2023年3月から発売が開始された。\n\n「無水ハミガキ」の強みは、その名が示す通り水を使わずに歯磨きができること。また、必要量をコンパクトにまとめたことにあるという。\n\n「歯ブラシが小さいことと、必要最小限の数量がセットになっていることがメリットです、携行しやすい大きさと量になっています」\n\n今年1月1日に発生した能登半島地震では、NGO団体や自治体を通して合わせて2000セットが被災地へ送られたそうだ。\n使用法は「磨く」「かき出す」「拭き取る」の3ステップ\n水を使わずに、どうやって歯を磨けるのだろうか。同梱されているリーフレットには、手順が3ステップで説明されている。\n\n▽ステップ1\n\n歯の汚れが溜まりやすい噛み合わせ部分、歯と歯の隙間、歯と歯茎の境目を意識してブラシで磨く。ブラシに歯磨き粉はついていないが、汚れは落ちるそうだ。\n\n▽ステップ2\n\n一般的なフロスの使い方と同じで、歯と歯の間の汚れを除去する。\n\n▽ステップ3\n\n歯ブラシとフロスで、汚れや口の中全体を「ハミガキシート」で拭き取る。水分量が多く含まれ、キシリトールが配合されているため、口をゆすいだ後のような爽快感がある。最後に舌の汚れを拭き取ることで、口臭の予防にもなるという。\n\nリーフレットの説明は平易な文章で、しかも大きめの文字で印刷されている。\n\n「高齢の方にも読みやすいように大きめの文字にしたことと、イラストだけを見ていただいても、ある程度は内容が分かるような仕様にしています」\n\n現在は主に楽天市場や歯科専門のECサイト、ヨドバシカメラのECサイトなどで入手できるが、9月からはロフトで店頭発売（一部店舗除く）も始まるそうだ。それに合わせてハミガキシートのパッケージ素材を、現行のプラスチックシートからアルミに変更するという。\n\n「プラスチックシートでは使用期限が3年でしたが、アルミのパッケージになることで成分の蒸散を防げるため5年に延びます」\n\n防災意識が高まっている今、研究開発部の担当者は「オーラルケアに意識をもっていただいて、防災グッズの中に備蓄していただければ嬉しい」と語る。\n\n（まいどなニュース特約・平藤 清刀）\nまいどなニュース,['https://newsatcl-pctr.c.yimg.jp/t/amd-img/20240831-11567204-maidonans-000-1-view.jpg?exp=10800'],"['https://news.yahoo.co.jp/articles/121b7105b459dbdae691db4c700a38d684b43ced/images/000', 'https://maidonanews.jp/article/15395843?p=28761688&ro=15395843&ri=0']"
ミシュラン獲得料理人が手がける“和食の新境地”　定番メニューのない会員制料理店が掲げる「御和食」の世界（まいどなニュース）,https://news.yahoo.co.jp/articles/b3f557f0686584c1716c10465e833ccfffee4c44,https://newsatcl-pctr.c.yimg.jp/t/amd-img/20240831-11567185-maidonans-000-1-view.jpg?exp=10800,2024-08-31T17:02:08+09:00,2024-08-31T17:02:08+09:00,まいどなニュース,maidonans,まいどなニュース,1866,\n凄腕の和食料理人でもある三浦さん\n「御和食（おわしょく）」なる新分野を提案し、エンタテインメント性あふれる料理で話題を呼んでいるのが東京・青山にある会員制料理店「御和食みうら」だ。定番メニューはなく、旬の食材をそのつどの“ひらめき”で提供しているのが人気の理由。ミシュランの星を獲得したこともあるオーナー料理人の三浦雄太さんに「御和食」への思いを聞いた。\n【写真】御和食みうらで出される、独創的な料理\nひらめきで創られる料理が独創的でスゴすぎる\n2022年4月、東京・南青山に誕生した「御和食みうら」は会員制の和食店。オープン以来、多くのお客様で賑わっていて、ユニークなのは定番メニューがなく、お客様は訪れるまで何が出てくるか、わからない。というのも、料理人、三浦さんのその日の“ひらめき”で料理がつくられるからだ。\n\n「前もってメニューは考えてはいません。厨房に立ち、ひらめきによって自然と体が動き、料理づくりが始まります。定番メニューがないということは、毎日が真剣勝負。代金をいただいているのですから、お客様に満足していただけるものでないと出せません」\n\n例えば、鰹節をトッピングした「鰻巻」が出てきたり「低温炊きマグロのユッケ」が評判になったり。また鮎の開きを提供したり、庶民グルメの「たこ焼き」も独自にアレンジしたものを出したり…。そんな三浦さんの“ひらめき”料理は「独創的でインパクト大」とたちまち評判になった。\n\n気になったのが店名についている「御和食」という言葉。その意味を聞くと「今や麻婆豆腐もスパゲッティも和食と呼んでいいと思います。私は広義に和食をとらえ、ワンランク上の和食を提案したいと考え、御和食としました」と返ってきた。\n\n三浦さんが掲げる「御和食」は、修行の中で培った日本料理の技術や知識、そして自身の発想をいかしつつ、形式にとらわれない自由な発想や遊び心、季節ごとに変わる食材と毎日違う料理でその世界観を表現してきた。西洋料理、中華、カレー、パンなども三浦さんの手にかかれば御和食に変身する。\n\n「例えば、カレーパンをつくるとしたら生地の研究からはじめます。以前、アンキモを使ったカレーパンをつくったこともありますよ」\nミシュランも獲得、和食のエンタティナー目指す！\nこの道に入ったのは25歳のとき。料理人としては遅すぎるスタートである。そのため、専門学校などには行かず、現場で覚えることにした。京都の料亭などで修行を積み、32歳で料理長に。他店ではあるが、32歳でミシュランも獲得。2019年からフリーランス料理人として活躍し、2022年4月、東京・南青山で店を出した。\n\n「25歳までは違う業界にいましたが、生涯をかけてやれる職業と考えていった結果、この仕事に辿り着きました。父も料理人で、気がつけば、僕も同じ道を目指していたわけです」\n\n様々な店で修行してきた三浦さんは「プロならおいしいのは当たり前。お客様を楽しませるのも料理人の仕事」と言い切り、お客様にも調理風景を楽しんでもらいたいとライブキッチンにし、お客様の熱い視線を浴びながら春慶塗の粋なつくりのカウンター前ですべての調理を行っている。\n\n「私の舞台はカウンターであり、ここで始まる料理の一幕一幕は、お客様が座られてから始まります。事前の料理はご来店いただくまでの下準備に留め、お客様の目の前で食材が生まれ変わる瞬間をご覧いただけるようになっています」\n季節の味覚とパフォーマンスが堪能できるランチ＆ディナー\nカウンター席に座れば、料理人の熟練の技を間近で楽しむことができると評判だ。五感を通じて御和食の世界観を感じてもらえるように、季節ごとに変わる新鮮な素材を使った料理を提供している。\n\n「おいしいの前に楽しいと思ってもらえるのが一番。みうらでしか味わえない料理をお客様が笑顔で楽しんでいただけると私自身、うれしくなります」\n\nデザート類も見逃せない。少し意外だが、イチゴパフェが出たり、スイカ入りのメロンソーダーが出されたり。「みうらワールド」には最初から最後まで驚かされぱなし。昼も夜も予約で埋まっているのも納得だ。\n\n◇「御和食みうら」\n東京都港区南青山3丁目2-3 カトレアビル3F\n営業時間：ランチ11:30～、ディナー19:00 ～（一斉スタート）\n※完全予約制\n定休日：日曜日 (毎週)\n席数カウンター8席、個室1(6席)\nまいどなニュース,['https://newsatcl-pctr.c.yimg.jp/t/amd-img/20240831-11567185-maidonans-000-1-view.jpg?exp=10800'],"['https://news.yahoo.co.jp/articles/b3f557f0686584c1716c10465e833ccfffee4c44/images/000', 'https://maidonanews.jp/article/15407502?p=28785381&ro=15407502&ri=0']"
人間愛と家族の絆を描く田中壱征監督、広島を舞台に新たな構想を語る　戦争で傷ついた祖父から受け継いだ想いとは（まいどなニュース）,https://news.yahoo.co.jp/articles/558f47cd3f4f79314e33ac4521417eb8a52e85f6,https://newsatcl-pctr.c.yimg.jp/t/amd-img/20240831-11567174-maidonans-000-1-view.jpg?exp=10800,2024-08-31T16:02:04+09:00,2024-08-31T16:02:04+09:00,まいどなニュース,maidonans,まいどなニュース,2497,\n映画「ぬくもりの内側」プレミアム上映会であいさつする田中監督\nヒューマンな作品で知られ、フランス・カンヌでも称賛された映画監督の田中壱征さん（50）が世界平和への願いを込め、広島を舞台に撮影する構想を明かした。今夏に広島市内で厚生労働省推薦映画「ぬくもりの内側」（2021年完成）をプレミアム上映。さらに8月6日、広島の平和記念式典に出席したことで、その思いをより強くした。今後も人間の尊厳や平和、家族の絆などを描いていく。\n【写真】上映後、満員の観客とともに「バンザイ」ポーズを取る田中監督\n■作品の背景にあるのは自身の生き様\n\n田中監督は2歳で両親を失い、祖父母に育てられた。その後、インターネットのない時代にバックパッカーも経験するという異色の経歴を持つ。\n\n初めてメガホンを取ったのは2015年から製作された長編オムニバス映画「Tokyo Loss」で、21年には監督、原作脚本を手がけた「ぬくもりの内側」が完成。白石美帆、三田佳子、音無美紀子さんらが出演し、主題歌「家族写真」は縁あって森山良子さんが担当した。\n\nさらに22年には沖縄県後援「風が通り抜ける道」を製作し、こちらは比嘉梨乃、山田邦子、SHINOBU（元DA PUMP）、具志堅用高、大林素子さんらが出演。23年春には沖縄国際映画祭、カンヌ国際映画祭と相次いでレッドカーペットを歩く栄誉を得た。\n\n「風が通り抜ける道がカンヌ国際映画祭で正式出品作品まで届かなかったのは、すべてわたし自身の力不足です。しかし、地元の公式アテンドホテルで特別上映され、本場カンヌのレッドカーペットを単身でも歩くことができたことはとても勉強になりましたし、やっと自分自身のスタート地点に立てたように思えました」\n\n■「ぬくもりの内側」は余命宣告された人間にフォーカス\n\n18年に米国ハリウッドで開催されたオスカーアカデミー賞90th／ Viewing Partyにも公式参加するなど、長年にわたって海外ネットワークを持つ一方、国内でも着実に力をつけ、高い評価を得て来ている田中作品。この「ぬくもりの内側」は、千葉県南房総のとあるホスピスを舞台に展開される終末期医療と人間愛をテーマとしたもの。余命宣告をされた人間が「最期の人生をどう愛で生き抜いて行くか」に焦点をあてた作品だ。撮影地は千葉県をはじめ、沖縄県、鳥取県や長野県、大阪府枚方市、タイ、オーストリアに及ぶ。\n\n完成したのは21年秋だったことからコロナ禍により、一般劇場公開の延期を余儀なくされた。しかし、内容が高く評価され、厚生労働省推薦の映画になり、22年春からは文化庁主催で全国の小中高等学校や文化施設で文化授業として「学習上映」を重ね、のべ1万人の生徒が鑑賞している。\n\n■厚労省推薦映画として生徒1万人が鑑賞\n\n「一般劇場公開のタイミングは大幅にずれてしまいましたが、大変ありがたいことに厚労省から推薦をいただき、文化庁主催で学校学習上映ができるようになったんです。それにより、全国の多くの生徒さんに『繋がって行く命』『心を託すこと』の大事さを伝えることができました。中には、自殺を取りやめてくれた生徒さんもいて、学校から送られてきたお手紙によって、あとでそれを知ったときには実際に涙を堪えるのができませんでした」\n\n■平和活動の一環として広島市で上映\n\nその後、東京、大阪のイオンシネマでの一般劇場公開を経て、今夏の8月4日には広島市のEDION紙屋町ホールにおいて「永遠の平和と愛に向けて」というタイトルで「ぬくもりの内側」のプレミアム上映会を開催。平和活動の一環として行われたもので広島市長の松井一實さんや映画に出演した女優の三田佳子さんからの祝電も届くなど、1部2部の構成で400人が来場し、満員御礼となった。\n\n舞台挨拶に立った田中監督は「父母から続く私たちのご先祖様は20代に遡ると、約200万人以上、存在するそうです。天国に逝ってしまった御先祖様たちは天国から絶え間なくずっと愛を送られていると思うんです」と話しかけ、マイクを握り直して力強くこう続けた。\n\n「だから私たちは地球に生まれた時点からすでに「ぬくもりの内側」に存在しているんです。これが映画の大事な主旨ですし、毎日心の中に入れてくれたら本望です」と訴え、喝采を浴びた。その後、上映会の売上の一部を広島市に「平和への推進」として寄付している。\n\n■平和祈念式典にも参列し、世界平和を願う\n\n広島との縁は深く、監督自身は20年に「瀬戸内の風」を製作。この作品では広島市原爆ドーム、宇品港、宮島、竹原市町並み保存地区、尾道市御袖天満宮などを舞台にし、広島市フイルムコミッションと広島市の協力を得て、原爆ドームを上空から映した空撮映像も試みている。さらに、2度と戦争を起こさないためにも現在の復興を成し遂げた平和な広島市の街並みを映像に残し、世界に対し「国際平和」を広く訴えており、8月6日には平和記念式典にも参列。黙祷をした。\n\n「騎兵隊として出兵していた大正3年生まれの祖父は戦時中、足を撃たれ、終戦後、ギリギリでなんとか生き延びて帰国。毎年夏になると、祖父は戦争で失った戦友との思い出にひたり、何回も涙を流していました」と戦争の悲惨さを訴え「そんな祖父の姿を見て、育ったせいなのか、79年前の「1945年8月終戦」の夏には強い思いがあります。戦争で失った命や魂そして、終戦日を全世界の方々は決して忘れてはいけない。その意味で広島、長崎という存在は大きいと思います」と結んだ。\n\n幼いころに両親も、住む家もなくし、祖父母に育てられた。そして、20代にはバックパッカーとして世界を旅して回った。そんな稀な人生経験を持つ田中監督は常に人間味に溢れ、決して格好をつけることがないフラットな性格の持ち主。25年以降もヒューマンな作品をつくり、「NO BORDER的な国際平和と社会」を目指していきたい、と話している。\nまいどなニュース,['https://newsatcl-pctr.c.yimg.jp/t/amd-img/20240831-11567174-maidonans-000-1-view.jpg?exp=10800'],"['https://news.yahoo.co.jp/articles/558f47cd3f4f79314e33ac4521417eb8a52e85f6/images/000', 'https://maidonanews.jp/article/15408455?p=28787324&ro=15408455&ri=0']"
「岡山県に本社を置く上場企業」の平均年収ランキング　2位は「E・Jホールディングス」の909.7万円（まいどなニュース）,https://news.yahoo.co.jp/articles/8cff268faa10cfacc3de305d4d882187c1d28d24,https://newsatcl-pctr.c.yimg.jp/t/amd-img/20240831-11567126-maidonans-000-1-view.jpg?exp=10800,2024-08-31T12:15:06+09:00,2024-08-31T12:15:06+09:00,まいどなニュース,maidonans,まいどなニュース,1247,\n岡山城（photoAC）\n日本国内540万社の企業情報を網羅した日本最大級の営業データベース『SalesNow DB』を運営する株式会社SalesNow（東京都渋谷区）は、このほど「岡山県に本社を置く上場企業の平均年収ランキング」を発表しました。その結果、平均年収が最も高かった企業は、教育事業を中核とするベネッセグループの持株会社「株式会社ベネッセホールディングス」（940.5万円）となりました。\n【ランキングを見る】岡山県が本社の上場企業、平均年収ランキング\nランキングは、2023年4月～2024年4月の期間に同データベースから商業登記や不動産登記、税務署の公示データ、官報公告記事、官公庁企業で公開されている情報やホームページ、SNSで自ら公開している情報をもとにデータを抽出し・ランキング化したといいます。そのほかの結果は以下の通りです。\n\n▽岡山県に本社を置く上場企業の平均年収ランキング\n\n【1位：株式会社ベネッセホールディングス（940.5万円）】\n教育事業を中核とするベネッセグループの持株会社です。「進研ゼミ」などの通信教育で知られるベネッセコーポレーションをはじめ、介護サービス事業のベネッセスタイルケアなど複数の企業を展開しています。\n\n【2位：E・Jホールディングス株式会社（909.7万円）】\n建設コンサルタント業務や調査業務を行う企業を傘下に持つ持株会社です。官公庁の公共事業に対して、企画から施工監理までを一貫して提供する総合建設コンサルタント事業の統括管理をしています。\n\n【3位：株式会社大本組（859.5万円）】\nニューマチックケーソン工法・ICT技術・耐震技術に強みを持つゼネコンです。商業施設やオフィスビル・ホテル建築を数多く手がけています。近年の建築工事として、アシックス東京本社、イオンモール幕張新都心などがあります。\n\n【4位：株式会社クラレ（784万円）】\n樹脂・化学品・繊維等製品の製造・販売を行う企業です。日本の合成繊維工業の先駆けとなったビニロンをはじめ、クラロンK-II、クラレポバール、クラリーノなどを生産しています。「マジックテープ」はクラレの登録商標です。\n\n【5位：株式会社ジェイ・イー・ティ（729.1万円）】\n半導体製造の前⼯程で使⽤されるバッチ式半導体洗浄装置を中心に開発・設計・製造・販売を行う企業です。国内だけでなく海外にも製造・メンテナンス拠点を構えており、剥離装置は世界トップクラスのシェアを誇ります。\n\n以降、6位「オルバヘルスケアホールディングス株式会社」（659.1万円）、7位「タツモ株式会社」（653.7万円）、8位「株式会社ウエスコホールディングス」（651.5万円）、9位「萩原工業株式会社」（579.9万円）、10位「倉敷紡績株式会社」（571.2万円）と続きました。\n\n ◇ ◇\n\n【出典】\n▽SalesNow DB\nまいどなニュース,['https://newsatcl-pctr.c.yimg.jp/t/amd-img/20240831-11567126-maidonans-000-1-view.jpg?exp=10800'],"['https://news.yahoo.co.jp/articles/8cff268faa10cfacc3de305d4d882187c1d28d24/images/000', 'https://maidonanews.jp/article/15401239?p=28773722&ro=15401239&ri=0']"
【9月1日は防災の日】「災害時に頼りになりそうな芸能人」といえば…3位「江頭2:50」、2位「あばれる君」（まいどなニュース）,https://news.yahoo.co.jp/articles/edc7621af6eb07e978c432269f7054f516d7a4e6,https://newsatcl-pctr.c.yimg.jp/t/amd-img/20240831-11567118-maidonans-000-1-view.jpg?exp=10800,2024-08-31T12:02:09+09:00,2024-08-31T12:02:09+09:00,まいどなニュース,maidonans,まいどなニュース,1460,\n江頭２：５０さん（左）と、あばれる君\nみなさんは、「災害時に頼りになりそうな芸能人」といわれたら誰を思い浮かべますか。スカパーJSAT株式会社（東京都港区）が「防災に関する調査2024」のなかで聞いたところ、「サンドウィッチマン」が1位に選ばれました。また、災害時に頼りになりそうなアスリートの1位は「大谷翔平」さんだったそうです。\n【写真】「災害時に頼りになりそうな芸能人」1位に選ばれた、サンドウィッチマン\n調査は、全国の15～69歳の男女1000人を対象として、2024年7月にインターネットで実施されました。\n\n毎年9月1日は「防災の日」です。1923年9月1日に起こった関東大震災の経験から、災害に対する認識を深めることを目的として1960年に防災の日が制定されました。\n\nそこで、「災害時に頼りになりそうな芸能人」を尋ねたところ、1位「サンドウィッチマン」（30人）、2位「あばれる君」（27人）、3位「江頭2:50」さん（26人）という結果になりました。\n\n1位の「サンドウィッチマン」には「東日本大震災の被災者支援に積極的だから」「実際に災害に遭っているから」「被災者に元気をくれそうだから」などの声が寄せられたほか、2位の「あばれる君」には「サバイバルの知識が豊富だから」、3位の「江頭2:50」さんには「真っ先に支援物資を自分で届けていたから」といったコメントがみられました。\n\nまた、「災害時に頼りになりそうなアスリート」では、1位「大谷翔平」さん（132人）、2位「羽生結弦」さん（16人）、3位「石川祐希」さん（5人）がTOP3にランクイン。\n\n1位の「大谷翔平」さんには「みんなを元気づけてくれそう」「学校やスポーツ施設の復興に協力してくれそう」「発信力があり、寄付行為に意識が高い」といった声が多く寄せられたほか、2位の「羽生結弦」さんには「誠実なイメージがあるから」、3位の「石川祐希」さんには「いざというときに守ってくれそう」などのコメントがみられました。\n\n続けて、「災害時に頼りになりそうなアニメのキャラクター」を尋ねたところ、1位「ドラえもん（ドラえもん）」（169人）、2位「アンパンマン（それいけ！アンパンマン）」（55人）、3位「孫悟空（ドラゴンボール）」（35人）という結果になりました。\n\n1位の「ドラえもん」には「秘密道具で助けてくれそう」「子どもを癒してくれそう」「道具の力で災害をなくしてくれそう」などの声が寄せられたほか、2位の「アンパンマン」には「パンを分け与えてくれる」、3位の「孫悟空」には「パワーがすごいから」といったコメントが集まりました。\n\n最後に、「長年災害支援を続けていると思う芸能人」を聞いたところ、東日本大震災の発生直後に義援金を受け付ける口座を開設し現在も寄付を続けているほか、支援物資の提供、チャリティーライブの開催などさまざまな支援活動を行っている「サンドウィッチマン」（51人）が1位に。ほか、2位「杉良太郎」さん（43人）、3位「江頭2:50」さん（33人）がTOP3にランクインしました。\n\n女性芸能人に絞ってみると、国内外の被災地への寄付など、積極的に支援活動を行っている「紗栄子」さん（13人）が1位となったほか、2位「黒柳徹子」さん（10人）、3位「デヴィ・スカルノ」さん（6人）が続く結果となりました。\n\n ◇ ◇\n\n【出典】\n▽スカパー! 調べ\nまいどなニュース,['https://newsatcl-pctr.c.yimg.jp/t/amd-img/20240831-11567118-maidonans-000-1-view.jpg?exp=10800'],"['https://news.yahoo.co.jp/articles/edc7621af6eb07e978c432269f7054f516d7a4e6/images/000', 'https://maidonanews.jp/article/15392343?p=28788798&ro=15392343&ri=0']"
半年待って、ついに届いたランドセル！　三つ子らドキドキ開封する動画が話題に　個性あふれる色違いの姿にほっこり（まいどなニュース）,https://news.yahoo.co.jp/articles/9be24e1dfa923fcf47d7d21bed25a992630b6910,https://newsatcl-pctr.c.yimg.jp/t/amd-img/20240831-11567073-maidonans-000-1-view.jpg?exp=10800,2024-08-31T11:02:14+09:00,2024-08-31T11:02:14+09:00,まいどなニュース,maidonans,まいどなニュース,1798,\n新品ランドセル、開封～！（提供：@1.and.triple_mamさん）\n「待ちに待ったものが…♡」と題された、注文して半年後に届いたランドセルを三つ子の男の子たちが開封する動画がTikTokで話題です。ようやく届いたランドセル、三つ子くんたちの反応は…！？\n【動画】春から新一年生の三つ子くん、待ちに待ったランドセルを開封！\n動画を投稿したのは、長男、三つ子（次男、三男、四男）、双子（五男、六男）の6人兄弟を育てるママのYuriさん（＠ki____pe.11）。「こんなに小さかった三つ子が、次は1年生」と初節句の動画で振り返ります。\n\n 2月に注文していたというランドセルがようやく届いたというこの日、重厚感のある茶色い箱が3つ並べて置かれています。そこに集まった三つ子くんたち、左から、次男のりーちゃん、三男のつーちゃん、四男とったんくんです。\n\n 注文書でしょうか、箱に入っていた紙がひらひらと宙を舞います。「開け方も性格出るよね」とママ。がむしゃらに箱を開けている3人ですが、ランドセルを梱包している袋のリボン結びに苦戦…！なんとかランドセルが出てきました！\n\n 新品のランドセルを嬉しそうに背負う三つ子くんたち。同じ系統ですが、それぞれ少しずつ色味が異なるようです。りーちゃんは『くすみブルー』、つーちゃんは『くすみグレー』、とったんくんは『モスグリーン』を選んだそうです。\n\n ランドセルを背負いながら、3人仲良くはしゃぐ姿に、「6年間3人の背中守ってください。そしてじぃじ、ばぁばありがとう♡」とコメントを添えるママでした。\n\n 長男くんと三つ子くん達、さらには1歳を迎えたばかりの双子くん達の計6人を育児しながら、ご自身でも洋服ショップ（@luxu__closet）を運営されているYuriさんに、詳しく話を聞きました。\n\nーー三つ子くんたちのランドセル選びの様子について教えてください。\n\n「先にカタログで見ていたので、三男と四男は『これ！！』とすぐに決めていました。次男だけは蛍光オレンジ色と最後まで悩んでいましたが、『自分が6年間持てる！って色にしたらいいよ』と伝えると、2人と同じくすみカラーにしていました」\n\nーー3人の性格差はいかがですか？\n\n「次男は優し過ぎる性格で優柔不断、三男はマイペースですが双子の弟たちが大好き、四男は負けず嫌いで兄にライバル心があります」\n\nーー6人の育児をされる中で、どのようにYuriさん自身の時間を作っていますか？\n\n「昼間は長男は学校で、三つ子が幼稚園なので、双子たちがお昼過ぎに寝たタイミングで私自身の服のショップのことなどをやっています。\n\n 午後は、木曜以外は習い事があるため、子ども達が帰ってきてからご飯を食べられるように準備し、帰宅後はご飯→お風呂→ゲーム時間と続きます。習い事の帰りに外食したりも多々ありますが…。21時には上の子たちは寝に行くので、双子たちを寝かせてからが、ようやく私の時間です！」\n\nーー双子くん達が生まれて6人兄弟となってからの育児はいかがですか？\n\n「双子が生まれて6人兄弟になってから、長男はしっかりとして、三つ子は双子をすごく見てくれるようになりました。『手伝おうか～？』なども言ってくれて、『これお願い』と伝えると、お手伝いしてくれます。\n\n 毎日がバタバタと過ぎていき、男の子6人で、中には女の私にはわからない行動もあるので、おもしろいこともあります（笑）。\n\n 子育ての本どおりにはいかないので、育児本などは基本的に読まないようにしています。子ども一人一人成長も違うので見守っていて、個性だと思っています。\n\n『兄弟が多くて可哀想』とも言われたことがあります。1人ずつの時間は短いので、言われるのも当然だと思います。ですが、兄弟にしかわからないこと、できないこともあるので、上4人は兄弟が多いことに対して楽しんでいるようです」\n\n YuriさんのTikTok（@1.and.triple_mam）、Instagram（@ki____pe.11）では、長男、三つ子、双子の男の子6人兄弟の楽しくて愉快な日常をみることができます。\n\n（まいどなニュース／ラジオ関西・五ヶ瀬 あお）\nまいどなニュース,['https://newsatcl-pctr.c.yimg.jp/t/amd-img/20240831-11567073-maidonans-000-1-view.jpg?exp=10800'],"['https://news.yahoo.co.jp/articles/9be24e1dfa923fcf47d7d21bed25a992630b6910/images/000', 'https://maidonanews.jp/article/15408760?page=2&ro=15408760&ri=0']"
2位は「無印良品」、1位は？　「長く着られる洋服ブランド」ランキング発表（まいどなニュース）,https://news.yahoo.co.jp/articles/51a3a22807798fcb579660788c2857a75ea7df9e,https://newsatcl-pctr.c.yimg.jp/t/amd-img/20240831-11567101-maidonans-000-1-view.jpg?exp=10800,2024-08-31T11:32:05+09:00,2024-08-31T11:32:05+09:00,まいどなニュース,maidonans,まいどなニュース,1312,\n「長く着られる洋服ブランド」は？ ※画像はイメージです（beeboys/stock.adobe.com）\nみなさんが「長く着られる洋服ブランド」といわれたらどのブランドを思い浮かべますか。株式会社レビュー（名古屋市中区）が運営する暮らしに役立つ情報メディア『さぶろぐ』が実施した調査によると、「ユニクロ」1位となりました。\n【グラフ】長く着られる洋服ブランドランキング 1位は…？\n調査は、全国の20代以上の男女100人を対象として、2024年7月にインターネットで実施されました。そのほかの結果と回答者からのコメントは以下の通りです。\n\n▽長く着られる洋服ブランドランキング\n\n【1位：ユニクロ】\n▽リーズナブルだが機能性が高い。お手入れがしやすくて長持ちする（男性40代）\n▽縫製などもしっかりしており長年着られると思います（男性30代）\n▽生地がしっかりしているので何度着用してもよれない。トレンド要素はないがシンプルなデザインなので、毎シーズン着られる（女性30代）\n\n【2位：無印良品】\n▽値段が安いといいわけではないけれどシンプルなものが多いから（男性20代）\n▽デザインやカラーがシンプルなものが多く、長く着ていても飽きがこない（女性40代）\n▽ニットは着て洗ってを繰り返しているうちに、どうしても伸びたり毛羽立ったり劣化していきがちですが、無印のニットはヘビーに使っても致命的な劣化がなく、かなりきれいな状態を保っています（男性40代）\n\n【3位：ZARA】\n▽価格は高いが、素材が丈夫でしっかりしているのでほころびにくい（男性40代）\n▽シンプルなデザインなものが多く、生地もしっかりしているものが多い（女性20代）\n▽実際に購入したブラウスを5年くらい着ています。生地もしっかりしています（女性40代）\n\n【4位：GU】\n▽生地が丈夫でへたりにくい。安いのに長く着れて重宝している（女性30代）\n▽お手頃価格で可愛い服も多く、素材もしっかりしているので流行りがない服ならいくらでも着られる気がする（女性30代）\n▽デザインがシンプルで、外着として使用してへたってきたら部屋着として使用して長く使えるため（男性40代）\n\n【5位：しまむら】\n▽案外丈夫に裁縫等してあるので長く着られると思います（男性40代）\n▽安くて求めやすい上に生地がしっかりしているので長持ちする（女性20代）\n▽安いけれどデザインがシンプルなものも多くて、ものがしっかりしているから長く着やすいと思います（女性40代）\n\n【同率5位：グローバルワーク】\n▽ワンシーズンでへたることなく、数年着用している（女性40代）\n▽値段が高くない割に、生地がしっかりとしていて長く着用できる（女性30代）\n▽シンプルでありつつもデザイン性やカラーバリエーションが豊富なので、流行や年代を問わず長く着られると思う（女性20代）\n\n ◇ ◇\n\n【出典】\n▽さぶろぐ／【調査レポート】長く着られる洋服ブランドはどこ？1番人気は「ユニクロ」でした！\nまいどなニュース,['https://newsatcl-pctr.c.yimg.jp/t/amd-img/20240831-11567101-maidonans-000-1-view.jpg?exp=10800'],"['https://news.yahoo.co.jp/articles/51a3a22807798fcb579660788c2857a75ea7df9e/images/000', 'https://maidonanews.jp/article/15401235?p=28773714&ro=15401235&ri=0']"
2005年から熱望　櫻井翔がサプライズ出演の「映画 THE3名様」　佐藤隆太「お世辞抜きで最高のスペシャルゲスト！」（まいどなニュース）,https://news.yahoo.co.jp/articles/cfd87bf3938a001e0431df434181179dc7083094,https://newsatcl-pctr.c.yimg.jp/t/amd-img/20240831-11567067-maidonans-000-29693356-view.jpg?exp=10800,2024-08-31T11:00:09+09:00,2024-08-31T11:27:20+09:00,まいどなニュース,maidonans,まいどなニュース,1355,\n櫻井翔参加への喜びを語る3名様（撮影：石井隼人）\n「40代になって最も感動したことの一つ」\n\n俳優・佐藤隆太はそう言い切る。現在公開中の「映画 THE3名様Ω～これってフツーに事件じゃね？！」（8月30日公開）に櫻井翔がゲスト出演。観客を驚かせている。\n【写真】カムバック第2弾となる最新作「映画 THE3名様Ω～これってフツーに事件じゃね？！～」より\n熱望していた櫻井翔\n「THE 3名様」は、漫画家・石原まこちんによる同名漫画を原作にしたオリジナルDVD発のコメディドラマ。深夜のファミレスを舞台に、フリーターのジャンボ（佐藤）、まっつん（岡田義徳）、ミッキー（塚本高史）が他愛のない会話を繰り広げるだけのシュールな内容が人気を博し長寿シリーズ化した。\n\n2005年から2010年までに13タイトルのDVDが発売され、2022年4月には12年ぶりの新作にして初の劇場版「THE3名様～リモートだけじゃ無理じゃね？～」がロングランヒット。今回その劇場版最新作に、シリーズ初のゲストとして櫻井がサプライズ出演しているのだ。\n\n佐藤は「DVDシリーズが始まって以降、いろいろな役者さんから『面白いね。出させてよ！』と言ってもらえたのですが、その中でも最初から『出たい！』と言い続けてくれたのが櫻井君でした」と経緯を説明。「それがこのタイミングで実現するというのはエモい。40代になって最も感動したことの一つです。櫻井君の出演が決まったという連絡を受けた時は思わず涙がこぼれそうになるくらい感動しました。ここでつながるのか…と」と感激もひとしおだ。\n\nなぜ役者たちは出演を熱望するのか。\n\n岡田はこう分析する。「それなりの年齢になると与えられる役というのは限られるわけで、『THE 3名様』にしかない自由さがうらやましいのだと思います。実際に僕らも他の現場にはないくだらなさ、面白さ、充実感があるので、他の方々もそれを感じ取って『俺たちもこういうことをやりたい！』と思うのでしょう」\n茶化すことなく真剣に\n櫻井は筋金入りの「THE 3名様」ファン。塚本が「どんな役で登場するのか？それは実際に映画館で見ていただきたいのでお楽しみですが、撮影現場の時点で櫻井君の『THE 3名様』への熱い想いと真剣さを感じることが出来ました。お世辞抜きで最高のスペシャルゲスト！」と振り返るように、作品へのリスペクトにはただならぬものがあったという。\n\n岡田は「彼が持ってきてくれた演技プランを見た時に感動した。本当にありがとうと思った。ゲスト出演となると、時に笑いを取りに行こうとして変にキャラクターを作り込んでしまうことがあるけれど、そうではなくちゃんと演じてくれて『THE 3名様』への敬意を感じました」と感心する。\n\n佐藤も「作品を茶化すことなく、真剣に向き合ってくれた」と櫻井の熱演に感謝しており「このシリーズにはこれまでゲストの方が来ることはほとんどなかったので、櫻井君との撮影はとても不思議な時間でした。『THE 3名様』の現場において感じたことのない新鮮な空気を運んできてくれました」と見どころに挙げている。\n\n（まいどなニュース特約・石井 隼人）\nまいどなニュース,['https://newsatcl-pctr.c.yimg.jp/t/amd-img/20240831-11567067-maidonans-000-29693356-view.jpg?exp=10800'],"['https://news.yahoo.co.jp/articles/cfd87bf3938a001e0431df434181179dc7083094/images/000', 'https://maidonanews.jp/article/15358123?p=28731959&ro=15358123&ri=0']"
冷凍庫に「大量のアイス」を補充していく“豪快な動画”が話題　夏場の鋳物工場、体を冷やして暑さ対策！（まいどなニュース）,https://news.yahoo.co.jp/articles/45f4febba0153673c5cb4b36e3f16dce747c24e7,https://newsatcl-pctr.c.yimg.jp/t/amd-img/20240831-11567078-maidonans-000-1-view.jpg?exp=10800,2024-08-31T11:15:12+09:00,2024-08-31T11:15:12+09:00,まいどなニュース,maidonans,まいどなニュース,1290,\n暑い工場で大量に支給されるものは…！？ ※画像はイメージです（Kateryna/stock.adobe.com）\n木村鋳造所（公式）（@KimuraFoundry）の投稿がXで大きな話題となっています。同社では鋳物工場の暑さ対策として、夏場にアイスを支給する取り組みを行っており、その様子を映した動画をポストしたのです。動画には、社員がアイスボックスに次々とアイスを補充する姿が。「アイスを補充する夏場の大事なお仕事」というキャプションも添えられており、多くの共感と反響を呼びました。\n【動画】豪快！大量に補充されていくアイス\n鋳物工場の作業環境は非常に過酷で、特に金属を溶かして型に流し込む「注湯」工程では、作業場の温度が50度に達することもあるそうです。そんな厳しい環境下で働く社員たちの健康を守るため、木村鋳造所では冷蔵庫や冷房完備の休憩室を設置し、ドリンクの配布や、身体を冷やすアイテムの支給など、さまざまな暑さ対策を実施しています。\n\n同社は、一般の市販品では対応しきれない工場内の温度と湿度の管理にも独自の工夫を凝らしています。社内で製作した測定器を使用し、作業環境を適切に管理。さらに、特殊健康診断や定期健康診断、人間ドックなどを通じて、社員の健康を徹底的にサポートしています。腰痛対策としては、体育の先生が指導する体操を毎朝行うなど、社員の健康を第一に考えた取り組みを行っています。\n\nアイスの支給に関しては、群馬工場では「ガリガリ君」、御前崎工場では「ポッキンアイス」がそれぞれ人気を集めています。群馬工場では毎日80～90本のガリガリ君が消費され、御前崎工場では多い日で30袋ものポッキンアイスが配布されています。これらのアイスは、単なる嗜好品ではなく、社員が体を内側から冷やすための重要なアイテムとなっています。また、夏場限定で塩分補給のために梅干しも支給され、汗をかくことで失われる塩分を補っています。\n\nこの投稿に対し、読者からも多くのコメントが寄せられました。「最近の優良企業は暑さ対策や寒さ対策を怠らないんですよね」「知人の会社も業界トップとだけあって、社員にはこれでもか！というくらい手厚く、冷たい物の提供や環境の提供をしっかり行っていましたよ」といった声があり、社員の健康を守るための企業努力に感心する声が多く見られました。\n\nまた「私千葉県のアイスクリーム卸業者ですが、浦安市にある鉄工所から真夏のみ大量のご注文をいただいています。職場によっては酷暑にも関わらず冷房設置が出来ない場所がたくさんあります。少しでも過酷な現場で働く皆様に英気を養っていただければと思っています」といった業者の視点からのコメントもありました。\n\n木村鋳造所のこうした取り組みは、SNSで大きな共感を呼び、「いいね」は2.1万件にも達しています。企業が社員の健康を守るために惜しみない努力を続けていることが、長年にわたる信頼と安定した経営に結びついていることがよくわかります。\n\n（まいどなニュース特約・渡辺 陽）\nまいどなニュース,['https://newsatcl-pctr.c.yimg.jp/t/amd-img/20240831-11567078-maidonans-000-1-view.jpg?exp=10800'],"['https://news.yahoo.co.jp/articles/45f4febba0153673c5cb4b36e3f16dce747c24e7/images/000', 'https://maidonanews.jp/article/15406890?page=2&ro=15406890&ri=0']"
犬なのに「キャッツアイ」！？  レオタード風衣装のワンちゃんが話題、秋冬のファッションのつもりが“斜め上”の仕上がりに（まいどなニュース）,https://news.yahoo.co.jp/articles/5343c782c5009b00d57b281b15da7ff9b4d93013,https://newsatcl-pctr.c.yimg.jp/t/amd-img/20240831-11567038-maidonans-000-29693332-view.jpg?exp=10800,2024-08-31T10:02:15+09:00,2024-08-31T11:21:57+09:00,まいどなニュース,maidonans,まいどなニュース,812,\n紫色の服がレオタードに？（画像提供：横綱くんの飼い主さん）\n漫画作品「キャッツアイ」のレオタード姿にそっくり？ あるワンちゃんがX（旧Twitter）で大きな注目を集めています。\n【写真】さながらキャッツアイ？ 腰に水色のリボンも巻いて、ポーズをとる横綱くん\n注目を集めているのは、ラブラドールレトリバーの横綱くん。横綱くんは、名前の通り立派な体のオスのワンちゃんで、「大きく逞しく育ってほしい」という飼い主さんの願いを込めてその名を付けられました。穏やかで優しい性格をしていますが、少し気が小さい面もあるといいます。\n\nそんな横綱くんに洋服を着せ、飼い主さんが「横綱の秋冬ファッション第一弾 …紫似合いすぎじゃない？？」と紫色の洋服に身を包んだ横綱くんの写真をXにアップしたところ、「サツマイヌ」「紫芋だ」と1.6万ものいいねがつき大きな話題に。\n\nさらに、「犬だけどキャッツアイ」「かわいいね！キャッツアイみたい」とカラーリングやピタッとした素材など名作を彷彿する人が相次ぎ、腰に水色のリボンを巻き、「これで良いかな？？」と投稿すると今度は6.5万ものいいねがつき、反響を呼びました。\n\n飼い主さん曰く、「横綱と一緒に初めて過ごす秋冬用に、新しく紫のロンパースを買いXに投稿したところ、いつも見てくださっているフォロワーの方がキャッツアイに似ていると教えてくださり、家にあった別の洋服で腰の青いリボンを再現しました」。\n\n飼い主さんは世代が違うかったようで「キャッツアイ」は知らなかったということですが、「いつも自分の視点だけでは気づかないような面白いことをフォロワーさんに教えていただき、横綱のXを盛り上げてくださるので、とても感謝しております。また、そのおかげで日々楽しくXの投稿をさせていただいております」と喜びを語っています。\n\n（まいどなニュース・門倉 早希）\nまいどなニュース,['https://newsatcl-pctr.c.yimg.jp/t/amd-img/20240831-11567038-maidonans-000-29693332-view.jpg?exp=10800'],"['https://news.yahoo.co.jp/articles/5343c782c5009b00d57b281b15da7ff9b4d93013/images/000', 'https://maidonanews.jp/article/15407409?p=28785732&ro=15407409&ri=0']"
朝の散歩、小川で涼む犬さんの姿に爆笑「食パン一斤が浮いている」「冷やしコーギー始めました」（まいどなニュース）,https://news.yahoo.co.jp/articles/d11716ff6758d0011ffbf0405a4591df1da018a0,https://newsatcl-pctr.c.yimg.jp/t/amd-img/20240831-11567032-maidonans-000-29693318-view.jpg?exp=10800,2024-08-31T09:50:09+09:00,2024-08-31T11:19:34+09:00,まいどなニュース,maidonans,まいどなニュース,1022,\n「お気に入りの散歩コース？です😉」（提供：ぽた丸さん）\n「台風前にギリギリ朝ん歩、間にあった～」\n\nこんなポストをされたのは、コーギー犬の飼い主のぽた丸さん（@hipo_potamaru）。投稿された写真には、うつ伏せの姿勢でぺった～んと水に浸かって涼む犬の後ろ姿が写っています。とても気持ちよさそうなその姿について、様々な反応がみられました。\n【写真】ぺった～んと腹ばいで、水に浸かって涼む犬さん\n「行けないと猛コーギされますからね」\n「冷やしコーギー始めました。」\n「あんな所に食パン一斤が浮いている。」\n「躊躇ない感じがいい。でも帰ったら大変そう」\n\n我々人間もできることならこうやって涼んでみたいですよね。ワンちゃんのお名前は「紬（つむぎ）」ちゃん。飼い主のぽた丸さんにお話を聞きました。\n\nーーこの写真は、どのような状況で撮影されましたか？\n\n「よく行く散歩コースの途中にある水路で涼んでいる状況です」\n\nーー夏場だとこのように水浴びをすることは多いのでしょうか？\n\n「紬は水が本当に大好きなので、夏に限らず水を見つけると川でも水溜まりでも喜んで入っていきます。なので、家に帰るといつもお風呂場に直行してシャワーで洗い流しています」\n\nーー撮影された時の率直なご感想は？\n\n「とても蒸し暑い朝だったので、一緒に腹ばいになって涼みて～って思ってました」\n\nーー紬ちゃんが特にかわいいと感じる時は？\n\n「とっても内弁慶で外ではおとなしいんですが、家の中ではナカナカのお転婆ムスメです。でも、疲れてグッタリしてると、そっと寄り添って来てくれるのがとても可愛いですね」\n\nーー紬ちゃんと出会ったきっかけを教えてください！\n\n「先代犬の華（Mダックス）が亡くなって、特に妻が元気がない時期が続きました。そんな姿を見かねた娘が『新しい仔を迎えよう』と探し始めた時に出会ったのが紬です。やはり胴長短足犬以外、目が向かなかったですね」\n\nーー紬ちゃんの普段のご様子を教えてください！\n\n「はじめてコーギーを迎えたのですが、その活発さや表情の豊かさ、愛嬌を振りまくさまにすっかりハマってます」\n\nぽた丸さんは「少しでも多くの人にコーギーの魅力を伝えられれば嬉しいです」と話してくれました。\n\n（まいどなニュース／Lmaga.jpニュース特約・行橋 友）\nまいどなニュース,['https://newsatcl-pctr.c.yimg.jp/t/amd-img/20240831-11567032-maidonans-000-29693318-view.jpg?pri=l&w=480&h=640&exp=10800'],"['https://news.yahoo.co.jp/articles/d11716ff6758d0011ffbf0405a4591df1da018a0/images/000', 'https://maidonanews.jp/article/15397955?p=28766431&ro=15397955&ri=0']"
ホテルが紹介する、チェックアウト時の「忘れ物あるある」に大反響！「冷蔵庫に入れて忘れがち…」「充電器忘れた者です」（まいどなニュース）,https://news.yahoo.co.jp/articles/7bc4158378a250184d4c02616e7a9f9067cc8111,https://newsatcl-pctr.c.yimg.jp/t/amd-img/20240831-11567024-maidonans-000-1-view.jpg?exp=10800,2024-08-31T09:32:10+09:00,2024-08-31T09:32:10+09:00,まいどなニュース,maidonans,まいどなニュース,851,\nホテルで忘れて帰りがちなものとは！？※画像はイメージです（krsmanovic/stock.adobe.com）\nホテルのチェックアウト時、「忘れ物はないかな…」とソワソワしてしまう方も多いはず。ビジネスホテルを全国に展開する「スーパーホテル」の公式TikTokアカウント（@superhotel_official）が、そんな「ホテルの忘れ物あるある」についての動画を公開。5000件を超える「いいね！」など、注目が集まっています。\n【動画】こんなところに、あんなところに…ホテルが紹介する「忘れ物あるある」\nスマホ・財布・時計も！ホテルの忘れ物あるある\n「充電器」は、今や外泊時の必需品。「コンセントに差しっぱなし」や、ベッド近くで充電しているケースが多いのか「シーツに巻き込まれている」ということもあるそう。テレビやエアコンのリモコン類に紛れている「スマホ」は、綺麗に並べられたまま忘れて帰ってしまうパターンもよくあるといいます。\n\n貴重品も忘れがちで、「財布」が普通に落ちていたりするそう。謎に「ICカード」だけが残っている、小物置きの上で、「時計」が良い感じに馴染んだままになっている…なんていうことも。\n\nまた、洗面台での忘れ物も注意が必要。持参した「洗面用具」「美容家電」などが、ホテルに置いてあるシャンプー類やドライヤー付近に紛れているそう。\n\nそのほか、乾かしたまま立て掛けられている「傘」や、ハンガーに掛かったままの「衣類」、とにかくクシャクシャになっている「下着」などが、忘れ物あるあるとして紹介されていました。\n\nこの投稿には、「冷蔵庫に入れて忘れがち…」「スーツケース丸ごと忘れた時は自分で自分にびっくりした」「充電器忘れた者です」など、忘れ物経験者から多くのコメントが寄せられていました。\n\n▽出典：株式会社スーパーホテル 公式TikTok／スーパーホテルがお届けするホテルあるある忘れ物ver.よくある忘れ物を紹介\nまいどなニュース,['https://newsatcl-pctr.c.yimg.jp/t/amd-img/20240831-11567024-maidonans-000-1-view.jpg?exp=10800'],"['https://news.yahoo.co.jp/articles/7bc4158378a250184d4c02616e7a9f9067cc8111/images/000', 'https://maidonanews.jp/article/15400589?page=2&ro=15400589&ri=0']"
友人宅でネットを使おうとしたら「コンビニのフリーWi-Fiを使って」と言われました…これって問題にならないの？【弁護士が解説】（まいどなニュース）,https://news.yahoo.co.jp/articles/fb4e088906df5c4b482f4d9e961fde8717c5e9eb,https://newsatcl-pctr.c.yimg.jp/t/amd-img/20240831-11567013-maidonans-000-29693310-view.jpg?exp=10800,2024-08-31T09:02:05+09:00,2024-08-31T11:16:54+09:00,まいどなニュース,maidonans,まいどなニュース,1300,\nうちはコンビニのWi-Fiでつないでいるから！…って、問題ないのでしょうか ※画像はイメージです（Julia Tim/stock.adobe.com）\n都内の大学で法律を学んでいるAさんは、ある日授業の課題に取り組むために、友人であり同級生のBさんの家に向かいます。Bさんは一人暮らしで、1階にコンビニのあるマンションの2階に住んでいました。\n【写真】妻に「この詐欺師が」と言われた夫、一目瞭然の理由に15万人が驚き 実弟はアイドルなのに！？\nBさんの家に到着したAさんは、課題に取り組むためにパソコンを取り出し「ネットにつながせてもらえる？」とBさんに話しかけます。するとBさんは「コンビニのフリーWi-Fiが届いてるからそれ使って」と返答。Bさんは普段からコンビニのWi-Fiを使っているというのです。\n\nさすがにそれはまずいのではないかと思うAさんでしたが「別に法律違反はしてないから大丈夫。焼肉屋の匂いを嗅いでご飯を食べる人もいるだろう」というBさんの言葉を聞いて、しぶしぶコンビニのWi-Fiに接続しました。2人の行為は本当に法律上問題ないのでしょうか。まこと法律事務所の北村真一さんに伺いました。\n法律的にペナルティを被る可能性は低いけれど…\nーコンビニなどのフリーWi-Fiは自宅から使っても問題ないのでしょうか\n\nコンビニなどのフリーWi-Fiを自宅から使用したとしても、窃盗罪にはあたりません。そもそも窃盗罪は、刑法235条で「他人の財物を窃取した者は、窃盗の罪とし、10年以下の懲役又は50万円以下の罰金に処する 」と定められています。\n\n今回の場合、BさんはフリーWi-Fiの電波を無断で使用していたわけですが、電波は財物として認められていません。しかし電波と同じく形のない電気は、刑法245条で別途財物として扱うと定められているため、窃盗罪の対象となっています。\n\nーではこのままフリーWi-Fiを使い続けてトラブルになる可能性はありますか\n\n仮にコンビニ側がフリーWiFiを使用を許可する際に「店内及び敷地内にいる時のみ使用を許可する」といった利用規約を提示し、その規約に同意したにもかかわらずユーザーが自宅で使用していたとすると、規約違反として不法行為と認定される可能性はあります。しかしその場合でもコンビニ側に具体的な損害が出ていないため、損害賠償請求を求めることは難しいでしょう。\n\nただ法律的にペナルティを被る可能性が低いとはいえ、倫理的には避けるべき行為です。実際に多くのコンビニチェーンではフリーWiFiの利用について店内に限定する規約を設けています。今はトラブルにならなくても今後トラブルになる可能性があるため、今のうちから自分でWiFiを確保し、正常に利用するようにした方がいいでしょう。\n\n◆北村真一（きたむら・しんいち）弁護士 「きたべん」の愛称で大阪府茨木市で知らない人がいないといわれる大人気ローカル弁護士。猫探しからM&Aまで幅広く取り扱う。\n\n（まいどなニュース特約・長澤 芳子）\nまいどなニュース,['https://newsatcl-pctr.c.yimg.jp/t/amd-img/20240831-11567013-maidonans-000-29693310-view.jpg?exp=10800'],"['https://news.yahoo.co.jp/articles/fb4e088906df5c4b482f4d9e961fde8717c5e9eb/images/000', 'https://maidonanews.jp/article/15311447?p=28575630&ro=15397453&ri=0']"
「ATMでお金おろしたら」新紙幣の裏に落書き…マジ勘弁！　ネット騒然「こういうのも犯罪にしてほしいよね」（まいどなニュース）,https://news.yahoo.co.jp/articles/906d2cc39693e3a1b6f44884f215da82c8336c73,https://newsatcl-pctr.c.yimg.jp/t/amd-img/20240831-11567021-maidonans-000-29693422-view.jpg?exp=10800,2024-08-31T09:25:07+09:00,2024-08-31T11:42:29+09:00,まいどなニュース,maidonans,まいどなニュース,1265,\n新紙幣に落書きは犯罪にならない？（photoACより「シャンシャンPanda」さん撮影、イメージ画像）\n「ATMでお金おろしたら新紙幣出てきて、初めて実物見たーと思って裏返したらこんなんで泣いてる」\n【写真】新千円札に裏にあった落書き\n新しい千円札の裏側に落書きがあったと1枚の写真とともに、X（旧Twitter）に報告した「ごまま」さん（@gomama）。そこには、上下と「すかし」の部分に印字された落書きが…そんな投稿に驚く人たちからコメントが殺到しました。\n\n「お札に落書きマジ勘弁」\n「わわわっ！これはショック！」\n「ええ！こんなん書いていいんですかね。銀行言ったら取り替えてくれないかな」\n「拾ったものが特級呪物だった、くらいの嫌な気分ですね」\n「旧札でこんな落書き見たけど、早速新札でも始めたんだ」\n「こういうのも犯罪にしてほしいよね」\n\n多くの人たちを怒らせた落書き。ATMでお金おろした時に出てきた新紙幣だったとか。その時のことを、ごままさんに聞いてみました。\n7月から20年ぶりに発行された新紙幣なのに…投稿主ショック この後どうなった？\n──ATMでお金をおろしたのはいつでしょう。\n\n「8月11日です」\n\n──7月3日に20年ぶりに新紙幣が発行され、初めて新千円札を手にしたとのこと。落書きを見てどう思った？\n\n「最近キャッシュレスの支払いであんまり現金に触る機会がなく、それもあって新札にお目にかかる機会がありませんでした。ホログラムの意匠も見てみたいと思ってたので、ついに巡り会えた！と思って裏返したところ、あのメッセージがあったので、すっかり気分がなえてしまいました（笑）」\n\n──紙幣への「落書き」については対応する法律がなく、その行為だけで罰せられる可能性は低いようですが…落書きのお札は。\n\n「投稿した後、いろいろな方から銀行で交換した方がいいとか、警察に行った方がいいというコメントがきていましたが、それを見た時点では他のお札と一緒に使ってしまった後でした。お札を見たときはうわーと思ったのですが、その後はあんまり気にせず財布に入れてそのまま使用してしまっています。今考えると、ちゃんと銀行とかに持っていったほうがよかったかもしれないですね」\n\n──硬貨を削るなどして加工すると貨幣損傷等取締法違反罪に問われるようですが、紙幣への落書き行為など、今後罰せられるような法律が必要だと思う？\n\n「何らかの法律による規定はあったほうがいいように思います。実効性はともかくとして、罰則規定などがあったほうが抑止力にはなると思いますし、あのような形で特定のメッセージを拡散する手段として用いられるは世の中的にもあまりメリットがないと思います」\n\n新紙幣への落書きにショックを受けたという、ごままさん。いろいろな人の手に渡る大切なお金ですから、皆さん落書きをしないでくださいね。\n\n（まいどなニュース特約・渡辺 晴子）\nまいどなニュース,['https://newsatcl-pctr.c.yimg.jp/t/amd-img/20240831-11567021-maidonans-000-29693422-view.jpg?exp=10800'],"['https://news.yahoo.co.jp/articles/906d2cc39693e3a1b6f44884f215da82c8336c73/images/000', 'https://maidonanews.jp/article/15389281?p=28748282&ro=15389281&ri=0']"
「大きな地震が来れば…皆連れての避難は難しい」犬猫たちと運命を共にすると決めたボランティアの覚悟に共感「命をかけて君たちを守る」（まいどなニュース）,https://news.yahoo.co.jp/articles/ec9e2c56e450f59c1b485623c0aa7e02b14ce255,https://newsatcl-pctr.c.yimg.jp/t/amd-img/20240831-11567027-maidonans-000-29693150-view.jpg?exp=10800,2024-08-31T09:40:09+09:00,2024-08-31T10:37:55+09:00,まいどなニュース,maidonans,まいどなニュース,2339,\n「見捨てて自分だけ助かろうと思ってる方は少ないと感じる」というめぐさん（めぐさくん提供）\n「大きな地震が来れば当然一緒に住む動物達も大きな不安を抱えることになります\n家族がいない時に地震が来たら\n私は 犬１匹と猫３匹（ミルボラっ子もいるかもしれない）\n皆連れての避難は難しいと思っています\nその時は この仔たちと運命を共にすると決めてます\n避難所に連れて行くこともしません\nもちろん 私の元から手放す事もしません\n手元に置いた以上どの仔も離しません\n自分が助かってもその後 一生後悔するのは耐えられません\n海抜3メートルの半島に住む\n私の決心です」\n【写真】投稿者さんの家族である犬や猫たち\n大切な家族…「『置いていく』とか有り得ません」\n大地震が来た時に一緒に暮らしている動物たちと避難せずに運命を共にする、とX（旧Twitter）に投稿しためぐさん（@1_taketoyo）。愛猫家や愛犬家らから共感のコメントが多数寄せられ、注目を集めました。\n\n「我が家も同じ考えです ヒトも自宅集合と決めてます にゃんずは大切な家族 預かりっ仔や乳飲み子も同じく大切な家族なので『置いていく』とか有り得ません」\n「私も同じよ 一緒に避難しても良い結果になるとは思えないし、一人だけ助かりたいとはあり得ない」\n「私もどこへも行かないと迷うこともなく決めてます 家族も絶対お家に集合って決めてます 家の中にも外にもニャンズがいますからね」\n「はじめまして 3ニャンの母さんです 私も同じ気持ちです 『母さんは命をかけて君たちを守るからね』としつこく話してます 避難所も行くのは無理だとおもってます 同じ気持ちの方がいらっしゃるのが嬉しいです」\n\n多くの人たちから「私も同じ」と共感を呼んだ投稿。大地震が起きた時の“備え”と行動とは？ めぐさんに聞きました。\n投稿主は愛知県の知多半島在住、南海トラフ地震想定エリア\n――宮崎・日向灘で8日に起きた震度6弱の地震を受けて発表した南海トラフ地震臨時情報（巨大地震注意）の呼びかけが、先日15日に終了しましたが、大規模地震発生の可能性がなくなったわけではありません。お住まいは海抜3メートルの半島とのことですが。\n\n「私の住んでいるエリアは、愛知県の知多半島の真ん中辺り武豊町に住んでいます。家から海まで歩いて2分、南海トラフ地震が来た場合の予想マグニチュードは5と言われています」\n\n――これまで避難レベルの地震は起きたことはありますか。\n\n「生まれて半世紀以上ここに住んでいますが 避難レベルの地震はありません」\n\n――今回大きな地震が起きたら暮らしている動物たちと「運命を共にする」と投稿したのは？\n\n「たまたま 保護団体の代表の方のポストで地震が来たら、『家猫だけ連れて保護猫は放流』という意見を見て、それはできないと思いポストしました。たとえ預かりの子猫達でも最後まで命を守る義務があると考えております」\n犬猫4匹、ミルクボランティアの子猫、高齢者と暮らす\n――大きな地震が起きた場合の備えとともにどのような行動をとるか、教えてください。\n\n「人用と動物用の水、食料は確保しています。ポストした通り犬1匹と猫3匹、また愛知県動物愛護センターからのミルクボランティアの子猫がいた場合は1から3匹ほど。90歳の高齢者1人、そして主人と娘がおりますが 不在の場合は全てを1人で支えて避難は不可能だと考えています。自宅が3階建てなので 3階に垂直避難を想定しまして、それでも予想を上回る津波が来た場合は最後まで皆と一緒にいて運命を共にするつもりです」\n\n――最近はペットと避難できる避難所を整備している自治体もありますが。\n\n「私が住む武豊町は同行避難は許可されていますが 同居は不可能なため動物だけのスペースを確保してくださるそうです。その場合、1匹ずつのキャリーケースの中での保護となるとかなりのストレスを与えることになります。また投薬やミルクを与える必要があると避難所でのお世話は確実に無理です。人が大変な状況の中で 動物たちに充分な環境を与えられるとは思えません」\n自宅での待機となる覚悟\n――自宅で動物たちと運命を共にする覚悟があるというのは、あらためてその思いをお聞かせください。\n\n「うちの場合、車椅子での高齢者や犬、猫、災害グッズを持っての移動はほぼ不可能です。高台への移動も車では渋滞を招くだけだと思います。巨大地震が起きて 町の中の状況も混乱している中、自分の家の都合で周りの方々に迷惑はかけられません。そうなるとやはり、自宅での待機となる覚悟です」\n\n――投稿に対して、共感のコメントがたくさん寄せられました。\n\n「私のポストに対するリポスト、コメントを見ていただくと分かりますように、ペットは今ではご家族さまにとって家族の一員です。災害が来たとき、見捨てて自分だけ助かろうと思っている方は少ないと感じます。また仮に助かったとしても、避難所での苦痛が少しでも少なくなるように考える余裕のある時に行政の方々にはシステムを構築しておいていただきたいですね」\n\n南海トラフ地震臨時情報（巨大地震注意）の呼びかけが終了しましたが、大規模地震発生の可能性がなくなったわけではなく、私たちはこれから来るかもしれない地震に備えなければなりません。動物と暮らしている方々はぜひめぐさんのように“備え”、そしてどのように行動するのか、いまいちど考えていただけたら幸いです。\n\n（まいどなニュース特約・渡辺 晴子）\nまいどなニュース,['https://newsatcl-pctr.c.yimg.jp/t/amd-img/20240831-11567027-maidonans-000-29693150-view.jpg?pri=l&w=480&h=640&exp=10800'],"['https://news.yahoo.co.jp/articles/ec9e2c56e450f59c1b485623c0aa7e02b14ce255/images/000', 'https://maidonanews.jp/article/15391823?p=28753570&ro=15391823&ri=0']"
「阪神甲子園駅」は阪神のものではなかった！？　意外な所有者が一部を賃貸…その知られざる事情とは（まいどなニュース）,https://news.yahoo.co.jp/articles/9c5e9c1c8735d4857249e492de7f8a2912200c10,https://newsatcl-pctr.c.yimg.jp/t/amd-img/20240831-11567001-maidonans-000-29693097-view.jpg?exp=10800,2024-08-31T08:32:07+09:00,2024-08-31T10:29:10+09:00,まいどなニュース,maidonans,まいどなニュース,1225,\n神戸高速鉄道元町～西代間の運営は阪神が行う\n阪神甲子園球場の最寄駅、阪神の甲子園駅。阪神本線の主要駅であり、阪神タイガースファンを多く見かける駅でもあります。そんな阪神のシンボルともいえる甲子園駅ですが、実は一部とはいえ、阪神の持ち物ではないのです。一体、どういうことでしょうか。\n【写真】大屋根が取り付けられ、リニューアルされた阪神甲子園駅\n甲子園駅の持ち主は神戸高速鉄道\n先に結論を書くと甲子園駅の駅施設の一部を保有しているのは神戸高速鉄道です。神戸高速鉄道は神戸市などが出資する第三セクターの鉄道会社です。主な事業は、第三鉄道事業者として、阪急神戸三宮～高速神戸間、元町～西代間、新開地～湊川間の鉄道設備の保有です。\n\n論より証拠、「令和5（2023）年度神戸高速鉄道事業概要」にある事業概要には「阪神電鉄岩屋・春日野道・尼崎・武庫川・神戸三宮・甲子園……の各駅において、当会社が保有する施設の賃貸を行った」と書いてあります。そして、同書類にある「神戸高速鉄道路線図」には甲子園駅は「駅施設の一部を保有する駅」になっています。\n\nこのように、一部とはいえ阪神は甲子園駅を「所有していない」ことになります。\n神戸高速鉄道所有の理由は補助金\n神戸高速鉄道が所有する最大の理由は国からの補助金です。甲子園駅は2017年にリニューアル工事を終え、白球や球児のユニフォームをイメージした大屋根が取り付けられました。\n\nこのリニューアル工事の事業主体は阪神ではなく、神戸高速鉄道でした。現在、神戸高速鉄道は阪急阪神ホールディングスの子会社でもあります。\n\n当然のことながらリニューアル工事には多額の費用が発生します。そこで、活用したのが国の「鉄道駅総合改善事業費補助」制度です。\n\nところが、この制度はダイレクトに鉄道事業者が受け取れませんでした。公益性を配慮し、受け取れれたのは「駅の改良整備・保有を業務とする第三セクター」だったのです。現在は第三セクターを介さずに鉄道事業者が受け取れるようになっています。\n\nそのため、第三セクターの神戸高速鉄道が事業主体となり、補助金を受け取れた、というわけです。\n\n阪神は神戸高速鉄道からの委託という形で工事を引き受け、リニューアル工事の完成へと至った、というわけです。\n\n現在もリニューアル工事後の施設は神戸高速鉄道が保有し、阪神に貸しています。このような図式は甲子園駅だけでなく、尼崎駅のリニューアル工事もこの形式を取り入れました。\n\n興味深い例ですと、阪急西宮北口の改良工事の事業主体は第三セクターの北大阪急行電鉄です。北大阪急行電鉄は昔から阪急の子会社なので、事業主体になるのも納得といった感じです。\n\n今までの改良工事、リニューアル工事も調べると、興味深い事例がわかるかもしれません。\n\n（まいどなニュース特約・新田 浩之）\nまいどなニュース,['https://newsatcl-pctr.c.yimg.jp/t/amd-img/20240831-11567001-maidonans-000-29693097-view.jpg?exp=10800'],"['https://news.yahoo.co.jp/articles/9c5e9c1c8735d4857249e492de7f8a2912200c10/images/000', 'https://maidonanews.jp/article/15407387?p=28788188&ro=15407387&ri=0']"
「おいおい嘘だろ上高地でコレはないでしょ」美しい登山道に捨てられた大量のゴミ　悪化する登山客のマナーに頭を抱える関係者（まいどなニュース）,https://news.yahoo.co.jp/articles/f90cd06540599055d21e370933b96b0d0881919e,https://newsatcl-pctr.c.yimg.jp/t/amd-img/20240831-11566992-maidonans-000-1-view.jpg?exp=10800,2024-08-31T08:02:10+09:00,2024-08-31T08:02:10+09:00,まいどなニュース,maidonans,まいどなニュース,929,\n美しい登山道に…ゴミ！？\n「おいおい嘘だろ上高地でコレはないでしょ。こんな素晴らしい場所で何でこんな事できるんだよ…」とXに投稿したのは、いーぬい@山ごはん屋さん（@iinui88）。美しい登山道に大量のゴミが捨ててある写真が掲載されていました。\n【写真】美しい登山道にこんなにもゴミが…\nいーぬい@山ごはん屋さんにお話を聞きました。\n\nーーここは登山道ですか？\n\n「はい、登山道で、登山をしない人でも散策する道です」\n\nーー発見時、どんな気持ちになりましたか？\n\n「非常に悲しい気持ちになりました。どんな場所でもポイ捨ては許されませんが、こんなに素晴らしい場所で見つけると、より一層ショックです。」\n\nーー登山客のマナーが悪化しているのでしょうか？\n\n「登山客なのか観光者なのか、また日本人か外国人かは不明ですが、自然を愛する人ならこんなことはできないはずです。交通手段の普及でアクセスが容易になったことも影響していますが、結局は自然を敬う気持ちが欠けていることが原因だと思います」\n\nーー解決策としてはどのようなものが考えられますか？\n\n「一時的には行政の介入が有効かもしれませんが、根本的には自然教育の充実が必要です。子どもたちに自然の大切さを教えることが重要であり、それによって未来の問題を未然に防ぐことができると思います。教育機関への投資を増やし、自然を愛する心を育むことが解決への第一歩です」\n\n投稿を見た人からは、「もう人間は性悪説で考えるしかない。残念で仕方ない」「立ち入り禁止にした方が良いのでは」「富士山のようにお金を取るべき」という意見が寄せられ、「いいね」は2.9万件にもなりました。\n\nいーぬいさんは、「ゴミ回収しましたが、これから登山なので持って登るのも厳しいと思い、ビジターセンターに相談したら快く引き取ってくださいました。野生のサルやクマだっているのに...。ヨソに迷惑かけなければ何やってもいいと思いますが、ゴミと命だけは何が何でも絶対に持ち帰るべきと思います」と締めくくり、自然環境保護の重要性を強調しました。\n\n（まいどなニュース特約・渡辺 陽）\nまいどなニュース,['https://newsatcl-pctr.c.yimg.jp/t/amd-img/20240831-11566992-maidonans-000-1-view.jpg?exp=10800'],"['https://news.yahoo.co.jp/articles/f90cd06540599055d21e370933b96b0d0881919e/images/000', 'https://maidonanews.jp/article/15406286?p=28783136&ro=15406286&ri=0']"
サッカーコート約5個分の畑が愛の現場…スキーインストラクターから、富良野の巨大メロン農家へ　夫のトラクター操作姿に、4カ月目の新婚妻は胸キュン（まいどなニュース）,https://news.yahoo.co.jp/articles/543f0e1bec0545b596ec2932883b51176f6dee6a,https://newsatcl-pctr.c.yimg.jp/t/amd-img/20240831-11566971-maidonans-000-29692585-view.jpg?exp=10800,2024-08-31T06:40:18+09:00,2024-08-31T06:48:23+09:00,まいどなニュース,maidonans,まいどなニュース,1380,\n（C）ABCテレビ\nお笑い芸人の藤井隆さんとタレントの井上咲楽さんがMCを務めるABCテレビの「新婚さんいらっしゃい！」。明日1日の放送は、北海道の中央部、富良野からお届けします。MCの2人が訪れたのは、後ろに立派な富良野メロンがズラリと並ぶ大きな倉庫。こちらは夫の実家で、面積はサッカーコート約5個分、ビニールハウス40棟もの巨大メロン農家です。年間収穫量は1万5千個にも上るそうです。\n【写真】こんなトラクターに乗ってます！\n道内西部の倶知安町出身の妻は、農家に来てまだ4カ月。もともと妻は保育士をしながら、冬はスキーのインストラクターを務め、「基礎スキー」の大会にも出場していました。「基礎スキー」とは、速さを競うアルペンスキーとは違い、滑りの美しさや正確さを競う採点競技です。当時の映像が流され、MCの2人も「かっこいい！」と大興奮します。\n\n一方の夫もスキー用具のチームに所属しており、あとから入ってきた妻と8年前のスキー合宿で出会ったといいます。「スキーをしていると普段より3割増で目が開いてかっこいい」という夫の映像も公開され、難しいコースを楽しそうに滑る姿に目を奪われます。\n\n2人はチームメイトとなり、夫はとても明るい妻に対し心惹かれていたものの、恋の発展もないまま5年の月日が過ぎました。しかし、ある日、急接近する出来事が起こります。\n\nやがて夫妻は、後輩2人と4人で富良野に集まり、プライベートでスキーを楽しむことに。せっかくだからと夫妻がフォーメーションで滑ってみた際の映像は、まさに感動ものです！打ち合わせなしの即興とは思えない息ピッタリの滑りに、夫の心はさらに踊ります。\n\nその後、後輩の2人は帰りましたが、遠方から車で来ていた妻は富良野で1泊することに。「ごはんでも行こうか」と夫が誘ってハシゴし、楽しい時間を過ごします。しかし深夜0時を過ぎ、眠気の限界に達した妻をホテルに送り届けた夫が、そのまま帰るかと思いきや、驚きの一言を放ってトンデモない展開に…！\n\n長距離運転とスキー三昧で疲れ果てた妻は、冷静な判断ができず、翌日、帰宅してから夫に電話し、前日の出来事を確認しました。1日中悶々としながら農作業をしていた夫でしたが、どうにか晴れて交際がスタートしました。\n\nそれから2年が経ち、結婚を意識するにつれ、夫にはある心配事が…。夫の農家は家族経営。できれば妻にも農作業を手伝ってもらいたい。昨年3月、おそるおそる「うちで農作業体験してみない？」と誘ってみたところ、妻からは意外な反応が…！\n\n今や大戦力となった妻の働きぶりを見るとともに、MCの2人は富良野メロンを実食！鮮やかな赤肉は、夕張メロンに負けない味の濃さです。農協の出荷基準は糖度13～14度だそうですが、提供されたものは16度以上にものぼり、2人も「あま～い！」と大感動です。\n\n今は一緒に農作業しているときが幸せだと妻は言います。なかでもトラクターに乗っているときは目が5割増で開く夫の姿が好きだそうです。そんな愛の現場を、出張収録ならではの徹底検証。トラクターに乗る夫に要注目です！\n\n ◇ ◇\n\n【新婚さんいらっしゃい！】ABCテレビ 8月18日(日) 午後 0:55 ～ 午後 1:25\nまいどなニュース,['https://newsatcl-pctr.c.yimg.jp/t/amd-img/20240831-11566971-maidonans-000-29692585-view.jpg?exp=10800'],"['https://news.yahoo.co.jp/articles/543f0e1bec0545b596ec2932883b51176f6dee6a/images/000', 'https://maidonanews.jp/article/15408977?p=28788325&ro=15408977&ri=0']"
中3から続けた「分からない単語は即スクショ＆メモ！」で国語力が劇的向上　大学生の読書習慣が話題に（まいどなニュース）,https://news.yahoo.co.jp/articles/3f3e8353899d5ddc8fe2d7d973b3ca0e17efd0ad,https://newsatcl-pctr.c.yimg.jp/t/amd-img/20240831-11566984-maidonans-000-1-view.jpg?exp=10800,2024-08-31T07:30:07+09:00,2024-08-31T07:30:07+09:00,まいどなニュース,maidonans,まいどなニュース,990,\n国語力爆上がりしそうな読書時の習慣が話題に\n国語力が爆上がりしそうな読書時の習慣がSNS上で大きな注目を集めている。\n\n「中3の頃から、本を読んで出てきた知らない言葉をメモしている。\n今日、その雑記帳を使い終えた。\n次は何に書こうか、迷う時間も愛おしい。」\n【写真】実際に「分からない単語」を書きこんでいた雑記帳\nとその模様を紹介したのは現在大学生のおひるねさん（@takeanapwithme）。\n\n分からない単語が出てきたらすぐに意味を調べてスクショ。それを時間ができた時に書き写してゆき、とうとう一冊の雑記帳が満杯になったということだ。\n\nおひるねさんにお話を聞いた。\n\nーーこの習慣をはじめたのは？\n\nおひるね：きっかけは漢字への苦手意識です。一時期海外に住んでいたことや、病気の治療で学校に通えなかったことで、もともと得意だった漢字が苦手になってしまったと感じたのが中学生の頃で、少しでも改善につながればと思い始めました。\n\nーーこの習慣になって良かったと思うことは？\n\nおひるね：大学受験の時期には、国語が得意科目になっていました。また、今は塾講師のバイトをしているのですが、言葉の意味を聞かれた時にスラスラと答えられるのも、この習慣のおかげかなと思っています。\n\nーー投稿への反響について。\n\nおひるね：読書垢の皆さんに見ていただけることを期待して投稿したものでしたが、読書の界隈を超えて、沢山の方に見ていただいているようです。バズってしまったら批判もあるのではないかと思いましたが、お褒めの言葉を沢山いただけて嬉しいです。\n\n ◇ ◇\n\n筆者が10代の頃はスマホ等のスクショ機能は無かったが、本を読んでいてわからない言葉があるとおひるねさんのように逐一辞書で調べたものだった。お陰でなんとか物書きや作詞の仕事ができているので、個人的な経験からもおススメできる習慣だ。\n\n現在、国家公務員を目指して勉強中というおひるねさん。「国際的な仕事ができるよう、大学生の間から経験を積んでいければと考えています」ということだったが、きっとこの習慣で培った国語力は国際的な仕事をする上でも役立つはず。がんばって夢をかなえていただけるよう期待したい。\n\n（まいどなニュース特約・中将 タカノリ）\nまいどなニュース,['https://newsatcl-pctr.c.yimg.jp/t/amd-img/20240831-11566984-maidonans-000-1-view.jpg?exp=10800'],"['https://news.yahoo.co.jp/articles/3f3e8353899d5ddc8fe2d7d973b3ca0e17efd0ad/images/000', 'https://maidonanews.jp/article/15408006?p=28786376&ro=15408006&ri=0']"
