headline,mainEntityOfPage,image,datePublished,dateModified,author,media_en,media_jp,str_count,body,images,external_links
ブラジル戦の勝利は「ナシにしたほうがいい」サッカー北中米W杯“グループステージ”激戦の可能性をレジェンドOBたちが熱弁（ABEMA TIMES）,https://news.yahoo.co.jp/articles/3b6f3081bf7d394b22aa0a72ad4aaf08916f002e,https://newsatcl-pctr.c.yimg.jp/t/amd-img/20251219-10214963-abemav-000-1-view.jpg?exp=10800,2025-12-19T22:30:34+09:00,2025-12-19T22:30:34+09:00,ABEMA TIMES,abema,ABEMA TIMES,797,"柏木陽介（左）と柿谷曜一朗
12月14日放送の『ABEMAスポーツタイム』に、サッカー日本代表OBの柿谷曜一朗と柏木陽介が出演。コメンテーターの槙野智章と共に、森保ジャパンが戦う「グループF」について喧々諤々のガチンコ予想トークを繰り広げた。
【映像】日本代表が戦う「グループF」試合日程
番組では過去最多の48チームが出場し、うち32チームが決勝トーナメントに進出するサッカー北中米W杯について特集。チーム数の増加に伴う戦術の変化などについて槙野らが解説する中で、もし森保ジャパンがグループFを勝ち抜いた場合に決勝Tで“当たるかもしれない”チームにも話題が及んだ。

森保ジャパンがグループFを1位か2位で突破した場合、決勝TはグループCの1位か2位のチームと対戦することになる。グループCは強豪ブラジルの上位勝ち抜けが確実視されており、今年10月の歴史的勝利から間を置かずに再戦となる可能性は高い。

同じくグループCのモロッコと対戦する可能性も高いが、柿谷は「ブラジルとはまだ当たりたくないでしょ！」としつつも、「とはいえモロッコも……」と隠れた強豪国を警戒。ここで槙野が「でもブラジルには勝ちましたからね」と振ると、柿谷は「あれはナシにしたほうがいいと思う」と、決してフルメンバーとは言えなかったブラジルの真の怖さを強調した。

そんなブラジル代表の中でも警戒すべき選手として、槙野と柿谷はレアル・マドリード所属のヴィニシウスとロドリゴを挙げる。柿谷が「監督がアンチェロッティになってから、彼らの代表チームでの守備力の高さがすごい」と感嘆するように語ると、現代表には疎いという柏木も「名前が知られていない選手も巧い。まだ（大会までに新しい選手が）出てくるから、それのほうが怖い」と、情報量の少ない選手にも警戒すべきと熱弁した。
（ABEMAスポーツタイム）
ABEMA TIMES編集部",[],[]
ヒカル（34）・進撃のノア（30） 離婚を発表（ABEMA TIMES）,https://news.yahoo.co.jp/articles/bdda1147e2e5fe87002b847e7ba687aff785327e,https://newsatcl-pctr.c.yimg.jp/t/amd-img/20251219-10215483-abemav-000-1-view.jpg?exp=10800,2025-12-19T21:45:32+09:00,2025-12-19T21:45:32+09:00,ABEMA TIMES,abema,ABEMA TIMES,602,"ヒカル／進撃のノア
5月に結婚を報告した、人気YouTuberのヒカルと進撃のノアが19日、離婚したことを報告しました。
【映像】ノア「旦那として向いていないな。最下層」
ヒカルとノアは、この日投稿した動画に2人で登場し、「まず結論から言いますと、離婚しました。最初から最後まで、僕がずっとかき乱し続けて、ちゃぶ台をひっくり返し続けた結果、こうなりました。リアルに僕が自分勝手に生きた結果、こうなっているので」と、離婚理由を説明したヒカル。

　ノアは「（自分とヒカルは）結婚は向いてない、多分。うちら親友ぐらい。でも後悔はしてない。ヒカルくんはYouTuberとしては、仕事としてはめっちゃすごいし誰よりも尊敬しているけど、旦那として向いていないな。最下層」と、コメントしています。

　「難しいなって思いましたね、結婚って。0日婚って良くないなって思いましたね」と、振り返っているヒカル。

　この動画に「いつかは離婚するとは思ってたけど早すぎて」「だからヒカルくんは結婚向いてないって」「1ミリも驚かなかった」などのコメントが寄せられています。

　5月31日に結婚を発表したヒカルとノア。0日婚や「夫婦がお互いの合意のもとで、配偶者以外の異性との性交渉や恋愛関係を認め合う結婚の形」を指す、オープンマリッジ宣言などが話題になりました。（『ABEMA NEWS』より）
ABEMA TIMES編集部",[],[]
「いま考えると何がおもろいん？（笑）」サッカーU-20“調子乗り世代”の歴代ゴールパフォーマンスを振り返る「俺は“作品”って呼んでる」（ABEMA TIMES）,https://news.yahoo.co.jp/articles/8c77f1f73a495d36feb947313664888b5fd940e0,https://newsatcl-pctr.c.yimg.jp/t/amd-img/20251219-10214968-abemav-000-1-view.jpg?exp=10800,2025-12-19T21:30:38+09:00,2025-12-19T21:30:38+09:00,ABEMA TIMES,abema,ABEMA TIMES,745,"柏木陽介
12月14日放送の『ABEMAスポーツタイム』に、サッカー日本代表OBの柿谷曜一朗と柏木陽介が出演。コメンテーターの槙野智章と共に、“調子乗り世代”と呼ばれた2000年代サッカーU-20日本代表の「ゴールパフォーマンス」について爆笑トークを繰り広げた。
【映像】カオスすぎる…新ゴールパフォ実演
番組では今月共に引退試合を行う柿谷と柏木を迎え、盟友の槙野とともにW杯について熱いトークを展開。そして、21日に開催が迫る柏木の引退試合について、柏木と槙野はかつて日本サッカーを牽引した“調子乗り世代”ということで、現役時代の「懐かしのゴールパフォーマンス」を振り返ることに。

スタジオでは、サッカーファンの間では有名な“ビリーズブートキャンプ”をはじめ、相撲、ダンス、釣り、弓矢など、バラエティ豊かなパフォーマンスの瞬間を捉えた写真をズラリ紹介。2人の一つ下の世代になる柿谷は、「あれの後、僕らはU-17のW杯で“さあこいつらは何をやんねん？”っていう目で見られて、なんにもできんかった！」と恨み節をぶつけた。

一方、その渦中にいた柏木だが「弓矢とビリーに関しては、槙野さんが全然教えてくれなくて、僕は乗り遅れたのでよく分からずやってます」と証言。「相撲とかも、いま考えると何がおもろいん？ ってなる」と冷静にツッコみ、スタジオの笑いを誘った。

さらに柏木が、これらのパフォーマンスを考案したのは「100（％）槙野です」と明かすと、槙野は「懐かしい〜！ 」と言いつつ爆笑。柏木の引退試合でのゴールパフォを考案しようという流れになると、槙野は「ゴールパフォは団体芸。俺は“作品”って呼んでるんで」とドヤ顔で語っていた。
（ABEMAスポーツタイム）
ABEMA TIMES編集部",[],[]
壬氏が嫉妬で“闇落ち”!?猫猫を見張るイケメン宦官の姿がホラーすぎたアニメ「薬屋のひとりごと」（ABEMA TIMES）,https://news.yahoo.co.jp/articles/26224f282d8db4f968d8c08fe7348de0444efc7d,https://newsatcl-pctr.c.yimg.jp/t/amd-img/20251219-10215451-abemad-000-1-view.jpg?exp=10800,2025-12-19T21:30:38+09:00,2025-12-19T21:30:38+09:00,ABEMA TIMES,abema,ABEMA TIMES,861,"「薬屋のひとりごと」19話場面カット
嫉妬のあまりイケメン宦官の壬氏（CV：大塚剛央）から、どす黒いネガティブオーラが……！アニメ「薬屋のひとりごと」で、猫猫（CV：悠木碧）と武官の李白（CV：赤羽根健治）の親しげな様子を見つめる壬氏が、ホラー感満載だった。
【映像】「楽しそうだな……」絶世の美男子が負のオーラ全開（6分57秒ごろ〜）
第19話では、猫猫と李白が複数の事件や事故について話し込んでいた。猫猫の推理を聞くと、李白は「お前は見た目によらず賢いな！」と豪快に猫猫の肩を叩く。すると、どこからか「楽しそうだな……」という小さな声が聞こえてきた。

　声の方向には、柱の陰からうらめしそうな表情で2人を見つめる壬氏がいた。嫉妬心丸出しで、周囲にはどんよりとした負のオーラが漂っている。普段のキラキラとした笑顔がない壬氏を見ると、李白はギョッとして「では！俺はこれで！」と慌ただしく去って行った。その後も、壬氏は「あの武官とはずいぶん仲が良いようだな」と猫猫に対して機嫌が悪かった。

　ヤキモチを焼いて不機嫌な壬氏が、「壬氏さまwwwwホラーだよwwwww」「猫猫が他の男と話してるだけで、妖怪みたいになる壬氏」「かわいすぎかよw」と視聴者の笑いを誘っていた。

　「薬屋のひとりごと」は、日向夏氏による同名のライトノベルが原作のアニメ作品。月刊誌2誌でコミカライズもされている大ヒット作だ。後宮で“毒見役”として働くことになった猫猫による推理劇や、猫猫と壬氏とのコミカルなやりとりなどが人気を博し大きな話題となった。TVアニメは第2期まで放送されており、第3期は2026年10月からと2027年4月からの分割2クールでの放送が発表されているほか、2026年12月にはシリーズ初となる劇場版も公開予定だ。2025年11月からTVアニメ「薬屋のひとりごと」展のアジア各都市への巡回が開催されるなど、世界中で人気が高まり続けている。

（C）日向夏・イマジカインフォス/「薬屋のひとりごと」製作委員会
アニメフリークス",[],[]
勝ち確定と思いきや…李牧の思いもよらない一撃に「対処できんわ」アニメ「キングダム」第6シリーズ11話（ABEMA TIMES）,https://news.yahoo.co.jp/articles/ba0e1b54835d51703f8608085f41d593452b4141,https://newsatcl-pctr.c.yimg.jp/t/amd-img/20251219-10215403-abemad-000-1-view.jpg?exp=10800,2025-12-19T21:12:16+09:00,2025-12-19T21:12:16+09:00,ABEMA TIMES,abema,ABEMA TIMES,883,"アニメ『キングダム』
アニメ「キングダム」第6シリーズ第11話が12月13日より順次放送中。天才軍師・李牧（CV：森川智之）が仕掛けた“あまりに予想外な奇襲”に、多くの視聴者が「急に目の前にいるのは対処できんわ」「この急展開何!?」と戦慄した。
【映像】気づいたら“目の前”にいた！李牧の圧倒的スピード（9分24秒ごろ〜）
第11話「必殺の別働隊」では、蒙恬（CV：野島裕史）や信（CV：森田成一）たち秦国側が、敵の紀彗（CV：石井康嗣）を追い詰めた。しかし李牧がいきなり現れたことで事態が急変。李牧は戦いに参加するやいなや、秦国の将軍・麻鉱（CV：松本大）の首を剣で一突きした。さらに反撃しようとした麻鉱の腕も斬り落とし、彼を自ら討ち取った。

　李牧の電光石火の攻撃はインパクト抜群だったようだ。ネット上に「この急展開何!?」「急に目の前にいるのは対処できんわ」「李牧思ってたより戦闘能力バカ高いしこういう戦い方するんだ？」と衝撃が走った。

　アニメ「キングダム」は、累計発行部数1億2000万部突破の原泰久氏による大人気漫画が原作。春秋戦国時代の中国を舞台に、天下の大将軍を目指す少年・信と、後の始皇帝となる若き王・エイ政（CV：福山潤）の活躍を描く大河ロマンだ。TVアニメは2012年から第1シリーズが放送されて、2024年に公開された実写映画第4弾「キングダム 大将軍の帰還」は、興行収入80億円を記録した。

第11話「必殺の別働隊」
【あらすじ】
乱戦の中、麻鉱軍と楽華隊の間を抜け、信率いる別働隊が紀彗軍本陣を急襲。紀彗を追い詰めるもその時、李牧自らが“必殺の別働隊”として現れたことで戦いの流れが変わる！思いもよらない李牧の一撃により総崩れの危機に陥る麻鉱軍。蒙恬率いる楽華隊と合流した信たちは蒙恬の指揮の下、麻鉱軍の戦力を復活させ軍の崩壊を食い止めるための策に打って出る！
共闘する楽華隊と信たちは麻鉱軍の窮地を救い敗戦の流れを回避できるのか!?

※エイ政の「エイ」は環境依存文字
（C）原泰久/集英社・キングダム製作委員会
アニメフリークス",[],[]
新人レスラー、異例の“ポロリ”パフォーマンス…「歯が抜けた！レフェリー預かって！」衝撃行動にファン騒然「逸材すぎる」（ABEMA TIMES）,https://news.yahoo.co.jp/articles/3dfb26950bdce0610dcab0b839be70c2a2a357e2,https://newsatcl-pctr.c.yimg.jp/t/amd-img/20251219-10215384-abema-000-1-view.jpg?exp=10800,2025-12-19T21:00:39+09:00,2025-12-19T21:00:39+09:00,ABEMA TIMES,abema,ABEMA TIMES,1071,"シャイロ・ヒル
「歯が抜けちゃったので預かってくれよ…」海外リングで狂気的な“歯抜け”パフォーマンスを披露し、一躍お笑いポジションを確保した規格外の新人レスラーが注目を集めている。
【映像】新人レスラー、衝撃の“ポロリ”パフォーマンス
WWEの第3ブランドNXT公式アカウントが投稿した新人レスラー、シャイロ・ヒルの“歯抜けギミック”動画が話題となっている。

　激闘の最中、リング上で口を大きく開き、指を歯茎に当てて前歯をポロリと外すと不気味な笑顔。試合中のアクシデントではなく、アピールのために仕込んだネタなのは明らかだが、狂気的な笑いを爆発させながら、レフェリーに歯を預けるという驚きの行動に出る。戸惑うレフェリーは置き場に困り、おもむろにポケットへ仕舞い込む。何とも気の毒な一部始終が動画に収められている。

　この独特のパフォーマンスに対し、公式も「唯一無二」と煽って投稿。デビューから日が浅い新人に対する異例の”劇プッシュ”として受け止められ、ファンの間で大きな反響が広がっている。

　12月9日（日本時間10日）のNXTでデビュー戦に臨み、レクシス・キングに勝利。長髪、上半身裸、タトゥー入りというビジュアルに加え、「歯が抜けた」と笑顔を浮かべる特徴的なギミックでファンの度肝を抜いた。

　投稿に対する反応は賛否両論。「シャイロはNXTに降臨したレスラーの中で、ぶっちぎりで最強の逸材だぜ！！」や「あいつはまじでオンリーワン。歯抜け新時代の幕開けキター！！」「さあ来いよ「歯ナッシング・アグレッション」時代突入だあああ！！！！」と熱烈な支持を示す声がある一方で、「このネタは不衛生すぎるわ」「ヒールとしての脅威が不足している」や、（90年代に「悪の歯医者」のギミックで一世を風靡した）「アイザック・ヤンケムの劣化版」など辛辣な声も出ており、意見は真っ二つとなっている。

　NXTはこれまでも独自の個性派レスラーを数多く生み出してきたが、リアリティ番組「LFG（Legends ＆ Future Greats）」シーズン2で優勝し、NXTとの契約を手にした成り上がりストーリーも含め、シャイロ・ヒルへの関心は高まっている。今後も“歯抜け”パフォーマンスを継続するか、またどのような立ち位置で活躍するかは現時点で明らかではない。しかし、独特のキャラとネタ投下により、デビュー初戦からファンに大きなインパクトを残したようだ。

Ⓒ2025 WWE, Inc. All Rights Reserved
ABEMA TIMES編集部",[],[]
「大きさが違いすぎる」次世代スター巨漢女子が“年齢不詳”美女レスラーを蹂躙…圧倒的体格差にファン同情（ABEMA TIMES）,https://news.yahoo.co.jp/articles/85b5ac979e25aa7a803307ba6d9468f1e88ba8aa,https://newsatcl-pctr.c.yimg.jp/t/amd-img/20251219-10215415-abema-000-1-view.png?fmt=jpeg&q=85&exp=10800,2025-12-19T20:30:40+09:00,2025-12-19T20:30:40+09:00,ABEMA TIMES,abema,ABEMA TIMES,880,"さすがの体格差に、実力者アレクサ・ブリス（写真右）も大苦戦
【WWE】SMACK DOWN（12月12日・日本時間13日/ペンシルバニア・ウィルクスバリ）
【映像】巨漢女子レスラーが“年齢不詳”美女レスラーにやりたい放題
さすがの体格差に、実力派も歯が立たなかった。身長180cmを誇る新星がビッグネームから大金星を奪い、ファンが騒然としている。

　注目を集めているのは身長180cmを超えるビッグウーマンのラッシュ・レジェンド。WWE参戦以前は元バスケットボール選手として活躍し、WNBA挑戦経験も持つ異色の経歴の持ち主だ。2021年にWWEと契約すると、WWEの第3勢力「NXT」を主戦場にキャリアを積み、圧倒的な身体能力とパワーファイトで急成長を遂げてきた。

　特に近年はリング上での存在感が増しており、持ち前のサイズを活かしたラフな攻撃に加え、スピードや表現力も向上。「SMACK DOWN」昇格後は「次世代のモンスター候補」として脚光を浴びている。

　そんなラッシュは日本時間12月13日に開催された「SMACK DOWN」で前WWEタッグチーム王者のアレクサ・ブリスと対戦する。ラッシュは試合序盤から圧倒的なフィジカルを発揮。軽々と相手を持ち上げるパワームーブを連発すると、最後は迫力満点のフィニッシャーでフォール勝ちを収めた。高い人気を誇るアレクサを相手に、パートナーのナイア・ジャックスのアシストもありながらも完勝と言える一戦となった。

　規格外の体格とパワーで元王者をねじ伏せる姿に会場は騒然。ファンからは「大きさが違いすぎる」「パワーが異次元」「完全に別次元のフィジカル」「アレクサが吹っ飛ばされた」といった反応が相次ぎ、ラッシュの存在感に驚く声が続出。女子戦線に新たな脅威が現れた瞬間として、大きな反響を呼んでいる。

　スター選手を相手にインパクト十分の勝利を挙げたラッシュ。女子部門の勢力図を塗り替える存在となるのか、今後の動向から目が離せない。

（ABEMA/WWE『SMACK DOWN』）
ABEMA TIMES編集部",[],[]
元チアの美女レスラー、驚異の身体能力 「そこからそんな返し方…？」で会場沸かす（ABEMA TIMES）,https://news.yahoo.co.jp/articles/cd19b8d9b3afd1bb7fd60690f14fc0c12898bc6f,https://newsatcl-pctr.c.yimg.jp/t/amd-img/20251219-10215481-abema-000-2-view.jpg?exp=10800,2025-12-19T20:12:17+09:00,2025-12-19T20:21:17+09:00,ABEMA TIMES,abema,ABEMA TIMES,1178,"マキシンを締め上げるアイビー・ナイル
【WWE】RAW（12月15日・日本時間16日/ペンシルバニア・ハーシー）

　元チアリーダー出身の美人レスラーが、突如として覚醒。「秒でタップする」気弱なキャラを返上し、大技ドラゴン・スリーパーを“身体能力全振り”の荒業で回避。斜め上すぎる攻略法に、ファンからは「すげえ」「前は即タップしてたのに…」と驚きの声が相次いだ。
【映像】元チアの美女レスラー、驚異の身体能力
WWE女子インターコンチネンタル王者マキシン・デュプリが、防衛戦で実力派パワーファイターのアイビー・ナイルと対戦。長年格上と見られてきた相手に対し、猛特訓の成果を感じさせる独創的なムーブを連発し、タップアウトによる劇的な王座防衛を果たした。

「あなたも特訓したかもしれないけど、私は昔からずっと猛特訓している！」。ゴングと同時に、アイビーがジェラシー混じりの怒りを爆発させ、序盤から圧倒的なフィジカルで主導権を握る。

　マキシンはマウントパンチや場外でのジャーマン・スープレックスを浴び、防戦一方の展開が続く。しかし中盤、見事なブリッジを描くフィッシャーマンズ・スープレックスや、シットアウト式パワーボムで反撃。これまで隠れていた身体能力が、大技とともに次々と明らかになっていく。

　最大のハイライトは終盤、アイビーのドラゴン・スリーパーを浴びた場面だ。かつては極められた瞬間にタップアウトしていた因縁の技だが、ここでマキシンは倒立気味に身体を持ち上げ、頭部を支点に回転。そのままヘッドシザーズで脱出し、落下と同時にパイルドライバー気味に突き刺すという荒業を敢行した。

　このシーンについて、ABEMA解説・週刊プロレスの井上光記者は「逆上がりヘッドシザーズ・ホイップですか。いやぁ、おしゃれな切り返しですね」「パイルドライバー気味にいきましたね」と驚きを隠さない。このムーブにファンからも「新技？」「なんかめっちゃ強くなってる」「すげえマキシン」「ドラゴン・スリーパーで即タップしてたマキシンはもういない」と、過去のイメージを完全に払拭する粘り強さを称える声が続出した。

　斬新な動きはさらに続く。スパインバスターを放った直後、跳ね起きてカメラ目線でドヤ顔からの舌なめずり。自信に満ちたその姿に、井上記者は「スーパー・マキシンじゃないですか！」と、サイヤ人的なパワーワードで絶賛した。

　勢いに乗ったマキシンは、三度にわたるアンクルロックの取り直しから、最後はグレープバインで足を完全に固定。逃げ場を失ったアイビーからタップアウトを奪取した。屈指のグラップラーであるアイビーをサブミッションで仕留めた事実は、マキシンの王者としてのステータスを飛躍的に高める結果となった。（ABEMA/WWE『RAW』）
ABEMA TIMES編集部",[],[]
腕のタトゥーが話題・あいみょん（30）の近影に「アフロになったのかと」「リアルモンチッチ」と反響（ABEMA TIMES）,https://news.yahoo.co.jp/articles/0f4f947a82ae01af09fae78c0bc6e835c4128d3c,https://newsatcl-pctr.c.yimg.jp/t/amd-img/20251219-10215392-abema-000-1-view.jpg?exp=10800,2025-12-19T20:12:17+09:00,2025-12-19T20:12:17+09:00,ABEMA TIMES,abema,ABEMA TIMES,518,"あいみょん
シンガーソングライターのあいみょん（30）が、無邪気なツアー中のオフショットを公開し、反響が寄せられている。
【映像】あいみょんの腕のタトゥー＆「アフロになった」と話題の近影
あいみょんはこれまでにも、Xでライブや番組出演時のオフショットを発信しており、2025年7月16日の投稿では、夏フェスのグッズを紹介するとともに、腕のタトゥーが見える姿を披露。

　「え、あいみょんタトゥーしてるの!?」「タトゥーいれた!?」など、驚きの声が寄せられ、話題になっていた。
あいみょん、無邪気なツアー中のオフショットを公開
あいみょん
12月18日には、全国ツアーの青森公演を終えたことを明かし、無邪気なオフショットを公開している。

「きょうにしかできないライブを一緒につくってくれてサンキー！べりまち！名残惜しさがいとしさに変わるでしょう、と言うことできょうもうまい酒を呑みます。またねん」

　この投稿にファンから、「まじでリアルモンチッチすぎて笑笑笑 可愛すぎて困る」「影がいい感じに髪の毛と一体化してて アフロになったのかと思ったよ」などの反響が寄せられている。（『ABEMA NEWS』より）
ABEMA TIMES編集部",[],[]
ニデック創業者・永守重信氏 代表取締役を辞任（ABEMA TIMES）,https://news.yahoo.co.jp/articles/3223092d57638c9658c9831b3d4766594e03e356,https://newsatcl-pctr.c.yimg.jp/t/amd-img/20251219-10215456-abemav-000-1-view.jpg?exp=10800,2025-12-19T20:09:15+09:00,2025-12-19T20:09:15+09:00,ABEMA TIMES,abema,ABEMA TIMES,307,"永守重信氏
不適切な会計処理が発覚したモーター大手のニデックは、創業者の永守重信代表取締役・取締役会議長が辞任したと発表しました。
　
　ニデックによりますと、辞任は永守氏本人の意向で、19日付で辞任し非常勤の名誉会長に就くということです。永守氏は創業から50年あまり代表取締役を務めてきました。辞任に伴い、取締役会議長には岸田光哉社長が就きます。
　
　ニデックは不適切な会計処理の疑いが相次いで発覚し、自社やグループ会社の経営陣が関与していた可能性も浮上していて、第三者委員会が調査をしています。（ANNニュース）
【映像】不適切な会計処理の疑いが相次いで発覚 第三者委員会が調査
ABEMA TIMES編集部",[],[]
“親子でプール満喫が話題” 紗栄子（39）、15歳の次男と韓国旅行へ 「元旦那様の面影が」「お子さまは2人ともイケメン」と反響（ABEMA TIMES）,https://news.yahoo.co.jp/articles/ecc3270349f770b2e83c9f85185b6e978604b78a,https://newsatcl-pctr.c.yimg.jp/t/amd-img/20251219-10215391-abema-000-2-view.jpg?exp=10800,2025-12-19T20:06:16+09:00,2025-12-19T20:09:15+09:00,ABEMA TIMES,abema,ABEMA TIMES,522,"紗栄子
タレントの紗栄子（39）が、次男が同行した韓国出張の様子を披露。顔出しショットや買い物をする姿に反響が寄せられている。
【映像】紗栄子、顔出し親子ショットや息子たちとプールを満喫する様子
モデルとして活躍する17歳の長男と15歳の次男、2人の息子がいる紗栄子。これまでInstagramで、幼少期の顔出し3ショットや息子たちとプールを満喫する様子を披露してきた。
紗栄子、次男が同行した韓国出張の様子を披露
紗栄子／次男
2025年12月18日の投稿では、「今回の韓国出張は次男も同行。MTGの合間に、いつもは行かないストリートブランドに行ったりして、新鮮な韓国旅行でした」とコメントし、お風呂場でパックを塗ってあげる顔出しショットなどを見せている。

　さらにストーリーズでは、「次男、ジェントルマンに育ってくれていて母はうれしいよ」とつづり、買い物をサポートする姿も投稿している。

　これらの投稿にファンからは、「次男さんも元旦那様の面影が。恋人同士のように仲が良くて、本当にステキな親子で憧れます」「お子さんは2人ともイケメンですな」などのコメントが寄せられている。（『ABEMA NEWS』より）
ABEMA TIMES編集部",[],[]
「頭にピンポン玉が…」ラテン系“デカ女”レスラー、痛々しい巨大たんこぶを公開…襲撃相手にブチギレ「かわいそう」（ABEMA TIMES）,https://news.yahoo.co.jp/articles/a53ae242615e349d1e42dfb0e1d4604f25d1eea3,https://newsatcl-pctr.c.yimg.jp/t/amd-img/20251219-10215385-abema-000-2-view.jpg?exp=10800,2025-12-19T20:00:40+09:00,2025-12-19T20:15:28+09:00,ABEMA TIMES,abema,ABEMA TIMES,1069,"ラケル・ロドリゲス
先週の鉄柱激突の仕返しは「額の大きなたんこぶ」という形で返ってきた。ベテラン女子レスラーが前回の“無様すぎるKO劇”の恨みからラテン美女ヒールを襲撃し、「やられたらやり返す」の無限ループが加速。抗争は激化の兆しを見せている。
【映像】女子レスラーが披露した痛々しい“巨大たんこぶ”
WWE公式Xアカウントが、ラケル・ロドリゲスが額の巨大なたんこぶを押さえながら、“荒ぶる乱入熟女”ニッキー・ベラへの復讐を誓う動画を投稿し、波紋を呼んだ。

　「RAW」最新エピソードで、女子世界王者ステファニー・バッケルとのタイトル戦に臨んだラケルだが、試合途中でニッキーが乱入して大暴れ。ステファニーとラケルの両方に攻撃を加えて試合をぶち壊した。先週は、ニッキーがステファニーに「タイトル再チャレンジ」を直訴していた真っ最中にラケルの奇襲を受け、鉄柱葬で大の字KO。「私はレジェンド」とやたらと功労者ぶるベテランのプライドはズタズタに引き裂かれた。

　今回の乱入劇でも、ニッキーはラケルにハードヒットをかまし、「リスペクトしなさい！」と高らかにアピール。待望のシングルタイトル戦をぶち壊されたラケルは、バックステージで額のこぶが痛々しく映るビジュアルが強烈だ。スペイン語でまくし立てる「怒り心頭モード」で「あんたを終わらせる！」と指を突きつけ宣言。ヒールで強面だが“実はかなりの美人”と定評が高いラケルの額がぷっくりと腫れた“衝撃の絵面”はインパクトが大きく、ファンの間で瞬時に拡散された。

　ファンも驚きとコミカルなツッコミで反応。「かわいそう」「頭にピンポン玉ついてるみたい」 「マジかよ、ラケルの額にデカいこぶできてる！」「OMG！ニッキーにボコボコにやられたな」「復讐達成！ 次はニッキー・ベラに敬意払えよ」とニッキーの仕事ぶりを称賛する煽りコメントが出る一方で、「ラケルの復讐が楽しみだぜ」と、ラケルの倍返しを期待する声も寄せられた。

　先月、ステファニーを裏切ったニッキーの愛憎劇ストーリーラインには決着が付いたはずだが、懲りないレジェンドはタイトル戦の“おかわり要求”を継続した。そこにシングルタイトルに色気を見せたラケルが参入し、三角関係は一気に熱を帯びることに…。”デカすぎるたんこぶ”が来週の「RAW」でどんな具合になっているかも見ものだが、ラケルの復讐宣言は今後のストーリーに大きな影響を与えそうだ。

Ⓒ2025 WWE, Inc. All Rights Reserved
ABEMA TIMES編集部",[],[]
peco（30）、「ryuchellそっくり」と話題の息子・リンクくんとの2ショットを公開 「額から何までミニチェル過ぎる〜」「まって めちゃくちゃでかなってる」反響（ABEMA TIMES）,https://news.yahoo.co.jp/articles/68d2173672dba60e7aa0e5ed02d8fdd2f8c1913b,https://newsatcl-pctr.c.yimg.jp/t/amd-img/20251219-10215388-abema-000-1-view.jpg?exp=10800,2025-12-19T20:00:40+09:00,2025-12-19T20:00:40+09:00,ABEMA TIMES,abema,ABEMA TIMES,623,"peco
タレントのpeco（30）が、7歳の息子・リンクくんとの仲むつまじい親子ショットを公開し、反響を呼んでいる。
【映像】peco、自宅でくつろぐリンクくんと愛犬の姿を公開
これまでもInstagramで、自宅でくつろぐリンクくんと愛犬の姿や、スウェットにデニムを合わせたコーディネートで寄り添う2ショットなど、息子との日常を発信してきたpeco。

　「ryuchellにしか見えない」「一瞬、ryuchellかと思ってびっくりした」などと、話題になっていた。
peco、7歳の息子・リンクくんとの仲むつまじい親子ショットを公開
peco／リンクくん
12月18日の更新では、リンクくんとアメリカ・カリフォルニア州にある「カリフォルニア ディズニーランド・リゾート」を訪れたことを報告。

　「1年半くらい前にお仕事で来させてもらって以来2回目。きょうは到着して少しのんびりしたあと、夕方からCalifornia Adventure Parkに行って、お買いものしたりアトラクションに乗ったりと、ゆったりたのしみました」とつづり、仲むつまじい親子ショットを披露している。

　この投稿にファンからは、「まって、リンクめちゃくちゃでかなってる」「額から何まで、ミニチェル過ぎる〜」「リンク君とっても背が伸びましたね。ママとダダ譲りのおしゃれさん」などのコメントが寄せられている。（『ABEMA NEWS』より）
ABEMA TIMES編集部",[],[]
6月に療養発表「B'z」松本孝弘（64）の最新ショットに「涙が止まりませんでした」「松本さん心配 けどかっこよすぎます」と反響（ABEMA TIMES）,https://news.yahoo.co.jp/articles/ee0104808cf62896c3b325b3ce13e3a3221b79af,https://newsatcl-pctr.c.yimg.jp/t/amd-img/20251219-10215386-abema-000-1-view.jpg?exp=10800,2025-12-19T19:48:16+09:00,2025-12-19T19:48:16+09:00,ABEMA TIMES,abema,ABEMA TIMES,481,"「B'z」松本孝弘
6月に療養することを発表していた、「B'z」松本孝弘（64）の最新ショットが公開され、様々な反響が寄せられている。
【映像】松本孝弘、話題のオフショット＆ライブ中の姿（複数あり）
2025年6月11日、グループの公式サイトで、体調不良により療養することを発表していた松本。

　一方「B'z」は、11月15日からドームツアーを開催しており、12月7日、グループの公式Xでグッズのパーカーを着てギターを抱える松本の姿を披露。

　「元気な姿を見られて、とても感動しました！」「松本さん…ホッソリしましたね…」などの反響が寄せられ、話題になっていた。
東京ドームで演奏する松本孝弘
「B'z」松本孝弘
12月18日には、グループのInstagramが更新され、東京ドームで演奏する松本の姿が複数枚アップされた。

　この投稿にも、「お元気そうでうれしい」「ギターを演奏される姿をみて、涙が止まりませんでした」「松本さん心配 けどかっこよすぎます」など、多くのコメントが寄せられている。（『ABEMA NEWS』より）
ABEMA TIMES編集部",[],[]
「無駄な時間をゼロに」宅建一発合格の田中萌アナが実践した勉強法（ABEMA TIMES）,https://news.yahoo.co.jp/articles/2a51ede47643f4c250a6526ce65dca4ab17e6767,https://newsatcl-pctr.c.yimg.jp/t/amd-img/20251219-10215445-abema-000-1-view.jpg?exp=10800,2025-12-19T19:00:39+09:00,2025-12-20T01:24:15+09:00,ABEMA TIMES,abema,ABEMA TIMES,346,"田中萌アナウンサー
テレビ朝日の田中萌アナウンサーが14日のABEMA的ニュースショーに出演した際に、宅建（宅地建物取引士）に合格した際の勉強法について語る場面があった。
【映像】田中萌アナが実践した勉強法
番組では「フリーアナウンサーの山本モナ氏やゆたか寿しの女将・畠伸子氏など、異色の司法試験合格者」を取り上げた。そこから「必勝勉強法」についてトークを展開。

　田中アナは宅建に一発合格。勉強法について「本当に隙間時間が大事なので、電車の待ち時間とかも宅建の問題が出題されるスマホアプリがあって、そういうのをずっとやっていた。無駄な時間がないように過ごしていた。やっぱり、5分でも積み重ねが大事だと思う」と語った。

（『ABEMA的ニュースショー』より）
ABEMA TIMES編集部",[],[]
コメ平均価格 2週間ぶり値上がり 4331円/5キロ（ABEMA TIMES）,https://news.yahoo.co.jp/articles/4298aa7e4f21c2083da8c21a29a5b88dbca91652,https://newsatcl-pctr.c.yimg.jp/t/amd-img/20251219-10215435-abemav-000-1-view.jpg?exp=10800,2025-12-19T19:00:39+09:00,2025-12-19T19:00:39+09:00,ABEMA TIMES,abema,ABEMA TIMES,316,"米
コメの平均販売価格が2週間ぶりに値上がりました。依然として最高値水準が続いています。
【映像】高止まりが続く米
農水省によりますと、12月14日までの1週間に全国のスーパーおよそ1000店舗で販売されたコメの平均価格は前の週より10円高い5キロあたり4331円でした。

　4000円台は9月以降15週連続で、11月最終週につけた最高値4335円までわずか4円と高止まりが続いています。

　同時に発表されたホームセンターなどを含む小売店およそ6000店舗の平均価格は前の週より41円安い4235円、スーパーおよそ1200店舗の平均価格は34円高い3768円と結果が分かれました。（ANNニュース）
ABEMA TIMES編集部",[],[]
サンタの靴下には“ごちそう”が 動物園の動物たちもクリスマスムード一色に ロンドン（ABEMA TIMES）,https://news.yahoo.co.jp/articles/aadac29b7ad9c8facb7612602dce1b72a84f99e8,https://newsatcl-pctr.c.yimg.jp/t/amd-img/20251219-10215258-abemav-000-1-view.jpg?exp=10800,2025-12-19T19:00:39+09:00,2025-12-19T19:00:39+09:00,ABEMA TIMES,abema,ABEMA TIMES,274,"ロンドン動物園
12月16日イギリス・ロンドンでは、ロンドン動物園の動物たちもクリスマスムード一色になっている。
【映像】ごちそうを抱えて歩くゴリラ（実際の映像）
映像には、熱帯雨林エリアのサルたちが、クリスマスの靴下からごちそうのプレゼントを取り出している様子が映っている。

　ゴリラたちは、クリスマスプレゼントが入った麻袋を抱えている。自分たちの寝床に戻ってゆっくり食べるのだろうか。

　動物たちもクリスマスムード一色である。クリスマスのごちそうに、ウキウキの動物たちであった。（『ABEMA NEWS』より）
ABEMA TIMES編集部",[],[]
どんな体勢？ “超筋肉”女子レスラー2人の「逆立ちビンタ合戦」が物議…レフェリーもドン引きの“頭マット固定→足技→平手打ち”（ABEMA TIMES）,https://news.yahoo.co.jp/articles/eee2426552c1b62a3c80e8f108c01b3249bab3f1,https://newsatcl-pctr.c.yimg.jp/t/amd-img/20251219-10215379-abema-000-1-view.jpg?exp=10800,2025-12-19T19:00:39+09:00,2025-12-19T19:00:39+09:00,ABEMA TIMES,abema,ABEMA TIMES,772,"“フィジカルお化け”女子レスラーによるシュールなやり合いが話題に
女子レスラーが意地と意地の張り手合戦を展開。足を固め、2人が逆立ち状態でビンタし合う「前代未聞の平手打ちシーン」が話題を集めている。
【映像】どんな体勢？ ムキムキ女子たちの“逆立ちビンタ合戦”
WWEの第3ブランド「NXT」公式アカウントが、先日行われた「NXT Deadline」の女子アイアン・サバイバー・チャレンジ・マッチにおける、最も「イカれた攻防」をダイジェスト動画として投稿。ケラーニ・ジョーダンとジョーディン・グレイスが、互いに歪な体勢のまま平手打ちを繰り返すシーンを切り取り、拡散の火種を投下した形だ。

　キャプションは軽い調子で「時にはお互いに叩き合うしかない」と添えられているが、映像自体は異様そのものだ。両者はマットに頭を付け、足技で相手を固め合いながら、なおもビンタ合戦を継続。レフェリーも前代未聞の展開に両手を広げ、「なんてこった…」と言わんばかりの表情を浮かべた。

　ファンもこのシーンに反応した。「両者とも素晴らしい！」「両者とも最高！」と、2人のガッツを素直に認める声が上がる一方で、「あまりにも馬鹿げている」「お前ら仲いいな」「肝心な試合を落としてばっかりだ…」と失望や辛辣なコメントも噴出。賛否両論が渦巻いた。

　複数の選手が参戦した女子アイアン・サバイバー・チャレンジ・マッチには、ケラーニ、ジョーディン、ソル・ルカ、ローラ・ヴァイス、ケンダル・グレイの5人が出場した。乱戦となったこの試合で、ケラーニとジョーディンは互いにフォールを奪い合う展開を演じたが、最終的にケンダル・グレイが勝利し、NXT女子王座への挑戦権を獲得した。

Ⓒ2025 WWE, Inc. All Rights Reserved
ABEMA TIMES編集部",[],[]
イケメン壬氏が女装したら…衝撃のビフォーアフターに「口紅塗るだけであれは国滅ぼす」アニメ「薬屋のひとりごと」（ABEMA TIMES）,https://news.yahoo.co.jp/articles/615dc68bc64bb6f54bf8ff94cd40df5af6971e84,https://newsatcl-pctr.c.yimg.jp/t/amd-img/20251219-10215438-abemad-000-1-view.jpg?exp=10800,2025-12-19T18:57:15+09:00,2025-12-19T18:57:15+09:00,ABEMA TIMES,abema,ABEMA TIMES,904,"「薬屋のひとりごと」17話場面カット
“もし女性だったら傾国”と言われるほど美形の宦官・壬氏（CV：大塚剛央）が、本当に美女になってみたら……？アニメ「薬屋のひとりごと」で、壬氏が女装したところ、「口紅塗るだけであれは国滅ぼす」と視聴者をざわつかせていた。
【映像】口紅を塗っただけなのに…おふざけから爆誕した“絶世の美女”（7分15秒ごろ〜）
第17話では、壬氏が身分を隠して街に出ることになった。そこで普段から美しさを隠す化粧をしている猫猫（CV：悠木碧）に、高貴とは正反対に見える化粧を依頼した。猫猫は壬氏の髪を汚し、顔には色の濃いおしろいを塗っていく。ふいに猫猫は「ヒゲどころか毛穴も見えない。女の化粧をすればどんなに……」と思い、試しに壬氏の唇に紅を引いてみた。

　結果、その場にいた全員に衝撃が走るほどの“絶世の美女”が爆誕。猫猫は「（自分と従者、侍女の）3人だけで良かった……。もし誰か別の者がいたら大惨事だった」と国が傾かなかったことに安堵し、急いで壬氏の紅を拭き取った。

　一歩間違えれば大惨事だったであろう壬氏の姿に、ネット上は「もともと顔は整っているし、わかってはいたが笑」「これは化粧したらアカンな」「壬氏さまの女装をたくさんの人が見てしまったら内乱で国が亡ぶかもしれないw」「口紅塗るだけであれは国滅ぼす」とざわついていた。

　「薬屋のひとりごと」は、日向夏氏による同名のライトノベルが原作のアニメ作品。月刊誌2誌でコミカライズもされている大ヒット作だ。後宮で“毒見役”として働くことになった猫猫による推理劇や、猫猫と壬氏とのコミカルなやりとりなどが人気を博し大きな話題となった。TVアニメは第2期まで放送されており、第3期は2026年10月からと2027年4月からの分割2クールでの放送が発表されているほか、2026年12月にはシリーズ初となる劇場版も公開予定だ。2025年11月からTVアニメ「薬屋のひとりごと」展のアジア各都市への巡回が開催されるなど、世界中で人気が高まり続けている。

（C）日向夏・イマジカインフォス/「薬屋のひとりごと」製作委員会
アニメフリークス",[],[]
「圧倒的かわいい！」声優・松田利冴、篠原侑から借りた水色チェック柄ワンピース姿に絶賛の声（ABEMA TIMES）,https://news.yahoo.co.jp/articles/e24b295b8a8ee68843805688bb3e9ada6e5a6461,https://newsatcl-pctr.c.yimg.jp/t/amd-img/20251219-10215406-abemav-000-1-view.png?fmt=jpeg&q=85&exp=10800,2025-12-19T18:45:33+09:00,2025-12-19T18:45:33+09:00,ABEMA TIMES,abema,ABEMA TIMES,587,"声優・松田利冴Xポスト
https://twitter.com/resaenter/status/2001657760661016680　声優・松田利冴が自身のXを更新。パーソナリティを務める番組『松田利冴と遊んでおくれよ。』で着用した衣装のオフショットを公開し、その愛らしい姿と衣装にまつわるエピソードが話題を呼んでいる。

　公開された画像で松田は、淡い水色のチェック柄ワンピースを着用している。白いタートルネックのニットを合わせ、足元は白いレースのタイツとシューズでコーディネートされている。

　このワンピースについては、声優・篠原侑から借りたものだと番組中で明かしている。Xの投稿では「ついに着る日が来ました」と報告、「パッと見でクリスマスだと分かるよう、赤鼻のトナカイさんも添えました」と、季節感あふれる装いを楽しんだ様子だ。

　『松田利冴と遊んでおくれよ。』は、大網株式会社（あみあみ）が制作するインターネット番組。ゲーム激弱な松田が、一生懸命ゲームに取り組んでいくというゲーム実況番組。

　この投稿に対し、ファンからは「りっさん可愛い」「めっちゃ可愛くて3度見しました」「衣装とってもお似合いで素敵でした」といった絶賛の声が続出した。また、季節感を取り入れた装いに「圧倒的かわいい！ハッピークリスマス！」などのコメントも寄せられている。
アニメフリークス",[],[]
「危機を煽り、ミサイルどんどん、行きつく先が核兵器」「高市政権はタガが外れている」共産・田村委員長が“核保有発言”を猛批判（ABEMA TIMES）,https://news.yahoo.co.jp/articles/ab755d85787849c2b6ecc0e18e61ba40d79bbac5,https://newsatcl-pctr.c.yimg.jp/t/amd-img/20251219-10215449-abemav-000-2-view.jpg?exp=10800,2025-12-19T18:42:17+09:00,2025-12-19T18:45:33+09:00,ABEMA TIMES,abema,ABEMA TIMES,2000,"共産・田村委員長
高市政権で安全保障政策を担当する官邸関係者が、オフレコを前提にした記者団による非公式取材の場で、個人的な見解としたうえで「私は核を持つべきだと思っている」と述べ、日本の核兵器保有が必要だとの考えを示した。このことについて波紋が広がっている。
【映像】共産・田村委員長の発言
日本共産党の田村智子委員長は19日、この発言を激しく批判し、官邸関係者を「罷免すべき」と述べた。

　記者が「官邸の幹部が「核保有すべき」と発言したことについて、受け止めを教えてください」と質問。

　田村委員長は「唯一の戦争被爆国の政府高官から官邸の幹部から、核兵器の保有を日本もすべきだという発言が飛び出したということは断じて許されないものです。この間、高市首相の姿勢も問われてきました。非核三原則の見直しということを述べていた。そのことを総理になってから予算委員会で追及されても『非核三原則を堅持する』ということを明言していないわけですよね。そういうもとでの政府高官の発言になっているということだと思います。ですからこの政府高官を罷免するとともに、高市首相が非核三原則を国是として厳格に守りますということを表明すべきだと、このことを求めていきたい」と答えた。

　続けて「今年は被爆80年なんですね。日本がやはり唯一の戦争被爆国として核兵器禁止条約に参加をということを、被爆者の皆さんも世界の多くの国々も核兵器の廃止を求めて運動してきた人たちは強く願ってきた。その時に官邸の中から核兵器禁止条約を真っ向から踏みにじる発言が飛び出したということにもなります。世界が求めているのは、核兵器廃絶への流れをいかに作っていくのか。ロシアなどが核の威嚇を行っているときに、それをやめさせる力をどう広げていくのかが問われている中での発言ということもきわめて重大だ」と述べた。

　さらに「この間政府も核兵器廃絶を口にしている。それならば罷免は絶対にやるべきです。ただちに。そして非核三原則の遵守、核兵器廃絶に向けた日本としての努力を世界に向けて表明しなければ、日本のあり方が変わったのかと世界から見られかねない。それぐらい危険な発言が行われたと指摘しておきたい」と語った。

　続けて記者が「日中関係が悪化している中、こういった発言が日本の外交に及ぼす影響についてお考えは？」と質問。

　田村委員長は「高市首相が非核三原則を国是として堅持すると言わないわけですよね。これが世界に対して大変、戦争被爆国の態度が変わるのか、あり方が変わるのかというメッセージになってしまっている。台湾発言は、この間私たちが批判してきたとおり、米中の武力衝突が台湾海峡でありうれば存立危機事態、つまり自衛隊が中国との戦争があり得るという発言になってしまっているので、戦争しないという、憲法9条を持つ国のあり方が変わってしまっているのかと見られているのではと危惧している。加えてこの間の小泉防衛大臣の、これまでやったことのない特定の国、中国を名指しして危険をあおるという、これら全てが高市政権の危険性、世界に対して非常によくないメッセージを与えているととらえている。ただしていきたい」と答えた。

　別の記者が「発言の撤回を求める？」と聞くと、即座に「罷免ですよ。政府高官の罷免です」と答え、「過去にも小渕政権の時ですか、防衛次官が核武装の発言をして罷免されているんです、ただちに。これ罷免すべきです。きっぱりと罷免すべきです」と述べた。

　さらに別の記者が「核保有発言、官邸幹部は個人的な見解ということで発言しているが、この発言が出てくる背景に高市総理、トップの考え方が影響していると考えるか？」と質問。

　田村委員長は「個人的な発言では絶対に許されない。当然官邸の幹部として取材に答えている。個人的な見解なんていうのが許されるはずがない。タガが外れているんですよ高市政権は。非核三原則を堅持すると言わない。これもタガが外れている。大軍拡を我々が批判すれば、私は“ミサイル列島”と批判したわけですけど、それは外国に届く長射程ミサイルをどんどん置くというのはかつてなかった、日本では。それを批判すると、それをやって何が悪いかと開き直り、居直りですよね。それで、これもやったことがない中国の名指しの批判と。もう危険を煽り、危機を煽り、不安に陥れ、ミサイルどんどん、長射程ミサイル、持ったことのないミサイルどんどん持ちますよ相手が持っているんだから、この行きつく先が核兵器ということになりかねない発言が、すでに政権の中から出てきていた国会論戦の中で。これはたまたまではない、偶然ではない、高市政権のもとで出てきた、あり得ないような危険性、許されない動きだとみています」と力強く訴えた。（ABEMA　NEWS）
ABEMA TIMES編集部",[],[]
れいわ・八幡議員「有馬記念が盛り上がって、誰かがその裏で泣く。うちのお父さんもひどかった。ギャンブルで一家離散してる」 鈴木大臣「私も負けて涙を流した」 競馬と農水省について議論（ABEMA TIMES）,https://news.yahoo.co.jp/articles/c71fb1805a945cdb67131ce45069b61cced3195d,https://newsatcl-pctr.c.yimg.jp/t/amd-img/20251219-10215446-abemav-000-1-view.jpg?exp=10800,2025-12-19T18:36:17+09:00,2025-12-19T18:36:17+09:00,ABEMA TIMES,abema,ABEMA TIMES,2274,"れいわ・八幡議員
18日の衆議院農林水産委員会でれいわ新選組の八幡愛議員が競馬と農林水産省について質問した。
【映像】元グラドル・八幡議員が「壮絶な過去」を語った瞬間（実際の様子）
八幡議員は「『農水省がJRAの収益を臨時に農業のために使う考えを示している』という報道が出ました。中央競馬会法では『JRAは畜産の振興などに寄与するために運営する』と定めていますので、はっきり言って農業とは関係ないんですね。それなのに、政府は特例を創設して、4年間JRAの特別積立金を農業に活用する予定なんだそうです。まず確認したいんですけども、農業構造転換集中対策期間で実施するこの事業について、予算規模はどのくらいで、そのうちいくらをJRAのお金で賄う見込みなのでしょうか？」と質問。

　これに長井俊彦農林水産省畜産局長は「農業構造転換集中対策のための財源拠出は、日本中央競馬会からその趣旨にご理解・ご協力をいただける方向で調整を進めているところです。拠出額など財源拠出の具体的なあり方は、調整を行っているところで、現時点で決定しているものはございません」と回答。

　八幡議員は「報道が先に出てしまって、具体的に事業規模の2.5兆円とか国費1.3兆円という数字は出てきている。『これから審議する』という回答ですが、今年6月に提出された自民党さんの決議に沿ったものだと思うのです。自民党さんは自主財源を確保するように要求していましたが『JRAの収益を農水省の自主財源』と言い切るのはちょっと苦しいと思います。売り上げの、しかも何％とかではなくても、『いくら』という金額を決めてやるわけじゃないですか。こういうお金がどこから出るかと言ったらJRAは特別積立金というところだから取り崩していくわけです。たしかに、昨年度、特別積立予算は1兆円以上になっています。過去の国会答弁でも、これの多くは固定資産にもなっているし、不測の事態に備えるものという説明もあります。さらに、お金が余っているんだったら、当初の目的、『畜産の振興に使えばいいではないか』と過去の国会でも取り上げられています」と指摘。

　さらに、「私がJRAだったら、特別積立金という資本の一部を取り崩すんだったら、当然取り戻したいわけですよ。それは企業努力なので当たり前の話です。競馬業界の売り上げは誰かの負けた涙なんです。今年も、有馬記念が盛り上がって、誰かがその裏で泣くんですよ。その家族もそうです。うちのお父さんもひどかったんですよ。ギャンブルで一家離散してるので、余計言いたいんですけど。でもJRAは来年から政府にお金を納めなあかん。そしたら売り上げ上げなあかん。『よし、（ドラマ）〈ザ・ロイヤルファミリー〉も好調だ』と盛り上げるとしか考えられないじゃないですか。そういう財源の倫理感が狂っていると思うんです。私は公営競技全部を否定しているわけではないんですが、やはりそれと合わせてギャンブル依存症対策をしないといけない。その対策も不十分なまま。JRAは過去に売り上げが落ちた時に、射倖心煽るような勝ち馬投票券を新設した例もあるんです。競馬は農林水産省の所管です。農業の振興はもちろん大事ですけど、競馬で負けた人たちから取ったお金を目当てにJRAが発足後初めて政令を作ろうとして、さらにこの予算を取っていくのは、中央競馬会法の趣旨と予算の作り方からずれているのではないか。しかも、JRAのお金を右から左に動かす前例ができてしまえば、今後にも大きな悪影響が起こると思います。きちんと審議会とかで議論すべきだと思います」と提案した。

　これに鈴木憲和農林水産大臣は「私も前に（競馬で）だいぶ負けまして涙を流したんですが、その涙も畜産の振興に使われるかと思うとしょうがないと割り切ることもできたので、その辺もご理解をいただければと思います」と自身の体験を語り、その上で「ギャンブル等依存症対策としては、本年3月に閣議決定されたギャンブル等依存症対策推進基本計画に基づく取り組みを今進めているところです。具体的には競馬については、本人または家族からの申請によりインターネット投票等へのアクセスを制限する、また、本人からの申請により馬券の購入の上限額を設定する、また、ギャンブル等依存症の相談窓口を設置するとともにホームページで依存症への注意喚起を呼びかけるなど、競馬主催者への指導を徹底しているところです。農林水産省としては、ギャンブル依存症に陥ることのないよう、これらの取り組みを引き続き着実に進めたいと思います」と答えた。

　八幡議員は「一番言いたかったことは、ギャンブルの倫理観の問題です。大阪はこれから『カジノをやってカジノで負けたお金を福祉に回していく』など、とんでもないことを言っている。これが全国的に当たり前になると、人として大事なものを失うのではと危惧しております。お馬さんも可愛いし、（鈴木）大臣も楽しまれている。その分には全然いいんだけども、これで人生狂わされて泣くどころではない、命さえ落としてしまうような危険も孕んでいることをわかりながら、年末年始みんなで有馬記念を楽しむんだったら楽しんだらいい。ただし、財源を、その売り上げを目当てにするとかそうではなくて、積極的な財政出動だって高市政権に言っているんだから別で引っ張ってこないといけない。『農業予算ついてる』と言いますけど、全然足りないと思っています」と述べた。

（ABEMA NEWS）
ABEMA TIMES編集部",[],[]
部下が上司を選ぶ「上司選挙」で派閥・忖度を防止 「この人のもとで働きたい」リーダー選出の狙い（ABEMA TIMES）,https://news.yahoo.co.jp/articles/82c55191f5baea35b764574705ef7e07a0cf573d,https://newsatcl-pctr.c.yimg.jp/t/amd-img/20251219-10215434-abema-000-3-view.jpg?exp=10800,2025-12-19T18:30:40+09:00,2025-12-19T18:51:16+09:00,ABEMA TIMES,abema,ABEMA TIMES,527,"上司選挙
イベント会場にまるでアイドルのように現れたのは、スーツ姿の4人の男性。実は、彼らはストレッチの専門店「ドクターストレッチ」の店長だ。
【映像】まるでアイドル？上司選挙の様子（実際の映像）
ドクターストレッチでは、部下が自分たちの上司を選ぶ「上司選挙」が行われている。　　　　

　立候補した上司たちは、選考期間半年をかけて施策や実現したいチーム像などをアピールする。選ぶ側の部下たちは、その方針や人柄を見極め投票するシステムだ。

　ドクターストレッチは、社員自身が「この人のもとで働きたい」と思えるリーダーを選出するため10年前からこの取り組みを始めた。この制度の目的は、部下の人事権を上司に握らせると派閥や忖度が生まれやすい組織になることを防ぐためだという。

　エリアマネージャー総選挙で当選した高木塁氏（30）は「自分が上司になって欲しい人を選べるのはすごくいい制度。会社から選ばれた人間が（上司に）なると、この人は現場としてはちょっとな……っていう人もいる。（全員が）1票を投じられるのは、自分たちの意見が反映されるのですごくいい」とシステムのメリットを語った。

（『ABEMA的ニュースショー』より）
ABEMA TIMES編集部",[],[]
“自由の女神像”のレプリカが強風で倒壊する瞬間… けが人の報告はなし ブラジル（ABEMA TIMES）,https://news.yahoo.co.jp/articles/eec85a77b710614c237488c49143f21b3a7cab4a,https://newsatcl-pctr.c.yimg.jp/t/amd-img/20251219-10215256-abemav-000-1-view.jpg?exp=10800,2025-12-19T18:30:40+09:00,2025-12-19T18:30:40+09:00,ABEMA TIMES,abema,ABEMA TIMES,289,"ブラジル・グアイバ
12月15日ブラジル・グアイバで、ブラジル南部で発生した強風により“自由の女神像”のレプリカが倒壊した。
【映像】倒壊する“自由の女神像”のレプリカ
映像には、高さ35メートルの“自由の女神像”のレプリカが徐々に前方へ傾き、地面に倒れた様子が映っている。

　このレプリカは百貨店の駐車場に設置されていて、事故発生時、近くを車や歩行者が通行していたが、けが人は報告されていないという。

　百貨店は、土台部分は無傷で残っていると説明しており、原因を特定するための技術的な調査を実施するとしている。（『ABEMA NEWS』より）
ABEMA TIMES編集部",[],[]
「志村さんのコントみたいになっちゃった（笑）」たんぽぽ白鳥久美子の舞妓さん姿に「素敵」「誰かに似てる」と反響続々（ABEMA TIMES）,https://news.yahoo.co.jp/articles/408ca6c3148a5f2e680878f3eafe60e1deb31ec7,https://newsatcl-pctr.c.yimg.jp/t/amd-img/20251219-10215427-abema-000-1-view.jpg?exp=10800,2025-12-19T18:00:41+09:00,2025-12-19T18:00:41+09:00,ABEMA TIMES,abema,ABEMA TIMES,693,"白鳥久美子
お笑いコンビ・たんぽぽの白鳥久美子が16日のニュース番組『わたしとニュース』に出演。番組では、SNS上で話題になっている白鳥の“舞妓さん”ショットが紹介された。
【映像】たんぽぽ白鳥の“舞妓さん”ショット
11日、白鳥は44歳の誕生日を迎え、白塗り化粧に着物といった舞妓姿を自身のインスタグラムで披露した。
■たんぽぽ白鳥の舞妓さん姿が話題
たんぽぽ白鳥の舞妓さん姿
白鳥は、舞妓姿の写真とともに「44歳の誕生日を迎えることができました。たいした病気もせず健康でここまでこれたことに感謝です！こんなタイミングで昔の写真を見つけました。30代を迎えるにあたり気合いで撮った写真。京都でまぁこさんと舞妓はん体験してはんなりはんなり言うて撮りました。仕上がりを見て『志村けんさんと柄本明さんのコントじゃん…』と、慄きましたが、今となっては最高の思い出です」と綴った。

　この投稿を見た人からは「お誕生日おめでとうございます！」「とても素敵」「私も舞妓になったら似たような感じになるのかどうか笑」「誰かに似てる」「コウメ太夫？」「チクショー」といったコメントが寄せられた。

　番組で改めて写真が紹介されると、白鳥は「30代に入った時に記念でお友達と撮りに行って、それを最近見つけたので、誕生日ということであげた。ちょっと思った仕上がりじゃなくて。友達と「あれ、志村けんさんと柄本明さんの芸者コントみたいだな……って（笑）今となっては良い思い出ですけど、もう1回撮り直したいな。今ならもっとできる気がする」と明かした。

（『わたしとニュース』より）
ABEMA TIMES編集部",[],[]
200回は致命傷を食らったのに…不死身のヒーローの泥仕合が規格外すぎるアニメ「ワンパンマン」3期10話（ABEMA TIMES）,https://news.yahoo.co.jp/articles/f98704253066bdc74c63931e212df90e306a073c,https://newsatcl-pctr.c.yimg.jp/t/amd-img/20251219-10214646-abemad-000-1-view.png?fmt=jpeg&q=85&exp=10800,2025-12-19T18:00:41+09:00,2025-12-19T18:00:41+09:00,ABEMA TIMES,abema,ABEMA TIMES,828,"アニメ「ワンパンマン」
アニメ「ワンパンマン」第3期10話が12月14日より順次放送中。不死身のヒーローであるゾンビマン（CV：櫻井孝宏）が、200回以上倒されても復活する泥仕合を繰り広げ、「なかなか衝撃的にゾンビで面白かった」と視聴者を釘付けにした。
【映像】ゾンビマン（CV.櫻井孝宏）の「覚悟しろよ」※6分35秒ごろ〜
第3期10話「不死身の泥仕合」では、ゾンビマンがバンパイア（CV：手塚ヒロミチ）と対峙した。ゾンビマンはバンパイアから頭部に弾丸を食らったり、首の骨を折られたりしてもしぶとく復活し、「運動はしたくないが、仕方ねえ。おい吸血鬼。お前、泥仕合だが覚悟しろよ」と挑発する。その後もゾンビマンは200回ほど致命傷を負わされても回復し、バンパイアを追い詰めていた。

　ゾンビマンのタフな戦いぶりが、「ゾンビマン惚れた!!」「戦い方エグい」「なかなか衝撃的にゾンビで面白かった」と視聴者を驚かせた。

　アニメ「ワンパンマン」は、シリーズ累計発行部数3500万部を突破する原作・ONE氏、漫画・村田雄介氏の大人気漫画が原作。あらゆる敵を“ワンパン”で倒してしまう平熱系最強ヒーロー・サイタマ（CV：古川慎）の日常や、怪人と戦うヒーローたちの活躍が描かれる。TVアニメは2015年に第1期、2019年に第2期が放送された。

第34話「不死身の泥仕合」
【あらすじ】
どんな致命傷も回復するゾンビマンが対峙したのは異能の血を代々引き継ぐ吸血鬼バンパイア。不死のゾンビマンと血を吸えばどんな傷でも回復するバンパイアとの血で血を洗う泥仕合が幕を開ける！一方、別の場所ではA級ヒーローのイアイアン、オカマイタチ、ブシドリルが怪人・弩Sに遭遇。ナリンキが突入させた私設傭兵部隊が弩Sに操られており3人は思わぬ苦戦を強いられる。その刹那、イケメン仮面アマイマスクが颯爽と現れて……。

（C）ONE・村田雄介/集英社・ヒーロー協会本部
アニメフリークス",[],[]
「ハマり役だ」映画『ストリート・ファイター』でイケメンレスラーが演じる“実写版・豪鬼”公開されたビジュアルが「カッコよすぎ」と話題（ABEMA TIMES）,https://news.yahoo.co.jp/articles/584224f1a4424a3329a3aa7ed68663b7a9ac4c74,https://newsatcl-pctr.c.yimg.jp/t/amd-img/20251219-10215377-abema-000-1-view.jpg?exp=10800,2025-12-19T18:00:41+09:00,2025-12-19T18:00:41+09:00,ABEMA TIMES,abema,ABEMA TIMES,937,"“実写版豪鬼”を務めるWWEスーパースターのローマン・レインズ
映画版『ストリートファイター』の新情報が解禁。世界最大のプロレス団体が誇るスーパースターが演じた大人気キャラの“実写版”ビジュアルの再現度の高さが話題となっている。
【画像】クオリティが高すぎる“実写版豪鬼”のビジュアル
1987年の初代リリース以降、対戦格闘ゲームという立ち位置を確立し、世界的なムーブメントを巻き起こしてきた『ストリートファイター』シリーズ。シリーズ累計販売本数は5700万本を超え、ゲームの枠を超えたカルチャーアイコンとして今なお高い人気を誇っている。

　そんな名作が再び実写映画化されることとなり、『パラマウント』は現地時間11日に開催された「ザ・ゲーム・アワード」にて映画版『ストリートファイター』の最新情報を発表。マイク・バイソン役にカーティス“50セント”ジャクソン、ブランカ役にジェイソン・モモア、エドモンド本田役には新日本プロレスに所属するプロレスラーの後藤洋央紀を抜擢するなど、ジャンルを超えた豪華キャスティングが話題を呼んでいた。

　その中でも注目を集めたのが、世界最大のプロレス団体「WWE」の絶対的エースであるローマン・レインズの起用だ。本名ジョー・アノアイとしても知られるレインズは、作中屈指のカリスマ性を誇るキャラクター“豪鬼”役に抜擢。今回公開されたビジュアルでは、圧倒的な肉体と鋭い眼差しを備えた豪鬼の姿が披露され、プロレスファンのみならずゲームファンからも熱視線が注がれている。

　SNS上では「豪鬼すぎる」「実写でここまでハマるとは」「威圧感が完璧」「普通にラスボス感ある」「カッコよすぎ」といった声が続出。リング上で“部族長”として君臨してきたレインズの存在感が、そのままキャラクターに投影されている点に、多くのファンが興奮を隠せない様子だ。

　WWEスーパースターの起用によって、プロレス界とゲーム界の垣根を越えた注目作となっている映画版『ストリートファイター』。全米公開は来年10月16日を予定しており、今後さらなる続報にも期待が高まる。

Ⓒ2025 WWE, Inc. All Rights Reserved
ABEMA TIMES編集部",[],[]
髪を引っ張り合い…メキシコ市議会で女性議員らが“乱闘”の異常事態 透明性監督機関の解散巡り（ABEMA TIMES）,https://news.yahoo.co.jp/articles/eef9a2629f39f63da767f396b9629053b25af64d,https://newsatcl-pctr.c.yimg.jp/t/amd-img/20251219-10215203-abemav-000-1-view.jpg?exp=10800,2025-12-19T18:00:41+09:00,2025-12-19T18:00:41+09:00,ABEMA TIMES,abema,ABEMA TIMES,273,"メキシコシティ議会
12月15日メキシコシティ議会で、政治の透明性を監督する機関の解散を巡り、女性議員同士で乱闘が発生した。
【映像】髪を引っ張り合う女性議員たちの乱闘
映像には、女性たちが押し合い、お互いを肘で突き、髪を引っ張り合っている様子が映っている。

　議会では市政の透明性を監督する機関を解散し新たな機関を組織する法案の審議中で、与党の議員が約束を守らなかったとして、野党の議員らが抗議したのが発端だったという。

　議会は一時休会となり、会場を移して審議を続けたそうだ。（『ABEMA NEWS』より）
ABEMA TIMES編集部",[],[]
犠牲者の6割以上が火災「感震ブレーカー」導入を（ABEMA TIMES）,https://news.yahoo.co.jp/articles/7ccc97306e92bbefc54c977bd898be39106eeae4,https://newsatcl-pctr.c.yimg.jp/t/amd-img/20251219-10215414-abemav-000-3-view.jpg?exp=10800,2025-12-19T17:33:17+09:00,2025-12-19T18:45:33+09:00,ABEMA TIMES,abema,ABEMA TIMES,393,"感震ブレーカー
今回の想定では、犠牲者の6割以上の死因が火災です。専門家は、特に木造住宅が密集する地域での対策が急務だと訴えています。
【映像】“出火原因は主に電気”「感震ブレーカー」の導入を呼びかけ
「火災対策というのは個人だけが頑張ってもどこかで出火するとその影響を全員が被害を受けてしまう」

　火災による死者数の想定は、1万2000人です。専門家は「出火原因は主に電気だ」としていて、揺れを感知して自動でブレーカーを落とす「感震ブレーカー」の導入を呼びかけています。

「特に火災リスクの高いところでは、感震ブレーカーを全面的に普及させる何か取り組みが必要なんじゃないかなと」

山内陽平「品川区では感震ブレーカーを展示して火災対策を呼びかけます」

　政府は、普及率が100％になれば火災の犠牲者を7割以上減らせるとしています。（ANNニュース）
ABEMA TIMES編集部",[],[]
米・ブラウン大学銃撃事件 逃走の容疑者が死亡で発見（ABEMA TIMES）,https://news.yahoo.co.jp/articles/883397b2112cf740018a810fc4e9c782b4e37c81,https://newsatcl-pctr.c.yimg.jp/t/amd-img/20251219-10215416-abemav-000-2-view.jpg?exp=10800,2025-12-19T17:33:17+09:00,2025-12-19T18:39:15+09:00,ABEMA TIMES,abema,ABEMA TIMES,399,"米・ニューハンプシャー州
アメリカのブラウン大学で11人が死傷した銃撃事件で、6日間にわたって逃走していた容疑者が死亡しているのが発見されました。
【映像】公開された容疑者の写真と映像
東部ロードアイランド州の名門ブラウン大学で13日、期末試験期間中の教室に侵入した男が銃を乱射し、学生2人が死亡、9人がけがをしました。

　この事件で逃走していた容疑者がニューハンプシャー州セーラムの倉庫で死亡した状態で発見されました。自殺したものとみられます。

　発見されたのは、ポルトガル国籍のクラウディオ・バレンテ容疑者48歳で、ブラウン大学大学院の元学生でした。

　この事件の2日後にマサチューセッツ州にあるMIT＝マサチューセッツ工科大学の教授が自宅で銃撃され殺害された事件についても、州の連邦検事によると同じ人物による犯行とみられるということです。（ANNニュース）
ABEMA TIMES編集部",[],[]
SKY-HI「未成年を深夜呼び出し」報道に言及（ABEMA TIMES）,https://news.yahoo.co.jp/articles/44baafd449f92400f1c61e3741b7176902c3e8ca,https://newsatcl-pctr.c.yimg.jp/t/amd-img/20251219-10215412-abemav-000-1-view.jpg?exp=10800,2025-12-19T17:21:16+09:00,2025-12-19T17:21:16+09:00,ABEMA TIMES,abema,ABEMA TIMES,563,"日高光啓
芸能事務所「BMSG」の代表を務めるアーティストの「SKY-HI」こと日高光啓が19日、ラジオ番組に生出演しました。「未成年女性アイドルを深夜、自宅に呼び出した」という自身に関する一部報道について言及しました。
【映像】日高光啓「軽率な行動でありました」と謝罪
一部報道を受けて「BMSG」は19日、コメントを発表しました。「本件につきまして、日頃より弊社をご支援いただいている皆様、ならびに関係者の皆様に多大なるご心配とご迷惑をおかけしておりますことを、深くおわび申し上げます」と謝罪しました。

　続けて「報道にあります内容につきましては、相手方保護者の方のご承諾を得ていたと認識していたとはいえ、未成年の方に対して不適切な時間帯に面会を行うなど、一般社会の常識とは乖離した軽率な行動でありました」と説明しています。

　日高はこの日、ゲスト出演した生放送のラジオ番組で「お騒がせしており申し訳ございません。日高です」と、自身を巡る一部報道について謝罪しました。

　日高を巡る報道にネット上では「本当に軽率な行動をしてしまったな」「所属事務所のアーティスト達がすごく頑張っているのに。何やっているの！と言いたいです」など、厳しい声が上がっています。（『ABEMA NEWS』より）
ABEMA TIMES編集部",[],[]
官邸関係者の“核保有”発言を受け小泉防衛大臣と記者が激論「非核三原則を二原則にすることには賛成しない？」「未来永劫変えない？」大臣の答えは（ABEMA TIMES）,https://news.yahoo.co.jp/articles/afbb45d3a691ce6a9567c41e730597f16c622200,https://newsatcl-pctr.c.yimg.jp/t/amd-img/20251219-10215419-abemav-000-1-view.jpg?exp=10800,2025-12-19T17:09:14+09:00,2025-12-19T17:09:14+09:00,ABEMA TIMES,abema,ABEMA TIMES,3541,"小泉進次郎防衛大臣
高市政権で安全保障政策を担当する官邸関係者が、オフレコを前提にした記者団による非公式取材の場で、個人的な見解としたうえで「私は核を持つべきだと思っている」と述べ、日本の核兵器保有が必要だとの考えを示した。このことについて波紋が広がっている。
【映像】“核保有”発言を受け小泉防衛大臣と記者が激論（実際の様子）
19日の小泉進次郎防衛大臣の会見でも、核保有、非核三原則についての質問が相次いだ。

　記者が「核保有について伺います。安全保障を担当する総理官邸関係者が18日、日本の核政策をめぐり個人的な見解と断ったうえで『日本は核保有すべきだ』と記者団に語った。非核三原則の見直しは現時点で政府として検討していないとし、早期の見直しには否定的な見解を示したとのことですが、防衛大臣としてこの発言をどのように受けとめているか。また、日本の核保有の是非、非核三原則の見直しに対する大臣のお考えも合わせて教えてください」と質問。

　小泉大臣は「報道は承知していますが、その逐一に対して政府としてコメントすることはさし控えます。いずれにせよ、我が国としては核兵器を“持たず、つくらず、持ち込ませず”この非核三原則を政策上の方針として堅持しているというのは、高市総理も再三言っているとおりだと思います」と答えた。

　別の記者が「大臣は、非核三原則は国是とも言えるものだから堅持すべきで、今後とも変更するべきでないとお考えか」と質問。

　小泉大臣は「これは高市総理も同じ質問をされて答えている通りでありまして、非核三原則を政策上の方針として堅持をすると。私も同じであります」と答えた。

　記者がさらに「高市総理は三原則のうち“持ち込ませず”の部分について変更を主張してきましたが、大臣は非核三原則、3つについてすべて堅持すべきで、今後も一切変更すべきでないとお考えか」と質問。

　小泉大臣は「以前もお答えしたと思うんですが、非核三原則を政策上の方針として堅持をしていると言ったうえで、この“持ち込ませず”ということについては、2010年当時の岡田克也外務大臣の答弁を引き継いでいく考えであります。改めて申し上げると、『あまり仮定の議論をすべきではないと思いますが、緊急事態ということが発生して、しかし核の一時的寄港ということを認めないと日本の安全が守れないという事態がもし発生したとすれば、それはその時の政権が政権の命運をかけて決断し、国民の皆さんに説明する。そういうことだと思っております』というのが岡田克也、当時の外務大臣の答弁でありますが、私はこの答弁を引き継いでいく考えであります」と答えた。

　これを受けて記者が「岡田答弁を引き継ぐということは、安全保障関連三文書の見直しの中で非核三原則を二原則にするようなことは認められない、支持しないというお考えか」と質問。

　小泉大臣は「これは非核三原則を政策上の方針として堅持するというのは、繰り返しているとおりで、そして、岡田外務大臣答弁を引き継ぐということについては、『もしも日本の安全が守れないような事態が、核の一時的寄港を認めないと守れないということであれば、それはその時の政権が政権の命運をかけて決断をし、国民の皆さんに説明する』これは同じ考えでありますし、引き継いでいきたいと思います」と同じ答えを繰り返した。

　記者が「そうすると、非核三原則を非核二原則にするような方針には賛成しない、しかねるということでいいか」と再度確認すると、「これは、政策上の方針として堅持をするというのは、総理が言ってる通りです」と答えた。

　その後記者が「非核三原則もう一度伺いますが、大臣は、高市内閣は政策上の判断で堅持をすると、それに従うという趣旨の発言だったが、あくまでも政策上であって、非核三原則は国是だから、日本の平和国家としての国是だから、未来永劫変えないということは断言できる？」と質問。

　小泉大臣は「高市総理が言っているのは判断上ではなく、非核三原則を政策上の方針として堅持しているということでありますし、岡田外務大臣答弁については“持ち込ませず”の点について、さきほどの答弁の通り引き継いでいくという考えに変わりありません」と答えた。

　非核三原則を堅持するのか、変更するのか、二択で迫る記者と、大臣との攻防はさらにヒートアップしていく。

　「大臣は政治家として、非核三原則は平和国家日本としての国是だから、未来永劫変更すべきでないと考えるか、それとも変更してもいいと考えるか？」と聞くと、小泉大臣は「防衛大臣としてお答えすると、日本の国民のみなさんの命と平和な暮らしを守るためにあらゆる選択肢を排除せずに検討を進める、議論する、これは当然のことだと思っています」と“あらゆる選択肢を排除しない”という言い方で答えた。

　「非核三原則の変更もありうるという考え方でよろしいか」と念押しされると、「日本の国民の皆さんの命と平和な暮らしを守るために必要な議論をする、それは防衛大臣として当然のことだと思っています」と同じ答えを繰り返した。

　記者は納得せず「平和国家日本の国是という考え方には賛同しないということでよろしいか」と質問。

　小泉大臣は「平和国家の道のりを変える必要はまったくありません。ただ、その平和を守り抜いていくということを考えた時に、明らかに日本をとりまく安全保障環境は変わっています。同じ守り方で国民の命と平和な暮らしを守れるのかと問われたときに、同じ守り方で守れると答えられる人は、私はむしろ、今の日本をとりまく安全保障環境の現実を見ていただきたいと思います。攻撃側が圧倒的に有利な環境が次々に出てきていて、守りだけで固めるという環境が日増しにコストが高くなっているのは事実であって、その中でもしかし日本の戦後の平和国家の歩みは変えない、その思いの中で私は三文書の改定を進めていくつもりです」と述べた。

　記者がさらに「唯一の被爆国、平和国家日本の国是たる非核三原則を変えないということじゃなくて、日本の安全保障環境が変われば、よく政治家が使われる言葉ですけれども、それによっては変えても構わないという考え方でよろしいですね」と確認。

　小泉大臣は「だいぶわかって何度もお尋ねいただいていると思いますが、高市総理が言っていることは非核三原則を政策上の方針として堅持をしているということであります。そして戦後我が国は一貫して国際社会の平和に貢献していますので、こうした立場は変わりません」と答えた。

　記者は納得せず「いち政治家として、あなたは非核三原則を堅持すべきだと思うか、それとも変更しても構わないと思うか、どちらか」と重ねて聞くと、「これは一番大事なことは紛争を起こさない、新たな戦争を起こさせない抑止力をしっかり日本が持つということでありますので、何度も申し上げますが、防衛大臣として日増しに厳しくなっている安全保障環境を見た時に、これからも日本が平和であり続けるためには平和であるための守りの形もおのずと時代や技術や日本をとりまく安全保障環境によって変わってくるというのも、私は安全保障や政治の現実であると思っている。この現実主義に基づいて国民のみなさんに説明をして必要な防衛力の整備をお願いする、そして理解を得る、この不断の営みというのは今でも私は必要なことだと思っていますので、様々なテーマがありますが、ひとつひとつ丁寧にご議論させていただくつもりです」と答えた。

　「それは非核三原則の変更はありうるというのが、あなたの政治家としてのポリシー、哲学、そういう理解でよろしいですね」と重ねて問われると、「最大の防衛大臣、また政治家としての使命というのは日本が平和であり続けるための必要な政策を遂行することだと思っています。そのうえで国民の命と平和な暮らしを守るために何が必要かというのは、あらゆる選択肢を排除せずに議論する必要があると思いますし、そのうえで平和国家としての歩みを変えるべきでないと思います。だからこそ非核三原則については政策上の方針として堅持をし、2010年に岡田外務大臣から答弁されている、『“持ち込ませず”については、万が一もしも核の一時的寄港ということを認めなければ日本の安全が守れないという事態が発生したら、それはその時の政権が、政権の命運をかけて決断をし、国民の皆さんに説明をする』私はこれは岡田克也さんとまったく同じ思いです」と語り、会見は終了した。（『ABEMA NEWS』より）
ABEMA TIMES編集部",[],[]
メガネ＋お団子ヘアでキュートにウインクする声優・上坂すみれ、34歳誕生日を報告「今年もお祝いできて嬉しい」と反響（ABEMA TIMES）,https://news.yahoo.co.jp/articles/30f4a1b67609bae48246f6e591376b22ba2b52e2,https://newsatcl-pctr.c.yimg.jp/t/amd-img/20251219-10215401-abemad-000-1-view.jpg?exp=10800,2025-12-19T17:06:17+09:00,2025-12-19T17:06:17+09:00,ABEMA TIMES,abema,ABEMA TIMES,609,"声優・上坂すみれ
声優・上坂すみれが12月19日、自身のXを更新。34歳の誕生日を迎えたことを報告するとともに、眼鏡をかけたウィンクショットを公開し、ファンから大きな反響を呼んでいる。
【画像】ウィンクする上坂すみれ
公開された画像では、眼鏡を着用し、髪をラフなお団子ヘアにまとめた上坂が写っている。ふわふわとした素材のパーカーを羽織り、白いトップスを合わせている。彼女はカメラに向かって器用に片目をつぶってウィンクをし、指を顎に添えてポーズをとっている。投稿文には「うわーお34歳になりました！！この一年も、同志とともにすこやかに楽しく〜っ！！仲良くしてくださいませ！！（すみぺ）」と記されており、ファンを指す「同志」に向けたメッセージとともに、新たな一年への抱負が綴られている。

　この投稿に対し、ファンからは「おめでとうすみぺ！」「お誕生日おめでとうございます！！」といった祝福の声が数多く寄せられた。また、「上坂さんのお誕生日をお祝いできてる事がとっても幸せです」「今年もお祝いすることができて嬉しいです！」など、誕生日を共に祝える喜びを噛みしめる声や、「34歳もそのウィンクで世界を制覇してください」といった熱烈なエールも届いている。

ウィンクする上坂すみれ

https://twitter.com/uesaka_official/status/2001670522258829473
アニメフリークス",[],[]
高目を引いて、ズバっとリーチ！美人雀士の喜びが隠し切れない表情に共感続々「そら笑うわｗ」「ニコニコで可愛すぎる」/麻雀・Mリーグ（ABEMA TIMES）,https://news.yahoo.co.jp/articles/73429e01b8eb47b3a19b6a30ae32683823f48ab8,https://newsatcl-pctr.c.yimg.jp/t/amd-img/20251219-10215408-abema-000-1-view.jpg?exp=10800,2025-12-19T16:30:40+09:00,2025-12-19T16:30:40+09:00,ABEMA TIMES,abema,ABEMA TIMES,1001,"東城りおのリーチ
あまりの会心テンパイすぎて、笑顔を堪える方が必死のようだ。「大和証券Mリーグ2025-26」12月18日の第2試合に出場したBEAST X・東城りお（連盟）が、親番で絶好の引きでテンパイして即リーチ。期待通りの展開に、思わず顔がほころぶところを耐える様子がカメラに抜かれ、ファンが大ウケすることになった。
【映像】美女雀士東城・リーチ判断で悩む顔も話題に
東城といえば、Mリーグのみならずプロ麻雀界でも屈指の美女雀士として知られる存在。今シーズンから2年ぶりにMリーグ復帰を果たすと、さらに磨きをかけた美貌と麻雀でファンを盛り上げると、チームにも貢献。キャプテンを務め、麻雀もムード作りも全力。前年最下位のチームを、現在3位に躍進させている貴重な存在だ。

　この一局でも、東城の魅力が存分に溢れ出た。親番連荘で迎えた東1局1本場。好配牌をもらうと、2巡目にカン2索を引き入れてイーシャンテン。さらに3巡目、今度は五万を引いて一盃口を確定させると、あっという間に6・9筒待ちのテンパイにたどり着いた。

　局が始まってからわずか40秒足らずのスピードテンパイ。しかも平和・一盃口が確定しており、打点の魅力も十分だ。この絶好のテンパイ、さらにリーチを打った直後、カメラは東城の表情をアップに。口を結んではいるものの、嬉しさが隠しきれない表情にファンから「そら笑うわｗ」「ニコニコで可愛すぎる」「東城さん、嬉しそうな顔しすぎやｗ」「ぷく顔かわいい」「気持ちよさそうに曲げたｗ」とツッコミが殺到していた。

　なお東城は8巡目に9筒をツモ。リーチ・ツモ・平和・一盃口で、7800点（＋300点）を獲得した。

※連盟＝日本プロ麻雀連盟、最高位戦＝最高位戦日本プロ麻雀協会、協会＝日本プロ麻雀協会

◆Mリーグ　2018年に全7チームで発足し、2019-20シーズンから全8チーム、2023-24シーズンからは全9チーム、2025-26シーズンから全10チームに。各チーム、男女混成の4人で構成されレギュラーシーズン各120試合（全300試合）を戦い、上位6チームがセミファイナルシリーズに進出。各チーム20試合（全30試合）を戦い、さらに上位4チームがファイナルシリーズ（16試合）に進み優勝を争う。優勝賞金は7000万円。
（ABEMA/麻雀チャンネルより）
ABEMA TIMES編集部",[],[]
官邸関係者の“核発言”「罷免に値する」公明代表（ABEMA TIMES）,https://news.yahoo.co.jp/articles/c6fcecd74b6d9d207ad1061ead9c45f17c1c3199,https://newsatcl-pctr.c.yimg.jp/t/amd-img/20251219-10215400-abemav-000-3-view.jpg?exp=10800,2025-12-19T15:21:16+09:00,2025-12-19T16:06:17+09:00,ABEMA TIMES,abema,ABEMA TIMES,393,"公明党・斉藤代表
安全保障政策を担当する官邸関係者が個人的な見解として核保有の必要性に触れたことについて、公明党の斉藤代表は「罷免に値する」と批判しました。
【映像】斉藤代表「驚きと怒り」 官邸関係者の“核発言”に
「被爆80年の節目の年にこのような発言が出たことに対して、驚きと怒りを感じております。官邸、それも安全保障・核軍縮を担当している幹部からこのような発言が出たということは、許せない思いでいっぱいです。罷免に値する重大な発言だと思います」（公明党・斉藤代表）

　斉藤代表は、「軽々に個人的見解を発言すべき問題ではない」と苦言を呈した上で、「外交上、日本の立場を不利にする」発言だとも指摘しました。

　その上で、「核保有はかえって日本の安全保障環境を劇的に悪化させるものだ」と述べ、改めて非核三原則を堅持すべきと訴えました。（ANNニュース）
ABEMA TIMES編集部",[],[]
「これはお見事だね！」解説も絶賛 中田花奈の混一色一気寄せ、逆転アガリへの糸を掴んだ決断「素直にすごいわ」とファンも称賛/麻雀・Mリーグ（ABEMA TIMES）,https://news.yahoo.co.jp/articles/4585c2db1b85fc12048942359484822373909644,https://newsatcl-pctr.c.yimg.jp/t/amd-img/20251219-10215399-abema-000-1-view.jpg?exp=10800,2025-12-19T15:21:16+09:00,2025-12-19T15:21:16+09:00,ABEMA TIMES,abema,ABEMA TIMES,1173,"中田花奈
追いかけるしかないラス目だったとはいえ、腹を括った決断は見事だと絶賛された。「大和証券Mリーグ2025-26」12月18日の第1試合でBEAST X・中田花奈（連盟）がオーラスに、KONAMI麻雀格闘倶楽部・伊達朱里紗（連盟）を抜いて逆転で3着に。貴重なアガリに称賛の声が集まるとともに、そのアガリにつながる選択には解説者からも「これはお見事」と称えられた。
【映像】選択ばっちり！中田花奈、オーラスでラス回避の満貫ツモシーン
今期、急成長を遂げたといわれる中田。放銃率は全選手の中でも最も低い0.07％で、持ち前の守備的な麻雀が成長、さらにチームメイトの下石戟（協会）のアドバイスにより押し引きもレベルアップ。個人3ケタプラスを築くまでになっている。

　3年目で成長した姿をまたも見せたシーンがオーラス南4局だ。中田は9000点持ちのラス目。3着目のKONAMI麻雀格闘倶楽部・伊達朱里紗（連盟）とは8700点差あり、出アガリなら跳満以上、ツモなら満貫以上が必要という厳しい状況だった。配牌は役牌の白を含んで対子が4組。ドラはなくピンズとソウズが多めという牌姿だった。リーチ・ツモ・七対子では6400点（1600・3200）で伊達を逆転できるが、他者からの出アガリでは届かないため、難しい選択だ。

　すると4巡目、オタ風ながら北も対子にしたことで、混一色・七対子の気配も漂い始め、ここから中田は覚悟を決めてソウズの混一色にシフト。5巡目、今度は6索を暗刻にすると、思い切って3筒の対子落としを選択。単なる七対子には完全に見切りをつけた。

　この判断が大正解だった。白、9索と立て続けにポンし、13巡目でついに3索・北のシャンポン待ちでテンパイ。最終盤の19巡目、3索を見事に引き、混一色・対々和・白の満貫、8000点でラス回避に成功した。解説を務めた河野直也（最高位戦）も「これはお見事だね！構想力が。本当に難しい状況で正解を導き出しました」と絶賛。ファンも「きたー！」「お見事です」「中田素直にすごいわ」と称えるコメントがずらりと並んでいた。

※連盟＝日本プロ麻雀連盟、最高位戦＝最高位戦日本プロ麻雀協会、協会＝日本プロ麻雀協会

◆Mリーグ　2018年に全7チームで発足し、2019-20シーズンから全8チーム、2023-24シーズンからは全9チーム、2025-26シーズンから全10チームに。各チーム、男女混成の4人で構成されレギュラーシーズン各120試合（全300試合）を戦い、上位6チームがセミファイナルシリーズに進出。各チーム20試合（全30試合）を戦い、さらに上位4チームがファイナルシリーズ（16試合）に進み優勝を争う。優勝賞金は7000万円。
（ABEMA/麻雀チャンネルより）
ABEMA TIMES編集部",[],[]
究極レベルの“セレブ配牌”豪運の美女雀士が引き寄せた超豪華ダブルリーチに「なにこれーｗ」「やばすぎー！」/麻雀・Mリーグ（ABEMA TIMES）,https://news.yahoo.co.jp/articles/52e05ba15bee1f834e16b8ac51651a8dab35660f,https://newsatcl-pctr.c.yimg.jp/t/amd-img/20251219-10215376-abema-000-2-view.jpg?exp=10800,2025-12-19T14:30:37+09:00,2025-12-19T15:21:16+09:00,ABEMA TIMES,abema,ABEMA TIMES,985,"黒沢咲
選ばれし者にしか訪れないのではと思わせるほどの配牌だ。「大和証券Mリーグ2025-26」12月18日の第1試合にTEAM雷電・黒沢咲（連盟）が出場。東4局では、これぞセレブと言わんばかりの豪華な配牌からダブルリーチを宣言し、ファンを驚かせた。
【映像】目がチカチカする！まさに“セレブ配牌”の大チャンス
黒沢といえば気品漂う振る舞いと、門前高打点というスケールの大きな麻雀を打つことから「セレブ」と呼ばれ親しまれている。過去には個人タイトルの一つである最高スコア賞を獲得したこともあり、好調時にはドラの方から寄ってくるかのように、どんどんと手が高くな理、周囲の選手からも恐れられている。

　持って生まれた強運の持ち主だからこそという配牌が訪れたのは東4局。前局に満貫をアガって2着目に浮上した黒沢が開けた配牌は、6筒の暗刻に、各種の数牌で2・3・4の三色同順が丸見えといった大チャンス。さらに第1ツモで6索を重ねて雀頭となったことでテンパイ。迷わず二万を切り、ド高目の4索ならタンヤオ・三色同順が同時に成立する、一・四万待ちのダブルリーチを敢行した。

　ダブルリーチだけでも2翻役。仮にかけられたとしても愚形待ちになるケースも多い中、しっかりと両面待ち、しかもド高目もあるという豪運ぶりにファンも驚くばかり。「セレブ配牌！」「なにこれーｗ」「反則だろ」「この形がダブリーとか」「やばすぎー！！！！」といったコメントが殺到した。

　なお黒沢は、終盤15巡目にKONAMI麻雀格闘倶楽部・伊達朱里紗（連盟）からこぼれた一万でロンアガリ。ダブルリーチのみの2600点を回収した。

※連盟＝日本プロ麻雀連盟、最高位戦＝最高位戦日本プロ麻雀協会、協会＝日本プロ麻雀協会

◆Mリーグ　2018年に全7チームで発足し、2019-20シーズンから全8チーム、2023-24シーズンからは全9チーム、2025-26シーズンから全10チームに。各チーム、男女混成の4人で構成されレギュラーシーズン各120試合（全300試合）を戦い、上位6チームがセミファイナルシリーズに進出。各チーム20試合（全30試合）を戦い、さらに上位4チームがファイナルシリーズ（16試合）に進み優勝を争う。優勝賞金は7000万円。
（ABEMA/麻雀チャンネルより）
ABEMA TIMES編集部",[],[]
サウナ店で夫婦死亡 夫は背中全体もやけど（ABEMA TIMES）,https://news.yahoo.co.jp/articles/d2216a44150af4ed5ace46018f7d29b28b88ef81,https://newsatcl-pctr.c.yimg.jp/t/amd-img/20251219-10215378-abemav-000-2-view.jpg?exp=10800,2025-12-19T14:24:15+09:00,2025-12-19T15:06:17+09:00,ABEMA TIMES,abema,ABEMA TIMES,444,"火事の起きた赤坂のサウナ店
東京・赤坂の高級個室サウナ店で客の夫婦が死亡した火事で、夫は腕や腰のほかに背中全体に火傷を負っていたことがわかりました。
【映像】火事の起きたサウナ店周辺の様子
15日、港区赤坂のサウナ店の個室で火事があり、客の松田政也さん（36）と妻の陽子さん（37）が死亡しました。

　閉じ込められた室内で政也さんは陽子さんに覆いかぶさった状態で倒れていました。陽子さんは右の肩から腕にかけて火傷を負いましたが、その後の捜査関係者への取材で、政也さんは腕や腰のほかに背中全体に火傷を負っていたことがわかりました。政也さんの火傷の範囲が広いのは、陽子さんを守ろうと覆いかぶさったためとみられています。

　また、閉じ込められた室内の通風口の板が壊されていたこともわかりました。2人が外に異変を知らせるために壊した可能性もあるということです。

　警視庁は業務上過失致死も視野に、会社の安全管理に問題がなかったか調べています。（ANNニュース）
ABEMA TIMES編集部",[],[]
官邸関係者が“核保有”発言 官房長官「非核三原則を堅持」（ABEMA TIMES）,https://news.yahoo.co.jp/articles/bb4e27a4d09fc0c92cef1fe062360e401a30b968,https://newsatcl-pctr.c.yimg.jp/t/amd-img/20251219-10215380-abemav-000-2-view.jpg?exp=10800,2025-12-19T14:24:15+09:00,2025-12-19T15:03:15+09:00,ABEMA TIMES,abema,ABEMA TIMES,463,"首相官邸
官邸関係者が個人的な見解とした上で「私は核を持つべきだと思っている」と述べたことについて、木原官房長官は「政府は非核三原則を堅持している」と強調しました。
【映像】木原官房長官のコメント
高市総理大臣に安全保障政策についてアドバイスする立場のこの官邸関係者は、日本を取り巻く安全保障環境が厳しさを増す中で、日本としても核兵器の保有について議論する必要があるとの考えを示しました。そのうえで「私は核を持つべきだと思っている」と述べました。発言は、オフレコを前提にした記者団による非公式取材の場で出たものです。

「個別の報道の逐一についてコメントすることは差し控えさせていただきます。政府としては非核三原則を政策上の方針として堅持をしている」（木原官房長官）

　政府関係者からは「立場がある人の発言ではない」「普通は『核兵器保有』なんて口にしない」といった声が上がるほか、自民党の中谷前防衛大臣は「発言が公になった以上、政権はしかるべき対応をとるべき」と指摘しました。（ANNニュース）
ABEMA TIMES編集部",[],[]
「スマホ新法」でアプリが安くなる？ リスクが増加？ ユーザーの影響を考える（ABEMA TIMES）,https://news.yahoo.co.jp/articles/3f1f68d6f4ce8c16ff492e3394666fafde690ba3,https://newsatcl-pctr.c.yimg.jp/t/amd-img/20251219-10215375-abemav-000-1-view.jpg?exp=10800,2025-12-19T13:51:16+09:00,2025-12-19T13:51:16+09:00,ABEMA TIMES,abema,ABEMA TIMES,1213,"iPhoneの選択画面
18日全面施行となった「スマホ新法」によって何が変わるのか？ テレビ朝日経済部の福田伊緒梨記者に聞いた。
【映像】iPhoneアップデート後の作業（手順を実践）
━━スマホ新法とはどのようなものか？

「正式名称は『スマートフォンにおいて利用される特定ソフトウェアに係る競争の促進に関する法律』。モバイルOS、アプリストア、ブラウザ、検索エンジンといったスマホソフトウエア市場で自由で競争を促す法律として施行された」
アプリストアの変化で「価格面」も変わるのか？
アプリストア新規参入が可能に
━━ユーザー側にはどのような影響があるのか？

「ユーザー視点として変わるのは大きく2つ。1つ目がアプリストア、2つ目がブラウザと検索エンジンだ。まずはアプリストアは便利なアプリが増える点が利用者にとって大きい。背景として、今までAppleとGoogleがそれぞれ作っている大きなアプリストアがあり、新しい事業者が参入することは難しかった。加えて、アプリストアにアプリを出す時に、審査を通らないとアプリを出せなかった。だが、スマホ新法が施行されたことで『新しい企業がアプリストアに参入してもAppleとGoogleは妨害しない』という禁止事項ができ、新規参入が可能になった」

━━アプリストアの変化で「価格面」も変わるのか？

「アプリの決済サービスが多様化される可能性が出てきた。今までは、例えばゲームアプリを提供する事業者は販売する際に最大で30％の販売手数料をAppleやGoogleに支払わなければいけなかった。しかし、今回の法律が施行されることでアプリ内だけではなく、アプリ事業者が作ったウェブサイトで払うように誘導することが可能になる。そうなると、実際に手数料が以前よりも安くなったり、払わなくてよくなるケースも出てくるため、その分アプリの販売価格が抑えられる可能性が出てくる」

━━2つ目のブラウザと検索エンジンの影響は？

「スマートフォンを新しく買ったり、アップデートする際にブラウザや検索エンジンが自分で選べるようになる。実際に新しいOSにアップデートしたiPhoneで実践していく。まず、左下にあるSafariを開くと『iOSでは、デフォルトのWebブラウザを選択することができます』という表示が出てくる。ここで『続ける』を選択するといくつかのブラウザが出てきて自分で好きなものを選べる」

━━スマホ新法のリスクは？

「自由な競争が促進される一方で新しい事業者が出てくる。今までAppleやGoogleは審査がしっかりしており、セキュリティもかなり気にしながら運営してきたが、新規の事業者の影響でサイバー攻撃やセキュリティ上のリスクやプライバシーや詐欺など、利用者を保護する仕組みが不十分になってしまう可能性もある」

（ABEMA/ニュース企画）
ABEMA TIMES編集部",[],[]
官邸関係者「核を持つべきだ」発言めぐり木原官房長官に質問集中「今後、核保有・核共有を検討する？」「発言の撤回を指示する？」 回答は？（ABEMA TIMES）,https://news.yahoo.co.jp/articles/3773e8a0d989f8b1a5c55d65411ba8e42b2d38f5,https://newsatcl-pctr.c.yimg.jp/t/amd-img/20251219-10215368-abemav-000-1-view.jpg?exp=10800,2025-12-19T13:39:15+09:00,2025-12-19T13:39:15+09:00,ABEMA TIMES,abema,ABEMA TIMES,1656,"木原官房長官
高市政権で安全保障政策を担当する官邸関係者が、オフレコを前提にした記者団による非公式取材の場で、個人的な見解としたうえで「私は核を持つべきだと思っている」と述べ、日本の核兵器保有が必要だとの考えを示した。このことについて波紋が広がっている。
【映像】「核共有」に言及する木原官房長官（実際の様子）
19日の会見で、木原稔官房長官に記者団からの質問が集中した。

　記者は官邸関係者の発言について「従来の政府見解とは異なる認識ですが、日本の安全、安全保障政策に影響のある立場の人物で『核兵器を保有すべきだ』との発言、どう捉えていらっしゃいますか？ また、諸外国に対しても誤ったメッセージになりかねない状況ですが、発言した幹部の起用を続けますか？」と質問。

　木原官房長官は「報道については承知をしておりますが、個別の報道の逐一についてコメントすることは差し控えさせていただきます。政府としては、非核三原則を政策上の方針として堅持しているということは申し上げておきます」と答えた。

　続けて別の記者が「中谷元・前防衛大臣は今日この発言について『然るべき対応をすべきだ』と述べました。発言の撤回を指示されますか？」と聞くと、木原官房長官は「繰り返しになりますけども、個別の報道の逐一についてコメントすることは差し控えます。改めて、政府として非核三原則を政策上の方針として堅持しています」と述べた。

　官邸関係者の発言に関する質問はなおも続く。

　記者が「確認ですが、政府として今後核保有を議論するお考えはありますか？ また、核兵器の米軍と共同運用する核共有を検討する考えがあるかもお伺いします」と質問。

　これに木原官房長官は「非核三原則についての立場は度々今お答えした通りでありますが、戦後、我が国は一貫して国際社会の平和と繁栄に貢献してきておりまして、こういう立場に変わりはございません。また、我が国は、唯一の戦争被爆国として、国際社会と緊密に連携しながら、核兵器のない世界の実現に向けて、NPT（核兵器不拡散条約）体制を維持・強化するための現実的かつ実践的な取り組みを進めていく考えです。核共有というご指摘もありましたが、政府としては、一般に、いわゆる核共有は、平素から自国の領土に米国の核兵器を置いて、有事には自国の戦闘機等に核兵器を搭載、運用可能な体制を保持することによって、自国との防衛のために米国の核抑止を共有するといった枠組みと考えられていると承知をしております。核共有については、仮に先ほど申し上げたような枠組みを指すのであれば、政府としては、非核三原則や原子力基本法をはじめとする法体系との関係からこれは認められないと、そのように考えております」と答えた。

　さらに記者が「核兵器の健康被害の非人道性について、政権としてどのように捉えていますか？ また、被爆者が求める核兵器禁止条約へのスタンスについてもお伺いします」と質問。木原官房長官は「核兵器は人類に多大な惨禍をもたらしうるものであり、将来二度と使用されることがない、核兵器のない世界に向けた国際社会の取り組みを主導していくことは、唯一の戦争被爆国である我が国の使命であると考えています。核兵器禁止条約への対応については、国際社会の情勢を見極めつつ、我が国の安全保障の確保と核軍縮の実質的な進展のために何が真に効果的かという観点から慎重に検討する必要があると考えております」と答えた。

　高市総理大臣に安全保障政策についてアドバイスする立場にあるこの官邸関係者は、日本を取り巻く安全保障環境が厳しさを増すなかで、日本としても核兵器の保有について議論する必要があるとの考えを示し、「私は核を持つべきだと思っている」と発言していた。

　高市総理は、核兵器を持たないなどとする非核三原則の運用の変更について、現時点で政府として検討していないとの認識を示している。
（ABEMA NEWS）
ABEMA TIMES編集部",[],[]
長期金利 一時2％台に上昇 19年半ぶり高水準（ABEMA TIMES）,https://news.yahoo.co.jp/articles/073337a94406f634a77d46b0371ee5858cfb684d,https://newsatcl-pctr.c.yimg.jp/t/amd-img/20251219-10215374-abemav-000-1-view.jpg?exp=10800,2025-12-19T13:30:35+09:00,2025-12-19T13:30:35+09:00,ABEMA TIMES,abema,ABEMA TIMES,230,"森川アナ
債券市場で、長期金利が一時、節目となる2％台に上昇しました。19年半ぶりの高水準です。
【映像】長期金利 一時2％台に上昇
長期金利の指標となる新規発行の10年物国債の利回りは、午後1時前に2.000％をつけました。2006年5月以来、約19年半ぶりです。

　日本銀行が先ほど政策金利を約30年ぶりの水準となる0.75％程度に引き上げることを決めたことなどで、長期国債への売りが強まったとみられます。（ANNニュース）
ABEMA TIMES編集部",[],[]
"""ブレイキングダウン""会見中のビンタでくも膜下出血判明・やるべしたら竜「自分でまいたタネぐらい自分で拾えよ」対戦予定相手が格闘技引退表明（ABEMA TIMES）",https://news.yahoo.co.jp/articles/a769d2604fa6c258a2fa0fe53c8c9bf51c467586,https://newsatcl-pctr.c.yimg.jp/t/amd-img/20251219-10215249-abema-000-3-view.jpg?exp=10800,2025-12-19T13:24:16+09:00,2025-12-19T15:24:16+09:00,ABEMA TIMES,abema,ABEMA TIMES,866,"やるべしたら竜
格闘技イベント「BreakingDown18」に出場予定だったやるべしたら竜の対戦相手・江口響が格闘技引退を表明した。
【映像】くも膜下出血を発表したやるべしたら竜の最新動画
竜は、13日に行われた「BreakingDown18」の前日会見で対戦を予定していた江口と向き合った際、江口から不意打ちのビンタを食らい、後ろに倒れ、頭を地面に強打。医療チームが駆けつける緊急事態となり、翌日の試合は中止となった。

　竜は、15日に更新したInstagramのストーリーズで、「くも膜下出血で脳内に出血が発見されて、状態は良くないです」と報告している。

　16日に更新したXでは、「相手の江口選手を問い詰めるつもりもないですし、ブレイキングダウンに対して、今までやってきたことが間違いっていうことも思ってないですし本当に重なるタイミングで、今回自分がこうなってしまったっていうふうに思っているので。僕や江口がこの大会に対してすごく意気込みがあって自分でやらなきゃいけなかったっていうことが重なってじゃないですけどできた出来事なので相手の選手も電話した時は、本人なのかなって思うぐらい反省して『もう格闘技やめないといけない』とかまで言ってたんですけども、僕はそうは思ってなくて、自分でまいたタネぐらい自分で拾えよって思うんですよね」と江口に対する思いを語った。
江口響、格闘技引退を表明
江口響のX
17日には、江口がXを更新。

　「くも膜下出血が判明してから、自分は間違ったことをしてしまったと思いました。素直に謝罪できず、竜くんや家族、関係者をさらに傷つけてしまい大変申し訳なく思っています。すみませんでした。竜くんとも話し合って今後の責任は取ろうと思ってます。格闘技ももちろん辞めますしブレイキングダウンも出ないです。運営の方にも本当にご迷惑をおかけして、色んな方に声かけて頂いてそれだけが救いでしたありがとうございました」と格闘技引退を表明している。（『ABEMA NEWS』より）
ABEMA TIMES編集部",[],[]
日銀 政策金利を0.75％程度に引き上げ（ABEMA TIMES）,https://news.yahoo.co.jp/articles/309960ea3ac69926b76e0f1a214867b14a5fcb3d,https://newsatcl-pctr.c.yimg.jp/t/amd-img/20251219-10215373-abemav-000-1-view.jpg?exp=10800,2025-12-19T13:15:35+09:00,2025-12-19T13:15:35+09:00,ABEMA TIMES,abema,ABEMA TIMES,148,"日本銀行
日本銀行は金融政策決定会合で、今年1月以来となる利上げを決めました。

　政策金利である短期金利の誘導目標をこれまでの0.5％程度から、30年ぶりの高い水準となる0.75％程度に引き上げます。（ANNニュース）
【映像】日銀 今年1月以来となる利上げを決定
ABEMA TIMES編集部",[],[]
2匹の子猫がシンクロジャンプ！息ぴったりの動きに「次のオリンピックには代表確定」と反響（ABEMA TIMES）,https://news.yahoo.co.jp/articles/f10d707d9a75136195fbc825d8813765f8305796,https://newsatcl-pctr.c.yimg.jp/t/amd-img/20251219-10215264-abema-000-1-view.jpg?exp=10800,2025-12-19T13:00:39+09:00,2025-12-19T13:00:39+09:00,ABEMA TIMES,abema,ABEMA TIMES,454,"猫の磨崙と虔祷
シンクロする2匹の子猫の姿が、話題になっている。

　投稿したのは、猫の磨崙（推定生後2カ月半）と虔祷（推定生後2カ月半）の飼い主（@nekokamasu）。「シンクロナイズド子猫の練習」というコメントとともに、おもちゃで遊んでいる磨崙と虔祷がシンクロする様子をXに投稿した。
【映像】2匹の子猫の見事なシンクロジャンプ
息ぴったり！シンクロジャンプする子猫
猫の磨崙と虔祷
投稿者は、磨崙と虔祷を保護預かり中なのだという。2匹は、『成長期かつ猫の社会性を養う時期』のため、20分程度遊ばせて成長具合を確かめているそうだ。

　さらに、磨崙と虔祷は食事のときや、レスリングのようにじゃれあうときも、“シンクロ”がみられるのだという。飼い主は、『幸せに巣立つ準備のため頑張ってもらいます』と話している。

　投稿を見た人からは、「次のオリンピックには代表確定」「きれいなジャンプ」「素晴らしいフィジカル」などのコメントが寄せられている。（『わたしとニュース』より）
ABEMA TIMES編集部",[],[]
「こう掘るのよ！」負けられない掘り合いをする“姉妹”の姿に「姉妹で行動が同じすぎてかわいいです」と反響（ABEMA TIMES）,https://news.yahoo.co.jp/articles/e39f5f88626aad7896bb29ab5659755480b96b7e,https://newsatcl-pctr.c.yimg.jp/t/amd-img/20251219-10215261-abema-000-1-view.jpg?exp=10800,2025-12-19T12:30:39+09:00,2025-12-19T12:30:39+09:00,ABEMA TIMES,abema,ABEMA TIMES,511,"ミニチュアダックスフントのちゃちゃちゃん
姉妹の負けられない掘り合いが、話題になっている。

　投稿したのは、ミニチュアダックスフントのちゃちゃちゃん（4歳）の飼い主（@chacha210309）。飼い主の娘とちゃちゃちゃんがパパの腕を掘る様子を、Xに投稿した。
【映像】姉妹でパパの腕を掘る様子（実際の映像）
「こう掘るのよ！」姉妹の負けられない掘り合い
ちゃちゃちゃんの真似をする娘
実はこのとき、パパへの”進撃”を始めたのはちゃちゃちゃんからなのだそう。ちゃちゃちゃんにとって、パパは普段から一番の遊び相手なのだという。

　飼い主によると、今回の遊びがはじまったのは偶然だという。だが、ちゃちゃちゃんより歳下で、“妹的存在”の娘は最近ちゃちゃのマネをするようになったのだという。

　「こう掘るのよ！」と言わんばかりにひたむきなちゃちゃちゃん。これから娘の頼れるお姉さんになっていくのかもしれない。

　投稿を見た人からは、「姉妹で行動が同じすぎてかわいいです」「何よー！アタシの方がうまいのよー！」「めっちゃ仲良しやん…」などのコメントが寄せられている。（『わたしとニュース』より）
ABEMA TIMES編集部",[],[]
鈴木蘭々（50）、「外国＋大学生に間違えられて」最新ショット公開「全然20代でも通用しちゃいますね」と反響（ABEMA TIMES）,https://news.yahoo.co.jp/articles/8144a6e4e25f941aeb709271f4e516f1648139c5,https://newsatcl-pctr.c.yimg.jp/t/amd-img/20251219-10215248-abema-000-1-view.jpg?exp=10800,2025-12-19T12:18:15+09:00,2025-12-19T12:18:15+09:00,ABEMA TIMES,abema,ABEMA TIMES,569,"鈴木蘭々
タレントの鈴木蘭々（50）が“大学生”に間違えられたという最新の動画を披露し、反響を呼んでいる。
【映像】「大学生に間違えられた」鈴木蘭々最新動画
これまでも自身のSNSで、ライブのリハーサル風景や自宅で飼い猫とリラックスする“無防備”ショットなど、仕事やプライベートについて発信している鈴木。

　12月1日にはXを更新し、「散髪 最近はずっと前下がりボブスタイル」とつづった、“イメチェン”ショットを披露し、話題になっていた。
鈴木蘭々、“大学生”に間違えられた最新動画を公開
鈴木蘭々
16日の更新では、赤のジャケットにメガネとマスクをしたラフな姿で夜の街を歩く動画をアップ。「きょうはこのいでたちでみどりの窓口へ行ったら外国人+大学生に間違えられて親切なおじさんから学割を促されました」と、約30歳若く見られたという、驚きのエピソードを明かした。

　翌日には「ちなみに親切で教えてくれているので、そのままその人物として演じ切るか否か焦って迷った末に小声でサンキューって言ってしまった自分がとても恥ずかしかったです…」と振り返っている。

　この投稿にファンから「すごい 全然20代でも通用しちゃいますね」「確かに幼く見える」などのコメントが寄せられている。（『ABEMA NEWS』より）
ABEMA TIMES編集部",[],[]
19歳・岩村凛太朗四段、待望のデビュー戦！竜王戦初参戦で実力者の中七海女流三段と激突/将棋・竜王戦6組（ABEMA TIMES）,https://news.yahoo.co.jp/articles/4e3de551df2bf9ee90c85c3ef5071b2fd2cadbc5,https://newsatcl-pctr.c.yimg.jp/t/amd-img/20251219-10215367-abema-000-1-view.jpg?exp=10800,2025-12-19T12:09:15+09:00,2025-12-19T12:09:15+09:00,ABEMA TIMES,abema,ABEMA TIMES,787,"中女流三段（左）と岩村四段
将棋の第39期竜王戦6組ランキング戦が12月19日、東京・将棋会館で行われ、岩村凛太朗四段（19）と中七海女流三段（27）が現在対局中だ。10月1日にプロ入りした岩村四段は、本局がデビュー戦。中女流三段は竜王戦初参加となる。
【映像】岩村四段VS中女流三段 対局開始時の表情
岩村四段は、2025年10月にプロ入り。東京都練馬区出身の19歳で、相振り飛車、阪田流向かい飛車を得意としている。また、詰将棋でも棋界トップクラスの実力を持ち、2025年3月に行われた詰将棋解答選手権チャンピオン戦では優勝の藤井聡太竜王（名人、王位、棋聖、棋王、王将、23）に次ぐ2位の成績を挙げた。さらに、詰将棋作家の顔も持ち、優れた詰将棋作品に与えられる看寿賞を3度受賞している。

　中女流三段は、神戸市出身の元奨励会員で女性として3人目の三段昇段者だった。年齢制限により退会し、2024年11月に女流棋士に転向。2025年度の女流王将戦では挑戦者決定戦で福間香奈女流六冠（33）を破り、西山朋佳女流王将（30）に挑戦した。初のタイトル戦は1勝2敗で敗退となったが、今後“福間・西山”の女流二強体制を打ち破る存在として大きな注目を集めている。なお、中女流三段は竜王戦初参戦で、自身にとって最長の持ち時間を戦うこととなる。

　両者は公式戦初手合いとなるが、三段リーグで2局対戦経験があり、いずれも岩村四段が白星を飾っている。注目の一戦は振り駒で岩村四段に決定。戦型は雁木となった。持ち時間は各5時間。

【昼食の注文】

岩村凛太朗四段　炒飯
中七海女流三段　注文なし

【昼食休憩時の残り持ち時間】

岩村凛太朗四段　4時間16分（消費44分）
中七海女流三段　3時間46分（消費1時間14分）

（ABEMA/将棋チャンネルより）
ABEMA TIMES編集部",[],[]
今年の世相は“何を食べたか”でわかる？2025年「今年の一皿（R）」発表（ABEMA TIMES）,https://news.yahoo.co.jp/articles/2f8a4ce2074b6b62bb7f1ee861b0748d61bf0386,https://newsatcl-pctr.c.yimg.jp/t/amd-img/20251219-10215267-abema-000-1-view.jpg?exp=10800,2025-12-19T12:00:39+09:00,2025-12-19T12:00:39+09:00,ABEMA TIMES,abema,ABEMA TIMES,854,"2025年「今年の一皿（R）」
2025年の「今年の一皿（R）」が発表され、注目を集めている。

　発表したのは、グルメ情報サイト「ぐるなび」。今年で 12 回目を迎える「今年の一皿（R）」は、その年の世相を反映した象徴的な食を選定・発表している。「食文化の記録として後世に受け継ぐ価値があること」などが選定の条件となっている。
【映像】印象に残っている食べ物は？2025年の「今年の一皿（R）」
世相を映す食トレンド発表！「今年の一皿（R）」
2025年「今年の一皿（R）」
ノミネートされるも惜しくも受賞とはならなかったのは、「麻辣湯（マーラータン）」と「ご当地うどん」。麻辣湯は薬膳スープで麺と具材を煮込む料理で、多種多様な食材や辛さを選べるカスタマイズ性が人気を集め、都市部のみならず全国で急増している。

　ご当地うどんは、手頃な価格で満足感が高く、各地域の文化を表現し、地方で愛されてきた味が飲食店を通じ都市部へ進出することで市場が全国的に活性化している点が注目されている。

　準大賞は「抹茶」で、日本の「Matcha」が世界に発信されインバウンド消費を牽引し、緑茶の輸出額が過去最高額を記録したことや、急激な需要の増加により原料不足が生じ、次世代へつなぐための持続可能性の追求が活発になったことが注目された。

　そして、「今年の一皿（R）」に選ばれたのは「お米グルメ」で、猛暑による不作や価格高騰により米の安定供給への関心が高まったこと、玄米や雑穀米などの健康米市場が拡大したこと、備蓄米を美味しく食べる調理の工夫など新たな価値観が広がり、様々な米の楽しみ方の提案が加速したことが選定理由となった。

「2025年のマイ・晴れごはんはなんですか？」という質問に、ニュース番組『わたしとニュース』のハレバレンサーを務める弁護士の三輪記子氏は、「エビの出汁を使っている麺（料理）。とても美味しくて、ずっと流行っています」とコメントした。（『わたしとニュース』より）
ABEMA TIMES編集部",[],[]
「国際卓越研究大」候補に東京科学大、京都大（ABEMA TIMES）,https://news.yahoo.co.jp/articles/6e6fe4a21d8d84cbfa8c7fe190392cfbdb3dba22,https://newsatcl-pctr.c.yimg.jp/t/amd-img/20251219-10215363-abemav-000-1-view.jpg?exp=10800,2025-12-19T11:33:15+09:00,2025-12-19T11:33:15+09:00,ABEMA TIMES,abema,ABEMA TIMES,258,"文部科学省
世界トップレベルの研究力が期待される大学を支援する「国際卓越研究大学」の候補に、東京科学大学と京都大学が選ばれました。
【映像】「国際卓越研究大」候補に東京科学大、京都大
国際卓越研究大学は、国の10兆円規模の大学ファンドの運用益から、最長で25年間支援を受けることができます。去年、第1号として東北大学が選ばれています。2回目の公募には8大学が申請し、東京科学大と京都大が認定候補に選ばれました。

　また、東京大学については審査を継続するとしています。（ANNニュース）
ABEMA TIMES編集部",[],[]
濱口優（53）、妻・南明奈（36）と3歳長男の“そっくり”な姿を紹介 ファンからは「両方のいいとこ取りなんですね」「ほっこり」など反響（ABEMA TIMES）,https://news.yahoo.co.jp/articles/c8d78d1782918aa1904ef67d3c7c8058bdbee2f8,https://newsatcl-pctr.c.yimg.jp/t/amd-img/20251219-10215247-abema-000-1-view.jpg?exp=10800,2025-12-19T11:33:15+09:00,2025-12-19T11:33:15+09:00,ABEMA TIMES,abema,ABEMA TIMES,508,"濱口優
お笑いコンビ「よゐこ」の濱口優（53）が18日、Instagramを更新。妻でタレントの南明奈（36）と、3歳の長男の“そっくり”だというしぐさを明かし、反響を呼んでいる。
【映像】濱口優、幸せあふれる家族ショット（複数）
2018年5月に南と結婚し、2022年7月に第1子となる男の子の誕生を報告している濱口。Instagramでは、夫婦で同じトレーナーを着て東京ディズニーランドを満喫する様子や、夫婦の仕事についてきたという長男が写真をチェックする姿、公園のブランコで遊んでいる親子ショットなど、家族との幸せな日常を発信している。
濱口優、妻・南明奈と3歳長男との“そっくり”なしぐさ明かす
濱口優の描いたイラスト
12月18日は、南と長男の日常の風景をイラストで紹介。

　「ふっとしたしぐさが重なる瞬間。手の出し方がそっくり。普段の表情はママそっくりでビックリしたりするとパパ似です」と、そっくりだという南と長男のしぐさを明かした。

　この投稿にファンからは、「両方のいいとこ取りなんですね」「ほっこり」などのコメントが寄せられている。（『ABEMA NEWS』より）
ABEMA TIMES編集部",[],[]
大惨事！グリルでナスが大爆発 まさかの姿に驚きの声「エイリアンだ…」（ABEMA TIMES）,https://news.yahoo.co.jp/articles/320d4c771d6f12f748a9ac730aa3cee91de87607,https://newsatcl-pctr.c.yimg.jp/t/amd-img/20251219-10215262-abema-000-1-view.jpg?exp=10800,2025-12-19T11:30:37+09:00,2025-12-19T11:30:37+09:00,ABEMA TIMES,abema,ABEMA TIMES,671,"ナスが大爆発
グリルでナスを焼いていた際に起きた、まさかの大爆発が話題になっている。

　投稿したのは、雑種犬☆永遠（とわ） TOWA ［公式］さん（@LovelyTowakun11）。魚焼きグリルの中で爆発したナスの衝撃的な姿を投稿した。グリルの網に実が絡みついたナスは、まるでエイリアンのような姿に変貌を遂げている。投稿主はこれまであまり失敗が無かったため、ナスの爆発はものすごくビックリしたそう。
【映像】エイリアン化したナスの姿
まさかのナス大爆発!! 爆誕した姿がエイリアン
ナスが大爆発
投稿を見た人からは「ものすごい形」「エイリアンだ…」「ナスって爆発するの？」「だからナスは調理する時に皮に切り込みを入れるのね…」などの声が寄せられ、投稿には約5万件の“いいね”が押されている（※数字は12月18日15時のデータ）。

　ニュース番組『わたしとニュース』は、投稿者を取材。「焼きナスにするために、皮ごと1本グリルに入れて素焼きにしていました（普段より大きなナスだった）。切れ目を入れたり穴を開けたりして、グリルの中で汁が垂れるのが嫌なので、そのような処理はしておりませんでした。結果、爆発して余計にグリルを汚したのですが 笑」と話している。

　ニュース番組『わたしとニュース』のハレバレンサーを務める弁護士の三輪記子氏は、ナス爆発させたことありますか？という質問に対し、「ナスは爆発させたことないですね。ナス好きなんですけど、炒めて食べたい派です。」とコメントした。（『わたしとニュース』より）
ABEMA TIMES編集部",[],[]
2022年にがん報告・元“うたのおにいさん”の杉田あきひろが緊急入院 元“うたのおねえさん”も動揺「驚くと同時に苦しい気持ち」（ABEMA TIMES）,https://news.yahoo.co.jp/articles/96bbf976beaf1a2c8441d2cafc6b1d75d6d3a7fa,https://newsatcl-pctr.c.yimg.jp/t/amd-img/20251219-10215246-abema-000-1-view.jpg?exp=10800,2025-12-19T11:24:15+09:00,2025-12-19T11:24:15+09:00,ABEMA TIMES,abema,ABEMA TIMES,724,"杉田あきひろ
NHK「おかあさんといっしょ」の元うたのおにいさんで、歌手の杉田あきひろ（60）が、救急搬送されて緊急入院したことを報告した。
【映像】杉田あきひろ、入院中の様子
2022年8月にがんを患っていることが判明し、その年の10月、「中咽頭がんの放射線治療と化学療法を終えて無事退院いたしました！」と報告していた杉田。
杉田あきひろ、救急搬送されて緊急入院したことを報告
杉田あきひろ
2025年12月18日に更新したInstagramでは、「12月15日深夜未明に病院に救急搬送されて緊急入院となっています。病名はうっ血性心不全、それに伴う心筋梗塞の疑いがあるとのことで心臓カテーテル検査のための入院です。12月14日の厚生労働省さん主催の【依存症シンポジウム IN 大阪】のステージで歌った後、普段より激しい動悸が襲ってきて動けなくなり怖くなったのですが。その夜から胸が苦しくなり呼吸ができなくなってこれ以上の我慢は無理だと判断して救急搬送されました」と経緯を説明。退院までに2週間かかるということである。

　この投稿に「おかあさんといっしょ」で、うたのおねえさんとして共演し、2人でライブも行ったことがある歌手のつのだりょうこ（49）が「ニュースなどで知り、驚くと同時に苦しい気持ちです。杉田あきひろお兄さんが、一日でも早く回復されます事を祈っています」とコメント。

　ファンからは「突然のことで驚きました。とても心配です」「おにいさん心配です 早く元気になってください」「助かって良かったです 今はご自身の体優先でお過ごしくださいね」などのコメントが寄せられている。（『ABEMA NEWS』より）
ABEMA TIMES編集部",[],[]
官邸関係者「核を持つべきだ」発言 中谷前防衛大臣が責任論に言及「軽々に話すべきではない」（ABEMA TIMES）,https://news.yahoo.co.jp/articles/63f2762ad7331acd434a4438e880d05d0894e773,https://newsatcl-pctr.c.yimg.jp/t/amd-img/20251219-10215356-abemav-000-1-view.jpg?exp=10800,2025-12-19T11:18:14+09:00,2025-12-19T11:18:14+09:00,ABEMA TIMES,abema,ABEMA TIMES,1092,"中谷前防衛大臣
高市政権で安全保障政策を担当する官邸関係者が、オフレコを前提にした記者団による非公式取材の場で、個人的な見解としたうえで「私は核を持つべきだと思っている」と述べ、日本の核兵器保有が必要だとの考えを示した。このことについて波紋が広がっている。
【映像】責任論に言及する中谷前防衛大臣
自民党の中谷元・前防衛大臣は19日午前、記者団に「軽々に個人の思いを話すべきではない」「しかるべき対応をしなければいけない」と語り、責任論に言及した。

　記者が「昨日各社の報道で、官邸の関係者が核兵器について『保有すべきだ』というふうな発言をしたと報じられている。これについてどのような考えか？」と質問。

　中谷前防衛大臣は「私も政府の仕事をしてきてですね、いろいろとマスコミの方とも懇談することがありますが、基本的にオフレコってないんですね。やっぱり発言にはそれだけの注意と重みがありますので、軽々にですね、そういった個人の思いを話すべきではないと思います」と答えた。

　記者が「発言の中身については、政府方針とはちょっと違うと思うんですけど、これについては？」と聞くと、「ですから、政府の立場として個人的な意見を軽々に言うということは控えるべきであって、特にこういった問題においては今、政治的に議論をしている最中でありますので、よく注意をしてですね、発言しなければならないと。私も記者懇とか、いろんな形で意見を表明してますけど、重々気をつけて言ってますので。本当にそういうことが行われていたとしたら、けしからん話ですよね」と述べた。

　記者がさらに「発言された方は高市総理に安全保障について具申する立場だというふうに報じられてますけれども、この方の責任といいますか、職として続けられるべきか？」と質問。

　中谷前防衛大臣は「その発言が公になった以上、しかるべき対応をしなければいけないと思います」と責任論に言及。

　記者が「しかるべき対応というのは辞任ということですか？」と聞くと、「それはもう総理がお決めになることです」と述べた。

　高市総理大臣に安全保障政策についてアドバイスする立場にあるこの官邸関係者は、日本を取り巻く安全保障環境が厳しさを増すなかで、日本としても核兵器の保有について議論する必要があるとの考えを示し、「私は核を持つべきだと思っている」と発言していた。

　高市総理は、核兵器を持たないなどとする非核三原則の運用の変更について、現時点で政府として検討していないとの認識を示している。（『ABEMA NEWS』より）
ABEMA TIMES編集部",[],[]
「電車男」から20年・伊東美咲（48）、最新ショットに「相変わらずの美貌!!」「女神降臨！」など驚きの声（ABEMA TIMES）,https://news.yahoo.co.jp/articles/341022055957a957d5fb94a360a78cc6bc0c6265,https://newsatcl-pctr.c.yimg.jp/t/amd-img/20251219-10215245-abema-000-2-view.jpg?exp=10800,2025-12-19T11:12:16+09:00,2025-12-19T11:15:37+09:00,ABEMA TIMES,abema,ABEMA TIMES,543,"伊東美咲
俳優・伊東美咲（48）の最新ショットに、驚きの声が寄せられている。

　ファッション雑誌『CanCam』の専属モデルを経て、2000年に俳優デビューした伊東。2005年にフジテレビ系で放送されたドラマ『電車男』では、ヒロインのエルメスを演じ、人気俳優として活躍していた。
【映像】20年前の伊東美咲＆驚きの最新ショット（複数カット）
私生活では、32歳の時に結婚し、3人の子どもが誕生。現在は移住先のシンガポールが生活の拠点となっている。Instagramでは、海外での生活の様子や、仕事現場での姿を紹介している。

　伊東は育児のため俳優業を休止しており、12年ぶりとなるテレビ出演を報告した2021年8月4日の投稿にファンからは、「すごいな。全然変わっていない！」「おいおいおい！マジか!?鬼美人やないかい！変わらず美人過ぎてビビる！」など、様々な反響が寄せられ話題になった。
伊東美咲、最新ショットに驚きの声
伊東美咲
2025年12月17日には、雑誌撮影現場での最新ショットを公開。この投稿にも、「相変わらずの美貌!!まさに女神降臨！」「究極にお綺麗ですねっ！」「かわいい」などのコメントが寄せられている。（『ABEMA NEWS』より）
ABEMA TIMES編集部",[],[]
浜崎あゆみ（47）、真剣な表情のリハーサル姿に反響「若い！」「すべてが可愛い 愛おしい！」（ABEMA TIMES）,https://news.yahoo.co.jp/articles/1f733005a67d33e1f361bccb9e13e8c8232716e7,https://newsatcl-pctr.c.yimg.jp/t/amd-img/20251219-10215244-abema-000-3-view.jpg?exp=10800,2025-12-19T11:06:16+09:00,2025-12-19T11:15:37+09:00,ABEMA TIMES,abema,ABEMA TIMES,427,"浜崎あゆみ
歌手の浜崎あゆみ（47）が18日、Instagramのストーリーズを更新。真剣な表情でリハーサルに臨む姿を公開し、様々な反響が寄せられている。
【映像】「20代にみえる」浜崎あゆみ＆​​リハ中の姿
これまでにも、「20代に見えるな」「これで40代？冗談ですよね、なんなら昔より美人になってるじゃないですか！」と、多くの反響が寄せられたスタジオでの写真や、体のメンテナンスをしている様子など、自然体な姿をInstagramで披露している浜崎。
浜崎あゆみ、真剣な表情でリハーサルに臨む姿を公開
浜崎あゆみ
18日に更新したストーリーズでは、「No one can stop us（誰も私たちを止められない）」とつづり、真剣な表情でリハーサルに臨む写真を公開した。

　この投稿にも、「若い！」「すべてが可愛い 愛おしい！」「体には気をつけてね」など、様々なコメントが寄せられている。（『ABEMA NEWS』より）
ABEMA TIMES編集部",[],[]
「SNSさらし」は正義か私刑か 誰もが“監視カメラ”を持つ失敗できない社会の危うさ 識者が鳴らす警鐘 ひろゆき氏は「さらす方が抑止力になる」と持論（ABEMA TIMES）,https://news.yahoo.co.jp/articles/3995c230160df4c30f3faf0fc0f3d497f38c0138,https://newsatcl-pctr.c.yimg.jp/t/amd-img/20251219-10215335-abema-000-2-view.jpg?exp=10800,2025-12-19T11:00:37+09:00,2025-12-19T14:30:37+09:00,ABEMA TIMES,abema,ABEMA TIMES,2403,"SNSさらしの是非
インドネシアでの修学旅行中に起きた万引き事件の動画拡散から、身近なマナー違反の告発まで、現代社会において「SNSさらし」は日常的な光景となりつつある。誰でもカメラを持ち、瞬時に世界へ発信できる時代、その行為は「正義」なのか、それとも「私刑」なのか。「ABEMA Prime」では、実際に投稿を行った当事者や専門家を交え、デジタル時代の新たな課題について激論が交わされた。
【映像】SNSでさらされたルール違反の鉄道ファン（実際の様子）
■修学旅行の万引き動画が世界へ拡散 一生消えない代償
万引き動画が拡散
先日、修学旅行で海外を訪れていた日本の高校生数人が、現地の店で万引きを働くという事件が起きた。事態を重く見た学校側は公式に謝罪し、「生活指導のあり方を真摯に見直す必要がある」とのコメントを発表している。

　しかし、騒動をさらに拡大させたのは、被害を受けた店舗が公開した防犯カメラの映像だった。この映像はSNSを通じて瞬く間に拡散され、高校生たちの顔が世界中にさらされる事態に発展した。ネット上では「世界中に顔がさらされるとか人生終わり」「万引きで一生後悔するはめになったな」といった厳しい声が相次いだ。若気の至りでは済まされない「デジタルタトゥー」という重すぎる代償について、日本国内でも「SNSさらしの是非」を問う議論が加速している。

　番組には、実際にSNSでマナー違反などを指摘する投稿を行っている、やきめしおさんが出演した。やきめしおさんは、ボランティアで駅前の清掃活動などを行っている立場から、若者のグループによるポイ捨てや歩きタバコの現場を撮影し、SNSに投稿した。

　その投稿の意図については「将来を担う学生さんたちへのメッセージというか、もっと品位を持ってほしいという意図で投稿した。週に何回か駅前に出て夜に清掃活動をしているが、その中でコンビニの前でたむろしてタバコを吸ったり、お酒を飲んで騒いだりといった状況があり、注意喚起という意味も込めてSNSに投稿した」と述べた。

　この「世直し」とも取れる行動に対し、出演者からは多様な反応が上がった。2ちゃんねる創設者・ひろゆき氏は「抑止力」という観点から、むしろ肯定的な見解を示している。「法が完璧ではない部分を、さらしという行為によって補っている面もある。万引き犯をさらす本屋と、さらさない本屋ならば、子どもたちはさらさない本屋の方に行く。さらす方が、結果としては抑止力になる」。

　一方、笑下村塾代表・たかまつなな氏は、さらし行為そのものが持つリスクと不確実性に懸念を抱いている。「ネットの世界は被害者と加害者がいつ逆転するかわからない。自分が正義感を持ってやった中でも、実はグループの中に注意していた人がいたかもしれない。自分から見える事実と別の事実がある可能性もある。さらすことで、逆に（さらした）本人に大きな被害が来てしまうかもしれない。使い方は本当に慎重になった方がいい」。
■識者が警鐘を鳴らす「野放しの正義」のリスク
SNSさらしをする人
SNS上のトラブルに詳しいライターの武藤弘樹氏は、現在の「さらし行為」が社会的に議論されないまま拡大している現状に強い危機感を覚えている。さらし行為がもつ構造的な問題に「さらしについて、そもそもみんなで真剣に考えてこなかった。あまりにもたくさんあるのに、現状は野放し。確かに目の前でポイ捨てをされてムカつく心情は理解できるが、顔が映った状態でさらしてしまうと、バズった時に制裁が人の手を離れてコントロールできなくなってしまう。群衆心理でどんどん騒動が大きくなり、際限なく先鋭化していくリスクがあるため、どこかで線引きをしておく必要がある」と指摘した。

　法的なリスクについても議論が及んだ。たとえ相手がマナー違反を犯していたとしても、個人の顔や情報を拡散する行為はプライバシー侵害や名誉毀損に問われ、刑事的な罰則や民事的な損害賠償を求められるリスクがある。やきめしおさんは「顔が特定できないような距離感や考慮はしているつもり」と述べているが、武藤氏は、一度拡散が始まれば投稿者の意図を超えて「過剰制裁」が起こりやすい仕組みがあることを強調した。
■「監視社会」をどう生きるか SNSとの向き合い方
武藤弘樹氏
出演者たちは「誰もがカメラを持っている」現代社会の在り方についても考えを巡らせた。近畿大学 情報学研究所 所長・夏野剛氏は、公的なルールの限界を指摘しつつ、新たな仕組みを提案する。「法律があっても、警察の目が届かないところでは『わからない』で終わってしまう。ある一定の抑制効果、特に万引きなどの犯罪に関しては必要だと思う。ただ、さらすのではなく、例えば駐車違反などのデータを公的な機関に対して直接出せる仕組みを、社会の中に組み込んでいくという方法論はあってもいい」。

　また、哲学者・森脇透青氏は、テクノロジーが生んだ「新しい不安」について次のように述べた。「スマホが出てきて、全員が監視カメラを持っているような状態になった。かつて監視カメラが導入された時は『自由とのセットで本当にいいのか』という議論があったはずだが、今はセキュリティが強くなりすぎて、一人で放っておいてもらえる自由が忘れ去られすぎている。今の社会はデジタルタトゥーによって失敗ができない相互監視の状態になっており、非常に生きづらさを感じる」。

　議論を踏まえひろゆき氏は「自衛手段として、さらすぐらいしかないという時代になりつつある。ただ、さらしすぎればさらした側が叩かれるという自浄作用もネットにはある。結局、何が面白くて何がまずいのか、議論を通じて社会が学んでいくレベルの話」と述べていた。
（『ABEMA Prime』より）
ABEMA TIMES編集部",[],[]
「キラッキラしとる」美女雀士・中田花奈、大人の雰囲気漂うヘアスタイルと美脚でファンを悩殺/麻雀・Mリーグ（ABEMA TIMES）,https://news.yahoo.co.jp/articles/3311c2de04f01e049ed829762011c2b526443cc7,https://newsatcl-pctr.c.yimg.jp/t/amd-img/20251219-10215346-abema-000-1-view.jpg?exp=10800,2025-12-19T11:00:37+09:00,2025-12-19T11:00:37+09:00,ABEMA TIMES,abema,ABEMA TIMES,758,"中田花奈
アイドル時代と同等かそれ以上に輝き始めている。「大和証券Mリーグ2025-26」12月18日の第1試合に出場したBEAST X・中田花奈（連盟）が、大人の雰囲気漂うヘアスタイルと美脚で、ファンを悩殺した。
【映像】中田花奈、大人な雰囲気のロングヘア＆抜群美脚
中田はMリーガーとして3年目のシーズンで覚醒。1年目、2年目と個人ランクでは最下層で苦戦が続いていたが、今シーズンは新加入した下石戟（協会）のアドバイスなどもあり、本来の守備的麻雀がさらにレベルアップ。しっかり守った上でチャンスで得点するというスタイルがハマり、今期は既に5勝をあげている。

　好調ぶりは立ち居振る舞いにも見られるようで、入場シーンでは毎試合にように自信が見えるような表情を支持する声が殺到。さらにこの日は、入場時にお辞儀をした瞬間、長い髪をふわっとなびかせ、その後にニコッと笑顔。ハーフパンツスタイルのユニフォームからは、グラビア写真集などでも好評の美脚ものぞき、ファンからは「キラッキラしとる」「かなりんかわいい」といった声が集まっていた。

※連盟＝日本プロ麻雀連盟、最高位戦＝最高位戦日本プロ麻雀協会、協会＝日本プロ麻雀協会

◆Mリーグ　2018年に全7チームで発足し、2019-20シーズンから全8チーム、2023-24シーズンからは全9チーム、2025-26シーズンから全10チームに。各チーム、男女混成の4人で構成されレギュラーシーズン各120試合（全300試合）を戦い、上位6チームがセミファイナルシリーズに進出。各チーム20試合（全30試合）を戦い、さらに上位4チームがファイナルシリーズ（16試合）に進み優勝を争う。優勝賞金は7000万円。
（ABEMA/麻雀チャンネルより）
ABEMA TIMES編集部",[],[]
LiSA（38）、ライブ中にステージから転落し負傷 「あまり無理しないで下さいね」と心配の声（ABEMA TIMES）,https://news.yahoo.co.jp/articles/fef1774fd0d49be9c7e69295a3da7396ff809161,https://newsatcl-pctr.c.yimg.jp/t/amd-img/20251219-10215243-abema-000-1-view.jpg?exp=10800,2025-12-19T11:00:37+09:00,2025-12-19T11:00:37+09:00,ABEMA TIMES,abema,ABEMA TIMES,442,"LiSA
ライブ中にステージから転落した歌手のLiSA（38）が、痛々しく腫れた腕を公開した。
【映像】LiSAの腫れた腕
9月から全国ホールツアーを開催しているLiSA。13日に更新したInstagramでは、前日に開催した山口県でのライブについて投稿。

　「楽しすぎてステージから落ちた時に打った腕が夜中にめちゃ腫れてきて、あしたは右腕でマイク持てないかと思ったけど、大丈夫そう。つよいからだ」「冷やしてトレーナーさんに鍼灸してもらって、一晩でこんなに治った‥！青タンにもなってない‥！すごい」と、ライブ中にステージから転落し、けがしたことを報告。

　この投稿に、「心配です」「ステージから落ちた時はびっくりした」「あまり無理しないで下さいね」など、心配の声が寄せられていた。
LiSA、痛々しく腫れた腕を公開
黄色く腫れた腕
17日はストーリーズで、「良くなってきたから黄色い」と、黄色く腫れた腕を公開している。（『ABEMA NEWS』より）
ABEMA TIMES編集部",[],[]
「レフェリー暴行」「やりすぎだろ」日本人女子レスラーが凶行 「完全に一線を越えた」「これこそがヒールに必要な熱」賛否も（ABEMA TIMES）,https://news.yahoo.co.jp/articles/26e0c9036d9511a477d2fce5749398e9c1d94295,https://newsatcl-pctr.c.yimg.jp/t/amd-img/20251219-10215353-abema-000-2-view.jpg?exp=10800,2025-12-19T10:12:17+09:00,2025-12-19T10:15:33+09:00,ABEMA TIMES,abema,ABEMA TIMES,1068,"カブキ・ウォリアーズ。暴走が止まらないアスカ
【WWE】RAW（12月15日・日本時間16日/ペンシルバニア・ハーシー）

　もはや手が付けられない暴れっぷりの日本人女子王者組が暴走。観客席からの驚きの奇襲に加え、制止に入ったレフェリーすら力で排除する凶行に、ファンから「レフェリー暴行」「やりすぎだろ」と大ブーイングが巻き起こった。
【映像】女子レフェリーの髪をつかみ…実際の様子
WWE女子タッグ王者のカブキ・ウォリアーズ（アスカ＆カイリ・セイン）が大暴れした。次期挑戦者のリア・リプリー＆イヨ・スカイの仲良しコンビを卑劣な手段で蹂躙し、その矛先は騒動の制止に入った女性レフェリーにまで向けられ、会場は騒然となった。

　カイリは事前映像で、挑戦者で元仲間のイヨを初めて公に「裏切り者！」と断罪した。その後、リアとイヨの入場シーンで、一般客に扮して潜伏していたアスカがバリケード越しにグリーン・ミスト（毒霧）をリアの顔面へ噴射。視界を奪われたリアをリングへ引きずり込むと、王者組による一方的な制裁が開始された。

　ここまでは荒れた女子戦線のおなじみのワチャワチャ乱闘セグメントだが、この日の“カブキ”の暴れっぷりは度を越えたものとなった。この騒動の制止に入ったレフェリーのジェシカ・カーに対し、アスカが一切の躊躇なく正面から膝蹴りを叩き込み、マットに沈めた。髪を掴み、膝蹴りを一閃させた非道な振る舞いに、ABEMAの解説を務める週刊プロレス・井上光記者は「ベルト巻いたまま暴れてますよ」と興奮気味にコメント。一方でファンからは「ジェシカねき…」「レフェリーが…」と倒れたジェシカを案ずる声や、「レフェリー暴行」「やりすぎだろ」といった驚きの反応が相次いだ。

　実はレスラーとしての経歴も持つジェシカだけに「ジェシカやってまえ」と反撃を期待する声も上がり、海外ファンからも「アスカは完全に一線を越えた」「これこそがヒールに必要な熱だ」と賛否両論が渦巻いた。

　客席からの奇襲、毒霧、そしてレフェリーへの膝蹴り。このところ週ごとにやることがエスカレートしているカブキ・ウォリアーズが今回見せた一連の行動は、単なる挑発の域を超え、手段を選ばない「過去イチでタチが悪いカブキ・ウォリアーズ」をアピールする絶好の機会となった。2026年の「RAW」初回となる1月5日（日本時間1月6日）に行われるWWE女子タッグ王座戦は、今年の恨みを持ち越した遺恨に満ちた闘いとなりそうだ。（ABEMA/WWE『RAW』）
ABEMA TIMES編集部",[],[]
“ちゅも”を耳が欲しがってる？日向藍子のかわいい発声 ファンの間で「ちゅもじゃなかった！？」「今のはツモって言ってた」と話題に/麻雀・Mリーグ（ABEMA TIMES）,https://news.yahoo.co.jp/articles/1eb6c18f84e2a23987bf1be9c7c10079e25d2a06,https://newsatcl-pctr.c.yimg.jp/t/amd-img/20251219-10215341-abema-000-1-view.jpg?exp=10800,2025-12-19T10:00:39+09:00,2025-12-19T10:00:39+09:00,ABEMA TIMES,abema,ABEMA TIMES,945,"日向藍子
今やファンも耳が欲しがっているのかもしれない。「大和証券Mリーグ2025-26」12月18日の第1試合に出場した渋谷ABEMAS・日向藍子（最高位戦）が東4局にツモアガリ。この時の「ツモ」のかわいい発声について、ファンの間でどう聞こえたかが話題になるシーンがあった。
【映像】ちゅも？ツモ？日向藍子のかわいい発声シーン
日向といえば、明るい笑顔とキャラクターで周囲の雰囲気も和ませ、楽しくすることで知られるコミュニケーション能力抜群の人気雀士。試合中は、普段よりも声がかわいらしくなることでも有名で、ファンもコメント欄にリーチであれば「りぃち」、ポンであれば「ぽぉん」などと、ひらがなにして表現することが多い。その中でも、最も有名なのがツモを「ちゅも」と表現するケースだ。

　東4局2本場、3100点持ちのラス目から反撃を狙った日向は、まずはトップ目に立つKADOKAWAサクラナイツ・阿久津翔太（連盟）の親を流し、自分に親番を持ってくることを目指すと8巡目にテンパイ。セガサミーフェニックス・竹内元太（最高位戦）からリーチが入っているところをかいくぐり、9巡目に2筒を引いてツモアガリ。中・赤の2000点（＋600点、供託1000点）をゲットした。

　この時、日向は普段よりもいくらかクリアにツモの発声をしたが、コメント欄では待ってましたとばかりに「ちゅも」の書き込みが殺到。ただ、その中でも「ちゅもじゃなかった！？」「今のはツモって言ってた」といった意見も見られるなど、話題になっていた。

※連盟＝日本プロ麻雀連盟、最高位戦＝最高位戦日本プロ麻雀協会、協会＝日本プロ麻雀協会

◆Mリーグ　2018年に全7チームで発足し、2019-20シーズンから全8チーム、2023-24シーズンからは全9チーム、2025-26シーズンから全10チームに。各チーム、男女混成の4人で構成されレギュラーシーズン各120試合（全300試合）を戦い、上位6チームがセミファイナルシリーズに進出。各チーム20試合（全30試合）を戦い、さらに上位4チームがファイナルシリーズ（16試合）に進み優勝を争う。優勝賞金は7000万円。
（ABEMA/麻雀チャンネルより）
ABEMA TIMES編集部",[],[]
8万点台に迫る特大トップでチームの負債は全て完済！ 茅森早香「プラスにこられて良かった」浅井堂岐もXで反応「さやか強すぎる」/麻雀・Mリーグ（ABEMA TIMES）,https://news.yahoo.co.jp/articles/3e867440d09592b5f5e3f6619bc5a82624464776,https://newsatcl-pctr.c.yimg.jp/t/amd-img/20251219-10215349-abema-000-1-view.jpg?exp=10800,2025-12-19T09:30:39+09:00,2025-12-19T09:30:39+09:00,ABEMA TIMES,abema,ABEMA TIMES,1557,"茅森早香
見事な特大トップを決め、選手兼監督自らがチームをプラス域に転じさせた。セガサミーフェニックス・茅森早香（最高位戦）が12月18日、プロ麻雀リーグ「大和証券Mリーグ2025-26」の第2試合に登板。アガリ6回、放銃0回の完璧なスタッツで、8万点台に迫る特大トップを持ち帰った。
【映像】茅森早香、8万点台に迫る特大トップ（ダイジェスト）
当試合は起家からKADOKAWAサクラナイツ・堀慎吾（協会）、EARTH JETS・逢川恵夢（協会）、茅森、渋谷ABEMAS・多井隆晴（RMU）の並びでスタート。東1局で茅森は8000点のツモアガリで幸先の良いスタートを切ると、東3局では茅森に逢川が18000点を振り込み、逢川は早くも箱下を割った。

　南入しても茅森のアガリラッシュは続く。南1局2本場で8000点（＋600点）のアガリを決め、南3局2本場では親の跳満で8万点台を突破。最終的に茅森はアガリ6回、放銃0回の完璧なスタッツで、7万9600点の特大トップを持ち帰った。

　トップの茅森とラスの逢川が97800点差という派手なゲーム展開となった。茅森はインタビューに応じると「すごいうれしいです」とニンマリ。一時、チームは多くのマイナスポイントを抱えたが、茅森の勝利で地上に戻ってきた。「良かったですね。▲500いった時は本当どうなることかと思ったんですが、プラスにこられて良かったです」と手を叩きながら喜びを表現。

　またこの勝利で茅森自身のポイントもプラス域に。個人4勝目をあげて選手兼監督にも勢いが出てきた。最後に茅森は「これからどんどんプラスを積み重ねて、セミファイナル・ファイナルに行きますので、応援よろしくお願いします」とファンに呼びかけた。

　なお、脳血管疾患のため休養中のチームメイト・浅井堂岐（協会）は、茅森の特大トップを受け「さやか強すぎるな」とXにポストしている。

【第2試合結果】

1着　セガサミーフェニックス・茅森早香（最高位戦）7万9600点/＋99.6
2着　KADOKAWAサクラナイツ・堀慎吾（協会）2万4100点/＋4.1
3着　渋谷ABEMAS・多井隆晴（RMU）1万4500点/▲25.5
4着　EARTH JETS・逢川恵夢（協会）－1万8200点/▲78.2

【12月18日終了時点での成績】

1位　EX風林火山　＋527.5（64/120）
2位　KONAMI麻雀格闘倶楽部　＋454.9（64/120）
3位　BEAST X　＋214.2（64/120）
4位　セガサミーフェニックス　＋44.4（64/120）
5位　赤坂ドリブンズ　▲47.7（62/120）
6位　TEAM雷電　▲116.2（64/120）
7位　渋谷ABEMAS　▲185.0（66/120）
8位　KADOKAWAサクラナイツ　▲209.3（62/120）
9位　U-NEXT Pirates　▲285.6（66/120）
10位　EARTH JETS　▲397.2（64/120）

※連盟＝日本プロ麻雀連盟、最高位戦＝最高位戦日本プロ麻雀協会、協会＝日本プロ麻雀協会

◆Mリーグ　2018年に全7チームで発足し、2019-20シーズンから全8チーム、2023-24シーズンからは全9チーム、2025-26シーズンから全10チームに。各チーム、男女混成の4人で構成されレギュラーシーズン各120試合（全300試合）を戦い、上位6チームがセミファイナルシリーズに進出。各チーム20試合（全30試合）を戦い、さらに上位4チームがファイナルシリーズ（16試合）に進み優勝を争う。優勝賞金は7000万円。
（ABEMA/麻雀チャンネルより）
ABEMA TIMES編集部",[],[]
役者雀士・萩原聖人、単騎待ちの満貫は勝負センスが呼び込んだ名場面 らくらく逃げ切りトップに「今日の俺はズルかった！」とニッコニコ/麻雀・Mリーグ（ABEMA TIMES）,https://news.yahoo.co.jp/articles/26be6988c36f5b6d2dc8984c646eb6d557a711a7,https://newsatcl-pctr.c.yimg.jp/t/amd-img/20251219-10215347-abema-000-1-view.jpg?exp=10800,2025-12-19T09:00:39+09:00,2025-12-19T09:00:39+09:00,ABEMA TIMES,abema,ABEMA TIMES,1776,"萩原聖人
高い手がたくさんアガれた日は、ちょっとズルい気もするのだろう。「大和証券Mリーグ2025-26」12月18日の第2試合はTEAM雷電・萩原聖人（連盟）が5回のアガリを駆使してトップ。個人では6勝目を挙げた。
【映像】今日の俺はズルい…萩原聖人の完勝劇
第1試合では好調な黒沢咲（連盟）が浮きの2着でポイントを上乗せ。この試合は東家からBEAST X・東城りお（連盟）、KONAMI麻雀格闘倶楽部・佐々木寿人（連盟）、萩原、EX風林火山・内川幸太郎（連盟）の並びで始まった。序盤は東城・佐々木のペース。萩原は不運な放銃もあり、ラス目から反撃のチャンスを窺うこととなった。

　流れを変える一撃は東3局1本場、萩原は内川からリーチ・一発・赤2の1万2000点（＋300点、供託1000点）をアガって2着目に浮上。展開は毎局のようにアガリが生まれる乱打戦となった。萩原が混戦を抜け出したのは微差のトップ目で迎えた南1局1本場。二・五万待ちのノベタンでテンパイすると、場に安いソウズの7索を引いて待ち替え。内川が直後に7索をツモ切り、タンヤオ・三色同順・一盃口・ドラの8000点が完成した。

　南4局はラス親の内川に粘られはしたものの、無事に逃げ切った萩原。試合後は「7年くらいやっていて、やっと来た！誰がやってもトップ取れるやつ！」「ズルい！今日の俺はズルかった！」と上機嫌に。それでも終盤、ライバルの追い込みには脅威を感じていたようで「ちょっとでも気を抜いたらやられるなという緊張感、特に南場はヒリヒリしていました。」とコメントした。

　チームはなかなか勝ち切れない試合が続いていた。萩原はそんな状況を「みんな調子が良くなくて、お嬢だけが孤軍奮闘という感じで。1戦目、いい麻雀を打って繋いでくれた」と語り、黒沢が作った良い流れに乗ったことを喜んだ。「今日はズルかったね、でも次回も、ズルいやつ、お願いします！」とお茶目に手を合わせる一幕も。

　南1局1本場の7索単騎待ちについては「難しかった。固まっているか、山にいるかの2択。（誰かが）オリた場合に場にこぼれる可能性もあるかなと。思い切って二・五万待ちでリーチに行くのもありでしたが、うまくハマったという感じ」と説明した。

　最後はファンへ「ズルくたって、なんだって、面白いんです！」と大きな掛け声と共に決めポーズ。ファンからは「ずっと応援するよ！！」「俺たちのハギー！」と大きな反響が寄せられた。

【第2試合結果】

1着　TEAM雷電・萩原聖人（連盟）4万4400点/＋64.4
2着　KONAMI麻雀格闘倶楽部・佐々木寿人（連盟）2万3900点/＋3.9
3着　EX風林火山・内川幸太郎（連盟）1万9000点/▲21.0
4着　BEAST X・東城りお（連盟）1万2700点/▲47.3

【12月18日終了時点での成績】

1位　EX風林火山　＋527.5（64/120）
2位　KONAMI麻雀格闘倶楽部　＋454.9（64/120）
3位　BEAST X　＋214.2（64/120）
4位　セガサミーフェニックス　＋44.4（64/120）
5位　赤坂ドリブンズ　▲47.7（62/120）
6位　TEAM雷電　▲116.2（64/120）
7位　渋谷ABEMAS　▲185.0（66/120）
8位　KADOKAWAサクラナイツ　▲209.3（62/120）
9位　U-NEXT Pirates　▲285.6（66/120）
10位　EARTH JETS　▲397.2（64/120）

※連盟＝日本プロ麻雀連盟、最高位戦＝最高位戦日本プロ麻雀協会、協会＝日本プロ麻雀協会

◆Mリーグ　2018年に全7チームで発足し、2019-20シーズンから全8チーム、2023-24シーズンからは全9チーム、2025-26シーズンから全10チームに。各チーム、男女混成の4人で構成されレギュラーシーズン各120試合（全300試合）を戦い、上位6チームがセミファイナルシリーズに進出。各チーム20試合（全30試合）を戦い、さらに上位4チームがファイナルシリーズ（16試合）に進み優勝を争う。優勝賞金は7000万円。
（ABEMA/麻雀チャンネルより）
ABEMA TIMES編集部",[],[]
写真館で火事 80代男性が意識不明（ABEMA TIMES）,https://news.yahoo.co.jp/articles/ae99aeb16f119ef836709713d72a34c240e38086,https://newsatcl-pctr.c.yimg.jp/t/amd-img/20251219-10215350-abemav-000-2-view.jpg?exp=10800,2025-12-19T08:39:15+09:00,2025-12-19T08:54:16+09:00,ABEMA TIMES,abema,ABEMA TIMES,319,"火事現場となった写真館
東京・江東区の店舗を兼ねた住宅で火事があり、消火活動が行われています。80代の男性1人が救助されましたが、意識不明の重体です。
【映像】ポンプ車など20台が出動した現場
午前5時半すぎ、江東区千田で「写真館の2階から火が出ている」と119番通報がありました。消防などによりますと、これまでに少なくとも20平方メートルが焼けていて、ポンプ車など20台が出動し、現在も消火活動が続いています。

　現場は3階建ての住宅を兼ねた写真館で、2階から80代の男性1人を救助しましたが、意識不明の重体だということです。現場は地下鉄・住吉駅から南へ約750mの四ツ目通り沿いです。（ANNニュース）
ABEMA TIMES編集部",[],[]
プライベートジェットが墜落 7人死亡 アメリカ（ABEMA TIMES）,https://news.yahoo.co.jp/articles/b4d7f39739d439257966fdbdd8f0257aaa1023d1,https://newsatcl-pctr.c.yimg.jp/t/amd-img/20251219-10215348-abemav-000-2-view.jpg?exp=10800,2025-12-19T08:18:15+09:00,2025-12-19T10:30:38+09:00,ABEMA TIMES,abema,ABEMA TIMES,367,"墜落・炎上するプライベートジェット
アメリカで人気のモータースポーツ「NASCAR」の元有名ドライバーが所有するプライベートジェットが墜落・炎上し、7人が死亡しました。
【映像】墜落・炎上するプライベートジェット（実際の映像）
アメリカ南部・ノースカロライナ州の空港で18日、小型のプライベートジェットが着陸中に墜落し、炎上しました。アメリカメディアによりますと、飛行機に乗っていたパイロット1人と乗客6人の7人全員が死亡したということです。

　この飛行機はアメリカで人気のモータースポーツ「NASCAR」の元有名ドライバー、グレッグ・ビッフル氏が所有していたということです。

　地元メディアは友人の話として、グレッグさんが妻と2人の子供とともに飛行機に搭乗していたと伝えています。（ANNニュース）
ABEMA TIMES編集部",[],[]
風俗店に赤ちゃんの頭部と手足 従業員の母親逮捕（ABEMA TIMES）,https://news.yahoo.co.jp/articles/e36ede52dafd19a8ff9726c8f79ba41278165e33,https://newsatcl-pctr.c.yimg.jp/t/amd-img/20251219-10215345-abemav-000-1-view.jpg?exp=10800,2025-12-19T08:00:39+09:00,2025-12-19T08:00:39+09:00,ABEMA TIMES,abema,ABEMA TIMES,367,"東京・墨田区の事件現場
東京・墨田区で、風俗店の待機所の冷蔵庫から生まれて間もない赤ちゃんの頭部などが見つかった事件で、遺体を損壊し遺棄したとして22歳の母親が逮捕されました。
【映像】連行される容疑者
風俗店従業員の小原麗容疑者（22）は、3月、都内で生後間もない娘の遺体を切断し、今月6日ごろまでの間に墨田区にある風俗店の待機所の冷蔵庫内に遺棄した疑いが持たれています。

　警視庁によりますと、小原容疑者は1人で待機所にいた際に出産し、その後、都内の別の場所に移動し切断したということです。

　小原容疑者は「出産した際に赤ちゃんは泣かず動いていなかった」「隠さなきゃいけないと思いバラバラにしようと考えた」などと容疑を認めています。

　警視庁は、詳しい経緯などを調べています。（ANNニュース）
ABEMA TIMES編集部",[],[]
日銀 約1年ぶり利上げ判断へ（ABEMA TIMES）,https://news.yahoo.co.jp/articles/e844eb0d14f7493692ef523d91716d84a11a5e8c,https://newsatcl-pctr.c.yimg.jp/t/amd-img/20251219-10215343-abemav-000-2-view.jpg?exp=10800,2025-12-19T07:42:17+09:00,2025-12-19T07:51:17+09:00,ABEMA TIMES,abema,ABEMA TIMES,414,"日本銀行
日本銀行は、19日の金融政策決定会合で約1年ぶりに政策金利を引き上げる見通しです。政府も円安是正のため、容認するとみられます。
【映像】小玉チーフエコノミストのコメント
「円安が進むと物価が上がってしまう。政府の物価高対策にもある意味逆行するという動きになってきますので、日銀と政府、円安ということに関しては問題意識を共有していると思う」（明治安田総合研究所・小玉祐一チーフエコノミスト）

　日銀は今年1月以降、政策金利を0.5％程度に据え置いています。今回、0.75％程度に引き上げる方向で、そうなれば1995年以来30年ぶりの水準です。

　利上げを判断する背景には、日銀が企業の賃上げ動向を前向きに捉えているほか、物価高につながる円安への警戒感もあります。今回は政府も利上げを容認する方向です。

　午後の会見で、植田総裁が今後の道筋をどこまで示すかが焦点です。（ANNニュース）
ABEMA TIMES編集部",[],[]
ハーレム卓でも仕事は勝つだけ！内川幸太郎、鋭く仕掛けた満貫でトップ「好調はみなさんのおかげ」/麻雀・Mリーグ（ABEMA TIMES）,https://news.yahoo.co.jp/articles/e2988bfc1bbf6eaf661acf3d7cfc738338585df6,https://newsatcl-pctr.c.yimg.jp/t/amd-img/20251219-10215338-abema-000-1-view.jpg?exp=10800,2025-12-19T07:42:17+09:00,2025-12-19T07:42:17+09:00,ABEMA TIMES,abema,ABEMA TIMES,1535,"内川幸太郎
一瞬の勝機を見逃さなかった。「大和証券Mリーグ2025-26」12月18日の第1試合。EX風林火山・内川幸太郎（連盟）がトップを獲得。序盤から試合をリードし、中盤の仕掛けが決め手となって個人7勝目を挙げた。
【映像】一瞬の勝機を見逃さない内川（試合ダイジェスト）
この試合は東家からTEAM雷電・黒沢咲（連盟）、BEAST X・中田花奈（連盟）、内川、KONAMI麻雀格闘倶楽部・伊達朱里紗（連盟）の並びで開始した。東2局、内川は123の三色同順をカン二万待ちでテンパイし、リーチをかけた。終盤にツモり、リーチ・ツモ・三色同順・ドラの8000点で大きなリードを得る。

　東3局では4巡目にタンヤオ・赤・ドラのテンパイを果たすも、ダマテンを選択したところで黒沢のリーチに同じ待ちをツモられ、痛恨の失点。さらに東4局では黒沢にダブリーの2600点を加点され、2着目へと後退した。

　内川の好判断が光ったのは南2局1本場。2枚目の3索をカンチャンでチーすると、この仕掛けでドラの五万が重なり、1・4筒待ち（4筒だけ片アガリ）でテンパイ。リーチをかけていた中田から4筒が放たれ、タンヤオ・赤・ドラ2の8000点（＋300点）をアガって再びトップ目に浮上。その後は黒沢の反撃をかわし、逃げ切った。

　試合後は「ちょっとチームがトップから離れていた。ポイントは減っていないのですが、ズルズルいかずにトップが取れたのは良かった。好調ですね」と笑顔を見せた。試合のキーポイントとして東2局の満貫を挙げ、「気持ち的にラクになったのは最初の三色。カン二万をツモれてラッキーと思いました」と振り返った。

　同じテンパイを先にツモられた東3局については、「自分と同じカン7索じゃないかと思っていました。直感？シンパシー？わからないですが、『同テンでしょ？』と思っていました。ここで中押しをしてアガれれば、かなりトップか2着だと思っていた」と説明。勝負を決めた南2局1本場の満貫については、「2枚目のカギとなるカン3索。ここだけはペン4筒待ちが残っても鳴こうと思っていました。あのリーチvs仕掛けが勝てたのが勝因ですね」と語った。

　この日は“真紅の烈風”と“朱きヴァルキュリア”の赤対決がファンの間でも話題を呼んだが、伊達は4着。内川は「ヴァルキュリアは…今日は手が入っていなかったですね」と後輩を気遣った。

　最後は「好調はみなさんのおかげ」とファンに感謝を述べ、ファンからは「世界の内川トップおめでとう！」「表情が去年と全然違うな」「さすが主人公」と活躍を称える声が多数寄せられていた。

【第1試合結果】

1着　EX風林火山・内川幸太郎（連盟）3万8000点/＋58.0
2着　TEAM雷電・黒沢咲（連盟）3万1300点/＋11.3
3着　BEAST X・中田花奈（連盟）1万7000点/▲23.0
4着　KONAMI麻雀格闘倶楽部・伊達朱里紗（連盟）1万3700点/▲46.3

※連盟＝日本プロ麻雀連盟、最高位戦＝最高位戦日本プロ麻雀協会、協会＝日本プロ麻雀協会

◆Mリーグ　2018年に全7チームで発足し、2019-20シーズンから全8チーム、2023-24シーズンからは全9チーム、2025-26シーズンから全10チームに。各チーム、男女混成の4人で構成されレギュラーシーズン各120試合（全300試合）を戦い、上位6チームがセミファイナルシリーズに進出。各チーム20試合（全30試合）を戦い、さらに上位4チームがファイナルシリーズ（16試合）に進み優勝を争う。優勝賞金は7000万円。
（ABEMA/麻雀チャンネルより）
ABEMA TIMES編集部",[],[]
オープンハウス 営業職の初任給40万円に（ABEMA TIMES）,https://news.yahoo.co.jp/articles/59adf570bf4fc40986e56184a784acd06338a54b,https://newsatcl-pctr.c.yimg.jp/t/amd-img/20251219-10215342-abemav-000-1-view.jpg?exp=10800,2025-12-19T07:42:17+09:00,2025-12-19T07:42:17+09:00,ABEMA TIMES,abema,ABEMA TIMES,355,"オープンハウスグループ
住宅大手のオープンハウスグループが、2027年から営業職の初任給を40万円に引き上げる方針であることが分かりました。
【映像】オープンハウスグループのモデルルーム
関係者によりますと、オープンハウスグループは2027年に新卒で入社する営業職について、固定残業代を含めた初任給をこれまでより4万円引き上げ、40万円とします。人手不足が深刻になるなか、事業の展開には営業職の獲得が必要不可欠だとしています。

　既に働く営業職員の給与も引き上げることを検討しています。

　初任給をめぐっては、人手不足や物価高もあり、損害保険大手の東京海上日動やIT大手のサイボウズなどが、各種の手当を含めて40万円以上に引き上げる方針を明らかにしています。（ANNニュース）
ABEMA TIMES編集部",[],[]
「ヒャッハー！」大はしゃぎする客に住民悲鳴 急増する“民泊トラブル” 「旅館業法の許可」で被害が拡大の理由（ABEMA TIMES）,https://news.yahoo.co.jp/articles/5a0ea38084f3c8251b23b5ad8a786d026439cd24,https://newsatcl-pctr.c.yimg.jp/t/amd-img/20251219-10215255-abema-000-4-view.jpg?exp=10800,2025-12-19T07:30:38+09:00,2025-12-19T22:21:17+09:00,ABEMA TIMES,abema,ABEMA TIMES,1512,"タバコをポイ捨てする人ら
騒音やごみの散乱、不法侵入など、さまざまな民泊トラブルがニュースになっている。なぜ民泊トラブルは解決が難しいのだろうか。その実態や法・制度の落とし穴について、弁護士の三輪記子氏と考える。
【映像】「ヒャッハー！」宿泊者らの迷惑行為の数々（実際の映像）
「声が響いて寝られない…」地元住民らが悲鳴
地元住民
「Happy birthday to you〜」「ヒャッハー！」（民泊施設の利用客ら）

　夜の住宅地に響き渡る大きな歌声…。歌っているのは民泊施設の利用客だ。さらに、施設の前でたむろする宿泊客がタバコの吸い殻を捨てる様子も。

　九十九里浜の南端に位置するのどかな町、千葉県・一宮町。しかし今、民泊の利用客による騒音などをめぐり、地元住民から苦情の声が相次いでいる。

「時間と関係なく大騒ぎしているため、声が響いて寝られない状態」（地元住民1）

　東京オリンピックでサーフィン競技の会場にもなるなど、“サーフィンの町”として知られる一宮町だが…。

「実際にサーフィンをやる方で、このような施設（民泊）に泊まる方はほぼいないのが現状で、パーティーを目的に来る客が非常に多い」（地元住民2）

　一方、千葉県内の別の地域で、民泊施設の近隣で撮影された映像には、敷地内に勝手に侵入し自転車を物色する民泊利用客が映っている。住民によると、こうした侵入はこれまでに7回確認されているという。

　また、「タバコのポイ捨てもひどくて、排水溝に入れたり、隣の窓からうちにポイ捨てされたりした」と、当たり前のように捨てられるタバコの吸い殻にも迷惑しているという。

　ほかにも民泊施設の周辺住民からは、次のような声も聞かれた。

「家がコの字型に建っていて前がT字路になっている。その一番奥がうちで、そこに車を停められたことがあった。一番ひどかったのは、そこにマイクロバスで乗り込んできて『一晩ここに停めさせてくれ』と夜中に言われたことだ。『うちの車も朝出られなくなるから』と言ったら、『朝何時に出るんだ』と聞かれたため、『いや、そういう問題じゃないでしょ』とお断りをした」（民泊施設の周辺住民）
「民泊」に明確な定義なし…法や制度の落とし穴とは？
弁護士・三輪記子氏
宿泊客らの迷惑行為について、三輪氏は以下のように見解を示す。

「建造物侵入などが成立する可能性はあると思うが、迷惑行為をどうやめてもらうか、どう予防するかが住民の方にとっては喫緊の課題で、後から処罰すれば良いということでもないと思う」（弁護士・三輪記子氏、以下同）

　観光庁によると民泊に明確な定義はなく、「住宅を活用した宿泊サービスの提供」を指す。利用者から見たら同じ「民泊」だが、2018年に施行された民泊新法による民泊と旅館業法の許可を得て「簡易宿所」として営業している2パターンがある。

　違いは、所管の省庁などのほか、旅館業法の許可をとれば「年間の営業日数に制限がない」ことが大きい。周辺住民にとっては、迷惑行為に悩まされる頻度が上がるからだ。また、どちらの民泊でも条件により「管理人が施設に不在」でも営業可能となっているため、迷惑行為の現場を管理人が直接確認できない事態が起きている。

　ホテル宿泊費が上がる中、低コストで利用できる民泊はユーザーにとっては魅力的だ。しかしその背景にある懸念を、三輪氏は以下のように言及した。

「管理人が常駐しなくても良いからこそ安く泊まれるメリットがあるが、それ故に泊まる人は歯止めが利かなくなる可能性は大きい」

（『わたしとニュース』より）
ABEMA TIMES編集部",[],[]
英チャールズ国王 ギネスで乾杯（ABEMA TIMES）,https://news.yahoo.co.jp/articles/fb8499bcdbb2e8b58c43e42979ca0fb38daa0751,https://newsatcl-pctr.c.yimg.jp/t/amd-img/20251219-10215339-abemav-000-3-view.jpg?exp=10800,2025-12-19T07:30:38+09:00,2025-12-19T07:45:33+09:00,ABEMA TIMES,abema,ABEMA TIMES,392,"チャールズ国王
イギリスのチャールズ国王がロンドン中心部に新たに誕生したビールの醸造所を訪問し、ビール注ぎにも挑戦しました。
【映像】ビール注ぎに挑戦する英国王
18日、チャールズ国王が訪れたのは、黒ビールで知られるアイルランド発祥のビールブランド「ギネス」の醸造所です。ロンドンの繁華街コベント・ガーデンに今月オープンしました。

　施設では、きめ細かな泡が特徴のギネスビールの注ぎ方についてレクチャーを受けることができます。

「グラスの上に泡のドームができるように…ストップ！最高の仕上がりです」（スタッフ）

「すばらしい」「幸せなクリスマスに乾杯。やはりすばらしいものですね」（チャールズ国王）

　施設では限定のクラフトビールも味わえるほか、2つのレストランが併設されていて、ロンドンの新たな観光名所として注目されています。（ANNニュース）
ABEMA TIMES編集部",[],[]
ルーキー阿久津翔太、開幕戦以来の待望2勝目！ チームは勢いに乗る3連勝「これからもっと勝ってチームに貢献」飛躍を誓う/麻雀・Mリーグ（ABEMA TIMES）,https://news.yahoo.co.jp/articles/e08d497a5bc01de84c89a2d3f367898555344776,https://newsatcl-pctr.c.yimg.jp/t/amd-img/20251219-10215310-abema-000-1-view.jpg?exp=10800,2025-12-19T07:15:36+09:00,2025-12-19T07:15:36+09:00,ABEMA TIMES,abema,ABEMA TIMES,1513,"阿久津翔太
選手にとってもチームにとっても大きな1勝だ。KADOKAWAサクラナイツ・阿久津翔太（連盟）が12月18日、プロ麻雀リーグ「大和証券Mリーグ2025-26」の第1試合に登板。9月16日の開幕戦以来のトップを飾った。
【映像】激しい三つ巴…勝負所を制する阿久津
当試合は起家から渋谷ABEMAS・日向藍子（最高位戦）、セガサミーフェニックス・竹内元太（最高位戦）、EARTH JETS・石井一馬（最高位戦）、阿久津の並びでスタート。東1局は竹内がリーチ・一発・ツモ・タンヤオの8000点と大きなアガリ。東3局1本場では日向が先制リーチで仕掛けるも、追ってテンパイとなった阿久津に12000点（供託1000点、＋300点）を放銃。勝負所を制した阿久津は、さらに東4局1本場でリーチ・ツモ・赤1で6000点（供託2000点、＋300点）を加点し、頭ひとつ抜け出した。

　南1局でも阿久津が2000点をツモアガリ。南2局から南4局では日向が3連続アガリし、内2つは石井からの振り込みとなった。南入りしたタイミングでラス目だった日向は3着まで順位を上げ、素点を回復しゲームセット。阿久津の約3ヶ月ぶりの勝利に「おめでとう！」「ようやくや！」などとコメント欄は盛り上がりを見せた。

　チームは今月16日に出場した岡田紗佳（連盟）、渋川難波（協会）に続いての3連勝となった。その上で開幕戦ぶりの勝利に阿久津は「めちゃくちゃ久しぶりっすね、本当に（笑）」と安堵の表情。続けて「先週チームが2着、1着、1着という中で、僕がめっちゃデカいラスを引いちゃって。今週も1着、1着ときて、これでラスを引いちゃったら目も当てられないところでした。すごい手牌に恵まれて本当に良かったなと思います」と話した。

　阿久津は5戦で4ラス、直近は3戦連続ラスと負けがこんでいた。「メンタル的に苦しいこともあったんですけど、（仲間が）デイリーダブルを取ってくれて、気持ちは大分楽に、麻雀を打てたので、チームメイトのお陰だと思います」と仲間の存在に感謝。

　14戦ぶりに勝利をあげた阿久津がここから勝利を重ねていくことが、サクラナイツ浮上のきっかけになることは間違いない。最後に「期待にずっと応えられなくて、申し訳ないという気持ちでいっぱいでした。今日のトップはめっちゃうれしいんですけど、まだマイナスなので、これからもっと勝ってチームに貢献して行きます！」とここからの逆襲を誓うと、ファンは「ファイト！」「頼むよ！」などと期待していた。

【第1試合結果】

1着　KADOKAWAサクラナイツ・阿久津翔太（連盟）4万3900点/＋63.9
2着　セガサミーフェニックス・竹内元太（最高位戦）2万3200点/＋3.2
3着　渋谷ABEMAS・日向藍子（最高位戦）2万2100点/▲17.9
4着　EARTH JETS・石井一馬（最高位戦）1万800点/▲49.2

※連盟＝日本プロ麻雀連盟、最高位戦＝最高位戦日本プロ麻雀協会、協会＝日本プロ麻雀協会

◆Mリーグ　2018年に全7チームで発足し、2019-20シーズンから全8チーム、2023-24シーズンからは全9チーム、2025-26シーズンから全10チームに。各チーム、男女混成の4人で構成されレギュラーシーズン各120試合（全300試合）を戦い、上位6チームがセミファイナルシリーズに進出。各チーム20試合（全30試合）を戦い、さらに上位4チームがファイナルシリーズ（16試合）に進み優勝を争う。優勝賞金は7000万円。
（ABEMA/麻雀チャンネルより）
ABEMA TIMES編集部",[],[]
赤坂サウナ夫婦死亡、電源なき“非常ボタン”で必死のSOS…個室サウナの危険リスクどう回避？「事業者たちが安全対策の改善を」弁護士が法制化の時間的ハードル指摘（ABEMA TIMES）,https://news.yahoo.co.jp/articles/37d2bc0b53cfb055a078e0402918dd3f66fd3481,https://newsatcl-pctr.c.yimg.jp/t/amd-img/20251219-10215283-abema-000-1-view.jpg?exp=10800,2025-12-19T07:00:40+09:00,2025-12-19T07:00:40+09:00,ABEMA TIMES,abema,ABEMA TIMES,747,"亡くなった松田政也さん（36）
15日、東京・赤坂の高級個室サウナ店で客の夫婦が死亡する火災が発生。会社のオーナーは非常用ボタンの電源を「今まで入れたことはない」と話しているという。安全確保の課題について、弁護士に聞いた。
【映像】火災が起きたサウナ店の様子（実際の映像）
死亡したのは、美容師の松田政也さん（36）と妻の陽子さん（37）。この火事では、個室の扉の取っ手が内側、外側ともに外れていて、夫婦が閉じ込められた可能性がある。

　また、異変を知らせる非常用ボタンには押された形跡もあったというが、警視庁によると店のオーナーは「電源を入れたことはない」と発言しているという。

　事業者の責任について弁護士の三輪記子氏は「取っ手が内外ともに外れていたということだが、急に外れたわけではないと思う。外れる前のガタつきなどはあったはずなので、そこに気づいていたのかどうか、安全配慮義務違反、刑事責任はあり得るのではないか。今後の捜査次第だと思う」との見方を示した。

　さらに、「個室サウナ」という危険リスクが潜む環境についても言及し「こういった個室サウナだと、何かあった時に外部との連絡手段がないのだとすると、事業者が何らかの連絡手段を整える義務はあるのではないか」と指摘した。

　一方で、法律で義務付けることは時間的ハードルもあるとして「法律を作るということは義務を課すわけなので、すぐにできるわけではない。事業者の方たちが『こういう安全対策をしましょう』と改善していく動きが出てくるのが望ましいし、一番早いのではないか」と述べた。また、「利用者側も安全配慮をきちんとしているところを選ぶようになってくると思う」と語った。

（『わたしとニュース』より）
ABEMA TIMES編集部",[],[]
人気の推しを今度こそ撮影できるか…引っ込み思案なちいかわが見せた“決死のダッシュ”、アニメ「ちいかわ」140話（ABEMA TIMES）,https://news.yahoo.co.jp/articles/2f1bf2b1326032ce5fbb5a24c3584cc5f67b560a,https://newsatcl-pctr.c.yimg.jp/t/amd-img/20251219-10214809-abemad-000-1-view.jpg?exp=10800,2025-12-19T07:00:40+09:00,2025-12-19T07:00:40+09:00,ABEMA TIMES,abema,ABEMA TIMES,937,"アニメ「ちいかわ」
アニメ「ちいかわ」140話では、むちゃうマン（CV.東地宏樹）が再登場しイベント参加者と交流を行う。引っ込み思案な性格のちいかわ（CV.青木遥）が、ついにむちゃうマンの元に駆けていく姿が描かれた。
【映像】むちゃうマンの元へ駆けるちいかわ（56秒ごろ〜）
139話でちいかわは、憧れのヒーロー・むちゃうマンとの撮影に失敗した。だが、140話の前半パートで再びむちゃうマンがイベント会場へと駆けつけてきた。

　ちいかわとハチワレに撮影チャンスがやってきたわけだが、人気のむちゃうマンのもとには多くのイベント参加者が群がるため、なかなか近づくことができない。139話と同じような状況になり、また撮影できないかと思われたが…。

　ハチワレはちいかわに「あるよ…絶対にチャンスが!!」と声をかけ、ちいかわも今度は気合が入った表情でチャンスをうかがう。すると、むちゃうマンがフリーになる瞬間がついに訪れる。「チャンス…」と呟くハチワレ、そしてちいかわがそれを逃さず集団から抜け出してむちゃうマンのもとへ駆けていく…。

　このシーンに「ちいかわちゃんのこんなダッシュみたことない！」「一瞬のチャンスを探すちいかわの表情が凛々しい」「ちいかわ、チャンスをつかんでほしい！」といった、ちいかわへの感想が相次いだ。

　「ちいかわ」は、2020年よりイラストレーターのナガノ氏が連載開始したX（旧Twitter）に投稿している人気漫画。『日本キャラクター大賞2022』、2024年7月に発表された『日本キャラクター大賞2024』でグランプリを獲得。ちいさくてかわいいキャラクターたちと、シビアな世界観のギャップが大人から子供まで幅広い人気を博し、フォロワーは現在までで442万人を突破している。

　アニメ「ちいかわ」は新シリーズが2025年7月15日からフジテレビ系列「めざましテレビ」内にて放送中。また、「ちいかわ」初の劇場版として『映画ちいかわ 人魚の島のひみつ』が2026年夏に公開予定だ。

■第140話「むちゃうマン4」
【あらすじ】
むちゃうマンと撮影できなかったちいかわたちを励ます鎧さん…。

（C）ナガノ / ちいかわ製作委員会
アニメフリークス",[],[]
