headline,mainEntityOfPage,image,datePublished,dateModified,author,media_en,media_jp,str_count,body,images,external_links
日銀が「利上げ」を決定。住宅ローン・預金金利はどう変わる？ 家計への影響を解説（ファイナンシャルフィールド）,https://news.yahoo.co.jp/articles/1842aa12ffa53519316ecf0133121c656a9243c8,https://newsatcl-pctr.c.yimg.jp/t/amd-img/20260124-00010019-ffield-000-1-view.jpg?exp=10800,2026-01-24T17:40:27+09:00,2026-01-24T17:40:27+09:00,ファイナンシャルフィールド,ffield,ファイナンシャルフィールド,1835,"日銀が「利上げ」を決定。住宅ローン・預金金利はどう変わる？ 家計への影響を解説
日本銀行は2025年12月19日、政策金利の引き上げを決定しました。
 
利上げにより、住宅ローンの返済額や預金金利など、私たちの家計にもさまざまな影響が出る可能性がありますが、具体的に何がどのように変わるのか分かりにくいと感じる人もいるでしょう。
 
本記事では、日銀の利上げ決定が国民の家計にどのような影響を及ぼすのかを解説するとともに、利上げの意味や目的についてもまとめています。
▼住宅ローンは「繰上げ返済」すべき？ メリットについて解説
利上げとは？
そもそも「利上げ」とは、各国の中央銀行が政策金利を引き上げることを指します。日本の中央銀行は日本銀行なので、日本銀行の判断により金利の引き上げや引き下げが行われています。
 
今回、日本銀行は政策金利の引き上げを決定しました。利上げが行われると、お金を借りる際の利息が高くなります。銀行からお金を借りる場合、元金に応じて利息を支払う必要がありますが、利上げが実施されるとその利息の割合が大きくなるということです。つまり、個人や企業が銀行からお金を借りた場合の返済額が増える可能性があります。
 
反対に、金利を引き下げる「利下げ」が行われることもあります。利下げが実施されるとお金を借りるときの利息が少なくなるため、返済負担が軽くなり、資金を借りやすくなります。
利上げの目的
日本銀行が利上げを行う目的は、景気や物価の安定を図るためです。
 
例えば、商品の需要が高まり供給を上回るようになると、ものの価値が高くなって物価が上昇します。物価が継続的に上がっていくと生活費が増え、経済状況が悪くなる可能性があります。
 
そこで、利上げを行うことで銀行からお金を借りにくくし、投資や消費行動をおさえる必要性が出てくるのです。今回の利上げも、こうした物価動向などを踏まえた判断といえるでしょう。
 
逆に、景気が悪いときは利下げを行うことで資金を借り入れしやすくし、経済活動を活発化させる政策をとる場合があります。
 
このように、日本銀行は景気の動向を見極めたうえで、利上げや利下げを判断しています。
利上げによる家計への影響
今回の利上げ決定により、市場全体の金利は上昇傾向となります。私たちの家計にもさまざまな影響が及ぶと考えてよいでしょう。
 
ひとつに、住宅ローン金利の上昇です。住宅ローンの返済負担が大きくなる可能性があります。特に影響が大きいのは「変動金利型」の住宅ローンを利用している人です。変動金利型では一般的に半年ごとに金利が見直されるため、利上げの影響を大きく受けることになります。
 
例えば、今回の利上げ幅0.25%と同程度に住宅ローン金利が上昇した場合、返済額がどのくらい増えるのか確認してみましょう。
 
借入金額3000万円、借入期間35年の住宅ローンを元利均等返済で返済する場合、金利0.7％から0.95％へ上がると、返済額は次のように変化します。
 
・月々の返済額：8万556円→8万3988円
・月々増加額：約3432円
・年間の増加額：約4万1184円
 
一方で、利上げはプラスの影響もあります。利上げにより預金金利も引き上げられることになるでしょう。特に、定期預金は金利上昇率が比較的大きくなる可能性があります。
 
また、利上げを行うことで、物価の上昇がおさえられる可能性があります。利息が大きくなると銀行からお金を借りにくくなるため、消費活動がおさえられるためです。
利上げにより住宅ローンや預金の金利が上昇する可能性がある
利上げとは、日本銀行が景気や物価の安定を図るために政策金利を引き上げることです。
 
今回の利上げ決定により、住宅ローンの金利が上昇し、返済額が増えるケースも考えられます。また、銀行にお金を預け入れる際の利息が高くなるなど、預金金利にも影響が出る可能性があります。
 
例えば住宅ローンの場合、今回の試算では利上げ幅と同程度に金利が0.25％上昇することで月々の返済額が3000円以上増えるケースもあるでしょう。
 
日銀による利上げ決定を受けて、私たちの家計にどのような影響があるのか、住宅ローンや預金の状況を踏まえて整理しておきましょう。
 
執筆者：FINANCIAL FIELD編集部
ファイナンシャルプランナー
ファイナンシャルフィールド編集部",[],[]
20代のうちに飛行機は「ビジネスクラス」に、新幹線は「グリーン車」に乗れるようになりたいです。年収がいくらくらいあれば叶えられますか？（ファイナンシャルフィールド）,https://news.yahoo.co.jp/articles/4a86035832bf309c0f3858e0d626059a0e264ac9,https://newsatcl-pctr.c.yimg.jp/t/amd-img/20260124-00010018-ffield-000-1-view.jpg?exp=10800,2026-01-24T14:40:02+09:00,2026-01-24T14:40:02+09:00,ファイナンシャルフィールド,ffield,ファイナンシャルフィールド,1788,"20代のうちに飛行機は「ビジネスクラス」に、新幹線は「グリーン車」に乗れるようになりたいです。年収がいくらくらいあれば叶えられますか？
「いつかはビジネスクラスやグリーン車が当たり前に」そんな移動スタイルに、20代のうちから憧れを持つ人もいるかもしれません。しかし同時に、「相当な高収入でないと無理そう」と感じる人も多いでしょう。では実際のところ、どれくらいの年収があればワンランク上の移動は日常にできるのでしょうか。
 
本記事ではデータをもとに、現実的なラインを整理してみます。
▼会社員で「年収1000万円」以上の割合は？ 大企業ほど高年収を目指せる？
年収2000万円超で「上流層の入り口」が開く!? 消費転換のリアルデータ
20代のうちに、飛行機のビジネスクラスや新幹線のグリーン車を日常的に利用したいと考えたことはありませんか。こうしたぜいたくな移動手段は、単なる快適さにとどまらず、時間の効率化やビジネスチャンスを広げるツールにもなり得ます。では、それを実現するには、どの程度の年収が必要なのでしょうか。
 
ラグジュアリーカード合同会社が年収2000万円以上5000万円未満のラグジュアリーカード会員を対象に行った「ライフスタイルに関する調査」によると、消費行動における大きな転換点は「年収2000万円」と「年収3000万円」の2段階あるということです。
 
年収2000万円を超えると、値段を細かく気にすることが少なくなり、「国内線のビジネスクラスも気にせず利用するようになった」という声もあります。さらに、年収3000万円を超えると、消費に迷いがなくなる傾向が見られるようです。
新幹線グリーン車は年収の高い層で利用率が高い傾向
株式会社JR東海エージェンシー・株式会社JR西日本コミュニケーションズ・株式会社ウェッジが実施した「新幹線ユーザープロファイル調査2023」によると、新幹線グリーン車を「1ヶ月に1回以上利用するユーザー」において、世帯年収1000万円超の割合が約45％と、普通車ユーザーの約30％と比べて高くなっています。
 
これは、グリーン車利用者に高所得世帯が多いことを示しています。
 
また年収帯ごとに見ても、600万円～799万円、800万円～999万円クラスの層の割合もグリーン車ユーザーで高く、一定以上の所得がある層でグリーン車利用が比較的多いことが確認できます。特に高所得層ほど割合が大きく、世帯年収が増えるにつれてグリーン車利用者の比率が高まる傾向にあります。
 
このような利用傾向は、追加料金を負担できるかどうかという費用負担能力に左右される面があると考えられます。
ビジネスクラスの往復料金はエコノミークラスのおよそ3～4倍となるケースも
飛行機のビジネスクラスは、新幹線のグリーン車よりも料金のハードルが高くなります。グリーン車の追加料金は東京～大阪間往復で1万円程度ですが、ビジネスクラスはエコノミークラスと比べておよそ3～4倍の往復料金がかかるケースがあります（路線・時期による）。
 
例えば、東京～ハワイ間ではエコノミークラスが10万円～15万円程度に対しビジネスクラスでは30万円～50万円程度、東京～ロンドン間ではエコノミークラスが15万円～20万円程度に対しビジネスクラスでは45万円～75万円程度になる場合もあるようです。年に1回の利用でも、家計への負担は大きいといえるでしょう。
まとめ
新幹線のグリーン車は、高年収でなくてももちろん利用可能ですが、飛行機のビジネスクラスを継続的に使うには、家計に余裕が生まれる年収2000万円以上がひとつの目安になると考えられます。
 
20代のうちは「日常使い」を目指すよりも、目的や場面を選んで上手に取り入れることで、無理のない範囲で快適な移動を実現できるでしょう。収入の伸びとともに、移動手段の選択肢も自然と広がっていきます。

出典
ラグジュアリーカード合同会社 ライフスタイルに関する調査（PR TIMES）
株式会社JR東海エージェンシー／株式会社JR西日本コミュニケーションズ／株式会社ウェッジ 新幹線ユーザープロファイル調査2023
 
執筆者：FINANCIAL FIELD編集部
ファイナンシャルプランナー
ファイナンシャルフィールド編集部",[],[]
シルバー人材センターで「月3万円」稼ぎ、年金は「月15万円」受給中。なぜか「確定申告が必要」と言われましたが、年収が“400万円以下”でも申告すべきでしょうか？（ファイナンシャルフィールド）,https://news.yahoo.co.jp/articles/3dfc46953dc3184d41a9d0789d6ca49ea9949702,https://newsatcl-pctr.c.yimg.jp/t/amd-img/20260124-00010017-ffield-000-1-view.jpg?exp=10800,2026-01-24T14:10:03+09:00,2026-01-24T14:10:03+09:00,ファイナンシャルフィールド,ffield,ファイナンシャルフィールド,1757,"シルバー人材センターで「月3万円」稼ぎ、年金は「月15万円」受給中。なぜか「確定申告が必要」と言われましたが、年収が“400万円以下”でも申告すべきでしょうか？
老後の生活費を補うため、年金を受給しながらシルバー人材センターなどで働く人は少なくありません。しかし、年金以外に収入がある場合、確定申告が必要になることがあります。
 
本記事では、年金収入を得ている場合の確定申告の要否や年末調整で処理される範囲などを解説します。
▼定年退職時に、「1000万円」以上の貯蓄がある割合は日本でどれくらい？
年金収入だけなら「確定申告」が不要な可能性も
国民年金・厚生年金、企業年金や個人年金などが含まれる公的年金等は、雑所得として課税の対象になります。所得税・復興特別所得税の源泉徴収を受けた場合、基本的には確定申告を行って税金の過不足を精算しなければなりません。
 
しかし、条件を満たす場合は、確定申告不要制度を利用できる可能性があります。年金受給者の手続き負担軽減を目的としており、これを利用すれば確定申告をする必要がなくなります。
 
確定申告不要制度を利用できるのは、以下の条件すべてに該当する場合です。ただし、自治体によっては住民税の申告が必要になるかもしれない点には注意しましょう。

・公的年金等の収入金額の合計額が400万円以下
・公的年金等にかかる雑所得以外の所得金額が20万円以下
※公的年金等の全てが源泉徴収の対象になる場合のみ

なお、厚生労働省の令和6年度の「厚生年金保険・国民年金事業の概況」によると、基礎年金・厚生年金を合わせた老齢年金の平均額は15万1142円です。年間で約181万円となるため、公的年金の収入のみで400万円を超えるケースは多くないと考えられます。
年金以外の所得が“20万円以上”あると確定申告が必要
公益社団法人全国シルバー人材センター事業協会によると、センターで働いて得られる配分金（収入）は全国平均で、月8～10日勤務した場合で月額約3～5万円です。
 
掲題のケースでは、シルバー人材センターでの月収が3万円の場合、年間の収入は約36万円となります。収入金額から必要経費を差し引いた後の金額が所得となるため、必要経費を差し引いた結果、所得金額が20万円を超える場合は、確定申告不要制度の対象外となり、確定申告が必要です。
 
国税庁のサイトでは、公的年金等にかかる雑所得以外に所得として計上される主なものとして、以下の4つが挙げられています。シルバー人材センターからの配分金は2番目の雑所得に該当します。

・給与所得
・個人年金や原稿料などの公的年金以外の雑所得
・株式投資や投資信託などの配当所得
・生命保険の満期返戻金などの一時所得
勤務先で「年末調整」を受けても確定申告しなければならない
シルバー人材センターの雑所得は、年末調整での還付を受けられません。パートで働いて年末調整を受けても、源泉徴収はあくまで給与所得に対してのみ行われる処理です。そのため、給与所得が年間20万円を超える、または年金収入が年間400万円を超える場合は確定申告を行う必要があります。
 
掲題のように年金とは別に年間20万円を超える所得を得た場合、給与所得か雑所得かを問わず確定申告は必要になるでしょう。パート収入の場合は給与所得控除の65万円が控除されるため、年収約85万円以上で確定申告が必要となる恐れがあります。
まとめ
基本的に公的年金等は課税の対象ですが、条件を満たす場合は確定申告不要制度を利用できる可能性があります。一方、年金以外の所得が20万円以上ある場合は、確定申告不要制度の対象から外れるため確定申告が必要です。
 
また、勤務先で年末調整を受けても給与所得のみが処理されるため、一定の雑所得を得ている場合は確定申告が必要になる可能性があります。必要に応じて税務署や税理士などにも相談して、確定申告を行いましょう。

出典
国税庁 No.1600 公的年金等の課税関係
公益社団法人全国シルバー人材センター事業協会 入会を希望される方は
 
執筆者：FINANCIAL FIELD編集部
ファイナンシャルプランナー
ファイナンシャルフィールド編集部",[],[]
勤続37年で「退職金3000万円」もらえる予定です。税金が引かれると“手取り額”はいくらになりますか？「定年まであと5年」ですが、暮らしていけるでしょうか？（ファイナンシャルフィールド）,https://news.yahoo.co.jp/articles/88792a40ad99381237c555e249cdc9233bcff820,https://newsatcl-pctr.c.yimg.jp/t/amd-img/20260124-00010016-ffield-000-1-view.jpg?exp=10800,2026-01-24T13:50:10+09:00,2026-01-24T13:50:10+09:00,ファイナンシャルフィールド,ffield,ファイナンシャルフィールド,2327,"勤続37年で「退職金3000万円」もらえる予定です。税金が引かれると“手取り額”はいくらになりますか？「定年まであと5年」ですが、暮らしていけるでしょうか？
定年まであと5年で退職を考えていて、会社から提示された退職金が3000万円の場合、思ったよりも多くてうれしく感じる一方、手取り額や年金の受給時期、再就職の可能性など、判断には複数の視点が必要です。
 
退職した場合、年金受給までの期間は十分な生活ができるのか、という不安を抱える人は多いのではないでしょうか。本記事では退職金の手取り額を計算し、退職に向けて考えるべきポイントを解説します。
▼定年退職時に、「1000万円」以上の貯蓄がある割合は日本でどれくらい？
退職金にはどんな税金がかかるのか
退職金には、給与や賞与とは異なる「退職所得」としての税制優遇が設けられています。これは、長年の勤続に対する配慮として、税負担が大きく軽減される控除の仕組みです。
 
退職金にかかる税金は以下の2つですが、いずれも「退職所得控除」を差し引いた後の金額をもとに計算されます。
 
・所得税
・住民税
勤続37年の場合の「退職所得控除」はいくらか？
退職所得控除は、勤続年数（A年）によって次のように計算されます。
 
（1）勤続20年以下：40万円×A年
（2）勤続20年超：800万円＋70万円× (A年－20年)
 
今回は勤続37年で3000万円の退職金が支給されるケースのため、（2）の計算式を用います。
 
【退職所得控除】
800万円＋70万円×(37年－20年)＝800万円＋1190万円＝1990万円
 
つまり、退職金3000万円のうち、1990万円までは非課税となり、差し引いた1010万円を用いて課税対象額を計算します。
課税対象になる退職所得はいくら？
退職所得は、退職金から退職所得控除を差し引いた金額を、さらに1／2にした額です。計算式は次のとおりです。
 
（退職金－退職所得控除）×1／2
 
今回の数値を当てはめると、以下の計算式になります。
 
（3000万円－1990万円）×1／2＝1010万円×1／2＝505万円
 
この505万円が、実際に税金計算の対象となる「退職所得」となります。
所得税・住民税はいくら引かれる？
退職金3000万円から算出された退職所得505万円をもとに、課税される税金を計算します。
 
■所得税
退職所得505万円は、退職所得の源泉徴収税額の速算表の税率20％に該当します。なお、現在の所得税には復興特別所得税が加算されています。所得税額の計算式は以下のとおりです。
 
（505万円×20％－42万7500円）×102.1%＝59万4732円
 
■住民税
退職金は住民税も課税対象となっています。退職所得の計算式は所得税の計算式と同じです。住民税は以下の計算式で税額を求めます。
 
市民税額＝退職所得の金額×税率(6%)　(100円未満切捨)
県民税額＝退職所得の金額×税率(4%)　(100円未満切捨)
 
上記の計算式に当てはめると、住民税額は以下のとおりです。

市民税額＝505万円×6%＝30万3000円
県民税額＝505万円×4%＝20万2000円
30万3000円+20万2000円＝50万5000円
退職金3000万円の手取り額は？
ここまでの計算を整理すると、
・退職金額：3000万円
・所得税額：59万4732円
・住民税：50万5000円
 
合計税額：109万9732円
 
つまり、手取り金額にすると約2890万円 となります。
 
「3000万円もらっても、半分以上が税金で引かれるのでは？」と心配する人もいますが、退職金には大きな税額控除が設けられており、長期勤続の場合、退職者の税負担はかなり少なく抑えられていることが分かりました。
退職金だけで年金開始まで生活できる？
定年まであと5年の今を60歳とします。公的年金受給開始は原則65歳です。今後の5年間をどう乗り切るかは、「今退職をするべきか」を判断するうえで重要なポイントになります。仮に月25万円の生活費が必要だとすると、5年間の総額は以下のとおりです。
 
25万円×12ヶ月×5年＝1500万円
 
退職金の手取り約2890万円から見れば、生活費を賄える可能性は十分あります。ただし、医療費や住宅ローンの残債、再就職収入の有無によって状況は変わります。
「今辞める」か「定年まで働く」かの判断ポイント
退職金の手取り額だけで判断するのは危険です。次の点も合わせて考える必要があります。
 
・定年まで現職の会社で働いた場合の退職金増額分
・厚生年金の加入期間が延びるメリット
・再就職の可能性と収入
・健康状態と働き続けられるか
 
特に年金額は、5年間分の加入があるかどうかで、将来にわたって差が出るため、退職前にシミュレーションを必ず行い、検討材料にしましょう。
退職金の金額だけで決めないために
退職金3000万円の手取りは約2890万円となり、税制面で非常に優遇されています。ただし、退職後の生活は、後戻りのできない選択となります。退職金の額だけで悩むのではなく、年金・再就職・生活費を含めたライフプラン全体で考え、後悔しない判断をしましょう。
 
出典
国税庁 No.1420 退職金を受け取ったとき(退職所得)
名古屋市 退職所得の分離課税
総務省 平成25年1月1日以降の退職所得に対する住民税の特別徴収について
 
執筆者 : 上嶋勝也
2級ファイナンシャル・プランニング技能士
ファイナンシャルフィールド編集部",[],[]
ネット通販で「送料無料」と書いてあったのに、請求額は「＋800円」。後から気づいたけど、これって違反？ 表示ルールはどうなっている？（ファイナンシャルフィールド）,https://news.yahoo.co.jp/articles/74b0678b6617c2ca997885645e934edb870d5246,https://newsatcl-pctr.c.yimg.jp/t/amd-img/20260124-00010015-ffield-000-1-view.jpg?exp=10800,2026-01-24T13:50:02+09:00,2026-01-24T13:50:02+09:00,ファイナンシャルフィールド,ffield,ファイナンシャルフィールド,1620,"ネット通販で「送料無料」と書いてあったのに、請求額は「＋800円」。後から気づいたけど、これって違反？ 表示ルールはどうなっている？
ネット通販で見かける「送料無料」という言葉――それを信じて購入したのに、請求額を見たら「プラス800円」になっていたらどう思うでしょうか。見落とした自分が悪いのか、それとも表示が問題なのか、疑問に感じる方も多いでしょう。
 
不要なトラブルを回避するために、この記事では送料表示のルールを確認しておきましょう。
▼町内会費の支払いを拒否したら「今後ゴミを捨てるな」と言われた！ 本当に従う必要はあるの？
「送料無料」表示なのに800円追加は違反か？ 特定商取引法のルール
ネット通販で「送料無料」と記載されていたのに請求額に800円の追加が発生した場合、特定商取引法違反の疑いがあります。消費者庁の「特定商取引法ガイド」によれば、販売価格に送料が含まれていない場合、送料を別途金額で明確に表示しなければならないとしています。
 
販売価格のみ表示されている場合、送料はその販売価格に含まれていると推定され、追加請求は消費者を誤認させる不当表示に該当する可能性が高いです。
 
例えば、全国一律送料の場合「全国一律◯◯円」、地域差がある場合は「送料◯◯円（東京）」「送料◯◯円（沖縄）」のように具体的に示すことが求められます。
消費者庁の見解は？ 「送料無料」表示の説明責任とは
消費者庁は「送料無料」の表示について法規制を見送ったものの、「商品価格以外に追加負担がないと表示する場合は、事業者（表示者）に説明責任がある」との見解を示しました。
 
これは、トラックドライバーの時間外労働に上限が設けられる、いわゆる「物流の2024年問題」を受け、送料の適正化を促す狙いです。消費者庁は「送料当社負担」や「〇〇円（送料込み）」など、実態に即した表示をするよう求めています。
 
今回の事例における「追加800円」などの隠れた送料は、説明責任を果たさない不当表示と見なされる可能性があり、事業者の自主的な対応が注視されます。
大手通販の「送料無料」表示の見直し事例
では、大手事業者の対応はどうなっているのでしょうか。アマゾンジャパン合同会社は通販サイトのトップページ上のリンク先（企業情報サイト）に持続可能な配送を目指した取り組み内容の紹介コンテンツを新たに追加、送料無料の仕組みについての説明を加えています。
 
auコマース＆ライフ株式会社は「送料無料」の仕組みや表示の意味をショッピングサイトのトップページ上「物流2024年問題への対応」のリンク先に説明追加、楽天グループ株式会社・楽天市場はオンラインモールのトップページ上のリンク先（配送負荷軽減のための行動を消費者に促すページ）に「送料無料表示について」といったコンテンツを新たに追加しました。
 
消費者庁はほかにも「送料無料」表示見直しの取り組み事例を公表しています。送料表示の曖昧さは信頼喪失を招き、結果としてトラブルや売上減少にもつながりかねません。
トラブル回避のポイントと賢い買い物の提案
トラブルを防ぐために、初めて利用するプラットホームでは、送料の金額や条件をスクリーンショットで保存しておきましょう。追加料金が発生した場合は、事業者に理由を確認し、納得できない場合は消費生活センターなどに相談することをおすすめします。
 
また、送料が有料でも、複数の商品をまとめて購入することで、1点あたりの送料を抑えられる場合があります。送料の取り扱いをしっかり確認し、正しく理解したうえで、納得のいく買い物を心がけましょう。

出典
消費者庁 特定商取引法ガイド 通信販売広告について
消費者庁 「送料無料」表示の見直し取組事例
 
執筆者：FINANCIAL FIELD編集部
ファイナンシャルプランナー
ファイナンシャルフィールド編集部",[],[]
スーパーで「レジ袋3円」を毎回買っています。年単位で見ると、実は“地味に損”しているのでしょうか？（ファイナンシャルフィールド）,https://news.yahoo.co.jp/articles/72bfd8e2a9a4183935c3b4a40cc13eefb90098b1,https://newsatcl-pctr.c.yimg.jp/t/amd-img/20260124-00010014-ffield-000-1-view.jpg?exp=10800,2026-01-24T13:40:02+09:00,2026-01-24T13:40:02+09:00,ファイナンシャルフィールド,ffield,ファイナンシャルフィールド,1524,"スーパーで「レジ袋3円」を毎回買っています。年単位で見ると、実は“地味に損”しているのでしょうか？
スーパーで買い物をするたびにレジ袋を購入していると、意外と大きな出費になることがあります。有料化以降、レジ袋の辞退率は大きく上昇し、多くの人がエコバッグを活用しています。一方で、今でも利用者の約2割はレジ袋を買い続けている状況です。
 
本記事では、レジ袋を買い続けた場合の年間コストを明らかにし、エコバッグを使った場合との違いを「金額」と「手間」の両面から見ていきましょう。
▼町内会費の支払いを拒否したら「今後ゴミを捨てるな」と言われた！ 本当に従う必要はあるの？
レジ袋有料化の概要をおさらい
レジ袋有料化は、2020年7月1日から全国の小売店でプラスチック製買い物袋を原則有料とする制度です。この制度は、プラスチックごみの削減とライフスタイルの見直しを目的としており、経済産業省がガイドラインを定めています。
 
有料化の対象となるのは持ち手のついたプラスチック製の買い物袋で、繰り返し使える厚手のものや海洋生分解性プラスチック配合率が100％のもの、バイオマス素材配合率が25％以上のものは対象外です。価格は事業者が自由に設定しますが、1枚あたり1円未満では有料化とみなされません。
 
また、環境省のデータによると、レジ袋の有料化後は辞退率が大きく上昇し、約8割の人がレジ袋を購入せずに持ち帰っています。

・コンビニエンスストアにおけるレジ袋の辞退率：約23％→約75％
・スーパーマーケットにおけるレジ袋の辞退率：約57％→約80％

さらに、レジ袋の国内流通量は有料化前（2019年）から有料化後（2021年）で約半分にまで減少しました。
週3回・毎回購入でいくらになる？ レジ袋代を1年単位で試算してみる
スーパーでの買い物頻度を週3回、1回に1枚3円のレジ袋を2枚購入していると仮定すると、1回のレジ袋代は6円、月間約72円になります。これを1年で換算すると約860円の支出です。仮に1回3枚使う場合、月約108円、年間約1300円です。
 
さらに、コンビニエンスストアやドラッグストアでの利用も加えると、袋の使用頻度が増え、年間で2000円～3000円程度に達することも考えられます。この金額を高いと感じるかどうかは、人それぞれでしょう。
「エコバッグvsレジ袋」節約と手間、どちらを選ぶ？
エコバッグを持参してレジ袋を完全に断れば、前述の試算どおり、年間で数百円から数千円程度の節約が見込めます。耐久性のあるエコバッグを初期費用として1000円程度で購入しても、1～2年で元が取れる計算です。
 
持ち運ぶ手間はあるものの、コンパクトタイプであれば持ち運びやすく、長期的には金銭面・環境面の両方に良い影響を与えるでしょう。一方で、レジ袋を購入すればエコバッグを持ち歩く手間が省け、ごみ袋や食品保存袋などとして日常的に再利用することもできます。
まとめ
レジ袋を毎回購入することは、一回一回は大きな出費ではないものの、地味に損をしているように感じるかもしれません。特に物価が高騰している今、こうした小さな出費の積み重ねは気分のいいものではないでしょう。
 
レジ袋を完全に断つのではなく、エコバッグを常に持ち歩き、必要なときだけレジ袋を購入するという柔軟な考え方が現実的と考えられます。

出典
経済産業省 2020年7月1日よりレジ袋有料化がスタートします。
環境省 レジ袋有料化（2020年7月開始）の効果
 
執筆者：FINANCIAL FIELD編集部
ファイナンシャルプランナー
ファイナンシャルフィールド編集部",[],[]
ふるさと納税を「5000円」だけしました。控除額が少なすぎて意味はなかった？ 少額でもやる意味はありますか？（ファイナンシャルフィールド）,https://news.yahoo.co.jp/articles/76eab9e68e4ba316b43b264803e0fbabddb4d5ba,https://newsatcl-pctr.c.yimg.jp/t/amd-img/20260124-00010013-ffield-000-1-view.jpg?exp=10800,2026-01-24T13:30:16+09:00,2026-01-24T13:30:16+09:00,ファイナンシャルフィールド,ffield,ファイナンシャルフィールド,1979,"ふるさと納税を「5000円」だけしました。控除額が少なすぎて意味はなかった？ 少額でもやる意味はありますか？
物価高が続くなか、節税のためにふるさと納税を始める人もいるでしょう。とはいえ、5000円程度の寄付では「手間のわりにリターンが少ないのでは？」と感じるのも正直なところかもしれません。少額でもやる価値はあるのか、それともある程度まとまった金額でないと意味がないのでしょうか。
 
この記事では、ふるさと納税の控除の仕組みとあわせて、少額ふるさと納税について考えます。
▼会社員で「年収1000万円」以上の割合は？ 大企業ほど高年収を目指せる？
ふるさと納税の控除額の計算方法
ふるさと納税では、寄付額から自己負担額の2000円を差し引いた金額が、所得税と住民税から控除されます。総務省によると、それぞれの控除額は、次の計算式で求められます。
 
・所得税からの控除額
（ふるさと納税額－2000円）×所得税の税率

・住民税からの控除額
基本分｛（ふるさと納税額－2000円）×10％｝＋特例分｛（ふるさと納税額－2000円）×（100％－10％－所得税の税率）｝
 
※特例分が住民税所得割額の2割を超える場合は、「特例分＝（住民税所得割額）×20％」の計算式になる。

例えば、所得税の税率10％の場合、5000円のふるさと納税で所得税控除は約300円（3000円×10％）、住民税控除（基本分）が約300円（3000円×10％）、住民税控除（特例分）が約2400円（3000円×80％）となり、合計約3000円が控除される計算です。
 
確定申告が不要な給与所得者の場合、「ワンストップ特例制度」を使えば確定申告をしなくても寄付金控除が受けられる仕組みも用意されています。
 
総務省によれば、ワンストップ特例の適用を受けた場合は所得税からの控除は発生せず、ふるさと納税を行った翌年の6月以降に支払う住民税からの減額という形で控除が行われます。
 
注意したいのは、自己負担額の2000円を除いた全額が所得税および住民税から控除されるふるさと納税額には、収入や家族構成などによって上限額が設けられているという点です。全額控除されるふるさと納税額の年間上限を超えた場合は、実質負担額が2000円を超えるため、事前に自身の上限額目安を確認しておくことが重要です。
少額寄付のデメリットと実感される「意味のなさ」
上記の試算によれば、5000円の寄付では控除額が3000円程度になる可能性があり、「税金還付が少ない」と感じるかもしれません。返礼品も数千円相当の小容量（例:コーヒーセットや小分け食品など）に限られるケースが考えられ、市場価格で2000円以上の価値が出ない場合、手間が上回る可能性もあります。
 
また、寄付から還付まで時間がかかるため、資金繰りが厳しいと負担感が増すかもしれません。
少額でもやる価値がある3つのメリット
ふるさと納税は、少額の寄付でもお得に返礼品が受け取れる可能性があります。返礼品の還元率を比較できるサイトもあり、高い還元率の品も多く用意されています。うまく活用すれば、楽しみながら生活費の節約にもつながるかもしれません。
 
また、地域への貢献も可能です。寄付金は自治体の財源となり、災害支援や特定の事業などに活用されます。総務省の資料によると、2024年度の寄付総額は全国で1兆円を超え、地方の活性化に役立っています。
 
さらに返礼品や自治体情報を通じて、地方の特産品や文化に触れるきっかけにもなるでしょう。旅行の計画がある場合はその候補地にするなど、楽しみ方の幅も広がるかもしれません。
まとめ
5000円といった少額のふるさと納税でも、控除の仕組み自体は高額寄付と変わらず、実質負担は原則2000円で返礼品と地域貢献の両方を得られるでしょう。金額が小さい分、節税効果や返礼品のインパクトは控えめかもしれませんが、「制度を試してみる」「無理のない範囲で地域を応援する」という点では十分に意味があります。
 
まずは少額から始め、仕組みに慣れたうえで寄付額を調整していくのも、現実的な活用法といえるでしょう。
 
出典
総務省 ふるさと納税ポータルサイト ふるさと納税のしくみ 税金の控除について
総務省 ふるさと納税ポータルサイト ふるさと納税トピックス一覧 制度改正について（2015年4月1日） 制度改正2 手続きの簡素化(「ふるさと納税ワンストップ特例制度」の創設)
総務省 ふるさと納税に関する現況調査結果（令和7年度実施） ふるさと納税の受入額及び受入件数の推移（全国計）（2ページ）
 
執筆者：FINANCIAL FIELD編集部
ファイナンシャルプランナー
ファイナンシャルフィールド編集部",[],[]
【給付金】「4万円給付案」が実現すれば、家族3人で“合計12万円”ももらえるって本当!?「給付付き税額控除」はいつ頃実現するのでしょうか？ 今後の方針を確認（ファイナンシャルフィールド）,https://news.yahoo.co.jp/articles/eb44a2b11814ef990b230cc669bb1049bc17ad75,https://newsatcl-pctr.c.yimg.jp/t/amd-img/20260124-00010012-ffield-000-1-view.jpg?exp=10800,2026-01-24T13:30:09+09:00,2026-01-24T13:30:09+09:00,ファイナンシャルフィールド,ffield,ファイナンシャルフィールド,1781,"【給付金】「4万円給付案」が実現すれば、家族3人で“合計12万円”ももらえるって本当!?「給付付き税額控除」はいつ頃実現するのでしょうか？ 今後の方針を確認
近年、物価高の影響や社会保険料の値上げなどにより、家計への負担が大きくなってきています。こういった状態から国民の家計を支援するため、政府は給付付き税額控除の制度設計を進めています。
 
給付付き税額控除とは、所得税から一定金額を差し引く税額控除と、支援対象者に対し現金を支給する現金給付を合わせた支援制度です。
 
本記事では、給付付き税額控除の制度設計や今後開始される電気・ガス料金支援の内容について解説します。
▼定年退職時に、「1000万円」以上の貯蓄がある割合は日本でどれくらい？
「給付付き税額控除」は制度設計の議論が続いている
物価高対策としての給付付き税額控除は、自民・日本維新の会両党の連立政権の合意書にも盛り込まれており、現在も議論が進められています。
 
11月27日に行われた小林鷹之政務調査会長による記者会見では、政府が予定している国民会議が立ち上がるまでの間に4党で制度設計を協議していくとしていました。国民会議が立ちあがった後は、そこで議論を1本化していくという言及もありました。
 
また、12月24日に行われた木原稔官房長官による記者会見では、年明けになるべく早く政府・与党・野党も交えた国民会議で検討を進めたいと述べていました。しかし、衆議院の解散・総選挙の実施により、国民会議の立ち上げにはまだ時間がかかるとみられ、給付付き税額控除が実施される明確な時期はまだ決まっていません。
立憲民主党案であれば「家族3人で12万円給付」の可能性も
立憲民主党が提案してきた1人当たり4万円の案であれば、所得に関わらず全ての支援対象者が均一に恩恵を受けられるでしょう。
 
具体的には、所得税額が4万円以上の場合は4万円分の税額控除、4万円未満の場合は全額控除+差額を給付、住民税が非課税の場合4万円の全額給付となります。このことから、所得税が課されない子どものいる家庭にとっては給付の恩恵が強くなると考えられます。
 
ただし、掲題の家族3人で最大12万円は世帯全員が非課税と仮定した場合の給付額です。少なくとも生計を支える扶養者の給付額に関しては、実際には税額控除を差し引いた後の金額となるでしょう。
 
なお、立憲民主党が公明党と結成した新党「中道改革連合」は、選挙公約の中で、立憲民主党が主張してきた給付付き税額控除の創設を挙げています。
令和8年1月～3月は「電気・ガス料金支援」を実施
令和7年11月21日に閣議決定された経済対策では、物価高から生活を守るための対策を最優先で実施する旨が掲げられています。この経済対策の施策の1つとして挙げられるのが、電気・ガス料金支援です。
 
電気・ガス料金支援は、寒さの厳しい1月から3月の間の電気・ガス料金を値引きする制度で、値引きは電気・都市ガスの事業者が行うため、各家庭が申請する必要はありません。値引きの実施期間は2026年1月から3月の使用分です。
 
経済産業省資源エネルギー庁が発表している値引き単価を、図表1にまとめました。
図表1
経済産業省資源エネルギー庁 電気・ガス料金支援を基に筆者作成
 
こうした光熱費に関する物価対策は、ある程度実感を伴ったものとなりそうです。なお、各月の値引き額は月々の使用量に上記の値引き単価を掛けることで算出できます。
まとめ
給付付き税額控除は、低所得者層や住民税非課税世帯も恩恵を受けられる制度で、幅広く公平的な仕組みといえるでしょう。
 
しかし、制度設計が難しい側面があり、政府は導入に向けた議論を進めていますが、衆院解散・総選挙実施の影響もあり、本格的な議論はこれからとあって、制度の整備にはまだ時間がかかりそうです。
 
また、物価高対策の制度として、電気・ガス料金支援が始まります。2026年1月から3月使用分の支援が受けられます。

出典
自民党 維新との連立に合意 物価高対策を早急に進める意思共有
経済産業省資源エネルギー庁 電気・ガス料金支援
 
執筆者：FINANCIAL FIELD編集部
ファイナンシャルプランナー
ファイナンシャルフィールド編集部",[],[]
定年後に週3日パートで働き、月収は「10万円」ほど。「これ以上働くと損」と言われましたが、年120万円の稼ぎでも年金に影響があるのでしょうか？（ファイナンシャルフィールド）,https://news.yahoo.co.jp/articles/6191ecd79a7196d6dcc422a91446d985f4f82241,https://newsatcl-pctr.c.yimg.jp/t/amd-img/20260124-00010011-ffield-000-1-view.jpg?exp=10800,2026-01-24T13:20:09+09:00,2026-01-24T13:20:09+09:00,ファイナンシャルフィールド,ffield,ファイナンシャルフィールド,1772,"定年後に週3日パートで働き、月収は「10万円」ほど。「これ以上働くと損」と言われましたが、年120万円の稼ぎでも年金に影響があるのでしょうか？
定年後の生活を考えるうえで、「年金＋パート収入」のバランスは多くの人にとって現実的な選択です。
 
一方で、「働きすぎると年金が減る」「結局、手取りは増えない」といった話を耳にし、不安を感じている人も多いでしょう。本記事では、定年後の働き方で年金に影響が出るのかを冷静に確認していきます。
▼65歳から70歳まで「月8万円」をアルバイトで稼ぐと、年金はどれだけ増える？
定年後に週3日・月10万円で働くと、本当に「年金が減って損」になるのか？
定年後も働き続ける場合、収入が年金にどう影響するのかという点を考える際に鍵になるのが、「在職老齢年金」という制度です。
 
在職老齢年金とは、老齢厚生年金を受け取りながら厚生年金保険に加入して働く場合などに、賞与を含む給与と老齢厚生年金額の合計が1ヶ月あたり一定額を超えると、老齢厚生年金の一部または全部が支給停止になる仕組みです。
 
日本年金機構によると、下記の計算式で支給停止調整額を超えると、その超えた分の半分が老齢厚生年金から差し引かれます。
 
・基本月額（老齢厚生年金の月額）＋総報酬月額相当額（その月の標準報酬月額＋その月以前1年間の標準賞与額の月割り）
 
つまり、「どれくらいの年金をもらっているか」と「パート収入がいくらか」の両方を見ないと、損になるかどうかは判断できないのです。
在職老齢年金の支給停止の基準額「月62万円」とは？ 月10万円パート・年120万円なら減額ラインはどこか
厚生労働省は、在職老齢年金の支給停止の基準額を引き上げる改正を進めており、給与と老齢厚生年金の合計が月62万円を超える場合に支給停止が始まる予定となっています。
 
2024年度の基準額は月50万円ですが、改正後は基準が大きく引き上げられ、高齢者が年金を受け取りながらより働きやすくすることが目的とされています。
 
今回のケースで月10万円のパート収入（総報酬月額相当額も10万円と仮定）の場合、支給停止調整額を62万円として計算式から逆算すると、「62万円－10万円＝52万円」となり、老齢厚生年金の月額が52万円を超えなければ支給停止は発生しません。
 
実際、老齢厚生年金の最高額は理論上月30万円程度とされているため、月52万円に達するケースは存在しないでしょう。したがって、月10万円・年120万円程度のパート収入では、在職老齢年金による支給停止は発生しないと考えられます。
 
また、支給停止の対象はあくまで老齢厚生年金であり、老齢基礎年金部分は在職老齢年金の調整の対象外です。
在職老齢年金以外で注意したいポイント
一方で、「年金が減らないから安心」とだけ考えるのではなく、社会保険への影響も押さえておく必要があります。
 
パートで厚生年金保険・健康保険に加入するかどうかは、勤務先の規模や週の所定労働時間、所定内賃金が一定額以上かどうか、勤務期間が2ヶ月を超える見込みがあるかなど、複数の条件で判断されます。
 
企業規模や契約条件などによっては社会保険加入の対象となる場合があるため、勤務先に確認することが重要です。
「これ以上働くと損」を恐れすぎないための、定年後マネープランの考え方
在職老齢年金の支給停止調整額が引き上げられることで、多くの人にとって「年金が減るかどうか」を心配する局面は、これまで以上に少なくなるでしょう。
 
一方で、「これ以上働くと損」という言葉だけが独り歩きすると、本来は家計の安心感を高めるはずのパート収入を過度に抑えてしまい、生活のゆとりや社会とのつながりを自ら狭めてしまう恐れがあります。
 
定年後の働き方を考える際には、「在職老齢年金の支給停止の基準額」「社会保険加入の要件」「税金が増えるライン」といったお金の条件を一度整理したうえで、自分の体力や暮らし方の希望と照らし合わせ、無理なく続けられるペースを選ぶことが大切です。

出典
日本年金機構 在職老齢年金の計算方法
 
執筆者：FINANCIAL FIELD編集部
ファイナンシャルプランナー
ファイナンシャルフィールド編集部",[],[]
「定年後は再就職をしない」と言う夫。年金は夫婦で「月20万円」受給予定ですが、定年後は働かない人のほうが多いでしょうか？（ファイナンシャルフィールド）,https://news.yahoo.co.jp/articles/64d342ed01cc1dd1325359e10904b192106adb44,https://newsatcl-pctr.c.yimg.jp/t/amd-img/20260124-00010010-ffield-000-1-view.jpg?exp=10800,2026-01-24T13:20:01+09:00,2026-01-24T13:20:01+09:00,ファイナンシャルフィールド,ffield,ファイナンシャルフィールド,2141,"「定年後は再就職をしない」と言う夫。年金は夫婦で「月20万円」受給予定ですが、定年後は働かない人のほうが多いでしょうか？
間もなく定年退職を迎えるという人や、すでに定年退職した人にとって、定年後の生活費をどのように賄っていくかは大きなテーマです。
 
再就職するか、それとも年金のみで生活していくかは、現在の資産状況や毎月の支出、健康状態、家族構成など、さまざまな要素を踏まえて判断する必要があります。「定年後は再就職せず、年金で暮らしていきたい」と考える世帯もありますが、世間一般では定年後も働く人が多いのかどうか、気になる人もいるでしょう。
 
本記事では、定年後の就業状況の全体像を整理したうえで、年金を夫婦で月20万円を受給する世帯を例に、老後の生活費について解説します。
▼65歳から70歳まで「月8万円」をアルバイトで稼ぐと、年金はどれだけ増える？
定年後の就業状況
最初に、60代以降で就業している人がどれくらいいるのか、内閣府のデータを基に見ていきましょう。
 
■労働者全体の5人に1人以上は60代
内閣府の「令和7年版高齢社会白書（全体版）」によると、令和6年（2024年）における労働力人口は「6957万人」でした。そのうち、60～64歳、65～69歳、および70歳以上が占める割合は以下の通りです。
 
・60～64歳：576万人（約8.3％）
・65～69歳：400万人（約5.7％）
・70歳以上：546万人（約7.8％）
※割合は筆者にて計算
 
労働力人口全体に占める割合は約21.8％にもなります。労働者全体の約5人に1人が60歳以上で、65歳以上に絞っても約13.6％に上ります。60代以降の労働者も、社会にとって大きな労働力になっているといえるでしょう。
 
また「65歳以上が労働力人口に占める割合」を昭和55年（1980年）からの推移で見ると、年々上昇傾向にあります。1980年時点の4.9％と比較すると、令和6年（2024年）は約2.8倍に達します。
 
■65歳以上でも就業している人は多い
続いて、65歳以上の年齢階級別の就業率を見ていきましょう。
 
・65～69歳：54.9％
・70～74歳：35.6％
・75歳以上：12.2％
 
65～69歳の階級では、過半数が仕事に就いており、推移を見ると21年連続で前年を上回っています。70～74歳の階級においても、約3人に1人が就業している状況です。
 
全員が必要に迫られて働いているわけではないかもしれませんが、一定数の人が、定年後も生活資金のために働いていると考えられます。
夫婦2人の生活費の平均
総務省統計局の「家計調査報告家計収支編 2024年（令和6年）平均結果の概要」によると、65歳以上の夫婦のみの無職世帯（夫婦高齢者無職世帯）の家計収支は以下の通りです。
 
・非消費支出：3万356円
・消費支出：25万6521円
・合計：28万6877円
 
消費支出のみを見ても、月20万円の年金では5万円超のマイナスになることが分かります。十分な蓄えがない場合、年金のみで生活費を賄うことは厳しいかもしれません。
 
ただし、上記の支出額はあくまで平均的な世帯における数値に過ぎず、支出額は世帯によって異なります。
 
例えば上記の平均では「食料」の費目が全体の29.8％を占めています。また「交通・通信」が10.8％、「教養娯楽」が9.9％です。これらの費目は、生活スタイルによって支出額が大きく変わる可能性があります。
 
一方、世帯によっては、消費支出が20万円を切ることもあるでしょう。そのような世帯は、月20万円の年金でも生活費を十分捻出できることも考えられます。
 
いずれにしても、定年前に将来の収支バランスを試算し、年金や貯金などの資産で老後資金をどの程度賄えるのかを確認しておくとよいでしょう。その際は介護や医療、家や車の維持費など、老後に発生しやすい大きな出費も支出として見込んでおくことが大切です。
 
これらの費用を含めて考えた結果、年金や貯金だけでは老後の生活費を十分に賄えないと判断した場合は、定年後の再就職を視野に入れることも選択肢の一つになり得ます。
定年後の暮らしに備えて、夫婦の収支を整理しよう
労働力人口全体に占める60代の割合は5人に1人を超え、65～69歳の年齢階級のみで見ると、半数を超える人が就業しているようです。定年後も何らかの職に就いている人は多く、上昇傾向にあります。
 
一方で、定年退職後は年金やそれまでの蓄えのみで生活したいと考える人もいるでしょう。その場合は、現在の収支バランスと、定年後に想定される支出を比較し、年金や貯金で必要な生活費を賄えるのかを事前に検討しておくことが重要です。

出典
内閣府 令和7年版高齢社会白書（全体版）1 就業・所得 第1章　高齢化の状況（第2節 1）第2節　高齢期の暮らしの動向（1）
総務省統計局 家計調査報告 家計収支編 2024年（令和6年）平均結果の概要
 
執筆者：FINANCIAL FIELD編集部
ファイナンシャルプランナー
ファイナンシャルフィールド編集部",[],[]
現在都営住宅で年金暮らしですが、出戻り の娘（40歳）を受け入れたい！ 何か手続きをしたほうがよいの？（ファイナンシャルフィールド）,https://news.yahoo.co.jp/articles/af09a3851a601ce7e6b2edc00f60e055bbb20278,https://newsatcl-pctr.c.yimg.jp/t/amd-img/20260124-00010009-ffield-000-1-view.jpg?exp=10800,2026-01-24T12:20:02+09:00,2026-01-24T12:20:02+09:00,ファイナンシャルフィールド,ffield,ファイナンシャルフィールド,1986,"現在都営住宅で年金暮らしですが、出戻り の娘（40歳）を受け入れたい！ 何か手続きをしたほうがよいの？
公営住宅に住んでいる際、遠くで働いていた子どもが転職や退職を機に地元へ戻ってくるケースがあります。持ち家がない場合、子どもの住む場所がなくて困るからと、公営住宅での同居を検討する人もいるでしょう。
 
そこで本記事では、公営住宅で同居人を増やしてもよいのか、また勝手に同居人を増やすとどうなるのかなどについてご紹介します。
▼アパートの1階と2階で「家賃」はどれだけ変わる？ 1階暮らしのメリット・デメリットも紹介
公営住宅の同居人は増やしてもよい？
公営住宅では、勝手に同居人は増やせません。同居人を増やすに当たって、やむを得ない事情がある場合にのみ認められます。都営住宅を提供しているJKK東京によると、やむを得ない事情とは以下の通りです。
 
・名義人または世帯員が結婚する、もしくはパートナーシップ関係になる
・名義人を扶養、または同居しようとする人が名義人に扶養される
・名義人を介護、または名義人に看護される
・都営住宅などに同居し、通学を必要とする
・立ち退きなどにより同居しようとする人が住宅に困窮している
 
さらに、やむを得ない事情に該当していても、以下の条件を満たしていなければ、同居の許可は出ません。
 
・都営住宅などに入居して1年以上経過している
・名義人と婚姻した人、またはパートナーシップ関係の相手方となった人
・名義人またはパートナーシップ関係の相手方の、1親等内の親族である（期限付き同居は3親等まで）
・原則として単身者である
・同居後の畳数が、一人当たり2.4畳以上である
・名義人と同居者に持ち家がない
・名義人と同居者が暴力団員でない
・使用料の滞納が3ヶ月以上ない
・所得条件を満たしている
 
これらの条件をすべて満たしている場合に、住宅同居のための申請書を事前に提出して認められることで、同居したい人と公営住宅で実際に暮らせます。
 
なお、収入状況や自治体などによって、条件は異なる可能性があるため、必ず公営住宅を運営している団体の窓口へ確認しておきましょう。
所得基準とは
条件の一つである所得条件は、同居人を増やすときだけでなく、公営住宅を借りるときにも確認される収入基準のことです。JKK東京の場合、一般区分では、家族の人数により所得条件は以下のように変わります。
 
・1人：0～189万6000円
・2人：0～227万6000円
・3人：0～265万6000円
・4人：0～303万6000円
・5人：0～341万6000円
・6人：0～379万6000円

家族の人数は、申込者本人、同居親族、申込者本人や同居親族のうち所得税法の扶養親族にあたる人数を合計したものです。また、所得とは、収入から必要経費や各種控除を差し引いた金額を指します。
 
これらの所得基準内であれば、公営住宅への申し込みや同居申請が可能になります。
勝手に同居させるとどうなる？
公営住宅では、無断で同居人を増やすことは認められていません。公営住宅法第27条の5項により、「公営住宅の入居者は、当該公営住宅の入居の際に同居した親族以外の者を同居させようとするときは、国土交通省令で定めるところにより、事業主体の承認を得なければならない」と定められているためです。
 
罰則は明記されていないものの、無断で人を増やすと管理団体から退去を求められる可能性もあるため注意が必要です。なお、毎日の同居でなくとも実態として生活の本拠と認められる形で居住している場合には、たとえ「留守番」などの名目であっても、無断同居と判断される可能性があります。
 
娘さんが住むところに困っている場合は、条件に該当するかを確認したうえで、正式な手続きをして、同居するようにしましょう。
公営住宅の同居人を増やす場合は申請が必要
公営住宅の同居人を増やす場合、事前に公営住宅の運営団体へ申請が必要です。収入状況や団体などによって、同居人を増やす際の条件が異なる可能性もあるため、よく確認しておきましょう。
 
なお、勝手に同居人を増やすことは、法的にも認められていません。勝手に同居させると、同居人だけでなく自分自身も退去を求められる可能性があるため、必ず手続きをしてから娘を受け入れるようにしましょう。
 
出典
東京都住宅供給公社 JKK東京 都営住宅等の同居申請
東京都住宅供給公社 JKK東京 所得基準表
デジタル庁 e-Gov法令検索 公営住宅法（昭和二十六年法律第百九十三号）第三章 公営住宅の管理 第二十七条（入居者の保管義務等）
 
執筆者：FINANCIAL FIELD編集部
ファイナンシャルプランナー
ファイナンシャルフィールド編集部",[],[]
東京ディズニーシー「ファンタジースプリングスホテル」に泊まると「1泊8万円」が最低料金!? ディズニーホテルの価格相場とは（ファイナンシャルフィールド）,https://news.yahoo.co.jp/articles/0848b8d697d1dbda3c9f97cfdef0a7111d13202a,https://newsatcl-pctr.c.yimg.jp/t/amd-img/20260124-00010008-ffield-000-1-view.jpg?exp=10800,2026-01-24T11:40:28+09:00,2026-01-24T11:40:28+09:00,ファイナンシャルフィールド,ffield,ファイナンシャルフィールド,1363,"東京ディズニーシー「ファンタジースプリングスホテル」に泊まると「1泊8万円」が最低料金!? ディズニーホテルの価格相場とは
東京ディズニーシーの新ホテル「ファンタジースプリングスホテル」。価格が高いイメージを持たれがちですが、実際のところはどうなのでしょうか。
 
本記事では、ファンタジースプリングスホテルの料金の実態を、他のディズニーホテルとの比較を交えながらご紹介し、現実的な予算感を整理します。
▼町内会費の支払いを拒否したら「今後ゴミを捨てるな」と言われた！ 本当に従う必要はあるの？
ファンタジースプリングスホテルの価格帯は7万円台～50万円台
ファンタジースプリングスホテルは「ファンタジーシャトー」と「グランドシャトー」の2種類から構成されており、合計475室あります。
 
・ファンタジーシャトー：全419室
・グランドシャトー：全56室
 
ファンタジーシャトーは、客室の位置によって4タイプに分かれます。東京ディズニーリゾート・オフィシャルホテル側に位置する「ベイエリアサイド」は、パークビューではないため価格が抑えられています。
 
客室タイプや宿泊時期によって料金は異なり、1泊あたりおおむね7万円～15万円台で、10万円前後のプランが中心です。
 
一方、グランドシャトーは高級志向のつくりで、ディズニーホテルの中でも最上級に位置づけられています。宿泊料金は1泊あたりおおむね30万円～50万円台と、高めの設定になっています。
ディズニーホテルの宿泊料金比較
ディズニーホテルは全部で6種類あり、リーズナブルなものからラグジュアリーなものまで、幅広い価格帯の客室がそろっています。
 
表1は、それぞれのホテルのおおまかな価格相場（1室1泊あたり）です。客室タイプや宿泊時期などによって料金は異なるため、あくまで目安として参考にしてください。
 
表1
表1
※筆者作成
 
ホテルによっては、宿泊者限定のグッズ特典が用意されていたり、キャラクタールームがあったりするなど、それぞれに異なる魅力があります。
料金変動要因と予算節約のコツ
料金が大きく変動する主な要因は、ゴールデンウイークや夏休み、年末年始などの繁忙期で、この時期は料金が大幅に上昇する傾向です。さらに、週末の料金も通常より高めに設定されています。時期によっては、宿泊費が数十万円に達することも珍しくありません。
 
節約のコツは次の4点が挙げられます。
 
（1）繁忙期を避けて宿泊する
（2）直前割を利用する
（3）ホテル予約サイトで割安料金を狙う
（4）ディズニー・カードクラブに入会して割引時期に予約する
 
これらを実践すれば宿泊料金を抑えられる可能性があり、節約できたお金をディズニーランドやディズニーシーを楽しむのに使えるでしょう。
まとめ
ファンタジースプリングスホテルは高額な印象がありますが、平日や閑散期を狙えば費用を抑える余地はあります。無理に最高ランクを選ばず、部屋タイプや宿泊日を調整することで、現実的な予算内に収めることも可能でしょう。事前の情報収集が、満足度と節約を両立させる鍵になります。
 
執筆者：FINANCIAL FIELD編集部
ファイナンシャルプランナー
ファイナンシャルフィールド編集部",[],[]
コンビニで毎朝コーヒーを買って月4500円。妻に「もったいない」と言われています。スーパーのペットボトルと比べると、どれくらい差が出ますか？（ファイナンシャルフィールド）,https://news.yahoo.co.jp/articles/91fcc2846774dfa83c7079b9da2e5b38dbd8ed47,https://newsatcl-pctr.c.yimg.jp/t/amd-img/20260124-00010007-ffield-000-1-view.jpg?exp=10800,2026-01-24T11:30:40+09:00,2026-01-24T11:30:40+09:00,ファイナンシャルフィールド,ffield,ファイナンシャルフィールド,1458,"コンビニで毎朝コーヒーを買って月4500円。妻に「もったいない」と言われています。スーパーのペットボトルと比べると、どれくらい差が出ますか？
食料品や日用品の値上げが続く中、家計の見直しを考えている人も多いでしょう。そんな中で見落としがちなのが、毎朝のコンビニコーヒーです。
 
今回の事例における「月4500円」という数字は、本当に高いのか、それとも妥当なのか、この記事では、スーパーのペットボトルと比べながら、「無理のない節約」ができるかを考えます。
▼職場のランチ代節約したい！「おにぎり」だけは栄養的にNG？ 節約効果も検証
毎朝のコンビニコーヒー、月4500円の内訳と実質コスト
コンビニのコーヒーは手軽ですが、毎朝となると「もったいない」と感じる人もいるでしょう。ホット・アイスで差はあるものの、主要コンビニでは、R／Sサイズがおおむね120円～150円程度、M／Lサイズが180円～330円程度が相場です。
 
容量はR／Sサイズで150～210ミリリットル、M／Lサイズが235～400ミリリットル程度で、1ミリリットルあたりおよそ0.7円～1円とコスパは良いものの、毎日続けると家計圧迫要因となり得ます。そこで今回は、出費を抑える視点から、スーパーのペットボトルコーヒーとのコストを比較してみましょう。
スーパーのペットボトルコーヒーの価格相場と1杯分換算単価
500ミリリットルのペットボトルコーヒーは、一般的に100円～150円程度で販売されています。スーパーでは大容量タイプの方が割安で、あるメーカーでは「ブレンドコーヒー」（900ミリリットル）は税込み約130円と手ごろです。
 
150ミリリットル（コンビニコーヒーのSサイズ相当）に換算すると、ペットボトルコーヒーは1杯あたり20円～50円程度と非常に安価です。大容量タイプをまとめ買いすれば、さらにコストを抑えられます。朝に飲む分だけ別容器に移せば、無駄なく経済的にコーヒーを楽しめるでしょう。
月4500円のコンビニコーヒーvsスーパーのペットボトルコーヒー、いくら節約できるかを検証
コンビニでコーヒーを月に4500円分購入している場合、スーパーで販売されているペットボトルコーヒー（150ミリリットルを1杯30円換算で1日1杯）に切り替えると、月額は約900円に抑えられ、月3600円、年間では約4万3200円の節約になる可能性があります。
 
また、コンビニで毎日Lサイズ（240ミリリットル・1杯330円）のコーヒーを購入する習慣がある場合、月の出費は約9900円にのぼりますが、代わりにペットボトルコーヒーを活用すれば、月8000円以上の節約が見込める場合もあります。
 
物価高騰による値上げ傾向を考慮すると、ペットボトルのまとめ買いは家計防衛に有効といえるでしょう。
まとめ
毎朝コンビニでコーヒーを買う習慣は手軽で満足感もあるかもしれませんが、月単位・年単位で見ると家計への影響は少なくありません。スーパーのペットボトルコーヒーに切り替えるだけで、年間で数万円の節約につながるケースもあります。
 
大切なのは、毎日の習慣を一度立ち止まって見直し、「平日はペットボトル、週末はコンビニ」など、自分に合ったバランスを見つけることです。こうした工夫によって、満足感を損なわずに節約が可能になるかもしれません。
 
執筆者：FINANCIAL FIELD編集部
ファイナンシャルプランナー
ファイナンシャルフィールド編集部",[],[]
「住宅ローン控除」を受けるため初めて確定申告をします。妻のパート収入「100万円」も含めて申告が必要なのでしょうか？（ファイナンシャルフィールド）,https://news.yahoo.co.jp/articles/e113841040184b08ec91f07fc7d13227b8d97926,https://newsatcl-pctr.c.yimg.jp/t/amd-img/20260124-00010006-ffield-000-1-view.jpg?exp=10800,2026-01-24T09:20:20+09:00,2026-01-24T09:20:20+09:00,ファイナンシャルフィールド,ffield,ファイナンシャルフィールド,1942,"「住宅ローン控除」を受けるため初めて確定申告をします。妻のパート収入「100万円」も含めて申告が必要なのでしょうか？
住宅ローン控除を受けるためには、ローンを組んだ最初の年にまず確定申告を行う必要があります。初めて確定申告をする人で妻がいる場合、住宅ローン控除に妻の収入が影響するのか分からない人もいるかもしれません。
 
そこで本記事では、住宅ローン控除に妻の収入が影響するのか、また確定申告時に妻の収入申告が必要かなどについてご紹介します。
▼扶養内で働いてるけど、労働時間が「週20時間」を越えてしまった！「社会保険」に加入する必要はある？
住宅ローン控除に妻の収入は影響する？
国税庁によると、住宅ローン控除を受けられるのは以下の条件をすべて満たしている場合です。

・住宅の新築などの日から6ヶ月以内に実際に住み始めている
・住宅ローン控除を受ける年の12月31日まで住み続けている
・その年の合計所得が2000万円以下であり、住宅の床面積が50平方メートル以上かつ半分以上を自分が住むために使用している
・10年以上の住宅ローンを組んでいる
・2つ以上の住宅を持っている場合、控除に用いる住宅が主に居住用として使われている
・居住年の前後6年間に特定の譲渡所得に対する課税特例の適用を受けていない
・住宅の取得手段が同一生計の親族や特別な関係の人から受け取ったものではない
・住宅の取得手段が贈与ではない

条件からも分かるように、単独名義であれば、住宅ローン控除の所得要件に妻の収入は影響しません。
 
ただし、妻から住宅そのものを贈与で受け取った場合は、住宅ローン控除を受けられなくなる可能性があります。また、所得条件以外もさまざまな条件を満たしている必要があるため、よく確認しておきましょう。
ペアローンを組んだ場合はそれぞれで申告が必要
ペアローンとは、一つの住宅に対して2人でそれぞれローンを組んで、返済していく方法です。ペアローンをすると、夫婦それぞれで住宅ローンを組んでいるため、夫婦ともに住宅ローン控除を申告できます。この場合、夫だけでなく妻も住宅ローン控除を受けるために自分で申告が必要です。
 
ペアローンを使い夫婦それぞれで住宅ローン控除を受けると、控除額が1人のときよりも大きくなりやすいメリットがあります。また、2人なので借入額も多くできます。できるだけ住宅ローン控除で節税したいときや、借入額を増やしたいときは、ペアローンの利用も検討するとよいでしょう。
確定申告時に妻の収入申告は必要？
住宅ローンの有無に関係なく、配偶者控除を受ける人で妻に収入がある場合は、申告をしましょう。妻の収入によって、配偶者控除の対象となるかどうかが変わるためです。国税庁によると、配偶者の合計所得が58万円以下だと、配偶者控除を受けられます。
 
合計所得は、収入から必要経費を引いて求めた所得の合計額です。パート収入100万円のみの場合、合計所得は給与所得のみとなります。給与所得控除が65万円なので、合計所得額は35万円です。基準を満たしているため、確定申告書の配偶者の所得を書く欄に記載し、確定申告をしましょう。
 
配偶者控除の基準を満たしていない場合でも、配偶者の合計所得が133万円以下なら配偶者特別控除が適用されるため、申告が必要です。配偶者控除・配偶者特別控除のいずれも適用しない場合は、確定申告書の配偶者控除欄への記載は不要となります。
配偶者の収入に注意しながら、正しく確定申告しよう
住宅ローン控除の条件に、配偶者の収入は含まれていません。そのため、配偶者が100万円の収入を得ていたとしても、住宅ローン控除は受けられます。
 
ただし、住宅ローン控除の条件は収入以外に居住用であることや贈与でないことなど、さまざまな条件を満たしている必要があります。控除を申告する前に、条件に該当しているかはチェックしておきましょう。
 
なお、住宅ローン控除の申告に妻の収入は必要ありませんが、配偶者控除を受けるためには妻の収入申告自体は必要です。確定申告書の必要事項を記入し、提出しましょう。

出典
国税庁 タックスアンサー（よくある税の質問） No.1211-1 住宅の新築等をし、令和4年以降に居住の用に供した場合（住宅借入金等特別控除）
国税庁 タックスアンサー（よくある税の質問） No.1190 配偶者の所得がいくらまでなら配偶者控除が受けられるか
国税庁 タックスアンサー（よくある税の質問） No.1195 配偶者特別控除
 
執筆者：FINANCIAL FIELD編集部
ファイナンシャルプランナー
ファイナンシャルフィールド編集部",[],[]
都営住宅に住む母の駐車場に、いつの間にか「新車のSUV」が停まっています。世帯年収が上がった場合でも、そのまま住み続けられるのでしょうか？（ファイナンシャルフィールド）,https://news.yahoo.co.jp/articles/3d95769daf99f08b2ac5b414d509a383ca65c7a6,https://newsatcl-pctr.c.yimg.jp/t/amd-img/20260124-00010005-ffield-000-1-view.jpg?exp=10800,2026-01-24T09:20:02+09:00,2026-01-24T09:20:02+09:00,ファイナンシャルフィールド,ffield,ファイナンシャルフィールド,1713,"都営住宅に住む母の駐車場に、いつの間にか「新車のSUV」が停まっています。世帯年収が上がった場合でも、そのまま住み続けられるのでしょうか？
都営住宅は「住宅に困っている人へ公平に提供する」ための公的住宅です。そのため、入居後に世帯年収が上がった場合は“何も変わらずそのまま”とはいかず、家賃の見直しや「収入超過者」「高額所得者」に該当する可能性があります。
 
さらに、駐車場に見慣れない“新車のSUV”が停まっているとなると、「そもそも契約者本人の車なのか」「名義貸しの不正利用では？」といった別のトラブルも疑われやすい点に注意が必要です。この記事では、都営住宅の収入ルールと、駐車場利用で気をつけたいポイントを整理します。
▼アパートの1階と2階で「家賃」はどれだけ変わる？ 1階暮らしのメリット・デメリットも紹介
都営住宅は収入が上がると「家賃が上がる」「退去努力義務が出る」場合がある
都営住宅は入居時だけでなく、入居後も収入状況に応じて扱いが変わります。基準を超えると「収入超過者」に該当し、家賃が上がったり、住み替え（明け渡し）に努めるべきだとされたりすることがあります。
 
実際に都営住宅では、収入超過者に対して明け渡し努力義務が定められており、制度として収入が上がってもずっと同条件で住み続けられる仕組みではありません。
 
また、都営住宅の入居資格には所得基準があり、世帯人数ごとに上限が定められています。所得の認定は原則「前年所得」を用いるなど、審査ルールも明確です。
「新車のSUVがある＝即アウト」ではないが、気になるなら確認は必要
都営住宅に住みながら車を所有すること自体は、直ちに違反と決まるものではありません。たとえば、車が生活に必要なケース（通院、介護、仕事等）もありますし、中古車でも新車でも“車がある＝不正”とは限りません。
 
ただし、周囲からは「収入が十分にあるのでは？ 」と見られやすく、結果として収入状況の確認や家賃の見直しにつながる可能性はあります。特に、収入が一定以上増えれば「収入超過者」扱いになり、割増家賃が発生する方向に動くこともあるため、年収が上がったタイミングで手続き漏れがないか注意したいところです。
 
「いつの間にか停まっている」という状況なら、まずはそのSUVが母の車なのか、家族の車なのか、あるいは無関係な第三者の車なのかを切り分けるのが先決です。
駐車場は“契約ルール”があるため、名義貸し・無断利用はトラブルになりやすい
都営住宅の敷地内駐車場は、空きがあれば誰でも自由に使えるものではなく、基本的に所定の手続きに基づいて利用する仕組みです。駐車場関連の手続きが案内されていることからも、利用にあたって届出や返還など一定のルールがあることが分かります。
 
そのため、もし「契約者（母）ではない人の車が常態的に停まっている」「母が契約している駐車区画を、別世帯が使っている」ような状態だと、名義貸し・無断利用を疑われやすくなります。収入の問題とは別軸で、駐車場の不正使用が原因で指導・是正の対象になることもあり得ます。
 
見慣れない車が停まっている場合は、いきなり責めるのではなく、管理事務所や自治会掲示、駐車許可証の有無など“事実確認”から入ると安心です。
都営住宅は収入増で「家賃・扱い」が変わる可能性。駐車場は不正利用に注意
都営住宅は収入が上がった場合でも直ちに退去が確定するわけではありませんが、収入超過者に該当すると家賃が上がったり、明け渡し努力義務が生じたりする仕組みがあります。
 
また、新車のSUVがあること自体は違反とは限らない一方、「誰の車か」「駐車場契約に沿っているか」は別問題です。もし第三者の無断駐車や名義貸しが疑われるなら、管理事務所に相談し、トラブルを大きくしない形で確認するのが現実的でしょう。

出典
東京都　所得基準
東京都住宅供給公社　収入超過者になると住宅を返還（退去）しなければいけませんか。
 
執筆者：FINANCIAL FIELD編集部
ファイナンシャルプランナー
ファイナンシャルフィールド編集部",[],[]
確定申告期間の「2～3月」は忙しくてできそうにありません… 2月より前に申告はできるのでしょうか？（ファイナンシャルフィールド）,https://news.yahoo.co.jp/articles/44738e2bee851c214e5aa3620b94f4095320d227,https://newsatcl-pctr.c.yimg.jp/t/amd-img/20260124-00010004-ffield-000-1-view.jpg?exp=10800,2026-01-24T09:10:16+09:00,2026-01-24T09:10:16+09:00,ファイナンシャルフィールド,ffield,ファイナンシャルフィールド,2006,"確定申告期間の「2～3月」は忙しくてできそうにありません… 2月より前に申告はできるのでしょうか？
確定申告は、原則2月16日〜3月15日が申告期限です。しかし、その期間と繁忙期が重なるケースがあります。期限内の申告が難しい場合、できるだけ早めに申告したいと考える人もいるでしょう。
▼会社員で「年収1000万円」以上の割合は？ 大企業ほど高年収を目指せる？
もし早めに申告したい場合は、確定申告で還付を受けるのか、納税が必要になるのかによって対応が変わります。
 
本記事では、2月よりも早く申告ができるのか、また期限を過ぎて申告するとどうなるかなどについてご紹介します。
2月16日より前に申告はできる？
所得税法によると、原則として翌年の2月16日～3月15日に申告、納税が必要です。ただし、申告により納税が発生せず、還付が見込まれる人であれば、翌年1月1日以降に申告が可能です。こうした還付を受けるための確定申告は、「還付申告」と呼びます。
 
還付申告は確定申告の期間とは関係なくできるため、2～3月に確定申告ができない場合は、還付申告の対象でないかを確認するとよいでしょう。また、還付申告をしなければ還付金を受け取れないものの、申告しないことによるペナルティーはありません。
 
ただし、還付金を受け取る権利は5年で消滅するため、注意が必要です。一方、還付が発生せず、納税するための確定申告の場合は、2月16日～3月15日の間に申告する必要があります。
確定申告の期限を過ぎるとどうなる？
確定申告は、期限を過ぎて行うと期限後申告として扱われます。期限後申告となると、場合によっては「無申告加算税」の課税対象になる可能性があります。
 
無申告加算税とは、申告が必要にもかかわらず申告しなかった場合に課される税金です。国税庁によると、無申告加算税は状況に応じて以下の金額が課されます。

・税務署から調査の事前通知が来る前に自分で期限後申告：納税額×5％
・税務署から調査の事前通知が来たあとに期限後申告：納税額×10％

納税額が50万円を超えると、超えた分に対する税率は以下のように変わります。

・申告期限が令和4年分まで：50万円超過分×15％
・申告期限が令和5年分以降：50万円超～300万円まで×15％、300万円超過分×25％

ただし、法定期限から1ヶ月以内に自分で期限後申告を行い、期限までに申告をしようとしていたと認められるケースに該当すれば、無申告加算税は課されません。
オンラインを利用すると隙間時間で申告しやすい
経済的困難などの特定の事情があり、申請をして認められれば猶予制度が利用できますが、「忙しいから」という理由では適用されないでしょう。もし2〜3月が忙しいことが事前に分かっているのであれば、オンラインによる事前準備として、隙間時間に申告書を作成しておくと便利です。
 
国税庁では、1月に「確定申告書等作成コーナー」が公開されます。申告期間は2月16日からですが、事前にデータを作成して保存できるため、確定申告期間前に準備が可能です。国税庁によると、令和7年分の確定申告書等作成コーナーは令和8年1月5日に公開されています。
 
さらに、e-Taxを利用すると、確定申告書等作成コーナーで作成したデータをそのままオンラインで提出できます。e-Taxはマイナンバーカード方式かID・パスワード方式を選べるため、確定申告に時間をあまり割けない人は、利用を検討するとよいでしょう。
 
また、e-Taxは所得税の確定申告以外にも、消費税や法人税、贈与税、相続税などほぼ全税目の納税も可能です。
確定申告は早めに準備して、忙しい時期を避けて申告しよう
還付金を受け取るために行う確定申告は還付申告となるため、1月でも申告できます。しかし、確定申告することで納税が必要となる場合、通常の確定申告となるため、2月16日〜3月15日の期間で申告が必要です。
 
もし期間を超えて申告すると、無申告加算税が課される可能性があるため、忙しくても期限内に申告するようにしましょう。
 
オンラインを利用した申告であれば、1月のうちに申告するデータを準備できます。2〜3月が忙しいことが分かっているのであれば、準備を早めにしておくとよいでしょう。

出典
国税庁 タックスアンサー（よくある税の質問） No.2024 確定申告を忘れたとき
国税庁 タックスアンサー（よくある税の質問） No.2030 還付申告
国税庁 確定申告書等作成コーナー 令和7年分
国税庁 e-Tax 国税電子申告・納税システム e-Taxの概要・利用全般 e-Taxとはどのようなものですか。
 
執筆者：FINANCIAL FIELD編集部
ファイナンシャルプランナー
ファイナンシャルフィールド編集部",[],[]
子どもが交通系ICカードをなくしました。3000円以上入っていたのですが、返金はされるでしょうか？（ファイナンシャルフィールド）,https://news.yahoo.co.jp/articles/64df6a5f8e4a45272e6f5276318e1174537ada75,https://newsatcl-pctr.c.yimg.jp/t/amd-img/20260124-00010003-ffield-000-1-view.jpg?exp=10800,2026-01-24T08:20:09+09:00,2026-01-24T08:20:09+09:00,ファイナンシャルフィールド,ffield,ファイナンシャルフィールド,1660,"子どもが交通系ICカードをなくしました。3000円以上入っていたのですが、返金はされるでしょうか？
キャッシュレス決済が普及し、通学や塾通いのためお子さんに交通系ICカードを持たせている家庭も多いと思われます。もし、交通系ICカードを紛失してしまったら、残金は返金されるのでしょうか。本記事で、具体的な例を見ながら、確認していきましょう。
▼町内会費の支払いを拒否したら「今後ゴミを捨てるな」と言われた！ 本当に従う必要はあるの？
記名式か無記名式かによって対応が異なる
交通機関の乗り降りに便利なICカードは、多くの方が利用しています。交通系ICカードは、運賃の支払いがスムーズなだけではなく、自動販売機で飲み物が買えたり、コンビニエンスストアの決済に使えたりするなど大変便利です。で2-は、もし残高がある場合にカードを紛失してしまうと、どのような対応がとられるのでしょうか。
 
一般的に、記名式カードは紛失者が特定できるため、カードにチャージされていた残金が返金され、そのまま再発行したカードに引き継がれます。
 
一方、無記名式のカードでは紛失者が特定できないため、チャージされていた残金は返金されないケースが多いようです。
 
例えば、Suicaの記名式カードやオートチャージ機能（残金が一定以下になるとクレジットカードから自動的にチャージされる）付きのものは、チャージ残額（Suica定期券は定期券部分を含む）を保証して、カードが再発行されます。
 
一方、無記名のカードの場合は所有者が特定できないため、紛失後に残金が戻りません。また、紛失したカードを誰かが拾って、そのままコンビニエンスストアで買い物するなど、悪用されてしまうケースもあるので注意が必要です。
 
タイトルのように、お子さんがカードを紛失した場合でも、記名式のものなら再発行カードへの引き継ぎがされる可能性が高いでしょう。例えば、ICOCAを通学用の定期券として使用していた場合も、使用停止時点の定期券情報をもとに新しいカードを再発行してくれます。
 
以上のことから、交通系ICカードは、紛失や盗難時のことを考慮すると、記名式のものを利用したほうが、安心だといえるでしょう。
カードを紛失した場合
最後に、交通系ICカードをなくした場合の対応方法を確認しておきます。
 
交通系ICカードを紛失した場合は、すぐに駅の窓口やバスの営業所など、ICカードの発行会社に届け出を行いましょう。記名式やオートチャージ機能付きのカードの場合は、利用停止手続きを行ってくれます。
 
また、カードが盗難された可能性がある場合は、警察への届け出も行いましょう。
 
ICカードの再発行には手数料がかかるケースが多く、Suicaの場合は手数料の520円に加え、新しいカードの預かり金（デポジット）の500円が必要です。また、手続きの際には、Suicaの記名式カードの所有者本人であることを確認するため、公的な身分証明書の提示が求められます。
 
再発行の手続きを行う場合は、事前に各発行元のウエブサイトなどで、手数料や必要書類を確認しておくと安心です。
まとめ
今回ご紹介した通り、交通系ICカードは、紛失や盗難時に届け出を行えば残高を引き継いだカードを再発行してもらえるため、記名式のものを選んでおくほうが安心です。現在無記名式のものを使用している方は、記名式のカードに切り替えることを検討してみましょう。
 
また、万が一カードを紛失してしまった場合の手続きや必要な対応を把握しておくことで、いざというときも落ち着いて対応できるでしょう。

出典
株式会社ビューカード オートチャージ設定したSuicaを紛失された場合
四国旅客鉄道株式会社（JR四国） ICOCAガイド 紛失再発行／払いもどし
 
執筆者 : 下中英恵
1級ファイナンシャル・プランニング技能士(資産設計提案業務)、第一種証券外務員、内部管理責任者
ファイナンシャルフィールド編集部",[],[]
発泡酒「金麦」が今年から「ビール」に？ ビール扱いになると何が変わるのでしょうか？ 格上げされる背景を解説（ファイナンシャルフィールド）,https://news.yahoo.co.jp/articles/6186919e159c7a965bc8bf5e2e6773cc5655620c,https://newsatcl-pctr.c.yimg.jp/t/amd-img/20260124-00010002-ffield-000-1-view.jpg?exp=10800,2026-01-24T08:10:01+09:00,2026-01-24T08:10:01+09:00,ファイナンシャルフィールド,ffield,ファイナンシャルフィールド,1839,"発泡酒「金麦」が今年から「ビール」に？ ビール扱いになると何が変わるのでしょうか？ 格上げされる背景を解説
発砲酒の代表格として親しまれてきた「金麦」が、近い将来「ビール」として販売される予定です。ともすれば「格上げ」「値上げ」といった言葉が先行しがちですが、これは単なる商品のリニューアルではありません。背景にあるのは、2026年10月に実施される酒税法の改正です。
▼夫婦2人で「6缶パック」のビールを1週間で消費！ これって飲みすぎ？ 健康のためにもやめるべき？
ビール・発泡酒・第3のビールの税額が一本化
日本では長年、「ビール」は税金が高く、「発泡酒」や「第3のビール」は税金が安いという仕組みが続いてきました。家計を意識する多くの人は「ビールに近い味で、安いお酒」が現実的な選択肢といえ、金麦もそうした消費者のニーズのなかで支持を広げてきた商品です。
 
ちなみに、ビール、発泡酒、第3のビールの代表格といわれ、これまでの日本独特の酒税区分と銘柄は次のとおりです。
 
・「ビール」麦芽比率が高く（50％以上）、王道・主力商品…スーパードライ、一番搾り、黒ラベル、ザ・プレミア・モルツなど
・「発泡酒」麦芽比率が少ない（50％未満）、節約　…淡麗グリーンラベル、北海道生搾りなど
・「第3のビール」麦芽以外＋スピリッツ、最安節約派の主役　…金麦、クリアアサヒ、のどごし（生）、麦とホップなど
 
しかし、2026年10月より、ビール、発泡酒、第3のビールの税額が一本化されます。そのため、「税金が安いからこの分類にする」という意味がなくなるのです。制度上の逃げ道がなくなり、メーカーは中身やブランド力で正面からの競争を迫られることになります。
 
また、この制度変更を見据え、サントリーは金麦の原料や製法を見直し、正式なビールとして再設計する方針を打ち出しました。麦芽比率を高め、スピリッツを使わない、法的にも表示上も正式な「ビール」になります。
 
これは、金麦というブランドを「節約のためのビール」ではなく、「日常に選ばれる定番ビール」として存続させるための戦略です。
家計への影響
2026年10月に酒税が統一されると、次のように税額が変わる見込みです（350ミリリットルあたり、税金部分のみの増減）
 
　　　　　　　（現在の税額）　　　（2026年10月）
・ビール　　　　63.35円　　　→　　　54.25円（減税9.1円）
・発泡酒　　　　46.99円　　　→　　　54.25円（増税7.26円）
・第3のビール　37.80円　　　→　　　54.25円（大幅増税16.45円）
※財務省「酒税に関する資料」より
 
なお、現在の金麦の350ミリリットル実売価格は、約150～180円前後です。
 
サントリー側は「現行の価格帯をできるだけ維持したい」との方針で、おおむね今の金麦と同じような価格帯を維持する意向との報道がでています。増税分（酒税部分の変動）があっても、ビール全体の税額低下分を考慮すれば、完全な値上げ圧力にはならないとの見方もあります。
 
ちなみに、毎日350ミリリットルを1缶飲む場合、大幅増税の第3のビールでも月あたりの増加額は500円程度の試算なので、家計全体で見れば急激な負担はそれほど多くないでしょう。また、他のビールも同じ税率になるため、相対的な価格差は縮まり「どれが一番安いか」の視点自体が意味を持ちにくくなります。
ビールの選び方が変わる
これまでは、「とにかく価格が安いから」という理由で選んでいた人も多いのではないでしょうか。しかし、これからは価格差が縮まることで、「この価格帯なら、どれが一番満足できるか」という視点で選ぶ時代になると考えられます。金麦のビール化は、そうした時代の転換点を象徴しているといえるでしょう。
まとめ
金麦がビール化されることは、酒税の統一化によって「安さを選ぶ」時代が終わることを象徴する改正であります。これからは価格よりも、味や納得感で選ぶ時代へ移っていくと思われます。酒税の仕組みが変わるこの機会に、値段だけにとらわれず、納得できるビールを選んでいけるでしょう。
 
出典
財務省 酒税に関する資料
 
執筆者 : 水上克朗
ファイナンシャルプランナー、CFP(R)認定者、1級ファイナンシャルプランニング技能士、DC（確定拠出年金）プランナー
ファイナンシャルフィールド編集部",[],[]
新幹線のデッキで通路にスーツケースを置いて立っていたら「安全のために移動してください」と言われました。足元しかスペースがないのですが、このような荷物の置き方はどこまで許されるのでしょうか？（ファイナンシャルフィールド）,https://news.yahoo.co.jp/articles/027b3d6fb26ab513468691157d86996ecc0066a4,https://newsatcl-pctr.c.yimg.jp/t/amd-img/20260124-00010001-ffield-000-1-view.jpg?exp=10800,2026-01-24T07:20:09+09:00,2026-01-24T07:20:09+09:00,ファイナンシャルフィールド,ffield,ファイナンシャルフィールド,2889,"新幹線のデッキで通路にスーツケースを置いて立っていたら「安全のために移動してください」と言われました。足元しかスペースがないのですが、このような荷物の置き方はどこまで許されるのでしょうか？
この記事では、通路やデッキでの荷物の置き方の許容ラインを、JR各社の案内や特大荷物ルールも踏まえてわかりやすく整理します。
▼新幹線で1人で「2席分」の購入はNGなの？ 規則を確認
通路・デッキ・乗降ドア前に“置きっぱなし”はNG。許されるのは「通行を妨げない範囲」
新幹線の車内は、通路がそのまま「移動ルート」であり、非常時には「避難ルート」にもなります。そのため、スーツケースを通路に出してしまう置き方は、基本的に注意されやすいです。JR東日本もマナーとして、通行や乗り降りの妨げになる通路・デッキ・乗降ドア前などに荷物を置かないよう呼びかけています。
 
デッキは車両間の連結部で、人の行き来が集中しやすい場所です。車掌さんが移動をお願いするのは、誰かが通れない、ドア周りが狭い、揺れで荷物が転がる、といった危険が見えたからと考えると理解しやすいでしょう。
 
一方で「いまこの場で、どうしても荷物を離せない」状況もあります。その場合に許されるラインは、「あなたの足元の範囲に収め、通行の妨げにならないこと」「転がらないように固定すること」です。JR東日本の案内でも、足元に置くなら列車の揺れや急停止に備えてストッパーをかけることが示されています。
 
つまり、通路に“はみ出す置き方”がアウトで、足元に“収める工夫”が求められます。
置き方のコツと、移動先の優先順位
足元しかスペースがないときは、「置く」より「収める」発想に切り替えるとトラブルが減ります。たとえばデッキで立つなら、スーツケースを体の真正面ではなく、壁側に寄せて縦にし、持ち手を握ったまま自分の足の内側に収めます。
 
キャスターがあるタイプは、ストッパーがあれば必ず固定し、なければキャスターを壁側に向けて転がりにくくします。通路側に角が出る置き方が一番注意されやすいので、体と荷物で“通路の幅”を削らないのがポイントです。
 
ただ、デッキはそもそも荷物の仮置きに向かない場所です。車掌さんに声をかけられたら、「どこに移動すればいいですか？」と聞くのが賢明です。
 
座席の場合は、上の荷物棚（網棚）に上げられるサイズなら、最優先でそこへ入れるのがスムーズです。次に、車両最後部の座席後ろのスペースや、車内の荷物置場が使える場合はそこに置きます。
 
東海道・山陽・九州・西九州新幹線では、荷物ルールがより明確で、3辺合計160cm超の「特大荷物」は原則として専用の座席（特大荷物スペースつき座席等）を予約する仕組みがあります。予約なしで持ち込むと手数料（1000円）や収納場所の指定が発生し得るため、「大きい荷物ほど、通路に置かずに“所定の置場へ」が前提になっています。
 
また2025年7月1日以降、東海道・山陽新幹線（16両編成）では、一部デッキ部にある「特大荷物コーナー」を試行的に“予約不要の荷物置場”として使える運用も始まっています。つまり「足元しかない」状況でも、車両によっては“置ける場所”が用意されていることがあります。
 
ちなみに、そもそも車内に持ち込める荷物の上限は「3辺合計250cm以内・重さ30kg以内を2個まで」など、旅客営業規則で枠が示されています。持ち込み自体がOKでも、「どこにどう置くか」は別問題で、通路をふさぐ置き方は運行上の支障になり得る、という整理です。
事前予約なしで特大荷物を持ち込むと1000円かかる？
注意したいのが、「特大荷物」に当たるスーツケースです。東海道・山陽・九州・西九州新幹線では、特大荷物は原則として所定の置き場を使う前提になっており、事前予約が必要です。もし事前予約せず車内に持ち込むと手数料（1,000円・税込）がかかります。
「つまずき」だけじゃない。通路の荷物が危ない理由
「ちょっと通路にはみ出したくらいで……」と思いがちですが、鉄道会社が通路の荷物に敏感なのは、転倒リスクだけが理由ではありません。
 
ひとつは、非常時の導線です。列車が急停止したり、体調不良の人が出たりしたとき、車掌さんや救護に向かう人が素早く通れる必要があります。通路にスーツケースがあると、担架や車いすどころか、すれ違いすら難しくなることがあります。
 
もうひとつは、荷物の“暴れ”です。新幹線は比較的揺れが小さいとはいえ、分岐器通過やブレーキで荷物が動く瞬間があります。
 
キャスター付きのスーツケースは、床がわずかに傾いただけでも転がりやすく、足元に当たればけがにつながります。だからこそ、足元に置くならストッパー、そして通路に出さない、ということが大切です
 
この視点で見ると、車掌さんの「安全のために移動してください」は、「列車全体の安全基準に合わせたい」という案内だと分かります。
まとめ
新幹線でスーツケースをデッキや通路に置くと注意されるのは、通行・乗降の妨げになったり、非常時の避難や救護の動線をふさいだりするおそれがあるからです。
 
とくにキャスター付きの荷物は、揺れやブレーキで思った以上に動きやすく、誰かの足元に当たるとけがにつながります。だからこそ「通路に置きっぱなし」は避け、どうしてもデッキで立つなら、荷物は自分の足の内側に収めて持ち手を握り、転がらない向きに置くのが基本になります。
 
とはいえ、混雑していて「足元しかない」状況は現実に起きます。そのときは無理に我慢せず、車掌さんに「どこに移動すれば安全ですか？」と聞くのが早いです。網棚に上げられるなら上げる、荷物置場や最後部スペースが使えるならそこへ移す、そして大きめの荷物なら特大荷物のルールに沿って所定の置き場を確保する、という順番で考えると迷いにくくなります。
 
持ち込み自体の上限も押さえておきましょう。一般的に、携帯できる荷物で3辺合計250cm以内・重さ30kg以内のものを2個まで持ち込める、といった基準があります。持ち込みOKでも、車内の安全を優先して置き方を調整する必要がある点は変わりません。
 
新幹線へ乗るときは、荷物の大きさと置き場を先にイメージしておくと、車内で焦らずに済みます。

出典
JR東日本　マナーの取組み（大型の荷物に関するマナーのお願い）
JR東海　手回り品
JR東海　東海道・山陽・九州・西九州新幹線への特大荷物のお持ち込みについて
JR西日本　新幹線への「特大荷物」の持ち込みについて
東海旅客鉄道株式会社／西日本旅客鉄道株式会社　東海道・山陽新幹線 予約不要の車内荷物置場の試行について（ニュースリリースPDF）
西日本旅客鉄道株式会社　旅客営業規則（第2編 旅客営業 第10章 手回り品）PDF
 
執筆者：FINANCIAL FIELD編集部
ファイナンシャルプランナー
ファイナンシャルフィールド編集部",[],[]
金融資産のほとんどを証券口座で運用しています。私が判断できなくなった後リスクの高い商品を子どもが扱えるか不安ですが、運用方針まで信託契約に書き込めるのでしょうか？（ファイナンシャルフィールド）,https://news.yahoo.co.jp/articles/68977292e395f979ed9999ad5147a2a1ecf40acb,https://newsatcl-pctr.c.yimg.jp/t/amd-img/20260124-00010000-ffield-000-1-view.jpg?exp=10800,2026-01-24T06:20:09+09:00,2026-01-24T06:20:09+09:00,ファイナンシャルフィールド,ffield,ファイナンシャルフィールド,2057,"金融資産のほとんどを証券口座で運用しています。私が判断できなくなった後リスクの高い商品を子どもが扱えるか不安ですが、運用方針まで信託契約に書き込めるのでしょうか？
厚生労働省が発表した「認知症および軽度認知障害（MCI）の高齢者数と有病率の将来推計」によると、2060年には65歳以上の6人に1人が認知症になると予測しています。
 
金融資産の大半を証券口座で運用している方にとって、「自分が判断できなくなったあと、子どもが高リスク商品をそのまま持ち続けてしまわないか」は大きな不安要素です。
 
こうした悩みに対し、近年は家族信託（民事信託）や遺言代用信託を活用して、資産の管理・承継をスムーズにする方法が注目されています。では、信託契約の中に“運用方針”まで具体的に書き込むことはできるのでしょうか。
▼子ども名義の口座に「月3万円」ずつ入金してるけど、将来口座を渡すときに「贈与税」はかかるの？ 非課税にすることは可能？
信託契約に「運用方針」を書き込むことは可能？ 限界はどこ？
結論から言うと、信託契約の中に運用方針やルールを書き込むこと自体は可能です。家族信託では、誰が受託者となり、どの財産をどのように管理し、受益者（利益を受ける人）にどう渡すかを、契約で設計できます。
 
たとえば「株式比率は〇％まで」「信用取引は禁止」「レバレッジ型の投信は購入しない」など、一定の制約を設ける発想もあり得ます。
 
ただし注意点として、信託は“未来のすべての運用判断を完全に固定する仕組み”ではありません。市場環境や家族の状況が変わる中で、受託者が受益者の利益を守りながら適切に管理する必要があり、受託者には忠実義務などの法的義務も課されます。
 
つまり「ルールは書けるが、細かすぎる縛りは実務上うまく機能しないことがある」というバランスが重要です。
「子どもが高リスク商品を扱う不安」を信託でどう減らすか
信託でできるのは、単に財産を引き継がせることだけではありません。たとえば親が元気なうちに信託を組成しておけば、将来判断能力が低下した場合でも、受託者が信託財産を管理し続けられます。
 
株式や投資信託などの金融資産も対象になり得るため、「売却・乗り換え・分配」などを受託者が行える設計にしておけば、子どもがいきなり相場判断を背負わなくて済む形も作れます。
 
また、相続のタイミングだけでなく「毎月〇万円を生活費として給付する」など、受益者への渡し方を調整することも考えられます。これは遺言代用信託の考え方にも近く、死亡後の資金の受け取り方（時期・金額・方法）を定めておくことで、遺族の生活資金を確保しやすくなります。
 
不安の本質が「子どもが投資判断できない」ことなら、運用の主体を子どもに移さず、受託者（たとえば信頼できる親族や専門家）に担わせる設計が現実的です。そのうえで、子どもは“受益者”として利益を受け取るだけにする形も選べます。
実務上のポイントは「禁止事項＋裁量の余地」をセットで考えること
信託契約に運用方針を書き込む際は、細かい商品名まで縛るよりも、考え方を整理して「何を禁止し、どこを裁量にするか」を明確にすることが重要です。
 
たとえば禁止事項としては、信用取引や仕組債、デリバティブ取引など、リスクが大きく仕組みも複雑なものを対象にする方法があります。一方で、すべてを禁止してしまうと、相場急変時に損切りもできず“塩漬け”になるリスクもあるため、一定の売却判断や資産配分の調整は受託者に任せたほうが合理的です。
 
また、信託財産の運用は「受益者のために行う」ことが前提です。受託者が自己都合で動かせないよう、利益相反を防ぐルールも信託法で意識されています。だからこそ、受託者を誰にするか、監督役（信託監督人）を付けるかなど、運用方針と同じくらい体制設計が大切になります。
 
さらに証券口座を絡める場合、「信託口口座」をどう作るか、証券会社側の対応が可能かも確認が必要です。信託専用口座の考え方自体は広く知られていますが、取扱いは金融機関ごとに差が出やすいため、制度設計と実務対応をセットで進めるのが安全です。
運用方針は書けるが「設計の仕方」が成否を分ける
信託契約に運用方針や投資ルールを書き込むことは可能であり、高リスク商品の取り扱い不安を減らす手段にもなります。ただし細部まで固定しすぎると、環境変化に対応できず逆に不利益となる場合もあります。
 
禁止事項と裁量範囲を整理し、受託者の選定や監督体制まで含めて設計することが重要です。証券資産を含む場合は、信託口口座など実務面の確認も欠かせません。家族の安心を守るためにも、早めに専門家へ相談しながら進めましょう。

出典
厚生労働省　認知症および軽度認知障害（MCI）の高齢者数と有病率の将来推計
 
執筆者：FINANCIAL FIELD編集部
ファイナンシャルプランナー
ファイナンシャルフィールド編集部",[],[]
