headline,mainEntityOfPage,image,datePublished,dateModified,author,media_en,media_jp,str_count,body,images,external_links
【セリア】フランフランに売ってそう！110円とは思えない「高見えポーチ」小花柄の刺繍がオシャレなんです！《購入レビュー》（BuzzFeed Japan）,https://news.yahoo.co.jp/articles/56f681ac37aeea183a317d3fd74e40b82b0974f3,https://newsatcl-pctr.c.yimg.jp/t/amd-img/20241008-10024094-bfj-000-1-view.jpg?exp=10800,2024-10-08T20:35:02+09:00,2024-10-08T20:35:02+09:00,BuzzFeed Japan,bfj,BuzzFeed Japan,1383,\nセリアでは、小花柄がかわいい「高見えポーチ」が販売中です。\nセリアの看板写真\nお値段以上のおしゃれなアイテムが多数揃っている、100円ショップのセリア。\n\n便利な収納アイテムもたくさん販売しています。\n【画像・動画】セリアで買った「フラワー刺繍 フラットポーチ」の写真\n今回購入したのは「フラワー刺繍 フラットポーチ」。価格は110円（以下、すべて税込）です。\n小花柄の平べったいポーチです。\nお花がたくさんで、とってもかわいい！たっぷりと透け感があるのもオシャレです。\n\nサイズは（約）幅20×高さ14cm。少し大きめの使いやすいサイズです。\nフラットタイプで、マチはありません。\n\n厚みのあるものは入れられませんが、そのぶんスッキリと収納ができます。\n立体的な刺繍がポイント！\nお花は刺繍なので立体的。ひとつひとつが浮かび上がって見えるから、とってもきれいです。\nそれぞれのお花が線で結ばれているのもかわいらしい。\n\n仲良く咲いているかのようで自然と笑顔になります。\n小物を入れてもかさばりません。\n幅が広いから、ポケットティッシュとハンドタオルを並べて入れられました。\n\nどちらもカバンの中で迷子になりがちなので、一つにまとめられるのはうれしい！\nポーチの生地が薄いため、ティッシュとタオルを入れてもかさばりません。\n\n荷物が多い日でも、カバンの隙間にすっと入れられますよ。\n使いやすい大きさだから、いろんなものが収納できます。\nおくすり手帳もすっぽりと入ります。薬などとまとめて保管できるので助かる！\n寒くなってくると、ホッカイロを入れるのもおすすめ。\n\nいつも予備を数枚持って外出するので、まとめられるのはありがたいです。\nお出かけの際の必需品になりました。\n少し大きめのポーチなので、コスメや筆記用具を入れるなど、使い方はいろいろ。\n\nしかも、スリムだからリュックの平べったいポケットにもすっぽりと入ります。\n\nあまり使っていなかったポケットですが、このポーチを買ってからは使用頻度が上がりました。\n\nデザインも実用性も高いので、買ってから毎日持ち歩いています。\n\n便利さ ★★★★☆\nデザイン ★★★★★\nコスパ ★★★★★\n「フラワー刺繍 フラットポーチ」\n価格：110円\nサイズ：（約）幅20×高さ14cm\n便利なポーチなら、無印良品の「ナイロン手付ポーチ・薄型」もおすすめです。\n価格は1190円。大きさは（約）縦12.5×横20.5×幅6cmの薄型です。\n\nスリムなのに横幅が長いので、使い勝手バツグン。\n\nカラーはブラック1色で、シンプルなデザインです。\n収納力たっぷりで感動！化粧品がまるっと入ります。\nヘアオイルやハンドクリーム、日焼け止め、その他のヘアアイテムなどがラクラク収納できました。\n\n内ポケットも付いているので、小物類を収納することもできます。\n\nポーチの上部には持ち手も付いているので、そのままバッグのように持ち歩くことも可能。\n\nシンプルながらも実用性の高いポーチで、一瞬でお気に入りになりました。\n\n便利さ ★★★★☆\n収納力 ★★★★★\nコスパ ★★★☆☆\nBuzzFeed Japan,['https://newsatcl-pctr.c.yimg.jp/t/amd-img/20241008-10024094-bfj-000-1-view.jpg?pri=l&w=640&h=424&exp=10800'],"['https://news.yahoo.co.jp/articles/56f681ac37aeea183a317d3fd74e40b82b0974f3/images/000', 'https://www.buzzfeed.com/jp/taeko_moriwaki/seria-flatpouch-photo?utm_source=yahoojapan&utm_medium=rssfeed&utm_campaign=yjnewsfeed']"
【しまむら×クレヨンしんちゃん】可愛くて気分が上がる！ふんわり楽ちんな「ゆったりパンツ」家でも外でもずっと着ていたくなります！《着用レビュー》（BuzzFeed Japan）,https://news.yahoo.co.jp/articles/21c49f61476aadbb8e25c74ae1af40f835d2bf73,https://newsatcl-pctr.c.yimg.jp/t/amd-img/20241008-10024095-bfj-000-2-view.jpg?exp=10800,2024-10-08T21:05:01+09:00,2024-10-08T23:49:12+09:00,BuzzFeed Japan,bfj,BuzzFeed Japan,1273,\nしまむらでは、あの国民的アニメとコラボした「楽ちんパンツ」が販売中です。\nしまむらの看板写真\nトレンドをおさえたファッションアイテムがプチプラ価格で揃う「しまむら」。\n【画像・動画】しまむら「TRPUクレシンソウガラP」の写真\nたくさんのアイテムの中から今回は「TRPUクレシンソウガラP」を購入しました。価格は1419円（以下、すべて税込）です。\nクレヨンしんちゃんのキャラクターが描かれた総柄パンツ。\n国民的アニメ「クレヨンしんちゃん」とコラボしたロング丈のパンツです。\n\n しんちゃんをはじめ、風間くん、マサオくん、ネネちゃんなど、幼稚園の仲良しメンバーが全面に描かれた贅沢なデザイン。 \n\nアニメそのままのタッチで、ファンにはたまらない1枚に仕上がっています。\nインパクトのあるデザインですが、色づかいはグレー×ブラックととってもシンプル。\n\n大人でも楽しみやすいのが嬉しいですね。\nストレッチの効いたふんわり素材で、ストレスフリーなはき心地。\nかわいいデザインに加えて、はき心地の良さもこのアイテムの魅力。\n\nなめらかな肌あたりが特徴のレーヨンが使われており、ふんわり包み込まれる感覚がクセになります。\nサラッと薄手の生地感で、季節の変わり目にもぴったり。\n\n着用後は洗濯機で丸洗いできて、毎日のお手入れも楽ちんです。\nウエストゴム×ポケット付きと、ほしい要素が全部入り。\nぐいっと引き上げるだけではけるので着脱はスムーズ。\n\n外側に通されたリボンを使えばサイズ調節もできますよ。\n両サイドには便利なポケット付き。しっかり深さがあるので、スマホなど重さのあるアイテムも安定して収納できます。\n部屋着にはもちろん、ちょっとしたワンマイルウェアにもおすすめ。\n気分が上がるデザインと快適なはき心地で、リラックスして過ごしたいおうち時間にぴったり。\n\nカラーリングが落ち着いているため、ちょっとした買い物やゴミ捨てにも重宝しています。\n\n今回私が選んだデザインのほか、色付きバージョンや刺繍がワンポイントになったデザインも展開されていました。\nコスパ ★★★★★\nデザイン ★★★★★\n着心地 ★★★★★\n「TRPUクレシンソウガラP」\n価格：1419円\nサイズ：M・L・LL\nカラー：ブラック\n素材：ポリエステル・レーヨン・ポリウレタン\n品番：561-0032\nおうち時間にぴったりなパンツなら、ユニクロの「フランネルパンツ」もおすすめです。\n価格は2990円。肌触りの良いフランネル生地を使ったルームパンツです。\n\nシルエットはゆったりとしていて、リラックス感のある着心地。\n\nゆとりがあるので動きやすく、ちょっとした家事をするのにもぴったりです。\n\nグレーベースの落ち着いたカラーリングなので、ちょっとした外出にも活躍してくれますよ。\n\nコスパ ★★★★☆\nデザイン ★★★★☆\n肌触り★★★★★\nBuzzFeed Japan,['https://newsatcl-pctr.c.yimg.jp/t/amd-img/20241008-10024095-bfj-000-2-view.jpg?pri=l&w=640&h=424&exp=10800'],"['https://news.yahoo.co.jp/articles/21c49f61476aadbb8e25c74ae1af40f835d2bf73/images/000', 'https://www.buzzfeed.com/jp/shiorisaijo/shimamura-shinchan-pants-photo?utm_source=yahoojapan&utm_medium=rssfeed&utm_campaign=yjnewsfeed']"
ウサギさんの頭をなでてあげたら…⇒かわいすぎる「等価交換」に3.5万いいね「やさしいせかい」（BuzzFeed Japan）,https://news.yahoo.co.jp/articles/b74051c14fd08b339577f3c73e28833e0ab9e4c1,https://newsatcl-pctr.c.yimg.jp/t/amd-img/20241008-10024171-bfj-000-1-view.jpg?exp=10800,2024-10-08T20:35:02+09:00,2024-10-08T20:35:02+09:00,BuzzFeed Japan,bfj,BuzzFeed Japan,1074,\nなでられているヴィクトリカちゃん / ありすさんのXより\n人間の膝に顎を乗せて、リラックスしているウサギの「ヴィクトリカ」ちゃん。飼い主さんが、そっと頭をなでると……？\n【動画を見る】頭をなでると、ぺろぺろと優しくなめ返してくれるヴィクトリカちゃん。優しさの「等価交換」がエモい……！\nウサギさんからの優しい「等価交換」がグッとくる、ステキな動画が話題です。\n10月2日、飼い主のありすさん（@xtobeloved69x）が、X（旧Twitter）に動画を投稿すると、約3.5万件の「いいね」が集まりました。\n動画は、膝の上に顎を乗せているヴィクトリカちゃんを、飼い主さんが優しくなでている場面から始まります。\n\n丁寧に頭をなでる飼い主さんを見上げながら、幸せそうなヴィクトリカちゃん。飼い主さんが頭をなで終わると、今度はお返しとばかりに膝をなめ始めました。\nなめ終わると頭を差し出して、またなでて欲しそうな表情をしています。\n\n飼い主さんとヴィクトリカちゃんの間で起きた、とても優しい愛情の等価交換。心癒される光景にSNSでは、\n\n「やさしいせかい」\n\n「ニンゲンはうさぎに色々なものを与えられ過ぎている」\n\n「控えめなスリスリかわいい」\n\n「かわいすぎて力抜ける」\n\n「膝に顎乗せもお返しぺろぺろもうらやましいかわいい」\n\nなど、ヴィクトリカちゃんのかわいさにメロメロ。うらやましいという声が寄せられていました。\nBuzzFeed編集部は、飼い主さんにお話を聞いてみました！\n――頭をなでたあとに、なめ返してくれる姿がかわいいですね。ヴィクトリカちゃんは、人懐っこいうさぎさんなのでしょうか？\n\n「普段からとても人懐っこく寄って来てくれる子です」\n\n――普段から、飼い主さんのことをよくなめてくれるのでしょうか？\n\n「基本的にパパしかなめないのですが、あの日は偶然私もなめてくれて！ 先住の子は全くしてくれないので性格（個体差）なのかもしれません」\n\n――最後にヴィクトリカちゃんのプロフィールを教えてください。\n\n「明るく天真爛漫で物怖じせず、甘えんぼうさん。パパが大好きです」\n\n「生後3カ月直前にてんかんを発症し、虫垂炎や腹腔内膿瘍で闘病中です」\n\n・・・・・\n\nありすさんのXでは、ヴィクトリカちゃんのかわいい姿がたくさん掲載されています。ほかの投稿を見ても、飼い主さんのことをすごく信頼していることが伝わってきますね。\nBuzzFeed Japan,['https://newsatcl-pctr.c.yimg.jp/t/amd-img/20241008-10024171-bfj-000-1-view.jpg?pri=l&w=359&h=640&exp=10800'],"['https://news.yahoo.co.jp/articles/b74051c14fd08b339577f3c73e28833e0ab9e4c1/images/000', 'https://www.buzzfeed.com/jp/masan2/usagi-toukakoukan-m?utm_source=yahoojapan&utm_medium=rssfeed&utm_campaign=yjnewsfeed']"
「この影が怖くて…」自宅カーテン裏に潜む“黒いシルエット”。予想外すぎる正体に「これは皆怯えるやつ」「トラップがすぎるぜ…」（BuzzFeed Japan）,https://news.yahoo.co.jp/articles/5007441cd6823c5139d24b944754cfdc7eb3e32a,https://newsatcl-pctr.c.yimg.jp/t/amd-img/20241008-10024152-bfj-000-2-view.jpg?exp=10800,2024-10-08T20:50:01+09:00,2024-10-08T23:49:11+09:00,BuzzFeed Japan,bfj,BuzzFeed Japan,1408,\nカーテンの向こう側に潜む怪しいシルエット\nこれはビビるって……！ カーテン裏の「黒いシルエット」に振り回されてしまったエピソードが話題です。\n【画像】黒いシルエットの正体を見る「これは皆怯えるやつ」\nX（旧Twitter）ユーザーの「うみさん（@0eee23）」さんが、9月26日に自宅カーテンの写真を投稿したところ、約5万件以上の「いいね」が集まっています。\n「朝から何時間もこの影が怖くてカーテン開けられなくて、Gかなぁ…」\nカーテンの向こう側に潜んでいる黒い影。\n\n正体が「G（ゴキブリ）」だと思った投稿者のうみさんは、「ゴキプッシュ何度も何度も下からシュシュしても動かなくて」と、その時の状況を説明しています。\n\n縦長に丸いフォルムとサイズ感。確かにゴキブリにしか見えない……。\n意を決して恐る恐るカーテンを開けてみると……\nなんとゴキブリだと思っていた黒い影の正体は、紙おむつのパッケージに付いていたキャンペーンシール！\n\n予想外すぎる正体に、うみさんは「今日一日分の気力体力使った」とつづっています。\nこの出来事にX上では\n\n「これは皆怯えるやつ。お疲れ様でした、、、」\n\n「わかるこういう罠ほんとわかる」\n\n「ゴーキーじゃなくてムーニーで良かったね」\n\n「笑ってすみません、めちゃくちゃ微笑ましい…Gじゃなくてよかった…」\n\n「これめちゃめちゃ怖い トラップがすぎるぜ……」\n\nなど、共感する声が寄せられています。\nBuzzFeedは、投稿者のうみさんにお話を聞きました。\n現在、9歳と2歳の娘さんを育てているうみさん。「最初は、Gとの戦いの前に気合いを入れようと、夫にラインを送るために撮影しました」と投稿写真の撮影経緯を明かしています。\n\n実際の夫婦のトーク画面を見ると、「怖い影が」と写真付きで報告するうみさんに対し、「カーテンの裏からゴキジェット吹くしかないかな」とアドバイスを送るパートナーさんのメッセージが記録されています。\n\nそして影の正体が分かると、「まぁまぁおもろいやんけ」というメッセージに対し、うみさんが「相当疲れた！！！！」とスタンプ付きで返信するようなやり取りも……！\n――カーテン裏に潜む怪しい影を見つけた時の状況を改めて教えていただけますでしょうか？\n\n「朝起きてカーテンを開けようとして影に気がつきました」\n\n「虫が苦手なので全身ぞわっとしました。驚きで一歩後ろへ飛び退いたと思います」\n\n――正体が分かった時のうみさんのお気持ちを教えてください。\n\n「2歳児を守りつつ、大型Gと死闘を繰り広げる気満々でカーテンを開けたので、肩透かしを食らったのと安堵で複雑な心境でした」\n\n「膝から崩れ落ちるとはこういうことかかと思いました」\n\n――なぜ、おむつのシールがカーテン裏に貼られていたのでしょうか？\n\n「サイズアップする際に試しに購入したおむつブランドのシールで、今は他のメーカーのものを使用しています」\n\n「継続して購入するかもと思い、1枚だけとっておいたキャンペーンシールを捨てたと思っていたのですが、もしかしたらちゃんとゴミ箱に入っていなかったのか、次女がゴミ箱からとってきたのか。カーテンに貼り付いていた理由は全く分からないです」\nBuzzFeed Japan,['https://newsatcl-pctr.c.yimg.jp/t/amd-img/20241008-10024152-bfj-000-2-view.jpg?pri=l&w=640&h=424&exp=10800'],"['https://news.yahoo.co.jp/articles/5007441cd6823c5139d24b944754cfdc7eb3e32a/images/000', 'https://www.buzzfeed.com/jp/manakaabe/curtain-g-m?utm_source=yahoojapan&utm_medium=rssfeed&utm_campaign=yjnewsfeed']"
【探偵！ナイトスクープ】小4息子が拾い集めた謎の小さな金属片“メタチ”。その正体は大きな社会問題につながっていた！？（BuzzFeed Japan）,https://news.yahoo.co.jp/articles/8df5b2229767c0d7b11282ac5044f2223ff05f3d,https://newsatcl-pctr.c.yimg.jp/t/amd-img/20241008-10024154-bfj-000-2-view.jpg?exp=10800,2024-10-08T20:05:02+09:00,2024-10-08T20:47:09+09:00,BuzzFeed Japan,bfj,BuzzFeed Japan,952,\n謎の小さな金属片“メタチ“\n視聴者から寄せられた依頼にもとづいて、探偵局長が部下の探偵たちを野に放ち、世のため、人のため、公序良俗・安寧秩序を守るべく、この世のあらゆる事どもを徹底的に調査追求する娯楽番組『探偵！ナイトスクープ』（ABCテレビ）。\n▼【画像】車が落としているのではないかと睨んだ真栄田賢探偵はマツダ本社に…！？ 番組カットを見る\n10月4日放送回にて真栄田賢探偵が調査した「謎の金属『メタルチップ』」は、広島県の男性（39）から。\n\n小学4年生の息子・ソウタが日々集めている謎の金属について調べていただきたい。息子は金属が大好きで、道端に落ちているボルトなどの金属を拾い集め、コレクションすることが一番の趣味。拾ってきた金属のほとんどは、見るだけでどういったモノか分かるのだが、その中で一つだけ全く分からないモノがある。\n\nそれは1cmほどの小さな長方形の金属の板。出かけるたびに拾ってくるので、集めた数は何と200枚を超えた。それが全て同じ材質、同じサイズなのだ。息子は、この金属片をメタルチップ、略して「メタチ」と名付けて呼んでいる。「メタチ」は何かの部品なのか？ なぜ道端に落ちているのか？ 全くの謎だ。どうか、メタチの謎を一緒に解いて欲しい、というもの。\nソウタ君の実験の結果、「メタチ」は「磁石につく」「電気を通す」ことが分かっている。早速、近所を探してみると10分で7枚を見つけた。\n\nそこで“車が落としているのでは？”と推察し、何とマツダ本社に取材交渉、突撃取材を敢行する！ しかし車の部品ではないことが判明し、続いて金属スクラップが集まる会社を訪ねた。金属のプロたちが総動員で導き出した、衝撃の結果とは！？ 小さな小さな金属片から、大きな社会問題が浮かび上がる。\n10月4日（金）放送回『探偵！ナイトスクープ』では他にも、竹山隆範探偵が調査した「約束のシャインマスカット」、永見大吾探偵の「探偵になりたい女性タレント」など、様々な依頼を解決した。\n\n『探偵！ナイトスクープ』は、TVerでも無料見逃し配信中。\n\n※本記事は朝日放送テレビ株式会社が運営する『ABCマガジン』の記事を再構成して配信しています。\nBuzzFeed Japan,['https://newsatcl-pctr.c.yimg.jp/t/amd-img/20241008-10024154-bfj-000-2-view.jpg?pri=l&w=640&h=424&exp=10800'],"['https://news.yahoo.co.jp/articles/8df5b2229767c0d7b11282ac5044f2223ff05f3d/images/000', 'https://www.buzzfeed.com/jp/yukichiba/abcmagazine-night1007-m?utm_source=yahoojapan&utm_medium=rssfeed&utm_campaign=yjnewsfeed']"
佐藤二朗「叫び声が妻の部屋から…」まさかの事態を告白→「びっくり」「さすが奥様」（BuzzFeed Japan）,https://news.yahoo.co.jp/articles/0e88ce3972bff464b0c0cdd9871a65afdc07bd79,https://newsatcl-pctr.c.yimg.jp/t/amd-img/20241008-10024181-bfj-000-2-view.jpg?exp=10800,2024-10-08T20:10:01+09:00,2024-10-08T20:34:03+09:00,BuzzFeed Japan,bfj,BuzzFeed Japan,646,\n佐藤二朗さん（AFP＝時事）\n俳優の佐藤二朗さんが10月7日、X（旧Twitter）を更新。妻の部屋から叫び声が聞こえた際の出来事を明かしました。\n▼【実際の投稿】佐藤二朗「叫び声が妻の部屋から…」衝撃の結末を見る\nたびたびX上で夫婦の会話などのエピソードを披露している佐藤さん。インパクト大なやりとりに注目が集まっています。\n妻の部屋から聞こえた「叫び声」慌てて佐藤さんが駆けつけるも……！？\n投稿で佐藤さんは、突然叫び声が聞こえたときの状況を次のようにつづりました。\n\n「ふがぉあああぞぃええおおああああおあぁあああ！！！！！」\n\n「怪獣の咆哮のような叫び声が妻の部屋から」\n\nすぐに妻の元へ駆けつけたところ、意外な事実が発覚したそうです。\n\n「『ど、どうした！？怖い夢でも見た！？』と駆けつけた僕に、妻は一言」\n\n「いや、あくび」\n\nまさかのオチに佐藤さんは、\n\n「ちょ、もう少し普通にしなさいよ、あくび」\n\nとツッコミを入れています。ふとした瞬間に大きな声を出してしまうのは、日常あるあるですね。\n「平和ですなぁ」ファンもほっこり\nこの投稿にファンからは\n\n「このポスト見られて怒られませんように」\n\n「さすが奥様（笑）」\n\n「怪獣のあくびだったんですね」\n\n「平和ですなぁ」\n\n「びっくりした」\n\n「すぐに来てくれるって。羨ましい。愛だ愛」\n\nとの反響が寄せられています。\nBuzzFeed Japan,['https://newsatcl-pctr.c.yimg.jp/t/amd-img/20241008-10024181-bfj-000-2-view.jpg?pri=l&w=640&h=424&exp=10800'],"['https://news.yahoo.co.jp/articles/0e88ce3972bff464b0c0cdd9871a65afdc07bd79/images/000', 'https://www.buzzfeed.com/jp/tamikoshimoyama/satojiro-akubi-m?utm_source=yahoojapan&utm_medium=rssfeed&utm_campaign=yjnewsfeed']"
「ピアノを習っている小6の息子。練習しないので辞めてほしい」母の悩みに藤本美貴がキッパリ。習い事の辞めどきとは？（BuzzFeed Japan）,https://news.yahoo.co.jp/articles/f3713d9f7d0799128ea4a817962c189179bb972b,https://newsatcl-pctr.c.yimg.jp/t/amd-img/20241008-10024158-bfj-000-2-view.jpg?exp=10800,2024-10-08T20:30:02+09:00,2024-10-08T20:52:07+09:00,BuzzFeed Japan,bfj,BuzzFeed Japan,2271,\n藤本美貴さん（時事通信フォト）\nタレントの藤本美貴さんが10月1日に YouTubeチャンネルを更新。相談者のお悩みに回答する動画を公開しました。\nたびたび視聴者からのお悩みに答える動画を公開している藤本さん。\n【動画】「ガラスを割って修理費6万円超え…すぐ物を壊す子どもにお金の大切さを教えたい」母親の切実な悩みに藤本美貴が放った一言とは…！？\n今回は、リプトン・ティーアンドインフュージョン・ジャパン・サービス株式会社とのタイアップ企画で『リプトン カフェインレスのはちみつ紅茶 』を飲みながらのお悩み相談です。 \n\n子育て中の視聴者から、以下のお悩みが寄せられました。\n\n《小学校6年生の息子が、3年ほど習い事としてピアノに通っています》\n\n《通い始める前に「自宅での練習を頑張る」という約束で始めましたが、ここ1年ほど自宅での練習に力が入らなくなっていて、こちらから催促しないと動きだしません 》\n\n《その都度話し合い、「やる気が見られないならもう通うのを辞めよう」と言うと、「辞めたくない」と毎回言われます》\n\n《やる気のない姿を見せられたまま、続けさせたくないです（金銭的にも）》\n\n《親の一存で習い事を辞めさせるのは酷なのでしょうか？》\n親が悩みがちな“習い事の辞めどき”について、藤本さんは…？\n笑顔で頷きながら、質問を受け止めた藤本さん。まずは、子育てにおいて避けては通れない、子どもと親との「約束事」について言及しました。\n\n「いや、酷ではないと思うよ。だってしょうがないじゃん、金銭的な理由があるならそれは一番しょうがないですけど」\n\n「私も本当に、3人育てながらすごい思うのは……すっごい私もやるの、条件付けて、なにかと。『これやるんならいいよ？』とかって（子どもに）言うんだけど」\n\n「もうそれやめた方がいいなって最近すっごく思ってて」\n\n「これやるならやった方がいいよ、こうやってやるならやってもいいよ、とかっていうのって、結局絶対子どもって、だいたいの子は守れないと思うんですよ」\n\n「だから、その条件を付ける時点で、もう、約束はいつか破られる、っていうのが、すごい思うの」\n\n3人の子育てをする中で気づきがあったと語る藤本さん。親が疲れすぎないためにも、子どもに“求めること”について、真剣な表情で自身の見解を述べています。\n\n「何にしても、『こうするならいいよ』って言ってても結局、『言ったのにやらないじゃん』っていう、イラつきの始まりを自分で始めてる気がして」\n\n「最近本当に私はそれを学んで、習い事とかやりたいことに対して、あんまりこっち（親）側が『こうなってほしい』とか『こうしてほしい』っていうのを求めちゃいけないのかなって、最近すごい思う」\n子育ての経験を交えて…藤本さんが実際にお子さんにかけた言葉とは？\nまた藤本さんは、自身のお子さんの習い事事情についても触れ、習い事の続け方について、「子どもによる」と説明しています。\n\n「（お子さんが習い事を始めたきっかけについて）英語はそれこそ、やってみなって言って行かせたけど…でも、プールとかも最初はそうかな。で、途中で辞める子もいれば、今でもつーたん（長女さん）は、やってて。今、（小学校）3年生でバタフライとかやってるし、ほんと、その子による。イヤイヤ行く人もいれば、全然習い事、何習っても楽しんでいく人もいるから」\n\n「でもうちも、長女とかはギター習ってるけど、『ギター全然家で練習しないじゃん』って言いがちだけど、なんか、もう言うのやめたと思って。もう…疲れちゃうから」\n\n「フワッとは言うよ、暇そうだったら『ギター練習したら？』とかは言うけど。『練習しないなら辞めるよ』とか（は、言わない）」\n\n「でも、練習しなくても、（習い事に）行ってることによって、弾けるようにはなってるわけじゃないですか、最低限」\n\n家での自主練習をしなくても、習い事に通っていることで得られることもあると語る藤本さん。その上で、子どもが現在、どの程度習い事に興味を向けているかをたしかめつつ、話し合って今後を決めていくことを提案しています。\n\n「習い始めたころは楽しかったけど、その、男の子でしたっけ？ 年を重ねるにつれて、もしかしたら他のことが、やりたいことができてるのかもしれないし……」\n「2年3年目に入ってきたけど、『今は別にそんなにやりたくないんだよね』でもなんか、『習ってるから行ってくる』くらいになってるかもしれないから、話し合って辞めるでもいいですよね」 \n\n他にも藤本さんは動画の中で、「物を壊すことが多い子どもへ、お金の大切さをどう伝えたらいいか」「小4娘の反抗期にイライラ…」などの悩みにもアドバイスを送りました。\n視聴者からは共感の声も。\n視聴者からは、\n「自分も4歳から中学生の受験前までピアノ習っててほとんど練習しなかったから進み方はゆっくりだったけど、それでも続けれてよかったなって思うし続けさせてくれた親には感謝しかない」\n「習い事の話、めちゃくちゃ共感でした」\n「私も、『練習しないなら辞めて』は言わないようにしてます。ただ、辞めたくなったりしんどくなったらいつでも相談してって伝えています」\n「親の思う通りにはならないのが子育てですね」\nなどのコメントが多く寄せられています。\nBuzzFeed Japan,['https://newsatcl-pctr.c.yimg.jp/t/amd-img/20241008-10024158-bfj-000-2-view.jpg?pri=l&w=640&h=424&exp=10800'],"['https://news.yahoo.co.jp/articles/f3713d9f7d0799128ea4a817962c189179bb972b/images/000', 'https://www.buzzfeed.com/jp/takamiyoshida/mikkity-naraigoto-m?utm_source=yahoojapan&utm_medium=rssfeed&utm_campaign=yjnewsfeed']"
「激似すぎて二度見」バービー、長女との2ショットが大反響→まさかの寝顔に「違和感ない」「目を疑いました」（BuzzFeed Japan）,https://news.yahoo.co.jp/articles/be4470531bccde85a08a09533e77c37272a36bb9,https://newsatcl-pctr.c.yimg.jp/t/amd-img/20241008-10024140-bfj-000-1-view.jpg?exp=10800,2024-10-08T19:05:02+09:00,2024-10-08T19:05:02+09:00,BuzzFeed Japan,bfj,BuzzFeed Japan,922,\nバービーさん（時事通信）\nお笑いコンビ・フォーリンラブのバービーさんが10月7日、Instagramを更新。長女との2ショットを公開し、反響を呼んでいます。\n【画像】「激似すぎて二度見」バービー、第一子との“まさか”の2ショットにツッコミ殺到\nバービーさんは\n\n「最近のバビたんの生態まとめ」\n\nとつづり、3枚の写真を投稿。8月に出産した第一子との2ショットや、自身のソロショットを公開しました。\n\n1枚目では隣同士でぐっすりと眠る、バービーさんと長女の姿が写っています。2人とも手を上に上げてそっくりな寝相ですね。寝顔もまさに瓜二つ！！！……かと思いきや？ 長女の顔には、バービーさんの顔が合成されているではありませんか\n\n普段は自身のInstagramのアイコンで子どもの顔を隠しているバービーさん。今回の写真ではなんとバービーさん自身の顔を使用しており、寝顔が長女の顔にピッタリと重ねられています。あまりにも自然な加工具合に、全く違和感を感じませんね！\n投稿の2、3枚目では「ファッションについては、ブラトップとキャミソールばかりの日々から、ようやく袖のあるものを着るようになりました」と明かし、「2024AW」「袖はじめました」「釣りバカ日誌のハマちゃん似」「幡ヶ谷と新橋のスナックで入れたボトルキープの期限切れそうだから誰か飲んできていいよ」「綿棒浣腸スペシャリスト2級合格」「浴室の防カビと振込2件と内祝い発送を忘れない」と、ハッシュタグにて出産後の日常をつづっています。\n投稿を見たファンの反応は？\n衝撃の顔面加工ショットにファンからは\n\n「合成のクオリティが高すぎます笑」\n\n「激似かと思ったらまさかの！笑」\n\n「一瞬目を疑いましたw」\n\n「予想外なのきた（笑）」\n\n「違和感ないです🩷」\n\n「激似すぎて二度見」\n\nなどのツッコミが相次いでいます。\n\n・・・・・\n\nバービーさんは2021年4月、一般男性と結婚したことを自身のYouTubeチャンネルを通じて報告。2024年8月18日には第1子女児を出産したことを明かしました。\nBuzzFeed Japan,['https://newsatcl-pctr.c.yimg.jp/t/amd-img/20241008-10024140-bfj-000-1-view.jpg?pri=l&w=426&h=640&exp=10800'],"['https://news.yahoo.co.jp/articles/be4470531bccde85a08a09533e77c37272a36bb9/images/000', 'https://www.buzzfeed.com/jp/manashoji/fallen-love-child-m?utm_source=yahoojapan&utm_medium=rssfeed&utm_campaign=yjnewsfeed']"
歌手デュア・リパ、コカ・コーラの「独特すぎるアレンジ方法」が話題に。試飲した友人も思わず悶絶（BuzzFeed Japan）,https://news.yahoo.co.jp/articles/adbae3970040c70265665d00c683dea5426eb79f,https://newsatcl-pctr.c.yimg.jp/t/amd-img/20241008-10024116-bfj-000-1-view.jpg?exp=10800,2024-10-08T19:10:01+09:00,2024-10-08T19:10:01+09:00,BuzzFeed Japan,bfj,BuzzFeed Japan,554,\n歌手のデュア・リパ\n人気歌手のデュア・リパが、コカ・コーラ ゼロを使ったオリジナルドリンクのレシピを公開しました。TikTokに投稿された動画は400万回以上再生され、その味に顔をしかめる友人たちのリアクションが話題を呼んでいます。\n【動画】人気歌手がコカ・コーラに“衝撃食材”を…。味見した友人たちのリアクションがこちら\nデュアは、まずコップにコカ・コーラ ゼロを注ぐと、続いてピクルス液を入れ、ピクルスもトッピングします。\n\nさらに、ハラペーニョを漬けていた酢も追加。ピクルスと同様に、ハラペーニョもトッピングしました。\n一口飲んだ後、「あなたも飲んでみたら？」と友人にも試飲を勧めます。\n\nデュア特製のオリジナルドリンクを飲んだ友人は、「めっちゃピクルスって感じ……！！」とコメント。続けて、他の友人たちもチャレンジしてみますが、刺激が強すぎたのか「うっ……」と言葉を詰まらせます。\n\nデュアのレシピに、ファンも興味津々な様子です。\n\nTikTokには、「変なレシピだけど、めっちゃ気になっちゃう……」「甘くて酸っぱくて辛い…。完璧なレシピじゃん（笑）」というコメントが集まりました。\nこの記事は英語から翻訳・編集しました。翻訳：梶川あんな\nBuzzFeed Japan,['https://newsatcl-pctr.c.yimg.jp/t/amd-img/20241008-10024116-bfj-000-1-view.jpg?pri=l&w=640&h=424&exp=10800'],"['https://news.yahoo.co.jp/articles/adbae3970040c70265665d00c683dea5426eb79f/images/000', 'https://www.buzzfeed.com/jp/bfjapan/dua-lipa-viral-diet-coke-cocktail-recipe-2?utm_source=yahoojapan&utm_medium=rssfeed&utm_campaign=yjnewsfeed']"
【ダイソー】ディズニーお土産みたい！かわいくて気分が上がる「ミニーちゃんグッズ」3選《購入レビュー》（BuzzFeed Japan）,https://news.yahoo.co.jp/articles/0681b8d8a5b066fdb774946ed8f6528b566ec501,https://newsatcl-pctr.c.yimg.jp/t/amd-img/20241008-10024038-bfj-000-1-view.jpg?exp=10800,2024-10-08T20:05:02+09:00,2024-10-08T20:05:02+09:00,BuzzFeed Japan,bfj,BuzzFeed Japan,1735,\nダイソーでは、かわいくて実用的な「ディズニーグッズ」が販売中です！\nダイソーの看板写真\n便利な日用品から食品まで、幅広いアイテムが揃う100円ショップのダイソー。\n【画像・動画】ダイソーで見つけた「ディズニーグッズ」の写真\nその中から今回は、ワンコイン以下で買える「ディズニーグッズ」をご紹介します。\n1.「ダイカットハンドミラー（ミニー）」\n価格は330円（以下、すべて税込）。ミニーの形をした、かわいらしい鏡です。\n\n丸い鏡の上に、ミニーの耳と帽子が付いていてかわいい！お花がデザインされているピンク色の帽子がワンポイントになっています。\nスタンドタイプだから、メイク時にも便利！\n鏡の下部にはスタンドがついているので、机に置いて使うことができます。\n\n両手が空くので、メイク時にも大活躍してくれるアイテム！ \n\n角度が好みで変えられるので、メイクがしやすくてありがたいです。\n2倍の拡大鏡と、普通鏡がセットになっています！\n表が普通鏡、裏が拡大鏡です。ひっくり返すだけで切り替えられるから楽ちん！\n\n鏡はアクリル素材ではなく、しっかりガラスでできているので、映った顔が歪んで見えることもありません。\n\nキュートさのある鏡だから、インテリアとしても活用できますよ！\n\n便利さ ★★★★☆\nデザイン ★★★★★\nコスパ ★★★★★\n2.「スマホスタンド（ミニー）」\n価格は110円。ミニーの形をしたスマホスタンドです。\n\nにっこりと微笑むミニーちゃんのイラストがとってもかわいい。\n\n 袋の中には、ミニーちゃんの形をした本体と付属部が入っています。組み立ては本体に付属部を差し込むだけなので簡単！\n縦置きと横置き、どちらも対応しています。\nどちらの置き方でも、ぐらぐらすることなくしっかりと安定してくれます。\n\nスリムなスマホスタンドなので、場所を取らず置くことができて便利。\n\nスマホを立てかける部分に凹みがあるので、充電コードを差し込んだ状態でも使えますよ。\nスリムだから持ち運びも楽ちん。\n本体と付属部分を簡単に分解できるので、持ち運びも便利です。\n\nスリムな形なので、かばんの中に入れても場所を取りません。\n\nスライダーケースなどに入れて持ち運べば、予期せぬ傷を防げるのでおすすめですよ。\n\n便利さ ★★★★☆\nデザイン ★★★★☆\nコスパ ★★★★★\n3.「ダイカットジップバッグ 4枚（ミッキー/ミニー）」\n価格はそれぞれ110円。片手サイズのジップバッグで、ミッキーとミニーの顔が大きくデザインされています。 \n\n ジップバッグは、2人の顔の形に沿ったユニークな形。中身はそれぞれ4枚ずつ入っています。\n口が大きく開きます。\nジップバッグ自体が全体的にハリのある質感。袋の左右を寄せると口がパカッと大きく開くので、物を出し入れしやすいです。\n\nどちらも縦に長い形なので、少し長いものも入れられます。マチはありませんが、リップくらいの厚さならスッと入りますよ。\n自分用にも、ギフト用にもしてもかわいいジップバッグです。\n小さいのでカバンに入れて持ち運ぶのにもちょうどよいサイズ。\n\nお菓子をそのまま入れることもできるので、バレンタインなどのラッピングにしてもよさそう。\n\nミッキーとミニーが大きく描かれた分かりやすいデザインなので、子どもたちにも喜ばれそうです！\n\n便利さ ★★★☆☆\nデザイン ★★★★☆\nコスパ ★★★★☆\n\n1.「ダイカットハンドミラー（ミニー）」\n価格：330円\nサイズ：縦30.8×横22.7×幅0.9cm\n素材：ポリスチレン、ガラス\n\n2.「スマホスタンド（ミニー）」\n価格：110円\n材質：ABS樹脂\nサイズ：【組み立て時】（約）高さ14.5×横10.2×奥行き9cm\n\n3.「ダイカットジップバッグ（ミッキー / ミニー）」\n価格：110円\nサイズ（ミッキー）：（約）縦15×横12cm\nサイズ（ミニー）：（約）縦13×横12cm\nBuzzFeed Japan,['https://newsatcl-pctr.c.yimg.jp/t/amd-img/20241008-10024038-bfj-000-1-view.jpg?pri=l&w=640&h=424&exp=10800'],"['https://news.yahoo.co.jp/articles/0681b8d8a5b066fdb774946ed8f6528b566ec501/images/000', 'https://www.buzzfeed.com/jp/junkonakao/daiso-disney3-photo?utm_source=yahoojapan&utm_medium=rssfeed&utm_campaign=yjnewsfeed']"
【GU】体のラインがきれいに見える！着回し力ばつぐんの「楽ちんスカート」はき心地も良くてヘビロテ決定です！《着用レビュー》（BuzzFeed Japan）,https://news.yahoo.co.jp/articles/4dae1060aed849c9146a5761678268336232fca5,https://newsatcl-pctr.c.yimg.jp/t/amd-img/20241008-10024020-bfj-000-1-view.jpg?exp=10800,2024-10-08T19:05:02+09:00,2024-10-08T19:05:02+09:00,BuzzFeed Japan,bfj,BuzzFeed Japan,1157,\nGUから、大人っぽいデザインの「プチプラスカート」が登場しました。\nGUの看板写真\nGUには、トレンドからベーシックまで幅広いファッションアイテムが、プチプラで多数並んでいます。\n【画像・動画】GU「フレアマキシスカート」の写真\n今回購入したのは「フレアマキシスカートNTQ+E」価格は2990円（以下、すべて税込）です。\nふんわり広がる、きれいなシルエットのマキシスカート。\n秋コーデに合わせたい、上品なブラウンカラーのスカートです。\n\nマーメイドスカートのような曲線的なシルエットが、体のラインをきれいに見せてくれます。\nサイズはXS～3XLまで展開されていて、私は身長169cmでLを選びました。\n\n商品名にある通り、しっかり長さのあるマキシ丈なので高身長さんにもおすすめです。\nデニムのような生地感と、ステッチワークがかっこいいんです。\nポケットやフロントに入ったシームラインのステッチがアクセントになっていてオシャレ！\n\nデニムのようなカジュアルな風合いがあり、普段着としてガンガン使えます。\n素材はコットン100％で、ほどよく厚みがあり安っぽく見えません。\n\n洗濯機で洗えますが、色落ちの可能性があるので淡色のものとは分けて洗ったほうが良さそうです。\nウエストは後ろのみゴムで楽ちん！ベルトループも付いてます。\nゴムは目立たない背中側にだけ入っていて、フィット感がありつつ締め付け感のないはき心地。\n手持ちのベルトでウエストマークすると、よりかっこよく着こなせます。\nカジュアルから甘めまで、いろんな着回しが楽しめます。\nシンプルなTシャツやパーカを合わせるだけで、大人っぽいカジュアルコーデが完成します。\n花柄ブラウスなど、ガーリーなトップスと合わせるとまた違った雰囲気に。\n\n秋冬はニットを合わせて、ロングシーズン着回せる優秀アイテムです！\nコスパ ★★★★☆\n季節感 ★★★★☆\n着回し ★★★★★\n「フレアマキシスカートNTQ+E」\n価格：2990円\nサイズ：XS～3XL\nカラー：32 BEIGE・09 BLACK・36 BROWN\n素材：綿100%\nロングスカートなら、無印良品の 「婦人 洗いざらし ヘリンボーンベイカーストレートスカート」もおすすめ。\n価格は4990円。前後の大きなパッチポケットが特長のワークスカートです。\n\n公式サイトによると、織り柄が特長のヘリンボーン生地を使い、綿はオーガニックコットン100%とのこと。 \n\n綿の風合いが残るサラッとした手触りで、肌離れのいい生地感です。\n\nコスパ ★★★★☆\nシルエット ★★★★★\n着回し ★★★★★\nBuzzFeed Japan,['https://newsatcl-pctr.c.yimg.jp/t/amd-img/20241008-10024020-bfj-000-1-view.jpg?pri=l&w=640&h=424&exp=10800'],"['https://news.yahoo.co.jp/articles/4dae1060aed849c9146a5761678268336232fca5/images/000', 'https://www.buzzfeed.com/jp/ayumimori/gu-flare-maxiskirt-photo?utm_source=yahoojapan&utm_medium=rssfeed&utm_campaign=yjnewsfeed']"
【ファミマ】ふわふわシフォンが美味しい！甘党の夢みたいな「クリームたっぷりスイーツ」食べ応えもすごいんです！《実食レビュー》（BuzzFeed Japan）,https://news.yahoo.co.jp/articles/7ff653861f32e012e3e2032389d6e96477d50e43,https://newsatcl-pctr.c.yimg.jp/t/amd-img/20241008-10024023-bfj-000-1-view.jpg?exp=10800,2024-10-08T19:35:02+09:00,2024-10-08T19:35:02+09:00,BuzzFeed Japan,bfj,BuzzFeed Japan,1428,\nファミマでは、クリームたっぷりの「ふわふわケーキ」を販売しています。\nファミリーマートの看板写真\nファミリーマートには、オリジナルブランドのお弁当やパン、スイーツなどが多数揃っています。\n【画像・動画】ファミリーマート「クリームたっぷりスイーツ3選」の写真\n今回購入したのは「ふわふわシフォンケーキ」。価格は398円（以下、すべて税込）です。\n2種類のクリームが味わえるスイーツ。\n公式サイトによると「北海道生クリームを加えたコクのあるクリームやカスタードクリームと食べる、カットしたふわふわシフォンケーキ」なのだとか。\n\n容器の大きさは、コンビニの中サイズのサラダと同じくらい。スイーツにしては大きめで、食べ応えがありそうです。\nふわふわなシフォンケーキが5個入っています。\n容器の中には、四角いシフォンケーキが5個入っていました。見た目からも、ふわっとしたやわらかさが伝わってきておいしそう。\nホイップはソフトクリームのようにたっぷり絞られていて、思わずテンションがあがります。\n\nカスタードはどこにあるのかな？と思ったら、容器の底にライン状に2本絞ってありました。\nシフォンケーキはしっとり感が絶妙！\nシフォンケーキは、卵の風味が感じられます。ほのかに甘さとコクがあっておいしい！\n\n食感はふわっとやわらかく、適度にしっとり。軽さはありつつも、パサつきがない絶妙な質感です。\nホイップはとてもミルキーで、甘さよりも牛乳のような風味が強め。\n\nシフォンケーキと一緒にホイップをたっぷり頬張ると、ショートケーキを食べているみたいで幸せな気分になります。\nカスタードは濃厚！卵のまろやかさがあります。\nカスタードはバニラの香りがとても濃厚！卵のまろやかさもあって、プリンに近い味だと思いました。\n\n食感がもったりしていて、飲み込んだあとも口の中にしっかり余韻が残ります。\n卵感があるので、シフォンケーキとも相性バツグン。2つの味わいがマッチして、卵の風味が濃厚になります。\n\nさらにホイップを乗せて食べるとコクが深まって、夢中になってしまうおいしさです。\nクリームたっぷりで贅沢！食べ応えがあるスイーツです。\nふわっと軽い食べ心地なのに、カットケーキを食べたくらい満足感がありました。\n\n2種類のクリームを同時に食べられるなんてとても贅沢！甘いものをたくさん食べたいときにおすすめですよ。\n\n味 ★★★★★\nボリューム ★★★★★\nコスパ ★★★☆☆\nリピート ★★★★☆\n「ふわふわシフォンケーキ」\n価格：398円\nカロリー：407kcal\nカスタードといえば、シャトレーゼの「プレミアムアップルパイ」もおすすめ！\n価格は399円。甘くジューシーに煮た国産りんごと果肉ジャム、カスタードクリームを包んだパイです。\n濃厚なカスタードが、りんごと相性バツグン！\n煮詰めたりんごと濃厚なカスタードクリーム、果肉ジャムをサクサクのパイ生地と一緒に味わえば、もはや言葉にならないおいしさに。\n\nバターの豊かな風味も口いっぱいに広がってお腹も心も幸福感で満たされます。\n\nふわりと香るシナモンが心地よく、大振りながらも飽きずに食べられました。\n\n味 ★★★★★\nサクサク感 ★★★★★\nコスパ ★★★★☆\nリピート ★★★★☆\nBuzzFeed Japan,['https://newsatcl-pctr.c.yimg.jp/t/amd-img/20241008-10024023-bfj-000-1-view.jpg?pri=l&w=640&h=424&exp=10800'],"['https://news.yahoo.co.jp/articles/7ff653861f32e012e3e2032389d6e96477d50e43/images/000', 'https://www.buzzfeed.com/jp/momokookada/familymart-cream-chiffoncake-photo?utm_source=yahoojapan&utm_medium=rssfeed&utm_campaign=yjnewsfeed']"
【ミツカン】公式が衝撃の事実を告白！「実は、うちの企業名って……」→「知らなかった」「ビックリ」とSNS驚き（BuzzFeed Japan）,https://news.yahoo.co.jp/articles/9254e254c5d5e0f8270f3cfeb144d8bf6c96f301,https://newsatcl-pctr.c.yimg.jp/t/amd-img/20241008-10024180-bfj-000-2-view.jpg?exp=10800,2024-10-08T18:30:02+09:00,2024-10-08T18:35:41+09:00,BuzzFeed Japan,bfj,BuzzFeed Japan,857,\nミツカン「米酢」（ミツカン提供／時事）\nミツカンの公式アカウントが10月7日にX（旧Twitter）を更新。自社名について“ある事実”を告白しました。\n▼【知ってた？】ミツカンがSNSで公表した驚くべき事実を見る\n酢などの調味料や納豆を主力製品とするミツカン。企業名で間違えられがちな“ある一文字”について公式アカウントが事実を伝え、反響が集まっています。\n「実は、うちの企業名ってmitsukanではなくmizkanで『Ｚ』なんです。。」\n公式アカウントは「株式会社mitsukan」と間違って記載された宛名ラベルの写真を投稿し、正しくは「mizkan」であることを告白。\n\n「実は、うちの企業名ってmitsukanではなくmizkanで『Ｚ』なんです。。」\n\nたしかに、商品のパッケージを見ると「mizkan」と印字されてはいるものの、「ツ」をローマ字にすると、ヘボン式の場合は「tsu」、訓令式だと「tu」なので、間違えてしまいがちなのかもしれませんね。この投稿には\n\n「すいません！ 今初めて気付きましたm(_ _)m」\n\n「知らなかった」\n\n「逆に知らんかった人がおるんや、ということにビックリ」\n\n「zだと知っていますが 不思議に思ってました ミツカンからmizkanへの変化が 世界的な発信なのかな」\n\nなど、さまざまな驚きの声が多く集まりました。\n\nまた、「Z」表記であることについて、自動車メーカーのマツダ（MAZDA）と類似しているというコメントも寄せられています。\n\n「あそうか、MAZDAと同じだ」\n\n「マツダが『MATSUDA』じゃなくて『MAZDA』なようにね」\n\n多くの反響が寄せられたことを受け、公式アカウントは次のように、理由についてもいつか公開するとコメントしました。\n\n「社員は見慣れていて当たり前なことも、みなさんからすると不思議ですよね！！ また理由も公開させていただきますね」\nBuzzFeed Japan,['https://newsatcl-pctr.c.yimg.jp/t/amd-img/20241008-10024180-bfj-000-2-view.jpg?pri=l&w=344&h=640&exp=10800'],"['https://news.yahoo.co.jp/articles/9254e254c5d5e0f8270f3cfeb144d8bf6c96f301/images/000', 'https://www.buzzfeed.com/jp/ayahoshino/mizkan-m?utm_source=yahoojapan&utm_medium=rssfeed&utm_campaign=yjnewsfeed']"
【マザー牧場】「ここ掘れワンワン」「神イベすぎ」愛犬と一緒に楽しめるアクティビティにSNS興奮「魅力的すぎる」内容とは？（BuzzFeed Japan）,https://news.yahoo.co.jp/articles/f99db86b30bba0322e94235ebdd010e43626be41,https://newsatcl-pctr.c.yimg.jp/t/amd-img/20241008-10024177-bfj-000-1-view.jpg?exp=10800,2024-10-08T18:05:02+09:00,2024-10-08T18:05:02+09:00,BuzzFeed Japan,bfj,BuzzFeed Japan,1240,\n愛犬も一緒に楽しめる「さつまいも掘り」\nこれは絶対楽しい……！ 9月中旬から10月下旬にかけてマザー牧場で開催されている、ワンちゃんと一緒に体験できる“秋ならではのアクティビティ“に注目が集まっています。\n【画像集】めっちゃ楽しそう！「魅力的すぎる」マザー牧場の“神アクティビティ“を見る「ここ掘れワンワン」\nマザー牧場は、千葉県富津市の鹿野山にある観光牧場。東京湾・富士山などの雄大な景色が見渡せるロケーションや、羊や牛、馬、ヤギ、ぶたのほか、アルパカやカピバラ、うさぎ、モルモットなどたくさんの動物に出会うことができるスポットです。\n\nそんなマザー牧場の「さつまいも堀り体験」が話題になっています。\n毎年9月中旬から10月下旬にかけて行われるこのアクティビティは、愛犬や家族と力を合わせ、さつまいもを収穫することができるというもの。\n\n単純なのに意外と奥が深いという「さつまいも掘り」は食育としても注目されており、「参加される方はみんな、土まみれになりながら賑やかに収穫体験を楽しまれる」のだとか。\n\nそして、収穫できるさつまいもは大きく、強い甘さが特徴の「紅東（べにあずま）」です。もちろん体験後は持ち帰って食べることも可能（4株1000円）。お芋が大好きなワンちゃんには最高の体験になりそうですね。\nSNSでも話題に\nSNSでは、愛犬と一緒に楽しめる貴重なアクティビティということで話題になっており、\n\n「魅力的すぎる」\n\n「行きたすぎる」\n\n「イッヌがさつまいも大好きだしホリホリも好きだから連れていきたい～！」\n\n「神イベ過ぎる」\n\nなどのコメントが多く寄せられています。\n\n一方で、実際に体験した人の声も集まりました。\n\n「楽しかった～！ まぁうちの犬はホリホリせず葉っぱ食ってるだけで終わったけど」\n\n「行ったけど最高でした！ 無事お芋掘ってゲットしておいしく食べた！」\n2024年は「無くなり次第終了」\n10月8日現在開催中の「一緒にさつまいも掘り体験」ですが、2024年は先着200名で終了とのこと。目安として10月下旬まで行われていると公式サイトでは記載されています。\n\nそろそろ焼き芋や蒸かし芋が恋しい季節……ワンちゃんと一緒においしいお芋をゲットして、みんなで味わってみるのは最高の体験かもしれませんね。\n\n取材協力：マザー牧場\n\n住所：千葉県富津市田倉940－３\n\n入場料金：大人1500円、小人（4歳～小学6年生）800円、同伴犬700円（盲導犬・介助犬・聴導犬などの補助犬は無料）\n\n「ワンちゃんと一緒にさつまいも掘り体験」体験料：1人300円、さつまいも代：4株1000円、軍手1双：100円（別売り）\n\n※4歳以上は体験料が必要です。\n\n※体験料に軍手は含まれておりません。\n\n時間：平日13時～14時、土日祝9時～\nBuzzFeed Japan,['https://newsatcl-pctr.c.yimg.jp/t/amd-img/20241008-10024177-bfj-000-1-view.jpg?pri=l&w=640&h=424&exp=10800'],"['https://news.yahoo.co.jp/articles/f99db86b30bba0322e94235ebdd010e43626be41/images/000', 'https://www.buzzfeed.com/jp/yukichiba/life-dog-motherfarm1008-m?utm_source=yahoojapan&utm_medium=rssfeed&utm_campaign=yjnewsfeed']"
4兄弟の母・平愛梨「疲れが一気に消化された」息子たちからの「魔法の言葉」明かす→「泣いちゃいます」「癒やされますね」と共感の声（BuzzFeed Japan）,https://news.yahoo.co.jp/articles/38ec4ed4964ec226df30d905a426b51907781b1f,https://newsatcl-pctr.c.yimg.jp/t/amd-img/20241008-10024133-bfj-000-1-view.jpg?exp=10800,2024-10-08T18:00:01+09:00,2024-10-08T18:00:01+09:00,BuzzFeed Japan,bfj,BuzzFeed Japan,935,\n平愛梨さん（時事通信）\nタレントの平愛梨さんが10月7日、Instagramを更新。疲れが一気に消化されたというお子さんたちからの「魔法の言葉」明かしました。\n▼【画像】食事中のお子さんの様子。スプーンやご飯が床に...\n2023年5月に第4子の男の子が誕生し、4児を子育て中の平さん。\n\n4人のお子さんを連れて美容院から帰った日のエピソードを明かしました。\n\n平さんがお子さんを1人ずつ順番にシャワー入れているときのこと。\n\n目を離してる隙に兄弟喧嘩が始まり、平さんは「どうして泣いてるの？ 泣かせるほどの悪さをしたの？」とどちらの意見も聞く始末に。そしてこのやり取りが寝かしつけまでに数回続いたそうです......。\n\nそのあとには食後の片づけをする平さん。\n\nげんなりと拭き掃除をしていると、長男・バンビーノくんに「ママ！」と呼びかけられたとのことです。\n\n「ンゲッ！！ またお水ください！ とか？！ と思ったら、、、、」\n\n「優しくニッコリ笑いながら『お疲れ様』と言ってきた」\n\nバンビーノくんの一言に驚いた平さん。\n\n「『な、な、なんだよ！ お疲れ様ってお、おつかれ』と言ったら、べベックも『ママー！ おつかれさま』と」\n\n「さらにべべも『ママー！ おづくりかま』って」\n\nと、次男・ベベックくん、三男・ベベくんも続いて「お疲れ様」と声をかけてくれたそうです。\n\nお子さん同士の喧嘩にイライラしていた平さんでしたが、\n\n「子供の『お疲れ様』はまるで魔法の言葉だった！！」\n\n「この一言が日曜日というカオス達と1日一緒に過ごした疲れが一気に消化された！！」とつづりました。\n\nさらに「だから子供って不思議❤️」とコメントし、投稿を締めくくりました。\n投稿を見たファンは......？\nファンからは、\n\n「お疲れ様なんて言ってもらったら疲れも吹っ飛んでしまう」\n\n「泣いちゃいますねこれからの成長もまた楽しみです」\n\n「可愛くて癒やされますね」\n\n「読んでるだけでほっこり❤️そして、ナイスバンビーノ」\n\nなどのコメントが寄せられました。\nBuzzFeed Japan,['https://newsatcl-pctr.c.yimg.jp/t/amd-img/20241008-10024133-bfj-000-1-view.jpg?pri=l&w=640&h=424&exp=10800'],"['https://news.yahoo.co.jp/articles/38ec4ed4964ec226df30d905a426b51907781b1f/images/000', 'https://www.buzzfeed.com/jp/mikiurano/tairaairi-otsukare-m?utm_source=yahoojapan&utm_medium=rssfeed&utm_campaign=yjnewsfeed']"
【ローソン×カルビー】定番化してほしい！コンソメWパンチとコラボした「新作からあげクン」がおいしいんです！《実食レビュー》（BuzzFeed Japan）,https://news.yahoo.co.jp/articles/b1f3376bf462dfce811bcb54cc98784544d63044,https://newsatcl-pctr.c.yimg.jp/t/amd-img/20241008-10024018-bfj-000-1-view.jpg?exp=10800,2024-10-08T18:35:02+09:00,2024-10-08T18:35:02+09:00,BuzzFeed Japan,bfj,BuzzFeed Japan,1522,\nローソンでは、コンソメ風味の「やみつきホットスナック」が販売中です。\nローソンの看板写真\nローソンには、お弁当やパン、お菓子など、毎日の食卓に彩りを添える幅広いジャンルの食品が多数揃っています。\n【画像・動画】ローソン「からあげクン コンソメWパンチ味」の写真\n公式サイトによると、カルビーの「ポテトチップス コンソメWパンチ」の発売20周年を記念して、ローソンとコンソメWパンチのコラボレーション商品を9月24日（火）より販売開始したそうです。\n今回購入したのは「からあげクン コンソメWパンチ味」価格は259円（以下、すべて税込）です。\n\nイエローカラーのパッケージには、ポテトチップス「コンソメWパンチ」と、からあげクンのキャラクター「レギュラーくん」がデザインされていてかわいい。\n\nホットスナックコーナーの中でも一際目立っていて、気づいたら手が伸びていました！\nポテトチップス「コンソメWパンチ味」を再現したあげクン。\nパッケージの中に、一口サイズのからあげクンが5個入っています。\n\nフタを開けた瞬間から、コンソメの香りがぶわっ押し寄せてきました！\nきつね色にこんがりと揚げられたからあげクンは、1個が大きいので、満足感がしっかり得られそうです。\n\n半分に切ってみると、中には鶏肉が隙間なく詰まっています。\n鶏肉本来の旨みと、コンソメの風味がベストマッチ！\nコンソメの風味がしっかり感じられてやみつきになります。コンソメパウダーの塩味もたまりません！\n\nからあげクン自体は、肉肉しくてとってもジューシー。噛むたびに、鶏肉の旨みがあふれ出てきます。\n\n鶏肉本来の甘みもあって、ずっと食べていたくなるおいしさです。\n色んな食感が楽しめるから、食べていて全然飽きない！\n外はサクッカリッ、中はしっとりしていておいしいです。\n\n衣はしっかり揚げられており、歯応えを感じるから食べ応えもバツグン！揚げたてのような香ばしさも感じます。\n\n鶏肉がぎゅうぎゅうに詰まっているので、満足感もすごい。ジューシーだけど脂っこくなくて、パクパク食べられます。\n定番化してほしいくらいおいしい、からあげクンでした！\n想像以上にコンソメWパンチの味わいが再現されていてびっくり。袋を開けた瞬間の香りや、食べたときに押し寄せてくるコンソメの風味がリアルに感じられます。\n\n鶏肉本来の甘みとコンソメの塩味のバランスが絶妙で、すごくおいしかったです！\n\n味 ★★★★★\n再現度 ★★★★☆\nリピート ★★★★★\n「からあげクン コンソメWパンチ味」\n価格：259円\n内容量：5個入り\nカロリー：50kcal（1個あたり）\nやみつきコラボ商品なら、セブンの「7プレミアムデニーズ監修 ビーフシチュードリア」もおすすめ。\n価格は483円。ファミリーレストラン「デニーズ」が監修した、冷凍のビーフシチュードリアです。\n\n公式サイトによると「じっくり煮込んだ牛のうま味が楽しめる」のだそう。\nビーフシチューが本格的でおいしい！\nビーフシチューは味がとても濃厚。口に入れた瞬間、デミグラスソースのコクと、牛肉の旨味が広がっておいしいです。\n\n後味にはトマトの酸味と、ほのかに焦がしたような香ばしさが感じられて本格的。\n\n牛肉はとてもジューシーで、噛むたびに旨味と甘さが広がってたまりません。\n\n大きめにカットされているから満足感があって、とても贅沢な気分になりました！\n\n味 ★★★★☆\nコスパ ★★★☆☆\nリピート ★★★★★\nBuzzFeed Japan,['https://newsatcl-pctr.c.yimg.jp/t/amd-img/20241008-10024018-bfj-000-1-view.jpg?pri=l&w=640&h=424&exp=10800'],"['https://news.yahoo.co.jp/articles/b1f3376bf462dfce811bcb54cc98784544d63044/images/000', 'https://www.buzzfeed.com/jp/ayukadota/lawson-calbee-consommepunch-karaagekun-photo?utm_source=yahoojapan&utm_medium=rssfeed&utm_campaign=yjnewsfeed']"
【カインズ】こんなにスッキリして感動！ゴチャゴチャ小物がまるっと片付く「収納グッズ」3選《購入レビュー》（BuzzFeed Japan）,https://news.yahoo.co.jp/articles/96b8dbb22c80a196f4830c873b860ef8eb6b4cf3,https://newsatcl-pctr.c.yimg.jp/t/amd-img/20241008-10024076-bfj-000-1-view.jpg?exp=10800,2024-10-08T18:05:02+09:00,2024-10-08T18:05:02+09:00,BuzzFeed Japan,bfj,BuzzFeed Japan,1856,\nカインズでは、デッドスペース問題を解消してくれる「収納グッズ」を販売中です。\nカインズの看板写真\nカインズには暮らしに役立つ便利な日用品から家具や食料品まで、さまざまな商品が並んでいます。\n【動画・画像】カインズ「収納グッズ3選」の写真\nその中から今回は、整理整頓時のすきま問題を解決してくれる「収納グッズ」を3つご紹介します。\n1.「引き出しラック ホワイト」\n価格は1480円（以下、すべて税込）。バスケットが引き出しになった、2段式収納ラックです。\n\n 全体のサイズは、幅20×奥行30×高さ27.8cm。下段のバスケットは引き出しになっていて、奥に入れた物も取り出しやすい仕様になっています。\n角に丸みのあるスタイリッシュなデザイン。\n滑りもよく、スムーズに開け閉めできるのがうれしい。\n\nワイヤーラックといえば角々しさがありますが、こちらは角に丸みがあって、やわらかな印象。\n\nスタイリッシュなデザインで、どんな部屋に置いても馴染みますよ。\n洗面台下のゴチャゴチャ小物が、取り出しやすくなって感動！\n奥にあるものがサッと取り出しやすくなって快適に！\n\n洗剤の詰め替え容器であふれていたシンク下が、すっきり整理できて嬉しいです。\n\nいつの間にかゴチャゴチャになりがちなシンク下ですが、これならポイポイ突っ込んでも奥の物が取り出しやすくて便利。\n\n「あれ、どこいったっけ？」がなくなりますよ！\n\n収納力 ★★★★☆\n機能性 ★★★★☆\nコスパ ★★★★☆\n2.「ヨコ伸縮 押入れラック 2台入り」\n価格は1980円。押入れのスペースを有効活用できる、2台セットの収納ラックです。\n\n棚板は（約）76.5～93.5cmまで伸縮可能。ラックの高さは（約）35～40cmに調整できます。\n押入れのデッドスペースがなくなった！\n押入れにラックを前後に並べて、布団を乗せてみました。上の方にあったデッドスペースがキレイに埋まって気持ちいい！\n\n新たにラック下にスペースができたので、シーズン外の洋服が入った衣装ケースがすっぽり収まりました。\n使い勝手バツグンだから、あと5セットほしい！\nラック同士を重ねれば、小さな家電やバッグを収納するのにピッタリ！\n\n細かいものもキレイに収まって、押入れが見違えたようにスッキリしました。家中の収納で使いたいので、追加購入する予定です！\n\nデザイン ★★★★☆\n便利さ ★★★★★\nコスパ ★★★★☆\n3.「Kumimoku スタッキングBOX LL」「Kumimoku スタッキングBOX M」\n価格は1080円（LLサイズ）と798円（Mサイズ）。大きさが違うモノを組み合わせて使うことができるボックスです。\n\nサイズはS、M、L、LLまであり、カラーはナチュラルとブラウンの2色展開。\n\n今回はLLサイズとMサイズのブラウンを購入しました。\n本やCDをオシャレに収納できました。\n下のボックスはけっこう大きくて、雑誌が9冊入りました。\n\n上のボックスにはCDや映画などを収納。余ったスペースに植物を飾ってみました。\n\n色味が自然な木目調なので、緑をプラスするとカントリーな雰囲気になります。\n\nボックスのところどころに節が入っているのも可愛いですね。\n見せる収納にするのもおすすめですよ。\nモノや好みに合わせてアレンジできるので、すごく便利です！\n\n今回はSとLLサイズを購入しましたが、他のサイズもいろんな場面で使いやすそうでした。\n\n便利さ ★★★★☆\nデザイン ★★★★★\nコスパ ★★★★★\n\n1.「引き出しラック ホワイト」\n価格：1480円\nサイズ：幅20×奥行30×高さ27.8cm\n耐荷重：3kg\n\n2.「ヨコ伸縮 押入れラック 2台入り」\n価格：1980円\nサイズ：1台あたり（約）幅76.5～93.5×高さ35～40×奥行37cm\n耐荷重：1台あたり（約）30kg\n\n3.「Kumimoku スタッキングBOX LL」\n価格：1080円\nサイズ：幅37ｘ奥行26ｘ高さ16.8cm\nカラー：ナチュラル・ブラウン \n\n「Kumimoku スタッキングBOX M」\n価格：798円\nサイズ：幅37ｘ奥行13ｘ高さ8.8cm\nカラー：ナチュラル・ブラウン\nBuzzFeed Japan,['https://newsatcl-pctr.c.yimg.jp/t/amd-img/20241008-10024076-bfj-000-1-view.jpg?pri=l&w=640&h=424&exp=10800'],"['https://news.yahoo.co.jp/articles/96b8dbb22c80a196f4830c873b860ef8eb6b4cf3/images/000', 'https://www.buzzfeed.com/jp/junkonakao/cainz-storage3-photo?utm_source=yahoojapan&utm_medium=rssfeed&utm_campaign=yjnewsfeed']"
【3coins】これが330円で買えるのはコスパ抜群！洗い物がラクになる「優秀アイデアグッズ」3選《購入レビュー》（BuzzFeed Japan）,https://news.yahoo.co.jp/articles/b2515f3760b65acd758191190210f3e8588e4e93,https://newsatcl-pctr.c.yimg.jp/t/amd-img/20241008-10024075-bfj-000-1-view.jpg?exp=10800,2024-10-08T17:35:01+09:00,2024-10-08T17:35:01+09:00,BuzzFeed Japan,bfj,BuzzFeed Japan,2123,\n3COINSでは、キッチン掃除で大活躍する「便利グッズ」を販売中です。\n3COINSの看板写真\n生活雑貨を多数販売している3COINS。アクセサリーからスマホグッズまでさまざまな生活用品がそろいますが、キッチングッズも優秀で人気を集めています。\n【動画・画像】3COINS「便利グッズ3選」の写真\n今回は、キッチンをピカピカにしてくれる「便利グッズ」を3つご紹介します。\n1.「めくって使える薄手スポンジ／KITINTO」\n価格は330円（以下、すべて税込）。一枚ずつめくって使う、使い捨てスポンジです。15枚付×2セットのスポンジが入っています。\n\n消耗品なので、内容量がたっぷりなのは助かりますね。\n使用する際に1枚ずつ剥がせるので、収納場所で散らばる心配がありません。\n剥がすことで薄型のスポンジになるので、収納にも場所をとりません。\n\nそのため家だけではなく、オフィスの給湯室でのお弁当箱や食器洗いにも使用できそう。\n\nスポンジの断面には切れ込みが入ってるので、簡単にセパレートできます。\n\nスポンジが薄いと、手にフィットして汚れを落としやすい！\n研磨剤不使用なので、食器にキズがつきにくい。\n研磨剤が使用されいないため、スポンジはソフトな質感。\n\n食器の汚れを優しく落とすことができます。（※食器を洗う際には、スポンジに食器洗い用洗剤を使用してください）\n\n食器洗いが終わったら、シンクや排水口のお掃除をしてそのままゴミ箱へ。シンク周りをきれいに保つことができます。\n\n使い捨てできるので、毎回清潔なスポンジを使用できるのが嬉しいですね！\n\n便利さ ★★★★☆\n清潔さ ★★★★★\nコスパ ★★★★★\n2.「キッチンコゲ落としクリーナー／KITINTO」\n価格は330円。こするだけでコゲが落とせるアイテムです。\n\nサイズは（約）高さ6.2×幅2×奥行き2cmと小さく、消しゴムのような見た目。\n\nスティック状でカバーも付いているので、片手でサッとお掃除ができます。\n\nクリーナーの表面はザラザラとした触り心地。公式サイトによると、合成ゴム、カーボランダム（研磨剤）、炭酸ナトリウム、潤滑剤、オレンジオイルが含まれているとのことです。\nお鍋などの頑固なコゲをキレイに落とせます。\n実際にフライパンの底で試してみると、コゲで真っ黒になっていたにも関わらず、元の銀色が見えるようになりました。\n\nキレイにコゲを落とすには、勢いよくこするのがポイントです。\n\nパッケージによると、水をつけるとより汚れが落ちやすくなるとのこと。\n\n落としたコゲは、消しカスのようにポロポロとまとまるので片付けも簡単です。\nコゲ以外の、気になる汚れも落とせます。\nステンレスシンクにあったサビをこすってみたら、こちらもキレイに落とせました。\n\n鍋などの調理器具はもちろん、コンロ周り、ガラス、金属、セラミック、五徳などにも使えますよ。\n\nミニサイズだから、汚れが気になったときにサッと使えて便利です！\n\n便利さ ★★★★☆\n落ちやすさ ★★★★☆\nコスパ ★★★★☆\n3.「洗剤が出るキッチンスポンジ／KITINTO」\n価格は330円。プッシュするだけで洗剤が出てくる便利なスポンジです。\n\nスティック部分の注ぎ口の蓋を開け、中に液体洗剤を入れます。蓋を閉じ、蓋部分を数回押せば洗剤が出てきます。\n\n一度洗剤をセットすれば、手を汚さずに掃除や洗い物ができて便利！\n\nただ、洗剤を満タンに入れるとあふれる場合があるので注意してください。\nコンロ周りやシンクのお掃除におすすめです。\n全長は（約）27cm、スポンジのサイズは（約）縦9.2×横5.4×厚み3cm。\n\nスリムなスポンジなので、狭いコンロやシンクの掃除にぴったりです。花瓶や水筒の掃除などでも活躍します。\nスポンジは、洗って繰り返し使えますよ。\nスポンジが汚れたら、スティック部分から取り外して洗うことができます。\n\nスポンジに厚さがしっかりあるため、すぐに薄くなって使えなくなる心配もありません。\n\nまた、スティック部分には穴が空いているので、Sカンやフックなどに吊り下げることも可能です。衛生的に保管できますよ。\n\n便利さ ★★★★★\n手軽さ ★★★★★\nコスパ ★★★★☆\n1.「めくって使える薄手スポンジ／KITINTO」\n価格：330円\n内容量：30枚入り（15枚付×2セット）\n耐熱温度：約90℃\n\n2.「キッチンコゲ落としクリーナー／KITINTO」\n価格：330円\n素材：【本体】合成ゴム、カーボランダム（研磨剤）、炭酸ナトリウム、潤滑剤、オレンジオイル【カバー】ポリ塩化ビニル \nサイズ：（約）高さ6.2×幅2×奥行き2cm\n\n3.「洗剤が出るキッチンスポンジ／KITINTO」\n価格：330円\n全長：（約）27cm、スポンジのサイズ：（約）縦9.2×横5.4×厚み3cm\nBuzzFeed Japan,['https://newsatcl-pctr.c.yimg.jp/t/amd-img/20241008-10024075-bfj-000-1-view.jpg?pri=l&w=640&h=424&exp=10800'],"['https://news.yahoo.co.jp/articles/b2515f3760b65acd758191190210f3e8588e4e93/images/000', 'https://www.buzzfeed.com/jp/mayumisasaki/3coins-kitchen-cleaning-matome-photo?utm_source=yahoojapan&utm_medium=rssfeed&utm_campaign=yjnewsfeed']"
「私事ではありますが…」玉城ティナが“ご報告”→「おめでとう」「すごく嬉しいし涙が止まらん」と祝福の声（BuzzFeed Japan）,https://news.yahoo.co.jp/articles/f1f9c678d3bbe6758d09c4b23bab0ef7374fbde2,https://newsatcl-pctr.c.yimg.jp/t/amd-img/20241008-10024146-bfj-000-1-view.jpg?exp=10800,2024-10-08T17:30:01+09:00,2024-10-08T17:30:01+09:00,BuzzFeed Japan,bfj,BuzzFeed Japan,713,\n玉城ティナさん（時事通信フォト）\n俳優でモデルの玉城ティナさんが10月8日にInstagramを更新。27歳の誕生日を迎えた同日、結婚したことを報告しました。\n【本人投稿】玉城ティナの“結婚報告”を見る\n玉城さんは「応援して下さっている皆様へ」と切り出し、以下のようにつづりました。\n\n「このたび私事ではありますが、結婚いたしましたことをご報告させていただきます」\n\n「まだまだ未熟な私ですが、彼と手を取り合い、共に支え合いながら居心地のいい家庭を築けるように頑張ります」\n\n「お仕事の方は、今までと変わらず続けさせていただきます。今後もこれまで以上に一生懸命取り組んでまいりますので、引き続き応援いただけますと幸いです。どうぞよろしくお願い致します」\n\nまた、結婚報告とともに2枚の写真を投稿。写真には、水辺でサンセットと一緒に撮影された玉城さんの後ろ姿や、花柄ドレスを着た玉城さんが写っています。\n\nさらに、英語でも同様の内容を報告しました。\n玉城さんの結婚報告に反響……！\n俳優のMEGUMIさんや飯豊まりえさん、タレントの最上もがさんなどが、続々と祝福しました。\n\nまた、ファンからは\n\n「お誕生日＆ご結婚おめでとうございます」\n\n「こんな素敵な日にダブルお祝いできるたまぴよ幸せです♡」\n\n「たま！！！！いつの間に！おめでとう♡ この先も一生ファンでいます！大好きです！」\n\n「やっぱたまが奥さんになったり家庭を持ったりするのはすごく嬉しいし涙が止まらん」\n\n「末長くお幸せに」\n\nなどのお祝いコメントが寄せられています。\nBuzzFeed Japan,['https://newsatcl-pctr.c.yimg.jp/t/amd-img/20241008-10024146-bfj-000-1-view.jpg?pri=l&w=640&h=424&exp=10800'],"['https://news.yahoo.co.jp/articles/f1f9c678d3bbe6758d09c4b23bab0ef7374fbde2/images/000', 'https://www.buzzfeed.com/jp/ayakasuo/tamashirotina-wedding-m?utm_source=yahoojapan&utm_medium=rssfeed&utm_campaign=yjnewsfeed']"
「本物のヒーロー」車に閉じ込められた女性を救助した、気象予報士。称賛の声が多く集まる（アメリカ）（BuzzFeed Japan）,https://news.yahoo.co.jp/articles/50b253c05aeeaf4e80e8a06c96d9bfe5e60a9181,https://newsatcl-pctr.c.yimg.jp/t/amd-img/20241008-10024115-bfj-000-1-view.jpg?exp=10800,2024-10-08T17:10:01+09:00,2024-10-08T17:10:01+09:00,BuzzFeed Japan,bfj,BuzzFeed Japan,1176,\nハリーケン被害に遭ったピーチツリー川\n超大型のハリケーン「ヘレン」が9月26日から27日にかけて、米国南部に上陸。甚大な被害をもたらしました。CNNは、ノースカロライナ州やジョージア州含む6州で、少なくとも227人が死亡したと報じています。そんな中、ある気象予報士の勇敢な行動が注目を集めました。\n【動画】Fox Newsの気象予報士が女性を救出する瞬間\n話題になっているのは、米情報番組『フォックス・ウェザー』で、気象予報士を務めるボブ・バン・ディランさん。\n\nジョージア州のノースアトランタ・ピーチツリー川で、被害状況をリポートしていたボブさんは、女性の叫び声を聞きます。\n\n「女性が冠水した道路で、車を動かせなくなってしまったようです。女性の叫び声が聞こえます」\n\n「さきほど消防署に通報しました。消防隊が来てくれます」\n\nボブさんはリポートを中断し、パニックになる女性に「安心して。今から消防が来てくれるから、大丈夫ですよ」と語りかけました。\n\nしかし、女性は車に閉じ込められた女性は恐怖で叫び続けます。ボブさんは、スタジオに向け「女性を救助しに行く」と告げました。\n\n「これは緊急事態ですね。一度中継を中断します。女性を助けられるか、ちょっと確認してきますね」\nしばらくして再びカメラが切り替わると、そこには車に閉じ込められた女性を救助するボブさんの姿が映っています。\n\n背後には、女性の車が見えますが、今にも水が車の屋根に到達しそうです。間一髪で女性を救助したボブさんの行動に、スタジオからは「ヒーローだ！」という声が寄せられました。\n\n救助の後、当時の心境を聞かれたボブさんは「助けずにはいられなかった」と振り返ります。\n\n「生放送を一時中断することにはなりましたが、女性をほっとくことはできませんでした。助けずにはいられなかったんです」\n\n「水は胸元までありました。車の水かさもどんどん増したため、女性にシートベルトを外すよう伝えました。女性はショック状態でしたが、大丈夫そうでしたよ」\n\n生放送中、迎えにきた女性のパートナーが、ボブさんに感謝の気持ちを伝える場面も。「もちろん。またいつでもやりますよ」とボブさんは返事をしました。\nSNSには、ボブさんに対する称賛の声が多く集まっています。\n\nユーザー①「なんてすてきな男性」\n\nユーザー②「私も同じことができたらいいな。すばらしいです！」\n\nユーザー③「すてきな出来事ですね。本物のヒーロです！」\n\nユーザー④「仕事とはまったく関係ないのに。よくやってくれました」\n\nユーザー⑤「すばらしい。心が温かくなりました」\nこの記事は英語から翻訳・編集しました。翻訳：久保舞菜美\nBuzzFeed Japan,['https://newsatcl-pctr.c.yimg.jp/t/amd-img/20241008-10024115-bfj-000-1-view.jpg?pri=l&w=640&h=426&exp=10800'],"['https://news.yahoo.co.jp/articles/50b253c05aeeaf4e80e8a06c96d9bfe5e60a9181/images/000', 'https://www.buzzfeed.com/jp/bfjapan/fox-weatherman-saves-woman-2?utm_source=yahoojapan&utm_medium=rssfeed&utm_campaign=yjnewsfeed']"
【ユニクロ】今から春までガンガン着回したい！2990円の「ふんわりシャツ」羽織りやレイヤードコーデにも使えて優秀です《着用レビュー》（BuzzFeed Japan）,https://news.yahoo.co.jp/articles/9af42acd7f5e2857eddcb517f183b067fb700fbe,https://newsatcl-pctr.c.yimg.jp/t/amd-img/20241008-10024074-bfj-000-1-view.jpg?exp=10800,2024-10-08T17:05:01+09:00,2024-10-08T17:05:01+09:00,BuzzFeed Japan,bfj,BuzzFeed Japan,1232,\nユニクロから、秋にぴったりな「新作トップス」が登場しました。\nユニクロの看板写真\nユニクロには、毎日の暮らしに欠かせないベーシックな普段着から、流行をおさえたトレンドアイテムまで、手頃な価格で多数並んでいます。\n【動画・画像】ユニクロ「フランネルシャツ」の写真\n今回購入したのは「フランネルシャツ/チェック/ボタンダウン」価格は2990円（以下、すべて税込）です。\nふんわりとした肌触りが心地良い、フランネルシャツです。\n温かみのある生地感で着心地も良いフランネルシャツ。カジュアルコーデと相性がよく、秋冬シーズンの定番アイテムですよね。\n素材はコットン100％、洗濯機で洗えるからお手入れも簡単なんです。\nモノトーンのチェック柄が大人っぽく着られるポイント。\n小さめのチェック柄がレトロな雰囲気です。白黒の落ち着いたカラーリングだから、どんな色のボトムスとも合わせやすいのも魅力。\n首元はボタンダウンタイプ、袖口にはタックを入れることで立体的なデザインに仕上がっています。\n\nボタンは小さめでツヤのあるものが使われていて、上品なルックスです。\nゆったりサイズなので、タックインして着るのもおすすめです。\nメンズカテゴリのアイテムですが、女性がゆるっと着てもかわいいんです。\n\nサイズは男女兼用でXS～4XLまで展開されています。私は身長169cmでLを選びました。\n\n 着丈は長めで、気になる腰回りをさりげなくカバーしてくれます。\n着丈が長く感じる場合はタックインがおすすめ。そこまで厚手の生地ではないので、きれいに収まります。\n羽織として使ったり、レイヤードコーデにも使える優秀アイテム！\n今の季節は朝晩の冷え対策に、さっと羽織るのがおすすめ。\n寒くなったらニットベストやセーターを合わせて、ロングシーズン着回せます。\n\nユニクロのフランネルシャツは、他にもたくさん色柄のバリエーションがあるので、お気に入りを見つけやすいと思います！\nコスパ ★★★★☆\n季節感 ★★★★★\nデザイン ★★★★☆\n「フランネルシャツ/チェック/ボタンダウン」\n価格：2990円\nサイズ ：XS～4XL\nカラー： 31 BEIGE・09 BLACK\n素材：100% 綿\nチェックのシャツなら、無印良品の 「婦人 両面起毛フランネル レギュラーカラー長袖シャツ」もおすすめ。\n秋らしいデザインがかわいい、チェック柄のシャツです。\n\nカラー展開は8色とたくさんあり、今回は深みのある赤色のレンガチェックを選びました。\n\n素材には綿100％が使われていて、なめらかな肌触りが気持ちいいです。\n\n 秋口にもちょうど良い厚さなので、肌寒い日などにサッと羽織れて便利に使えますよ。価格は2990円です。\n\nデザイン ★★★★☆\n着回し ★★★★★\nコスパ ★★★★★\nBuzzFeed Japan,['https://newsatcl-pctr.c.yimg.jp/t/amd-img/20241008-10024074-bfj-000-1-view.jpg?pri=l&w=640&h=424&exp=10800'],"['https://news.yahoo.co.jp/articles/9af42acd7f5e2857eddcb517f183b067fb700fbe/images/000', 'https://www.buzzfeed.com/jp/ayumimori/uniqlo-checkpattern-flannelshirt-photo?utm_source=yahoojapan&utm_medium=rssfeed&utm_campaign=yjnewsfeed']"
【アフタヌーンティー】こんなの待ってた！ワンちゃん柄がかわいい「おさんぽポーチ」ビニール袋がサッと取り出せて便利です《購入レビュー》（BuzzFeed Japan）,https://news.yahoo.co.jp/articles/395ca59161b8acaf0dad9498eb178ead292b9857,https://newsatcl-pctr.c.yimg.jp/t/amd-img/20241008-10024071-bfj-000-1-view.jpg?exp=10800,2024-10-08T16:05:01+09:00,2024-10-08T16:05:01+09:00,BuzzFeed Japan,bfj,BuzzFeed Japan,1219,\nアフタヌーンティーでは、持ち歩きに便利な「優秀ポーチ」を販売中です。\nアフタヌーンティーの看板写真\n日常生活を彩る生活雑貨を豊富に取り揃えているAfternoon Tea（アフタヌーンティー）。\n【動画・画像】アフタヌーンティー「ドッグビニールポーチ」の写真\n今回レビューするのは「ドッグビニールポーチ」です。価格は1980円（以下、すべて税込）。\n犬好きにはたまらないポーチです。\n普通に小物を入れるだけでなく、ビニール袋をセットして簡単に取り出すことができるポーチ。\n\nポリエステル製の水色の生地に、ヨーロッパ出身の様々な種類のワンちゃんがリアルなタッチでデザインされています。\n公式サイトの注意事項によると、1点ごとに柄の出方が違うことがあるとのこと。\n\n私が選んだポーチには、トイ・プードル、ブルドッグ、パピヨン、ビションフリーゼなどが描かれていました。\n\n個性あふれるワンちゃんたちは、見ているだけで癒されます！\nガバッと開くから、取り出しも楽ちん。\nサイズは縦9.7×横6.7×マチ4cmと、とてもコンパクト。ファスナー仕様で、180度開けます。\n\n中身の飛び出しを防ぐので、鍵などの貴重品も安心して入れられますよ。\n内側の中央には仕切りがあり、ビニール袋入れと小物入れの2つのスペースに分かれています。\n\n小物入れのスペースには、実際にリップと目薬が入りました。間口が大きいので、探し物が見つかりやすいのがうれしい。\n愛犬とのお散歩に便利なんです。\nビニール袋入れのスペースには、折り畳んだエチケット袋が5枚入りました。\n\nマジックテープ式のカバーがあるので、袋の飛び出しを防げて便利。\n収納したビニール袋は、外側にある口部分から引っ張り出せるようになっています。\n\n小物スペースにペット用のおやつを入れて、愛犬とのお散歩用に持ち歩くのも良さそうです。\nカバンに付けられるので、持ち運びも簡単。\nフック付きで、バッグのハンドルなどに引っかけられるのもうれしい。\n\nコンパクトなサイズ感なので、旅行にも持っていきたいです！\n\n便利さ ★★★★☆\nデザイン ★★★★★\nコスパ ★★★★☆\n「ドッグビニールポーチ」\n価格：1980円\nカラー：ブルー\nサイズ：縦9.7×横6.7×マチ4cm\n素材：【表地】ポリエステル【裏地】ポリエステル\nかわいいポーチなら、フランフランの「キルティング ツールペンスタンドポーチ ピンク」もおすすめです。\n価格は2900円。デスクに立てて使うことができるポーチです。\n\nメモ帳や付箋、はさみやペンなど、たくさんの文房具が入りました。\n\nペンを仕切りに引っかけて、立てて収納することもできますよ。\n\n便利さ ★★★★★\nデザイン ★★★★★\nコスパ ★★★★☆\nBuzzFeed Japan,['https://newsatcl-pctr.c.yimg.jp/t/amd-img/20241008-10024071-bfj-000-1-view.jpg?pri=l&w=640&h=424&exp=10800'],"['https://news.yahoo.co.jp/articles/395ca59161b8acaf0dad9498eb178ead292b9857/images/000', 'https://www.buzzfeed.com/jp/sakihashimoto/afternoontea-dog-photo?utm_source=yahoojapan&utm_medium=rssfeed&utm_campaign=yjnewsfeed']"
「産まれてきてくれてありがとう」きゃりーぱみゅぱみゅ、第1子出産を報告→「小さいきゃりたんに見える！」「口元が既に可愛いです」ファンから祝福の声集まる（BuzzFeed Japan）,https://news.yahoo.co.jp/articles/47ea42e55862c47a99186ee1a913c698cd92b29c,https://newsatcl-pctr.c.yimg.jp/t/amd-img/20241008-10024169-bfj-000-2-view.jpg?exp=10800,2024-10-08T16:20:02+09:00,2024-10-08T16:23:14+09:00,BuzzFeed Japan,bfj,BuzzFeed Japan,572,\nきゃりーぱみゅぱみゅさん（時事通信）\nタレント・歌手のきゃりーぱみゅぱみゅさんが10月8日、Instagramを更新。第1子を出産したことを報告しました。\n【画像】「口元が既に可愛いです」お子さんのショットを見る\nきゃりーさんは、「Welcome to the new world」「I’ve been looking forward to meeting you!」（新しい世界へようこそ。会えるのをずっと楽しみにしていたよ）\n\nとつづり、第1子出産を報告。\n\nあわせて、お子さんの写真を公開しました。\n\n両手をグーにして眠っているような態勢で写っているお子さん。\n\nきゃりーさんは「産まれてきてくれてありがとう」と最後にコメントを添えて投稿を締めくくりました。\n\nきゃりーさんは、2023年3月に俳優の葉山奨之さんと結婚。4月23日に第1子を妊娠したことをSNSで発表していました。\nきゃりーさんの報告にファンから祝福の声集まる\nファンからは、\n\n「おめでとうございますきゃりーちゃんおつかれさま」\n「口元が既に可愛いです」\n「無事に産まれてうれしい」\n「小さいきゃりたんに見える！」\n「産後のお身体大事にして下さいね‍」\n\nなどのコメントが寄せられました。\nBuzzFeed Japan,['https://newsatcl-pctr.c.yimg.jp/t/amd-img/20241008-10024169-bfj-000-2-view.jpg?pri=l&w=640&h=424&exp=10800'],"['https://news.yahoo.co.jp/articles/47ea42e55862c47a99186ee1a913c698cd92b29c/images/000', 'https://www.buzzfeed.com/jp/mikiurano/kyary-baby-m?utm_source=yahoojapan&utm_medium=rssfeed&utm_campaign=yjnewsfeed']"
【しまむら】1969円の「ふわもこサンダル」が秋冬っぽくてかわいい！履くだけで脚がすらっと長く見えます《購入レビュー》（BuzzFeed Japan）,https://news.yahoo.co.jp/articles/3e24aecbe24d5c07549cd586c96583b552bec1ed,https://newsatcl-pctr.c.yimg.jp/t/amd-img/20241008-10024070-bfj-000-1-view.jpg?exp=10800,2024-10-08T15:30:02+09:00,2024-10-08T15:30:02+09:00,BuzzFeed Japan,bfj,BuzzFeed Japan,1145,\nしまむらでは、季節感を取り入れられる「厚底シューズ」が販売中です。\nしまむらの看板写真\nトレンドをおさえたファッションアイテムがプチプラ価格で揃う「しまむら」。\n【動画・画像】しまむら「アツゾコFFクロッグ」の写真\nたくさんのアイテムの中から今回は「アツゾコFFクロッグ」を購入しました。価格は1969円（以下、すべて税込）。\nファーのフワモコ感がかわいいクロッグシューズです。\nぽってりと丸みのあるフォルムが印象的なクロッグシューズ。\n\nアッパーにふわふわのファーが施されており、温かみのある見た目が秋冬にぴったりマッチします。\nインソールはベロアのような質感で、こちらも季節感たっぷり。ふんわりと足全体を包み込んでくれて、肌あたりもばつぐんです。\n\nカラーは2色展開。私が選んだアイボリーのほか、合わせやすいブラックが揃っています。\n自然なスタイルアップが叶う厚底デザイン。\nソールの厚みは約5cm。存在感たっぷりのボリュームソールが、コーデの主役として目を惹きます。\n\n履くだけで脚をすらっと長く見せてくれるのも嬉しいポイント。\n\n前後差の少ないフラットデザインだから、ヒールが苦手な方にもぴったりですよ。\n見た目がボリューミーな分、歩き心地はやや重め。\n\n近所へのお買い物など、ちょっとしたお出かけから徐々に慣れていくのがおすすめです。\n季節に合わせて、違ったスタイルが楽しめます。\nまだ暑さが残る時期は素足でそのまま。秋本番は靴下と合わせて。\n\nその日の気温やコーデに合わせて、アレンジできるのが楽しいですね。\n足元を主役にしたスタイリングがおすすめ。\n足元にボリュームが出る分、足首はしっかり見せてあげると全体のバランスが整うと思います。\n\nチェック柄のスカートや秋カラーのカーディガンなど、季節感のあるアイテムと合わせると、かわいさがアップしますよ！\nコスパ ★★★★★\nデザイン ★★★★☆\nはき心地 ★★★☆☆\n「アツゾコFFクロッグ」\n価格：1969円\nサイズ：M・L・LL\nカラー：ブラック・アイボリー\n素材：合成皮革・合成底\n品番：150-1700\nデザイン性の高い靴なら、GUの「レースアップシューズ+E」もおすすめです。\n価格は2990円。ツヤ感が美しい、フェイクレザー素材を使ったレースアップシューズです。\n\n靴紐で編み上げたデザインが、クラシカルな雰囲気でとってもオシャレ。\n\n甲部分のフィット感を自分で調節できるのも、レースアップシューズならではの魅力ですよ。\n\nコスパ ★★★★☆\nデザイン ★★★★★\nトレンド ★★★★☆\nBuzzFeed Japan,['https://newsatcl-pctr.c.yimg.jp/t/amd-img/20241008-10024070-bfj-000-1-view.jpg?pri=l&w=640&h=424&exp=10800'],"['https://news.yahoo.co.jp/articles/3e24aecbe24d5c07549cd586c96583b552bec1ed/images/000', 'https://www.buzzfeed.com/jp/shiorisaijo/shimamura-ff-clog-photo?utm_source=yahoojapan&utm_medium=rssfeed&utm_campaign=yjnewsfeed']"
【ニトリ】部屋干しがラクになった！省スペースでたっぷり干せる「万能ハンガー」3選《購入レビュー》（BuzzFeed Japan）,https://news.yahoo.co.jp/articles/4c2fb732c87156ef77a2c98a7a3b8404b768bf41,https://newsatcl-pctr.c.yimg.jp/t/amd-img/20241008-10024073-bfj-000-1-view.jpg?exp=10800,2024-10-08T16:35:01+09:00,2024-10-08T16:35:01+09:00,BuzzFeed Japan,bfj,BuzzFeed Japan,2194,\nニトリでは、室内干しに大活躍の「天才ハンガー」を販売しています。\nニトリの看板写真\nインテリアや日用品、暮らしに役立つ便利グッズなどをお手頃価格で提供しているニトリ。\n【動画・画像】ニトリ「万能ハンガー3選」の写真\nアイデア満載の商品も多数並んでいます。\n今回は、室内干しにも使える「天才ハンガー」を3つご紹介します。\n1.「ワンタッチ取り込みスライドアーム8連ハンガー」\n服をハンガーに掛けて干す作業が少し楽になるアイテムです。価格はもともと1290円（以下、すべて税込）でしたが、1161円に値下げされています。\n\nハンガーが8つ付いた、スタイリッシュなデザイン。アームは折りたたみ式で、使わないときはひとつひとつのハンガーがコンパクトに収納されています。\n\nこの折りたたみ式が使いやすいポイントになっているのです。\n首元を伸ばさずに干せる！\n服の首元から折りたたんだアームを通し、肩部分で開けば簡単に掛けられます。\n\nアームがコンパクトなので、タートルネックなどでも首元から入れられて便利！今まで裾からハンガーを通していたので、とっても楽になりました。\n\nアームを開くとカチャっと固定されて、力を加えても勝手に折りたたまれることはありません。\n\nアームにはフックが付いていて、キャミソールなども掛けられますよ。\n取り込む時も楽ちん！ボタンをつまむだけでOKです。\nそれぞれのハンガーの上部にボタンが付いています。\n\nボタンをつまんで押すと、開いていたアームが一瞬で閉じる仕組み。\n\nワンタッチで服を取り外せるので、あっという間に取り込みが終わります！\n\n使わないときはコンパクトに収納できるので、場所を取らないところもお気に入り。\n\n組み立てなども必要ないので、買ったその日から活躍してくれますよ！\n\n便利さ ★★★★★\n楽ちん ★★★★★\nコスパ ★★★★☆\n2.「洗濯らくらく 多機能 角ハンガー（ホワイト 40ピンチ）」\n価格は2490円。軽量で丈夫、40個のピンチ付きでたくさん干せるハンガーです。\n\n重さは約780gで、40個のピンチすべてに洗濯物をつけても片手で持てました。\n\nフレームは軽くてサビにくいアルミ、ピンチは割れにくいポリカーボネート製。\n\n紫外線や熱に強いので、暑い夏の外干しや、浴室乾燥機の使用も対応可です。\n使い分けできる2種類のピンチ。干しやすい位置に移動もできます。\n強力タイプの白いピンチは、ジーンズなど重いものに。\n\nレギュラーのクリアピンチは跡がつきにくい仕様になっています。\n\nピンチをスライドして間隔を調節できるので、広げて干したい時も便利ですよ。\n引っ張るだけで一気に取り込めるから、家事の時短に。\nピンチをひとつひとつつまんで取らなくても、引っ張るだけで簡単に取り込めます。\n\n外側から包み込んで引っ張るのがコツ。強い力を入れる必要はありません。\n\n一瞬で全部の洗濯物をはずせるので爽快ですよ！\n\n便利さ ★★★★★\nデザイン ★★★★☆\nコスパ ★★★☆☆\n3.「マグネット伸縮洗濯機バスタオルハンガー」\n価格は2990円。洗濯機に取り付けられるハンガーで、お風呂上がりに使ったタオルなどを干せるアイテムです。\n\n両サイドにあるマグネットで、洗濯機の側面に挟み込んで取り付けるだけ！\n\n40～65cmに伸縮するので、洗濯機の幅に合わせられます。\n\n洗濯機に取り付けてみると、マグネットが思いのほか強力でビクともしません。\n\n耐荷重は約3kg。タオルやちょっとした小物なら余裕で置けます。\n洗面所にタオルを干せるのがうれしい！\n洗濯機の幅的にバスタオルの端が少しクシャッとしましたが、問題なく干せています。小さめのタオルなら2枚並べられそう。\n\n3本のスチールがついているので、タオルだけでなく使い終わったバスマットを干しておくのもアリですよ。\nタオル以外にも使えるのがうれしい！\n小さめの洗濯カゴやハンガーを仮置きできます。洗濯が終わってすぐに干す時に便利。\n\nお風呂上がりに使う着替えを置いておくのにもちょうどいい。\n\nサイズが（約）幅68×奥行32×高さ18cmと、幅が広めなのでTシャツやスウェットも余裕で置けますよ。\n\n全体が真っ白でシンプルなデザイン。洗面所に馴染みやすくお気に入りです！\n\n便利さ ★★★★☆\nデザイン ★★★★☆\nコスパ ★★★★☆\n1.「ワンタッチ取り込みスライドアーム8連ハンガー」\n価格：1161円\nサイズ：幅51.5×奥行61×高さ38.5cm\n素材：ポリプロピレン\nカラー：ホワイト\n\n2.「洗濯らくらく 多機能 角ハンガー（ホワイト 40ピンチ）」 \n価格：2490円\nサイズ： 幅36×奥行65×高さ23.6cm\n素材：アルミ／ポリカーボネート／ポリプロピレン\nカラー：ホワイト、グレー\n\n3.「マグネット伸縮洗濯機バスタオルハンガー」\n価格：2990円\nサイズ：（約）幅68×奥行32×高さ18cm\n素材：スチール／ラバーマグネット\nカラー：ホワイト\nBuzzFeed Japan,['https://newsatcl-pctr.c.yimg.jp/t/amd-img/20241008-10024073-bfj-000-1-view.jpg?pri=l&w=640&h=424&exp=10800'],"['https://news.yahoo.co.jp/articles/4c2fb732c87156ef77a2c98a7a3b8404b768bf41/images/000', 'https://www.buzzfeed.com/jp/mayumisasaki/nitori-convenient-goods-laundry-matome-photo?utm_source=yahoojapan&utm_medium=rssfeed&utm_campaign=yjnewsfeed']"
【ダイソー姉妹店】何を乗せてもオシャレ！ごちゃごちゃ小物がスッキリ片付く「高見えトレー」雲みたいな形がカワイイんです《購入レビュー》（BuzzFeed Japan）,https://news.yahoo.co.jp/articles/97ab6959620757ca00d4fc8ffcbe37f884fa07cd,https://newsatcl-pctr.c.yimg.jp/t/amd-img/20241008-10024088-bfj-000-1-view.jpg?exp=10800,2024-10-08T13:00:01+09:00,2024-10-08T13:00:01+09:00,BuzzFeed Japan,bfj,BuzzFeed Japan,1433,\nスリーピーでは、小物置きに便利な「おしゃれプレート」が販売中です。\nスリーピーの看板写真\nかわいらしい雑貨をリーズナブルな価格で取り扱っている、ダイソーの姉妹ブランド「THREEPPY（スリーピー）」。\n【画像・動画】スリーピー「トレイ（モコモコ）」の写真\n今回購入したのは「トレイ（モコモコ）」です。価格は330円（以下、すべて税込）。\n雲のような形がかわいいトレイです。\n雲のようにモコモコとした形が特徴的な小物トレイ。\n\nカラーは私が選んだホワイトの他、ピンク、グリーンの3色展開となっています。\nサイズは実寸で（約）幅24.3×高さ2×奥行14.7cm。両手ほどのサイズ感で少し大きめです。\n\n陶器のため手で持つと重みがあり、330円とは思えない重厚感があります。\nぷっくりとしたフチと、点々が散りばめられた柄がかわいい！\nモコモコと雲のような曲線に加え、フチのぷっくりとした丸みもかわいらしいです。\n\nトレイ全体には、小さい黒の点々が散りばめられていて、韓国風なデザインがとてもおしゃれ！\nアクセサリー置きにすると、まるでお店のディスプレイのようです。\nネックレスやイヤリング、ブレスレットなどを置いてみました。\n\nホワイトカラーのトレイに、シルバーやゴールドのアクセサリーがとても映えます。\n\n存在感たっぷりで、このトレイに置いただけでお店のディスプレイのような雰囲気に。見ているだけでとても気分が上がります！\n鍵などを置くトレイとして、玄関で使うのもおすすめ。\n玄関では、鍵や印鑑などを置いてもおしゃれ！好きな小物を置いて飾るのもアリですよ。\n\n他のインテリアとも相性が良く、玄関がパッと明るくなりました。\nお菓子を置いて、ちょっとしたカフェ気分を味わうのも楽しい！\nこのトレイにお菓子を置くと、いつものおやつタイムもちょっと楽しくなります。\n\nトレイは大きいスペースと小さいスペースがあるので、大きい方にコーヒーカップ、小さい方にチョコなどを置いて、カフェ気分を味わうこともできますよ！\n何に使ってもおしゃれなので、あと3枚ぐらいほしくなりました！\nこのトレイを使うだけで、その場の雰囲気がぐっと変わります。\n\n使い勝手が良く、あと3枚ぐらいほしくなりました！\n\nデザイン ★★★★★\n便利さ ★★★★☆\nコスパ ★★★★★\n「トレイ（モコモコ）」\n価格：330円\nカラー：ホワイト、ピンク、グリーン\nサイズ：《実寸（約）》幅24.3×高さ2×奥行14.7cm\n材質：陶器\nおしゃれな小物置きといえば、ニトリの「モザイクプレート（レクタングル SU）」もおすすめです。\n価格は719円。カラフルな色味が美しい、ガラス製のプレートです。\n\n金箔のようなゴールドの色も入っていて、高級感があります。719円にはとても見えません。\nお気に入りのアクセサリーや、小物を引き立ててくれます。\nアクセサリーや香水などを置いてみると、とても華やかに！\n\n雰囲気もおしゃれで、アンティークショップのディスプレイのようです。\n\n小物置き以外に、ディフューザーの受け皿としての使用もおすすめされていました。 \n\nプレゼントにも喜ばれること間違いなしです！\n\nデザイン ★★★★★\n便利さ ★★★★☆\nコスパ ★★★★★\nBuzzFeed Japan,['https://newsatcl-pctr.c.yimg.jp/t/amd-img/20241008-10024088-bfj-000-1-view.jpg?pri=l&w=640&h=424&exp=10800'],"['https://news.yahoo.co.jp/articles/97ab6959620757ca00d4fc8ffcbe37f884fa07cd/images/000', 'https://www.buzzfeed.com/jp/chiharusakata/daiso-traymokomoko-photo?utm_source=yahoojapan&utm_medium=rssfeed&utm_campaign=yjnewsfeed']"
サイゼリヤの「スイーツの盛り合わせ」が贅沢感すごい！プリン×ティラミスが乗ってて、お口の中が幸せです《実食レビュー》（BuzzFeed Japan）,https://news.yahoo.co.jp/articles/53bdbd0cf89d89b08230d39805738a1a86b8b19d,https://newsatcl-pctr.c.yimg.jp/t/amd-img/20241008-10024092-bfj-000-1-view.jpg?exp=10800,2024-10-08T14:35:01+09:00,2024-10-08T14:35:01+09:00,BuzzFeed Japan,bfj,BuzzFeed Japan,1461,\nサイゼでは、絶品デザートの「盛合せ」が販売中です！\nサイゼリヤの看板写真\nお手ごろな価格で、さまざまなイタリア料理が楽しめるファミリーレストラン「サイゼリヤ」。\n【画像・動画】サイゼリヤ「プリンとティラミス クラシコの盛合せ」の写真\n今回は、サイゼリヤの人気デザートがお得に楽しめる「盛合せ」をご紹介します。\n\n商品名は「プリンとティラミス クラシコの盛合せ」価格は500円（以下、すべて税込）です。\nサイゼのデザートメニューの中でも、特に人気の2品が1度に楽しめます！\nSNSでは「なんでこんなにおいしいの。あと2皿は余裕でいける」「久しぶりに食べて、こんなにおいしかったかよって感動した」「お口の中がもう、パラダイス！」「おいしすぎて5皿くらい食いたい」といった感想がたくさん投稿されています。\n\nサイゼのデザートが大好きな筆者。この日はどちらも食べたい気分だったので、この盛合せを注文しました。\nティラミスとプリンが一緒に乗っていて、贅沢感がすごい！\n2種類のデザートがドーンと一皿にまとまっていて、なんとも贅沢な気持ちになります。\n\nメニュー表によると、どちらもイタリアから直輸入されているもののようです。\n\nまた、ティラミスもプリンも単品での販売がされていますが、それぞれ単品で注文するよりも、この盛合せは50円ほどお得に食べられますよ。\nプリンは固めの食感でおいしい！\nスプーンですくってみると、手ごたえだけでも固めのプリンなのが良くわかります。この固めの食感がなんだかクセになる。\nひと口食べると、たまごの味わいと濃厚な甘さが口いっぱいに広がります。\n\n特に驚いたのがカラメルソース。甘さだけでなく香ばしさも感じられてとってもおいしいですよ！\nティラミスはビターで大人な味わい。\nふわふわのマスカルポーネクリームと、コーヒーがたっぷり染みこんだスポンジは相性ばつぐん！\n\nマスカルポーネクリームの甘さと、コーヒーとココアパウダーのほろ苦さのバランスがとても良いです。\n\nアルコールのほんのりとした香りが、ほろ苦さと共に口に広がりとっても上品な味わいですよ。\n一皿に幸せがぎゅっと詰まったデザートでした！\nどちらも絶品で、何皿でも食べれそうというSNSの声もとても理解できます。\n\n他のデザートメニューに比べてボリューム感もあるので、スイーツをたっぷり食べたい！という時にもピッタリですよ。\n\n味 ★★★★★\n贅沢さ ★★★★☆\nコスパ ★★★★☆\nリピート ★★★★★\n商品名：プリンとティラミス クラシコの盛合せ\n価格：500円\n豪華なデザートと言えば、ガストの「プリンアラモード」もおすすめですよ！\n価格は470円です。お皿の中央にはやや小ぶりなプリンが1つ。\n\nその周りには「バナナ」「マンゴー」「キウイ」「ミックスベリー」とフルーツがたっぷりと乗っています。\n\nさらに「くるみ入りチョコブラウニー」が2切れと「ホイップクリーム」が乗っていて豪華！\nプリンはとろ～っとしていておいしい。\n実際食べてみると、口の中でとろりと広がっておいしい！「飲めそう！」と思ってしまうほどにとろけます。\n\n濃厚なカスタードの風味と甘みがたまりません。1日頑張った自分へのご褒美にピッタリですよ！ \n\n味 ★★★★☆\n贅沢さ ★★★★☆\nコスパ ★★★★☆\nリピート ★★★★☆\nBuzzFeed Japan,['https://newsatcl-pctr.c.yimg.jp/t/amd-img/20241008-10024092-bfj-000-1-view.jpg?pri=l&w=640&h=424&exp=10800'],"['https://news.yahoo.co.jp/articles/53bdbd0cf89d89b08230d39805738a1a86b8b19d/images/000', 'https://www.buzzfeed.com/jp/mihotakagi/saizeriya-pudding-tiramisu-photo?utm_source=yahoojapan&utm_medium=rssfeed&utm_campaign=yjnewsfeed']"
藤原紀香「大好きな先輩」と2ショット「The・女優というお二人」「これは豪華」ともに兵庫県出身（BuzzFeed Japan）,https://news.yahoo.co.jp/articles/f766220ac0f2d266acae0fb510df5f3c67dc8a80,https://newsatcl-pctr.c.yimg.jp/t/amd-img/20241008-10024130-bfj-000-1-view.jpg?exp=10800,2024-10-08T12:25:01+09:00,2024-10-08T12:25:01+09:00,BuzzFeed Japan,bfj,BuzzFeed Japan,737,\n藤原紀香さん（時事通信）\n俳優の藤原紀香さんが10月7日、Instagramを更新。俳優の浅野ゆう子さんとのツーショットを公開しました。\n【画像】藤原紀香&浅野ゆう子、『The・女優』な豪華２ショットを見る！\nJA全農グループのYouTubeチャンネル「ゆるふわちゃんねる」にて、『紀香とゆる飲み～日本の美味しいお届けします♪』に出演している藤原紀香さん。ゲストとともにお酒や食材を味わいながら語るトーク番組で、隔週日曜日の18時に配信しています。\n\n10月6日公開の第7回目のゲストを「同じ兵庫県出身の大好きな先輩 浅野ゆう子さんです❣️」と紹介した藤原さん。\n\n「今回はお酒ではなく、丹波黒豆の美味しい～お茶会です⭐︎」\n\n「素で話をしてます。楽しかった～」\n\nと、楽しそうに撮影を振り返りました。\n\n投稿にはお茶を手に持つ藤原さんと浅野さんの2ショットが写っており、和やかな撮影時の様子が伝わってきますね！\nYouTube内では2人のお茶会の様子がもっと詳しく！\n藤原さんは\n\n「私は、ゆう子さんを知ったのは大学生とか高校生の頃で、皆さん言われてると思うんですけど、やっぱり『抱きしめたい！』。めっちゃ観てました」\n\n「だから、ゆう子さんになりたくって、この世界に入ったと言っても過言ではない」\n\nと、浅野さんへの憧れなどについて語っています。\n投稿を見たファンの反応は？\nファンからは\n\n「これは豪華ですね」\n\n「素晴らし過ぎる組み合わせです」\n\n「お二人の共演最高で～す🩵🩷🩵」\n\n「まさに『The・女優』というお二人ですね✨✨」\n\nなどの声が寄せられています。\nBuzzFeed Japan,['https://newsatcl-pctr.c.yimg.jp/t/amd-img/20241008-10024130-bfj-000-1-view.jpg?pri=l&w=426&h=640&exp=10800'],"['https://news.yahoo.co.jp/articles/f766220ac0f2d266acae0fb510df5f3c67dc8a80/images/000', 'https://www.buzzfeed.com/jp/manashoji/norika-yuu-m?utm_source=yahoojapan&utm_medium=rssfeed&utm_campaign=yjnewsfeed']"
【無印良品】もっと早く買えばよかった！オシャレで使いやすい「優秀キッチングッズ」3選《購入レビュー》（BuzzFeed Japan）,https://news.yahoo.co.jp/articles/8e21774ff63288eb78749068bd9137e1e48d3242,https://newsatcl-pctr.c.yimg.jp/t/amd-img/20241008-10024091-bfj-000-1-view.jpg?exp=10800,2024-10-08T13:35:01+09:00,2024-10-08T13:35:01+09:00,BuzzFeed Japan,bfj,BuzzFeed Japan,1821,\n無印良品では、毎日使いたい「キッチングッズ」が販売中です。\n無印良品の看板写真\nシンプルで使いやすいデザインの衣料品や生活雑貨を多数取り扱っている無印良品。 暮らしに役立つ便利グッズも充実しています。\n【画像・動画】無印良品「優秀キッチングッズ3選」の写真\nその中から今回は、使い勝手がいい「キッチングッズ」を3つご紹介します。\n\nどれもステンレス製なので、サビに強いのが特徴！使い勝手もいいので、家事のプチストレス解消になりそうです。\n1.「ステンレスボール・M」\n価格は590円（以下、すべて税込）。凹凸が少ない、ツルッとしたデザインのステンレスボールです。\n\n素材はサビに強いステンレス銅。ツヤ消ししてあるステンレスの質感がとてもオシャレ！\n\n重厚感がある見た目ですが、手に持ってみると軽くて使いやすいです。\n内側には目盛り付き。安定感もバッチリ！\nボールの内側には目盛りがついています。目盛りは400～1200mlまで、100ml単位で量れるようになっていて便利。 \n\n底面は広くて安定感バツグン！公式サイトによると「泡立て器などとあわせて使いやすく、重ねて収納もしやすいよう、深さや角度を工夫」してあるそうです。\n使いやすくて料理が捗る！優秀キッチングッズです。\nシンプルなデザインなので、調理後にそのまま食卓に並べてもオシャレ。\n\nサラダボールや冷麺やなどの冷たい料理を盛り付けるのもおすすめですよ。\n\n公式サイトのレビューでも「全サイズ買いました」「ビジュアルの良さがピカイチ」「使わない日はないです」など、絶賛する声が上がっていました。\n\nデザイン ★★★★★\n使いやすさ ★★★★☆\nコスパ ★★★★★\n2.「ステンレス つまめるミニトング」\n価格は490円。全体がステンレスでできた、シンプルなトングです。\n\nトングの先端は（約）1mmの薄さで、狭い隙間にも差し込みやすくなっています。\n細かいものや薄いものも、サッとつまめる！\nパック詰めされたお肉を1枚ずつキレイにはがせました。油分があるものでもすべりにくく、とても使いやすいです。\n\nお肉以外では、菜箸では取りづらい塩昆布や、ティーバッグのような薄いものも問題なくつまめました。\n調理台に置いても、先端がつかないようになっています。\n作業台に置いても、先端が浮いてつかないような形です。\n\n調理中に手を放したいときも、わざわざ小皿を用意する必要がなくて便利！つなぎ目がなくて洗いやすいのもポイントです。\n\n公式サイトの商品レビューも好評！「力がそのままトングに伝わる」「なんでもっと早く買わなかったのか」「このサイズ最高に使いやすい」といった声が投稿されていました。\n\n便利さ ★★★★★\nデザイン ★★★★★\nコスパ ★★★★☆\n3.「ステンレス ロングドリンクスプーン」\n価格は290円。持ち手が長く作られたスプーンです。\n\n全体の長さは（約）20cm。公式によると、持ち手の長さやカーブの角度など、持ちやすさと使いやすさにこだわって作られたようです。\n深さのある容器でも、中身をすくいやすい。\n持ち手が長いので、普通のスプーンでは届きにくい深さのある容器でも簡単に使うことができます。\n\nスプーンの先は小さめなので、小回りが利くのもおすすめポイント！\n使い道がたくさんあって便利。\n小回りがきくので、マドラーとしても使えます。\n\nひと口にちょうどいい量をすくえるので、カレーを食べるときにも便利。子どもの口にもちょうどいい大きさです。\n\nいろいろな使い方ができるので、1本あると便利ですよ！\n\n公式サイトの商品レビューでも、「高評価に納得」「使いやすい、このひと言 に尽きる」「ぜひ買い足したいです」など絶賛されていましたよ。\n\n便利さ ★★★★★\nデザイン ★★★★★\nコスパ ★★★★☆\n1.「ステンレスボール・M」\n価格：590円\nサイズ：（約）直径19×高さ8cm\n\n2.「ステンレス つまめるミニトング」 \n価格：490円\nサイズ：幅5×奥行14.48×高さ2.7cm\n\n3.「ステンレス ロングドリンクスプーン」\n価格：290円\nサイズ：（約）幅3×長さ20cm\nBuzzFeed Japan,['https://newsatcl-pctr.c.yimg.jp/t/amd-img/20241008-10024091-bfj-000-1-view.jpg?pri=l&w=640&h=424&exp=10800'],"['https://news.yahoo.co.jp/articles/8e21774ff63288eb78749068bd9137e1e48d3242/images/000', 'https://www.buzzfeed.com/jp/reisato/muji-matome-zakka-photo?utm_source=yahoojapan&utm_medium=rssfeed&utm_campaign=yjnewsfeed']"
【GU】秋っぽカラーがおしゃれ！荷物が多い日も安心な「大容量バッグ」3選。ペットボトルもすっぽり入ります《購入レビュー》（BuzzFeed Japan）,https://news.yahoo.co.jp/articles/8bcc63f3668d004773e00e7fdd5047312a6581de,https://newsatcl-pctr.c.yimg.jp/t/amd-img/20241008-10024012-bfj-000-1-view.jpg?exp=10800,2024-10-08T12:30:02+09:00,2024-10-08T12:30:02+09:00,BuzzFeed Japan,bfj,BuzzFeed Japan,2198,\nGUでは、おしゃれな「大容量バッグ」を販売中です。\nGUの看板写真\nトレンドからベーシックまで幅広いファッションアイテムが、プチプラ価格で多数並んでいる「GU」。\n【画像・動画】GU「大容量バッグ3選」の写真\n今回は、ペットボトルも入る「大容量バック」を3つご紹介します。\n\nこれからの季節に大活躍しそうなアイテムばかりですよ。\n1.「ヴィンテージエフェクトクロスボディバッグQ」\n価格は2990円（以下、すべて税込）。使いやすい定番の形で、ヘビロテ間違いなしのショルダーバッグです。\n\nある程度の荷物を入れられる、小さすぎず、大きすぎずの“ちょうどいい”サイズ感が魅力。\n\nヴィンテージエフェクトが施されたカラーリングがとてもおしゃれで、コーデに取り入れると、秋っぽい雰囲気をプラスできます。\n\n表面はケアがしやすい合成皮革で、汚れにくいですよ。\nポケット豊富で整理しやすいバッグです。\n入り口が大きく、荷物の出し入れが楽ちん！ポケットが3つ付いており、小物類の収納にもってこいです。\n\n財布や化粧ポーチなど、必要最低限の持ち物が難なく入れられました。ペットボトルや折り畳み傘まで入りますよ！\n\n便利なのが、サイドのポケット。\n\nわたしはスマホを入れています。すぐにスッと取り出せるので、かなり便利です。\nいつものコーデに秋らしさをプラスできます。\nいつものシンプルコーデに合わせるだけで、どことなく秋っぽさをプラスできるのが嬉しい！\n\nヴィンテージ加工がこなれ感を演出してくれるので、簡単におしゃれ度を引き上げられます。秋はもちろん、冬コーデにも大活躍してくれそうです。\n\nコスパ ★★★★★\nデザイン ★★★★★\n収納力 ★★★★☆\n2.「ファーリートートバッグ」\n価格は2290円。ぬいぐるみのような、ふわもこ素材が使われたトートバッグです。\n\nついつい触りたくなるような、ふんわりとしたファーリー素材！毛足が長くボリューミーな見た目がとてもかわいいです。\n\n形はシンプルなトートバッグなので、普段のコーデに取り入れやすいと思います。\n大きめのサイズなので、ノートPCやペットボトルも余裕で入ります。\n高さ33×幅40×マチ6cmほどで、しっかり収納力があるのも魅力。\n\nスマホや財布、ペットボトルなどもざくざく入れられて使い勝手が良いです。\n\n雑誌やPCのような大きな物も入るので、荷物が多い日にも活躍してくれます。\n\n内ポケットも1箇所。リップクリームや鍵などの小物を入れるのにちょうど良さそうでした。\nさっと肩がけするだけで、秋らしいスタイリングが楽しめます。\n洋服でふわふわ素材を着るのはまだ早い今の季節も、バッグなら秋らしいアイテムを取り入れやすいですよね。\n\n腕を通したり、肩がけしたりいろんな持ち方ができるから、コーディネートのアクセントとしても優秀です。\n\n私が選んだブラウンの他にブラックとナチュラルも販売されているので、ぜひチェックしてみてくださいね！\n\nコスパ ★★★★☆\nデザイン ★★★★★\n収納力 ★★★★★\n3.「ソフトナイロンラウンドショルダーバッグ」\n価格は1990円。流行りのラウンド型ショルダーバッグです。中綿が薄く入っていて、ふっくらとしたフォルムがかわいい！\n\nデザインはシンプルで、性別やファッションの系統に関係なく使えるのが魅力です。\n\n表地にはソフトナイロンが使われています。さらっとした手ざわりで、シャリ感のあるナチュラルな表面感がポイント。\n大容量で、通勤・通学にもおすすめです。\nサイズは高さ28×幅40×マチ17cmほどで、しっかり大きめ。\n\nメインスペースが広く、小物を入れられる内ポケットが2箇所あります。\n\n13インチのノートPCや、A4ファイル、化粧ポーチもすっぽり入りました。\n\nしっかり厚みのある生地なので、重たいものを入れても安心感があります。\nシンプルなデザインなので、さまざまな系統の服装に合わせやすい！\nセーターやロンTといったカジュアルなコーデに合うのはもちろん、スカートなどキュートなコーデとの相性もバッチリ。\n\nお出かけのたびに、このバッグを使いそうです！\n\nコスパ ★★★★★\nデザイン ★★★★☆\n収納力 ★★★★★\n1.「ヴィンテージエフェクトクロスボディバッグQ」\n価格：2990円\nサイズ：縦26×横49×マチ13cm\nカラー：09 BLACK、38 DARK BROWN\n素材：（表地）合成皮革（裏地）ポリエステル\n\n2.「ファーリートートバッグ」\n価格：2290円\nサイズ：縦33×横40×マチ6cm\nカラー：09 BLACK・36 BROWN・30 NATURAL\n素材：（表地）ポリエステル（裏地）ポリエステル\n\n3.「ソフトナイロンラウンドショルダーバッグ」\n価格：1990円\nカラー：01 OFF WHITE、03 GRAY、09 BLACK、65 BLUE、75 PURPLE\nサイズ：高さ28×幅40×マチ17cm\n素材：（表地）ナイロン（裏地）ポリエステル\nBuzzFeed Japan,['https://newsatcl-pctr.c.yimg.jp/t/amd-img/20241008-10024012-bfj-000-1-view.jpg?pri=l&w=640&h=424&exp=10800'],"['https://news.yahoo.co.jp/articles/8bcc63f3668d004773e00e7fdd5047312a6581de/images/000', 'https://www.buzzfeed.com/jp/mayumisasaki/gu-large-capacity-bag-matome-photo?utm_source=yahoojapan&utm_medium=rssfeed&utm_campaign=yjnewsfeed']"
森七菜「何年振りの…」イメチェン姿に驚きの声「めっちゃ短くなってる」「ショートにしたんだね」（BuzzFeed Japan）,https://news.yahoo.co.jp/articles/8f0ad77eba75b1fe39e2d37760ec386b85401426,https://newsatcl-pctr.c.yimg.jp/t/amd-img/20241008-10024119-bfj-000-1-view.jpg?exp=10800,2024-10-08T07:25:01+09:00,2024-10-08T07:25:01+09:00,BuzzFeed Japan,bfj,BuzzFeed Japan,484,\n森七菜さん（時事通信）\n俳優の森七菜さんが10月5日にInstagramを更新。髪をカットし、イメチェンした姿を披露しました。\n【画像】森七菜のイメチェン姿を見る「めっちゃ短くなってる」「ショートにしたんだね」\n森さんは「何年振りのボブ‍」と添え、それぞれ少しポーズを変えた2枚の写真を投稿。\n爽やかなボブヘアに！\n写真には駅の案内板の前にたたずむ、青のTシャツにデニムのズボンを履いたボブヘア姿の森さんが写っています。\n\n最近ではロングヘアの印象が強かった森さんですが、顎のライン辺りで切り揃えられたボブヘアで爽やかな印象に大変身。\n\nさらに、2枚目の写真には髪を触るような仕草をする森さんの姿が。服装も相まって、なんだかボーイッシュな雰囲気です……！\nファンから大反響\nこの投稿には、\n\n「ボブかわいい お人形さんですね」\n\n「昔の七菜ちゃん思い出すよ かわいい」\n\n「めっちゃ短くなってるー！ かわいい！」\n\n「ショートにしたんだね」\n\nなどとファンから大きな反響が寄せられています。\nBuzzFeed Japan,['https://newsatcl-pctr.c.yimg.jp/t/amd-img/20241008-10024119-bfj-000-1-view.jpg?pri=l&w=426&h=640&exp=10800'],"['https://news.yahoo.co.jp/articles/8f0ad77eba75b1fe39e2d37760ec386b85401426/images/000', 'https://www.buzzfeed.com/jp/shionkataoka/morinana-haircut-m?utm_source=yahoojapan&utm_medium=rssfeed&utm_campaign=yjnewsfeed']"
【セブン】味もコスパも大満足！町中華みたいな「やみつき麻婆丼」食べる手が止まらなくなります《実食レビュー》（BuzzFeed Japan）,https://news.yahoo.co.jp/articles/d64b604b6b61e6845e655c881f7615a05726d38b,https://newsatcl-pctr.c.yimg.jp/t/amd-img/20241008-10024009-bfj-000-1-view.jpg?exp=10800,2024-10-08T11:35:01+09:00,2024-10-08T11:35:01+09:00,BuzzFeed Japan,bfj,BuzzFeed Japan,1581,\nセブン-イレブンでは、ピリッと辛い味わいがやみつきになる「絶品丼」が販売中です。\nセブンイレブンの看板写真\nオリジナルの食品から便利な日用品まで、幅広い商品を取り揃えているセブン‐イレブン。\n【画像・動画】セブンイレブン「麻婆丼」の写真\nチルド弁当や冷凍食品なども、コンビニとは思えないクオリティが魅力です。\n今回購入したのは「麻婆丼」価格は348円（以下、すべて税込）。\n\nカロリーは1食あたり587kcal。セブン-イレブンの「うれしい値！」というシリーズの商品です。\nレンジで温めてすぐに食べられる、麻婆豆腐丼です。\n調理方法はかんたん。ビニールがついたままレンジ（500W）で約3分温めます。加熱後、上の容器に入っている具材を下のご飯にかけて完成です。\n\n具材をご飯にかけるときは、容器から飛び散らないように注意してくださいね。\n麻婆豆腐のいい香りが食欲をそそります！\n大きいサイズの豆腐がゴロゴロ入っていて、テンションが上がります。\n\nパッケージの表記によると、具材は豆腐のほかに豚肉、ネギなどが入っています。\n\n麻婆ソースのいい香りに食欲をそそられて、味への期待感が高まる！\n麻婆ソースのコク深い旨味と、ガツンとくる辛味のバランスが絶妙！\nソースを口に入れると、濃いめの味付けにスパイスの効いた辛味がガツンと口いっぱいに広がります。\n\n公式サイトによると、醤（ジャン）の旨辛味と鶏・豚ガラスープの旨味を感じられるのだそうです。\n\n辛さの中にも旨みが溶け込んでいるので、やみつきになる味わい。\n\n豆腐にもしっかり味がついていて、なめらかな食感がたまりません！\nご飯との相性ばつぐんです。食べ進める手が止まらない！\nご飯はもちもちしていて食べ応えばっちり！麻婆豆腐のピリ辛感と、ご飯のほどよい甘味がよく合うんです。\n\nひと口ごとにやみつきになるおいしさ。どんどん食べ進めてしまいます！\nSNSでも高評価が見受けられます！\nSNSには「安すぎやろ」「ピリッと辛くて四川風」「おいしくてリピしてる」などのコメントが寄せられていました。\n\n300円台でピリッと四川風の味を楽しめるのは、辛いもの好きには嬉しいですね！\n味も価格も文句なし！麻婆豆腐好きにはたまらないフードですよ。\nガツンと四川風の麻婆ソースに、ゴロゴロ大きくてしっかり味がついた豆腐がおいしい！\n\nもっちりしたご飯にかけて食べると絶品ですよ。コスパもばつぐんで大満足！\n\n味 ★★★★★\nピリッと感 ★★★★☆\nコスパ ★★★★★\nリピート ★★★★☆\n「麻婆丼」\n価格：348円\nエネルギー：1食あたり587kcal\nおいしいコンビニの中華料理なら、ファミマの「ふっくら卵の極うまチャーシュー炒飯」もおすすめです！\n価格は338円。手軽に食べられる、冷凍のチャーシューチャーハンです。\n\n温め方は2通り。電子レンジかフライパンで加熱することができます。\n\n電子レンジの場合は、袋の端の切り取り線に沿ってハサミでカット。そのままお皿に乗せて温めます。\nチャーシューは、大きさも味も存在感バツグン。\nパッケージにも「ゴロっと焼豚」と書かれている通り、中には大きめのチャーシューがゴロゴロ入っています。\n\nかたすぎずしっとりした食感で、歯を入れると、まるで角煮のようにほろっと繊維がほどけていくのがわかります。お肉の風味や旨みもしっかり感じられました。\n\n冷凍庫にストックしておけば、中華屋さんで食べるようなクオリティが、いつでも自宅で手軽に味わえますよ。\n\n味 ★★★★★\nボリューム★★★★☆\nコスパ ★★★★☆\nリピート ★★★★☆\nBuzzFeed Japan,['https://newsatcl-pctr.c.yimg.jp/t/amd-img/20241008-10024009-bfj-000-1-view.jpg?pri=l&w=640&h=424&exp=10800'],"['https://news.yahoo.co.jp/articles/d64b604b6b61e6845e655c881f7615a05726d38b/images/000', 'https://www.buzzfeed.com/jp/masatakasato/seveneleven-mapodon-photo?utm_source=yahoojapan&utm_medium=rssfeed&utm_campaign=yjnewsfeed']"
栗原恵「こんな女性になりたい」憧れの“レジェンド”アスリートとの2ショット公開「なんて豪華な」「素敵な交流ですね」（BuzzFeed Japan）,https://news.yahoo.co.jp/articles/2121d041044ff4685e3792e8b099bb3e061153fe,https://newsatcl-pctr.c.yimg.jp/t/amd-img/20241008-10024100-bfj-000-1-view.jpg?exp=10800,2024-10-08T07:55:01+09:00,2024-10-08T07:55:01+09:00,BuzzFeed Japan,bfj,BuzzFeed Japan,886,\n栗原恵さん（時事通信）\n元バレーボール女子日本代表の栗原恵さんが10月6日、Instagramを更新。元サッカー女子日本代表の澤穂希さんとの2ショットを公開しました。\n【画像】栗原恵＆憧れのアスリートの豪華2ショットを見る！「レジェンドが2人」\n栗原さんは\n\n「澤さんと2人でご飯に行ける日が来るなんて…！！」\n\nとつづり、3枚の写真を投稿。澤さんと食事をした際の様子を公開しました。\n\n投稿された写真には、2人でカメラに笑顔を向ける栗原さんと澤さんの姿や、料理などが写っています。楽しそうな様子が伝わってきますね♡\n\n栗原さんはこの日について、\n\n「色んな話もたくさんできて、お祝いまで」\n\n「ただただ幸せな時間でした❤️」\n\nと、喜びを語りました。\nまた、投稿には続けて\n\n「改めて『人格者』という言葉がピッタリでこんな人、女性になりたいと憧れがより強くなりました✨」\n\n「写真を見返すだけで幸せな気持ちが蘇ります‍」\n\nと、ハッシュタグ「愛されてる人には理由がある」を添えて澤さんへの憧れをつづっています。\n澤さんもInstagramを更新\n澤さんも自身のInstagramで栗原さんとの2ショットを2枚投稿。9月18日にモデル兼フォトグラファーのKoukiさんとの結婚と妊娠を発表した栗原さんに対して、以下のように祝福を送りました。\n\n「プリンセスめぐちゃん❤️」\n\n「めぐちゃん…ご結婚おめでとう㊗️」\n\n「本当にキラキラ幸せオーラが出てたよ✨」\n\n「色んな話ができてすごく楽しかった」\n\n「たくさんの笑顔があふれる温かい家庭を築いて行ってね‼️」\n\n「本当におめでとう㊗️」\n投稿を見たファンの反応は？\nファンからは\n\n「なんて豪華な❤️❤️❤️」\n\n「レジェンドが2人」\n\n「ふたりとも大好きなアスリート✨」\n\n「素敵な交流ですね❤️」\n\n「幸せな時間が伝わってくる、素敵な1枚ですね」\n\nなどの声が寄せられています。\nBuzzFeed Japan,['https://newsatcl-pctr.c.yimg.jp/t/amd-img/20241008-10024100-bfj-000-1-view.jpg?pri=l&w=452&h=640&exp=10800'],"['https://news.yahoo.co.jp/articles/2121d041044ff4685e3792e8b099bb3e061153fe/images/000', 'https://www.buzzfeed.com/jp/manashoji/kurihara-sawa-m?utm_source=yahoojapan&utm_medium=rssfeed&utm_campaign=yjnewsfeed']"
【カルディ】あっという間にひと瓶なくなった！いちごがゴロゴロ入った「絶品クリーム」食パンがケーキみたいになるんです《実食レビュー》（BuzzFeed Japan）,https://news.yahoo.co.jp/articles/2f3a62fcc71727569778ffc54a0745f777dc116a,https://newsatcl-pctr.c.yimg.jp/t/amd-img/20241008-10024007-bfj-000-1-view.jpg?exp=10800,2024-10-08T10:35:02+09:00,2024-10-08T10:35:02+09:00,BuzzFeed Japan,bfj,BuzzFeed Japan,1612,\nカルディでは、ケーキのようなおいしさの「いちごクリーム」を販売しています。\nカルディの看板写真\n上質なコーヒーや、世界中から集めた珍しい食材、こだわりのある商品を種類豊富に展開しているKALDI（カルディ）。\n【画像・動画】カルディで買った「ザクザクいちごミルフィーユ」の写真\n今回購入したのは「ザクザクいちごミルフィーユ」。価格は594円（以下、すべて税込）です。\nミルフィーユ味のクリームです。\n公式サイトによると「苺のミルフィーユをイメージしたスプレッド」なのだとか。\n\n内容量は110g。瓶にはミルフィーユの断面のようなデザインがプリントされていてかわいいです。\nいちごがゴロゴロ入っています。\nフタをあけると、いちごケーキのような甘い香りがふわっと広がりました。クリームの中には具材がたくさん入っていておいしそう！\nお皿に出してみると、大きめに砕かれたいちごがたっぷり混ぜ込んでありました。いちごはフリーズドライのように、少し固めの質感。\n\n原材料を見ると、コーンフレーク、ビスケット、アーモンドなども入っているようです。\nいちごが甘酸っぱくておいしい！\nクリーム自体は、まろやかな甘さでおいしい！そこにいちごの甘酸っぱさ、コーンフレークの香ばしさが合わさって、まさにミルフィーユ風に仕上がっています。\n食感は、想像以上のザクザク感に驚きました。特にコーンフレークの食感が強く、ザクッガリッとした歯ざわりで食べ応えがあります。\nトーストがスイーツのようになります。\nトーストに塗ってみると、サクサクもっちりしたトーストの食感に、ザクザク感が加わって新鮮！\n\nこんがり焼いたトーストの香ばしさと、クリームの甘さがマッチしてスイーツ感覚で食べられます。\n\n具材がゴロゴロで少し塗りにくいので、トーストの熱で温めながら伸ばすと塗りやすくなりますよ。\nアイスがお店の味わいに。\nバニラアイスに乗せると、バニラの甘い香りといちごの甘酸っぱさが相性バツグンでおいしい！\n\n口の中でバニラ、いちご、コーンフレークと味が次々に変わっていくのも面白いです。\n\nまるでアイス屋さんで売っているような特別感があるおいしさが、自宅で手軽に楽しめますよ。\nSNSで「至高すぎました」と絶賛されています。\nSNSに「バニラアイスに添えたら至高すぎました」「いちごの存在感が絶妙でおいしい！」「めちゃザクザク～」といった声が投稿されていました。\n\nいちごの味だけが主張することなく、本物のミルフィーユを食べたような味のバランスは感動ものです。\n朝から食べたい！贅沢なおいしさです。\nこのクリームを塗ったトーストを朝食にしたら、朝からテンションがあがりそう！\n\nいつものトーストやアイスが豪華になりますよ。\n\n味 ★★★★★\nいちご感 ★★★★☆\nコスパ ★★★☆☆\nリピート ★★★★☆\n「ザクザクいちごミルフィーユ」\n価格：594円\nカロリー：100gあたり550kcal\nいちごといえば、無印良品の「大袋 いちごのジャムパイ」もおすすめ！\n価格は399円。国産いちごジャムをパイ生地にのせて焼き上げた、ひとくちサイズのパイです。\n\n内容量は147g。筆者が購入したものには、パイが19個入っていました。\nパイはサクサク、ジャムはしっとり！\nパイは、こんがりと焼き上げられていて、サクッとした歯触り。小麦の香ばしい味わいが、口の中にふわっと広がります。\n\nいちごジャムは、ねっとりとしていて濃厚です！甘酸っぱくて、とってもジューシー。\n\n甘さの中に絶妙なバランスで酸味がきいていて、クセになるおいしさです。\n\n味 ★★★★☆\nいちご感 ★★★★☆\nコスパ ★★★★★\nリピート ★★★★★\nBuzzFeed Japan,['https://newsatcl-pctr.c.yimg.jp/t/amd-img/20241008-10024007-bfj-000-1-view.jpg?pri=l&w=640&h=424&exp=10800'],"['https://news.yahoo.co.jp/articles/2f3a62fcc71727569778ffc54a0745f777dc116a/images/000', 'https://www.buzzfeed.com/jp/momokookada/kaldi-strawberry-millefeuille-photo?utm_source=yahoojapan&utm_medium=rssfeed&utm_campaign=yjnewsfeed']"
ニトリで見つけた「切り株みたいなプレート」が置くだけでかわいい！まな板やインテリアにも使えて万能です《購入レビュー》（BuzzFeed Japan）,https://news.yahoo.co.jp/articles/58e0b9a29309b405d399d952643f1d27d1d61cc2,https://newsatcl-pctr.c.yimg.jp/t/amd-img/20241008-10024080-bfj-000-2-view.jpg?exp=10800,2024-10-08T06:35:02+09:00,2024-10-08T06:37:08+09:00,BuzzFeed Japan,bfj,BuzzFeed Japan,1583,\nニトリでは、食卓を彩ってくれる「キッチン雑貨」が販売中です。\nニトリの看板写真\n雑貨やインテリア、生活を便利にするグッズなど様々な商品を取り扱っているニトリ。\n【画像・動画】ニトリで買える「カッティングボード Round（M）」の写真\n今回レビューするのは「カッティングボード Round（M）」です。価格は719円（以下、すべて税込）。\nまるで切り株みたいなデザインに一目惚れ！\n丸太を輪切りにした、まあるい木目のカッティングボードです。\n\n公式サイトによると、ドライマホガニーという天然木から作られているそう。\n\n少しゆがんだ形がリアルでかわいい！\nサイズは（約）幅19×奥行19×高さ2cm。今回はMサイズを購入しましたが、SとLもありました。\nずっしりとした重みを感じます。\n重さは（約）430g。片手で持つとちょっと重いと感じますが、コンパクトなので持ちやすいし、安定感があります。\n表の上部には「Tree stump chopping board」のロゴ入り。\n\n形や木目の模様は一つ一つ異なるため、気になる方は店舗で直接確認がオススメです。\nちょっとしたものを切るのにとても便利！\nコンパクトでサッと取り出せるから、フルーツや野菜、パンなど、ちょっとしたものを切りたいときに重宝します。\nそのままお皿として使えば、食卓が一気にカフェっぽくなりますよ。\n\n鍋敷きとしても使えるし、キッチンに一つあると便利！\nおつまみを適当にのせるだけでサマになります。\nチーズやサラミなどのワインのおつまみをのせてみたら、レストランのようなオシャレさに！\n\nまるで森の中で一杯飲んでいるかのような優雅なひとときを過ごせます。\nインテリアとして使えば、ナチュラルでかわいい空間に。\n小物や観葉植物をのせるのにもぴったり。多肉植物を並べて置いてみたら、見ているだけでほっこりして癒やされました。\nアクセサリーやスマホなどの一時置き場にしてもオシャレです。\n洗った後は、すぐに布巾などで水を拭き取るのがオススメ。\n木のまな板のため、濡らしたまま放置しておくと、黒ずみなどの原因となります。\n\n洗ったらすぐに水分を拭き取って、早めに乾かしたほうがいいかもしれません。\n\n使う前も濡らして拭いてから食材をのせたほうが、汚れが染みにくいと思います。\nSNSでは、チルドピザ用の台や薪割り台にぴったり！という声も。\nSNSでのレビューには、「果物切る時にテンション上がります」「チルドピザにぴったりで可愛い！このままカット出来るから便利ー！」といった感想のほかに、「薪割り台にピッタリやんけ！」といった強者も。\n\nさまざまなシーンで大活躍してくれそうです。\n\n便利さ ★★★★\nデザイン ★★★★★\nコスパ ★★★★★\nカッティングボード Round（M）\n価格：719円\nサイズ：（約）幅19×奥行19×高さ2cm\n素材：ドライマホガニー\n重量：（約）430g\nオシャレなまな板なら、IKEAの「SKOGSTA スコグスタ まな板」もおすすめですよ。\n価格は1299円。素材は、重厚さを感じさせるアカシア無垢材が使われています。\n\n色味の違う木材をパズルのように組み合わせた模様がオシャレ。シンプルながら、スタイリッシュに見えます。\nサービングボードとしても使えて便利！\n見た目がおしゃれなので、切ったフルーツをお皿に移し替えず、そのままテーブルまで持って行けます。洗い物も減らせて一石二鳥。\n\nパンケーキを並べると、カフェのメニューのような雰囲気が出ますよ。\n\n使いやすさ ★★★★☆\nデザイン ★★★★★\nコスパ ★★★★☆\nBuzzFeed Japan,['https://newsatcl-pctr.c.yimg.jp/t/amd-img/20241008-10024080-bfj-000-2-view.jpg?pri=l&w=640&h=424&exp=10800'],"['https://news.yahoo.co.jp/articles/58e0b9a29309b405d399d952643f1d27d1d61cc2/images/000', 'https://www.buzzfeed.com/jp/bfjapan/nitori-cutting-board-photo-1?utm_source=yahoojapan&utm_medium=rssfeed&utm_campaign=yjnewsfeed']"
