headline,mainEntityOfPage,image,datePublished,dateModified,author,media_en,media_jp,str_count,body,images,external_links
秋の夜長に「スピルバーグ一挙放送」　実在の人物がモデルの感動作『ターミナル』や『未知との遭遇』ほか5作（WEBザテレビジョン）,https://news.yahoo.co.jp/articles/15486f84954cadb4ad65359e018fa9db7e4f6876,https://newsatcl-pctr.c.yimg.jp/t/amd-img/20241008-01221484-the_tv-000-1-view.jpg?exp=10800,2024-10-08T19:00:00+09:00,2024-10-08T19:00:13+09:00,WEBザテレビジョン,the_tv,WEBザテレビジョン,1697,\n「ターミナル」より\n言わずと知れた世界で最も有名な映画監督の一人、スティーヴン・スピルバーグ監督。日本最大級の映画専門チャンネル「ムービープラス」では、10月11日(金)～12日(土)に「世界の巨匠 スティーヴン・スピルバーグ監督特集」と題し、スピルバーグ監督が手掛けた作品を放送。本記事では、特集で放送される5作品を紹介する。\n■「世界の巨匠 スティーヴン・スピルバーグ監督特集」\n【写真】人類が初めて異星生命体と接触する…「未知との遭遇[ファイナル・カット版／4K]」より)\n■第50回アカデミー賞® 撮影賞/特別業績賞受賞！ SFの金字塔『未知との遭遇［ファイナル・カット版／4K］』(10月11日(金)18:30～ほか)\n\n【4Kをマスターとした2Kダウンコンバート放送】スピルバーグが監督・脚本を務め、世界的ヒットを記録したSFドラマ。人類が初めて異星生命体と接触する姿を描く。\n\nメキシコの砂漠で、ラコーム率いる調査団が第二次大戦時の戦闘機を発見。それは消失当時と同じ真新しい姿だった。一方、米インディアナ州では町一帯の停電を調査中の電気技師ロイ(リチャード・ドレイファス)が、怪しい光を発見。その光の行き先が、ワイオミング州にある山“デビルズ・タワー”だと判明する。\n\n\n■パスポートを紛失し空港内で何年も生活した実在の人物がモデル『ターミナル』(10月11日(金)21:00～ほか)\n\nスティーヴン・スピルバーグ監督＆トム・ハンクス主演、キャサリン・ゼタ=ジョーンズ共演で贈る感動ヒューマン・ドラマ。祖国が消滅し、NYの空港に足止めされた東欧人の奮闘を描く。\n\nニューヨークJFK国際空港に降り立った東欧のクラコウジア人、ビクター・ナボルスキー。だが彼の祖国はクーデターによって事実上消滅。パスポートも無効になり、帰国も米国に入国することも禁止されてしまう。行き場を失ったビクターは、空港、ターミナルで生活を始めるが…。\n\n\n■4大監督による秀作ぞろいの贅沢なオムニバス映画『トワイライトゾーン／超次元の体験』(10月11日(金)23:20～)\n\nTV番組「トワイライトゾーン」の映画版。スピルバーグ×ジョン・ランディスが製作にあたり、ジョー・ダンテとジョージ・ミラーを加えた4人の監督によるオムニバス映画。\n\n第1話：ジョン・ランディスが描く、人種差別主義者を襲う恐怖の世界。第2話：スピルバーグによる、老人ホームの人々に、子供の頃の夢と希望を運ぶ男の話。第3話：ジョー・ダンテによる、超能力少年をめぐる女教師の恐怖体験。第4話：ジョージ・ミラーは飛行機恐怖症の男の悪夢を描く。\n\n\n■伊武雅刀、ガッツ石松、片岡孝太郎らも出演、戦争超大作『太陽の帝国(1987年)』(10月12日(土)15:00～)\n\nスティーヴン・スピルバーグが描く戦争スペクタクル巨編。第二次世界大戦下の中国で、日本軍の収容所へ送られた英国人少年の成長を描く。\n\n1941年。上海に暮らすジム(クリスチャン・ベイル)は日本軍の“零戦”に憧れる無邪気な英国人少年。だが日本軍が上海に侵攻。混乱に巻き込まれ両親とはぐれたジムを救ったのは、米国人のベイシー(ジョン・マルコヴィッチ)だった。日本軍に捕われた2人は収容所へと送られ、そこでの過酷な生活は精神的にも肉体的にもジムを成長させていく。\n\n\n■構想から20年…スピルバーグが贈る愛と感動のSF超大作『Ａ．Ｉ．』 (10月12日(土)18:15～ほか)\n\nスティーヴン・スピルバーグ製作・監督×ハーレイ・ジョエル・オスメント主演。愛をインプットされた少年ロボットの心の旅を描くSFドラマ。\n\n“愛”という感情をインプットされた試作品の少年型ロボット、デイヴィッド。彼はある夫婦に引き取られるが、不治の病におかされた実の息子が奇跡的に目覚めるとあっさり捨てられてしまう。それでも愛を求めるデイヴィッドは、ジゴロ・ロボットのジョー(ジュード・ロウ)と共に人間になる方法を捜す旅に出る。,['https://newsatcl-pctr.c.yimg.jp/t/amd-img/20241008-01221484-the_tv-000-1-view.jpg?pri=l&w=640&h=423&exp=10800'],"['https://news.yahoo.co.jp/articles/15486f84954cadb4ad65359e018fa9db7e4f6876/images/000', 'https://thetv.jp/news/detail/1221484/13606884/']"
玉城ティナ、夕焼けをバックに結婚報告「誰よりも1番幸せでいてね」など祝福の声続々（WEBザテレビジョン）,https://news.yahoo.co.jp/articles/5ad9bf28dcdb29db63ec1ba14f86eedcfd99e7eb,https://newsatcl-pctr.c.yimg.jp/t/amd-img/20241008-01221658-the_tv-000-3-view.jpg?exp=10800,2024-10-08T19:10:33+09:00,2024-10-08T19:22:49+09:00,WEBザテレビジョン,the_tv,WEBザテレビジョン,351,\n玉城ティナが自身のInstagramを更新\n俳優でモデルの玉城ティナが27歳の誕生日となる10月8日、自身のInstagramで結婚したことを報告した。\n【写真】玉城ティナ、鮮やかなピンクの“ミニ丈ドレス”ショット\n■玉城ティナ、SNSにて結婚を報告\n\nこの日、玉城は「このたび私事ではありますが、結婚いたしましたことをご報告させていただきます。」などとつづり、2枚の写真を投稿。\n\n夕陽に照らされながら、すらっとした二の腕があらわになった南国風のワンピースに身を包んだ姿を公開し、結婚を報告した。\n\nこの投稿を見たファンからは、「めでたいめでたい」「誰よりも1番幸せでいてね」「自分のことのように嬉しい」「幸せになってね」「心の底からおめでとう」などのコメントが寄せられている。,['https://newsatcl-pctr.c.yimg.jp/t/amd-img/20241008-01221658-the_tv-000-3-view.jpg?pri=l&w=536&h=640&exp=10800'],"['https://news.yahoo.co.jp/articles/5ad9bf28dcdb29db63ec1ba14f86eedcfd99e7eb/images/000', 'https://thetv.jp/news/detail/1221658/13610133/']"
桐谷健太＆影山拓也が役作りや撮影エピソード語る「本番直前まで桐谷さんが笑わせてくれる」＜Qrosの女＞（WEBザテレビジョン）,https://news.yahoo.co.jp/articles/b9948e130fa0ede1ef547f28d994d922864ed54d,https://newsatcl-pctr.c.yimg.jp/t/amd-img/20241008-01220890-the_tv-000-2-view.jpg?exp=10800,2024-10-08T19:00:07+09:00,2024-10-08T19:52:50+09:00,WEBザテレビジョン,the_tv,WEBザテレビジョン,5511,\n「Qrosの女 スクープという名の狂気」の記者会見に出席した桐谷健太、影山拓也、岡部たかし、哀川翔\n放送中の桐谷健太主演のドラマプレミア23「Qrosの女 スクープという名の狂気」(毎週月曜夜11:06ー11:55、テレ東系)の記者会見が10月3日に都内で行われ、桐谷の他、共演の影山拓也(IMP.)、岡部たかし、哀川翔が出席した。\n【写真】役柄について楽しそうに話す桐谷健太、影山拓也\n■芸能界の闇を炙り出すゴシップエンターテインメント\n\n同ドラマは、誉田哲也の長編同名小説が原作。話題のCM美女「Qros(キュロス)の女」の正体を巡って、芸能界の闇があぶり出されていくゴシップエンターテインメント。「世の中が求めるネタを提供しているだけだ」と言いながらあらゆる芸能人の“真実”を暴き、部数を上げていく週刊誌記者が、ある謎の女性「Qrosの女」との出会いをきっかけに、思いもよらぬ事件に巻き込まれていく姿を描く。\n\n桐谷は、同ドラマでテレ東の連ドラ初出演にして初主演を務め、「週刊キンダイ」所属のスクープを連発する敏腕記者・栗山孝治を演じる。また、桐谷演じる栗山とタッグを組む若手記者・矢口慶太役で影山が、栗山と矢口が所属する「週刊キンダイ」の編集長・林田彰吾役で岡部が、栗山との因縁がある謎のブラックジャーナリスト・園田芳美役で哀川が出演する。\n\n■桐谷健太「テレ東さん、初主演ありがとう！という気持ちでした」\n\n出演が決まった時の気持ちを、桐谷は「テレ東さん、初主演ありがとう！という気持ちでした。嬉しいです」と笑顔を見せ、影山は「僕は連続ドラマに出演させていただくのが初めてで。映像作品に出演するっていうのは、夢の一つでもあったのでとても嬉しいですし、エンディングテーマに僕たちのグループ・IMP.の新曲「ミチシルベ」を使っていただくことも本当に嬉しく思います」と感謝の思いを口に。\n\n一方、岡部は「僕は共演が初めての人ばっかりだったんです！桐谷さんも、影山くんも、哀川さんも、編集部のみんなも。なので、出演者一覧を見た時、緊張の方が大きかったです。でも、行ったら、初日から全然、緊張することもなく、雰囲気が出来上がってました」と語り、哀川は「普段は真逆の立場にいるので、自分がこの役をいただいた時は、追いかけるほうというのに魅力を感じました。そこに対しては、どういうふうにやっていくんだろうということより、自分が体験できるっていうことに対して、興味を持ちました、面白そうだなって」と気持ちを明かした。\n\n■影山拓也「栗山とのシーンが多いので、バディ感がより出たらいいな」\n\n司会からの「役作りで意識していることは何ですか？」という質問に対し、桐谷は「これは僕が想像してる部分なんですが、僕演じる栗山は、子供の頃からそういうすごい腕はあったんじゃないかなと思っていまして。学校の先生のことをすっぱ抜いて、学校新聞で廊下に貼って、先生には怒られるけど同級生からはヒーローみたいで。たぶん、記者になりたての頃もすごいイケイケだっただろうし、自分の記事で世の中が変わる感じだったり、電車で誰かが自分の記事のことを話してることにすごい高揚したりとか、そういうのが色々あったと思うんです。でも、ある事件を境にトラウマを抱えて、葛藤しながらも記者を続けるという役なんですけど、トラウマをなぜ抱えたのかだったり、抱えてもなぜまだ記者という仕事を続けているのかっていうことを、すごく大切に演じたいなって思ってやってます」と明かした。\n\nそして、影山は「役で意識していることは、桐山さん演じる栗山とのシーンが多いので、バディ感といいますか、監督さんにも言っていただいた凸凹コンビじゃないですけど、そういうのがより出たらいいなっていう思いがあります。あと、視聴者さんが矢口を通して、一緒に週刊誌の仕組みだったりを楽しんでいただければなっていうのを感じてます」とコメント。\n\nそんな影山のコメントを聞いた桐谷は「初日からけっこういろいろ話せたよね！お芝居については、最初に、こうやったらもっと二人のバディ感が面白くなりそうだねっていう話はしましたが、あとは、ワイワイキャッキャッしてます！もちろん本番はしっかりやっていますよ！」と笑顔で話し、影山は「僕は初めてというのもあって、とても緊張しちゃってましたが、本番直前まで桐谷さんが笑わせてくれるのでリラックスしてできています。助けてもらってます！」と桐谷との良いコンビ感を見せた。\n\n■岡部たかし「多面的な人物になればと思って演じています」\n\n一方、岡部は「僕は編集長なので、矢口に対して上から目線で悪態ついて、口を汚くして罵る役なんです。本当にハラスメント講習とかやった方がいいんじゃないかっていう人物なんですが…(笑)。でも、栗山の過去を知っているだけあって、どこか温かい眼差しだったり、栗山に対しては怖さだけでなく、温かさもあるので、一面だけで“ヤバい奴”だっていうだけじゃなく、ユーモアとかお茶目さも含めて、多面的な人物になればいいなと思って演じさせていただいています」と語った。\n\nそして、哀川は「役に関しては、人に入り込むうまさの中に、人を晒すってことに対する冷酷さが醸し出されれば、すごく成立していくんじゃないかなと思ってやってます」と思いを口に。\n\n■影山拓也「桐谷さんにお蕎麦屋さんに連れてってもらいご馳走になりました！」\n\n撮影の中で印象的なエピソードについて、桐谷は「今日のブーツとは別で、もう一個黒いブーツを履いているんですが」とブーツを見せながら話を始めると、「そのブーツの紐が普通の紐で、履くのに本当に時間がかかって...。両足で5～6分かかるので、毎回、ほどいてってしてるのをずっと待ってもらってて。でも、それをスタイリストさんがゴム紐に変えてくれたら、スッと入るようになりました！だから、ブーツをスニーカーみたいに履けたらなって思ってる人はゴム紐に変えてみてください！全然違います！」と熱く呼びかけ、続けて、「もう一つは、目薬が必需品ですって言う拓也が、現場に3回ぐらい目薬を忘れていました。でも、すでに帰っている途中なはずなのに、ちゃんと取りに来るので、偉いなって思ってます」とエピソードを披露。\n\n一方、影山は「僕、それぞれ皆さんとのエピソードがあります！まず、桐谷さん。3話の撮影の時、少しお昼休憩がありまして、その時、近くのお蕎麦屋さんに連れてってもらい、ご馳走になりました！」と笑顔を。\n\nすると、桐谷は「なんか、ありがとう(笑)！拓也は“僕、めっちゃ食べるんですよ～”って言って、頼んだのがそばの小だったので、びっくりして(笑)。その後、一品料理を頼むために小にしてたらしいんですが、なんかいろいろ食べました(笑)」と振り返った。\n\n■影山拓也が岡部たかし、哀川翔とのエピソードを披露\n\n続けて、影山は「次に、岡部さん！岡部さんには、「週刊キンダイ」の“キンダイ”だけを単発で言う時、僕がイントネーションを間違えてけっこうNGテイクを出してしまっていたので、撮影の合間に、イントネーションを教えていただいてます」と告白。\n\nそんな影山の話を聞いて、「え、でも岡部さん、ご出身どこでしたっけ？」と桐谷が岡部に尋ねると、岡部が「和歌山です」と返答。そして、「どこだっけ？」と桐谷に聞かれた影山が「僕、東京です！」と元気よく答えると、桐谷が「なんで聞くん？(笑)。普通、逆だよね？そこがびっくりですよね...」とツッコミ、会場からは笑いが起きた。\n\nさらに、影山は「哀川さんは、二度目ましての時、休憩時間の控室が一緒で。哀川さんが先にお弁当を食べられていて、先輩が食べられてるのに僕が取るのは違うかな～とか迷っていたら、哀川さんの方から“お弁当食べた？”って声をかけて下さって。“食べな”って言ってもらえたのがすごく嬉しかったです」と語った。\n\n■岡部たかし「次から次へと着替えて、撮影しているのでそれが割と大変です」\n\n撮影中に大変だったことについて、岡部は「編集部のシーンは、1日に1話分をまとめて撮影していて、あんまり休憩がなく…。次から次へと着替えて、撮影しているのでそれが割と大変ですね。それは変わったやり方で、スケージュールがタイトですね」と吐露。\n\nそして、桐谷は「8月から撮影していたので、暑さがすごい中でのニットと革ジャンでの撮影は大変でした。今はだいぶ過ごしやすくなってよかったなって思っています」と語り、哀川は「一般の方が真夏の格好をしているから、季節感が変わらないように、外での撮影時、制作の人が映らないように止めてるのが大変そうでした」と語った。\n\n■桐谷健太ら四人が自身につけるキャッチコピーを考える\n\n記者から「ドラマタイトル「Qrosの女」にちなみ「〇〇の男」など、自分にキャッチコピーをつけるなら？」との質問が。\n\n四人とも悩む様子を見せるも、哀川は「俺らがセピアでデビューした時は、“デビュー前からスーパースター”っていうキャッチコピーついてたよ！」と明かし、影山は「僕は、よくメンバーが言ってくる言葉なんですが、“熱血おばかリーダー”です！こちらでお願いします」とコメント。\n\n一方、岡部は「実際に、唯一もらった賞状があって。小学校5年生の時に、一人一人に賞状を渡す熱い先生から“ひょうきん大賞”っていうのをもらいました」と語り、桐谷は「僕は、高校の同級生に“桐谷といると元気になるしいいことがある！パワースポットや！だから、桐谷はパワーマンや！”と言ってもらったことがあり、一時期、“パワーマン”って呼ばれてました。僕が自分で言ってるわけじゃないですからね！」と呼びかけた。\n\n■桐谷健太「14，15年くらい前に家の前で張り込みをされていて」\n\n実際に記者役を演じてみて、記者に対する見方の変化を問われた桐谷は「僕は14，15年くらい前に家の前で張り込みをされていて。不思議なところに車が止まっているぞ？と思いながら家に入ろうとしたら、後部座席が光って。あれはカメラのレンズと呼ばれてるものじゃないか？と思って」と過去のエピソードを披露。\n\n続けて、「その車まで歩いて行って、ノックしたんですが、最初は空けてもらえなかったんです。でも、もう一回ノックしたら、開けてくれたので、“すいません、今日、なんもないですよ！時間あれなんで、今日は帰ってください。でも、これからもよろしくお願いします！いつも取材とかしていただいてありがとうございます”って伝え、その記者の方とカメラマンさんとすごい固い握手をしたんです。僕はそのイメージがあります」と桐谷はコメントを。\n\n一方、岡部は「週刊誌の好きなお店を紹介するコーナーで、僕が良く行く焼き鳥屋さんに記者の方と一緒に行ったことがあります。その人が、“いつもはスクープを撮る記者の仕事をしていて、今回はたまたまそういうコーナーの仕事をしています”って話をされていて。昔の話をしたりするだけの取材だったんです。で、取材が終わって、メイクさんとかとみんなで飲んでいる時、いろいろな話をしてくれて優しくて友好的で。でも、僕が“もう一杯焼酎飲みます”って言った瞬間、目がグッとなって。“もちろんです！どうぞ、どうぞ”って言ってくれましたが、あの目がやっぱ怖いんだなって思いました」と振り返りながらイメージを語った。\n\n■哀川翔「スクープで良い写真を撮るのって大変なんだなって思いました」\n\nまた、「ご自身でスクープしてみたいことは？」と記者から尋ねられた哀川は「撮影中、実際に追いかけて、スマホで写真を撮るシーンもあるんですが、いい写真がなかなか撮れないんだなって感じました。写真がブレブレで。実際に放送ではその写真は使われないと思いますが、実際にスクープで良い写真を撮るのって大変なんだなって思いました」とコメント。\n\n一方、影山は「桐谷さんが朝、現場に入られて、メイクの時にいつも聞いてる音楽がなにか僕は気になります！」と桐谷へ取材を。そんな影山の取材へ桐谷は「今度教えてあげるね、今は教えません」と笑顔を見せた。\n\nそして、最後に、視聴者へメッセージを桐谷は「このドラマは、実際に元週刊誌記者の方に取材をさせていただき、そのアイディアもたくさん盛り込まれていますので、視聴者の方からしたら、そんなふうにスクープするんだとか、そうやって狙うんだ、とか驚きも垣間見えます。また、このドラマを見られる表舞台の方や、業界の方は、対策をしながら楽しめるドラマになってます。今は情報社会、SNS社会で群集心理が浮き彫りになっていますけど、このドラマは、群集心理を利用する人、蝕まれる人などいろんな人物が出てきます。栗山も最初はそういうことをしていたんですが、「Qrosの女」に出会うことによって、真実を暴くことが果たして正義なのか？真実だからってそれを世に出すことがいいことなのか？っていう葛藤を抱いてきます。このドラマを皆さんと見ることで、それぞれ何を見つめて生きていくかっていうことを考える、そして、楽しめる作品になっていけばいいなと思って、全力で撮影しています。ぜひ、楽しみにしていてください！」と呼びかけ、会見を締めくくった。,['https://newsatcl-pctr.c.yimg.jp/t/amd-img/20241008-01220890-the_tv-000-2-view.jpg?pri=l&w=640&h=426&exp=10800'],"['https://news.yahoo.co.jp/articles/b9948e130fa0ede1ef547f28d994d922864ed54d/images/000', 'https://thetv.jp/news/detail/1220890/13600116/']"
＜チ。＞「ゾッとする」しかし「美しい」「ワクワクする」…初回放送であふれた視聴者感動の声（WEBザテレビジョン）,https://news.yahoo.co.jp/articles/55a2c9fd5683baae5caf37e016eb1e92ef0b164b,https://newsatcl-pctr.c.yimg.jp/t/amd-img/20241008-01221152-the_tv-000-1-view.jpg?exp=10800,2024-10-08T18:46:11+09:00,2024-10-08T18:46:11+09:00,WEBザテレビジョン,the_tv,WEBザテレビジョン,2171,\nアニメ「チ。－地球の運動について―」の第1話、第2話が放送された\nアニメ「チ。－地球の運動について―」(毎週土曜深夜11:45-0:10 ※初回は1話＆2話連続放送、NHK総合／Netflix・ABEMAで配信)が10月5日より放送を開始した。本作は魚豊による同名漫画を原作としたアニメ作品。地動説の可能性を信じ、証明することに自らの信念と命を懸けた者たちの物語が描かれていく。重厚なストーリーとあまりにもあっけなく命が刈り取られる胸痛いシーンの連続に、視聴者からは「泣いた」「感情が揺れまくる」という反響の声が相次いだ。(以降、ネタバレが含まれます)\n【写真】美しすぎると話題になった夜空に輝く星空の光景\n■神が作った真理に背く異端の研究――地動説\n\n初回は第1話「『地動説』、とでも呼ぼうか」と、第2話「今から、地球を動かす」を連続放送。開始早々、静寂感のある作画、生爪を剥がす異端審問官の拷問シーンというゾッとした展開によって、本作が内包する重いドラマ性が示される。\n\n本作はフィクションではあるが、時代背景は実際の史実を下敷きにしたものだ。15世紀(西暦1401年～)のこの時代、ヨーロッパでは聖書の教えこそが絶対の真理とされ、その教えに背く行為や理(ことわり)をくつがえすような研究をする者は異端者とされ、見つかれば重罪が待っていた。\n\n主人公ラファウ(CV.坂本真綾)が学ぶ天文学も、危うい学問の１つである。現代でこそ地球は自転しながら太陽の周りを公転しているということが科学的に証明されているが、15世紀ではそうではない。神が作った宇宙の中心にあるのが、人が住む地球。空の星々や太陽は、地球を中心にして動いているという天動説が教会の唱える唯一の真理だった。\n\nラファウの天文見識も天動説に沿うものであったが、ある日、父の知人であるフベルト(CV.速水奨)という男性と出会ってから、教会が説く真理に揺らぎを覚えはじめる。改心したとウソをついて、解放を得た異端者のフベルト。彼の研究も天文学であったが、唱える説は天動説を否定する異端の学説。地球は自転と公転をしながら太陽の周りを回っていると語り、フベルトはこれを「地動説」と呼んだ。\n\n■「ゾッとする」しかし「美しい」「ワクワクする」…初回放送であふれた視聴者の声\n\n現代に生きる我々にはすでに知り得ている事実ではあるが、当時の常識と、それを異として真理に近づいていく様子を見るのは探究心にも似た興味深さを感じ得ない。異世界ジャンルが全盛な折、ある程度の前情報を持っていても新鮮な期待で視聴に向かえた本作だったが、第1話だけでも非常に引き込まれる作品であることが理解できた。しかし、第2話でその感情は別の方向へと動いた。\n\n異端審問官の内偵によって、神の教えに背く地動説に踏み込んだことが露見したラファウだったが、フベルトが身代わりになることで処罰は免れる。代わりに2度目の摘発となったフベルトは処刑された。この作品は、人の死が残酷な形で淡々と描かれる。この第2話までの演出なのか、これ以降もなのかは原作を読破していない筆者には知る由はないが、印象としてそう感じさせるものがある。\n\n第1話で住民が見物する中での火刑のシーンがあったように、時代的に異端者の処刑が身近なものとして行われていた背景はある。それにしてもアニメ的な作劇補正が介入せず、史実の教科書を淡々と見せていくような描き方に悪寒を覚えた視聴者は少なからずいたのではないだろうか。事実、放送後のSNSには次のような感想も多く見受けられた。\n\n「第1話、第2話をどうにかリアルタイム視聴してもう泣いてました もしかして毎回泣く？」\n「本当の異端審問官……ファンタジーアニメでの異端審問官とは違ってリアルにゾッとするほど恐ろしい」\n「面白い！面白いけど初っ端からキツイ、キツすぎる、精神が病む」\n「異端者は人ではないのだろうな 火炙りにされる人を見る住民たちの傍観ぶりが怖い」\n\n一方でそれ以上に多かったのが、このような感想だ。\n\n「原作未読ですが地動説の証明という題材で興味をそそられました。異端弾圧などで痛々しいシーンはあるものの探求に命をかける様にワクワクしています」\n「知的好奇心と真実への探究心から行動する人間の情熱をここまで描けるのかと衝撃を受けた。歴史の授業で数行で終わってたことを掘り下げ、当時の宗教の在り方と興味を持って知る事の楽しさを登場人物の生き方で表現している。地球上の美しさとは何かを知る事ができる作品」\n「歴史に名を残すことのない人間たちの命の輝きを描く物語」\n「紡がれる信念。人の知的好奇心は誰にも止められない。怖さはあれど“美しい”とさえ言えるドラマでした」\n\n神学が頂点にあった時代。教会が説く定説を覆す真理の追究、学問は命懸けの戦いであったはず。そこに生きた先人たちの信念、名もなき偉人たちの姿を見ることが、きっと本作を見ていく意味なのだろう。フベルトが遺した意思を継いだラファウの行く末、科学の発展していない時代で彼らはどのようにして地動説を証明したのか。第3話以降も興味が尽きない作品である。\n\n◆文＝鈴木康道,['https://newsatcl-pctr.c.yimg.jp/t/amd-img/20241008-01221152-the_tv-000-1-view.jpg?pri=l&w=640&h=360&exp=10800'],"['https://news.yahoo.co.jp/articles/55a2c9fd5683baae5caf37e016eb1e92ef0b164b/images/000', 'https://thetv.jp/news/detail/1221152/13600094/']"
NMB48安部若菜、「ステージ上であるまじき顔をしたときがこの曲のゴール」／30thシングル「がんばらぬわい」リレーインタビュー（WEBザテレビジョン）,https://news.yahoo.co.jp/articles/2be4f90c4a5c7b34314af34243b01f8f4f64e864,https://newsatcl-pctr.c.yimg.jp/t/amd-img/20241008-01220987-the_tv-000-1-view.jpg?exp=10800,2024-10-08T19:00:00+09:00,2024-10-08T19:00:08+09:00,WEBザテレビジョン,the_tv,WEBザテレビジョン,1943,"\nNMB48 30thシングル「がんばらぬわい」選抜メンバーの安部若菜\nNMB48の30枚目のシングル「がんばらぬわい」がグループ結成15年目に突入する日と同じ10月9日(水)に発売される。15年目で30枚目のシングルとメモリアルな本作は小嶋花梨がセンターを務め、ユニークなテーマの脱力ダンスがポイントとなっている。WEBザテレビジョンではNMB4848シングル選抜メンバーのスペシャルリレーインタビューを実施し、シングルへの思いをはじめ、各メンバーの推しメンなど、いろいろな話題を語ってもらった。第4回は、文芸作家としても著作を発表している才女・安部若菜のインタビューをお届け。\n【動画】通天閣の上で踊る姿に圧巻…「がんばらぬわい」MV\n安部若菜（あべわかな）\n誕生日：2001/07/18\n出身地：大阪府\n特技：料理、円盤投げ\n趣味：読書、落語\n\n■「…が、がんばら、ぬ、わい…？よく分からないけど、NMBらしい曲だ！」\n\n――30thシングル選抜メンバーに選出された時の心境は？\n\nアイドルの活動をしていて、新しい曲に出会える時が1番ワクワクするので、30枚目！と銘打った記念のシングルに選んでいただき、これまで以上に気合いが入りました。\n\n\n\n――表題曲を最初聞いた感想は？\n\n…が、がんばら、ぬ、わい…？よく分からないけど、久しぶりに面白い雰囲気の明るい曲だ！NMBらしい曲だ！と感じました。\n\n――どのように楽曲の世界観を表現しようと思いますか\n\n歌詞はがんばらぬわい(＝がんばらない)なので、全力で脱力して、ステージ上であるまじきボケーっとした顔をしたいです。そこに至った時がこの曲のゴールだと思っています。\n\n――カップリングを聞いた感想は？\n\n「さらば純情」は、NMB48の曲は純情と付く曲が多いので、また純情を捨てるのか…？と思ったのですが、よく聞いてみると少し違うニュアンスの楽曲で、今回のカップリングで1番好きです。\n\n――レコーディング、MV撮影など、30thシングルにまつわる印象的なエピソードをご紹介ください。\n\n通天閣の上でダンスシーンを撮影したのですが、高いところに立って気が大きくなってしまい、足元で街を歩く見知らぬ人に手を振ったりしていました。大阪に住んでいるのに行ったことがない観光スポットにも行けて、改めて大阪の魅力を発見できました！\n\n■アイドルと作家の両立！2冊目の小説「私の居場所はここじゃない」を発売予定！\n\n――好きなことやアピールポイントを教えてください\n\n読書、落語、映画、アニメとインドアな方面で好きなことが沢山あります。ありあまる好奇心で、ファンの方にワクワクしてもらえるように日々過ごしております！\n\n――ファンや観客の人たちにどんなところを注目してほしいですか\n\n今のNMB48の中でも大人っぽい雰囲気があると自負しているのですが、そんなメンバーも""NMB48らしい""、""大阪らしい""おもしろソングを全力で歌っているところにギャップを見出してもらえたら嬉しいです！\n\n――ご自身の今後の活動の夢や目標など\n\n12/6に小説『私の居場所はここじゃない』を発売するので、その本を沢山の方に読んでもらうのが今の目標です。こちらのテレビジョンで連載もさせて頂いていますので、そちらも併せてご覧ください！(笑)\n\n\n――NMB48劇場の魅力は？\n\nずばり、成長です！研究生が育っていく姿や、同じ演目でも期間を空けて見るとまた違った見え方をしたり、生のアイドルを感じてもらえる場所だと思います。\n\n――大阪の個人的おすすめを紹介してください\n\n天満！大阪らしいディープな商店街があり、落語の寄席も近いです。\n\n――注目しているNMB48メンバーを教えてください\n\n龍本弥生ちゃんです！シンプルに顔ファンなのと、おっとりした見た目と口調に反して熱い気持ちを持っていたり、話せば話すほど好きになるメンバーです！\n\n――ザテレビジョンらしい質問になりますが…好きなテレビ番組や、好きな音楽は？\n\n最近は中島みゆきさんにハマっていて、ずっと聴いています！定番ですが「悪女」「ファイト!」が好きで、こんなかっこいい女性になりたいなと思います。\n\n――ファンと読者へのメッセージを\n\n「がんばらぬわい」 はNMB48の今後を担う大事なシングルです！(毎作そうですが)\n気まぐれな1再生もとっても力になりますし、もっと気まぐれに誰かに勧めてくださったらとても嬉しいです！頑張りすぎな現代に、「がんばらぬわい」を！",['https://newsatcl-pctr.c.yimg.jp/t/amd-img/20241008-01220987-the_tv-000-1-view.jpg?pri=l&w=640&h=472&exp=10800'],"['https://news.yahoo.co.jp/articles/2be4f90c4a5c7b34314af34243b01f8f4f64e864/images/000', 'https://thetv.jp/news/detail/1220987/p2/']"
市原隼人主演、向井理らが出演するクライムサスペンス「ダブルチート 偽りの警官 Season2」　TVerで第1話が配信（WEBザテレビジョン）,https://news.yahoo.co.jp/articles/353c40ca6ca62d926322cf84607e242c6fea5825,https://newsatcl-pctr.c.yimg.jp/t/amd-img/20241008-01221639-the_tv-000-1-view.jpg?exp=10800,2024-10-08T18:30:00+09:00,2024-10-08T18:30:14+09:00,WEBザテレビジョン,the_tv,WEBザテレビジョン,1285,\nTVerにて「ダブルチート 偽りの警官 Season2」第1話＆第2話が配信\n市原隼人が主演を務めるWOWOW×テレビ東京共同製作連続ドラマ「ダブルチート 偽りの警官 Season2」(毎週日曜深夜1:50-2:25ほか、テレ東ほか)の第1話が10月6日に放送。民放公式テレビ配信サービス「TVer」では第1話が配信中である。\n【写真】市原隼人、“詐欺師を喰らう詐欺師​​”を熱演\n■さまざまな詐欺被害をテーマにしたクライムサスペンスのSeason2\n\n2024年4月に放送された、さまざまな詐欺被害をテーマに正義と悪を使い分けながら、法では裁けない悪を裁く向井理主演のテレビ東京×WOWOW共同製作連続ドラマ「ダブルチート 偽りの警官 Season1」のSeason2となる同ドラマは、2024年6月にWOWOWで放送され、新たな主人公・田胡悠人役で市原が主演を務め、“詐欺師を喰らう詐欺師”が魅せる新たなクライムサスペンスとなっている。\n\n市原、向井のほかに内田理央、荒川良々、陣内孝則らが出演する。\n\n■Season1とSeason2が交差する\n\n長らく追いかけていた大物詐欺師のヤマガミこと神野優(鈴木浩介)からある真実を告げられた多家良のもとに、謎のサロン「ドミナートル」の主宰者・海藤周(陣内)から電話がかかってくるところで幕が閉じたSeason1。本作はその続編となり、田胡ら詐欺師たちが繰り広げるマネーゲームに、多家良の物語が交差する。\n\n■「ダブルチート」第1話みどころ(※ネタバレを含みます)\n\n“詐欺師K”の顔を持つ警察官・多家良啓介(向井)は、大物詐欺師のヤマガミこと神野優(鈴木)と対峙。しかし、謎のサロン「ドミナートル」主宰者の海藤周(陣内)が仕組んだ事故で神野は帰らぬ人となった。別の事件で殺人の容疑をかけられた多家良は、警察からも海藤からも追われる身となった。\n\n生前の神野曰く、彼のスマホにはすべての証拠が残っているという。多家良は、相棒の矢柴等(荒川良々)のもとを訪れ、ロックの解除を依頼。スマホを開くと、警察内部の人間らしき人物からメッセージが届いた。一方、海外拠点の特殊詐欺で逮捕され、刑期を終えたばかりの田胡悠人(市原)は、とある依頼を遂行するためにサポートを受ける中華料理店の店主・王新晧(チャンチンホイ)から拳銃を受け取っていた。\n\n待ち合わせ場所のフェリー乗り場に到着した多家良は、メッセージを送った人物と相対する。その人物に驚きを隠せない多家良が「あなたの目的を聞かせてください」と問うていると、拳銃を持った男は田胡に背後をとられてしまう。そのまま腹を撃たれた多家良は、海に投げ捨てられてしまった。\n\nミッション終了後、詐欺会社・ライドクリーンの代表を務める木崎竜一(淵上泰史)に接触した田胡。彼は木崎に「俺は詐欺師です。あなたのビジネスパートナーにしてもらえませんか？」と持ちかける。木崎は、海藤に依頼されて多家良襲撃を命じた人物で……。\n\n――という物語が描かれる。,['https://newsatcl-pctr.c.yimg.jp/t/amd-img/20241008-01221639-the_tv-000-1-view.jpg?pri=l&w=640&h=426&exp=10800'],"['https://news.yahoo.co.jp/articles/353c40ca6ca62d926322cf84607e242c6fea5825/images/000', 'https://thetv.jp/news/detail/1221639/13610066/']"
【漫画】人生をリベンジしたい女性が努力をして“自分を変えた”　5年ぶりに参加したクラス会で周りの反応は…リアルな日常劇に「グッときた」「すっごい刺さる」と反響（WEBザテレビジョン）,https://news.yahoo.co.jp/articles/9925ab3055d273e17a7d8250d524195af5f2989c,https://newsatcl-pctr.c.yimg.jp/t/amd-img/20241008-01219921-the_tv-000-1-view.jpg?exp=10800,2024-10-08T18:30:00+09:00,2024-10-08T18:30:09+09:00,WEBザテレビジョン,the_tv,WEBザテレビジョン,2351,\n『自分の人生にリベンジしたい女の子の話』が話題！\nコミックの映像化や、ドラマのコミカライズなどが多い今、エンタメ好きとしてチェックしておきたいホットなマンガ情報をお届けする「ザテレビジョン マンガ部」。今回紹介するのは、東山わかるさんがX(旧Twitter)上に投稿した漫画「自分の人生にリベンジしたい女の子の話」だ。10月2日時点で6.1万以上のいいねがつく反響が集まり、話題となっている。\n今作は、東山さんが現在受講中の漫画のスクールの課題として描かれたもの。全8ページのストーリーだが、たくさんの読者を惹き込み、続きを期待する声も多くあがっている。\n今回は作者の東山わかるさんに制作の背景を伺った。\n【漫画】努力して自分を変えたが心は満たされなかった…クラス会での出来事に「8Pに詰まっているものが多すぎる」の声\n■自分の人生にリベンジしたい女性が自分を変えた\n\n自分の人生に復讐したかった主人公の西澤トモコは、死に物狂いで勉強をし大学に合格をした後は必死に見た目を変えた。そして、高校時代に自分のことを「トン子」と呼んだり、陰で自分のことをバカにしていた面々と5年ぶりのクラス会で再会することになった。\n\n垢抜けたトモコが登場すると、周りは驚く。\n見た目が変わるだけで男子からは「後で連絡先教えてよ」「オレ今フリーなんだけどどう？」など、手のひらを返したようにチヤホヤされ、女子からは「ウチらのトン子」とマウントを取られる。\n\n自分を変えて虚しさから解放されたかったトモコだったが、いくら外見を取り繕っても心は満たされなかった。\n\nそんなトモコに声をかけた人物が。『うちのクラスにこんな爽やかイケメンいたっけ』と誰だか思い出せないトモコだったが、彼のある一言で記憶がよみがえる。\n\n実際に漫画を読んだ人達からは「8Pに詰まっているものが多すぎる」「リズム感いいな」「すっごい刺さる」「すごく分かりすぎて……」「一気に引き込まれるこの感覚」「グッときた」と、いった声があがっている。\n\n今回は、作者・東山わかるさんに『自分の人生にリベンジしたい女の子の話』の制作について話を伺った。\n\n■作者・東山わかるさんの創作背景とこだわり\n――「自分の人生にリベンジしたい女の子の話」を創作したきっかけや理由があればお教えください。\n\nこの作品は、現在受講中の漫画のスクールの課題で描いたものです。\n\nそのとき指定されたテーマが「復讐」だったのですが、「自分の過去にリベンジする」というアイデアを思いついた時に一気に出来上がりました。\n\n課題で制作した作品のため冒頭8ページまでしかありませんが、いつか最後まで描いて公開したいです。\n\n――「自分の人生にリベンジしたい女の子の話」を描くうえでこだわった点や、「ここを見てほしい」というポイントはありますか？\n\n主人公のトモコは、いわゆるクラスカーストの下の方にいた女の子で、かつては同級生にバカにされていました。\n\nなので、トモコの復讐相手はこの同級生たちなのかと一瞬思うかもしれませんが、実はトモコが最も復讐したいと思っている相手は過去の自分自身です。このあたりから、トモコという主人公がどんな女の子なのかを想像してみて欲しいなと思っています。\n\nそして、読んだ方の心の中にもあるかもしれない「過去に取り残してしまったなにか」を思い出し、トモコの感情とシンクロしてもらえたら嬉しいです。\n\n――普段、漫画を描く際にキャラクター設定やストーリー設定はどのような所から着想を得ることが多いでしょうか？\n\nストーリの着想は、過去の自分が経験したことのある感情から得ることが多い気がします。\n\nその感情を描くために最適な舞台やキャラクターを後から設定します。\n\nこのストーリーは、最初アラサーの主婦を主人公として作り始めたのですが、再会した同級生とのロマンスを予感させるものにしたらよりワクワクする物語になるのではないかと思い、女子大生という設定に変更しました。\n\nキャラクターの着想というのは実はあまりなく、あくまでもストーリーや見せたい感情優先で作ります。今回のように最後の最後で年齢や性別をひっくり返してしまうことはわりとよくあります。\n\n――漫画を描く際に大切にしていることや意識していることはありますか？\n\n作品作りで意識していることは、すべてのことに必然性があるように作ることです。\n\n主人公の発言や行動はすべてなんらかの動機に基づいているはずなので、その考え方の元となった過去のエピソードなどをある程度考えておきます。\n\nそして、主人公のちょっとした発言や行動が次の事件を生み出すきっかけとなるなど、なるべく全てに意味と繋がりを持たせるようにしています。\n\nただ、なかなか思うようにはいかない部分でもあるのでいつも苦労しています。\n\n――東山わかるさんの今後の展望や目標をお教えください。\n\nひとまずは、今受講している漫画のスクールでの課題に一生懸命取り組むことです。\n\n卒業後は、自分に合った媒体で作品を発表するなどして、さらにたくさんの読者に作品を届けることができたらいいなと考えています。\n\n――最後に作品を楽しみにしている読者へメッセージをお願いします。\n\nわたしの作品をみてくださってありがとうございます。お寄せいただいた感想は全て嬉しく拝見していますし、あたたかいメッセージにいつも励まされています。\n\nこれからも読者の皆さんの心に響くような作品を作り続けていきたいです。応援よろしくお願いします。,['https://newsatcl-pctr.c.yimg.jp/t/amd-img/20241008-01219921-the_tv-000-1-view.jpg?pri=l&w=640&h=438&exp=10800'],"['https://news.yahoo.co.jp/articles/9925ab3055d273e17a7d8250d524195af5f2989c/images/000', 'https://thetv.jp/news/detail/1219921/13570965/']"
“めっちゃ距離近い”宮世琉弥＆小野花梨、モノクロ2ショットに「ポーズかわいすぎ」「最高」の声＜スノードロップの初恋＞（WEBザテレビジョン）,https://news.yahoo.co.jp/articles/a61518a9ad81798d7401510204c81e2990df7e00,https://newsatcl-pctr.c.yimg.jp/t/amd-img/20241008-01221618-the_tv-000-1-view.jpg?exp=10800,2024-10-08T18:04:20+09:00,2024-10-08T18:04:20+09:00,WEBザテレビジョン,the_tv,WEBザテレビジョン,893,\nドラマ「スノードロップの初恋」公式Instagramが宮世琉弥(左写真)、小野花梨の写真を公開した\n宮世琉弥が主演するドラマ「スノードロップの初恋」(毎週火曜夜11:00-11:30、フジテレビ系※第2話は夜11:15-11:45／FOD、TVerにて配信)の公式Instagramが10月7日に更新。宮世と小野花梨のモノクロ2ショットが公開された。\n【写真】宮世琉弥“朔弥”に、小野花梨“奈雪”がシャインマスカットを「あ～ん」するショットがかわいすぎる\n■死神と大人の女性の笑って泣けるラブストーリー「スノードロップの初恋」\n\n本作は、人間界に初めて降り立った人を愛したことがない死神と、人に尽くしてばかりだった大人の女性が織りなす、笑って泣けるラブストーリー。死神と女性の恋模様とともに、「生きることの素晴らしさ」を大切なテーマとして描く。\n\n連ドラ初主演の宮世が、無邪気で自由奔放な死神・片岡朔弥を、小野が唯一の肉親である弟を育てるために自分の人生を捧げてきたヒロイン・望月奈雪を演じ、曽田陵介、岩瀬洋志、森田甘路、猫背椿、杉本哲太らが出演。宮世のアーティスト名・Ryubi Miyaseの「白く染まる前に」が主題歌となっている。\n\n■宮世琉弥＆小野花梨、楽しいポーズをするモノクロ2ショットにくぎづけ\n\nこの日、公式は「スノ恋オフショット。2話では、死神朔弥の一言に導かれ、奈雪が本当の気持ちに向き合う場面も…」などとコメントし、宮世と小野の楽しそうな2ショットがモノクロ写真で投稿された。コメント欄に宮世の公式Instagramから「マイカメラ」とコメントがあり、宮世のカメラで撮影したと思われる。\n\nこの投稿に「琉弥くんのMyカメラなんですか?!!!2人ともかわいいし何せ琉弥くんのポーズがかわいすぎます」「めっちゃ距離近い!!」「りゅびちゃのモノクロ大好きすぎるよ」「琉弥君花梨ちゃんかわいよすぎる」「めっちゃいい写真！エモいです」「最高のツーショだ!!」「頭抱えてる琉弥くんかわいい」「モノクロすきすぎる」などの声があがり反響を呼んでいる。,['https://newsatcl-pctr.c.yimg.jp/t/amd-img/20241008-01221618-the_tv-000-1-view.jpg?pri=l&w=640&h=562&exp=10800'],"['https://news.yahoo.co.jp/articles/a61518a9ad81798d7401510204c81e2990df7e00/images/000', 'https://thetv.jp/news/detail/1221618/13609630/']"
＜株式会社マジルミエ＞魔法少女への道が開かれた桜木カナ、入社を早くも後悔…第2話あらすじ＆先行カットが公開（WEBザテレビジョン）,https://news.yahoo.co.jp/articles/701ddc2cae0674881f44964f355929b6297d70c0,https://newsatcl-pctr.c.yimg.jp/t/amd-img/20241008-01221589-the_tv-000-1-view.jpg?exp=10800,2024-10-08T18:00:00+09:00,2024-10-08T18:00:35+09:00,WEBザテレビジョン,the_tv,WEBザテレビジョン,765,\n「株式会社マジルミエ」第2話のあらすじ＆先行カットが公開\n岩田雪花、青木裕原作のテレビアニメ「株式会社マジルミエ」(毎週金曜夜11:00-11:30、日本テレビ系／ディズニープラス、Leminoで配信中)の第2話が10月11日(金)に放送される。それに先駆けて、あらすじと先行カットが公開された。\n【写真】カナと運命的な出会いを果たしたヤンキー気質の魔法少女・越谷仁美\n■社会人×魔法少女が奮闘…「株式会社マジルミエ」\n\n本作は、“怪異”と呼ばれる自然災害が存在する世界を舞台に、それらを退治する魔法少女が人々の憧れの職業として認知された世界を舞台にした“お仕事×魔法少女”のアクション漫画をアニメ化。\n\n就職活動に苦戦し自信を喪失していた女子大生・桜木カナ(CV.ファイルーズあい)は、ある日、“怪異”と呼ばれる自然災害に遭遇。怪異と戦うヤンキー気質の魔法少女・越谷仁美(CV.花守ゆみり)を持ち前の記憶力で手助けしたカナは、魔法少女としての才能を見出され、ベンチャー企業・株式会社マジルミエに新卒入社することに。\n\nそこで出会ったひと癖もふた癖もある先輩社員たちと共にカナが、社会人、そして魔法少女として奮闘する様子が描かれる。\n\n■第2話「ホーキなんて楽勝だから」あらすじ\n\n越谷の怪異退治をサポートしたカナ。その出来事をきっかけに株式会社マジルミエへの入社を決めた彼女は、さっそく他の社員に挨拶することに。だが、社長の重本浩司はじめ、営業の翠川、エンジニアの二子山和央といった個性が強い社員と対面し困惑気味。勢いで入社を決意したことを後悔し始めたカナだったが、翠川の勧めもあり魔道具・ホーキに乗ってみることに。さらに、マジルミエ社に怪異退治の依頼が舞い込む。\n\n――という物語が描かれる。,['https://newsatcl-pctr.c.yimg.jp/t/amd-img/20241008-01221589-the_tv-000-1-view.jpg?pri=l&w=640&h=360&exp=10800'],"['https://news.yahoo.co.jp/articles/701ddc2cae0674881f44964f355929b6297d70c0/images/000', 'https://thetv.jp/news/detail/1221589/13609258/']"
眞島秀和「膨大なセリフ量と闘う毎日でした」　双子姉妹の数奇な人生を描いたドラマ「花衣夢衣」全国無料放送（WEBザテレビジョン）,https://news.yahoo.co.jp/articles/6636a7b1517d374ab696b276eb47816c537e0bfb,https://newsatcl-pctr.c.yimg.jp/t/amd-img/20241008-01221573-the_tv-000-1-view.jpg?exp=10800,2024-10-08T18:00:00+09:00,2024-10-08T18:00:31+09:00,WEBザテレビジョン,the_tv,WEBザテレビジョン,1159,\n神社で話をする双子の姉妹・尾崎亜衣“真帆”と尾崎由衣“澪”\n眞島秀和出演ドラマ「花衣夢衣」(2008年放送、全65話)を、ＢＳ松竹東急(全国無料放送・BS260ch)にて10月17日(木)より、毎週月曜～金曜昼4時59分から放送する。それに伴い、眞島からのコメントが到着した。\n【写真】クールな表情がカッコいい…羽嶋将士役を務める眞島秀和\n■双子姉妹の数奇な人生を描いたドラマ\n\n昼ドラ史上初となる尾崎亜衣と尾崎由衣、吉田真希子と吉田真由子の「双子」ヒロインによる本作。金沢を舞台に、数奇な運命に翻弄されながらも、力強く生き抜いていく双子姉妹の人生を描いた大河ロマンとなっている。\n\n原作は、『幸子の星』でデビューし、1970年より『週刊セブンティーン』(集英社)に連載された『おれは男だ！』など、愛と人間ドラマに定評のある津雲むつみさんによる同名漫画。\n\n昼ドラらしい濃密でダイナミックなストーリー展開のなかで、複雑に絡み合う登場人物の心情を丁寧に映し出し、視聴者から好評を博した。\n\n放送にあたってコメントを寄せた眞島秀和は、金沢で出会った双子の姉・真帆(尾崎亜衣)に一目惚れし、情熱的に彼女を愛する、老舗呉服店「よね屋」の若旦那・羽嶋将士役を演じている。\n\n■眞島秀和 コメント\n\n撮影当時、31、32歳ぐらいだったでしょうか。膨大なセリフ量と闘う毎日でした。今思えば昼ドラらしい展開に役者として鍛えてもらい、撮了時にはとても成長できた事を実感しました。\n\n昨年、仕事で金沢を訪れた時は「花衣夢衣」を思い出し、感慨深かったです。若い頃の出演作品は恥ずかしい部分ばかりですが、またあらためて放送されること、嬉しく思います。ＢＳ松竹東急をご覧の皆様、どうぞお楽しみください。\n\n■「花衣夢衣」あらすじ\n\n昭和25年、戦後の復興が著しい東京。双子の姉妹・沢木真帆(尾崎亜衣)と澪(尾崎由衣)は17歳になっていた。積極的で好奇心旺盛な姉の真帆と、消極的で地味な妹の澪。性格は正反対でも二人で一人、何をするのもいつも一緒。\n\nそんなある日、澪の身代わりとして男に襲われた真帆は、妊娠・中絶、そして子宮をも失ってしまう。澪は真帆を見るたびに、身代わりにしてしまったことを悔やみ、真帆は澪を見るたびに悪夢の日を思い出してしまう日々。運命が激変してしまった真帆は、初めて一人になりたいと思い、親元を離れひとり加賀友禅の修業に出る決断をする。\n\nそこで、東京の呉服屋の長男・将士(眞島秀和)と知り合い、愛し合うようになる。しかし、子供の産めない真帆は将士からの求婚を断ってしまう。その後、将士は同じ顔をした澪と出会い結婚。だが、真帆と将士はお互いを忘れられず、やがて三人は…。,['https://newsatcl-pctr.c.yimg.jp/t/amd-img/20241008-01221573-the_tv-000-1-view.jpg?pri=l&w=640&h=360&exp=10800'],"['https://news.yahoo.co.jp/articles/6636a7b1517d374ab696b276eb47816c537e0bfb/images/000', 'https://thetv.jp/news/detail/1221573/13609086/']"
リョウン＆チェ・ヒョヌクの絆に涙腺崩壊…2人のバンドシーン＆サントラも充実の青春ロマンス＜輝くウォーターメロン～僕らをつなぐ恋うた～＞（WEBザテレビジョン）,https://news.yahoo.co.jp/articles/b81882a23a835f13fb99988d67025a8167d90caa,https://newsatcl-pctr.c.yimg.jp/t/amd-img/20241008-01220388-the_tv-000-1-view.jpg?exp=10800,2024-10-08T18:00:00+09:00,2024-10-08T18:00:02+09:00,WEBザテレビジョン,the_tv,WEBザテレビジョン,2799,\n輝くウォーターメロン～僕らをつなぐ恋うた～\n「コッソンビ 二花院(イファウォン)の秘密」(2023年)のリョウンと、「弱いヒーロー Class1」(2022年)のチェ・ヒョヌクが主演するファンタジー青春ロマンス「輝くウォーターメロン～僕らをつなぐ恋うた～」が10月18日(金)、CS放送「衛星劇場」でスタートする(毎週金曜夜11:00-深夜1:30ほか※2話連続放送)。注目を集める次世代スター俳優たちによる感涙必至の青春ストーリーの魅力に迫る。\n【写真】“めがねキス”のソル・イナが美人女子高生に！\n■「輝くウォーターメロン」あらすじ\n\n「輝くウォーターメロン～僕らをつなぐ恋うた～」は、韓国ケーブルテレビtvNで2023年に放送されたファンタジー青春ロマンス。“タイムスリップ”の結果巻き起こる若者たちのかけがえのない青春の日々を、全16話で熱く描く。\n\n時は現代。耳の聞こえない両親と兄を持つ“CODA(Child Of Deaf Adults)”の少年ウンギョル(リョウン)は、小学生の頃から両親の食堂を通訳として手伝い支えてきた、まじめで心優しい優等生。だが一方で、同級生にいやがらせを受けて孤独な思いを抱えていた。そんなウンギョルの壊れそうな心を救ったのが、近所の楽器店“ビバミュージック”のおじいさん(チョン・ホジン)。ウンギョルは、家族に内緒でおじいさんからギターを習い始める。\n\nそして6年後。ウンギョルがバンド活動をしていることを知った父は、大反対。ウンギョルは音楽をあきらめようと決め、偶然迷い込んだ不思議な楽器店“ラ・ビダミュージック”で大切なギターを売ることにする。だが、店から出ると街の様子が何かおかしい…なんとそこは、1995年。過去にタイムスリップしてしまったウンギョルは、高校時代の父イチャン(チェ・ヒョヌク)に偶然出くわし、耳も聞こえるし言葉も話せる若き日の父とバンドを結成することになる。\n\n■「キルミー・ヒールミー」脚本家の6年ぶり最新作\n\n「太陽を抱く月」(2012年)や「キルミー・ヒールミー」(2015年)などの人気作で名を馳せるチン・スワン作家の6年ぶり新作としても話題を集めた本作だけに、ストーリーがとにかく秀逸。CODAとタイムスリップという2つのモチーフを組み合わせ、ユニークで共感度満点の物語に仕上げている。\n\n近年、アカデミー賞3部門を受賞した映画「Coda コーダ あいのうた」(2021年)をはじめ、ろう者やその家族にスポットを当てた作品のヒットが続くが、本作も、ろう者の両親を持つCODAが主人公。両親の通訳のために呼び出されて友達と遊べなかったり、家族のことが原因でいじめに遭ったり…家族で唯一の聴者として父の期待を背負って生きるウンギョルの孤独が、小学生時代から丁寧に描かれていく。\n\nそんなウンギョルにとって音楽は、“自分自身”に戻れるとても大切なもの。沈黙の世界にいる家族と社会をたった一人でつなぎとめるウンギョルは、閉じ込めてきた感情をギターで表現するようになっていく。\n\nその矢先に起きた、28年前へのタイムスリップ。現在の父イチャンとは別人のように明るくまっすぐな高校時代のイチャンと出会い、バンド活動をする中で、ウンギョルはイチャンと特別な絆で結ばれていく。イチャンが生まれつきのろう者ではなかったと知ったウンギョルは、イチャンが聴覚を失うきっかけになった事故を防ごうと奮闘する。\n\n■リョウン、チェ・ヒョヌク…バンド演奏シーンもクール！\n\nフレッシュなキャスト陣も、本作の魅力の一つ。CODAとしての自分と、音楽を愛する自分の間で葛藤するウンギョルを演じるのは「コッソンビ 二花院の秘密」で主演を務めたリョウン。家族を愛し、若き日のイチャンのために奔走するウンギョルの優しさ、胸に秘めた情熱を丁寧に表現している。ギター演奏シーンも抜群のカッコよさだ。\n\n若き日のイチャン役、チェ・ヒョヌクは、「二十五、二十一」(2022年)の“7組のイケメン”として一躍注目を集め、「弱いヒーロー Class1」ではアクションでも魅了した若手スター。青春を爆走するひたむきな高校生役で輝いてきたチェ・ヒョヌクが今作でも、恋とバンド活動に全力を注ぐ愛すべき男子高校生イチャンを熱演している。チェ・ヒョヌクならではの愛嬌たっぷりの“一目ぼれ”シーン、リョウンとともに披露するバンド演奏シーンも必見だ。\n\nそして「社内お見合い」(2022年)でキム・ミンギュとサブカップルを演じ、“眼鏡キス”でメインカップルに負けない話題を集めたソル・イナが、イチャンの初恋相手で1995年を生きるセギョンと、その娘で現代を生きるウンユの2役で抜群の存在感を発揮する。イチャンのバンド熱に火をつけ、物語の起点となる重要な役回りだ。\n\n一方、1995年を生きる先天的ろう者の女子高生チョンアは「なにもしたくない～立ち止まって、恋をして～」(2022年)でも印象的な演技を見せたシン・ウンスが演じる。孤独なチョンアがイチャンとウンギョルに出会い、心を開いていく過程を繊細に演じている。\n\n■iKONジュネも出演…青春感あふれるドラマ音楽\n\n音楽がモチーフだけに全編美しい音楽に彩られた本作は、オリジナルサウンドトラックにも力が入っている。ストーリーの中で重要な役割を果たすロック・バラード「輝く君へ」をシンガーソングライターのチョン・ジュニルが歌うほか、2020年代にデビューした韓国の次世代アーティストが多く参加し、フレッシュで青春感あふれる音楽を奏でている。随所で、エリック・クラプトンの「Tears in Heaven」や韓国の人気ロックグループYBの大ヒット曲「白ひげ鯨」など、1990年代当時のヒット曲が流れるのも心にくい。\n\nさらに、YBのボーカル、ユン・ドヒョンが現代パートのスター歌手ユン・ドンジン役でカメオ出演し自ら「白ひげ鯨」を歌唱。人気K-POPグループ・iKONのメインボーカル・ジュネことク・ジュネも、同じく現代パートのバンド・Spine9のボーカル・ジュニョン役で出演し、劇中ステージでリョウンと共演。激しいロックサウンド曲「HIGHER」を披露しているのも注目ポイントだ。\n\n父子であり、かけがえのない友でもある…そんなウンギョルとイチョンの尊い絆の物語を軸に、ドラマチックなストーリーと感動的なバンドサウンドに感情揺さぶられる「輝くウォーターメロン～僕らをつなぐ恋うた～」は、10月18日(金)からCS放送「衛星劇場」で放送。いつでも、どんな状況でも、未来は自分の力で変えられる――そんな力強いメッセージに心温まる感動作だ。\n\n◆文＝酒寄美智子,['https://newsatcl-pctr.c.yimg.jp/t/amd-img/20241008-01220388-the_tv-000-1-view.jpg?pri=l&w=640&h=456&exp=10800'],"['https://news.yahoo.co.jp/articles/b81882a23a835f13fb99988d67025a8167d90caa/images/000', 'https://thetv.jp/news/detail/1220388/13600203/']"
【漫画】神様と崇めてきた大好きな社長…秘めた10年間の恋心がついにバレてしまうBL漫画に「ぎゅんってくる」「読了感最高の一冊」などの声（WEBザテレビジョン）,https://news.yahoo.co.jp/articles/fafa2ee14882a853bee24686d02b4135549b58d5,https://newsatcl-pctr.c.yimg.jp/t/amd-img/20241008-01220455-the_tv-000-1-view.jpg?exp=10800,2024-10-08T18:00:00+09:00,2024-10-08T18:00:11+09:00,WEBザテレビジョン,the_tv,WEBザテレビジョン,2605,\n『恋知らずの神様に捧ぐ』が話題\nコミックの映像化や、ドラマのコミカライズなどが多い今、エンタメ好きとしてチェックしておきたいホットなマンガ情報をお届けする「ザテレビジョン マンガ部」。今回はFEEL webで掲載中、及び9月25日に単行本が発売されたばかりの、滝端さんが描く『恋知らずの神様に捧ぐ』より『一途な秘書が敏腕社長に迫られて好きバレしてしまう話』をピックアップ。\n【漫画】社長は自分の生きる指標…秘書として人生を捧げてきた社長に長年の想いがバレてしまうBL漫画に「よすぎる！」「全てが美しい」の声\n滝端さんが2024年9月18日にX(旧Twitter)で本作を投稿したところ、2.2万件を超える「いいね」と共に、多くの反響コメントが寄せられた。本記事では、滝端さんにインタビューを行い、創作のきっかけや漫画を描く際のこだわりについて語ってもらった。\n\n■10年間想い続けた社長に恋心がバレてまい…\n敏腕社長である浮津 航(うきつ わたる)の秘書として働く佐後 恵利也(さご えりや)は、密かに社長に心を寄せていた。\n\n外国人の血が通っている佐後は、幼いころからずっと異質であると感じながら生きていた。神様などいないと思っていた佐後だったが、学生の頃浮津に助けられたことにより、神様は確かにいた、と浮津に恋をしてしまう。それ以来神様と崇める浮津に恋をしながらも、その気持ちを隠しながら秘書という立場で浮津の傍で仕事をしてきたのだった。\n\nある時、社員の結婚式に参加した浮津は、その社員から佐後が恋バナをしていたと聞く。後日浮津は、佐後に恋人がいたのか、片思いなのか、と問い詰める。さらに「お前だけは俺と同士だと思っていたのに」と拗ねてしまうのだった。\n\nその後も佐後の恋愛に様々な質問をしてくる浮津。それに対し「こんなどうでもいいことは忘れて下さい」とバッサリ言う佐後だったが、浮津との恋愛話のやり取りに動揺を隠せないのだった。佐後は気持ちを落ち着かせるため、学生時代に浮津に貸してもらったハンカチを抱きしめていた。\n\nそんな佐後の所に現れた浮津は、佐後が落としてしまったハンカチが、自分が学生時代に手渡したものだと気づき、さらにネクタイやネクタイピンは浮津が贈ったものである、と指摘する。まさか10年前の自分を覚えているとは思っていなかった佐後は、激しく動揺し焦ってしまう。明らかに動揺する佐後に、浮津は佐後の想い人は自分なのか、と問いただすのだった…。\n\n作品を読んだ読者からは、「ドキドキしすぎて心臓破裂するかと思いました…」「読了感最高の一冊」など、反響の声が多く寄せられている。\n\n■作者・滝端さん「自分の中にある好きなものを基盤に…」\n――『恋知らずの神様に捧ぐ』は、どのようにして生まれた作品ですか？きっかけや理由などをお教えください。\n\n担当編集者さんとどんなお話を執筆するか打ち合わせをした際に、「サラリーマン」「スーツ」等頂いた意見の中で「社長」が出てきました。\n\nこれから続けていく作家人生の中でいつかは描くであろう「社長」キャラとここで出会うか…と意を決した覚えがあります。\n\nそこから社長と秘書の物語として幾つかネタを提出し、今作のネタが選ばれました。\n\n――今作を描くうえで、特に心がけているところ、大切にしていることなどをお教えください。\n\n2人の恋愛に重きをおくことをかなり意識しました。\n\n恋愛観は勿論のこと、相手の言葉や表情によって感情が揺れ動くタイミングを見落とさないよう心がけました。\n\nまた、それぞれの人生の歩み方や信念を軸にして立たせてあげることも大切にしています。\n\n作画では2人のキラキラしたスタイリッシュな世界を落とし込めるようにピカピカのオフィスと格好いいスーツを描くのに特に時間をかけました。\n\n特に浮津は存在感と圧が欲しかったのでイケメンになるよう祈りながら執筆しました。\n\n――今回の作品のなかで、特に気に入っているシーンやセリフがあれば、理由と共にお教えください。\n\n3話と4話のデート回です。当初作ったプロットではあまり甘い雰囲気を作れませんでしたが、担当編集者さんと沢山の打ち合わせを重ねて、より糖度の高い可愛らしい回にする事が出来ました。\n\nデートに誘われてパンクする佐後もネームの時点で楽しかったし、ミュージックラウンジでの浮津の表情やカットも形に出来て本当に良かったと感じられました。\n\n最終話の初めてのキスのシーンも個人的に良いカットが描けたので気に入っています。\n\nネームで絵が完成されてしまって、作画するのに何度も描き直して時間をかけた覚えがあります。\n\n――滝端さんは普段漫画を描く上で、どういったところから物語やキャラクターの着想を得られるのでしょうか？\n\n自分の中にある好きなものを基盤にアイデアを膨らませていきます。\n\n読みたいキャラ、描いてみたいキャラから物語を作ってみたり、描きたいシーンや空気感に合わせてキャラを置くパターンもあります。\n\n好きなものは自分が色々なエンタメと出会って、何かを「好きだ」と思った時に、時間をかけて自分の感情を考察して引き出しに仕舞っています。\n\nその「好き」がニッチ過ぎて没になることも多いです。\n\n――滝端さんご自身や作品について、今後の展望・目標をお教えください。\n\n引き続き自分のペースで漫画と向き合って制作を続けることが一番の目標です。\n\n今作は自作品の中では明るめのお話でしたが、今後も自由に自分が描きたいものを探りながら作っていこうと思います。\n\n――最後に、作品を楽しみにしている読者やファンの方へ、メッセージをお願いします。\n\n「恋知らずの神様に捧ぐ」で初めて滝端を見つけて下さった方々、そして名も知れない頃からずっと応援して下さっている方々、言葉では還元しきれない程日々感謝しています。いつもありがとうございます。漫画でお返し出来たらいいなと思います。\n\nそして拙作が皆様の日々の生活の中の一部になり、少しでも楽しみや癒やしになってくれたら嬉しいです。\n\n今後ともあらゆる作品と出会い、素敵なBLライフを送って下さい。,['https://newsatcl-pctr.c.yimg.jp/t/amd-img/20241008-01220455-the_tv-000-1-view.jpg?pri=l&w=640&h=551&exp=10800'],"['https://news.yahoo.co.jp/articles/fafa2ee14882a853bee24686d02b4135549b58d5/images/000', 'https://thetv.jp/news/detail/1220455/13584009/']"
浜田雅功、後輩芸人にダメ出し＆ロケの“極意”を指南「カメラは自分に向けるもんやろ！」＜浜ちゃんの休日～沖縄の旅～＞（WEBザテレビジョン）,https://news.yahoo.co.jp/articles/216cb1468705198d0d764a0a66e6dacb1d7bcf97,https://newsatcl-pctr.c.yimg.jp/t/amd-img/20241008-01221122-the_tv-000-1-view.jpg?exp=10800,2024-10-08T18:00:00+09:00,2024-10-08T18:00:20+09:00,WEBザテレビジョン,the_tv,WEBザテレビジョン,1886,\n「浜ちゃんの休日～沖縄の旅～」は毎週土曜にLeminoで配信中\nダウンタウン・浜田雅功が気心の知れた後輩芸人を連れ、自由に旅する人気シリーズ「浜ちゃんの休日」の最新作「浜ちゃんの休日～沖縄の旅～」の第2回が、10月5日にLeminoで配信された。第2回では、メンバーがリクエストしたスポットへ出掛け、海を眺める絶景ドライブやフライボードに挑戦。その中で浜田が後輩芸人のためにロケのダメ出しをする場面があった。(以下、ネタバレを含みます)\n【写真】61歳でも無邪気過ぎる…！ブランコではしゃぐ浜田雅功\n■“浜田軍団”が沖縄の海を一望できる絶景ドライブコースへ\n\n同番組は浜田が後輩芸人たちと一緒に、自由気ままな旅に出掛け、さまざまな場所で珍道中を繰り広げる旅バラエティー。浜田はライセンス・井本貴史、どりあんず(堤太輝、平井俊輔)、サカイスト・マサヨシ、ゲラゲラ星人という5人の後輩芸人と共に、沖縄の北部を巡る旅へと向かった。本格的に沖縄旅がスタートした2日目は、前回行ったアンケートを参考に、沖縄を代表する2つの“インスタ映えスポット”へと向かうことに。\n\nまずは、絶景ドライブコースとして人気の「古宇利大橋」を訪れ、メンバーは「海も橋もきれい！」と大興奮。そんな中、助手席に座るどりあんず・平井がパノラマビューに広がる絶景を写真に収める様子に「動画じゃなくて、何で写真を撮っているのかな～」とすかさずツッコミを入れる浜田。浜田からのダメ出しに慌てた平井が動画で撮り直す一幕も、このメンバーでの旅行ではおなじみだ。橋を渡り、古宇利島へと到着したメンバーは、これまでドライブしてきた道路をバックに全員笑顔で記念撮影をする。\n\n天気にも恵まれ、目の前に広がる沖縄の海を満喫するメンバーたちだったが、するとここで急なアイデアを思いついた浜田が、空を飛ぶ海の“アクティビティー”(フライボード)を指差し「急にやりたいって言ったら無理な感じなの？」と発言。以前、同番組企画で訪れたマレーシア編で、“撮れ高”のなかったマサヨシと平井の2人が滑った過去にリベンジを果たすため、急きょフライボードにチャレンジすることに。突然やってきた挽回のチャンスに、「めっちゃ怖いて！」とビビりまくるマサヨシからフライボードに挑むが、奮闘するものの今回も“撮れ高”ゼロ。そんなマサヨシに対し、他のメンバーは「おもんないて～」といじりまくる。\n\n続いて「皆さんに同じコメントさせないです！」と気合い充分の平井が挑戦。すると、1発目から抜群のスキルを発揮し、あっという間に海上から浮かび上がっていく。「うまい！ うまい！」と、見守る浜田らもスタンディングオベーションで、平井はしっかりとマレーシア編のリベンジを果たす。\n\n焦ったマサヨシは「もう1度、リベンジさせてください！」と、再チャレンジするものの、なぜかインストラクターにお姫様抱っこされながら空中を舞い、最後はしっかりと海に落とされるオチに「全部おいしくさせてもらっているやん！」と、浜田に正論でツッコまれてしまう。\n\n■大先輩・浜田のダメ出しにマサヨシ「芸人として勉強になった」\n\n続いて、海辺から見える岩の隙間が角度によってハートに見える「ハートロック」へとやってきたメンバーたち。彼らの撮影日が観光客で混み合う日曜日だったということもあり、事前アンケートで唯一行きたいと手を挙げたマサヨシが1人でカメラを持ってハートロックへと向かうが、またしてもマサヨシがやらかしてしまう。\n\nマサヨシが撮影する一方で、地元の沖縄料理店でお昼を食べながら待つ他のメンバーたち。そこにハートロックに置いてかれたマサヨシが怒りながら合流するが「(ハートロックには)人が全然居なくて…」などとブツブツ。言い訳ばかりで撮れ高のないマサヨシに、大先輩の浜田が「何で自分の顔映さず戻ってくんねん！ そこはカメラをこっちに(自分の側)向けて話しながら撮影するもんやろ」と、ロケの撮り方を指摘。ぐうの音も出ないマサヨシは「芸人として勉強になったことがいろいろとあった」と、後のインタビューでもしっかりと反省しており、お笑いの厳しさを痛感している様子が映し出された。\n\nその後も、なんとかマサヨシに頑張ってもらいたい番組スタッフが用意した「激辛わさび寿司」のドッキリに一同は大盛り上がりするも、マサヨシと同じくドッキリを仕掛けられたゲラゲラ星人に“おいしいところ”を持って行かれ、完敗するマサヨシだった。\n\n◆文=suzuki,['https://newsatcl-pctr.c.yimg.jp/t/amd-img/20241008-01221122-the_tv-000-1-view.jpg?pri=l&w=640&h=480&exp=10800'],"['https://news.yahoo.co.jp/articles/216cb1468705198d0d764a0a66e6dacb1d7bcf97/images/000', 'https://thetv.jp/news/detail/1221122/p2/']"
反町隆史、杉野遥亮とのW主演『オクラ』は「自分自身でも出来上がりにすごく満足」（WEBザテレビジョン）,https://news.yahoo.co.jp/articles/1ad61f6b9cd0eb4683ff84d2b08e5adcc9c94777,https://newsatcl-pctr.c.yimg.jp/t/amd-img/20241008-01221620-the_tv-000-1-view.jpg?exp=10800,2024-10-08T17:36:08+09:00,2024-10-08T17:36:08+09:00,WEBザテレビジョン,the_tv,WEBザテレビジョン,2003,\n「オクラ～迷宮入り事件捜査～」の第1話先行カット＆反町・杉野のコメントが到着\n反町隆史と杉野遥亮がW主演を務めるドラマ「オクラ～迷宮入り事件捜査～」(毎週火曜夜9:00-9:54、フジテレビ系※初回は9:00-10:09／FOD・TVerにて配信)の第1話が10月8日に放送される。それに先駆けて、反町と杉野のコメント＆先行カットが到着した。\n【写真】反町隆史＆杉野遥亮、正反対の凸凹コンビ\n■“オクラ”状態の事件に挑むヒューマンミステリーエンターテインメント\n\n本作は、人情味あふれる昭和刑事とクールな令和刑事が、長期に渡って未解決となっている実質“オクラ(お蔵入り)”状態の事件に挑むヒューマンミステリーエンターテインメント。反町演じる人情に厚く“捜査は足で稼ぐ”がモットーの昭和刑事・飛鷹千寿(ひだかせんじゅ)と、杉野演じるクールでタイパ重視の省エネな令和刑事・不破利己(ふわとしき)のジェネレーションギャップバディが、わずかな手がかりを頼りに風化寸前となっていた事件の真相に迫っていく。\n\nそんな世代間ギャップある凸凹バディを演じる反町と杉野は本作で初共演。昭和人情派に対して令和クールという真逆な役どころを演じる初タッグの2人が、新時代のバディ像を見せていく。また、反町は「ワンダフルライフ」(2004年)以来約20年ぶりのフジテレビ制作連ドラ主演となり、杉野は「マウンテンドクター」(2024年)から2クール連続のフジテレビ系連ドラ主演となる。\n\n主演を務める2人のほか、橋本じゅん、白石麻衣、前田旺志郎、青木さやか、宇梶剛士らが出演する。\n\n■反町隆史コメント\n\nクランクインしてからオクラ部署でのシーンを中心に、日々チームが一つにまとまっていくのを感じています。それにつれてそれぞれのよさがさらに出てきて、スゴく良い現場だなと思っています。\n\nそんな皆で作り上げた第1話から、内容がすごく詰まっています。重厚なストーリーにポップな場面もあると思ったら、サスペンス要素もあって終盤には“えっ!?”と期待を裏切るところもある。でもストーリーには一つ筋がしっかり通っているので、自分自身出来上がりはすごく満足しています。\n\n人情あふれる昭和刑事と、クールで合理的な令和刑事の2人が言い合いぶつかり合いながらも一つの方向にむかって事件を解決していく姿を、是非たくさんの方々に見ていただきたいです！\n\n■杉野遥亮コメント\n\nオクラ部署内のシーンは、キャラクター同士の面白いやり取りも見どころ。序盤の撮影では反町さんが少しおどけて演じるシーンがあったのですが、そのシーンの撮影以降みんなが自分自身の役をより面白い方向に考えて芝居にひと工夫つけてみたり。そこからオクラの部署内がさらにまとまり始めた気がします。\n\n第1話の完成映像はまだ見ることができていないのですが、一足先に(編集で)見たスタッフさんたちが“すごく面白い！”と口をそろえて言ってくださるので、今夜リアルタイムで見るのがすごく楽しみです！オクラメンバーたちの団結力はもちろん、千寿とのバディ感もどんどん密になっていくと思いますので、その部分を大事にして作っていきたいです。そして視聴者の方々には内容の濃いストーリーを是非楽しんでいただけたらと思います。\n\n■「オクラ」第1話あらすじ\n\n長期未解決事件を扱う部署・通称“オクラ”には、元捜査一課強行犯係の昭和刑事・千寿(反町)をはじめ、ギャンブル狂いの室長・幾多(橋本)、元ヤン刑事の倫子(白石)、天才的ハッキング技術を持つ吉岡(前田)、元公安の主婦刑事・牧原(青木)、定年間際の温厚な刑事・鷲沢(宇梶)など、ひと癖もふた癖もある刑事たちが所属していた。\n\nそんな荒くれ者たちがそろう部署に、新しく利己(杉野)がやってくる。利己は所轄では優秀な刑事だったようだが、優秀なのは過去形で何かワケアリの様子。利己が千寿に指図され部署に届く目撃情報を整理していると、12年前に起きた女子小学生殺人事件に関する情報メールが届く。事件の被害者は当時10歳の少女で、母親と自宅で口論になり、家を飛び出した少女はそのまま帰らぬ人となってしまう。\n\n1カ月後、自宅近くの雑木林で餓死遺体として発見されるが、検視の結果、手足に拘束器具の跡がついていたことで殺人事件として捜査されることに。目撃情報から矢継周作(黒田大輔)という男が浮上したものの、証拠不十分で起訴することはできなかった。そしてそれ以降進展はなく、この事件は“お蔵入り”に。10年以上前の事件だったため千寿は「どうせガセネタだろ」と取り合わなかったが、メールの差出人は容疑者となっていた矢継。「面白くなりそうじゃねえか…」と千寿はつぶやき、利己、倫子とともに捜査を始めるのだった。,['https://newsatcl-pctr.c.yimg.jp/t/amd-img/20241008-01221620-the_tv-000-1-view.jpg?pri=l&w=640&h=426&exp=10800'],"['https://news.yahoo.co.jp/articles/1ad61f6b9cd0eb4683ff84d2b08e5adcc9c94777/images/000', 'https://thetv.jp/news/detail/1221620/13609443/']"
佐久間宣行氏、ヤーレンズとの収録中に起こったハプニングを告白「ちゃんと謝りに行ったけど、俺もびっくりしちゃった」（WEBザテレビジョン）,https://news.yahoo.co.jp/articles/8df7e0e3e7c58087c82d516ada837460c4f8a218,https://newsatcl-pctr.c.yimg.jp/t/amd-img/20241008-01221391-the_tv-000-1-view.jpg?exp=10800,2024-10-08T17:30:00+09:00,2024-10-08T17:30:02+09:00,WEBザテレビジョン,the_tv,WEBザテレビジョン,2127,\n佐久間宣行氏の「オールナイトニッポン0」が10月2日に放送された\n元・テレビ東京のプロデューサーで、現在はフリーのテレビマン・佐久間宣行氏がメインパーソナリティの「オールナイトニッポン0(ZERO)」(ニッポン放送)が10月2日にライブ配信アプリ「17LIVE」にて生配信された。生配信では番組収録の様子やリスナーからのリアルタイムでのコメントに加え本編放送後のイチナナ限定アフタートークも見ることができる。\n【動画】佐久間宣行のNOBROCKTV「ヤーレンズの100ボケ100ツッコミ」\n■「YouTubeは本当に謎ですよ。もう全く分かんない」\n\nこの日、自身のイベントのグッズである黒いTシャツを身に纏って登場した佐久間氏は、YouTubeチャンネル「佐久間宣行のNOBROCKTV」についてのトークを展開。メインチャンネルとサブチャンネルの2つを持っている佐久間氏だが、「サブチャンネルはおつまみを食って飲んでるだけなのに、再生数はちゃんと回ってるんだよね」とコメント。そして「YouTubeは本当に謎ですよ。もう全く分かんない」とぼやいた。\n\n続けてメインチャンネルの話題になり、「最近、福留(光帆)さんがただトークしてる、本当に企画でも何でもない回(『【トーク】福留光帆 半年前のニートだった自分が聞いたら腰抜かす事件ベスト7！』)がさ、全体の急上昇ランキングで1位だよ!?」と驚きの声を上げ、「いろんなアーティストの新曲を抑えてるから…もう怖いよね。何だか分かんない」と口にする。\n\n「ちなみに今日配信した『ヤーレンズの100ボケ100ツッコミ』は小ボケ祭りの30分」と宣伝をする佐久間氏は、「俺、『ヤーレンズのオールナイトニッポン0』が大好きだから、基本あれやってくれって言って(笑)」と明かした。\n\n「本編ではカットして最後のおまけに入れてるんだけど、一個大事件が起きて」と前置きした佐久間氏は、「それは『100ボケ100ツッコミ』って出てくる人、全部エキストラなわけ。エキストラの方だから、失礼なことを言っていいわけよ、それがボケになるから。で、芸人はそのつもりでやってるじゃん。だから楢原(真樹)も来た偽ディレクターとかに失礼なことをガンガン言ってたのね」と企画の内容を説明。\n\n「そうしたら、急にガチャっと開けて『デリバリーの何とかです』って。で、楢原は聞いてないけどデリバリーの人もエキストラかと思って、その人が持ってきた書類をそのままいきなり破り捨てたの」と振り返り、「…そうしたら(デリバリーはエキストラではなく)本当の人だったっていう」と大爆笑。\n\n「『違う違う違う！』ってなって、そのデリバリーの方も『え、お前何やってんだよ？』って…なるよね(笑)。でも収録は続いてるから、ADさんが走っていって、廊下で『違うんです違うんです！すみませんすみません！』ってめちゃくちゃ謝ったっていう」と事の経緯を明かした。\n\n「どうやら別の階と間違えてきてしまったようで、そっから楢原の調子が一瞬おかしくなるっていう(笑)」と思い出し笑い。「え、あの人マジだったんだ…っていうのがあって。『カメラを止めるな！』みたいになりました」と例え、「俺もびっくりしちゃった。ちゃんと謝りに行ったけど」と言って豪快に笑っていた。\n\n■「『小木の方が大喜利は強いし、小木は勝てますよ』」\n\nイチナナ限定アフタートークでは、おぎやはぎについての話題に花を咲かせる佐久間氏。「『ゴッドタン』(テレビ東京系)で一年に一回か半年に一回ぐらいの間隔で『コンビ大喜利グランプリ』っていうのをやってるんですよ」と口火を切った佐久間氏は、「大喜利苦手な相方に大喜利をさせるために、ネタを書いてる、大喜利をやるタイプの相方がお題を考えるっていうのをしてるんですけど」と企画の趣旨を説明する。\n\n「それが今回、錦鯉とモグライダーとコロコロチキチキペッパーでやってるんだけど、本当はそこに紅しょうがが出る予定だったんだよね。でも、熊元プロレスが急に当日体調不良になってお休みになっちゃったから、ひと組足りないなと思って、おぎやはぎが参戦してるんだよ」と打ち明ける。\n\n佐久間氏は「よく考えたらさ、矢作(兼)さんが大喜利のお題を考えて小木(博明)さんが答えてるんだけど、小木さんって『IPPONグランプリ』(フジテレビ系)チャンピオンなんだよね」と振り返り、「これは昔、矢作さんが言ってたんだけど、最初矢作さんに『IPPONグランプリ』のオファーがあったんだって。それで矢作さんが『いや、小木の方が大喜利は強いし、小木は勝てますよ』って言ったから、スタッフも『…本当？矢作さんが言うんだったら』って、小木さんにオファーしたんだって。そしたら小木さんがチャンピオンになったっていう」と逸話を披露していた。\n\n配信画面には、深夜3時過ぎにも関わらず、リスナーから「楢原さんのハプニングおもろいwww」「『NOBROCKTV』メインもサブも大好きすぎる」「ヤーレンズ待ってました！」等のさまざまな温かいコメントが寄せられた。,['https://newsatcl-pctr.c.yimg.jp/t/amd-img/20241008-01221391-the_tv-000-1-view.jpg?pri=l&w=640&h=412&exp=10800'],"['https://news.yahoo.co.jp/articles/8df7e0e3e7c58087c82d516ada837460c4f8a218/images/000', 'https://thetv.jp/news/detail/1221391/p2/']"
クールにキメる反町隆史、リラックスムードの杉野遥亮＆白石麻衣との3ショットに「すてきすぎる」の声＜オクラ＞（WEBザテレビジョン）,https://news.yahoo.co.jp/articles/3a6e80d2f966211375fc95f2520198d87a55042a,https://newsatcl-pctr.c.yimg.jp/t/amd-img/20241008-01221582-the_tv-000-1-view.jpg?exp=10800,2024-10-08T16:00:57+09:00,2024-10-08T16:00:57+09:00,WEBザテレビジョン,the_tv,WEBザテレビジョン,956,\n反町隆史、杉野遥亮、白石麻衣(写真左から)が出演するドラマ「オクラ～迷宮入り事件捜査～」の公式Instagramが更新\n反町隆史と杉野遥亮がW主演するドラマ「オクラ～迷宮入り事件捜査～」(毎週火曜夜9:00-9:54、フジテレビ系※初回10月8日は夜9:00-10:09／FOD、TVerにて配信)の公式Instagramが10月7日に更新。反町と杉野、白石麻衣のオフショットを公開した。\n【写真】反町隆史＆杉野遥亮＆白石麻衣、“オクラ”チームで出演した特番での3ショットにほっこり\n■昭和刑事と令和刑事がバディを組み“お蔵入り”寸前の未解決事件に挑む\n\n本作は、ドラマ「3年A組-今から皆さんは、人質です-」(2019年、日本テレビ系)や映画「テルマエ・ロマエ」(2012年)などを手掛けた脚本家・武藤将吾氏による完全オリジナルストーリー。反町と杉野が凸凹バディを組み、“お蔵入り”寸前の未解決事件に挑むヒューマンミステリーエンターテインメント。\n\n反町が人情に厚く“捜査は足で稼ぐ”がモットー昭和刑事・飛鷹千寿を、杉野がクールでタイパ重視の省エネな令和刑事・不破利己を演じ、白石、前田旺志郎、有澤樟太郎、青木さやか、三浦リョウ太、橋本じゅん、宇梶剛士、平山祐介、中村俊介、観月ありさらが出演。主題歌はKroiの「Jewel」となっている。\n\n■反町隆史＆杉野遥亮＆白石麻衣、すてきなオフ3ショットに期待大\n\nこの日、公式は「捜査メモ。\n#ドラマオクラ\n、いよいよ明日！よる9時スタート。\n#反町隆史さん\n、\n#杉野遥亮さん\n、\n#白石麻衣さんのオフショット入手\n。千寿＆利己＆倫子関係性にもご注目」などとコメントし、「警視庁」と表示されている画面の左右に、反町と杉野、白石が立つ3ショットを投稿した。\n\nこの投稿に「警視庁の文字に気持ちも引き締まります。カッコいいオクラチーム」「すてきすぎる3ショット！」「反町様とヨウの掛け合いがマジで気になるー」「まいやんかわいい」「まいやんと杉野君はリラックス感が強いが反町さんは決めに行ってる感じ」「楽しみすぎる」などの声があがり反響を呼んでいる。\n\n※「三浦リョウ太」の「リョウ」の漢字表記は「けものへん」に「尞」,['https://newsatcl-pctr.c.yimg.jp/t/amd-img/20241008-01221582-the_tv-000-1-view.jpg?pri=l&w=640&h=420&exp=10800'],"['https://news.yahoo.co.jp/articles/3a6e80d2f966211375fc95f2520198d87a55042a/images/000', 'https://thetv.jp/news/detail/1221582/13609356/', 'https://news.yahoo.co.jp/search?p=%23%E3%83%89%E3%83%A9%E3%83%9E%E3%82%AA%E3%82%AF%E3%83%A9&source=article-body', 'https://news.yahoo.co.jp/search?p=%23%E5%8F%8D%E7%94%BA%E9%9A%86%E5%8F%B2%E3%81%95%E3%82%93&source=article-body', 'https://news.yahoo.co.jp/search?p=%23%E6%9D%89%E9%87%8E%E9%81%A5%E4%BA%AE%E3%81%95%E3%82%93&source=article-body', 'https://news.yahoo.co.jp/search?p=%23%E7%99%BD%E7%9F%B3%E9%BA%BB%E8%A1%A3%E3%81%95%E3%82%93%E3%81%AE%E3%82%AA%E3%83%95%E3%82%B7%E3%83%A7%E3%83%83%E3%83%88%E5%85%A5%E6%89%8B&source=article-body']"
大島優子、褒められてうれしかったことは“駐車テク”「母だったり、主人にも。運転大好きなので」（WEBザテレビジョン）,https://news.yahoo.co.jp/articles/6dce0497b48faca06f88dce5137a42f3dcceb1b3,https://newsatcl-pctr.c.yimg.jp/t/amd-img/20241008-01221438-the_tv-000-1-view.jpg?exp=10800,2024-10-08T17:23:48+09:00,2024-10-08T17:23:48+09:00,WEBザテレビジョン,the_tv,WEBザテレビジョン,1770,\n大島優子\n俳優の大島優子が10月8日に都内で開催された「いちほまれ」新米発表会に登場。お笑いコンビ・タイムマシーン3号の山本浩司、関太と共に新米の魅力を伝えた他、自身が褒められてうれしかったことなどを語った。\n【写真】エプロンを身に着け、慣れた手つきでおにぎりを握る大島優子\n■「いちほまれ」新CMも放送開始\n\n「いちほまれ」は、「日本一おいしい、誉れ高きお米」として福井県がコシヒカリを超えるべく開発したブランド米。新CMが10月8日よりオンエア開始し、このほど令和6年産の新米が全国で販売されるということで、CMキャラクターの大島、シンボルサポーターズを務めるタイムマシーン3号がトークセッションに臨んだ。\n\n同CMキャラクター就任2年目に突入するということで、大島は「お米についてこの1年いろいろ考えました。CMキャラクターを務めて、どうやっておいしく食べようかっていうのを研究するというか、追求する1年だったと思います」とこの1年を振り返り、「炊き方から変えてみたりとか、今まであまり炊き込みご飯とかやったことがなかったんですけど、白いご飯だけではなく炊き込みご飯にしてみたり、いろんな味にしてみたり、そういうふうに味を楽しんでいましたね」と、CMキャラクターを務めたことによるご飯との向き合い方の変化を語った。\n\n令和6年産の新米についても「今季は粒がしっかりしていて、粒立ちがとても良くて、昨年同様かむと優しい甘みが口に広がるなと。これは『いちほまれ』の大きい特長で、すてきなポイントだと思います」と、しっかり魅力を伝えた。\n\nまた、フリップトークでは「いちほまれ」にちなんで「この1年で褒められて一番うれしかったこと『いちほまれなこと』」を発表することに。\n\n■大島、運転を褒められ「地味にうれしいですよね」\n\nこれに大島は「全然ないんですよ。今年1年全然褒められなかったな～」と嘆きつつ、「駐車が上手ダネ」と発表。「地味にうれしいですよね。母だったり、主人にも言われたり。車庫入れとか機械式駐車場とか、パーキングとかで入れるときに、ぐいぐいぐいっと(笑)」と、駐車テクニックを母親や夫の俳優・林遣都からも褒められたことを明かした。\n\nその流れで、MCから運転に自信があるのかと問われ「子どもがいるので、気を付けるようにしています。あと、運転が大好きなので楽しくて。乗っている人が眠くなるような運転をしたいっていつも思いながらやっています」と話すと、関も「素晴らしい。本当にうまい人の運転は(同乗者が)“怖くない”というのが一番大事ですからね」と賛同していた。\n\n一方、山本は「ついさっき楽屋で」とフリップに記載し、「さっき会社(太田プロダクション)の人間としゃべっていて、『ちょっと雨降っちゃったね。残念だね、せっかくのイベントなのに』みたいなことを言っていて、僕がふと『雨降らないといいお米は育ちませんよね』と言ったら、『山本さん初めていいこと言いましたね』って(笑)」と褒められたてホヤホヤのエピソードを打ち明けると、山本の答えを会場で聞いていた福井県の杉本達治知事が大きな拍手を送っていた。\n\nそして関は「ゴミ」と発表し、「今朝の話で、息子がまだ小さいんですけど、ご飯を食べさせるときに汚すからティッシュとかで口を拭くんです。そのまま置いておくんですけど、それを自分でバーッと(テーブルの下とかに落とす)。拾ってあげてもいいんだけど、『自分で散らかしたものだから、自分で拾いな』って。でも、だんだんイヤイヤ期とかも始まってきたから全然拾わなくて。何度も言うんですけど、どうしても拾わないから、『今日はしょうがない、俺が捨てるから』って捨てたら、息子が『捨てられたね』って。俺が散らかしたみたいなトーンで褒められて。複雑なんですけど、成長も含めてうれしかった」とやや複雑ながらも子どもに褒められたというほっこりエピソードを話し、大島から「親も成長するもんですからね」とフォローされていた。\n\nその後、福井県民が選んだ「いちほまれに合う最高のご飯のお供」ベスト5も公開され、ランキング上位の具材を使って3人それぞれおにぎり作りに挑戦した。\n\n◆取材・文・撮影=森井夏月,['https://newsatcl-pctr.c.yimg.jp/t/amd-img/20241008-01221438-the_tv-000-1-view.jpg?pri=l&w=640&h=458&exp=10800'],"['https://news.yahoo.co.jp/articles/6dce0497b48faca06f88dce5137a42f3dcceb1b3/images/000', 'https://thetv.jp/news/detail/1221438/13609745/']"
鞘師里保“露”がポン酢に浮気…？　ギャル後輩・桃月なしこ“ゆずな”が新たに登場＜めんつゆひとり飯２＞（WEBザテレビジョン）,https://news.yahoo.co.jp/articles/87c70917a3d5e00c4d1bc603537f38428ad1a1cb,https://newsatcl-pctr.c.yimg.jp/t/amd-img/20241008-01221295-the_tv-000-1-view.jpg?exp=10800,2024-10-08T17:00:00+09:00,2024-10-08T17:00:12+09:00,WEBザテレビジョン,the_tv,WEBザテレビジョン,1636,\n「めんつゆひとり飯２」第2話より\n鞘師里保主演のオリジナルドラマ「めんつゆひとり飯２」(毎週水曜夜11:00-11:30、ＢＳ松竹東急[全国無料放送・BS260ch])の第2話が10月9日(水)に放送される。本作は、瀬戸口みづきの代表作である同名4コマ漫画を実写ドラマ化したシリーズ第2作目。めんどうくさがり屋なズボラOLの面堂露(めんどうつゆ)が、万能調味料・めんつゆを駆使して、最強時短レシピ(ズボラ飯)を開発していく一風変わったグルメコメディドラマとなっている。\n【動画】桃月なしこ“ゆずな”、ギャル姿で鞘師里保“露”にポン酢を勧める\n■面堂露を取り巻く個性的なキャラクターたちが登場\n\n主人公の面堂露を演じるのは、前作に引き続きモーニング娘。の絶対的エースとして活躍した鞘師里保。また続投キャストとして、露の同期で料理に一切の妥協を許さない几帳面な性格の社長秘書・十越(とごし)いりこ役を演じる山口まゆや、炭水化物と脂質をこよなく愛する経理部の主任・保ヶ辺勉(ほかべつとむ)役の加治将樹、そして露が働く通販会社「YARANAI」の3代目社長で、常に無口な屋良内南藻(やらないみなも)役のふせえりなど、お馴染みの面々も出演する。\n\nさらに本作では新キャストも登場。前作では岡本夏美が演じた、露の後輩で保ヶ辺勉に恋する一途な乙女・白田舞(しろたまい)役を三原羽衣が、見た目はギャルだがポン酢料理が大好きな広報室の社員・本栖(もとす)ゆずな役を桃月なしこが、露の実姉で隠れズボラ女子の面堂草子(めんどうそうこ)役を筧美和子が、いりこの実弟で料理に妥協を許さない就活中の大学生・本出克雄(ほんでかつお)役をゆうたろうが演じる。\n\n■ギャル後輩・ゆずなにポン酢を勧められた露は…？第2話あらすじ\n\n株式会社「YARANAI」では、今日も社長の屋良内(ふせえり)からめんつゆをもらう露(鞘師里保)の姿が。そんなところへ、露の後輩で広報室のギャル社員・ゆずな(桃月なしこ)が露にポン酢の使用を勧めてくる。同じ経理部で露の後輩・舞(三原羽衣)と同期だというゆずな。入社当時はゆずなが失恋した舞を慰めたことをきっかけに2人は仲良くなったものの、ある些細な舞の言動をきっかけに現在は何となく疎遠状態になってしまったそうで…。\n\n露がそのことを舞に伝えると、舞は「見た目はギャルだけどとても真面目」とゆずなについて語り出す。舞が失恋した際もゆずなは「ぽん酢でさっぱり親子丼」を作って元気付けてくれたそうだ。そこで露は「ゆずなに謝りに行った方が良い」とアドバイスをして、2人の仲を取り持つことに。\n\nその夜、露は自宅でゆずなのお気に入りレシピ「ぽん酢でさっぱり親子丼」を作ってみる。“心の十越さん(山口まゆ)”の優しいツッコミを受けながら、ゆずなと舞の“友情の味”を再現するのだが――。\n\n■刺身のツマ×めんつゆ！ 5分でできる時短料理「いイカげん煮」が登場\n\n次回予告映像では、ゆずながギャル感満載で「たまにはポン酢も激おすすめっしょ！」と、ポン酢を露に差し出す様子が映し出される。\n\nまた、ポン酢に浮気をしてしまった露が、大根のツマを使って5分で作る時短料理「いイカげん煮」を振る舞い、屋良内と十越にジャッジしてもらうシーンも。ポン酢料理とめんつゆ料理の両方を楽しむ露の姿や、舞とゆずなの知られざる過去についても描かれる。\n\n第2話の放送を前にSNS上では、「キャストの呼吸がぴったりでよりパワーアップして帰ってきた感じ！」「刺身のツマを使ったレシピはおもしろい」などのコメントが続出。また「次回登場する新キャラも楽しみ！」「ポン酢ギャル期待大です」など、第2話から登場する新キャラ・ゆずなの登場を楽しみに待つ声も寄せられていた。\n\n水曜ドラマ23「めんつゆひとり飯２」第2話は、10月9日(水)夜11時よりＢＳ松竹東急にて放送。,['https://newsatcl-pctr.c.yimg.jp/t/amd-img/20241008-01221295-the_tv-000-1-view.jpg?pri=l&w=640&h=360&exp=10800'],"['https://news.yahoo.co.jp/articles/87c70917a3d5e00c4d1bc603537f38428ad1a1cb/images/000', 'https://thetv.jp/news/detail/1221295/p3/']"
Snow Man渡辺翔太「かっこよく完成したキービジュアルたくさん見てください」『この世界は1ダフル』ポスター完成（WEBザテレビジョン）,https://news.yahoo.co.jp/articles/e08a5baff5b0e662194dd898d7f3faea88fca8d4,https://newsatcl-pctr.c.yimg.jp/t/amd-img/20241008-01221569-the_tv-000-2-view.jpg?exp=10800,2024-10-08T15:00:00+09:00,2024-10-08T15:07:25+09:00,WEBザテレビジョン,the_tv,WEBザテレビジョン,973,\n「この世界は1ダフル」より\n東野幸治と、Snow Man・渡辺翔太がMCを務める新バラエティー番組「この世界は1ダフル」(夜9:00-9:54、フジテレビ系※初回は夜8:00-9:54)が10月17日(木)からスタートする。この度、東野＆渡辺がクールにキメるポスターが完成し、2人からコメントが到着した。\n【写真】布団から顔だけ出して甘～い笑顔の渡辺翔太\n■「この世界は1ダフル」とは\n\n本番組は、雑誌の名編集者、一流弁護士、人気ウエディングプランナー、脚本家など、さまざまな世界で活躍する一流たちが見聞きした“人生で1番スゴい話”、すなわち“1ダフル(ワンダフル)なエピソード”を紹介するバラエティー番組。\n\n実際の映像や当事者のインタビュー・事実を基に映像化したショートドラマなど、VTR形式で紹介し、さまざまな出来事の裏に隠された1ダフルなエピソードの数々を伝える。\n\n初回ゲストには広瀬アリス、辻希美、佐藤栞里、劇団ひとりが登場。伝説のバドミントンペア“オグシオ”こと小椋久美子、潮田玲子が選ぶ「人生で1番、手に汗握った試合」などが紹介される。\n\n■東野幸治＆渡辺翔太がクールにキメる“一流”感満載のキービジュアル完成\n\n今回解禁されたキービジュアルは、MCを務める東野と、レギュラーバラエティー番組のMC初挑戦の渡辺が、シックな装いできらびやかな椅子に座る姿を捉えたもので、クールで“一流”感満載な1枚に仕上がっている。\n\n■東野幸治 コメント\n\nレギュラー番組のポスターなんてセットの前で撮ったりするだけのことが多いのに、こんなふうに作るなんて初めての経験でした。本当に充実感でいっぱいです。僕もSnow Manさんと、渡辺くんと一緒にできるなんてありがたい話で。こんな経験できるのは、渡辺くんのおかげやね。\n\n■渡辺翔太 コメント\n\n自分がゴールデン帯のMCという立場でテレビに出るということに、まだ実感があまりなく…ふわふわしています。(東野から家族とかに言ったの？と聞かれ)めちゃくちゃ自慢しました！\n\n両親からしたら自分の息子が東野さんと横並びで番組に出るなんて想像していなかったと思うので、喜んでくれていると思います。かっこよく完成したキービジュアル、たくさん見てください！,['https://newsatcl-pctr.c.yimg.jp/t/amd-img/20241008-01221569-the_tv-000-2-view.jpg?pri=l&w=640&h=396&exp=10800'],"['https://news.yahoo.co.jp/articles/e08a5baff5b0e662194dd898d7f3faea88fca8d4/images/000', 'https://thetv.jp/news/detail/1220041/13572753/']"
荒木飛羽＆曽野舜太＆藤本洸大「LGBTQは何も特別なことじゃない」＜スメルズ ライク グリーン スピリット＞（WEBザテレビジョン）,https://news.yahoo.co.jp/articles/3169299f163127878ef2ab3e54dc5f3814fba61f,https://newsatcl-pctr.c.yimg.jp/t/amd-img/20241008-01221399-the_tv-000-1-view.jpg?exp=10800,2024-10-08T17:00:00+09:00,2024-10-08T17:00:17+09:00,WEBザテレビジョン,the_tv,WEBザテレビジョン,3147,\n左から曽野舜太、荒木飛羽、藤本洸大\n荒木飛羽主演のドラマフィル「スメルズ ライク グリーン スピリット」(毎週木曜深夜1:29-1:59ほか、MBSほか※FODにて見放題独占配信)が現在放送中。本ドラマは、青春ストーリーの金字塔である永井三郎原作の同名漫画の実写ドラマ版。クラスで浮いていて “髪が長い”という理由でいじめられる主人公・三島フトシと、“本当の自分”を押し殺して三島をいじめる桐野マコト、三島に対して強く当たってしまう夢野太郎ら少年たちのひと夏を描いている。このたび、WEBザテレビジョンでは、三島を演じた荒木と、桐野役の曽野舜太、夢野役の藤本洸大にインタビューを実施。本作への思いや撮影秘話を聞いた。\n【写真】曽野舜太“桐野”に口紅を塗るボブヘアの荒木飛羽“三島”\n■藤本「ひと夏のことなのに人の一生を見ている感じの満足感」\n\n――原作と脚本を読んだ感想から教えてください。\n\n曽野：僕は読む前にキラキラの青春ストーリーをイメージしていたんですけど、読めば読むほど単純な物語ではないなと引き込まれました。読み終えてから、“これを自分が演じるんだ”と改めて思い、“期待に応えたい、いいものを作りたい”という気持ちになりました。\n\n荒木：僕は最初に原作を読ませていただいたときに、言葉にできない読後感がありました。あと、三島はすごくかわいい子で、僕にできるのかなという不安もあったんですけど、桐野や夢野や柳田先生(阿部顕嵐)に対してそれぞれ違った感情を持っているので、その感情にちゃんと向き合って演じようと思いました。\n\n藤本：僕はオーディションだったんですけど、原作を一気に読んでしまって。ひと夏のことなのに人の一生を見ている感じの満足感があって、展開も目まぐるしくてすごいなと思いました。それと、自分は実際に高校生のときに同性愛の友だちが周りにいて、LGBTQの授業もあったりして、僕自身どのように捉えればいいのか考えていたこともあったんですけど、この作品に触れて、LGBTQは何も特別なことじゃなくて、いい意味で悩む必要はなかったんだなと気付くことができました。\n\n■曽野「好きっていう気持ちをライクとラブで分けなくてもいい」\n\n――それぞれの役へのアプローチはどのようにされましたか？\n\n曽野：桐野は男の子だけど心が女の子で、男の子に好意を持つという役柄です。僕自身は男の子に恋愛感情を持ったことがなかったのですが、僕はグループ活動をしていてメンバーのことがすごく好きなんです。メンバーのことを愛しているかどうかと考えていくうちに、好きっていう気持ちをライクとラブで分けなくてもいいというか、ただ人を愛する気持ちと思ったら自然と役作りができました。\n\n荒木：原作を読んだときに、三島がいじめられているシーンにもコミカルな部分があって、原作に寄せたほうがいいのか迷いました。監督に相談すると、「自分が思う三島を演じて大丈夫」と言ってもらえたので、しっかり原作を読んで、原作の三島からもらえるところはもらって、あとは自分なりの三島を演じさせてもらいました。\n\n藤本：夢野はすごく明るくて純粋過ぎるほど純粋なキャラクターだと思いました。原作を読んですごくリアクションが大きいんだろうなと思っていたので、僕自身の普段の学校の友だちに対するリアクションもたぶん大きくなっていたと思います(笑)。\n\n■荒木「『暑い暑い』って盛り上がったらもう仲良くなっていました」\n\n――役とご自身との共通している部分を教えてください。\n\n曽野：桐野は周りの環境もあって自分の感情を押し殺して外面のキャラを作っていて、そこが似ているなと思いました。僕は大人に良く見られようという気持ちが潜在的にどうしてもあって、もう自分のアイデンティティーになっているところがあるんですよね。\n\n荒木：僕はかわいいものが好きなところかな。自分も小さい頃からぬいぐるみとかかわいいものがすごく好きで、気付いたらベッドの周りがぬいぐるみだらけとかよくあって。今もディズニーのダッフィーのぬいぐるみがないと寝られないです。\n\n藤本：僕は共通点ではなくて逆の部分なんですけど、僕自身は部屋をきれいに片付けるというかそもそも物がほとんどなくて。それに対して夢野は部屋を結構散らかす性格なので、宅配の段ボールもそのまま放置したりしていました。そういう部屋に住んで夢野っぽい感覚になろうかなって。\n\n――お互いの第一印象と共演してからの感想はいかがですか？\n\n曽野：荒木くんはロックでパンクでかっこいいイメージだったんですけど、会ったときにはもうエクステを付けていて、ボブでかわいいなと思っていたら、オムライスが好きで自分でも作っていると話していて、“なんだこのかわいいやつ”って(笑)。でも、共演していく中で、少年っぽさも感じてギャップに惹かれていきましたね。藤本くんは逆にギャップがなくて明るい太陽みたいな存在でした。\n\n荒木：初めて会った本読みのときはみんな結構硬かったんですけど、撮影が始まったら自然と打ち解けました。最初の走るシーンの撮影が初日で、真夏の暑すぎる中、走っていたらみんな吹っ切れて。\n\n曽野：あれヤバかったよね。\n\n藤本：ヤバかった。\n\n荒木：「暑い暑い」って盛り上がったらもう仲良くなっていました。\n\n藤本：曽野さんは王子様のようで、最初はキラキラしていて。\n\n――最初は…？\n\n曽野：え、怖い怖い(笑)。\n\n藤本：いや、撮影に入ったら皇帝というか。\n\n曽野：威張ってるやつじゃん(笑)。\n\n藤本：役柄的に僕は桐野には逆らえないので。桐野はトップにいて僕はその犬みたいな感じだったんです。でも、実際には優しくて、僕たちの騒がしい感じにも混ざってくれて。飛羽くんはテレビや映画で見ていた感じと違って、少年っぽくてかわいいなと思いました。\n\n■藤本「もともと型なんて存在しないということを再認識できた」\n\n――いじめや主人公たちの悩みや葛藤が描かれる本作ですが、役を通して考えさせられたことなどがあれば教えてください。\n\n曽野：舞台は田舎ですけれど、都会にいても、コミュニティーの狭さを感じることってあると思うんですよ。学校だとかママ友だとか。いい話は全然広まらないのに悪いうわさはすぐ広まったり、自分に重なる部分があるんじゃないかと。とてもリアルに描かれていると思います。\n\n荒木：監督とも話したんですけど、少年たちの日常を切り取った感じに撮りたくて、本当にリアルだと思うので、学生の方に届いてほしいです。心のよりどころになったり不安な感情とかも全部ぶつけられる作品になるといいなと思います。あと、お母さんがこの原作を読んで「感動した、すごく良かった」と言っていて。まだまだ子どもな自分とは絶対に違った受け取り方をしていると思うので、いろいろな世代の方に見てほしいです。\n\n藤本：やっぱり人間って型にはめたいというか、型から抜け出している少数の人のことを“普通じゃない”と言う傾向があると感じています。でも、全部まとめて普通というか、もともと型なんて存在しないということを僕としてもこの作品で再認識できたので、皆さんにとっても考える機会になったらうれしいです。きれい事に聞こえるかもしれないけど、そういう意識を持つことが大切だなと思います。\n\n◆取材・文＝牧島史佳\n撮影＝小川拓洋\nヘア&メーク＝反田やよい(荒木飛羽)、中島愛貴(曽野舜太)、粕谷ゆーすけ(藤本洸大),['https://newsatcl-pctr.c.yimg.jp/t/amd-img/20241008-01221399-the_tv-000-1-view.jpg?pri=l&w=640&h=426&exp=10800'],"['https://news.yahoo.co.jp/articles/3169299f163127878ef2ab3e54dc5f3814fba61f/images/000', 'https://thetv.jp/news/detail/1221399/13605382/']"
桐谷健太“栗山”、影山拓也“矢口”との凸凹コンビの相性抜群　「バディ感があってよかった」とトレンド入り発進＜Qrosの女＞（WEBザテレビジョン）,https://news.yahoo.co.jp/articles/6fdcdf8e7ee43ba3d6533eb48c63d47a084f1e98,https://newsatcl-pctr.c.yimg.jp/t/amd-img/20241008-01221463-the_tv-000-1-view.jpg?exp=10800,2024-10-08T13:28:46+09:00,2024-10-08T13:28:46+09:00,WEBザテレビジョン,the_tv,WEBザテレビジョン,1481,\n「Qrosの女 スクープという名の狂気」第1話より\n桐谷健太が主演を務めるドラマプレミア23「Qrosの女 スクープという名の狂気」(毎週月曜夜11:06ー11:55、テレ東系/Lemino・TVerにて配信)の第1話が10月7日に放送された。敏腕記者・栗山(桐谷)と若手記者・矢口(影山拓也)の凸凹コンビぶりに思わず笑わされ、SNSでも「しごでき栗山さんにうまいこと転がされる矢口くん素敵キャラ」「バディ感があってよかった」とコメントが寄せられてトレンド入りを果たした。(以下、作品のネタバレを含みます)\n【写真】車内で張り込み中に動画を見る栗山(桐谷健太)と矢口(影山拓也)\n■芸能界の闇を炙り出すゴシップエンターテインメント\n\n同ドラマは、誉田哲也が新境地に挑み綴った、「芸能界」と「週刊誌」を舞台にした長編同名小説が原作。話題のCM美女「Qros(キュロス)の女」の正体を巡って、芸能界、週刊誌業界だけでなく一般人までも巻き込んだミステリーとサスペンスが入り混じるゴシップエンターテインメント。\n\n「世の中が求めるネタを提供しているだけだ」と言いながらあらゆる芸能人の“真実”を暴き、部数を上げていく「週刊キンダイ」所属のスクープを連発する敏腕記者・栗山孝治が、ある謎の女性「Qrosの女」との出会いをきっかけに、思いもよらぬ事件に巻き込まれていく姿を描く。\n\n栗山とタッグを組む若手記者・矢口慶太を影山拓也(IMP.)が、「週刊キンダイ」の編集長・林田彰吾を岡部たかしが、栗山と因縁がある謎のブラックジャーナリスト・園田芳美を哀川翔が、栗山の妹・栗山志穂を田村保乃(櫻坂46)が演じる。\n\nまた、謎の美女「Qrosの女」とCMで共演し、話題となった人気俳優・藤井涼介役を増子敦貴(GENIC)が、“Qros”のCMに出演する人気俳優・福永瑛莉役をなえなのが、格闘家・近藤サトル役を三浦孝太が、能界を引退後、消息不明となっている元俳優・遠藤亜矢(久岡リナ)役を川島海荷が、話題のCM美女「Qrosの女」役を演黎架が務める。\n\n\n■敏腕記者・栗山は元政治班の若手記者・矢口を従え、取材にあたる\n\n「週刊キンダイ」の敏腕記者・栗山孝治は、アイドルグループ・モンアイのモナ(寺本莉緒)と塾講師・日比野純也(渡辺光)の不倫現場を追っていた。証拠を掴むため元政治班の若手記者・矢口慶太を従え、取材にあたる。\n\n■取材対象が建物から出てくるが、矢口は食べ続け…\n\n張り込み中に矢口が買い出しから戻り、栗山にパンを渡すと矢口はパスタを買ってきていた。栗山が「え…あっためたの？時代は変わったねぇ」と呆れると、矢口は「食べます？」と尋ねる。矢口がパスタを食べていると、モナらしき女性が建物から出てくるが、まだパスタを食べ続ける矢口。栗山が車を出せと指示し、矢口が慌てて車を出発させるとパスタが大量にズボンにこぼれてしまう。\n\nまた、別の日に栗山が犬を使ってモナと日比野に近づき、写真を隠し撮りして話を聞き出すことに成功。しかし、そこに矢口が走ってきて突撃取材を敢行し、台無しにしてしまうのだった。\n\nベテランでやり手の栗山と若手で突っ走ってしまう矢口の対比に思わず笑ってしまうし、凸凹コンビとしての相性が抜群に感じられた。SNSでも「しごでき栗山さんにうまいこと転がされる矢口くん素敵キャラ」「凸凹感が本当いい感じ」「バディ感があってよかった」とコメントが寄せられ、トレンド入りを果たした。\n\n◆構成・文＝牧島史佳,['https://newsatcl-pctr.c.yimg.jp/t/amd-img/20241008-01221463-the_tv-000-1-view.jpg?pri=l&w=640&h=426&exp=10800'],"['https://news.yahoo.co.jp/articles/6fdcdf8e7ee43ba3d6533eb48c63d47a084f1e98/images/000', 'https://thetv.jp/news/detail/1221463/13606343/']"
生田絵梨花、最終回オフショットで生徒たちと寄り添い笑顔　「この写真ください」と生徒役本人からコメント＜素晴らしき哉、先生！＞（WEBザテレビジョン）,https://news.yahoo.co.jp/articles/86b72603092f298992975f6658c5f77fe66e359a,https://newsatcl-pctr.c.yimg.jp/t/amd-img/20241008-01221555-the_tv-000-3-view.jpg?exp=10800,2024-10-08T14:10:41+09:00,2024-10-08T17:31:52+09:00,WEBザテレビジョン,the_tv,WEBザテレビジョン,840,\nドラマ「素晴らしき哉、先生！」の公式Instagramが更新\n生田絵梨花が主演を務め、10月6日に最終回を迎えたドラマ「素晴らしき哉、先生！」(毎週日曜夜10:00-10:54、テレビ朝日系)の公式Instagramが10月7日に更新。生田と生徒たちのオフショットが公開され、反響を呼んでいる。\n【写真】薬指に指輪が…りお(生田絵梨花)に聖也(小関裕太)がプロポーズした際のオフショット\n■新米高校教師がストレスに耐えながら奮闘する学園ドラマ\n\n生田が地上波連続ドラマ初主演を務める本作は、キャリア2年目の高校教師・笹岡りお(生田)が数々の理不尽に苛まれ常に辞め時を模索しながらも、何だかんだで生徒のために奮闘していく姿を描いた学園ドラマ。\n\nりお(生田)は過酷な仕事の毎日に退職を考えるほどストレスを抱え、我慢も限界となる。退職を決意するも、そのタイミングでクラス担任に急きょ欠員が発生し、りおに穴埋めのお鉢が回ってきてしまう。初めての担任で3年生を任されることとなったりおの教師生活は、さらなる茨の道に突入する、という物語が描かれた。\n\nまた、りおの生徒役として矢吹奈子、葉山奨之、小宮璃央、徳永智加来が出演した。\n\n■先生と生徒のスマイルショットに「この笑顔で1日の疲れが吹っ飛んだ」の声\n\nこの日、公式Instagramでは「最終話オフショット 翔平(\n#徳永智加来\n)と一緒に文化祭を迎えることは出来ませんでしたが、彼の未来がどうか明るいものでありますように」などのコメントとともに、写真を投稿。写真には生田と生徒役の矢吹、葉山、小宮、徳永が肩を寄せ合い笑顔を見せる姿が写っている。\n\nこの投稿にドラマ視聴者からは「最終話、涙溢れてたまらんかった」「感動をありがとうございました」「翔平の笑顔見られて嬉しいよ」「みなさんお疲れ様でした」などと多くの反響がある中、「この写真ください」とまさかの小宮本人からのコメントも寄せられている。,['https://newsatcl-pctr.c.yimg.jp/t/amd-img/20241008-01221555-the_tv-000-3-view.jpg?pri=l&w=640&h=634&exp=10800'],"['https://news.yahoo.co.jp/articles/86b72603092f298992975f6658c5f77fe66e359a/images/000', 'https://thetv.jp/news/detail/1221555/13608812/', 'https://news.yahoo.co.jp/search?p=%23%E5%BE%B3%E6%B0%B8%E6%99%BA%E5%8A%A0%E6%9D%A5&source=article-body']"
永瀬莉子&野村康太、“影響を受けた人物”を明かす「常に憧れている存在」「この仕事を始めたきっかけの方」＜その着せ替え人形は恋をする＞（WEBザテレビジョン）,https://news.yahoo.co.jp/articles/8ca4e6bf3efa1fe1034a7cf925c7f6e7681ae011,https://newsatcl-pctr.c.yimg.jp/t/amd-img/20241008-01221559-the_tv-000-2-view.jpg?exp=10800,2024-10-08T14:00:00+09:00,2024-10-08T21:34:54+09:00,WEBザテレビジョン,the_tv,WEBザテレビジョン,2692,\nドラマイズム「その着せ替え人形は恋をする」制作発表会見に登壇した(左から)永瀬莉子、野村康太\n10月8日よりスタートするドラマイズム「その着せ替え人形は恋をする」(毎週火曜深夜1:28-1:58ほか、TBSほか)の制作発表会見が同日都内にて行われ、W主演を務める永瀬莉子と野村康太が登壇。役づくりについてや、人生で影響を受けた人物、全力投球していることなどを語った。\n【写真】永瀬莉子の役づくりを絶賛する野村康太\n同作は、累計1100万部突破の福田晋一による同名漫画が原作。コスプレ衣装作りをきっかけに、違う世界にいた高校生の男女2人が距離を縮めていく様を描く“好きなものに全力投球のコスキュンラブコメディー”となっている。\n\n人気者のコスプレ大好きギャル・喜多川海夢(きたがわ・まりん)を永瀬、海夢のクラスメートで雛人形職人を目指す男子高校生・五条新菜(ごじょう・わかな)を野村が演じる。なお、野村は同作が地上波ドラマ初主演となる。\n\n■「不安がなかったかというとうそになる」\n\nオファーを受けたときの率直な感想を問われると、永瀬は「元々大人気な原作というのも知っていたので、不安がなかったかというとうそになるんですけど、海夢ちゃんの愛らしさというか、愛おしくなるような存在を演じられるのがすごくワクワクしましたし、撮影に向けてしっかり準備して挑めたらなと思いました」とコメント。\n\n野村は「大人気な原作のドラマ化にこうやってW主演として携われるということで、率直にうれしい気持ちでいっぱいでしたし、僕自身、プライベートでラブストーリーとかラブコメを見るのがすごく好きで、キュンキュンするのが大好きなんですけど、ついに僕が誰かに与えるような立場にならなきゃいけないということで、本当にすごく楽しみな気持ちでいっぱいでした。早く撮影したいなという思いでした」と語り、不安よりも楽しみが勝っていたことを明かした。\n\nクラスのムードメーカーで周囲を引き込む明るさを持つ海夢を演じる永瀬は、「想像以上にパワフルな子で、底抜けの明るさを持っているので、毎日撮影が終わった後、家に帰ったら抜け殻のようになっていました」と告白。\n\nまた、海夢の「好きなことには全力で飛び込めばいいじゃないか」という言葉が自身にも刺さったといい、「私もお芝居をする中で迷ったりすることもあるんですけど、その言葉は本当に今でも胸に残っている言葉です」と語った。\n\n■野村康太、役づくりのため生活拠点を和室にチェンジ\n\n一方の野村は、「新菜ってすごくうぶで、超がつくほど真面目で、あとはとにかく雛人形がすごく好きなんですけど、僕、あまり人生で雛人形に触れてきたことがないので、携帯のロック画面を雛人形にしてみたり。夜中に見るとちょっとびっくりするんですけど(笑)」と独自の役づくり法を明かす。\n\nさらに、和室で過ごす新菜の気持ちに近づくため、家の和室にベッドなど身の回りの荷物を全て移動し、実際に和室で生活して形から入るようにしていたという。\n\nまた、ギャル役を演じるため髪の毛の色を明るいハイトーンにした永瀬のことを、「すごく似合っていますよね。もうキラキラしていて」とまぶしそうに見つめる野村。\n\n劇中で披露されるコスプレ姿についても「まずクオリティーがすごく高いのと、どれも全部すっごく似合うんですよね。顔にテープを貼ったり、ウィッグをかぶったり、崩れちゃわないように気を遣うじゃないですか。その中で莫大なセリフの量とテンションと…僕だったらもうヘトヘトになっていると思うんですけど、 現場では毎日ニコニコで。とにかくすごいなと思いました」絶賛した。\n\n\n■野村康太の芸能界入りのきっかけは“菅田将暉”\n\n海夢と新菜、正反対の2人が互いに影響を受けて成長していく同作にちなみ、今までの人生で影響を受けた人物は誰かを問われると、野村は「菅田将暉さん」と回答。\n\n「この仕事を始めたきっかけの方と言ってもいい。高校生のときにあるドラマを見て、菅田将暉さんのお芝居からすごくいろいろな影響を受けて、僕もいつかは誰かに憧れられるような存在だったり、プラスな影響を与えられるような存在になりたいなと菅田将暉さんのおかげで思って、この業界を目指しました」と明かした。\n\n3姉妹の末っ子の永瀬は、姉2人に影響を受けたそうで、「その2人は小さい頃から常に身近にいた憧れのお姉さんという感じで、ファッションに興味を持ったのも、メークをやってみたいなと思ったのも姉の影響なので、今もお買い物に一緒に行ったりするくらい仲がいいんですけど、常に憧れている存在です」と語った。\n\n\n続いて、いま全力投球していることについて問われると、永瀬は「『桃太郎電鉄ワールド ～地球は希望でまわってる！～』です」と回答。「ワールドなので海外に行けたような、世界各国を回れたような気分になれる」とコメント。\n\n一方の野村は、「僕、筋トレに最近すごく力を入れていて。元から筋トレをやっていたり、スポーツとかをやっていたんですけど、最近は今までの人生で一番筋トレに力を注いでいるというか、毎日ジムで1時間半ぐらい筋トレして、すごく食べて、体を大きくしようとしています」と言及。\n\n司会者から「服を着ていると細身に感じる」と言われると、「意外とこう見えて、脱いだらバキバキみたいな」と照れ笑い。一番自信のある筋肉は肩とアピールしていた。\n\n\n最後に野村は、「登場人物が本当にみんな優しい心の持ち主で、すごく平和で穏やかな“コスキュンラブストーリー”となっています。新菜と海夢ならではの2人のかわいらしい掛け合いもぜひ温かく見守っていただけたらうれしいです。ぜひ、この秋冬は『その着せ替え人形は恋をする』に癒されてほしいです」とあいさつ。\n\nそして永瀬が、「私たちが演じた2人は高校生なんですけど、学生時代だったりその後の人生でも、好きなことをやっていいのかな、続けていいのかなと迷うことってたくさんあると思うんですけど、そんなときに、この作品が背中を押してくれる言葉をたくさん投げ掛けてくれていて。好きなことを全力で続けていいんだよ、真っすぐ突き進んでいいんだよと教えてくれる、そんな作品になっていますので、ぜひそこも注目していただきたいですし、コスプレもたくさんチャレンジして着ていますので、そこもぜひ注目していただきたいです」と呼び掛け、イベントは終了した。,['https://newsatcl-pctr.c.yimg.jp/t/amd-img/20241008-01221559-the_tv-000-2-view.jpg?pri=l&w=640&h=426&exp=10800'],"['https://news.yahoo.co.jp/articles/8ca4e6bf3efa1fe1034a7cf925c7f6e7681ae011/images/000', 'https://thetv.jp/news/detail/1221559/13608921/']"
高嶺のなでしこ、国立代々木競技場 第二体育館ワンマン決定「先があるって当たり前のことじゃないから、すごくうれしい」（WEBザテレビジョン）,https://news.yahoo.co.jp/articles/2bdc0de5fbbb51563c8e2f24b0af5172baf9834e,https://newsatcl-pctr.c.yimg.jp/t/amd-img/20241008-01221523-the_tv-000-1-view.jpg?exp=10800,2024-10-08T12:18:07+09:00,2024-10-08T12:18:07+09:00,WEBザテレビジョン,the_tv,WEBザテレビジョン,4605,\n高嶺のなでしこが10月6日、東京・Zepp DiverCity(TOKYO)で2周年記念Zepp TOUR 2024「瞬きさえ忘れる。」ファイナル公演を開催した\n10人組アイドルグループ・高嶺のなでしこが10月6日、東京・Zepp DiverCity(TOKYO)で、結成2周年記念のZepp TOUR 2024「瞬きさえ忘れる。」ファイナル公演を開催。2025年2月14日(金)に、東京・国立代々木競技場 第二体育館でワンマンライブを開催することを発表した。\n【写真】新曲「アドレナリンゲーム」を披露する高嶺のなでしこ\n■満員のZepp DiverCity(TOKYO)は「誇り高きアイドル」で開幕\n\nHoneyWorksがサウンドプロデュースを務める高嶺のなでしこ。9月15日に北海道・Zepp Sapporoで迎えたツアー初日から3週間で5大都市圏5公演を行い、この日のZepp DiverCity(TOKYO)では結成から2年でキャパ2400人を埋めるまで成長した。\n\nスクリーンに映し出された時計が秒を刻み、2周年にちなんで2時を指すとOvertureが流れ「誇り高きアイドル」でライブはスタート。東山恵里沙と松本ももなの歌い出しから会場は凛とした空気に包まれ、思い思いのペンライトが輝き出す。\n\n「決戦スピリット」の冒頭で「盛り上がる準備できてますかー！」と声を上げる籾山ひめりにファンは息の合ったコールで応え、「Break out!」とあおるメンバーに合わせて一緒にジャンプ。「革命の女王」「美しく生きろ」とアッパーな曲が続き、10人は一体感のあるダンスで魅了すると共に、ソロパートでも力強いボーカルを響かせる。\n\nMCでは体調不良から復帰した城月菜央も元気にあいさつ。籾山が「10人で、瞬きさえ忘れるステージを作っていきます！」と意気込み、キュートな楽曲が続く中盤へ。TikTokでキラーチューンとなった「可愛くてごめん」はキャッチーなダンスでかわいさをアピールし、コミカルな王道アイドルソングの「推しの魔法」ではラスサビ前の「言いたいことがあるんだよ！ やっぱりたかねこかわいいよ！」をメンバーと観客によるコール＆レスポンスで盛り上げる。\n\n「私より好きでいて」でもステージからハッピーオーラを振りまき、「ヒロインは平均以下。」ではステージ上に登場したカメラに向かって、メンバーが思い切りキュートなアピールを見せるなど、ステージからもスクリーンに映る表情からも目が離せない、瞬きもできない時間が続いた。\n\n■HoneyWorksのカバーや“瞬きなし50秒レスチャレンジ”に挑む\n\nここから選抜メンバーが、HoneyWorksの楽曲カバーを披露。城月、橋本桃呼、東山、星谷美来が「小悪魔だってかまわない！」をフレッシュに歌い、涼海すう、葉月紗蘭、春野莉々、日向端ひな、籾山が都会的なディスコチューン「ラブホイッスル」でクールに踊る。\n\nカバーパートの最後には松本が、赤と青のジャケットにゴールドの縁取りをあしらった新衣装で登場。甘美なポップチューン「死ぬまでダーリン」をあざとく歌い、客席も松本のカラーの薄ピンクに染まっていく。直後のMCで、橋本が「ももな結婚してくれ！」と叫ぶほどの正統派アイドルぶりを見せた。\n\nその後、新衣装で勢ぞろいした10人から、城月がツアータイトルにちなんで“瞬きなし50秒レスチャレンジ”に挑戦。松本も60秒のチャレンジを行い、ファンへの表情や目線でのアピール力を競い合う。\n\n「ここからも瞬きさえ忘れるパフォーマンスを披露しちゃいますよ～！」(橋本)とライブパートに戻ると、「アンチファン」「LOVE ANTHEM」をパワフルに歌い踊り、「LOVE ANTHEM」の大サビでメンバーは「JUMP!」とファンをあおっていく。撮影OKタイムの「モテチェン！」「女の子は強い」は再びキュートな2曲となり、シリアスからキュートまで振り幅の広さを印象付ける。\n\nここでZeppツアーを振り返り、「福岡や大阪で桃呼が積極的にMCを回してくれていて、『めっちゃ緊張する』って楽屋でも珍しく無口だったのに、本番はバッチリでMCマスターでした」と明かす星谷。“MC番長”ぶりを褒められた橋本は、「こんなにも良いメンバーが集まることって、本当に奇跡だなと思って。こうして活動できていることがすてきだなって感じながら、みんなのことを考えてました」と感激する。\n\nまた「みんなでごはんに行くようになって、お洋服を褒められるときのひめりがかわいいんです」(涼海)と、キャプテン・籾山の一面が明かされた。\n\n■新曲「I'M YOUR IDOL」で本編を締めくくる\n\nライブも後半に入り、「僕は君になれない」「乙女どもよ。」でファンとメンバーの一体感は高まっていく。「月曜日の憂鬱」でもファンからコールの声は衰えず「ラ ラ ラ…」のアウトロをステージと客席が一体になって歌い、「センパイ。」「恋を知った世界」と恋する女の子の青春ソングが続く。\n\n2年前、元「ラストアイドル」のメンバーと、オーディションで選ばれた7人の合計10人で産声を上げた高嶺のなでしこ。籾山は「ファンの皆さまより“たかねこ”の10人の方が多いんじゃないかと思う日もありながら、ライブを続けてきました。その中で絆がどんどん深まっていって、こんなにたくさんの方に応援していただけるグループになって、心からうれしいです。数あるアイドルグループの中から選んでくださって、そして推しにしてくださって、本当にありがとうございます」と感謝。\n\nさらに、「メンバー同士でぶつかり合ってしまう瞬間があったりして、先を考えるのが少し不安だなと思う瞬間が私はありました。でも、スタッフさんやファンの皆さまのおかげでツアーを開催することができて、みんなすごく優しくて、個性が全然違うのに、10人になると1つになるっていうのが“たかねこ”の魅力だなと思っています。武道館(東京・日本武道館)という目標に向けて、この10人で誰1人欠けることなく、目標を達成したいなと思っています。そのためには皆さまの応援が必要ですし、皆さまの声があるから私たちは常に頑張れています。私自身、高嶺のなでしこがすごく大好きですし、もっともっと大きくなっていきたいし、もっともっと大きい夢を10人で見ていきたいしファンの皆さまとかなえていきたいなと思っています」と、噛みしめるように思いを伝える。\n\nその籾山は「この間、橋本さんが良いこと言ってたから、ちょっと不安です」と緊張気味だが、橋本はキャプテンの姿勢に「いいこと言ってるじゃん！ ちょっと泣きそうになったよ」と優しく話す。\n\n籾山は、さらに「なんか、つらいなって思う瞬間やうまくいかないことってたくさんあると思うんですけど、そういうときに高嶺のなでしこがそばにいられたらうれしいです。歌詞だったりとか、メンバーの笑顔だったりとか、衣装にときめいてくれたりとか、少しでも皆さまの勇気になっていたら。これからも高嶺のなでしこ、絶対に絶対に大きくなるって約束するので、これからもどんな時もついてきてくださるとうれしいです！」と決意を口に。\n\nそして、東山が「音楽はつらいときや楽しいときなど、どんな時でも私たちの人生に寄り添い、世界を飾ってくれる特別なものです。私たちも音楽を通して誰かの心を灯せるように、世界を明るくできるように。そんな願いが込められた楽曲になっています」と宣言した2ndシングル(12月11日[水]発売)収録の新曲「I'M YOUR IDOL」を披露。\n\n泥くさく歩んできた2年間の思いや、ライブアイドルとしての誇りを象徴する1曲を息の合ったフォーメーションで歌い、メンバー同士の絆を象徴する時間が流れて本編ラストを飾った。\n\n■新曲とサプライズ発表で興奮のフィナーレ\n\nアンコールに応えて再びステージに姿を見せた10人は、黒をベースにした衣装にチェンジ。ショートパンツやブーツで新しい印象を見せつつ、2ndシングル収録の新曲「アドレナリンゲーム」をパフォーマンスする。\n\nアニメ「逃走中 グレートミッション」(毎週日曜朝9:00-9:30ほか、フジテレビ系)の10月クール新エンディングテーマとしてこの日初オンエアもされた疾走感あるロックで、初披露ながら「揺らせ！ 高嶺のなでしこ！」のあおりでファンと一体になって盛り上がる。\n\n新しい衣装に「今まで制服風の衣装が多かったんですが、今回は大人っぽい衣装で、脚がチラ見するんです。セクシーで」(松本)と照れ気味のメンバーに、ここでサプライズで新情報が伝えられる。2025年2月14日(金)に、国立代々木競技場 第二体育館でのライブ開催が決定。高嶺のなでしこ最大規模のワンマンライブの発表に、ファンからは「おめでとう！」と歓声が上がる。\n\n目頭を熱くする籾山は、「先があるって当たり前のことじゃないから、すごくうれしくて。10人で活動できるのって楽しくて、ちょっと過酷なスケジュールのときもあったけど、ファンの皆さまがいつも支えてくれて、みんなで楽しい時間を過ごしてるなって思います。大きいステージに立たせていただける機会を作っていただけて、本当にうれしいです。ありがとうございます」と率直な気持ちを明かす。\n\n最後は、10人で「ファンサ」「初恋のひと。」を歌唱。ファンもこの日最大級の声量のコールで応え、新曲披露に新ライブ決定と喜びが続いた興奮を分かち合った。\n\n10月にはファンクラブ限定イベントや主催対バンイベントがあり、11月8日(金)は神奈川・KT Zepp YokohamaでZeppツアー後夜祭を開催。そして、12月11日(水)に2ndシングルがリリースされ、2025年2月の東京・国立代々木競技場 第二体育館ライブと、着実にステップアップしていく高嶺のなでしこ。「瞬きさえ忘れる」の言葉どおり、3年目もファンを一瞬たりとも放さないという意志をパフォーマンスで見せたツアーファイナルとなった。\n\n■高嶺のなでしこ 2周年記念 Zepp TOUR 2024「瞬きさえ忘れる。」\n◇10月6日(日)◇東京・Zepp DiverCity(TOKYO)\n\n＜セットリスト＞\n\nM01.誇り高きアイドル\nM02.決戦スピリット\nM03.革命の女王\nM04.美しく生きろ\nM05.可愛くてごめん\nM06.推しの魔法\nM07.私より好きでいて\nM08.ヒロインは平均以下。\nM09.小悪魔だってかまわない！\nM10.ラブホイッスル\nM11.死ぬまでダーリン\nM12.アンチファン\nM13.LOVE ANTHEM\nM14.モテチェン！\nM15.女の子は強い\nM16.僕は君になれない\nM17.乙女どもよ。\nM18.月曜日の憂鬱\nM19.センパイ。\nM20.恋を知った世界\nM21.I'M YOUR IDOL\nEN1.アドレナリンゲーム\nEN2.ファンサ\nEN3.初恋のひと。,['https://newsatcl-pctr.c.yimg.jp/t/amd-img/20241008-01221523-the_tv-000-1-view.jpg?pri=l&w=640&h=426&exp=10800'],"['https://news.yahoo.co.jp/articles/2bdc0de5fbbb51563c8e2f24b0af5172baf9834e/images/000', 'https://thetv.jp/news/detail/1221523/13608539/']"
「仮面ライダー」シリーズ初、アニメ「風都探偵」を全国無料放送　第1話のあらすじと見どころを紹介（WEBザテレビジョン）,https://news.yahoo.co.jp/articles/43a58bb034981e006e35cd90a68e3a789602db40,https://newsatcl-pctr.c.yimg.jp/t/amd-img/20241008-01221533-the_tv-000-1-view.jpg?exp=10800,2024-10-08T12:00:00+09:00,2024-10-08T12:00:24+09:00,WEBザテレビジョン,the_tv,WEBザテレビジョン,2034,\nアニメ「風都探偵」がＢＳ松竹東急(全国無料放送・BS260ch)にて放送決定\n「仮面ライダー」史上初となるシリーズアニメ「風都探偵」(2022年放送、全12話)が、ＢＳ松竹東急(全国無料放送・BS260ch)にて、10月8日(火)夜11時30分より毎週火曜に放送される。私立探偵の左翔太郎(CV：細谷佳正)とその相棒であるフィリップ（CV：内山昂輝）が、平和が訪れたはずの風都で新たな戦いを繰り広げていく本作。本記事では、「仮面ライダーW」のその後を描いた「風都探偵」のストーリーや見どころについて触れていく。\n【写真】アニメ「風都探偵」配信直前イベントに登場した細谷佳正、椛島洋介監督、塚田英明プロデューサー\n■椛島洋介監督によってアニメ化された「仮面ライダーW」の続編\n\n「風都探偵」は、以前NHKが実施した「全仮面ライダー大投票」でトップ3に入るほど高い人気を誇る特撮ドラマ「仮面ライダーW」(2009年放送)の続編。『週刊ビッグコミックスピリッツ』(小学館)にて連載中の同名漫画を原作に、2022年にシリーズアニメ化された。「ウマ娘 プリティーダービー」のキャラクターデザイン・総作画監督を務めた椛島洋介が監督を務め、「仮面ライダーW」のクリーチャーデザインを手掛けた寺田克也氏らも製作に携わっている。\n\n「風都探偵」の物語の舞台は風の街・風都。かつて街を脅かした謎の組織「ミュージアム」は、仮面ライダーたちの活躍によって壊滅へと追い込まれていった。しかし、組織により生み出された危険な「ガイアメモリ」というメモリデバイスが依然存在しており、「ガイアメモリ」に手を出した者たちは怪人・ドーパントへと変貌を遂げ、強盗、殺人、暴力事件などをたびたび起こしていた。\n\nそんな状況の中、風都を愛する鳴海探偵事務所の私立探偵・左翔太郎と、記憶を亡くした青年・フィリップの2人は、「ガイアメモリ」の力を借りて仮面ライダーに変身し、風都の人々と平和を守る――というストーリーだ。\n\nちなみに、11月8日(金)からは本作の劇場版となる「風都探偵 仮面ライダースカルの肖像」も公開予定。劇場版では「仮面ライダーW」放送開始から15周年を記念して、仮面ライダーWの誕生の秘密に迫るプロローグ・ビギンズナイトが描かれる。\n\n■美しい謎の“魔女”が登場 「風都探偵」第1話あらすじ\n\n自称ハードボイルドな私立探偵・左翔太郎(CV:細谷佳正)のもとに依頼が舞い込む。依頼主は、謎の美女(CV:関根明良)に現金の入ったバッグを奪われ、彼女を追って夕凪町のT字路へと迷い込んでしまった坪崎。その美しい魔女に一目惚れした坪崎は、「彼女を見つけて自首するよう説得したい」と翔太郎らに依頼する。実は翔太郎自身も、同じ日にその魔女と夜の埠頭で出会っていたのだった。\n\n風都を知り尽くす翔太郎は一人でこの依頼を受け、住民に魔女について聞き込みを行うと、彼女を知る人物から、その魔女が「T字路の魔女」と呼ばれていることを知る。その後、彼女がたびたび出没するという噂のT字路まで案内された翔太郎は、魔女と接触することに成功。しかし、魔女は人間とは思えないほどの軽い身のこなしで、バイクで追いかける翔太郎をかわして逃げていく。ようやく魔女に追いついた翔太郎が彼女に名前を尋ねたところ、魔女は「ときめ」と答えその場を後にした。\n\n彼女を追いかけた翔太郎は、気付くととあるビルの中にいた。そこで評判の悪い企業家として知られるビルのオーナー・立川と出会う。そして、彼が魔女のことを恨んでいることを知る。その後、魔女を取り逃がしてしまった翔太郎に痺れを切らした坪崎は、2人で再び魔女に会いに行くのだが――。\n\n■アクションとサスペンスの見事な融合 「風都探偵」の見どころ\n\n本作の見どころは、アクションとサスペンスが絶妙なバランスで描かれている点だろう。翔太郎扮する仮面ライダーがバイクに乗って疾走するシーンを含め、仮面ライダーらしい軽快なアクションシーンは健在だ。またタイトル通り“探偵”を主人公にしているため、しっかりと作りこまれたサスペンス要素も随所に散りばめられている。\n\nさらに本作では「仮面ライダーW」の“続編”としてキャラクターがそのままの設定で登場するものの、ストーリー設定に関する説明がしっかりとあり、「仮面ライダーW」とはガラリとイメージを変えた新しい設定や物語も展開されていく。そのため、原作や「仮面ライダーW」を知らない状態でも純粋にストーリーを楽しめる内容に仕上がっている。\n\nちなみにＢＳ松竹東急では、「風都探偵」に加えて「仮面ライダーW」も放送。10月8日(火)より、毎週火曜夜11時から2作連続で週1話ずつ放送していく。関連性のある2つの作品を視聴すれば、より「仮面ライダー」シリーズの魅力に触れることができるかもしれない。,['https://newsatcl-pctr.c.yimg.jp/t/amd-img/20241008-01221533-the_tv-000-1-view.jpg?pri=l&w=640&h=359&exp=10800'],"['https://news.yahoo.co.jp/articles/43a58bb034981e006e35cd90a68e3a789602db40/images/000', 'https://thetv.jp/news/detail/1096257/11002453/']"
＜嘘解きレトリック＞初回トレンド入り　鈴鹿央士“左右馬”と松本穂香“鹿乃子”の異色コンビ誕生に「来週が楽しみ」と期待の声（WEBザテレビジョン）,https://news.yahoo.co.jp/articles/f1a7fcc3920801a860fdb9814e8aa56959bf9da9,https://newsatcl-pctr.c.yimg.jp/t/amd-img/20241008-01221460-the_tv-000-4-view.jpg?exp=10800,2024-10-08T11:47:15+09:00,2024-10-08T11:54:35+09:00,WEBザテレビジョン,the_tv,WEBザテレビジョン,1383,\n人のウソを聞き分ける能力を持つ鹿乃子(松本穂香)と貧乏探偵の左右馬(鈴鹿央士)\n鈴鹿央士と松本穂香がW主演を務める、新月9ドラマ「嘘解きレトリック」(毎週月曜夜9:00-9:54※初回は15分拡大放送、フジテレビ系／FOD・TVerにて配信)。10月7日に放送された第1話では、人のウソを聞き分ける能力を持つ鹿乃子(松本)と貧乏探偵の左右馬(鈴鹿)が出会い、ラストで鹿乃子が左右馬の探偵助手となり異色コンビが誕生したことで、視聴者から期待の声が多く上がった。(以下、ネタバレを含みます)\n【写真】働き口を探してカフェー「ローズ」を訪れる鹿乃子(松本穂香)\n■「嘘解きレトリック」とは\n\n本作は、“やたら鋭い観察眼を持つ借金まみれの貧乏探偵”・祝左右馬(いわいそうま)と、“ウソを聞き分ける奇妙な能力者”・浦部鹿乃子(うらべかのこ)の異色コンビが「ウソ」と「マコト」の入り混じる難事件を解決していくレトロモダン路地裏探偵活劇。\n\n借金まみれの貧乏探偵・祝左右馬を鈴鹿、左右馬の探偵助手で人のウソを聞き分ける能力を持つ女性・浦部鹿乃子を松本が演じる。また、九十九夜警察署の刑事・端崎馨に味方良介、小料理屋「くら田」の主人・倉田達造に大倉孝二、小料理屋「くら田」の女将・倉田ヨシ江に磯山さやか、倉田家の息子・タロに渋谷そらじ、カフェー「ローズ」の女給・久我山小百合(リリー)に村川絵梨、鹿乃子の母・浦部フミに若村麻由美が扮(ふん)する。\n\n\n■特殊な能力を持つ鹿乃子、新たな地で探偵の左右馬と出会う…\n\n田舎の村で暮らす鹿乃子は、幼い頃から「人のウソが聞き分けられる力」のせいで、村人たちから忌み嫌われていた。母・フミは鹿乃子をかばうものの、これ以上母親に迷惑をかけられないと鹿乃子は村を出ていく。そして鹿乃子は九十九夜町(つくもやちょう)にたどり着く。\n\n一方、「祝探偵事務所」を営む左右馬は、親友で警官の端崎を連れて稲荷神社の掃除へ。すると、野犬のような唸り声で「おいてけ～」という女の声が聞こえてくる。左右馬と端崎が目にしたのは、鹿乃子が猫とメザシを巡って対峙する姿だった。\n\n空腹のあまり倒れた鹿乃子を、達造とヨシ江が営むお食事処「くら田」へと連れて来た端崎。そこでご飯を食べさせてもらった鹿乃子は、倉田家の息子・タロがついたウソに過剰に反応する。翌朝、タロがいなくなったことを知った鹿乃子と左右馬は探しに行くのだった。\n\n\n■異色コンビの誕生に「原作の再現度高い」「来週が楽しみ」と期待の声\n\n危機一髪でタロを救った左右馬と鹿乃子。鹿乃子は自分の力を隠してきたが、左右馬はその事情を知っても驚くことはなかった。\n\n番組ラストで鹿乃子は鋭い観察眼を持つ左右馬の探偵助手となり、異色コンビが誕生したことから、SNSでは「この2人のお芝居めっちゃ好き！」「来週が楽しみ」「新鮮な月9でとても良い」「左右馬めっちゃかっこいい」「松本穂香ちゃんレトロな着物似合うね～」「原作の再現度高い」「主演の二人の演技が上手い」などの投稿で盛り上がり、X(旧Twitter)のトレンド3位にランクインしていた。\n\n次回からは2人であらゆる事件や謎を解いていくことが予想される本作。第2話の放送が楽しみだ。\n\n\n◆文＝奥村百恵,['https://newsatcl-pctr.c.yimg.jp/t/amd-img/20241008-01221460-the_tv-000-4-view.jpg?exp=10800'],"['https://news.yahoo.co.jp/articles/f1a7fcc3920801a860fdb9814e8aa56959bf9da9/images/000', 'https://thetv.jp/news/detail/1221460/13606309/']"
八嶋智人が“ゆるすぎ”番組に仰天連発「初回なのに!?」　トリビアから“人生論”まで飛び出す「和田明日香とゆる宅飲み」（WEBザテレビジョン）,https://news.yahoo.co.jp/articles/ca085284c9a4c0d3dbeb73214d4219bda4508eb1,https://newsatcl-pctr.c.yimg.jp/t/amd-img/20241008-01221455-the_tv-000-1-view.jpg?exp=10800,2024-10-08T12:00:00+09:00,2024-10-08T12:00:21+09:00,WEBザテレビジョン,the_tv,WEBザテレビジョン,1342,\nトリビアからディープな“人生論”まで飛び出す「和田明日香とゆる宅飲み」\n料理家・食育インストラクターの和田明日香がゲストを招き、リラックスして“宅飲み”するBSテレ東の人気番組「和田明日香とゆる宅飲み」。同番組が10月8日(火)毎週火曜よる10時から、待望のレギュラー放送をスタートする。記念すべきレギュラー初回のゲストは、俳優・八嶋智人。タイトル通りのゆるい雰囲気で、「へぇ～！」がこぼれる“トリビア”も飛び出した。\n【写真】和田明日香＆八嶋智人「よくなくなくなくなくない!?」で大盛り上がり\n■“トリビア”のサービスも飛び出す愉快なゲスト\n\nレギュラー放送初回でも、やっぱり気負わずにゲストを迎え入れる和田。しかし八嶋には特別思い入れがあるようで、「八嶋さんだ！」と拍手してはしゃぐようすも。お互い初対面という2人だが、八嶋もゆるっとした番組の雰囲気にさっそく馴染んでくつろぎだす。\n\n「素敵なお家ですね～。いつもこういうお家でリラックスされてるんですか？」と振った八嶋に、「ウチではないんですけどね～」と返す和田。するとすかさず「そんなこと言っちゃダメじゃない！」というツッコミが飛んでくる。「宅飲み」という“設定”を大事にしないほどの同番組のゆるさには、八嶋も肩透かしを食らったようだ。\n\n料理とお酒の用意をしつつ、話題は八嶋がMCを務めていた人気バラエティ「トリビアの泉」へ。「日本の国民の大半が八嶋さんを見て育ってますから！」と感動を伝えるのだが、中学生の娘に「今日八嶋さんが来てくれるんだよね」と話したエピソードでひと悶着が起きてしまう。\n\nさらにMCを務めていた経験なのか、さまざまな“トリビア”を持っている八嶋。注がれたビールの泡が多かったのを見て飛び出したトリビアには、不随する笑い話まで込みの「へぇ～！」が贈られることに。\n\n■初対面とは思えないディープな話題も\n\n印象的なのは、本当にゆるい番組のスタンスに八嶋が面食らうシーンの多さだ。トークや料理のテーマを決めないでやってきたという和田へ、「初回なのに!?」と驚いてスタジオの笑いを誘っていた。\n\nしかしこれにはワケがあるようす。「違うんですよ」と和田が語り出したのは、自身の出産のときに言われた助産師のひと言だった。それまでツッコむ側だった八嶋は、和田がこぼした想いに「合格です」と拍手と笑いで共感を示す。\n\n「よくなくなくなくなくないで楽しい気持ちになれるのは、世代だよねやっぱり」次第にお酒が進むと、なにげないひと言で楽しくなってしまう2人。気持ちよくほろ酔いな2人の会話は、それぞれのプライベートや深いテーマに及んだ。\n\n子どもを出産したあとに変わった意識、「人は必ず死ぬ」と悟ったときに芽生えた気持ち、人生を積み重ねて得た「大きなうねりの1点なのだ」という気づき。ディープな話題でお互いの精神性を掘り下げる2人の真剣な表情は、初対面とは思えないほど打ち解けていた。\n\n「時間足んないですね、本当に」と和田が驚くほど相性ばっちりの2人。美味しいお酒と料理が会話を弾ませる「和田明日香とゆる宅飲み」レギュラー放送初回は、10月8日(火)よる10時から。,['https://newsatcl-pctr.c.yimg.jp/t/amd-img/20241008-01221455-the_tv-000-1-view.jpg?pri=l&w=640&h=484&exp=10800'],"['https://news.yahoo.co.jp/articles/ca085284c9a4c0d3dbeb73214d4219bda4508eb1/images/000', 'https://thetv.jp/news/detail/1221455/13606233/']"
劇場アニメ「ベルサイユのばら」、オスカル、アントワネット、アンドレ、フェルゼンのキャラクタービジュアル＆ムビチケカード公開（WEBザテレビジョン）,https://news.yahoo.co.jp/articles/bb5a23df8be494528b67aac1224fad3be3a2618d,https://newsatcl-pctr.c.yimg.jp/t/amd-img/20241008-01221388-the_tv-000-3-view.jpg?exp=10800,2024-10-08T11:00:00+09:00,2024-10-08T12:00:16+09:00,WEBザテレビジョン,the_tv,WEBザテレビジョン,1705,\n「ベルサイユのばら」キャラクタービジュアル オスカル\n劇場アニメ「ベルサイユのばら」が2025年1月31日(金)に公開される。本作より、物語の主人公であるオスカル・フランソワ・ド・ジャルジェ、マリー・アントワネット、アンドレ・グランディエ、ハンス・アクセル・フォン・フェルゼン4人のキャラクタービジュアルと、ムビチケカード全6種のビジュアルが公開された。\n【写真】「たとえ、許されざる恋だとしても」という言葉が印象的なフェルゼンのキャラクタービジュアル\n■累計発行部数2000万部突破の「ベルサイユのばら」が劇場アニメ化\n\n革命期のフランスで懸命に生きる人々の、愛と人生を鮮やかに描いた池田理代子氏の代表作「ベルサイユのばら」。1972年より「週刊マーガレット」にて連載され、累計発行部数は2000万部を突破。読者の熱狂的な支持を集め、宝塚歌劇団による舞台化やテレビアニメ化など、数々の方面で社会現象を巻き起こした。\n\n劇場アニメの監督を「アオハライド」「チア男子!!」の吉村愛氏、脚本を「うたの☆プリンスさまっ♪」シリーズ、「君に届け」の金春智子氏、キャラクターデザインを「初恋モンスター」「ぬらりひょんの孫」の岡真里子氏、音楽プロデューサーを「進撃の巨人」の澤野弘之氏が務める。また、音楽は澤野と共にドラマ「大奥」(NHK系)のKOHTA YAMAMOTO氏が、アニメ制作は「呪術廻戦」「この世界の片隅に」などを手掛けるMAPPA氏が担当。\n\nさらに、オスカルを「ルパン三世」の峰不二子(三代目)や、『「鬼滅の刃」遊郭編』の堕姫(上弦の陸)を演じた沢城みゆきが、アントワネットをミュージカル「レ・ミゼラブル」のエポニーヌや、「ミラベルと魔法だらけの家」のイサベラを演じた平野綾が務める。\n\nそして、アンドレを「ドラゴンクエスト ダイの大冒険」のポップや、「ユーリ!!! on ICE」の勝生勇利を演じた豊永利行が、フェルゼンを「仮面ライダー THE NEXT」の風見志郎や、「ディズニー ツイステッドワンダーランド」のマレウス・ドラコニアを演じた加藤和樹が務める。\n\n■キャッチコピーが添えられたキャラクタービジュアル公開\n\nこのたび公開されたキャラクタービジュアルには、フランス革命に続く激動の時代の中でのそれぞれのキャラクターの生き様を表現するキャッチコピーが添えられたもの。\n\n将軍家の跡取りで、“息子”として育てられた男装の麗人オスカルは、「進め、情熱の命ずるままに」のキャッチコピーと共に、燃えたぎる炎とバスティーユ牢獄を背に剣を振りかざし、フランス革命へと飛び込んでいく美しい姿が映し出されている。\n\n隣国オーストリアから嫁いできた気高く優美な王妃アントワネットは、「愛、それはなんと残酷で、美しい」のキャッチコピーと共に、運命的に出会ったフェルゼンへの恋を胸に秘めながら、美しくもどこか儚げな姿で佇(たたず)んでいる。\n\nオスカルの従者で幼なじみの平民アンドレは、「この命尽きるまで、守り抜く」のキャッチコピーと共に、若くしてアントワネットの護衛を務めるオスカルを支え、良き理解者として常に寄り添う人生を歩み、遠くを見つめる先にはオスカルがいるかのような姿が描かれている。\n\n容姿端麗で知性的なスウェーデンの伯爵フェルゼンは、「たとえ、許されざる恋だとしても」のキャッチコピーと共に、異国の宮廷でアントワネットと運命の出会いを果たし、その恋に翻弄(ほんろう)されながらも、愛と運命を捧げると自ら選んだ人生への決意が表現されている。\n\n■キャラクターデザイン・岡真里子 コメント\n\nそれぞれ違う魅力がある4人を、誰もが華やかになるようバランスを見ながら並べて作業を進めました。装飾が少ない分アンドレがシンプルになりがちですが、視線と表情にオスカルへの想いを、静かではありますが情熱を込めて描きました。\n\nアントワネットとフェルゼンは本編には無いここだけの衣装になっています。おめかしをしたオスカルとアンドレもいつか描いてみたいです。,['https://newsatcl-pctr.c.yimg.jp/t/amd-img/20241008-01221388-the_tv-000-3-view.jpg?pri=l&w=452&h=640&exp=10800'],"['https://news.yahoo.co.jp/articles/bb5a23df8be494528b67aac1224fad3be3a2618d/images/000', 'https://thetv.jp/news/detail/1221388/13605041/']"
パク・シネの“サイコパス演技”に視聴者くぎ付け「ゾクゾクする！」 『愛の不時着』俳優の多重人格演技も鳥肌＜悪魔なカノジョは裁判官＞（WEBザテレビジョン）,https://news.yahoo.co.jp/articles/954567b8fd6eda3b6dd02993668f3418f521eb25,https://newsatcl-pctr.c.yimg.jp/t/amd-img/20241008-01221228-the_tv-000-1-view.jpg?exp=10800,2024-10-08T11:10:00+09:00,2024-10-08T11:10:01+09:00,WEBザテレビジョン,the_tv,WEBザテレビジョン,1804,\n「悪魔なカノジョは裁判官」場面写真\n韓国の国民的人気女優パク・シネが主演を務める韓国ドラマ「悪魔なカノジョは裁判官」の第5、6話が10月5日までに配信された。加害者を“同じ目に遭わせる”という残虐な方法で成敗していくダークヒロイン、カン・ビンナの活躍が描かれる本作。配信されるや、演じるシネの狂気の演技に圧倒される視聴者が続出している。(以下、ネタバレがあります)\n【写真】いつまでもかれんな魅力…！パク・シネ全身ショット\n■カン・ビンナ、恋に落ちる\n\n「悪魔なカノジョは裁判官」は、悪魔が憑依した裁判官カン・ビンナと捜査一課の刑事ハン・ダオン(キム・ジェヨン)が繰り広げるコミカル・ファンタジー・アクション。第5、6話では、殺人事件の犯人が“多重人格者”だと主張する事件のてん末が描かれた。\n\n血も涙もない悪魔として恐れられてきたビンナは、刑事のダオンと顔を合わせるたびに胸が苦しくなる理由が分からない。隣に引っ越してきたダオンに「あなたが気になった」と言われ、心臓はドキドキ…。倒れて病院に運ばれるが、体調に異常はない、と太鼓判を押されてしまう。\n\nそんな中、第5話では4人家族の母親と中学生の息子、小学生の娘の3人がナイフで刺殺される事件が発生。現場にいた父親ヤン・スンビン(ヤン・ギョンウォン)に容疑がかけられ、続く第6話では、その事件解決までが描かれた。\n\n■視聴者もくぎ付け…「クセになる」\n\n人間らしい心を持ってはいけない悪魔にとって、恋など絶対に許されないタブー。自分が恋に落ちるなど夢にも思わないビンナには、胸の痛みの理由が分からない。\n\n悪魔の鏡を使ってダオンの様子を探ろうとしたり、ダオンに「送りますよ、体調も悪そうだし」と心配されて「あなたに会わなければ治る」と意地を張ったり、どう見ても恋に落ちているビンナの不信な行動の数々を、子役時代から活躍する芸達者のシネがチャーミングに演じている。\n\n一方で、“悪魔裁判”では今回も残忍過ぎる悪魔の顔をのぞかせた。被害者である妻子を残忍な暴力で苦しめた加害者を、ビンナが同じ方法でいたぶっていく。キレのいいパンチやキックでターゲットをボコボコにし、目をらんらんと輝かせ口元に笑みを浮かべながら、「助けてください」とすがるターゲットにナイフを突き立てる姿は、狂気の一言だ。\n\n美しいビジュアルとは対照的なビンナのサイコパスっぷりに、視聴者からはおののく声が続出。「やってることは超非道なのにどこまでもチャーミングなカン・ビンナにハマってる」「シネちゃんファッションもかわいいしキャラも面白くてクセになる」「さすがパク・シネちゃんのドラマに外れなし！」といった声が上がった。韓国では地上波SBSで放送されており、第6話が自己最高視聴率を獲得するなど評判は上々だ。\n\n■ヤン・ギョンウォンの“多重人格”演技に反響\n\n第5、6話の犯人を演じたのは、ミュージカル俳優として活躍するヤン・ギョンウォン。日本でも「愛の不時着」でヒョンビン演じるリ・ジョンヒョクの部下ピョ・チス役で注目を集め、「ヴィンチェンツォ」では“クムガ・プラザ”に入居する質屋の主人イ・チョルウク役で存在感を発揮した実力派だ。\n\n今作「悪魔なカノジョは裁判官」では、取調室と法廷でそれぞれ、恐ろしく高い集中力で多重人格の演技を披露。3つの人格が入れ替わり現れる演技に、視聴者からも「犯人役の人の多重人格演技うますぎる」「スーッと別人格が現れていく演技に鳥肌！」「ヤン・ギョンウォンさんが今回も強烈な爪痕を残したな」といった声が飛び交い、その実力をあらためて印象づけた。\n\nビンナが殺人犯にあえて軽い刑を言い渡して社会に放ち、その後、被害者と同じ方法で残虐に殺すという本作。コメディータッチに仕上がっているが、根底にあるのは被害者の苦しみに徹底的に寄り添う姿勢だ。今回も、加害者が死んだと聞かされた被害者遺族が「なぜかうれしくない」とやり切れない思いを吐露するという、作品が持つメッセージ性の一端をのぞかせる場面もあった。\n\n恋をしてはいけないのに恋に落ちてしまったビンナの今後も気になる「悪魔なカノジョは裁判官」は、ディズニープラスのスターにて毎週金・土曜に1話ずつ配信中(全14話)。\n\n◆文=ザテレビジョンドラマ部,['https://newsatcl-pctr.c.yimg.jp/t/amd-img/20241008-01221228-the_tv-000-1-view.jpg?exp=10800'],"['https://news.yahoo.co.jp/articles/954567b8fd6eda3b6dd02993668f3418f521eb25/images/000', 'https://thetv.jp/news/detail/1221228/13601714/']"
宮世琉弥“朔弥”、偶然の出会いから小野花梨“奈雪”の会社の相談役に＜スノードロップの初恋＞（WEBザテレビジョン）,https://news.yahoo.co.jp/articles/beffcea74374ac90a1b2b780e2cecb544cbbe8af,https://newsatcl-pctr.c.yimg.jp/t/amd-img/20241008-01221351-the_tv-000-1-view.jpg?exp=10800,2024-10-08T08:30:00+09:00,2024-10-08T08:30:12+09:00,WEBザテレビジョン,the_tv,WEBザテレビジョン,1791,\n「スノードロップの初恋」第2話より\n宮世琉弥の主演ドラマ「スノードロップの初恋」(毎週火曜夜11:00-11:30、カンテレ・フジテレビ系※第2話は夜11:15-11:45／FOD・TVerにて配信)の第2話が、10月8日(火)に放送される。\n【写真】スーツ姿の“死神”・朔弥(宮世琉弥)\n■死神と大人の女性のラブストーリー\n\n本作は、“幸せの味”を求めて初めて人間界に降り立った死神・片岡朔弥(かたおか・さくや／宮世)が、幼くして父親を亡くし、唯一の肉親である弟を育てるために自分の人生を捧げてきた望月奈雪(もちづき・なゆき／小野花梨)に出会い、少しずつ分かりあい、次第にひかれ合っていくラブストーリー。二人の恋模様とともに、“生きることの素晴らしさ”を大切なテーマとして描く。\n\n第1話では、10年前になくなった洋食屋「ガランサス」のグラタンの味を探し求めて、初めて人間界に降り立った朔弥と、洋食屋オーナーの息子・望月陸(岩瀬洋志)が出会う。自分は“死神”だと名乗る朔弥に興味を持った陸は、「グラタンならうちの姉ちゃんが作れる」と言って朔弥を家に連れ込む。その後、陸の姉・奈雪がグラタンを作るも、どうしても亡き父の味が再現できないと嘆き、朔弥は奈雪がお父さんの味を再現できるまでこの家に住み続けると宣言する。そんななか、朔弥が「奈雪は12月25日に死ぬ」と明かし、物語は早くも急展開を迎えた。\n\n■小野花梨「より一層登場人物の感情を深掘り出来る回」\n\n第2話の放送に向けて、小野からコメントが到着。小野は「奈雪がクリスマスに死ぬと朔弥から伝えられた陸が奈雪を救おうと奮闘する姿や、朔弥の真っ直ぐな言葉を受けて奈雪の人生観が吐露される、より一層登場人物の感情を深掘り出来る回になっております。 第1話で突然奈雪の前に現れた朔弥が徐々に生活の一部になっていき、奈雪や陸の心を動かしていく序章の回です」と見どころを話した。また、「朔弥の嫌味のない真っ直ぐな言葉たちが、必死に生きてきた奈雪の心をどんなふうに動かしていくのか。 そんなところに注目してご覧になっていただければと思います」と視聴者へメッセージを寄せた。\n\n■「スノードロップの初恋」第2話あらすじ\n\n第2話は――\n\n死神である朔弥から、奈雪がクリスマスに死ぬと教えられた陸は、あまりのショックにオカルト好きの同級生・亀山宗佑(森田甘路)に泣きつく。しかし亀山は、死神が人間の姿をしているはずがないと取り合わず、奈雪救済のための有効な手段は見つからない。\n\n一方、奈雪が亡き父のグラタンの味を再現できるまで望月家に居候すると宣言した朔弥は、一人散歩へ。通りかかったファミレス『FORTUNA』で、楽しそうに食事をする夫婦や親子の姿を窓越しに見ていると、偶然店を訪れた伊勢(杉本哲太)に声を掛けられ、ひょんなことから店内へと案内される。\n\nそれから数時間後、社長室を訪れた和真(曽田陵介)は、社長である父の隣にいる見知らぬ男の存在が気になっていた。それは高級スーツに身を包んだ朔弥で、店で話した朔弥のある言葉に興味を持った伊勢は、自らの相談役として会社に招いたのだ。当然、職場を訪ねてきた朔弥から事情を聞いた奈雪はびっくり。そんな二人の様子を見た和真は、父のことといい、奈雪との関係といい、突然現れた朔弥を不審に思い…。\n\nそんな中、奈雪は和真から、予算管理の担当としてクリスマス特別メニューの開発チームに参加しないかと誘われる。陸の保護者という立場に理解を示しつつも、そろそろ奈雪自身がやりたい仕事をやってみたらと話す和真。しかし、これまで常に自分のことを後回しにしてきた奈雪は、自分が何をしたいのかいまいち分からず、チームへの参加を迷って…。\n\n――という物語が描かれる。\n\n■同居を内緒にしようとする奈雪\n\n公式ホームページなどで見ることのできる予告動画では、特別メニュー開発チームに誘われた奈雪や、社長の相談役となった朔弥の様子が描かれる。朔弥と奈雪は同じ会社にいることになったため、「私の家に居候してるってこと、会社の人には絶対に言わないでね」と奈雪はくぎを刺すが、「今日の夕飯も楽しみにしてるぞ」と朔弥は会社内で言い、和真から不審がられてしまっている。,['https://newsatcl-pctr.c.yimg.jp/t/amd-img/20241008-01221351-the_tv-000-1-view.jpg?pri=l&w=640&h=426&exp=10800'],"['https://news.yahoo.co.jp/articles/beffcea74374ac90a1b2b780e2cecb544cbbe8af/images/000', 'https://thetv.jp/news/detail/1221351/13604318/']"
九州女子翼が東京定期で新曲「雷鳴」を披露、圧倒的なパフォーマンスと歌唱を会場中に轟かせる（WEBザテレビジョン）,https://news.yahoo.co.jp/articles/76b7b330ddce427a39dc598fbe3ae850c6345df5,https://newsatcl-pctr.c.yimg.jp/t/amd-img/20241008-01221457-the_tv-000-1-view.jpg?exp=10800,2024-10-08T10:53:34+09:00,2024-10-08T10:53:34+09:00,WEBザテレビジョン,the_tv,WEBザテレビジョン,1230,\n九州女子翼が9月22日、定期公演「九州女子翼定期公演 第七十六片 in TOKYO」を東京・AKIBAカルチャーズ劇場で開催\nガールズグループ・九州女子翼が9月22日、東京での定期公演「九州女子翼定期公演 第七十六片 in TOKYO」をAKIBAカルチャーズ劇場で開催。本公演第三幕「LIVE本編」の模様を紹介する。\n【写真】新曲「雷鳴」で、まさに雷鳴を轟かせるようなパフォーマンスを見せる\n■定期では初披露となる新曲「雷鳴」で圧倒的なパフォーマンスを見せる\n\n今回は夏クール(7～9月)ラストの公演ということで、メンバーの熱気も高く、定期ではこれまで以上に気合の入ったパフォーマンスを展開。さらに、9月にリリースされたばかりの5枚目のアルバム『CELESTIA』を引っ提げて各地でライブを展開してきたこともあり、この日のステージはその集大成ともいえる完成度となった。\n\nイントロ(SE)はもちろん、ニューアルバム収録の新SE。会場に集まった多くのファンにも広く浸透してきており、メロディ中にある「ブレイキングダウン」という掛け声もきれいにそろい、これから始まる本編への期待を高めてくれる。\n\nその新SEからのオープニングナンバー「翼」で会場の盛り上がりはいきなり最高潮に。大きな声援が、ステージ上のメンバーのパフォーマンスを強く後押ししているようで、彼女たちの圧がますます強まっていくのが見てとれる。\n\n以後は緩急をつけた楽曲構成で、会場の雰囲気をコントロール。この春以降、見た目にも新規のファンが増加しているのが分かるほどで、新旧のファンが一体となって作り上げる大きな声援やコールがメンバーを力づけていく。\n\nそんな機運が高まったところで、いよいよ定期では初披露となる新曲「雷鳴」へ。この日はCDのBPMよりも若干速いようで、彼女たちの楽曲をプロデュースしてきた筑田浩志氏の楽曲の中でも最速のビートを刻んでいる様子。\n\nまだ数回しか披露していないにも関わらず、すっかり自分たちのもの(曲)にしており、雷鳴よろしく、その圧倒的なパフォーマンスと歌唱を、会場中に轟かせていた。\n\nなお、次回の東京定期は10月13日(日)に開催。当日は午前中に別会場で「エモい女子翼。」も予定されており、Wヘッダーとなる。\n\n■定期公演「九州女子翼定期公演 第七十六片 in TOKYO」三幕目\n\n◇9月22日(日)◇東京・AKIBAカルチャーズ劇場\n\n＜セットリスト＞\n\nM01.SE(Celestia Wonderland)\nM02.翼\nM03.TAKE WING\nM04.fair wind\nM05.Welcome To The Music\nM06.心眼でSong！\nM07.キミは太陽\nM08.I Am Love\nM09.Dear You\nM10.空への咆哮\nM11.雷鳴(新曲、定期で初披露),['https://newsatcl-pctr.c.yimg.jp/t/amd-img/20241008-01221457-the_tv-000-1-view.jpg?pri=l&w=640&h=405&exp=10800'],"['https://news.yahoo.co.jp/articles/76b7b330ddce427a39dc598fbe3ae850c6345df5/images/000', 'https://thetv.jp/news/detail/1221457/13606235/']"
【漫画】整形で美を手に入れた主人公と、“かわいい”に苦しむ天然美人…ルッキズムに悩み続ける女子学生たちを描いた漫画に「刺さる」「これは泣いた」などの声（WEBザテレビジョン）,https://news.yahoo.co.jp/articles/1cd12d905e54f1e8474866588ce5a62ef06f2348,https://newsatcl-pctr.c.yimg.jp/t/amd-img/20241008-01220475-the_tv-000-1-view.jpg?exp=10800,2024-10-08T08:30:00+09:00,2024-10-08T08:30:01+09:00,WEBザテレビジョン,the_tv,WEBザテレビジョン,1894,\n『「かわいい」は、ときどき苦しい。』が話題\nコミックの映像化や、ドラマのコミカライズなどが多い今、エンタメ好きとしてチェックしておきたいホットなマンガ情報をお届けする「ザテレビジョン マンガ部」。今回は、朝比奈ショウさんが描く『「かわいい」は、ときどき苦しい。』をピックアップ。\n【漫画】ルッキズムにとらわれる若者達…“なりたい自分”と“求められる自分”に悩み、立ち向かっていく漫画に「なんて、いい話。」など多くの反響\n朝比奈ショウさんが2024年9月20日にX(旧Twitter)で本作を投稿したところ、6.1万件を超える「いいね」と共に、多くの反響コメントが寄せられた。本記事では、朝比奈ショウさんにインタビューを行い、創作のきっかけや漫画を描く際のこだわりについて語ってもらった。\n\n■それぞれのルッキズムに悩む女学生たち\n「努力しないブス」と「努力の必要のない美人」が嫌いな主人公・姫咲のぞみは、ある時アクセサリー売り場で同級生の天王寺に偶然会う。友人から「王子」と呼ばれるほどイケメン顔でボーイッシュな天王寺は、メイクや可愛いファッションに興味があるものの、自分に似合うものが分からない、と姫咲に相談し、色々と教えて欲しいと言う。しかし、「生まれつきの美人」である天王寺にはその必要はない、とあっさり断られてしまう。去っていく姫咲を友人達が「整形女」と呼んでいることに、天王寺は不快感を示すのだった。\n\n翌日、天王寺はいつもの服とは印象の違うワンピース姿で登校。化粧も施している天王寺に、友人たちは「変だよ！」「違和感しか仕事してない」「いつも服の方がぜったいい」「王子らしくない」などと言う。その言葉に姫咲は過去の自分を重ねる。初めて自分が選んだ自分の好きな服を、皆に似合わないと言われてしまった過去を。そしてそれが整形をした現在の自分を作ったことも。\n\nあの時の自分と同じだと感じた姫咲は、友人たちに必死で弁解する天王寺を見つめる。弁解しながらも涙を流してしまった天王寺を見て、「あの時自分を大事にできなかった弱い私だ。」と再度姫咲は自身を重ね、泣いている天王寺をその場から連れ出すのだった。\n\n姫咲は得意なメイクで天王寺の顔をキレイに仕上げ、教えてあげてもいい、と言う。そして天王寺と向き合うことで過去の自分を救えるかもしれない、と思うのだった。\n\n作品を読んだ読者からは、「なってみたい自分と周りから求められる自分の像とのギャップで苦しい気持ちわかる。」「これは泣いた」など、反響の声が多く寄せられている。\n\n■作者・朝比奈ショウさん『「明日も生きてもいいかも」と思えるような作品を…』\n――『「かわいい」は、ときどき苦しい。』は、どのようにして生まれた作品ですか？きっかけや理由などをお教えください。\n\n美醜やルッキズムは現代の誰もが苦しみ、一生かけて悩む問題だと常々感じていたので、その問題への突破口となるような希望が見える漫画が描けたら良いなと思ったのがきっかけです。\n\n――今作を描くうえで、特に心がけているところ、大切にしていることなどをお教えください。\n\nキャラクターそれぞれの悩みや苦しみを丁寧に描きだすことを心がけました。表情やコマ割りにも感情の動きに合わせて工夫を凝らしました。\n\n――今回の作品のなかで、特に気に入っているシーンやセリフがあれば、理由と共にお教えください。\n\n冒頭の姫咲のぞみのセリフが気に入っています。のっけから「強すぎる信念」をもった偏りのあるキャラクターであることが伺えると同時に、「整形」という冒険の果てに立つ彼女の清々しさや強さが感じ取れるシーンだと思っています。\n\n――「泣ける」「ルッキズム時代の今色んな人に読んでほしい！」など多くの反響がありました。このような反響をどう感じていらっしゃいますか？\n\nとても嬉しく思っています。読者の方に何かが届いたという実感が次の作品を描く上での勇気と自信に繋がるので大変ありがたいです。\n\n――朝比奈ショウさんご自身や作品について、今後の展望・目標をお教えください。\n\n多くの人が「明日も生きてもいいかも」と思えるような作品をこれからも生み出し続けたいと思っています。\n\n――最後に、作品を楽しみにしている読者やファンの方へ、メッセージをお願いします。\n\nいつもありがとうございます。\n\n今後もぜひお付き合いいただけましたら幸いです！みなさまにまたお会いできることを作品の中でお待ちしております。,['https://newsatcl-pctr.c.yimg.jp/t/amd-img/20241008-01220475-the_tv-000-1-view.jpg?pri=l&w=640&h=480&exp=10800'],"['https://news.yahoo.co.jp/articles/1cd12d905e54f1e8474866588ce5a62ef06f2348/images/000', 'https://thetv.jp/news/detail/1220475/13591154/']"
＜明日のおむすび＞橋本環奈“結”、ギャルたちに仲里依紗“歩”と比較され、ムカついた気分になる（WEBザテレビジョン）,https://news.yahoo.co.jp/articles/358c0f8b868cfb6cbae98618b1891278363f7f26,https://newsatcl-pctr.c.yimg.jp/t/amd-img/20241008-01221288-the_tv-000-1-view.jpg?exp=10800,2024-10-08T08:15:00+09:00,2024-10-08T08:15:02+09:00,WEBザテレビジョン,the_tv,WEBザテレビジョン,605,\n米田結(橋本環奈)\n橋本環奈がヒロインを務める連続テレビ小説「おむすび」(毎週月～土曜朝8:00-8:15ほか、NHK総合ほか※土曜は月～金曜の振り返り)の第2週「ギャルって何なん？」第8回が、10月9日(水)に放送される。\n【写真】書道部の先輩・風見(松本怜生)を見つめる結(橋本環奈)\n■第8回の内容を紹介\n\n「おむすび」は、平成元(1989)年生まれで後に栄養士となるヒロイン・結(橋本)の物語。\n\n第8回では――\n\n結(橋本)の父・聖人(北村有起哉)は、昔歩(仲里依紗)がギャルになって不良のようになったことを後悔しており、結が同じにならないか心配する。だが、母・愛子(麻生久美子)はその心配が過剰だと批判し、夫婦げんかが始まってしまう。\n\n一方結は、聖人だけでなく「ハギャレン」のギャルたちにも姉・歩と比較され、ムカついた気分になっていく。\n\n――という物語が描かれる。\n\n■連続テレビ小説「おむすび」とは\n\n連続テレビ小説「おむすび」とは、平成元年生まれのヒロインが、栄養士として人の心と未来を結んでいく根本ノンジ脚本のオリジナル作品。\n\n“どんな困難も明るくたくましく乗り越える”をモットーに“ギャル魂”を持つ主人公・米田結。そんな平成時代のギャルが、人々の健康を支える栄養士となり、目には見えない大切なものを次々と結んでいく、“平成青春グラフィティ”。,['https://newsatcl-pctr.c.yimg.jp/t/amd-img/20241008-01221288-the_tv-000-1-view.jpg?pri=l&w=640&h=426&exp=10800'],"['https://news.yahoo.co.jp/articles/358c0f8b868cfb6cbae98618b1891278363f7f26/images/000', 'https://thetv.jp/news/detail/1221288/13603233/']"
四千頭身・都築拓紀、壮絶な家庭環境から芽生えた子どもたちへのボランティア活動、やらないアンチよりやる偽善の価値（WEBザテレビジョン）,https://news.yahoo.co.jp/articles/e1780299bfbb775ecddf519ff7625e3a9057c487,https://newsatcl-pctr.c.yimg.jp/t/amd-img/20241008-01220669-the_tv-000-2-view.jpg?exp=10800,2024-10-08T08:30:00+09:00,2024-10-08T21:01:28+09:00,WEBザテレビジョン,the_tv,WEBザテレビジョン,3280,\n四千頭身の都築拓紀。学校行事へのボランティア参加\nトリオ芸人・四千頭身。そのメンバーの都築拓紀は今、芸能活動の合間を縫って、子どもたちへのボランティア活動に取り組んでいる。自身が育った家庭環境、母の背中を見て考えたという、子どもたちに笑顔を作るための活動だ。しかし、都築のこの活動は、世間にはほとんど知られていない。メディアで発言することも、SNSでも一切触れていないからだ。そうした中、偶然、千葉の子ども食堂で都築が働く姿を見かけた。この活動を始めてそろそろ丸2年。出身の茨城や千葉近郊を中心に行い、9月には埼玉・三郷の「◯△□子ども食堂」に足を運んでいた。なぜ、子どもを対象にした活動なのか、発信しないワケとは？ ボランティア活動への想いをWEBザテレビジョンだけに語ってくれた。\n【写真】率先して窓口に立ち、子どもたちにお弁当を手渡す都築拓紀\n■余計なお節介でも、子どもたちにはお節介をしてあげたい\n\n――都築さんのボランティア活動、偶然目にすることで知りました。どのような経緯で始められたのでしょうか？\n\n最初にプライベートで母校の小学校にお邪魔させていただく機会があって、そのときに子どもたちへの気持ちがすごく湧いてきたんですよね。これ、言語化するのが難しいので簡単に言っちゃいますが、子どものためになるようなことができればいいなって。主だった先は子ども食堂や学校、児童デイサービス。そこで現場のお手伝いをしたり、子どもたちと話をしたり、遊び相手になってあげたり。\n\nもともと母が都築商店という児童福祉支援の会社を立ち上げて、育児や家庭環境において複雑な事情がある親御さんたちの手助けを行っているんですが、僕はどちらかというと、そういう環境に置かれている子どもたちに少しでも明るい笑顔を作ってあげたいと思ったんです。母に話したら賛同してくれて、それから都築商店と一緒に月に1、2回のペースですね。完全にプライベートで、少しずつやり始めた感じです。\n\n――佐貴代さん(都築の母)の講演記事を拝見しましたが、ご自身、大変な家庭環境で育ち、旦那さんが作った借金3億円を背負ってシングルマザーになったということでした。都築さんが「子どものために」と考えるのは、そうした家庭だったことも関係していますか？\n\nそれはやっぱりありますね。僕が高校のときにもう父親はいていないようなもので、ベタに言えば借金苦。祖父母も変な人で、妹はえげつない反抗期だったり。従兄弟の方もひどくて、母親がころころ変わったり、小さい頃に祖父に包丁を向けられたりとか。そういう家だったんです。\n\n――かなり壮絶ですね。\n\n家庭の問題ってどこでも何かしらあるだろうけど、突き抜けるくらいになると、頑張ればとか、そういう次元ではなくなるんですよ。でも、基本的に子は親の元にいるものだから、どんなに望まない環境でも、そこに収まっているしかないんですよね。\n\nそういう環境に置かれている中で大人になった人って、どこか空っぽの状態なんですよね。大人になったけど、抜け殻みたいな人間になっている。そうなった子どもって、たくさんいると思います。余計なお節介なんですけど、でも、自分ではどうにもできない子どもたちには余計なお節介をしてあげたい。\n\n国を動かして、みたいなことではないし、僕の手の届く範囲でしかないけれど、先々で出会った子どもたちには、その瞬間だけでも笑顔になってほしいんです。\n\n■ぶっちゃけ、子どもたちは僕が誰かなんて分かってない\n\n――ボランティア参加した現場を見て思うことは何かありますか？\n\n僕は行った現場で何か口を出すことはしないようにしています。ぶっちゃけいうと、小さいお子さんは僕が誰かなんて分かってないですよ。僕が行くことで喜んでくれるのはむしろ親御さんたちですね。\n\nでも、親御さんたちがご機嫌になってくれるのも、それはそれでいいんですよ。別に子ども食堂に来る子たちが不幸だとは思ってなくて、親御さんたちには色々事情があって大変なだけ。だからこそ、そこに楽しい時間を作ってあげたいなって、そういう思いです。僕が来た話がネタになって親子のコミュニケーションが増えると嬉しいなって。\n\n――今後、この活動をどのようにしていきたいですか？\n\nこの活動を、という前に、僕自身が子どもから頼りにされる大人になろうというのがまずあって、子どもや子どもを通して親御さんから声が上がってきたときに、それに対して動いてあげられる自分になりたいです。その上で子どもたちの前に立ったときに、ちゃんと喜んでもらえるタレントになれたら一番いいですね。\n\n■やらないアンチより、やる偽善の価値\n\n――ボランティアというのは広め方が難しいと思いませんか？\n\n難しいですよ。だから、今も言葉選びがすごく難しいです。これが記事になったとき、喜んでくれる関係者がいる反面、偏屈なことを言ってくる人も絶対いるのが今のネット社会だし。しかも、それを言うのがまた大人の人なんですよね。\n\n僕が何か言われるのは全く構わないけど、誤解を呼んでしまうのは協力してくれる人たちに申し訳ない。ボランティアが慈善活動と呼ばれるものだとして、慈善活動なのに、偽善だと言われたり。偽善だって別にいいじゃないですか。やって悪いことは何もないし、何か言う人たちからお金をぶん取っているわけでもないし。\n\n――多くの人がボランティアへの腰が重かったり、構えて考えがちな部分はあると思います。\n\nそれは分かります。でも、僕の活動だって、大それたことをしているわけではないんですよね。本当に手の届く範囲でそれぞれができることをやればいいわけで。\n\n例えば僕の弟が12歳下の中学生で、いわゆる発達障害なんですけど、個人としては別に普通なんですよ。だけど学校や社会という集団の中で生きていこうと思うと、いろんな苦労を背負うんですよね。僕自身の育ちもそうだし、小学生の頃から大変な思いをしてきた弟を見てきたというのもあって、僕の場合は子どもに向かっているんだと思います。\n\n子どもは子どもで大変なことがたくさんあるじゃないですか。365日の1日なり半日でも、僕が行くことで「楽しかったな」ってなってくれればいい。学校のアルバムを振り返ったときに、その日のことが楽しい思い出として残ってくれていれば嬉しい。それぐらいの感覚なので、皆さんももっとボランティアについて楽な捉え方をしてほしいですね。\n\n■今の目標は「子どもたちにも届く」タレントになること\n\n――「手の届く範囲」ということですが、都築さんの場合、知名度を利用して大きな輪にすることもできると思います。\n\n本音で言えば悩ましい部分はあるんですよ。宣伝することによって100のアンチが沸いたとしても、1の「私もやりたい」という人が生まれたら絶対プラスだし、そういう発信の意味はあると思います。けど、今はまだ僕の正義として、大きく発信するに至ってはいないかな。\n\n今回取材を受けたのも偶然、(筆者との)つながりが生まれたからのことで、僕はそういう偶然から始まることを大事にしたいタイプなんです。それが実っていって、ゆくゆくはもっと子どもたちを助けられる動きになればいいですね。\n\n――最後に、本分である芸人としての目標をお聞かせください。\n\n四千頭身としても個人としても、これからどんな活動になっていくかは正直読めないですが、こういう子ども食堂や児童福祉の場に出向いたときに、子どもたちが喜んでくれるような活躍を続けることが今の一番の目標です。お笑いフリークだけでなく、子どもたちにも届くタレントになれるように頑張らないといけないなと思います。\n\n◆取材協力：株式会社都築商店／子ども食堂「○△□子ども食堂」／子ども食堂「ぶんぶく食堂」\n◆取材・文：鈴木康道,['https://newsatcl-pctr.c.yimg.jp/t/amd-img/20241008-01220669-the_tv-000-2-view.jpg?pri=l&w=640&h=431&exp=10800'],"['https://news.yahoo.co.jp/articles/e1780299bfbb775ecddf519ff7625e3a9057c487/images/000', 'https://thetv.jp/news/detail/1220669/13588498/']"
【漫画】森の中を1人さまよっていた女の子が心優しい家族と巡り会う物語に「幸せを築いてほしい」「元気に育てよぉ～」の声（WEBザテレビジョン）,https://news.yahoo.co.jp/articles/a5932dd39ca215ca43fdba3b4ee844bb5274d60c,https://newsatcl-pctr.c.yimg.jp/t/amd-img/20241008-01213396-the_tv-000-1-view.jpg?exp=10800,2024-10-08T08:00:00+09:00,2024-10-08T08:00:02+09:00,WEBザテレビジョン,the_tv,WEBザテレビジョン,1982,\n夜の森を1人でさまよっていた遊\nコミックの映像化や、ドラマのコミカライズなどが多い今、エンタメ好きとしてチェックしておきたいホットなマンガ情報をお届けする「ザテレビジョンマンガ部」。今回は、『身寄りのない女の子を拾って幸せにする話』を紹介する。作者のえんどさんが、8月2日にX(旧Twitter)に本作を投稿したところ、2.3万件を超える「いいね」やコメントが多数寄せられた。本記事では、えんどさんにインタビューを行い、創作の裏側やこだわりについて語ってもらった。\n【漫画】幽霊かと思いきや…山の中でさまよう一人の少女と遭遇する話に「良い人に拾われて良かった…」の声\n■森の中を1人で歩いていたのは…\n\nある夜、飲み過ぎた友人を連れて帰っていた明野家のお父さんは、森の中を裸足で1人歩く女の子、遊を見つける。お父さんは、遊のことを放っておくわけにもいかず、お母さんにも了承を得て家に連れて帰ることに。\n\nそして、家に着くとお父さんは息子の恒星を呼んだ。お父さんが昔から動物を拾ってきて世話をするような人物だと知っていたが、さすがに人間は初めて。\n\n恒星は、話を聞いた時は「そんなこと軽々しくやっていいのか」と思ったが、実際に遊に会うと「色々心配になる子だな」という印象を受けていた。\n\n遊は恒星のお母さんと一緒にお風呂から上がると、恒星が用意したおかゆをたべることに。お茶碗をぐいっと持ち上げて、おかゆを頬張ろうとする遊。恒星は、「あっため直したから！絶対やけどするから!!」と慌ててスプーンを差し出す。\n\nお母さんが遊に向かって「ふーふーするといいよ」と言って見本を見せる。遊は真似をして、ふーふーして冷ましたおかゆを口に運ぶと…。\n\nこの漫画を読んだ人たちからは、「幸せを築いてほしい」「元気に育てよぉ～」「何も喋ってないけどまじ可愛い」「良い人に拾われて良かった…」など、多くのコメントが寄せられている。\n\n■身寄りのない女の子を優しく迎え入れる家族の物語\n\n――『身寄りのない女の子を拾って幸せにする話』を創作したきっかけや理由があればお教えください。\n\n初めてこの女の子を描いたのは拾われてすぐの一枚絵でした。どのように拾われたかも頭の中にあったので、それを漫画の形に起こして、「こういうことがありましたよ」と自分の創作垢を見てくださる方々にお伝えしたくて描いた覚えがあります。\n\n\n――本作では、おかゆを美味しそうに食べる遊の表情が非常に印象的でした。本作を描いたうえで「こだわった点」あるいは「ここに注目してほしい！」というポイントがあればお教えください。\n\nおかゆを食べるシーンもそうですが、やわらかいお布団に初めて包まれたシーンも印象的に描けたと思うので注目して頂きたい所です。衣食住でこんなに喜ばれると、嬉しくもありますが、今までの状況を想像すると…。とちょっとモヤっと出来るのがこの作品の苦味走った魅力ではないかなと思っています。\n\n――特に気に入っているシーンやセリフがあれば、理由と共にお教えください。\n\nラスト、母親に「あの子に優しくしてあげようね」と言われた主人公の「言われなくても…そうするつもりだったよ」が男らしくて気に入ってます。\n\n――普段作品のストーリーはどのようなところから着想を得ているのでしょうか？\n\nゼロイチベースだったらX(旧Twitter)で何がウケるジャンルなのか見て、その中で自分の描きたいものを見つけて描いてました。『身寄りのない女の子の話』は根本的に何が一番描きたかったというと「ご飯をおいしそうに食べる女の子って最高だよね！」という部分だったので。イチがあればそこから勝手に膨らんでいくのですが、とにかくゼロをイチにする作業が大変ですね…。\n\n――作画の際にこだわっていることや、特に意識していることはありますか？\n\n表情はこだわってる方だと思います。感情表現はもちろんですが、何か言われた時のリアクションや、今キャラクターが何を考えているのか、目線の持っていき方などなるべく絵で伝えられるように頑張ってます。\n\n――今後の展望や目標をお教えください。\n\n『身寄りのない女の子を拾って幸せにする話』の続きは発売中の単行本で完結まで読めるのでよろしくお願いします！自身の目標としましては、趣味の漫画だけで食べられてる現状ですが、今でも時折触れさせて頂く商業漫画にも鍛えさせられており、縁あってお話を頂く機会もありますので、そちらの世界でも貢献出来たらと思います。\n\n――作品を楽しみにしている読者へメッセージをお願いします！\n\nいつも好き勝手に描いてごめんなさい。それでも楽しんでくれる皆様に大感謝!!!!!,['https://newsatcl-pctr.c.yimg.jp/t/amd-img/20241008-01213396-the_tv-000-1-view.jpg?pri=l&w=640&h=331&exp=10800'],"['https://news.yahoo.co.jp/articles/a5932dd39ca215ca43fdba3b4ee844bb5274d60c/images/000', 'https://thetv.jp/news/detail/1213396/13433760/']"
＜SASUKE予選会＞“最年長”超ときめき宣伝部・辻野かなみ＆FRUITS ZIPPER真中まな奮起「衰えのない心肺機能見せつけたい」（WEBザテレビジョン）,https://news.yahoo.co.jp/articles/1f26be0f31f8de8a5423367693b31e55c3be64ff,https://newsatcl-pctr.c.yimg.jp/t/amd-img/20241008-01221315-the_tv-000-2-view.jpg?exp=10800,2024-10-08T07:02:14+09:00,2024-10-08T07:18:38+09:00,WEBザテレビジョン,the_tv,WEBザテレビジョン,1427,\n「SASUKEアイドル予選会」の前に意気込みを語った超ときめき宣伝部・辻野かなみ(左写真)とFRUITS ZIPPER・真中まな\n今冬放送の第42回「SASUKE」(TBS系)の本戦出場を賭けた「SASUKEアイドル予選会」が10月7日、千葉・柏市中央体育館で開催。予選会直前に出場メンバー12人が取材に応じ、超ときめき▽宣伝部の辻野かなみ、FRUITS ZIPPERの真中まなは“最年長”としての意気込みを語った。\n【写真】SASUKEのレジェンドたちと運動自慢のアイドルが大集合\n■本選出場権を賭けて12人の運動自慢のアイドルが激突\n\n「SASUKEアイドル予選会」は同番組史上初の試み。辻野、真中の他、結城りな(ukka)、正鋳真優(AKB48)、伊藤実希(SKE48)、清司麗菜(NGT48)、風見和香(私立恵比寿中学)、白石まゆみ(SWEET STEADY)、大信田美月(≒JOY)、菅波美玲(≠ME)、岩本理瑚(僕が見たかった青空)、姫野ひなの(\n#Mooove\n!)ら運動神経に定評のあるアイドル12人が、本選出場権を賭けて激突する。\n\n■本格的なトレーニングで準備\n\n「今日は私の一番力強いところを見せたいと思います！」(真中)、「器械体操を7年間やっていたので、その力を発揮できるように精いっぱい頑張りたいです！」(辻野)と、それぞれ予選に挑む意気込みを語った2人。\n\nこの日のためにやってきたトレーニングとして、真中は「『SASUKE』というと“掴んでぶら下がっている”イメージがすごく強くあったので、鉄棒でぶら下がりの練習をしてきました。今、手にまめがめちゃくちゃあって。本戦に行けるように頑張りたいです」とコメント。\n\nフォレストアドベンチャーの「ターザニア」に行ってきたという辻野は、「アスレチックでぶら下がったり、フライステーションで空中に浮いてみたりとかいろいろやってきました。ジムにも通ってパーソナルトレーナーさんと一緒に筋トレをしたり、走ったり」と、本格的なトレーニングで頑張ってきたという。\n\n■25歳でも現役アイドル「衰えのない心肺機能を見せつけたい\n\n共に25歳の2人は、予選会に集まった12人のアイドルの中で最年長。自信のほどを聞かれた真中は、「すごく悲しい気持ちです」と自虐。「でも、最年長だから負けるっていうのはちょっと違うよね？」と辻野に目を向ける。\n\n辻野は「現役高校生(岩本)もいるんだってちょっとびっくりしたんですけど、私たちだって現役アイドルなので体力は負けないです」とガッツポーズで応え、真中の「私たちの衰えのない心肺機能を見せつけたい」という言葉にうなずき合う。\n\n■緊張していてそわそわ…\n\n最後に、「結構緊張していて今そわそわしているんですけど、きちっと集中して、スタートの音とか絶対に聞き逃さないように、練習してきたことをきちんと発揮できるように頑張りたいと思います。本戦に行けるように頑張ります！」と、改めて予選突破に向けた意気込みを語った真中。\n\n辻野も「今日はファンの方が応援に来てくださっていて、メンバーみんなからも朝LINEで『頑張って！』というメッセージをもらったので、全力で精いっぱい頑張りたいです！」と、力を込めて宣言した。\n\n◆取材・文＝鈴木康道\n\n※超ときめき▽宣伝部の▽は白抜きハートマークが正式表記,['https://newsatcl-pctr.c.yimg.jp/t/amd-img/20241008-01221315-the_tv-000-2-view.jpg?pri=l&w=640&h=477&exp=10800'],"['https://news.yahoo.co.jp/articles/1f26be0f31f8de8a5423367693b31e55c3be64ff/images/000', 'https://thetv.jp/news/detail/1221315/13606296/', 'https://news.yahoo.co.jp/search?p=%23Mooove&source=article-body']"
奈緒&玉森裕太、互いに新たな呼び名が誕生「“沼森さん”とも呼ばせていただいていて」「“ささみさん”って何回か…(笑)」（WEBザテレビジョン）,https://news.yahoo.co.jp/articles/9680e0f0ca8460b9c59acc69940312041bfd7023,https://newsatcl-pctr.c.yimg.jp/t/amd-img/20241008-01221356-the_tv-000-2-view.jpg?exp=10800,2024-10-08T05:00:00+09:00,2024-10-08T07:22:40+09:00,WEBザテレビジョン,the_tv,WEBザテレビジョン,2002,\n「TBS DRAMA COLLECTION 2024AUTUMN」に登壇した(左から)玉森裕太、岡崎紗絵、渡部篤郎、奈緒\nTBSドラマの合同制作発表会「TBS DRAMA COLLECTION 2024 AUTUMN」が、10月5日に東京・赤坂サカス内BLITZスタジオにて開催され、日曜劇場「海に眠るダイヤモンド」より神木隆之介、斎藤工、杉咲花、土屋太鳳、火曜ドラマ「あのクズを殴ってやりたいんだ」より奈緒、玉森裕太、岡崎紗絵、渡部篤郎、金曜ドラマ「ライオンの隠れ家」より柳楽優弥、坂東龍汰、齋藤飛鳥、佐藤大空、桜井ユキ、総勢13人のキャストが登壇。10月からスタートする各ドラマの魅力や撮影裏話などを語った。司会は篠原梨菜アナウンサー。\n【写真】“沼らせ男”ぶりを絶賛され照れ笑いの玉森裕太\n■痛くても立ち向かいぶつかり合う！“クズきゅんボクシングラブコメディー”\n\n10月8日(火)スタートの「あのクズを殴ってやりたいんだ」(毎週火曜夜10:00-10:57)は、プロボクサーを目指すアラサー主人公が、恋にもボクシングにも本気で向き合う姿を描く“クズきゅんボクシングラブコメディー”。\n\n主人公の佐藤ほこ美(さとう・ほこみ)を演じるのは、TBSドラマ初主演となる奈緒。ほこ美が出会う金髪の謎の男・葛谷海里(くずや・かいり)を演じる玉森は、TBSドラマへの出演は「オー！マイ・ボス！恋は別冊で」(2021年)以来3年ぶりとなる。また、ほこ美が通うボクシングジムの会長・羽根木成(はねぎ・なり)を渡部、その娘・羽根木ゆい(はねぎ・ゆい)を岡崎が演じる。\n\n■玉森裕太、“沼らせ男”に苦戦「なかなか難しい」\n\nほこ美の“どん底っぷり”が見どころの一つとなっている同作。奈緒は、「最初に結婚式で恋人に逃げられることもそうですけど、回を重ねていく中でも、ものすごく壁が立ちはだかる女性だなと思います。でも、それを乗り越えていくパワーがある人なので、あとは周りの支えてくれるみんなのパワーもあって物語が進んでいきます」と解説。\n\nまた、“全女子を沼らせる男”葛谷を演じる玉森は、「いろいろな女子を沼らせるという…なかなか難しいなと思いながら今回やらせてもらっています」と不安を吐露。しかし、奈緒は「海里さん自身がすごく謎が多くてミステリアスなんですよ。でも、クールに見えて、たまに見える笑顔だったり優しさだったり、女性がキュンとするような魅力の詰まった人柄ですし、玉森さんご自身からにじみ出るものがすごく海里さんにもにじみ出ています」と絶賛。\n\nさらに、「私は“沼森”さんとも呼ばせていただいていて。ぜひ皆さんも呼んでください」と呼び掛け、それを受けた玉森は「いやもうありがたいですね。皆様にそう呼んでいただけるのであれば、すぐ振り向きます」と笑顔で応えていた。\n\n\n■玉森裕太に起きたハプニング「ささみさんって何回か…(笑)」\n\nリアルな描写にこだわったボクシングシーンのため、「まずボクシングの練習と、あとやっぱり当初の自分自身の持っている体つきだとプロボクサーを目指す役なのでなかなか難しいなと思って、食事制限と、ジムに通って体作りをしていました」と、役づくりについて相当な努力があったことを明かした奈緒。\n\n食べ物については玉森と成分レベルで話していたといい、「玉森さんも一緒に体作りだったり食事制限もすごくされていたのですごく詳しくて、タンパク質と炭水化物で、本当にボクサーのような食事をさせてもらってました」とコメント。\n\n役作りのためにささみばかり食べていた玉森は、思わぬところである影響が出てしまったという。「奈緒さんの演じるキャラクターがほこ美という名前なんですけど、もう本当にささみのことばっかり食べたり考えたりしているので、“ささみさん”って何回か…(笑)」と言い間違えをしてしまったことを告白し、笑いを誘っていた。\n\n\nトレーナー役の岡崎は、「ミットも本当に難しくて。タイミングを合わせるとか、距離感をどうするかみたいなことって人によって全然違うので、スタッフさんと合わせるのと奈緒ちゃんと合わせるのとじゃ全然違うことを実感しました」と、苦労を明かす。\n\nさらに、「ミットを持つ側も、受けるという気持ちだけじゃなくてちゃんと自分も打っているという気持ちでやらなきゃいけないので、集中するとお互い当て合っちゃったりすることもありましたけど、すごく頑張って一緒に練習しました」と語った。\n\n最後に奈緒は、「チャーミングで力強い、そして真っすぐに人を信頼する心だったり、誰かに応援されるということの素晴らしさを描いた作品となっておりますので、ぜひ観客席に座るように見守っていただけると、とてもとてもうれしいです」と呼び掛けた。,['https://newsatcl-pctr.c.yimg.jp/t/amd-img/20241008-01221356-the_tv-000-2-view.jpg?pri=l&w=640&h=426&exp=10800'],"['https://news.yahoo.co.jp/articles/9680e0f0ca8460b9c59acc69940312041bfd7023/images/000', 'https://thetv.jp/news/detail/1221356/13604371/']"
SixTONES・田中樹、食事の際のコンプレックスを告白「先輩とごはんに行って楽しかったこと1回もない！」＜さんま御殿＞（WEBザテレビジョン）,https://news.yahoo.co.jp/articles/0d890379df70ae8480176c535039092fc77a0b91,https://newsatcl-pctr.c.yimg.jp/t/amd-img/20241008-01221368-the_tv-000-1-view.jpg?exp=10800,2024-10-08T06:00:00+09:00,2024-10-08T06:00:02+09:00,WEBザテレビジョン,the_tv,WEBザテレビジョン,1045,\n10月8日(火)放送の「踊る！さんま御殿!!」\n明石家さんまが、ゲストを迎えて本音を引き出すトークバラエティ「踊る！さんま御殿!!」(毎週火曜夜8:00-9:00、日本テレビ系)。10月8日(火)の放送では、「秋の夜長のコンプレックス祭」が放送され、芋洗坂係長、ウルフ・アロン、オアシズ・光浦靖子、大久保佳代子、カルマ、\n#KTちゃん\n、鷲見玲奈、田口浩正、SixTONES・田中樹、ナ酒渚、辻希美、槙野智章が登場し、様々なトークが繰り広げられる。\n【写真】明石家さんま、SixTONES・田中樹に「さんまさんとも行きたくないかも」と食事を断られる\n■柔道男子日本代表のウルフ・アロン選手、本音を語る「畳の上はもういいかな」\n\nオープニングでは、東京五輪で金メダル、パリ五輪の混合団体で銀メダルを獲得した柔道男子日本代表のウルフ・アロン選手にスタジオ中が拍手。2025年6月での引退を発表しており、さんまから「ないやろ、モチベーション」とイジられると、「最後の最後まで勝って終わりたい」と意気込み。気になる引退後について「プロレスラーって噂も出てるけど」とさんまから探りを入れられると、「いろんなをことやりたい。畳の上はもういいかな」と語る。\n\nそして、カナダに留学中の光浦が一時帰国し、約1年3ヶ月ぶりに相方・大久保と登場。カナダに戻るという光浦にさんまが「そんなにカナダがいいの？」と聞くと、光浦はカナダに戻らなければならない理由を明かす。\n\n■辻希美「家事が出来ると思われてるんですが、実はできていない」\n\n今回のトークテーマ「他人には理解されない私のコンプレックス」では、田中が食事にとあるコンプレックスがあることを告白。そのため「先輩とごはんに行って楽しかったこと1回もない！」と主張するとスタジオ中が爆笑。さらに、「さんまさんとも行きたくないかも」と本音を口にする。\n\n辻は、「家事が出来ると思われてるんですが、実はできていない」と告白。料理の中でも実は苦手な調理法があったり、裁縫では完成後にトラブルも。動画編集を自身でやっていた頃にはあるコトがわからず苦労していたというエピソードを披露する。\n\nさらにトークテーマ「今だから言える隠してきた秘密」では、田中が後輩にカッコイイと思われたいがために、実際の性格とは真逆のキャラを演じていることを自ら暴露。それがバレないようにするため、「忙しいフリしてごはんに行かないようにしてます」と語る。,['https://newsatcl-pctr.c.yimg.jp/t/amd-img/20241008-01221368-the_tv-000-1-view.jpg?pri=l&w=640&h=360&exp=10800'],"['https://news.yahoo.co.jp/articles/0d890379df70ae8480176c535039092fc77a0b91/images/000', 'https://news.yahoo.co.jp/search?p=%23KT%E3%81%A1%E3%82%83%E3%82%93&source=article-body', 'https://thetv.jp/news/detail/1221368/13604847/']"
BTSが地中海の島“マルタ”へ　シリーズ初の現地ドライブでJUNG KOOKも緊張「怖かったよ～」＜BON VOYAGE Season.3＞（WEBザテレビジョン）,https://news.yahoo.co.jp/articles/1ecc6bef44f6004fbfad30c9e9cd30b090ecce27,https://newsatcl-pctr.c.yimg.jp/t/amd-img/20241008-01221123-the_tv-000-1-view.jpg?exp=10800,2024-10-08T07:00:00+09:00,2024-10-08T07:00:07+09:00,WEBザテレビジョン,the_tv,WEBザテレビジョン,1851,\n「BON VOYAGE Season3」の第1話が、10月1日にLeminoで配信された\nBTS(RM、JIN、SUGA、J-HOPE、JIMIN、V、JUNG KOOK)メンバー7人の素顔が映し出されるリアル旅行記「BON VOYAGE」シリーズの第3弾となる「BON VOYAGE Season.3」の第1話が、10月1日にLeminoで配信された。第1話ではメンバーたちがそれぞれ荷造りをする様子が映し出され、長時間のフライトを経て、今回の旅の舞台となるマルタ共和国へと到着した。(以下、ネタバレを含みます)\n【写真】ライブの観客をバックに仲良く記念撮影するBTSメンバー\n■地中海の美しい絶景が魅力のマルタへ出発\n\n2016年からスタートした同シリーズはステージ上でパフォーマンスを披露する姿とは違い、等身大の姿で自由気ままに旅を満喫するBTSメンバーを見ることができる旅行バラエティー番組。北欧3カ国を巡ったシーズン1、アメリカ・ハワイのオアフ島とハワイ島へ向かったシーズン2に続き、第3弾の目的地は地中海に浮かぶ美しい島国マルタだ。\n\nまずは各メンバーがそれぞれの部屋で、ワクワクしながら旅の準備をする様子から始まった。「服だけで20kgを超えそう！」と悩むRMや、全日程異なる服をクローゼットから選び出すJUNG KOOKなど、メンバーたちも世界遺産の都市での旅に、荷造りの段階から既に気合いが入っているようだ。\n\nまた、SUGAは「最低限の服だけを持って、あとは現地で買おう！」と計画的に準備を進める。荷造りも終え、都合により2日目から合流するV以外の6人が集合し、旅の始まりである空港へと向かった。慣れた様子で自らチェックインを行う中、最年長・JINがストップするアクシデントが発生。どうやらスーツケースの中に電動キックボードを入れていたようで、「これまで何度も飛行機に乗っていたのに(持ち込み不可と)知らなかったの？」(J-HOPE)、「恥ずかしい」(JUNG KOOK)と、少々呆れるメンバーたち。「マルタに着いたら楽に移動がしたくて、家から持ってきた」と、天然キャラさく裂のJINはメンバー全員にいじられながら、電動キックボードを家に送り返すことに。\n\nJINのおっちょこちょいなハプニングがありつつも、無事に飛行機に搭乗したメンバーたちは全員ぐっすり熟睡し、いつの間にか夜も明け、韓国から18時間の長時間フライトを経てマルタ国際空港へと到着した。機内シーンでは、熟睡するメンバーたちの寝顔を撮影する愛らしい“マンネ(最年少)”JUNG KOOKの姿も。\n\n今回の旅ではシーズン1、2と異なり、自分たちで車の運転にチャレンジするとのことで、初めての挑戦にメンバーたちの気分が高まっている様子が伝わってくる。JINがレンタカーの手続きを済ませ、番組タイトルでもある「BON VOYAGE」を使った“掛け声”でマルタ編の旅がスタートした。\n\n■シリーズ初の車の運転に挑戦するBTSメンバー\n\nスタッフからマルタの思い出をカメラで撮影するミッションを告げられたメンバーたちは、早速旅の軍資金と宿の情報をもらい、宿近くのレストランへと向かう。JUNG KOOKとJINが運転手となり、2台の車でドライブをする中、彼らが向かう首都・バレッタの町を一望できるスポットに「建物が美しい！」「絶景だ！」と興奮するメンバーたち。彼らが住む韓国とは異なる国での運転もそつなくこなしている様子だったが、縦列駐車に苦戦するJUNG KOOKは「怖かったよ～」と、意外にも異国でのドライブに緊張していたようだ。\n\nおなかを空かせたメンバーたちは、海が見えるレストランで今回の旅での最初の食事を楽しむことに。地中海の透き通った海を眺めながら、日焼け止めクリームを丁寧に塗ったり、たわいのない会話で盛り上がったりと、カメラを忘れてリラックス。\n\nその後は、スタッフからもらったヒントを頼りに、宿を探しに出掛けるのだが、狭い路地が入り組むバレッタの町に迷い込むハプニングも。二手に別れて宿を探し、予想以上の暑さに疲弊しながら、再び合流してなんとか無事に到着したところで第1話はフィニッシュ。次回からはVも合流し、本格的なバレッタ観光の旅が始まる予定だ。\n\n「BON VOYAGE Season.3」は、毎週火曜にLeminoで配信中。\n\n◆文=suzuki,['https://newsatcl-pctr.c.yimg.jp/t/amd-img/20241008-01221123-the_tv-000-1-view.jpg?pri=l&w=640&h=360&exp=10800'],"['https://news.yahoo.co.jp/articles/1ecc6bef44f6004fbfad30c9e9cd30b090ecce27/images/000', 'https://thetv.jp/news/detail/1221123/13599521/']"
柳楽優弥と桜井ユキが“晴男”“雨女”対決「今のところ僕、勝ってます」　齋藤飛鳥は子どもたちのマドンナ的存在に（WEBザテレビジョン）,https://news.yahoo.co.jp/articles/67d19355889ff43ee2ba899343b8da5022c61fef,https://newsatcl-pctr.c.yimg.jp/t/amd-img/20241008-01221357-the_tv-000-2-view.jpg?exp=10800,2024-10-08T05:00:00+09:00,2024-10-08T07:22:20+09:00,WEBザテレビジョン,the_tv,WEBザテレビジョン,1993,"\n「TBS DRAMA COLLECTION 2024AUTUMN」に登壇した(左から)齋藤飛鳥、柳楽優弥、桜井ユキ、坂東龍汰\nTBSドラマの合同制作発表会「TBS DRAMA COLLECTION 2024 AUTUMN」が、10月5日に東京・赤坂サカス内BLITZスタジオにて開催され、日曜劇場「海に眠るダイヤモンド」より神木隆之介、斎藤工、杉咲花、土屋太鳳、火曜ドラマ「あのクズを殴ってやりたいんだ」より奈緒、玉森裕太、岡崎紗絵、渡部篤郎、金曜ドラマ「ライオンの隠れ家」より柳楽優弥、坂東龍汰、齋藤飛鳥、佐藤大空、桜井ユキ、総勢13人のキャストが登壇。10月からスタートする各ドラマの魅力や撮影裏話などを語った。司会は篠原梨菜アナウンサー。\n【写真】壇上に飛び込んできた佐藤大空を抱きとめる坂東龍汰\n■平穏に暮らす兄弟が“ある事件”に巻き込まれていくヒューマンサスペンス\n\n10月11日(金)スタートの「ライオンの隠れ家」(毎週金曜夜10:00-10:54)は、どんな境遇でも大切な存在を守るために必死で生きる人たちの家族愛と兄弟愛を描く、心震えるヒューマンサスペンス。\n\n柳楽演じる市役所で働く平凡で真面目な優しい青年・小森洸人(こもり・ひろと)と、坂東龍演じる自閉スペクトラム症の美路人(みちと)の兄弟が、佐藤演じる「ライオン」と名乗る男の子との出会いをきっかけに""ある事件”に巻き込まれていく。\n\n洸人が務める市役所の後輩・牧村美央(まきむら・みお)役で齋藤、“ある事件”を追う週刊誌の記者・工藤楓(くどう・かえで)役で桜井が出演。\n\n■「“ここまでこだわるんだ”という印象」\n\n茨城・神栖の美しいロケーションが見どころの一つとなっている同作。坂東は、「本当に町がきれいだし、いいですよね、神栖の町」と語り、柳楽も「演技を信じてくれるような監督が今回多いので、ロケーションによって役柄の気分になっていることが結構あるんです。すごく最高なロケーションで、“ここまでこだわるんだ”という印象を感じています」とうなずく。\n\nさらに、坂東は「セットとかも含め、僕たちの生活というものにすごく力をくれるというか、助けてくれる場所で、キャストもみんな本当の家族な感じがしていて、今日ここにいるのが不思議な感じ。いていいのかなとソワソワしております。あっちがリアルで、ここはどこ？という感じがしています」と吐露した。\n\n\n一方、桜井はロケで困っていることがあるという。「私がとんでもない雨女と言いますか、撮影に出ると必ず雨が降ってしまうんですけど、本当に今、ほぼほぼロケが雨になってしまって。柳楽さんがすごく晴男だというお話を聞いていて、2人そろうとどうなるんだろうなと思っていたんですけど…」と話し出すと、柳楽は「今のところ僕、勝ってます」とにっこり。\n\n続けて桜井は、「そうなんですよね。でも、柳楽さんが先に帰られると雨が降るんです。だんだん申し訳ない気持ちになってきて。この間、プロデューサーの方がメークさんに『桜井さんって雨持ってきてるよね？』と言っていたぐらい、もう気付かれてしまったんですけど(笑)。ちょっと天気には困ってますね」と明かした。\n\nすると、そのやり取りを聞いていた佐藤が「今日は雨降ってるよ」とぽつり。会場からはこの日一番の笑いが起き、桜井は「ごめんね、ごめんなさい」と謝っていた。\n\n\n■齋藤飛鳥は「子どもたちにとって女神、マドンナ的存在」\n\nまた、スタッフからは、「齋藤さんがいる日は、大空くんもいつもより元気。エキストラの子どもたちも突然口説き出したり、子どもたちにとって女神、マドンナ的存在になっています」というタレコミが入る。\n\n美央が保育士だった頃の回想シーンで大勢の子役に囲まれていた齋藤は、「保育園の男の子から『先生にしてはかわいくない？』と口説いていただいて(笑)。おもちゃの王冠とかを頭に乗せてもらって楽しく撮影しております」とコメント。\n\n坂東も「本当になんかすごいですよ。大空くんが齋藤さんがいる日になると急に“男”になるんです。照明に乗せる重りを『俺上げられる！』みたいな感じで(笑)。いい傾向です」と暴露。「違う！」と否定する佐藤に、「ごめんごめんごめん」と慌てて平謝りする坂東の姿もあった。\n\n最後に柳楽は、「この作品にすごくリアリティーを与えてくれているのが大空くん。そして、このオリジナルドラマが全11話の中でどういうふうに着地するのか、実は僕もまだ想像ができていなくて、そのチャレンジ精神というか、そこに乗ってくれたキャストとスタッフでしっかりといいところに着地するように日々頑張っておりますので、皆さん温かく見守っていただけたらうれしいです」と呼び掛けた。",['https://newsatcl-pctr.c.yimg.jp/t/amd-img/20241008-01221357-the_tv-000-2-view.jpg?pri=l&w=640&h=426&exp=10800'],"['https://news.yahoo.co.jp/articles/67d19355889ff43ee2ba899343b8da5022c61fef/images/000', 'https://thetv.jp/news/detail/1221357/13604442/']"
神木隆之介、斎藤工、杉咲花、土屋太鳳が見せるチームワーク「まるでちゃんぽんのようなドラマとなっております」（WEBザテレビジョン）,https://news.yahoo.co.jp/articles/67deee613ae9cb2ba30fd585410870b0d5d60428,https://newsatcl-pctr.c.yimg.jp/t/amd-img/20241008-01221358-the_tv-000-2-view.jpg?exp=10800,2024-10-08T05:00:00+09:00,2024-10-08T07:21:59+09:00,WEBザテレビジョン,the_tv,WEBザテレビジョン,1674,\n「TBS DRAMA COLLECTION 2024AUTUMN」に登壇した(左から)土屋太鳳、神木隆之介、杉咲花、斎藤工\nTBSドラマの合同制作発表会「TBS DRAMA COLLECTION 2024 AUTUMN」が、10月5日に東京・赤坂サカス内BLITZスタジオにて開催され、日曜劇場「海に眠るダイヤモンド」より神木隆之介、斎藤工、杉咲花、土屋太鳳、火曜ドラマ「あのクズを殴ってやりたいんだ」より奈緒、玉森裕太、岡崎紗絵、渡部篤郎、金曜ドラマ「ライオンの隠れ家」より柳楽優弥、坂東龍汰、齋藤飛鳥、佐藤大空、桜井ユキ、総勢13人のキャストが登壇。10月からスタートする各ドラマの魅力や撮影裏話などを語った。司会は篠原梨菜アナウンサー。\n【写真】ガチャガチャを回し、カプセルの開け方のコツを説明する神木隆之介\n■壮大なヒューマンラブエンターテインメントが誕生\n\n10月20日(日)スタートの「海に眠るダイヤモンド」(毎週日曜夜9:00-9:54)は、昭和の高度経済成長期と現代を結ぶ、70年にわたる愛、青春、友情、家族を描く壮大なヒューマンラブエンターテインメント。神木の民放での連続ドラマ主演は13年ぶりで、同作で満を持して日曜劇場の初主演を務める。\n\n神木は、端島の炭鉱員の家で生まれ育った明るく真っすぐな主人公・鉄平(てっぺい)と、現代の東京に生きるもう一人の主人公・ホストの玲央(れお)の一人二役を演じ、鉄平の兄で炭鉱員として働く進平(しんぺい)を斎藤、幼い頃から鉄平を好きだが思いを伝えられないでいる銀座食堂の看板娘・朝子(あさこ)を杉咲、鷹羽鉱業の職員の娘・百合子(ゆりこ)を土屋が演じる。\n\n■「まるでちゃんぽんのようなドラマ」\n\n神木は、「長崎といったらちゃんぽんですけど、家族、友情、愛、サスペンスもですし、もういろいろなものが混ざった、まるでちゃんぽんのようなドラマとなっております」とアピール。\n\n誠実で真っすぐな鉄平と、無気力で刹那的な玲央という正反対の2人を演じる神木のことを、斎藤は「神木さんは、キャストだけじゃなくてスタッフの方たちにも常に気を配ってくださって、現場の太陽です」と絶賛。「いろいろなグッズを作ってくださったり、本当に主役として素晴らしくて。爪の垢を煎じて、飲みこそはしないんですけど、煎じたいなと思っています、いつも」と続けた。\n\n\n■「撮影時間より移動時間の方が長いんじゃないか」\n\n端島のセットの再現率が見どころの一つとなっている同作。土屋は「本当に美術さんが素晴らしいと思います。めちゃくちゃリアルで、他のロケーションも、日本ってこんな素晴らしいところがあったんだと再発見できるようなロケーションも多い。めちゃくちゃ遠いんですけど、2時間半かけて行って、そこから5時間かけて移動したりとか、撮影時間より移動時間の方が長いんじゃないかって思うぐらい。ただ、そこに行ったときにはそれ以上の感動があるので、とてもロケには助けてもらっています」と振り返る。\n\nまた、神木、杉咲、土屋は、端島で共に育った幼なじみを演じるが、実際にも10代の頃から交流があるという。特に、神木と杉咲は実に7回目の共演になるといい、「僕はあのときから成長はちゃんとしているのでしょうか？」と心配する神木。\n\n\n杉咲は、「本当に優しいので、自分よりも先に周囲にいる方々にいつも気を配っていて、気を使いすぎて疲れていないかなと心配になるときもあるんですけど、人のために動くことに喜びを感じられる方なのかなというふうに感じたりもしていて、そんなすてきなところは全然変わっていないです」と声を掛けていた。\n\n最後に神木は、「他のキャストの皆さんもそうですし、スタッフさんもそうですし、本当に一生懸命ドラマを作っております。見てくださった方に少しでも『元気が出たな』とか、『背中を少し押してもらえたな』と思ってもらえるような作品にできたらいいなと思っております」と呼び掛けた。,['https://newsatcl-pctr.c.yimg.jp/t/amd-img/20241008-01221358-the_tv-000-2-view.jpg?pri=l&w=640&h=426&exp=10800'],"['https://news.yahoo.co.jp/articles/67deee613ae9cb2ba30fd585410870b0d5d60428/images/000', 'https://thetv.jp/news/detail/1221358/13604468/']"
TBS秋ドラマ出演者が集結　枠を越えての交流を楽しむ「ドラマが違っていても、一緒なんだな」＜DRAMA COLLECTION＞（WEBザテレビジョン）,https://news.yahoo.co.jp/articles/cb94b19ae9fc32b39415ebffe80061d76a719ea6,https://newsatcl-pctr.c.yimg.jp/t/amd-img/20241008-01221209-the_tv-000-2-view.jpg?exp=10800,2024-10-08T05:00:00+09:00,2024-10-08T07:21:19+09:00,WEBザテレビジョン,the_tv,WEBザテレビジョン,4166,"\n10月5日にTBSの秋ドラマ合同制作発表「TBS DRAMA COLLECTION 2024AUTUMN」が開催された\nTBSドラマの合同制作発表会「TBS DRAMA COLLECTION 2024 AUTUMN」が、10月5日に東京・赤坂サカス内BLITZスタジオにて開催され、日曜劇場「海に眠るダイヤモンド」より神木隆之介、斎藤工、杉咲花、土屋太鳳、火曜ドラマ「あのクズを殴ってやりたいんだ」より奈緒、玉森裕太、岡崎紗絵、渡部篤郎、金曜ドラマ「ライオンの隠れ家」より柳楽優弥、坂東龍汰、齋藤飛鳥、佐藤大空、桜井ユキ、総勢13人のキャストが登壇。ドラマの枠を越えたクロストークや質問コーナーなどで会場を盛り上げた。司会は篠原梨菜アナウンサー。\n【写真】こぼれ話に爆笑する奈緒、玉森裕太、岡崎紗絵\n■総勢13人のキャストが集結\n\n10月20日(日)スタートの「海に眠るダイヤモンド」(毎週日曜夜9:00-9:54)は、昭和の高度経済成長期と現代を結ぶ、70年にわたる愛、青春、友情、家族を描く壮大なヒューマンラブエンターテインメント。神木の民放での連続ドラマ主演は13年ぶりで、同作で満を持して日曜劇場の初主演を務める。\n\n神木は、端島の炭鉱員の家で生まれ育った明るく真っすぐな主人公・鉄平(てっぺい)と、現代の東京に生きるもう一人の主人公・ホストの玲央(れお)の一人二役を演じ、鉄平の兄で炭鉱員として働く進平(しんぺい)を斎藤、幼い頃から鉄平を好きだが思いを伝えられないでいる銀座食堂の看板娘・朝子(あさこ)を杉咲、鷹羽鉱業の職員の娘・百合子(ゆりこ)を土屋が演じる。\n\n10月8日(火)スタートの「あのクズを殴ってやりたいんだ」(毎週火曜夜10:00-10:57)は、プロボクサーを目指すアラサー主人公が、恋にもボクシングにも本気で向き合う姿を描く“クズきゅんボクシングラブコメディー”。\n\n主人公の佐藤ほこ美(さとう・ほこみ)を演じるのは、TBSドラマ初主演となる奈緒。ほこ美が出会う金髪の謎の男・葛谷海里(くずや・かいり)を演じる玉森は、TBSドラマへの出演は「オー！マイ・ボス！恋は別冊で」(2021年)以来3年ぶりとなる。また、ほこ美が通うボクシングジムの会長・羽根木成(はねぎ・なり)を渡部、その娘・羽根木ゆい(はねぎ・ゆい)を岡崎が演じる。\n\n10月11日(金)スタートの「ライオンの隠れ家」(毎週金曜夜10:00-10:54)は、どんな境遇でも大切な存在を守るために必死で生きる人たちの家族愛と兄弟愛を描く、心震えるヒューマンサスペンス。\n\n柳楽演じる市役所で働く平凡で真面目な優しい青年・小森洸人(こもり・ひろと)と、坂東演じる自閉スペクトラム症の美路人(みちと)の兄弟が、佐藤演じる「ライオン」と名乗る男の子との出会いをきっかけに、""ある事件”に巻き込まれていく。\n\n洸人が務める市役所の後輩・牧村美央(まきむら・みお)役で齋藤、“ある事件”を追う週刊誌の記者・工藤楓(くどう・かえで)役で桜井が出演。\n\n■神木隆之介と玉森裕太が交流「元気ですか？」\n\n壇上には、俳優陣がドラマの枠を越えて聞きたい質問を事前にアンケートしたものを入れたガチャガチャが登場。各ドラマのメンバーから代表者がガチャガチャを回し、書かれている質問にランダムに答えるという企画が行われた。\n\n\n一発目の奈緒が引き当てたのは、神木から玉森への質問。「元気ですか？」という短すぎる問いに「以上ですか？」と思わずツッコんでしまった玉森。その反応に、会場からは笑いが起きる。玉森は「元気です。ありがとうございます、わざわざ。気にかけてもらえてうれしいです」と笑顔を見せた。\n\n2人は、「よかったです、元気で」「お久しぶりです」「お久しぶりです」とやり取りを交わしながら、「ボクシングは健康管理とか、追い込まなきゃいけないイメージじゃないですか。体調とか大丈夫なのかなという思いも乗っけて、元気ですか？という」と神木が補足すると、玉森が「優しいですね。ありがとうございます。今のところ元気です」と応え、つかの間の交流を楽しんだ。\n\n次に、玉森が引き当てたのは、桜井から奈緒への質問。「作品でしっかりと共演させていただいたことはないのですが、私、奈緒さんと同じ福岡県出身、誕生日も同じなんです。勝手にご縁を感じており、いつか作品でご一緒させていただきたいなと密かに願っております。 そんな奈緒さんに質問なのですが、私はいまだにイントネーションが福岡弁訛りでNGを出してしまいます。しかもそれに気付いていません。奈緒さんもそんなことがあったりしますか？私だけでしょうか？」といった質問が投げかけられた。\n\n奈緒は誕生日が同じことに驚きながらも、「めちゃくちゃ分かります。イントネーションは、福岡がそんなに訛りがあると思っていなかったので、各ドラマで1回ぐらいはあります」と深くうなずいていた。\n\n\n■土屋太鳳から柳楽優弥へ「せめて10年目くらいにはご一緒したい」\n\n次に、佐藤が、土屋から柳楽へのメッセージを引き当てる。「朝ドラで大変お世話になりました。本当に素晴らしい演技で、本当に救われました。そんな柳楽さんに質問です。また共演したいですとお伝えしてから、なんと9年も経ちました。せめて10年目くらいにはご一緒したいと願っていますが、その可能性はありますか？また、この9年間、いろいろな作品に出演なさったと思いますが、これはすごいと感じたことを教えてください。セリフでも演出でも衣装でもお弁当でもなんでもいいです」と質問が飛ぶ。\n\n柳楽は、共演の可能性について「お願いします」と笑顔を見せ、「泣くシーンとかってあるじゃないですか。僕は割とドキドキしたりとか、現場はどういう感じなんだろうみたいに考えることがあるんですけど、ついこの間、大空くんが涙を流すシーンがあって、自分の顔の寄りじゃないときも容赦なく泣けるというのが、改めてすごいなと感じました」とコメントした。\n\n\n二度目のガチャガチャを回しに行った佐藤は、斎藤から桜井への質問を引き当てる。「春には私が発起人の移動映画館『cinema bird(シネマバード)』に参加してくださりありがとうございました。ちなみに、ロケで泊まりのときの必需品はなんですか？」といった質問が読まれると、桜井は「私は耳栓を必ず持っていくようにしていて。機械音がすごく苦手で、換気扇とか、秒針とか」と回答。\n\nまた、斎藤は佐藤にも同じ質問を投げかける。考え込んでしまった佐藤に「お母さん？」「お父さん？」「台本？」と耳打ちし、小さく「台本…」と答えた佐藤を見て、「悪影響を及ぼしました。失礼いたしました」と反省し、笑いを誘っていた。\n\n\n神木が引き当てたのは、奈緒から杉咲への「前に撮影でご一緒したときのおいしい差し入れが忘れられません。どうやって探しているんですか？」という質問。\n\n杉咲は、「皆さんとそんなに変わらないと思うんですけど、やっぱり諸先輩方が本当においしい差し入れをたくさんしてきてくださって、全部メモしているので、それを自分で見つけたかのように差し入れしています(笑)」と回答。\n\n\nそんな杉咲が引き当てたのは、坂東から神木への質問で、「撮影初日は緊張しますか？僕は緊張して前日寝られません。緊張するときはどう対応していますか？」というもの。\n\n神木は「緊張しますよね!? 僕も緊張しますよ。僕もあまり寝られないです。どんな現場なんだろうとか、優しくしてもらえるかなとか、いっぱい考えるんですけど、でも、僕がいつも思っているのは、もちろん不安がいっぱいあって落ち着けないなというのはあるんですけど、“なんとかなるっしょ”ということです。なんとかしていくしかないし、みんな優しいから大丈夫でしょうと言い聞かせて、必死に寝ようとしています」と回答し、それぞれの交流を深めていた。\n\n■神木隆之介が断言「僕らの気持ちって一つ」\n\n最後に、神木は「すごく楽しかったですし、皆さんとなかなかこうお話しできる機会もないですし、こうやって集まって一緒に何かをやるということ、ドラマが違っていても、一緒なんだなとすごく思えた一日でした。たくさんのキャストの人がいて、たくさんのスタッフさんがいて、いっぱい協力してくださっている方がいて。でも、僕らの気持ちって一つで、見てくださった方に少しでも笑顔になってもらえたりとか、生活にちょっと彩りや、“支えだな”みたいなそんなことを思っていただけるように、一生懸命必死に頑張っています。なので、ぜひ皆さまに楽しんでいただけたらなと思っております」とあいさつ。\n\n奈緒は、「今日はこのような機会をいただき、本当にありがとうございます。今、神木さんもおっしゃっていましたけど、こうやってドラマを作って、明日という一日をちょっと楽しく生きてみたいとか、明日が楽しみだなと思ってもらえるって本当にすてきなことだと思っています。どうか皆さんの明日が楽しい一日でありますようにと心から願いながらドラマを作っておりますので、届いたらうれしいです」と感謝を述べた。\n\n柳楽は、「皆さんの背中を押せるような、エンターテインメントで皆さんに彩りを与え、感じていただけるような作品にできるようにこれからも頑張っていきたいです。しっかり胸を張って作品を届けたいなと思いますし、スタッフ、キャスト、そして今回の10月期ドラマの皆さんといったメンバーで元気いっぱいにオールアップするまで駆け抜けたいと思っております」と高らかに宣言。\n\n斎藤は、この日何度も代表あいさつを任されていた神木の代わりに、「キャストだけじゃなくて、制作陣、特に現場の様式を彩る人たちの技術が本当に素晴らしくて、各ドラマ、そういう画面には映らない職人たちの技をテレビの前の皆さまに楽しんでほしいなと…神木隆之介が言っております」と呼び掛け笑いを誘い、終始和やかな雰囲気の中イベントは終了した。",['https://newsatcl-pctr.c.yimg.jp/t/amd-img/20241008-01221209-the_tv-000-2-view.jpg?pri=l&w=640&h=426&exp=10800'],"['https://news.yahoo.co.jp/articles/cb94b19ae9fc32b39415ebffe80061d76a719ea6/images/000', 'https://thetv.jp/news/detail/1221209/13601230/']"
薮宏太、草間リチャード敬太のシャイな一面を明かす「連絡先、僕から聞いたんですよ」（WEBザテレビジョン）,https://news.yahoo.co.jp/articles/f1a5382f52dd9bafa3667f335c3fd5cef08397c3,https://newsatcl-pctr.c.yimg.jp/t/amd-img/20241008-01221459-the_tv-000-2-view.jpg?exp=10800,2024-10-08T04:00:00+09:00,2024-10-08T07:23:22+09:00,WEBザテレビジョン,the_tv,WEBザテレビジョン,1256,"\n「tick, tick...BOOM!」囲み取材より\nミュージカル「tick, tick...BOOM!」の公開ゲネプロ及び囲み取材が、10月6日に東京・シアタークリエで開催され、囲み取材にはHey! Say! JUMP・薮宏太、梅田彩佳、Aぇ! group・草間リチャード敬太が登壇した。\n【写真】笑顔で囲み取材に臨む(左から)Aぇ! group・草間リチャード敬太とHey! Say! JUMP・薮宏太\n■「RENT」を生み出した作曲家の葛藤と成長を描く\n\n本作は、ミュージカル「RENT」を生み出した作曲家、ジョナサン・ラーソンが作詞・作曲・脚本を手がけ、自身の下積み時代の経験をベースに、その葛藤と成長を描いたミュージカル作品。2001年のオフ・ブロードウェイでの上演を皮切りに、日本を含む各国で上演され、2021年には映画化もされた。作中では、1990年のアメリカ・ニューヨークを舞台に、ミュージカル作家として成功を夢見るジョンの物語が描かれる。ジョン役を薮、ジョンの恋人・スーザン役を梅田、ジョンの親友・マイケル役を草間が務める。\n\n■シャイな草間に対して積極的に行く薮\n\n同じ事務所に所属するもこれまで接点があまりなかった薮と草間は、本作では親友役に。薮は「リチャ(草間)は、めちゃくちゃシャイなんですよ。全然シャイじゃないと思ってた。Aぇ! groupというだけで、『ドヤー！』っていう関西の感じでくるかな？と思ったらシャイなんだよね」と意外な一面を明かす。さらに「連絡先、僕から聞いたんですよ」と薮が訴えると、後輩の草間は「シャイなんで(笑)」とはにかむ。なかなか連絡先を交換する話にならなかったそうで、「このまま行ったらやばいなと思って『リチャ、連絡先交換しようぜ』って」と自ら声を掛けたと言う。\n\n草間が「僕がいけない分、どんどん来てくださるので。めちゃくちゃやりやすいですね。後輩が言うのもなんですけど(笑)」とコメントすると、薮は「ありがとうございます。初めて言われます。やりやすいって」と笑う。続けて草間は「(舞台セットの)冷蔵庫のアルファベット(のマグネット)で単語作ってみたりとか、ちょっとした絡みで和やかにしてくれます」と稽古中の薮とのエピソードを明かした。\n\nまた、草間は本作のために長かった髪を切ったと言い、「久しぶりに短髪になったんですよ。切らないんだったらカツラの予定だった」と明かし、「一世一代のカットだったんですけど、(Aぇ! groupのメンバーたちは)そんなに興味なかったみたいで。結構大事やで！結構(髪の長さ)あったで！って思ってた。でも久しぶりでいい感じです」と短髪も気に入っている様子だった。\n\n本作は、10月6日から31日まで東京・シアタークリエ、11月3・4日に愛知・東海市芸術劇場、11月7日から11日まで大阪・COOL JAPAN PARK OSAKA WWホールで上演される。\n\n◆撮影・取材・文＝水沢あすみ",['https://newsatcl-pctr.c.yimg.jp/t/amd-img/20241008-01221459-the_tv-000-2-view.jpg?pri=l&w=640&h=426&exp=10800'],"['https://news.yahoo.co.jp/articles/f1a5382f52dd9bafa3667f335c3fd5cef08397c3/images/000', 'https://thetv.jp/news/detail/1221459/13606267/']"
"薮宏太、ミュージカル「tick, tick...BOOM!」でピアノに挑戦　覚え方は『ダンスの振り付けを覚える感じ』（WEBザテレビジョン）",https://news.yahoo.co.jp/articles/2b792b74faece02a4af8173f6eaa60d912e9c53a,https://newsatcl-pctr.c.yimg.jp/t/amd-img/20241008-01221215-the_tv-000-3-view.jpg?exp=10800,2024-10-08T04:00:00+09:00,2024-10-08T11:26:55+09:00,WEBザテレビジョン,the_tv,WEBザテレビジョン,1539,"\n「tick, tick...BOOM!」公開ゲネプロより\nミュージカル「tick, tick...BOOM!」の公開ゲネプロ及び囲み取材が、10月6日に東京・シアタークリエで開催され、囲み取材にはHey! Say! JUMP・薮宏太、梅田彩佳、Aぇ! group・草間リチャード敬太が登壇した。\n【写真】ミュージカル「tick, tick...BOOM!」で主演を務めるHey! Say! JUMP・薮宏太\n■「RENT」を生み出した作曲家の葛藤と成長を描く\n\n本作は、ミュージカル「RENT」を生み出した作曲家、ジョナサン・ラーソンが作詞・作曲・脚本を手がけ、自身の下積み時代の経験をベースに、その葛藤と成長を描いたミュージカル作品。2001年のオフ・ブロードウェイでの上演を皮切りに、日本を含む各国で上演され、2021年には映画化もされた。作中では、1990年のアメリカ・ニューヨークを舞台に、ミュージカル作家として成功を夢見るジョンの物語が描かれる。ジョン役を薮、ジョンの恋人・スーザン役を梅田、ジョンの親友・マイケル役を草間が務める。\n\n■公開ゲネプロで感じた手応え\n\n公開ゲネプロを終えた薮は「1回も捌けてないなって思いました。気付いたらシーンが目まぐるしく変わるので、集中力を持って望まなきゃいけないなと思っています」と振り返り、「ゲネプロを見に来てくれた関係者の方たちが、音楽が終わった後に歓声を上げてくれたり、笑い声もあったので、早くお客さんの前で演奏したり歌を届けたいなと思っています」と期待を込めた。\n\n梅田は「自分が舞台に出ていないときは、袖で2人のことを見てパワーをもらいながら約2時間出来たと思うので、2人からパワーをもらいながら3人で頑張りたいなと思いました」と3人芝居への意気込みを語る。\n\n草間は「初めて舞台上で全編通したので、稽古場でやっていたよりもすごく消耗するなって思いました。動いてる時のダイナミックさが違うのか分からないけど。照明とかいろいろ助けてもらえる部分があるので、そこに乗っけてもらいながら頑張れそうです。ゲネプロの感じを見たら本番いけそうって思いました」と手応えを感じた様子。\n\n\n■薮は小学生ぶりにピアノに挑戦\n\n本作に臨む上で大変だったことを聞かれた薮は、「やっぱりピアノですね。ただピアノを弾くだけじゃなくて、(ジョンが)自分で書いた曲で、自分の気持ちとか感情から出てきた歌なんだっていうのを意識して出来るまでにすごく大変だった」と語る。\n\nピアノの経験については「幼稚園から小学校まではピアノ音楽教室にちょっと行ってたんですけど、そこから一切やってなかったので。久々にピアノを触ってめちゃめちゃ緊張しました」と言い、「譜面を読みながらピアノが弾けなくて。だからダンスの振り付けを覚える感じで」と独自の覚え方を明かした。\n\n■梅田と草間は役の数が多く苦戦\n\nまた、梅田と草間は演じる役も多く、「セリフがない役も入れたら10役くらいやっている気がします」と梅田は振り返り、「一瞬で(役が)変わるっていうのは今まで経験したことなかったので、すごく難しい」と話す。草間も「(演出に)『もっとニューヨーカーになって』『私が一番目立ってるでしょ？っていうふうにやって』っていうのをずっと言われてたので、そこを掴むのが難しかったです」と回顧した。\n\n本作は、10月6日から31日まで東京・シアタークリエ、11月3・4日に愛知・東海市芸術劇場、11月7日から11日まで大阪・COOL JAPAN PARK OSAKA WWホールで上演される。\n\n◆撮影・取材・文＝水沢あすみ",['https://newsatcl-pctr.c.yimg.jp/t/amd-img/20241008-01221215-the_tv-000-3-view.jpg?pri=l&w=640&h=426&exp=10800'],"['https://news.yahoo.co.jp/articles/2b792b74faece02a4af8173f6eaa60d912e9c53a/images/000', 'https://thetv.jp/news/detail/1221215/13601584/']"
ふぉ～ゆ～、堂本光一に感謝「こんなモンスターグループを光一くんが生んでくれた」＜ENTA!7 4U. Zepp in de SHOW＞（WEBザテレビジョン）,https://news.yahoo.co.jp/articles/4bd20306cfd28608efb1edccb7f7b8b530c0ba8b,https://newsatcl-pctr.c.yimg.jp/t/amd-img/20241008-01221264-the_tv-000-1-view.jpg?exp=10800,2024-10-08T04:00:00+09:00,2024-10-08T04:00:07+09:00,WEBザテレビジョン,the_tv,WEBザテレビジョン,1923,\nふぉ～ゆ～\nふぉ～ゆ～の福田悠太、辰巳雄大、越岡裕貴、松崎祐介が10月7日、都内で行われた「ENTA!7 4U. Zepp in de SHOW」製作発表に出席。意気込みを語ると共に、堂本光一から学んだことなどを明かした。\n【写真】「賑やかなポーズ」のリクエストに応えるふぉ～ゆ～\n■「ENTA!」が今年で通算公演数100回に\n\n好評により、年末恒例となったふぉ～ゆ～のライブエンターテイメントショー「ENTA!」。歌、ダンス、コメディ、トークなど、経験豊富なふぉ～ゆ～ならではのステージが繰り広げられ、毎年恒例の新曲披露に加え、年々パワーアップするバラエティーの仕掛けが詰まった毎公演まったく違うアドリブだらけのステージは、時期も相まって“忘年会”とも称され愛され続けてきた。\n\n7回目の開催となる今年は、12月21日(土)の大阪公演で通算公演数100回を迎える記念の年。これを記念して、今までは年末にのみ開催していた本公演を、今年は“新年会”と称し年明けにも開催。何が起こるかわからないライブエンターテイメント満載の熱いステージを届ける。\n\n公演数100回を迎えることに関して、越岡は「ゲストの方がいたときもあるし、コントとかも毎回違う公演になるから、それを100公演やっていると思うとすごいなと思う反面ぞっとはしますね。記念すべき100回公演なので、おともだち(ファンの呼称)のみなさんと一緒に最高に楽しめたらと思います」と意気込み。今後の「ENTA!」についても「死ぬまでいけるんじゃない？ その年の『ENTA!』できるんじゃない？」とやる気を見せ、福田も「いくつになってもできる作品だと思うので、ギリギリまでやっていきたい」と語った。\n\n辰巳は「いけるところまでいってみたいです。最近はYouTubeなどいろいろ始めて、幅広くふぉ～ゆ～のことを応援してくれる人が増えました。全方位の方が楽しめるエンターテイメントが『ENTA!』だと思います」と自信を覗かせた。\n\n■ふぉ～ゆ～、堂本光一に感謝\n\nふぉ～ゆ～はこれまでに堂本光一主演のミュージカル「Endless SHOCK」に数多く出演しており、11月の公演にはグループ全員で出演。辰巳は「ふぉ～ゆ～は、『Endless SHOCK』がなかったらこの4人になっていない。光一くんが『Endless SHOCK』に詰め込んだエンターテイメントの数々、まずそこを生のステージで学びました。そういうことは光一くんから教わったことです」と振り返り「『Endless SHOCK』という公演は、2ヵ月ぶっ続けだったりするので、舞台度胸みたいなものがものすごくつきました」と口にした。\n\nさらに辰巳は「『Endless SHOCK』などを見ていると、光一くんは、センターがあまりにも似合う方。僕らはもともとずっとバックダンサーとしてやってきて、自分たちがメインになるぞ、というときに『メインってどうやって立ってればいいんだっけ!?』って(思った)」と打ち明け「光一くんって、僕らの斜め前で振りが飛ぶときもあるんですよ。飛んでるんですけど、お客さんから見たら飛んでないんですよ。センターにいる美学とか、奥義というものは光一くんからたくさん盗ませてもらいました」と告白。\n\n本会見は数々のボケとツッコミが飛び交い、賑やかな会見となったが、辰巳は「何も恐れなくなったが故にこういうモンスターグループが生まれてしまったかな、と。辰巳と福田は『Endless SHOCK』の福岡公演に出ていたんですけど、光一くんが後輩とかアンサンブルさんに『11月は怪物が4人になります』ってよく言ってたんですよ」と笑い「こんなモンスターグループを光一くんが生んでくれたかな、と思っています」と感謝した。\n\n松崎は「光一くんには感謝しかない」と堂本に感謝を伝え「怪物を生んだのはあなたです、と。怪物の子は怪物」とコメント。「『堂本光一、サンキュー』ですね」と続けると、メンバーは「見出し！(笑)」「『怪物の子は怪物』の方が見出しっぽい(笑)」とツッコみながら笑い、終始笑いにあふれた会見となった。\n\n「ENTA!7 4U. Zepp in de SHOW」は、神奈川・KT Zepp Yokohamaにて12月18日(水)～19日(木)、大阪・Zepp Nambaにて12月21日(土)～22日(日)、愛知・Zepp Nagoyaにて12月24日(火)～25日(木)、東京・Zepp Hanedaにて2025年1月3日(金)～5日(日)に開催。\n\n◆取材・文＝山田果奈映,['https://newsatcl-pctr.c.yimg.jp/t/amd-img/20241008-01221264-the_tv-000-1-view.jpg?pri=l&w=640&h=426&exp=10800'],"['https://news.yahoo.co.jp/articles/4bd20306cfd28608efb1edccb7f7b8b530c0ba8b/images/000', 'https://thetv.jp/news/detail/1221264/13603546/']"
