headline,mainEntityOfPage,image,datePublished,dateModified,author,media_en,media_jp,str_count,body,images,external_links
効率的かつ清潔に！キッチンにあえて置かないほうがいいものとは？（サンキュ！）,https://news.yahoo.co.jp/articles/21036972d630a6775e874b4a81414d1cd4c5fbe8,https://newsatcl-pctr.c.yimg.jp/t/amd-img/20240430-00075391-thankyu-000-1-view.jpg?exp=10800,2024-04-30T21:52:00+09:00,2024-04-30T21:52:00+09:00,サンキュ！,thankyu,サンキュ！,1272,\nサンキュ！\n少しでも効率的に料理ができるようにと、いろいろなものをキッチンに置いていませんか？ でも、なかには「置かないほう」ほうが効率よかったり、清潔に使えたりするケースもあるんだとか。\n【画像】効率的かつ清潔に！キッチンにあえて置かないほうがいいものとは？\n整理収納アドバイザーでセミナー講師なども行っている、片づけのプロ松下香奈さんに、「キッチンに置かないほうがいいもの」について解説してもらいました。\n置かないもの1：キッチンマット\nキッチンマットの役割は床が汚れるのを防いでくれます。また床がフローリングの場合、冬場のキッチンでひんやり感が足に伝わってくるのも防いでくれます。\n\nしかし、私は置かないメリットのほうが大きいと考えて置いていません。\n\nキッチンマットが敷いてあると、掃除するときにマットを退かして床の掃除をしなければいけませんし、掃除機をかけるときにマットが吸い上がってしまうのもストレスです。\n\nキッチンマットを置いていないと、掃除機もスイスイかけられて、床の水拭きもサッとできます。冬場の冷えはスリッパを履けば防げますよ。\n置かないもの2：三角コーナー\n三角コーナーをキッチンにおいていると、シンク周りが狭くなってしまううえに、頻繁に洗わないと目詰まりやぬめり、臭いが発生してしまいます。\n\n三角コーナーの代わりに使い捨ての水切りゴミ袋を置くと便利です。使い捨てタイプの水切り袋は使いたいときにシンクに置くだけで簡単に使えるし、お手入れの必要もありません。\n\n写真は我が家で使っているニトリの「水切り袋（S）」。199円で40枚入りなので、コスパも抜群ですよ。\n置かないもの3：食器拭き用布巾・台拭き布巾\n布巾などは洗って繰り返し使うのがエコではありますが、どうしても雑菌が繁殖してしまいます。布巾を塩素系漂白剤につけ置き洗いをする手間が面倒なので、消耗品と割り切ってキッチンペーパーを使って時短に繋げています。\n\nちなみに使い終わったキッチンペーパーは使用済みの油を捨てる際に油を染み込ませて捨てるで、再利用もできます。\n\nまた我が家では食器は食器洗浄機で乾燥、あるいは自然乾燥にしているので食器拭き用の布巾は用意していません。\n\n\nあったら便利だけれど、じつはなくても大丈夫！置かないほうが時短になる！というものは意外とあります。省ける家事は少しでもなくすことで時間と気持ちにゆとりが生まれるといいですね。\n\n◆執筆/松下香奈さん\n衣食住をテーマに暮らしをちょっとのことでもっとたのしくする「SSS-Style+」に所属する整理収納アドバイザーで、3 人の女の子のママ。セミナー講師なども行っている。\n\n※記事内の表示価格は、とくに記載のない場合、税込表示です。軽減税率の適用により価格が変動する場合もあります。\n※商品情報は記事執筆時点のものです。店舗によっては取り扱いがない場合があります。\n\n構成/サンキュ！編集部\nサンキュ！編集部,['https://newsatcl-pctr.c.yimg.jp/t/amd-img/20240430-00075391-thankyu-000-1-view.jpg?pri=l&w=640&h=426&exp=10800'],"['https://news.yahoo.co.jp/articles/21036972d630a6775e874b4a81414d1cd4c5fbe8/images/000', 'https://39mag.benesse.ne.jp/living/content/gallery/?id=134769&utm_source=headlines.yahoo&utm_medium=referral&utm_campaign=yahoo_photo_link']"
【じつは春が旬】いちごは優秀！大人女子が知っておくべき薬膳効果とは？（サンキュ！）,https://news.yahoo.co.jp/articles/2ab4418a52195030229dd4c7f22444a145f06f80,https://newsatcl-pctr.c.yimg.jp/t/amd-img/20240430-00075423-thankyu-000-1-view.jpg?exp=10800,2024-04-30T20:15:00+09:00,2024-04-30T20:15:00+09:00,サンキュ！,thankyu,サンキュ！,1202,\nサンキュ！\nクリスマスケーキのイメージが強いせいか、「いちごは冬が旬」と思っている方が多いですよね。ハウスで育っているいちごは、冬から楽しむことができるのですが、本来の旬は春から初夏にかけてなんです。\n【画像】【じつは春が旬】いちごは優秀！大人女子が知っておくべき薬膳効果とは？\nそんないちごは、薬膳では春に使うことが多い優秀食材。おいしいので老若男女に人気のフルーツですが、とくに年齢を重ねた女性におススメなんですよ。虫歯を予防するとされるキシリトールが含まれていたり…ほかにもうれしい効果がたくさん！なのに、健康美容の食材というイメージが薄いんですよね。\n\n今回は、看護師・薬膳師などの資格をもつ薬膳ナースけいこさんが、薬膳の視点で解説するいちごのパワーをお伝えしますね。\nいちごの薬膳パワー\n薬膳でいちごを使うのは「潤したいとき」「熱を取りたいとき」「胃をいたわりたいとき」です。\n\n春になっても、まだ空気の乾燥が気になりますよね、そんなときに、のどが乾燥したり、から咳が出ることがありますが、いちごは体、とくに肺を潤し、から咳を和らげてくれます。\n\nまた、頬が赤くなって火照るようなとき、体に熱がこもっているのですが、いちごには体にこもった余分な熱を冷ましてくれる働きがあると考えられています。\nさらに、食欲不振やげっぷなど胃が疲れ気味のときに食べると、胃の働きを助けるとされています。\n\nちなみに、体に余分な熱を溜めることなく、潤いをキープできていると更年期の不快症状が強く出にくいという報告もあります。「熱を溜めない」「潤す」ことは意識しておきたいですね。\nやっぱりビタミンCのイメージが強いよね\nいちごといえば、レモン同様ビタミンCのイメージが強いのではないかと思います。\n確かに、ビタミンCが豊富です。\n\nビタミンCといえば、風邪予防、シミ、しわ予防などうれしい効果がたくさん。薬膳的にも、栄養学的にも年齢を重ねた女性に意識的にとっていただきたいフルーツです。\n良質ないちごの見分け方は？\n新鮮で良質ないちごの特徴は\n・へたが青々として瑞々しいもの\n・均一な赤色で鮮やかなもの\n・ツブツブがはっきりくっきりしているもの\nです\n\n効果を知らなくても、おいしいから食べてるよ！というかたが多い人気のフルーツですが、甘酸っぱいいちごを食べると幸せな気持ちになりますよね。それに加えて、うれしい健康美容効果もたくさん！いちごを食べて、美肌＆元気な春をすごしましょう。\n\n■執筆/薬膳ナースけいこ…薬膳師/看護師/経絡ヨガ指導者/薬膳茶エバンジェリスト。知って活用、暮らしに溶け込む健康づくりをテーマに情報を発信中\n\n編集/サンキュ！編集部\n\n※記事の内容は記載当時の情報であり、現在と異なる場合があります。\nサンキュ！編集部,['https://newsatcl-pctr.c.yimg.jp/t/amd-img/20240430-00075423-thankyu-000-1-view.jpg?pri=l&w=640&h=454&exp=10800'],"['https://news.yahoo.co.jp/articles/2ab4418a52195030229dd4c7f22444a145f06f80/images/000', 'https://39mag.benesse.ne.jp/housework/content/gallery/?id=188939&utm_source=headlines.yahoo&utm_medium=referral&utm_campaign=yahoo_photo_link']"
業務スーパーに10年通うマニアが大絶賛！行くと毎回買っちゃうリピ買い必至商品とは!?（サンキュ！）,https://news.yahoo.co.jp/articles/de7334c06005e4d0880b62d330d51dbd33e3c268,https://newsatcl-pctr.c.yimg.jp/t/amd-img/20240430-00075415-thankyu-000-1-view.jpg?exp=10800,2024-04-30T22:37:00+09:00,2024-04-30T22:37:00+09:00,サンキュ！,thankyu,サンキュ！,1165,\nサンキュ！\nふだんからお魚は食べていますか？ 業務スーパーには手軽に食べられるお魚商品が多く販売されています。\n【画像】業務スーパーに10年通うマニアが大絶賛！行くと毎回買っちゃうリピ買い必至商品とは!?\n業務スーパーに10年通うさくのんさんに、イチオシお魚商品を2つ教えてもらいました。\n「粗びきサーモンたたき」\n家族は魚が好きで、食卓にもたくさん魚料理を出したいのですが、魚の価格はお腹を満たそうと思うとお肉より高く、レパートリーも少ないのが悩みでした。\n\n業務スーパーで販売されている「粗びきサーモンたたき」は200g入りで538円なので、お手ごろ価格で海鮮丼が楽しめます。\n\n国内製造の商品ですが、トルコ産のトラウトサーモンが使用されています。\n\n袋のまま、常温で解凍してからすぐに食べられるので、冷凍庫に1つあると便利な商品です。\n\n袋を開けてみると、ペースト状になったサーモンに粗くカットされたサーモンの身がゴロゴロと入っていて、こってりとした濃厚なサーモンが味わえます。\n\nみじん切りしたネギとしょうゆと混ぜて、酢飯にのせるだけで、ネギサーモン丼の完成です。楽したい日のメニューにぴったりです。\n\nチーズとの相性もよく、クラッカーの上にチーズと粗びきサーモンをのせ、ブラックペッパーをふりかければあっという間におしゃれな一品が完成です。\n「鮪たたき」\n「粗びきサーモンたたき」よりも前から業務スーパーで人気のあった「鮪たたき」は250g入りで667円です。\n\n「鮪のたたき」も、ネギとしょうゆを混ぜて簡単にネギトロ丼がつくれて、家族にも人気のメニューです。\n\n生のお魚は、生臭くないかが気になる所ですが、こちらは生臭さはありません。\n\nねっとり食感ですが、さっぱりとした味わいでパクパクと食べられてしまいます。\n\n一度に全部食べないときは、袋ごと折り曲げて、食べる分だけ取り出し、食べる分だけ解凍して食べられます。\n手軽にお魚が味わえる\nお刺身をたっぷりとのせた海鮮丼はなかなか家で食べられませんが、これらのたたきに少しお刺身を加えるだけで、いつもと違った海鮮丼も楽しめます。\n\n味もよく、コスパもよく、魚が楽しめる業務スーパーのたたきは、一度知ったらリピしたくなる商品です。\n\n■執筆/さくのんさん…コロナ禍で食費の大幅削減に成功し、食費2万円台をキープする節約主婦。家計管理術や、コストコの押し商品などをレポートするインスタグラムが人気。\n\n編集/サンキュ！編集部\n\n※記事内の表示価格は、とくに記載のない場合、税込表示です。軽減税率の適用により価格が変動する場合もあります。\n※記事の内容は記載当時の情報です。\nサンキュ！編集部,['https://newsatcl-pctr.c.yimg.jp/t/amd-img/20240430-00075415-thankyu-000-1-view.jpg?pri=l&w=640&h=480&exp=10800'],"['https://news.yahoo.co.jp/articles/de7334c06005e4d0880b62d330d51dbd33e3c268/images/000', 'https://39mag.benesse.ne.jp/lifestyle/content/gallery/?id=159368&utm_source=headlines.yahoo&utm_medium=referral&utm_campaign=yahoo_photo_link']"
水を流さず楽々キレイ！玄関タイルの掃除テクニック（サンキュ！）,https://news.yahoo.co.jp/articles/ac87561f89c536089da575ce1c4461ee46439aee,https://newsatcl-pctr.c.yimg.jp/t/amd-img/20240430-00075422-thankyu-000-1-view.jpg?exp=10800,2024-04-30T17:15:00+09:00,2024-04-30T17:15:00+09:00,サンキュ！,thankyu,サンキュ！,1254,\nサンキュ！\n玄関のタイルを掃除するのは、結構面倒くさいですよね。洗剤とバケツを使って何度も水で洗い流さないといけないし、それがけっこう疲れます。でも、じつはもっと簡単な掃除法があるんです。\n【画像】水を流さず楽々キレイ！玄関タイルの掃除テクニック\n今回は、お掃除スペシャリスト（クリンネスト1級）のaidogさんが、水で洗い流さずに玄関のタイルをキレイに掃除する方法をご紹介します。\n水を流さずに玄関のタイルをキレイに掃除する方法\n■手順1: 掃除機とトイレットペーパーの芯を用意する\n玄関をほうきで掃いても、隅に残りやすい砂ぼこり。じつは、トイレットペーパーの芯を活用すれば、掃除機も汚れず、楽にゴミを吸い取れます。\n\nトイレットペーパーの芯に切り込みを入れ、先端を斜めに切り落とします。\n\n切り込んだ部分を掃除機のノズルにはめ込み、ガムテープで固定をします。\n\n\n■手順2: 玄関タイルを掃除機で除去する</h3>\nトイレットペーパーの芯を取り付けた掃除機で、玄関の隅にたまりやすい砂ぼこりを除去します。ほうきでは取りきれなかった砂ぼこりもうまく吸い込み、効率的に掃除を進めることができます。隅々まで丁寧に吸い取りましょう。\n\n\n■手順3: タイルの汚れをメラミンスポンジで落とす</h3>\n次に、大きめサイズのメラミンスポンジを使ってタイルの汚れを落とします。\n\nバケツに水を入れて、メラミンスポンジを湿らせながら汚れをこすります。水を全体につけず、こする部分がぬれている程度で十分です。水分が足りなくなったら、少しずつ水を足してください。研磨効果のあるメラミンスポンジなら、洗剤を使わずに汚れを落とせますよ。\n\n\n■手順4: 汚れを拭き取る</h3>\nメラミンスポンジで汚れを落とした後は、乾いたぞうきんで汚れを拭き取ります。汚れたメラミンスポンジは、バケツの水の中で濯ぐことで何度でも使用できます。しっかりと汚れを取り除いて、清潔なタイルを保ちましょう。\n\n\n■手順5: ドアサッシを磨く</h3>\n最後に、玄関のドアサッシの汚れも取り除いて磨きましょう。タイル以外の場所は忘れがちですが、金属のドアサッシがキレイだと、玄関全体の清潔感がより増して見えますよ。\n洗剤や大量の水は不要！メラミンスポンジなら簡単にできる\n洗剤で磨いて大量の水で洗い流すのは手間も時間もかかりますが、メラミンスポンジならタイルの黒ずみをこすって拭き取るだけ。時短かつ簡単にキレイになります。ぜひ試してみてくださいね。\n\n■執筆/aidog…YouTubeで掃除・家事をテーマに投稿している、お掃除スペシャリスト（クリンネスト1級）。ちょっとしたお掃除や家事のコツで、皆様の暮らしがより快適になるようなお役立ち情報を発信しています。\n\n編集/サンキュ！編集部\n\n※記事の内容は記載当時の情報であり、現在と異なる場合があります。\nサンキュ！編集部,['https://newsatcl-pctr.c.yimg.jp/t/amd-img/20240430-00075422-thankyu-000-1-view.jpg?pri=l&w=640&h=360&exp=10800'],"['https://news.yahoo.co.jp/articles/ac87561f89c536089da575ce1c4461ee46439aee/images/000', 'https://39mag.benesse.ne.jp/housework/content/gallery/?id=188938&utm_source=headlines.yahoo&utm_medium=referral&utm_campaign=yahoo_photo_link']"
"総貯蓄1,000万円以上の人のバッグを見てわかった「ムダ買い予防」の秘訣（サンキュ！）",https://news.yahoo.co.jp/articles/6434b279b618709ddd8876cb83fe275e499231ab,https://newsatcl-pctr.c.yimg.jp/t/amd-img/20240430-00075417-thankyu-000-1-view.jpg?exp=10800,2024-04-30T21:05:00+09:00,2024-04-30T21:05:00+09:00,サンキュ！,thankyu,サンキュ！,1910,"\nサンキュ！\n1000万円貯めた人のバッグの中身を大公開！持ち物一つ一つに理由があり、持ち歩くことでムダ買いを防いでいたんです。あめやマイボトルに、薬に手帳・ペン、除菌グッズなど、「もしものとき」に備えた物ばかり！\n【画像】総貯蓄1,000万円以上の人のバッグを見てわかった「ムダ買い予防」の秘訣\n通勤用バッグとサブバッグの2個持ちで必要な物を使い分け\n「通勤用はノートパソコンが入るサイズで、仕事に使う物を常備。サブバッグには、財布やタオル、水筒など、普段から持ち歩く物を入れています。経理の仕事をしているので、大きめの電卓は必須アイテム！家計管理の計算にも役立っています」。\n\n＜教えてくれた人＞\n『サンキュ！』読者 Uさん（愛知県 37歳）\n・世帯年収980万円\n・年貯蓄額400万円\n・総貯蓄額2000万円\n\n＜通勤用＞\n1。名刺入れ\n2。手帳\n3。ペンケース\n4。眼鏡ケース\n5。電卓（仕事用）\n\n＜サブ＞\n6。水筒\n7。財布\n8。ポーチ（薬、リップクリームなど）\n9。のどあめ\n10。ティッシュ\n11。タオルハンカチ\n“ないと困る物”を予測して常備。出し入れしやすさにもこだわりが\n「水筒や折り畳み傘、予備のマスクなど、いざというときないと困る物を常備。さらに、バッグインバッグに財布やノートなど、すぐ使う物をまとめています。消毒スプレーは、家にある既製品から小型ボトルに詰め替えているので、買い足しのムダがありません」。\n\n＜教えてくれた人＞\nサンキュ！アンバサダー Kさん\n・世帯年収700万円\n・年貯蓄額300万円\n・総貯蓄額2600万円\n\n1。ノート2種\n2。財布\n3。水筒\n4。折り畳み傘\n5。アームカバー\n6。マスク\n7。マスクコード\n8。漢方薬\n9。ワイヤレスイヤホン\n10。消毒スプレー\n11。バッグインバッグ\nお気に入りのバッグに収まる程度に必要な物を持ち歩いています\n「ケイトスペードのショルダーバッグがお気に入り。財布はコンパクトな2つ折りで、薬や絆創膏などを入れているポーチも小さめにしてバッグ内がかさばらないように。また、出先でゴミが出たとき用に小さいポリ袋も常備しています」。\n\n＜教えてくれた人＞\n『サンキュ！』読者 Hさん（山口県 43歳）\n・世帯年収670万円\n・年貯蓄額118万円\n・総貯蓄額1100万円\n\n1。除菌ウェットティッシュ、ポリ袋\n2。エコバッグ\n3。アルコールスプレー\n4。手帳＆ペン\n5。ポーチ（リップクリーム、口紅、頭痛薬、生理用品など）\n6。ティッシュ\n7。タオルハンカチ\n8。財布\n9。眼鏡ケース\n10。水筒\n周囲の人が困っているときにも手助けできるアイテムを持参\n「水筒は重たいので、まとめ買いしているペットボトルのお茶を持参。また、災害対策として携帯用トイレ、子どもの車酔い対策として携帯用エチケット袋も。携帯用トイレなどは、もし周りで困っている人がいたときにも役立つかなと思い、いつも持ち歩いています」。\n\n＜教えてくれた人＞\n『サンキュ！』読者 Fさん（大阪府 48歳）\n・世帯年収740万円\n・年貯蓄額160万円\n・総貯蓄額3200万円\n\n1。折り畳み傘（晴雨兼用）\n2。手帳\n3。実家、義実家、自宅の鍵\n4。交通系ICカード\n5。携帯用エチケット袋\n6。携帯用トイレ\n7。モバイルバッテリー、筆記用具\n8。ペットボトルのお茶\n9。エコバッグ\n10。のどあめ\n11。財布\n12。タオルハンカチ\n13。ティッシュ\n体調の変化や空腹時の誘惑に負けないよう予測準備を\n「以前関西に住んでいたことも影響しているのか、あめは必需品。外出先でのスイーツの誘惑に負けないためのお守りです。空腹より寒さに負けてカフェに走ってムダ使いしてしまうパターンもあるため、寒い日限定で薄い上着やカイロを入れておくことも」。\n\n＜教えてくれた人＞\n『サンキュ！』読者 Dさん（神奈川県 43歳）\n・世帯年収500万円\n・年貯蓄額150万円\n・総貯蓄額1500万円\n\n1。ティッシュ\n2。タオルハンカチ\n3。水筒\n4。あめ\n5。ごみ入れ用紙袋\n6。交通系ICカード\n7。スマホ\n8。財布\n\n参照：『サンキュ！』2024年5月号「1000万円貯めた人の愛用品」より。掲載している情報は2024年3月現在のものです。\n編集/サンキュ！編集部\nサンキュ！編集部",['https://newsatcl-pctr.c.yimg.jp/t/amd-img/20240430-00075417-thankyu-000-1-view.jpg?pri=l&w=640&h=468&exp=10800'],"['https://news.yahoo.co.jp/articles/6434b279b618709ddd8876cb83fe275e499231ab/images/000', 'https://39mag.benesse.ne.jp/lifestyle/content/gallery/?id=159559&utm_source=headlines.yahoo&utm_medium=referral&utm_campaign=yahoo_photo_link']"
【コストコ】買わなきゃ損！はさんで楽しいピタパンはアレンジ自在でお得！（サンキュ！）,https://news.yahoo.co.jp/articles/b2cf6e8ba0923e0541e53cfd2d6bd3c2f75a87fe,https://newsatcl-pctr.c.yimg.jp/t/amd-img/20240430-00075413-thankyu-000-1-view.jpg?exp=10800,2024-04-30T16:37:00+09:00,2024-04-30T16:37:00+09:00,サンキュ！,thankyu,サンキュ！,1214,"\nサンキュ！\n約4,000点ものアイテムが積みあがっているコストコ。大容量なものが多く、毎日のように食べるときにはとても助かるものです。\n【画像】【コストコ】買わなきゃ損！はさんで楽しいピタパンはアレンジ自在でお得！\nそこで、今回は、朝食におすすめしたいベーカリー「ミニピタブレッド」を紹介します。マニア歴7年になるおおつかはじめさんに、おいしい食べ方をレポートしてもらいました。\n挟んで楽しめる！「ミニピタブレッド」\n商品名 ミニピタブレッド\n内容量 10個\n価格 998円\n\nコストコのベーカリーで人気の「ミニピタブレッド」。10個入りなので、1個100円以下でコスパもよいアイテム。じつは昨年冬ころに販売されたものですが、以前はミニではない通常サイズが販売していました。\n\nミニといっても、直径約10cm以上あり、初めてみる人ならミニサイズとは感じません。\n\n固めの生地で食べ応えがあるパンで、真ん中をカットすると、少し空洞ができている状態です。\n\nカットしてみると中が空洞のようになっているので、そこに具材を詰め込めば、ピタパンサンドになりますよ！\n\nパン自体は、小麦の味がしっかり感じられ、ほのかな甘みと塩気があり、シンプルな味わい。だからこそ、味の濃いものも甘いものもなんでも合うんです！\nはさんで食べたい！おすすめの具材2つ\n白米に合う具材は、じつはミニピタブレッドにぴったり！いつものおかずをはさんでみました。\n豚肉の味噌漬け\n同じくコストコで販売されている「麦味噌ポーク」を炒めてはさむと◎\n\n豚肉の味噌漬けは味が濃いめですが、こうしてパンにはさむとバランスがよくなります。このままお弁当に入れれば、ピクニックにもいけちゃいそう！\n味つき昆布とチーズ\n意外な組み合わせで、味つき昆布とスライスチーズを挟んでみました。惣菜パンとしておすすめしたい一品！\n\n市販の味つき昆布に、スライスチーズを重ねてはさむだけ！チーズのまろやかさと昆布の旨味がうまくマリアージュしてくれます。\nしっかりめの食べ応えでボリュームも十分\nしっかりめの生地が食べ応えありで、1つでもお腹いっぱいになりそうなほど！ボリュームがあるものだと、コスパよく食べられるのでうれしいですね。\n\nシンプルな味わいのミニピタブレッドだからこそ、好きな具材をはさんで楽しめますよ！\n\n◼︎執筆/おおつかはじめさん…2018年にアウトドアに魅了され、年間5回以上家族でキャンプに行くアクティブママ。10年のレストラン勤務経験のある調理師でもあり、その経験を生かしたアウトドア飯も発信。\n\n編集/サンキュ！編集部\n\n※記事内の表示価格は、とくに記載のない場合、税込表示です。軽減税率の適用により価格が変動する場合もあります。\n※記事の内容は記載当時の情報です。\nサンキュ！編集部",['https://newsatcl-pctr.c.yimg.jp/t/amd-img/20240430-00075413-thankyu-000-1-view.jpg?pri=l&w=640&h=480&exp=10800'],"['https://news.yahoo.co.jp/articles/b2cf6e8ba0923e0541e53cfd2d6bd3c2f75a87fe/images/000', 'https://39mag.benesse.ne.jp/lifestyle/content/gallery/?id=159191&utm_source=headlines.yahoo&utm_medium=referral&utm_campaign=yahoo_photo_link']"
【カルディ】こんなの初めて見た！新商品のパスタはレンチン2分半だけで食べられる!?（サンキュ！）,https://news.yahoo.co.jp/articles/afe781aa07a76ec460673cdab0d3c2030b4e3ba9,https://newsatcl-pctr.c.yimg.jp/t/amd-img/20240430-00075414-thankyu-000-1-view.jpg?exp=10800,2024-04-30T18:37:00+09:00,2024-04-30T18:37:00+09:00,サンキュ！,thankyu,サンキュ！,1553,\nサンキュ！\nオリジナル商品から輸入食品まで幅広く取りそろえている、カルディコーヒーファーム。「お客様に感動の空間を演出する」というコンセプトのもとつくられたお店では、季節ごとにさまざまな新商品が登場しています。\n【画像】【カルディ】こんなの初めて見た！新商品のパスタはレンチン2分半だけで食べられる!?\nそんなカルディで、これまでに見たことのない新作パスタが登場したんだそう。\n\nカルディ歴10年のカルディマニアなかべぇさんに、新商品のパスタ2つを紹介してもらいました。\n「トリュフクリームの生フィットチーネ」\nカルディのパスタコーナーに新登場した「トリュフクリームの生フィットチーネ」は、電子レンジで温めるだけで、できたてのパスタが食べられる便利なアイテム。\n\n麺は平打ちのフィットチーネを使用しており、トリュフの風味豊かなソースがからみやすくなっています。\n\n原材料には、還元水飴、ワイン、コーンシロップ、マッシュルーム、食塩、オリーブ、チキンブイヨンパウダー、ブラックペッパー、ローストガーリックパウダー、醸造酢、バターミルクパウダー、香料などが入っていて、コクのある味わいとトリュフの香りを楽しむことができます。\n\n内容量：202g（めん171g）\nカロリー：521kcal\n購入時価格：423円\n\nトロっとしたテクスチャのソースは、コクがありオニオンの甘味やクリーミーさ、トリュフの香りを存分に楽しむことができます。\n\nソースはパスタにしっかりとからみ、濃いめの味つけはフィットチーネとのバランスもバッチリ。\n\n麺がもちもち食感なので食べ応えもありますよ。\n「濃厚海老の生フィットチーネ」\nこちらもカルディのパスタコーナーに新登場した「濃厚海老の生フィットチーネ」。電子レンジ500Wで2分30秒加熱するだけで、すぐに食べられます。\n\n原材料には、トマトペースト、エビペースト、コーンシロップ、ロブスターエキス、還元水飴、オニオンパウダー、チキンブイヨンパウダー、魚介エキス、ローストガーリックパウダー、バターミルクパウダーなどが入っていて、濃厚でクリーミーな味わいを楽しむことができます。\n\n内容量：202g（めん182g）\nカロリー：474kcal\n購入時価格：367円\n\n海老を丸ごと使った海老のビスクのような濃厚さと香ばしさを楽しめるソースは、トロっとなめらかなテクスチャで麺にしっかりとからみます。\n\nモチモチ食感のフィットチーネと海老の風味豊かなソースの相性もよく、満足度も高めです。\n\n電子レンジだけで完成したレトルト食品とは思えないおいしさに驚きます。\nいそがしい日に便利\n今回は、カルディのパスタコーナーに仲間入りした、電子レンジで温めるだけでつくれるパスタ2つをご紹介しました。\n\nまな板や火を使うことなく調理できるアイテムは、いそがしい主婦のお助けアイテムにもなります。常温で約10カ月（購入時点）保存できるので、ストックコーナーに常備しておくのもよさそう。\n\n■執筆/なかべぇ…カルディ歴10年。新商品からリピート商品まで、365日ほぼ毎日カルディ商品を飲み食いしているカルディマニア。製菓衛生師の資格を保有するスイーツマニアでもある。\nカルディの新商品情報をYouTubeやInstagram、ブログなどで発信しています。\n\n編集/サンキュ！編集部\n\n※電子レンジの加熱時間は、500Wの場合の目安です。\n※記事内の表示価格は、とくに記載のない場合、税込表示です。軽減税率の適用により価格が変動する場合もあります。\n※記事の内容は記載当時の情報です。\nサンキュ！編集部,['https://newsatcl-pctr.c.yimg.jp/t/amd-img/20240430-00075414-thankyu-000-1-view.jpg?pri=l&w=640&h=480&exp=10800'],"['https://news.yahoo.co.jp/articles/afe781aa07a76ec460673cdab0d3c2030b4e3ba9/images/000', 'https://39mag.benesse.ne.jp/lifestyle/content/gallery/?id=159295&utm_source=headlines.yahoo&utm_medium=referral&utm_campaign=yahoo_photo_link']"
【3COINS】スリコからもついに出たよ～！話題の直挿しモバイルバッテリーはマストバイ（サンキュ！）,https://news.yahoo.co.jp/articles/e108f8b7b8c094bda64afa74d82fd5318afd98d5,https://newsatcl-pctr.c.yimg.jp/t/amd-img/20240430-00075420-thankyu-000-1-view.jpg?exp=10800,2024-04-30T13:15:00+09:00,2024-04-30T13:15:00+09:00,サンキュ！,thankyu,サンキュ！,1539,"\nサンキュ！\n2024年4月1日に3COINSでは新しいデバイスアイテムが発売されました。\n今回は、トレンドアイテムに強いプチプラマニアのまるやまひろこさんが、新発売のデバイスアイテムのなかでもとくにマニアおすすめのアイテムをご紹介します。\n【画像】【3COINS】スリコからもついに出たよ～！話題の直挿しモバイルバッテリーはマストバイ\n3COINSでも登場！直挿しタイプのモバイルバッテリー\n待望の新商品といっても過言ではない直挿しタイプのモバイルバッテリー。筆者はiphoneユーザーなので「ライトニングモバイルバッテリー」（2,200円）を購入しました。「タイプCモバイルバッテリー」バージョンも販売されているので、使用しているスマートフォンに合わせて選べます。カラーはピンクとホワイトの2色展開です。\nセット内容\nセット内容はモバイルバッテリー本体と充電用のケーブル（USB Type-C）、取扱説明書兼保証書の3点です。本体は4,800mAhで、約1.5回分充電ができます。\nたくさんの機能があるモバイルバッテリー\n直挿し用のライトニング端子はケーブルレスで充電可能。筆者はたまにモバイルバッテリーはあるのにケーブルを忘れてしまい、外出先で充電できずに困ることがあるのですが、ケーブルレスならその心配がありません。\n\n直挿し用のライトニング端子以外にもコードつきのType-C端子も内蔵されているので、スマートフォンといっしょにタブレットやゲームなどを同時に充電することも可能です。\n※直挿し端子(ライトニング)と内臓ケーブル(USB Type-C)を同時に使用可能。\n※合計出力の最大値は5V/2A。\n\nケーブルの向きを変えれば、マイクロUSBに対応した機器にも対応可能。収納されているスタンドをセットすると充電中にも便利な機能が登場！\n\nスタンドを使えば、充電中のスマートフォンが動画視聴などにちょうどいい角度に設置できちゃいます。細部までこだわったデザインなのはさすが3COINSですよね。\n\n直挿しタイプのモバイルバッテリーは家電量販店なら3,000円～5,000円が相場なので、2,200円という価格はコスパもかなりいい！荷物も軽減できるしうっかりケーブルを忘れても焦らずにすむ直挿しタイプのモバイルバッテリーは男女問わず3COINSの人気アイテムになること間違いなしです。\n\n「ライトニングモバイルバッテリー」\n■価格：2,200円\n■サイズ：約高さ4.6×幅7.7×奥行2.7cm\n■バッテリー容量：4800mAh\n■入力（USB Type-C）：5V/2A\n■出力（USB Type-A）：5V/2A\n■入力端子：USB Type-C（メス）×1\n■出力端子：USB Type-C Cable（オス）×1/Lightning（オス）×1\n■充電時間：約3時間30分\n■保護機能：過充電保護、過放電保護、過電流保護、短絡保護、過熱保護機能\n■重量：約92g\n■動作温度範囲：0℃～40℃\n■動作湿度範囲：20～80％（結露なきこと）\n■材質：ABS+PC\n■PSE：適合\n\n■執筆/まるやまひろこ…元アパレル販売員。節約しながら楽しめるプチプラブランドを使った着回しコーディネートやトレンドのプチプラアイテムを発信。中学生の子どもを持つママ。\n\n編集/サンキュ！編集部\n\n※記事の内容は記載当時の情報であり、現在と異なる場合があります。\n※記事内の表示価格は特に記載のない場合、税込み表示価格です。軽減税率の適用により価格が変動する場合もあります。\nサンキュ！編集部",['https://newsatcl-pctr.c.yimg.jp/t/amd-img/20240430-00075420-thankyu-000-1-view.jpg?pri=l&w=640&h=480&exp=10800'],"['https://news.yahoo.co.jp/articles/e108f8b7b8c094bda64afa74d82fd5318afd98d5/images/000', 'https://39mag.benesse.ne.jp/lifestyle/content/gallery/?id=188935&utm_source=headlines.yahoo&utm_medium=referral&utm_campaign=yahoo_photo_link']"
コストコ新商品！過去イチふわふわ!?ハマる人続出！ベーカリーの新作が見逃せない！（サンキュ！）,https://news.yahoo.co.jp/articles/2a464ca0e89e3e264e8b27301fdbcfdd882acc92,https://newsatcl-pctr.c.yimg.jp/t/amd-img/20240430-00075412-thankyu-000-1-view.jpg?exp=10800,2024-04-30T14:37:00+09:00,2024-04-30T14:37:00+09:00,サンキュ！,thankyu,サンキュ！,1402,"\nサンキュ！\nアメリカからやってきた！会員制スーパーコストコ！日本のスーパーではまずお目にかかれないボリュームある商品や、ここでしか買えないオリジナル商品が大人気！\n \nそんなコストコ商品を、年間230万円分1,000商品以上購入しているコストコナビゲーターのaoさんに、ベーカリーに登場した新商品を紹介してもらいました。\n【画像】コストコ新商品！過去イチふわふわ!?ハマる人続出！ベーカリーの新作が見逃せない！\nギリシャヨーグルトブレッド\n■品名：ギリシャヨーグルトブレッド\n■内容量：2斤\n■価格：698円 \n■熱量：100gあたり 251kcal\nコストコ食パンシリーズで過去イチのフワフワ感\n新商品のギリシャヨーグルトブレッドです。コストコでは、これまでにも同じような型に入った形で焼き上げられている食パンのシリーズ商品がありましたが、今回の商品は、これまでの商品と比べると、見た目にもふんわりしたボリュームが印象的でした。\n\n型からあふれんばかりに盛り上がったパンがとっても印象的。これまでにも、同じシリーズだと、ホテルブレッドやミルクブレッドという商品が登場してきました。今回は、ヨーグルトブレッドということで、パッケージを開けたときからヨーグルトの香りがふわっとして、今までにない風味を感じましたよ。\n\nこちらのパンですが、あまりにふわふわもっちりで、型から取り出すのがちょっとむずかしいぐらいでした。しっとり感の秘密は、9％もギリシャヨーグルトが使われているから！外側までしっとり、中もきめこまかく、さわってみると、弾力がありもっちりふわんふわん！\n気になる味は？\n食べてみると、味自体はヨーグルト感をほとんど感じませんでしたが、とにかく、もっちりとした柔らかさが最高で、高級食パンを思い出すようなおいしさ。このクオリティで698円！？ と思ったら、まさに破格だなと感じましたよ。\nオススメの食べ方は？\n個人的にはこのパンは、とりあえず購入したらまず、そのままカットして食べてみてほしい！しっとりもっちりした食感を一番にあじわえるので、そのままをたのしんでみてほしいです。\n\nしっとりした柔らかな触感は、サンドイッチにもぴったりなので、旬のフルーツをはさんだフルーツサンドや、たまボサンドなどもおいしいですね。\n\nホットサンドにも使ってみましたが、さっくりと仕上がって、軽い食感にしあがり、これも最高でした。\n\n2斤サイズなので、食べきれないぶんはカットして、冷凍保存もオススメです。「ギリシャヨーグルトブレッド」は、しっとり感がたまらない食パン。価格も手ごろなので、手に取りやすいのもうれしいですね。\n\nぜひコストコで見かけた際には、試してみてください！\n\n■執筆/ao…衣食住365日コストコ品で生活するコストコナビゲーター。年間230万円分以上コストコ商品を購入してレポートする。Ameba公式トップブロガーで「aoのコストコガイドブログ！」が人気。TV・雑誌・WEBメディアでも活躍中！\n\n編集/サンキュ！編集部\n\n※記事の内容は記載当時の情報であり、現在と異なる場合があります。\n※記事内の表示価格は、とくに記載のない場合、税込表示です。軽減税率の適用により価格が変動する場合もあります。\nサンキュ！編集部",['https://newsatcl-pctr.c.yimg.jp/t/amd-img/20240430-00075412-thankyu-000-1-view.jpg?pri=l&w=640&h=452&exp=10800'],"['https://news.yahoo.co.jp/articles/2a464ca0e89e3e264e8b27301fdbcfdd882acc92/images/000', 'https://39mag.benesse.ne.jp/lifestyle/content/gallery/?id=159256&utm_source=headlines.yahoo&utm_medium=referral&utm_campaign=yahoo_photo_link']"
「たけのこ」を食べすぎるとどうなる？知っておきたいたけのこのメリット＆デメリット（サンキュ！）,https://news.yahoo.co.jp/articles/c6e669a062fa2d1114a141490a5a084f280b9a01,https://newsatcl-pctr.c.yimg.jp/t/amd-img/20240430-00075410-thankyu-000-1-view.jpg?exp=10800,2024-04-30T21:32:00+09:00,2024-04-30T21:32:00+09:00,サンキュ！,thankyu,サンキュ！,3357,\nサンキュ！\nたけのこに含まれる栄養素には、健康によい作用を持つものが多い反面、とり方を間違えてしまうと体調をくずす危険性もあるのだとか！\n【画像】「たけのこ」を食べすぎるとどうなる？知っておきたいたけのこのメリット＆デメリット\n管理栄養士と食生活アドバイザーの資格を持つライターのゆかりさんに、たけのこの食べ方によって体にどのような悪影響が及ぶのかと、1日に食べてもいい量の目安について紹介してもらいます。\n疲労軽減やアンチエイジングに！たけのこを食べる「メリット」\nたけのこは春に芽吹くタケ科の植物の若芽で、先端、中央、根元部分でそれぞれ異なる食感が楽しめる食材です。いちばん多く出回るものは「孟宗竹（もうそうちく）」という太くて短い品種ですが、それ以外にも「淡竹（はちく）」、「真竹（まだけ、苦竹ともいう）」、などの細長いものや皮がまだら模様のものなどもあります。また、地域によっては夏や秋に採れる品種もありますよ。\n\nそんなたけのこには、おもに次のような栄養素が多く含まれています。\n\n・葉酸\n・カリウム\n・マンガン\n・銅\n・食物繊維\n\nこれらには、動脈硬化を防ぐ、血圧を低下させる、体内酵素を活性化させたり骨を丈夫にする、貧血を防ぐ、活性酸素を除去する、便通を改善したり腸内環境を整える、などといった働きが期待できますよ。\n\nこのほか、たけのこには「チロシン」というアミノ酸の一種も含まれています。チロシンには、加熱すると溶け出してさめると白く固まる性質があるため、ゆでた後のたけのこの内側に白い粉のようになっているのを見つけることができます。\n\nそんなチロシンは、体内で甲状腺ホルモンの材料となったり、神経伝達物質（ドーパミン、ノルアドレナリンなど）の前駆体として働きます。甲状腺ホルモンは代謝を促進させ、神経伝達物質は集中力を高めたりストレスや疲労を和らげることに役立ちます。\n\nこのように、たけのこを上手にとり入れることで健康増進や美容だけでなく、能率アップにもよい影響が期待できるでしょう。\nシミやかゆみの原因にも？たけのこを食べすぎる「デメリット」\n多くのメリットが得られるたけのこですが、過剰に摂取したり体質によっては思わぬデメリットが生じることもあります……。\n腹痛や下痢などの不快な症状を招く\n腸内環境を整え、便秘解消に役立つ食物繊維ですが、とりすぎによっては逆効果を生むことに。\n\n食物繊維は、水に溶けやすい水溶性食物繊維と溶けにくい不溶性食物繊維に分けられます。たけのこは、ほとんどが不溶性食物繊維で占められています。\n\n不溶性食物繊維は、便のかさを増やして腸に刺激を与える作用をもっていますが、水溶性食物繊維の摂取が不足していたり不溶性食物繊維の摂取比率が高すぎる場合、便の水分が減って硬くなることで便秘や腹痛などの原因となることがあるのです。\n\nまた、食物繊維は消化されにくく、体調や体質によっては消化不良を起こしてしまうことも……。とくに、胃腸が弱いかたなどは下痢や胃もたれなどの症状が現れやすくなるため、食べる量に注意しましょう。\nシミやそばかすの原因になる\nタケノコに含まれているチロシンには、体内でメラニンという黒い色素に変化し、髪を黒くするという働きもあります。\n\nそんなメラニンは、紫外線などから細胞を守るためにつくられるのですが、量が増え過ぎてしまうと肌のシミやそばかすが濃くなってしまうことも……。\n\n美容に気をつけているかたは、とくに食べすぎないようにしましょう。\nアレルギー症状が起きる\nたけのこには、ヒスタミンやアセチルコリンという成分が含まれています。\n\nこれらは薬理活性物質（仮性アレルゲン）と呼ばれ、体に直接働きかけてさまざまな変化を与えます。過剰に取り込んでしまうと、アレルギー反応で見られるものと同じようにかゆみやじんましんなどを引き起こすことが知られています。\n\nただし、食物アレルギーとは異なるため、たけのこを口にするたびに必ず症状が起こるわけではありません。\n\n体調不良であったり、なんらかのアレルギー症状がすでにある場合に起こりやすいとされているため、そういったかたはとくにたけのこを食べすぎないようにしましょう。\n\nなお、アク抜きによって薬理活性物質を減らすことができるため、鮮度がよいからといって生食する際にも十分にご注意ください。\n\n※……たけのこそのものが食物アレルギーの原因となる場合もあるため、少量食べただけでも頻繁に体調の変化が見られる場合は、専門家を受診することをおすすめします。\nたけのこを楽しむ量とタイミングは？\n上記のとおり、たけのこに含まれる栄養素にはメリットとデメリットの両方があります。\n\nそこでここからは、安心してたけのこを楽しめる量とタイミングについて解説していきます。\n健康な成人は1日にどれくらい食べても大丈夫？\nまずは、1日に必要とされる食物繊維の量から、たけのこの適量について検証してみましょう。\n\n日本人の食事摂取基準（2020年版）によると、18～64歳における1日あたりの食物繊維の目標量は男性で21g以上、女性で18g以上と設定されています。\n\n一般的な生のたけのこ（生）に含まれている食物繊維は、100gあたり2.8g。そのため、仮にたけのこだけで男女平均のおよそ20gを満たす量を求めると、たけのこおよそ700gという計算になります。これは、大きさにもよりますが0.5～1.4本分ほどに相当する量（※）です。\n\nあまり現実的ではありませんが、仮に700gのたけのこを食べるとした場合、たけのこで満腹になってしまいほかの食品をバランスよく取り入れにくくなって、食事全体の栄養バランスが大きく偏ってしまいます。\n\nたけのこだけで1日に必要な食物繊維は補えるとしても、主食や主菜が十分にとれていないとエネルギーが大きく不足したり、たんぱく質も1日に必要な分だけとれなくなってしまうことに…。\n\nなお、野菜の適量については、国民の健康増進を目的として定められた「健康日本21（第2次）」の中で、健康維持のために成人1日あたり350g以上が目標となっており、そのうちの1/3以上を緑黄色野菜、そのほかを淡色野菜でとることが望ましいと示されています。\n\nそれに当てはめると、たけのこは淡色野菜に該当するため1日の目安量を230g（小さいものは1/2本、大きいものは1/6本）までとすればよいと言えます。その場合であれば、食べすぎによるデメリットの心配がなくなると同時に、ほかの食品も幅広くとることができて栄養の偏りも防ぎやすくなるでしょう。\n\n※……たけのこは1個あたり1～3kgと幅があることをふまえ、廃棄率を50％（孟宗竹の場合）として実際に食べられる重量で算出。\nどのタイミングで食べるのがいい？\nたけのこの成分であるチロシンの脳を覚醒させる働きを期待して、「朝に食べるのがよい」という考えもあります。\n\n一方で、たけのこに含まれるカロリーは100gあたり27kcalと低いので、ほかの高カロリーな料理をたくさん食べなくてもすむように、食べたものが脂肪として溜め込まれやすい夕食にとりたいところ。ただし、遅い時間帯に食べるのは避けることをおすすめします。\n\nなぜならば、食物繊維の多い食事は消化に負担がかかってしまい、食べてから寝るまでの時間が短いと睡眠の質を下げる可能性があるからです。胃腸の働きが一段落するとされている、就寝3時間前までにすませるようにしてみてはいかがでしょうか。\n\n正しい量が把握できていれば、たけのこはメリットが多い食品です。たけのこのメリット・デメッリトを理解し、上手に取り入れていきましょう。\n\n■執筆/監修…\n管理栄養士・ゆかりさん\n管理栄養士、食生活アドバイザー。一女のママで出張料理、料理教室、講演、栄養相談も手掛けるほか、ライターとしても活動。\n\n構成/サンキュ！編集部\nサンキュ！編集部,['https://newsatcl-pctr.c.yimg.jp/t/amd-img/20240430-00075410-thankyu-000-1-view.jpg?pri=l&w=640&h=576&exp=10800'],"['https://news.yahoo.co.jp/articles/c6e669a062fa2d1114a141490a5a084f280b9a01/images/000', 'https://39mag.benesse.ne.jp/housework/content/gallery/?id=124803&utm_source=headlines.yahoo&utm_medium=referral&utm_campaign=yahoo_photo_link']"
【業務スーパー】レパートリー広がる「貝だしの素」が便利♪＆主食アレンジレシピ3選（サンキュ！）,https://news.yahoo.co.jp/articles/78f3bff975e5e02231205f3eec5a080d201761f2,https://newsatcl-pctr.c.yimg.jp/t/amd-img/20240430-00075421-thankyu-000-1-view.jpg?exp=10800,2024-04-30T15:15:00+09:00,2024-04-30T15:15:00+09:00,サンキュ！,thankyu,サンキュ！,1585,\nサンキュ！\n育児料理アドバイザーの菅智香さんに教わる業務スーパーのおすすめ商品。\n今回は業務スーパーで販売されている「貝だしの素」をご紹介します。\n韓国料理に欠かせない旨味たっぷりの調味料で、ふだんの料理に取り入れればレパートリーは広がりますよ。\n【画像】【業務スーパー】レパートリー広がる「貝だしの素」が便利♪＆主食アレンジレシピ3選\nあわせて「貝だしの素」を使う主食レシピもご紹介。\n「貝だしの素」がおいしくて便利！\n業務スーパーで手に入る、「貝だしの素」がこちら！\n\n「貝だしの素」 100g\n138円\n\n韓国料理には欠かすことのできない「貝だしの素」です。\n\nあさりエキスと海鮮の風味がギュッと詰まった味で、\n韓国ではチゲやナムル、汁物をはじめ、さまざまな料理に使われています。\n次の項目から「貝だしの素」を使う、満足度の高い主食レシピを3つご紹介します。\nぜひつくってみてくださいね。\n少ない具材で満足！のりの炊き込みごはん\n味わい深い炊き込みごはんのレシピです。\n肉・魚なしでも「貝だしの素」があればとてもおいしく仕上がりますよ。\n材料\n米 2合\nのり 全型1枚\n油揚げ 1枚\n「貝だしの素」 大さじ1\n酒 大さじ1\n作り方\n(1)油揚げを細切りにする。\n\n(2)米を研ぎ、酒を加える。\n\n(3)炊飯器の目盛りまで水を入れ、「貝だしの素」を加えてさっと混ぜる。\n\n(4)油揚げ、のりをのせて通常炊飯し、しゃもじで全体を混ぜる。\n\nお好みで小ねぎや白ごまをかけていただきましょう。\n旨味たっぷり♪きのこのパスタ\nきのこは蒸し、さらに焼き色をつけることで旨味たっぷりに仕上がります。\nランチにぴったりのひと品ですよ。\n材料\nパスタ 80g\nしめじ 50g\nえのきだけ 50g\n「貝だしの素」 小さじ2\n酒 小さじ2\nしょうゆ 小さじ1\n作り方\n(1)しめじとえのきだけを小房に分ける。\n\n(2)フライパンにしめじとえのきだけ、酒を加えてフタをし、中火にかける。\n\n(3)しめじ、えのきだけに火がとおるまで加熱したら蓋を開け、焼き色がつくまでさらに加熱する。\n\n(4)パスタを表示どおりにゆであげる。\n\n(5)パスタ、「貝だしの素」をフライパンに入れて全体を炒め合わせる。\n\n(6)しょうゆを回し入れて皿に盛って完成。\nタンパク質たっぷり！鮭の豆乳オートミールリゾット\n体重が気になるときにおすすめのひと品です。\n「貝だしの素」を使うことでオートミール独特の味を抑え、\nおいしく食べられますよ。\n材料\nオートミール 30g\n鮭 ひと切れ\n豆乳 100ml\n「貝だしの素」 小さじ1/2\nサラダ油 小さじ2\n作り方\n(1)サラダ油をフライパンに入れて中火にかけ、鮭に焼き色がつくまで加熱する。\n\n(2)鮭をほぐし、骨を取る。\n\n(3)オートミール、豆乳、「貝だしの素」を加え、汁気がなくなるまで加熱して完成。\n\n業務スーパーの「貝だしの素」を取り入れれば、\n料理のレパートリーが広がります。\n\n■執筆/菅智香…育児料理アドバイザー。子どもに食べさせたい料理、子どもと作りたい料理、美容に良い料理の提案が得意。\n\n編集/サンキュ！編集部\n\n※記事内の表示価格は、とくに記載のない場合、税込表示です。軽減税率の適用により価格が変動する場合もあります。\n※記事の内容は記載当時の情報です。\n※IHクッキングヒーターをご使用の場合は、説明書を確認し、指定の油量を必ず守って調理してください。\n※炊飯器の機種によっては調理に向かない場合があります。取り扱い説明書をご確認ください。\nサンキュ！編集部,['https://newsatcl-pctr.c.yimg.jp/t/amd-img/20240430-00075421-thankyu-000-1-view.jpg?pri=l&w=640&h=565&exp=10800'],"['https://news.yahoo.co.jp/articles/78f3bff975e5e02231205f3eec5a080d201761f2/images/000', 'https://39mag.benesse.ne.jp/housework/content/gallery/?id=188937&utm_source=headlines.yahoo&utm_medium=referral&utm_campaign=yahoo_photo_link']"
GWに一気見したい【韓国ドラマ】チュ・ジフン主演『キングダム』ドラマの域を超えた＜時代劇×ゾンビ＞という新しいアクションサスペンススリラーを韓ドラマニアが徹底解説！（サンキュ！）,https://news.yahoo.co.jp/articles/3b6906f29f364a45a54af261278bc8c5a8aeadc5,https://newsatcl-pctr.c.yimg.jp/t/amd-img/20240430-00075409-thankyu-000-1-view.jpg?exp=10800,2024-04-30T12:20:00+09:00,2024-04-30T12:20:00+09:00,サンキュ！,thankyu,サンキュ！,3369,\nサンキュ！\n2006年に主役に抜擢されたドラマ『宮~Love in Palace』で大ブレイクし、韓流トップ俳優の仲間入りをしたチュ・ジフン。その後も多くの作品でさまざまな役柄をこなし、今や韓国を代表する実力派俳優になりました。\n\nそんな彼が＜時代劇×ゾンビスリラー＞という新たなジャンルに挑戦し、世界的にも高い評価を得たのがNetflixドラマ『キングダム』です。人々がゾンビ化してしまう謎の疫病の感染拡大を、チュ・ジフン演じる世子（王の息子で王位継承者）は食い止めることができるでしょうか！\n\n韓ドラマニアで韓ドラライターのJUMIJUMIさんに、本作について徹底解説してもらいましょう！\nあらすじ：宮中の陰謀を暴くため旅に出た世子。彼を待ち受けるのは謎の疫病でゾンビ化した民衆たち…。\n国王が病に倒れたという噂が広まり揺れ動く漢陽(現在のソウル)。\n\n世子チャン(チュ・ジフン)は国王の病状を確認しようとしますが、若き王妃チョ氏(キム・へジュン)と、その父で王宮の実権を握る領議政チョ・ハクチュ(リュ・スンリョン)が立ちはだかります。\n\n国王が眠る宮殿に忍び込んだチャンは、そこで野獣のような姿をした影を目撃。しかしやはり国王に会うことはできず、チョ氏一族が何かを隠していることを確信します。\n\n国王を治療した医師が何らかの秘密を知っていると気づいたチャンは、その医師を追い東莱(トンネ)に辿り着きます。しかしそこで見つけたのは、医院の床下に隠れるように横たわる大量の遺体…。そこに「彼らは死んでいない」と話す医女ソビ(ぺ・ドゥナ)と謎の男ヨンシン(キム・ソンギュ)が現れますが、誰もが聞く耳を持ちません。\n\nしかしそんななか、日が暮れて辺りが暗くなると、横たわっていた遺体が次々と起き上がり、人々に襲いかかり始め…！\n見どころ：これがドラマなの⁉︎キャスト・スケール・ストーリー、すべてが規格外‼︎\n●見どころ1：チュ・ジフン演じる世子チャン！民を守るため奮闘する姿に痺れます！\n\nチャンは国王のたった1人の息子ですが、側室の子であるため権力を持っておらず、国王が病に倒れた現在は領議政チョ・ハクチュが政権を牛耳っています。そして現在妊娠中の王妃が男児を出産した場合、チャンはその命すら狙われる立場。さらに反逆者としても追われることに…。\n\nしかしそんな崖っぷちなチャンこそ、聖君になるべき人格の持ち主。飢餓に苦しむ民衆に目もくれず、私腹を肥やすことばかり考える権力者たちが支配する世界を変えたいと、強い信念を持ち民衆を最優先に考えています。\n\n人々がゾンビ化する疫病の謎を追うなかで幾度となくピンチに陥りますが、決して民衆を見捨てることはありません。\n王族としての品位、武力と明晰な頭脳、人々を惹きつけ導いていくカリスマ性、民を思いやる懐の深さまで持ち合わせる完璧な世子様チャンに、あなたも魅了されることでしょう！\n\n●見どころ2：豪華すぎる俳優陣による心理戦・激しいアクションに息を飲む！\n\nチャンとともに疫病の原因に迫る医女ソビを演じるのはぺ・ドゥナ。\n\nポン・ジュノ監督の『グェムル-漢江の怪物-』や是枝裕和監督の『ベイビーブローカー』などで知られるほか、日本映画・ハリウッド映画にも出演する世界的な映画女優です。\n\nチャンの敵となるチョ・ハクチュ役は、数々の受賞歴を誇る超実力派リュ・スンリョン。\n\n映画『7番房の奇跡』や『エクストリーム・ジョブ』などの代表作を持ち、最近ではヒロインの父親役で出演したドラマ『ムービング』が大ヒット！\n\nそのほかにも、チャンの護衛ムヨン役には個性派俳優キム・サンホ。王妃チョ氏役には『殺し屋たちの店』や『コネクト』など話題作への出演が続くキム・へジュン。チャンの師匠アン大監役には韓国演技界の重鎮ホ・ジュノなど、錚々たるキャストがそろっています。\n\n陰謀渦巻く王宮での、緊張感にあふれる静かなる心理戦！そして波のように押し寄せてくるゾンビたちとの死闘！韓国が誇るトップ俳優たちの危機迫る演技に息を飲みます…。\n\n●見どころ3：構想7年！韓国を代表する脚本家と監督がタッグを組み、映画を超えた大作が完成！\n脚本を手がけたのはドラマ『シグナル』や『智異山』のキム・ウニ。監督は映画『最後まで行く』『トンネル 闇に鎖された男』などで知られるキム・ソンフンです。\n\n＜時代劇×ゾンビ＞という異色の組み合わせが実現し、さらにただの「パニックアクション」でおさまっていないのは、韓国を代表するヒットメーカーである2人だったから成せた技ではないでしょうか。\n\nストーリーは発端から終着点となる部分まで綿密に練られており、見終わった後の納得感が非常に高いと思います。そして権力争いや陰謀、権力を持たない者たちの執念など、韓国時代劇のよさである要素がしっかり入っているのがうれしいところです。\n\nまたキム・ソンフン監督が「2時間の映画を3本撮った感覚」と語るように、壮大な規模で繰り広げられるアクションや、ゾンビたちのディティールの高さにも圧倒されることでしょう。\n\n本作はシーズン1とシーズン2を合わせた全12話で(一応⁉︎)完結となっています。\n特別編『キングダム：アシンの物語』もお見逃しなく！\n『キングダム』をシーズン2まで完走したら、ぜひとも見逃さないでいただきたいのが、その特別編として制作された『キングダム：アシンの物語』です。\n\n『キングダム』シーズン1よりも前の話が描かれ、謎の疫病の根源となる部分に迫っています。\n\nこちらは約1時間30分の1話完結。主演は『星から来たあなた』や『青い海の伝説』のチョン・ジヒョン。『D.P.-脱走兵追跡官-』のク・ギョファンも出演しています。\n筆者の感想：「ゾンビへの恐怖心＜ストーリーの面白さ」あっという間に完走しました！\n筆者が子供の頃に見ていた欧米のゾンビ映画では、お墓から出てきたゾンビは手を前に伸ばしながら、ゆらゆらのろのろと動くイメージで、あまり怖いという印象ではありませんでした。\n\nしかし近年のゾンビは、昔と違って俊敏なものも少なくありません。\n\nコン・ユ主演の映画『新感染 ファイナル・エクスプレス』、ハン・ヒョジュ＆パク・ヒョンシク主演ドラマ『ハピネス』、学校を舞台にしたドラマ『今、私たちの学校は…』など、韓国にはさまざまなゾンビ作品がありますが、そのなかでも筆者としては『キングダム』のゾンビがダントツで怖かったです。\n\nとにかく俊足で、とんでもない速さで押し寄せてくるゾンビたち。手を後ろになびかせながら口から(顔から？ )向かってくるような走り方が、ふつうの人間にはない動きで、非常に不気味でした。\n\nしかしこのゾンビたちの攻撃性の高さ・恐ろしさというのは、ゾンビ化した人々が味わってきた飢餓への苦しみ・空腹を満たしたいという欲求を表しているようで、恐怖とともに胸も痛みました。\n\nゾンビ作品はどうしても残酷な描写が多いので、苦手なかたも多いと思います。じつは筆者もそうで、本作に興味はありましたが、視聴するまでにはかなり時間がかかりました。\n\nしかし話が進むうちに「弱点」のあるゾンビがかわいく見えてきたりして、気づいてみたらシーズン2と『アシンの物語』まで一気に走り抜けていて、自分でもビックリです。\n\nゾンビさえ克服してしまえば、アクション・サスペンス・時代劇、どの要素をとっても最高品質！本当に見応えがある作品でした。\n\n『キングダム』は2024年4月現在、Netflixにて視聴可能です。\n\n■執筆/JUMIJUMIさん…韓国留学を機に韓国の文化に魅了される。年間50作品以上の韓国ドラマを視聴し、またライターとして情報発信も積極的に行う。ただ作品の内容を説明をするだけでなく、食や生活様式など文化面から掘り下げた解説を得意としている。\n\n※記事の内容は記載当時の情報であり、現在と異なる場合があります。\n\n構成/サンキュ！編集部\nサンキュ！編集部,['https://newsatcl-pctr.c.yimg.jp/t/amd-img/20240430-00075409-thankyu-000-1-view.jpg?pri=l&w=640&h=459&exp=10800'],['https://news.yahoo.co.jp/articles/3b6906f29f364a45a54af261278bc8c5a8aeadc5/images/000']
なぜ「ひょう」は冬に降らない？初夏にかけて要注意な現象を気象予報士が解説（サンキュ！）,https://news.yahoo.co.jp/articles/4c33d3293a299b1733bbb14165a72478492c596c,https://newsatcl-pctr.c.yimg.jp/t/amd-img/20240430-00075411-thankyu-000-1-view.jpg?exp=10800,2024-04-30T09:37:00+09:00,2024-04-30T09:37:00+09:00,サンキュ！,thankyu,サンキュ！,1646,\nサンキュ！\n空から氷の粒が降ってくる現象である「ひょう」。\n「氷が降るんだから冬の現象でしょ？」と思われるかもしれませんが、じつは「ひょう」は冬にはほとんど降らず、春から初夏にかけて多い現象です。\n【画像】なぜ「ひょう」は冬に降らない？初夏にかけて要注意な現象を気象予報士が解説\nどうして「ひょう」は春や初夏に降るのか、そして「ひょう」が降るときに気をつけるべきことは…？ \n気象予報士・防災士・野菜ソムリエとして活躍する植松愛実さんに、これからの時期の注意ポイントを教えてもらいます。\n雲の粒がぶつかりあって誕生する「ひょう」\n空に浮かぶ雲の内部には、小さな小さな水や氷の粒が大量に含まれています。\n氷の粒が雲のなかで互いにぶつかりあうと、ぶつかった瞬間に合体して大きな氷の粒になることがあります。\nこれが落ちてきたものが、「ひょう」です。\n\n厳密には、直径5mm未満の氷の粒が落ちてきたら「あられ」、5mm以上の氷の粒なら「ひょう」と呼びます。\n\nただ…、氷の粒がぶつかりあって大きくなる、と簡単に書きましたが、雲があれば必ずそうなるというわけではありません。\n雲の内部に激しい上昇気流がないと、氷の粒が十分に大きく成長できないのです。\n\nそして、この激しい上昇気流が必要という点が、「ひょう」が冬に降らない理由と深く関係しています。\n上昇気流が強まりやすい季節\n春になって日ざしが強く照りつけるようになると、太陽の熱で地面が暖められ、地面に接している地面付近の空気も暖められます。\n暖かい空気は軽いため、上へ上へと昇っていこうとして、上昇気流となります。\n\nこうやって上昇気流が発生して、さらにいくつかの条件がそろうと、雲の内部で氷の粒と粒が激しくぶつかりあって「ひょう」が誕生します。\n\n一方、冬の間はそこまで強い上昇気流が発生するほど空気が暖められることがありません。\n冬でも「あられ」ならよく発生しますが、5mm以上の「ひょう」となると、春以降でないとなかなか発生しにくいのです。\n「ひょう」が降るのはどんなとき？\nさきほど、上昇気流が発生してさらにいくつか条件がそろうと「ひょう」が降ると説明しましたが、この条件として必要なのが上空の寒気です。\n上昇気流が強まるには、地面付近の空気が暖かいことと、上空に寒気があることの両方が必要で、これらを満たす季節が春～初夏ということになります。\n\nそして、地面付近は暖かく、かつ上空に寒気があるというのは、いわゆる「大気の状態が不安定」なとき。\n言い換えると、ゲリラ豪雨を引き起こすような積乱雲が急発達するときです。\n\nつまり「ひょう」が降るときは同時に、急な強い雨や雷、さらには竜巻などの突風のおそれもあるというわけです。\n無理に移動しない！とりあえず「しのぐ」ことを優先して\n「ひょう」は直径5mm以上の氷の粒なので、それが落ちてきただけでもケガをしてしまうおそれがありますが、同時に落雷や突風のおそれもあるとなると、外にいるだけで危険ということがわかると思います。\n\nそのためこれからの時期は、晴れていても急に暗くなってきたり雷鳴が聞こえたりした場合は、無理に外を移動しようとせず、建物のなかで「しのぐ」ことを優先しましょう。\n\n「ひょう」や雷雨をもたらすような積乱雲はさほど大きくなく、だいたい30分や1時間でとおりすぎることが多いです。\nスマホやパソコンで「雨雲レーダー」と検索すると今どこに危険な雨雲があるかわかるので、ぜひ活用してください。\n\n■執筆/植松愛実さん\n気象予報士と出張料理人の両面で活動中。気象・防災に関するヒントのほか、野菜ソムリエ・食育インストラクターとしておいしい食材のおいしい食べ方を発信中。\n\n編集/サンキュ！編集部\n\n※記事の内容は記載当時の情報であり、現在と異なる場合があります。\nサンキュ！編集部,['https://newsatcl-pctr.c.yimg.jp/t/amd-img/20240430-00075411-thankyu-000-1-view.jpg?pri=l&w=640&h=454&exp=10800'],"['https://news.yahoo.co.jp/articles/4c33d3293a299b1733bbb14165a72478492c596c/images/000', 'https://39mag.benesse.ne.jp/lifestyle/content/gallery/?id=159324&utm_source=headlines.yahoo&utm_medium=referral&utm_campaign=yahoo_photo_link']"
「熟年離婚」を回避するために40、50代夫婦がいますぐ始めるべきこと（サンキュ！）,https://news.yahoo.co.jp/articles/4d56c831027a3e50f27fc2d63cc82a5380150e10,https://newsatcl-pctr.c.yimg.jp/t/amd-img/20240430-00075389-thankyu-000-1-view.jpg?exp=10800,2024-04-30T07:52:00+09:00,2024-04-30T07:52:00+09:00,サンキュ！,thankyu,サンキュ！,2529,"\nサンキュ！\nいまは子育てや仕事に忙しい夫婦も、十年も経てば子どもたちは巣立ち、ふたりだけの時間がやってきます。そうなったとき、夫婦関係が冷えきっていたらお互いツライですよね。\n【画像】「熟年離婚」を回避するために40、50代夫婦がいますぐ始めるべきこと\nそこで今回は、40、50代夫婦が30年後も円満でいつづけるためにいますぐ始めるべきことを、「恋人・夫婦仲相談所」の所長である三松真由美さんに教えてもらいました。\nじつは子育て期間よりも長い、夫婦2人だけの時間\n厚生労働省が発表した令和3年度「出生に関する統計」によれば、母親が第一子を産む平均年齢は2019年度で30.7歳。すなわち子を持つ夫婦の場合、多くの妻にとって30代は乳幼児の子育てに追われる時期だと考えられます。\n\nそんな忙しい時期を抜け出すのが40代。\n\n子どもも10歳を超えると、親の元を離れて、だんだん友だち同士の世界が増えてきます。50代になれば子どもも成人を迎え、親としての役割も8割は終わったようなものです。\n\nそんな子育てが終わったあとにやってくるのが、夫婦2人だけの時間。\n\n人生100年と言われる時代ですから、子育て期よりもその後の時間の方が長い場合もあるでしょう。\n\nそんな夫婦の時間を楽しいものにするために、40代、50代がいますぐ始めるべき5つのことをご紹介します。\n1．視線を今までより10cmあげて話してみる\n「うちは、ちゃんと挨拶をしています」「我が家は毎日夫婦の会話があります」という夫婦でも、意外とやっていないのが「相手の目を見て話をする」こと。\n\n日々の会話を振り返ってみると、意外と何かをしながら声をかけたり、目を合わせないままうなずいたりして答えていませんか？ \n\n視線を10cm上げると、相手と目が合います。\n\nコミュニケーションで最も大事なのはアイコンタクト。目と目があえば、自然に笑顔も生まれ、声もワントーン高くなります。今日から視線を上げて話すようにしましょう。\n2．2人きりのお出かけ再開は3ステップ\n子どもと離れることができなかった乳児・幼児の時期を過ぎ、気が付けばもう我が子はひとりで（あるいは兄弟姉妹で）お留守番ができる年齢ではありませんか？ \n\nそろそろ、夫婦2人きりのお出かけを再開する時期。\n\nまずは短時間でできる近所のお散歩や買い物。その次にはカフェやランチ、映画など昼間のお出かけ。\n\nお子さんがさらに大きければ、ライブやディナー、バーや居酒屋など夜のお出かけも大丈夫。\n\nスーパー → カフェ → 居酒屋\n\nの3ステップを意識して誘いましょう。\n\nふだんは会話が弾まないカップルも、お出かけを企画するだけで、いろいろな話題が生まれます。Instagramで見つけた夜景が見えるダイニングとか、昔ふたりでよく通った定食屋さんとか。「駅近くのあのカフェで告白してくれたよね」というワードが出れば、あとはトントン拍子です。\n\nそして忘れてはいけないのが「おしゃれ」。\n\nいつもはジーンズ・Tシャツ・スニーカーの方も、お出かけのときはワンピースにヒール、髪を巻いてみるなど、ちょっと気合を入れてください。なぜ結婚後、妻は気合を忘れ去ってしまうのか（夫もしかり）。いつもと違う妻の姿に夫も惚れ直す……かもしれません。\n3．記念日をきっちり祝う\n「子どもの誕生日はちゃんと祝うけど、自分たちの誕生日はもうどうでもいい……」なんて言わず、夫や妻の誕生日もきちんとお祝いしましょう。\n\n結婚記念日も、年月が経つにつれてお祝いサボりになってきます。\n\nプレゼントを贈らなくても、小さな花鉢を買ってきて飾ったり、スイーツやワインなど2人で楽しめるものを準備したりするだけでじゅうぶん素敵なお祝いになります。\n4．一緒にできることを探して、始める\n夫婦それぞれが単独で行うソロ趣味以外に、2人で一緒にできることを何か見つけるのもアリです。\n\nスポーツや旅行など家の外ですることでもいいですが、もっと簡単にできる「寝る前のストレッチ」がじつはおすすめです。\n\n2人でお互いを引っ張りあって体側を伸ばしたり、前屈の際に背中を押してあげたりなど、自然とスキンシップができるので仲良し効果も抜群です。\n\nコロナ禍によって、YouTubeなどには良質のエクササイズ動画が大増加しているのでお手本はいくらでもあります。まずはエクササイズ動画の検索を2人でいっしょに始めてみてください。\n5．「死ぬまでにやりたいこと」を書き出してみる\n「人生100年」とは言いつつも、「健康寿命は75歳」くらいと考えると、自由にやりたいことができる時間も限られてきます。\n\nどちらかが認知症を発症したり、膝や腰が痛くなったりして自由に動けなくなるのが高齢夫婦の現実。40歳を過ぎたら「死ぬまでにやりたいこと」をお互いに書き出してシェアすることは、2人の将来を具体的にイメージできる最適なシミュレーション。\n\n想像もしていなかった相手の夢や願望を知るチャンス。\n\n「え？ ハンググライダーしたかったの？」\n「ネイルサロンオープンしたいのか。経理は俺がやるよ」\n\nなど、意外な夢がこぼれてきます。\n\nいろいろ出てきたお互いの希望をすり合わせ、将来の目標が決まれば、それに向けて経済面や健康面で準備すべきことがあぶり出されます。\n\n\n5つのうち、自分たちが「できていないな」ということがあったら、ひとつでもいいので実行に移してみてください。30年後の2人の姿が少し変わってくることでしょう。\n\n\n◆監修・執筆/三松 真由美\n会員数1万3,000名を超えるコミュニティサイト「恋人・夫婦仲相談所」所長として、テレビ、ラジオ、新聞、Webなど多数のメディアに出演、執筆。夫婦仲の改善方法や、セックスレス問題などに関する情報を発信している。『堂々再婚』『モンスターワイフ』など著書多数。\n\n構成/サンキュ！編集部\nサンキュ！編集部",['https://newsatcl-pctr.c.yimg.jp/t/amd-img/20240430-00075389-thankyu-000-1-view.jpg?exp=10800'],"['https://news.yahoo.co.jp/articles/4d56c831027a3e50f27fc2d63cc82a5380150e10/images/000', 'https://39mag.benesse.ne.jp/lifestyle/content/gallery/?id=150657&utm_source=headlines.yahoo&utm_medium=referral&utm_campaign=yahoo_photo_link']"
【ユニクロ】春アウターはこの2つさえあればいい！スタイリストが厳選した神アイテム（サンキュ！）,https://news.yahoo.co.jp/articles/6052f8bf7ff424f4c3b97128f2a0356808fcd5e9,https://newsatcl-pctr.c.yimg.jp/t/amd-img/20240430-00075419-thankyu-000-1-view.jpg?exp=10800,2024-04-30T07:15:00+09:00,2024-04-30T07:15:00+09:00,サンキュ！,thankyu,サンキュ！,1327,"\nサンキュ！\nユニクロやGUでできる大人綺麗めコーデ、スタイルアップのコツなどを得意とするパーソナルスタイリストのHappYさんに教わるコーディネートのコツ。\nだんだんと暖かくなってきたものの、朝夕や日陰に入った時には肌寒く感じることがあります。\n今回は、何枚も春アウターはいらないし「これさえあればOK！」なアイテムを知りたい！そんな人におすすめするユニクロのアイテムをご紹介します。\n【画像】【ユニクロ】春アウターはこの2つさえあればいい！スタイリストが厳選した神アイテム\nカジュアルな服が一気に高見え！ダブルジャケット\n最初におすすめするのはユニクロの「ダブルジャケット（商品番号：465473）」。カジュアルな服の上から1枚着るだけで即オシャレ見えする1枚です。縦と横にストレッチが効いているので、リクルートスーツのような「かっちり感」がなく、ふだん着ジャケットとして重宝します。手洗いができるので、手軽にガンガン着て汚れたら家でお洗濯できるのもおすすめポイント。\n\n肌寒いときにはカーディガンを羽織ることが多いですが、雰囲気を変えてジャケットにしてみましょう。カジュアルな装いにモードな雰囲気が加わりいつもと違うアウターになりますよ。\n\n◾️商品詳細◾️\n商品名：ダブルジャケット\n商品番号：465473\n価格：6,990円（記事執筆時）\nカラー展開：グレー・ブラック・ベージュ\n小雨が降ってもOK！ゆったりシルエットで動きやすい機能アウター\n先ほど紹介したジャケットよりもカジュアル感のある「コットンブレンドパーカ（商品番号：465467）」。ゆったりとしたシルエットで重ね着してもモゴモゴしません。小雨程度の水をはじく撥水加工がほどこされているので、急な雨が降っても大丈夫。（撥水効果は永久的ではありません）\n\n裾にアジャスターがついており、アジャスターを調節すればシルエットを変えることができる優れもの。パンツにもスカートにもコーディネートしやすいデザインになっています。\n\n風が強く肌寒いときには、えりを立ててしっかり口元まで防寒することも。暑くなってきたら前のジッパーを開けて風を入れたりと、変わりやすい春の気候にしっかりと対応してくれる1枚になります。\n\n「今日もこれを着よう！」とついつい手が伸びる1枚になりますよ。\n\n◾️商品詳細◾️\n商品名：コットンブレンドパーカ\n商品番号：465467\n価格：4,990円（記事執筆時の価格）\nカラー展開：ブラック・ピンク・ナチュラル・ベージュ・グリーン\n\n■執筆/HappY…144cmと小柄な体形を生かしてGU、ユニクロを使った大人綺麗めコーデを発信する「小柄スタイリスト」。フォロワー3万人を超えるインスタグラムは、真似しやすいコーデが多いと好評。\n\n編集/サンキュ！編集部※記事の内容は記載当時の情報であり、現在と異なる場合があります。\n\n※記事内の表示価格は、とくに記載のない場合、税込表示です。軽減税率の適用により価格が変動する場合もあります。店舗によっては取り扱いがない場合があります。\nサンキュ！編集部",['https://newsatcl-pctr.c.yimg.jp/t/amd-img/20240430-00075419-thankyu-000-1-view.jpg?pri=l&w=640&h=480&exp=10800'],"['https://news.yahoo.co.jp/articles/6052f8bf7ff424f4c3b97128f2a0356808fcd5e9/images/000', 'https://39mag.benesse.ne.jp/beauty/content/gallery/?id=188934&utm_source=headlines.yahoo&utm_medium=referral&utm_campaign=yahoo_photo_link']"
高カロリーおやつの代表格「ケーキ」vs.「ポテトチップス」太りやすいのはどっち？（サンキュ！）,https://news.yahoo.co.jp/articles/8649a3bc907ce74d7e6edbdc029cc0e1e13d0fc3,https://newsatcl-pctr.c.yimg.jp/t/amd-img/20240430-00075390-thankyu-000-1-view.jpg?exp=10800,2024-04-30T11:52:00+09:00,2024-04-30T11:52:00+09:00,サンキュ！,thankyu,サンキュ！,2650,\nサンキュ！\n高カロリーおやつの代表格とも言える「ケーキ」と「ポテトチップス」。どちらのほうが太りやすいのか、気になる人も多いのでは。\n【画像】高カロリーおやつの代表格「ケーキ」vs.「ポテトチップス」太りやすいのはどっち？\nそこで、管理栄養士と食生活アドバイザーの資格を持つライターのゆかりさんに、「ケーキ」と「ポテトチップス」、どちらが太りやすいのかについて解説してもらいました。\nカロリーだけで比べると違いはほぼナシ\nともに高カロリーで、脂質や糖質の多い「ケーキ」と「ポテトチップス」。\n\n一般的なケーキの材料は小麦粉、卵、砂糖、バターやクリームなど。「ケーキ」の種類によっては、これにチョコレートやクリームチーズなどが加えられることもあります。また、しっとりとした口当たりからわかるように、全体の3～5割ほどが水分となっています。\n\nポテトチップスにはじゃがいも・塩・油などが使われています。揚げてつくられるため水分量が2％ほどと非常に少なく、容量に対して必然的に脂質や糖質の含有量が高くなっています。\n\n1食分をケーキ1カット（100g前後）、ポテトチップス1袋（60g前後）とした場合に、それぞれのカロリーと脂質の含有量を比較すると、その量はほぼ同じくらい。データ上では、どちらが太りやすいということは言い切れません。\n太りやすさを左右する要素は“タンパク質”にあり!?\n1食分のカロリーで比較すると、「ケーキ」と「ポテトチップス」はほぼ同じ。しかし、ある栄養素に注目することで、太りやすさの違いが見えてきます。それは、三大栄養素のひとつであるタンパク質。\n\nじつは糖質、脂質、タンパク質は消化にかかる時間に差があり、具体的に言うとタンパク質は糖質の消化時間よりも2倍ほどかかると言われています。\n\nそこでタンパク質の量で比較すると、ポテトチップス1食には約3％ほどしか含まれていないのに対して、ケーキには6～9％ほど含まれています。量として多いわけではありませんが、それでもケーキのほうが腹持ちはいいでしょう。\n\n腹持ちがいいと、その後の食事量を抑えることにも繋がります。結果として1日の摂取カロリーを抑えることが期待できるわけです。\n味の違いによっても差が出る？\nさらに、味の面でも「ケーキ」は「ポテトチップス」に比べて太りにくいポイントがあります。\n\n「ケーキ」と「ポテトチップス」のどちらにも脂質が多く含まれ、片方は甘味、もう一方は塩味がそれぞれ強くなっています。塩味はミネラルを含む味として体に適度に必要なものですが、この塩味（塩分）が脂質と組み合わさると、食欲が増進されることが指摘されています。\n\nさらに、「ケーキ」はフォークなどを使って少しずつ食べ進めることが多いですが、ポテトチップスは手でつかんで何枚もまとめて口に入れる人も多いのでは？ \n\n後者は、塩分＋脂質の味であることに加え、厚みがないため一気に食べ進めやすい傾向にあるのです。そのため、気づいたら1袋カラになってしまっていた……という経験がある人もいるはず。\n\nゆっくりと味わって食べるこで満足感が得やすくなる、と言われていることから、速く食べ終えてしまうと少量では物足りなく感じてしまう可能性があります。結果、「ポテトチップス」は食べすぎてしまいやすい傾向にあると判断できます。\nポテトチップスを「太りにくく」食べるコツは？\nとは言え、「ポテトチップスをケーキに変えて食べればいい！」というのは極端すぎるし、現実的ではありません。\n\nそこで筆者が提案したいのが、太りにくくするひと工夫。\n\nたとえば、できるだけ一口に含む量を減らす――具体的に言えば、1枚ずつ口に入れ、ポテトチップスの香りや食感、噛んだときの音を感じながら味わうようにしてみましょう。そうすることで、相対的に噛む回数を多くすることができ、すべてを食べ終えるまでに時間がかかるため、結果として食べすぎを抑えることが期待できるのです。\n\nそれに加えて、\n\n・成型ポテトチップス\n・揚げていないタイプ\n・シンプルな味つけのもの\n\nなどを選ぶのもおすすめです。\n\n「成型ポテトチップス」とは、乾燥したじゃがいものフレークに調味料などを混ぜて成型し揚げたものを指します。袋ではなく筒型の容器に入れられていることが多く、同じ形にそろっているのが特徴です。こちらの場合、通常の「ポテトチップス」に比べ、カロリーと脂質がやや少なく、タンパク質がやや多く含まれているのです。\n\n揚げていないタイプの「ポテトチップス」は、ノンフライや焼きポテトチップスなどの表記がされていることで見分けられます。揚げていないぶんだけ脂質の含有量が低くなり、それとともにカロリーも控えめに。\n\n塩以外にうま味調味料などが加えられていると、食欲が増進されてしまいます。塩だけが使われているものを選ぶのが、食べすぎ防止には最適といえるでしょう。\n「ケーキ」ならOK！というわけではありません\nなお、誤解してほしくないのが、「ケーキ」であればたくさん食べても大丈夫というわけではないということ。\n\nおやつの目安は1日あたり200kcalとされています。これは、食事からの栄養素も十分にとることを考えたうえで推奨されている数値。\n\n「ケーキ」1カットや「ポテトチップス」1袋を食べれば、その目安を超えてしまうでしょう。そのため、それぞれ2/3くらいに抑えるのが太らない食べ方の理想です。あえて一般的なものよりも小さいサイズを選ぶ、誰かとシェアする、取り分けて残りはすぐに手が届かない場所へしまうなどの工夫をするといいかもしれません。\n\n全部食べられないことを残念に感じるかもしれませんが、まったく食べられないよりはマシと考えるようにしましょう。そもそも、おやつとは食事で不足する栄養素を補ったり、気分転換がおもな目的。量を食べることとは切り離して考えるべきなのです。\n\nぜひ、紹介した内容を参考に、太りにくい食べ方を取り入れてみてはいかがでしょうか。\n\n■執筆/監修…\n管理栄養士・ゆかりさん\n管理栄養士、食生活アドバイザー。一女のママで出張料理、料理教室、講演、栄養相談も手掛けるほか、ライターとしても活動。\n\n構成/サンキュ！編集部\nサンキュ！編集部,['https://newsatcl-pctr.c.yimg.jp/t/amd-img/20240430-00075390-thankyu-000-1-view.jpg?pri=l&w=640&h=426&exp=10800'],"['https://news.yahoo.co.jp/articles/8649a3bc907ce74d7e6edbdc029cc0e1e13d0fc3/images/000', 'https://39mag.benesse.ne.jp/housework/content/gallery/?id=37634&utm_source=headlines.yahoo&utm_medium=referral&utm_campaign=yahoo_photo_link']"
年収500万～600万円台の貯蓄のリアル！年収400万円台に比べて年貯蓄額が低い⁉（サンキュ！）,https://news.yahoo.co.jp/articles/650e3b164ba5f8f7e8d0dee5a7593fa4c48c2d67,https://newsatcl-pctr.c.yimg.jp/t/amd-img/20240430-00075416-thankyu-000-1-view.jpg?exp=10800,2024-04-30T08:42:00+09:00,2024-04-30T08:42:00+09:00,サンキュ！,thankyu,サンキュ！,2317,\nサンキュ！\n手取り世帯年収500万～600万円台の貯蓄のリアルとは？ 夫婦で稼ぎも貯蓄も協力して年100万円貯めました。年間計画を立て、キャンプなどのゆずれない支出もばっちり確保！暮らしを楽しみつつ貯める秘訣を教えてもらいました。\n【画像】年収500万～600万円台の貯蓄のリアル！年収400万円台に比べて年貯蓄額が低い⁉\n【年収500万～600万円台】年貯蓄額90万円未満の割合が57% 年収400万円台の貯蓄率より低い！\n400万円台家計の年貯蓄額に比べて、年貯蓄額が低い家庭の割合が多い結果に。収入にゆとりがある分、支出も増える傾向があるのか！？ \n\n\nQ 年間いくら貯めていますか？\n77%の家庭が共働き！妻が世帯収入UPに貢献！\n正社員、パート、フリーランスなど、働き方はさまざまですが、300万円台、400万円台の家庭と比べて、妻が働いている比率がアップ。収入を上げるには、収入源を増やすのも1つの手！\n\n\nQ 妻は、働いていますか？ \n\n【横山さん's advice】収入が増えた分支出のコントロールを徹底しよう！\n収入にゆとりがある家庭ほど「稼いでいる分、使ってもOK」という意識が強く、貯蓄率が下がりがち。子ども費、レジャー費など、際限なくかけがちな費目は特に注意。稼いでも計画を立てないと貯まりません。\n稼ぎも貯蓄も夫婦で協力して年100万円貯めてた！\n独身時代、外食や旅行で給料は毎月使い切っていたHさん。結婚後、共働きで世帯年収は約800万円でしたが、お金の使い方は変わらず、貯蓄はほぼゼロでした。数年後、妊娠を機に退職。年収が半分になる不安から、夫婦の財布を1つにしたことが家計のターニングポイントになります。家計管理に目覚め、少しずつ貯めるコツをつかみました。子どもの成長に伴い、仕事も再開。現在は「暮らしを楽しみつつ貯める」を夫婦の目標に、年100万円ぺースで貯蓄しています。\n\n\n＜教えてくれた人＞\nサンキュ！アンバサダー Hさん（埼玉県 38歳）\n夫（38歳）、長男（8歳）、長女（4歳）の4人家族。持ち家一戸建て。週3～4日でパート勤務、フリーランスでライター業もしている。\n\n◎Total Money Data◎\n夫月収（手取り） 26万円\n妻月収（手取り） 10万円～\n夫ボーナス（年間·手取り） 100万円\n妻ボーナス（年間·手取り） 0円\n夫年収（手取り） 412万円\n妻年収（手取り） 120万円～\n月貯蓄額 6万円\n年貯蓄額 100万円\n総貯蓄額 1150万円（銀行預金500万円、投資資産220万円、学資保険料130万円、貯蓄型保険料300万円）\n\n\n●1カ月の家計表\n＜収入＞\n世帯月収（手取り） 36万円\n\n＜貯蓄＞\n先取り貯蓄 6万円（現金1万1000円、NISA4万円、学資保険料9000円）\n\n＜支出＞\n住居費 8万1000円\n水道・光熱費 1万2000円\n通信費 1万2000円\n保険料 2万6000円\nガソリン代 7000円\n子ども費 1万7500円（小学校給食費4200円、学童費用8800円、保育料4500円）\n奨学金返済 1万円\n食費 4万円\n外食費 2万円\n日用品費 7000円\nレジャー費 5000円\n夫小遣い 1万5000円\n妻小遣い 1万5000円\nその他 3万2500円\n支払い履歴を夫婦で共有。“楽天の家族カード”で引き落とし口座をまとめる\n家計から出す支出を明確にするために、引き落とし口座を一括にできる“楽天の家族カード”を夫婦で1枚ずつ所有。アプリで支払い明細を見られるから、家計管理がシンプルに！\nリビングに“レシートBOX”を設置して夫が支払った分の内容も見返す\n家族カードの支払い明細と内容を照らし合わせる為に、レシートでWチェック。リビングの棚にBOXを設置すれば夫も忘れずにレシートを入れられるので、もれなく管理できます。\n平日9:00～17:00は、仕事と家計管理時間と決めてメリハリを持って暮らす\n効率よく仕事をしたいから、家でフリーランスのライター業をする日も時間を決めて集中。「家計の管理も私にとっては仕事なので、平日の昼間、真剣に支出を集計し、家計簿を見直します」。\n\nやりくり費が余ったら、貯蓄にまわさないでごほうび外食。翌月の仕事とやりくりも頑張れます！\n夫婦で“ゆずれない支出”は年間計画を立てて、特別出費予算を確保！\n家族で趣味のキャンプ費、レジャー代わりのコストコ費、イレギュラー出費など、家計を乱す大きな出費は特別出費として確保。「ボーナス額から、翌年分の特別出費予算を立てます」。\n\n・月1回のコストコ費用 約19万円/年間（月1万5000円＋会員費9900円）\n・3カ月に1回のキャンプ費用 約8万円/年間\n・車検費用、固定資産税、プレゼント代などイレギュラー出費 約70万円/年間\n\n\n＜教えてくれた人＞\n家計再生コンサルタント ファイナンシャル・プランナー 横山光昭さん\nマイエフピー代表。相談の現場にこだわるFPで、これまでの相談件数は2万6000件超。最新刊は『知識ゼロですが、新NISAとiDeCoをはじめたいです。』（インプレス）。\n\n参照：『サンキュ！』2024年5月号「年収別読者300人の収入・貯蓄・支出・投資大調査Special」より。掲載している情報は2024年3月現在のものです。\n編集/サンキュ！編集部\nサンキュ！編集部,['https://newsatcl-pctr.c.yimg.jp/t/amd-img/20240430-00075416-thankyu-000-1-view.jpg?exp=10800'],"['https://news.yahoo.co.jp/articles/650e3b164ba5f8f7e8d0dee5a7593fa4c48c2d67/images/000', 'https://39mag.benesse.ne.jp/money/content/gallery/?id=181675&utm_source=headlines.yahoo&utm_medium=referral&utm_campaign=yahoo_photo_link']"
