headline,mainEntityOfPage,image,datePublished,dateModified,author,media_en,media_jp,str_count,body,images,external_links
デビュー作『成瀬は天下を取りにいく』で本屋大賞受賞の宮島未奈さん　これからの作家人生は「成瀬と一緒ならきっと大丈夫」（デイリー新潮）,https://news.yahoo.co.jp/articles/1a26b25164e8e6c519262598c794cf7ca421dd07,https://newsatcl-pctr.c.yimg.jp/t/amd-img/20240430-01119939-shincho-000-1-view.jpg?exp=10800,2024-04-30T11:10:15+09:00,2024-04-30T11:10:15+09:00,デイリー新潮,shincho,デイリー新潮,982,\n「成瀬と一緒ならきっと大丈夫」\n本屋大賞受賞式でトロフィーを手にする宮島未奈さん\n『成瀬は天下を取りにいく』（新潮社刊）で、今年の本屋大賞を受賞した宮島未奈さん（40）。全国の書店員が「いちばん売りたい」と思う本を実質デビュー作で書き上げたのだから、快挙というほかない。写真はその授賞式での一コマだが、宮島さんは、受賞作を推してくれた多くの書店員さんに囲まれてうれしそうだ。会見では、成瀬同様めったに緊張したことがないという宮島さんが、ときおり声を詰まらせながら「これから受賞作家の看板を背負っていくと思うと身が引き締まる思いです。この先、今の私には想像できないようなことがたくさん起こると思いますが、成瀬と一緒ならきっと大丈夫です」と語った。\n【写真をみる】「成瀬ファンにはたまらない！」 “ゼゼカラ”ユニフォーム姿で笑顔を浮かべる宮島未奈さん\n“最高の主人公”が魅力の『成瀬は天下を取りにいく』\n『成瀬は天下を取りにいく』の魅力は、主人公の成瀬あかりのキャラクター造形にある。閉店間近の西武大津店に日参し、ひと夏を西武に捧げたり、友人とお笑いコンビを結成し、「M-1グランプリ」に挑戦したり……と、一見、破天荒に見えて、成瀬の行動にはいつも一本筋が通っている。だから何があっても成瀬は動じない。中学生離れした社長のような偉そうな物言いにも、思わず笑いがこみ上げてくる。高校生から大学生にかけての成瀬を描く続編『成瀬は信じた道をいく』を加えたシリーズ累計発行部数は60万部近く。これからさらに多くの読者が生まれそうな痛快、爽快な青春小説だ。\n「“成瀬”一色」のアンテナショップで満面の笑み\n受賞翌日、宮島さんが向かったのは、東京・日本橋にある滋賀県のアンテナショップ「ここ滋賀」。店頭は、『成瀬は天下を取りにいく』の表紙イラストを利用したPOPで埋め尽くされている。たまたま出くわしたファンが「ニュースで見ました」と声をかけると満面の笑みで手を振る宮島さんだった。\n\n 丸善日本橋店を訪問した後、東京駅の前で最後の撮影を終えた宮島さん。意気揚々と家族の待つホームタウン大津への帰途に就く。凱旋先のかの地では受賞を喜ぶ多くの滋賀県民が温かく出迎えてくれることだろう。\n撮影・西村 純\n\n「週刊新潮」2024年4月25日号 掲載\n新潮社,['https://newsatcl-pctr.c.yimg.jp/t/amd-img/20240430-01119939-shincho-000-1-view.jpg?pri=l&w=426&h=640&exp=10800'],"['https://news.yahoo.co.jp/articles/1a26b25164e8e6c519262598c794cf7ca421dd07/images/000', 'https://www.dailyshincho.jp/article/2024/04301100/?photo=2']"
暗黒時代の阪神はまさかの“不成立”…「プロ野球予想クイズ」はあまりに皮肉な結果に終わっていた！（デイリー新潮）,https://news.yahoo.co.jp/articles/2f27b71ad833feac5eaeefdacddc923b518d2042,https://newsatcl-pctr.c.yimg.jp/t/amd-img/20240430-01121055-shincho-000-1-view.jpg?exp=10800,2024-04-30T17:00:15+09:00,2024-04-30T17:00:15+09:00,デイリー新潮,shincho,デイリー新潮,2626,\n「メジャー通算382本塁打」の大型スラッガー\n2年連続本塁打王と、近鉄では大活躍だったマニエル\n今年で球団創設90周年を迎えた巨人が、公式HPで毎月9題ずつ球団史に関するクイズを出題している。球団史なら正解が決まっているので問題はないが、予想となると話は別。過去には、皮肉な結果に終わった予想クイズもある。【久保田龍雄/ライター】\n【写真を見る】阪神の日本一で「アレ」が流行語大賞の年間大賞に！ 授賞式に臨んだ岡田監督の破顔一笑\nメジャー通算382本塁打のフランク・ハワードを獲得した太平洋（現・西武）が、“ホームランクイズ”を実施したのが、1974年だった。\n\n ハワードはセネタース（現・レンジャーズ）時代に2度の本塁打王に輝き、1970年には打点王も獲得するなど、これまで来日した助っ人の中ではトップのメジャー通算382本塁打、1119打点を記録していた。\n\n すでに37歳になっていたが、オープン戦で場外弾2発を含む3本塁打を放ち、健在ぶりをアピール。身長201センチ、体重113キロの巨体とあって、キャンプ地の宿舎で2つのベッドをT字型に並べ、長さ2.5メートルのジャンボベッドにアレンジした話も評判になり、シーズン開幕前に行われたサイン会も、少年ファンを中心に人気を集めた。\n\n そんなハワード人気に便乗し、球団も「今シーズン、ハワード選手は何本ホームランを打つか？」という「ハワード・ホームラン・クイズ」を実施。当選者には抽選でグアム島旅行が当たるというもので、ハワードのホームラン見たさに多くのファンを本拠地・平和台球場に集めるのが狙いだった。\n日本に戻ることなく「現役引退」\nところが、そんな集客作戦も開幕早々、画餅に帰してしまう。4月6日の開幕戦（日本ハム戦）、4番ライトで出場したハワードは、3打席目の三ゴロエラーで一塁に全力疾走した際に古傷の右膝を悪化させ、途中交代。当初は全治2週間と診断されたが、その後、回復が長引き、5月下旬に帰国。そのまま日本に戻ることなく、7月5日に現役引退を発表した。\n\n この結果、ハワードは出場わずか1試合、2打数無安打1四球に終わったが、皮肉にも3347人が応募したホームランクイズは、「0本」と答えた応募者が13人もいた。\n\n これには坂井保之球団代表も「この人たちはすごい眼力を持ってますね。外国人は来日してプレーするまでわからないといっても、大リーグで2度も本塁打王になっている打者ですよ。それを1本もホームランを打てないと予想するとは……」と脱帽するしかなかった。「0本」を正解と認定するか頭を悩ませたが、「1試合だけの出場だったので」と全応募者を対象に抽選を行い、3組に2泊3日のグアム島旅行を招待した。\n「ホームランを打つのがオレのビジネス」\n前出のハワード同様、ホームランクイズが裏目に出たのが、1981年のヤクルトである。\n\n 前年、6位から2位に躍進したヤクルトは、近鉄で2年連続本塁打王を獲得したチャーリー・マニエルが3年ぶりに復帰。4番不在の悩みが解消され、3年ぶりのV奪回へファンの期待も高まった。マニエル人気にあやかって、球団も「マニエル選手の本拠地（神宮球場）での第1号本塁打は、何月何日のどのカードで出るか？」というホームランクイズを実施した。\n\n 正解者にはスイス製高級腕時計などの豪華賞品が贈られるとあって、4000通近い応募があり、その大半が本拠地開幕戦となる4月4、5日の阪神戦を予想していた。\n\n マニエル自身も「ホームランを打つのがオレのビジネス。ヤクルトを優勝させるためにベストを尽くすよ」と3年連続キングに意欲満々だった。\n\n ところが、近鉄時代の2年間DHを務め、守備機会のなかったマニエルは下半身の衰えからパワーダウン。開幕から15試合目、4月24日の阪神戦（甲子園）でようやくシーズン1号が飛び出したが、その後は打撃不振でスタメン落ちするなど、本拠地ではノーアーチのまま。そして、クイズの回答の中で最も遅い5月10日の阪神戦でもマニエルは本拠地1号を打つことができず、まさかの正解者ゼロという事態に……。\n\n 対応に苦慮した球団側は、最後の回答が寄せられた5月10日を含む同8日からの阪神3連戦を予想した9通（5人）のファンに残念賞としてスポーツタオルとサインボールをプレゼントした。\n\n 同年、マニエルは12本塁打に終わり（本拠地1号は6月3日の大洋戦）、シーズン後に解雇、チームも4位に沈んだ。\n阪神のシーズン60勝はいつか？\n正解者がいないどころか、クイズ自体が不成立となったのが、1995年の“阪神60勝クイズ”である。\n\n 同年、球団創設60周年を迎えた阪神は、ライバル・巨人が前年日本一になって球団創設60周年を飾ったことを受けて、「今年の目標は掛け値なしの優勝です」（久万俊二郎オーナー）とメモリアルイヤーの優勝を大目標に掲げた。\n\n 地元テレビ局も「阪神のシーズン60勝はいつか？」というクイズを実施した。だが、2年連続Bクラスに終わった前年とほとんど戦力が変わらなかったことなどから、ファンの多くは「できない」と回答したといわれる。\n\n はたして、シーズンが始まると、阪神は開幕戦から5連敗を喫し、4月を6勝13敗と負け越し。5月以降もなかなか浮上の気配を見せず、60勝も早々と絶望的となったため、前出のテレビ局も慌ててクイズの内容を「チーム60本目のホームランは誰が打つか？」に変更せざるを得なくなった。\n\n その後も阪神は、7月に中村勝広監督が休養、藤田平監督代行に替わっても悪い流れは変えられず、9月5日に中日に敗れて109日ぶりに最下位転落。翌6日の中日戦で71敗目を喫し、シーズン60勝は絶望になった。\n\n 結局、同年は46勝止まり。1987年を更新する球団ワーストの84敗でシーズンを終えた。そんな暗黒時代も、“アレンパ”を目指す今となっては、すっかり過去のものとなった。\n久保田龍雄（くぼた・たつお）\n1960年生まれ。東京都出身。中央大学文学部卒業後、地方紙の記者を経て独立。プロアマ問わず野球を中心に執筆活動を展開している。きめの細かいデータと史実に基づいた考察には定評がある。\n\nデイリー新潮編集部\n新潮社,['https://newsatcl-pctr.c.yimg.jp/t/amd-img/20240430-01121055-shincho-000-1-view.jpg?pri=l&w=426&h=640&exp=10800'],"['https://news.yahoo.co.jp/articles/2f27b71ad833feac5eaeefdacddc923b518d2042/images/000', 'https://www.dailyshincho.jp/article/2024/04301650/?photo=2']"
飲酒トラブル「ウエストランド」河本太の「ギャラ折半」解消騒動　“コンビ愛”や“恨み節”まで…意外に知らないお笑いコンビ「最新ギャラ事情」（デイリー新潮）,https://news.yahoo.co.jp/articles/7433eef3116abcb07ed8f0d788b6ed2bbc55d59f,https://newsatcl-pctr.c.yimg.jp/t/amd-img/20240430-01121118-shincho-000-1-view.jpg?exp=10800,2024-04-30T11:13:50+09:00,2024-04-30T11:13:50+09:00,デイリー新潮,shincho,デイリー新潮,2099,\n「ギャラ折半」消滅（右＝河本）\nタクシー運転手との飲酒トラブルを起こしたお笑いコンビ「ウエストランド」河本太（40）について、所属事務所「タイタン」社長の太田光代氏が“愛のムチ”として「コンビ間のギャラ折半を解消」したと明かした。実はそもそもギャラを折半しているコンビのほうが「少数派」とされ、各コンビの“折半する・しない”理由を紐解くと、芸人たちの愛おしくも複雑な人間模様が見えてくる。\n【写真を見る】意外な面々が続々！ ギャラを折半している「大物コンビ」と“してない派”の超人気芸人\n***\nウエストランドがギャラを折半にする始まりは、河本からの申し出によるものだったという。\n\n「まだ売れていない駆け出し時代、ウエストランドはいまと違って井口浩之（40）よりも河本のほうが仕事があったそうです。互いにお金がなかった当時、河本のほうから『折半にする？』と切り出したのが始まりで、2022年にM-1グランプリで優勝すると、“毒舌”で鳴らす井口にピンの仕事が増えだす“逆転現象”が起きていました」（スポーツ紙デスク）\n\n 河本の今後について、太田社長は「自分で稼いでもらう」と話すが、今回のように不祥事を原因としなくても、時を経て「折半」制を解消したコンビは少なくない。\n\n「今年3月に解散した『ANZEN漫才』のみやぞん（39）とあらぽん（38）も結成当初にはギャラを折半にしていました。こちらも当時はあらぽんのほうがCMなどの仕事に恵まれ稼いでいたことから、あらぽんから『食えないだろ？』とみやぞんに折半を提案。しかしその後、みやぞんがブレイクすると、あらぽんから“もういいよ”と折半解消の申し出があり、数年前には歩合制に戻していた」（同）\nあの大物コンビも「ギャラ折半」\nお笑いコンビ「ドランクドラゴン」の鈴木拓（48）も過去、「15年間にわたってギャラを折半してもらっていた」ことをテレビ番組で告白している。俳優としても活躍する相方・塚地武雅（52）に折半解消を申し出たのは鈴木のほうだが、理由は鈴木が妻から「折半をやめてほしい」と懇願されたからという。「ギャラを折半していることを知る近所の人から、奥さんが『心苦しくない？』などと声を掛けられることに耐えられなくなった」（同）ためという。\n\n 一方で、売れてからも「ギャラ折半」を貫く“意外なコンビ”の名前を挙げるのは、さるお笑いライターだ。\n\n「『おぎやはぎ』の矢作兼さん（52）と小木博明さん（52）も『ギャラ折半』を公言しています。その理由について、矢作さんは“（ピンの仕事で）自分だけもらうと、小木が頑張ろうとしちゃう。頑張ったらそれは小木じゃなくなる”と説明。また京大出身の高学歴芸人として知られる『ロザン』の宇治原史規さん（48）と菅広文さん（47）もギャラ折半を公表済み。クイズ番組で活躍する宇治原さんが“賞金を相方と分けていれば、ネガティブな印象を持たれることはない”とのイメージ戦略も兼ねて、菅さんから提案したそうです」（同）\n「折半しない」コンビの意外な理由\n松竹芸能を退社後、13年に個人事務所を立ち上げたお笑いコンビ「さらば青春の光」も独立以降、マネージャーを含め「ギャラを3等分」していることで知られる。その理由を森田哲矢（42）は「（相方・東ブクロが）折半やめた瞬間に1人でメッチャ稼がれたらイヤ」だからと答えている。\n\n 実はお笑い界では、ギャラを分けないコンビのほうが多いとされ、有名なところでは「麒麟」や「サバンナ」が挙げられるという。\n\n「『麒麟』の川島明さん（45）は今でこそ朝の情報番組『ラヴィット！』（TBS系）のMCを務めるなど大ブレイクしましたが、最初に注目されたのは著書『ホームレス中学生』が225万部を売り上げた相方・田村裕さん（44）のほうでした。もともと“コンビのルールがあって、働いた分は自分でもらっていた”と結成時から歩合制を取っていましたが、田村さんの本が大ベストセラーになったことで、川島さんは『（当時の）年収に9000万円の差がついた』と嘆いていました。また『サバンナ』の八木真澄さん（49）も相方・高橋茂雄さん（48）が売れたことで『（収入が）6倍違った』と告白しています」（同）\n\n 他にも、コロコロチキチキペッパーズのナダル（39）はギャラ折半を取らない理由として、「（相方・西野創人の）向上心がなくなる」心配を挙げている。また3年前に個人事務所を設立して自身が社長を務める、お笑いコンビ「ラランド」のサーヤは相方のニシダを社員として雇用。ニシダへは固定給を支払っており“収入格差はあって当然”とのスタンスだ。\n\n「ギャラ折半を選んだ背景には深い“コンビ愛”が感じられるケースも多く、一方の歩合制を取るコンビは互いに切磋琢磨している印象。どちらが良いとかいう話でなく、芸人としての“生きざま”が反映されているようにも感じます」（同）\n\n「自立」を強いられた河本の再起はいつか。\nデイリー新潮編集部\n新潮社,['https://newsatcl-pctr.c.yimg.jp/t/amd-img/20240430-01121118-shincho-000-1-view.jpg?pri=l&w=640&h=426&exp=10800'],"['https://news.yahoo.co.jp/articles/7433eef3116abcb07ed8f0d788b6ed2bbc55d59f/images/000', 'https://www.dailyshincho.jp/article/2024/04301103/?photo=2']"
二宮和也以来の逸材、岡田将生も絶賛…STARTO社が期待する16歳俳優の驚くべき実力（デイリー新潮）,https://news.yahoo.co.jp/articles/939151e607b0451b58956a4195c435b133ddde31,https://newsatcl-pctr.c.yimg.jp/t/amd-img/20240430-01121106-shincho-000-1-view.jpg?exp=10800,2024-04-30T10:56:55+09:00,2024-04-30T10:56:55+09:00,デイリー新潮,shincho,デイリー新潮,2121,\n映画『ゴールド・ボーイ』公式Xより\n旧ジャニーズ事務所（STARTO ENTERTAINMENT）の羽村仁成（はむら・じんせい=16）に対する期待の声が高まっている。3月8日に公開された映画「ゴールド・ボーイ」では、その演技力が主演の岡田将生から絶賛された。\n【写真を見る】「上手いというよりエグい演技」 業界関係者が絶賛する16歳の旧ジャニ俳優\n***\n中国で大ヒットとしたネットドラマ「隠秘的角落（The Bad Kids）」の原作である紫金陳（ズー・ジェンチン）のミステリー小説「悪童たち」を日本で映画化したのが「ゴールド・ボーイ」だ。\n\n 金子修介監督がメガホンを取り、主演の岡田はじめ黒木華、北村一輝、江口洋介といった主役級が居並ぶ中、殺人を犯した岡田を脅迫し追い詰めていく少年の一人を演じたのが羽村だ。公開記念の舞台あいさつで、岡田はこう語っていた。\n\n「羽村君の演技の表情が素晴らしかった。僕にはできない。この映画の主人公は3人の子どもたちです。3人の代表作になってほしいと思っています」\n\n リップサービスとしても、なかなかここまでは褒めないだろう。業界関係者も絶賛する。\n\n「上手いと言うよりも、エグい演技でしたね。昨年は綾瀬はるか主演の『リボルバー・リリー』でメインキャストの一人として映画初出演。元敏腕スパイの綾瀬に守られるか弱い少年役でしたが、今回は打って変わった役を演じました。彼はまだジュニア（旧ジャニーズJr.）に所属するGo！ Go！ kidsのメンバーで、グループはまだデビューもしていません。ところが、役者としては早くも事務所の先輩である二宮和也ばりの逸材と言われています」\n\n「リボルバー・リリー」にはSixTONESのジェシーも敵役で出演していたが、羽村のバ-ター出演ではなかったのだろうか。\nジャニーズとの縁\n「行定勲監督がオーディションで羽村に一目惚れしたそうです。『彼には品がある。静かな佇まいの中に芯の強さを感じた』と語っていました」\n\n 映画出演はまだ2本だが、ドラマの出演はやけに多い。\n\n「実を言うと、彼は昔、別の芸能事務所で子役として活動しており、NHKの大河ドラマ『おんな城主 直虎』にも出演しています。ジャニーズに入ったのは2019年ですが、それまでにジャニーズの先輩たちとは数々の共演がありました」\n\n●13年「ドラフト緊急生特番『お母さんありがとう』」（TBS）司会:中居正広（羽村は再現ドラマに主演\n●13年「49」（日本テレビ）主演:佐藤勝利（Sexy Zone）\n●15年「お兄ちゃん、ガチャ」（日テレ）主演:岸優太（King ＆ Prince）\n●16年「家政夫のミタゾノ」（テレビ朝日）主演:松岡昌宏（TOKIO）\n●17年「貴族探偵」（フジテレビ）主演:相葉雅紀（嵐）\n●17年「新宿セブン」（テレビ東京）主演:上田竜也（KAT-TUN）\n●17年「悦ちゃん～昭和駄目パパ恋物語～」（NHK）出演:岡本健一\n\n 偶然とは思えぬほど、ジャニーズとの共演が多い。羽村自身もそう感じていたことをインタビューで語っている。\nドラマでも引っ張りだこに\n《6歳の頃からドラマに出させてもらうようになって、ジャニーズの人たちと共演する機会がすごく多かったんです。松岡（昌宏）クンとか相葉（雅紀）クンとかJr.の人たちとか。で、子役は終わっても芸能界続けたいなと思って、親とも相談して、ああいうかっこいい人たちと一緒に仕事できたらとジャニーズに応募することにしたんです。ダンスとかやってみると、これがまたすごく楽しかったんですよ》（日刊スポーツ23年8月12日）\n\n ジャニーズ入りしてからは、21年の「俺の家の話」（TBS）で長瀬智也（TOKIO）の息子役なども演じた。\n\n「ジャニーズから独立する人は増えましたが、別の事務所を経てジャニーズ入りするのは異例と言っていいでしょう。すでに役者として注目されているので、このままだとCDデビューする前に単独で映画賞など取ってしまうかもしれません」（前出の業界関係者）\n\n「リボルバー・リリー」の演技で、今年3月の日本アカデミー賞・新人俳優賞にノミネートされなかったのが不思議なほどだ。\n\n「公開が昨年8月で、新人俳優賞の選定は今年1月でしたからね。まだジャニーズ問題が世間を騒がせていた頃なので、それが影響した可能性もあります。来年のアカデミー賞には入ってくると思いますよ」（同）\n\n 今後はジャニーズから独立した生田斗真や風間俊介のように、グループではなく役者としてやっていく手もあるだろう。\n\n「演技力があるので、事務所としてもそう考えているかもしれません。もしグループを組んだとしても、俳優をメインでやっていくのではないでしょうか。『リボルバー・リリー』や『ゴールド・ボーイ』を見たドラマスタッフから引っ張りだこになるはずです。来年あたりには間違いなく、ゴールデンの連ドラでメインを張っていると思います」\nデイリー新潮編集部\n新潮社,['https://newsatcl-pctr.c.yimg.jp/t/amd-img/20240430-01121106-shincho-000-1-view.jpg?exp=10800'],"['https://news.yahoo.co.jp/articles/939151e607b0451b58956a4195c435b133ddde31/images/000', 'https://www.dailyshincho.jp/article/2024/04301046/?photo=2']"
「THE SECOND」は代役3人で不安の声なし…“松本人志ロス”は意外と長続きしない？（デイリー新潮）,https://news.yahoo.co.jp/articles/1df14f728a176913564b040c8fa047f1869a3a1b,https://newsatcl-pctr.c.yimg.jp/t/amd-img/20240430-01120566-shincho-000-1-view.jpg?exp=10800,2024-04-30T10:50:48+09:00,2024-04-30T10:50:48+09:00,デイリー新潮,shincho,デイリー新潮,2518,\n松本人志\n結成16年以上の漫才師が出場する「THE SECOND～漫才トーナメント～」（フジテレビ）のグランプリファイナルが5月18日に生放送される。併せて、アンバサダーだった松本人志に代わり、くりぃむしちゅーの有田哲平がハイパーゼネラルマネージャー、博多華丸・大吉の2人がスペシャルサポーターを務めることが発表された。司会は引き続き東野幸治と宮司愛海アナが務める。\n【写真をみる】“松本不在”で「むしろ視聴率がアップした」意外な番組とは？\n***\n今のところSNSに“松本ロス”の声は見当たらない。民放ディレクターは言う。\n\n「むしろ、有田と華丸・大吉が『THE SECOND』という賞レースに絡むことを期待する声が多いようです。人気と実力が認められた3人だけに否定的な声は聞こえてきません。加えて、『THE SECOND』は松本さんが番組の顔として浸透していなかったことも大きいでしょう」\n\n「THE SECOND」は昨年から始まった漫才トーナメントだ。\n\n「そのため3人とも“松本の代役”とは見られていないのです。そして視聴者が徐々に“松本のいないテレビ”に慣れ、それが当たり前になってきていることもあるでしょう」\n\n 松本ロスが冷めてきたということか。\n\n「お笑いのトップを極めた松本さんでさえ、ロスが話題になる期間はそう長くなかったということです。今年1月、性加害疑惑を報じた週刊文春との裁判に注力するため松本さんが芸能活動休止を発表した当初は、レギュラー番組の代役問題が話題となりましたが……」\n\n 最も存続が危ぶまれていたのが「まつもtoなかい」（フジ）だった。\n\n「ところが、単独MCとなった中居正広さんは、1月28日放送のオープニングで自虐トークを展開しました」\n「ガキ使」に不在の影響\n中居:松本人志さんが活動を休止するということで……私一人になりました。松本さんが出てる番組の中で、ぶっ倒れそうな番組、断トツで「まつもtoなかい」だって。\n\n「見事なMCだったと思います。この週のゲストは秋元康と二宮和也で、翌週から『だれかtoなかい』に改題し、司会が中居と二宮になったことでかえって視聴率を上げました。4月には二宮が卒業しムロツヨシに代わりましたが、これも評判がいい。結局、松本の不在が唯一、プラスとなった番組になりました」\n\n 逆に影響が大きかった番組は何だろうか。\n\n「最も影響を受けたのは『ガキの使いやあらへんで！』（日本テレビ）でしょう」\n\n「ガキ使」はダウンタウンの2人が東京に進出してすぐにスタートした冠番組だ。\n\n「演者でありながら企画・構成を担っていた松本さんがいなくなったことで、番組の面白さが半減したり笑いのボリュームが小さくなったりと、パワーダウンが指摘されています」\n\n ダウンタウンの他の冠番組、『水曜日のダウンタウン』（TBS）と『ダウンタウンDX』（日テレ/読売テレビ制作）はどうだろう。\n「酒のツマミ」は大悟で盛り返し\n「『水ダウ』のメイン企画は、プレゼンターが唱える仮説を検証するVTRです。VTRに面白さのレベル低下は見られませんが、そこに松本さんとの絡みがなくなっただけで『水ダウ』らしさが弱まっているように思えます。過去の松本さんの映像を使うことで、らしさを維持しようという狙いが伺えます。一方、3月20日には前週とほぼ同じ内容を放送した上で、《今年度分の番組予算が底をついたため、先週と同じ内容を放送させていただきました》とテロップで流すという驚愕の編成を行いました。新たな方向性と言うより、迷いが生じているようにも見えます」\n\n「ダウンタウンDX」にもパワーダウンが見られるという。\n\n「トークバラエティとしては十分成立していますが、やはり浜田雅功さんの1人MCではパワーダウンも仕方ないでしょう。松本不在の穴はゲストの芸人たちに埋めてもらおうという演出が見られます」\n\n ならば、松本がMCを務めていた他のレギュラー番組はどうか。\n\n「『人志松本の酒のツマミになる話』（フジ）は番組名を『酒のツマミになる話』に改め、代役MCとして千鳥の大悟を立てました。松本さんのイメージが強い番組なのでは、当初は大悟といえども分が悪かった。ただし、“松本の代役”と見られているうちは苦戦したものの、今は“大悟の番組”として見ている視聴者が増えているようです。『クレイジージャーニー』（TBS）は司会に設楽統（バナナマン）と小池栄子が残っているので、松本ロスの影響はほとんどないようです」\n賞レースへの影響\n松本ロスのイメージをいかになくすかがポイントのようだ。その点で「THE SECOND」は影響を受けずに済みそうだ。今年の「THE SECOND」には、松本が務めたアンバサダーの後任はいない。\n\n「有田と華丸・大吉がアンバサダーを名乗らなかったのは、松本さん復帰への配慮でしょう。そもそも『THE SECOND』の審査員は番組が選出した100人の観客で、MCは東野幸治、主役はファイナリストたちですから、3人がどれだけ前面に出てくるのか、どんな役割で番組を盛り上げるのかが腕の見せ所であり、難しいところです。もちろん、本番の出来次第では『松本のほうが良かった』『やっぱり松ちゃんじゃないと』といった否定的な声が出る可能性もあります」\n\n それにしても、お笑いの賞レースに必ずと言っていいほど、松本は絡んでいた。\n\n「『THE SECOND』はもちろん、『M-1グランプリ』『キングオブコント』といった賞レースの権威づけに松本人志の名は欠かせず、番組の顔としてお笑いを見守る役でした。それだけに彼の代役を見つけることは難しい。代役選びに失敗すれば、番組存続の危機を迎える可能性もあります」\n\n 秋には松本が審査員を務めていた「キングオブコント」、12月には「M-1グランプリ」の決勝が行われる。果たして、それぞれの代役はどうなるだろうか。\nデイリー新潮編集部\n新潮社,['https://newsatcl-pctr.c.yimg.jp/t/amd-img/20240430-01120566-shincho-000-1-view.jpg?pri=l&w=426&h=640&exp=10800'],"['https://news.yahoo.co.jp/articles/1df14f728a176913564b040c8fa047f1869a3a1b/images/000', 'https://www.dailyshincho.jp/article/2024/04301040/?photo=2']"
さだまさしは「本当にオンとオフがない人」　異例のタレント本「さだまさし解体新書」から浮かび上がる人気の秘密（デイリー新潮）,https://news.yahoo.co.jp/articles/708d6da56b1cc8f2e51f3afbe18b699ddebe2651,https://newsatcl-pctr.c.yimg.jp/t/amd-img/20240430-01118151-shincho-000-1-view.jpg?exp=10800,2024-04-30T11:00:51+09:00,2024-04-30T11:00:51+09:00,デイリー新潮,shincho,デイリー新潮,5414,\n「さだまさしの書生」宝福了悌さん\n今年1月1日未明、両国国技館（東京）から生中継された「2024新春生放送！ 年の初めはさだまさし」（NHK）。当日の観客数は、これまでに同所で開催したさだ氏のカウントダウンコンサートで史上最大と、年明け早々からその人気ぶりに圧倒された視聴者は多いだろう。国民的歌手としての知名度は抜群だが、大晦日から元日にかけてアイドル並みの動員力を発揮するとはやはり只者ではない。\n【レア写真】さだまさしさんと「書生」宝福了悌さん、初めて会った時の記念すべき一枚\n幼少期からさだまさしに“慣れ親しんでいる”という人は多い。ファンを自称していなくても、サビだけでも歌える曲があったり、テレビで顔を見かけるとそのまま見入ってしまったり。それにしても一体なぜ絶大な人気があるのか？ その人気が衰える気配も見えないのはなぜか？ 曲が素晴らしい、トークが面白いといった理由はすぐに浮かぶが、どれも決定打ではない気もする。\n\n そんな素朴な疑問を解決する一助となるのが、1月に出版された『さだまさし解体新書 ターヘル・サダトミア』（大和書房）だ。この本の制作に深く携わったのは、近年のさだまさしを間近でウォッチしている「書生」の宝福了悌（ほうふく・りょうてい）さん。宝福さんが語る「まさし愛」を通じて、絶大なる「さだ人気」の理由を“研究”してみよう。\n\n ***\n「さだまさしの書生」になった青年\n――宝福さんはさださんの「書生」だそうですが、具体的なお仕事は何ですか？ \n\n宝福:現在大学院で民俗学を専攻していることもあって、さだが小説を執筆する際、資料集めなどを担当するアシスタント業です。ただ、さだの事務所では一番若いので、「何かあったら走れるやつ」といった存在ですね。ファンクラブの会報誌を制作したり、コンサートのリハーサルで仮歌を歌ったりすることもあります。\n\n――さださんと出会われたきっかけは？ \n\n宝福:高校1年生の授業で聞いた「案山子」に感動して、高校3年生の時に卒業論文（※）を書きました。それを「今夜も生でさだまさし」（NHK）に送り、紹介されたのが2015年です。（※『さだまさし解体新書』に第6章「さだまさしに見る日本語再発見 現代日本語の問題点」として収録）\n\n 初めてお会いしたのは、さだと由紀さおりさんが共演するコンサートの楽屋です。僕の叔母は由紀さんの楽屋に出入りできるほどのファンなんです（笑）。「さだまさしに挨拶しなさい」とさだの楽屋でツーショットを撮影したのですが、人生で一番緊張しました。\n\n 次は大学卒業後の2021年、勤め先の会社を辞めて、大学院への進学が決まっていた頃、とあるバラエティ番組から「さだまさしの論文を書いた高校生」として出演オファーがありました。由紀さんと叔母を経由して（笑）。そこからさだとメールのやりとりが始まり、翌年1月にアシスタントを依頼されて一も二もなく飛びつき、現在に至っています。\nさだ研は本当に研究しているのか\n――『さだまさし解体新書』の著者「さだまさし研究会（以下、さだ研）」は有名な大学サークルですよね。\n\n宝福:「早稲田大学さだまさし研究会」（※）が最大手ですね。インカレサークルなので他校の学生も入れますし、國學院大學だった僕も未所属でしたが存在は知っていました。『さだまさし解体新書』では、研究者やさだ研の現役生、卒業生といったみなさん全員を「さだ研」として大きく括っています。（※文化放送「セイ！ ヤング」をきっかけに設立され、今年で設立42周年を迎える）\n\n――本を出すことになったきっかけは？ \n\n宝福:昨年の2月頃、さだから「俺のデビュー50周年だから面白いことをやりたいなあ」と言われたので、「さだ研本を作りませんか？」と提案しました（笑）。もちろんさだも「さだ研」を知っていて、「本当に俺のこと研究してるのか？」という素朴な疑問を抱いていたようです。「それならしっかりとアンサーを提示しよう」と企画が始まりました。\n\n さだまさしを好きな研究者が各自の分野でアプローチするという内容は、ゴスペラーズの北山陽一さんと相談して決まりました。北山さんの言葉を借りると「研究者アベンジャーズ」のような本ですね。\nオンとオフがない「職業:さだまさし」\n――『さだまさし解体新書』には研究論文と対談が6本収録されています。北山さんの音声研究（※）をはじめ、各自の専門分野を深く掘り下げているため、途中で「さだまさしの話」ではなくなっている論文もあります。（※第1章「さだまさしのアクセント研究 『秋桜』の順行・逆行分析から探る」）\n\n宝福:そうなんです（笑）。たとえば、関沢まゆみ先生（国立歴民俗博物館教授・博士）の論文（※）は、さだの歌詞を民俗学の観点で分析し、折口信夫を引用するといった本格的な内容になりました。（※第3章「人生と老い、その豊かさ 生き直しの民俗学」）\n\n――「さだまさし」をテーマにして広がる研究論文を読んでいると、「さだまさしとは何者か」と考えてしまいます。\n\n宝福:歌手や小説家、アーチストなどいろいろな括りはありますが、間近で見ていると「職業:さだまさし」だなと思いますね。バイタリティにあふれていて、2夜連続コンサートの1夜目と2夜目の間に小説を2冊読んだりするんですよ（笑）。「昨日これ読んだんだけど、面白いぞ」と普通に、何事もなかったかのように言う。またそれが近未来のSF小説だったので、「知り合いの物理学者に送らなきゃ」とすぐに送る行動力もあります。\n\n いろいろな曲を書くには“入れるもの”がないと出せないと思いますが、その“入れるもの”の量が桁違いです。それでも古くからのスタッフによると「最近は全然入れてない」そうです。なら、昔はどれだけすごかったのか（笑）。\nさだまさしはどんな性格なのか\n――巻頭のインタビューでは、さださんご本人が「さだまさしを面白がって遊んでくれている人たちがいる」「僕は僕で『さだまさし』で遊んでるんで」と語っています。実はご本人も「さだまさしとは何者か」を考えている印象を受けました。\n\n宝福:その可能性はありますね。昨年の「グレープ」（※）の復活、新アルバム発売とコンサートに際し、さだは「グレープの曲とさだまさしの曲はやっぱり違う」と言っていました。自分のことを客観的に見ていると思います。（※吉田政美とのユニット、1972～76年、2023年～）\n\n――その客観性は生まれつきというか、そういう性格なのでしょうか？ \n\n宝福:僕がそこを語るのは僭越かもしれません（笑）。ただ、本当にオンとオフがない人なんです。ずっとあの「メディアに露出してるさだまさし」のままです。そう考えると、元からの性格なのかなとも思います。\n\n――感情の揺らぎが細やかな描写で綴られた曲も印象的ですが、トークでは本音をずばりと口にする鋭さもあります。さださんは感情の振れ幅が大きなタイプなのでしょうか？ \n\n宝福:怒りなどの方向には振れない方ですね。昨年、さだに紹介されて薬師寺（奈良県奈良市）に行き、薬師三尊像のお身拭いをさせていただいた時、感動して泣きそうになったんです。そこにさだから電話があったので「泣きそうになっちゃいました」と言ったら、「そういう時は泣いていいんだよ」と温かい返事があって。些細かもしれない感情の揺れを膨らませることで、何度聞いても感動する曲を生み出しているのかなと考えています。\nさだまさしの視点とは\n――他に印象的だったさださんの行動や言葉を教えてください。\n\n宝福:車に乗っていた時、横断歩道をのんびり歩いている若い男性がいました。よく見ると、手押し車を押すおばあさんとペースを合わせて付き添っているんです。でも、渡り切ったらそれぞれ別方向に行ったので、身内や知人ではなかったのでしょう。その様子に気づいたさだは「ああ、いいな」とつぶやきました。\n\n また先日、頂き物の蝋梅の写真をInstagramに投稿した時は、「写真に撮っても匂いが届けられないのは惜しいな、いつか届けられるようになるんだろうなあ」と言っていました。そんな風に、周囲をとてもよく見ている瞬間や感覚の鋭さに触れた時、この人はすごいなと思います。\n\n――ちなみにこの取材に際して、さださんから何かコメントはありましたか？ \n\n宝福:「迷惑かけないようにやります」と言ったら、「いくらでも俺に迷惑かけていいから、ビシっとかっこつけてやってこい」「『さだまさし研究してきました』みたいなこと言ってこいよ」と言われました（笑）。\nさだまさしファンはなぜ優しいのか\n――『さだまさし解体新書』では巻末のQRコードでさだ研の現役生たちによるエッセイなどを紹介しています。「さだ愛」はもちろん、さだ研という居場所と仲間への愛を綴った内容もあり、「さだまさしという傘の下に集まった」という印象を受けました。\n\n宝福:他のファンの方々もそう思っているのではないでしょうか。ファンクラブの会報誌に、50周年の「4夜コンサート」（2023年6月～8月）で通し券を購入した方からのお便りが届きました。お隣の人も通し券だったので4回とも隣同士になり、最後はお友達になったという報告です（笑）。人それぞれの「さだまさし観」はあるものの、さだまさしという「触媒」のような存在を軸にして、各自の解釈がつながるポイントがどこかしらにあるのでしょうね。\n\n――「にわか」ファンが冷遇されるジャンルもありますが、さだまさし界隈ではどうですか？ \n\n宝福:その傾向はないかもしれません。さだがコンサートのトークでよく話すエピソードに、ブライアン・バークガフニさんという教授が「日本語で『外道』という言葉が好きです」と話した、というものがあります。「外道」を「自分の道の他にも道があることを認めている言葉」と解釈していたという話です。\n\n 僕個人の考えでは、さだの歌にもそんな風に「みんな違う」という部分がある。さだの曲の中にもいろんな主人公がいます。あなたの人生ではあなたが主人公、私の人生では私が主人公と歌う「主人公」という曲のように、さだファンの間では「みんなが主人公」という意識があるのかもしれません。\nさだまさしの曲が訴えるものとは\n――ファンはアーチストに似るということでしょうか。\n\n宝福:さだは人と人との繋がりを大切にしていると思います。そして義理人情に厚い。自分ができることをすべて、義理人情を通してきちんとやると、それが自然と歌に乗って周りの人に伝わり、すごく良い循環になるのかもしれません。\n\n また「思い出暮らし」という曲には、「傷口から腐るあいつ 傷口から強くなるあいつ」という歌詞があります。何か嫌なことがあった時も良い面は絶対にあるということを、おそらくさだ本人はよくわかっていると思うんです。\n\n 僕がこれを言うのは本当におこがましいのですが、バイオリン奏者になるさだ少年の夢（※）は破れたけれど、そのために今のさだまさしがあるわけです。思い通りに行く人生は絶対になく、そこで今の自分に何ができるかを考えた結果なのでしょう。（※3歳からバイオリンを始めたが東京芸術大学の受験を諦めた経緯がある）\n\n だからいろいろな人の人生を肯定できるし、そんな作品が多いのかもしれません。誰かに肯定されると、誰かを肯定したくなりますよね。もちろん人の心には潜在的な好き嫌いがあるかもしれませんが、見方ひとつ変えれば人はどんなことでも成し遂げられると、さだはいろいろな曲で訴えてるような感じがしますね。\nさだまさしで世間の争いごとは減る\n――「触媒」であり「1つの大きな傘」というのが、『さだまさし解体新書』から感じられた「さだまさし」であり、「どうしてこれほど人気があるの？」という素朴な疑問に対する1つのアンサーのようにも感じられました。\n\n宝福:そう感じていただけてよかったです。僕の中では偉大なる「ストーリーテラー」でもあります。メロディーにはすごくクラシカルで雄大な曲もあるし、詩は本当に言葉が美しい。いろいろな方にもっともっと聞いていただきたい。ボブ・ディランがノーベル文学賞を受賞できたのなら、さだまさしも受賞できるんじゃないかと本気で思っています。\n\n さだはバイタリティと好奇心があって行動的だとお話ししましたが、なかなかそういう生き方はできませんよね。僕らは慣れない何かと対峙すると目を背けてしまうことが多々あると思います。でも、さだの歌のように目を向けて、「いや、慣れないものだけど良いところもあるんじゃないか」と探せるような人になることができれば……うん、世間の争いごとが減るような気もしますね。\n\n――でもさださんご本人は「すごい人ですね」と言われたら、何と返されると思いますか？ \n\n宝福:「そんな大したもんじゃないよ」とか言うんじゃないでしょうか（笑）。\nデイリー新潮編集部\n新潮社,['https://newsatcl-pctr.c.yimg.jp/t/amd-img/20240430-01118151-shincho-000-1-view.jpg?pri=l&w=640&h=426&exp=10800'],"['https://news.yahoo.co.jp/articles/708d6da56b1cc8f2e51f3afbe18b699ddebe2651/images/000', 'https://www.dailyshincho.jp/article/2024/04301050/?photo=2']"
「丸亀製麺」世界ナンバーワン店をプロデュースしたプロが提言　「令和を生き残るスキルは『相談力』」（デイリー新潮）,https://news.yahoo.co.jp/articles/1064b7be6322ac69f0b4e34ff505a8d06cf392e5,https://newsatcl-pctr.c.yimg.jp/t/amd-img/20240430-01119003-shincho-000-1-view.jpg?exp=10800,2024-04-30T11:06:47+09:00,2024-04-30T11:06:47+09:00,デイリー新潮,shincho,デイリー新潮,6263,\n山中哲男氏\n学歴なし、キャリアもなし。居酒屋経営からスタートした若者が大手外食チェーンの海外進出や吉本興業の事業支援を依頼されるまでになったのは、ひたすら「相談する技術」を磨いてきたからだ。事業開発の達人・山中哲男氏がとっておきの技を披露する。\n【写真を見る】山中さんの「相談仲間」という芸能界の大物とは\n***\n最初に私がどんな人間なのかお話ししておきましょう。生まれは兵庫県加古川市の工場地帯。地元の高校を卒業しましたが、大学に進学することができず18歳で社会に出ました。学歴もキャリアもない、ただの若僧です。就職した工場での仕事も長くは続かなかった。途方に暮れて友人に相談したところ、起業という選択肢があることを知り、焼き鳥居酒屋の経営を目指すようになります。でも、開業資金がない上に、経験もない。私がやれることは、友人、その親御さん、アルバイト先の店長にひたすら相談を繰り返すことでした。\n\n ゼロからのスタートだったので、物件探し、資金集め、内装設計、食材の仕入れ先、ゴミ出しまで、一つひとつを誰かに聞いて、ダメ出しされては、それをもとに試行錯誤を繰り返しました。今振り返るとむちゃくちゃです。\n内装もメニューも決まっておらず\n例えば、友人の親御さんのところに押しかけ「居酒屋やるのでお金を貸してください！」と、いきなりお願いしたことがあります。これでは普通、貸せません。向こうは「どんな店をつくるんや？」と聞いてきます。でも、何にも考えていなかったので「考えてからまた来ます！」と答えるしかなかった。そんなレベルだったのです。\n\n また、内装設計で「どんな内装にしたいの？」と聞かれても「格好ええ感じ」というぐらいしか言えませんでした。後になって「ゆったり」「くつろげる」というコンセプトが浮かんできたのですが、そのためのテーブルやイスの高さ、また配置も分からない。そこでメジャーを携えて他の飲食店を片っ端から回りました。いきなり「内装を測らせてくれ」なんて、お店の人からしたらびっくりでしょう。\n\n でも、真顔で頼んでいると、相手にしてくれる方もいる。テーブルの間隔はこれぐらい離れていたほうが余裕があって、くつろげそうやないですかと、聞いていると相手も乗ってきてくれる。その後、何とかオープンにこぎ着けましたが、今度はメニューが決まっていない。\n\n そこで、私はまた相談します。相手はお客様でした。何を食べたいのか、何を飲みたいのか、黒板を持って各テーブルに聞いて回るのです。こちらが考えたメニューの下に、棒線を引いてもらい「正」の字が出来上がると正式にメニューに加えるルールです。すると、お店づくりに参加している感覚になったのかお客様が面白がってくれた。「あの店はおもろい」と評判になり、いつの間にか、店は予約が取れない状態に。あれこれ成功の要因を考えてみたのですが、結局、一人だけで決めつけなかったこと。相談に乗ってくれた方のアイデアをうまく利用できたことが大きかった。お金を貸してくれた人、メジャーで店の中を測らせてくれた他店の人、メニューを選んでくれたお客様など、皆のアイデアが集まってお店を繁盛させてくれたと分かったのです。\n帰国して2週間後にハワイで会社を設立\n店が人気になっても私はじっとしていられない性格です。次に手がけたのは、飲食業界の海外進出サポートでした。いきなり海外？ と思われるかもしれません。きっかけは、初の海外旅行で訪れたハワイです。\n\n あまり知られていませんが、ハワイには「ジャパニーズプライス」というのがあります。価格交渉に慣れていない日本人にテナント料や内装費を高くふっかけてくるのです。現地でレストランをやりたがる方は結構いますが、ぶち当たるのがジャパニーズプライスです。これを知った私は、「自分の経験が生きる」と思い、帰国して2週間後にハワイを再訪問。現地で飲食業をサポートする会社を設立しました。\n\n でも、当時は英語も話せないし、人脈もない。正直、数えきれないぐらいだまされました。ジャパニーズプライスどころか納期も守らない業者がほとんど。最初の頃は開店に間に合わせるために、必死で店のペンキ塗りばっかりやっていました。ただ私には変な自信がありました。居酒屋をつくったときのように、誰かに聞きまくる。片言でも誰かれなく話をしていると、少しずつ誰が信頼できるのかが分かってきます。「山中に頼んだら、ハワイではうまくいく」という評判も次第に頂くようになりました。\nコンサルティングとは違う「相談業」\n2009年、丸亀製麺（現・トリドールHD）の海外1号店となるハワイ・ワイキキ店の進出サポートの依頼が来ます。当時は大手チェーンでさえ、海外進出は手探り。私はどこより早く一等地を押さえ無事オープン。店の前の行列を見たお客様が「どんな店？」とやって来るようになり、同店はその後、丸亀製麺の全店舗の中で常に売り上げ世界1位をキープする繁盛店になりました。\n\n 現在、私は新規事業開発や既存事業の深掘りをハンズオン（自ら深く関与する意）で支援する「トイトマ」という会社を経営しています。居酒屋から始まり、海外進出のサポートを通じて自分に得意なことが「相談業」であると思ったからです。\n\n 相談業というとコンサルティングと間違われそうですが、ちょっと違います。コンサルティングは、専門知識や経験を活用してクライアントに具体的な解決策を提供するもの。いうなれば「答え」を示してあげる仕事です。一方、相談は、話のキャッチボールをしながら選択肢を広げてゆく。よく「ネクストアクション」という言葉を使うのですが、大事なのは次の行動を考えたり、視野を広げるためのきっかけをつくってあげることです。その結果、これまで淡路島では過疎化が進んでいた西海岸のエリア開発に携わり、年間40万人が訪れる人気スポットをつくりました。また、経済産業省・特許庁の有識者委員、国土交通省公的不動産活用アドバイザーも務めさせてもらっています。\n相手が答えたくなる聞き方\n偉そうにサクセスストーリーを並べているように聞こえるかもしれません。でも、本題はここからです。\n\n ご存じのように日本は超高齢社会に入っています。65歳以上の高齢者は全人口のほぼ3割に達し、孤立や社会との断絶は、深刻化しています。しかし、「相談」は、その壁を乗り越える最強のコミュニケーションツールです。これからの社会に必要なのは、「相談力」。それを仕事にしている私が言うのだから間違いありません。\n\n 相談と聞くと、「年配者や目上の人が、若いもんに教えるもの」と考える方も多いでしょう。職場では若手の社員から相談される世代の方も多いはず。でも、定年退職すると、相談されることも、相談することも無くなってしまう。\n\n ですが、私から言わせるとこれは「教える」「教えられる」のタテの関係に慣れきっているからです。一方通行では年配者も学びがないし、気が付いたら「ええこと言わなあかん」と考えていませんか？ タテの関係は遠慮が生まれるもの。私の考える「相談」には年齢差はありません。むしろ大事なのはヨコの関係です。質問ひとつでも、目上の人にお伺いを立てるのではなく相手が答えたくなるような聞き方をする。では、どうすればそういう聞き方になるでしょうか。\n\n 私の答えは、相談内容に「誰のため」、「何のため」を明確に入れるということです。例えば、あなたが誰かから飲食店をつくりたいという相談を受けたとします。\n\n「飲食店を始めたいんです。どうやったら繁盛店になりますか？」\n\n「うちの従業員にやる気を出してもらえる飲食店をつくりたい。どうしたらいいと思いますか」\n\n この二つの、どちらに答えたくなるでしょう。私だったら2番目のほうが応援してあげたくなるので、親身になって答えたくなります。儲けることは大事ですが、その前に店をやる意義みたいなものがあるのとないのとでは、人からの共感が違います。そして、人は共感すると親身になれるものです。\n相談の「ある種の技術」\nヨコの関係がつくれるようになると話す相手は年上だけでなく、若い人も増えるようになります。実際、私が携わっている業界は金融や医療、飲食など10業種を超えていますが、相談する相手は10代から80代までさまざま。面白いことに、話す相手が違うと、見えてくる世界も違ってくるのです。\n\n 私の場合、そうやって相談しあえる相手の一人が、吉本興業元会長の大崎洋さんです。私とは30歳近く年齢の離れた方で、ご縁は、吉本興業が10年以上取り組んできた地方創生事業（「地方住みます芸人」など）をステップアップさせたいと、依頼を受けたことから始まります。それを機に大崎さんとよく話すようになり、今ではお互いに気軽に相談しあえる関係ができていると思います。でも、相手は百戦錬磨の“話”のプロ。何となくフィーリングが合ったからというだけで、お付き合いできるようになったわけではありません。\n\n 先に「相談にも聞き方がある」と述べましたが、別の言い方をすると、それはある種の技術です。技術なら習得すればいい。いくつかご紹介してゆきましょう。\n「予防相談」\n例えば、相談はタイミングがとても重要です。\n\n 飲食店の例をまた持ち出して申し訳ありませんが、例えばあなたがお店をつくるとします。「ゆったり、くつろげる店にしたい」というコンセプトが浮かぶ。店を出したい場所も決まった。そこで、先輩や同業者に聞く。でも、それでは往々にして遅い。これは、私が身をもって体験したことです。では、いつならよいのか。結論から言うと、早いほうがいい。\n\n そこで私が提案するのは「予防相談」です。これは私が作った造語で、いろんなことに応用できます。一般に相談は行き詰まったときにするものだと思いがちですが、例えば、\n\n・時間がないと感じたとき。\n\n・自分が知っている情報が古いかもと感じたとき。\n\n・アイデアや考えられる選択肢が一つしかないと思ったとき。\n\n こういう時こそ予防相談のタイミングです。最近は社会の変化が激しくなっているので、キャリアを重ねて社会での立場が上になっている人こそ予防相談が必要です。\n\n 丸亀製麺の話をすると、ハワイでは良い場所が空くと希望者が殺到するから、それから動くのでは遅い。予防相談を繰り返していたことで、もっとも良い場所に最良のタイミングで出店できました。\n「対処相談」と「種まき相談」\n二つ目の技術は「対処相談」。これは、途中で視点を変えるための相談です。例えば、議論で相手に反論され、ぐっと詰まってしまう。大体は悔しいものです。でも、ブチ切れてはいけません。これは対処相談の絶好のタイミング。すぐに別の誰かに聞いてみましょう。相手の意見に再反論できない原因の多くは、自分が考えたこともなかった「視点」を突き付けられたからです。逆に言えば、別の角度から物事を考えるチャンス。問題の解像度が高まって、次にやるべきことが見えてきます。\n\n 三つ目の技術は、偶然を生かすための「種まき相談」。たまたま出席した会食・会合で隣に座った人との会話から思いもよらないアドバイスを受けたことや、意外な人を紹介されたことはありますか。立ち入った話でなくてもいいのです。話が盛り上がったら、ちょっと気になっていることでも聞くのが「種まき相談」です。大事なことは、そこから本当の相談相手をつくるための布石を打つこと。チャンスがあれば「いつでも相談するぞ」、「相談を受けるぞ」というポーズを見せておくことが、次のコミュニケーションへとつながります。「予防相談」、「対処相談」、「種まき相談」。この三つを覚えておくだけで、世界がより広くなります。\n相談してはいけない相手\nここまでは、相談することのメリットを書いてきました。でも、世の中には相談相手に選ばないほうがいい人もいる。これは反面教師として、相談を受ける際に気を付けるためにも紹介しておきましょう。\n\n まず、ダメなタイプの一つは「こちらの話をまったく聞かない人」。これ、結構いますよね。豊富な知見や経験はあるのだけど、自身の成功体験ばかり自慢するタイプ。こういう人はあなたと話題を共有していません。共有がなければ、次の行動にもつながりません。\n\n もう一つ、NGなのは、「愚痴が多い人」。彼らは文句を言いたいだけで課題を解決してあげたいとは思っていない。単にすっきりしたいだけです。\n\n そして、「他人の言葉で語る人」。こんな言い方をする人は要注意です。「若くして上場したA社のBさんに、Cをしたらいいと教えてもらったことがある。だから、あなたもそうするといいよ」――。何一つ自分のことを語っていませんね。他人の言葉の受け売りは単なる「伝聞」でしかありません。早々に話を切り上げましょう。\n「相談される人」はどんな人？\n最後になりますが、「相談される力」についてお話ししたいと思います。\n\n お伝えしてきたように、私は、事業やプロジェクトを動かす際、必ず一人で抱え込まず、仲間に相談します。一方で最近は、それと同じぐらい相談を受けることも多くなってきました。つくづく思うのは、「相談される」ことは相談する以上に自分のためになるということ。それは、相手から相談されることで自分自身が知らなかった情報が得られるから。社会で起きていることの知識が常にアップデートされるのです。では「相談される人」とは、どんな人なのでしょうか。\n\n 私自身のことを言うと、何かの相談を受けたら1回目は特に時間をかけて丁寧に話を聞くようにしています。相手の立場や実績は関係ありません。そして相手に対する興味・関心を欠かさない。それがコミュニケーションの源だからです。そこから「どんな理由でこの人はその取り組みをやろうとしているのか？」、「困っている原因は？」といった背景を確認する。これはしつこいぐらい聞く。「腹落ち」してもらえる回答を探すためです。腹落ちがあるから次の行動につながるし、コミュニケーションも続けられる。やがて、相手が「この人は自分のことを理解してくれている」と思うようになってくれたらしめたもの。それが「相談される人」になる近道です。\n\n 考えてみれば、相談とは人間だけが持っている特権です。良い相談をしてあげれば誰かの成功体験へとつながり、また相談となって誰かへと受け継がれます。私も、相談するだけではなく、「相談したい相手」になりたいといつも思っています。\n\n山中哲男（やまなかてつお）\n事業開発専門家。1982年兵庫県生まれ。新規事業開発支援、既存事業の戦略立案を支援する「トイトマ」代表取締役。NECキャピタルソリューションとともに「クラフィット」を設立し代表取締役。吉本興業アドバイザー、「大阪・関西万博2025」事業化支援プロジェクトチームサブリーダー。著書に「相談する力 一人の限界を超えるビジネススキル」（海士の風）。\n\n「週刊新潮」2024年4月25日号 掲載\n新潮社,['https://newsatcl-pctr.c.yimg.jp/t/amd-img/20240430-01119003-shincho-000-1-view.jpg?pri=l&w=426&h=640&exp=10800'],"['https://news.yahoo.co.jp/articles/1064b7be6322ac69f0b4e34ff505a8d06cf392e5/images/000', 'https://www.dailyshincho.jp/article/2024/04301056/?photo=2']"
“5歳の息子が女の子に性的なイタズラを…”　親はどんな準備をすればいいのか【幼児の性教育】（デイリー新潮）,https://news.yahoo.co.jp/articles/a0f8c572325df44cc1dd579675460003b70a7900,https://newsatcl-pctr.c.yimg.jp/t/amd-img/20240430-01116093-shincho-000-1-view.jpg?exp=10800,2024-04-30T06:26:01+09:00,2024-04-30T06:26:01+09:00,デイリー新潮,shincho,デイリー新潮,2314,\n親はどんな準備をすればいいのか （※画像と記事本文は直接関係ありません）\n保育園で息子が女の子に性的な「イタズラ」をしたことで相手の親に責められている――Xに投稿されたそんな内容のポストが大きな話題を呼んでいる。\n【写真を見る】子どもの「性教育」で、親が“やってはいけないこと”とは\n投稿者は、わが子に聞いたところYouTubeの影響ではないかと考えて「広告規制」を求めている。あまりの反響からか、元のポストはすでに削除された模様だが、同種の悩みや経験を抱える人が多かったようで、この投稿はあっという間に拡散されて、各所で議論を呼ぶこととなった。\n\n 話は幼児同士のトラブルにとどまらず、中には「子どもから性加害を受けた」といった大人の告発まで。\n\n 多くの場合、加害者側は「子どものやったことだから」と軽く考えがちだが、被害を受けた側からすれば笑いごとではないというのが本音だろう。たとえ5歳児の行為であっても不快に思うことは十分にあり得る。\n\n もっとも、この種の問題は決して新しいものではない。今回注目されている子どもの行動は、かなりセクシー系の動画などの影響を感じさせるものではあるが、「お医者さんごっこ」に頭を抱える親は昔からいた。\n\n 2015年10月20日の読売新聞には「孫がお医者さんごっこをしている」という悩みが取り上げられている。いとこ同士でそういうことをしていたことを知ったおばあちゃんが「どう注意したものか」と悩んで投稿してきたのだ。\n\n これに対して、回答者は「いきなり性教育を話題にはしづらいでしょう」としたうえで、そのようにならないような環境づくりをしてはどうか、とアドバイスしている。\nパンツの大切さを教えることで\n画像は『アイラブみー じぶんをたいせつにするえほん』より\nしかしながらこの相談の時点と現在とで異なるのは、やはりネットの普及だろう。当時と比べると、自分でどんどんネット検索ができる子どもが増え、また低年齢化しているのは明らか。発端となったXの投稿者が言うようにYouTubeならまだしも、もっと過激なものにもアクセスすることも可能。\n\n また、そうでなくてもそもそも子どもが驚くほどの下ネタ好きなのは、「クレヨンしんちゃん」や「おしりたんてい」などを持ち出すまでもなく常識である。\n\n そんな子どもが、「どうしておしりを見ては（あるいは見せては）いけないの」「なんで顔は外に出していいのに、あそこを出してはいけないの」などと素朴な疑問をぶつけてきたらどうするか。\n\n NHKEテレの人気番組「アイラブみー」をもとにした性教育の絵本『アイラブみー じぶんをたいせつにするえほん』で主人公の子ども「みー」は「なんでパンツをはくんだろう」という素朴な疑問を抱く。さらには知り合いのおじさんに「パンツのなか」を見せてくれと言って怒られる。\nお話の中で、「みー」はいろんな人と話をして、ある種の「答え」にたどり着く。さらに同書の解説者の一人、北山ひと美さん（和光小学校・和光幼稚園前校園長）は次のように解説している。\n\n まず前提として、子どもたちには、パンツで守っているところはプライベートパーツと呼ばれていることを伝えること。プライベートパーツとは「他の人に見られたり触られたりしたくないところ」であり、一人一人がプライベートパーツをどのように感じるかをまず大切にしたい。その上で、パンツで守っている性器とおしり、胸、口をプライベートパーツということもある、と伝える。ここは柔らかく傷つきやすいところで、からだの内部ともつながっている、いのちに関わるところであることを伝えることが大切だ。\n\n そのうえで、パンツで守っているところは「自分だけが見たり触ったりしていいところだよ」と伝えるのがいいという。もちろんプライベートパーツだけではなく、からだ全部が大切だということを日常生活の中で伝えるのも重要だ。\n「なんでパンツをはいてるんだろう？」。5歳の主人公「みー」のふとした疑問をきっかけに、自分の体と心を知り、大切にすることを親子で一緒に学んでいく物語です。巻末には専門家による保護者向けのQ＆Aページも掲載。子どもの自己肯定感を丁寧に育む一冊です 『アイラブみー じぶんをたいせつにするえほん』\nまた、子どもは「おしり」「うんち」など、からだに関わることばを口にすることもあるが、子どものことばを聞いて慌てて反応するのではなく、「どうしてそれを言いたいの？」と理由を聞いてほしい、という。子どもはからだ、性に関わることばに対して大人が慌てることを面白がることもあるが、「面白いから」などというその子なりの理由を、まずは落ち着いて受け止めてあげること。その上で、「自分だけが見たり触ったりしていいところだから、他の人がいるところで話さないんだよ」と、社会のルールとして教えてあげることが大切である、と北山さんは勧めている。\n幼い時からの性教育には違和感を抱く人もまだいることだろう。しかし、北山さんによれば、「大切なのは、ごまかしたりうそをついたりしないことです」とのこと。\n\n 赤ちゃんがどこから生まれるのか等々、子どもはあらゆる疑問をぶつけてくる。その説明の方法は、家庭ごとにいろいろあっていいのだろうが、ごまかしたりうそをついたりすると、結局は親に対する信頼関係にも関わってくるのだという。\n\n 間違っても、「自分で検索してみてね」などと言ってはいけないのは言うまでもない。\nデイリー新潮編集部\n新潮社,"['https://newsatcl-pctr.c.yimg.jp/t/amd-img/20240430-01116093-shincho-000-1-view.jpg?pri=l&w=640&h=426&exp=10800', 'https://newsatcl-pctr.c.yimg.jp/t/amd-img/20240430-01116093-shincho-001-1-view.jpg?pri=l&w=640&h=426&exp=10800', 'https://newsatcl-pctr.c.yimg.jp/t/amd-img/20240430-01116093-shincho-002-1-view.jpg?pri=l&w=640&h=637&exp=10800']","['https://news.yahoo.co.jp/articles/a0f8c572325df44cc1dd579675460003b70a7900/images/000', 'https://www.dailyshincho.jp/article/2024/04300616/?photo=2', 'https://news.yahoo.co.jp/articles/a0f8c572325df44cc1dd579675460003b70a7900/images/001', 'https://news.yahoo.co.jp/articles/a0f8c572325df44cc1dd579675460003b70a7900/images/002']"
“不仲エピソード”だらけの昭和演歌二大巨頭　「三波春夫」に先立たれた「村田英雄」が思わず漏らした一言（デイリー新潮）,https://news.yahoo.co.jp/articles/2ad89b038b12b0dba6aaa030940e13d1e357c628,https://newsatcl-pctr.c.yimg.jp/t/amd-img/20240430-01120749-shincho-000-2-view.jpg?exp=10800,2024-04-30T10:55:11+09:00,2024-04-30T11:38:23+09:00,デイリー新潮,shincho,デイリー新潮,4030,\n村田英雄（1967年5月、新宿コマ劇場）\n日本独特の情念などを歌い上げる音楽ジャンル「演歌」。年末の音楽賞や紅白歌合戦などで“誰もが知る大物演歌歌手”を観たという昭和生まれは多いだろう。その中でも両巨頭とされる村田英雄さんと三波春夫さんは、「犬猿の仲だった」という噂とともに語られることが多い。義理人情や男の度胸を歌い上げる村田さんと、お茶の間が笑顔になるような国民歌謡を目指した三波さん。性格も正反対だったという2人は本当に不仲だったのか？\n【写真を見る】三波春夫、北島三郎の舞台でも活躍した「てなもんや俳優」といえば\n（「新潮45」2006年6月号特集「昭和史 13のライバル『怪』事件簿」掲載記事をもとに再構成しました。文中の年齢、年代表記等は執筆当時のものです。文中敬称略）\n\n ***\nともに前身は浪曲師\n吹けば飛ぶような将棋の駒に……。\n\n 昭和37年、150万枚を売り上げ、戦後初のミリオンセラーとなった村田英雄の「王将」。幼児までが、彼のドスのきいた節回しを真似ていたくらいだから、歌手の付き人が、鼻歌交じりに口ずさんでいたとしても不思議はない。\n\n だがその歌手というのがあいにく三波春夫。で、三波の逆鱗に触れて付き人はたちまちクビになった、といううわさがあるくらい、2大演歌歌手、三波春夫と村田英雄のライバル意識はすさまじかったといわれる。\n\n 確かに、2人の抜きつ抜かれつのシーソーゲームはおもしろい。\n\n 三波も村田も前身は浪曲師である。だが、13歳で真打ちとなり酒井雲坊を名乗った村田の方が、南条文若として浪曲界入りした三波より先輩で、格も断然上だった。しかし、歌謡界入りは三波の方が1年早く、昭和32年、「チャンチキおけさ」でデビュー。張りのある高音の美声でいきなりの大ヒットとなった。\n\n 一方、村田は、歌謡界の大御所、古賀政男がその渋味のある男声に惚れ込み、昭和33年に「無法松の一生」でデビュー。しかし、出した当初は鳴かず飛ばず、5年目にしてようやく、「王将」のメガヒットに恵まれ、レコード大賞特別賞を受賞した。\nいつの間にか「宿命のライバル」に\n歌謡界へのデビューもヒット曲を出したのも三波が先だったが、レコード大賞受賞は、村田に先を越されたのである。三波が「東京五輪音頭」でレコード大賞特別賞に輝いたのは昭和39年のことだ。\n\n 三波の好んだのは、先の「東京五輪音頭」、大阪万博のテーマ曲「世界の国からこんにちは」に代表されるように、みんなで歌える国民歌謡であり、キンキラに明るい舞台が持ち味。「お客様は神様です」は流行語にもなった。かたや村田は、義理人情や男の度胸など、どちらかといえば暗い浪花節の情念の世界を豪快に歌い上げた。\n\n この対照的な2人が、いったい、いつ何がきっかけで、宿命のライバルと言われ始めたのかは定かではない。\n\n しかし、昭和39年から45年まで、「月刊平凡」の編集長を務めた斎藤茂氏によれば「四十年代に入ると、二人が犬猿の仲だという噂が我々にもよく聞こえ始めました。同じ月に公演が重なると、三波側は『うちの歌舞伎座の方が入場料が高い』と自慢する。すると村田側は『歌はゼニで聴かせるものじゃねエ』と反発する（中略）、私の耳にも、そんな話がイヤというほど入ってきました」（「文藝春秋」平成3年2月号）と証言する。\nテレビ初共演で互いにそっぽを向く\n他にも不仲を物語るエピソードには事欠かない。たとえば、昭和37年の村田の「王将」30万枚突破記念公演で、三波は羽織袴の正装で村田の舞台に上がり激励した。ところが、今度は村田が、三波の歌舞伎座公演に返礼の陣中見舞いをした時のこと。そのいでたちがアロハシャツにサングラスだったというので、三波が激怒したという。\n\n かと思えば、こんな逆のケースも。村田が三波の公演にお祝いの薬玉を贈った。と、どうしたことか、劇場に並べられた薬玉には、「三波春夫賛江、村田英雄より」と記した木札がはずされていた。村田側が、「失礼なことをする」と憤慨すれば、三波側は「いや、うちはそんなことはしていない」という具合。\n\n 2人がテレビの歌番組で初共演したのは昭和39年3月の「ロッテ歌のアルバム」だが、この時も、ラストの乾杯シーンで互いにそっぽを向き、関係者をあわてさせた。以来、紅白歌合戦の楽屋で顔を合わせても知らんぷりだったとか。\n\n 2人の性格、生き方もおよそ対照的だった。村田は大酒飲みで、体を壊しても飲み続け、千人は超えると豪語する女遊びに3億円使ったという武勇伝の持ち主。それに対して三波は、のどを守るために酒たばこは一切やらず、浮いた噂などトンと聞かない、芸能界では珍しいほどの謹厳実直ぶりだった。\n2人を握手させた日本興行界のドン\nこの2人の対立に“雪解け”が訪れたのが昭和51年10月。日本興行界のドン・永田貞雄が中に入り、突然の手打ちを果したのだ。\n\n それは、永田の子息の結婚披露宴の席上だった。永田は、共に出席していた三波、村田両人を舞台に招き、2人に向かい、\n\n「あんたたちはどっちも浪曲から出て日本一になった2人なんだから、これからも仲良く手をつないでやっておくれよ」\n\n と言って、2人を握手させたのだ。\n\n 昭和57年にもNHKの歌番組で手打ちショーを行ない、長年の犬猿の仲も恩讐の彼方かと思いきや、昭和63年になって再び雲行きが怪しくなった。\n\n ことの起こりは、その前年に、紅白出場辞退を宣言した三波に対し、村田が、「紅白こそ、歌い手の証を示す最高の舞台だ。理由は何であれ、歌っている以上、絶対に出るべきだ。あれでは負け犬と同じじゃないか」と噛みついたこと。\n\n すわ、ケンカの再燃か？ と芸能マスコミは色めき立ったが、村田側は、真意が曲げられて伝えられたと言い、三波側は、「紅白に出るか出ないか、考え方は十人十色。2人の仲は別に悪くない」とかわして、火種を消すのに懸命だった。\n暗黙の了解はきちんとついていた\nしかし、本当のところ、2人の仲はどうだったのか、なぜライバル視されるようになったのか。これには、村田英雄自身の解説が的を射ている。\n\n「なぜ、俺と三波がライバルに見られたか、というと同じ浪曲畑から歌謡界へ転進、のケースだからさ。（中略）その上、風貌、性格、雰囲気などの違いも取り上げられる。俺はゴツイ、三波はソフト、といった対比だよ。（中略）八方破れで遊び好きの俺、堅実で蓄財型の三波といった具合だ。酒を飲み、ギャンブルに狂う俺。片方は、禁酒禁煙、ゴルフが趣味で品行方正、落差があるよ。\n\n 女のほうにかけても、決して人後に落ちない俺。堂々と、どこへでも出かけて遊ぶ。三波は、前座の女性歌手との仲が怪しい、と噂が出たとたんに、『そういう噂の出るのは、わたしの不徳です』。即座にその歌手をクビにしたんだよ。エライ……。俺なら、『そうか、でも、俺のタイプじゃない』。そういって、平気でそのまま前座を務めさせるよ。ワハハハハ。（中略）\n\n ま、そういうことで、俺と三波は犬猿の仲のライバル、というのが世間の通り相場になったんだ。だがね、ふたりは、全然そんなことはない。大笑いしながら、『どうぞ、どうぞ、いわせるものにはいわせておけばいい』。暗黙の了解はきちんとついていたんだよ」（双葉社「週刊大衆」平成5年4月26日号）\nわだかまりなんてありえない\n三波の長女で「三波クリエイツ」社長の八島美夕紀さんも、「2人の間にわだかまりなんてありえない」と言う。\n\n「村田さんは、私の母を昔から知っていて、『ねえさん、ねえさん』と気さくに呼んでくれた。歌手というのは自分のオリジナリティを確立して生き残るのに必死で、舞台で3センチ横に誰が立とうが、気にしている余裕もないんです。確かに売り出す側とすれば、『2人は好敵手だ』とした方が話題性がある。周りの戦略が2人をライバルにしたんでしょう」\n\n 些細なことで目くじらを立てるには、2人とももはや、大物になりすぎたということもある。\n三波に先立たれると「寂しいなぁ」\nその晩年も全く対照的だった。三波は、親交のあった永六輔が、「歌う学者」と呼んだほどの勉強家で、平成10年には『聖徳太子憲法は生きている』（小学館）という本も出版。\n\n かたや村田は、ビザ申請の性別欄に堂々「週3回」と記入したとか、飲み屋に行って「おい村田だ！ ボルト出せ！」と言ったとか、2人が共演する舞台で「三波は上手から、村田は下手から登場」という指示書きを見て、「どうしてオレがヘタなんだ！」と怒ったとか、天然ボケの“村田語録”がバカ受けして、一躍ヤングの人気者となった。だが、糖尿病の悪化でついには両足を切断。\n\n それでも意気軒昂だったが、平成13年4月、77歳の三波に先立たれると、「何となぁ、寂しいなぁ」と絶句。\n\n「おれが右足を切断した時に心配して電話をかけてきてくれた。彼の活躍がおれには刺激であり励みだった。全然、犬猿てなもんじゃないよ」\n\n そう言っていた村田英雄も、三波の後を追うように、翌平成14年6月に73歳で他界。本物の芸人魂が息づいていた昭和という時代の型破りのライバル譚である。\n\n福田ますみ（ふくだ・ますみ）\n1956（昭和31）年横浜市生まれ。立教大学社会学部卒。専門誌、編集プロダクション勤務を経て、フリーに。犯罪、ロシアなどをテーマに取材、執筆活動を行っている。『でっちあげ』で第六回新潮ドキュメント賞を受賞。他の著書に『スターリン 家族の肖像』『暗殺国家ロシア』『モンスターマザー』などがある。\n\nデイリー新潮編集部\n新潮社,['https://newsatcl-pctr.c.yimg.jp/t/amd-img/20240430-01120749-shincho-000-2-view.jpg?pri=l&w=488&h=640&exp=10800'],"['https://news.yahoo.co.jp/articles/2ad89b038b12b0dba6aaa030940e13d1e357c628/images/000', 'https://www.dailyshincho.jp/article/2022/11231100/?photo=1']"
「生産性なんてなくていい」「どこにも行かない関係は美しい」――映画「湖の女たち」公開記念対談　監督・大森立嗣×原作者・吉田修一（デイリー新潮）,https://news.yahoo.co.jp/articles/810caa80de043f43f4757aab130dd87ee16de5fa,https://newsatcl-pctr.c.yimg.jp/t/amd-img/20240430-01114827-shincho-000-1-view.jpg?exp=10800,2024-04-30T06:30:31+09:00,2024-04-30T06:30:31+09:00,デイリー新潮,shincho,デイリー新潮,6073,\n「何から語ればいいかわからないくらい、素晴らしい出来栄えでした」（吉田氏）\n本誌（週刊新潮）に連載された吉田修一さんの小説『湖の女たち』（現在は新潮文庫刊）が映画化され、5月17日に公開される。メガホンを取ったのは大森立嗣監督で、主演は福士蒼汰さんと松本まりかさんの二人が務めた。身も心もむき出し、すべてをさらけ出した渾身の演技が要注目だ。\n【写真を見る】なんだか似ているお二人?! タッグを組んだ吉田修一さんと大森立嗣監督\nモスクワ国際映画祭で審査員特別賞を受賞した『さよなら渓谷』以来、10年ぶりのタッグとなった原作者と監督の二人が語り合った。（以下は、「週刊新潮」2023年8月10日号掲載記事を再構成したものです）\n「試されているぞと思うと…」\n吉田 まずは、よくぞ映像化していただけたなあ、という思いです。ぼくは走りながら考えるタイプなんですよ。「週刊新潮」で連載している間も作品の核になるテーマだけは持っているつもりだったんですが、最後まで、うまく着地できるだろうかと思いながら書いていました。\n\n大森 連載が単行本にまとめられる際、書評を頼まれたんですよね。その原稿をやりとりしている最中、編集者から「映画化してほしいって吉田さんが言っていました！」と伝えられて。\n\n吉田 そうでしたね。その節は失礼しました（笑）。\n\n大森 これは試されているぞと思うと背筋が伸びましたね。どうでしたか、初号試写は。\n\n吉田 何から語ればいいかわからないくらい、素晴らしい出来栄えでした。この対談記事が出る時にはまだ出演者は発表されていないと思うんですが、ぼくが「モンスター」だと思っている役者さんに、若い福士さんが食らいついてどんどん化けていった。松本さんも素晴らしかった。執筆しながら感じていた「湖」を文字通り体現していました。このタイトルにしてよかったと思いましたね。\n「湖は閉じている」\n「試されているぞと思うと背筋が伸びました」（大森氏）\n大森 全編、琵琶湖ロケです。琵琶湖にキャストとスタッフが一堂に会して撮影しました。\n\n吉田 ぼくも連載前に訪れましたが、湖って不思議な雰囲気だと思いませんか？ \n\n大森 水のほかは本当に何もないところなんですよね。北の方は特に。あの雰囲気は独特です。\n\n吉田 静かにこちらをじっと見つめてきて、でも、はっきり拒まれている感じがします。海はどこかにつながっていると思えるのですが、湖は閉じているんです。京都の隣という地理的な条件や歴史もあるし、物語が生まれるポテンシャルが高いと思っていました。\n\n大森 不思議と、いやぁな感じがありましたね。川とちがって風景がまったく動かないからかなぁ。ただ、そこにある感じ……。しかも琵琶湖の場合は、極端にでっかくて。\n「人間」と「生産性」\n吉田 ぼくの敬愛する川端康成は湖をよく書いているんですよ。いまの言葉でいうストーカーと、つきまとわれることに喜びを感じる女の関係を描いた『みずうみ』という作品がありますし、加賀まりこさん主演で映画化され、フランスでリメイクされた『美しさと哀しみと』は「琵琶湖ホテル」が舞台です。迎賓館として造られて、一時は進駐軍に接収され、いまは移転して旧本館が「びわ湖大津館」になっています。連載前、取材に出かけた時、猛烈な嵐に見舞われたんです。建物の駐車場から、雨の向こうに巨大な湖面が見えて、作品のイメージがばーっと広がっていった。そのイメージのまま突っ走って書き続けたので、週刊新潮の読者には申しわけないのですが、少し広がり過ぎたかもしれません。でも、核ははっきりしていたんです。「人間」と「生産性」という二つの言葉を、どんと並べてみると、グロテスクなイメージが湧き上がってくる。それだけを手がかりにして書いていました。といっても、今こんなふうにきちんと言葉にできるのは、大森さんが巧く整理してくれた脚本のおかげだったりするんですが……。\n\n大森 読後はまず、“あぁ吉田さん、開いてるなあ、行っちゃってるな”と感じました。もっとうまく書こうと思えば書けたと思うんです。俺もそういう、整った作品を映画化した方がヒットするのかもしれないけど（笑）。惹かれちゃうんですよね。余分というか溢れちゃっているものというか、雑味のようなものが含まれた作品に。\n生産性なんてなくていい\n湖畔の介護施設で暮らす寝たきりの男性が殺された。捜査にあたった刑事は施設で働く女性と出会い、二人はいつしかインモラルな関係に溺れていく。一方、事件を取材する記者は死亡男性がかつて旧・満州で人体実験にかかわっていたことを突きとめるが、なぜか取材の中止を命じられる。吸い寄せられるように湖に集まる男たち、女たち、そして――。読後、圧倒的な結末に言葉を失う極限の黙示録 『湖の女たち』\n吉田 この作品では、捜査する側の刑事の圭介と、疑われる側の介護士の佳代がインモラルな関係に陥るんですが、二人の関係は、世間一般の言葉でいえば不倫ですよね。しかも刑事の妻は妊娠中です。圭介と佳代の関係は純粋な恋愛とはほど遠く、もちろん子どもをつくる気なんてまったくない。湖と同じで、彼らの関係はどこに行くこともないし、何も生み出さない。いわば“生産性のない関係”なんですね。\n\n大森 いまの世の中では絶対に肯定されにくい関係ですね。\n\n吉田 しかも執筆中に偶然、月刊誌の「新潮45」が「子どもをつくらない同性愛者は生産性がないから、国が支援する必要はない」と国会議員が主張する論文を載せて批判されました。そんなことを横目に見ながら書いていた。\n\n大森 生産性という言葉は経済的にみると「正しさ」を装ってしまうのが恐ろしいところですけれど、圭介と佳代の関係がそうであるように、生産性とは別次元の、自分の存在を際立たせる行為というものがあると思うんですよ。それがあの、二人の間で繰り返される、SMとも何ともいえない奇妙な行為だった。人間という生物は経済的合理性だけでは生きていけないですよ。生産性なんてなくたっていいんじゃねえかと俺は言いたかった。\n\n吉田 ぼくにとっては、圭介と佳代という二人の関係と、どこにもつながっていない湖の、湖面の美しさがリンクしていたんです。不倫だとか正義だとか道徳といったものは、まったく二人の眼中にはない。社会通念みたいなものが一切なくなっていった先に、彼らの関係の強さがある。\n\n大森 二人だけの王国ですよね。\n命の根源に触れる仕事\n吉田 佳代は介護士という設定なんですけれど、そこにも意味があったんじゃないかと思っていて。生命の終わりの時期を迎えて生産性がまもなく尽きようとしている人間から、身体を丸ごと任されてしまう、委ねられてしまうという恐怖にさらされている。命の根源に触れる仕事だと思うんですけれど、介護する者と介護される者の間にも、生産性という残酷な言葉と響きあう何かがある。\n\n大森 佳代は自分の父親の面倒も見ていましたね。ちなみに、うちは親父（麿赤兒氏）がほとんど家にいなくて。年子の弟（大森南朋氏）の父親役を演じさせられるのが嫌だったのを思い出しましたね。\n\n吉田 なるほど。\n\n大森 この作品では関東軍防疫給水部本部、いわゆる731部隊も大きな意味を持ちますね。\n\n吉田 作者としてあまり安易に結びつけたくはないのですが、731部隊というのは人間の生命を極端に扱うものだったわけです。その731部隊の流れから人工湖の平房（ピンファン）湖が自然に物語に登場して、これで広がった物語を一点に収斂（しゅうれん）させていけると思いました。\n役者はただそこに立て\n吉田 ところで、大森さんはどうやって芝居をつけていくんですか？ \n\n大森 芝居もせりふに社会通念とか道徳みたいなものが乗っかってくると、途端につまらなくなるんですよ。意味とかね。品がなくなっていっちゃう。そんなものはただ邪魔でしかないんです。福士くん、はじめはけっこう苦しんだんですよ。芝居が硬かった。真面目だから作品の意味みたいなことを考えちゃったんだと思いますけど、“何も考えなくていいんだ”“現場に立って反応し続けりゃいいんだよ”って、辛抱強く言いましたね。\n\n吉田 試写のあとに主演のお二人と言葉を交わす機会があったんですけれど、「最後までよくわからなかった」って苦笑いしてました。原作者としては少し心苦しいですけれど（笑）。\n\n大森 それでよかったんだと思います。「わかる」というのとはまったくちがうものを提示したいので。\n\n吉田 二人とも色っぽかった。どこにも行かない関係って美しいと思うんですよ。みんな、誰かと誰かが出会ったら、どこかに進んで行かないといけないような気になるのかもしれないけど、どこにも進まず何も生まないという選択肢だってある。そのままでよくない？ っていう。\n\n大森 それも、演出している時に一番思うことなんですよ。“そのまんまでいいんだ”“それでいいんだ”と役者たちに言い続けるだけですね、俺はいつも。役者はみんな一所懸命台本読んで、いろいろ考えてきて、“ここってこういう意味ですよね？”って言うんですよ。芝居のいろんなパターンを用意してきてくれたり。けど、そんなのどっちだっていいんだ、まずはそこにただ立て、って。映画の撮影現場って、忙しい役者を集めて、限られた時間で台本通りに撮り切らないといけないんで、文字通り生産性だとか合理性みたいなものが重要視されていくんですけれど、芝居と向き合うっていうのはむしろ、そういうものから逃れられる時間だと思うんですよ。\n\n吉田 そうですよね。\n「全部バレちゃうんじゃないかという恐ろしさが見たい」\n大森 松本まりかさんって、すごく独特なペースの役者で。現場に出てくるのが一番遅いんですよ。やきもきするんです。でも、彼女のペースを受け入れられない俺たちの方がダメなんだぞって、現場のスタッフたちには言い聞かせていましたね。\n\n吉田 若い役者さんの方が、意味とか効率を求める傾向があるんですかね。\n\n大森 どうなんだろう。俺も撮影所の時代が終わった後の世代なので、身をもって知っているわけではないんですけれど、梅宮辰夫さんとか松方弘樹さんとか見てると、釣りばっかしてそうじゃないですか（笑）。半分は遊んで、半分は演技だけばーっとやって、わーって帰っていくみたいな気分の人が、俺は大好きなんですよ。役者って肉体を使う人たちですから、自分の何かが画面に直結しちゃう、そういう職業です。そういう人たちの恐ろしさ、全部バレちゃうんじゃないかという恐ろしさが見てみたい。頭を働かせすぎちゃうと、その一番大事な恐ろしさみたいなものが抜け落ちちゃうんじゃないかなあ。\n\n吉田 作り込んだ役作りも大事だけれど、ぼくらが見たいのは、そこから思わず溢れ出ちゃった生っぽいところですよね。そういう部分がないとドキドキが生まれてこない。\n\n大森 俺なんか物心ついたころから親父が白塗りして踊って、まったく無駄なことをしてるのを見て育っていますから。どこにも行かない関係が割とすんなり受け入れられる体質なのかもしれません。\n\n吉田 ああ、そうか……。大森さんがなぜ2回もぼくの作品を映画化してくれたか、わかった気がしました。『さよなら渓谷』はレイプ事件の被害者と加害者が「幸せになるために一緒にいるんじゃない」と言いながら、一緒に暮らしているという物語です。どうしたって、どこにも進まない関係なんです。\n「感情がぐっちゃぐちゃに」\n大森 この作品の最後の、あの自然がすべてをのみ込んでいくシーンははじめから構想していたんですか。\n\n吉田 いやもう、ぜんっぜんですよ。731部隊が出てきてピリっとしたと思ったら、今度は「這いつくばってケツの穴見せろ」みたいなきわどいシーンを書いていたので、感情がぐっちゃぐっちゃになっていました。伏線らしく見えるシーンがあったかもしれないけど、まったく伏線と思って書いてない。\n\n大森 映画を撮ってても、正しい方向に進んでいるかわからなくなる時ってありますね。その感じ、けっこう好きですけど。\n\n吉田 そんな状態だから奇麗にまとめるのは無理だと思って、最後はオープンエンドにしました。一番でっかいオープンエンドってなんだろうって考えたら、自然だったんですよ。最後にまた琵琶湖に助けられた。\n\n大森 最後のシーンは映画でもやらなきゃなと思って、実際やっているんですけれど、小説に勝てなかったかもなあ……。さんざんロケハンして、ここだっていう場所に3日くらい通ったんですけどね。山が近すぎて、いい光の時にまだ暗いんですよ。\n\n吉田 小説は読者が想像してくれるんですよね。映画は絵を作らないといけないから大変ですよ。\n\n大森 映画をたくさん作ってきましたけど、だんだん何が映画的かわからなくなってきました（笑）。\n神がかり的な偶然\n吉田 余談なんですけれど、連載当時、ぼくのパートナーが何を思ったのか、バイオリンを練習し始めたんですよ。昔習っていたので素地はあったらしいんですけれど、急に思い立って、先生について。それで原稿を書いている横で延々と練習していたのが、この映画で随所に流れる曲だったんです！ \n\n大森 うわあ、ほんとですか!? バッハの「シャコンヌ」。\n\n吉田 そうそうそう！ 本当にびっくりした。もうね、うるさいくらい毎日聞かされていたわけですよ。ぼくはクラシックのコンサートに行っても眠くなるし、頭が痛くなったりして苦手だから、嫌だなぁと思って聞いていたんですよ。\n\n大森 それが映画に……。すごい話だなぁ。あの天上的な曲はね、いつか映画に使いたいと思っていたんですよ。脚本を書き終えた時にはもう“よし！ 今回は使えるぞ”と感じていました。\n\n吉田 そんなことあるんだなあ。痺れましたね。偶然の一致とは思えません。神がかっていました。\n吉田修一（よしだしゅういち）\n作家、長崎県生まれ。『パレード』で山本周五郎賞、『パーク・ライフ」で芥川賞。『悪人』で毎日出版文化賞・大佛次郎賞、『横道世之介』で柴田錬三郎賞、『国宝』で芸術選奨文部科学大臣賞・中央公論文芸賞を受賞。2016年より芥川賞選考委員。\n\n大森立嗣（おおもりたつし）\n映画監督、東京都生まれ。主な監督作品に「ケンタとジュンとカヨちゃんの国」「まほろ駅前多田便利軒」「まほろ駅前狂騒曲」「セトウツミ」「光」「日日是好日」「母を亡くした時、僕は遺骨を食べたいと思った。」「MOTHER マザー」「星の子」など。\n新潮社,"['https://newsatcl-pctr.c.yimg.jp/t/amd-img/20240430-01114827-shincho-000-1-view.jpg?pri=l&w=640&h=426&exp=10800', 'https://newsatcl-pctr.c.yimg.jp/t/amd-img/20240430-01114827-shincho-001-1-view.jpg?pri=l&w=640&h=426&exp=10800', 'https://newsatcl-pctr.c.yimg.jp/t/amd-img/20240430-01114827-shincho-002-1-view.jpg?pri=l&w=449&h=640&exp=10800']","['https://news.yahoo.co.jp/articles/810caa80de043f43f4757aab130dd87ee16de5fa/images/000', 'https://www.dailyshincho.jp/article/2024/04300620/?photo=3', 'https://news.yahoo.co.jp/articles/810caa80de043f43f4757aab130dd87ee16de5fa/images/001', 'https://news.yahoo.co.jp/articles/810caa80de043f43f4757aab130dd87ee16de5fa/images/002']"
「登山へ行った夫が帰らない…」 日光の山中で発見された男性は別人で…捜索は思いも寄らない事態に【捜索現場のリアル】（デイリー新潮）,https://news.yahoo.co.jp/articles/d031a4bdda1dc3c33e3d7c5501ab783506d5d3e5,https://newsatcl-pctr.c.yimg.jp/t/amd-img/20240430-01120665-shincho-000-2-view.jpg?exp=10800,2024-04-30T06:25:37+09:00,2024-04-30T08:17:44+09:00,デイリー新潮,shincho,デイリー新潮,5773,\n捜索は思いも寄らない事態に （※画像と記事本文は直接関係ありません）\n前編【山中で1週間「薄皮あんぱんで食いつないだ」 遭難者の生死を分けた“選択”とは プロに聞く「捜索現場のリアル」】からのつづき\n【写真を見る】山で捜索が“最も困難な場所” 迷い込むと方向感覚が失われる\n日光で縦走登山に遭難したWさん（50代）を探しに向かった民間の山岳遭難捜索チームLiSS（リス）のメンバーたちと代表の中村富士美氏。前編では、捜索活動中、同じ山で遭難し1週間を薄皮アンパンで食いつないだ1名の遭難者を発見するに至った経緯をお伝えした。\n\n 後編では遺体で発見された二人目の遭難者の発見、そして、足取りがつかめなかったWさんがご家族の元に帰るまでの捜索の過程をお伝えする。\n\n 中村氏が実際に携わった捜索活動の事例をまとめた初著書『「おかえり」と言える、その日まで 山岳遭難捜索の現場から』より一部抜粋してお届けする。\n\n ***\n山中での死因\n山岳遭難の中でも、行方不明遭難における死因については公的な統計データがない。\n\n しかし、現場で目の当たりにするのは、外傷、もしくは低体温症が要因と思わせる状況がほとんどだ。\n\n よく、「災害時の生死を分けるのは72時間」と言われる。この72時間（3日間）というのは、人命救助のタイムリミットを指し、一般的に被災後3日を過ぎると生存率が著しく低下すると言われている。1995年の阪神淡路大震災の生存率データと、人間が水を飲まずに過ごせる限界の日数を根拠としてそう説明されている。\n\n ただし、行方不明遭難の場合は、一概に「72時間」が生死のリミットとは言えないと私は思う。状況によっては遭難後、数時間で死に至る場合もあるし、2週間後に無事に生存救出されたケースもある。\n\n 例えば道に迷った先で足を滑らせて数十メートル滑落し、その際に足首の骨を折って、動けなくなったとしよう。滑落した先が、運よく雨風を凌げる場所であれば救助が来るまでの数日を耐えられる可能性が高い。また、登山に出かける際には緊急避難用の道具を持っているだろう。ツェルト（緊急時などに使う簡易テント）1枚でも体温低下は防ぐことができる。逆に、落ちた場所で雨風にさらされたり、雪が降っているような状況では、低体温で数時間以内に命を奪われる。\n\n 人間の身体は、深部体温が35度を下回ると低体温症となる。深部体温とは、脳や心臓など生命を維持している臓器の温度を指し、それが下がるということは、身体の機能を保てないことを意味する。まず、心臓の動きが遅くなり、血液が身体全体に行き渡らなくなる。身体から熱が奪われ、寒さを感じながら意識が遠のく。それが、低体温症による死だ。特に、身体が雨などで濡れた状態のまま、風にさらされるといった状況が、最も低体温症を引き起こしやすい。今回、生存発見された方は、それらを免れたと言える。\n\n とはいえ、1週間近くも、ひとり山の中でけがの痛みに耐えるなんて……。その不安と恐怖がどれほどだったのか、想像すらできない。ほどなくして管轄警察の山岳救助隊が地上から現場に到着、この方はヘリコプターで医療機関に搬送された。\nもうひとつの遭難事故\nWさんが予定していたルートと発見場所。画像は『「おかえり」と言える、その日まで 山岳遭難捜索の現場から』より\n私たちは再びWさんの捜索に戻った。発信機は水没している可能性が高いと考え、庚申山の中を流れる庚申川の捜索をすることになった。\n\n Wさんの捜索を始めて17日が経った2019年7月2日、岸で横になっているご遺体を見つけた。狩猟をしていたと見られる服装だった。\n\n 実は、日光側から登山口へ向かう林道の入り口に、2月に猟をするために山に入り行方不明になった登山者の情報提供を求める看板が立てられていた。 猟のために山に入ったのならば保存食などもあまり持っていなかったはずだ。致命傷などもなかった。おそらく山中で道に迷い、沢までは降りられたが、その後、疲労で動けなくなったのかもしれない。\n山で捜索が最も困難な場所\n「せめてお別れだけでもしたい」――いくら探しても見つからないという家族から依頼を受け、著者は山へ向かう。たとえ身近な低山でも、運命の分かれ道は登山道の随所に潜んでいるのだ。家族のケアをしながら丹念に話を聞き、プロファイリングで消えた足跡をたどる六つのエピソード。【遭難予防と早期発見に役立つコラム付き】 『「おかえり」と言える、その日まで 山岳遭難捜索の現場から』\n2名もの遭難者を発見したものの、夏から秋に季節が変わってもWさんだけがどうしても見つからない。\n\n 地上捜索は5ヶ月目に入り、捜索範囲もさらに広大になっていた。\n\n 庚申山と皇海山の間にある鋸山は、尾根の両側がほぼ崖だ。再びロープを持ち込み、稜線から150メートル下まで降り、周囲を確認、登って戻る。そして次の谷を降りて……を繰り返す。\n\n 登山中のWさんと話をしたご夫婦から聞いた「またあの道を戻らないといけない」という発言から、もしかしたら、往路で自分の設定したルートが想像よりもきついと判断したWさんが、帰りはルートを変更した可能性も考えた。\n\n その場合、稜線を回避したルートを選ぶ可能性はないか？ しかし、このルートは背の高い笹藪の中を進むことになり、GPSを使わなければ、すぐに道に迷ってしまう。\n\n 山の中で最も捜索が難しいのは、笹や木々が密生した「藪」の中である。\n\n たいがいの山の藪は、3メートルくらいの高さの竹や小さな木の枝などが密集しており視界が悪い。一度、迷い込んでしまうと方向感覚は簡単に失われる。さらに、足元には茎の太い植物が密集して生えている。足をひっかけないようにしたり、枝をよけたりかき分けたりして移動するため、体力の消耗も激しい。\n\n 捜索隊が藪に入る際には、GPSで自分たちがどこにいるのか、常に把握するようにする。それでも笛を吹いたり、時折「おーい」と声を掛け合って、音の聞こえる方角と音の大きさで互いの位置関係を確認し合わなければ、どこにメンバーがいるかすぐに分からなくなる。捜索隊が遭難者になるなどという事態だけは絶対に避けなければならないため、安全の確保に神経を使う。\n\n これが岩場だったら、ドローンを飛ばすことで上の様子が見える。滝壺のようなところだったら水中カメラを入れればいい。しかし、藪では機械は全く役に立たない。だから、とにかく人間が入って歩いて探すしかない。捜索隊員も、遭難者と同じく、藪を進むには体力を使う。実は遭難者の発見より先に遺留品が見つかることが多い。雨が降り、斜面や沢の中にあった遺留品が増水によって流され、最終的に捜索者の目が届く場所へ流れ着いた状態で見つかるのだ。その遺留品が見つかった場所から遡っていくと、遭難者にたどり着く。\n\n しかし、藪は植物が隙間なく生えているため、遺留品が流されることもない。ピンポイントで遭難者ご本人か、遺留品を見つけ出さなければならないため、藪での遭難者捜索は困難を極めるのだ。\n\n 植物が密生しているならば、遭難者が進んだ後は、植物が倒れているのでは、と思われるかもしれない。しかし、自然の力は強靱だ。遭難してから数日後、私たちが捜索に入るころには植物は再びまっすぐ伸びた状態に戻っていて、ヒントは残されていない。\n\n「この藪を全部刈りたい。それか、野焼きしたい……」。絶対にそんなことはしないが、そう考えてしまうのも事実だ。それほど、視界が狭く捜索の難易度が高いのが、藪なのである。\n真っ赤になっていく地形図\nWさんのルートをさらに下ると、2人目の遭難者を見つけた庚申川にぶつかる。沢のどこかに降りた可能性も未だ捨てきれない。とにかく、可能性の残された沢地形をしらみつぶしに探していった。\n\n 捜索のために歩いた場所は、それぞれの捜索隊員が持つGPSの軌跡として、地形図に落とし込んでいく。そうすることで、まだ捜索していない場所を炙り出すのだ。\n\n どんどん線で赤く塗りつぶされていく地形図を眺めながら、何か他に策はないか悩む日々が続いた。\n\n 考え得る場所は全て探したのに、どうして見つからないのだろう。\n\n ご家族にも、「正直、ものすごく行き詰まっています」と伝えた。これは信頼関係を築くことができていたからこそ、吐露することができた本音でもある。Wさんの奥さんと娘さんも「こんなに広範囲を探してもらったのに、本当に、どこに行ってしまったんですかね……」と、冷静に受け止めてくれたように感じた。Wさんはもしもの時に備え、捜索費用も補填される山岳保険に入っていた。ご家族が金銭面の心配をしなくて済むのが救いだった。\n\n「次に何ができるか、考えさせてほしい」\n\n と伝えた。\n\n 秋になり落葉したタイミングで空からの捜索はできないかと思い、ドローンを使って広範囲を捜索する計画を立て、落葉の時期を待った。\n遭難者につながる痕跡\n11月11日、Wさんと思われる白骨化したご遺体の一部が見つかったとご家族から連絡が入った。登山客を案内している最中の登山ガイドの方が発見したという。登山道のすぐそばに、普段は涸れているが大雨が降ると水が流れる通り道がある。そこに人骨らしきものの一部が流れ着いていたのを見つけてくれたのだ。\n\n 発見場所近くの山小屋から110番通報があり、警察の調べで、それが成人男性の大腿骨と分かった。骨の長さから身長が高い人物だと推測された。この山域で身長の高い男性の遭難者、という情報から、Wさんのご家族に「可能性が高い」と連絡が入ったそうだ。\n\n 山中に残されたご遺体と荷物を探すため、警察が再捜索に入ることになった。\n\n ご家族も同行したいと希望したが、現場は非常に危ない。サポートのためにLiSSに捜索参加の打診があり、警察からも許可が下りた。\n\n 捜索隊はご家族と共に、大腿骨が見つかった場所にまず赴いた。ここまで骨が流れ着いたということは、ご遺体はそこから上の箇所にあるのだろう、と見当をつける。その先は危険なので、Wさんの奥さんと娘さんは安全な場所で待機するようお願いをした。\n\n 復路の最後にあたる庚申山には登山ルートが2つある。\n\n ひとつは、「お山巡りコース」、もうひとつは「庚申山荘」を経由するコースだ。\n\n 実はWさんは、この前年に「お山巡りコース」を歩いていた。ただ、最短で下山できるルートは「庚申山荘コース」になる。私たち捜索隊員は「疲労も溜まっていたであろうWさんは、遭難したとみられる復路では山荘を経由するルートを選ぶのではないだろうか」と推測していた。\n\n しかし、大腿骨が見つかった地点から上に登ると「お山巡りコース」にぶつかる。Wさんがこのポイントにたどり着いたとき、すでに日は沈み、周囲は暗くなっていたと考えられる。ヘッドライトを携行していたとはいえ、「お山巡りコース」の周囲は木が生い茂り、足元には石がゴロゴロと転がっている。滑りやすく、とても歩きにくい。登山道の片側は100メートルほど下まで、まっすぐに切り立った絶壁である。\n\n Wさんは前年に歩いていた経験を頼りに、こちらのルートを選んだのだろうか。その時の胸中は私たちには分からない。\n\n ご家族に待機をお願いした地点から、ドローンを飛ばし、上の状況を動画で確認した。絶壁の途中に、赤いウインドブレーカーと、青いリュックが見えた。日が当たらないため薄暗い草木と岩の中で、人工的なその二色はとてもよく目立っていた。ストック、リュックのその先で、Wさんのご遺体が見つかった。\n\n Wさんはやはり、足を滑らせ滑落したと見られる。場所は「お山巡りコース」に入ってすぐの箇所だ。落ちた先で、傾斜が少しなだらかになっている箇所で引っかかって、身体は止まったようだ。\n\n Wさんのように、ご遺体の一部が雨や風で流されている場合、お身体をすべて見つけるのは難しいことの方が多い。\n\n 人間の身体は、構造的には骨と肉でつながっているが、お腹は肉がほとんどだ。時間の経過とともに白骨化すると、上半身と下半身を結び付けていた肉がなくなるため、それぞれ別の場所で見つかることが多い。しかし、Wさんの場合、発見現場の近くからほぼ全ての骨を見つけることができた。\n\n 大腿骨1本だけが登山道まで流れてきてくれたのは、Wさんが「この先にいるよ」と教えてくれたのだろう……と思えた。\n\n Wさんの奥さんと娘さんは、Wさんと“再会”した後、こう口にした。\n\n「お父さんが最後に行った場所を見られてよかった」\nリュックの中には\n警察がWさんのリュックサックの中を確認したところ、ココヘリ（会員制の捜索ヘリサービス）の発信機が見つかった。\n\n 破損や水没の形跡はなく、電源が切れた状態になっていた。この当時、発信機は手動で電源スイッチのオンオフができる仕様となっており、スイッチがオフになっていたのである（なお、現在は常にオンの状態に固定されるように改良がなされた）。\n\n リュックサックの中には、明らかにWさんのものではない飴の空袋などがたくさん入っていた。登山中に、山中に落ちていたゴミを拾いながら歩いていたのだろう。\nWさんの捜索中、遭難してから1週間近くを生き延びた人が救助され、行方不明のままであった遭難者のご遺体も発見することができた。\n\n 同じ山で遭難したふたりを家族の元に帰してから、自分は最後に家に帰ることを、Wさんは選んだのだろうか……。\n\n 責任感が強く、他人のため働くことに喜びを感じていたというWさんの人柄がしのばれた。\n\n※『「おかえり」と言える、その日まで 山岳遭難捜索の現場から』より一部抜粋・再構成。\nデイリー新潮編集部\n新潮社,"['https://newsatcl-pctr.c.yimg.jp/t/amd-img/20240430-01120665-shincho-000-2-view.jpg?pri=l&w=640&h=426&exp=10800', 'https://newsatcl-pctr.c.yimg.jp/t/amd-img/20240430-01120665-shincho-001-2-view.jpg?pri=l&w=426&h=640&exp=10800', 'https://newsatcl-pctr.c.yimg.jp/t/amd-img/20240430-01120665-shincho-002-2-view.jpg?pri=l&w=473&h=640&exp=10800']","['https://news.yahoo.co.jp/articles/d031a4bdda1dc3c33e3d7c5501ab783506d5d3e5/images/000', 'https://www.dailyshincho.jp/article/2024/04300615/?photo=2', 'https://news.yahoo.co.jp/articles/d031a4bdda1dc3c33e3d7c5501ab783506d5d3e5/images/001', 'https://news.yahoo.co.jp/articles/d031a4bdda1dc3c33e3d7c5501ab783506d5d3e5/images/002']"
小池都知事の“爆弾”は学歴詐称疑惑だけではなかった…　「“助けてください”と言われたけど乙武くんは応援できない」（デイリー新潮）,https://news.yahoo.co.jp/articles/53e99850a191a8894c452ba6a4294bc162326e22,https://newsatcl-pctr.c.yimg.jp/t/amd-img/20240430-01120092-shincho-000-3-view.jpg?exp=10800,2024-04-30T06:07:02+09:00,2024-04-30T12:33:28+09:00,デイリー新潮,shincho,デイリー新潮,2051,\n“爆弾”は学歴詐称疑惑だけではなかった\n小池百合子都知事\n小池百合子東京都知事（71）の任期も残りあと3カ月。そのタイミングでかつての側近の実名告発により再燃した学歴詐称疑惑は、3期目を目指す都知事の選挙戦略に重大な影響を及ぼしつつある。加えて、小池都政下での各種問題も噴出。女帝の座が揺らいでいる。【前後編の後編】\n【写真を見る】「卒業証書に不審な点が…」 カイロ大学は「卒業を証明」と改めて声明文を発表\n***\n前編では、以前から小池氏の学歴詐称疑惑を追及してきた作家の黒木亮氏による「今回の実名告発で、疑惑は決定的なレベルになった」という指摘などを紹介。しかし、彼女が抱える“爆弾”は学歴詐称疑惑だけではない。\n\n さる都政関係者の話。\n\n「学歴詐称疑惑の隠蔽（いんぺい）に加担した論功行賞からか、小池氏の助勢を得て、都議で小池氏の右腕として知られた樋口高顕氏（41）は2021年に千代田区長に当選しました。その樋口氏と地域住民が今、樹木の伐採をめぐって、激しく対立しています」\n\n 小池氏が認可した東京・明治神宮外苑の再開発事業をめぐる樹木の伐採問題を彷彿させるのだが、\n\n「21年11月ごろに神田警察通りのイチョウ並木が伐採されることを知り、伐採見直しを求める陳情や活動をしてきました」\n\n そう語るのは「神田警察通りの街路樹を守る会」発起人代表の滝本幾子氏だ。\n\n「区側は議会で、地域住民とは長年議論を重ねてきたと説明。議会は整備案を可決したのですが、実際に議論したのは一部の商店主や町会長だけ。私たち住民はまったく知りませんでした」\n\n 滝本氏ら「守る会」の有志は22年4月から、イチョウ並木の下で座り込み、工事を止めるべく活動を続けてきた。しかし、\n\n「区側が工事区間への私たちの立ち入りを禁じる仮処分を東京地裁に申請。今年3月にその仮処分が認められてしまいました」（同）\n\n 結果、今月に入ってイチョウの伐採が進んでいるのが現状だという。\n\n「区は工事を再開する際には私たちに連絡をすると言っていたのに、その約束もほごにしたのです」（同）\n自転車イベントが住民監査請求の対象に\n小池都政下の問題に憤っている人物は他にもいる。\n\n「都は東京五輪のレガシー（遺産）を活用した『レガシースポーツイベント』を催しています。そのうちの一つ、『レインボーライド』という自転車のイベントが昨年6月に住民監査請求の対象になっています」\n\n こう明かすのは「日本サイクリング協会」（JCA）の幹部である。住民監査自体は最終的に要件を欠いていると判断されたが、\n\n「警視庁捜査2課が五輪レガシー利権の解明に乗り出しています。レインボーブリッジを封鎖して自転車イベントを行うという企画は小池知事のアイデアだったといわれていますが、その予算規模は破格の約10億円。自転車のイベントにしては多額すぎる」（同）\n\n 続けて言うには、\n\n「『レインボーライド』を企画・運営する『実行委員会』と委託先事業者を選定する『選定委員会』は別の組織なのですが、両方ともトップに、元F1レーサーでジャパンサイクルリーグ（JCL）・チェアマンの片山右京氏（60）が就任していました。しかも、そのJCLの運営会社が事業の一部を請け負っていたのです」\n\n 要は、お手盛りだったというわけである。\n\n「自分も昨年、警視庁の捜査員から、片山氏と当時の都議会文教委員会の委員長で元トライアスロン選手でもある、都民ファの白戸太朗都議との関係について話を聞かれました」（同）\n「（乙武君は）とてもじゃないけど応援できない」\n自身の学歴詐称疑惑に加えて、足下からも火の手が上がる小池氏だが、都知事選で3選を確実なものにするためには、是が非でも前哨戦である補選で乙武氏を勝利に導かなくてはならない。そのために頼ったのが、長らく後ろ盾の一人としてきた元衆議院議員・笹川堯氏だった。\n\n しかし、その笹川氏に聞くと、\n\n「（小池氏から）“都民ファーストで乙武さんをやることになりました、だから助けてください”と頼まれた。でも、（対立候補に）須藤元気がいるでしょう。自分は空手（連盟会長）だから格闘技でしょ。そちら（須藤）を応援しているからね。（それに）乙武君は女性問題があった。とてもじゃないけど応援できない。乙武君がみっともないことになると、小池さん自体の人気にも関わるのでは」\n\n 彼女は小泉純一郎元首相をはじめ、数々の権力者を籠絡して、権力の階段を駆け上がってきたといわれる。その“緑のたぬき”の化けの皮も、いよいよ剥がれつつあるということか。\n\n 前編では、学歴詐称疑惑について実名告発を行った、元都民ファーストの会事務総長で弁護士の小島敏郎氏（75）本人の証言を紹介している。\n\n「週刊新潮」2024年4月25日号 掲載\n新潮社,['https://newsatcl-pctr.c.yimg.jp/t/amd-img/20240430-01120092-shincho-000-3-view.jpg?pri=l&w=640&h=426&exp=10800'],"['https://news.yahoo.co.jp/articles/53e99850a191a8894c452ba6a4294bc162326e22/images/000', 'https://www.dailyshincho.jp/article/2024/04300556/?photo=2']"
「しんどい低気圧不調」に胃腸にバリア　薬だけに頼らずに自分でできる対策法（デイリー新潮）,https://news.yahoo.co.jp/articles/0d1ab66f725bdab7cabfe57492c4b3d1da96938e,https://newsatcl-pctr.c.yimg.jp/t/amd-img/20240430-01120779-shincho-000-1-view.jpg?exp=10800,2024-04-30T06:23:36+09:00,2024-04-30T06:23:36+09:00,デイリー新潮,shincho,デイリー新潮,2124,\n頭痛、だるい、めまい……気圧の変化によって、不調を起こす方も多い\n気圧が低下したり大きく変動したりするタイミングで、頭痛がする、ズーンと体が重くなる、めまいがする……そんなお悩みをお持ちの方も多いでしょう。食べ物の選び方から、気圧対策をしてみるのも、不調改善に役立つはず。\n【写真を見る】しんどい「低気圧不調」の人は食べ過ぎに注意 「えっ？」と意外に思う食べ物\n『月間100万人利用アプリ！ 頭痛ーるが贈る しんどい低気圧とのつきあいかた』から、一部抜粋・再編集してお届けします。\n胃腸から体を変えるには米・カボチャ・イモ・豆・キノコ\n食べ方にもちょっとした工夫をしてみましょう。温かい汁物を一口飲んでからご飯を食べ始める、といったことが胃腸のために良い食べ方です （※写真はイメージです）\nご自身も気圧変化による頭痛に苦しんでいた漢方アドバイザーの久保奈穂実さんは、体質改善によってつらさを克服できた一人。\n\n「一朝一夕には良くなりませんが、体を作っているのは食べ物や生活習慣なので、少しずつ改善していってください。気圧や気温の変化も含め、外的なストレスに対するバリアー機能がだんだんアップしていきます」\n\n 久保さんおすすめの胃腸を元気にする食材は、米・カボチャ・イモ類・豆類・キノコ類など。\n\n 減量などのため糖質を控えている人もいますが「薬膳的に考えると、米やイモ類は胃腸を元気に、そして丈夫にしてくれる食材。全部抜いてしまうと外的ストレスに弱くなり、気圧の変化で体調に影響を受けやすくなります。糖質も含めてバランスの良い食事をした方が、結果的に代謝が上がり、適正な体重に近づきます」\n\n 食べ方にもちょっとした工夫をしてみましょう。\n「基本中の基本ですが、よくかんで食べること、温かい汁物を一口飲んでからご飯を食べ始める、といったことが胃腸のために良い食べ方です」（久保さん）\n食物繊維の取り方にもコツがあり\n頭痛、だるい、体が痛い、気分が落ち込む……そんな不調に食事・ストレッチ・睡眠・環境からアプローチ！ 日頃から取り入れるおすすめの食材は「豆」、湿度コントロールで体調管理、腹式呼吸で気圧の影響を予防など、心と体をいたわるコツをあなたの味方「頭痛ーる」が優しく手ほどき。一緒に辛い症状を解消しましょう 『月間100万人利用アプリ！ 頭痛ーるが贈る しんどい低気圧とのつきあいかた』\nスポーツ栄養士のくりきみゆきさんによると、「第六の栄養素」とも言われ、健康のために重要な役割を果たしている食物繊維も、気圧の影響で体調が悪いときには摂取にちょっとした注意が必要、とのこと。\n\n 食物繊維には水溶性と不溶性の2種類があります。\n\n 水溶性食物繊維は水に溶けてゼリー状になり、食後の血糖値が上がるのを防ぐ役割や、血中のコレステロール値低下などの働きをします。一方で不溶性食物繊維は水に溶けにくく、水分を吸収して便の容積を増加させ大腸を刺激。腸内の有害物質を便とともに体外へ排出するなどします。\n\n 通常はこの2つの食物繊維を両方、バランスよく摂取するのが望ましいのですが、気圧の影響でコンディションを崩しているときは、不溶性食物繊維が大腸を刺激すると余計に体調が悪くなりがちなので控えめにしましょう。\n\n「水溶性食物繊維が含まれるキャベツやホウレンソウ、ニンジン、ジャガイモを温野菜にして食べるのがおすすめです。ごぼうやたけのこなど、不溶性食物繊維が多い食材を使いたいときは、加圧鍋で柔らかくすると良いでしょう」（くりきさん）\n果物を食べるならリンゴやイチゴ\nくりきさんによると、果物ではリンゴ、メロン、モモ、キウイ、イチジク、イチゴなどは消化管への負担が少なかったり、消化を助ける酵素が含まれていたりするので、「ソースや調味料にすれば肉料理と相性が良い」とのこと。パイナップルは生のままでは不溶性食物繊維が多いものの、肉のタンパク質を分解する酵素が含まれているので、ソースにして豚肉と合わせるのがおすすめだと言います。\n\n 一方でミカンなどの柑橘類は薄皮に食物繊維が含まれるため、食べすぎると消化に時間がかかります。冬場に気圧の変化があるときは、ミカンをたくさん食べすぎないよう注意してください。\n※『月間100万人利用アプリ！ 頭痛ーるが贈る しんどい低気圧とのつきあいかた』より一部抜粋・再構成。\n\n【取材・監修協力】\n久保奈穂実:漢方アドバイザー、国際中医薬膳管理師\n芸能・音楽活動中、ハードな生活で身体のバランスを崩す。漢方薬に助けられた経験から、イスクラ中医薬研修塾にて中医学を学ぶ。成城漢方たまりにて漢方相談・薬膳講師を担う。\n\nくりきみゆき:スポーツ栄養士、ストレングス＆コンディショニングコーチ\nプロアスリートのための体調管理を担う。スポーツに打ち込む家族を支えたい一般の方にも楽しく快適な毎日を築いてもらえたらと、講演活動やメタバース空間「ZEPETO」でのスポーツ知育遊び場運営も積極的に行っている。\n\nデイリー新潮編集部\n新潮社,"['https://newsatcl-pctr.c.yimg.jp/t/amd-img/20240430-01120779-shincho-000-1-view.jpg?pri=l&w=640&h=426&exp=10800', 'https://newsatcl-pctr.c.yimg.jp/t/amd-img/20240430-01120779-shincho-001-1-view.jpg?pri=l&w=640&h=426&exp=10800', 'https://newsatcl-pctr.c.yimg.jp/t/amd-img/20240430-01120779-shincho-002-1-view.jpg?pri=l&w=432&h=640&exp=10800']","['https://news.yahoo.co.jp/articles/0d1ab66f725bdab7cabfe57492c4b3d1da96938e/images/000', 'https://www.dailyshincho.jp/article/2024/04300613/?photo=3', 'https://news.yahoo.co.jp/articles/0d1ab66f725bdab7cabfe57492c4b3d1da96938e/images/001', 'https://news.yahoo.co.jp/articles/0d1ab66f725bdab7cabfe57492c4b3d1da96938e/images/002']"
「カイロ大を卒業できるレベルでないのは明らか」「卒業証書に複数の不審な点」　小池都知事の学歴詐称疑惑…「疑惑は決定的なレベルに」（デイリー新潮）,https://news.yahoo.co.jp/articles/d75f3b226c0ab8e05c68b02e7d4cd24b8c296dad,https://newsatcl-pctr.c.yimg.jp/t/amd-img/20240430-01120083-shincho-000-5-view.jpg?exp=10800,2024-04-30T06:06:50+09:00,2024-04-30T13:02:44+09:00,デイリー新潮,shincho,デイリー新潮,2498,\n「小池さんはうそをつかないでほしい」\n小池百合子都知事\n小池百合子東京都知事（71）の任期も残りあと3カ月。そのタイミングでかつての側近の実名告発により再燃した学歴詐称疑惑は、3期目を目指す都知事の選挙戦略に重大な影響を及ぼしつつある。加えて、小池都政下での各種問題も噴出。女帝の座が揺らいでいる。【前後編の前編】\n【写真を見る】「卒業証書に不審な点が…」 カイロ大学は「卒業を証明」と改めて声明文を発表\n***\n日本列島が春の陽気に包まれた今月13日、小池百合子都知事の姿は東京・豊洲のホームセンター前にあった。衆議院東京15区補欠選挙に立候補し、都民ファーストの会が推薦を出した乙武洋匡候補（48）の選挙応援のために駆け付けたのだ。\n\n 小池都知事といえば、4月10日発売の「文藝春秋」5月号で学歴詐称疑惑を元側近に実名で告発されたばかり。12日の定例会見で「卒業証書や卒業証明書は公にし、記者会見や都議会などでも説明してきている」と反論したが、騒動は収まる気配を見せていない。\n\n 実際、冒頭の応援演説でも聴衆の間から、\n\n「学歴詐称しているのか」\n\n とやじる声が上がった。\n\n「小池さんはうそをつかないでほしい」\n\n とは、文藝春秋に告発手記を寄せた、元都民ファーストの会事務総長で弁護士の小島敏郎氏（75）本人である。\n\n 小島氏は東大法学部卒業後、1973年に環境庁に入庁している。小池氏が環境大臣だった時代に、地球環境審議官として共にクールビズを推進。2016年に小池氏が都知事に就任すると、都の特別顧問に抜てきされた。17年から21年までは都民ファの事務総長も務めた、紛うかたなきかつての最側近の一人だ。\n「相談したいことがあるの」\n小島氏は20年6月6日、彼女から突如こう告げられたという。\n\n「相談したいことがあるの」 \n\n 学歴詐称疑惑にいかに対処すればよいかと助けを求められたのだ。そこで小島氏が彼女に、カイロ大を卒業しているのか念を押すと「しているわよ」と即答。ならば、卒業証書類を公表すればいいだけではないかと小島氏が述べると、彼女は「それで解決しないから困っているの」と口にしたという。\n\n「カイロ大学に新しい卒業証明書の発行を申請することとし、それが届くまでは卒業を証明する他のものを大学からPDFなどでもらえばいいと小池さんに助言しました」（小島氏）\n\n 翌日、小池氏から〈カイロ大学長や関係政府当局から、どのような書類が必要か、確認お願いします〉とメールが届く。小島氏は、カイロ大学の学長から証拠類が届くのを待ってはいられないと判断。とりあえず、外部に対しては手元にある関係書類を示しておくことを提案した。\n\n しかし一方で、都議会自民党や共産党などは学歴詐称疑惑を追及しようと、「小池都知事のカイロ大学卒業証書・卒業証明書の提出に関する決議案」を提出する動きを見せていた。だからであろう、彼女は小島氏が考えた声明を公表することに固執した。結果、\n\n「あとで知ったのですが、自分ではなく、（元ジャーナリストで当時は小池氏のブレーンの一人であった）A氏に声明文づくりのお鉢が回ってしまったのです」（同）\n「樋口さんも本件に深く関わっていました」\nそして実際にはA氏が日本語で文案を書いたというのである。もっとも、声明文の作成に関わったのは小島氏とA氏だけではなく、\n\n「樋口さんも本件に深く関わっていました」\n\n 当時、都議で小池氏の右腕として知られた樋口高顕千代田区長（41）。その樋口氏が、A氏に声明文案の作成を依頼したというのだ。\n\n さる都政関係者も、声を潜めて言う。\n\n「2年前にも、樋口氏が小池氏の学歴詐称疑惑の隠蔽（いんぺい）に加担したとの告発文が都政関係者の間に出回ったことがありました。そこには樋口氏が小池氏にメールで送った英訳の声明文案が“証拠”として記載されていたのです」\n\n つまりは樋口氏がA氏の日本語の文案を下敷きに自身、ないし第三者の手で英訳を作成。それを確認のために、彼女に送付していたということになろう。\n「疑惑は決定的なレベルになった」\nこうして20年6月9日午後2時、エジプト大使館のフェイスブックに学長の署名入りの声明文が掲載される運びとなったわけだが、\n\n「（声明文が公表されるまでの時間があまりにも）“早い”とは思ったものの、その時はそれほど気になりませんでした」（小島氏）\n\n 9日、決議案が提出されるも、翌日には声明文公表を受けて、自民党と共産党が提出者から離脱。決議案も否決され、小池氏は再選に弾みをつけたのである。\n\n 以前から小池氏の学歴詐称疑惑を追及してきた作家の黒木亮氏は、\n\n「今回の小島氏の実名告発で、疑惑は決定的なレベルになったのでは」\n\n と指摘する。黒木氏は銀行員時代にカイロ・アメリカン大学に留学し、修士号を取得している。当然、アラビア語に通じているが、\n\n「私が最初に小池氏がカイロ大学を卒業していないのではと疑念を持ったのは、彼女のアラビア語を聞いた時です。アラビア語にはコーランにも用いられる文語と文字にできない口語の2種類があるのですが、彼女の文語は初歩的で、文語を話す際にも口語が交ざる。カイロ大を卒業できるレベルでないのは明らかです」\n\n さらに続けて、\n\n「彼女は20年6月15日に卒業証書類を公開しましたが、それらにも複数の不審な点がある。例を挙げれば、卒業証明書の敬称・動詞・形容詞・人称代名詞がすべて男性形で書かれており、学部長のサインも文学部の同じ年度の卒業生が受け取った卒業証明書のサインと異なっています」\n\n 葵の紋の印籠のように掲げる卒業証書にすら、疑念の目が向けられているのである。\n\n 後編では、学歴詐称疑惑だけにとどまらない、小池氏が抱える“爆弾”について報じる。\n「週刊新潮」2024年4月25日号 掲載\n新潮社,['https://newsatcl-pctr.c.yimg.jp/t/amd-img/20240430-01120083-shincho-000-5-view.jpg?pri=l&w=640&h=426&exp=10800'],"['https://news.yahoo.co.jp/articles/d75f3b226c0ab8e05c68b02e7d4cd24b8c296dad/images/000', 'https://www.dailyshincho.jp/article/2024/04300556/?photo=2']"
小室さん夫妻「高級マンション」の間取りから宮内庁が推理した「佳代さんの今後」（デイリー新潮）,https://news.yahoo.co.jp/articles/9cb7ea136de0e5447c4faa749dfc3f429037c22c,https://newsatcl-pctr.c.yimg.jp/t/amd-img/20240430-01120938-shincho-000-3-view.jpg?exp=10800,2024-04-30T06:03:53+09:00,2024-04-30T09:11:24+09:00,デイリー新潮,shincho,デイリー新潮,1565,\nコネチカット州にある高級マンション\n小室さん夫妻\n不可解な間取りから恐るべき真実が――というのは、映画化もされたベストセラー『変な家』のストーリーだ。現実の世界でも、間取りから読み取れることは数多い。小室圭さん・眞子さん夫妻が2021年の渡米以降、生活をしてきたアパートを離れて選んだ高級マンションの間取りや環境を分析した宮内庁は圭さんの母・佳代さんの今後について“ある見通し”を立てているとされる。\n【独占入手 写真46枚】「パーティーにお出かけ？」色気あふれるドレッシーな眞子さんと、笑顔で手をつなぐ圭さん 小室夫妻のNY生活の現在の様子を見る\n小室さん夫妻は2021年10月に結婚して渡米してから、ニューヨークのヘルズキッチン地区にある高層アパートで生活してきた。\n\n「圭さんの勤務するローウェンスタイン・サンドラー法律事務所に近い反面、子育てをする環境としてはあまりふさわしくない環境だとされており、どこかのタイミングで引っ越しするだろうとは見られていましたね」\n\n と、担当記者。\n\n 渡米から3年が経ち、そのマンションの賃貸契約が終了するのを見計らって、夫妻はニューヨークを離れ、隣接するコネチカット州にある高級マンションに引っ越ししたという。住まいのある市は人口15万人ほどで、車で圭さんの勤務先があるマンハッタン中心街まで1時間ほどの距離にある。\nガラッと変わったのが\nすでに記事（小室さん夫妻の新居は「温水プール」「ドッグラン」つきラグジュアリー仕様高級マンション “全米で最も住みやすい都市”でテレワークか）でお伝えしたように、物件の総戸数は600超で、夫妻が借りている部屋は1LDKで家賃は約50万円とされる。広い敷地内にはスポーツジムや温水プール、中庭、ドッグランなどを備え、快適で魅力的な環境やサービスが提供されているようだ。\n\n「小室さん夫妻の動向を注視する宮内庁の関係者は、今回の引っ越しについても情報収集に追われていたようです。これまでとガラッと変わったのが周辺の環境ということになるようで、その点については“子育てのための準備に入りつつあるのではないか”との見方をしていました」（同）\n\n 逆に、そこまで変わらなかった「広さと家賃」についてはどうだろうか。\n\n「“そもそも夫妻はぜいたくをしたいという思いを持っていない”と見方をしていると聞きました。圭さんが弁護士となって1年が経ち、年収もそれなりにアップしているとしても、アメリカは物価が高いですから、控えめにつつましくという姿勢が根底にあるのではないかと分析していました」（同）\nもう少し広いスペースにしているはず\n「一方で、広さについては、“そこまでのものを必要としなかったということではないでしょうか。大人3人はムリだということですね”と見ていました」\n\n たしかに広めとはいえ、1LDKは若い夫婦とその母が住む間取りとは言い難い。\nこれまで、圭さんの母・佳代さんを呼び寄せて夫妻と同居するのではないかとの報道が続いて来た。宮内庁としても「佳代さんの渡米問題」については注視を続けてきたようだが、今回の引っ越しにより、とりあえずの結論が出たと見なしているようなのだ。\n\n「佳代さんとの同居が前提ならもう少し広いスペースにしているはずなので、ひとまずこの段階でそれはなさそうだということのようです。“お子さんが生まれて少し大きくなったり、もう一人……ということになったりすれば、また引っ越すことも選択肢に入れているのではないでしょうか”との見方もあるようですが」（同）\n\n『変な家』とは異なり、物騒な話に発展していないのは喜ばしいことなのだろう。\n\nデイリー新潮編集部\n新潮社,['https://newsatcl-pctr.c.yimg.jp/t/amd-img/20240430-01120938-shincho-000-3-view.jpg?pri=l&w=426&h=640&exp=10800'],"['https://news.yahoo.co.jp/articles/9cb7ea136de0e5447c4faa749dfc3f429037c22c/images/000', 'https://www.dailyshincho.jp/article/2023/05251848/?all=1']"
「深谷の叔父貴、殺してくれねえか、もう許せねえ」　心酔する“従兄弟”の命令で連続殺人犯になった男は、なぜ公判で“裏切った”のか（デイリー新潮）,https://news.yahoo.co.jp/articles/df7d4212efb6f1c596941b062bd7f522f8764829,https://newsatcl-pctr.c.yimg.jp/t/amd-img/20240430-01119867-shincho-000-1-view.jpg?exp=10800,2024-04-30T06:02:58+09:00,2024-04-30T06:02:58+09:00,デイリー新潮,shincho,デイリー新潮,2628,\n最高裁で新井竜太元被告の死刑が確定した\n2009年8月に埼玉県深谷市の民家で64歳の男性・Aさんの遺体が見つかる。その10ヵ月後、Aさんを殺害した容疑で逮捕されたのは、甥に当たる新井竜太（当時41）と、高橋隆宏（同37）の二人だった。高橋は年上の従兄弟である新井に心酔し、二人は「まごころ相談室」と称するトラブル仲裁業を手掛けていた。新井は高橋に「俺たちはマジンガーZだ。俺が頭で、お前が体だ」と言い含め、強固な“主従関係”が結ばれていく。そして、凄惨な事件が起きる――。（前後編のうち「後編」）【高橋ユキ/ノンフィクションライター】\n【写真を見る】「これでまた将来、殺人ができるぜぇ！」と法廷で叫んだ“柏市連続通り魔事件”の被告。事件発生当初は“目撃者”としてマスコミに囲まれていた…。日本刀を手に凄む表情も\n前編【「俺たちはマジンガーZだ。俺が頭で、お前が体だ」 年上の“従兄弟”を盲信した男が手を染めた「横浜・深谷連続殺人事件」の暗すぎる闇】からの続き\nマジンガーZの従兄弟二人が「まごころ相談室」を続けているそんな時、高橋は出会い系サイトで女性と知り合う。それが夫と二人の子供とともに、茨城県に暮らしていたBさんだった。高橋は当時夫婦関係に悩んでいたBさんに対し、恋愛感情を抱いているフリをして、夫に内緒で離婚届を出すように指示。Bさんは高橋に言われるがまま、無断で離婚届を提出する。彼女はこのとき、高橋との幸せな未来を夢見ていたのかもしれない。だが、実際に彼女を待ち受けていたのは“地獄”の日々だった。\n\n 高橋はまずBさんと養子縁組したのち、Bさん自身にも養子縁組を繰り返させた。そうしてBさんの姓を変更し、何度も借金を重ねさせ、生活保護費の不正受給もさせている。さらには詐欺を働くように指示したが、Bさんは逮捕されてしまい執行猶予判決を受ける。高橋は「Bさんでは金を稼げない」と新井に相談。すると新井が保険金殺人を高橋に提案し、Bさんを監視下に置くよう指示したのだという（確定判決より）。こうしてBさんは、新井の親族が経営する会社に住まわされることになった。\n「ああいうどうしようもないヤツは、やっちゃうしかない」\n新井から保険金殺人を提案された高橋は「保険をかければ金が入ってくるという話を聞いて、そんなことも考えつくんだと（新井に）感心しました」と無邪気に尊敬を深めたと語った。家族との折り合いが悪い高橋は当時、「新井さんに“お前ぐらいだったらいつでも養子に迎えてやるから心配すんな”と言われた」とも話す。\n\n「ホントに感動しました。絶対、新井さんを裏切らないって思った」\n\n 監視下に置かれたBさんはマジンガーZの二人から指示されるがまま売春をさせられていたが、最終的に新井の親族にその事実を打ち明けた。これが事件の引き金となる。激昂した新井が、犯行を決意したのだ。だが、高橋はまさか自分が実行役を任されるとは、当日まで全く思っていなかったという。\n\n検察官「当時、新井はあなたに何と言いましたか？」\n\n高橋「“もうアイツはダメだ。ああいうどうしようもないヤツは、やっちゃうしかない。お前がやれ、風呂場につけて”って言われました」\n\n検察官「指名を受けてあなたは？」\n\n高橋「びっくりしました。“自分ですか？”って聞きました。新井さんは“そうだ”って」\n\n びっくりした高橋だったが、当時の金回りは悪かった。内妻への借金があり、生活費にも事欠いていた。\n\n「それを新井さんに伝えると“保険で全て賄えるし、全て俺がやってやるから”と言われ、当時、車……ベンツ欲しかったし、ホントにできるのか分からなかったですが、新井さんがやれというなら、やらなきゃ。捨てられても困るし……」\n「これ、いけないと思った」\nこうして高橋は新井の指示を受けながら、Bさんに睡眠薬入りの飲み物を飲ませ、寝入ったBさんを風呂場の浴槽に沈めて殺害した。Bさんの遺体は、こうした事情を何も知らない新井の親族が発見し、その後、通報している。だが、事故として扱われ、事件化されることはなく、高橋らはまんまと死亡保険金を手に入れた。\n\n「わあ、すごいなと思いました。新井さんは“妖怪退治は罪にならないからな”とも言ってました。Bさんは何でも食べてしまう人だったから、普段、“お口の妖怪”とかそのように言ってて、だから妖怪退治だと言ったんだと思います」\n\n 3600万円のうち800万円が高橋の取り分、残りの2800万円は新井に渡った。\n\n Bさん殺害の翌年、事件発覚の発端となったAさん殺害についても、Aさんの会社の金を無断で引き出したことでトラブルになっていた新井から「深谷の叔父貴、殺してくれねえか、もう許せねえ」と言われた高橋が、軍手をはめて包丁を持ち、合鍵で入室し、殺害した。現場でも新井にメールで逐一指示を仰ぎ、動いていたという。\n\n このように高橋は、かつて心酔していた新井からの指示を受けて殺害を実行したと証言した。対する新井は「高橋がひとりで殺害した」として無罪を主張していた。この場合、高橋が嘘をついて新井に責任を負わせようとしているか、もしくは新井が高橋に罪をかぶせようとしているか、どちらかの可能性が考えられる。だが、高橋は、逮捕後に2件の殺人を認めた経緯について「被害者の方々や遺族の方々のこと……自分を遺族の立場に置き換えて考えたとき、これ、いけないと思った」と、小さな声で言った。\n\n 判決でも、新井が主犯、高橋が実行犯と認められた。新井は死刑判決を不服として控訴、上告し、無罪を主張し続けたが、最高裁で死刑が確定する。一心同体だった従兄弟たちは、最終的に「体」役の高橋が意思を持ち、バラバラになった。\n\n前編【「俺たちはマジンガーZだ。俺が頭で、お前が体だ」 年上の“従兄弟”を盲信した男が手を染めた「横浜・深谷連続殺人事件」の暗すぎる闇】からの続き\n\n高橋ユキ（たかはし・ゆき）\nノンフィクションライター。福岡県出身。2006年『霞っ子クラブ 娘たちの裁判傍聴記』でデビュー。裁判傍聴を中心に事件記事を執筆。著書に『木嶋佳苗劇場』（共著）、『つけびの村 噂が5人を殺したのか？』、『逃げるが勝ち 脱走犯たちの告白』など。\n\nデイリー新潮編集部\n新潮社,['https://newsatcl-pctr.c.yimg.jp/t/amd-img/20240430-01119867-shincho-000-1-view.jpg?pri=l&w=640&h=425&exp=10800'],"['https://news.yahoo.co.jp/articles/df7d4212efb6f1c596941b062bd7f522f8764829/images/000', 'https://www.dailyshincho.jp/article/2024/02131050/?photo=1']"
「俺たちはマジンガーZだ。俺が頭で、お前が体だ」　年上の“従兄弟”を盲信した男が手を染めた「横浜・深谷連続殺人事件」の暗すぎる闇（デイリー新潮）,https://news.yahoo.co.jp/articles/d3e862263f3a748404c658422f5554ee1be0d042,https://newsatcl-pctr.c.yimg.jp/t/amd-img/20240430-01119861-shincho-000-1-view.jpg?exp=10800,2024-04-30T06:01:38+09:00,2024-04-30T06:01:38+09:00,デイリー新潮,shincho,デイリー新潮,2403,\n当時の新聞記事を確認すると、2人が手を染めた「凶悪犯罪」の全貌が徐々に明らかとなる様子が分かる\n昭和から平成、令和へと時代は変わっても“凶悪事件”が消えることはない。世の中を震撼させた犯人たちは、一体なぜ凶行に走ったのか――。その深い闇の一端を垣間見ることができるのは、彼らが法廷で発した肉声だ。これまで数多くの刑事裁判を傍聴してきたノンフィクションライターの高橋ユキ氏に、とりわけ印象に残った“凶悪犯の言葉”を振り返ってもらう。今回、取り上げるのは「横浜・深谷連続殺人事件」の裁判である。（前後編のうち「前編」）\n【写真を見る】「これでまた将来、殺人ができるぜぇ！」と法廷で叫んだ“柏市連続通り魔事件”の被告。事件発生当初は“目撃者”としてマスコミに囲まれていた…。日本刀を手に凄む表情も\n埼玉県深谷市の民家で64歳の男性が遺体で見つかったのは2009年8月のことだった。男性宅の洗濯物が干しっぱなしになっているのを不審に思った散歩仲間が通報。部屋に立ち入った警察官が、胸に包丁の刺さった状態で1階の居間に倒れていた男性・Aさんの遺体を発見する。酒好きで、居間で飲んでそのまま寝ることもあったというAさん。遺体や現場に争った形跡はなく、県警は当初、自殺とみていたが、遺書がなかったため、他殺の可能性も視野に入れて捜査を進めた。\n\n それから10ヵ月後、Aさん殺害容疑で二人の男が逮捕される。共にAさんの甥に当たる新井竜太（当時41）と、高橋隆宏（同37）だった。Aさんが酒好きで、酔って寝てしまうことを知っていた高橋が、家に上がり込み殺害を実行しており、新井とAさんとの間には金銭トラブルがあった。高橋はAさんが亡くなったのちに「面倒なことを言うから叔父を刺し殺した。怖いものなんてないから、いつでも誰でも殺せる」と知人に語っていたという。\n\n「いつでも誰でも殺せる」という高橋の言葉は嘘ではなかった。この二人はまもなく、別の殺人容疑で再逮捕されたのだ。\n「ずっと新井さんについていきたいと思いました」\nAさん殺害容疑での逮捕後、二人は「08年にも横浜市で女性を殺し、保険金を受け取った」と供述。警察が確認に乗り出すと、新井の親族が経営する内装工事の会社に住み込んでいた46歳の女性・Bさんが、08年3月に浴室で死亡していたことが発覚する。しかも、Bさんは生前に高橋と“養子縁組”しており、高橋はBさんの死亡後に保険金を受け取っていた。だが、神奈川県警は当時、事件性がないと判断し、Bさんの遺体が解剖されることはなかった。埼玉県警が二人を逮捕していなければ、Bさん殺害は事故として処理されたままだっただろう。\n\n そんな二人は対等な関係とは言い難かった。「自分は（新井に）頼まれれば何でもする」と高橋は周囲に話していたという。\n\n 新井と高橋の一審・裁判員裁判はさいたま地裁で別々に開かれた。そこで明らかになったのは、“盲信”というべき高橋の新井への忠誠心だった。\n\n「新井さんはなんでもできてすごいんだなと思いました。憧れの気持ちを持ちました。ずっと新井さんについていきたいと思いました」\n\n 年上の従兄弟である新井についてそう語るのは、二つの殺人の実行犯となった高橋。2012年1月から開かれていた新井の公判に、証人として出廷した。高橋は2011年7月の裁判員裁判で、公訴事実を全て認めた末に無期懲役を言い渡され、新井の公判が始まった時点ですでに受刑者となっていた。がっちりした体型に青い作業服。肉体的な存在感とは裏腹に、声は小さい。\n\n「竜さんには親のような兄弟のような思いを持っていました。自分が両親とうまくいってない時に優しくしてくれた、かまってくれた……」\n「まごころ相談室」\n新井を“竜さん”と慕っていた高橋は、新井からは“たっくん”と呼ばれていたそうだ。その“たっくん”が新井に憧れの気持ちを持ったのは、新井から頼まれた仕事を手伝うようになってからだという。\n\n「竜さんは当時、トラブル仲裁屋をしていて、男女間のトラブルや未回収の金の取り立てをやっていました。竜さんの指示で、集金や嫌がらせを手伝うようになって、憧れの気持ちを抱くようになりました」（高橋の証言・以下同）\n\n 当時、新井がやっていたトラブル仲裁の仕事を、二人は「まごころ相談室」と呼んでいた。「男女間のトラブルを、真心込めて、感謝されるような形で仲裁する仕事」（同）だったという。そこで高橋は新井の指示を受け「離婚後のトラブル解決や追い込み業務」などという手荒い“真心”を尽くすなかで、新井への尊敬の気持ちを膨らませていった。\n\n「ずっと新井さんについて行きたいと思いました。新井さんは“俺の言う通りにしてれば間違いないから”“俺たちはマジンガーZだ。俺が頭で、お前が体だ”と言っていました。私は自分で考えることもできないから、そうだなと思いました」\n\n 新井に心酔した高橋は、この当時、胸に刺青を入れた。法廷壁面に備え付けられた大型モニターに映し出された、高橋の胸元の写真は、その中心部に漢字で“新井”と彫られていた。\n\n 後編では、暴走する従兄弟二人組の凄惨な犯行の全容が明らかになる――。\n\n後編【「深谷の叔父貴、殺してくれねえか、もう許せねえ」 心酔する“従兄弟”の命令で連続殺人犯になった男は、なぜ公判で“裏切った”のか】に続く\n\n高橋ユキ（たかはし・ゆき）\nノンフィクションライター。福岡県出身。2006年『霞っ子クラブ 娘たちの裁判傍聴記』でデビュー。裁判傍聴を中心に事件記事を執筆。著書に『木嶋佳苗劇場』（共著）、『つけびの村 噂が5人を殺したのか？』、『逃げるが勝ち 脱走犯たちの告白』など。\n\nデイリー新潮編集部\n新潮社,['https://newsatcl-pctr.c.yimg.jp/t/amd-img/20240430-01119861-shincho-000-1-view.jpg?pri=l&w=640&h=426&exp=10800'],"['https://news.yahoo.co.jp/articles/d3e862263f3a748404c658422f5554ee1be0d042/images/000', 'https://www.dailyshincho.jp/article/2024/02131050/?photo=1']"
山中で1週間「薄皮あんぱんで食いつないだ」　遭難者の生死を分けた“選択”とは　プロに聞く「捜索現場のリアル」（デイリー新潮）,https://news.yahoo.co.jp/articles/e0438307cc8d6793520ba755b8d1883e5f96f65c,https://newsatcl-pctr.c.yimg.jp/t/amd-img/20240430-01120440-shincho-000-1-view.jpg?exp=10800,2024-04-30T06:24:45+09:00,2024-04-30T06:24:45+09:00,デイリー新潮,shincho,デイリー新潮,7594,\n遭難後にとった登山者の行動とは？ （※画像と記事本文は直接関係ありません）\n日光の山に縦走登山しに行った50代の男性が行方不明に。\n【写真を見る】ほぼ間違いなく、遭難者の位置を特定することが可能な「装置」\n家族から依頼を受け、民間の山岳遭難捜索チームLiSS（リス）のメンバーと代表の中村富士美氏は山へ向かう。遭難が発覚した翌日にはヘリと地上隊による捜索を始め「すぐに見つけられるはず」と考えていた。しかし、予想は裏切られ……。そんな中、捜索隊員は山中で一人の男性を発見するが――。思いも寄らない事態を迎えるに至った捜索の過程を前編後編にわたってお伝えする。\n\n 中村氏が捜索に携わった事例をまとめた著書『「おかえり」と言える、その日まで 山岳遭難捜索の現場から』より一部抜粋してお届けする。（前後編記事の前編）\n\n ***\nWさんが予定していたルート図\n2019年6月15日土曜日の午前4時。電話が鳴った。\n\n 会員制の捜索ヘリサービス「ココヘリ」を提供しているオーセンティックジャパン株式会社の久我一総（くがかずふさ）社長からだった。\n\n ココヘリに登録すると小さなキーホルダー型の会員証が貸与される。これが発信機となっており、遭難した場合に本人や家族からの通報を受けたら、専用の受信機を持った捜索隊がヘリコプターで上空から捜索を行い、遭難者の位置を特定するのだ。\n\n 久我社長によると、ココヘリ会員のご家族から昨晩通報が入ったのだが、現地の栃木県日光市足尾地域が天候不良でヘリを飛ばすことができない。地上から受信機を持って捜索に入ってもらえないか、という依頼だった。その日は雨。山には霧がかかり、視界が悪い。当然、ヘリを飛ばすことはできない。\n\n 登山に出かけた家族が帰らない。ご家族がその異変を感じるのは、だいたい帰宅予定日の夜だ。帰ってこない、電話もつながらない。安否を案じ、警察やココヘリといった機関に通報するのは深夜になってからが多い。ココヘリの場合は、そこから、登山者の登山計画書の確認やヘリコプターの手配などが始まる。そのため、夜明け前に私が捜索協力の連絡を受けるのも、珍しいことではない。\n遭難から1日であれば生存確率は高い\nその週末、私たちは別の捜索活動を予定していたが、やはり雨天のため中止にしていた。その捜索は、遭難から日が経っているケースだった。\n\n 雨天の場合、視界不良の中では効果的な捜索は行えないため、中止することが多い。また、沢の増水など捜索隊員の安全への配慮も中止する理由のひとつだ。しかし、この日に連絡を受けた遭難は、発生が前日という緊急案件だ。生存の可能性も高い。けがをして動けず、今この瞬間も救助を待っているかもしれない。私たちでできることをやろう。\n\n 地上隊が広範囲から受信できるアンテナを携行して稜線（りょうせん）へ上がれば、発信機の電波をキャッチできるのではないか。\n\n そう考え、すぐに隊員の山崎康司さんに連絡をとった。\n\n この日もともと捜索に入る予定だった山崎さんは、山岳ガイドであると同時に、ココヘリ捜索オペレーターとして日頃からヘリコプターに搭乗していた。\n\n 捜索や機械の扱いに慣れている山崎さんが視界の開けている稜線から受信機をかざせば、遭難者の位置を特定できる可能性が高まるだろう。山崎さんは足尾地域の山にも精通している。\n\n この日の午後から、私は久我社長たちとやりとりするため東京の自宅に残り、山崎さんともう1名が地上捜索隊として現地に入ることになった。\n\n 遭難者のWさんは、50代の男性である。\n\n 栃木県日光市足尾町にある国民宿舎かじか荘から入山し、庚申山（こうしんざん）、鋸山（のこぎりやま）、そして日本百名山のひとつである皇海山（すかいさん・標高2144メートル）に登る計画だった。復路はこのルートを戻ってくる予定になっている。往復するには全行程12時間以上はかかる、とても長い縦走で、途中には梯子（はしご）がかかっていたり、鋸の歯のような急な登りと下りを繰り返したりする危険箇所も多数存在している。\n\n 地上から受信機をかざすならば、鋸山の山頂が、標高も高く視界も開けていてベストだと考えた。\n「せめてお別れだけでもしたい」――いくら探しても見つからないという家族から依頼を受け、著者は山へ向かう。たとえ身近な低山でも、運命の分かれ道は登山道の随所に潜んでいるのだ。家族のケアをしながら丹念に話を聞き、プロファイリングで消えた足跡をたどる六つのエピソード。【遭難予防と早期発見に役立つコラム付き】 『「おかえり」と言える、その日まで 山岳遭難捜索の現場から』\nただ、日光側から車で登山道まで行くには、市が管理する林道の通行許可を取得する必要があった。この日は土曜日。林道通行許可を申請し行政から許可をもらうのは難しい。また、日光側から鋸山山頂へ登るには一般的なコースでも3時間ほどかかる。\n\n 一方、群馬県沼田市栗原川林道は、通行許可を取らずに皇海山登山口まで車で行くことが可能だった（現在は通行不可）。また、登山口から皇海山の稜線までは2時間弱だ。そのため捜索隊は群馬県側から捜索に入った。\n\n 私はWさんの奥さんと電話で連絡をとり、自己紹介をしたうえで、捜索の流れを説明し、Wさん自身が山岳保険に入っているかどうか、など基本的な確認をした。遭難発生直後だったし、ココヘリの電波が受信できればWさんの位置は特定されると考えていた。\nどうして電波をキャッチできないのか？\n予想に反して、この日Wさんのココヘリ発信機の電波を受信することはできなかった。\n\n 地上からの捜索だったからだろうか。翌日には天候も回復する見込みだ。ヘリを飛ばして上空から受信機を使えば、すぐに見つけることができるはず……。\n\n 捜索隊員たちはずぶ濡れで、登山口にあたる皇海橋駐車場に戻り、翌日の捜索準備と野営の準備を始めた。\n\n そこである違和感を山崎さんが持ったという。\n\n「あれ？ まだ下山してないのかな？」\n\n 出発前には数台の車が駐車場に停まっていたが、隊員たちは日没と同時くらいに下山したため、一般登山者の姿もなく車はもうない……と思いきや、1台の車が残されていることに気づいたのだ。その車はレンタカーで、車内には調理するためのガスボンベなど、登山用品がいくつか残されていた。\n\n 隊員たちがいる群馬県の栗原川林道から入山するのは、皇海山のみの日帰り登山を目的とする場合がほとんどだ。それなのに、こんな時間まで車が停まっているというのはおかしい。違和感を覚えながら、この日、地上捜索隊の2人は登山口にテントを張り、一日の活動を終えた。\n上空と地上からの捜索\n翌朝、雨も上がり、梅雨の晴れ間となった。\n\n 私は朝から久我社長やWさんのご家族と連絡を取りつつ、日光へ向かった。\n\n 東京の自宅から日光の現地までは車でおよそ3時間半。\n\n この日は天候が回復したため、ココヘリ受信機を搭載したヘリコプターによる捜索も準備しているとのことだった。地上捜索隊は昨日と同様、Wさんがたどったルートを群馬県側から日光の登山口へ向けて下りていくことにした。\n\n 隊員たちの車は群馬県側に置いておくので、日光側にたどり着いた後、彼らを群馬県側に送り届ける必要がある。そのため、私は下山側の日光に向かったのだ。\n\n 日光市足尾町にある登山口手前の駐車場でWさんの奥さん、娘さんと待ち合わせをした。娘さんはすでに成人していたが、家族仲も非常に良いのだろう、という印象を受けた。\n\n この段階で、遭難から2日後。私は今日のヘリコプターか地上隊の捜索で、生存しているWさんの位置が特定されるだろうと考えていた。なにせ、地上隊はWさん自身が歩いているルートをたどっている。空中か地上かはともかく、ココヘリの受信機がWさんの発信機の電波に反応するはずだ。\n\n 栃木県と群馬県の境にあるこの山域は、携帯電話の電波が不安定で、山中にいる地上捜索隊とほとんど連絡を取ることができなかった。無線が通じるようになったのは、午後になってからである。Wさんの発信機からの反応はなしとの報告だった。\n\n その時ちょうど、私たちの頭上にココヘリの受信機を搭載したヘリコプターが飛来した。\n\n Wさんのご家族は、ヘリコプターの動きを見守っていた。晴れはしたが天候が不安定だったため、ヘリコプターでの捜索は限られた時間の中での活動となった。\n\n 上空からであれば、Wさんの発信機からの反応を捉えることができる。Wさんのご家族、地上捜索隊、その場にいた誰もがそう思っていた。\n\n しかし、ヘリコプター捜索でも、Wさんのシグナルを捉えることはできなかった。\n\n 遭難者がココヘリ発信機を携行していた場合、ヘリコプターから捜索をかければ、ほぼ間違いなく、遭難者の位置を特定することが可能なはずだ。\n\n それなのに、Wさんのシグナルを捉えられないのはなぜだろう。\n\n 考えられる原因はいくつかあった。\n\n まずは、何かの理由で発信機が故障してしまった場合。沢などに落として水没してしまっているといった可能性もある。\n\n もしくは、充電切れや、電源が入っていない場合。\n\n 過去にはそもそも家に発信機を置いてきてしまっていたというケースもあったが、Wさんの自宅に発信機は残されていなかった。今回はなんらかの原因で発信機の電源が入っていない状態になっているか、水没の可能性が高いと考えた。\n捜索の仕切り直し\nこの段階で、捜索プランは全て見直しだ。Wさんのご家族とココヘリ久我社長と相談し、今後は地上捜索を中心にすることになった。\n\n ここまでの2日間は、とにかく「どうやってWさんの発信機の電波を受信するか」をファーストミッションに動いてきた。それが、ここからは通常の捜索になる。つまり、プロファイリングをし、Wさんのルートを再度検討し、捜索場所の優先順位をつけ、その現場に入るために必要な装備の準備を始めなければならない。\n\n 遭難してから日も浅く、Wさんの生存可能性はかなり高い。それなのに、一度この現場を離れなければならないということに、非常に申し訳なさを感じた。しかもWさんの行程は、繰り返しになるが、とても長いものだった。正直、「どこから、どう探すべきか……」と捜索計画に頭を悩ませていた。\n\n Wさんは日頃「山で遭難してもココヘリに入っているから大丈夫」とご家族に話していたという。奥さんと娘さんは気丈に振る舞っていたが、Wさんが戻らない現実に直面し、混乱されている様子がうかがえた。\n\n ココヘリは会員が遭難した場合、無料で3回までヘリで捜索を行ってくれる（2023年1月1日時点では、捜索費用補填額以内で4回目以降もヘリ捜索が可能となっている）。この日は天気の合間をぬってココヘリのヘリコプターによる捜索を一度行った。久我社長の「ヘリは契約的にまだ飛ばすことができるから、『ここだ』という時には、ヘリ捜索も考慮してください」という言葉が救いだった。\n目撃情報を探す\n私は、プロファイリングのため、奥さんと娘さんにWさんについて話を聞いた。\n\n 性格は基本的には慎重だが、決断力があり、時折ダイナミックなところもあるそうだ。そうなると、登山の仕方も少し未知数なところがあるかな、と思ったが、頭脳明晰で理知的であり、元来の注意深い性格も考慮すれば、大きな道迷いをしてもそのまま先に進むことは考え難い。それより、どこかで足を踏み外して滑落している可能性が高いのでは、と考えた。また、非常に社交的で人と話をすることも好きとのことだった。それならば、登山中もすれ違った人と会話をしているかもしれない。目撃情報を得られないだろうか。\n\n 遭難が発生した日に同じ山を登っていた登山者から話を聞くことができれば、当時の天候や登山道の状態、さらに言えば目撃情報を得られる可能性もある。そう考えて、SNSや登山サイトに投稿されている記録もチェックし、Wさんと山で遭遇している可能性がある登山者を探した。\n\n 日光側から庚申山、鋸山、皇海山と縦走するこのロングルートは、休日であっても決して多くの登山者がいるわけではない。しかも、Wさんが登山したのは平日だ。\n\n しかし、LiSSの捜索隊が入山したルートで、群馬県側から皇海山だけを目指す登山者は多く、Wさんが登った日の登山記録が1件、登山サイトに投稿されていた。群馬県側から皇海山を目指した場合、登山口から皇海山山頂へ登り、登ってきた同じ道を下ることになる。途中で鋸山からの縦走ルートに合流するので、Wさんが皇海山までたどり着いていたなら、この登山記録を投稿した方とどこかですれ違っているかもしれない。Wさんのご家族から遭難の概要について他者に情報開示する了承を得て、この登山記録を投稿した方へサイトからダイレクトメッセージを送り、コンタクトを取ることにした。\n\n このようにLiSSが携わる遭難捜索では、遭難者の計画を元にウェブ上で同じ日に同じルートを登った方を見つけ、話を聞くことがある。メッセージを受け取った側は急な連絡で驚くだろうし、見ず知らずの私からのコンタクトを怪しく思う可能性もある。そのため私は、最も読んでもらえる可能性が高いファーストコンタクトのメールに、遭難者の服装、遭難したであろう日付、何時に出発したか、山のどこであなたと接触した可能性が高いか、などを細かく記載する。\n\n その上で「なにか情報をいただけたら、ありがたいです。『見かけていない、出会っていない』というものだとしても、私たちにとっては貴重な情報です。もし、情報提供いただけるようでしたら、管轄の警察署はこちらになるので、警察署でも、私たちにでも、どちらにでも構わないので、ご連絡いただければ幸いです」という風に書いて送る。\n\n 今回もありがたいことに返信をいただき、話をする機会をもらえた。ご夫婦で登山をしていたそうで揃って証言を得ることができた。おふたりはこの日、皇海山と隣接している鋸山にも登ったという。ルートは群馬県側の皇海山の登山口から地図でいえば皇海山と鋸山の中間あたりに出て、まず皇海山に登り、次に鋸山に登る。そして登山口に戻るというルートだった。皇海山を登り終えて鋸山へ向かう途中と鋸山から下って登山口に戻る途中の2回、Wさんとすれ違い、会話をしたそうだ。Wさんはとても疲れた様子で、「またあの道を戻らないといけない」と話していたという。 \n\n 念のためWさんの写真も確認してもらうと「この方で間違いありません」「自分たちが登山中に話した方があの後、遭難していたなんて」と震える声で話していた。おふたりの証言を元に考えると、Wさんは目的としていた皇海山に登頂した後、復路の鋸山か庚申山を進んでいる間に事故に遭ったことになる。\n生存者を発見\n「またあの道を戻らないといけない」\n\n その言葉からどれだけ険しい道のりだったのかが想像できる。\n\n 鋸山は名前の通り鋸の歯のようにギザギザとした細かい尾根と谷が幾重にも続いている。見通しの利かないこの谷を、ひとつひとつ丁寧に捜索しなければならない。現場に入る捜索隊員は3人。50メートルのロープを3本使い、稜線から150メートル下まで降り、ロープにつながれたまま周囲を確認し、登って戻る。そして次の谷を降りて……を繰り返す捜索を計画した。\n\n 捜索隊が山中を進むと、どこからかピーッと笛の音が聞こえてきた。\n\n Wさんか！ 隊員たちの間に緊張が走った。笛が鳴るたびにWさんの名前を呼び、その声に笛の音が返ってきた。\n\n 笛が鳴る方へ隊員が向かうと、泥のついた赤い雨具を着て、ひげをはやし、右目の下に傷を負って脚を引きずる登山者と出会った。\n\n「よかった！ 1週間前に皇海山へ登ろうと群馬側から入山したのだけど、途中で道に迷って滑落してしまい、けがをして動けなくなっていたんです」\n\n 1週間前？ よくよく話を聞くと、彼が遭難したのは6日前、Wさんが山に入ったのと同じ日だ。山の中にずっといて、日付感覚がズレていたのだろう。\n\n「Wさんですか？」と尋ねると、違う登山者だった。\n\n もしかしたら、あのレンタカーの方か、と隊員は直感したという。\n\n 捜索2日目、地上捜索隊が日光側へ下山してきて、予定通り私の車で群馬県側の登山口へと戻った時のこと。21時を過ぎ、真っ暗な皇海橋駐車場に着くと、山崎さんが口を開いた。\n\n「やっぱり、このレンタカーおかしいよ、昨日もここに停まっていて、動いた形跡がないよ」\n\n 嫌な予感がする。Wさん以外にも、この山で遭難者が……？ 私たちはレンタカーのナンバーを控え、不審車両として群馬県警察へ報告していたのである。\n「1週間動かず、休日になるのを見計らって動いて…」\n登山者は「1週間動かず、パンを小分けして食べて空腹を凌いでいました。この山域は平日、登山者も多くないから、休日になるのを見計らって動いてここまで来たんです」と安堵した様子で話したそうだ。実際はこの日は木曜日だったが、ヘリコプターが飛んでいるのを見つけ、「もしかしたら、自分を捜索してくれているか、他にも遭難した人がいて、救助隊が入っているのかもしれない」と思ったという。\n\n この方が生存発見につながったのは、足の骨折と顔の擦り傷だけで、致命的なけがを負っていなかったからであろう。また、薄皮アンパンを多めに持参していたため、それで食いつなぐこともできた。遭難直後には雨にも見舞われたが、6月ということ、標高も1500～1700メートル程度の場所にとどまっていたことから、低体温症に陥るほど体温が低下せずに済んだことも大きい。\n\n ***\n\n 後編【「登山へ行った夫が帰らない…」 日光の山中で発見された男性は別人で…捜索は思いも寄らない事態に】では“2人目の遭難者”の発見に続き、足取りがつかめなかったWさんがご家族の元に帰るまでの捜索の過程をお伝えする。\n\n※『「おかえり」と言える、その日まで 山岳遭難捜索の現場から』より一部抜粋・再編集。\nデイリー新潮編集部\n新潮社,"['https://newsatcl-pctr.c.yimg.jp/t/amd-img/20240430-01120440-shincho-000-1-view.jpg?pri=l&w=640&h=426&exp=10800', 'https://newsatcl-pctr.c.yimg.jp/t/amd-img/20240430-01120440-shincho-001-1-view.jpg?pri=l&w=426&h=640&exp=10800', 'https://newsatcl-pctr.c.yimg.jp/t/amd-img/20240430-01120440-shincho-002-1-view.jpg?pri=l&w=473&h=640&exp=10800']","['https://news.yahoo.co.jp/articles/e0438307cc8d6793520ba755b8d1883e5f96f65c/images/000', 'https://www.dailyshincho.jp/article/2024/04300614/?photo=3', 'https://news.yahoo.co.jp/articles/e0438307cc8d6793520ba755b8d1883e5f96f65c/images/001', 'https://news.yahoo.co.jp/articles/e0438307cc8d6793520ba755b8d1883e5f96f65c/images/002']"
「カタギになろうよ」　池田組幹部の関係者宅に手榴弾が投げ込まれて警察が取っている声かけ作戦（デイリー新潮）,https://news.yahoo.co.jp/articles/e9c4aa42d56fc5992584312b70c8968d55ce0fd3,https://newsatcl-pctr.c.yimg.jp/t/amd-img/20240430-01121034-shincho-000-1-view.jpg?exp=10800,2024-04-30T06:00:41+09:00,2024-04-30T06:00:41+09:00,デイリー新潮,shincho,デイリー新潮,1407,\n不審者が近隣を\n手榴弾を投げ込まれた現場の光景\n4月18日夜、6代目山口組と敵対する神戸山口組と2社連合を組む池田組（池田孝志組長、本部:岡山市）の副本部長の関係者宅に手榴弾が投げ込まれる事件が発生した。被害者が出ることはなかったが、現場の被害は甚大だったという。実行犯として名前があがった組織とは別に、池田組内の犯行も想定されているという。\n【写真を見る】2024年1月25日、暖かそうな黒いコートに身を包んだ司組長とナンバー2、3ら執行部の面々など\n池田組の田中勇次副本部長の関係者宅（倉敷市）に手榴弾が投げ込まれたのは、4月18日午後10時すぎのこと。田中副本部長は事件前から不審者が近隣を往来していることを察知し、関係者には家を空けておくように指示していたようで、被害者が出ることはなかった。\n\n なかなか最近は聞かない手榴弾という手段を用いた犯人は逃走中。犯人が所属し、犯行を指示した組織として、4代目倉本組、2代目若林組（いずれも6代目山口組の2次団体）、そして3代目妹尾組（6代目山口組の3次団体、上部組織は5代目山健組）などの名が上がっているという。言うまでもなく、池田組と敵対する山口組側の組織ということになる。\n内部抗争を指摘する声\n手榴弾を投げ込まれた現場の光景\n3代目妹尾組は以前に若頭が散髪中の池田組長を襲撃したことがあった。また、愛媛のスターバックスコーヒーでかつての舎弟を射殺したことで殺人容疑で逮捕された池田組の前谷祐一郎若頭が2代目若林組の幹部を狙っていたと報じられたりしたこともある。それなりに名前が上がる理由があるということなのだろう。\n\n その一方で、池田組における内部抗争を指摘する声もあるようだ。どんな組織でも多少のあつれきはあるのかもしれないと言ってしまえばそれまでだが、手榴弾を投げるような事態にまで行くとなると随分物騒な話だ。内紛の理由として取り沙汰されているのは、特に古参から「池田組長が若い連中を可愛がりすぎだ」などといった声が漏れている点だとされる。\n\n「ここ最近、内部から、若頭代行や本部長を拝命した幹部に対する異議申し立ての声が上がっていると聞きました。池田組長が気に入ると毎月ある程度の“給与”が支払われる仕組みもあるのですが、逆に気に入られなければそのような恩恵にあずかることはできないとのことです」\n\n と、竹垣悟氏（元山口組系義竜会会長で、現在はNPO法人「五仁會」を主宰）。\n当局の圧力\n池田組はかねてリッチな組織として知られ、本部のある岡山市内中心地の土地を関連会社が所有し、そこからの収入だけでも月に1000万円はあるとされている。“給与”の原資には事欠かないということなのだろう。\n\n 前出・前谷若頭は内部での意見の相違に対して重石として機能していたようだが、愛媛スタバ事件で不在の状況。これも分断に拍車をかけている可能性がある。\n 警察当局もそういった揉め事のにおいをかぎとり、これに乗じて組織の弱体化を狙って、組員らに生活保護の手続きなどを説明してサポートすると同時に、「カタギになるように」と熱心に声かけをしているとされる。\n\n この声かけが奏功するか否かに注目が集まるが、内部であれ何であれ抗争に市民が巻き込まれることだけはごめん被りたいものだ。\n\nデイリー新潮編集部\n新潮社,"['https://newsatcl-pctr.c.yimg.jp/t/amd-img/20240430-01121034-shincho-000-1-view.jpg?pri=l&w=640&h=426&exp=10800', 'https://newsatcl-pctr.c.yimg.jp/t/amd-img/20240430-01121034-shincho-001-1-view.jpg?pri=l&w=640&h=426&exp=10800']","['https://news.yahoo.co.jp/articles/e9c4aa42d56fc5992584312b70c8968d55ce0fd3/images/000', 'https://www.dailyshincho.jp/article/2022/02240601/?photo=2', 'https://news.yahoo.co.jp/articles/e9c4aa42d56fc5992584312b70c8968d55ce0fd3/images/001']"
