headline,mainEntityOfPage,image,datePublished,dateModified,author,media_en,media_jp,str_count,body,images,external_links
「マリークワント」が「ケアベア」とコラボ　バッグやルームウエアが登場（WWDJAPAN.com）,https://news.yahoo.co.jp/articles/cfbb55b006490e92f979c1897da74a593dfefbda,https://newsatcl-pctr.c.yimg.jp/t/amd-img/20260514-02400481-wwdjapan-000-1-view.jpg?exp=10800,2026-05-14T22:00:00+09:00,2026-05-14T22:00:00+09:00,WWDJAPAN.com,wwdjapan,WWDJAPAN.com,430,(写真:WWDJAPAN) 「マリークワント（MARY QUANT）」が「ケアベア」とコラボレーションした“ケアベア デザイン コレクション”を5月15日から公式オンラインショップで先行予約受付を開始、26日から全国の「マリークワント」店舗で発売する。 【画像】「マリークワント」が「ケアベア」とコラボ バッグやルームウエアが登場 ラインアップは、“フェイス ダイカット ポーチ”（5940円）、“ゴールドプリント トート”（7700円）、“ラウンドポーチ”（4730円）、“リップポーチ”（3960円）、“パディングモチーフ トート”（1万3200円）といった小物のほか、“ニット プルオーバー”（9350円）、“ゴールドプリント トート”（7700円）、“メタル バッグチャーム”（4950円）、“ワニクリップ”（3630円）、“ルームウェア”（1万1000円）などアパレルも展開する。 同コレクションを購入した人には、限定デザインのショッパーを進呈する。,[],[]
「アルファ インダストリーズ」が渋谷・ミヤシタパークでポップアップを開催　日本限定アイテムを発売（WWDJAPAN.com）,https://news.yahoo.co.jp/articles/3c6db16cff50a29d9db46480e925a0e586d9a64d,https://newsatcl-pctr.c.yimg.jp/t/amd-img/20260514-02400615-wwdjapan-000-1-view.jpg?exp=10800,2026-05-14T20:30:00+09:00,2026-05-14T20:30:00+09:00,WWDJAPAN.com,wwdjapan,WWDJAPAN.com,548,(写真:WWDJAPAN) ミリタリーブランド「アルファ・インダストリーズ（ALPHA INDUSTRIES）」は5月21日〜6月16日、渋谷のミヤシタパークで期間限定のポップアップストアを開催する。ラインアップには日本の気候とトレンドを考慮した日本限定のボトムス、本物故のモディファイが効いたライトアウターなどをそろえる。 【画像】「アルファ インダストリーズ」が渋谷・ミヤシタパークでポップアップを開催 日本限定アイテムを発売 今回のポップアップストアではこれまでの“重厚なアウターブランド”のイメージを覆す、ボトムス主体のスタイリングを提案する。実用性、機能性を備えるユーティリティウエアのディティールを活かしつつ、モダンなストリートシーンに馴染むアイテムを用意した。フライトジャケット（3万5200円）に加えて日本限定アイテムとして、デニムトラウザーズ（1万9800円）、スエットショーツ（1万3200円）、カーゴパンツ（1万9800円）をラインアップする。 ◾️アルファ インダストリーズ SS2026 ミヤシタパーク ポップアップストア 日程：5月21日〜6月16日 時間：11：00〜21：00 場所：レイヤード ミヤシタパーク サウス 2階 住所：東京都渋谷区神宮前6-20-10,[],[]
学生の視点で見る「楽天ファッション ウィーク東京」　中高生のファッション育Vol.14（WWDJAPAN.com）,https://news.yahoo.co.jp/articles/9b3d50d72a8a48753f5f898955bce244119c2423,https://newsatcl-pctr.c.yimg.jp/t/amd-img/20260514-02400451-wwdjapan-000-5-view.jpg?exp=10800,2026-05-14T20:00:00+09:00,2026-05-15T00:36:47+09:00,WWDJAPAN.com,wwdjapan,WWDJAPAN.com,1059,(写真:WWDJAPAN) 中高生のためのファッション育プロジェクト「フューチャー・ファッション・インスティテュート（FUTURE FASHION INSTITUTE、以下FFi）」は、「ファッション育」を通じて子どもたちの感性を磨き、未来の業界を担う人材や、センスを生かして働く力の育成を支援する。展示会訪問や業界人へのインタビューを重ねる中高生メンバーは、自らの体験を発信し、周囲に刺激を与えている。FFiはこうしたポジティブな循環を通じて、子どもたちが「未来の自分」を思い描き、夢に近づくことを目指す。 【画像】学生の視点で見る「楽天ファッション ウィーク東京」 中高生のファッション育Vol.14 FFiが2019年秋から見学を続けてきた「楽天ファッション ウィーク東京（Rakuten Fashion Week TOKYO）」も今回で14シーズン目を迎える。今年は、Vol.13で紹介した日本ファッション・ウィーク推進機構（以下、JFWO）ディレクターの今城薫氏からの学びを経てショーを見学した。そショーを楽しむだけでなく、ファッション業界を支える仕事の視点を持ちながら、5つのブランドや企画のショーを観覧。プロの仕事の迫力を改めて肌で感じたひとときとなった。 3月16日 「台湾セレクト（TAIWAN SELECT）」 見学のスタートを飾ったのは、台湾テキスタイルフェデレーション（紡拓会）主催の「台湾セレクト」。「チャー（CHIA）」「ペシズ（PCES）」「イェンティティ（YENTITY）」の3ブランドが、台湾の豊かな文化的多様性をデザインと素材で表現し、それぞれの個性を鮮やかに打ち出した。 光沢感のあるテキスタイルをふんだんにまとったドレス、レイヤードやオーバーサイズのアウターが生み出す圧倒的なボリューム感など、実際に目の前で繰り広げられるショーの迫力にFFiのメンバーたちは圧倒された。 【参加メンバー・メンターの感想】 「これまでにも何度か足を運ばせていただいている『楽天ファッション ウィーク東京』ですが、今回は特に台湾ブランドが持つクリエイションの凄さに魅了されました。 特に心引かれたのは、今回初めて出合ったブランド『チャー』。一枚の大きな生地を折り紙のように畳んだり、同じような色の生地を重ねたりするスタイルは、どこかアジアっぽさを感じさせる不思議な魅力がありました。フリフリした飾りとはまた違う、布そのものが持つ『クシュクシュとした繊細なシワ』の質感が、たまらなくかわいかったです。,[],[]
ワコールHD2026年度3月期決算は不動産売却により営業利益が5倍以上　国内は回復基調で「ピーチ・ジョン」は黒字化（WWDJAPAN.com）,https://news.yahoo.co.jp/articles/179dee0f0ae63f3b40b567a923e073b3ef6097e9,https://newsatcl-pctr.c.yimg.jp/t/amd-img/20260514-02400803-wwdjapan-000-1-view.jpg?exp=10800,2026-05-14T19:45:00+09:00,2026-05-14T19:45:00+09:00,WWDJAPAN.com,wwdjapan,WWDJAPAN.com,850,(写真:WWDJAPAN) ワコールホールディングス（HD）の2026年3期期通期決算（国際会計基準）は、売上高に相当する売上収益が前年比1.4％減の1715億️1000万円、営業利益が同504.5％増の198億7700万円だった。国内は緩やかな回復基調にありながらも米中の減収が影響し減収になった。営業利益は、新京都ビル等の固定資産売却益（約195億円）が寄与し、大幅な増収になった。 【画像】ワコールHD2026年度3月期決算は不動産売却により営業利益が5倍以上 国内は回復基調で「ピーチ・ジョン」は黒字化 国内ワコールの売上高は、前年並の877億2300万円で、新京都ビルの固定資産売却益の計上により同532.7%増の187億9100万円と大幅な増益になった。女性下着では、「ごこち(GOCOCI)」や「ウイング(WING)」に加え、高価格帯「サルート(SALUTE)」の復刻ラインが好調に推移したほか、主軸ブランドの「ワコール(WACOAL)」が回復基調へ転換した。コンディショニングウエアの「CW-X」は、大谷翔平の着用効果もあり、アームサポーターを中心に販売を伸ばした。 海外ワコールの売上高は、同1.8%増の684億6800万円、営業利益は同16.5%増の4億8800万円だった。米国ワコールは、主要取引先百貨店の閉店の影響やECの伸び悩みにより厳しい状況が継続。プラスサイズ市場強化の目的でグラモライズ・ファンデーションズの買収を決定した。欧州ワコールは、25年6月に発生した物流倉庫火災の影響を受けたが、24年に買収したブラビッシモ・グループの売上高が寄与した。中国ワコールは、実店舗・EC共に厳しい状況が継続している。 ピーチ・ジョンの売上高は、同6.4%増の111億4400万円、営業利益は、1億4900万円（前期は２億6600万円の営業損失）と黒字化。コミュニケーション及び商品戦略が奏功し、全てのチャネルで売上高が伸長。定番の“ナイスバディブラ”シリーズが全体をけん引した。,[],[]
100個の巨大な頭蓋骨、動き出しそうな小さな老人　リアルかつあり得ないサイズ感が感情を揺さぶる「ロン・ミュエク」展が六本木・森美術館で開催中（WWDJAPAN.com）,https://news.yahoo.co.jp/articles/474c75f6375e244a2e0fbbdcf97de71f47a0e69b,https://newsatcl-pctr.c.yimg.jp/t/amd-img/20260514-02400158-wwdjapan-000-2-view.jpg?exp=10800,2026-05-14T19:30:00+09:00,2026-05-14T19:59:59+09:00,WWDJAPAN.com,wwdjapan,WWDJAPAN.com,906,(写真:WWDJAPAN) 東京・六本木の森美術館で、イギリスを拠点に活動する彫刻家の個展「ロン・ミュエク（Ron Mueck）」が9月23日まで開催されている。現実ではあり得ないサイズと、緻密かつリアルな具象彫刻で知られるミュエク。1作品の制作に数カ月、時には数年かかる場合もあり、過去30年間の作家活動で制作された作品総数は50点ほどしかないが、本展では初期の代表作から近作まで11点を展示。うち6点は日本初公開であり、彼の作品を国内で鑑賞できるまたとない貴重な機会だ。 【画像】100個の巨大な頭蓋骨、動き出しそうな小さな老人 リアルかつあり得ないサイズ感が感情を揺さぶる「ロン・ミュエク」展が六本木・森美術館で開催中 映画・広告業界のモデルビルダーから世界的アーティストへ 日本国内での個展開催は、金沢21世紀美術館で開催された2008年以来、18年ぶり2度目。カルティエ財団現代美術館（Fondation Cartier pour l'art contemporain）との長年にわたる関係性によって企画されており、パリ、ミラノ、ソウルを経て、東京に巡回している。 ミュエクは、1958年オーストラリア・メルボルン生まれ、現在はイギリスを拠点に活動する作家だ。映画・広告業界で、模型などを制作するモデルビルダーとして20年以上のキャリアを重ね、自身の会社も立ち上げるが、90年代半ばから美術作家として、さまざまな彫刻制作に取り組むようになる。 96年、ロンドンのヘイワード・ギャラリー（Hayward Gallery）で開催された展覧会で展示した「ピノキオ」で現代アートの世界にデビュー。翌97年に、亡くなった自身の父親を実際よりも小さなサイズで表現した「死んだ父」が、同地のロイヤル・アカデミー・オブ・アーツ（Royal Academy of Arts）で開催された「センセーション：サーチ・コレクションのヤング・ブリティッシュ・アーティスト（Sensation: Young British Artists from the Saatchi Collection）」展に出品され、一躍注目を集めた。,[],[]
「アメリ」が「ハンター」とコラボ　レインブーツ、ローファー、バッグを展開（WWDJAPAN.com）,https://news.yahoo.co.jp/articles/5d06337ea2759df48c305e787b01d24588d58f97,https://newsatcl-pctr.c.yimg.jp/t/amd-img/20260514-02400251-wwdjapan-000-1-view.jpg?exp=10800,2026-05-14T19:00:00+09:00,2026-05-14T19:00:00+09:00,WWDJAPAN.com,wwdjapan,WWDJAPAN.com,407,(写真:WWDJAPAN) 黒石奈央子が手掛けるブランド「アメリ（AMERI）」は、イギリスの老舗ブランド「ハンター（HUNTER）」とのコラボレーションアイテムを5月29日に発売する。 【画像】「アメリ」が「ハンター」とコラボ レインブーツ、ローファー、バッグを展開 ラインアップは、光沢感のあるグロス仕上げが特徴の“グロス チェルシー ブーツ”（2万3100円）と“グロス タッセル ペニー ローファー”（2万5300円）、撥水ナイロン素材を使用した“プレミアム ナイロン バケット”（2万1450円）と“プレミアム ナイロン ショルダー バッグ”（2万1450円）の計4アイテム。バッグ2型にはレオパード柄のミラーが付属する。 同コラボレーションアイテムは、「アメリ」公式ウエブストアおよび「アメリ ヴィンテージ（AMERI VINTAGE）」直営店、「ハンター」銀座フラッグシップストア、神戸店で販売する。,[],[]
「アー・ペー・セー」と藤原ヒロシの「フラグメントデザイン」がコラボ　ポップアップストアやDJが出演するイベントも（WWDJAPAN.com）,https://news.yahoo.co.jp/articles/28eedd3bae8fd73772bd5c29e00587ad32f1b57d,https://newsatcl-pctr.c.yimg.jp/t/amd-img/20260514-02400567-wwdjapan-000-1-view.jpg?exp=10800,2026-05-14T18:30:00+09:00,2026-05-14T18:30:00+09:00,WWDJAPAN.com,wwdjapan,WWDJAPAN.com,924,(写真:WWDJAPAN) 「アー・ペー・セー（A.P.C.）」は5月19日、藤原ヒロシが主宰する「フラグメント デザイン（FRAGMENT DESIGN）」とのコラボコレクション“インタラクション #30 ”（INTERACTION #30 ）を発売する。公式オンラインストア、ゾゾ（ZOZO）、楽天、「アー・ペー・セー」渋谷パルコ、阪急メンズ大阪、福岡などで取り扱う。また、20〜26日に今回のコラボを記念したポップアップストアを伊勢丹新宿本店メンズ館で開催する。さらに「アー・ペー・セー」代官山 オム（HOMME）でDJのカン タカギ（KAN TAKAGI）、マユ カキハタ（MAYU KAKIHATA）が出演する記念イベントも行う。同イベントではメンズ・ウィメンズ両方のコレクションを購入可能だ。 【画像】「アー・ペー・セー」と藤原ヒロシの「フラグメントデザイン」がコラボ ポップアップストアやDJが出演するイベントも ラインアップはワークジャケットやジーンズ、キャップなど 今回のコラボコレクションでは形や素材を解体し再構築することで知られるアートムーブメント“シュポール/シュルファス”（Supports/Surfaces）に着想を得た。このコンセプトは両ブランドを結ぶスラッシュによる共有ロゴに表され、「アー・ペー・セー」のギターとダガーのエンブレムは「フラグメント デザイン」の稲妻モチーフへ再解釈した。 ワークジャケットはチャールズ・チャップリン（Charlie Chaplin）の映画「モダン・タイムス」で着用した複数のモデルに着想を得た。また、ジーンズは外側のシームに沿ってコントラストの効いたラバーストライプを施し、内側のカフにはポール・ニューマン（Paul Newman）の「クール・ハンド・ルーク」へのオマージュが込められている。また、ギャバジン・チノにも同様のディティールを施した。 ほか、チェックのサイドパネルと藤原ヒロシ、「アーペーセー」のデザイナーであるジャン・トゥイトゥ（Jean Touitou）のイニシャル刺しゅうを配したホワイトのポプリンシャツ、グラフィックTシャツ、レザーカードホルダーなどもそろえた。,[],[]
「ドリス ヴァン ノッテン」ビューティコレクションから3種の香りのハンド＆ボディラインが登場（WWDJAPAN.com）,https://news.yahoo.co.jp/articles/96c922009ee8b28f6c089c39076ad502238ed90a,https://newsatcl-pctr.c.yimg.jp/t/amd-img/20260514-02400239-wwdjapan-000-1-view.jpg?exp=10800,2026-05-14T18:00:00+09:00,2026-05-14T18:00:00+09:00,WWDJAPAN.com,wwdjapan,WWDJAPAN.com,592,(写真:WWDJAPAN) 「ドリス ヴァン ノッテン（DRIES VAN NOTEN）」のビューティコレクションから新たに、リキッドソープ（1万3200円）、ボディローション（1万5840円）、ハンドクリーム（7920円）が登場した。香りは“バジル＆ヒノキ”“ペッパー＆ローズ ベルベット”“ソワ＆アンバー”の3種類。「ドリス ヴァン ノッテン」公式サイト、青山店、ニュウマン高輪店、西武池袋店、阪急梅田本店2階、京都BAL店で販売中だ。 【画像】「ドリス ヴァン ノッテン」ビューティコレクションから3種の香りのハンド＆ボディラインが登場 単独で使うだけではなく、香水をレイヤリングすることでより奥行きのある香りの体験をかなえる。既存のフレグランス“クレイジー バジル”には“バジル＆ヒノキ”、”レイヴィング ローズ”には“ペッパー＆ローズ”、“ソワ マラケ”には“ソワ＆アンバー”が呼応する。 それぞれのアイテムにはローズヒップオイルやスイートアーモンドオイル、ジャスミンエキスを配合したビーガン処方で、敏感肌を含むすべての肌に寄り添う。リキッドソープとボディローションのガラスボトルは詰め替えやリサイクルを前提に設計し、リフィル容器には完全リサイクル可能なPET、ハンドクリームのアルミチューブにもリサイクル可能なアルミチューブを採用するなど、美と持続可能性の共存を追求する。,[],[]
「フリークス ストア」が台湾の“第1回 心中山グルメ・トラベルカーニバル”でポップアップを開催（WWDJAPAN.com）,https://news.yahoo.co.jp/articles/4d5c3baac5692dcc09b57ac899bf27ce23d552e0,https://newsatcl-pctr.c.yimg.jp/t/amd-img/20260514-02400421-wwdjapan-000-1-view.jpg?exp=10800,2026-05-14T17:30:00+09:00,2026-05-14T17:30:00+09:00,WWDJAPAN.com,wwdjapan,WWDJAPAN.com,407,(写真:WWDJAPAN) 「フリークス ストア（FREAK’S STORE）」は5月14〜17日、台湾の臺北市にある心中山線形公園で開催する“第1回 心中山グルメ・トラベルカーニバル”に出展し、ポップアップストアを開催する。 【画像】「フリークス ストア」が台湾の“第1回 心中山グルメ・トラベルカーニバル”でポップアップを開催 “第1回 心中山グルメ・トラベルカーニバル”は、台北メトロが主催し、日本・韓国・シンガポール・台湾からパートナーを迎える。会期中は開幕式や感謝式の実施のほか、旅行関連事業者や特色あるグルメ店舗などが出展する。 台湾で「フリークス ストア」の世界観を 同ポップアップでは、台湾で「フリークス ストア」の世界観を楽しめるコンテンツを展開する。同ブランド特別仕様のフォトブースや数量限定でノベルティーを用意。また、ペインターのカコマキ（Kakomaki）氏によるライブペイントを開催する。,[],[]
コーエン兄弟による映画「ビッグ・リボウスキ」がリバイバル上映　ボウリングシャツとTシャツを受注販売（WWDJAPAN.com）,https://news.yahoo.co.jp/articles/26d33f6a1ef4efc92b7e738bcc6ed5bebbc042e7,https://newsatcl-pctr.c.yimg.jp/t/amd-img/20260514-02400529-wwdjapan-000-1-view.jpg?exp=10800,2026-05-14T17:00:00+09:00,2026-05-14T17:00:00+09:00,WWDJAPAN.com,wwdjapan,WWDJAPAN.com,1086,(写真:WWDJAPAN) 国内最大級の映画・ドラマ・アニメのレビューサービス「フィルマークス（Filmarks）」は、5月29日から2週間限定で、コーエン兄弟による映画「ビッグ・リボウスキ」のリバイバル上映を行う。また、合わせて同作のアパレルコレクションを5月29日正午から6月12日正午まで「Filmarks Store」で受注販売する。 【画像】コーエン兄弟による映画「ビッグ・リボウスキ」がリバイバル上映 ボウリングシャツとTシャツを受注販売 今回は、Tシャツ3型とボウリングシャツ1型をラインアップする。“ガターボウルズ T“（9900円）は、夢の中でモードとボウリングをするシーンをフロントにプリント。ブラックマジック手法による自然なフェード感のインクジェットプリントと、文字部分のシルクスクリーンを組み合わせた。なお、“ガターボウルズ T”（L／XL）のみ、新宿ピカデリー、池袋HUMAXシネマズ、名古屋センチュリーシネマ、テアトル梅田、KBCシネマで数量限定販売を行う。 “デュード T”（9900円）は、劇中で象徴的に使われる“THE DUDE ABIDES”のメッセージをデュードの写真と共にフロントへ配置。クラック加工を施したシルクスクリーンプリントと製品染めによって、ビンテージライクな表情に仕上げた。 “ウォルター＆リボウスキ T”（9900円）は、ボウリング場での日常的なワンシーンをバックプリントに採用。ウォルターとリボウスキの鮮やかなグラフィックに、ベンチのオレンジカラーとリンクしたロゴを重ねている。 また、“ボウリング シャツ”（1万2100円）も登場。劇中でデュードが着用していたボウリングシャツをベースに、現代的なシルエットへ再構築した。左胸には「Dude」の文字とボウリングモチーフを刺しゅうし、バックにはオープニングタイトルアニメーションをモチーフにしたグラフィックをプリントしている。 映画「ビッグ・リボウスキ」公開情報 映画「ビッグ・リボウスキ」は、1998年公開作。5月29日から全国63館で2週間限定リバイバル上映。料金は1600円均一。監督をジョエル・コーエン、脚本をイーサン・コーエンとジョエル・コーエンが手掛けた。出演はジェフ・ブリッジス、ジョン・グッドマン、スティーヴ・ブシェミ、ジュリアン・ムーアら。物語は、70年代ヒッピーカルチャーを引きずった中年男“デュード”が、同姓同名の大富豪と間違えられたことをきっかけに騒動へ巻き込まれていくブラックコメディー。現在もカルト的人気を誇るコーエン兄弟の代表作の一つだ。,[],[]
「ルイ・ヴィトン」からLVスタンプで彩った新作ウィメンズバッグが発売　パステルカラーにストライプパターン（WWDJAPAN.com）,https://news.yahoo.co.jp/articles/00afe1cb046744e282b1b88479367f1b0c511334,https://newsatcl-pctr.c.yimg.jp/t/amd-img/20260514-02400320-wwdjapan-000-1-view.jpg?exp=10800,2026-05-14T16:30:00+09:00,2026-05-14T16:30:00+09:00,WWDJAPAN.com,wwdjapan,WWDJAPAN.com,1033,(写真:WWDJAPAN) 「ルイ・ヴィトン（LOUIS VUITTON）」は“LV リゾート”コレクションからミニサイズのモノグラム、モチーフをあしらったキャンバスにしなやかなレザーのトリミングを施した新作ウィメンズバッグを発売した。“ナノ・ノエ”や“ナノ・スピーディ”など全9種を用意する。 【画像】「ルイ・ヴィトン」からLVスタンプで彩った新作ウィメンズバッグが発売 パステルカラーにストライプパターン “ナノ・ノエ” “ナノ・ノエ”（34万2100円）はメゾンのアーカイブに残るラゲージとサヴォアフェールを讃えるLVスタンプが特徴だ。ゴールドのチェーンと取り外し可能なショルダーレザーストラップをあしらい、日常使いに最適なサイズに仕上げた。 “ナノ・スピーディ” “ナノ・スピーディ”（33万2200円）はバナナカラーのバッグにゴールドカラーの装飾チェーンをあしらった。内側にはコンパクト財布を含む日常の必需品を収納可能だ。 “オールイン BB” “オールイン BB”（44万3300円）のキャンバスにはレザーのトリミングやシグネチャーのネームタグ、ゴールドカラーのパドロックを配した。内装にはエクスクルーシブなフローラルのライニングをあしらい、単体のアクセサリーとしても使えるファスナー付きポーチが付属する。 “ポシェット・フェリシー” “ポシェット・フェリシー”（27万2800円）はバナナカラーのキャンバスに着脱可能なチェーン、ゴールドカラーの金具をあしらった。ファスナー付きと8つのカードスロットを備えた取り外し可能な内ポケットを備え、斜めがけや肩掛け、手持ちでも利用できる。 “スピーディ・バンドリエール 20” “スピーディ・バンドリエール20”（39万8200円）はストライプ・パターンのデザインに“モノグラム”をミニサイズであしらった。キャンバスにはレザーのトリミングを施し、シグネチャーのパドロックとLVサークルを組み合わせ、ゴールドのチェーンでアクセントをプラスした。内装にはフローラルのライニングも配した。 “アルマ BB” “アルマ BB”（36万8500円）はフロントの“ルイ・ヴィトン トランクス ＆ バッグス”（LOUIS VUITTON TRUNKS & BAGS）のスタンプとストライプ・パターンが特徴だ。内装に施されたフローラルのライニングやLVサークルで彩られたゴールドのチェーンなどディティールにこだわったアイテムだ。,[],[]
「ビューティフルピープル」が「アワワコール」とコラボ　カップインのタンクトップとドレスを展開（WWDJAPAN.com）,https://news.yahoo.co.jp/articles/9bbc9f3ef86e0d2376bda1d9b90981791fcc1358,https://newsatcl-pctr.c.yimg.jp/t/amd-img/20260514-02400223-wwdjapan-000-1-view.jpg?exp=10800,2026-05-14T16:00:00+09:00,2026-05-14T16:00:00+09:00,WWDJAPAN.com,wwdjapan,WWDJAPAN.com,548,(写真:WWDJAPAN) 「ビューティフルピープル（BEAUTIFUL PEOPLE）」は、ワコールのファッションブランド「アワワコール（OUR WACOAL）」とのコラボレーションアイテムを発売する。ラインアップするのは、カップインタンクトップ（1万7600〜1万9800円）とカップインドレス（7万1500円）の2型。 【画像】「ビューティフルピープル」が「アワワコール」とコラボ カップインのタンクトップとドレスを展開 本コラボレーションは、相反する要素を掛け合わせ固定概念を覆す「ビューティフルピープル」と、服と下着の役割を1枚でかなえるカップインウエアを中心に、自分らしい着こなしのためのアイテムを提案する「アワワコール」の思いが共鳴し実現した。 同商品は、通常は内側に隠されるモールドカップに「アワワコール」のパワーメッシュを重ね、本来は表から見えない下着の構造をあえて見せるようデザイン。なめらかな肌あたりとフィット感を追求し、快適な着心地に仕上げた。ドレスにはクロッチボタン開きのインナーパンツを一体化させ、透けを気にせず着用できる仕様だ。 同商品は、5月25日から「ビューティフルピープル」公式オンラインストアで先行予約受付開始、29日から直営店とオンラインストアで発売する。,[],[]
アシックス1〜3月期3割増収　スポーツスタイルが業績引っ張る　（WWDJAPAN.com）,https://news.yahoo.co.jp/articles/43ea6e22d25429f1c74e438ce3edf4c078c1434c,https://newsatcl-pctr.c.yimg.jp/t/amd-img/20260514-02400517-wwdjapan-000-2-view.jpg?exp=10800,2026-05-14T15:30:00+09:00,2026-05-14T16:05:06+09:00,WWDJAPAN.com,wwdjapan,WWDJAPAN.com,499,(写真:WWDJAPAN) アシックスの2026年1〜3月連結業績は、売上高が前年同期比29.7％増の2702億円、営業利益が同36.5％増の607億円、純利益が同47.2％増の465億円だった。全カテゴリー、全地域で増収増益となり、売上高、各利益ともに四半期期間として過去最高を更新した。売上総利益率は、米国関税の影響を受け同1.2ポイント減の54.6%となった。 【画像】アシックス1〜3月期3割増収 スポーツスタイルが業績引っ張る けん引したのは、”ゲルNYC 2.0”などのカジュアルシューズが属するスポーツスタイルで、売上高は同69.６%増の596億円。特に欧州で同85.6%増の265億円、北米で同81.1％増の146億円だった。パフォーマンスランニングは同19.1%増の1167億円、「オニツカタイガー（ONITSUKA TIGER）」は同33.8%増の378億円で、こちらも好調だった。 26年12月期連結業績予想は売上高が前期比17.2％増の9500億円、営業利益が同20.0%増の1710億円、純利益が同11.4%増の1100億円を見込み、2月13日に公表した予想を据え置いた。,[],[]
TWICEとマリオットがコラボ　アフタヌーンティーとW大阪限定の愛らしいコンセプトルーム（WWDJAPAN.com）,https://news.yahoo.co.jp/articles/c9b3f9ba436da9f8d61c08998a209f54fd1ac794,https://newsatcl-pctr.c.yimg.jp/t/amd-img/20260514-02398911-wwdjapan-000-1-view.jpg?exp=10800,2026-05-14T15:00:00+09:00,2026-05-14T15:00:00+09:00,WWDJAPAN.com,wwdjapan,WWDJAPAN.com,948,(写真:WWDJAPAN) マリオット・インターナショナルは6月1日〜7月31日、ガールズグループ、TWICEとコラボレーションしたアフタヌーンティーを全国6つのホテルで提供する。WEBサイトで予約受付中で、価格は大人1人6800〜1万3000円。同アフタヌーンティーを注文すると抽選でトートバッグやタンブラーなどノベルティーグッズが当たるキャンペーンも実施する。また、6月1日〜8月31日にW大阪限定でTWICEの世界観を体現した特別仕様のコンセプトルームを提供する。ウェブサイトで予約受付中で、宿泊の3日前までに予約が必要だ。 【画像】TWICEとマリオットがコラボ アフタヌーンティーとW大阪限定の愛らしいコンセプトルーム TWICEコラボ“キャンディー・ドリーム”のアフタヌーンティー 同コラボ“キャンディー・ドリーム”のアフタヌーンティーはTWICEのコンセプトである“二度感動を与える”という世界観をもとに、“一度は目で、もう一度は舌で楽しむ”体験として用意した。コーヒー、紅茶のフリーフロー付きで120分制、WEBサイトで事前予約が必要だ。また、展開するのはJWマリオット・ホテル東京、ウェスティンホテル東京、ザ・リッツカールトン大阪、W大阪、シェラトングランドホテル広島、ザ・リッツカールトン福岡の計6カ所。 スイーツにはラズベリーの酸味と濃厚なチョコレートが重なり合う“ラズベリーチョコレートタルト”やTWICEの公式ペンライト“キャンディボング”をイメージした“アプリコット ストロベリー マシュマロ ロリポップ”、ライチにベリーの酸味とローズの華やかさを重ねた“ライチムース ベリー＆ローズジュレ”を提供する。また、セイボリーでは塩味とコク、ハーブの爽やかさが調和した“キャビアとスモークサーモン クリームチーズのファルシー ディルの香り”や“モルタデッラとチェダーチーズのミルフィーユサンド”を楽しめる。 オリジナルノベルティーグッズにはTWICEメンバーサイン入りを含むトートバッグ、タンブラー、コースターを用意した。期間中は対象アフタヌーンティーの注文で何度でも参加可能だ。また、来店先着順で今回のキービジュアルデザインを仕様したオリジナルコースターをプレゼントする。,[],[]
「ジョンマスターオーガニック」がクレンジングを発売　夏らしい清涼感あふれる使い心地を演出（WWDJAPAN.com）,https://news.yahoo.co.jp/articles/2630fea66be3d354c02618778283a371c805e5b6,https://newsatcl-pctr.c.yimg.jp/t/amd-img/20260514-02399549-wwdjapan-000-1-view.jpg?exp=10800,2026-05-14T14:00:00+09:00,2026-05-14T14:00:00+09:00,WWDJAPAN.com,wwdjapan,WWDJAPAN.com,461,(写真:WWDJAPAN) 「ジョンマスターオーガニック（JOHN MASTERS ORGANICS）」は5月14日、ミントとシトラス香る夏らしいクレンジングジェル“M&Cピュリファイングクレンザー ミント” （2970円、120g）を数量限定で発売する。 【画像】「ジョンマスターオーガニック」がクレンジングを発売 夏らしい清涼感あふれる使い心地を演出 さわやかさと肌の引き締めを演出し夏肌にアプローチ 本製品は爽やかなハッカやシトラスなどをブレンドし、夏らしい清涼感とひんやりした肌触りを演出する。また、肌の引き締めを促すカキ葉エキスとキウイエキスを配合し、紫外線による乾燥や毛穴汚れが気になる夏肌のケアを助け、透明感のある肌に導く。 厚みと弾力のあるジェルがオイルへ、さらにミルク状へと3段階でテクスチャーが変化することで肌摩擦を防ぎ、肌への負担軽減を助ける設計に仕上げた。アルガニアスピノサ核油、ホホバ種子油など保湿をサポートする植物オイルを中心に美容成分96%以上を配合し、汚れを落としながら潤いのキープを促す。,[],[]
ユニクロ「UT」とYOASOBIが2度目のコラボ　クリエイティブを支える4人のクリエイターが参加（WWDJAPAN.com）,https://news.yahoo.co.jp/articles/e63005bd51f6a563377ec4428a9a9e7962430cd9,https://newsatcl-pctr.c.yimg.jp/t/amd-img/20260514-02400406-wwdjapan-000-1-view.jpg?exp=10800,2026-05-14T13:05:00+09:00,2026-05-14T13:05:00+09:00,WWDJAPAN.com,wwdjapan,WWDJAPAN.com,1003,(写真:WWDJAPAN) 「ユニクロ（UNIQLO）」は7月中旬、グラフィックTシャツブランド「UT」と5年ぶり2度目となるYOASOBIとのコラボコレクションを発売する。YOASOBIのクリエイティブを全面的に支えている4人のクリエイターがYOASOBIの2人をテーマに書き下ろしたTシャツ4種を用意する。また、さまざまなスタイリングに合わせやすいリラックスフィットを採用した。価格は1990円で全国のユニクロ店舗、オンラインストアで取り扱う。 【画像】ユニクロ「UT」とYOASOBIが2度目のコラボ クリエイティブを支える4人のクリエイターが参加 YOASOBIの世界観を表現したクリエイター4人 “YOASOBI UT”ではYOASOBIの音楽やストーリーをアニメーション、イラストレーション、ストリートアート、SF的ビジュアルまで多様な視点からアートワークを制作した。 藍にいな 藍にいなは、前回のコラボに引き続き2度目の参加だ。アニメーション表現を軸にMV制作やジャケット制作を手掛け、自他でアートディレクションも行う。 藍にいなは「2度目の『UT』コラボということで、再び私のイラストを起用していただき大変うれしく思っております。YOASOBIさんの「小説を音楽にする」というコンセプトに着想を得て、本から物語と音楽が立ち上がっていく様子をイラストに落とし込みました」とコメントした。 ギロチンドッグス・ギロチンディ ギロチンドッグス・ギロチンディ（GILLOCHINDOX・GILLOCHINDAE）は都市と青年を題材にコンセプチュアルで物語的な表現を行うアーティストだ。現代美術の展覧会とライブを組み合わせて、7年間にわたり物語が展開されていく長編プロジェクト「獸」も開催している。 ギロチンドッグス・ギロチンディは「ライブセットやグッズなどで関わってきたYOASOBIのUTコラボに参加できたことうれしく思います。自分のことを全く知らない人がデザインだけを見て自分のことを知らないまま着てほしいです。そしてそれを街で見られる日を楽しみにしています。Ayaseさん、ikuraさんを少年漫画的な解釈でキャラ化しました。YOASOBIのガチャッとしたイメージやあらゆるものとコラボレーションすることでいのちを吹き込む表現から発想し服や靴、炎をクリーチャーのようにしました」とコメントした。,[],[]
ティモシー・シャラメが「アディダス」のW杯新作ショートフィルムに出演　リオネル・メッシら豪華キャストと夢の共演（WWDJAPAN.com）,https://news.yahoo.co.jp/articles/3f409bc442c1ea5e3b8125330524011adb368b92,https://newsatcl-pctr.c.yimg.jp/t/amd-img/20260514-02399164-wwdjapan-000-1-view.jpg?exp=10800,2026-05-14T13:00:00+09:00,2026-05-14T13:00:00+09:00,WWDJAPAN.com,wwdjapan,WWDJAPAN.com,899,(写真:WWDJAPAN) 「アディダス（ADIDAS）」はワールドカップの新作ショートフィルムに俳優のティモシー・シャラメ（Timothee Chalamet）や、リオネル・メッシ（Lionel Messi）をはじめとする豪華キャストを多数起用した。 【画像】ティモシー・シャラメが「アディダス」のW杯新作ショートフィルムに出演 リオネル・メッシら豪華キャストと夢の共演 豪華キャストが出演 5分間のショートフィルムは“バックヤード レジェンズ（Backyard Legends）”と題され、シャラメが地元のチームと3対3のストリートサッカーをするために本物のチームを結成する様子が描かれる。彼のチームには、ラミン・ヤマル（Lamine Yamal）、ジュード・ベリンガム（Jude Bellingham）、トリニティ・ロッドマン（Trinity Rodman）といった現役選手が名を連ねる。 観客としてリオネル・メッシ（Lionel Messi）とバッド・バニー（Bad Bunny）が登場し、ウスマン・デンベレ（Ousmane Dembélé）、ラフィーニャ（Raphinha）、ペドリ（Pedri）、フロリアン・ヴィルツ（Florian Wirtz）、サンティアゴ・ヒメネス（Santiago Gimenez）といったレジェンドたちもカメオ出演している。 「フットボールへの夢がかないつつある」 シャラメはプレスリリースで「いつか彼らと一緒にプレーすることを夢見ていました。子どもの頃、ピア40でベッカムのフリーキックやデル・ピエロのゴール、ジダンのボレーシュートを思い浮かべながら、自分なりのやり方で真似していました。『アディダス』と共に、史上最高の選手たちと共演できるなんて信じられない。今年の夏のワールドカップが待ち遠しい」と語った。 映像の公開に先立ち、シャラメはNBAプレーオフのニューヨーク・ニックス戦を観戦する際、「アディダス」のスニーカーを履いている姿が度々目撃されていた。また、ソーシャルメディアで短編映画を予告した際には、「サッカーへの夢がかないつつある」と語っていた。,[],[]
「メゾン キツネ」×「パラブーツ」が初のコラボアイテムを発売　ボートシューズを都会的にアップデート（WWDJAPAN.com）,https://news.yahoo.co.jp/articles/2fa6e426636dc0e82e2e436197896cac4d1bce36,https://newsatcl-pctr.c.yimg.jp/t/amd-img/20260514-02400094-wwdjapan-000-1-view.jpg?exp=10800,2026-05-14T12:30:00+09:00,2026-05-14T12:30:00+09:00,WWDJAPAN.com,wwdjapan,WWDJAPAN.com,528,“マロ”（6万500円） 「メゾン キツネ（MAISON KITSUNE）」は5月15日、「パラブーツ（PARABOOT）」とのカプセルコレクションで、“マロ（Malo）”（6万500円）を数量限定発売する。サイズは36から44で展開し、「メゾン キツネ」一部店舗及び公式オンラインストアで取り扱う。 【画像】「メゾン キツネ」×「パラブーツ」が初のコラボアイテムを発売 ボートシューズを都会的にアップデート ボートシューズを再解釈 今回のコラボコレクションの主役となる“マロ”は「パラブーツ」の代表的なボートシューズを、「メゾン キツネ」の感性で再解釈する。ネイティブアメリカンのモカシンにルーツを持ち、柔らかな履き心地が特徴のボートシューズを都会的にアップデートした。「メゾン キツネ」らしいミニマルなデザインで洗練された印象に仕上げる。 ブレイク製法を使用し「パラブーツ」の“レイド”ラグソールを組み合わせ、安定感とグリップ力を実現した。しなやかなレザーを使用したアッパーは異なるなめし加工のレザーレースを使用する。また、レザーにコラボレーションロゴをエンボス加工で控えめに配した。ユニセックスなスタイルで、素材やバランス、細部までこだわりを詰めた。,[],[]
FRUITS ZIPPERが「WWDJAPAN」5月18日号の表紙に　推し活市場とファッション＆ビューティ企業の向き合い方に迫る（WWDJAPAN.com）,https://news.yahoo.co.jp/articles/efa05da2d4b1cb7f1256d2564beaca3fe2c83675,https://newsatcl-pctr.c.yimg.jp/t/amd-img/20260514-02399967-wwdjapan-000-3-view.jpg?exp=10800,2026-05-14T12:00:00+09:00,2026-05-14T12:17:16+09:00,WWDJAPAN.com,wwdjapan,WWDJAPAN.com,858,(写真:WWDJAPAN) 「WWDJAPAN」は5月18日、推し活のパワーを特集します。単なる一過性のトレンドではなく、巨大な経済圏へと成長した推し活市場。今やその存在感はエンタメ領域にとどまらず、ファッション＆ビューティ業界においても無視できません。 SNSを中心に情報拡散が加速する中、“推し”とファン、ブランドの関係性はこれまで以上に密接です。誰をアンバサダーに起用するのか、どのコミュニティーにアプローチするのか、推しにどんなストーリーを語ってもらうのか――。ラグジュアリーブランドからコスメブランドまで、あらゆる企業が“ファンダムが持つ購買影響力”の可能性を模索しています。一方で、「起用により売り上げはアップするのか」「推しを通してファンにどうやってブランドやプロダクトのストーリーを伝え、広げてもらうのか」など、アンバサダー起用に際し、マーケティング戦略に頭を悩ませる業界関係者も少なくありません。 本特集では、映画・映像・アニメなどエンターテインメント領域に特化したデータマーケティング・リサーチ会社のデータを駆使し、業界でアンバサダーとしても活躍するセレブリティーたちの“推し活パワー”を独自の視点で分析する。ファンダムの規模や熱量、購買行動への影響力など、多角的なデータを元に、推し活市場への参画方法を考えるきっかけを提供します。 そんな今号の表紙を飾るのは、令和の推し活カルチャーをけん引するアイドルグループのFRUITS ZIPPERです。「NEW KAWAII」を体現し続けてきた彼女らが、従来のポップなイメージとは異なるモードな表現に挑戦しました。メンバーカラーを軸としたスタイリングでありつつも、力強いビジュアルグループの新たな魅力を発信。アイドルとしての“KAWAII”だけではない、ファッションアイコンとしての存在感を放っています。 表紙の解禁は5月16日。推し活がカルチャーを超え、新たな消費を生み出す時代。その現在地を読み解く「WWDJAPAN」5月18日号にご注目ください。,[],[]
「イプサ」40周年記念で写真家・小見山峻とのコラボ化粧水を発売　特製ウオーターボトル付き（WWDJAPAN.com）,https://news.yahoo.co.jp/articles/188c75cc2530c422eaea7fd2e3b4ef3c21d645fc,https://newsatcl-pctr.c.yimg.jp/t/amd-img/20260514-02399261-wwdjapan-000-1-view.jpg?exp=10800,2026-05-14T11:30:00+09:00,2026-05-14T11:30:00+09:00,WWDJAPAN.com,wwdjapan,WWDJAPAN.com,929,(写真:WWDJAPAN) 「イプサ（IPSA）」は創業40周年を記念し、“フルネス オブ スキン アンド マインド ウィズ アート”をテーマにアーティストとのコラボレーションを展開する。第2弾は写真家の小見山峻とのコラボレーションアイテムとして2種の化粧水キット、“40周年アニバーサリーアクアキット”と“40周年アニバーサリーエッセンスローションキット”を発売する。5月21日から店舗のみで予約受付を開始し、6月4日に数量限定で取り扱う。 【画像】「イプサ」40周年記念で写真家・小見山峻とのコラボ化粧水を発売 特製ウオーターボトル付き 特製ウオーターボトルを付属した化粧水セット2種を用意 2種類とも化粧水に加え、透明感と艶のある肌を演出する洗顔石けん“クレンジング マリンケイク ex” （30g）とスキンケア効果を促すシルクコットン（50枚入り）をセットにした。購入者には小見山峻とのコラボレーションボトル“40周年特製ウォーターボトル”（400mL）をプレゼントする。ハンドル付きの耐久性の高いウォータオボトルは小見山が日常の風景や空気感を落とし込んだデザインで、カラーはブルーとグリーンの2色から選択可能だ。 “40周年アニバーサリーアクアキット”（6050円※編集部調べ） 本キットは“ザ・タイムR アクア e”【医薬部外品】（200mL）、“クレンジング マリンケイク ex”（30g）、シルクコットン（50枚入り）、特製ウオーターボトルをそろえる。“ザ・タイムR アクア e”は有効成分としてm-トラネキサム酸とグリチルリチン酸ジカリウムを配合。美白ケアや肌荒れやニキビ予防を助け、みずみずしい肌触りで肌の潤いをサポートする。 “40周年アニバーサリーエッセンスローションキット”（10450円※編集部調べ） “エッセンスローション アルティメイト”（150mL）、“クレンジング マリンケイク ex”（30g）、シルクコットン（50枚入）、特製ウオーターボトルをラインアップする。“エッセンスローション アルティメイト”はアミノ酸複合成分AMINO5IN、ムクロジエキスなどを配合し、濃密なテクスチャーで乾燥やハリ不足にアプローチする。,[],[]
「バウム」が“ヒノキ フォレスト”の香りを定番化　ハンドウォッシュとルームスプレーが登場（WWDJAPAN.com）,https://news.yahoo.co.jp/articles/e92d05168673629be41e3a7d3d96dc73ee4acdb6,https://newsatcl-pctr.c.yimg.jp/t/amd-img/20260514-02399734-wwdjapan-000-1-view.jpg?exp=10800,2026-05-14T11:15:00+09:00,2026-05-14T11:15:00+09:00,WWDJAPAN.com,wwdjapan,WWDJAPAN.com,454,(写真:WWDJAPAN) 資生堂のスキン＆マインドブランド「バウム（BAUM）」は5月28日、ひのきの森で深呼吸するような香り“ヒノキ フォレスト”のハンドウォッシュとルームスプレーを発売する。 【画像】「バウム」が“ヒノキ フォレスト”の香りを定番化 ハンドウォッシュとルームスプレーが登場 香りは、愛媛県新居浜市に位置する「バウム ひのきの森」に着想。ひのきの枝葉や幹のフレッシュさや温かみを感じさせるウッディグリーンノートに仕上げた。 ラインアップは、肌をいたわりながら洗い上げる“アロマティック ハンドウォッシュn”（300mL、4400円）と心地良い空間を演出するルーム＆リネン用フレグランス“アロマティック ルームスプレー”（100mL、7480円）の2品。 “ヒノキ フォレスト”は、2024年にオードトワレとハンドクリームを、25年1月にハンドウォッシュを数量限定で発売。同年7月には、オードトワレを再販売した。好評のため、今回ハンドウォッシュとルームスプレーを定番アイテムとして発売する。,[],[]
「ニューエラ」が「ビューティフルピープル」と初コラボ　ヘッドウエア2型を発売　（WWDJAPAN.com）,https://news.yahoo.co.jp/articles/23149cd35ca710990091e405498f5e631d0e6527,https://newsatcl-pctr.c.yimg.jp/t/amd-img/20260514-02398992-wwdjapan-000-1-view.jpg?exp=10800,2026-05-14T11:00:00+09:00,2026-05-14T11:00:00+09:00,WWDJAPAN.com,wwdjapan,WWDJAPAN.com,435,(写真:WWDJAPAN) 「ニューエラ（NEW ERA）」は5月22日、「ビューティフルピープル（BEAUTIFUL PEOPLE）」との初となるコラボレーションヘッドウエアを発売する。「ニューエラ」公式オンラインストアと「ビューティフルピープル」直営店および全国の取り扱い店舗で取り扱う。 【画像】「ニューエラ」が「ビューティフルピープル」と初コラボ ヘッドウエア2型を発売 シーン問わず着用できるシンプルなデザイン ベースモデルには、スナップバックキャップとストレッチキャップの機能を併せ持つ“ナインセブンティー（9SEVENTY）”（1万4300円）と、柔らかな被り心地が特徴の“ナインサーティー（9THIRTY）”（1万3200円）の2モデルを採用した。両モデルとも「ビューティフルピープル」オリジナルグラフィックを刺しゅうで表現した。“ナインサーティー”は「ビューティフルピープル」が4年ぶりに開催したランウエイショーでのコレクションルックにも登場している。,[],[]
ユニクロが目をつけた北欧ブランド「セシリー バンセン」　両者を結びつけた感性とは（WWDJAPAN.com）,https://news.yahoo.co.jp/articles/54833d7e648b15c7b53ffebe3a6cb7599d0f19c5,https://newsatcl-pctr.c.yimg.jp/t/amd-img/20260514-02400275-wwdjapan-000-1-view.jpg?exp=10800,2026-05-14T10:45:00+09:00,2026-05-14T10:45:00+09:00,WWDJAPAN.com,wwdjapan,WWDJAPAN.com,921,(写真:WWDJAPAN) ユニクロは5月22日、コペンハーゲン拠点のウィメンズブランド「セシリー バンセン（CECILIE BAHNSEN）」とのコラボコレクション「ユニクロ アンド セシリー バンセン（UNIQLO and Cecilie Bahnsen）」を発売する。アイテムは、フラワーモチーフをあしらったTシャツやシャーリングワンピースなどウィメンズ8型、キッズ5型。発売に先駆け13日には、有明本社でデザイナーのセシリー・バンセン（Cecilie Bahnsen）を招いたイベントを開催し、同コラボを主導した勝田幸宏ファーストリテイリンググループ執行役員とバンセンによるトークショーを関係者向けに行った。 【画像】ユニクロが目をつけた北欧ブランド「セシリー バンセン」 両者を結びつけた感性とは 「セシリー バンセン」とは？ ロマンチックと日常をつなぐデザインが強み 「セシリー バンセン」は、英ロイヤル・カレッジ・ オブ・アートで修士号を取得し、「ジョン ガリアーノ」や「アーデム」で経験を積んだバンセンが、2015年にデンマーク・コペンハーゲンでスタートした。“エブリデイ・クチュール”を掲げ、ジャカードやシアー素材を用いたパフスリーブのボリュームドレスやトップスなど、クチュール的な技巧とフェミニンなデザインを、現代的な日常着として落とし込むアプローチが特徴だ。22-23年秋冬からパリ・ファッション・ウイークで発表を続け、グローバル市場で存在感を高めている。 勝田執行役員は、「フェミニンやロマンチックな要素を『ユニクロ』に取り入れるなら、彼女しかいないと思った。彼女のフェミニンの表現は決して表層的ではなく、服、そして着る人への愛情が感じられる点が魅力だ」という。 バンセンが重視するのは、女性が自分らしくいられ、着こなしを通じて個性を表現できる服作り。「ユニクロ アンド セシリー バンセン」の制作過程でも、バンセンが重視する本質的なフェミニニティーをいかに表現するかが重要なテーマだった。それを実現するため、ユニクロのチームは、コペンハーゲンにあるバンセンのアトリエに複数回訪れながら、緻密にやり取りを重ねたという。,[],[]
ゴールドウイン、スパイバーに協力継続「事業上の関係値は一切変更ない」（WWDJAPAN.com）,https://news.yahoo.co.jp/articles/f45b4b1e6d1f82e754816567d2f7ebd3ebeadbf6,https://newsatcl-pctr.c.yimg.jp/t/amd-img/20260514-02400299-wwdjapan-000-1-view.jpg?exp=10800,2026-05-14T10:35:00+09:00,2026-05-14T10:35:00+09:00,WWDJAPAN.com,wwdjapan,WWDJAPAN.com,616,(写真:WWDJAPAN) ゴールドウインの金田武朗取締役CSOは、私的整理をへて新体制で再出発したバイオ素材ベンチャーのスパイバーについて「事業上の関係値は一切変更ない。引き続き強く支援していく」と述べた。ゴールドウインは2015年、スパイバーに対し30億円を出資。繊維メーカーに呼びかけてテキスタイル開発に動いたり、主力ブランド「ザ・ノース・フェイス（THE NORTH FACE）」で製品化したりするなど、事業化を全面的に支援してきた。スパイバーの私的整理によって26年3月期で特別損失を計上したものの、協力関係を維持する姿勢を示した。 【画像】ゴールドウイン、スパイバーに協力継続「事業上の関係値は一切変更ない」 13日に東京・青山の本社で行われた26年3月期決算説明会で金田氏が話した。当期決算は売上高・営業利益で過去最高を更新したものの、スパイバーの株式売却に伴う投資有価証券売却損10億円を計上したため純利益は減益になっている。 金田氏はスパイバーへの投資について「成長過程で資金調達がうまく行かずに最終的には私的整理に至った。投資としては負けだった」としながらも、将来性への期待は変わらないという。「アパレル産業の環境負荷が問題視される中、スパイバーの技術の実現に当社も関わるべきという信念に基づいて行動してきた。この点は後悔していない」「今後も彼らの作る素材を積極的に使い、環境負荷の低い社会に貢献する」と述べた。,[],[]
「グッチ ビューティ」の“ザ アルケミスト ガーデン”に2つのフレグランスが登場　アンバーフローラルやウッディの香り（WWDJAPAN.com）,https://news.yahoo.co.jp/articles/0726cba6520b15e0c7d686831af926df55b3003d,https://newsatcl-pctr.c.yimg.jp/t/amd-img/20260514-02399407-wwdjapan-000-1-view.jpg?exp=10800,2026-05-14T10:30:00+09:00,2026-05-14T10:30:00+09:00,WWDJAPAN.com,wwdjapan,WWDJAPAN.com,1269,(写真:WWDJAPAN) 「グッチ ビューティ（GUCCI BEAUTY）」は6月24日、フレグランス コレクション“ザ アルケミスト ガーデン”の新作として、2種類のフレグランス（各50mL、各3万4650円／各100mL、各5万50円）を発売する。“ザ アルケミスト ガーデン”は、イタリアの錬金術の伝統と現代のエッセンスを体現したコレクションだ。コレクションを手掛ける調香師たちは、土、風、水、火の4つのプロセスを軸に、成分の抽出と組み合わせを繰り返しながら香りを調香した。また、本コレクションの各フレグランスは、コレクション内のほかの香りと重ね合わせるようにデザインし、無限の組み合わせによって自分だけの香りを楽しめる。 【画像】「グッチ ビューティ」の“ザ アルケミスト ガーデン”に2つのフレグランスが登場 アンバーフローラルやウッディの香り “イラン アンブラート オードパルファム” “イラン アンブラート オードパルファム”は、土のプロセスに属するアンバー フローラルの香りで、調香師ジャン=クリストフ・エロー（Jean-Christophe Herault）が手掛けた。クリーミーなイランイラン ハート エッセンスとグルマンなトンカビーンズ アブソリュートを融合した。タバコ アコードがスパイシーなエレガンスを加え、シストゥス アブソリュートがアンバーグリスを思わせる甘くウッディなニュアンスを添えている。ブラックのガラスボトルには、変容の象徴であるカメレオンをあしらった。 エローは「錬金術の芸術に着想を得て、同製品ではアンバーアコードを変容させ、現代的で非常に特別なシグネチャーへと昇華させたいと考えた。この創作のために、個性的でプレミアムな特質を持つ天然抽出物を厳選した。イランイラン ハートとトンカビーンズ アブソリュートを同時に蒸留することで得られた特別な共蒸留は、太陽のように明るくクリーミーな余韻を描き出す」と語っている。 “リグナム イデアリス オードパルファム” 火のファミリーに属する“リグナム イデアリス オードパルファム”は、地球上で最も巨大な樹木のひとつであるジャイアントセコイアに着想を得た。調香師はアレクシス・グルジョン（Alexis Goujon）。現代的なヘッドスペース技術を採用し、木を傷つけることなくジャイアントセコイアの周囲に漂う香気を採取している。バイオテクノロジーによる発酵プロセスでサンダルウッドのクリーミーな側面を引き出し、ジュニパーベリー エッセンスがスパイシーな鮮やかさを加えている。火に着想を得たレッドのガラスボトルには、巨木の森を守る象徴としてゴールドの鹿をあしらった。 グルジョンは「同製品の香りのコンセプトは、オレゴンを旅した際に生まれた。オレゴンを旅した際に巨大なセコイアの森を歩き、その鮮やかな赤い幹の色と独特の香りを永遠に残したいと思った。森の清らかな芳香にスパイシーなニュアンスと、魅惑的なウッディのクリーミーさを重ね合わせている」とコメントした。,[],[]
ジャーナル スタンダード レリュームが「ディッキーズ」別注モデルを発売　“大人が穿けるワークショーツ”がテーマ（WWDJAPAN.com）,https://news.yahoo.co.jp/articles/960436fedd4ec08f3ab6fd1d8410d566ac04a5e3,https://newsatcl-pctr.c.yimg.jp/t/amd-img/20260514-02399216-wwdjapan-000-1-view.jpg?exp=10800,2026-05-14T10:00:00+09:00,2026-05-14T10:00:00+09:00,WWDJAPAN.com,wwdjapan,WWDJAPAN.com,681,(写真:WWDJAPAN) ベイクルーズが運営するジャーナル スタンダード レリューム（JOURNAL STANDARD RELUME）は5月中旬、「ディッキーズ（DICKIES）」との別注ショートパンツ（全3色、1万5400円）を発売する。ジャーナルスタンダード（JOURNAL STANDARD）各店舗およびベイクルーズ公式オンラインストアで取り扱う。現在、ベイクルーズオンラインストアで先行予約を受け付け中だ。 【画像】ジャーナル スタンダード レリュームが「ディッキーズ」別注モデルを発売 “大人が穿けるワークショーツ”がテーマ ラフになりすぎない品のある“大人のショーツ”へと再構築 本アイテムは、「ディッキーズ」らしい無骨なワークウエアの空気感をベースに、2タックやダブル裾といったドレス由来のディテールを融合した。シルエットは、膝が隠れる落ち着いたバランスに仕上げている。また、好評を博した“ディッキーズ 別注ピンタックワイドスラックス”でも採用したキーチェーンなどを装着できるロゴ入りDカンを配置した。細部にはワークウエらしいギミックも散りばめ、レリュームらしい遊び心を加えた特別仕様だ。素材には、「ディッキーズ」のポリエステル65%、コットン35%の“TCツイル生地”を採用した。ハリとコシのあるタフな生地感が特徴で型崩れしにくく、デイリーに着用できる実用性も備えている。穿き込みや洗うのを繰り返すことで徐々に柔らかくなり、経年変化による風合いも楽しめる。サイズはMとLを用意し、カラーはブラック、ナチュラル、ネイビーをそろえる。 ＞公式サイト,[],[]
