headline,mainEntityOfPage,image,datePublished,dateModified,author,media_en,media_jp,str_count,body,images,external_links
【ONE】与座優貴は今回もノーバンデージ「ルールでダメってなるまでいらないです」「ペッタノンでも経験したことないような動きを見せて倒したい」＝計量＆ハイドレーションテストをパス（ゴング格闘技）,https://news.yahoo.co.jp/articles/2b9fabe9583571d1fb3858c3554827eb696326ae,https://newsatcl-pctr.c.yimg.jp/t/amd-img/20250717-00010008-gkakutogi-000-1-view.jpg?exp=10800,2025-07-17T22:46:15+09:00,2025-07-17T22:46:15+09:00,ゴング格闘技,gkakutogi,ゴング格闘技,4877,"与座、ペッタノンともに計量＆ハイドレーションテストをパス
2025年7月18日（金）タイ・ルンピニースタジアム『ONE Friday Fights 116』（U-NEXT配信）の前日計量およびハイドレーションテストが、17日（木）にバンコク市内で行われた。
【写真】ペッタノンとのフェイスオフ
第4試合のONEバンタム級キックボクシング3分3Rで対戦する、元K-1 WORLD GPライト級王者・与座優貴（team VASILEUS）は144.8lbs（52.07kg）/1.0128、元ONEキックボクシング世界バンタム級王者で現3位のペッタノン・ペットフォーガス（タイ）は144.8lbs（52.07kg）/1.0187でそれぞれパスした。

　ONEでの第2戦を迎える与座の主催者から届いたインタビューは以下の通り。

■格闘技にかける気持ちは自分の方が絶対強い

――前回のONE初戦の話からまず聞かせてください。ONE初戦のオスマノフ戦は判定3-0で勝利でした。実際に戦ってみてどうでしたか。

「多分ヨーロッパ系でフィジカルある選手と顔面ありのキックボクシングでやるのは初めてだったんですけど、自分の想定をすごい上回ってくる選手というのは今までいなかったので、これがONEの舞台かっていう風に思ったのと、その中でもしっかりと自分の持ち味を出して勝ち切れたっていうのは、今後に向けて自信になりました」

――満員のルンピニースタジアムで戦ってみてどうでしたか。

「もう本当に最高の一言に尽きます。自分の蹴り1つで物凄く湧くし、なんなら入場からすごい歓声をもらって注目されているのもわかったし、最高でした」

――懸念されていたONEバンタム級で戦うことについて、フィジカルの問題はどうでしたか。

「フィジカル負けはしなかったんですけど、逆にこのフィジカルをアドバンテージにするには、もう少し強化していかなきゃいけないのかなっていう風には思いました。そこは今少し改善している途中ではあるんですけど、自信と改善の両方が感じられた試合になりましたね」

――今度はONE2戦目のペッタノン戦について聞いていきたいと思います。今回は伝説のタイのムエタイファイターとの一戦です。このチャンスをどう受け止めていますか。この試合が決定した時の心境はどうでしょうか。

「ONE参戦が決まってから、なんとなくペッタノンとはやるんだろうなっていう頭では自分でもいたんですけど、2戦目でやるっていう風には思ってなかったので。早いなって気持ちと、ここで倒せば本当にベルトが見えてくるなっていう位置づけの試合なので、自分にとっては凄いチャンスかなって。おいしいなと思っています」

――ペッタノンは元王者で39歳の大ベテラン、非常に高度なテクニックが光る選手です。相手の印象はどうですか。

「1度タイで手合わせしたことがあるので、彼の上手さはその当時、凄く衝撃的でした
が、格闘技にかける気持ちは自分の方が絶対強いので負けない。負けるはずないと思います」

――今、話されたように過去にスーパーボンのジムでペッタノンと練習をしています。その際、試合に向けてのアドバイスを貰ったと伺っていますが、どのようなアドバイスでしたか。

「その時、試合が決まっていた相手がサウスポーだったので、サウスポー対策をアドバイスしてもらいました。スーパーボンのスタイルというか、それを自分は行った時に試していたので、自分の手の内はそんなに見せてこなかったです。ラッキーだなと思いつつ、向こうの周りとかが持ってるテクニックは結構見たので、試合ではそれができるのかなと思っています」

――ペッタノンの強みは？

「うまさがあるところです。向かい合った雰囲気がある凄い選手。あとは、フィジカル」

――ペッタノンの弱点はいかがですか？

「はい。当時マスした中でも何個かあったし、映像を見て分析した中でもあったので、きっとKOになるのかなと思います。ボーナス取りたいと思っています」

――その弱点については今は秘密ですか？他に何か言える事があれば。

「前回の自分の試合を見て対策してきたら嬉しいなって感じです」
■タイトル挑戦者にふさわしい、ど派手にKOしたい
【写真】計量＆ハイドレーションテストをパスして笑顔の与座
――ペッタノンは、与座選手の技術とタフネスについてすごく称賛しています。その一方で自分のアドバンテージは、ファイトIQと適応力の高さにあると考えているそうです。彼は経験値あるベテランですが、打ち負かすためにどういう準備をしていますか？

「向こうはムエタイのキャリアは自分よりはあるんですけど、自分もその戦いの数だけで言ったら別にそんなに差はないと思っていたんで。ファイトIQも全然負けないと思っているし、逆にその向こうのファイトIQが高いからこそ入る技も持っているので」

――与座選手のキラーインスティンクト（とどめを指す能力）をすごい警戒しているそうです。ただ、今言ったファイトIQについて疑問を持っているそうです。ペッタノンのようなスマートな相手に対してどのように戦いますか？

「自分はスマートだと思わないんで、いろんな意味で。また倒します」

――ペッタノンは自分のことを与座選手のようなプレッシャーファイターだと見ているそうです。ただ、試合中の調整力については、与座選手以上に優れていると言っています。試合中に適応できる相手と対戦する時、何か戦略はありますか？

「その適応してきたところをさらに上回っていくというか。全局面で上回って行きたいなと思っています」

――与座選手はフィニッシュ能力、KOする力が非常に優れています。ペッタノンような大ベテランの相手にはどのようにフィニッシュまで持っていきたいですか？

「自分は本当にベルトを目指しているので。そのタイトル挑戦者にふさわしい勝ち方をしたいと思っているので、ど派手にKOしたいです」

――与座選手の大きな武器としてキックが挙げられます。ペッタノン戦ではどのように活用するつもりですか？

「別に切り分けないと自分は思っているので、全部出して。ファイトIQが高いペッタノンでも経験したことないような動きを見せて倒したいと思います」

――ペッタノンは与座選手の技術をそれほど高く評価していないとのことですが、そのことについて何かありますか？

「逆にありがたいですね。タイでマスした時もコカしたりもしたし、逆に油断しているのかなって思いますけど、そっちの方がありがたいです」

――ペッタノンが「この試合で与座が私を倒すことができれば、彼は本物だという証明になる」と言ったそうです。ペッタノンを倒すことは、与座選手のキャリアにとってどのような意味があると思いますか？

「もうその言葉のままで。本物を証明する試合になります」

――与座選手は今回の試合に勝利した場合、正当なタイトルコンテンダーとして認められると思います。これについてどれほどのプレッシャーを感じていますか？

「プレッシャーはあります。勝たなきゃいけないんで。試合までは自分との戦いが続くんで、それに毎日勝って勝って勝って。そこから本当に試合は楽しむだけだと思うので。残り少しありますけど、しっかりと追い込んで、自分に勝って試合を迎えたいなと思ってます」

――日本とタイはファイトスタイルが違うと思うんですけど、与座選手のチームは具体的にどのようにチェックしていますか？

「ラウンドマストに関しては、結構、自分の前回の試合で感覚も掴めたんで、そこはそんなに改善はしてきていないですけど、その前回の試合を踏まえて、逆にもう少しこうできたらなっていうところを直してきていう感じです。だから前回よりもさらに穴の部分を減らしてる段階なのかなと思ってます」

――もう少し具体的に教えて頂けますか？

「結構相手の反応が早かったりしたんで、早い段階から蹴りの展開だけに作っていったんですけど、そこをもう少し踏み込んでパンチまで行ったりとか、色々できたことはあったなと思うんで、そこをミットで作っている段階です」

――ペッタノン戦に向けて何か特別なトレーニングなどは行いましたか？

「前回の試合よりは、これ入りそうだなって技が多くひらめいてるんで、その精度を高める練習と、あとは基本的に自分自身を限界まで追い込むっていう、スタミナ面でも精神面でもどの局面でも、試合になった時に自分が上回れるように今やっています」
■武尊さんと同じ興行で試合をしたい
【写真】今回のONE FFには5人の日本人選手が出場する
――今回のセコンドには、武尊選手、野杁選手が入ると思います。対するペッタノン陣営は、ノンオーと日本大会で野杁選手と戦うスーパーボンです。そのことについて何か特別な思いはありますか？

「そこまで意識はしてないですけど、多分ファンの人たちはそういう見方をすると思うんで、ここはまず自分が特攻隊長じゃないですけど、向こうのエース格を1人倒して、11月にいい形で繋げられたらいいなと思っています」

――前回の試合を終えて、海外からのファンの反応はありましたか？

「寧ろ、そっちの方がでかくて。試合を終えた日の夜からもタイでめちゃくちゃ声かけられるようになったし、色々なところに行っても、タイ人の方にもそうですけど、旅行で来ているヨーロッパの人とかにも声かけられたりとか、ONEの影響力は凄いなと感じました」

――前回の試合前、海外での与座選手のイメージは「野蛮」でしたが、試合を終えてから素晴らしいとか具体的な声はかけられましたか？

「多分その前回の試合前までは、野蛮だけど、実力が未知数っていうとこがあったと思うんですけど、しっかり相手に勝てたことで、自分が口に出す『誰々と戦いたい』というのも口だけじゃないっていうか、実力があって言っているのが多分分かってもらえたかと思います。そこは良い意味でみんなの手のひらを返させられたのかなと思って良かったです」

――バンデージを巻かないことについて、あれについてはどんな反応でしたか？

「本当に野蛮なんだとか、クレイジーだなとか、アイツの身体は鋼でできているみたいなコメントとかありました。それも海外受けはしたのかなと思います」

――バンデージは与座選手にとって必要ないものですか？

「逆に力んじゃうんで。いらないですね」

――次戦もノーバンデージですか？

「これはルールでダメってなるまでは。いらないです」

――チャトリ代表から声をかけられましたか？

「リングで殺しに行く姿勢っていうのが凄く良いという風に。日本のマイク・タイソンなんで。でもほんと嬉しいですね」

――ONE日本大会について、先日の会見に武尊選手、野杁選手と同席しましたが、改めてどうでしたか？

「前回の日本大会は契約的に間に合わなくて、出場選手会見をYouTubeで見て、悔しかった気持ちがすごく強かったです。今回は確定じゃないですけど、同じ舞台に同じ会見に出られたというのは、一選手としてすごい嬉しかったです」

――確かに確約という訳ではないですが、日本大会への出場の思いを聞かせて下さい。

「誰でも出られる舞台じゃないので、そこに自分が実力と結果で文句なしで出られたら嬉しいなと思うし、まだ武尊さんと同じ興行で試合したことがないんで、そこも1つ。武尊さんがエキシで自分が試合っていうのはあったんですけど、2人とも試合っていうのがなくて、自分の中ではそこも1つ目標だし、正明さんとK-1のベルトというのは叶えられたんで、次はONEのベルトを一緒に獲りたいなと思います。だから自分の中でも色んな思いがある大会なんで、次しっかり勝っていきたいなと思っています」
ゴング格闘技",[],[]
【シュートボクシング】山田ツインズはロッタンと同門のムエタイツインズ対決、RISE王者・安本晴翔はONEで連勝中のサタントンと対戦（ゴング格闘技）,https://news.yahoo.co.jp/articles/cf9f7287ceccb4a15f5b9a84ee997bfe9e25b169,https://newsatcl-pctr.c.yimg.jp/t/amd-img/20250717-00010007-gkakutogi-000-1-view.jpg?exp=10800,2025-07-17T21:45:25+09:00,2025-07-17T21:45:25+09:00,ゴング格闘技,gkakutogi,ゴング格闘技,1911,"S-cup出場査定試合として安本、山田ツインズがタイの強豪を迎え撃つ
2025年8月9日（土）東京・後楽園ホール『SHOOT BOXING 2025 act.4』の記者会見が、7月17日（木）都内にて行われた。
【写真】対戦相手のパネルを持つ3選手、山田ツインズは「どっちか分からない」
今大会で、11月24日（月・祝）東京・国立代々木競技場第二体育館『シュートボクシング創設40周年記念大会』で行われる『S-cupワールドトーナメント』の出場権を争うフェザー級（-57.5kg）の3試合が組まれた。

　SB日本フェザー級王者・山田彪太朗（シーザージム）は、デウン・ジットムアンノン（タイ）と59.0kg契約で対戦。

　山田ツインズの兄・彪太朗は2019年8月にプロデビューすると4連勝（無効試合を挟む）を飾ったが、2021年4月に翔に初黒星を付けられた。2022年11月の次期挑戦者決定トーナメントで優勝。12月のRISEとの対抗戦で門口佳佑戦に逆転負けを喫したが、2023年4月に川上叶に勝利してSB日本フェザー級王者となった。

　その後はムエタイを相手に3連勝。2024年4月にKNOCK OUTからの刺客・栗秋祥梧に判定勝ち。6月のKNOCK OUTでの龍聖戦前に指を切断しかけるほどの重傷を負って欠場したが、10月に一仁を初回KOして再起。12月はカオムーカイに判定勝ち、2025年2月にルエル・カタランをKO。4月には川上叶の挑戦を受けての初防衛戦で勝利した。戦績は20勝（7KO）3敗1無効試合。

　デウンはPROムエタイ協会フェザー級王者で、ロッタンと同じジットムアンノンジム所属。

　SB日本スーパーバンタム級王者・山田虎矢太（シーザージム）も59.0kg契約で、ダウ・ジットムアンノン（タイ）と対戦。

　山田ツインズの弟・虎矢太は2019年8月にプロデビュー後13連勝を飾っていたが、2024年3月にプロキャリア初の敗北を喫した。適正階級であるフェザー級に階級を上げ、10月には上位ランカーの内藤凌太を撃破。12月にはONEからの刺客シッティチャイを1RTKOで葬り3連勝を飾っていたが、2025年2月に川上叶に2度のダウンを奪われる完敗。しかし、6月の魁斗戦では初回TKO勝ちで復活。戦績は17勝（12KO）2敗。

　ダウもジットムアンノンジム所属で、デウンとは双子の兄弟。山田兄弟とのツインズ対決となった。

　今大会への出場が発表されていたRISEフェザー級王者・安本晴翔（橋本道場）の対戦相手は、サタントン・チョー・ハパヤック（タイ）に決定。57.5kg契約3分3R無制限Rで対戦する。

　安本は少年時代からアマチュアで150戦以上を経験し、24冠王に輝くなど活躍。2016年6月に16歳でプロデビューを果たすと、REBELS-MUAYTHAIスーパーフライ級王座、INNOVATIONスーパーバンタム級王座、KNOCK OUT-REDフェザー級王座、WBCムエタイ日本統一フェザー級王座を次々と獲得。2022年7月からはRISEに参戦し、2024年10月に門口佳佑を判定で破り第6代RISEフェザー級王座に就いた。2025年6月には國枝悠太をKOして初防衛に成功。戦績は34勝（16KO）4敗2分1無効試合。

　サタントンは『ONE Friday Fights』に出場しているムエタイ戦士で、2連勝している18歳。

　彪太朗は「S-cupを控えていますが調整試合のつもりはさらさらない。タイで王者になっている強い選手だし、日本の双子vs.タイの双子、山田ツインズなめるなよってところを見せたいと思います。皆さん、楽しみにしていてください」とコメント。

　虎矢太は「前回いい勝ち方が出来てベストアート賞もゲット出来て、非常に自信に満ち溢れています。練習もいい状態で出来ています。相手は強い選手と聞いていますが、格闘家としても双子としても強いところをお見せできるように頑張ります」との意気込み。

　安本は「SBの試合、他団体での試合は久々なので、ONEで活躍している強いタイ人を呼んでもらって久々のタイ人選手との試合なのでしっかり倒して勝ちたいと思います」と話した。

　シーザー武志会長は「この山田ツインズはみんな警戒して、日本人の相手が出てこない。それでタイのいい選手を呼ぶしかないということになりました。安本くんはRISEの王者だから、今ONEとの交流があってこれからONEとも広げてきたいので、安本くんはONEの選手との対戦になりました」と説明した。
ゴング格闘技",[],[]
【UFC】引退試合でホロウェイのBMF王座に挑戦するダスティン・ポワリエ「俺の名前がカード表に載った時、みんな“これは絶対に激闘になる”って思ってくれる。それが俺のスタイルだ」（ゴング格闘技）,https://news.yahoo.co.jp/articles/4e09199a26e39de6af98ab1853c1837f4d86d86d,https://newsatcl-pctr.c.yimg.jp/t/amd-img/20250717-00010006-gkakutogi-000-1-view.jpg?exp=10800,2025-07-17T19:36:23+09:00,2025-07-17T19:36:23+09:00,ゴング格闘技,gkakutogi,ゴング格闘技,5335,"ポワリエは地元ルイジアナで有終の美を飾るか
2025年7月19日（日本時間20日）米国・ルイジアナ州スムージー・キング・センターにて開催される『UFC 318: Holloway vs. Poirier 3』（U-NEXT配信）の会見が行われた。
【写真】2度目の対戦で王座戴冠し、歓喜のポワリエ
メインイベントでは「BMFライト級選手権試合」（5分5R）として、地元ルイジアナ出身のダスティン・ポワリエ（米国・36歳）が引退試合で、マックス・ホロウェイ（米国・33歳）が持つBMF（Baddest Mother Fucker）ベルトに挑戦する。

▼BMFライト級選手権試合 5分5R
マックス・ホロウェイ（米国）26勝8敗（UFC22勝8敗）5位 ※UFC勝利数22(歴代3位）※UFC3連勝中
ダスティン・ポワリエ（米国）30勝9敗（UFC22勝8敗）6位 ※引退試合、UFC勝利数22は歴代3位

　両者は3度目の対戦。1度目は2012年2月の『UFC 143』で、UFCデビュー戦のホロウェイを、ポワリエが1R 腕ひしぎ腕固めで極めて一本勝ち。

　2戦目は2019年4月の『UFC 236』で「UFC世界ライト級暫定王座決定戦」として、フェザー級王者のマックス・ホロウェイが、ライト級で4連勝中のポワリエと5年ぶりに再戦。スタンドでもダメージを与えたポワリエが判定勝ちで暫定王座を獲得している。

　両者の前戦は、ホロウェイが3連勝から2024年10月にイリア・トプリアに3R KO負け。ポワリエは、2024年3月のブノワ・サン＝デニ戦でKO勝ち後、6月にイスラム・マハチェフのダースチョークに敗れている。

　今回、BMF王座が賭けられた3度目の対戦は、同王者のホロウェイが一矢報いるか。それとも地元のポワリエが、ベルトとともに有終の美を飾るか。U-NEXTから届いた会見の一問一答を紹介する。

◆ポワリエ「俺のプランは──最初に俺が地面を指差して、相手が殴りに来たらダブルレッグで寝技勝負だ（笑）」

──これがキャリア最後のメディアデイになりますが、今どんな気持ちですか？

「ちょっと不思議な気分だな。普通のファイトウィークみたいに感じるんだけど、減量やインタビュー、試合のことが常に頭の片隅にある中で、“これが最後なんだ”ってふと思う瞬間がある」

──さっきブレンダン・アレン（ミドル級11位）が「家から通ってる」と言っていましたが、あなたはそういう選択肢は考えませんでしたか？

「無理だな。入っているスケジュールが多すぎるし、何度も往復するのは無理だ。数日間は家でチームと過ごして、自分のジムで練習して、昨日こっちに来たんだ」

──昨日のマックス・ホロウェイ（ライト級5位）とのフェイスオフ、何か感じたことは？

「アイツ、デカくなったな（笑）。でも、ああいう場で向き合えたのはいい気分だった。家族との思い出のあるニューオーリンズで、しかもあの教会の前ってのが最高だよ」

──試合の入場曲はもう決まりましたか？ ヒントをもらえますか？

「ジェームス・ブラウンとリル・ウェイン、両方だ。ウェインが一緒に歩くしな」

──ジェームス・ブラウンは譲れない？

「当たり前だろ。俺は代償を払って“ボス”になったんだから、最後にこれを変えるなんて無理だ。あの曲を聞いて、あのバイブスを感じてからじゃないと戦えない」

──今回のトレーニングキャンプでは酒もやめて、徹底的に仕上げたそうですね？

「そうだな。90日以上、酒もマリファナもせず、完全にシラフだった。肉とベリー、たまに野菜。人生で一番仕上がったし、今までで一番軽い体重でファイトウィークに入った」

──今回の勝利者インタビューはジョー・ローガンじゃなくて、ダニエル・コーミエーが担当するそうですが、それについては？

「ローガンが良かったけど、コーミエーもレジェンドだし、ルイジアナ・スポーツの殿堂入りもしてる。ニューオーリンズでルイジアナの男同士、最後に話せるのは最高だよ」

──試合自体について、マックスは初めてKO負けした（vs.トプリア）後で、耐久性に疑問の声もありますが、どういう展開を想定していますか？

「耐久性ってのは遺伝や生活習慣とか色々な要素が絡むから、実際に戦ってみないとわからない。だから俺の目標は、試合で確かめることだ。俺はずっと言ってるけど、これは13年かけて3回目の対戦で、お互い違う時期、違う男として戦ってきた。今回も全く違う戦いになる。マックスは殿堂入りにふさわしいレジェンド。すごいことを成し遂げてきたし、これからもそうだろう。彼のUFCデビュー戦の相手が俺で、俺の引退試合が彼っていうのは、まるで運命みたいだな」

──引退を決めた選手が「毎日やることがなくて寂しい」と話すこともありますが、あなたは“自分で決めて引退する”立場ですよね。試合後の翌日、自分が引退したことに満足していると思いますか？

「正直、分からないな。実際にその時を迎えてみないと。ただ一つ言えるのは、きっとどこかで肩の荷が下りるだろうってことだ。子供の頃からずっと戦ってきて、いつも練習やコンディション、相手が何してるか、最新のテクニックとか……ずっと頭のどこかに戦うことがあった。それが無くなるんだ。もちろんこれからもトレーニングはするし、フィットネスも続けるけど、もう最高レベルで戦わなくていい。その重圧はもう無くなる。それが良いことか悪いことかは、やってみないと分からないけどな」

──ここまで“これまでのキャリアを振り返って”という質問も多かったと思いますが、実際はまだホロウェイ戦が残っている。ちょっと気が散ることもありますか？

「そうだな。実感はまだあんまりないし、“キャリアを振り返るのはまだ早い”って感じてる。でも、たまに忘れてた昔の試合の映像とかを見て“こういうこともあったな”って思い出すことはあるよ。俺はただ夢を追いかけてる普通の男だと思ってるから、自分がやってきたことを“すげえな”って感じることはあんまりない。でも今回、ファンからの声とかリアクションをたくさんもらって、すごく嬉しかった」

──もし試合が激闘になって、残り10秒でマックス・ホロウェイが地面を指差して殴り合いを誘ったら……その時はギロチンを狙いにいきますよね？

「もちろんさ。俺のプランは最初に俺が地面を指差して、相手が殴りに来たらダブルレッグテイクダウンで、グラップリング勝負だ（笑）」

──今回、地元ルイジアナのアカディアナやラファイエットの人たちが会場に駆けつけてくれることについては？

「最高だよ。俺は裕福な家庭でもなんでもないし、これまで世界中で試合してきたけど、地元の人たちはなかなか見に来れなかった。今回はニューオーリンズで、車ですぐ来れる距離だから、家族や友達、ファンが実際に俺の試合を見られる。俺の最後の試合で、それが叶うなんて特別なことだよ」

──実際にニューオーリンズでの試合だと実感したのは？

「昨夜かな。寝る前にAirbnbで手続きをしてる時に“ああ、ほんとにこれが最後の試合なんだ”って思ったよ。でも、今がそのタイミングなんだと思う。俺はこのスポーツに引退させられたくない。自分の意志で去りたいんだ」

──引退マッチがこの場所であることは、試合に特別な感情を加えてますか？

「間違いなく、100％そうだ。このニューオーリンズの空気、引退マッチ、そして素晴らしい相手……すべてが特別に感じる」

──まず最初に、質問の前に……本当にありがとう。ルイジアナを代表してきたこと、誇りに思ってます。あなたが最後の試合をここでやるって、最高だと思います。ルイジアナで育った中で、何か印象に残ってることは？

「格闘技で言えば、2008年にニューオーリンズのスーパードームで試合したことがあるんだ。リッチ・クレメンテが主催したイベントで、車の展示会でケージを設置して試合をやった。あのスーパードームで戦ったのは、もしかしたら俺だけかもしれない。あそこでニューオーリンズ・セインツ（NFL）の試合を観て育ったから、地元の仲間たちの前で戦えたのはすごい思い出だよ」

──ルイジアナの人たちって、他とは違う特別な魅力があると思うんですが、それって何だと思いますか？

「ハードワークと粘り強さだな。子供の頃から、努力して手に入れろっていうのが身についてる。俺のファイターとしての根っこにはそれがある。毎日の地道な努力、それが俺たちルイジアナの人間なんだ」

──もし今ここにいてほしかった人がいるとしたら、誰ですか？

「祖母だな」
◆ダイヤモンドはプレッシャーの中で生まれる。俺はそういう状況で輝く。アンダードッグでいることが、俺の強さだよ
ホロウェイと3度目の試合に臨むポワリエ
──この20年近く、MMA界に大きな影響を与えてきましたが、引退後にどんな形でスポーツに関わっていくつもりですか？

「スポーツに恩返しはしたい。でも、ゼロからジムを開いて子供たちに教えるっていう情熱は正直あんまりない。今は、すでにキャリアのある選手にちょっとしたアドバイスをしたり、何か加えたりするのが好きだ。それに、ESPNの解説席とか、そういう形でスポーツに関わるのも楽しいと思ってる。完全に離れることはないよ。アメリカン・トップチームにも通うつもりだ。俺にとって格闘技はライフスタイルだから。髪が真っ白になって、股関節がぶっ壊れるまでマットには立ち続けるつもりだ」

──キャリアを振り返って、MMA界に残したいものは？

「俺の名前が対戦一覧に載った時、みんな“これは絶対に激闘になる”って思ってくれる。それが俺のスタイルだ。ごまかしはしない。与えられた状況の中でできる限りの準備をして、全力で戦ってきた。だから、俺のことは“戦士”として覚えていてほしい」

──あなたの試合以外のことを少し聞かせて下さい。イリア・トプリア（ライト級王者）がチャールズ・オリベイラ（ライト級3位）をKOした時は、どう思いましたか？

「別に“絶対ない”とは思ってなかったけど、やっぱり驚いたよ。みんなもそうだろ？ チャールズがあんな風に倒されるのは初めてだったし。止められたことはあっても、完全に意識を飛ばされたのは見たことがなかった。それに、イリアの連勝もすごい。俺もファンだし、あいつの試合は必ず観てる。言った通りのことを全部やってるし、まだ若い。無限の可能性があると思う。あいつは本物だ」

──イリアの次の相手は誰がいいと思いますか？

「ライト級はトップがずっとごちゃごちゃしてるからな。ジャスティン・ゲイジー（ライト級4位）がいいんじゃないか。もしイスラム・マハチェフ（前ライト級王者で、ウェルター級に転向予定）が勝ったらウェルター級でイスラムと戦うって話もあるけど、正直それは無茶だろ。イスラムはデカいし、イリアはそんなに大きくない。でも、あいつなら誰でも倒せる力はあるし、45kgから170kgまでどこでもKOできる。でもああいう体格で、あのレベルのレスラーと戦うのは未知数だろ。まずはライト級で防衛戦を何回かやるべきだな」

──じゃあ、イスラム・マハチェフがウェルター級に上がることについては？

「あいつはデカいから、ウェルター級でも問題なくやれると思う。階級を上げれば、減量のストレスも減るだろうし、きっとあの階級に馴染む。王者になれる力は十分にある」

──ジャック・デラ・マダレナ（ウェルター級王者）と戦ったら？

「試合の最初の数分がすべてを決めると思う。ジャックがどれだけテイクダウンから立てるか、どれだけイスラムを自分から引き離せるか。ジャックはデカいし、アスレチックだから面白い試合になると思うよ。楽しみだ」

──最後の試合、地元に戻ってきて、ホロウェイとの三戦目。しかもBMF王座がかかってる。これに勝ったら、どんな気持ちになりますか？

「夢が叶ったって感じだろうな。ルイジアナで最後の試合、そこでグローブを置く。UFCデビュー戦ではリル・ウェインの曲で入場したし、ラストもウェインと一緒に歩く。この夢を追いかけて、家族には素晴らしい人生を与えられた。自分自身も多くを学び、ビジネスを築き、生涯の仲間を得た。ルイジアナで勝ってBMFのベルトを巻いて、自分の州に飛行機でなく車で帰る。まさに絵に描いたような結末だよ。もし勝てたら、俺は永遠にBMFだ」

──“ザ・ダイヤモンド”というニックネームに込めた意味は？

「このあだ名は元UFCファイターのティム・クレイダーがつけてくれたんだ。アマチュア時代もプロになってからも、しばらくはニックネームなしで戦ってたんだけど、ある日ティムが“ダイヤモンド”って言ったんだ。ダイヤモンドはプレッシャーの中で生まれる。俺はそういう状況で輝く。アンダードッグでいることが、俺の強さだよ」",[],[]
【シュートボクシング】笠原弘希の怒りが爆発「ぶっ飛ばす？ あんたが言える言葉じゃないでしょ」、迎え撃つイモト・ボルケーノ「あまりナメられてもな」とOFGマッチを提案（ゴング格闘技）,https://news.yahoo.co.jp/articles/5ed85883888d052ed15265c6bb32c489e963b229,https://newsatcl-pctr.c.yimg.jp/t/amd-img/20250717-00010005-gkakutogi-000-1-view.jpg?exp=10800,2025-07-17T19:26:19+09:00,2025-07-17T19:26:19+09:00,ゴング格闘技,gkakutogi,ゴング格闘技,2113,"ピリピリとした緊張感のある会見となった笠原（左）とイモトのタイトルマッチ
2025年8月9日（土）東京・後楽園ホール『SHOOT BOXING 2025 act.4』の記者会見が、7月17日（木）都内にて行われた。
【写真】いきなり喧嘩腰だった笠原
会見には、すでに発表されていたシュートボクシング日本スーパーライト級タイトルマッチで対戦する、王者イモト・ボルケーノ（FIGHT SCIENCE）と挑戦者・笠原弘希（シーザージム）が出席。

　2024年6月に2階級制覇を狙ってウェルター級王者・奥山貴大に挑戦するも判定で敗れ、肩の負傷・手術を経て1年2カ月ぶりの復帰戦となるイモトは「1年ちょっとお休みさせてもらっていたんですけれど、その間に65kgで笠原くんがいろいろやってくれていたと思いますが、65kgナメられないようにSB代表として締めてやろうと思っています」との意気込み。

　するとこれに笠原は「まずイモト選手に言いたいことがある。SNSでぶっ飛ばすとか、いきなりポッと出て来て俺に言ってきたけれど、あんたが言える言葉じゃないでしょって。SBの65kgは俺が引っ張ってやってきて、（イモトは）ベルト獲っても王者らしい戦績も残せてなくて、なんでいきなり出てきて、俺をぶっ飛ばすって。生意気じゃない？ 今やってやってもいいよ。それくらいの気持ちです。ムカついているのでこういう言葉になってしまいましたけれど、ベストを尽くして8月9日は必ず倒したいと思います」と、いきなりの喧嘩腰。

　イモトは「実際俺も試合してなかったりとか、奥山くんに負けたりとか連敗になっている中でのタイトルマッチなので、言われることは言われると思っていたけれど、王者は俺なので。あまりナメられてもなってのがあります。試合当日はっきりすると思うので、そこは楽しみにしてもらいたいと思います」と返答した。

　互いの印象を聞かれると、笠原は「特にありません」。イモトは「序盤・中盤・終盤、隙のない強い選手だと思います。でも、俺は負けないので問題ないです」と言い、ピリピリとした空気が流れる。

　笠原は4階級制覇を目指す理由について「SBの笠原弘希としての存在感を示すための4階級制覇。僕はもちろんその上まで狙っていて、5階級まで狙っています。まずは存在感を示すための第一歩のタイトルマッチです」とする。

　すでにSBを代表する選手になっており、3階級制覇の実績もあることからベルトにこだわらなくてもいいのでは、との問いには「もう一個上に行くと言いましたが、奥山選手も今年SBのリングで試合してないし、65kgと67.5kgの王者たちは情けないと思っています。王者はSBを盛り上げてなんぼだと思っているので。ベルトを巻いた人が調子がよくない時もありますが、王者らしい結果を残せていないのが事実ですし、そこにちょっと腹がたっている。だから俺がベルトを巻こうかと思っています」と、スーパーライト級王者のイモトとウェルター級王者の奥山が情けないからとバッサリ。

　対するイモトは復帰戦に関して「ジムを移籍して、代表が空手のインターナショナルコーチをしている先生の元で勉強させてもらっていて。立ち方、立ち位置、構え方、握り方、全部そこで一新させてもらって。全部変えてるつもりなので。試合で全部分かると思います」と、新たな練習環境と技術で新しい自分を見せたいとする。

　笠原のこれまでの活躍ぶりをどう見ていたかとの質問には「SBの選手として他団体で戦ってくれているので、SBの看板を背負ってくれていると思っていました。それくらいです」と答える。

　会見では笠原に言われっぱなしだったが、王者としての意気込みはどうかと聞かれると「防衛戦、タイトルマッチとは関係なく、僕の第二のデビュー戦、新しいイモト・ボルケーノとしての第一戦として見てくれればと思います」とした。

　どんな試合をするのがSBの代表としてふさわしいかと問われると、笠原は「もちろんこの試合はKOで倒します。そういう結果をみんなが望んでいると思うので」とKO宣言。

　イモトは「SBらしい打・投・極を全部使った試合をしたいと思っています」と言うと、「ここで笠原くんに提案なんですけれど、オープンフィンガーグローブでタイトルマッチを…」とOFGマッチでやろうと提案。その言葉を遮るかのように笠原は「全然いい。ヒジありでも何でもいいよ。かかって来いよ」と何でも受けてやると言い放つ。

　これにシーザー会長は「試合までに考えておく」と、検討すると話した。

　イモトはOFGマッチを提案した理由を聞かれると「OFGの試合がSBで始まった時に、会見でシーザー会長が元々のSBの形はOFGでのSBだったと。だから原点に立ち返った全部が使える試合がOFGなのかなと思って。笠原くんもOFGで結果を残していて、自分もここ数年はOFGでしかやっていないので、よかったらそれでどうかなって提案でした」と説明。

　笠原は「負けないので」と、どんなルールでも構わないと自信を見せていた。
ゴング格闘技",[],[]
【UFC】マックス・ホロウェイ、3度目のポワリエ戦に「目立ちたいなら、目立つしかない。ビッグファイトがしたいなら、自分から仕掛けるべき」（ゴング格闘技）,https://news.yahoo.co.jp/articles/079ba12d150639f1669ea1cd590f5354ffd1d2ab,https://newsatcl-pctr.c.yimg.jp/t/amd-img/20250717-00010004-gkakutogi-000-1-view.jpg?exp=10800,2025-07-17T19:21:16+09:00,2025-07-17T19:21:16+09:00,ゴング格闘技,gkakutogi,ゴング格闘技,5098,"ポワリエの地元ルイジアナでBMFベルトを賭けて3度目の戦いに向かうホロウェイ
2025年7月19日（日本時間20日）米国・ルイジアナ州スムージー・キング・センターにて開催される『UFC 318: Holloway vs. Poirier 3』（U-NEXT配信）の会見が行われた。
【写真】2度目のホロウェイvs.ポワリエ、試合直後互いにハグをかわした
メインイベントでは「BMFライト級選手権試合」（5分5R）として、地元ルイジアナ出身のダスティン・ポワリエ（米国・36歳）が引退試合で、マックス・ホロウェイ（米国・33歳）が持つBMF（Baddest Mother Fucker）ベルトに挑戦する。

▼BMFライト級選手権試合 5分5R
マックス・ホロウェイ（米国）26勝8敗（UFC22勝8敗）※UFC勝利数22(歴代3位）※UFC3連勝中
ダスティン・ポワリエ（米国）30勝9敗（UFC22勝8敗）※引退試合、UFC勝利数22は歴代3位

　両者は3度目の対戦。1度目は2012年2月の『UFC 143』で、UFCデビュー戦のホロウェイを、ポワリエが1R 腕ひしぎ腕固めで極めて一本勝ち。

　2戦目は2019年4月の『UFC 236』で「UFC世界ライト級暫定王座決定戦」として、フェザー級王者のマックス・ホロウェイが、ライト級で4連勝中のポワリエと5年ぶりに再戦。スタンドでもダメージを与えたポワリエが判定勝ちで暫定王座を獲得している。

　両者の前戦は、ホロウェイが3連勝から2024年10月にイリア・トプリアに3R KO負け。ポワリエは、2024年3月のブノワ・サン＝デニ戦でKO勝ち後、6月にイスラム・マカチェフのダースチョークに敗れている。

　今回、BMF王座が賭けられた3度目の対戦は、同王者のホロウェイが一矢報いるか。それとも地元のポワリエが、ベルトとともに有終の美を飾るか。U-NEXTから届いた会見の一問一答を紹介する。

◆ホロウェイ「俺達はエンタメビジネスの世界にいる。オクタゴンで一瞬でもインパクトを残せば、流れは変わる」

──BMF王座を初防衛する試合ですが、今回のダスティン・ポワリエ（ライト級6位）戦こそ“BMF”を体現するカードだと思います。今どんな気持ちですか？

「ワクワクしてるよ。2回負けてる相手と3戦目をやれる機会なんて、そうそうないからな。これが俺の“0勝2敗”から抜け出す2回目のチャンスだ。燃えてるよ」

──昨日のフェイスオフでは、ダスティンが「思ったよりデカかった」って言ってましたが、自分ではどう感じましたか？

「俺たち2人とも集中してたよ。彼はファイターだし、顔を見れば分かるだろう。もしPPVを買う理由が欲しいなら、あのフェイスオフの映像を見れば良い。お互い本気で集中してる。あいつにとっては最後の舞台だし、俺はそれをぶっ壊しに来た」

──敵地ですが、地元ファンの雰囲気はどうですか？

「みんなすごく優しいし、ここの飯はうまい。本当に歓迎されてるよ。俺はさっきダニエル・コーミエーにも言ったんだけど、むしろブーイングしてほしいんだ。彼の最後の試合で、彼の地元だから。もしこれがハワイだったら、誰が相手でもハワイのファンはブーイングするだろ？」

──今回の試合前、普段より言葉に“エッジ”が効いてる気がしますが？

「そうかもな。（ポワリエの有終の美をぶち壊す）スポイラー役に徹したいんだ。昔、俺は4勝0敗の時にダスティンと初めて戦って、次は13連勝してる時にまたやられた。だから…彼の引退試合で仕返しをさせてもらうよ」

──体重の話ですが、ブログ動画で「すでに155ポンドでもうご飯を食べてる」って言ってましたよね？ あれは冗談？

「もちろん冗談だ。そんなに早く落とせてたら、戦う階級を間違ってるよ（笑）」

──実際、フェザー級はもう完全に卒業したと？

「やっとフェザー級ランキングから外してもらえたよ（笑）。でもマジで、155ポンド（70.31キロ）に集中できるトレーニングキャンプは最高だ。食事も減量も違う。フェザー級の145ポンド（65.77キロ）の時は“これ食べたい”と思っても体重計に乗ったら“ダメだ”ってことが多かったけど、今はもっと楽しめてる」

──オリジナルのファイトショーツについて、ダスティンが「ショーツの格好良さで俺の勝ちだ」と言ってましたが？

「いや、俺のも格好良いだろ。でも正直、もっと色とかカスタマイズさせてくれよって思う。ダスティンのもいいけど、カスタムショーツを作れるのは光栄だよ。俺はその第1号だったしな」

──ダスティンはリル・ウェインと一緒に入場するそうですが、自分がもし引退試合で誰かに歌ってもらうなら？

「そりゃあ、Moke Boyだよ。俺の入場曲『Hawaiian Kickboxer』を歌ってる彼じゃないと。あの曲はずっと俺の入場曲だから、他の誰かだったら逆に失礼だろ」

──ダスティンとの2戦目は判定負けでしたが、あの試合は憤りのほうが大きかったですか？

「いや、怒っていたわけじゃない。短い準備期間だったけど、それでも勝つつもりで出て行った。負けたのは自分の責任だ。でもあの試合はすごく競った内容だった。第4ラウンドでヒザをもらってカットしたから、みんな違う印象を持ってるけど、本当に競り合った試合だった。だからこそ今回、俺がどんな風に進化したかを見せるのが楽しみだよ」

──前回のトレーニングキャンプでは「もしかしたらフェザー級に戻るかも」と考えて、やりたいことが制限されたと話していましたが、今回はどうですか？

「ああ、全然違うよ。前回はほら、顔の骨が浮き出てガイコツみたいだったろ？ でも今はみんなが“デカくなった”とか“幅がある”って言ってくれてる。俺はハワイアン・ポリネシアン。だから骨太で、手首も足首もデカいってところを見せられて嬉しいよ」

──アレクサンダー・ヴォルカノフスキーに敗れた後も、“マックスは終わった”みたいに言われて、でもまたイリア・トプリア（ライト級王者）と戦って…。今回もダスティンに勝てば、すぐにタイトル戦線に戻れると思いますか？

「間違いなく。すべては“瞬間”だよ。もし俺がここで“UFC300級”の瞬間を作れたら、一気にタイトル戦線に戻れる。それがダメでも挑戦者決定戦にはたどり着ける。いける。ダスティンに勝つのが最優先だけど、みんなの声もちゃんと聞こえている。目立ちたいなら、目立つしかない。ビッグファイトがしたいなら、自分から仕掛けるしかないんだ。パディ・ピンブレット（ライト級10位）とイリアの対戦も、突然飛び込んできた話なのに、今や大騒ぎになってる。結局、俺達はエンタメビジネスの世界にいるんだ。オクタゴンで一瞬でもインパクトを残せば、流れは変わる。次は俺の出番かもしれないし、そうでなかったらもう1試合してチャンスを得ないといけない」

──戦略的に、試合中に“盛り上がる瞬間”を狙うことは考えていますか？

「もちろん。特に相手がダスティンならな。みんな“最後の10秒に2人が地面を指差して打ち合うんじゃないか”って言ってるけど、あいつの方が先に指差すかもな（笑）。ダスティンの試合も俺の試合も退屈だったことなんてない。俺たちは“お気に入りのファイターのお気に入りのファイター”って呼ばれてるくらいだからね」

──ダスティンは「指差されたらテイクダウンに行く」って言ってましたが？

「そんなわけないだろ（笑）。俺は信じてないよ。どうせフェイントから左フックでも狙ってくるんだろ」

──この試合、ギロチンで極めるチャンスは？ あなたの方がギロチン勝ちが多いですよね？

「俺は2回あるからな（笑）。チャンスがあれば、飛びつくさ。“ジャンピング・ギリー”ってな」

──息子のラッシュくんから何かアドバイスは？

「いや、あいつはサーファーだからな（笑）。もし何か言ってきても“兄弟、これは海じゃなくてリングの上だ”って返すよ」

──“UFCで一番のボクサー”と自らを評してきたあなたですが、デイナ・ホワイトがボクシング事業に乗り出しました。そのカネロ vs クロフォード戦については？

「いい試合になると思うよ。みんなクロフォードを下に見すぎてるけど、でも相手はカネロだしな。正直、思ってるより接戦になるんじゃないかと思ってる。クロフォードは見た目もデカいし、レスリングもできる。クリンチの場面でなにかの仕掛けがあっても不思議じゃないね」

──今回、ブーイングは覚悟してますか？　それがモチベーションになりますか？

「もちろん。むしろブーイングされたいくらいだよ。もしこれがハワイだったら、ハワイの観客は絶対に相手をブーイングするだろ？ たとえ俺がどれだけ愛されてても、これはダスティンの“送別ファイト”だし、ファンにはちゃんと送り出してもらわないとな」

──2023年、シンガポールでコリアン・ゾンビの引退試合の相手を務めましたが、引退マッチの“相手役”に選ばれることは特別な気持ちになりますか？

「光栄だよ。コリアン・ゾンビはレジェンドだし、実はその後、韓国にも呼んでもらって、セミナーやファンイベントだったりを一緒にやったんだ。彼も奥さんもも大好きだし、今回の試合にも韓国から来てくれるんだよ。親しい関係になれて本当にありがたい。ダスティン（・ポワリエ）とも、もしかしたらそういう関係を築けたらいいなと思う」

──自分の引退の時は、地元ハワイで試合できるといいと思っていますか？

「UFCハワイが実現するかは分からないけど、次にいいのは“ハワイの9番目の島”ラスベガスだな。そこでできたら嬉しい」

◆マハチェフ戦？ みんなマダレナをナメすぎ。トプリアのパンチ力は半端じゃない

──話は変わりますが、UFC300でジャスティン・ゲイジーをKOした瞬間は、人生最高の瞬間だったんじゃないですか？

「間違いない。あれは人生で味わえる最高の気分だよ。例えるなら、100ドルをルーレットの赤に賭けて、それが当たった時の気分。それが1000倍になった感じ（笑）。100ドル賭けて1万ドル勝った時とか、同じような叫び方をしてる（笑）。本当に最高だよ」

──私はここルイジアナ出身ですが、あなたにブーイングはしないとお伝えしておきます。

「いや、ここで今すぐにでもブーイングしてくれよ。みんな、この俺にブーイングを浴びせてくれ！（笑）」

──長いキャリアの中で、リカバリー（回復）のためにどんなことをしていますか？

「大変だよ。でも今では医者の友達もたくさんできたし、何かあったらすぐに電話できる。リハビリの仲間もいて、都合をつけてくれる。それに食事も気をつけてる。若い頃は馬鹿みたいに食べて太ってたけど、今はちょっと食べただけで胃がもたれる（笑）。だから食事もリカバリーも真剣にやってる。身内にもリカバリー施設をやってる人がいる。周りの助けがあってこそだな」

──今回が最後かもしれないダスティン戦に向けて、モチベーションは？

「やる気満々だよ。アイツには2回やられてるし、俺の友達（ハワイ大フットボール部）もルイジアナにシュガーボウルで負けたしな（笑）。ハワイはルイジアナに勝たないといけないんだ」

──イスラム・マハチェフ（ライト級1位）のウェルター級転向については？

「問題ないと思うけど、みんなジャック（・デラ・マダレナ）をナメすぎだよ。ジャックは今世界でもトップだと思うし、試合になったらみんな分かるだろう。10月って噂もあるし、楽しみな試合になると思う。マハチェフはパウンド・フォー・パウンドのランキングでも2位だから、有利とみられるのはわかるけど、ジャックのことを侮らない方が良い」

──イリア・トプリア（ライト級王者）もウェルター級に上がりたいと言ってますが、それでライト級戦線が混乱すると思いますか？

「彼の勢いなら仕方ないだろうし、むしろそれは超ビッグファイトになる。あのパンチ力は半端じゃないから、どの階級でもヤバい。でも、俺が“やめとけ”って言える立場でもないし、もし行くなら応援する。もちろん、俺はイリアとの再戦はしたいけど、アイツがウェルター級に行くならそれも仕方ない。むしろそれが決まったら超面白い試合になるだろうね」",[],[]
【UFC】鶴屋怜が8.22上海『ROAD TO UFC』スペシャルマッチでモンゴルのニャムジャルガルと対戦！「8月決戦」で日本人6選手がオクタゴンに登場（ゴング格闘技）,https://news.yahoo.co.jp/articles/769fa5121c73c1f440f3f0d8034d475e0e62e488,https://newsatcl-pctr.c.yimg.jp/t/amd-img/20250717-00010003-gkakutogi-000-1-view.jpg?exp=10800,2025-07-17T17:58:20+09:00,2025-07-17T17:58:20+09:00,ゴング格闘技,gkakutogi,ゴング格闘技,2268,"鶴屋怜が8月のオクタゴン日本人6選手のオオトリを務めるか
2025年8月22日（金）中国・上海の上海インドア・アリーナで開催される『ROAD TO UFCシーズン4』準決勝のセミメインイベント「UFCスペシャルマッチ」に、鶴屋怜（THE BLACKBELT JAPAN）の出場が決定、モンゴルのニャムジャルガル・トゥメンデムベレルとフライ級（5分3R）で対戦する。これで8月はUFCで日本人6選手がオクタゴンに毎週連続参戦することになった。
【写真】ロイバルを撃破したジョシュア・ヴァンを相手にチャンスも作っていた鶴屋
▼フライ級 5分3R
鶴屋 怜（THE BLACKBELT JAPAN）MMA10勝1敗（UFC1勝1敗）23歳
ニャムジャルガル・トゥメンデムベレル（モンゴル）MMA8勝1敗（UFC0勝1敗）27歳

　　鶴屋は、2023年の『ROAD TO UFC』で優勝。24年6月のカルロス・ヘルナンデス戦でUFCデビュー、判定3－0で勝利すると、25年3月に欠場したブルーノ・シウバの代わりにジョシュア・ヴァンと緊急対戦。判定0-3で敗れ、MMA初黒星を喫している。鶴屋に勝ったヴァンは、その後、25年6月にフライ級1位のブランドン・ロイバルも撃破しており、トップクラスの強豪であったことが分かっている。UFCフライ級最年少23歳の鶴屋は、上海RTUで再起を飾ることが出来るか。

　対するニャムジャルガル・トゥメンデムベレルは、MMA8勝1敗（UFC0勝1敗）。2023年3月にNavEを1R TKOでGladiatorフライ級王者となり、Road to UFC出場。RTUワンマッチでトップノイにスプリット判定勝ち、ピーター・ダナソーに1R リアネイキドチョークで一本勝ちし、UFCと契約を果たした。24年11月のUFCマカオ大会では、平良達郎（2R TKO負け）、鶴屋怜（判定負け）と対戦しているカーロス・ヘルナンデスにスプリット判定負け。25年2月にパク・ヒョンソンと対戦が決まるも「ニャムジャルガルの体重管理の問題により試合中止」となっていた。27歳。

　8勝中2つのKO・TKO勝ちと5つの一本勝ちとフィニュシュ率は高く、ニャムジャルガルの身長170cmに比べ、リーチは180cmと鶴屋より7cm長く、回転の速い右の強打ではNavEをわずか7秒でマットに沈めている。また、そのリーチを活かしたリアネイキドチョークで3つの一本勝ち、1つのギロチンチョークでの勝利も記録。際で背中を譲ると厄介な相手でもある。

　一方で、前戦では立ち技出身のヘルナンデスに前に出て長い右を当てたものの、テイクダウン＆バッククリンチのコントロールにスプリット判定で敗れており、鶴屋としては距離設定に注意しながら組みで上回りたい相手だ。

　この日は、日本からRTU準決勝に唯一勝ち上がった中村京一郎がリー・カイウェンと対戦するフェザー級戦も組まれており、鶴屋はサムライジャパン・夏の大決戦のトリで戦うことになりそうだ。

▼ROAD TO UFC 4 フェザー級トーナメント準決勝 5分3R
リー・カイウェン（中国）15勝6敗
中村京一郎（日本）6勝1敗

　22日の『ROAD TO UFC: Shanghai エピソード5＆6』では、日本人で1回戦を唯一突破した中村京一郎（6勝1敗）が、中国のリー・カイウェン（15勝6敗）とフェザー級準決勝で対戦するなど、4階級の準決勝8試合が行われる。トーナメント優勝者はUFCとの複数試合契約を勝ち取る。
◆中村倫也、平良達郎、風間敏臣、朝倉海、中村京一郎、鶴屋怜──サムライジャパンの8月決戦！
朝倉海がUFCフライ級2戦目に臨む！
◆2025年8月2日（日本時間3日）
『UFC Fight Night: Albazi vs. Taira』
米国ネバダ州ラスベガス UFC APEX

▼フライ級 5分5R
アミル・アルバジ（イラク）17勝2敗（UFC5勝1敗）3位
平良達郎（日本/THE BLACKBELT JAPAN）16勝1敗（UFC6勝1敗）5位

▼バンタム級 5分3R
中村倫也（日本）9勝1敗（UFC3勝1敗）
ネイサン・フレッチャー（英国）9勝2敗（UFC1勝1敗）


◆2025年8月9日（日本時間10日）
『UFC Fight Night: Albazi vs. Taira』
米国ネバダ州ラスベガス UFC APEX

▼バンタム級 5分3R
風間敏臣（日本/和術慧舟會HEARTS）11勝4敗（UFC1勝2敗）
エライジャ・スミス（米国）8勝1敗（UFC1勝0敗）

◆2025年8月16日（日本時間17日）
『UFC 319: Du Plessis vs. Chimaev』
米国イリノイ州シカゴ ユナイテッド・センター

▼フライ級 5分3R
ティム・エリオット（米国）20勝13敗（UFC9勝11敗）11位
朝倉 海（日本/JAPAN TOP TEAM）21勝5敗（UFC0勝1敗）15位

◆Road to UFC: Shanghai
8月22日（日本時間22日）

▼フライ級 5分3R
鶴屋 怜（日本）10勝1敗（UFC1勝1敗）
ニャムジャルガル・トゥメンデムベレル（モンゴル）8勝1敗（UFC0勝1敗）

▼ROAD TO UFC 4 フェザー級トーナメント準決勝 5分3R
リー・カイウェン（中国）15勝6敗
中村京一郎（日本）6勝1敗",[],[]
【RISE】総フォロワー数53.7万人のJDキックボクサー辻井和花が初写真集でビキニにも「戦う毎日の中一つの挑戦として踏み出した初の撮影」（ゴング格闘技）,https://news.yahoo.co.jp/articles/ddca6e58b820e87d96ec30d047fed6250e22e908,https://newsatcl-pctr.c.yimg.jp/t/amd-img/20250717-00010002-gkakutogi-000-1-view.jpg?exp=10800,2025-07-17T14:57:02+09:00,2025-07-17T14:57:02+09:00,ゴング格闘技,gkakutogi,ゴング格闘技,589,"写真集を出すことが決定した辻井、トーナメント準決勝で難敵をクリアすることが出来るか
2025年7月25日(金)東京・後楽園ホール『RISE 190』にて、「第3代RISE QUEENアトム級（-46kg）王座決定トーナメント」の準決勝戦で同級2位・平岡琴（TRY HARD GYM）と対戦する辻井和花（BRING IT ON パラエストラAKK）。
【写真】右ストレートを放つ辻井
2022年10月の『RISE』にて16歳でプロデビュー。2023年10月には松本徐倫を破り僅か4戦目にしてKROSS×OVER GIRLS-KICKアトム級王座に就いたが、2025年4月の初防衛戦で菊地美乃里に敗れ王座を失った。5月のトーナメント1回戦では岩永唯伽に判定で勝利し、シードの平岡との対戦を迎える。

　Instagramの総フォロワー数が53.7万人で海外にも多くのファンがおり、インフルエンサーとしても活躍。アクション女優も目指しているという辻井が、『週刊プレイボーイ』からデジタル写真集を出すことを発表した。

　トレーニングする格闘家としての姿から、笑顔があふれ出る等身大の姿、美しく健康的な水着姿まで、彼女の今が凝縮された写真集だという。

　辻井は「戦う毎日の中一つの挑戦として踏み出した初の撮影。緊張もあったけど自然体で入れたかなー？」とコメントしている。
ゴング格闘技",[],[]
【RISE】大﨑孔稀が兄・一貴と世界王座を争ったキャルービーと対戦、同じバンタム級で鈴木真彦と加藤有吾がついに激突（ゴング格闘技）,https://news.yahoo.co.jp/articles/c8afc64970d341bc171416f7910a7385ab0a729b,https://newsatcl-pctr.c.yimg.jp/t/amd-img/20250717-00010001-gkakutogi-000-1-view.jpg?exp=10800,2025-07-17T12:08:36+09:00,2025-07-17T12:08:36+09:00,ゴング格闘技,gkakutogi,ゴング格闘技,2551,"王者・大﨑孔稀（中央）を狙う鈴木真彦（左）、加藤有吾（右）
2025年8月30日（土）東京・後楽園ホール『RISE 191』の主要対戦カードが発表された。
【写真】大﨑は兄の一貴と対戦したキャルービーと対戦
バンタム級（-55kg）3分3R延長1Rで、同級2位・鈴木真彦（TEAM 寿）と同級3位・加藤有吾（RIKIX）がついに激突。

　鈴木は軽量級離れしたパンチ力と卓越したテクニックで、2018年11月にトーナメントを制してRISEバンタム級のベルトを獲得。5年間無敗、20連勝という驚異の記録を打ち立てた。2024年12月、大﨑孔稀に敗れて王座を失い、その後は勝ち負けを繰り返している。前戦は6月の戸井田大輝戦で判定勝ち。戦績は37勝（21KO）10敗。

　加藤は元ラジャダムナンスタジアム認定ライト級王者・石井宏樹の愛弟子でジュニア時代から石井の指導を受け、プロデビューすると持ち前の強打で頭角を現し2019年12月にWMC日本スーパーバンタム級王座を奪取。2021年1月には岡山ZAIMAX MUAYTHAI 55kg賞金トーナメント優勝を果たした。2024年12月に『ONE Friday Fights 91』に初出場、OFGムエタイに挑んでケイ・ジンジュンをKO。前戦は2025年6月、礼司をKOしている。戦績は28勝（13KO）7敗。

　両者ともパンチャーであり、前へ出てアグレッシブな打ち合いを繰り広げるタイプ。これぞRISEというような試合となりそうだ。勝者が王者・大﨑孔稀への挑戦権を得る可能性が高い。

　SuperFight!のバンタム級（-55kg）3分3R延長1Rでは、RISEバンタム級王者・大﨑孔稀（OISHI GYM）がISKAフリースタイル世界フェザー級王者ジラリー・キャルービー（フランス/CARCHARIAS GYM）と対戦する。

　大﨑はパンチ、蹴り、ヒジ、ヒザいずれでもKOできる破壊力を持ち、タイ人と渡り合うテクニックも持っている。特にボディブローは強烈。様々な団体で活躍し、これまでにJ-NETWORKスーパーフライ級王座、WMC日本同級王座、BOMバンタム級王座を獲得。RISEには2019年11月から参戦。2023年12月に鈴木真彦を破り第8代RISEバンタム級王座に就くと、2024年8月に大森隆之介を判定で破り王座初防衛に成功。11月に『ONE Friday Fights』初参戦でフオ・シャオロンに判定勝ち。2025年5月、門口佳佑をKOした。戦績は36勝（21KO）7敗2分1無効試合。

　キャルービーはアマチュアムエタイのIFMA世界大会で銀メダル、ヨーロッパ大会でも銀メダルを獲得。幼少期にアルジェリアからフランスに移住し、アマチュアボクシングでも8戦無敗。レミー・パラと同門。2024年3月に初来日し、孔稀の兄・一貴とISKAオリエンタルルール世界フライ級タイトルマッチで対戦したが、50-45×3の大差で判定負け。177㎝の長身で大﨑とは12㎝の差がある。戦績は11勝（3KO）3敗のサウスポー。

　一貴戦では組んでのヒザ蹴りを多用し、左ストレートを浴びせる場面もあったが、終始圧倒される試合展開だったキャルービー。1年5カ月でどこまで進化したか。孔稀は兄以上の勝利が求められるところだ。

　第3代RISE QUEENアトム級（-46kg）王座決定トーナメント準決勝3分3R延長1Rでは、同級3位・島田知佳（team VASILEUS）と同級5位・風羽（龍生塾ファントム道場）が対戦。

　島田は武尊率いるteam VASILEUS唯一の女子選手で、伝統派空手をバックボーンに持つ。2024年7月にRISEでプロデビューすると、岩永唯伽との無敗対決を制するなど4戦全勝。5月のトーナメント1回戦では奥村琉奈に初KO勝ちを収めた。

　シード出場となった風羽は2022年5月の『RISE』でプロデビュー。西原朱花に敗れたがその後はシュートボクシングで3連勝。『ホーストカップ』や『BOUT』、香港の『I-1』にも出場。2024年7月のRISEでは女子ホープでランカーの小林穂夏に延長戦の末勝利を収めた。11月には『ONE Friday Fights 86』に初出場。前戦は4月のSBでUver∞miyUに判定勝ち。戦績は7勝5敗。

　ミドル級（-70kg）3分3R延長1Rでは、同級2位・憂也（魁塾）が同級3位・髙木覚清（RIKIX）と対戦。

　憂也は2010年にK-1甲子園で準優勝、同年にDEEP☆KICKでプロデビューを果たすと、様々なリングで活躍。2013年12月には第2代DEEP☆KICK-65kg王者となった。RIZINには3度出場して、全てKO勝利。右ストレートに破壊力を持ち、戦績は35勝（17KO）15敗3分。6連勝で2025年1月にサモ・ペティに挑んだが、延長戦で判定負け。

　髙木は2024年3月にBigbangウェルター級王者の大輝に挑戦、判定勝ちを収めて新王者となり、12月にはK-1グループの山崎陽一をTKOに破り初防衛に成功した。2025年6月、モトヤスックから左ハイキックでダウンを奪い、勝利を収めている。戦績は15勝（5KO）7敗。

　長くRISEミドル級のトップグループに君臨する憂也に髙木が下剋上を果たすか。それとも憂也が必殺の右をさく裂させるのか。

▼ウェルター級（-67.5kg）3分3R延長1R
稲井良弥（TARGET大森／同級3位）
和田哲平（FASCINATE FIGHT TEAM／同級8位）

▼スーパーフェザー級（-60kg）3分3R
戸田龍将（TRY HARD GYM／2023年RISE Nova全日本大会-65kgトーナメント優勝）
東 蒼馬（MONSTAR GYM）

▼ウェルター級（-67.5kg）3分3R延長1R
野口絋志（橋本プレボ／同級7位、Stand Up King of Rookie 2023 -67.5kg級優勝）
KENTA（HAYATO GYM／スーパーライト級14位、第4代DEEP☆KICK-63kg王者）
ゴング格闘技",[],[]
【KNOCK OUT】ぱんちゃん璃奈との因縁対決ドローから5カ月、2度目の参戦にやる気十分の山田真子「相手は根性があるのですごく楽しみ」（ゴング格闘技）,https://news.yahoo.co.jp/articles/4331fb7e44f53aa1bb7b385478841174c2c9f455,https://newsatcl-pctr.c.yimg.jp/t/amd-img/20250717-00010000-gkakutogi-000-1-view.jpg?exp=10800,2025-07-17T06:30:10+09:00,2025-07-17T06:30:10+09:00,ゴング格闘技,gkakutogi,ゴング格闘技,2189,"会見から計量から試合までバチバチだった山田（右）とぱんちゃん
2025年7月20日（日）東京・後楽園ホール『KNOCK OUT.55』にて、KNOCK OUT-BLACK女子アトム級3分3R延長1Rで菊地美乃里（GONG-GYM坂戸）と対戦する山田真子(GROOVY) のインタビューが主催者を通じて届いた。
【写真】ぱんちゃんとの対決は痛み分けのドローとなった
対戦予定だったNaoの欠場により、相手が変更となった山田だが、「自分に集中していた」という彼女には、それは気になっていないという。そんな彼女が、この試合で見せたいと思っているものは何なのか？

■体つきを見てもらっても全然分かるぐらい変わっている

──2月のぱんちゃん璃奈戦以来の試合、そしてKNOCK OUT参戦となりました。あの試合は今振り返ると？

「いやあ、悔しいですね（笑）。今考えても悔しいけど、初めてKNOCK OUTさんに参戦するにあたって、相手のホームでどういう試合をしないといけないかというのが分かってたんですけど、何が足りなかったのかという反省がありました」

──もっともっと攻めないといけなかった？

「というよりは、自分自身がもっとできたのに、という感じですね。準備不足もあったかなと思います」

──階級という点ではどうでしたか？

「そこですよね。試合の前は『どんな感じなんやろう？』というのはありましたけど、試合になったらあまり感じなかったですね。ただ、組みになった時に身長差があったのと、組みの力は強かったと思います。今回はアトム級なので、前回の契約体重よりは調子もよくて、この階級で試合をやらせてもらえるのはありがたいですね」

──今回はNao選手の欠場のため、菊地美乃里選手との対戦となりました。菊地選手の印象は？

「印象というよりは、けっこう直前に試合を受けてもらったので、そういう根性はあるんだろうなと思いました。その話を聞いて感じた通り、ファイトスタイルも根性があるので、すごく楽しみです」

──打ち合いができそう？

「そうですね。パンチで打ち合うんだったら全然打ち合うし、その場面に応じてという感じで。自分も前回の試合の後フィジカルを強化してきたし、Nao選手と対戦の予定だったので首相撲の対策をしっかりやっていたので、体つきを見てもらっても全然分かるぐらい変わっていて、前回とはひと味違う自分を見せられるという楽しみがありますね」

──アトム級では、同じ大会でKihovs.森川侑凛というカードもあって、山口代表は「タイトルに向けてきっかけになる試合になれば」とも話していました。そこについては？

「その話を聞いてもやる気が出るんですけど、それがなくても、今回は今までと違う自分を見せようと思ってたんですね。自分自身が、しっかりと自分と仲間を信じてやり切れれば、いい結果になるんじゃないかなと思っています。タイトルのこともしっかり頭に入れて、責任と覚悟を持ってリングに上がろうと思いますね」

──タイトルへの道ができれば、一つ大きな目標になりますね。

「ヤバいですね。それはメチャクチャ実現してほしいです。そうしてもらえるように頑張ります」

──だから、相手は菊地選手だけではなく、もう1試合の内容も超える必要があるかと思いますが。

「今回、対戦相手が変わったというのもそうなんですけど、自分自身を変えて、自分を上げるというところに集中してやってきたので、他の試合とかは意識しなくても、自ずと結果が出るんじゃないかと思うので、当日を楽しみにしてほしいです」

──山田選手って、基本的に自分以外のことってあんまり気にしてないですよね？

「そうですね、間違いないです（笑）。いつでもそうですけど、自分が勝ち続けていれば道は見えてくると思うので。ずっとそう思ってるんですけど、最近の女子の選手はみんなうまかったり強かったりするので、自分をもっと上げていかないといけないなという気持ちが強くなってて。その成果を見せるのが楽しみです」

──ただ、前回はぱんちゃん選手へのムカつきが大きかったと思うんですが、今回はそれはないですよね？　今回のモチベーションはどこにありますか？

「確かに、今回はムカついてはいないですね（笑）。でも今、練習するのがメチャクチャ楽しいんですよ。今までで一番じゃないかというぐらい。それは、今一緒に練習している仲間だったり、トレーナーだったり、普段から一緒に遊んでいる先輩だったり、自分の周りの人たちがそう思わせてくれているということなので、そこにすごく感謝があるんですよね。その感謝が大きなモチベーションになってます。あと、試合当日、『土方焼け』してるのは自分だけだと思います（笑）」

──毎日暑いですから、建設現場で「一人親方」として働く山田選手には特に大変ですよね。

「バリバリヤバいですよ！　仕事も練習みたいな感じになってます（笑）。自分が一番充実しちゃってるんじゃないかと思うぐらい、毎日楽しいです」

──では最後に、今回の試合で一番注目してほしいポイントはどこでしょう？

「1Rから目を離さずに、しっかり見てもらいたいです。自分の覚悟だったり思いだったりが伝わる試合になると思うので」
ゴング格闘技",[],[]
