headline,mainEntityOfPage,image,datePublished,dateModified,author,media_en,media_jp,str_count,body,images,external_links
「動かない おじいさんにトドメ〜」　timelesz篠塚大輝の《不謹慎ギャグ》炎上の“戦犯”は誰なのか？　“オーディションコンテンツ発アイドル”に感じた危うさ（東洋経済オンライン）,https://news.yahoo.co.jp/articles/ccff980ce14e5b5a5c408ee65e6c4fd3de028629,https://newsatcl-pctr.c.yimg.jp/t/amd-img/20251121-00919567-toyo-000-1-view.jpg?exp=10800,2025-11-21T14:36:18+09:00,2025-11-21T14:36:18+09:00,東洋経済オンライン,toyo,東洋経済オンライン,5700,"timeleszのメンバーで一橋大学在学中でもある篠塚大輝さん（画像：本人の公式Instagramより）
11月18日放送「めざましテレビ」(フジテレビ系)のエンディングを見ていたとき、妙な胸騒ぎを覚えました。
【写真】「まんま同じ？」timelesz篠塚大輝がパクったとされる「元ネタ」
すでに多くの報道が見られますが、マンスリーエンタメプレゼンターとして出演していたtimelesz・篠塚大輝さんが番組の最後で一発ギャグを披露。

　それは童謡「大きな古時計」の替え歌で「今は もう 動かない おじいさんにトドメ〜」と歌いながら殴るようなジェスチャーをするというギャグでした。

■「問題がなかった」とは言えないレベルの内容
ギャグを披露した瞬間、スタジオに微妙な空気が流れ、慌てて伊藤利尋アナが篠塚さんを抱きかかえ「これで終わらせていいのか〜!?」と絶叫。「笑いに変えてフォローしよう」という姿勢を見せたものの、ネット上には笑いどころか批判の声が集まってしまいました。

　批判の内容は「不適切」「笑えない」「本気で不快」「ふつーに放送事故」「朝の情報番組ではあかん」「全国の高齢者に対して失礼」「謝罪しろ」など。なかには「オーディションのときから応援していた」というファンが落胆したようなコメントも少なくありませんでした。
ギャグでありながら笑えなかったこと以上に、「問題がなかった」とは言えないレベルの内容だったことは間違いないでしょう。

　では、どんなところが不適切で、スベったこと以上の問題があったのか。それを突き詰めていくと今回の件は第一印象以上の深刻さがあり、ひいては「アイドルオーディションコンテンツ」の危うさが浮かび上がってきます。

　まず篠塚さんのギャグのどんなところが不適切とみなされたのか。

　若者が高齢者に暴力をふるうようなフレーズと手の動き、さらにそれを笑いながら行ったことも含め、朝の情報番組では受け入れられづらいものでした。
情報番組では毎日さまざまな事件や事故などを扱い、逆境下の人々や被害者も報じているだけに、暴力や死を連想させるような内容は避けなければいけません。

　また、1日のスタートである朝は気持ちよくすごしたい人が多いだけに、不快な気持ちにさせてしまうコメントや動作は避けるのがセオリー。これらは芸能界における基本だけに、マネジメント側や制作サイドがそれを教えていなかったことが露呈されました。

■アイドルの自覚とスポンサーへの配慮が欠如
今回の一発ギャグは篠塚さんの自作であることが、放送前の番組のSNSで予告されていましたが、本当に自分で考えたものなのか。それともマネジメント側や制作サイドからすすめられたものだったのか。事前の内容チェックはなかったのか。これらはわかりませんが、発言が注目を集めるタレントである以上、本人に一定の責任があることは間違いありません。

　特に篠塚さんは応援してくれる人がいて成立するアイドルであり、人を笑顔にする職業。他の職業以上に誰かを傷つけることに注意を払うべき立場でしょう。さらにアイドルは「ファンは何を望んでいるのか」を察知するなど、常に相手の立場から物事を考えることが求められています。
その点、今回のギャグは「これを言うと傷つく人がいる」「自分もいずれはおじいさんになる」などの想像力が欠けていた感は否めないでしょう。

　もう1つ重要なのは、timeleszが多くのCMに出演しており、なかにはAOKIなど男性がメインターゲットの企業も含まれていること。

　それ以外でも「タイムレスマン」(フジテレビ系)、「timeleszファミリア」(日本テレビ系)、「timeleszの時間ですよ」(TBS系)の冠番組、あるいは現在timeleszが主題歌を担当しているドラマ「パパと親父のウチご飯」(テレビ朝日系)と「ひと夏の共犯者」(テレビ東京系)のCMスポンサーも同様。
スポンサーの顧客となる人々を怒らせてしまうような発言は避けるべきでしょう。

　ただ、今回のギャグはそれらと同等以上に、タレントとしての重大な問題点がありました。

　18日朝、篠塚さんの一発ギャグを見た瞬間、「あれ？　　どこかで見たことがある気が……」と感じました。

　すると案の定、芸人の鼻矢印永井さんの持ちネタであることが報じられ、本人もXに「ギャグパクられた上にめっちゃ炎上してる!!」とコメント。

　トラブルに発展すると思いきや、鼻矢印永井さんは怒りを見せず、「こんな機会なので急遽今回のギャグ以外でオススメの一発ギャグ動画を撮りました！　ギャグ選びにお困りの方向け！　無茶振りされた時のオススメギャグ10連発!!」とビジネスチャンスにつなげようとしたため、篠塚さんは救われた形になりました。
しかし、「本人に怒られなかったからいい」という結果オーライで済ませられる行為ではありません。芸人にとってギャグは生きていくための重要な商売道具。

　特に鼻矢印永井さんはまだ知名度が低く、ギャグが知られていないだけに、それを全国放送で無断使用し、しかも「自作」として披露したうえに、「つまらない」というレッテルを貼られたのですから、著作権侵害に準ずるレベルの行為ではないでしょうか。

■新人のキャパを超えるマネジメント
ただ現在23歳の篠塚さんはオーディション「timelesz project -AUDITION-(通称「タイプロ」)」を受けるまで普通の大学生で、歌もダンスも未経験。新メンバー5人が加わったtimeleszの中でも唯一の未経験者であり、最年少でもあるなど、まだ「多くのことを学んでいく」という段階であるのは間違いありません。

　そのため今回の騒動では篠塚さんを責める声ばかりだけでなく、「一発ギャグをやらせるほうが悪い」というものも散見されます。
その多くは「めざましテレビ」の制作サイドに対するものであり、「生放送だから事前に内容をチェックしていたはず」「『自作ギャグ』と事前予告していたのだから内容を知っていたのでは」というものでした。

　そのような疑いが浮上する以上、制作サイドにも一定の責任があることは確かでしょう。

　しかし、それ以上に問題視されてしかるべきはマネジメント側のスタンス。篠塚さんの正式な芸能界デビューは今年2月で、まだ芸歴9カ月であるにもかかわらず、仕事の質量ともにキャパシティを超えている印象があります。
アイドルとして最重要な歌とダンスに誰よりも打ち込まなければいけない立場であるうえに、バラエティや情報番組などにも出演。しかも朝でトップクラスの人気を誇る情報番組の生放送はさすがに背負わせるリスクが大きすぎるように見えます。

■「新人だから許せ」は通用しない時代

　芸能人の言動に厳しい視線が注がれる近年では、「新人だからうまくいかなくて当然。失敗しても許される」というマネジメントは通用しなくなりました。
主にファンが見る音楽番組の歌やダンスなら失敗しても許されますが、不特定多数の人々が見るバラエティや情報番組での発言にはシビアな視線が注がれるため、特に新人はマネジメント側が守るという意識が求められています。

　事実、篠塚さんは18日の放送が「めざましテレビ」の出演3回目でしたが、笑顔より真顔が目立つなど表情が硬く、過度に緊張している様子がうかがえました。

　だからなのか、一発ギャグを振られたときも、あえて「やってんな〜、マジでめざまし」と悪態をつくようなしゃべり方を選択。明らかにTPOを間違えてしまうなど、一発ギャグ以外のシーンでも危うさを見せていました。
それでも篠塚さんなりに頑張ろうとしていたことは間違いなく、空回りしてしまったのでしょう。そんな姿を見ていて、「歌やダンスなどで忙しいのか、番組出演のレクチャーやトレーニングはあまり受けていないのかな」と感じられました。つまり、メディアに出るための教育や訓練が間に合っていないのではないでしょうか。

　そんな新人が失敗しやすいことの背景にあるのが、2020年代に入ってさまざまな男女グループを生み出したオーディションコンテンツの危うさ。
「参加者が人生をかけて懸命に挑み、選ぶ側も全力で向き合っていく」というエモーショナルな過程を公開することで、エンターテインメントとしての醍醐味に加えて、親近感や愛着が右肩上がりで増していく。

　「オーディションを稼げるコンテンツにし、デビュー前から多くのファンを獲得している」というビジネスモデルは理にかなったものであることは間違いありません。

　しかし、その一方で「鉄は熱いうちに打て」とばかりにデビュー直後からのスケジュールがギリギリまで詰め込まれているという印象があります。
実際、timeleszは、2月にシングル「Rock this Party」とコンピレーションアルバム「Hello！　 We're timelesz」、6月にアルバム「FAM」、11月にシングル「Steal The Show / レシピ」とコンピレーションアルバム「HANABI 〜in the late summer night」をリリース。

　6〜8月には8都市24公演のアリーナツアー、9月には千葉と大阪で大規模なファンミーティングを開催。
さらに、前述した冠番組を筆頭にバラエティや情報番組への出演。なかでも篠塚さんは一橋大学在学中であることからクイズ番組への出演が増えていますし、その他でもラジオ、CM、雑誌、ウェブなど数多くのメディアに出演してきました。

■オーディションコンテンツとSTARTO社の相性

　ほんの数カ月前まで一般人だった篠塚さんは、今年最も人生が激変し、心身の忙しさを極めた芸能人だったのかもしれません。懸命に挑んだオーディションが終わってから、ひと息つく時間すら与えられず、「見るものすべてが新しい景色」という状態で日々を過ごしているのではないでしょうか。
しかし、篠塚さんはジュニアとしての下積み経験がないことから、主に他グループのファンなどから「素人丸出し」「ダンスがヘタ」「空気が読めない」「ゴリ押し」などの厳しい声を浴びるケースが増えていました。

　「新人が一生懸命やっているのにそれがうまく伝わらず、批判が増していく」という状態はマネジメント側の責任でしょう。

　このような批判は「鉄は熱いうちに打て」の過密スケジュールによるところが大きく、それは「タイプロ」に限らず他のオーディションコンテンツにも該当しやすいところ。なかでもそれまで芸能経験の少ない新人に心身の負担をかけているのは間違いないでしょう。
ただ、他事務所では「デビューからしばらくの間は本業のパフォーマンスを優先させ、それが安定し、芸能界やメディア出演に慣れたらバラエティや情報番組にも出演していく」という慎重なスタンスのオーディションコンテンツ出身グループも見られます。

　一方、timeleszが所属するSTARTO ENTERTAINMENTは、「歌と踊りはもちろんバラエティも情報番組もドラマもぜんぶこなす」という旧ジャニーズ事務所時代から変わらぬスタンスを継続。
しかし、これはオーディションコンテンツ出身の新人にとっては酷なプロデュース方針なのかもしれません。

　今回の件は篠塚さんが新人である以上、「反省しつつ、また次頑張ればOK」という大らかな世の中でありたいところ。

　ただ、肝心のマネジメント側が今後もこれまで同様の過密スケジュールを組めば、「また同じようなリスクを背負わせる」「心身の不調を来す」などのリスクは避けられないでしょう。

■炎上案件なのに報じられない背景
最後にもう1つふれておきたいのが、ウェブメディアの反応について。今回の騒動を報じた記事は中小のウェブメディアと個人にとどまり、出版社系や新聞社系などの大手ウェブメディアはあまり報じていません。

　本来このような“炎上案件”は大中小を問わずウェブメディアにとっては最も数字が期待できるところとして記事が量産されるだけに、意図的なものを感じさせられます。

　大手ウェブメディアが記事を報じないのは、timeleszやSTARTO ENTERTAINMENTを敵に回したくないからとも見えます。
timeleszといえば今年最もブレイクした男性アイドルで間違いなく、STARTO ENTERTAINMENTは国内トップのSnow Manを筆頭にSixTONES、King ＆ Prince、なにわ男子など多くの人気グループを擁するだけに、ビジネス的につながっておきたい存在。

　同社が圧力をかけているのではなく、今後の収益を考えて報道を自粛したのではないでしょうか。

　一方、テレビ業界も当然のようにこの騒動をスルー。当事者であるフジテレビも表立った対応はせず「なかったことにしたい」というムードが感じられます。
そもそも現在、「Snow Manとtimeleszをキャスティングしろ」は民放各局の共通認識。その点、「めざましテレビ」は裏番組である「ラヴィット！」(TBS系)や「ZIP！」(日本テレビ系)にSnow Manのメンバーが生出演しているため、「じゃあウチはtimeleszをどんどん出そう」というニュアンスを感じさせられました。

　大手ウェブメディアやテレビの「報じない」という対応は、篠塚さんをフォローしているようにも見えますし、それがさらなる批判につながりそうにも見えます。
篠塚さん本人としてはこれまで以上に新人らしい懸命な姿を見せるのはもちろん、バラエティや情報番組への出演時は頑張ろうとしすぎないことが好印象につながっていくのかもしれません。
木村 隆志 :コラムニスト、人間関係コンサルタント、テレビ解説者",[],[]
なぜ人は宗教に時間とお金を費やすのか…貧しい女性が進んで教会に献金する「意外な動機」（東洋経済オンライン）,https://news.yahoo.co.jp/articles/e46976224ade7bb0dde7cfe8a2ddf8235c2f6058,https://newsatcl-pctr.c.yimg.jp/t/amd-img/20251121-00918846-toyo-000-1-view.jpg?exp=10800,2025-11-21T13:30:40+09:00,2025-11-21T13:30:40+09:00,東洋経済オンライン,toyo,東洋経済オンライン,3057,"貧しい信者が裕福な牧師に献金する「合理的な」理由とは（写真：mrmohock／PIXTA）
現代社会において、宗教はすでに巨大な経済活動を伴う「ビッグビジネス」と化しており、その市場規模はマイクロソフトやアップルといった企業の収益を上回るといいます。宗教活動はいかにして強大な力を得たのでしょうか。なぜ、貧しい人もこぞって宗教団体に献金するのでしょうか。一見非合理に見える献金の動機を、ポール・シーブライト『ビジネスとしての宗教』の抜粋から読み解きます。
【話題の新刊】宗教の「経営面」に光を当てた、全く新しい画期的論考『ビジネスとしての宗教』
■気前のよい貧者

　貧しい人がどうしてわざわざ裕福な人にお金をあげるのだろうか。2015年2月、ガーナの首都アクラで、ある若い女性(ここでは仮にグレイスと呼ぶ)と話をしたとき、わたしの頭を離れなかったのは、この疑問だった。
彼女はわたしの研究チームの経済学の実験に被験者として参加するため、セントラル大学(CUC)の研究室に来てくれていた。年齢は24とのことだった。質素ながら小ぎれいな身なりをしていて、口数は少ないが、物腰に聡明さが感じられた。きっとそれなりの学校を出ていて、今は小企業か行政機関で事務員か何かをしているのだろうとわたしは思った。

　これはとんでもない見当外れだった。グレイスは週6日、アクラへと通じる幹線道路に行き、信号待ちをする車列のあいだをひたすら往復している。そうやって歩きながら、小さなビニール袋入りの氷水を、頭に載せたかごの中から取り出して売っている。
1日の稼ぎは、1.5ドルをわずかに超える程度にしかならない。炎天下の路上で12時間、埃と排気ガスにまみれて、へとへとになるまで働いたら、スラム街にある粗末な家に帰る。家では、数年前いっしょに上京してきたおばと2人で暮らしている。

　日曜には教会に行く。教会では案内係として、訪れた人を出迎えて席を案内している。それが終わると、聖歌隊の一員として聖歌を歌う。さらに日曜学校の手伝いもしている。

　教会への献金も怠っていない。収入の10％を納める伝統的な十分の一税に加え、ミサの最中に求められる献金にも応じている。それらを合わせると、教会に差し出している金額は、ただでさえ少ない収入の12％前後にものぼる。教会に献金すれば、病気がちのおばの治療代など、ほかのことにお金が使えなくなることがわかっていながらだ。
教会の指導者で、献金をおもに受け取っているウィリアム牧師(仮名)は、元気で笑顔を絶やさない、とても感じのいい人物で、たいへんな金持ちでもある。金持ちであることを隠そうとはせず、大きなメルセデスに乗り、ズボンのベルトにはドル記号をあしらった大きな丸いバックルがついている。

　完璧に仕立てられたスーツも足りていて、もらっても困るといったところだろう。グレイスからの献金を必要としていないことはひと目でわかる。なのに、グレイスはみずから進んで献金している。なぜそんなことをするのか。
■貧しい信者が裕福な牧師に献金する「合理的な」理由

　グレイスが単に愚かだからとか、だまされているからといった答えが正しくないのは確かだ。グレイスは自分がしていることをはっきりと理解している。わたしよりよっぽどしっかりした金銭感覚の持ち主だ。ほかの教会に移ろうと思えば移れることも知っているし、十分の一税を納めなくとも、献金箱にお金を入れずとも、今の教会にいられることも知っている。それでもこの教会に留まって、毎回、きちんとお金を納めている。
有望な答えといえそうなのは、このグレイスの気前のよさは別段めずらしい振る舞いではない、なぜなら貧しい人や中間層はふだんからたえずお金持ちにお金を払っているのだからというものだ。そもそもお金持ちがお金持ちになれるのはそのおかげだ。

　もちろん、お金を払っている人たちは自分たちの行為を献金とは思っていないだろう。それでもウォルマートで食品を買ったり、ネットフリックスの契約を更新したり、ルイ・ヴィトンのバッグを購入したり、アマゾンプライムに登録したりするとき、たいていの人は自分がそうすることでお金持ちをさらに富ませるのに貢献していると気づいている。
グレイスの日々の労働をつぶさに思い描いてみなければ、なぜ日曜日に教会に通うことが彼女にとってそんなに重要な意味を持つのかはわからないだろう。日曜日に教会に行くときには、洗い立てのきれいな服を着られる。案内係として、教会に来た人たちと気持ちのよい挨拶を交わすことができる。

　日曜学校では自分より若い人や、自分よりもっと弱い立場に置かれた人たちに対して責任を持つことができる。ほかの人といっしょに歌うことができる。平日を露天商としてともに過ごしているいろいろな人たちとおしゃべりができる。友だちをつくることもできる。
この恐ろしい街でなりゆきで選んでしまうかもしれない求婚者よりも、飲んだくれて妻に暴力を振るう可能性が低い未来の夫と出会えるかもしれない。こういうことをすべて、自分のことを受け入れ、敬意を払ってくれるコミュニティの中ですることができる。

　教会に通うために収入の8分の1を支払うというのは、むしろ安く感じられるのかもしれない。わたしたちのように外部から見ている者には、大金持ちといってもいいウィリアム牧師が貧しい女性に献金を求めるのは、理不尽なことに思える。
しかしグレイスにとってはそういう問題ではない。コミュニティの一員でいるために十分の一税を納める必要があるなら、彼女は喜んでそれを納めるだろう。

■宗教団体が提供する「商品」と「サービス」の対価

　そこにはさらに複雑な要素もある。もしネットフリックスの月々の利用料を支払わなければ、あなたはコンテンツを見られなくなるだろう。もしウォルマートのレジで代金を支払わなければ、あなたはかごに詰めた食品を持ち帰ろうとするのを止められるだろう。
しかしグレイスは十分の一税を納めなくとも、教会には喜んで受け入れてもらえるのだ。ただし、以前ほど、心から歓迎されているとは感じられなくなる恐れがある。それまでは温かい微笑みをたたえていた牧師が、いくらかしぶい表情を見せるようになるかもしれない。

　路上でどなられたり、蔑まれたりしている日々の生活とは違って、ここでは誰からも大事にしてもらえる。それは単に教会に来ているからではなくて、みずから進んで教会に来て、あり金をはたいて献金しているからこそだった。
そのことはグレイスもウィリアム牧師もわかっている。牧師と教会に集う人々のおかげで、グレイスは自分を誇らしく感じることができる。そのように感じられるのには、グレイスがウィリアム牧師を神と特別な関係を持つ人と信じていることも大きく関係している。

　21世紀に入ってからも、世界の何十億という人々が宗教指導者の呼びかけに応えて、時間と労力とお金を宗教団体に費やしている。大半を占めるのは、グレイスと同じように、冷静かつ明晰な判断のもとにそうしている人々だ。
その結果、宗教団体が世界各地で強大な力を手にしている。ときに宗教指導者は単なる精神的な指導者に留まらない。比喩的にではなく、文字どおりの意味で、人々に命を捧げるよう求めることすらある。

　(翻訳:黒輪篤嗣)
ポール・シーブライト :トゥールーズ大学経済学部教授",[],[]
「世界シェア7割」を独占！　東洋合成工業が握る半導体微細化の“生命線”（東洋経済オンライン）,https://news.yahoo.co.jp/articles/831af1089bf5783ae775a7f61102be9eb9c99e2e,https://newsatcl-pctr.c.yimg.jp/t/amd-img/20251121-00913200-toyo-000-2-view.jpg?exp=10800,2025-11-21T13:00:39+09:00,2025-11-21T14:54:17+09:00,東洋経済オンライン,toyo,東洋経済オンライン,3030,"日本には、半導体の製造に欠かせない素材を販売し、高い世界シェアを誇る企業が多数ある。今回は「東洋合成工業」を紹介する※写真はイメージです（写真：Sunrise／PIXTA）
世界シェアナンバー1の日本企業は今も多数存在し、日本経済のみならず世界経済を支えている。特に小規模なマーケットで世界シェアが圧倒的に高く、世界のサプライチェーンで非常に重要な企業が日本にはたくさんある。本稿では『日本人が知らない‼ 世界シェアNo.1のすごい日本企業』より一部抜粋のうえ、今注目の半導体業界の中から、知られざる優良企業をご紹介する。
【ランキングを全部見る】新卒社員の「3年後定着率」が高い会社ランキング
■世界シェア約70％「あらゆるタイプの感光材を製造」
東洋合成工業は、半導体の製造に使用されるフォトレジストの主要原料である感光材を製造している。その世界シェアは約70％。

　フォトレジストとは特定の光を受けると性質が変わる液状の化学薬剤だ。半導体の製造では、半導体の基板となるシリコンウエハーの上に酸化膜・窒化膜を形成したあとにフォトレジストを塗る。その後、光線で回路図を焼き付ける。

　フォトレジストの世界主要メーカーは東京応化工業、JSR、信越化学工業、住友化学、富士フイルムの5社。この5社で世界シェアの9割を占める。東洋合成はこうした企業に感光材を販売している。
フォトレジストにもさまざまな種類があり感光材もさまざまだが、東洋合成はあらゆるタイプの感光材を製造できる。

　半導体の製造過程ではわずかなホコリやチリも許されない。シリコンウエハーの直径を300ミリメートルとすると10ナノメートルのゴミがあるだけで、その半導体は不良品となり使いものにならない。ナノレベルで表現しても実感がわかないかもしれないが、例えるなら日本列島の広さの場所に10円玉大の汚れが許されないというレベルだ。
純度の高いフォトレジストを製造するには純度の高い感光材が必要であり、東洋合成はこの要求に応える高い技術を有する。

　フォトレジストの材料は感光材以外に高純度溶剤とポリマー(樹脂)などもあるが、東洋合成はこれらも製造している。「フォトレジストの材料すべてを製造しているのは東洋合成工業だけだ」(木村有仁社長)。

■化学品物流ビジネスも手がける

　東洋合成は他社の液体化学品を貯蔵・精製・輸送する化学品物流ビジネスも手がけている。顧客は大手石油化学メーカーや総合商社などだ。
同社の高浜油槽所は、東京湾岸道路の千鳥町のすぐ近くというアクセス抜群の場所に位置し、4万3000平方メートルの敷地(東京ドームとほぼ同じ)に危険物貯蔵タンクを計65基(総容量5万5400キロリットル)保有している。

　敷地は海に面しており、船舶で運ばれた化学品を受け入れて、タンクに貯蔵したり、ドラム缶に詰め替えたりする。また、配送用のタンクローリーへの積載も行う。

　東洋合成は単なる物流業者ではなく、化学メーカーなので化学品の取り扱いに慣れている上に、受け入れた化学品を分析・精製することもできる。海外から輸入される化学汎用品は純度が低いので、顧客の中にはここでの精製を希望する企業が多い。
国内の大手化学メーカーは低採算の汎用品の生産を減らし、好採算の付加価値製品にシフトする傾向がある。その分、これから汎用品は海外からの輸入品に頼ることになるが、海外製品の純度は日本製ほど高くないので精製しなければ使用できない。そのため、物流センターに分析・精製機能があるのは顧客にとって便利なのだ。

　また、顧客が希望すれば液体化学の合成も請け負う。化学製品の輸入、貯蔵、分析、精製、合成、出荷までを一気通貫でできるのが東洋合成の強みだ。
1カ月にやってくる船舶は50隻、タンクローリーは3000台もある。施設の充実と交通の利便性が評価されて施設稼働率は95％を超える。

　現在でも交通の便がいいが、東京外かく環状道路(外環)が全面開通すれば、利便性はさらに向上する。

■香料材料の世界シェア40％

　東洋合成は香料原料も生産しており、世界シェアは40％を占める。香料原料は洗剤やシャンプーなどトイレタリー製品の香りの素になるほか、ジュースやお菓子などのフレーバーにも用いられている。
同社の香料は高品質であることに加えて、香りの安定性が高いことが評価され、27カ国に輸出されている。人間の嗅覚は敏感なため、香りが変化すると製品そのものを拒否するようになってしまう。香りの安定性はとても重要だ。

　同社はオランダのロッテルダムに香料材料の物流倉庫を保有して、世界各国への配送体制を構築している。さらに、香料材料の医薬向け分野への販売も強化しており、販路拡大による香料材料の伸びが期待される。
■ピンチをチャンスに変えた

　創業者の木村正輝は1954年、東京都江戸川区に麻酔薬などの医薬品用化学製品を製造する日本アセチレン化学工業を設立。その後、蒸留精製技術に磨きをかけ、輸入品の合成繊維原料の精製を手がけた。

　1963年には千葉県市川市に工場を建設して酢酸エステルの製造を開始し、事業が軌道に乗ったことから新工場用地を市川市から取得する。しかし、そこは土地といっても埋め立て前の海。埋め立てたあとには塩害が予想され、工場には向かない土地だった。
そこで、木村はその土地を油槽所にすることにした。これが現在の高浜油槽所だ。日本の石油化学産業の成長期であったことから、多くの石油化学関連企業からの引き合いがあり、油槽所ビジネスは同社の安定した収益の柱となった。油槽所ビジネスの成功が、その後の同社の成長につながっていく。

　東洋合成にとって大きな転機となったのは、1970年代の石油ショックだ。

　原料価格高騰と化成品の販売不振に苦しんだ東洋合成は、半導体分野への進出を決意。1981年には感光材製造工場を建設し、1982年には感光材研究所を開設した。
研究生産体制は整ったものの、国内市場が未成熟で参入が困難だったため、半導体先進国の米国に活路を求めた。米国企業への販売をきっかけとして販路を拡大し、その後は半導体の微細化にともなって事業を拡大していった。現在では全売上高のうち60％が感光材だ。

■経済安全保障上も重要な位置を占める

　数百ある半導体の製造工程では、企業同士のすり合わせが重要だ。長年のすり合わせによって構築された関係は強固であり、他社への置き換えは容易ではない。もし、材料を他社のものに変更した場合、同じ製品を製造できるかわからない。
フォトレジストメーカーが材料を取引実績のない他社製品に変更するのは、リスクが高すぎる。もし変更するとしても膨大な件数のシミュレーションが必要になるので、莫大なコストがかかる。したがって、世界の主要フォトレジストメーカーと密接な関係を持つ東洋合成の優位が揺らぐことは考えにくい。

　ちなみに、東洋合成は財務省の「海外投資家の出資を事前審査する重点企業」リストに掲載されている。ここに掲載されたということは、日本政府が外資からの買収に対して重点的に保護する企業であるということ。東洋合成の技術が経済安全保障上とても重要であることを示している。
田宮 寛之 :経済ジャーナリスト、東洋経済新報社記者・編集委員",[],[]
10年の休止を経て…アニメ《ドラえもん》が「フランス」に再上陸！配信先に「YouTube」を選んだテレビ朝日の“深謀遠慮”とは？（東洋経済オンライン）,https://news.yahoo.co.jp/articles/bcf3e25e444bcd8a3ed1cc7ccdd45bf680085bb8,https://newsatcl-pctr.c.yimg.jp/t/amd-img/20251121-00917868-toyo-000-1-view.jpg?exp=10800,2025-11-21T12:30:41+09:00,2025-11-21T12:30:41+09:00,東洋経済オンライン,toyo,東洋経済オンライン,3381,"世界最大級のTVコンテンツ見本市「MIPCOMカンヌ2025」で、アニメ「ドラえもん」のフランスYouTubeデビューの狙いが明かされた（画像：©藤子プロ・小学館・テレビ朝日・シンエイ・ADK）
半世紀以上続く国民的キャラクターの「ドラえもん」が、実はフランスでYouTubeデビューしています。
【写真を見る】ドラえもんとのび太の声優を務めるフランスの2人。どら焼きを頬張る笑顔がチャーミング！
10月に開催された世界最大級のコンテンツ見本市『MIPCOMカンヌ2025』の会場で、フランス語吹き替え版チャンネルの新展開が発表されました。その背景には、視聴者とのつながり方を見直す──いわば「リーチの再構築」という試みがあります。

■10年ぶりのフランス上陸、YouTubeで再挑戦へ

　フランスで『ドラえもん』が展開されるのは約10年ぶりです。スペインやイタリアではすでに長年放送が続き、親世代にも定着していますが、フランスでは一度放送が途絶えていました。
その空白を経て、2024年9月にYouTube上でフランス語吹替版チャンネルが立ち上がり、まずは吹替版46話が公開されました。「ドラえもん」のファンベースをつくるところから再出発したのです。

　このYouTube展開が評価され、25年に入ってから複数の配信契約へとつながっています。フランスのAmazon Prime Videoのほか、アニメ専門のAnimation Digital Network、無料配信サービスのPluto TV Franceなどが名を連ねます。YouTubeがフランス再進出の“呼び水”となったわけです。
『ドラえもん』の海外展開は、原作の藤子プロや小学館グループと並び、放送するテレビ朝日も長年中心的な役割を担っています。MIPCOMカンヌの会場でテレビ朝日に話を聞くと、国際ビジネス開発を統括する稲葉真希子氏が、YouTubeを選んだ理由を話してくれました。

　「買ってくれるかどうかがすべてだった時代から、いまは“届けに行く”時代です。今回フランスではYouTubeという選択肢で、自分たちの足場をつくり直しました」
つまり、海外放送局の買い付けを待つのではなく、自らプラットフォーム上で発信し、視聴者との接点を取り戻すという戦略の転換と言えます。

　『ドラえもん』はこれまで70を超える国と地域で展開、数多くの言語に翻訳・吹き替えされています。それでもフランスでの再展開は実は簡単ではありませんでした。

　10年ぶりの再上陸でまず行ったのは、現地の子どもたちに自然に響く声へのアップデートでした。ドラえもん役にはフランスでジム・キャリーや『ライオン・キング』のシンバの声でおなじみのエマニュエル・キュルティル氏、のび太役には『ドラゴンボール』孫悟空の声で知られるブリジット・ルコルディエ氏を迎えています。いずれもフランスでは広く知られた声優で、いまの子どもたちにも親しめる声を選んだそうです。
また、ひみつ道具やキャラクター名の翻訳も、現地で刊行されている漫画版の表記に合わせて一新されました。たとえば「アンキパン」はrappel-pain(=思い出させるパン)に、「どこでもドア」はporte “va partout”(=どこにでも行けるドア)に、「タケコプター」はBamboucoptère(=bambou＜竹＞とhélicoptrère ＜ヘリコプター＞の造語)になりました。

　響きが柔らかく、子どもにも親しみやすい言葉に置き換えられています。こうした細部の工夫が、フランスの子どもたちにとって“自分たちのドラえもん”として自然に受け入れられる鍵になっているのです。
それでも、課題はまだありました。

　ヨーロッパでは子ども向け番組が公共放送を中心に放送されることが多く、教育的な要素や倫理的な表現への配慮が重視されます。そのため、セリフの言葉づかいや吹き替え、脚本のトーンにも、現地の文化や子どもの感覚に合わせた細かな調整が求められます。保護者が安心して子どもに見せられる内容にするなど、クリアすべきハードルは少なくありません。

　前述の稲葉氏は、「“ドラえもんだから通る”わけではありません。届け方を変えなければ、次の世代にはつながらないんです」と強調します。
■フランスの声優陣にも話を聞いてみた

　MIPCOMカンヌに来場していた現地の声優たちも、その“届け方”を体現していました。

　キュルティル氏に、自身の演じたドラえもんというキャラクターをどう捉えているのか尋ねると、「困っているのび太をドラえもんはいつも助けて、2人のあいだには確かな絆と友情がある」と実感を込めて答え、続けて「観客が2人を本当の友だちだと感じられるようにしたい」とも話します。

　のび太役のルコルディエ氏もキャラクターへの愛情たっぷりです。「どんな間違いをしても、ドラえもんのおかげでのび太は好奇心旺盛でいられる。彼の存在がのび太を成長させるんだと思う」と語ってくれました。
新しい声で命を吹き込まれたフランス版『ドラえもん』は、単なる翻訳にとどまらず、“友情”という普遍的なテーマを、いまの子どもたちの心にどう届けるかを模索する試みでもあります。

■「YouTubeはもはやテレビだ」

　今年のMIPCOMカンヌでは、「YouTubeはもはやテレビだ」というフレーズが繰り返されました。

　ニューヨーク拠点のメディアアナリスト、エヴァン・シャピロ氏は「YouTubeやTikTokなどの個人クリエイター発信の動画が、既存のテレビと同じ土俵で視聴を取り合っている」と指摘しています。さらに、イギリスの調査会社アンペア・アナリシスのガイ・ビッソン氏も、「番組の届け方は結局、ストリーミングに集約していく」と分析していました。
つまり、放送かネットかという区別よりも、視聴者がどのプラットフォームで作品に出会うかが勝負の時代になっているのです。『ドラえもん』のYouTube戦略は、まさにその潮流に乗った動きでした。

　YouTubeという自社で完全にはコントロールできない場にあえて踏み出し、自分たちの手で発信することで、“IPオーナーが視聴者と直接つながる力を取り戻した”といえるでしょう。

　『ドラえもん』のように長年愛されてきたキャラクターだからこそこのような挑戦ができた部分もありますが、“どう生まれ変わらせるか”という視点があったことも大きいです。過去の人気に頼るのではなく、どの国の子どもにも“いま”の感覚で響く形に翻訳し直すことが、成功の鍵になっているのです。
世界では、YouTubeを起点に再評価された作品が増えています。オーストラリア発のアニメ『Bluey』は家族の日常を描いた作品で、イギリスBBCとの共同展開により世界的ヒットとなりました。テレビ発の作品が、配信やYouTubeで人気を広げ、ファンコミュニティを育てた成功例として知られています。

　フランス版『ドラえもん』も、同じように新しい広がりを見せようとしています。YouTubeで新しい世代の子どもたちにドラえもんを知ってもらい、配信展開を軸にさらなる広がりを目指しています。稲葉氏も「ゆくゆくは映画展開にもつなげていきたい」と話していました。
■どこでもテレビになる時代

　『ドラえもん』が今回示したのは、「物語はひとつの枠にとどまらない」ということです。日本では今も放送が続く一方で、テレビの枠を越え、いかに海外の視聴者とつながるかという問いに、日本発IPが具体的な形で応え始めました。

　“テレビの枠に縛られる”のではなく、“どこでもテレビになる”時代。半世紀前に生まれた青いロボットは、フランスで再び、新しい世代の友だちになろうとしています。
【もっと読む】Netflix世界3位！　小栗旬・赤西仁出演の《匿名の恋人たち》が海外でもウケる訳。王道ロマンスかと思いきや…「ビターな恋愛」が琴線に触れる　では、テレビ業界に詳しい長谷川朋子氏が、海外でも話題になったドラマ『匿名の恋人たち』について詳細にレビューしている。
長谷川 朋子 :コラムニスト",[],[]
働きすぎて疲労困憊→心機一転《オーストラリア》でワーホリ！が、就労先は「悪徳ベリー農場」で・・・。日本人女性2人の“完璧を手放す生き方”とは（東洋経済オンライン）,https://news.yahoo.co.jp/articles/5d73db8f9a6229332cebb21e81785f402fe1287a,https://newsatcl-pctr.c.yimg.jp/t/amd-img/20251121-00916107-toyo-000-1-view.jpg?exp=10800,2025-11-21T11:30:39+09:00,2025-11-21T11:30:39+09:00,東洋経済オンライン,toyo,東洋経済オンライン,3568,"オーストラリアのワーキングホリデーの実態について、就労中の日本人女性2人に取材をした（写真：くろまろ / PIXTA）
■リゾバ仲間から聞いた海外体験談

　「もう、あんなに働けない」

　建築事務所で6年半、納期に追われながら働いていた31歳の佐々木優子さん(仮名)は、コロナ禍を経て限界を感じていた。
【写真を見る】取材に応じてくれた2人。悪徳ベリー工場での就労などを経て、“自分たちらしい生き方”を発見した
「毎日スーツを着て出勤し、丸一日会社にいることもありました。24時間働きっぱなしで。あんな生活、もう無理でした」

　29歳の真鍋梨花さん(仮名)は、薬学部を中退後、イベント設営の仕事に就いていた。実家暮らしで県外に出たこともない。仕事は単調で、将来の見通しもない。
「めっちゃ仕事辞めたい。どこか遠くに行ってみたい」――そう思いながら、日々を悶々と過ごしていた。

　2人が出会ったのは2021年11月、北海道・キロロのスキー場。リゾートバイトの職場だった。その後も、静岡の下田、福井の芦原温泉、長野の野沢温泉を転々としながら、2人は意気投合する。

　「リゾバ仲間から海外体験談を聞いて、“自分たちも行けるかも”って思ったんです」

　2024年春、2人はワーキングホリデーのビザを取り、オーストラリアへ旅立った。しかしそれが、波瀾万丈の幕開けだった――。
1年4カ月後の2025年9月。日本で取材に応じた2人は、晴れやかな表情でこう言った。

　「1年で150万円、貯金できました」

　勤務先はオーストラリア東部ニューサウスウェールズ州にある食肉工場。1年間働き、この金額を貯めたという。

　「これ、内臓切ってるところです」(佐々木さん)

　携帯で見せてくれた動画に写っていたのは、オペ看護師と魚屋を混ぜたような格好をし、大きめの包丁を使いながら、慣れた手つきで作業している姿だった。
朝6時から始まる仕事は、豚肉をひたすら切り分ける単純作業だ。時給は約32豪ドル(約3200円)。週35時間働いて、手取りは月40万円前後になる。

　「毎月、だいだい20万くらい貯金できました」(佐々木さん)

■日本人が日本人を搾取する「悪徳ベリー農場」

　しかし、最初から順調だったわけではない。

　オーストラリア到着後、最初に向かったのは、Facebookで見つけた「日本語対応可能」なベリー農場。英語力に不安があった2人には安心できそうに思えたが、実態は過酷だった。
「1パック50円の歩合制。7日間フルで働いて手取り171豪ドル(約1万7000円)で、宿泊費を差し引けば、ほとんど手元に残りませんでした」

　「地獄のベリー農場」と彼女たちが呼ぶその場所は、「悪徳」として幾度となく名が挙がるニューサウスウェールズ州コフスハーバー市のベリー農場のひとつだった。そこでは20人以上の日本人が働いていたという。

　「最悪でした。朝6時から夕方まで働いて、この金額。10日で辞めました」
ただ、「セカンドビザ(2年目ビザ)」取得のために3カ月間耐える日本人もいたという。

　オーストラリアのワーキングホリデーは、特定業種で一定期間(通称「88日ルール」)働くことで2年目の滞在が可能になる。さらに2年目、合計179日間(約6カ月)働いた場合、3年目のビザが申請できる。この仕組みを悪用した“搾取ビジネス”が後を絶たない。

　興味深いのは、ベリー農場の仲介役が日本人だったという点だ。“同胞”という安心感を利用した構造には、より深い問題が潜む。
10日で農場を辞めた2人は、同時に宿も失った。行動範囲を広げるために28万円の中古車を2人で購入し、新たな仕事が決まるまで、車中泊でしのぐことにした。

　「めっちゃ狭かったし、寒かったです。でも、2人だったからできた。1人だったら怖くて無理でした」(佐々木さん)

　この生活を支えたのが「共同口座」だ。オーストラリアでは複数人で名義を共有できるデビットカードを作ることができる。

　2人はそれぞれ個人口座も持ちながら、生活費用の共同口座を開設。生活費を完全に共有することで、どちらかが困っても助け合える仕組みが、異国の地での心の支えになった。
転機は、突然訪れる。ベリー農場で知り合った日本人から「ミートファクトリー(食肉工場)に一緒に行かない？」と誘われたのだ。この縁が、2人の道を開いた。

■“働く自由”を取り戻した南半球での暮らし

　南東部の小さな町にある食肉工場には、パプアニューギニアやフィジー出身の労働者が多く、日本人も複数在籍していた。従業員は約60人。働き始める前に健康診断も行われた。

　勤務は月曜から金曜、朝6時に開始する。木曜と金曜は午前で終わることも多く、残業代は1.5倍。そして驚くべきは、休暇の取りやすさだ。
「2カ月に1回、1週間休んで旅行していました。1カ月休んでも『おかえり』って迎えてくれる。趣味のサーフィンも楽しめて、精神的にすごく自由でした」(佐々木さん)

　豪州ワーホリをめぐっては「労働搾取」との批判も根強い。確かに、危険を伴う作業もある。工場には指を失った従業員もいる。

　一方で、危険な作業ほど給料が高く、チェーンソーなど特に危険な作業は現地のオーストラリア人が担当しているという。2人はこう語る。
「最初は臭いがきつかったけど、ヘッドホンで音楽聴きながら作業できるのがいい」(真鍋さん)

　「こっちの仕事も楽ではないけどオンオフがはっきりしているし、毎月貯金できるので選択肢が広がりました」(佐々木さん)

　物価も高いオーストラリアだが、生活面はどうだろう。

　「外食するとめちゃくちゃ高いです。コーヒーと朝食が2人で70豪ドル(約7000円)。スーパーの野菜とかも高いけど、その分給料も高いから、そんなに苦ではないです」
貯金はするものの、オーストラリア生活を楽しむことも忘れない。今年はニュージーランドやフィジー、東南アジアへの旅行も計画中。2カ月に1回の旅行は、もはや2人のルーティンだ。

　海外に出る場合、語学向上を目的にする人も多いが彼女たちはまず“楽しさ”を優先する。

　「英語は買い物ができる程度。喋れなくても楽しい。それでいいかな」真鍋さんは微笑む。

　「英語を本気で伸ばしたい人は、そもそも日本人といないだろうし。それでも、行く前よりは確実に喋れるようになってます」と満足そうに佐々木さんも笑う。
完璧を求めない。その割り切りが、精神的ゆとりを生んでいる。

　実際、1年間一緒に暮らして「1人の時間が欲しい」と思ったことはないかと聞くと、「うーん」と考えたあと「ないですね」と口を揃えた。

　「部屋でそれぞれ好きなことをしながら、同じ空間を共有しているだけなので気になりません」

　この相性の良さが、異国の地でも精神的安定を保つ秘訣なのだろう。

　「3年間オーストラリアに滞在して日本へ戻ったら、ゲストハウスをやりたいです。なので今まで以上にもっとお金を貯めたい」
■豪州での工場勤務…搾取か、希望か

　日本での取材から1カ月後、オーストラリアに戻った2人からメッセージが届いた。

　「新しい仕事が見つかりました。アイスクリームのコーンを作る工場です。働いているのは全員オージー(オーストラリア人)。給料は以前と変わらないけど、週4日勤務になって以前より条件はいいです」

　Googleマップでめぼしい工場を探し、連絡をしたのだという。それで面接をし、仕事が決まった。

　31歳と29歳。週35時間働き、月40万円を手にしながら、2カ月に1度の旅行を楽しむ。2人には今、「日本でゲストハウスをする」という明確な夢がある。これを「搾取」と呼ぶべきか、「希望」と呼ぶべきか。
「オーストラリアに来てよかったと思うから、『労働搾取』とか言われるのは腹立つ。日本の方がはるかに搾取されてた」

　真鍋さんの言葉は挑発的だが、1つの真実を突いている。私たちが「搾取」と決めつけているものの中に、誰かにとっての「希望」が隠れているかもしれない。何を「搾取」と感じ、何を「希望」と見るか。

　少なくとも2人にとって、オーストラリアは人生の選択肢を広げる場所になっている。

【もっと読む】【欧州の朝ごはん】スペインの「本気モーニング」は約1000円でお腹いっぱい！　こだわり抜いた「至高のワンプレート」がコレだ@サンタンデール　では、スペイン在住ライターのきえフェルナンデスさんが、コスパ抜群のスペイン朝食を紹介している。
きえフェルナンデス :スペイン在住ライター",[],[]
スイッチ2やプレステの脅威となりうる新ゲーム機が登場。Steam Machineに勝算はあるのか？（東洋経済オンライン）,https://news.yahoo.co.jp/articles/0dc5aad24bc6000cc2a386218f690a6951b04cc4,https://newsatcl-pctr.c.yimg.jp/t/amd-img/20251121-00918191-toyo-000-1-view.jpg?exp=10800,2025-11-21T11:00:41+09:00,2025-11-21T11:00:41+09:00,東洋経済オンライン,toyo,東洋経済オンライン,2206,"突如発表された「Steam Machine」。PCゲームを手軽に遊べるようになるハードだ（画像：Steamより）
2025年11月13日、注目のゲーム機といえる「Steam Machine」が発表された。
【写真で見る】サイズはPCにしてはかなり小さめ。テレビの近くに置くことはできるだろう
この名前にピンとこない読者も多いかもしれないが、「Steam」は世界最大級のPCゲーム販売プラットフォームだ。ゲーム好きでPCを持っているならばまず利用しているであろうサービスであり、日本のコンビニでもギフトカードが売られている程度には浸透している。

　そのSteamが新たなゲーム機を2026年初頭に発売するわけだ。これはNintendo Switch 2やPlayStation 5と競合しうる注目のハードになるかもしれない。
■ゲーム好きの天国といえる場所「Steam」

　まずはSteamについて説明しよう。前述のようにとにかく巨大なPCゲーム販売プラットフォームであり、2025年3月におけるピーク時の同時接続者数(同じ時間に利用している人の数)はおよそ4000万人。これは日本の首都圏の人口に匹敵するほどだ。

　月間アクティブユーザーは1億2000万人を超えているが、これは2020年の数値であり、現在はさらに増えたと推定されている。PC向けゲームを遊ぶ環境としては、圧倒的な存在といえる。
Steamではさまざまなインディーゲーム(独立した個人や小規模チームが制作するゲーム)がリリースされているし、スクウェア・エニックスやカプコンといった日本でも有名な企業も作品を販売している。PlayStation独占のゲームも、数年するとSteamで遊べるようになる状況だ。

　要は、Steamはゲーム好きならば避けて通れないようなプラットフォームといえる。

　Steamを利用するにはPCが必要であり、よりリッチなゲームを遊ぶにはゲーミングPCが必須となる。残念ながら日本では家庭でデスクトップPCがあまり普及しておらず、Steamを利用したくとも難しいケースが多いと思われる。そこでSteam Machineが出てくるわけだ。
■ライト層に響きそうな新しいゲーム機

　Steam Machineはビデオゲームを遊ぶための機械なので、ゲーム機と言っても大きな間違いではないだろう。ただ、小型のPCと表現したほうが正確である。

　PCとしてはかなり小さい。サイズとしては約6インチ(160mm)の立方体で、小さめのキャベツ程度となっている。テレビの前に置ける家庭用据え置き機くらいの存在感と考えていいだろう。

　デスクトップPCを置くのは難しくとも、このSteam Machineならかなりハードルは低くなる。4K出力にも対応しているためリビングのテレビを活用できる。
近年は「Steam Deck」という携帯型PCが人気を博しており、「PCを利用することは難しいが、Steamのゲームを遊びたい」ユーザーを集めることにいくらか成功しているようだ。

　Steam Machineも同様に、ライト層がSteamを利用しやすくなるハードといえるだろう。安価にPC向けゲームを遊べる機器としては十分にアリといえる。

■スイッチ2やプレステ5に“価格”で勝てるか

　もちろん、Steam Machineにも懸念点はある。現時点では価格が明らかになっていないが、Nintendo Switch 2やPlayStation 5ほど安くならないのではないかと予想されている。
Nintendo Switch 2は国内版で4万9980円(税込)、PlayStation 5もデジタルエディションを2025年11月21日から値下げして5万5000円(税込)に変更する。これらは5万〜6万円の範囲に収まるわけだが、Steam Machineはそこまで値下げできるかあやしい。

　ましてやNintendo Switch 2もPlayStation 5もリージョンロック(特定の国でしか利用できない仕様)をすることによって、日本国内向けの特別価格にしているわけだ。これらと競うのは容易ではないだろう。
そして、基幹システムとしてWindowsではなく「SteamOS」が搭載されているのも気になるところだ。

　携帯型PCのSteam DeckもSteamOSを搭載しており、こちらではオンライン対戦ゲームなどが遊べないといった状況に陥っている。Steam Machineもそういった仕様上の問題が出てくる可能性はあるだろう。

　また、Steam Machineが出るのは今回がはじめてではない。2014年ごろにも同名のゲーム機を展開しており、そちらは人気が出なかった。
とはいえ、そのときの商品とは中身も大きく異なるし、現在はまた家庭用ゲーム機を巡る環境も変わってきてはいるので、PCを持たない層によりたくさんの作品を遊ばせるゲーム機になる可能性はある。

　Steam Machineは、Steamのゲームが遊べるという巨大な魅力を持つ。しかし乗り越えるべきハードルは高く、ライト層に「Nintendo Switch 2でいいじゃん」と思われないような価格設定が重要となるだろう。
渡邉 卓也 :ゲームライター",[],[]
話題のうどんチェーン《1150円食べ放題》本当にお得なの…？行ってみて驚いた「天ぷらの充実度」と「白米でカスタマイズ沼」の至福（東洋経済オンライン）,https://news.yahoo.co.jp/articles/ea736327bb1137fcdad8a9b4ba7342c2892c8abd,https://newsatcl-pctr.c.yimg.jp/t/amd-img/20251121-00918188-toyo-000-1-view.jpg?exp=10800,2025-11-21T10:30:40+09:00,2025-11-21T10:30:40+09:00,東洋経済オンライン,toyo,東洋経済オンライン,3840,"「埼玉にはこれといった名物がない」……そんな定説を覆すように、地元民の胃袋をつかんで離さないうどんチェーンがある（筆者撮影）
出張先で立ち寄りたいチェーン店を紹介する本連載、第25回はフリーライターの中たんぺいが「武蔵野うどん竹國」を紹介。
　都道府県の魅力度ランキングで最下位に沈んだ埼玉県。地元の人に「おすすめグルメは？」と聞くと「ないよ……」と愛想笑いを浮かべながら答えられることも多い。たしかに、埼玉に4年間住んだことのある筆者としても「これぞ」といったご当地グルメをイメージしにくいため、その反応には納得できる。
【画像を見る】1150円でこんなに…！？食べ放題の内容はこんな感じ
しかし、おすすめできる料理もある。それは「武蔵野うどん」だ。東京の多摩地域から埼玉の西部地域を発祥とするつけ汁スタイルのうどんは、埼玉県の個人店やチェーン店で広く提供されている。ソウルフードとしてしっかりと根づいているのだ。
今回、訪れたのは埼玉を中心に20店舗展開している「武蔵野うどん竹國」。このローカルチェーン店は3店舗限定で1150円の食べ放題を提供している。

　世にも珍しいうどん店の食べ放題は果たしておいしいのだろうか。そして「元」は取れるのだろうか。確認するために食べ放題を実施している東松山店を訪れてきた。

【画像を見る】1150円でこんなに…!?　食べ放題の内容はこんな感じ

■1150円でうどんや天ぷらが食べ放題
「武蔵野うどん竹國・東松山店」はJR高坂駅から徒歩で25分、車で10分の距離にある。開店直前の店舗を訪れると地方のコンビニのような広い駐車場に地元ナンバーの車が続々と乗り込んできた。

　敷地内は余裕があり、レンタカーなどを使った出張におすすめの店舗だ。建物の入り口に入ると約10人が並んでおり、堅実な人気がうかがえた。

　注文は入り口にある券売機で食券を購入するアナログ方式。選べるメニューは以下の8種類だ。価格は1150円に統一されている。
肉汁うどん
鳥汁うどん
カレー汁うどん
冷汁うどん
あま辛汁うどん
カレーうどん
肉うどん
おろしぶっかけうどん
　メニュー表には「お好きなうどんに麺・天ぷら・白米・漬物が食べ放題」と書かれており、1150円の食べ放題では麺のお代わりはできるが、頼めるうどんはあくまでひとつである。だが、天ぷらに白米、漬物も食べ放題で、火曜日と水曜日にはカレー、木曜日のランチの時間帯にはから揚げまで食べ放題で提供される。さらに、ソフトドリンクも1杯無料で制限時間も無制限。非常に太っ腹なシステムだ。
食べ放題に対して身構える人は少なくない。出張の同行者がいる場合に「1000円ちょっとでうどんと天ぷらを食べられるお店があるらしいよ」とマイルドに誘えることも魅力的なポイントのひとつだ。

　8種類あるうどんで人気なのはオーソドックスな「肉汁うどん」。一方で、店長のイチ押しは豚バラ軟骨が入った「あま辛汁うどん」とのこと。同じ価格ならトッピングが豪華なほうに軍配が上がる。迷わずに「あま辛汁うどん」のボタンをプッシュ。三角巾と割烹着を着たおばちゃんに食券を渡すと「今日はカレーもありますからね」と丁寧に説明してくれた。
■昭和のドライブインのような趣のある店舗

　さて、店内を見ていこう。壁際を中心にテーブル席・カウンター席・座敷が設置されていて、中央にはご飯と漬物コーナーが置かれている。

　シンプルな内装の店内は昭和に流行したドライブインのような趣があり、フードコートのような放っておいてもらえる居心地のよさもある。

　テーブル席に座っていた中年の女性グループ客は「広くていいわね！」とうなずき合っており、ゆとりある空間での食事が体験価値の向上につながっているようだった。
食べ放題の目玉はなんといっても天ぷらだ。注文を受け取るカウンターにバットが並べられており、そこから好きなものを取ることができる。

　天ぷらのメニューは店舗に任せられており、東松山店では季節によって使用するタネを変えているとのこと。仕込みも店内で実施しているため、個人店のような手作りの味を楽しめる。

　筆者の訪れた日は「ごぼうかき揚げ」「さつまいも」「柿」「かぼちゃ」「人参」「ネギ天」「ちくわ天」がラインナップされていた。かき揚げやさつまいもの天ぷらは一般的なうどん店で見かける大きさだが、単品の野菜天ぷらはひと口サイズ。自分の胃袋に合わせた天ぷらを選択できる。
セルフカウンター式のうどん店ではサイドメニューをじっくりと決める時間は少なく、追加注文するハードルも高い。一方で東松山店では落ち着いて天ぷらを選んだり、おかわりもできる。このことは「安心して食事をできる」という付加価値も生み出しているように感じる。

■パワー型のつけ汁うどん

　10分ほど経つとマイクで食券番号を呼ばれたのでカウンターへ。うどんとつけ汁を受け取り、長方形の皿に8個の天ぷらを積みこんで席へ帰還。ご飯とカレーをお盆の上に並べると眼福な光景が広がった。
うどんは平べったくてやや厚め。断面はギザギザとしていて、箸でつかむとずっしりとしていて重い。すすってみるとやや強めの塩気に衝撃を受けたが、コシの強さとモチモチ感のバランスは取れている。クセが少なく万人ウケする食感だ。

　つけ汁はラーメン二郎のようにコッテリとしている。表面はもやしで覆われていて、その山を箸でかきわけると豚バラ軟骨が2個沈んでいた。つけ汁と同じ茶色に染まった豚肉は確実に正解の味だ。見ているだけで気持ちがどんどん高まっていく。
つけ汁うどんを食べる前だが、豚バラ軟骨の魅力には抗えなかった。つい口へ運んでしまうと脂身がホロホロと溶けていき、旨味の余韻が広がる。「これは白米に載せるべきおかずだ！」と直感的に思い、ご飯の上に豚バラ肉をオン。一気にカッコんでしまった。

　さて、意図せずウォーミングアップを済ませたが、気を取り直してつけ汁うどんを堪能していきたい。うどんをつけ汁に投入すると甘いつけ汁と麺の塩気が合わさり、絶妙なコクが生まれた。クセになる刺激があり、どんどん食べ進めてしまう。
味変にも挑戦してみたい。ファンも多いというカレーに天つゆを注ぎ、うどんとちくわ天を投入すると「ミニカレーうどん」が完成。親しみがありつつも濃厚な味わいとなった。自分でアレンジできるのは非常に楽しく、グループで訪れるとワイワイしながら食事することもできそうだ。

　うどん店のサイドメニューの花形といえばかき揚げだ。そのままかぶりつくとごぼうの素朴な甘味が広がった。あまりギトギトしておらず食べやすい。

　コッテリとした食材が続くと徐々に胃袋に余裕がなくなってくる。少し休憩するためにひと口サイズの天ぷらを食べることにした。
■予想以上のおいしさに驚いた柿の天ぷら

　ネギ天やちくわ天をほおばり、ただの変わり種にも見える柿の天ぷらへ。おそるおそる食べてみると柿のジューシーさと衣のサクサクさが合わさって心地いい甘さを堪能できた。果物の天ぷらを食べたのは初めてだったが、予想以上のおいしさに驚いた。

　ご飯や天ぷらをおかわりして2周目を終える頃には満腹になった。実際に食べた量は以下の通りである。

あま辛汁うどん　1050円×1杯
ライス　180円×2杯
かき揚げ　180円×2個
ちくわ天　170円×2個
いも天　150円×2個
*価格不明の天ぷら
柿の天ぷら　2個
にんじんの天ぷら　1個
カボチャの天ぷら　1個
ネギの天ぷら　2個
カレー　1個
　試算できなかった天ぷらを除いて他店のグランドメニューに換算すると2410円。あくまで参考価格ではあるが、食べ放題価格の1150円に対して十分に元を取れる結果になった。

■夜営業はしないという営業形態

　「武蔵野うどん竹國・東松山店」で1150円の食べ放題を実現できている理由の一つはおそらく店舗の営業体制にある。他店舗の竹国ではホールスタッフが数人いるが、東松山店で接客しているのは1人のみ。注文の受け取りと片付けはセルフサービスであり、他店舗よりもスタッフの手はかからない。営業時間も11時から18時までと一般的な飲食店より短いため、トータルでの人件費を抑えられていると推測できる。
また、スタッフに地元の主婦が多いことも特徴的だ。おそらく営業時間の短さが「日中だけパートで働きたい」というニーズを満たすことにつながり、人材確保の面でも有利に働いていると見られる。

　1954年に埼玉県で創業した「武蔵野うどん竹國」はもともと製麺所として発祥したローカルチェーン店だ。その影響が残っているのか、うどんや天ぷらなどは店舗で仕込みを行っている。地元のスタッフが作り出す東松山店は個人店のような雰囲気もあり、おいしさと安心感と旅情を兼ね備えた店舗だった。埼玉県の北部へ訪れる機会があれば、風情たっぷりのローカルグルメをぜひ肌で感じてみてほしい。
【画像を見る】1150円でこんなに…!?　食べ放題の内容はこんな感じ。本編では紹介しきれなかった画像も
店舗データ
武蔵野うどん竹國　東松山店
住所:埼玉県東松山市岩殿647-9
電話:0493-81-6577
営業時間:11:00〜18:00
中 たんぺい :フリーライター",[],[]
「顧客はウソをつく」「何を聞けばいい？」ビジネス現場で超重要な「深いヒアリング技術」4大ポイント（東洋経済オンライン）,https://news.yahoo.co.jp/articles/698b5dc9975e266f0dd28932b6c7e0267bfb77b0,https://newsatcl-pctr.c.yimg.jp/t/amd-img/20251121-00915043-toyo-000-1-view.jpg?exp=10800,2025-11-21T10:02:15+09:00,2025-11-21T10:02:15+09:00,東洋経済オンライン,toyo,東洋経済オンライン,2805,"新規事業開発における「正しいヒアリング」について解説する（写真：EKAKI／PIXTA）
「サラリーマンに新規事業なんてできるわけがない」。かつてよく囁かれた意見は、いまではすっかり影を潜め、多くの企業から「新規事業」が続々と生まれている。
ただ、新規事業は生まれるものの「大きなビジネスにならない」「人は育つが、育った人ほど辞めてしまう」など「次なる課題」に直面している企業は少なくない。
これまでに230以上の日本を代表する企業の新規事業を支援し、累計2万3000を超えるプロジェクトの創出に関わってきた「新規事業のプロ」である麻生要一氏が、この度、6年ぶりの新著『新規事業の経営論』を上梓した。
【話題の書籍】「新規事業のプロ」が「1→100に必要な全仕組み」をはじめ、新規事業のすべてを書いた決定版『新規事業の経営論』
「1→100に必要な全仕組み」をはじめ、新規事業のすべてを書いた決定版である同書は、発売たちまち増刷が決まるなど、早くも話題を呼んでいる。
その麻生氏が、「新規事業開発に必須の“ヒアリングスキル”」について解説する。
【この記事の前半】
→「『買う』『欲しい』と言ったのに…」なぜ顧客はウソをつく？　3つの構造的理由

■「意見」を聞いてはいけない

本記事の前半(「『買う』『欲しい』と言ったのに…」なぜ顧客はウソをつく？　3つの構造的理由)では、新規事業をつくるために顧客にヒアリングにいっても、3つの理由で「ヒアリング相手はウソをつく」「正しく有意義なヒアリングできない」という「不都合な真実」を解説しました。
では、どうすれば「正しいヒアリング」ができるのか？　

　じつは、新規事業開発における「ヒアリング能力」というのは、それだけをテーマに壮大な研修が展開できるほどに深遠なものであり、そう簡単には極めることができない奥深いものです。

　本当は、そんな「深いヒアリング能力」を身につけることでしか「顧客のウソ」を回避して真実にたどり着くことはできないのですが、本記事では、その中でもいくつかわかりやすく重要な要素を切り出して解説します。
【1】顧客の意見や意思を聞かない
　前述の構造があるため、ヒアリング相手に「意見」を求めると、必ず好意的なウソをつかれてしまいます。なので、意見は聞いても意味がありません。

　つまり「意見は聞かない」が正しいのです。

　それでは、意見を聞かずに、何を聞いたらいいのでしょうか？　

【2】過去の「事実」を収集する
　意見を聞くとウソをつかれてしまうヒアリング相手も、「事実確認」に対しては、とても正しい回答をしてくれます。
事実というのは、解釈の幅のない情報です。

　たとえば、「昨日は何時に起床しましたか？」「ここに通勤するのにどんな交通手段でやってきましたか？」などです。

　収集した事実には「理由」を尋ねることで、深い情報に降りることができます。たとえば「なぜ起床時間はその時間なのですか？」や「なぜその通勤手段なのですか？」など。

　「意見」にはウソをつくヒアリング相手も、「事実に対する理由」ではウソがつきにくくなります。
こういった、ウソをつく余地がない範囲の質問によって情報を聞いていくことで正しい回答を重ねて持ち帰ることができるようになります。

■「事実」を材料として「推定する」

【3】収集した事実から「裏の構造」を炙り出す
　ヒアリングでたどり着きたいゴールは、「お金を払ってまで解決してほしいと望まれる課題は何か？」や「このソリューション案で本当にお金を払うほどの解決になっているか？」ですが、それは直接的にヒアリング相手が話してくれることではありません。
「このサービスがあったらお金を払いますか？」や「このソリューションで課題は解決されると思いますか？」は意見であり、意見を聞く限りはウソをつかれてしまうからです。

　なので、じつは、新規事業のヒアリングとは、スキル②を駆使して集めまくった膨大な「ウソのつきようのない事実」を材料として、構造を組み立て、「推定する」ことによって見出していくということなのです。

　「その時間に起きて、その通勤経路で出勤しているのであれば、きっとこういう課題に直面しているのではないか」
そんなことを考え、構造を深く深くつくり上げていく作業なのです。

【4】「見出した課題が課題かどうか」を判断する目を持つ
　新規事業のヒアリングとは、膨大に集める事実情報を材料として、構造を組み立てて推定していくものです。

　それゆえに、たくさんの「課題仮説」が出てきます。

　事実を集めるほどに新たな課題仮説が見出されるし、同じ材料でも組み立て方を変えると異なる課題仮説を生むこともできます。

　次々と生まれる新たな課題仮説について、「それは確かに課題だが、新規事業の題材にはならない程度の課題だ」なのか「それこそが新規事業で取り組むべき課題だ」なのかを正しく判定できないといけないわけですが、その目をどうやって持ったらいいのでしょうか？
ここでひとつ、課題設定のゴールについて、とても重要な解説をしておきます。

　多くの新規事業の実践者がこう思っています。同じ状況にある「できるだけ多くの人たち」 が、口を揃えて「それは課題だ、困っている、解決してほしい」というものをテーマにすべきである、と。

　しかし、じつはそれは大間違いなのです。

■新規事業が取り扱うべき課題は？　

　多くの人が口を揃えて「それは課題だ」ということは、すでにそれらの人たちが「自覚しており」「言語化できている」課題です。
よって、「本当はたいした課題ではないか」「すでに既存のサービスで解決できそうな課題か」そのどちらかであることがほとんどです。

　つまり、それをテーマにしても新規事業はできないのです。

　そうではなく、じつは、新規事業が取り扱うべき「深い深い顧客課題」とは、こんな状態の課題です。

　ほとんどの人が、その課題仮説を「そんな課題はない」「絶対にお金は払わない」などと全否定する中で、ほんのごく少数の人たちだけが熱狂的に支持する課題。
ごく少数の人たちだけが「なぜその課題があると知っているんだ」「本当に困っているから協力は惜しまない」「いくらでもお金を払う」と熱狂しつつ、そのことを伝えると、ほとんど多くのほかの人は全否定してくる、そんな状態の課題です。

　得られた反応が二極化し、これらの割合になったときに「それこそ新規事業が取り扱うべき課題だ」と判定するのです。

【この記事の前半】
→「『買う』『欲しい』と言ったのに…」なぜ顧客はウソをつく？　3つの構造的理由
麻生 要一 :『新規事業の経営論』著者・アルファドライブ代表取締役社長兼CEO",[],[]
「『買う』『欲しい』と言ったのに…」なぜ顧客はウソをつく？3つの構造的理由（東洋経済オンライン）,https://news.yahoo.co.jp/articles/0ebdcbdf189c55dd6bc8e98a9a40712d89a99f59,https://newsatcl-pctr.c.yimg.jp/t/amd-img/20251121-00915042-toyo-000-1-view.jpg?exp=10800,2025-11-21T10:00:40+09:00,2025-11-21T10:00:40+09:00,東洋経済オンライン,toyo,東洋経済オンライン,4045,"新規事業のヒアリング先の顧客は「必ずウソをつく」と筆者は語ります。なぜウソをつくのでしょうか？（写真：metamorworks／PIXTA）
「サラリーマンに新規事業なんてできるわけがない」。かつてよく囁かれた意見は、いまではすっかり影を潜め、多くの企業から「新規事業」が続々と生まれている。
ただ、新規事業は生まれるものの「大きなビジネスにならない」「人は育つが、育った人ほど辞めてしまう」など「次なる課題」に直面している企業は少なくない。
これまでに230以上の日本を代表する企業の新規事業を支援し、累計2万3000を超えるプロジェクトの創出に関わってきた「新規事業のプロ」である麻生要一氏が、この度、6年ぶりの新著『新規事業の経営論』を上梓した。
【話題の書籍】「新規事業のプロ」が「1→100に必要な全仕組み」をはじめ、新規事業のすべてを書いた決定版『新規事業の経営論』
「1→100に必要な全仕組み」をはじめ、新規事業のすべてを書いた決定版である同書は、発売たちまち増刷が決まるなど、早くも話題を呼んでいる。
その麻生氏が、「なぜ顧客はウソをつく？　3つの構造的理由」について解説する。
【この記事の後編】
→「顧客はウソをつく」「何を聞けばいい？」ビジネス現場で超重要な「深いヒアリングスキル」

■「ヒアリング先の顧客は必ずウソをつく」

　顧客のところに300回行く。

それは「300 is 300」であり「深い深い顧客課題にたどり着かないと新規事業にはならない」ということを前回の記事(「顧客のところに300回行け」がビジネスに必須の深い訳)では述べました。
それに続くもうひとつ大事なポイントは、顧客現場でヒアリングする際に、「正しいヒアリングスキル」を身につけた状態でのぞまないと、せっかくの訪問が無駄になってしまうという事実です。

　新規事業の顧客現場での必須能力である「ヒアリングスキル」について解説する前に、ぜひ知っていただきたい「顧客ヒアリングの不都合な真実」をお伝えしたいと思います。

　それは「ヒアリング先の顧客は必ずウソをつく」という真実です。
顧客がつく「ウソ」とは何でしょうか。

　新規事業の実践者たちに恨みでもあるのでしょうか。なぜ、ヒアリング先の顧客はそんなにひどいことをするのでしょうか。

　もちろんヒアリングを受けてくれる顧客には、悪気などありません。ヒアリングに協力してくれているわけなので、むしろ好意的であり、協力してくれる前向きな姿勢があるはずです。

　でも、その悪気がない協力的な姿勢の中にこそ「不都合な真実」が生まれてしまうのです。
これは非常にやっかいな事実です。

　意識して回避する術を持たなければ、そこで生まれる会話は「ウソ」なので、すべての新規事業開発の実践者たちは「悪気のないヒアリング相手にだまされる」ことになります。

　そして、結果的に「間違った情報をインプットして帰ってくる」という恐ろしい事態が起きてしまいます。

　どれだけヒアリングを重ねても絶対に「深い深い顧客課題」にはたどり着けないし、そもそも「ウソ」を材料としてプランニングをしてしまうので、絶対に新規事業が出来上がらないのです。
■なぜ顧客はウソをつく？　 3つの構造的理由

　それでは、なぜ「顧客ヒアリングの不都合な真実」は起きるのか。なぜヒアリング先の顧客は新規事業の実践者たちに対して「ウソをつく」なんてひどいことをしてくるのでしょうか。

　その理由は、「新規事業のヒアリング」が、既存事業のヒアリングとは異なり、次の特徴を持ったものだからです。

　それらの特徴が組み合わさった結果、その「新規事業のヒアリングのみが持つ特有の構造」によって、「悪気はないし、むしろ協力的な相手」が「ウソを言ってしまう」という悲劇が起きるのです。
【1】そもそも自分でも課題を理解していない
　新規事業のヒアリングとは、「新規事業」であるがゆえに、光を当てるべき課題は、既存のよく知られたものではありません。

　それがゆえに、じつはヒアリング相手である「顧客(候補)」も、自分で自分が持つ「深い深い課題」を正しく認識していないのです。

　自分でもわからない課題について、自ら言語化し、整理して相手に伝えることなどできるわけがありません。

　しかし、ヒアリング相手である顧客(候補)は、積極的に「何か意味ある話をしてあげよう」という協力姿勢から、「自分でもよくわかっていないし、気づいてすらいない課題」について、話をします。
この構造を意識してヒアリング相手の言葉を受け取り、解釈をしていかないと、間違った「正しくないヒアリング回答」を持ち帰ってしまうことになります。

【2】嫌われたくない
　新規事業のヒアリングとは、まだ立ち上がっていない事業のためのヒアリングです。

　なので、「顧客ヒアリング」という言葉を使いながらも、ヒアリング相手は「顧客」ではありません。将来的に顧客になるかもしれない「顧客候補」であり「まだ自分たちとは何の関係もない相手」です。
まだ関係のない相手が、それでもみなさんのヒアリングに応じてくれる理由は何でしょうか。そこに、ヒアリングをするこちら側は意識しないけれどとても重要な「当然の前提」が理由として存在します。

　ヒアリングに応じてくれるのは、みなさんのことが「好きだから」なのです。

　好きという表現は極端でも、「何か協力してあげよう」という好意があるから、何の関係もないみなさんに対してわざわざ時間をつくり、丁寧に対応をしてくれるのです。
これは、謝礼等の金銭が介在する場合でも変わりません。

　むしろ、金銭が絡むことにより、ヒアリング相手は、よりみなさんに対して「よいことをしてあげないといけない」というバイアスにとらわれることになります。

　これが、新規事業のヒアリングをとても難しく混乱させる「特有の構造」を生み出します。

■新規事業のヒアリングに特有の「プラスのバイアス」

　新規事業のヒアリングとは、自分たちに対して「好かれたい」と思っている相手にしかヒアリングすることができないのです。
これが新規事業のヒアリングが持つ非常に特殊な構造です。

　既存事業であれば、本当に怒っている顧客と対話する機会もあるでしょうし、恨みを持っているような関係者と会話する機会もありうると思います。

　しかし、新規事業のヒアリングにおいては、まったく何の関係もない人たちに時間をつくってもらう必要があるため、必ず好意を持たれる相手としか会話ができないのです。

　「好かれたい」という気持ち、それ自体は、大変ありがたいですよね。
たとえそれがみなさん個人に対してであっても、みなさんの名刺に記載の「社名」に対してであっても、好意を持ってくれるから協力を引き出せるわけで、それはとてもプラスなことです。

　しかし、そのプラスのバイアスが、ヒアリング結果を濁す、非常にややこしい問題を生んでしまうのです。

　新規事業のヒアリングで、とてもよく見かける「事前の顧客ヒアリングでは、みんな買うと言っていたのに、実際にリリースしたらまったく売れなかった」という事故があります。
調査が甘かったわけではなく、むしろ「しっかりと、たくさんの人たちに、深くインタビューした結果」として「これは売れる」と判断し、販売を開始するわけですが、売れないのです。

　なぜ、事前のヒアリング結果と異なる結末が、販売開始後に訪れるのか。

　それは、事前のヒアリング時に、ヒアリング相手が「ウソを言った」からなわけです。本当は買わないのに「リリースされたら買う」と、だましてくるのです。

■「好かれたい」気持ちがヒアリング結果をねじまげる
だから、判断を間違えてしまうのですが、なぜ彼らはそんなひどいウソをつくのでしょうか。理由は、そう、「好かれたいから」なのです。

　「協力してあげたい」「何かいいことを言ってあげたい」という気持ちがあるので、前提として「好意的に解釈して反応をしてしまう」のです。

【3】評価できるのは商品ではなくプレゼンでしかない
　【2】に輪をかけてヒアリング結果をねじまげてしまう構造が、新規事業のヒアリングでは「商品を見せてプレゼンできない」ことです。
まだ出来上がっていないもののヒアリングだから、常に、ヒアリングで評価してもらえる対象は、商品やサービス自体ではなく「プレゼン」になってしまうのです。

　商品ではなく商品のことを説明する資料やトークのみがヒアリング相手にとって評価する対象となります。本来は、その資料やトークをフラットに厳しい目で見て意味ある反応をしてほしいのですが、それはとても難しいのです。

　新規事業の実践者たちは、よっぽど気をつけない限り、いつだって自分たちの新規事業案の説明には力がこもりがちになります。
「自分たちは世の中をよくするためにこんな新規事業を考えていて」と熱くプレゼンしてしまうのですが、前提として協力姿勢にあり「好かれたい」と思ってくれている相手に対してそれをやってしまうと、ウソをつかれてしまうのです。

　本当は買うわけじゃないのに、気持ちがほだされて「素晴らしいですね、販売されたら買うと思います」という言葉が引き出されてしまうのです。

　以上が、顧客ヒアリングの不都合な真実です。それでは、どうすればいいのでしょうか。
構造的にウソをついてくる相手に対して、どうやってのぞめば正しく意味ある回答を得ることができるのでしょうか。

【この記事の後編】
→「顧客はウソをつく」「何を聞けばいい？」ビジネス現場で超重要な「深いヒアリングスキル」
麻生 要一 :『新規事業の経営論』著者・アルファドライブ代表取締役社長兼CEO",[],[]
「あえて丸付けしない」《実質、東大の医学部》理3合格者が実践していた驚くほど効果的な勉強法（東洋経済オンライン）,https://news.yahoo.co.jp/articles/9187c6707a05b5324ae128454e9d690be516ec03,https://newsatcl-pctr.c.yimg.jp/t/amd-img/20251121-00919102-toyo-000-1-view.jpg?exp=10800,2025-11-21T09:30:39+09:00,2025-11-21T09:30:39+09:00,東洋経済オンライン,toyo,東洋経済オンライン,2332,"イメージ画像です（画像：jessie / PIXTA）
みなさんは『東大理III 天才たちのメッセージ』というシリーズをご存じでしょうか。1986年から毎年、東京大学理科3類(主に医学部進学者が所属する学科類)の合格者約30名にインタビューやアンケートを行い、その内容をまとめてきたロングセラーです。

すでに40年近い歴史を誇り、“日本一の難関”を突破した受験生たちの知恵が凝縮された貴重な資料として、多くの受験生や教育関係者に読まれてきました。今回はその中から見えてきた、「東大理3生の驚きの勉強法」について解説します。
著者フォローをすると、連載の新しい記事が公開されたときにお知らせメールが届きます。

■東大理3合格者の勉強法

　東大理3に合格している人にインタビューしていると、一風変わった勉強法を実践している人がいて驚かされることがあります。座らずに立って勉強する人、絶対に「ながら勉強」をしない人、エクセルで勉強の進捗管理をする人……いろんな勉強法を実践する人がいて、毎回驚かされます。

　今回はその中でも僕が「これはいろんな学生におすすめしたい」と思った勉強法である、「あえて丸付けをしない勉強法」について紹介したいと思います。
これは、とある東大理3合格者のやっていた勉強法です。やり方はその名前の通り、問題集を解いたりテストをしたりしたときに、あえてすぐには丸付けをせず、1時間以上は放置するというものです。例えば数学の問題集を解いたら、丸付けを一旦せず、他の科目の勉強を始める。そして1時間くらいしてから丸付けをする、というものです。

　一見すると「何の意味があるんだ？」という勉強法ですね。覚えているときに丸付けをしないと内容自体を忘れてしまいそうです。でも、実はこの勉強法には2つの合理的な側面があるのだといいます。
■意外な2つの効果

　まず1つは、「最初の勉強のハードルを下げる」という効果です。例えば丸付けを一旦せずに休憩をしたとします。人間、一度ご飯を食べたりお風呂に入ったりすると、勉強のやる気があまり出なくなってしまうもので、「勉強前にちょっとスマホでも弄ろう」と思うと一気にやる気が出なくなってしまい、その日は勉強が手に付かなくなってしまう、ということがあります。

　でも、丸付けをせずに休憩に入っていると、「あ、さっきの問題の丸付けをしていないな。さっきの問題はあっていたのかな。気になるな」という気持ちが芽生えて、サッと勉強机に向かうことができるようになります。
そして、一度丸付けをして勉強を始めると、「あ、ここ抜け漏れがあったな。復習しなきゃ」「あ、この問題間違ってる。どこで間違えたんだろう？」という感じで、勉強に向かうのが容易になります。結局勉強のやる気が出ないのは最初に勉強机に向かうまでのハードルが高いからで、ちょっとでも勉強を始めてしまえば、そんなに勉強を継続するのは苦ではない人が多いです。

　丸付けという、一番勉強のハードルとして低いものを残しておくことで、勉強における最初の一歩を踏み出しやすくするという効果があるわけですね。
ちなみにこのように「最初の勉強を軽めにすることで勉強を始めやすくする」というのは他の理3生でもやっていた人が多く、「好きな科目から始めるようにしていた」「昨日の復習から始める習慣があった」など、やりやすいものからやるのは多くの人にとって有効な勉強法のようです。

　もう1つは、「その問題について考える時間を増やすことができる」という効果です。すぐに丸付けをすると、もちろんその問題について覚えていることが多いので「あ、やっぱりここ間違えていたんだ！　 ここ、もしかしたら違うかも？　って思いながら解いてたんだよな」というように、発見もあるでしょう。
しかし、すぐに丸付けをするということは、その問題について考える時間が少ないということでもあります。問題を解いてから、一旦休憩に入ったとすると、「さっきの問題、合っていたかな」と考える時間が長くなることになります。

　また別の科目の勉強をしたりして、その問題について忘れてしまったとしても、その分「あれ、この問題ってどうして間違えたんだろう？　 そもそもどんな問題だったんだっけ？」と、その問題について思い出したり考え直したりするきっかけにもなります。
このような思考は、二度手間のように感じられるかもしれませんが、考える訓練にもなるため、むしろ勉強になるのだといいます。この勉強を実践していた人曰く、コスパはよくないように感じられるものの、結局こうやって問題について考える時間が長い方が定着度としては高いとのことです。

　たしかにその人の言う通り、すぐに丸付けしてしまうと、あまり記憶に残りませんが、ちょっと時間が経ってから思い出しつつ丸付けをする方が記憶に残り続ける感じはしますよね。
■“始めるハードル”を下げて“考える時間”を確保する

　今回紹介した「あえて丸付けをしない勉強法」は、一見すると効率が悪いように思えるかもしれません。しかし、理3合格者の実践例から見えてくるのは、「勉強とは、いかに“始めるハードル”を下げ、いかに“考える時間”を確保するか」という極めて本質的なポイントでした。

　勉強が続かない最大の理由は、「机に向かうまでがつらい」こと。そして、学力が定着しない理由は、「問題について深く考える時間が不足している」ことです。丸付けを後回しにするという小さな仕掛けは、この2つを同時に解決してくれると言えるでしょう。ぜひ試してみてください。
西岡 壱誠 :ドラゴン桜2編集担当",[],[]
出社して働く人が、なぜ「替えのきかない人材」になり始めているのか（東洋経済オンライン）,https://news.yahoo.co.jp/articles/6af6ec3a03080b17d68cda1ee190cfdef2763569,https://newsatcl-pctr.c.yimg.jp/t/amd-img/20251121-00917826-toyo-000-1-view.jpg?exp=10800,2025-11-21T09:00:42+09:00,2025-11-21T09:00:42+09:00,東洋経済オンライン,toyo,東洋経済オンライン,3280,"「出社して働く人」の価値が密かに高まり始めています（写真：EKAKI／PIXTA）
「今日も家からリモートワーク。満員電車もなくて最高だ」
「転職するなら、絶対にフルリモートの会社がいい」
働き方改革やAIの普及を背景に、多くのビジネスパーソンがリモートワークを「進化した働き方」として享受している。しかし、その「快適さ」と「効率性」こそが、自らの市場価値を脅かす「最大の落とし穴」だとしたら、どうだろうか。
新刊『AI時代に仕事と呼べるもの:「あなただけ」の価値を生み出し続ける働き方』の著者・三浦慶介氏は、リモートワークが普及すればするほど、逆説的に「出社して働く人」の希少価値が高まっていると指摘する。
出社することが若手にとって重要である理由
本記事では、同書から一部抜粋・再構成し、なぜAI時代に「出社」する人が「替えのきかない人材」になり始めているのか、その理由を解説する。

■AIの脅威にさらされる「定型的な業務」

　リモートワークは心地よいものです。満員電車から解放され、家事や育児やプライベートとも両立しやすくなったのはありがたいと思います。

　国土交通省の令和6年度テレワーク人口実態調査によれば、雇用型テレワーカーの割合は24.6％に達し、特に首都圏では36.8％と高い水準だそうです。フルリモートの求人には応募が殺到し、「リモート可」は今や求職者にとって重要な選択基準となっています。
しかし、こうした時代だからこそ、実は「出社して働く人」の価値が密かに高まり始めています。リモートワークが当たり前になればなるほど、オフィスに来る人の希少性が上がっているのです。多くの人が「リモートワーク=働き方の進化」と捉えていると思います。しかし、そこには見落とされている重要な事実があります。

　それは、「リモートワークでできる仕事の多くが、AIで代替しやすい仕事である」ということです。

　リモートワークに向いている仕事の多くは「デジタルで完結する、定型的な業務」です。
つまり、決まった手順で進められる仕事、明確な指示に従って遂行できる仕事、成果物がデジタルデータである仕事などです。

　具体的にはプログラミング、記事作成、デザイン、書類処理、データ入力、資料作成などが該当します。これらは確かにフルリモートでも問題なく進められるでしょう。

　しかし、よく考えてみてほしいのです。これらの仕事は、まさにAIが得意とする領域ではないでしょうか。

　記事作成・コード作成・デザイン作成などは、”依頼通り作るならば”、AIでできてしまいます。最近話題になったOpenAIの”Sora2”などの動画生成AIをみるかぎり、AIではクオリティ不足などという議論はすぐに意味をなさなくなっていくでしょう。
「リモートでできる」ということは、「決まった通りにやる仕事」であり、それは「AIで代替しやすい仕事」でもあるのです。

■対面だから生まれる「非定型な仕事」の価値

　一方、出社して対面で働くからこそできることは何か。

　顧客や上司や同僚との会話、それを通じて微妙な空気を読むこと、対面でしか得られない情報を収集すること、それを通じて信頼関係を築くことなどです。

　要するに「対面のコミュニケーション」です。

　例えば、昔は喫煙所でのコミュニケーションも多くありました。そこで居合わせた人との会話から得られる情報の価値は侮れないものがありました。筆者も、コンサルティング先の経営陣を社内の喫煙所で待ち構えて会話をすることで、次回提案の内容を握ったりしていました。
このように、「提案の本番の前に喫煙所で勝負を決める」といった動きは、AIには難しいでしょう。

　喫煙所でなくとも、対面だからできる会話というのは非常に多いもの。そして、会議の中ではわからない情報というものも多いのです。営業職の人であれば、商談のあとの見送りの時間を使って情報を引き出したり、会食の約束を取り付けるといった経験は多いのではないでしょうか。また、上司との立ち話でたまたま知る情報といったものも多いでしょう。
オンラインの画面越しでは、こういう機微をとらえた仕事はかなり難しくなります。予定を押さえて会話することが多いため、”たまたま”知るような情報がなくなります。相手の表情が読みづらいし、周りに誰が聞いているかわからないので、微妙な話を投げかけることもしにくいです。

　「社長！　　専務の◯◯さんの案は、正直、選択肢にないですよね？　！」

　「そうだね、◯◯さんの案は現実が見えてないし魅力がないね！　　他の役員には賛成しないように言っておくから、キミの案で決めにいこう！」
あくまで例ですが、こんな会話をうっかり本人に聞かれたら大変なことです。対面でこっそり話すからこそ引き出せる本音があるものです。

■リモートワークによるキャリアの危機

　この「対面でコミュニケーションしているか」という話は、若手にとってはより重要な話です。

　仕事に慣れていない若手を教育する必要性は、AIの出現によって一気に低下しています。業務をわざわざ教えなくとも、AIのほうが圧倒的に早く、従順に仕事をこなしてくれます。
そんな世界で若手が仕事を教えてもらうには、「AIにはできない仕事ができそうか」という基準になるのは間違いありません。対面の、フィジカルなコミュニケーションで仕事を進められる人材になってほしいからこそ、企業が若手を教育する意味があるのです。

　さらにいえば、教える側の上司や先輩からすれば、「教えがいがあるかどうか」も重要になります。リモートワーク中心だと、どうしても「気に入られる」「信頼される」というコミュニケーションは取れません。
同じ世代なら、いつも顔を合わせている若手のほうにより手間をかけて教えるし、チャンスも与えようと思うのが人情です。

　対面のコミュニケーションがないがゆえに、「いつでもAIに代替できる人材」「教えがいのない人材」と見られてしまうことは、キャリア形成において非常にマイナスが大きいと言えます。

　「とりあえず顔を合わせておく」ということは、自分を守るためにも有効なのです。

■ポイントは「AIと違う土俵に立てるかどうか」
最近ではブルーカラービリオネアという言葉が生まれています。主にアメリカで、配管工や電気整備士など、フィジカルなブルーカラー職種で稼ぐというトレンドです。AIにより多くの仕事が無くなっていく中、このトレンドはより広がっていくでしょう。

　しかし、何もブルーカラーになることだけが答えではありません。知的業務が中心のホワイトカラーであっても、AI時代に生き残る術はあります。

　それが「フィジカルな価値を出す」ということです。
AIがいくら発達しても、喫煙所や飲み会でこっそり聞いた本音や背景情報を把握することはできません。コミュニケーションを通じて信頼されるということもできません。

　「君だから任せたい」「あなただから発注したい」と言ってもらえるのは、AIにはできない人間ならではの価値です。AIと競うのではなく、AIと違う土俵に立つことでホワイトカラー職種の価値がより際立ち、替えのきかない人材になっていくのです。

　もちろん、これは「リモートワークが悪い」という話ではありません。リモートワークは確かに便利だし、上手く活用すれば生産性も上がります。重要なのは、バランスだということです。
最近リモートワークばかりでオフィスに行っていない、雑談をしていない、社内の情報をキャッチアップできていないという人は要注意です。ある日突然、「あなたの仕事はAIに切り替えることにしました」と言われる可能性も高いです。

　「AIにできる仕事ばかりしていないか？」

　定期的に自身に問いかけてみることをオススメします。
三浦 慶介 :株式会社グロースドライバー代表取締役社長",[],[]
定義の仕方は人それぞれ…それでも84.6％の人が「続けたい」という【人事の仕事】の“深い魅力”（東洋経済オンライン）,https://news.yahoo.co.jp/articles/acec8d6c7b7f8dfc44b1bcaf8f382d052057ebad,https://newsatcl-pctr.c.yimg.jp/t/amd-img/20251121-00914415-toyo-000-1-view.jpg?exp=10800,2025-11-21T09:00:41+09:00,2025-11-21T09:00:41+09:00,東洋経済オンライン,toyo,東洋経済オンライン,4205,"周囲からは見えづらい「人事の仕事」の魅力について解説します（写真：jessie／PIXTA）
さまざまに定義される人事ですが、私は人事とは「人を生かして事をなす」ことだと考えています――。こう語るのは、学生時代から一貫して人事や組織開発に携わり、500社以上を支援してきた吉田洋介氏。
そんな吉田氏が1000人以上の人事担当者から得た知見とはどんなものなのでしょうか。同氏の著書『「人事のプロ」はこう動く　事業を伸ばす人事が考えていること』から一部を抜粋・編集する形で、人や組織を生かして事業を成長させる人事のプロフェッショナルに共通する考えた方、動き方について解説します。
【図で見る】「人を生かして事をなす」人事の仕事のイメージ
■経営者は「業績にしか関心がない」わけではない

　人事の人間にとって、経営陣とのやりとりで「わかっていない」「わかってくれない」と感じることも多いものです。私が設立した人事図書館を訪れる方の中にも「経営陣がわかってくれなくて……」と悲しそうな顔をしている方が少なくありません。

　しかし、経営者は本当に「わかっていない」のでしょうか？　

　たとえば、「社長は業績の話にしか興味がなく社員のことを大切にしていない」「1on1をやってなんの意味があるのかとCFOに問い詰められた」「うちもジョブ型制度にするぞ、といきなり指示された」など、経営陣が打ち出してくる方針や指示について「今の状況でどうやったらいいのか」「こんなことをしたら大変なことになる」とズレを感じ、「うちの経営はわかっていない」と言いたくなるのはよくわかります。
私がさまざまな経営者とやりとりをしてきて感じるのは「経営者は人事が思っているよりも人について真剣に考えている」ということです。

　もちろんすべての経営者が、ということではありませんが、多くの経営者は人を駒や部品のようには考えてはいませんでした。

　「業績にしか関心がない」と言われていた経営者とお話しすると、「投資ができなければ現状維持しかできない。業績を上げることが、もっとも顧客のためにも社員のためにもなる」「人は仕事の成果を上げることで喜びを感じる、だから業績を上げることが1人ひとりの働く喜びにつながるんだ」と強い信念を持って業績を上げることに振り切ってメッセージを出していました。
■経営者も人事も「願っていること」は同じ

　しかし、社員に報いたいと思いながらも、余計なお金は使えない、というのも真実です。

　社員が「住宅補助を家賃全額出してほしい」「給与を上げてほしい」と言ってきたからといって、そのまま期待に応えることで人件費が増大し、結果として事業を短期でたたむことになってしまったら誰も幸せになりません。

　社員が安心して働ける、やりがいを持てる、ここで働く意味を感じるといった状態を作るために必要なお金はかけていきたい。でも、不要なお金はかけすぎず事業投資をしていきたい。
そのギリギリのところで常に判断・決断をし続けているのが経営者です。社員からすると「業績のことしか言わない」と感じられる一方で、経営者としては「緊急事態にも業績に危機感を持ってくれない社員」を見るのは孤独感が強くなる瞬間でもあります。

　そういった場面では、さらに強く「業績に集中する」というメッセージが打ち出されるのは自然なことです。

　人と業績の間でギリギリの判断を続けている経営者からすると、安易に人を優先する人事は無責任だ、浅い、簡単な選択をしている、というように見えることも少なくありません。
「1on1をやりましょう！　 心理的安全性を高めましょう！　 エンゲージメントも高めます！　 年間で全社員で1万時間ほど使うことになります！」といった提案があった際に、経営者であれば「それをやって業績はどうなるの？」と疑問を呈したくなるでしょう。

　そして、その反応を見た人事から「うちの社長は1on1に否定的なんです」「CFOからエンゲージメント向上の業績インパクトを出せと言われました。そんなの無理ですよね」と不満につながってしまうこともあります。
人事には「人のためになることをやりたい」という想いを強く持っている方が多く、精いっぱい課題解決に取り組んでいます。

　そんな中で、社員や経営のためを思って進言したのに経営から否定的に捉えられてしまったり、「わかってない」と言われたりするのはとても辛いものです。そういった愚痴を言いたくなる場面も年に1度や2度ではないでしょう。

　経営者も人事も、願っているのは組織で働く人も事業も健全に顧客に価値を届け続けることです。お互いのすれ違いが大きくなるのは、とてももったいないのですが、今も多くの組織で起こっていることではないでしょうか。
■そもそも人事の「定義」とは

　「人事」を辞書で調べてみると、

「(自然、超自然の事柄に対して)人間に関する事柄。人間社会の事件」
「人の行う、また行うべき事柄。また、人のなしうる仕事」
「人としてはっきりした意識でいること。人としての知覚、感覚」
「官公庁、学校、会社などで、人の採用、転任、退職や身分、職務、
能力などに関する事柄」
(『精選版 日本国語大辞典』小学館より)
　と説明されています。これだけでも非常に多くの意味を含んでいるのがわかります。
大きくまとめると、人に関する事柄を広く示しているのが「人事」という言葉に思えてきます。

　もう少し絞り込んで、職種としての人事について掘り下げてみましょう。

　人事について書かれた本はたくさんあります。それぞれに人事そのものを定義しているのでいくつか見てみましょう。

■経営活動のための経営資源としての「人」についてのマネジメントである(津田眞澂『人事労務管理』ミネルヴァ書房)

■企業の主体が最大限利潤の獲得のために、雇用労働者を対象にして、組織としての経営労働秩序の安定・維持と労働者の意欲の向上を通じ、労働者の持つ労働力を効率的に利用することを直接目的として行う一連の計画的・組織的な施策(森五郎、岩出博『LECTURE 人事労務管理』泉文堂)
こう並べると少し難しく感じるでしょうか。つまり、職種としての人事だけでも人によって定義が異なり、仕事の目的や幅もさまざまだということです。

　「人事の仕事」と言う時、採用だけを指す場合もあれば、労務管理を指す場合もあります。またメンタル不調の懸念に対する対応を指すこともあれば、人事制度の設計・運用を人事だと表現することもあるのです。

　人事は、さまざまに仕事を定義できる、非常にクリエイティブでユニークでおもしろい仕事であると同時に、扱い始めたらきりがないほど多種多様なテーマにわたる仕事であるとも言えます。
「人事の仕事に終わりはない」「どこまでも人事」とも言われます。その幅広さと深さに苦しむ人も少なくありません。

■人を生かして事をなす

　こんなふうに、さまざまに定義される人事ですが、私は人事とは「人を生かして事をなす」ことだと考えています。

　これは『図解 人材マネジメント入門』などを出版されている坪谷邦生さんによる定義です。人事の漢字そのものを表したものですが、一言で人事の本質を捉えているのではないでしょうか。
「人を生かす」とは1人ひとりの持ち味・個性を存分に発揮しつくし、その姿が自他に受け入れられていること。

　「事をなす」とは会社に関わる人たち(顧客、経営者、株主、取引先、社員、自分など)の事業の推進やビジョンの実現を叶えることです。

　つまり、人を生かさず事をなす「搾取」でもなく、人を生かして事がなされない「ぬるま湯」でもなく、その両方の実現にこだわり続けて、なんとか「人を生かして事をなす」ために葛藤し続けるのが人事という仕事です。
※外部配信先では図表を全部閲覧できない場合があります。その際は東洋経済オンライン内でお読みください

　たとえばコンビニエンスストアの場合、商品が売れること、それを通じてお客様が喜ぶことや満たされることが「事をなす」です。

　そして、お店で働く社員がイキイキと接客し、お客様の喜びや満足を巡ってあれこれと工夫をし続けていく、その中で自分の成長実感や地域やお客様への貢献実感を持って働くことが「人を生かして」と言えます。
人事は活躍する人材を採用し、安心して働ける労務を行い、納得感の高い評価制度を作り、営業力を高める研修を行い、職場が適切な関係性となるようなコミュニケーション施策を考え実行していきます。また、管理職が職場メンバーと効果的に関われるよう、学びの機会を作ることもあるでしょう。

　このいずれをも大切にすることは簡単ではなく、さまざまな葛藤を伴う仕事であると言えます。その葛藤の中で、自ら解を出して動かしていく。これが「人を生かして事をなす」人事の仕事だと、私は考えています。
■人事のやりがい、おもしろさ

　ここまで困難ばかりを見てきて、人事の仕事は単につらくてしんどい仕事なのか、と感じるかもしれませんが、もちろんそうではありません。

　私自身が人事として取り組んできた中でも、人事ならではのやりがいや醍醐味やおもしろみを感じています。

　これまで仕事でお付き合いしてきた1000人以上の人事の方々も強いやりがいを感じていたり、社内で起こったことをうれしそうに、時に苦しそうな表情をしながらもおもしろそうに語っている姿を見てきました。
『シン・人事の大研究』(ダイヤモンド社)では、人事はエンゲージメントが全職種でトップであり、人事を続けたいと思う人が84.6％いることが示されています。

　また同書では、人事のやりがいとして「会社や事業の成長に貢献できる」「従業員の成長をサポートできる」「新しいことにチャレンジできる」といったことが上位に挙がっています。

　人事はやりがいも、おもしろみもあり、同時に葛藤の多い職種です。そして専門的な知識や持論、人事を担う1人ひとりの意志を生かすことのできる非常にクリエイティブな仕事でもあります。
吉田 洋介 :株式会社Trustyyle代表取締役、人事図書館館長",[],[]
【カワサキZ900RSとホンダCB1000Fに続く、大型ネオクラシックの刺客】T500をオマージュしたスズキ新型「GSX-8T/GSX-8TT」王座への挑戦状（東洋経済オンライン）,https://news.yahoo.co.jp/articles/6931fc1cf8d497285e3b963f4ca6227b5ecd8295,https://newsatcl-pctr.c.yimg.jp/t/amd-img/20251121-00918961-toyo-000-1-view.jpg?exp=10800,2025-11-21T08:30:35+09:00,2025-11-21T08:30:35+09:00,東洋経済オンライン,toyo,東洋経済オンライン,3309,"スズキ新型「GSX-8T」のエンジン（筆者撮影）
ここ数年、世界的に高い人気を誇るバイクスタイルのひとつが、レトロな雰囲気と最新の装備を併せ持つ「ネオクラシック」。とくに近年は、昭和の時代に一世を風靡した名車をオマージュしたモデルも多く、昔からのバイクファンはもちろん、若い世代のライダーからも大きな支持を受けている。
【写真を見る】スズキの新型ネオクラシック「GSX-8T/GSX-8TT」の細部と、ライバル車のカワサキ「Z900RS」とホンダ「CB1000F」を比較（58枚）
そんなネオクラシックモデルの最新機種が、スズキの800ccネイキッドモデル「GSX-8T」とそのミニカウル版「GSX-8TT」。「タイタン」の愛称を持つ1960年代の「T500」をオマージュしたモデル群で、2025年7月に発表されて以来、国内外で大きな注目を集めている。「ジャパンモビリティショー2025」では、その国内市販予定車が初展示されたので、実車を見た印象も踏まえ、今わかる範囲で詳細をお伝えしよう。
【写真】スズキの新型ネオクラシック「GSX-8T/GSX-8TT」の細部と、ライバル車のカワサキ「Z900RS」とホンダ「CB1000F」を比較(58枚)

■ネオクラシックバイクとは？　

　「ネオクラシック」、または「ネオレトロ」と呼ばれるバイクは、1000cc超の大型モデルから125ccなどの小排気量クラスまで、多様なモデルがリリースされており、いずれも好セールを続けている。

　なかでも、カワサキの900ccネイキッド「Z900RS」は、18年の登場以来、ビッグバイクとしては異例の大ヒットを続けるネオクラシックの代表格。国内の400cc超クラスにおいて、24年まで新車販売台数7年連続1位を記録しており、まさに大型バイクの「絶対王者」といえるモデルだ。
主な特徴は、70年代の名車「900スーパー4」、通称「Z1」のフォルムを再現しつつ、最新テクノロジーの投入で軽快な走りも実現すること。26年2月には、新型エンジンなどで走行性能をアップしたモデルチェンジ版も登場予定で、多くのバイクファンから注目を集めている。

　そして、このZ900RSに対抗すべくホンダが市場投入するのが、ネイキッドモデルの「CB1000F」とそのミニカウル版「CB1000F SE」。こちらは、70年代後半から80年代に人気を博した名車「CB750F」、その輸出仕様車「CB900F」をデザインのモチーフとしたスタイルを採用。最高出力124PSを発揮する1000cc・4気筒エンジンや最新の電子制御システムなどを搭載し、レトロな雰囲気を持ちつつも、高次元の動力性能も実現する。
このモデルも、昔からのバイクファンには懐かしさ満点のスタイルが魅力だが、果たして、400cc超の大型バイク・クラスに長年君臨するZ900RSの王座を奪えるかが注目されている。

　このように、シェア争いが年々ヒートアップしているといえるのがネオクラシックというジャンル。その激戦区にスズキが導入を表明し、大きな話題となっているのがGSX-8TとGSX-8TTなのだ。

■スズキ新型GSX-8Tとは

　まず、ベースモデルとなるGSX-8Tから紹介しよう。大きな特徴は、60年代の高性能ネイキッドバイクで、「タイタン(Titan)」の愛称で知られる「T500」を彷彿とさせるデザインだ。
元ネタといえるT500の初代モデルは68年に登場した。ロードレーサー「TR500タイタン」のベースマシンにもなり、モータースポーツで活躍したことでも知られている。

　大きな特徴は、量産車として世界初の500cc・2サイクル2気筒エンジンを搭載したこと。耐久性に優れ、低・中速重視のセッティングを施したこのエンジンは、最高出力47PS、最大トルク5.5kg-mを発揮。5段ミッションを介して最高速度181km/h、0-400m加速13.2秒という当時としては優れた走行性能を発揮し、世界の重量スポーツ車ファンから一躍注目を集めることとなる。また、このエンジンを搭載したことで、T500は「2サイクルのスズキ」の名を確固たるものとした名車としても有名だ。
そんなT500をオマージュしたGSX-8Tは、車体後方をマットブラックにすることでタンクを際立たせるカラーリングを採用。シュラウド(ラジエーターの左右を覆うカバー)には、勝負球を意味するビリヤードのエイトボールをイメージした立体エンブレムも装備するなどで、レトロかつモダンなスタイルを実現している。

　なお、GSX-8Tのボディサイズは、全長2115mmx全幅775mmx全高1105mm、ホイールベース1465mm。会場で実車を見たところ、大型バイクのなかでは比較的スリムでコンパクトな印象だ。
実際に実車へまたがることもできたが、815mmという低めのシート高も相まって、足つき性は良好だった。身長164cmと小柄な筆者でも、片足ならカカトまでべったりと地面に着く。両足ではややカカトが浮くが、車体を支えきれないほどつま先がツンツンにはならず、安心感は高かったといえる。

■776ccの直列2気筒エンジンを採用

　一方、エンジンには、270度クランクを採用した776cc・水冷4ストロークDOHC4バルブ直列2気筒を搭載。ストリートファイターと呼ばれるネイキッドモデルの「GSX-8S」などに搭載されているパワートレインと同型で、2軸1次バランサー「スズキクロスバランサー」を採用していることが特徴だ。エンジンのコンパクト化と軽量化、そして低振動化を実現するスズキ独自の技術を投入することで、低速から高速までスムーズで、扱いやすい特性を実現するという。
エンジンの最高出力や最大トルクなど、詳細なスペックは今のところ未発表。だが、たとえば、同型エンジンを持つ「GSX-8S」の場合、最高出力59kW(80PS)/8500rpm、最大トルク76N・m(7.7kgf・m)/6800rpm。GSX-8Tや後述するGSX-8TTでも、これらに近い数値となることが予想される。

　そしてGSX-8Tをベースに、ビキニカウル仕様にしたのがGSX-8TTだ。スタイルには「70年代のロードレーサーをイメージした」というデザインを採用。ちなみに、車名の「TT」は、クラシックバイクを現代に蘇らせるという意味を込め、ベースモデルの「GSX-8T」と「Timeless(タイムレス/「時代を超えた」という意味)」を掛け合わせたネーミングという話だ。
主な特徴は、エンジン下部にアンダーカウルを採用することでスポーティさをアップ。フロントフォークや燃料タンク下のシュラウドなどをブラック仕上げとすることで、スパルタンなイメージを加味する。燃料タンクなどにはレトロかつレーシーなデカールなども装着し、往年のレーシングマシン的なテイストも演出する。

　エンジンや車体など、基本コンポーネントはGSX-8Tと同様。ボディサイズは、全長2115mmx全幅775mmx全高1160mm、ホイールベース1465mm。GSX-8Tと比べ、全高のみ55mm高いが、全長や全幅など、ほかのスペックは同じだ。また、シート高は810mmで、GSX-8Tの815mmに対し5mm低くなっているので、さらに足つき性の良さが期待できる。
■日本発売は26年頃か

　スズキでは、これらモデルに関し、「25年夏頃より、欧州、北米を中心に世界各国で順次販売を開始」すると発表。日本での発売はおそらく26年になりそうだが、具体的にいつ頃になり、どのくらいの価格帯で導入されるのかも注目だ。

　いずれにしろ、先に述べたとおり、ネオクラシックのジャンルは、Z900RSをはじめとする人気モデルがひしめく激戦区だ。そんななかで、スズキの新型GSX-8TとGSX-8TTが、市場にどのような存在感を示せるのか気になるところだ。
平塚 直樹 :ライター＆エディター",[],[]
「おやじに会ってきたよ」「どこのおやじ？」　女優・浜木綿子(90歳)が、息子・香川照之から《元夫・市川猿翁との再会》を知らされた日の衝撃（東洋経済オンライン）,https://news.yahoo.co.jp/articles/4f1d22376c833bc2e937ea55f8e3104fb68fa875,https://newsatcl-pctr.c.yimg.jp/t/amd-img/20251121-00918914-toyo-000-2-view.jpg?exp=10800,2025-11-21T08:00:41+09:00,2025-11-21T14:38:15+09:00,東洋経済オンライン,toyo,東洋経済オンライン,3658,"子育てと女優業に奮闘していた30代前半の頃の浜木綿子さん（写真：本人提供）
「不幸に負けない。負けるのは最大の不幸」。
今年90歳を迎えた、女優・浜木綿子さんはそう語ります。
市川猿之助(二代目猿翁)さんとの結婚、そして離婚――。1人息子の照之さん(俳優の香川照之さん)を育てながら女優として数々の名作を彩ってきた浜さんが、苦労しながらもかけがえのなかった日々を振り返ります。
本稿は、『浜木綿子 楽しく波瀾万丈』より一部抜粋・編集のうえ、お届けします。
【写真】「かわいすぎる！」“赤ちゃん時代”の香川照之さんと、若かりし頃の浜木綿子さん
■照之の芸能界入りには反対だった
長男、照之が俳優になりたい、と言い出したことは、浜にとってまさに青天の霹靂であった。照之が東京大学文学部4年生に在学中の夏のことだ。

　「とんでもないと思いました。せっかく学業ができたのだから会社員になって欲しかったんです」

　芸能界の厳しさを知り抜いていたからこその反対でもあった。

　「役者は努力だけではどうしようもありません。天性のものもあるし、運も周りの方の助けも必要です。運や周囲に恵まれず技術を磨いてもうまくいかない方もいらっしゃるし、芽が出ない方、芽がちょっと出たけれど、不幸にして咲かなかった方だっていらっしゃいます」
浜は旧知のテレビプロデューサーで舞台演出家の石井ふく子に相談した。

　石井は「裏方をやらせたらいいのよ。絶対に嫌になるから」とテレビ番組のアシスタントディレクター(AD)に推薦してくれた。

　「そうしたら今度は、『裏方はしんどいので役者になる』と言い出したので、石井先生は『あらぁ、失敗しちゃった』。がっかりしました。一度は反対したものの、彼の意思強固さ、言い出したら聞かない、絶対に曲げない性格は知っていました。考え抜いて決めた道だろうから、自分で責任を持てばいいんだと最終的には諦めました」
一方の照之こと市川中車は「大学卒業時点で、やりたいことがなかったので、俳優になろうと考えました。蛙の子は蛙と、今となっては思います。ADも俳優になるなら勉強しておいた方がいいという母の意見に、したがったまででした」と当時の思いを語ってくれた。

　1989年1月の読売新聞の連載企画「後継者」に浜と照之の対談が掲載されている。
　
「猛反対にも耳を貸さず、自分を曲げなかった性格を見ると、父親によく似ていると思った。結局、この道に進んだところに、私は、役者としての血を感じるわ」と語る浜に対し、照之は「血といわれると、そうかなと思う。もう一ついえば、『芸能人の子供』というレッテルがついて回るのなら、同じ畑で勝負してやれ、と思ったのも確かなんだ。逃げたくないというか……。見られる存在として思いっきりやってやろうと」と応じている。
■「おやじに会ってきたよ」「どこのおやじ？」

　照之は1989年のNHK大河ドラマ「春日局」(橋田寿賀子脚本)で小早川秀秋を演じた。

　収録が始まり、自宅に置かれたドラマの台本に目が留まった浜はつい親心を働かせた。

　「参考になればと思い、小早川秀秋の台詞を読んでテープに吹き込みました」

　帰宅してテープを目にした照之は、「これは何？」と尋ねた。

　「『参考になったらと思って、私があなたの役の台詞を吹き込んでみたんだけれど』と言ったら、『ありがとう。でも演出家がいるからいいよ』と一度も聞かずに返されました。考えてみたらもっともですよね」
後日、放送された映像を見た。

　「武将の役なので馬にも乗っているし、ちゃんとやっているからちょっと感心しました」

　照之はテレビ、映画など映像の世界で実績を積み出した。浜は照之の出演作品は、テレビも映画も欠かさず目を通した。　

　再び照之が、その行動力で浜を驚かせたのは1991年2月13日のこと。ひとりで静岡県沼津市の巡業先の楽屋に市川猿之助(二代猿翁)を訪ねたのだ。

　「その日は、自宅に私も母も妹もいました。帰ってきた照之は『おやじに会ってきたよ』と切り出しました。思わず、『どこのおやじ？』と問い返すと、『僕のおやじだよ』『えっ、猿之助さん？』。母が『おばあちゃんによろしくと言っていたかい？』と尋ねると、照之は『それどころじゃなかったよ』と答えました。『どうしたの？』と聞いても、『いや、大変だったよ』と言うばかり。私たちも、あえてそれ以上は聞こうとしませんでした」
■段四郎さんだけが抱きしめてくれた

　後日、照之から、「(四代市川)段四郎さんだけが『よくわかるよ。君の気持ちは』と言って抱きしめてくれ、二人で泣いた」と聞かされた。

　「段四郎さんは、照之の中車襲名後もずっと優しい言葉をかけてくださいました。亡くなられた時は悲しかったです。本当に残念でした」

　段四郎は三代段四郎の次男で、二代猿翁の弟。1946年生まれで、大きな舞台ぶりの立役として、「勧進帳」の弁慶、「神霊矢口渡」の頓兵衛などに存在感を示した。闘病の後、2023年に76歳で他界した。
照之が父と対面した折の心境を、「婦人公論」(1991年8月号)に発表した手記から引用しよう。

　「彼がいなかったら、ぼくがこの世に誕生してこなかったことは紛れもない事実なのだ。ぼくはただそんな種類の強い意志に突き動かされて、沼津の公演先まで父を訪ねたのだった。(中略)彼と会った30分間、実際ぼくはただべーべー泣き、父は実に多くのことを語った」

　その際に猿之助が照之にかけた言葉も同誌から引用する。

　「ぼくはあなたのお母さんと別れた時から、自らの分野と価値を確立していく確固たる生き方を具現させました。(中略)今のぼくとあなたとは何の関わりもない。あなたは息子ではありません。したがって、ぼくはあなたの父でもない。(中略)今後あなたとは二度と会わないけれど、そのことをよく心に刻んでおきなさい。何ものにも頼らず、少しでも自分自身で精進して、一人前の人間になってください」
どんな思いで猿之助がその言葉を発したのか。手がかりになる文章を後に日本経済新聞に掲載された「私の履歴書　市川猿翁」から引用する。

　「大事な舞台の前に約束なしに来たことは役者として配慮が足りない。(中略)『息子ではない。したがって父でもない』と言ったのは、成人した人間として行動も考えもしっかりしてほしいという気持ちからだ。私は家庭を失ってから、生きるも死ぬも身ひとつの覚悟でやってきた。歌舞伎に全身全霊をかけている。だから息子も役者としてやっていきたいなら、私を父と思うな、と言ったのだ」
父子が融和し、照之がさらに大胆な一歩を踏み出すのはまだ先のことである。

■最後まで粋人らしい洒脱さを貫いた父

　浜の父、忠次が没したのは1996年8月2日であった。前立腺がんが転移した下咽頭がんで入院していた。

　「私がお見舞いに行った時は辛そうで、『阿都子、もう喋らへんで』と口にしました。そろそろ危なそうだなと思っていた日には、着物のお見立て会に出席する仕事が入っていました」

　母の照子はその仕事は断れないのかと浜に尋ねた。
「マネージャーに相談すると『お父さんがそういう状態でしたら、相手先にお願いします』と言ってくれました。先方も許してくださったので母と病院に駆けつけました」

　だが主治医から「今亡くなられました」と告げられた。

　「付いてくれていた家政婦さんが、『般若心経を始めから終わりまで唱えられ、その後、長唄を口ずさまれました』と最期の様子を教えてくれました。母が曲名を尋ねましたが、『私にはわかりません』とのことでした。母は父と出会ったころ、一緒に歌った曲かもしれないと思ったのでしょう」
最後まで粋人らしい洒脱さを貫いた父であった。

　「お葬式の準備もあるので、いったん帰宅することにして、お医者さんに『今朝、庭の百合の花が三輪咲きました』とお話しし、『その百合のように、お母さまと妹さんと仲良く3人でお過ごしくださいね』と言われた時には、思わず涙がこぼれました」

■「猿翁さんのお仏壇にお供えして」と頼んだもの

　2010年1月2日には母の照子が没した。99歳であった。

　父も母も浜の舞台生活を支え、応援し続けた得難き存在であった。
「2人とも歌舞伎が大好きで、しょっちゅう連れ立って歌舞伎座に出かけていました。母は(十代坂東)三津五郎さんの踊りがお上手だと言って大の贔屓でした。父も母も照之と政明の歌舞伎入りを知らないで亡くなったのが、心残りです」

　それから時が経ち、自宅から父の長唄の名取名「佐源次」が彫り込まれた三味線の象牙の撥が出てきた。

　「『お父さんが猿翁さんにお三味線を教えた時に使っていた撥だから、猿翁さんのお仏壇にお供えして』と照之に頼みました」
小玉 祥子 :演劇ジャーナリスト",[],[]
『国宝』がアメリカで賞レース開始　アカデミー賞に立ちはだかる競合「社会派作品」に勝算は？（東洋経済オンライン）,https://news.yahoo.co.jp/articles/1c02d48a0cf4df51ffb7c9c5ba8451780d1819ec,https://newsatcl-pctr.c.yimg.jp/t/amd-img/20251121-00919326-toyo-000-2-view.jpg?exp=10800,2025-11-21T07:30:40+09:00,2025-11-21T08:32:13+09:00,東洋経済オンライン,toyo,東洋経済オンライン,2953,"李相日監督（左）、主演の吉沢亮（右）はロサンゼルスの上映会に参加した（筆者撮影）
『国宝』が、ついにアメリカで公開になった。

　とは言っても、ロサンゼルスとニューヨークで、それぞれ1館、1週間だけの限定公開だ。目的は一般観客にチケットを買ってもらうことではなく、アカデミー賞国際長編映画部門の資格を得ること。本格公開となる来年2月までにアワード戦線で名前が挙がっていればおそらく人々の興味につながり、そこでようやく「興行成績はいくら」という話になる。
【画像】「外観は怪しい、でも中は豪華」グランドサロン十三で撮影された映画『国宝』の１シーン
こうした事情から、この限定上映のための前売りが発売になった時点でユニバーサル・シネマAMC(ロサンゼルスのシネコン)が用意していたのは、最も小さいシアターだった。早くにかなり席が埋まったせいか、まもなく大きめのシアターがひとつ追加されたものの、限定公開も終わりに近づき、平日でもある現地時間19日には、また小さいシアターひとつに戻っている。
■映画への現地の反応は？　

　さらに18日夜には、李相日監督、吉沢亮が日本から参加する上映会が、ロサンゼルス中心地にあるアカデミー博物館内のシアターで行われた。招待客にはなんらかの賞の投票者もいたが、このイベントには日本領事館やJETROなどが絡んでおり、会場の顔ぶれはさまざまだ。

　映画への反応は良く、エンドクレジットが流れ始めると、拍手とともに「ブラボー！」の声も上がった。上映開始前、李監督は観客に向け、「3時間ありますけれど、みなさんトイレは行かれましたか？」と聞いたが、途中、トイレのために席を立った人は誰もいない。
日本のマスコミあるいは業界向け試写の感覚だと「当然だろう」と思うかもしれないが、アメリカでは必ずしもそうではない。渡辺謙演じる花井半次郎が舞台で血を吐くシーンではどよめきが聞こえたし、多くの観客は映画に没頭していたようだ。

　と、感触としては良い感じだったが、アカデミー国際長編映画賞の候補入りの可能性はどうだろうか。

　正直なところ、ほかの国がエントリーしている作品を見るかぎり、競争はかなり熾烈と思われる。今回は、世界が直面している事柄に触れる、考えさせられる感動作が目白押しだからだ。
たとえば、チュニジアの『The Voice of Hind Rajab』は、家族とドライブ中、イスラエル軍の攻撃に遭ってひとり生き残った幼い少女が助けを求める電話の録音音声をもとに、救出に向けて努力する姿を描く実話ベースの映画だ。

　パレスチナ問題に関しては、パレスチナ系アメリカ人女性監督が自身の家族の話に想を得て脚本を書き下ろしたヨルダンの『All That’s Left of You』、パレスチナの『Palestine 36』、イスラエルの『The Sea』もある。
イスラエル政府は、パレスチナの少年を主人公に据えた『The Sea』を強烈に批判しているのだが、この映画がオフィール賞を受賞したことで、自動的にオスカーのエントリー作品となった。そういう経緯も人々の関心をひきつけるだろう。

■ウクライナのドキュメンタリー戦争映画も

　また、政府を批判して逮捕されたイラン人監督ジャファル・パナヒが極秘で撮影し、フランスからエントリーされた『It Was Just an Accident』は、彼自身の身の上もさながら、映画の内容も良く、国際長編部門のみならず主要部門へ食い込む可能性もささやかれている秀作だ。
一方、ウクライナからのエントリー作『2000 Meters to Andriivka』は、『マウリポリの20日間』で2024年の長編ドキュメンタリー賞を受賞したミスティスラフ・チェルノフ監督による、いわば続編。ウクライナとロシアの戦争の最前線で、身を危険にさらしてまでとらえた映像はパワフルで、心を揺さぶる。

　意図的に流産した疑いで警察に逮捕された若い女性と、彼女のために闘う女性弁護士の実話を女性監督が語るアルゼンチンの『Belen』も、アメリカで中絶の権利が危ぶまれている今は、タイムリーな映画だ。
自国の暗い過去を見つめるという意味では、ほかに、イランの『The President’s Cake』、70年代を舞台にしたブラジルの『The Secret Agent』がある。

　パク・チャヌク監督、イ・ビョンホン主演の韓国映画『No Other Choice』は、ブラックコメディではあるが、製紙業界に長年勤めてきた主人公(ビョンホン)が突然職を失い、同じ業界での再就職を望むも苦戦するという、世界の中年サラリーマンを取り巻く現実を描き、共感を得ている。
■『国宝』のアピールポイントとは？　

　これらの作品は、「なぜ今、これを語るのか」という意図が明確だ。もちろん、政治的、社会的な映画がそうでないものより優れているということには、決してならない。そもそも、「優れている」と考える基準は、人それぞれに異なる。

　『国宝』にも、アカデミー賞投票者へのアピール要素は十分ある。ロサンゼルスでの舞台挨拶で李監督自身が話したように、なにせ『国宝』は、歌舞伎という芸術のためにすべてを捧げる役者の話なのだ。
最高のものを成し遂げるために犠牲を強い、身近な人を傷つけたかもしれないという思いを抱いている人は、映画を作る人たちの団体であるアカデミーの会員にも少なくないのではないか。

　アカデミーの内訳では俳優が最も多く、演技をきちんと勉強する中で歌舞伎を学んだ人もいる。それらの人たちが、異国の時代ものであるこの作品にパーソナルな思い入れを抱くのは自然である。

　しかし、その角度で見た場合、ノルウェーのヨアキム・トリアー『Sentimental Value』が大きなライバルとなりえる。
こちらも主人公(レナーテ・レインスヴェ)は舞台役者。映画監督の父(ステラン・スカルスガルド)が新作の主演をオファーしてくるが断り、代わりにアメリカ人女優(エル・ファニング)を雇うというストーリーで、作り手が作品に込める個人的な思い、カタルシスというテーマは、アカデミー会員にとって共感しやすいだろう。

■『ドライブ・マイ・カー』以来の快挙なるか

　トリアー監督とレインスヴェが組んだ『わたしは最悪。』は、2022年のオスカー国際長編部門に候補入りしつつ、日本の『ドライブ・マイ・カー』に敗れて受賞を逃した。彼らにとっては今度こそという思いがあるだろうし、投票者もここまでにこのふたりへの尊敬をなおさら高めてきている。
くしくも、西島秀俊が演じた『ドライブ・マイ・カー』で演じた主人公も、舞台俳優兼演出家だった。今度は、ノルウェーの舞台役者の話と日本の歌舞伎役者の話が争うことになるのか。それとも、政治的、社会的な映画がこれらを制するのか。

　勝負をかけるには、何よりまずできるだけ多くの人に見てもらうのが大切。すでに中盤に入ったアワード戦線で、『国宝』がこれから効果的なキャンペーンを展開することを期待したい。
猿渡 由紀 :L.A.在住映画ジャーナリスト",[],[]
中高年「だるい」「疲れやすい」…実は《あの栄養素不足》が原因!?　→オーガニック野菜たっぷりのヘルシー朝食でも不調に陥る訳（東洋経済オンライン）,https://news.yahoo.co.jp/articles/e9f5795af7bc08b74773207484a46ef661eaf556,https://newsatcl-pctr.c.yimg.jp/t/amd-img/20251121-00919103-toyo-000-2-view.jpg?exp=10800,2025-11-21T07:16:14+09:00,2025-11-21T08:34:16+09:00,東洋経済オンライン,toyo,東洋経済オンライン,4377,"体が1日に必要としているエネルギー量が食事で摂れていないと、腸の修復はもちろん、だるい、疲れやすいなどの不調も改善されにくくなります（写真：takeuchi masato ／PIXTA）
健康に気を使う人は発酵食品を取り入れるなど腸内環境にも気を配っているのではないでしょうか？　　実はそうした人ほど陥りやすい、健康上の落とし穴があります。
本記事は、鍼灸師、臨床分子栄養医学研究会認定カウンセラーであり、YouTubeチャンネル「体質改善を終わらせる方法」を運営する中村ひろき氏の著書『腸から体を変える本』から一部抜粋・再構成してお届けします。
【写真を見る】糖質オフ・ゼロ系ビール市場でバカ売れしているという『一番搾り』。青いラベルを一度は目にしたことがあるのでは？
■謎の不調…原因はまさかの“糖質制限”だった？
腸活という言葉が広く認知されたのは2017年頃。今ではブームにとどまらず、すっかり定着してきた感があります。納豆やヨーグルトなどの発酵食品を積極的に摂ったり、塩麹を取り入れたりと、みなさんも腸活を行ったことが一度はあるのではないでしょうか？　

　けれど、その一方で発酵食品を食べているけれど、余計にお腹の調子が悪い気がする、ストイックに食材を選び、腸活を意識した食事をしているけれど不調から抜け出せない……という腸活迷子さんも多いのです。
僕のカウンセリングに訪れたクライアントさんの一例をご紹介します。

　ある日、初めてカウンセリングに来られた方がいました。食事への意識は非常に高く、栄養学に関する知識も豊富でした。けれど、2年前から続く「お腹の張り」が一向に改善しないとのご相談でした。

　1週間の食事記録を見せてもらうと、そこには一見完璧な朝食が並んでいました。オーガニック野菜やオートミールたっぷりのサラダボウル。体に良さそうな物ばかりで、まるで健康雑誌の特集のようでした。
ところが、決定的に足りなかったものが1つ。それが「糖質」でした。なぜ腸にとって糖質が必要なのかというと、腸の修復や調子を整えるのに欠かせない栄養素だからです。糖質=悪というような風潮があるものの、そもそも糖質は五大栄養素の1つで、生命維持に欠かせないものです。

　糖質が足りなくなると、エネルギー不足となり、基礎代謝が低下してしまいます。すると、せっかく摂った栄養素を働かせることができなくなってしまうのです。つまり、腸のために栄養を摂っているのに使えない状態です。
これでは、どれだけ食事に気を遣っていても、成果を実感できません。

■過剰な糖質制限が「だるい」「疲れやすい」に…

　糖質をなるべく減らそうとしている方は、太るのではないか、メタボになるのではないか、血糖値が乱高下するのではないか、などの心配があってのことだと思います。けれど、体が1日に必要としているエネルギー量は、厚生労働省の基準によれば、男性で2300kcal前後、女性で1700kcal前後です。けっこう多いなと感じる方もいるのではないでしょうか。
このエネルギー量が食事で摂れていないと、腸の修復はもちろん、だるい、疲れやすいなどの不調も改善されにくくなります。糖質はきちんと消化吸収できれば、まったく怖がるものではないのです。

　前述のクライアントさんは、1日の総摂取量が900kcalしかなく、体はエネルギー不足の状態でした。この状態で繊維質の多い野菜を大量に食べたら、お腹が張ってもおかしくありません。この場合、まず行いたいのは「質より量が大事」に着目することです。栄養の質というと、どうしても添加物の有無やオーガニックなど体に良さそうなものばかりに目が行きがちですが、その前に必要なのは、エネルギー源である糖質や、体の材料となるたんぱく質をしっかり摂ることなのです。
腸などに不調があると、「ちゃんと栄養を摂らねば」と身構えてしまうかもしれませんが、最初から完璧な食事を目指す必要はありません。カウンセリングにいらっしゃる方の中には、「朝はお腹が空かない」「3食きちんと食べないとダメですか？」と聞かれることがあります。

　このように朝食を摂らないと、朝は低血糖状態になっているはずです。まずは血糖値を安定させたいので、朝食で必ず何か糖質を摂ってくださいとお伝えします。もしご飯などの食事が喉を通らないのであれば、果汁100％のジュースからでも良いのです。果汁100％のジュースは液体である分、消化への負担も少ないうえ、すぐエネルギーになってくれるメリットがあります。胃腸が弱っている場合でも取り入れやすい糖質といえます。
これを続けていくうちに、低血糖を脱出するために出ていたアドレナリンが抑制され、自然と空腹を感じるようになってきます。すると、義務感からではない、体の自然な欲求としてご飯を食べたいという欲求が出てくるようになるのです。はじめから3食きちんと食べなければと無理をすると、食事に対するストレスがかかり、それが消化不良の要因になってしまうこともあります。今の自分ができる範囲で始め、徐々にステップアップしていくことが、結局は健康への近道になるのです。
一方で、気をつけたいこともあります。よく「朝食にプロテインやゆで卵でもいいですか？」と聞かれることがありますが、これはあまりおすすめしていません。たしかにたんぱく質は大切な栄養ですが、血糖値にはほぼ影響しないのです。それは、たんぱく質を摂ってもすぐに使えるエネルギーにはならないことを意味しています。

　繰り返しになりますが、まず血糖値を上げて低血糖をケアし、安定させること。たんぱく質を気にするのは、次のステップで大丈夫です。無理せず、今の自分にとって、できる・続けられるところまでハードルを下げて始めていきましょう。
■たんぱく質の無理のない上手な摂り方

　糖質が摂れるようになってきたら、次のステップがたんぱく質の摂取です。たんぱく質は言わずもがな、体の材料として欠かせない栄養素。筋肉や内臓、消化酵素、ホルモン、免疫細胞など、あらゆる組織のもとになるため、一般的にはたんぱく質を積極的に摂取することが推奨されています。

　しかし、たんぱく質はただたくさん摂れば良いものではありません。大切なのは、摂ったたんぱく質をきちんと消化・吸収して、体の中で役立てられているかどうかです。
消化吸収できなかったたんぱく質は、体に負荷をかけます。特に胃腸が弱っている時に無理をしてたんぱく質を摂ると、未消化の大きな塊のまま腸に届き、ガスや膨満感、便秘、下痢などを引き起こす要因になってしまうことがあります。

　特に、年齢を重ねると胃の運動機能が徐々に低下してくるため、消化に時間のかかるたんぱく質は胃の中に長時間残りやすくなり、胃の不快感を引き起こしてしまうこともあります。

■たんぱく質の消化を助ける摂り方
たんぱく質をしっかり消化するために、まず基本となるのは、再三いわれていることですが、よく噛んで食べることです。たんぱく質は胃液に含まれるペプシンという消化酵素で分解されますが、いかにこの咀嚼で食べ物を小さくして胃に届けるかがまず鍵となります。

　ただ、食べる以前の料理中の香りや咀嚼によって唾液や胃酸の分泌が促され、消化の準備が始まっていることもお忘れなく。五感を使って食事を楽しみながらしっかり噛むことで、消化がぐんとスムーズになるので、ぜひ意識してみてください。小さなことですが、消化力はかなり変わってくるはずです。
次に意識したいのが、消化吸収できる分だけを食べることです。血液検査などで「低たんぱく」と指摘されると、多くの人が「もっと摂らなければ」と思いがちですが、実は逆の発想も大切なのです。消化力が落ちているときほど、あえてたんぱく質の摂取量をいったん減らすことで、胃酸の負担を一時的に軽くし、吸収率を高めるようにします。たんぱく質を20g摂っても消化しきれずに不調を起こすくらいなら、確実に消化できる5gを摂る方が体にははるかに効果的なのです。
また、プロテイン飲料についても注意が必要です。液体だから消化しやすいだろうと思われがちですが、たんぱく質である以上、消化には多くの胃酸や酵素の助けが必要になります。体調によっては負担になるので、摂る場合は規定量を超えないようにし、一度に飲み切るのではなく、何回かに分けて少しずつ飲みましょう。そして、できれば口に含んでゆっくり噛むようにして飲むようにし、消化を助けてあげてください。実際、よく噛んで飲んだら胃もたれしなくなったという声もいただいています。
そのほか、アミノ酸の形でたんぱく質を補うという選択肢もあります。たんぱく質はアミノ酸に分解されてから体の各所で利用されますが、この分解の過程が体にとっては意外と重労働なプロセス。特に疲労が溜まっているときや、胃腸が弱っているときは、はじめからアミノ酸の状態に分解されているものを摂ることで消化の負担を軽減することができます。

　また、消化酵素もたんぱく質が材料なので、アミノ酸で摂取すると、すぐに活用でき、消化がスムーズになります。具体的には、BCAA(分岐鎖アミノ酸)やEAA(必須アミノ酸)のサプリメント、魚の粉末が入っただしパック、ボーンブロススープなどを活用するとよいでしょう。お味噌汁やスープなら自然に取り入れられますし、何より消化に優しいのがメリットです。実際、「サラダチキンやゆで卵だと胃もたれする」という方でも、お味噌汁を飲んで不調になるケースはほぼありません。
そして、くどいようですが、何よりも食事で楽しんでください。五感で味わって食べることは、栄養吸収だけでなく、自律神経のバランスや消化機能そのものにもプラスに働きます。

　たんぱく質は、量を食べることよりも、しっかり体の材料として使えるように体内に届けることが何よりも大切です。摂るだけで満足せず、今の自分に合った形で体の中で効かせるまで考えられるようになると、たんぱく質はあなたの強い味方になってくれます。
■成果を出すには腸活以前の見直しが功を奏する

　腸活以前に、体を動かすエネルギーがあるかどうかが鍵となります。灯台下暗し的な話ですが、まずは栄養をしっかり使える体に整えることが大切です。そのためには、糖質が足りていない低血糖状態から抜け出すことが必要になります。低血糖をケアしていくと、腸活の効果も実感しやすくなるはずです。腸活の成果が実感できないという方は、一度ここから見直してみてください。
中村 ひろき :鍼灸師、臨床分子栄養医学研究会認定カウンセラー",[],[]
疲労回復のカギは「背骨」と「第2の心臓」にあった→長時間座る人のための背中の柔軟性を取り戻す方法（東洋経済オンライン）,https://news.yahoo.co.jp/articles/c63d8cf91204e3e0ea4d24148eb51cdb234e405c,https://newsatcl-pctr.c.yimg.jp/t/amd-img/20251121-00918183-toyo-000-1-view.jpg?exp=10800,2025-11-21T06:30:39+09:00,2025-11-21T06:30:39+09:00,東洋経済オンライン,toyo,東洋経済オンライン,2366,"背骨全体の動きを滑らかにして、姿勢を改善する「Catエクササイズ」を紹介します（写真：I／PIXTA）
「朝、なんとなく身体がだるい」「ベッドから起き上がるのがつらい」といった不調が続くとき、それは決して「やる気がないから」「メンタルが弱いから」ではありません。多くの方が不調の原因を「自律神経の乱れ」と考え、食事や運動、入浴などさまざまな方法を試していますが、なかなか改善しないのは、不調の原因が「自律神経だけ」ではないからです 。
本当に心身の不調を根本から改善し「なんとなくしんどい毎日」から抜け出すには、自律神経、気象(気圧・湿度・気温など)、骨格(姿勢)という3つの要因を同時に見ていく必要があります。これらは相互に関係しているため、どれか一つだけを整えても、残りが乱れていれば不調は長引いてしまいます 。
【図解で簡単にわかる】自律神経を整えるケア
『自律神経 これ1冊ですべて整える』では、せたがや内科・神経内科クリニック院長で医学博士の久手堅司氏が、これら3つの要因を無理なく整える方法をわかりやすく紹介しています。

以下では、その久手堅先生が「猫の背中ストレッチ」について解説します。

■猫の背中ポーズで背骨全体を動かす

前回記事『「肩コリを放置すると腹痛に」意外な自律神経ケア』では、自律神経の通り道である首や胸郭のこりをほぐすストレッチをご紹介しました。
今回は、さらに背骨全体と「第2の心臓」と呼ばれるふくらはぎにアプローチし、全身をより健やかな状態へと導くエクササイズをご紹介します。

　長時間のデスクワークなどで動きが少なくなると、背骨の柔軟性が失われ、血行不良や自律神経の乱れにつながります。

　まずは、背骨を大きく動かして全身の巡りを良くする「Catエクササイズ」から始めていきましょう。この動きで背骨を意識的に動かすことで、姿勢の改善や、首・肩・腰のこり解消に繋がります。
Catエクササイズは背骨全体を動かすことのできる運動です。

　背骨は身体の中心にあって常に身体を支え、身体を曲げたり、伸ばしたり、ひねったりする運動にもかかわっていますが、普段の生活で、意識的に背骨を動かす場面は少ないと思います。

　デスクワークなどで座っている時間が長い人は特に、背中が丸まっていたり、動きが硬くなっていたりすることも多いでしょう。

　その点、Catエクササイズでは、背骨全体の動きを滑らかにして、姿勢を改善することもできます。背骨を動かすには腹筋も背筋も使うので、数回やるだけでもしっかり身体を使うことになるでしょう。
このエクササイズがうまくできるようになると、首、肩、背中、腰がすっきりとします。毎朝・毎晩の習慣にできるとよいですね。

■Catエクササイズのやり方

Catエクササイズ
　1. 基本の姿勢

　四つんばいになり、肩の真下に手をつき、股関節の真下にひざをつく。足の甲は床につける。肩の力は抜いて、首を伸ばすように。お腹に力を入れて上半身を支える。

　2. 背骨を反らせる

　鼻から息を吸いながら、目線を斜め上に上げて、おしりを突き上げるようにして、背骨を反らせる。背骨が両端から引っ張られるようなイメージ。
3. 背骨を丸める

　息を口からフーッと吐きながら、骨盤の方から背骨を1本1本丸める。両手と両ひざで、地面を感じて踏ん張る。おしりを下げてから頭を上げ、1の姿勢に戻る。1〜3を5〜10回繰り返しましょう。

　ふくらはぎの筋肉は、血液を心臓に戻したり、リンパ液などの体液を下半身から上半身に送り出すポンプのような役割を持っています。そのため、ふくらはぎは「第2の心臓」とも呼ばれます。

■「ふくらはぎ」をもむだけストレッチ
人間は重力を常に受けているため、水分は下に落ちやすくなり、下半身には全身の約7割の血液が集まるとも言われます。ふくらはぎを含む下半身の血行が悪く、むくんだ状態だと不調の原因となります。

　血流を促進するため、ふくらはぎマッサージを行いましょう。結果として、基礎体温の上昇、老廃物の排出促進、血圧安定、基礎代謝の向上、交感神経の緊張緩和などさまざまな効果が得られます。入浴中に行うのが、特におすすめです。
ふくらはぎマッサージのやり方
　①まずは足首から上に向かってふくらはぎをさするようにマッサージしましょう。両手を使うと、ふくらはぎ全体を刺激しやすくなります。

　②足首からふくらはぎ、ひざ裏までをもむようにマッサージをしましょう。下から上へ、上から下へと、往復で数回繰り返しましょう。強くもみすぎると痛めるので注意してください。

　③すねの外側もこりやすい場所なので、指で押してマッサージします。さらに足裏全体を指で押しほぐすと、足がよりすっきりします。
座ったまま、手を使わない方法もあります。

　椅子に座って足を組み、下にある足のひざを使って、上の足のふくらはぎをマッサージする方法です。上の足を上下に動かしたり、ひざに押しつけたりしてほぐします。片方につき30秒程度を目安に行いましょう。

【応用編】ふくらはぎエクササイズ
　ふくらはぎの筋肉は鍛えることも大切です。簡単にふくらはぎの筋力アップをする方法を1つご紹介します。

　足をこぶし1個分空けて立ち、バランスを崩さないように、壁か椅子の背に両手を置きます。ゆっくりとかかとを上げて、つま先立ちをしたら、次にゆっくりとかかとを下げて、地面から少し浮いた位置でストップし、10秒キープしましょう。このかかとの上げ下げを、10往復で1セットです。1日5セット行うと、ふくらはぎの筋力アップに効果的です。
久手堅 司 :せたがや内科・神経内科クリニック院長",[],[]
100年以上の歴史がある重要文化財の建物なのに…東京駅内の「名門ホテル」に海外客がピンとこない事情（東洋経済オンライン）,https://news.yahoo.co.jp/articles/dd6c2e05bf64802389745739b554a046aba2d3b9,https://newsatcl-pctr.c.yimg.jp/t/amd-img/20251121-00917392-toyo-000-1-view.jpg?exp=10800,2025-11-21T06:00:44+09:00,2025-11-21T06:00:44+09:00,東洋経済オンライン,toyo,東洋経済オンライン,4080,"（写真：yama1221／PIXTA）
重要文化財・東京駅丸の内駅舎の中で100年以上にわたり多くのゲストに愛され続け、2012年の再開業後は驚異のリピーター率40％を誇る東京ステーションホテル。
国内外の数々のアワードに輝くそのサービスの真髄に初めて迫った書籍『東京ステーションホテル 100年先のおもてなしへ』(上阪徹著)が先頃発売された。
【写真】重要文化財である東京駅丸の内駅舎の中に位置するホテル
入社3年目のスタッフから総支配人まで、11のStoryから見えてくる名門ホテルの「100年先を目指す」唯一無二のおもてなしとは？
海外のゲストにホテルの利用を促し、その価値を伝えるインターナショナルセールスのStoryから、一部抜粋してお届けします。

■〝ステーションホテル〞というネガティブな印象

　日本の首都、東京。その中心地にして日本中の鉄道ネットワークの最大のハブになっているのが、東京駅。そこに隣接するアクセス抜群のホテル。しかも100年以上の歴史がある重要文化財の建物で、目の前には皇居。さらには、日本らしいホスピタリティへのこだわり。海外のゲストからは、その魅力を理解されやすいのではないか、と思いきや、2023年からセールス グローバルアカウントマネージャーを務めている、松永彰子(まつながあきこ)はそうではないという。
「ヨーロッパを旅した経験があるならご存じの方も多いと思いますが、そもそも駅のイメージや駅にある〝ステーションホテル〞のイメージがすごく悪いんです。各国に有名な中央駅がありますが、いずれも治安が良くない。それこそ、日本人向けのガイドブックでも、日本人は泊まってはいけない、なんて大都市の駅前のホテルがあったりします」

　駅の近くで利便性はいい。しかし、治安は良くない。〝ステーションホテル〞というだけで、まずはそんなイメージを持たれてしまうのだ。端的に、治安悪い、古い、汚い、うるさい、という印象だという。
しかも、東京駅という存在がまた理解されにくいのだという。東京というのは都道府県の名前であり、渋谷や新宿のような地名ではない。東京にある東京駅、がピンとこないのだ。

　「丸の内というと、日本人にとっては特別なエリアで、名だたる外国のホテルがあるわけですが、丸の内という地名が世界に広く知られているわけではありません。住所にしても、東京都千代田区東京ではないし、なかなか説明が難しいです」

　東京から京都や大阪に行くときに新幹線に乗った駅、と言うと「ああ、あったな」と思い出されることもあるが、タクシーで八重洲側に乗りつけ、そのまま新幹線で出発してしまうことも多いようで、そうなると東京駅の印象はほとんどない。
「だから、東京駅に隣接している、という価値も伝えづらい。東京ステーションホテルは、他と比べることができない場所にあって、立地的にベストな存在なのですが、それがなかなかわかってもらえないわけです」

■“隠れた宝石”と感嘆される魅力

　加えて松永がこのホテルの大きな魅力と感じてきたのは、スタッフ一人ひとりから伝わる東京ステーションホテルらしさだ。

　「世界的な外資系ホテルのクレド(信条)にも匹敵すると私には思える『Our Promise』(2012年再開業へ向け定められた全スタッフの行動指針)がある。拘束力の強いものではありませんが、それがまたいいんです。でも、働いている人たちが生み出している独特の雰囲気は、言語化するのがすごく難しい。外観や内装はヨーロッパ建築のヨーロピアンスタイルだとしても、接客は独自のものがあります。だから、私の業務としては、海外のクライアントに実際に来てもらうことがとても大事になります」
実はステーションホテルという説明をする中で、皇居から写した東京駅の美しい全景を見せると「WOW！」という反応もあるという。

　「で、ホテルはどこにあるの？　と聞かれると、この駅舎の6割がホテルだ、と言うわけです。鉄道にくっついてるなんて揺れないの、うるさくないの、とも聞かれますが、ジャパニーズテクノロジーを信じてくれ、と」

　日本に来るタイミングがあると、ホテルツアーをして歴史やホテルを知ってもらい、すれ違うだけでもいいのでスタッフに実際に接してもらうと、言葉にできないその魅力が、やはり伝わるのだという。
「中には、こんなところは知らなかった、こんな空間があるなんて初めて知った、ここは“Hidden gem！”(隠れた宝石だ)と驚かれることもあります」

■コロナ後に模索する新たなセールス手法

　松永の仕事、インターナショナルセールスをシンプルに言えば、海外の旅行会社やエージェントに東京ステーションホテルをプレゼンテーションし、その価値を理解してもらうことだ。

　「海外の旅行会社やエージェントは、私たちに直接、予約をするとは限らないんですね。日本に国内手配を担う取引先を持っているケースもある。ただ、実際にホテルを訪れるお客様に、大きな影響力を持っていることは間違いありません」
ホテルによっては、欧米担当、中東アフリカ担当、アジア担当など、エリアを分けて担当者がいるケースもある。だが、東京ステーションホテルでは、担当は松永1人だ。

　「少しエリアを絞り込んだりすることで、最適化しています」

　コロナの間に、それまで東京ステーションホテルが持っていたクライアントとのつながりが断たれてしまったケースもあるという。

　「ホテルとして商談会には継続して出ていたけれど、関係性の維持については途切れてしまっている部分もありました。ですから、今はまったく新しくセールススキームから作っているみたいな感覚ですね。これから、どういう人に会うべきか、というのも、手探りで進めているのが、正直なところです」
言ってみればインバウンドのゲストの質を大きく左右する重要な役割を、委ねられているということ。だが、松永はそれを楽しんでいる。

　「むしろ新しいやり方を自分なりに考えることができると思っています。上司が任せてくれるからこそ、自分の思うように動ける、と解釈しています」

　そして海外で多くの関係者と会ってわかったことは、まだまだ日本は知られていない、東京ステーションホテルも知られていないということだ。だからこそ、興味を持ってくれる人がいると、うれしくなるという。
■会いに行く価値、広がるつながり

　松永に会ったこともないのに、何かで見て興味を持ったのか、オンラインで東京ステーションホテルを予約してくれたベルギーのエージェントの女性がいた。エージェントがわざわざ来てくれた、と松永は応対に出たのだが、意外にも残念なことになってしまった。

　「ご挨拶して、内覧もご提案しましたが、このときは疲れていたのか、話も弾まず。それで、何かあったらメールします、と言われて」

　半年後、松永はヨーロッパ出張の機会があり、ベルギーに寄ろうかと思っている、とそのエージェントの女性にメールを入れてみた。
「そうしたら、ものすごく喜んでくださって、ぜひ会いましょう、と。アントワープから少し離れたところにお住まいで、そこにぜひ来てほしいと言われたんです」

　一緒にお昼ごはんを食べると、彼女は自分の街を丁寧に案内してくれた。そこには、よく一緒に仕事をしているというエージェントも呼んでおり、〝東京ステーションホテルは、とてもいいホテルだから〞と紹介してくれた。

　「東京では残念な印象でしたが、実はとても評価してもらえていたことがわかって。さらに同じ旅行会社には、ジャパンスペシャリストの同僚がいる、とメールで紹介してくださって。時間があるなら会いに行きなさい、と。短い期間で3人のエージェントに会うことができました」
これこそまさに、わざわざ海外出張をして、人に会いに行くことの価値だろう。もちろん、東京ステーションホテルでの宿泊体験が大きく貢献しているのは間違いないが、松永が会いに行ったからこそ、つながりは広がったのだ。

　「しかも、実は紹介してもらったジャパンスペシャリストの方を通じて、すぐに予約が入ったんです。もう一人の方も、別のヨーロッパ出張で再会することができました。一つのつながりが、ちゃんと広がっていくんだな、と改めて強く印象に残っています」
そして、こうしたスタイルこそ、自分たちの理想とするインターナショナルセールス、エージェントとのつきあいの形なのでは、と思ったという。
「簡単に同じことが起きるわけでも起こせるわけでもないですが、こんなふうに少しずつ少しずつ、つながりを増やしていくことができたらと考えています」

■期せずして手に入れた“強力セールスツール”

　インバウンドの拡大については、日本では賛否両論ある。ゲストがホテルの雰囲気を作る、という意味では、日本人ゲストが多いことが、東京ステーションホテルの雰囲気を維持している要因の一つであることは間違いない。
「実際、海外からのお客様をフロントにお迎えに出たりしても、外国人だらけじゃないか、と言われることはあまりないですね。ロビーラウンジにも日本のお客様がたくさんいらっしゃいます。でも、この雰囲気を維持し、常にビジネスミックスのバランスを取るためにも、インターナショナルセールスは重要になると考えています」

　これまで以上に、東京ステーションホテルに合うゲスト、東京ステーションホテルらしい外国人ゲストを迎え入れたいということだ。
最近、強力なセールスツールができたことを発見した。日本の新しい1万円札だ。渋沢栄一(しぶさわえいいち)の肖像の裏面には、実は東京駅丸の内駅舎が描かれている。

　「お札に出るくらいの、すごいホテルなんだ。これは国からもらったフリーマーケティングツールなんだ(笑)。そうアピールしています」
上阪 徹 :ブックライター",[],[]
暗号を解読する量子コンピューターの登場迫る！ 新たなセキュリティ問題に企業はどう対応すべき？ 《出遅れると情報資産が盗まれるおそれも》（東洋経済オンライン）,https://news.yahoo.co.jp/articles/f3164a36957a0474a34e14fdfa517a3333641c93,https://newsatcl-pctr.c.yimg.jp/t/amd-img/20251121-00916055-toyo-000-1-view.jpg?exp=10800,2025-11-21T06:00:43+09:00,2025-11-21T06:00:43+09:00,東洋経済オンライン,toyo,東洋経済オンライン,3887,"2025年4月に富士通株式会社と理化学研究所が開発した、256量子ビットの超伝導量子コンピューター（写真：富士通）
暗号解読の能力を持つ量子コンピューターの登場が視野に入ってきた。

　期待が高まる一方、不安要素もある。従来のコンピューターが数万年かかる処理を瞬時に実行できるポテンシャルを秘めるが、現在は安全とされている暗号を解読できてしまうのだ。そのため、企業は自社の暗号を耐量子コンピューター暗号(PQC)に切り替えていく必要がある。
【写真】「企業へのリスクは、現在広く使用される電子署名が改ざんされうるという深刻な問題がある」と指摘するのは、デジサート・ジャパン合同会社の林正人氏
ここでは、量子コンピューターの基礎と現状を確認し、デジサート・ジャパンにその脅威と企業が行うべき対策について話を聞いた。
■量子コンピューターは創薬や金融で活躍が期待される

　ここ最近、量子コンピューターに関するニュースが活発に報道されている。いずれも本格的な量子コンピューターの実現が近づいていることを示すものだ。量子コンピューターをクラウド経由で利用できる「量子コンピューティングサービス」はすでに複数の企業・組織から提供されており、特定の分野で活用されている。

　ただし、現在の量子コンピューターは「NISQ(ノイズあり中規模量子計算)」段階と呼ばれている。
かなりざっくりした説明になるが、「ノイズあり」という状態は計算ミスをしやすく、複雑で長い計算が苦手な段階というイメージと思ってもらえるとよい。

　従来のコンピューターは、半導体(トランジスター)への電流のオン・オフによって「0」と「1」を表現しており、その最小単位はビットと呼ばれる。ビット数が大きくなるほど一度に扱える情報量が増加する。量子コンピューターでは、ビットに量子粒子(現世界で最小の物質)を使う。量子粒子には光子、電子、イオン、原子などがあり、それぞれを利用した量子コンピューターが存在する。
従来のコンピューターは、ビット数(ビット幅)とCPUのクロック数とコア数を増やすことで性能を向上させている。これらはそれぞれ、手で持てる量、手を動かす速さ、働く人の人数に例えることができる。

　一方、量子コンピューターの性能向上には「重ね合わせ」や「干渉」などが活用される。例えば、量子ビットでは重ね合わせにより「0」か「1」だけでなく「0」と「1」が同時に存在する状態を作り出すことができる。こうした原理により、膨大な組み合わせによる検証を瞬時に行うことができる。
従来のコンピューターは組み合わせの検証を「総当たり」で1つずつ行うが、量子コンピューターでは総当たりをすることなく瞬時に回答を算出できる。この特性により、創薬や新素材開発、金融、AIをはじめ、あらゆる業界で活用が期待されている。ただし、大がかりな設備が必要になることや、量子ビットを増やして長時間にわたり安定した状態に保持すること、エラーやノイズの低減が課題となっている。

　それでも、最近の量子コンピューターに関する発表や、東大発スタートアップ企業であるOptQCが光量子コンピューターの商用化を2026年度に目指していることなどを考慮すると、一般化の時期は遠くないだろう。
■性能が高すぎて、暗号を解読してしまう

　量子コンピューターの実用化が見えてきたことで、そのリスクも顕在化してきた。とくに話題となっているのは、既存の情報資産を守っている暗号(公開鍵暗号アルゴリズム)が量子コンピューターによって指数関数的な速度で解読される可能性があることだ。

　実は、サイバー犯罪者が量子コンピューターの実用化を見込んで、暗号化されたデータであっても企業から盗み出すケースが増えている。これは「Harvest Now, Decrypt Later(今収穫し、後で解読する)」攻撃と呼ばれるものだ。
「しかし、企業へのリスクはそれだけではありません。現在広く使用される電子署名が改ざんされうるという深刻な問題があります」と指摘するのは、デジサート・ジャパン合同会社プロダクトマーケティング部のAPJシニアプロダクトマーケティングマネージャーである林正人氏。

　ビジネス活動にITは欠かせないが、ITでは電子署名が広く、かつ数多く使用されている。インターネットアクセスで使用されるサーバー証明書・クライアント証明書をはじめ、S/MIME証明書、ソフトウェアに対するコード・サイニング証明書、デバイス証明書などさまざまな種類があり、企業でも意識せずに膨大な数の電子証明書を日々使用している。
電子署名は、その署名に利用する証明書の発行元を明らかにし、その内容が改ざんされていないことを証明するために使用される。電子署名は、従来のコンピューターでは解読に数万年かかる暗号化が施されているが、量子コンピューターにより短時間で解読されてしまう可能性がある。

　そして証明書による署名が改ざんされ、例えば改ざんされたソフトウェアのアップデートによりマルウェアに感染するといった被害が発生するおそれがある。
■耐量子コンピューター暗号(PQC)とは

　こうした量子コンピューターのリスクに備えて、NIST(アメリカ国立標準技術研究所)は16年から量子コンピューターが苦手とする暗号アルゴリズムを利用する耐量子コンピューター暗号(PQC:Post-Quantum Cryptography)の標準化を進めてきた。

　そして22年には、量子コンピューターに強い新しい公開鍵暗号技術の中から、3つの主要な暗号アルゴリズムを選定した。
PQCの選定にはデジサートもメンバーとして参加してきた。

　「提案されたPQCアルゴリズムに対し、攻撃安全性、実装の効率性、研究に裏付けられた信頼性などが検証されてきました。現在、新たにHQCを加えた5つの暗号アルゴリズムが選定されていますが、これらは安全性が不確実になれば見直されます」(林氏)

■PQCへの移行は「CTrO」の設置など体制づくりも必要

　量子コンピューターのリスクに対して、企業はいつまでに何をすべきか。そのステップは、まず企業のどこにどのような暗号が使われているのかを把握すること、そしてそれらの暗号がさらされているリスクの度合いを評価し移行の優先度を決定すること、優先度の高い場所にある暗号から移行計画を策定し、検証を行ったうえで移行していく流れとなる。
「いずれはサプライチェーンの上流の企業から対応が求められることになると思いますが、まずは今できることから着手していくべきでしょう。そのポイントは、社内システムの機器がPQCアルゴリズムに対応できるかの検証や、移行に備えた予算を確保しておくことです」(林氏)

　暗号資産は企業の至る所に存在しており、それらは各部門が独自の予算で導入しているケースも多く、把握することは難しい。PQC移行に関わるのはITだけではないため、全社での足並みを揃えた対応が必要となる。仕組みを理解している人が、部署を横断して旗振りをすることが望ましい。
「現在、CTrO(Chief Trust Officer)という役職が海外を中心に増えていて、日本企業でもすでに散見されつつあります。CTrOは企業の信頼に関わる案件の決定や予算を統括します。技術的な変化を理解しつつ、経営の視点をもって業務やシステムの変更を決定することで企業の信頼を守る必要があるのです」(林氏)

　これから取り組む企業はPQC移行をプロジェクト化し、関連する部署の人間と経営層を加えたチームで対応することが現実的といえる。ただし、企業の信頼性は今後さらに重視されると考えられるので、CTrOの設置も視野に入れておくべきであろう。
「注意する必要があるのは、セキュリティ対策とは異なる要素も多いことです。PKI(公開鍵基盤)などは社内業務に複雑に入り込んでいるので、何らかのソリューションを導入すればPQC対応を完了できるというものではありません」(林氏)

　デジサートでは知見をドキュメント化して情報を公開するほか、「DigiCert PQC Labs」としてPQC証明書をダウンロードして試すことができるサービスを無償で提供している。実際にPQCを使用した証明書を使うことで、社内で利用しているソフト、サーバー、ネットワーク機器が処理できるかどうかを確認できる。ログインは不要で誰でも利用可能だ。
■PQCへの移行に残された時間は4年もない

　量子コンピューターが一般化する時期は、アメリカのセキュリティカンファレンスであるBlack HatやDEFCONでは29年という声が多く聞かれたという。つまり、あと4年もない。そのため、企業は一刻も早くPQCへの移行を始める必要がある。そのステップを考えると必要なコストも想定されるので、予算の確保は重要なポイントとなるだろう。

　林氏は、「今はもう、真剣に取り組む時期に入っているということを認識していただくこと、そして組織のビジネスの優先順位はどこにあり、どこに投資をしていくのか。検証と検討を進めていただきたいと思います」と言う。
移行までのステップを考えると、予算の確保や体制の構築など対応すべきことはたくさんある。将来の経営リスクを避けるためにも、PQCへの移行に着手すべき時期といえる。
吉澤 亨史 :ライター",[],[]
サイバーエージェント藤田氏がついに社長退任へ。16人の候補から選抜された“後継者”の素顔とは？新体制が担う複数の難題（東洋経済オンライン）,https://news.yahoo.co.jp/articles/2a6cee36c465c84e97afeb51596dc527a7b11382,https://newsatcl-pctr.c.yimg.jp/t/amd-img/20251121-00919228-toyo-000-2-view.jpg?exp=10800,2025-11-21T05:40:30+09:00,2025-11-21T17:24:19+09:00,東洋経済オンライン,toyo,東洋経済オンライン,1581,"1998年にサイバーエージェントを立ち上げ、会社を率いてきた藤田氏。12月12日付で社長を退任し、代表取締役会長に就く（写真：梅谷秀司撮影）
日本を代表するネット広告代理店を築いた創業者が、27年間にわたる社長としてのキャリアに幕を下ろす。
【写真で見る】16人の候補者の中から新社長に選ばれた山内氏。寡黙な印象を持たれながら、熱心な渉外活動ぶりで知られる
サイバーエージェントは11月14日、藤田晋氏(52)が12月12日付で社長を退任し、代表取締役会長に就く人事を発表した。2代目社長には、専務執行役員の山内隆裕氏(42)が昇格する。

　後任の山内氏は06年に新卒入社後、7年目には取締役に就任するなど着々と昇格。近年は動画配信サービス「ABEMA」の経営に携わるほか、アニメ＆IP事業本部の本部長を兼任し、エンタメビジネスの育成を担ってきた。
■早くから「最有力候補」と目されてきた

　藤田氏は自社メディアにおいて、山内氏のことを「これまでの実績はもちろん、サイバーエージェントの文化を深く理解したうえでのリーダーシップや環境変化への適応力、結果を出すやり抜く力が強み」と評価する。

　サイバーエージェントでは22年から、30〜40代の有望な社員16人を選抜し、後継者育成の研修プログラムを履修させてきた。山内氏はその中でも、最有力候補と目されてきた人物だ。
代表的な成果とされるのが、ガラケー向けが中心だったモバイル広告事業の重心を、当時は未成熟だったスマホ市場にシフトし、急速に売上高を拡大させた実績だ。近年はエンタメビジネスにおいて、多種多様な業界人との人脈作りに腐心してきた。寡黙な印象を持たれながら、熱心な渉外活動ぶりでも知られている。

　社長交代と同日、サイバーエージェントが発表した25年9月期決算は、売上高8740億円(前期比9.1％増)、営業利益717億円(同78.9％増)。ヒット連発のゲーム事業と10年ぶりに黒字転換を果たしたメディア＆IP事業が収益を押し上げ、スマホゲーム『ウマ娘 プリティーダービー』がヒットした21年9月期に次ぐ利益水準を達成した。
一見すると、引き継ぎのタイミングとしてはこれ以上にないように映るが、山内体制には複数の難題が待ち受ける。

　まずは、屋台骨である広告事業の収益力改善だ。広告業界では、AIチャットサービスなどの台頭により、サイバーエージェントが得意とする検索広告の市場に不透明感が漂いつつある。同社は早くから、AIを活用した新規事業へ先行費用を投じてきたが、そこに今期は大型顧客の離脱が重なり、セグメントで2ケタ減益に追い込まれた。
■後継プロジェクトを成し遂げられるか

　手薄だった海外市場の取り込みも見据え、新たな成長ドライバーとして育成してきたアニメ・IPビジネスの拡大も焦点となる。

　近年の代表例としては、原作が集英社、幹事がKADOKAWAの大ヒットシリーズ『【推しの子】』の製作委員会に少額出資で参加し、ほかにも幹事としてアニメ製作に携わる作品を増やしつつある。ただ、有力原作は競合との争奪戦で、オリジナルアニメの開発も難易度が高い。
山内新体制は、日本を代表するネット企業が抱える課題を突破できるか。そして、藤田氏は数々の創業社長が失敗してきた次世代への引き継ぎを成し遂げることができるか。壮大な後継プロジェクトは、これからが本番といえそうだ。

後継者候補だった幹部たちの顔ぶれや、新経営陣が担う3つ目の課題などについて触れた本記事の詳報版は、東洋経済オンライン有料版記事「サイバーエージェント藤田氏がついに社長退任へ、「2026年引退宣言」を前倒し…16人の候補から選び抜かれた後継者が迫られる“3つの課題”」でご覧いただけます。
森田 宗一郎 :東洋経済 記者",[],[]
「宿5280円」「バス3ドルで空港へ」　24年ぶりのハワイ《50代男ひとり旅》に出かけた“結果”・・・（東洋経済オンライン）,https://news.yahoo.co.jp/articles/769ca9fe71ead3256fdfd43393b85cbda4230e37,https://newsatcl-pctr.c.yimg.jp/t/amd-img/20251121-00917337-toyo-000-1-view.jpg?exp=10800,2025-11-21T05:36:17+09:00,2025-11-21T05:36:17+09:00,東洋経済オンライン,toyo,東洋経済オンライン,4391,"米空軍の敷地内にあり週末のみ一般開放されるべロウズビーチ。美しいが空いている穴場だ（筆者撮影）
10月に5日間の休みがとれ、行先を探していたところ、目に留まったのがホノルル。JAL系列のLCC、ZIPAIRがセールを行っており、成田から往復総額5万7835円だった。ここ数年のホノルル往復の最安値はこのくらいの金額で、これ以上安くなることはない。だが、当方50代で男一人。はたして、楽しめるのだろうか……。
前編:『ハワイに苦手意識もあったが・・・　LCC「ZIPAIR」でハワイへ《爆安往復5.7万円》のリアル、想定外の感想と落とし穴　50代男のひとり旅は楽しめるのか？』
【写真を見る】「ハワイ」50代男ひとり旅、とても美しい”穴場”のビーチへ
■周辺ホテルを散策

　朝食後は、周辺のホテルを散策する。まずはお隣のハレクラニへ。こちらは1泊13万円スタートでとても手が出ない。それでもオーキッズの朝食は48.5ドル。チップも込みで約9000円ほどだろうか。日本人のあからさまにゆとりがありそうなゲストが目立つ。

　お次は反対側に隣接するロイヤルハワイアンへ。

　1927年にオープンしたスペインムーア様式の建築はその外装からピンクパレスとも呼ばれる。1901年開業のモアナサーフライダーもロイヤルハワイアンもシェラトンワイキキもマリオットの傘下にあるが、一時期はすべて小佐野賢治の国際興業系の企業が所有していた。全盛期にはワイキキのホテルの部屋の25％が彼の所有するものだったという。
ロイヤルハワイアンとモアナサーフライダーの館内は博物館のように昔のものが展示してあるので、ほかのホテルに泊まっていてもぜひ訪れたい。なお、ロイヤルハワイアンは戦争中、米海軍に接収され、将校の宿泊施設や負傷兵の療養施設となった。西太平洋の前線への中継基地としてハワイは機能していたのである。戦時中リゾート需要が途絶えた分、軍が支えたという見方もできる。

　真珠湾攻撃後は、ワイキキビーチにも有刺鉄線が張り巡らされ、日本軍の上陸にそなえていた。真珠湾だけでなく、ワイキキビーチもまた、戦争の影響を強く受けていたのである。
そもそも、ワイキキとはどんな土地だったのか。ワイキキとはハワイ語で水が湧き出すところという意味である。ワイキキがリゾートになったのは20世紀以降なのだが、当初、旅行者はダウンタウンに宿泊し、わざわざワイキキのビーチまで来ていたという。1901年にモアナ、1927年にロイヤルハワイアンが開業したことは前述したが、ワイキキはリゾートとして大きな課題があった。それは蚊が多かったことだ。

　蚊の発生要因はワイキキ全体に広がっていた水田だった。ワイキキの平らな土地にはもともとタロ芋などが植えられていたが、中国系の移民がここに水田を開いたようだ。だが、蚊の発生をおさえるため、ワイキキの内陸部にアラワイ運河をつくり、この運河のために掘った土で水田を埋めたのだった。
■米空軍が所有する週末限定公開のビーチへ

　2日目はワイキキを離れることにした。ハワイ好きであれば、オアフ島のビーチはワイキキなどよりも断然東海岸だということは共有されているだろう。

　筆者も90年代には東海岸のカイルアに何度か来た。カイルアもいまやさまざまな媒体に取り上げられるようになったが、穴場としてその南東にあるワイマナロビーチの情報もたまに見かける。全米ナンバーワンビーチになったことも大きいのだろう。
そのワイマナロの北西に続くのがベロウズビーチだ。ここは空軍の敷地内だが、金曜12時からと土日の日中は一般に開放されている。通常は車でしかアクセスできないこともあり、金曜の昼にきたら視界に人影がようやく確認できるかどうかというほど人が少なかった。波風が強いので遊泳に向くかはともかく、眺めるにはよいビーチだ。一応シャワーとトイレはある。

　最初は軍のゲートから1.4マイル(約2.2km)を歩こうとしたが、それよりもワイマナロからビーチ沿いに歩いたほうが早いと方針変更。もちろん何のチェックポイントもないから、いつでも出入りできてしまいそうではある。軍が太っ腹と考えるのか、それともいいところを軍がキープしやがってと考えるのかは人次第だが。
THE BUSならワイキキから3ドルで来られる。なにしろヒマなので、3時間ほど、美しいビーチを眺めてすごした。それだけみれば「楽園」という体なのだが、ベロウズビーチとワイマナロビーチの境には、ホームレスのテントが並んでいた。シャワーとトイレ、飲み水は確保できるし、温暖ということで、ホームレスにとっても条件がよいのだろうか。

　実はハワイ州にはホームレスが1万1000人以上いて、面積あたりの人口比では、全米でも最も多い部類に属する。
また、ベロウズビーチは沖縄の嘉手納基地に拠点を置く分遣隊によって運営されていることや、真珠湾攻撃では、このビーチにあった飛行場で2名の飛行士が亡くなったこと、そして真珠湾攻撃により着陸できなくなった本土からのB17爆撃機がここに着陸したこと、そして敷地内には戦前に他界した日本人移民の墓があることを知った。

■ファーマーズマーケットのバーガーに並んでみた

　翌日は土曜日。土曜午前中のファーマーズマーケットといえば、KCCがよく知られているが、観光客向けのようなので、アラモアナブルバード沿いのカカアコファーマーズマーケットへ。
このファーマーズマーケットで1店舗だけ行列ができているのがJOJAというスマッシュバーガー店。スマッシュバーガーというのはパティを鉄板で押しつけるスタイル。口コミでは1時間並ぶなどと書かれていたので7:30開店の少し前に行ったら、並んでから23分で食べられた。

　19ドル(約2930円)のバーガーも7ドル(約1080円)のポテトもトリュフ風味で味がとにかく濃い。

　驚いたのは行列の半分くらいが日本人だったこと。日本のテレビ番組でも取り上げられたらしい。
ホテルに戻ってくつろいだ後、午後はカハラモールへ向かった。ちょうどハワイ国際映画祭をやっており、この日は京都の日本料理店木乃婦のドキュメンタリー映画『KINOBU -food,Tradition,and Identity』のワールドプレミアにあたったのだ。木乃婦の三代目、髙橋拓児氏も蝶ネクタイ姿で登場した。

　この映画はフットレストつきのリクライニングシートで19ドル(約2930円)。ハワイの地で見る京都と京料理は、日本で見るよりもはるかに魅力的に見える。映画上映後は、ハワイ在住の本村力監督と髙橋拓児氏に質問する機会もあり、プライスレスな体験となった。
この映画からワイキキに戻ると、LGBTQ+の祭典、ホノルル・プライドとよばれるパレードが行われていた。

　企業など、グループごとに思い思いの格好でパレードする姿に、アメリカのもう一つの様相をみる。そのすぐ後ろのビーチでは、パレードにまったく無関心にみえる観光客が多数いるのもまたワイキキビーチらしいのかもしれない。

■最安？　約5280円の宿へ、空港まではバスで3ドル

　3泊目は、夜遅くから朝までしかいないこともあり、おそらくハワイ最安のゲストハウスであるワイキキ ビーチサイド ホステルに宿泊した。34.21ドル(約5270円)。このホステルは1998年開業で、開業間もないころに1度宿泊したことがある。ワイキキビーチまでわずか1ブロックという立地、しかもコーヒーは無料で朝食は無料のパンケーキまでつく。
最終日だけはきちんとした食事をしたいと思い、ミロ・カイムキへ。シェフのクリス・カジオカ氏は日系4世。アメリカの調理学校であるCIAを出た後にニューヨークの三つ星PER SEなどで修業。ホノルルのセニアという有名店のオーナーシェフだった。

　ミロ・カイムキは、もともと日本人がオーナーのビストロだったところを改装し、2020年4月に開業している。

　お任せのコースは125ドル(約1万9300円)。ペアリングは55ドル(約8480円)。ホノルルのトップレストランとしてはリーズナブルな値づけだろう。ゲストのほとんどがアングロサクソン系。アジア系のゲストは数組だった。
シェフは京都に店を出すほどの日本フリーク。妙な日本料理の解釈はなく、最後まで楽しめた。ワインをなみなみと注いでくれるし、デザートワインもペアリングに含まれているのがありがたい。チップも含めるとこの日のゲストハウス代の9倍くらいかかったが、ハワイの食のシーンを垣間見ることができたのは収穫だった。節約が目的化すると、旅はつまらなくなってしまう。

　最終日は、少し早めに起きてワイキキを散策してからTHE BUSで空港に向かう。この前日とこの日は鉄道の延伸を記念して、バス代がすべて無料だったが、そうでなくても、片道3ドル。空港アクセスとして考えれば破格に安い。空港までは、かつて20番だったバスをWという路線名で引き継いでいる。15分間隔で空港まで30分強。
今回ほぼすべての移動をTHE BUSで済ませた。DaBus2というアプリの接近情報はかなりいいかげんなので、参考程度にとどめたほうがよさそうだ。ワイキキとアラモアナくらいしか行かないという人はJCBカード提示でワイキキトロリーのピンクライン(15分間隔)が無料になるが、かなり多くの乗客が乗ることもあるので注意が必要だ。

■50代男のハワイ一人旅は？　

　結局24年ぶりに行ったハワイはどうだったのか。あまり下調べもできていなかったが幸運にもめぐまれ、最近の旅行のなかでは楽しめた部類に入る。
ハワイ独特の爽やかで心地よい貿易風、アメリカの都市的な洗練さと太平洋リゾートのゆるさの境界領域。ハワイ以外ではなかなか得られないものも多い。また、どこを切り取っても必ず日本とのつながりがあるハワイは、歴史好きには興味深い場所である。

　ハワイといえば物価高を指摘する声は少なくないが、LCCのセールで行き、ホテルのカテゴリーを下げて、移動を路線バスですませば、高いと感じるのは食費と入場料などに限定されるし、食事もハッピーアワーやフードトラック、ファーマーズマーケットなどを活用すれば、高いといっても限度がある。贅沢をしなくても男一人ハワイ旅、それなりに楽しめると確認できたのが今回の収穫だった。
前編:『ハワイに苦手意識もあったが・・・　LCC「ZIPAIR」でハワイへ《爆安往復5.7万円》のリアル、想定外の感想と落とし穴　50代男のひとり旅は楽しめるのか？』
橋賀 秀紀 :トラベルジャーナリスト",[],[]
ハワイに苦手意識もあったが・・・LCC「ZIPAIR」でハワイへ《爆安往復5.7万円》のリアル、想定外の感想と落とし穴　50代男のひとり旅は楽しめるのか　（東洋経済オンライン）,https://news.yahoo.co.jp/articles/a124ba3e68d4b76e1bbe9c5e67d58b946f1bec1f,https://newsatcl-pctr.c.yimg.jp/t/amd-img/20251121-00917336-toyo-000-1-view.jpg?exp=10800,2025-11-21T05:30:39+09:00,2025-11-21T05:30:39+09:00,東洋経済オンライン,toyo,東洋経済オンライン,4353,"シェラトン・ワイキキ・ビーチリゾートからの眺望。50代男がハワイ一人旅を楽しめるのか、チャレンジしてみた（筆者撮影）
10月に5日間の休みがとれ、最初はスリランカに行こうとした。成田から中国系のエアラインで3万7000円台。めざすは建築家ジェフリー・バワの別荘ルヌガンガ(参考:『120カ国超訪れてたどり着いた「世界最高の宿」』)。
【写真を見る】LCCでハワイへ「爆安往復5.7万円」機内はどうだったのか？
だが宿泊費を調べると、3年前に2万円だった部屋が5万円以上に爆上がりしている。世界一好きな宿だが、さすがに……と躊躇して、ほかの行先はないかと目に留まったのがホノルル。JAL系列のLCC、ZIPAIRがセールを行っており、成田から往復総額5万7835円だった。
後編:『「宿5280円」「バス3ドルで空港へ」　24年ぶりのハワイ《50代男ひとり旅》に出かけた”結果”・・・』

■かつてホノルルで無料降機ができた

　ここ数年のホノルル往復の最安値はこのくらいの金額で、これ以上安くなることはない。だが、妻は休みがとれそうにもないという。50代で男一人旅。はたしてハワイを楽しめるのだろうか……。

　若い頃はハワイによく行っていた。当時はユナイテッド航空の航空券でアメリカに行くときは、ホノルルで無料の途中降機ができたからだ。
2001年9月11日も、実はホノルルにいた。明日日本に帰るという日に同時多発テロが発生し、それから1週間、オアフ島に釘付けとなってしまった。

　それがトラウマになったわけではないが、芸能人が足しげく通い、女性誌の特集でも頻繁にとりあげられるハワイに対して次第に苦手意識をもつようになってしまった。円安にともなう物価高も、ハワイに行かない言い訳に加わった。

　だが、そんなことを言っていては一生ハワイに行けないではないか。物価が高いというのも工夫次第で安くすませるだろうし、50代男一人旅でも楽しみ方はあるだろう。そんな気持ちで、24年ぶりにハワイをめざすことになった。
さて、成田発は「爆安」のZIPAIRだが、費用対効果はきわめて高かった。まず、行き帰りともチェックインでまったく並ばなかった。次にLCCであるのにWi-Fiが無料である。正直つながりにくいが、それでも簡単な検索くらいはできるので、何かと役立った。電源も全席にUSBだけでなくコンセントも備わっている点を評価したい。

　また、LCCといっても直行便なので、所要時間はJALやANAなどのレガシーキャリアと変わらない。荷物は7kgを超えると有料となるが、男一人のカジュアルな旅でザック一つだから問題ない。
■欠点はないのか？　

　もちろん欠点もある。一つは座席の指定ができないことだ。機材はボーイング787-8で3-3-3の配列だが、中央席があてられてしまう可能性もある。

　だが、これも裏技がある。今回ホノルル発成田行きの復路は座席に余裕があった。3席空いている中央席には「座席の移動は有料で承ります」と書かれた紙が置かれており、客室乗務員に席を移りたい旨を告げると、2000円(クレジットカードのみ)で移動できた。
3席あれば、横になることもでき、7時間のフライトの快適さは約束されたようなものだ。

　最近の日本発の国際線は、どの路線も日本人が少なく肩身がせまいが、さすがのハワイ路線、日本人の家族連れや若者が目立つ。だが、日本人がハワイに最も多く訪れたのは1997年のこと。この年、約221万人の日本人がハワイを訪れた。これに対して2024年は約72万人。ピーク時の3割程度にすぎない。ハワイ離れは何も筆者だけではなかったようだ。
朝7時半にZIPAIRはホノルルのダニエル・イノウエ空港に到着した。この空港は大規模な空港としてはめずらしく、ターミナルの多くはオープンエアとなっており、空港に到着してすぐに、ハワイの風と陽光をじかに感じることができる。このターミナルを手がけた建築家はウラジオストクで生まれ、幼少時には日本にも住んでいたことのあるウラジミール・オシポフだ。

　ハワイといえば、入国審査が厳しめで、筆者もかつて別室送りになったこともあったが、今回はアメリカの税関・国境警備局が提供するアプリMPCで登録した人専用のレーンを利用し、10分もかからずに入国できた。質問も「どのホテルに泊まっているのか」と日本語で聞かれただけで拍子抜けするほどだ。
とはいえ朝8時。ワイキキのホテルのチェックイン時刻は15時。それまでの7時間をどこかでつぶさなければならない。そこで選んだのが、空港から近いパールハーバーに行くことだ。

■偶然にも鉄道の開業日だった

　偶然だが、この日、空港からパールハーバー近くのアロハスタジアムまで鉄道が開業した日。さっそくオアフ島のバスや鉄道を1日乗り放題7.5ドル(約1160円)のHOLOカードを購入し、2駅分乗車する。一応アラモアナセンターまで延伸する計画もあるようだが、具体的な日程は決まっておらず、旅行者としてはパールハーバーに行くくらいしか利用価値はなさそうだ。
駅から10分ほど歩いてパールハーバー国立記念公園に到着。ここは、真珠湾攻撃で沈没した戦艦アリゾナ、そして日本が連合国に対して公式に降伏した場ともなった戦艦ミズーリなど、軍事関係の見学の拠点となっている。

　空港にはあれだけあふれていた日本人はほとんどみかけず、アメリカ人、それもアングロサクソン系が目立つ。この敷地内には透明なバッグ以外持ち込めない。そこで、ザックを預けるが、これが7.33ドル(約1130円)。いきなり円安の洗礼を浴びる。
前回アリゾナに来たのは1990年代前半。このときはまだ日本人だということでここを訪れるのには少し緊張感もあったが、今回はそれを感じさせない。アリゾナや真珠湾攻撃に関する23分のフィルムも中立的かつ冷静に解説されていた。

　アリゾナを見終わっても午前10時半でまだホテルに行くには早い。そこで、戦艦ミズーリも見学することにした。戦艦ミズーリへは、パールハーバー国立記念公園の敷地内であるUSSボーフィン潜水艦博物館(あの対馬丸を沈めた潜水艦である)近くから無料の送迎バスに乗って向かう。
こちらは戦艦ミズーリ保存協会による運営で、入艦料はなんと39.99ドル。一瞬ひるんだが、戦艦の目の前のブースでJCBカード払いなら、15％引きの33.99ドル(約5230円)となった。

　金額だけみると高額だが、筆者1人に日系人女性による日本語でのガイドが30分ほどつき、立て板に水のごとく解説してくれた。その後も、艦内を自由に見学できる。ニューヨークでは空母イントレピッド、サンディエゴでは空母ミッドウェイが見学できるが、これだけ大きな戦艦の艦内を見学できるのは、世界広しといえどもここだけではないだろうか。
戦艦ミズーリは、1945年9月2日、この甲板上で日本が第2次世界大戦の降伏文書に調印したことで知られる。また、衝突直前の特攻機の写真でよく知られるこの艦では、その特攻機による損傷部分も確認できる。湾岸戦争で最初の巡航ミサイル「トマホーク」が発射されたのもこの艦からだったという。

■フードトラックで安ウマタコスを

　パールハーバーからワイキキへは、ダウンタウンを経由する。そこで、ハワイで毎年5カ月を過ごすという実業家・本田直之氏がおすすめするメキシカン・タコスのフードトラック「ティーダス・タコス」へ。
肉とジャックフルーツのタコスを2つで計9ドル(約1390円)。その場で焼き上げたタコスの生地に刻んだ玉ねぎや野菜の鮮度がうれしい。フードトラックなのでチップも不要だ。

　辛いタコスを食べたものの、フードトラックは酒のライセンスがなく、ビールは飲めない。そこでグーグルマップで見つけた近くのハナ・コア・ブリューイングへ飛び込んだ。カウンターではドジャース対ブリュワーズの試合を中継している。大谷は三振だったが、佐々木が試合を締めた、と思ったら15時からハッピーアワーが始まった。
ビール4種類を飲んで締めて10ドル(約1540円)。出来立てのクラフトビールが1種類385円と思えば日本の感覚でも安い。ホノルルはハッピーアワーを導入している店が多く、ワイキキでも夕方の開店から1時間以内に入店すれば、最初のビール1杯1ドルとか、21時以降の遅めのハッピーアワーなど、時間をずらすことで、食費を浮かせる方法はあるようだ。

　16時ごろ、シェラトン・ワイキキ・ビーチリゾートにチェックイン。ここは1600室を超える大箱。部屋の7割がオーシャンビューだが、筆者の予約は最安値のシティービュー。マリオット・ボンヴォイはプラチナ会員だが、ダメもとでダイアモンドヘッド・ビューの高層階のオープンラナイをリクエストしてみたら、希望通りの部屋をくれた。
ポイントは、ツインでもキングでもかまわないと妥協すること。これは世界中のどのホテルでも有効なワザである。ホテル側は仮にツインならよい条件の部屋があっても客がキングで予約をしていれば、その部屋をアサインすることはないからだ。

■初期にできたホテルほど立地条件がよい

　なお、リゾートにありがちなことだが、初期にできたホテルほど、立地条件のよいところに立っていることが多い。1971年に開業したこのホテルもワイキキでは古株の部類である。
ワイキキのオーシャンフロントの部屋はほかのホテルにもあるが、ダイヤモンドヘッド、そしてワイキキビーチそのものを眼下におさめるこのホテルの高層階からの眺めは、まちがいなくワイキキで最も優れたものだろう。日が暮れてもワイキキの夜景が楽しめるのもメリットだ。

　ホテル内のローソンによってみた。ここで、ハワイの物価の高さを改めて実感することになった。たとえばハムサンドイッチが8.29ドル(約1280円)。
フォーのインスタントヌードルが2.79ドル(約430円)といった具合である。ABCストアの弁当も6.99ドル(約1080円)。

　結局何を食べても高いわけだが、節約しようとして、スーパーなどでありものですまそうとすると、かなり悲しい気分になるし、値段もさほど安くないので、正直おすすめはできない。この日は部屋でビールを飲み、22時にはベッドに入り翌朝早くから行動することにした。

後編:『「宿5280円」「バス3ドルで空港へ」　24年ぶりのハワイ《50代男ひとり旅》に出かけた”結果”・・・』
橋賀 秀紀 :トラベルジャーナリスト",[],[]
「寝たきり」「要介護」「人工透析」を加速させる“危険な食べ方”→「シニアほど注意！」専門医が教える“腎臓”に一番悪い意外な落とし穴　（東洋経済オンライン）,https://news.yahoo.co.jp/articles/de83a4252cd53c7d9fea7e3120ab8cca5196cd0a,https://newsatcl-pctr.c.yimg.jp/t/amd-img/20251121-00918570-toyo-000-1-view.jpg?exp=10800,2025-11-21T05:00:39+09:00,2025-11-21T05:00:39+09:00,東洋経済オンライン,toyo,東洋経済オンライン,3996,"慢性腎臓病の人がいちばんやってはいけないのは「ちゃんと食べずに食を細らせてしまうこと」です（写真：takeuchi masato／PIXTA）
昔といまを比べると、腎臓病の常識は大きく変わりました。たとえば、以前は「腎臓が弱い人は運動なんかしないで安静にしているほうがいい」「腎臓病になったら非常に厳しい食事制限に耐えなくてはならない」「腎臓病はいったん悪くしたらよくならない」といったことが当たり前とされていました。
しかし、これらはすべてウソ。いまは腎臓病の人も適度な運動をするほうがいいとされていますし、食事もちょっとした工夫で普通の人と変わらないものが食べられるようになっています。もちろん「腎臓病はよくならない」というのも誤りで、「腎臓リハビリ」というメソッドを実行すれば、着実に進行を抑えたり病状を回復させたりできるようになっているのです。
【イラストで見る】臓器100年時代を生き抜くための腎臓ケア
この「腎臓リハビリ」のメソッドの提唱者として、従来の腎臓治療の“誤った常識”を大きく変えてきたのが上月正博・東北大学名誉教授。上月教授は、新著『腎臓大復活』の中で、腎機能を強化して人生をよみがえらせていくためのノウハウを惜しみなく紹介しています。

以下では、その上月教授が「腎臓寿命を延ばすための食事のひと工夫――基本姿勢編」について解説します。

■腎臓が悪くても「普通と変わらない食事」ができる

　私が提唱・普及させてきた「腎臓リハビリ」では、運動療法だけでなく、食事療法のサポートも行っています。
腎臓病の食事というと、すぐに「厳しい食事制限」を頭に浮かべる人も多いかもしれません。

　栄養摂取量を徹底的に管理して、食べたいものも我慢しつつ、患者本人はもちろん、その家族も1日3食の食事を支度するのにたいへんな苦労をしなくてはならない――そんなイメージを持っている人も少なくないかと思います。

　しかし、「腎臓リハビリ」の食事療法では、そんなつらい思いや苦しい思いをする必要はありません。なぜなら、食べ方を工夫することで、「一般の人と何ら変わらない食事ができる」ようなシステムが構築されているからです。
腎臓リハビリの食事療法がどんなものなのかを紹介する前に、「食事の基本姿勢」について述べておきましょう。

　まず、食事の大前提として必ず守っていただきたいのは「ちゃんと食べる」ということです。

　かつての腎臓病の食事療法では厳しい食事制限がつきものだったため、「あれも食べられない」「これも控えなくちゃいけない」と気にしすぎて全体の食事量を減らしてしまう人が少なくありませんでした。でも、これがもっとも危険な落とし穴。慢性腎臓病の人がいちばんやってはいけないのは「ちゃんと食べずに食を細らせてしまうこと」なのです。
食事をちゃんと摂らずに栄養が足りなくなると、体は自らの筋肉を分解してたんぱく質不足を補おうとします。すると、筋肉がてきめんに減ってしまうのです。とくに、70代を超えた高齢者がこの落とし穴にハマると、サルコペニア(筋肉減少症)やフレイル(虚弱)が進んでみるみるうちに身体機能が衰えてしまうことになります。

　しかも、この「筋肉→たんぱく質」の分解が進むと、結果的にたんぱく質を大量に摂取したのと同じことになり、それが腎機能の負担となって、いっそう慢性腎臓病を悪化させてしまうようになります。決して脅かすわけではありませんが、腎臓が低下した高齢者が食事を抜いたり食事を減らしたりしていたら、「寝たきり」「要介護」「人工透析」といった人生の怖ろしい終末が自分の身に一気に近づいてくると思っておくほうがいいでしょう。
■「現代型栄養失調」の高齢者が増えている

　なお、高齢者の中には「自分は3食ちゃんと食べている」と言ってはいても、じつは1回の食事量がかなり少量で、栄養が十分に足りていない人が少なくありません。実際、そのせいで定期健診などで血液検査をした際、「現代型栄養失調」と診断される人も増えてきています。

　だから、「最近、食が細くなった」「食べるのがめんどうになってきた」「体重がだいぶ減ってしまった」といった兆候は「かなりヤバイ危険信号」だと思ってください。ほんの少しでも心当たりがあるなら、朝昼晩の食事を見直して、体重を減らさないよう少し多めの量を食べるよう習慣づけていくといいでしょう。
とにかく、慢性腎臓病の食事療法は、「食べずに治す」のではなく、「食べて治す」ことを基本に据えるべき。みなさんもその大前提を見失わないように気をつけながら日々の食生活を送るようにしてください。

　それと、食を細らせないためにも、腎臓病の食事制限のルールに過度に縛られないほうがいいと思います。

　ご存じの方も多いでしょうが、慢性腎臓病になると、医師や管理栄養士から食事指導が入り、「塩分摂取は1日6g未満にしてください」とか「たんぱく質は体重1キロにつき1日0.6〜0.8gを守ってください」とかといった細かいチェックが入ることになります。
ただ、こうした細かい制限基準を全部まじめに守ろうとしていると、往々にして食欲が落ちたり食事量が減ったりすることにつながりがちなのです。もちろん、決められたルールはなるべく守るべきなのでしょうが、私がこれまで多くの患者さんを診てきた経験で言うと、あまりに徹底して守ろうとすると、かえって食を細らせる弊害のほうが大きくなる気がします。

　それに、こういった食事制限の基準は、「食べ方」を工夫すれば、わりと簡単にクリアできてしまうものなのです。たとえば、塩分はみそ汁や漬物をやめるだけでかなりの量を減らすことができますし、たんぱく質は主食のごはんやパンを低たんぱく食品に替えるだけで大幅に減らすことができます。そして、こうした「食べ方の工夫」をしていけば、そんなに厳しく制限をせずとも、「普通」とほとんど変わらない食生活を送ることが可能になるんですね。
■「あれも、これも食べられる」というプラス思考

　そのため、私は、慢性腎臓病の食事制限に関しては、細かいルールをまじめに守って行うよりも、食べ方を工夫したうえで少々アバウトに行うくらいのほうがいいと指導しています。言葉は悪いかもしれませんが、「ちょっと手抜き」をしたほうが好結果につながることは多いもの。

　すなわち、食べ方のポイントやコツを大づかみにしておいて「だいたいこれくらいで大丈夫だろう」というくらいのラインを守っておおらかにやっていけばそれでいいのです。
また、食事制限を厳格に守ってやろうとすると「あれも食べられない」「これも食べられない」というマイナス思考で食卓に向かうことになりがちですが、食べ方を工夫しておおらかにやっていけば「あれも食べられる」「これも食べられる」というプラス思考で食生活を送れるようになるものです。

　いかがでしょう。みなさんも、こういったかたちで少し力を抜きながら気楽に取り組んでいくほうが、ストレスもたまらないし、何より毎日の食事をおいしく食べて楽しんでいくことができると思いませんか。
私は、腎機能を元気によみがえらせていくための食事のノウハウを「腎臓復活食」と呼んでいます。

　「腎臓リハビリ」では、このノウハウをできるだけスムーズに患者さんに身につけてもらえるように指導しているわけですが、「腎臓復活食」は正しい知識を得てコツや要領をつかんでいけばセルフケアでも十分に実践可能です。

　ちなみに、「腎臓復活食」でカギとなるのは、「塩分」「糖質」「リン」「たんぱく質」の摂り方です。塩分摂取を控えれば、高血圧を防ぐことにつながりますし、糖質摂取を控えめにすれば、糖尿病の発症や進行を防ぐことにつながります。また、食品添加物を減らしてリンの過剰摂取を控えることは、腎臓のネフロンを守ることにつながりますし、たんぱく質の摂取を適量にすることは、老廃物の発生を抑制して腎臓の負担を減らすことにつながっていきます。
そして、これら4つの成分の摂り方を工夫していけば、腎機能の悪化を食い止めて、自力で腎機能を守っていくことができるのです。ただ、ここで具体的なノウハウを説明するには紙幅があまりに短すぎるので、「塩分」「糖質」「リン」「たんぱく質」の4つの成分のくわしい摂り方や工夫のポイントに関しては、それぞれ機会を改めて紹介していくことにしましょう。

■「腎臓病食=つらくて苦しい」の時代は終わった

　とにかく、いま、腎臓の医療は大きな転換期を迎えています。運動面での常識が「安静推奨」から「運動推奨」へ180度変わったのと同じように、食事面の常識も大きな変革のときを迎えているのです。
なかでも、いちばん大きく変わってきているのは、「腎臓が悪い人向けの食事のイメージ」ではないでしょうか。

　私は、腎臓が悪い人向けの食事を本人やその家族がものすごく苦労してつくっていた時代はもう終わったと考えています。たとえ腎臓が悪くても、苦しい思いやつらい思いをすることなく、みんなと同じものをみんな同じようにおいしく食べられる――そういう方向へ急速に変わってきているのです。「腎臓リハビリ」の食事療法がその急速な変化を後押ししてきたわけですね。
ですから、みなさんも新しい常識を身につけて、「つらい」「苦しい」というイメージをリセットしてください。「腎臓復活食」を実践すれば、食事からのアプローチで腎機能を守っていくことができるのです。ぜひ、日々おいしく食べて、日々の食事を大いに楽しみながら、腎臓寿命を延ばしていくようにしましょう。
上月 正博 :東北大学名誉教授、山形県立保健医療大学理事長・学長",[],[]
「2階建て鉄道車両」なぜヨーロッパには多いのか　通勤列車が多数派、日本の「特別感」と違う導入理由（東洋経済オンライン）,https://news.yahoo.co.jp/articles/ee2044185828130274d908522f05e6cfc51642da,https://newsatcl-pctr.c.yimg.jp/t/amd-img/20251121-00919219-toyo-000-1-view.jpg?exp=10800,2025-11-21T04:30:39+09:00,2025-11-21T04:30:39+09:00,東洋経済オンライン,toyo,東洋経済オンライン,4142,"ドイツの2階建て列車。主に近郊用として幅広く導入されている（撮影：橋爪智之）
どこか特別な響きがある「2階建て車両」。近鉄の「ビスタカー」や首都圏のJR普通列車に連結されているグリーン車、かつての東海道・山陽新幹線100系など、それぞれに思い浮かべる車両は異なるだろうが、日本では特急列車やグリーン車などの優等列車、優等座席車両に用いられることが多い。
【写真はこちらから】▶ヨーロッパでは特急や特別車両より通勤列車に多い「2階建て車両」▶パリの近郊路線を支える「2階建て3ドア」の電車や東欧の社会主義時代に造られた客車▶イタリア全土で活躍する日立製の車両など各国を走る2階建て車両の数々
通勤型のように純粋な実用性を求めた車両は、JR東日本のライナー用に製造された215系や、1両だけ試作された常磐線用の415系(クハ415-1901)など、数えるほどしかない。2階建て車両は、2階部分が高い位置にあり通常の車両と比較して眺めが良いことから、日本では特別車両として採用される例が大半だ。
■ヨーロッパでは2階建て=通勤車両

　一方、2階建て車両は床面積が増えるため、座席数を多くできるという利点があることから、ヨーロッパでは通勤型車両に採用される例がほとんどで、特別車両としての採用例の方がはるかに少ない。

【写真】ヨーロッパでは特急や特別車両より通勤列車に多い「2階建て車両」。パリの近郊路線を支える「2階建て3ドア」の電車や東欧の社会主義時代に造られた客車、イタリア全土で活躍する日立製の車両など、各国を走る2階建て車両の数々
ヨーロッパでは通勤時も立錐の余地もないほどの混雑となることはあまりなく、郊外のベッドタウンと都心部を結ぶ近郊列車の大半は、極力座席数を増やした設計となっている。日本の通勤電車のような3〜4ドアの車両は大都市中心部の地下鉄くらいで、パリやロンドンといった世界有数の大都市であっても、車両のドアの数は2つだけ、という近郊路線もある。

　その究極形態として誕生したのが、床面積を広げて座席数を大幅に増やした2階建て車両というわけだ。
では、実際に2階建て車両はヨーロッパの中でもどういった地域で運用され、どんな車両があるのだろうか。主要な国を見ると、たいていは何らかの形で2階建て車両を導入している。

　積極的に2階建て車両を導入してきたのがフランスだ。高速列車TGV-Duplex(デュプレックス)が有名であるが、もともと1930年代からパリ周辺を中心に2階建て近郊型車両が導入されるなど歴史は長い。郊外からパリ中心部へ通勤する人たちが着席できるよう、少しでも座席数を増やそうという発想から生まれた2階建て車両は、パリ周辺の近郊輸送では欠かせない存在となっている。
■「2階建て3ドア車」も走るパリ

　中でも興味深いのは、郊外からパリ市内中心部へ直通する急行地下鉄RER-A線で使用されるMI09型車両で、なんと2階建て車両ながら3ドアを有する。

RER-A線は、パリ市内でもとくに混雑する繁華街を抜けていく路線だ。そのため、2階建て車両とはいえドアの数を増やして少しでも乗降時間のロスを減らそうという設計なのだろうが、2階へ通じる階段は両端2カ所の出入り口のみで中ドアにはなく、2階部分は通り抜けできない個室のような行き止まりのスペースというユニークな構造となっている。混雑はするが、どうにか座席数は増やしたい、という執念を感じる。
【写真】横から見るとよくわかる「2階建て3ドア車」のMI09型

　ヨーロッパの高速列車で唯一の2階建て車両であるTGV-Duplexも、増加する利用者数に対し、これ以上の列車本数増加や併結運転だけでは対処が難しいという理由から開発された。日本の優等列車の「プレミアム感」や「眺望性」といった理由とは一線を画し、近郊列車と同様、完全に輸送力が目的である。後継車のTGV-Mも2階建てで、デビューへ向けて試運転が進められている。
【写真】ちょっと圧迫感が……2階建てで天井の低いTGV-Duplexの車内
　フランスでは、収容力以外にバリアフリー対策として2階建て車両を導入している側面もある。フランスの多くの駅のホームは非常に低く、通常の車両では車いすで乗車する場合はリフトが必要となる。そこで、床の低い1階部分に出入り口を設けた車両を導入することで、バリアフリー対策も兼ねるという方法を思いついた。TGVに2階建て車両を導入する、もう一つの理由がここにある。
■ドイツは「東」がいち早く導入

　ドイツも2階建て車両を積極的に導入している国だ。まだ東西が分かれていた時代に、旧東ドイツで多くの2階建て車両が製造された。中・長距離の普通列車や都市近郊列車の「Sバーン」などで使われ、東西ドイツ統一後は旧西ドイツ地域へも導入された。近年は地方都市間を結ぶ優等列車のインターシティにも2階建て客車が導入されている。

【写真】東ドイツをはじめ、東欧では古くから2階建て車両が活躍していた。いかにも「社会主義時代」を思わせる重厚なデザインのチェコの2階建て客車
スイスは優等列車に2階建て車両を数多く運用している。1990年代にまず、チューリヒの近郊列車Sバーンに2階建て車両が採用され、その後インターシティ用のIC2000型客車やRABe502型電車が都市間特急用として導入された。

　ただし、スイスは山岳路線が多く、古くからの路線では車体の大きい2階建て車両はトンネルなどの構造物に接触してしまうため、これらの車両は運用制限がある。同国の主要幹線にあるゴッタルドベーストンネルでは2023年8月に貨物列車の脱線事故が発生し、長期間の運休を余儀なくされたが、迂回路となった旧ゴッタルド峠の路線が古い規格だったため2階建て車両による運行ができず、通常の車両をかき集めての運行となった。
■日立の2階建て車が活躍するイタリア

　イタリアは、2階建て車両は近郊列車という位置づけだ。1970年代にフランスで製造された2階建て客車VB2N型を借りて試験走行を行い、そのまま同型車両(DP型)をライセンス生産という形で導入した。後に2階建て客車の後継車である「ヴィヴァルト」を導入、近年は日立レール製の新型2階建て電車「カラヴァッジョ(ロック)」を導入している。

【写真】フランスの車両をライセンス生産したイタリアの2階建て客車
ベルギーやオランダも、2階建て車両を積極的に導入している。ベルギーはM5型客車以降、M6・M7型といずれも2階建て車両を投入している。オランダは、優等列車であるインターシティの主力車両、VIRM型やDDZ型といった2階建て車両を投入しているが、国土の小さいオランダのインターシティは他国における中・長距離普通列車に近いものがあり、考え方としては着席通勤を目指した近郊輸送に近い位置づけかもしれない。
【写真】ベルギーの2階建て客車M6型。ホームの高さに合わせてドアが2種類ある
　中欧の各国でも、都市圏の近郊用として昔から2階建て車両が導入されてきた。唯一導入していなかったハンガリーも、2020年からスイスのシュタドラー製2階建て電車「KISS」の営業運転を開始、晴れて2階建て車両のある国の仲間入りを果たした。

■イギリスにも約60年ぶりに復活？　

　欧州主要国で唯一の例外はイギリスで、ロンドンをはじめ路線バスの多くにダブルデッカー車両が使われ、またブラックプールのトラムにも2階建て車両が使われているのとは対照的だ。
イギリスは在来線の車両限界(ホームや建物などの構造物、隣の線路を走行する車両などに接触しないよう定められた車両の最大断面)が大陸各国と比較して小さいため、1949年に4両編成2本が試作され1971年まで使用されたサザン鉄道の「クラス4-DD」以外で実用化されることはなかった。

　高速新線は大陸側と同じ車両限界で建設されているため、英仏海峡トンネルを通る高速列車「ユーロスター」が2030年をメドに2階建て車両を導入することを発表しており、実現すれば約60年ぶりに2階建て車両がイギリスに復活することになる。
日本は人口密度の違いから、ヨーロッパではゆったりとした着席通勤が標準となるような、都心部から50〜100km圏の近郊列車でも積み残しが出るほどで、通勤列車の座席数を増やすことがそもそも難しい。

　2階建て車両は上下階を結ぶ階段が必要になり、少しでも多くの乗客を詰め込む通勤車両としては、こうした階段部分が無駄なスペースになってしまう点も導入を阻んでいる理由といえよう。また、途中駅での乗降が多いのはもちろん、とくに近年は湘南新宿ラインや上野東京ラインのように、都心部を突き抜けて反対側へ直通する路線が増えたため、途中駅での乗降のしやすさは鉄道会社にとって死活問題と言える。
【写真をもっと見る】フランスの2階建て3ドア車や東ドイツ時代の重厚な客車、日本ではあまり知られていないポーランドやチェコの車両など、ヨーロッパ各国で活躍する2階建て車両の数々

■日本とヨーロッパで異なる環境

　階段のスペースを設けるためにドアの数が少なく、しかも乗降性が悪い車両となれば、いくら座席数を増やしたとしても運行するのは難しい。かつて、オール2階建て車両として注目を集めたJR東日本の215系電車は、座席定員制の通勤ライナーとしては成功したと言えなくもないが、首都圏で一般の近郊用車両として使うには無理があり、すでに全車両が引退してしまった。
一方、ヨーロッパの場合は、一部を除いて近郊列車がそのまま都心部の各駅で客扱いをするのではなく、ターミナル駅で終点となる列車が多い。途中駅での乗降による所要時間の増大や遅延を考慮しなくていいことも、2階建て車両を導入しやすい点といえる。

　ヨーロッパでは、2階建て車両は都市近郊の通勤輸送を筆頭に「輸送力増強」の手段として、今後もさまざまな用途で活躍を続けていくだろう。
橋爪 智之 :欧州鉄道フォトライター",[],[]
