headline,mainEntityOfPage,image,datePublished,dateModified,author,media_en,media_jp,str_count,body,images,external_links
北海道吹奏楽コンクール高校C　札幌山の手と旭川志峯が東日本へ（朝日新聞デジタル）,https://news.yahoo.co.jp/articles/0230c79442d8012a9299dafcfc96043124b6fe7c,https://newsatcl-pctr.c.yimg.jp/t/amd-img/20240829-00000074-asahi-000-2-view.jpg?exp=10800,2024-08-29T22:00:00+09:00,2024-08-29T22:30:55+09:00,朝日新聞デジタル,asahi,朝日新聞デジタル,329,\n北海道吹奏楽コンクール高校Cで金賞に輝き、東日本代表に決まった札幌山の手=2024年8月29日、札幌市中央区\n第69回北海道吹奏楽コンクールが29日、札幌コンサートホールKitara（札幌市中央区）で開幕した。9月1日までの4日間で、道内11地区から選ばれた小学生から一般まで計145団体がハーモニーを響かせる。\n【写真18枚】代表になった札幌山の手と旭川志峯、全道初出場の小樽双葉の横顔\n編成が25人以内の「高校C」の各賞は次の通り（○は東日本学校吹奏楽大会に出場）。\n\n【高校C】金賞=北海道栄、○旭川志峯、北見藤、○札幌山の手▽銀賞=浦河、帯広緑陽、稚内、小樽双葉、北海学園札幌、留萌、深川西▽銅賞=士別翔雲、函館大妻、根室\n朝日新聞社,['https://newsatcl-pctr.c.yimg.jp/t/amd-img/20240829-00000074-asahi-000-2-view.jpg?exp=10800'],"['https://news.yahoo.co.jp/articles/0230c79442d8012a9299dafcfc96043124b6fe7c/images/000', 'https://www.asahi.com/articles/photo/AS20240829003849.html?oai=ASS8Y3VCJS8YIIPE00FM&ref=yahoo']"
山梨県知事が「疑念を抱かせた」と改めて陳謝　政治資金問題不起訴で（朝日新聞デジタル）,https://news.yahoo.co.jp/articles/f23716d606841d74747d26442a408a8811707c7a,https://newsatcl-pctr.c.yimg.jp/t/amd-img/20240829-00000075-asahi-000-4-view.jpg?exp=10800,2024-08-29T23:20:35+09:00,2024-08-29T23:36:51+09:00,朝日新聞デジタル,asahi,朝日新聞デジタル,989,\n記者会見する長崎幸太郎・山梨県知事=2024年8月29日午後8時4分、甲府市、三宅範和撮影\n長崎幸太郎・山梨県知事と長崎氏が代表を務める資金管理団体の元会計責任者が政治資金規正法違反の疑いで刑事告発されていた問題で、東京地検特捜部は29日、2人を不起訴処分（嫌疑不十分）とした。長崎氏は同日夜、甲府市内で記者会見を開き、「多くの方に疑念を抱かせてしまったのは不徳のいたす限り」などと述べた。\n【写真】最近まで判決文のコピーを挟んでいたという手帳を手にインタビューに応じる辻元清美氏=東京都千代田区\nこの問題は、2019年8月に長崎氏の資金管理団体が自民党二階派（志帥会）からパーティー券売り上げのノルマ超過分として現金1182万円を受領しながら、政治資金収支報告書に記載していなかったというもの。長崎氏が1月に記者会見を開いて明らかにした。\n\n これに対して県民4人が、政治資金規正法違反の疑いがあるとして甲府地検に告発状を出し、その後、東京地検特捜部が捜査していた。\n\n 長崎氏は29日の会見で「捜査中でこれまで明らかにできなかった」とした上で、自身が二階派の事務所で現金1182万円の入った紙袋を受け取ったと初めて明かした。\n\n 受け取った現金は紙袋から取り出して、「預かり金」として事務所の金庫でほかの現金と一緒に保管していたという。金庫内の現金の残高は1182万円を下回ったことはないとし、「（ほかの現金とは）分別管理されていた」と主張した。\n\n また、長崎氏は「志帥会にしっかり照会するべきなのに怠っていた」と改めて陳謝した。ただ、趣旨があいまいな現金を受け取った点については「（受け取った後の）事務手続きに問題があった」とし、自身の責任について言及を避けた。\n\n 長崎氏は1月の会見で政治資金収支報告書を訂正したと説明した上で「過去の処理と管理態様が極めてずさんだった」と謝罪していた。1182万円の現金については「『処理方針が未確定の預かり金』として金庫に保管し、収支報告書にどう反映させるか（志帥会からの）指示を待ったまま失念した」と話していた。\n\n 告発状を提出していた税理士の山本大志さんは今回の不起訴処分について、取材に対し「納得がいかない。検察審査会に審査を申し立てたい」としている。（米沢信義、三宅範和）\n朝日新聞社,['https://newsatcl-pctr.c.yimg.jp/t/amd-img/20240829-00000075-asahi-000-4-view.jpg?exp=10800'],"['https://news.yahoo.co.jp/articles/f23716d606841d74747d26442a408a8811707c7a/images/000', 'https://www.asahi.com/articles/photo/AS20240817001389.html?oai=ASS8Y4Q4XS8YUZOB007M&ref=yahoo']"
北海道吹奏楽コンクール高校A　札幌日大と東海大札幌が全日本へ（朝日新聞デジタル）,https://news.yahoo.co.jp/articles/5a072c879337f7b203b7513c77f0ce8690921d1a,https://newsatcl-pctr.c.yimg.jp/t/amd-img/20240829-00000071-asahi-000-4-view.jpg?exp=10800,2024-08-29T21:45:00+09:00,2024-08-29T23:27:21+09:00,朝日新聞デジタル,asahi,朝日新聞デジタル,377,\n北海道吹奏楽コンクール高校Aで金賞に輝き、全日本吹奏楽コンクールの代表に決まった札幌日大=2024年8月29日、札幌市中央区\n第69回北海道吹奏楽コンクールが29日、札幌コンサートホールKitara（札幌市中央区）で開幕した。9月1日までの4日間で、道内11地区から選ばれた小学生から一般まで計145団体がハーモニーを響かせる。\n【写真】北海道吹奏楽コンクール高校Aで金賞に輝き、全日本吹奏楽コンクールの代表となった東海大札幌=2024年8月29日、札幌市中央区\n編成が55人以内の「高校A」の各賞は次の通り（◎は全日本吹奏楽コンクールに出場）。\n\n【高校A】金賞=札幌白石、◎札幌日大、◎東海大札幌、北見北斗、旭川明成、遠軽、市立函館▽銀賞=市立札幌新川、帯広三条、駒大苫小牧、岩見沢東、釧路北陽▽銅賞=札幌北、芽室、滝川西\n朝日新聞社,['https://newsatcl-pctr.c.yimg.jp/t/amd-img/20240829-00000071-asahi-000-4-view.jpg?exp=10800'],"['https://news.yahoo.co.jp/articles/5a072c879337f7b203b7513c77f0ce8690921d1a/images/000', 'https://www.asahi.com/articles/photo/AS20240829003957.html?oai=ASS8Y41Z0S8YIIPE01WM&ref=yahoo']"
台風で停電、長引くおそれ　鹿児島県内、通過後の夜もなお15万戸（朝日新聞デジタル）,https://news.yahoo.co.jp/articles/a7d6fac80546810fb4b5674e6dbe04dbaf23878a,https://newsatcl-pctr.c.yimg.jp/t/amd-img/20240829-00000072-asahi-000-1-view.jpg?exp=10800,2024-08-29T21:45:00+09:00,2024-08-29T21:45:00+09:00,朝日新聞デジタル,asahi,朝日新聞デジタル,636,\n停電した鹿児島市内のホテルでは、照明不足をロウソクの明かりで補っていた=2024年8月28日午後7時12分、鹿児島市与次郎2丁目、太田悠斗撮影\n台風10号の影響で鹿児島県内では広範囲で大規模な停電が発生した。九州電力によると、ピーク時の29日朝には35市町村で約22万5千戸に達し、午後7時現在も約15万戸が停電している。多くの地域で復旧時期は見通せておらず、長引くおそれもある。\n【写真】国道付近では樹木が電線に倒れかかっていた=鹿児島県大崎町\n奄美群島が中心だった停電は28日夕から県本土に広がり始め、台風が接近した29日未明に急増。鹿児島市では一時、総戸数の13.3%にあたる約4万6千戸が停電した。\n\n 29日午後7時時点で鹿児島市は約2万9千戸に減ったが、鹿屋市ではなお総戸数の21.5%（約1万4千戸）が、枕崎市では70.1%（約9千戸）が停電している。\n\n 九電の担当者によると、原因調査が追いつかず復旧計画作りが遅れているうえに、現場に行ってから倒木や電柱の破損など想定外の被害が見つかることもあるという。\n\n 鹿児島市与次郎2丁目のホテルでは28日夕から停電した。フロントや階段ではロウソクで明かりを確保。エアコンが動かないため、スタッフが袋に入れた氷を宿泊客に配った。上層階では水も使えず、トイレを流すために大浴場の湯をくんでバケツで運ぶ宿泊客もいた。このホテルでの停電は29日昼前に復旧した。（安田朋起、太田悠斗）\n朝日新聞社,['https://newsatcl-pctr.c.yimg.jp/t/amd-img/20240829-00000072-asahi-000-1-view.jpg?exp=10800'],"['https://news.yahoo.co.jp/articles/a7d6fac80546810fb4b5674e6dbe04dbaf23878a/images/000', 'https://www.asahi.com/articles/photo/AS20240829003863.html?oai=ASS8Y3HW7S8YTIPE01NM&ref=yahoo']"
台風10号の死者4人、行方不明1人、負傷75人　各地で暴風や大雨（朝日新聞デジタル）,https://news.yahoo.co.jp/articles/3b0dc2731c1f88b63a354a15bc183e51ffdb34b3,https://newsatcl-pctr.c.yimg.jp/t/amd-img/20240829-00000073-asahi-000-1-view.jpg?exp=10800,2024-08-29T21:48:37+09:00,2024-08-29T21:48:37+09:00,朝日新聞デジタル,asahi,朝日新聞デジタル,485,\n大分川と賀来川が合流するあたりの水位は上がっている=2024年8月29日午前11時56分、大分市、神崎卓征撮影\n台風10号は29日午前8時ごろ、鹿児島県薩摩川内市付近に上陸した。各地で暴風や大雨による被害が発生し、各地でけが人が出たほか、愛知県蒲郡市で5人が生き埋めとなった土砂崩れは、29日までに現場から全員が救助されたが、男女3人の死亡が確認された。\n【写真】大分県佐伯市長谷の上堅田小学校付近の交差点は道路が浸水した=29日午後2時45分ごろ、市の防災カメラ画像から\n朝日新聞のまとめでは、29日午後9時現在、九州と愛知、徳島の9県で少なくとも死者4人、行方不明1人、負傷75人が確認された。突風による被害が相次いだ宮崎県では、1棟の半壊を含む56棟の家屋被害が出た。\n\n 28日夜から29日朝にかけ、大分、宮崎、鹿児島の3県で、同じ場所に非常に激しい雨が降り続く線状降水帯が相次いで発生し、記録的な豪雨となった。降り始めからの雨量（27～29日夕）は、宮崎県美郷町で828.0ミリに達し、平年の8月1カ月分の約1.5倍の雨量となった。\n朝日新聞社,['https://newsatcl-pctr.c.yimg.jp/t/amd-img/20240829-00000073-asahi-000-1-view.jpg?exp=10800'],"['https://news.yahoo.co.jp/articles/3b0dc2731c1f88b63a354a15bc183e51ffdb34b3/images/000', 'https://www.asahi.com/articles/photo/AS20240829004158.html?oai=ASS8Y446ZS8YUTIL01SM&ref=yahoo']"
列車運転取りやめ、商業施設も休業　博多駅・福岡の繁華街は閑散（朝日新聞デジタル）,https://news.yahoo.co.jp/articles/f7baaab78e1b8be2a6c1f75285a53059a289f7bc,https://newsatcl-pctr.c.yimg.jp/t/amd-img/20240829-00000067-asahi-000-3-view.jpg?exp=10800,2024-08-29T20:37:13+09:00,2024-08-29T20:42:20+09:00,朝日新聞デジタル,asahi,朝日新聞デジタル,794,\n普段は多くの人が利用する西鉄福岡駅にはこの日、人の姿がほとんど見られなかった=2024年8月29日午後1時26分、福岡市中央区、大下美倫撮影\n台風10号の影響で、九州の鉄道は運転見合わせが相次いだ。商業施設が臨時休業となり、繁華街も閑散としていた。\n【写真】普段は多くの人が行き交う天神中心部の渡辺通りを歩く人はほとんどいなかった=2024年8月29日午後3時43分、福岡市中央区、大下美倫撮影\nJR博多駅では29日、昼過ぎには九州新幹線と主要な在来線がすべて運転取りやめとなり、在来線の改札口にはシャッターが下ろされた。「列車の運転は全て終了いたしました」と書かれた案内が壁に貼り出され、人通りはまばらになった。\n\n スイスから妻と観光で訪れていたフィリップ・グイさん（68）は、列車で長崎へ向かう予定だったが、博多駅で運休を知った。「乗るのを楽しみにしていたのでとても残念。天気には逆らえない」と肩を落とした。\n\n 博多駅の隣にある博多バスターミナルも、大半のバスが運休しており、閑散としていた。西日本鉄道（西鉄）のバスはあまり運休しない「最強バス」との評判があり、ネット上では運休に驚きの声が上がった。\n\n 中国・上海から観光で訪れていた女性（40）は、娘と太宰府天満宮へ向かう予定だったという。ターミナルの案内板で運休を知ったと言い、「観光がしたかったが、退屈」と残念がった。\n\n 普段は多くの観光客や買い物客でにぎわう福岡市の天神周辺では、商業施設が軒並み臨時休業に。割れた場合に飛散するのを防ぐためか、窓ガラスにテープを貼っている店もあった。\n\n 午前中に運転見合わせとなった西鉄福岡（天神）駅では、自動改札機が閉じたまま、構内はがらんとしていた。無人のホームに電車が並び、出発案内の電光掲示板も真っ暗だった。（山本達洋、大下美倫）\n朝日新聞社,['https://newsatcl-pctr.c.yimg.jp/t/amd-img/20240829-00000067-asahi-000-3-view.jpg?exp=10800'],"['https://news.yahoo.co.jp/articles/f7baaab78e1b8be2a6c1f75285a53059a289f7bc/images/000', 'https://www.asahi.com/articles/photo/AS20240829003436.html?oai=ASS8Y3GJHS8YTIPE02MM&ref=yahoo']"
「冷酷な態度、沈黙の刃」母親に懲役10年求刑　岡山女児虐待死（朝日新聞デジタル）,https://news.yahoo.co.jp/articles/7ee8efbbce179f0bdae236acab5514db0509229e,https://newsatcl-pctr.c.yimg.jp/t/amd-img/20240829-00000068-asahi-000-1-view.jpg?exp=10800,2024-08-29T20:57:58+09:00,2024-08-29T20:57:58+09:00,朝日新聞デジタル,asahi,朝日新聞デジタル,615,\n死亡した西田真愛ちゃん=フェイスブックから\n岡山市で西田真愛（まお）ちゃん（死亡当時6歳）が虐待を受けて死亡した事件で、逮捕監禁致死と強要の罪に問われた母親の西田彩被告（36）の裁判員裁判が29日、岡山地裁で結審した。検察側は「密室の中で被害者を唯一助け出せる存在だったのに、放置した冷酷な態度は沈黙の刃ともいうべきで、刑事責任は極めて重大だ」として、懲役10年を求刑した。弁護側は、元交際相手の犯行を容易にさせた幇助（ほうじょ）にとどまると主張し、執行猶予付きの判決を求めた。判決は9月11日。\n【写真】「交際相手から逃げられない状態」母親の心理分析も証言された\nこの事件では、西田被告の元交際相手で、両罪などに問われた船橋誠二受刑者（41）の懲役14年の判決が確定している。西田被告の公判では、2人の間に共謀が成立するかが争われた。\n\n 検察側は論告で、西田被告は真愛ちゃんに言うことを聞かせるために、船橋受刑者の虐待行為を制止しなかったと主張。真愛ちゃんは2021年9月、16日間で計約33時間も起立や嘔吐（おうと）を強要され続け、死亡の原因となる布団を巻き付ける行為も抵抗を無視した残酷な犯行だったと指摘した。\n\n 弁護側は、西田被告に持病や発達障害の疑いもあったうえ、監視用のカメラを自宅に置かれるなどし、船橋受刑者から「心理的に支配され、制止は不可能だった」などと主張した。（北村浩貴）\n朝日新聞社,['https://newsatcl-pctr.c.yimg.jp/t/amd-img/20240829-00000068-asahi-000-1-view.jpg?exp=10800'],"['https://news.yahoo.co.jp/articles/7ee8efbbce179f0bdae236acab5514db0509229e/images/000', 'https://www.asahi.com/articles/photo/AS20240827003629.html?oai=ASS8Y3GBCS8YPITB00VM&ref=yahoo']"
台風10号　熊本県内4人けが、一時9800人が避難　停電も（朝日新聞デジタル）,https://news.yahoo.co.jp/articles/3e49b09eaaf75605a67f3f9e6c75ba3ea41b82f2,https://newsatcl-pctr.c.yimg.jp/t/amd-img/20240829-00000069-asahi-000-1-view.jpg?exp=10800,2024-08-29T21:00:00+09:00,2024-08-29T21:00:00+09:00,朝日新聞デジタル,asahi,朝日新聞デジタル,926,\n台風10号による大雨で一時、氾濫（はんらん）危険水位に達した水俣川の新水俣橋地点。奥は水俣市役所=2024年8月29日午前10時47分、熊本県水俣市、今村建二撮影\n強い台風10号が接近した29日、県内では全45市町村が避難所を設置して災害に備えた。広い範囲で停電が起きたほか、けが人の報告も相次いだ。複数の河川で氾濫（はんらん）危険水位を超えた。30日にかけても、大雨や暴風への警戒が続く。\n【写真】熊本と大分を結ぶ国道57号の滝室坂が通行止めとなり、引き返す乗用車=2024年8月29日午後0時35分、熊本県阿蘇市一の宮町坂梨、城戸康秀撮影\n熊本地方気象台は、30日午後にかけて県内に線状降水帯が発生し、大雨災害の危険度が高まる恐れがあると分析。台風の接近と満潮の時間帯が重なるとして、八代市などの沿岸部に高潮への警戒を呼びかけている。\n\n 県危機管理防災課によると、29日正午までに県内38市町村が避難指示、7市町が高齢者等避難情報を発出。計6218世帯の9889人が避難した。氷川町と合志市、八代市、熊本市で、避難の途中などにそれぞれ1人、計4人がけがをした。\n\n 停電は天草市や上天草市を中心に広がり、午後4時現在、計約1万3千戸が停電。強風や大雨の影響で、阿蘇市や天草市などでは国道が通行止めになった。\n\n 木村敬知事は前日に続く災害警戒本部会議で「台風が完全に通過するまでは、不要不急の外出は控えてほしい」と、最大限の警戒を続けるよう呼びかけた。\n\n 自治体の呼びかけにより早い段階で住民の避難が進んだことで、定員に達した避難所もあった。\n\n 八代市の千丁コミュニティセンターには29日朝、「定員に達しました」というお知らせが貼られた。スペースがなくなったため、近隣の中学校など他の避難所に誘導していた。\n\n 近くに1人で暮らす堂脇美恵子さん（78）はテレビの台風情報などを見て、食料などを持って28日午後に避難してきた。当時雨風はまだひどくなかったが前もって行動したという。「ここに来たら安心。進度が遅いので2晩過ごすことになりそう」とテレビのニュース画面を見やった。（渡辺淳基、杉浦奈実）\n朝日新聞社,['https://newsatcl-pctr.c.yimg.jp/t/amd-img/20240829-00000069-asahi-000-1-view.jpg?exp=10800'],"['https://news.yahoo.co.jp/articles/3e49b09eaaf75605a67f3f9e6c75ba3ea41b82f2/images/000', 'https://www.asahi.com/articles/photo/AS20240829003424.html?oai=ASS8Y3G8XS8YTLVB00GM&ref=yahoo']"
国立劇場の再整備計画改定へ　ホテル併設は必須とせず　文化庁方針（朝日新聞デジタル）,https://news.yahoo.co.jp/articles/3291813874aa3e8abcc78cb207dc31e10f9df36d,https://newsatcl-pctr.c.yimg.jp/t/amd-img/20240829-00000070-asahi-000-2-view.jpg?exp=10800,2024-08-29T21:01:47+09:00,2024-08-29T21:03:12+09:00,朝日新聞デジタル,asahi,朝日新聞デジタル,542,\n昨年閉場した国立劇場=東京都千代田区\n伝統芸能の拠点で老朽化のため昨年閉場した国立劇場（東京都千代田区）について文化庁は29日、再整備計画改定の方向性を示した。民間の力を活用するPFI方式による建て替え方針は維持する一方で、ホテルの併設などは必須とせず、事業者の自由度を高める。\n\n 国立劇場の再整備をめぐっては、文部科学副大臣のもとに設置した国のプロジェクトチーム（PT）が2020年に再整備計画を策定。これまで2度入札を行うも、全国的な建築資材の高騰や人材不足などが影響して落札に至っていない。再整備のめどが立たないまま昨年10月に閉場した。\n\n 今年になって自民党のPTなどが国費の支出を増やすべきだとする提言をまとめ、政府も「骨太の方針」に「再整備を国が責任を持って早急に行う」と明記した。\n\n 文化庁によると、今月21日に国のPTが会合を開催。再整備計画のなかでは収益施設としてホテル併設を必須事項としていたが、変更することなどを決定した。施設については業者の裁量に任せるという。できるだけ早期の入札手続きにより、一日も早い再開場を目指すとした。\n\n 来年度予算の概算要求については、金額を示さず予算を求める事項要求となった。（田島知樹）\n朝日新聞社,['https://newsatcl-pctr.c.yimg.jp/t/amd-img/20240829-00000070-asahi-000-2-view.jpg?exp=10800'],['https://news.yahoo.co.jp/articles/3291813874aa3e8abcc78cb207dc31e10f9df36d/images/000']
京都や滋賀の寺社　拝観停止やイベント中止相次ぐ　台風10号に備え（朝日新聞デジタル）,https://news.yahoo.co.jp/articles/dda6cbd78cc95a5a069f7b5c409f206e451bc224,https://newsatcl-pctr.c.yimg.jp/t/amd-img/20240829-00000066-asahi-000-1-view.jpg?exp=10800,2024-08-29T20:30:00+09:00,2024-08-29T20:30:00+09:00,朝日新聞デジタル,asahi,朝日新聞デジタル,1124,\n飛雲閣では台風に備えて雨戸を閉めた=2024年8月28日午後3時34分、京都市下京区、西崎啓太朗撮影\n京都や滋賀の寺社も台風への備えに追われ、拝観停止やイベントの中止を決めたところもある。ただ、台風の予想進路に幅があり、対策を決めかねている寺社も少なくない。\n【写真】飛雲閣では台風に備えて雨戸を閉めた=2024年8月28日午後3時36分、京都市下京区、西崎啓太朗撮影\n三千院（京都市左京区）は31日と9月1日に拝観停止すると29日に発表した。世界遺産・天龍寺（右京区）は京都市に暴風警報が発令された場合、参拝を休止することを決めた。石山寺（大津市）は午前6時に滋賀県南部に、仁和寺（右京区）は午前6時半に京都市に暴風警報や大雨・波浪・高潮などの特別警報が出た場合、その日は拝観停止する。\n\n 松尾大社（西京区）は、五穀豊穣（ほうじょう）などを願う９月１日の八朔（はっさく）祭で、女神輿（みこし）や相撲などの行事を中止する。担当者は「残念ですが、台風なのでやむを得ない気持ちです」と話す。\n\n 東本願寺（下京区）は30、31日に開催予定の「おひがしさん門前フェスタ2024」を、北野天満宮（上京区）は境内の茶室で1日に予定していた茶会「月釜」を中止する。京都府宇治市の夏の風物詩「宇治川の鵜飼（うかい）」は26日から中止している。\n\n 備えも進む。銀閣寺（左京区）は国宝の観音殿や東求堂で、西本願寺（下京区）は国宝の飛雲閣で、それぞれ雨戸を閉めた。平等院（京都府宇治市）では国宝の鳳凰堂の扉が夜間の強風でばたつかないように、表側からも留め金具を付ける予定という。\n\n 2018年の台風21号で拝殿が倒壊した平野神社（京都市北区）は、台風情報が出はじめた約1週間前から対策を取ってきた。修復された拝殿では、檜皮（ひわだ）ぶきの屋根が飛ばされないように計4カ所で梁（はり）と地面をワイヤで固定した。境内の看板やちょうちんも撤去した。担当者は「18年のような大きな被害が起こるかもしれないと考え、できる限りの対策をしている」と話した。\n\n 台風の進路によって対策を正式に決める寺社もある。伏見稲荷大社（伏見区）は30日以降、朱の鳥居が連なる「千本鳥居」や稲荷山の山頂に続く参道への立ち入り規制などをする可能性があると公式ウェブサイトで周知している。\n\n 宮内庁京都事務所（上京区）は台風の接近状況をみて、京都御所（同）や桂離宮（西京区）、修学院離宮（左京区）の参観休止を、元離宮二条城事務所（中京区）は二条城の閉城を判断する。比叡山延暦寺（大津市）や三井寺（同）も台風の進路によっては拝観を停止するという。\n朝日新聞社,['https://newsatcl-pctr.c.yimg.jp/t/amd-img/20240829-00000066-asahi-000-1-view.jpg?exp=10800'],"['https://news.yahoo.co.jp/articles/dda6cbd78cc95a5a069f7b5c409f206e451bc224/images/000', 'https://www.asahi.com/articles/photo/AS20240829003243.html?oai=ASS8Y368RS8YPLZB005M&ref=yahoo']"
台湾第三勢力、柯文哲主席が休職宣言　相次ぐカネ問題、躍進党の危機（朝日新聞デジタル）,https://news.yahoo.co.jp/articles/fea2b2e98610c8e59e8008bd8d2401b409d7bef0,https://newsatcl-pctr.c.yimg.jp/t/amd-img/20240829-00000065-asahi-000-1-view.jpg?exp=10800,2024-08-29T20:07:30+09:00,2024-08-29T20:07:30+09:00,朝日新聞デジタル,asahi,朝日新聞デジタル,584,\n政治献金の問題を受けて会見する民衆党の柯文哲主席=2024年8月29日、台北、王思婷撮影\n今年1月の選挙で第三勢力に浮上した台湾民衆党の柯文哲（コーウェンチョー）主席（党首）に政治資金をめぐる問題が浮上し、柯氏は29日、党主席を3カ月間「休職」すると宣言した。2大政党に対する批判の受け皿として躍進した同党トップが、一転して危機に直面している。\n【画像】総統選投票締め切り後に開かれた民衆党の集会に参加する支持者ら=2024年1月13日、新北市、岩田恵実撮影\n問題となっているのは、柯氏が立候補した今年1月の総統選に関する政治献金の会計報告だ。イベント費用などが報告通りに支払われていないとされる指摘があり、柯陣営は調査を開始。29日に会見を開き、1900万台湾ドル（約8600万円）を超える虚偽記載があったと説明し、柯氏が謝罪した。\n\n 一方、柯氏はこれまで、虚偽記載は会計士による行為で、資金について「誰のポケットにも入っていない」と釈明してきた。だが、台湾メディアによると、検察当局は陣営幹部に事情を聴くなど捜査に乗り出した。\n\n このほか柯氏には、台北市長を務めていた2020年、商業ビルの建て替えをめぐり容積率を不正に引き上げる許可をした疑いも取りざたされている。検察当局は当時の副市長らを取り調べ、出境禁止などを命じている。\n朝日新聞社,['https://newsatcl-pctr.c.yimg.jp/t/amd-img/20240829-00000065-asahi-000-1-view.jpg?exp=10800'],"['https://news.yahoo.co.jp/articles/fea2b2e98610c8e59e8008bd8d2401b409d7bef0/images/000', 'https://www.asahi.com/articles/photo/AS20240130001340.html?oai=ASS8Y3D76S8YUHBI016M&ref=yahoo']"
香港、ネットメディア元編集長らに有罪判決　「扇動的刊行物を発行」（朝日新聞デジタル）,https://news.yahoo.co.jp/articles/61dbca774016002c0e0e0669bcc4ed166c425a14,https://newsatcl-pctr.c.yimg.jp/t/amd-img/20240829-00000064-asahi-000-1-view.jpg?exp=10800,2024-08-29T20:03:36+09:00,2024-08-29T20:03:36+09:00,朝日新聞デジタル,asahi,朝日新聞デジタル,642,\n民主派のネットメディア「立場新聞」の編集室を捜索し、パソコンや資料などを押収する香港警察=2021年12月29日、香港、奥寺淳撮影\n香港で民主派寄りのニュースを発信していたネットメディア「立場新聞（スタンド・ニュース）」で編集長だった鍾沛権氏と、編集長代行だった林紹桐氏が扇動的な言論を企てたとして刑事罪行条例違反の罪に問われた事件で、香港の裁判所は29日、2人に有罪判決を言い渡した。量刑は9月に言い渡される。\n【画像】狭い店内にびっしりと書籍が並ぶ独立書店の「狩人書店」。劉暁波氏の「私は無罪だ」と題した著書なども扱っていた=2024年6月13日、香港、高田正幸撮影\n判決は、民主派の立法会選挙の予備選挙に立候補した人物へのインタビューなど、2020年7月～21年12月に2人が携わった計11編の文章に中国や香港政府への憎悪をあおるような意図があったなどと認定した。\n\n 香港メディアによると、裁判所は同日、2人の保釈を許可。林氏は体調不良のため出廷しなかったという。\n\n 20年6月に反体制的な言動を取り締まる香港国家安全維持法（国安法）を施行して以降、香港政府は民主派寄りのメディアの摘発を強化。2人は21年12月に逮捕され、同社の資産も凍結された。立場新聞は運営停止に追い込まれていた。\n\n 香港ではこのほか、廃刊に追い込まれた香港紙「リンゴ日報」創業者の黎智英（ジミー・ライ）氏が国安法違反に問われた公判も続いている。（台北=高田正幸）\n朝日新聞社,['https://newsatcl-pctr.c.yimg.jp/t/amd-img/20240829-00000064-asahi-000-1-view.jpg?exp=10800'],"['https://news.yahoo.co.jp/articles/61dbca774016002c0e0e0669bcc4ed166c425a14/images/000', 'https://www.asahi.com/articles/photo/AS20240628003315.html?oai=ASS8Y3FH2S8YUHBI01DM&ref=yahoo']"
上川外相「支持と推薦の間にこんなに大きなギャップが」　自民総裁選（朝日新聞デジタル）,https://news.yahoo.co.jp/articles/fe4affc0220fc66ebf23ccdc86d4233d10cd16da,https://newsatcl-pctr.c.yimg.jp/t/amd-img/20240829-00000063-asahi-000-2-view.jpg?exp=10800,2024-08-29T20:00:00+09:00,2024-08-29T21:41:21+09:00,朝日新聞デジタル,asahi,朝日新聞デジタル,366,\n記者団の取材に応じる上川陽子外相=2024年8月28日午後2時10分、東京・霞が関の外務省、高橋杏璃撮影\n■上川陽子外相（発言録）\n\n いま推薦人20人を目標に、私自身が（国会議員）1人1人に実際にお会いして思いを伝えている。推薦人になっていただくというのは、その方の政治家としての強い姿勢を示すものであり、大変重い決断だ。支持と推薦との間にこんなに大きなギャップがあるということを、改めて実感をしている。\n【写真】閣議に臨む上川陽子外相=2024年8月27日午前10時1分、岩下毅撮影\n立候補の予定については、今まさに最後のラストスパートで、ゴールテープを切るところの直前までいっている。大変な時期ではあるが、しっかりと（ゴールテープを）完全に切ることができるよう活動していきたい。（国会内で記者団に）\n朝日新聞社,['https://newsatcl-pctr.c.yimg.jp/t/amd-img/20240829-00000063-asahi-000-2-view.jpg?exp=10800'],"['https://news.yahoo.co.jp/articles/fe4affc0220fc66ebf23ccdc86d4233d10cd16da/images/000', 'https://www.asahi.com/articles/photo/AS20240829003394.html?oai=ASS8Y3FZ7S8YUTFK01WM&ref=yahoo']"
高野山で拝観停止、勝浦で各地のマグロ漁船「避難」　台風10号警戒（朝日新聞デジタル）,https://news.yahoo.co.jp/articles/de5dde8f6e98d0a537e666b099f21b46d5c14b1e,https://newsatcl-pctr.c.yimg.jp/t/amd-img/20240829-00000062-asahi-000-1-view.jpg?exp=10800,2024-08-29T19:50:00+09:00,2024-08-29T19:50:00+09:00,朝日新聞デジタル,asahi,朝日新聞デジタル,1153,\n水揚げ後、台風を避けて勝浦港に停泊しているマグロはえ縄漁船=2024年8月29日、和歌山県那智勝浦町、菊地洋行撮影\n非常に強い台風10号の接近に伴い、和歌山県内各地では、催しの中止や早めの対策を取るなど警戒が強まっている。\n【写真】水揚げ後、台風を避けて勝浦港に停泊しているマグロはえ縄漁船=2024年8月29日、和歌山県那智勝浦町、菊地洋行撮影\n和歌山地方気象台は、29日午前9時現在の見通しとして、今後、県内に台風がかなり接近すると予想する。31日以降は暴風域を伴わない見込みだが、進路が定まらず速度も遅いため、長期の警戒を呼びかけている。\n\n 近畿最大のマグロ漁業基地とされる那智勝浦町の勝浦港では29日、沿岸部の漁船だけでなく沖縄、宮崎、高知など各地のマグロはえ縄漁船が台風被害を避けようと岸壁に停泊していた。\n\n JF和歌山漁連勝浦市場長の太田直久さんによると、この日は2隻の漁船からビンチョウマグロなど計35トンの水揚げがあったという。太田さんは「9月1日にも1隻が14トンの水揚げを予定しているが、台風が居座ると入港できないかもしれない」と心配する。\n\n 新宮市は、熊野川河口大橋で31日に予定していた開通記念イベントの工事現場見学会を中止する。予備日の9月1日を含め、雨や暴風などの影響を考慮したという。\n\n 白浜町は、町内4カ所の海水浴場を「全面遊泳注意」にすると発表。今後の進路次第では「禁止」になることもあるという。また、ひきがわ昼市・夜市実行委員会は、町テニスコートで予定していた「昼市・夜市」を中止にした。同時開催の花火大会は9月7日午後8時に延期する。\n\n 高野山真言宗総本山金剛峯寺（高野町）は、奥之院灯籠（とうろう）堂、金堂、根本大塔、金剛峯寺、徳川家霊台、女人堂、大師教会と高野山霊宝館で、31日の拝観を停止する。\n\n 奥之院の参道については、樹木が倒れたり枝が落ちてきたりするおそれがあるとして「一の橋」入り口を閉鎖。30日夕からは「中の橋」入り口も閉鎖する予定という。\n\n 県世界遺産センターは、9月1日に予定していた第1回世界遺産登録20周年記念セミナー「豊臣秀吉が辿（たど）った黒河道（くろこみち）」を中止すると発表した。\n\n 県高校野球連盟は、31日に紀三井寺公園野球場（和歌山市）で予定していた県下高校野球新人戦の準々決勝4試合を9月2日に順延することを決めた。試合開始予定時刻に変更はない。\n\n 橋本市は、市立小中学校全校で30日を休校にする。\n\n JR西日本は、30日以降、運転取りやめや長時間の運転見合わせが発生する可能性があると発表した。（大野博、勝部真一、菊地洋行、寺沢尚晃、松永和彦）\n朝日新聞社,['https://newsatcl-pctr.c.yimg.jp/t/amd-img/20240829-00000062-asahi-000-1-view.jpg?exp=10800'],"['https://news.yahoo.co.jp/articles/de5dde8f6e98d0a537e666b099f21b46d5c14b1e/images/000', 'https://www.asahi.com/articles/photo/AS20240829003172.html?oai=ASS8Y34G4S8YOXIE01MM&ref=yahoo']"
アシックス、グラブやバットなど野球用品から撤退　シューズは継続（朝日新聞デジタル）,https://news.yahoo.co.jp/articles/4fc3d4afef6802bd1cefa9c894cf5d77ae69d303,https://newsatcl-pctr.c.yimg.jp/t/amd-img/20240829-00000061-asahi-000-4-view.jpg?exp=10800,2024-08-29T19:42:31+09:00,2024-08-29T21:30:26+09:00,朝日新聞デジタル,asahi,朝日新聞デジタル,181,\n大谷翔平選手のレプリカモデルのグラブ＝アシックスジャパン提供\nアシックスは29日、シューズ類を除く野球用品の販売から撤退する方針を明らかにした。グラブやバット、ウェアなどの販売を2025年9月で終了する。米大リーグの大谷翔平選手、ダルビッシュ有選手など有名選手との契約の実績が多くあった一方、野球人口の減少などで収益の厳しい状態が続いていた。\n朝日新聞社,['https://newsatcl-pctr.c.yimg.jp/t/amd-img/20240829-00000061-asahi-000-4-view.jpg?exp=10800'],['https://news.yahoo.co.jp/articles/4fc3d4afef6802bd1cefa9c894cf5d77ae69d303/images/000']
白バイ隊員の死亡事故、トラック運転手に有罪判決　予見可能性に争い（朝日新聞デジタル）,https://news.yahoo.co.jp/articles/dadd56c85b336005af566b7ae3650c045001ef24,https://newsatcl-pctr.c.yimg.jp/t/amd-img/20240829-00000059-asahi-000-1-view.jpg?exp=10800,2024-08-29T19:30:00+09:00,2024-08-29T19:30:00+09:00,朝日新聞デジタル,asahi,朝日新聞デジタル,550,\n北海道\n大型トラックで白バイと衝突し、北海道警交通機動隊員の男性を死亡させたとして、自動車運転死傷処罰法違反（過失運転致死）の罪に問われた砂川市の無職谷口訓被告（56）の判決が29日、札幌地裁であり、吉戒純一裁判長は禁錮1年執行猶予3年（求刑禁錮1年2カ月）を言い渡した。\n\n 判決によると、谷口被告は2021年9月13日午前8時50分ごろ、苫小牧市内の丁字路交差点を右折し、対向車線を直進してきた白バイに気づかず衝突。及川翔平さん（当時32）を死亡させた。\n\n 弁護側は、最高速度が時速60キロの道路を白バイが約118キロで走行していたとして、「白バイの存在を予見することは不可能だった」と無罪を主張していた。\n\n 地裁は、白バイが予測できる範囲の時速80～85キロだった場合でも事故が起きた可能性は高いと指摘。谷口被告が右折開始時に対向車の有無などを確認していれば、事故を予見し回避できたと判断し、「白バイが相当の高速度で進行していたことが重大な結果につながった側面は否定できないが、谷口被告の刑事責任を軽視することはできない」とした。\n\n 谷口被告は、札幌地検に一度不起訴処分とされたが、検察審査会に申し立てがあり、昨年5月に在宅起訴されていた。（上保晃平）\n朝日新聞社,['https://newsatcl-pctr.c.yimg.jp/t/amd-img/20240829-00000059-asahi-000-1-view.jpg?exp=10800'],['https://news.yahoo.co.jp/articles/dadd56c85b336005af566b7ae3650c045001ef24/images/000']
NTT「アイオン」でネットワーク、日本―台湾で開通　海外展開は初（朝日新聞デジタル）,https://news.yahoo.co.jp/articles/2ed9fa7ee548d16c75fe5bc7202271a7c1644dc0,https://newsatcl-pctr.c.yimg.jp/t/amd-img/20240829-00000060-asahi-000-4-view.jpg?exp=10800,2024-08-29T19:38:26+09:00,2024-08-29T22:03:41+09:00,朝日新聞デジタル,asahi,朝日新聞デジタル,541,\n日本―台湾間での「IOWN（アイオン）」の技術を用いたネットワークの開通セレモニーが、台湾とモニターでつないで開かれた。NTTの島田明社長（右端）は日本の会場から参加した=2024年8月29日午後4時42分、東京都武蔵野市、黒田健朗撮影\nNTTは29日、同社が開発を進める次世代通信基盤「IOWN（アイオン）」の技術を用いたネットワークを日本―台湾間で開通させたと発表した。海外の国・地域との通信をアイオンの技術で結んだのは初めて。NTTはアイオンの海外展開の足がかりとしたい考えだ。\n\n 東京都武蔵野市にあるNTTの研究拠点と、同社と協力関係にある台湾の通信大手・中華電信が桃園市に置くデータセンター間の約3千キロを、すべて光信号でやりとりする通信「APN（オールフォトニクス・ネットワーク）」の技術で接続した。\n\n 電気信号に変換することなく光のまま情報を伝達するアイオンは、通信のタイムラグを従来の光通信に比べて大幅に抑えられる「低遅延」が売りだ。今回、日台間での試験の結果、1秒間に100ギガビットのデータが送れる回線速度で、遅延を片道17ミリ秒（ミリ秒は1千分の1秒）に抑えられたほか、映像や音声の乱れなどの不具合もほとんど生じなかったという。\n朝日新聞社,['https://newsatcl-pctr.c.yimg.jp/t/amd-img/20240829-00000060-asahi-000-4-view.jpg?exp=10800'],['https://news.yahoo.co.jp/articles/2ed9fa7ee548d16c75fe5bc7202271a7c1644dc0/images/000']
東海道新幹線、29日の運転とりやめ　途中で打ち切りや引き返しも（朝日新聞デジタル）,https://news.yahoo.co.jp/articles/c8a6a3967ea6806b40ea9993c8bb1ffee074a9f0,https://newsatcl-pctr.c.yimg.jp/t/amd-img/20240829-00000058-asahi-000-5-view.jpg?exp=10800,2024-08-29T19:24:45+09:00,2024-08-29T22:19:00+09:00,朝日新聞デジタル,asahi,朝日新聞デジタル,745,\n東海道新幹線の終日運転見合わせが決まった東京駅の様子=2024年8月29日午後6時50分ごろ、東京都千代田区、読者提供\nJR東海は29日午後6時40分すぎ、同日の東海道新幹線の運転を全線で取りやめると発表した。今後は、始発駅を出発する列車は全て運休し、現在運転している列車も途中駅で運転を打ち切るか、始発駅に折り返すなどの対応をするという。\n【写真】東海道新幹線を走るN700S=JR東海提供\n29日午後4時すぎには、静岡県焼津市内の雨量計が規制値を超えたため、静岡―掛川駅間の上下線で運転を見合わせており、不通区間は一時、上りで東京―新大阪駅間の全線に及んでいた。（本多由佳）\n\n■3時間停車の末、引き返し\n\n 静岡県での大雨の影響で東海道新幹線が29日夜から全線で運行を取りやめ、混乱が広がった。大阪府豊中市の自営業女性（40）は新横浜から「のぞみ」に乗って新大阪へ向かっていたが、午後4時すぎに静岡駅で3時間ほど停車。その後、東京方面へ折り返すとアナウンスが流れた。車内では疲れた様子で机に突っ伏している乗客もいたという。\n\n 名古屋市の会社員男性（64）が乗っていたのぞみの別の車両も、小田原駅で約2時間半の停車後、東京方面に折り返すことになった。「今日は動くと思ったが、まさかこんなことになるとは。初めての経験で、体も精神的にも疲れた」と話した。\n\n■「明日も仕事」深夜バスに乗り換え\n\n JR東京駅は切符の払い戻しを求める人や、他の交通手段を探す人たちで混雑した。仙台への出張から奈良市に帰宅する途中の会社員男性（45）は、東京駅の改札を入ってから運休を知った。「明日も仕事があるので、深夜バスのチケットを買ったが、バスも止まるかも」\n朝日新聞社,['https://newsatcl-pctr.c.yimg.jp/t/amd-img/20240829-00000058-asahi-000-5-view.jpg?exp=10800'],"['https://news.yahoo.co.jp/articles/c8a6a3967ea6806b40ea9993c8bb1ffee074a9f0/images/000', 'https://www.asahi.com/articles/photo/AS20240829003352.html?oai=ASS8Y3DG4S8YUTIL027M&ref=yahoo']"
ボランティアの保護司制度、報酬制「なじまない」、政府有識者検討会（朝日新聞デジタル）,https://news.yahoo.co.jp/articles/d3d5db30299cc8e197557d4032df3f93269e6b98,https://newsatcl-pctr.c.yimg.jp/t/amd-img/20240829-00000055-asahi-000-1-view.jpg?exp=10800,2024-08-29T19:06:22+09:00,2024-08-29T19:06:22+09:00,朝日新聞デジタル,asahi,朝日新聞デジタル,890,\n大津市で保護司の男性が殺害された事件後初めて開かれた6月の「持続可能な保護司制度の確立に向けた検討会」=2024年6月27日、東京都千代田区の法務省、久保田一道撮影\n高齢化や担い手不足に直面する保護司制度について議論する政府の有識者検討会が29日開かれ、焦点となっていた報酬制について「導入はなじまない」との見解でまとまった。ただ、今後の社会情勢の変化に合わせた「不断の見直し」が必要との意見も出ており、こうした考えもあわせて9月にも最終報告書をまとめる方針。\n【グラフ】保護司は減り、再犯者率は\n保護司は非常勤の公務員の立場だが、地域住民らが無給で担っている。待遇が負担に見合わないとの見方があることを踏まえ、昨年5月に始まった有識者検討会でも報酬制の導入が論点の一つになった。\n\n 保護司や学識者らで構成される検討会でも、新たな保護司の確保には報酬が必要だとする声があったが、委員の多くは「報酬に見合う成果の評価が難しい」「無報酬だからこそ（罪を犯した）対象者が心を許してくれる」などと導入に慎重な考えを示した。\n\n この日の会合で示された最終報告書の素案では、無償で続けられてきた活動は「利他の精神の象徴で、堅持していくべき価値」と位置づけられた。無報酬を維持する一方で、活動の拠点となる「更生保護サポートセンター」の運営費用など「実費」相当分の支給額を引き上げる方針も盛り込まれた。\n\n 素案ではほかに、企業が定年を延長する潮流を踏まえ、新たに保護司に委嘱する際の年齢を原則66歳以下としている要件を撤廃するとした。また、2年の任期について、より長く活動できるよう見直すと明記した。\n\n 5月に大津市の保護司が殺害された事件を受けた安全対策としては、保護司の不安に応じ、保護観察官が対象者を直接担当する▽1人の対象者を複数の保護司で担当する制度の積極活用▽更生保護サポートセンターなど自宅の外で面接できる場所の確保――なども盛り込み、大筋で了承された。最終報告書がまとまれば、法務省は保護司法の改正をめざすことになる。（久保田一道）\n朝日新聞社,['https://newsatcl-pctr.c.yimg.jp/t/amd-img/20240829-00000055-asahi-000-1-view.jpg?exp=10800'],"['https://news.yahoo.co.jp/articles/d3d5db30299cc8e197557d4032df3f93269e6b98/images/000', 'https://www.asahi.com/articles/photo/AS20240611002165.html?oai=ASS8Y32G0S8YUTIL01CM&ref=yahoo']"
イスラエル、西岸での攻撃を激化　「過去20年で最大規模」（朝日新聞デジタル）,https://news.yahoo.co.jp/articles/c3069b3e7415b29094efcef4ca680c32643df6c5,https://newsatcl-pctr.c.yimg.jp/t/amd-img/20240829-00000057-asahi-000-1-view.jpg?exp=10800,2024-08-29T19:20:00+09:00,2024-08-29T19:20:00+09:00,朝日新聞デジタル,asahi,朝日新聞デジタル,585,\nパレスチナ自治区ヨルダン川西岸の難民キャンプで2024年8月29日、イスラエル軍の攻撃で破壊されたモスクの外に立つ市民=AP\nイスラエル軍が、パレスチナ自治区ヨルダン川西岸での攻撃を激化させている。29日、西岸北部トルカレムで軍事作戦を実施し、5人が死亡。前日にはトルカレムやジェニンなど西岸北部4カ所で11人が死亡した。英BBCなどは「過去20年間で最大規模とみられる作戦」と報じた。\n【写真】パレスチナ自治区ヨルダン川西岸の難民キャンプで2024年8月29日、イスラエル軍の攻撃で殺害されたパレスチナ人の写真を撮影する市民=AP\nイスラエル軍は29日朝、トルカレムのモスクで、武装組織の戦闘員5人を殺害したと発表。1人は組織の指導者で、6月に西岸であったイスラエル人殺害事件に関わっていたとした。昨年10月にパレスチナ自治区ガザでイスラム組織ハマスとイスラエルの戦闘が始まってから、西岸でもイスラエル軍や入植者の暴力行為による死者が600人近くに上っている。\n\n イスラエルのカッツ外相は28日、自身のX（旧ツイッター）に、イランが西岸の難民キャンプに拠点の確立を目指しているとして、「テロ組織を解体する必要がある」と主張した。また、より激しい戦闘が起こる可能性があるとして「難民キャンプ内の住民の一時的な避難」の必要性にも言及している。\n朝日新聞社,['https://newsatcl-pctr.c.yimg.jp/t/amd-img/20240829-00000057-asahi-000-1-view.jpg?exp=10800'],"['https://news.yahoo.co.jp/articles/c3069b3e7415b29094efcef4ca680c32643df6c5/images/000', 'https://www.asahi.com/articles/photo/AS20240829003282.html?oai=ASS8Y36QNS8YUHBI015M&ref=yahoo']"
警視庁が40代男性誤認逮捕　傷害容疑「確認できず」　8時間後釈放（朝日新聞デジタル）,https://news.yahoo.co.jp/articles/82225b7774d455c04d571dbc492e14078635c038,https://newsatcl-pctr.c.yimg.jp/t/amd-img/20240829-00000056-asahi-000-3-view.jpg?exp=10800,2024-08-29T19:20:22+09:00,2024-08-29T21:04:51+09:00,朝日新聞デジタル,asahi,朝日新聞デジタル,503,\n警視庁本部\n警視庁は29日、傷害容疑で28日夜に逮捕した40代男性について、誤認逮捕だったため約8時間後に釈放したと発表した。逮捕後、傷害の実行行為が確認できなかったという。\n\n 組織犯罪対策総務課によると、東京都立川市内のバーラウンジで28日午後4時40分ごろ、「恐喝されそう。監禁されている」などと110番通報があった。立川署刑事組織犯罪対策課の30代男性警部補と30代男性巡査部長が現場にかけつけた。同午後7時ごろ、顔から血を流した被害者がバーラウンジが入るビルから出てきて、「3人に暴行された」と話したという。\n\n 警視庁は約1時間半後、30～40代の男3人を傷害容疑で緊急逮捕した。だが、3人のうち40代の男性については、店内の防犯カメラで姿が確認できなかったという。傷害の実行が認められないとして、翌午前4時40分ごろに釈放した。\n\n 共に逮捕された2人は勾留が続いており、このうち30代の男は指定暴力団住吉会系の組員だという。\n\n 組織犯罪対策総務課は「大変遺憾と考えており、再発防止に向けて捜査員に対する指導・教養を徹底していく」としている。（福冨旅史）\n朝日新聞社,['https://newsatcl-pctr.c.yimg.jp/t/amd-img/20240829-00000056-asahi-000-3-view.jpg?exp=10800'],['https://news.yahoo.co.jp/articles/82225b7774d455c04d571dbc492e14078635c038/images/000']
引っ越しのアート、YHCを完全子会社化　配送事業など強化狙う（朝日新聞デジタル）,https://news.yahoo.co.jp/articles/665ca4e7d955c4636e7c7bbb0ac15f2a0fdc7ba6,https://newsatcl-pctr.c.yimg.jp/t/amd-img/20240829-00000052-asahi-000-2-view.jpg?exp=10800,2024-08-29T19:00:00+09:00,2024-08-29T19:23:55+09:00,朝日新聞デジタル,asahi,朝日新聞デジタル,291,\nアート引越センターのロゴ\n引っ越し大手のアート引越センター（大阪市）は、宅配便大手ヤマトホールディングス（HD)が保有するヤマトホームコンビニエンス（YHC）の発行済みの株式の49%を新たに取得し、完全子会社化すると29日に発表した。\n\n 単身向けの引っ越しサービスや大型家財の配送などに強みを持つYHCのノウハウを取り込み、引っ越し、配送事業の利便性を上げるのが狙い。\n\n アートは2022年にヤマトHDからYHCの株式の51%を取得。今回の株式の譲渡は来年1月1日を予定し、同日付でYHCは社名を「アートセッティングデリバリー」に変える。（森下友貴）\n朝日新聞社,['https://newsatcl-pctr.c.yimg.jp/t/amd-img/20240829-00000052-asahi-000-2-view.jpg?exp=10800'],['https://news.yahoo.co.jp/articles/665ca4e7d955c4636e7c7bbb0ac15f2a0fdc7ba6/images/000']
処刑と革命の舞台で描かれたのはなにか　パラ開会式のメッセージ（朝日新聞デジタル）,https://news.yahoo.co.jp/articles/7794a7c8a9ed4216f42de675139d39dfec2cc296,https://newsatcl-pctr.c.yimg.jp/t/amd-img/20240829-00000053-asahi-000-1-view.jpg?exp=10800,2024-08-29T19:00:00+09:00,2024-08-29T19:00:00+09:00,朝日新聞デジタル,asahi,朝日新聞デジタル,551,\nパリ・パラリンピック開会式の舞台で踊るパフォーマーたち=2024年8月28日午後8時17分、コンコルド広場、伊藤進之介撮影\n28日夜に開幕した第17回夏季パラリンピック・パリ大会の開会式は、観光名所のエッフェル塔や凱旋門が見渡せるパリ中心部のコンコルド広場で開かれた。18世紀にルイ16世とマリー・アントワネットが処刑された、フランス革命の舞台だ。幕を開けた12日間におよぶ障害者スポーツの祭典で、開会式に込められていたメッセージとは――。\n【写真】パラ開催のフランス、エリート大統領はなぜ嫌われたのか\nその場所が開会式に選ばれたことには、誰ひとり取り残さないインクルーシブ（包摂的）な社会の実現に向けて、パラアスリートたちがスポーツで革命を起こすというメッセージが込められている。\n\n 芸術監督は、パリ五輪の開会式と同じトマ・ジョリー氏が務めた。式典のテーマは「逆説」を意味する「パラドックス」。包摂的でありたいと望みながら障害者への偏見をなくせない世界で、変化や違いに不寛容な「ストリクト・ソサエティー」と、障害のあるパフォーマーでつくる開放的で様々な個性を持つ「クリエーティブ・ギャング」という、価値観の異なる集団が調和して共に生きることを見いだす物語を詩的に描いた。\n朝日新聞社,['https://newsatcl-pctr.c.yimg.jp/t/amd-img/20240829-00000053-asahi-000-1-view.jpg?exp=10800'],"['https://news.yahoo.co.jp/articles/7794a7c8a9ed4216f42de675139d39dfec2cc296/images/000', 'https://www.asahi.com/articles/photo/AS20240630000106.html?oai=ASS8Y2CLPS8YUHBI00JM&ref=yahoo']"
ノーベル賞研究の源流　乗鞍観測所「朝日の小屋」に記念碑（朝日新聞デジタル）,https://news.yahoo.co.jp/articles/ee572781ba6fb6ce50b7531ed6f0cc0b8a1b94eb,https://newsatcl-pctr.c.yimg.jp/t/amd-img/20240829-00000054-asahi-000-1-view.jpg?exp=10800,2024-08-29T19:00:00+09:00,2024-08-29T19:00:00+09:00,朝日新聞デジタル,asahi,朝日新聞デジタル,935,\n乗鞍観測所と「朝日の小屋」跡地に建立された記念碑＝東京大学宇宙線研究所提供\n東京大学宇宙線研究所は29日、乗鞍岳の山頂付近にある乗鞍観測所（岐阜県高山市、標高2770メートル）にあった「朝日の小屋」の跡地に記念碑を建立したと発表した。高山における日本の宇宙線共同研究の「発祥の場」として貢献し、ノーベル物理学賞を受賞したニュートリノ研究などの源流にもなったとしている。\n【写真】乗鞍観測所の「朝日の小屋」跡地に建立された記念碑=東京大学宇宙線研究所提供\n朝日の小屋は、1950年に朝日新聞社の朝日科学奨励金を受けて建てられた。53年に隣接地に観測所が建設された後も「分室」として活用され、2018年に老朽化のために解体されるまで68年間にわたって観測を支えてきた。乗鞍観測所が昨年、開設70周年を迎えたことを受けて宇宙線研究所が記念碑の設置を進めてきた。\n\n 記念碑は大人の腰ほどの高さで、地元産の安山岩の本体に黒御影石の文字板が埋め込まれている。「朝日の小屋址（あと） 高地における日本の宇宙線共同研究発祥の地」との表題や設置の経緯に加えて、「我が国の宇宙線研究に大きな飛躍をもたらし、研究水準を世界一流に向上させるのに大きな役割を果たした」などと記されている。\n\n 大気が薄い高地は、宇宙から降り注ぐ素粒子の観測に適している。加速器での研究が本格化する前は、高地での宇宙線観測が主流で、戦後の日本でも欧米との観測競争の遅れを取り戻そうと研究が始まった。\n\n その後、日本の宇宙線研究は、小柴昌俊博士の超新星ニュートリノの観測や梶田隆章博士によるニュートリノに質量があることの発見で、二つのノーベル物理学賞に輝くなど「お家芸」とも呼ばれる分野に成長した。\n\n 乗鞍観測所の﨏（さこ）隆志所長は「全国の研究者たちが共同の施設で宇宙線を観測する文化が定着したのは、戦後に共同研究が始まった朝日の小屋にさかのぼる。日本の宇宙線研究の基礎となり、発展に貢献した」などと話している。\n\n 朝日新聞社の角田克社長は祝辞で、「私たちにとってたいへんな誇りであるとともに、一報道機関としても身に余る栄誉であります」などとしている。（小林哲）\n朝日新聞社,['https://newsatcl-pctr.c.yimg.jp/t/amd-img/20240829-00000054-asahi-000-1-view.jpg?exp=10800'],"['https://news.yahoo.co.jp/articles/ee572781ba6fb6ce50b7531ed6f0cc0b8a1b94eb/images/000', 'https://www.asahi.com/articles/photo/AS20240829002734.html?oai=ASS8Y2G8SS8YULBH00MM&ref=yahoo']"
電気・ガス料金、9月は電力8社とガス全社で値上がり　燃料費上昇で（朝日新聞デジタル）,https://news.yahoo.co.jp/articles/58cddb9338bd42b3b1d3a72aea59d85949b63303,https://newsatcl-pctr.c.yimg.jp/t/amd-img/20240829-00000051-asahi-000-1-view.jpg?exp=10800,2024-08-29T18:39:37+09:00,2024-08-29T18:39:37+09:00,朝日新聞デジタル,asahi,朝日新聞デジタル,225,\n電気代\n大手電力10社と大手都市ガス4社は29日、9月使用分（10月請求分）の電気・ガス料金を発表した。電力8社とガス全社で前月に比べて値上がりする。燃料の液化天然ガス（LNG）などが上昇したため。\n\n 電気料金（国の認可が必要な規制料金）は、平均的な家庭でみると、8社で11～78円上がる。燃料価格の変動は自動的に反映されるが、関西、九州はすでにその上限に達しているため、前月と同額となった。ガスは4社で54～69円上がる。\n朝日新聞社,['https://newsatcl-pctr.c.yimg.jp/t/amd-img/20240829-00000051-asahi-000-1-view.jpg?exp=10800'],['https://news.yahoo.co.jp/articles/58cddb9338bd42b3b1d3a72aea59d85949b63303/images/000']
狩らない「モンハン」　大阪・関西万博に登場へ　映像とARで体験（朝日新聞デジタル）,https://news.yahoo.co.jp/articles/5801ba46b236c12a1bb8be9df51111422486dea6,https://newsatcl-pctr.c.yimg.jp/t/amd-img/20240829-00000049-asahi-000-4-view.jpg?exp=10800,2024-08-29T18:30:00+09:00,2024-08-29T19:24:20+09:00,朝日新聞デジタル,asahi,朝日新聞デジタル,580,\nカプコンは大阪ヘルスケアパビリオンに「モンスターハンター」のコンテンツを出す。キャラクター「アイルー」（左）と、ゲーム好きで知られる俳優の波瑠さん（中央）、2025年大阪・関西万博キャラの「ミャクミャク」=2024年8月29日午後1時57分、大阪市北区、諏訪和仁撮影\n来春開幕の大阪・関西万博に、カプコンの人気ゲーム「モンスターハンター」の世界に入り込んだような体験ができる施設が現れる。動物や恐竜のようなモンスターと武器を使って戦い、「一狩りいこうぜ！」で知られるモンハンシリーズだが、万博のテーマは「いのち輝く未来社会のデザイン」。今回はモンスターたちと触れ合える内容にしているという。\n【写真】カプコンが大阪ヘルスケアパビリオンに出すコンテンツ「モンスターハンターブリッジ」の世界観を表したアート=CAPCOM提供\nカプコンが29日発表した。「モンスターハンターブリッジ」と名付け、大阪府市がつくる「大阪ヘルスケアパビリオン」の別館を専用シアターとして使う。\n\n シアターの壁や天井、床の周りに映像を映し出し、入場者がAR（拡張現実）眼鏡とスピーカーなどがついた帽子のような機器をつけて見ると、モンハンのキャラクターが目の前にいるように感じられるという。入場は7歳以上になる予定で、万博会場の入場券のほかには料金はかからない。\n朝日新聞社,['https://newsatcl-pctr.c.yimg.jp/t/amd-img/20240829-00000049-asahi-000-4-view.jpg?exp=10800'],"['https://news.yahoo.co.jp/articles/5801ba46b236c12a1bb8be9df51111422486dea6/images/000', 'https://www.asahi.com/articles/photo/AS20240829002987.html?oai=ASS8Y2TGJS8YPLFA004M&ref=yahoo']"
都議会の政活費、昨年度は7億円超（朝日新聞デジタル）,https://news.yahoo.co.jp/articles/2c8961efc8974135a3c7660d5f4dd002f0904c9f,https://newsatcl-pctr.c.yimg.jp/t/amd-img/20240829-00000050-asahi-000-2-view.jpg?exp=10800,2024-08-29T18:39:11+09:00,2024-08-29T18:58:06+09:00,朝日新聞デジタル,asahi,朝日新聞デジタル,594,\n東京都議会議事堂\n東京都議会は29日、2023年度の政務活動費（政活費）の収支報告書や領収書の写しを公開した。交付総額は7億1600万円で、交付額に対する支出割合を示す「執行率」は94.6%（前年度比3.7ポイント増）。4年ぶりに前年度を上回り、コロナ禍前（18年度、93.5%）の水準に戻った。\n\n 費目別で支出額が最も多かったのは「広報紙（誌）発行費」の3億1925万6263円（前年度比1547万4236円増）。全体の約5割を占めた。\n\n 主な会派別では、都民ファーストの会（8379万円）、公明（6748万円）、自民（5873万円）、共産（5267万円）、立憲民主（3418万円）。「都議会報告」の印刷やポスティングなどの経費に充てていた。\n\n 前年度と比べて増加が目立つのが「視察・研修費」で485万9348円（同228万9248円増）。昨年５月に新型コロナが5類に移行したことを受け、活動が増えたとみられる。会派別では、公明が最多の171万1576円（同134万8895円増）。自民、都民ファ、共産も前年度を上回った。\n\n 政活費は都議1人あたり毎月50万円が所属会派に公費で支給される。秘書給与や備品購入などへの充当が認められている。議員報酬とは別で、使わなかった分は都に返還する仕組み。23年度分は3871万円が返還される。（土舘聡一）\n朝日新聞社,['https://newsatcl-pctr.c.yimg.jp/t/amd-img/20240829-00000050-asahi-000-2-view.jpg?exp=10800'],['https://news.yahoo.co.jp/articles/2c8961efc8974135a3c7660d5f4dd002f0904c9f/images/000']
四国各地で台風接近への備えすすむ　気象台「不要不急の外出控えて」（朝日新聞デジタル）,https://news.yahoo.co.jp/articles/b2f53052c4bdbc76ceb059f293916ed36461ea19,https://newsatcl-pctr.c.yimg.jp/t/amd-img/20240829-00000047-asahi-000-4-view.jpg?exp=10800,2024-08-29T18:25:00+09:00,2024-08-29T20:32:21+09:00,朝日新聞デジタル,asahi,朝日新聞デジタル,1558,\nパーティション（間仕切り）で区切られた高知県土佐市の複合文化施設つなーでの避難所=2024年8月29日午後3時48分、土佐市高岡町、土居恭子撮影\n台風10号の接近が予想される四国でも29日、各地で避難所が開設され、住民や役所などが風雨への備えを進めていた。\n【画像】台風10号の外側の雲「アウターバンド」。近畿・関東で竜巻生む恐れがある\n高知県土佐市では、29日午前8時半に「高齢者等避難」（警戒レベル3）が出された。市内の2万6千人あまりが対象で、市は3カ所の避難所を開設した。\n\n 避難所の1カ所となった「複合文化施設つなーで」には高齢者を中心に数人の市民が身を寄せ、パーティションで区切られたスペースで過ごしていた。\n\n 大型の台風が来るたびに避難するようにしているという田中剛さん（76）は「風が強くて怖いと思った。自宅は川も近い」と語った。1975年の台風では自宅近くまで川の水があふれた。その経験から避難するようにしているという。「台風が過ぎるまでは避難所にいようと思う。家の被害が心配です」と話していた。\n\n■7月に土砂崩れの松山城、3交代で見回り\n\n 松山市中心部の松山城がある山では、7月にあった大雨で土砂崩れが起き、3人が亡くなった。台風10号接近に伴う大雨注意報の発令を受けて、市は28日夕、現場に近い公民館に自主避難所を前倒しで開設した。\n\n 崩落現場などでは、夜間も含めて市職員が7人1班の3交代で見回りを続けている。市市街地整備課によるとこれまでのところ異状は確認されていないという。\n\n 愛媛県宇和島市のJR宇和島駅前では29日午後、台風の接近に備える動きが見られた。\n\n 駅近くのコンビニエンスストアでは、通常は年中無休のところ、29日午後6時から31日まで臨時休業とする貼り紙が貼られていた。\n\n 駅前に本社がある宇和島自動車では午後3時ごろ、数人の従業員が本社の窓から体を乗り出しながら2～4階部分に掲げられた広告用垂れ幕の撤去作業にあたっていた。同社担当者は「台風や強風の際にはいつも撤去している。周辺住民に何かあってはいけない」と話していた。\n\n■JR四国は計画運休\n\n 高松市の高松駅や高松港では、発着する電車や船の運休が相次ぎ、利用者は対応に追われていた。\n\n 千葉県から友人3人と旅行で訪れていた大学生の谷山菜津子さん（20）は「30日夜に帰る予定だったが、動けなくなると困るので早めに帰ることにした」と話していた。\n\n JR四国は、30日のすべての特急列車と快速マリンライナー、香川県内の一部区間を除く普通列車を終日、計画運休するという。\n\n■最新情報のチェックを\n\n 高松地方気象台と国土交通省四国地方整備局は29日、高松市内で台風10号に関する合同説明会を開き、早めに安全対策をとることや最新の気象情報の確認を呼びかけた。\n\n 同気象台によると、台風10号は30日夕方から31日にかけて、四国地方に接近する見込み。接近に伴い、土砂災害や暴風、浸水や河川の増水などの危険性が高まるとしている。\n\n 台風10号は時速15キロ前後でゆっくりと進んでいるため、「長時間にわたって雨や風の影響が出る可能性がある。早めに安全確保をしてほしい」と注意を呼びかけた。\n\n 国交省地方整備局によると、四国地方ではすでに一部の国道を通行止めにするなどの影響が出ている。\n\n 大雨が続くなど災害の危険性が高まった場合、国道の通行を規制する可能性があるため、担当者は「最新の情報をチェックし、不要不急の外出は避けてほしい」と話した。（土居恭子、木野村隆宏、戸田拓、華野優気、福家司、山田健悟）\n朝日新聞社,['https://newsatcl-pctr.c.yimg.jp/t/amd-img/20240829-00000047-asahi-000-4-view.jpg?exp=10800'],"['https://news.yahoo.co.jp/articles/b2f53052c4bdbc76ceb059f293916ed36461ea19/images/000', 'https://www.asahi.com/articles/photo/AS20240829002606.html?oai=ASS8Y2S9XS8YPLXB00YM&ref=yahoo']"
家計の消費意欲、改善止まる　「資産価値」見通しは過去2番目の悪化（朝日新聞デジタル）,https://news.yahoo.co.jp/articles/f454f9f69c22f2115ba09bc322536ca728cbd12b,https://newsatcl-pctr.c.yimg.jp/t/amd-img/20240829-00000046-asahi-000-2-view.jpg?exp=10800,2024-08-29T18:24:20+09:00,2024-08-29T18:34:08+09:00,朝日新聞デジタル,asahi,朝日新聞デジタル,599,\n統計\n内閣府が29日に公表した8月の消費動向調査（2人以上の世帯、季節調整値）によると、家計の消費意欲を示す消費者態度指数は前月と同じ36.7で、前月まで2カ月続いた上昇が止まった。春闘による賃上げの反映や定額減税で、勤労者世帯の手取り収入は増えているが、消費者心理を大きく上向かせる効果は出ていない。\n\n 家計の今後半年間の資産価値に対する見通しを示す指標は40.0となり、前月より5.3ポイント下がった。この下げ幅は、コロナ禍が広がり始めた2020年3月の7.7ポイント以来の大きさだ。比較できる13年以降では、過去2番目の悪化となる。資産は株式や土地を指し、今月上旬に日経平均株価が歴史的な乱高下を記録したことが響いたとみられる。内閣府は消費意欲への影響について、「過去のデータからは資産価値の見通しとの因果関係がはっきりせず、今回も判断できない」（景気統計部）としている。\n\n 調査は全国の世帯が対象。「暮らし向き」「収入の増え方」「雇用環境」「耐久消費財の買い時判断」「資産価値」の各指標について、8月15日時点での今後半年間の見通しを5段階で聞いた。消費者態度指数は、「資産」をのぞく4指標の結果から算出する。8月は「収入」「雇用」が前月より悪化し、「暮らし」「耐久消費財」が改善したが、いずれも変化幅は1ポイントに満たず、内閣府は「横ばい圏内」とみている。\n朝日新聞社,['https://newsatcl-pctr.c.yimg.jp/t/amd-img/20240829-00000046-asahi-000-2-view.jpg?exp=10800'],['https://news.yahoo.co.jp/articles/f454f9f69c22f2115ba09bc322536ca728cbd12b/images/000']
5歳児が3500年前のつぼ割る　イスラエル博物館、展示方針変えず（朝日新聞デジタル）,https://news.yahoo.co.jp/articles/1061d067e371582bfa654935b5772d9271345721,https://newsatcl-pctr.c.yimg.jp/t/amd-img/20240829-00000048-asahi-000-1-view.jpg?exp=10800,2024-08-29T18:30:00+09:00,2024-08-29T18:30:00+09:00,朝日新聞デジタル,asahi,朝日新聞デジタル,420,\n5歳の少年が誤って割ってしまった3500年前のつぼ＝イスラエル・ハイファのヘクト博物館提供\nイスラエルのメディア「タイムズ・オブ・イスラエル」などによると、同国北部ハイファの考古学博物館はこのほど、約3500年前のつぼを誤って割ってしまった5歳の少年とその家族を、あらためて博物館の体験ツアーに招待すると明らかにした。博物館は「考古学の展示物を身近にする」方針をとり、つぼは保護ケースなどに入れずに展示されていた。今後も展示方針は変えないとしている。\n【写真】展示中の3500年前のつぼ（手前）。5歳の少年が誤って割る前に撮影された=イスラエル・ハイファのヘクト博物館提供\n少年がつぼを割ったのは今月23日。父親にインタビューした英BBCの報道によると、ハイファ大学に併設されたヘクト博物館を家族で訪れていた少年は、つぼの中に何が入っているのかが気になり、強く引っ張ってしまったという。つぼは倒れ、ばらばらになった。\n朝日新聞社,['https://newsatcl-pctr.c.yimg.jp/t/amd-img/20240829-00000048-asahi-000-1-view.jpg?exp=10800'],"['https://news.yahoo.co.jp/articles/1061d067e371582bfa654935b5772d9271345721/images/000', 'https://www.asahi.com/articles/photo/AS20240829003004.html?oai=ASS8Y2VCNS8YUHBI01CM&ref=yahoo']"
日経新聞記者をストーカー容疑で逮捕　男性記者に繰り返しメッセージ（朝日新聞デジタル）,https://news.yahoo.co.jp/articles/ee5d1650446337c3635deb1e032afbdc9b2cccb4,https://newsatcl-pctr.c.yimg.jp/t/amd-img/20240829-00000044-asahi-000-1-view.jpg?exp=10800,2024-08-29T18:00:00+09:00,2024-08-29T18:00:00+09:00,朝日新聞デジタル,asahi,朝日新聞デジタル,370,\n警視庁本部\nメッセージを知人男性に繰り返し送るストーカー行為をしたとして、警視庁が日本経済新聞社の女性記者（33）をストーカー規制法違反の疑いで逮捕したことが、捜査関係者への取材でわかった。\n\n 捜査関係者によると、逮捕容疑は8月17～25日、別の報道機関の30代男性記者に対し、決済アプリ「PayPay（ペイペイ）」のチャット機能で64回にわたって「会いたい」などとメッセージを送ったというもの。女性記者は8月上旬、警視庁から同法に基づく警告を複数回受けていたという。\n\n 女性記者は「嫌ならブロックしてくれと言ったが、相手はブロックをしなかったので受け入れていると思った」と話しているという。\n\n 日本経済新聞社は「社員が逮捕されたことは大変遺憾です。事実関係が判明し次第、厳正に対処します」としている。\n朝日新聞社,['https://newsatcl-pctr.c.yimg.jp/t/amd-img/20240829-00000044-asahi-000-1-view.jpg?exp=10800'],['https://news.yahoo.co.jp/articles/ee5d1650446337c3635deb1e032afbdc9b2cccb4/images/000']
米大統領補佐官が習近平国家主席らと会談　大統領選前、節目の交渉（朝日新聞デジタル）,https://news.yahoo.co.jp/articles/462982ca8fb61cb85dfc418cde144d663ffd74e3,https://newsatcl-pctr.c.yimg.jp/t/amd-img/20240829-00000045-asahi-000-9-view.jpg?exp=10800,2024-08-29T18:00:00+09:00,2024-08-29T21:09:06+09:00,朝日新聞デジタル,asahi,朝日新聞デジタル,656,\n北京の人民大会堂で2024年8月29日、握手を交わすサリバン米大統領補佐官（左）と中国の習近平国家主席=新華社\nサリバン米大統領補佐官（国家安全保障担当）は29日、北京の人民大会堂で習近平（シーチンピン）国家主席と会談した。これに先立ち、中国軍の制服組トップの張又俠・中央軍事委員会副主席と会談。3日間の訪中の主要日程を終えた。\n【写真】対中国強硬の米下院特別委トップが初来日 「台湾防衛を支援する」\n米大統領選が11月に迫るなか、軍事的衝突を避けるための意思疎通の意義を互いに確認する、節目の外交交渉となった。\n\n 中国外務省によると、習氏はサリバン氏との会談で、「互いの発展を挑戦ではなく好機と捉え、両大国が正しく付き合う道を見つけ出すことを望む」と述べた。米政府によると、数週間以内にバイデン大統領と習氏が電話で協議できるよう調整を進め、米中間で対話を続けていくことを確認した。台湾問題やロシアのウクライナ侵攻、南シナ海問題などをめぐっても協議した。\n\n サリバン氏はホワイトハウスで外交を担う最も重要な高官だ。27～28日には、中国の外交部門トップを務める王毅（ワンイー）・共産党政治局員兼外相と会談した。米政府によると、米中両軍の司令官による「近い将来」の電話協議の実施でも一致した。\n\n バイデン氏と習氏による対面の米中首脳会談について協議した可能性もある。バイデン氏は2025年1月に退任するため、今後数カ月以内に実現できれば、任期中、最後の習氏との会談になる。\n朝日新聞社,['https://newsatcl-pctr.c.yimg.jp/t/amd-img/20240829-00000045-asahi-000-9-view.jpg?exp=10800'],"['https://news.yahoo.co.jp/articles/462982ca8fb61cb85dfc418cde144d663ffd74e3/images/000', 'https://www.asahi.com/articles/photo/AS20240829002310.html?oai=ASS8Y2CH1S8YUHBI00NM&ref=yahoo']"
中国国防省「深読みしすぎないで」　中国軍機の領空侵犯で報道官（朝日新聞デジタル）,https://news.yahoo.co.jp/articles/9bd389e0ac04f03bc63ab64750fbf2dc7536a933,https://newsatcl-pctr.c.yimg.jp/t/amd-img/20240829-00000041-asahi-000-3-view.jpg?exp=10800,2024-08-29T17:43:23+09:00,2024-08-29T19:29:32+09:00,朝日新聞デジタル,asahi,朝日新聞デジタル,787,\n記者会見する中国国防省の呉謙報道官=2024年8月29日午後、北京、畑宗太郎撮影\n中国軍のY9情報収集機が26日に長崎県五島市の男女群島沖で領空を侵犯した問題をめぐり、中国国防省の呉謙報道官は29日の月例会見で「外交チャンネルで意思疎通を続けている」と述べ、具体的な説明を避けた。\n\n 呉氏は「中国は平素から各国の主権を尊重している。この件について深読みしすぎないよう望む」とも述べた。意図的な侵犯だったかをめぐり、議論が起きている状況を意識した発言とみられる。\n\n この問題をめぐっては、中国外務省は27、28両日の会見では「状況を確認中」としつつ、「いかなる国の領空も侵す意図はない」と説明。中国共産党序列3位の趙楽際（チャオローチー）・全国人民代表大会常務委員長も、超党派の「日中友好議員連盟」を率いて訪中した自民党の二階俊博元幹事長と28日に会談した際に「日本の領空を侵犯する意図はない」と発言していた。\n\n 日本の防衛省の説明によると、Y9機は緊急発進（スクランブル）した航空自衛隊の戦闘機などから監視や警告を受けつつ、約2分にわたって日本の領空内を飛行したという。しかし、中国側は今回の領空侵犯が意図的だったのかという点について具体的な説明を避けている。\n\n 中国軍機による日本の領空侵犯は初めて。木原稔防衛相は27日の記者会見で「我が国の主権の重大な侵害であるだけでなく安全を脅かすものであり、全く受け入れられない」と話した。\n\n 一方、29日の自民党の会合では「ゆゆしき事態だ」などと中国への批判が相次いだ。中国の「いかなる国の領空も侵す意図はない」との説明に「非常に疑わしい」との声が上がったほか、「侵犯の意図の有無にかかわらず、中国側には厳しく抗議しないといけない」との指摘が出たという。（畑宗太郎＝北京、里見稔）\n朝日新聞社,['https://newsatcl-pctr.c.yimg.jp/t/amd-img/20240829-00000041-asahi-000-3-view.jpg?exp=10800'],['https://news.yahoo.co.jp/articles/9bd389e0ac04f03bc63ab64750fbf2dc7536a933/images/000']
住友重機系のフォークリフト検査で不正　新たに18件、22~24年（朝日新聞デジタル）,https://news.yahoo.co.jp/articles/2d6ba6ec6de853125285e4fdeb2951ba1481a586,https://newsatcl-pctr.c.yimg.jp/t/amd-img/20240829-00000042-asahi-000-1-view.jpg?exp=10800,2024-08-29T17:54:04+09:00,2024-08-29T17:54:04+09:00,朝日新聞デジタル,asahi,朝日新聞デジタル,404,\nフォークリフトの特定自主検査の記録表。一部でブレーキ内の点検が省かれていた\n住友重機械工業グループの住友ナコフォークリフトは29日、法令で定められたフォークリフトの定期検査での不正が新たに18件見つかったと発表した。労働安全衛生法で定められた特定自主検査の際、指針に反し、ブレーキドラムを外して内部を調べる検査などを怠っていた。\n【写真】不正があったフォークリフト検査に使われる記録表\n同社は2017～21年にあった延べ4件の不正を今年4月に公表し、調査を続けていた。新たに見つかった不正は22～24年の検査だという。\n\n 不正は時間の制約などから検査員が判断して検査を怠っていたとし、今後はブレーキ分解時の写真を撮らせて記録するなどして再発を防ぐ。\n\n 同社は「適切な検査を全検査員が行うことを第一に、信頼回復と再発防止に全社一丸で取り組む」とコメントしている。（藤田知也）\n朝日新聞社,['https://newsatcl-pctr.c.yimg.jp/t/amd-img/20240829-00000042-asahi-000-1-view.jpg?exp=10800'],"['https://news.yahoo.co.jp/articles/2d6ba6ec6de853125285e4fdeb2951ba1481a586/images/000', 'https://asahi.com/articles/photo/AS20240501000997.html?oai=ASS8Y2QBRS8YULFA01LM&ref=yahoo']"
JR九州の大半の路線、30日も終日運休　西鉄も始発から見合わせ（朝日新聞デジタル）,https://news.yahoo.co.jp/articles/13ae9d2fd6f06f4078fc0fa0389c9133af617c47,https://newsatcl-pctr.c.yimg.jp/t/amd-img/20240829-00000040-asahi-000-2-view.jpg?exp=10800,2024-08-29T17:43:49+09:00,2024-08-29T17:44:33+09:00,朝日新聞デジタル,asahi,朝日新聞デジタル,286,\nJR博多駅の在来線の改札口にはシャッターが下ろされていた=2024年8月29日午後1時57分、福岡市博多区、山本達洋撮影\nJR九州の30日の運行計画によると、九州新幹線が終日運休し、西九州新幹線は始発から運行を見合わせる。\n【写真】JR博多駅は普段よりも人出が少なく、閑散としていた=2024年8月29日午後2時48分、福岡市博多区、山本達洋撮影\n在来線も、福岡市を通る鹿児島線などの主要路線を含めて大半の路線が終日運休する。\n\n 西日本鉄道は、30日の電車と路線バスの運行を全線・全地区で始発から見合わせると発表した。（波多野大介、山本達洋）\n朝日新聞社,['https://newsatcl-pctr.c.yimg.jp/t/amd-img/20240829-00000040-asahi-000-2-view.jpg?exp=10800'],"['https://news.yahoo.co.jp/articles/13ae9d2fd6f06f4078fc0fa0389c9133af617c47/images/000', 'https://www.asahi.com/articles/photo/AS20240829002974.html?oai=ASS8Y2T14S8YTIPE02DM&ref=yahoo']"
合唱コン四国大会、開演時間繰り下げ　台風影響で31日～9月1日（朝日新聞デジタル）,https://news.yahoo.co.jp/articles/f2c18c84964523717035d811a15dbda154401b62,https://newsatcl-pctr.c.yimg.jp/t/amd-img/20240829-00000039-asahi-000-3-view.jpg?exp=10800,2024-08-29T17:30:00+09:00,2024-08-29T18:42:19+09:00,朝日新聞デジタル,asahi,朝日新聞デジタル,253,\n台風\n全日本合唱連盟四国支部は29日、台風10号の接近に伴い、高知市文化プラザかるぽーとで31日、9月1日に開催する第77回全日本合唱コンクール四国支部大会（同連盟四国支部、朝日新聞社主催）の開演時間の繰り下げを決めた。\n【写真】高知県合唱連盟ＨＰのＱＲコード\n変更後の開演時間は31日（大学ユース、高校）が午後3時、9月1日（中学校、大学職場一般）が午前11時30分。また両日とも会場での表彰式・閉会式は取りやめ、成績は主管の高知県合唱連盟のホームページ=QRコード=で発表する。\n朝日新聞社,['https://newsatcl-pctr.c.yimg.jp/t/amd-img/20240829-00000039-asahi-000-3-view.jpg?exp=10800'],"['https://news.yahoo.co.jp/articles/f2c18c84964523717035d811a15dbda154401b62/images/000', 'https://www.asahi.com/articles/photo/AS20240829002775.html?oai=ASS8Y2HFNS8YULIP007M&ref=yahoo']"
万博、体不自由な人も楽しんで　三菱系など「LET’S EXPO」（朝日新聞デジタル）,https://news.yahoo.co.jp/articles/272282307de0e5345a800aa7fa8998a923245509,https://newsatcl-pctr.c.yimg.jp/t/amd-img/20240829-00000043-asahi-000-1-view.jpg?exp=10800,2024-08-29T17:30:00+09:00,2024-08-29T17:30:00+09:00,朝日新聞デジタル,asahi,朝日新聞デジタル,353,\nサポート事業の発表会では、介助に携わる人たちのパネルディスカッションが行われ、「行きたいところに行ける社会」への期待や課題について話した=2024年8月29日、大阪市北区、野口陽撮影\n体が不自由な人たちも大阪・関西万博を楽しめるよう、三菱UFJフィナンシャルグループ系の関西イノベーションセンター（MUIC Kansai）などは、現地での車いすなどの移動や、遠隔地からのオンライン参加をサポートする事業を行う。ボランティアスタッフも募集する。\n\n 29日に発表した。MUICや住友電気工業（大阪市）らは誰もが楽しめる万博の実現をめざすとして、「LET'S EXPO」と名付けたプロジェクトを進めている。住友電工の松本正義会長は、万博を運営する日本国際博覧会協会の副会長も務めている。\n朝日新聞社,['https://newsatcl-pctr.c.yimg.jp/t/amd-img/20240829-00000043-asahi-000-1-view.jpg?exp=10800'],['https://news.yahoo.co.jp/articles/272282307de0e5345a800aa7fa8998a923245509/images/000']
パワハラでPTSD再発→雇い止めと訴え　ダイハツ元社員が労働審判（朝日新聞デジタル）,https://news.yahoo.co.jp/articles/ca30b542508e208079df347e796c8898f4f5ae81,https://newsatcl-pctr.c.yimg.jp/t/amd-img/20240829-00000037-asahi-000-1-view.jpg?exp=10800,2024-08-29T17:29:08+09:00,2024-08-29T17:29:08+09:00,朝日新聞デジタル,asahi,朝日新聞デジタル,555,\n大阪地裁・高裁が入る庁舎=大阪市北区\n上司のパワハラで精神障害が再発し、雇い止めに至ったとして有期雇用の元社員（30）がダイハツ工業（大阪府池田市）に雇用が続いていることの確認を求める労働審判を大阪地裁に申し立てた。29日に大阪市内で会見を開き、明らかにした。\n\n 申し立ては2日。元社員は2018年に心的外傷後ストレス障害（PTSD）と診断され、症状が治まった後の23年3月に同社の障害者雇用枠で採用された。\n\n だが6月ごろ、新しい上司に障害の内容を知ってもらおうと資料を作ると、直属の上司から「ミスを見逃してもらおうとしている」と言われたという。「障害者だからといって特別な配慮はしない」とも言われ、PTSDが再発。幻聴が聞こえ、ミスが増えた。\n\n 10月に社内のパワハラ通報窓口に相談しても、配置換えなどはなく24年2月、雇い止めにされたという。\n\n 会見で元社員は「業務上のミスはパワハラが原因で、雇い止めは障害者に対する合理的配慮に欠ける。心の通った話し合いをしたい」と訴えた。\n\n 労働組合の団体交渉では、同社は雇い止めの理由について「ミスが多く、言い訳する」と説明したという。申し立てについて、同社は「係争中のためコメントは控えたい」とした。（大滝哲彰）\n朝日新聞社,['https://newsatcl-pctr.c.yimg.jp/t/amd-img/20240829-00000037-asahi-000-1-view.jpg?exp=10800'],['https://news.yahoo.co.jp/articles/ca30b542508e208079df347e796c8898f4f5ae81/images/000']
次の日本首相とも「協力維持」　韓国大統領が会見、少子化対策にも力（朝日新聞デジタル）,https://news.yahoo.co.jp/articles/00f70c62e33b687d6eee2c4233cc29828f3441e8,https://newsatcl-pctr.c.yimg.jp/t/amd-img/20240829-00000038-asahi-000-4-view.jpg?exp=10800,2024-08-29T17:19:43+09:00,2024-08-29T21:01:00+09:00,朝日新聞デジタル,asahi,朝日新聞デジタル,556,\nソウルの大統領府で2024年8月29日、記者会見に臨む韓国の尹錫悦大統領=AP\n韓国の尹錫悦（ユンソンニョル）大統領は29日、ソウルの大統領府で開いた記者会見で日本の次期首相について言及し、「どの指導者が国政を任されることになっても、未来のための協力が維持されるようにしたい」と述べた。\n【写真】ノーキッズゾーンに塾ぐるぐる…「韓国脱出」東京に移住した母の決意\n尹氏は、岸田文雄首相の9月上旬の訪韓が調整されていることについて「まだ確定していない」としたうえで、実現すれば「歓迎する」と表明。岸田首相と首脳会談を重ね、両国関係以外にも様々な問題を議論してきたとし、関係改善の成果を強調した。\n\n また、岸田首相とバイデン米大統領の退任による日米韓協力への影響については、「韓米日の協力は3カ国にとって非常に利益になる重要なものだ」と指摘し、指導者が交代しても変わらないとの見方を示した。\n\n 会見は年金や医療、教育、労働改革など韓国の内政に関する話が中心だった。出生率が世界的にも異例の低い水準にある少子化問題にも触れ、「難しいが、やらなければいけない問題だ」と強調。コントロールタワーとして新設を表明している、人口政策全般を担う官庁の設立を急ぐ考えを示した。（ソウル＝貝瀬秋彦）\n朝日新聞社,['https://newsatcl-pctr.c.yimg.jp/t/amd-img/20240829-00000038-asahi-000-4-view.jpg?exp=10800'],"['https://news.yahoo.co.jp/articles/00f70c62e33b687d6eee2c4233cc29828f3441e8/images/000', 'https://www.asahi.com/articles/photo/AS20240227003609.html?oai=ASS8Y2JP4S8YUSPT009M&ref=yahoo']"
クラス分けや注目競技・選手はこちら　パリ・パラリンピック（朝日新聞デジタル）,https://news.yahoo.co.jp/articles/b8b4b5155dc64fbcd007963842066822c9b076cf,https://newsatcl-pctr.c.yimg.jp/t/amd-img/20240829-00000036-asahi-000-1-view.jpg?exp=10800,2024-08-29T17:18:27+09:00,2024-08-29T17:18:27+09:00,朝日新聞デジタル,asahi,朝日新聞デジタル,1212,\n主な競技のクラス分け\n■日本勢の注目競技は\n\n【陸上】\n\n 2008年北京大会から5大会連続出場となる39歳、中西麻耶が走り幅跳びで悲願のメダル獲得なるか。400メートルユニバーサルリレーは初採用だった東京大会で銅メダル。立位の辻沙絵や車いすの生馬知季ら障害の異なる男女2人ずつがチームを組んで初優勝をめざす。\n【写真】東京パラリンピックの女子幅跳び（義足・機能障害T64）で跳躍する中西麻耶=2021年8月28日、国立競技場、西畑志朗撮影\n▼女子走り幅跳び（義足・機能障害T64）=8月31日\n\n▼400メートルユニバーサルリレー予選、決勝=9月6日\n\n【競泳】\n\n 21年東京大会の男子100メートルバタフライで金メダルに輝いた木村敬一、銀メダルの富田宇宙がパリで再び頂点を争う。富田は男子400メートル自由形でも2大会連続メダルの期待がかかる。\n\n▼男子400メートル自由形（視覚障害S11）決勝=8月30日\n\n▼男子100メートルバタフライ（視覚障害S11）予選、決勝=9月6日\n\n【ボッチャ】\n\n 男子個人（脳性まひBC2）では、杉村英孝が2連覇（東京大会は男女混合）に挑む。男女混合（脳性まひ）で実施されるチーム戦にも出場し、初優勝を目標に掲げる。\n\n▼男子個人（脳性まひBC2）1次リーグ=8月29日～、決勝=9月1日\n\n▼混合チーム（脳性まひ）1次リーグ=9月3日、決勝=9月5日\n\n【ゴールボール】\n\n 東京大会銅メダルの女子は、12年ロンドン大会以来の優勝を狙う。前回5位の男子は、いまだ手にしていないメダル獲得が目標となる。\n\n▼女子1次リーグ=8月29日～、決勝=9月5日\n\n▼男子1次リーグ=8月29日～、決勝=9月5日\n\n【柔道】\n\n パラリンピックでは今大会から全盲（J1）と弱視（J2）のクラスに分かれて実施。東京大会の男子66キロ級銅メダリストで今大会は73キロ級に出場する瀬戸勇次郎、16年リオデジャネイロ大会で女子57キロ級銅メダルの広瀬順子は、いずれも優勝候補に挙げられる。\n\n▼男子73キロ級（弱視）=9月6日\n\n▼女子57キロ級（弱視）=9月6日\n\n【車いすラグビー】\n\n リオ大会から2大会続けて銅メダルを獲得し、パリでは初の金メダルをめざす。昨夏に就任した岸光太郎監督の采配にも注目だ。\n\n▼1次リーグ=8月29日～、決勝=9月2日\n\n【車いすテニス】\n\n 4大大会のタイトルを持つ男女のエースがパラリンピックの栄冠を勝ち取れるか。上地結衣は女子シングルスでリオ大会銅メダル、東京大会銀メダル。小田凱人（ときと）は初出場での優勝を狙う。\n\n▼女子シングルス1回戦=8月31日～、決勝=9月6日\n\n▼男子シングルス1回戦=8月30日～、決勝=9月7日\n朝日新聞社,['https://newsatcl-pctr.c.yimg.jp/t/amd-img/20240829-00000036-asahi-000-1-view.jpg?exp=10800'],"['https://news.yahoo.co.jp/articles/b8b4b5155dc64fbcd007963842066822c9b076cf/images/000', 'https://www.asahi.com/articles/photo/AS20240828002580.html?oai=ASS8X34T9S8XUEFT00BM&ref=yahoo']"
関西吹奏楽コンクール、中学Aと高校Aの日程延期　台風10号接近で（朝日新聞デジタル）,https://news.yahoo.co.jp/articles/5aefc901927614375db134560def415a343af4f5,https://newsatcl-pctr.c.yimg.jp/t/amd-img/20240829-00000035-asahi-000-2-view.jpg?exp=10800,2024-08-29T17:05:00+09:00,2024-08-29T17:56:53+09:00,朝日新聞デジタル,asahi,朝日新聞デジタル,333,\n2024年の関西吹奏楽コンクールのプログラム\n台風10号が近畿地方に近づくことに伴い、関西吹奏楽連盟は29日、「第74回関西吹奏楽コンクール」（同連盟、朝日新聞社主催）のうち、31日に開催予定だった中学生A部門と、9月1日の予定だった高校A部門の日程の延期を決めた。\n【写真】中・高に最も選ばれた曲は 昨年の800校集計\n高校A部門は9月3日に、兵庫県尼崎市の市総合文化センターで開催する。\n\n 中学生A部門は会場も変更し、9月16日に大阪府堺市のフェニーチェ堺で開く。\n\n いずれも観客無しでの開催となる。日程の延期についての詳細は、同連盟のホームページ（https://www.kansaisuiren.jp/）で、告知している。\n朝日新聞社,['https://newsatcl-pctr.c.yimg.jp/t/amd-img/20240829-00000035-asahi-000-2-view.jpg?exp=10800'],"['https://news.yahoo.co.jp/articles/5aefc901927614375db134560def415a343af4f5/images/000', 'https://www.asahi.com/articles/photo/AS20240706002806.html?oai=ASS8Y25JXS8YULIP00YM&ref=yahoo']"
少女にわいせつ容疑、卓球場経営の男逮捕　「絶対にしていない」否認（朝日新聞デジタル）,https://news.yahoo.co.jp/articles/b508713d9dd4d507057d75b6a76f0f3cb1999bc7,https://newsatcl-pctr.c.yimg.jp/t/amd-img/20240829-00000032-asahi-000-2-view.jpg?exp=10800,2024-08-29T17:00:00+09:00,2024-08-29T19:49:28+09:00,朝日新聞デジタル,asahi,朝日新聞デジタル,290,\n兵庫県警本部＝神戸市中央区\n卓球場に通う少女にわいせつな行為をしたとして、兵庫県警は29日、明石市、卓球場経営の男（54）を不同意わいせつ容疑で逮捕し、発表した。「絶対にそんなことはしていません」と容疑を否認しているという。\n\n 捜査1課によると、男は7月下旬から8月2日ごろまでの間、経営する明石市内の卓球場の敷地内で、被害者の少女が16歳未満であることを知りながらわいせつな行為をした疑いがある。当時は練習の休憩中で2人きりだったとみられるという。\n\n 8月7日に母親から「娘が監督からわいせつ被害を受けた」と交番に相談があったという。（宮坂奈津）\n朝日新聞社,['https://newsatcl-pctr.c.yimg.jp/t/amd-img/20240829-00000032-asahi-000-2-view.jpg?exp=10800'],['https://news.yahoo.co.jp/articles/b508713d9dd4d507057d75b6a76f0f3cb1999bc7/images/000']
桂文枝一門の枝光が「梅枝」、三風が「慶枝」襲名　9月から披露公演（朝日新聞デジタル）,https://news.yahoo.co.jp/articles/81ea72fb9afaad72f100db739fd9ebbfd3a31bfd,https://newsatcl-pctr.c.yimg.jp/t/amd-img/20240829-00000034-asahi-000-1-view.jpg?exp=10800,2024-08-29T17:00:00+09:00,2024-08-29T17:00:00+09:00,朝日新聞デジタル,asahi,朝日新聞デジタル,757,\n（左から）桂小文枝、桂枝光、桂三風、桂文枝=2024年8月29日、大阪市北区、岩本修弥撮影\n今秋、四代目桂梅枝（ばいし）を襲名する落語家の桂枝光（しこう）（65）と五代目桂慶枝（けいし）を襲名する桂三風（さんぷう）（63）が8月29日、朝日新聞大阪本社（大阪市北区）を訪れた。\n【写真】「桂梅枝」を襲名する桂枝光（左）と「桂慶枝」を襲名する桂三風=2024年8月29日、大阪市北区、岩本修弥撮影\n枝光は「襲名すると、体の細胞まで変わるような感覚。梅は福を招くと言われる。お客さんにたくさんの福を持って帰ってもらえるように噺家（はなしか）として大きく成長したい」、三風は「一生懸命やらせていただいて、創作落語の大作をつくっていけるように頑張っていきたい」とそれぞれ抱負を語った。\n\n 2人は上方落語の大所帯、桂文枝一門。上方落語や一門のさらなる繁栄への願いを込め、今年1月に2人の襲名を発表していた。梅枝は大正時代以来、慶枝は1910（明治43）年以来の名跡復活となる。\n\n 六代桂文枝（81）は弟弟子の枝光について「（以前の）『小つぶ』の名前の時から、可愛くて人気があった。（活動拠点の一つである）北海道でも上方落語を広めてくれている」と評価。弟子の三風には「調子の良い男で、誰とでも友達になれる好かれる人。名前に負けないよう、もう一つ上の段階にいってほしい」とエールを送った。\n\n 枝光は「東京の噺家とお付き合いが増え、江戸落語の面白さも取り入れた落語をしたい」、三風は「『人生』をテーマにした自作の創作落語に挑戦したい」と、今後の意気込みを話した。\n\n 9月27日のなんばグランド花月（同市中央区）を皮切りに、来年4月まで全国各地でダブル襲名披露公演を開く。（岩本修弥）\n朝日新聞社,['https://newsatcl-pctr.c.yimg.jp/t/amd-img/20240829-00000034-asahi-000-1-view.jpg?exp=10800'],"['https://news.yahoo.co.jp/articles/81ea72fb9afaad72f100db739fd9ebbfd3a31bfd/images/000', 'https://www.asahi.com/articles/photo/AS20240829002601.html?oai=ASS8Y25RYS8YUCVL01KM&ref=yahoo']"
ロシアの「偽情報」が親欧米国で拡大　バルト首脳らが結束して支援（朝日新聞デジタル）,https://news.yahoo.co.jp/articles/8339e77117398187b392436cc7b2a044c0e35a40,https://newsatcl-pctr.c.yimg.jp/t/amd-img/20240829-00000033-asahi-000-1-view.jpg?exp=10800,2024-08-29T17:00:00+09:00,2024-08-29T17:00:00+09:00,朝日新聞デジタル,asahi,朝日新聞デジタル,527,\nモルドバのサンドゥ大統領や与党幹部らが「国民から金を盗んだ」と批判する投稿。政権はこうした投稿が「偽情報だ」として警戒を強めている=フェイスブックから\nリトアニアのナウセーダ大統領らバルト3国の首脳が27日、旧ソ連のモルドバを訪問し、同国のサンドゥ大統領とともに独立記念日を祝った。旧ソ連のバルト3国は、ウクライナ侵攻でロシアを激しく批判している。モルドバは、激化するロシアの「情報工作」に危機感を募らせており、協力して対抗する考えだ。\n【写真】ロシアの「情報工作」に揺れる小国 「第2のウクライナ」と恫喝\nモルドバの地元報道によると、親ロシア勢力のSNSでは、「ウクライナ軍の戦闘機がモルドバの空港に配備されていて、ロシアの報復攻撃を受ける」「（今の）政権が続けば、多くの教師が失職する」といった政権批判の「偽情報」が拡散されているという。\n\n 背景には、今年10月の大統領選で親欧米のサンドゥ氏を落選させ、欧州連合（EU）加盟の是非を問う国民投票を不成立にする狙いがあるとみられる。\n\n ナウセーダ氏はモルドバの首相との会談で、「我々はハイブリッドの脅威と偽情報に対抗する経験がある。うまく協力できる分野だ」と話した。\n朝日新聞社,['https://newsatcl-pctr.c.yimg.jp/t/amd-img/20240829-00000033-asahi-000-1-view.jpg?exp=10800'],"['https://news.yahoo.co.jp/articles/8339e77117398187b392436cc7b2a044c0e35a40/images/000', 'https://www.asahi.com/articles/photo/AS20240827001175.html?oai=ASS8X555PS8XUHBI01XM&ref=yahoo']"
野球高校代表が体感した超高校級　9投手継投に大学代表が込めた思い（朝日新聞デジタル）,https://news.yahoo.co.jp/articles/fbccec34b6e03952225dae7bec7675d9c50a6d61,https://newsatcl-pctr.c.yimg.jp/t/amd-img/20240829-00000031-asahi-000-1-view.jpg?exp=10800,2024-08-29T16:45:00+09:00,2024-08-29T16:45:00+09:00,朝日新聞デジタル,asahi,朝日新聞デジタル,1124,\n試合後に集合写真を撮る高校日本代表と大学日本代表の選手たち=ほっともっとフィールド神戸、有元愛美子撮影\n先輩からの体を張ったエール――。28日にほっともっと神戸であった野球高校日本代表との壮行試合で、大学日本代表は9投手が1イニングずつ投げる継投策を採った。\n【写真】場内アナウンスの名手・谷保恵美さんが夏の決勝を生観戦\nそこには、18歳以下（U18）アジア選手権（9月2日開幕、台湾）に臨む高校代表への、ある思いが込められていた。\n\n 7―1で大学代表が勝った試合の先発は、3月にプロが中心の日本代表にも参加した中村優斗（4年、愛知工大）。150キロ超の直球を連発し無失点だった。\n\n 右腕は「絶対に無失点で抑えようと思った。台湾での試合へ、少しでも力になれれば、と」と話した。\n\n 後を継いだ8投手も140キロ台後半の直球や切れのいい変化球で高校代表を翻弄（ほんろう）した。押し出し四球による1失点にまとめ、連打を許したのは1度だけだった。\n\n 1イニングリレーの背景には、各大学の秋季リーグ開幕が目前に迫り、なるべく多く実戦登板させたいという事情があった。\n\n と同時に、大学代表の堀井哲也監督（慶大）は「大学生の強い球を高校生に経験してもらうために、1イニングを全力で投げさせたかった。壮行試合ですから。右左、持っている変化球、球の強さなど（前の投手と）なるべく対照的になるような順番にした」と狙いを明かした。\n\n 高校代表の小倉全由監督は言った。「みんなドラフトにかかるような、速い球、コントロールのいい投手。そういう選手と戦えたことをプラスにしたい」。\n\n チーム唯一の2安打を記録した高山裕次郎（3年、健大高崎）も「ひるまず打ちにいけたのはよかった。大学生からいいところを吸収できたと思うので、アジア王者になって帰ってきたい」と話した。\n\n 「超高校級」を体感した中身の濃い敗戦は、高校代表の糧になったはずだ。（松沢憲司）\n\n■■高校日本代表のメンバー\n\n ▽投手（8人）桜井椿稀（鶴岡東）、坂井遼（関東第一）、藤田琉生（りゅうせい）（東海大相模）、中崎琉生（京都国際）、今朝丸裕喜（報徳学園）、間木歩（同）、高尾響（広陵）、田崎颯士（りゅうと）（興南） \n\n ▽捕手（2人）箱山遥人（健大高崎）、熊谷俊乃介（関東第一） \n\n ▽内野手（5人）高山裕次郎（健大高崎）、石塚裕惺（花咲徳栄）、宇野真仁朗（早稲田実）、花田悠月（智弁和歌山）、山畑真南斗（明徳義塾） \n\n ▽外野手（3人）徳丸快晴（大阪桐蔭）、境亮陽（りょうや）（同）、浜本遥大（はると）（広陵）\n朝日新聞社,['https://newsatcl-pctr.c.yimg.jp/t/amd-img/20240829-00000031-asahi-000-1-view.jpg?exp=10800'],"['https://news.yahoo.co.jp/articles/fbccec34b6e03952225dae7bec7675d9c50a6d61/images/000', 'https://www.asahi.com/articles/photo/AS20240823002654.html?oai=ASS8Y23C3S8YPTQP00BM&ref=yahoo']"
野田元首相「先頭立って政治改革」　世襲禁止も言及、消費減税は否定（朝日新聞デジタル）,https://news.yahoo.co.jp/articles/d032364688d1ca3a141326af7d91388bfbfffa4a,https://newsatcl-pctr.c.yimg.jp/t/amd-img/20240829-00000029-asahi-000-3-view.jpg?exp=10800,2024-08-29T16:30:00+09:00,2024-08-29T17:54:57+09:00,朝日新聞デジタル,asahi,朝日新聞デジタル,594,\nJR津田沼駅前でビラを配る立憲民主党の野田佳彦元首相=2024年8月29日午前8時54分、千葉県習志野市、小林圭撮影\n立憲民主党の野田佳彦元首相（67）は29日、代表選（9月7日告示、23日投開票）に立候補する意向を表明した。千葉県習志野市で「再び首相を目指す決意だ」と記者団に語った。政治改革を主導して自民党との対立姿勢を鮮明にし、政権交代をめざすとした。表明は枝野幸男前代表（60）に続き2人目。\n【写真】記者団の取材に応じる野田佳彦元首相=2024年8月29日午前9時33分、千葉県習志野市、小林圭撮影\n野田氏はこの日、自民の裏金事件と、それに対する自民の対応が不十分だと批判した上で、「先頭に立って政治改革を実現したい」と述べた。首相在任中に安倍晋三自民党総裁（当時）と約束した議員定数の削減、さらに世襲の禁止に取り組む意欲を示した。消費税減税については否定した。\n\n 秋にも見込まれる次期衆院選については、自民の単独過半数割れをめざすとし、「立憲だけで（過半数に）届かなければ野党連携が必要になる」と語った。共産党については、「対話は必要」だとしつつも、連立政権の可能性は否定した。\n\n 野田氏は千葉4区選出で当選9回。2011年9月から1年3カ月余、民主党政権で首相を務めた。12年11月に衆院を解散し、自民に大敗。野党転落に至った。（小林圭）\n朝日新聞社,['https://newsatcl-pctr.c.yimg.jp/t/amd-img/20240829-00000029-asahi-000-3-view.jpg?exp=10800'],"['https://news.yahoo.co.jp/articles/d032364688d1ca3a141326af7d91388bfbfffa4a/images/000', 'https://www.asahi.com/articles/photo/AS20240829002234.html?oai=ASS8Y1QLYS8YUTFK016M&ref=yahoo']"
最低賃金、徳島が過去最大の84円引き上げ　全国平均1055円に（朝日新聞デジタル）,https://news.yahoo.co.jp/articles/6d1358c791f16bf6eb982b512f47776c600b2069,https://newsatcl-pctr.c.yimg.jp/t/amd-img/20240829-00000030-asahi-000-7-view.jpg?exp=10800,2024-08-29T16:38:03+09:00,2024-08-29T21:05:00+09:00,朝日新聞デジタル,asahi,朝日新聞デジタル,598,\n徳島地方最低賃金審議会の段野聡子会長（左）から答申書を受け取る竹中郁子・徳島労働局長=2024年8月29日午後4時3分、徳島市、能登智彦撮影\n最低賃金（時給）の今年度の改定で、徳島県の地方審議会は29日、現行の896円から過去最大の84円引き上げて980円にすると決めた。これで全都道府県分が出そろい、全国加重平均は過去最高の51円（5.1%）引き上がって1055円になった。物価高や人手不足に伴う人材獲得競争を背景に、27県で国側が示した引き上げ額の目安を上回った。\n\n 最低賃金の引き上げ額は、厚生労働省の中央審議会が都道府県を経済情勢に応じてA～Cランクに分けて示す目安を参考に、各地方審議会が決める。今年度の目安は一律50円で、目安通りだと全国平均は1054円になる計算だったが、目安への上乗せが相次ぎ、平均はさらに1円上がった。1千円超えは16都道府県に倍増した。\n\n 徳島県は昨年度の改定で全国で2番目の低さとなっていた。審議会は今回、「（経済の）各指標について他都道府県と比較した際の徳島県の立ち位置にふさわしい最低賃金とする必要がある」と説明。労働者の生計費や賃金、企業の支払い能力を総合的に見ると「全都道府県中、中位より上に位置している」とした。その上で、いまの全国的な最低賃金の「中位」を930円と位置付け、そこから目安の50円を加える決定をした。\n朝日新聞社,['https://newsatcl-pctr.c.yimg.jp/t/amd-img/20240829-00000030-asahi-000-7-view.jpg?exp=10800'],['https://news.yahoo.co.jp/articles/6d1358c791f16bf6eb982b512f47776c600b2069/images/000']
国税の滞納残高9276億円、4年連続増　「免脱」容疑で16人告発（朝日新聞デジタル）,https://news.yahoo.co.jp/articles/ea932ec7e48f401ff39b2d85792bdb781c76148b,https://newsatcl-pctr.c.yimg.jp/t/amd-img/20240829-00000028-asahi-000-3-view.jpg?exp=10800,2024-08-29T16:00:00+09:00,2024-08-29T17:24:52+09:00,朝日新聞デジタル,asahi,朝日新聞デジタル,442,\n国税庁が入る財務省庁舎=東京都千代田区\n2023年度末の国税の滞納残高は9276億円（前年度比3.7%増）となり、4年連続で増加したことが29日、国税庁のまとめでわかった。23年度中に発生した滞納額は7997億円（同802億円増）だった。国税では例年、徴収を決めた税額の1%前後が滞納となるという。\n【写真】「フェラーリ」5680万円で国税局が公売 不動産以外で過去最高額\n残高の内訳は、所得税3815億円、消費税3580億円、法人税1233億円、相続税560億円など。残高総額は1998年度末の2兆8149億円をピークに、19年度末には7554億円まで減ったが、コロナ禍の影響で20年度に増加に転じた。\n\n 国税庁は、財産を隠して差し押さえを免れるような悪質な滞納について、23年度に8件16人を国税徴収法違反（滞納処分免脱）容疑で刑事告発した。不正に海外に財産が移されたとみられるケースでは、各国の税務当局への協力要請を11件行ったという。（花野雄太）\n朝日新聞社,['https://newsatcl-pctr.c.yimg.jp/t/amd-img/20240829-00000028-asahi-000-3-view.jpg?exp=10800'],"['https://news.yahoo.co.jp/articles/ea932ec7e48f401ff39b2d85792bdb781c76148b/images/000', 'https://www.asahi.com/articles/photo/AS20240821001905.html?oai=ASS8Y0C7PS8YUTIL01PM&ref=yahoo']"
堀井学・前議員を略式起訴　自民裏金で特捜部、議員側立件は4人目（朝日新聞デジタル）,https://news.yahoo.co.jp/articles/15bc0c8c9d74463aff5e6ddf7f01c46e00195b72,https://newsatcl-pctr.c.yimg.jp/t/amd-img/20240829-00000027-asahi-000-6-view.jpg?exp=10800,2024-08-29T15:40:16+09:00,2024-08-29T19:50:22+09:00,朝日新聞デジタル,asahi,朝日新聞デジタル,677,\n堀井学氏=2024年1月27日\n自民党派閥の裏金事件をめぐり、「清和政策研究会」（安倍派）から還流されたパーティー収入を政治資金収支報告書に記載しなかったとして、東京地検特捜部は29日、堀井学・前衆院議員（52）=自民党を離党、議員辞職=を政治資金規正法違反(虚偽記載)の罪で略式起訴した、と発表した。自民党派閥の裏金事件で、議員側で立件されたのは4人目となった。\n【写真】東京地検、最高検などが入る中央合同庁舎=東京・霞が関\nさらに特捜部は、選挙区の有権者に秘書らを通じて香典を配ったとして公職選挙法違反（選挙区内での寄付）の罪でも堀井氏を略式起訴した。\n\n 略式起訴は書面審理の手続きで、東京簡裁は同日、罰金100万円と公民権停止3年の略式命令を出した。\n\n 特捜部によると、堀井氏は安倍派の政治資金パーティー券をめぐり、販売ノルマを超えた分について還流を受けたが、収支報告書に寄付収入として記載しないことを了承したとされる。立件対象の虚偽記載額は、2019～21年の3年間で約1700万円に上った。\n\n また、21年10月～23年10月、選挙区の支援者らが亡くなった際に秘書らを通じて香典計38万円や枕花（約23万円相当）を渡したとされる。\n\n 特捜部は裏金事件を調べる過程で違法な香典提供を把握。今年7月に堀井氏の議員会館の事務所（東京・永田町）などを捜索していた。\n\n 堀井氏はリレハンメル冬季五輪スピードスケートの銅メダリスト。北海道議を経て、12年の衆院選（北海道9区）で初当選し、4期目だった。\n朝日新聞社,['https://newsatcl-pctr.c.yimg.jp/t/amd-img/20240829-00000027-asahi-000-6-view.jpg?exp=10800'],"['https://news.yahoo.co.jp/articles/15bc0c8c9d74463aff5e6ddf7f01c46e00195b72/images/000', 'https://www.asahi.com/articles/photo/AS20240828003489.html?oai=ASS8X466SS8XUTIL02WM&ref=yahoo']"
受精直後に特殊なDNA複製、染色体異常誘発か　理研がマウスで発見（朝日新聞デジタル）,https://news.yahoo.co.jp/articles/097cfdb0046bbcf67b7560cd9139c35ff74e11b2,https://newsatcl-pctr.c.yimg.jp/t/amd-img/20240829-00000026-asahi-000-2-view.jpg?exp=10800,2024-08-29T15:30:00+09:00,2024-08-29T15:45:22+09:00,朝日新聞デジタル,asahi,朝日新聞デジタル,608,\n受精直後の胚（はい）が一つから二つ、二つから四つに分裂する初期の段階だけ、細胞内のDNAの複製方法が特別な状態になる。八つへの分裂時には、染色体異常の発生率が跳ね上がる=理化学研究所の資料から\n受精直後の胚（はい）（受精卵）が一つから二つ、二つから四つと分裂する初期の段階だけ、細胞内のDNAの複製方法が特殊であることを、理化学研究所や神戸大などのチームがマウスの実験で発見した。この影響で、八つへの分裂時に、染色体異常の発生率が跳ね上がることも判明。ヒトでも似た仕組みが備わっているとみており、生殖医療に生かせる可能性があるという。\n【写真】研究成果について説明する理化学研究所の高橋沙央里・研究員（中央）ら=東京都千代田区\n体細胞が分裂する前には、遺伝情報を記録したゲノムDNAの鎖も細胞内で2本に複製されて、二つの細胞に1本ずつ分配される。効率よく複製が進むように、DNAの鎖上で複製が始まる場所やタイミングが定まっていることが知られる。\n\n 今回、研究チームがマウスで細胞分裂やDNA複製の様子を調べたところ、受精直後の1細胞（胚）から分裂する数日間だけ、特別な状態で複製が進むことがわかったという。\n\n 具体的には、細胞数が1から2、2から4に増える段階のときだけ、DNAの鎖上で複製がスタートする場所が通常より5倍も多く、速度は30倍以上遅かった。8細胞以降は通常だった。\n朝日新聞社,['https://newsatcl-pctr.c.yimg.jp/t/amd-img/20240829-00000026-asahi-000-2-view.jpg?exp=10800'],"['https://news.yahoo.co.jp/articles/097cfdb0046bbcf67b7560cd9139c35ff74e11b2/images/000', 'https://www.asahi.com/articles/photo/AS20240829001663.html?oai=ASS8Y0RKLS8YULBH00SM&ref=yahoo']"
野田元首相の出馬で広がる期待と戸惑い　立憲・泉氏「私にやらせて」（朝日新聞デジタル）,https://news.yahoo.co.jp/articles/8fa01f5aaf46089a02ce754a9cf8da073856026b,https://newsatcl-pctr.c.yimg.jp/t/amd-img/20240829-00000025-asahi-000-3-view.jpg?exp=10800,2024-08-29T15:21:29+09:00,2024-08-29T17:00:52+09:00,朝日新聞デジタル,asahi,朝日新聞デジタル,682,\n記者団の取材に応じる立憲民主党の泉健太代表\n立憲民主党の野田佳彦元首相（67）が党代表選（9月7日告示、23日投開票）への立候補表明をしたことで、党内からは論戦の活性化につながるとの期待の一方、「昔の顔」による戦いになることへの戸惑いも飛び交う。\n【写真】貧困の子供らを支援するNPOと意見交換する立憲民主党の枝野幸男前代表（左）=2024年8月29日午前11時5分、さいたま市見沼区、大久保貴裕撮影\n先に立候補表明をしている枝野幸男前代表（60）は視察先のさいたま市内で記者団に「とにかく自民党総裁選を凌駕（りょうが）する良い議論を国民の前でしていきたい」と意気込みをみせた。そのうえで、「野田元首相とそうした議論ができるとすれば大変楽しみだ」と語った。\n\n 立候補の意欲を示している泉健太代表（50）は千葉市での労働組合会合のあと、「どなたが出るのも自由」としつつ、「野田元首相、枝野前代表に、（覚悟は）全く引けをとらない。（2人とも）今の路線とそんなに変わらないのであれば、私がやらせていただけるのではないか」と記者団に述べ、強い対抗意識をむきだしにした。\n\n 現代表に前代表、そして元首相――。「あともう1人、なんとか若手か女性を出さないと『古い顔対決』になってしまう」と衆院中堅は指摘する。代表選には、当選1回の吉田晴美衆院議員（52）のほか、江田憲司元代表代行（68）や馬淵澄夫元国土交通相（64）らも立候補を模索しており、参院若手は「今後、各陣営の推薦人争奪戦がより激しくなるだろう」と語った。（大久保貴裕、伊沢健司）\n朝日新聞社,['https://newsatcl-pctr.c.yimg.jp/t/amd-img/20240829-00000025-asahi-000-3-view.jpg?exp=10800'],"['https://news.yahoo.co.jp/articles/8fa01f5aaf46089a02ce754a9cf8da073856026b/images/000', 'https://www.asahi.com/articles/photo/AS20240829002533.html?oai=ASS8Y21PGS8YUTFK01FM&ref=yahoo']"
米海軍オスプレイ岩国基地配備、県知事も容認「生活に影響与えず」（朝日新聞デジタル）,https://news.yahoo.co.jp/articles/f4556ca0f711da525de596e375a8b24b55504ded,https://newsatcl-pctr.c.yimg.jp/t/amd-img/20240829-00000021-asahi-000-2-view.jpg?exp=10800,2024-08-29T12:15:00+09:00,2024-08-29T12:57:55+09:00,朝日新聞デジタル,asahi,朝日新聞デジタル,501,\n米軍岩国基地に海軍のオスプレイなどが配備される計画を容認する意向を表明した村岡嗣政・山口県知事=2024年8月29日午前11時45分、山口市滝町の山口県庁、大室一也撮影\n米軍岩国基地（山口県岩国市）に海軍のオスプレイなどが配備される計画について、村岡嗣政知事は29日、「基地周辺住民の生活環境に大きな影響を与えるものではない」として、県として「理解する」とのコメントを出した。地元の岩国市や近隣の和木町、周防大島町が既に容認する考えを示したことも理由に挙げた。\n【写真】米軍岩国基地の一般開放日にデモ飛行する米軍のオスプレイ=2024年5月5日午後0時39分、山口県岩国市、鈴木史撮影\n防衛省の説明によると、空母艦載機の機種更新でオスプレイやステルス戦闘機のF35Cを岩国基地に配備するほか、海兵隊の戦闘機の態勢も一部更新する。米海軍のオスプレイの国内配備は初めて。\n\n 村岡知事はコメントで「機種更新は現機種の老朽化などを踏まえ、国の外交・防衛政策上、必要と考えている」とするとともに、「（岩国基地周辺の）騒音軽減対策や安全対策等を確実に実施するよう強く求める」と述べた。\n朝日新聞社,['https://newsatcl-pctr.c.yimg.jp/t/amd-img/20240829-00000021-asahi-000-2-view.jpg?exp=10800'],"['https://news.yahoo.co.jp/articles/f4556ca0f711da525de596e375a8b24b55504ded/images/000', 'https://www.asahi.com/articles/photo/AS20240829001855.html?oai=ASS8Y0VWFS8YTZNB002M&ref=yahoo']"
対中国強硬の米下院特別委トップが初来日　「台湾防衛を支援する」（朝日新聞デジタル）,https://news.yahoo.co.jp/articles/a3079a4c8ed148821ca079452c0cf349fd15e291,https://newsatcl-pctr.c.yimg.jp/t/amd-img/20240829-00000024-asahi-000-4-view.jpg?exp=10800,2024-08-29T15:15:00+09:00,2024-08-29T16:27:59+09:00,朝日新聞デジタル,asahi,朝日新聞デジタル,312,\nインタビューに答えるジョン・モーレナール米下院議員=2024年8月28日、東京都港区の米国大使館、小林一茂撮影\n米下院の「米国と中国共産党の戦略的競争に関する特別委員会」の委員長に就任したジョン・モーレナール下院議員が28日、東京都内で朝日新聞の単独インタビューに応じた。中国軍機による日本領空侵犯や南シナ海などにおける威圧的な行為を「侵略的だ」と批判。同委は台湾有事を念頭に、「台湾が可能な限り強力な防衛能力を整えることを支援していく」と述べた。\n【地図】北京中心の地図から見た東アジアの「急所」 バシー海峡めぐる攻防\n共和党議員のモーレナール氏は、4月に同委の委員長に就任し、このたび初来日した。\n朝日新聞社,['https://newsatcl-pctr.c.yimg.jp/t/amd-img/20240829-00000024-asahi-000-4-view.jpg?exp=10800'],"['https://news.yahoo.co.jp/articles/a3079a4c8ed148821ca079452c0cf349fd15e291/images/000', 'https://www.asahi.com/articles/photo/AS20240528003511.html?oai=ASS8Y1RKFS8YUHBI024M&ref=yahoo']"
地下鉄車内で女子高校生に体液をかけた疑い、34歳の会社員の男逮捕（朝日新聞デジタル）,https://news.yahoo.co.jp/articles/b3ad51f40046c777bc01d18722faf77ab7d60fca,https://newsatcl-pctr.c.yimg.jp/t/amd-img/20240829-00000022-asahi-000-2-view.jpg?exp=10800,2024-08-29T12:48:33+09:00,2024-08-29T15:04:20+09:00,朝日新聞デジタル,asahi,朝日新聞デジタル,284,\n警視庁本部=東京都千代田区霞が関２丁目\n地下鉄の車内で女子高校生の体を無理やり触り、体液をかけたとして、警視庁は29日、会社員の男（34）=東京都江東区潮見1丁目=を不同意わいせつと器物損壊の疑いで逮捕し、発表した。「やっていない。身に覚えがない」と容疑を否認しているという。\n\n 中央署によると、逮捕容疑は7月17日午前8時15分ごろ、東京メトロ東西線の車内で、通学中の女子高校生の下半身を触り、体液を衣服に付けて汚したというもの。\n\n 2人は面識がなく、女子高校生が約2時間後、両親とともに警察に被害を申告し、事件が発覚した。（三井新）\n朝日新聞社,['https://newsatcl-pctr.c.yimg.jp/t/amd-img/20240829-00000022-asahi-000-2-view.jpg?exp=10800'],['https://news.yahoo.co.jp/articles/b3ad51f40046c777bc01d18722faf77ab7d60fca/images/000']
トレンドマイクロ、96億円申告漏れ オランダ子会社めぐり国税指摘（朝日新聞デジタル）,https://news.yahoo.co.jp/articles/ad28717e012ce7f4b1da7f38c443cfd1465cda21,https://newsatcl-pctr.c.yimg.jp/t/amd-img/20240829-00000020-asahi-000-4-view.jpg?exp=10800,2024-08-29T12:00:00+09:00,2024-08-29T19:30:30+09:00,朝日新聞デジタル,asahi,朝日新聞デジタル,222,\n東京国税局＝東京都中央区\nコンピューターセキュリティー大手「トレンドマイクロ」（東京都新宿区）が東京国税局の税務調査を受け、約96億円の法人税の申告漏れを指摘されたことが関係者への取材でわかった。日本より税負担が軽いオランダにある子会社を巡り、「タックスヘイブン（租税回避地）対策税制」を適用されたという。\n\n 追徴税額（更正処分）は、2022年12月期までの3年間で、過少申告加算税を含め計約24億円に上るとみられる。\n朝日新聞社,['https://newsatcl-pctr.c.yimg.jp/t/amd-img/20240829-00000020-asahi-000-4-view.jpg?exp=10800'],['https://news.yahoo.co.jp/articles/ad28717e012ce7f4b1da7f38c443cfd1465cda21/images/000']
台風10号が鹿児島県に上陸、緊急安全確保を発出　最大級の警戒を（朝日新聞デジタル）,https://news.yahoo.co.jp/articles/e727fcf15d22823b738e2eae292e418d53af6c69,https://newsatcl-pctr.c.yimg.jp/t/amd-img/20240829-00000018-asahi-000-2-view.jpg?exp=10800,2024-08-29T11:51:49+09:00,2024-08-29T13:26:59+09:00,朝日新聞デジタル,asahi,朝日新聞デジタル,1337,\n29日正午時点の台風10号の進路図=気象庁ウェブサイトから\n気象庁は29日、台風10号が同日午前8時ごろ、鹿児島県薩摩川内市付近に上陸したと発表した。各地で暴風や大雨による被害が発生し、宮崎県では突風によるとみられる被害で8人が負傷。また、愛知県で27日夜に発生した土砂崩れ現場では行方不明だった1人が発見されたが、死亡が確認された。台風は30日朝にかけて九州地方にとどまるとみられ、気象庁は最大級の警戒を呼びかけている。\n\n 総務省消防庁の29日午前9時現在のまとめによると、鹿児島県の202世帯に緊急安全確保が、同県と大分、宮崎、熊本、静岡、愛知、愛媛の計7県の計約199万世帯に避難指示が出された。また、大分県由布市は29日午前8時すぎ、同市の宮川が氾濫（はんらん）したとして1256世帯2311人に緊急安全確保を出した。同県宇佐市でも駅館川（やっかんがわ）が氾濫危険水位を超えたとして、市内の1万5712世帯に緊急安全確保が出された。\n\n 28日午後10時50分ごろから、宮崎市を流れる大淀川と宮崎空港の間に位置する恒久や城ケ崎、田吉、赤江地区の住民らから「窓ガラスが割れてけがをした」などの119番通報が相次いだ。市消防局によると、10歳未満の男児から60代の男性まで男女8人が搬送された。いずれもガラスで切るなど軽いけがという。\n\n 一帯では、窓ガラスが割れたり、建物の壁がはがれたりする被害があり、突風が吹いたとみられる。通報は数十件あり、消防はけがが軽いと判断した場合は、安全になってから自力で受診するよう要請したため、実際のけが人はもっと多いとみている。\n\n 気象庁は、大分県で線状降水帯が発生し、非常に激しい雨が同じ場所で降り続いているとして、「顕著な大雨に関する情報」を発表。鹿児島県（奄美地方を除く）、宮崎県でも29日未明に相次いで発表した。命に危険が及ぶ土砂災害や洪水による災害発生の危険度が急激に高まっているとしている。\n\n 愛知県蒲郡市竹谷町大久古で27日夜、家族5人が生き埋めとなった土砂崩れでは29日、行方がわからなかった70代男性が発見されたが、死亡が確認された。同市が発表した。5人全員が見つかったが、死者は3人となった。\n\n 九州電力鹿児島支店によると、鹿児島県内では29日午前9時現在、約22万戸が停電している。\n\n 交通も乱れた。九州新幹線は29日、博多―鹿児島中央間で午前9時ごろから終日運休。30日も始発から見合わせる予定という。山陽新幹線は29日午後5時ごろから広島―博多間で計画運休を実施する。30日午前も運転を見合わせる見通しだ。東海道新幹線も30日始発から三島―名古屋間で終日運転を見合わせる。\n\n 気象庁によると、台風10号は29日午前9時時点で、鹿児島県出水市付近を時速15キロの遅い速度で北北東へ進む。中心気圧は960ヘクトパスカル。中心付近の最大風速は40メートルで、最大瞬間風速は55メートル。中心から半径110キロ以内では風速25メートル以上の暴風が吹いている。宮崎県美郷町では、29日午前10時前までの24時間雨量が652ミリに達する猛烈な雨となった。\n朝日新聞社,['https://newsatcl-pctr.c.yimg.jp/t/amd-img/20240829-00000018-asahi-000-2-view.jpg?exp=10800'],['https://news.yahoo.co.jp/articles/e727fcf15d22823b738e2eae292e418d53af6c69/images/000']
日本製鉄、USスチールの2製鉄所への1900億円の追加投資を発表（朝日新聞デジタル）,https://news.yahoo.co.jp/articles/b6b9d4634e9c8b130cc0f7825c26c0fae06157a5,https://newsatcl-pctr.c.yimg.jp/t/amd-img/20240829-00000015-asahi-000-1-view.jpg?exp=10800,2024-08-29T11:27:10+09:00,2024-08-29T11:27:10+09:00,朝日新聞デジタル,asahi,朝日新聞デジタル,376,\n日本製鉄の看板=東京都千代田区\n日本製鉄は29日、買収を計画している米鉄鋼大手USスチールの製鉄所に対し、13億ドル（約1900億円）を追加で投資する計画を発表した。全米鉄鋼労働組合（USW）などから買収計画への理解を取り付ける狙いがありそうだ。\n【写真】USスチールの本社ビル＝2018年、米ピッツバーグ、江渕崇撮影\n計画では、ペンシルベニア州のモンバレー製鉄所では少なくとも10億ドルを投じて熱延設備の新設か更新を進めて、高級鋼材の供給力を増強する。インディアナ州のゲイリー製鉄所では高炉の改修に3億ドルを充て、稼働できる期間を約20年延ばす。\n\n 日鉄は今年3月、USスチールに2026年までに14億ドルを投資すると発表していた。今回公表した13億ドルの投資は大部分が新たな追加で、投資は27年以降も続く見通しという。\n朝日新聞社,['https://newsatcl-pctr.c.yimg.jp/t/amd-img/20240829-00000015-asahi-000-1-view.jpg?exp=10800'],"['https://news.yahoo.co.jp/articles/b6b9d4634e9c8b130cc0f7825c26c0fae06157a5/images/000', 'https://www.asahi.com/articles/photo/AS20240829001574.html?oai=ASS8Y0PD4S8YULFA00BM&ref=yahoo']"
大分、宮崎で河川の氾濫相次ぐ　台風10号による大雨、各地で警戒（朝日新聞デジタル）,https://news.yahoo.co.jp/articles/e0630e852b27ef55daa087b4ae9c3b61c5268282,https://newsatcl-pctr.c.yimg.jp/t/amd-img/20240829-00000019-asahi-000-1-view.jpg?exp=10800,2024-08-29T11:56:46+09:00,2024-08-29T11:56:46+09:00,朝日新聞デジタル,asahi,朝日新聞デジタル,321,\n氾濫危険水位を超えた大分県宇佐市の駅館川下流=29日午前、国土交通省のライブカメラから\n台風10号の影響で、宮崎、大分両県では河川が氾濫（はんらん）したり、氾濫危険水位を超えたりしている。\n\n 午前9時20分ごろ、宮崎市高岡町を流れる大淀川水系・瓜田川で氾濫発生情報が発表された。宮崎県によると、川沿いの市道に水があふれているという。\n\n 大分県では、午前8時ごろに由布市の宮川が氾濫し、同9時すぎには宇佐市の駅館（やっかん）川が氾濫危険水位を超えた。\n\n この影響で由布市で1256世帯2311人、宇佐市では1万5712世帯2万7015人に「緊急安全確保」が出された。両市で人的被害は確認されていないという。\n朝日新聞社,['https://newsatcl-pctr.c.yimg.jp/t/amd-img/20240829-00000019-asahi-000-1-view.jpg?exp=10800'],['https://news.yahoo.co.jp/articles/e0630e852b27ef55daa087b4ae9c3b61c5268282/images/000']
旅客船に亀裂、浸水に気づいた後も運航続ける　敦賀の観光地を周航（朝日新聞デジタル）,https://news.yahoo.co.jp/articles/bdb2ecf0391756b8550c98769b8a7ab9d8e29f66,https://newsatcl-pctr.c.yimg.jp/t/amd-img/20240829-00000016-asahi-000-4-view.jpg?exp=10800,2024-08-29T11:27:52+09:00,2024-08-29T19:48:55+09:00,朝日新聞デジタル,asahi,朝日新聞デジタル,717,\n浸水したまま運航を続けたことが明らかになった第八観光丸=近江トラベル提供\n近江トラベル（滋賀県彦根市）は28日、福井県敦賀市沖の観光地・水島を周航する旅客船の船長が、浸水と亀裂に気づきながらも運航を続けていたと発表した。亀裂発見後に乗せた客は延べ208人になる。本社の安全統括管理者から中止の指示を受けた後も40分間以上、航行を継続していたという。\n【写真】第八観光丸の破損箇所=近江トラベル提供\n同社によると、問題が発覚したのは、敦賀半島と水島の間を運航する「第八観光丸」。10日の運航後、営業所に戻る際に船尾に不自然な揺れがあり、船長が船尾の床下に水が約10センチの深さまでたまっているのを確認したが、原因は分からなかったという。\n\n 翌11日正午過ぎに客を乗せて航行中、船長は船体の傾きに違和感を覚え、右側面の船尾に亀裂を発見したが運航を継続。午後2時前に再び浸水を確認して本社の安全統括管理者に報告した。管理者は運航中止を指示したが、船長は亀裂が海面より上だとして、同2時43分まで運航を続けたという。\n\n 近江トラベルは事案について国土交通省に報告せず、修理後の検査も受けないまま、翌12日に運航を再開していた。近江トラベルが17日に親会社の近江鉄道に伝え、国交省などに報告したという。現在運航は中止している。\n\n 近江トラベルは「お客様に多大な迷惑と心配をおかけし、深くおわびします。安全管理体制の構築に取り組み、再発防止に努めます」と謝罪した。近江鉄道の担当者は「運航の安全に関する意識が欠如していた。監督官庁の調査には全面的に協力する。運航再開の見込みは未定」と話した。（佐藤常敬）\n朝日新聞社,['https://newsatcl-pctr.c.yimg.jp/t/amd-img/20240829-00000016-asahi-000-4-view.jpg?exp=10800'],"['https://news.yahoo.co.jp/articles/bdb2ecf0391756b8550c98769b8a7ab9d8e29f66/images/000', 'https://www.asahi.com/articles/photo/AS20240829000109.html?oai=ASS8X544XS8XPGJB005M&ref=yahoo']"
プール授業中におぼれ、小6女児が意識不明　北海道北広島市（朝日新聞デジタル）,https://news.yahoo.co.jp/articles/1337cde4ef211a6b483e5d08c782ec8027d0a72b,https://newsatcl-pctr.c.yimg.jp/t/amd-img/20240829-00000014-asahi-000-7-view.jpg?exp=10800,2024-08-29T11:15:00+09:00,2024-08-29T19:47:57+09:00,朝日新聞デジタル,asahi,朝日新聞デジタル,375,\n事故があった市民プール=2024年8月29日午前11時10分、北海道北広島市、新谷千布美撮影\n29日午前9時半ごろ、北海道北広島市白樺町3丁目の市民プール「白樺プール」の関係者から「授業中におぼれた」と119番通報があった。\n【写真】水泳の授業で衣服を着たままプールに入る児童ら\n市教委によると、近くの市立小学校6年の女児が水泳の授業中におぼれた。教諭らが、AEDを使って措置し、呼吸や脈の確認はできたものの、意識が戻らない状態が続いているという。\n\n 市民プールを使った体育の授業中で、6年生39人が習熟度別に三つのグループに分かれて水泳をしていた。女児は最も習熟度の高いグループで、25メートルを泳いでいたという。別の児童が女児が水に浮いているのに気づき、教諭らに声をかけた。当時、教諭3人と指導員1人の計4人がいた。\n朝日新聞社,['https://newsatcl-pctr.c.yimg.jp/t/amd-img/20240829-00000014-asahi-000-7-view.jpg?exp=10800'],"['https://news.yahoo.co.jp/articles/1337cde4ef211a6b483e5d08c782ec8027d0a72b/images/000', 'https://www.asahi.com/articles/photo/AS20240731002813.html?oai=ASS8Y0PYWS8YIIPE003M&ref=yahoo']"
野田元首相、立憲代表選に出馬意向を表明　「再び首相めざす決意」（朝日新聞デジタル）,https://news.yahoo.co.jp/articles/834b8f81c672459a4f42e030b568aec05daa1368,https://newsatcl-pctr.c.yimg.jp/t/amd-img/20240829-00000013-asahi-000-3-view.jpg?exp=10800,2024-08-29T11:14:47+09:00,2024-08-29T15:41:33+09:00,朝日新聞デジタル,asahi,朝日新聞デジタル,499,\n記者団の取材に応じる野田佳彦元首相=2024年8月29日午前9時25分、千葉県習志野市、小林圭撮影\n立憲民主党の野田佳彦元首相（67）は29日朝、代表選（9月7日告示、23日投開票）に立候補する意向を表明した。地元の千葉県習志野市で「熟慮をしてきたが、代表選にチャレンジをする決意を固めた。すなわちそれは、再び首相を目指す決意だ」と記者団に語った。来月5日には政策発表の記者会見を開く。\n【写真】記者団の取材に応じる野田佳彦元首相=2024年8月29日午前9時33分、千葉県習志野市、小林圭撮影\nまた野田氏は、立候補に必要な20人の推薦人について、「超えることができるだろう」と語った。代表選立候補の正式表明は枝野幸男前代表（60）に続き2人目。\n\n 秋にも見込まれる次期衆院選については、「目標は自民党を単独過半数割れに追い込むことだ」としたうえで、「自民に失望した自民支持層の心をつかむ。立憲だけで届かなければ野党連携が必要になる」と語った。一方、共産党との連携については「対話できる関係は必要だ。ただ、政権を一緒に担えるかというとできないと思う」との見方を示した。\n朝日新聞社,['https://newsatcl-pctr.c.yimg.jp/t/amd-img/20240829-00000013-asahi-000-3-view.jpg?exp=10800'],"['https://news.yahoo.co.jp/articles/834b8f81c672459a4f42e030b568aec05daa1368/images/000', 'https://www.asahi.com/articles/photo/AS20240829001520.html?oai=ASS8Y0J5PS8YUTFK008M&ref=yahoo']"
ドローン配備に2.5億円要求へ　災害対応や要人警護で　警察庁（朝日新聞デジタル）,https://news.yahoo.co.jp/articles/a62fd02ed6df4bb3b96c200d98a4d9584c07dea2,https://newsatcl-pctr.c.yimg.jp/t/amd-img/20240829-00000011-asahi-000-1-view.jpg?exp=10800,2024-08-29T10:45:41+09:00,2024-08-29T10:45:41+09:00,朝日新聞デジタル,asahi,朝日新聞デジタル,753,\n飛行するカメラ搭載のドローン＝徳島県鳴門市提供\n警察庁は、都道府県警に配備しているドローンの数や機能を拡充し、災害対応や要人警護への活用を進める方針を決めた。購入費用などとして来年度予算の概算要求に2億4800万円を計上。無線と有線を切り替えられるタイプなどを導入し、新たな活用分野も研究する。ドローンの運用や、ドローンを使った攻撃への対処を担当する専門の部署を警備局に新設する方針だ。\n\n ドローンは、災害では2014年の御嶽山噴火や18年の北海道胆振東部地震、21年の静岡県熱海市での土石流などで、上空からの行方不明者捜索や警戒活動に使われてきた。\n\n■長時間飛行、耐風機能の機種購入へ\n\n 今年1月の能登半島地震をきっかけに、警察庁は被災地における車両の検問にドローンを活用できないかを検討。上空から映像を撮影し、地上の警察官などが確認するといった使い方ができるという。こうした活用では一定の範囲内で長時間飛行できる有線を使用し、捜索などの際は無線に切り替えて広範囲を飛べる機体を新たに導入する。防水や耐風の機能がある悪天候に強い機種や、より長時間飛べる翼がついた機種などを購入し、活用方法を検討する。\n\n 要人警護では23年度に全都道府県警にドローンを配備。選挙の演説会場などで、上空から不審な動きをしている人物がいないかなどを監視する取り組みを始めている。\n\n ドローンはテロや犯罪で上空からの攻撃に悪用されることもある。ロシアによるウクライナ侵攻でも使われた。国内ではサミットなどの大規模イベントの際に、警察はドローンによる攻撃に備えた体制を取っている。警察庁は、ドローンによる脅威について海外での事例なども含めて情報収集や研究を進めていく。（板倉大地）\n朝日新聞社,['https://newsatcl-pctr.c.yimg.jp/t/amd-img/20240829-00000011-asahi-000-1-view.jpg?exp=10800'],['https://news.yahoo.co.jp/articles/a62fd02ed6df4bb3b96c200d98a4d9584c07dea2/images/000']
統合新病院の設置場所、決定1カ月先送りして9月中に（朝日新聞デジタル）,https://news.yahoo.co.jp/articles/e2aac6aba90df3f6f2d14610e4246333340c4025,https://newsatcl-pctr.c.yimg.jp/t/amd-img/20240829-00000012-asahi-000-1-view.jpg?exp=10800,2024-08-29T10:45:00+09:00,2024-08-29T10:45:00+09:00,朝日新聞デジタル,asahi,朝日新聞デジタル,661,\n会談する宮下宗一郎知事（左）と西秀記市長=2024年8月28日午前9時1分、県庁、江湖良二撮影\n青森県立中央病院と青森市民病院を統合し、県と青森市が共同経営する新病院の整備場所について、県と市は8月中としていた決定を1カ月延ばし、9月中に変更した。宮下宗一郎知事と西秀記市長が28日、県庁で会談、合意して発表した。\n\n 統合新病院の候補地については、青森市の「青い森セントラルパーク」のほかに「浜田中央公園・県営スケート場周辺」案が浮上。14日に開かれた市の検討会議で、スケート場周辺住民の意向を探る説明会の開催を決めた。\n\n 決定時期の先送りについて、宮下知事と西市長は、住民への説明などに時間を要することを理由に挙げる。説明会は市が9月1日に開催。関係町会の代表を集め、県の担当者も同席する方針だ。その後、市の検討会議や市と県による有識者会議を経て候補地を絞り込む。\n\n 宮下知事は、会談後の会見で「検討会議や有識者会議を開いて、その判断を聞くのがこれからのプロセス。1カ月で足りる」。西市長は「地域住民からは細かい話が聞きたい、との声があった。しっかり丁寧に対応していきたい」と語った。\n\n 新病院の開院時期について、県などは当初2030年3月ごろとしていた。だが、資材の高騰や人手不足などの建設業界の動向を理由に、今月9日の県議会全員協議会で、約2年半先延ばしして32年10月になると説明した。今回の建設場所の決定延期により、さらに開院時期が延びることはないという。（江湖良二）\n朝日新聞社,['https://newsatcl-pctr.c.yimg.jp/t/amd-img/20240829-00000012-asahi-000-1-view.jpg?exp=10800'],['https://news.yahoo.co.jp/articles/e2aac6aba90df3f6f2d14610e4246333340c4025/images/000']
ウィッグや人工乳房の購入費を補助　がん以外に対象拡大　埼玉・志木（朝日新聞デジタル）,https://news.yahoo.co.jp/articles/554c556ebd62aa16637d2b225cd75f3998b32280,https://newsatcl-pctr.c.yimg.jp/t/amd-img/20240829-00000017-asahi-000-1-view.jpg?exp=10800,2024-08-29T11:00:01+09:00,2024-08-29T11:00:01+09:00,朝日新聞デジタル,asahi,朝日新聞デジタル,386,\n埼玉県\n埼玉県志木市は病気などで脱毛したり乳房を失ったりした市民がウィッグや胸部補整具（人工乳房）などを購入する際の補助金給付を始める。がん治療による外見の変化に苦痛を感じる人たちに支給する県の補助制度をさらに進め、がん以外の患者にも支給対象を広げる取り組みで、同様の支給は県内初という。\n\n 外見の変化を目立たなくする「アピアランスケア用品」であるウィッグや人工乳房、人工皮膚などが対象になる。1人1回限りで1万円を上限に購入額の2分の1を補助する。市は年50人程度の申請を見込んでおり、29日に開会する9月定例市議会に事業費50万円を盛り込んだ補正予算案を出す。\n\n がん治療者の場合、医師の診断書や治療方針の計画書が必要。その他の病気の場合は、職員が窓口で聞き取りをする。問い合わせは市健康政策課（048・473・1674）。（抜井規泰）\n朝日新聞社,['https://newsatcl-pctr.c.yimg.jp/t/amd-img/20240829-00000017-asahi-000-1-view.jpg?exp=10800'],['https://news.yahoo.co.jp/articles/554c556ebd62aa16637d2b225cd75f3998b32280/images/000']
米エヌビディア、売上高2倍　AI向け半導体が好調　5～7月期決算（朝日新聞デジタル）,https://news.yahoo.co.jp/articles/77b4b6858f25086f62b2888243ac7ebb66ac6b2a,https://newsatcl-pctr.c.yimg.jp/t/amd-img/20240829-00000010-asahi-000-2-view.jpg?exp=10800,2024-08-29T10:19:13+09:00,2024-08-29T12:28:17+09:00,朝日新聞デジタル,asahi,朝日新聞デジタル,240,\nエヌビディアのロゴ=ロイター\n米半導体大手エヌビディアが28日発表した5～7月期決算は、売上高、純利益とも前年同期より2倍以上となった。人工知能（AI）ブームを追い風に、その情報処理を担うデータセンター向けの高性能半導体が好調で、AI向け需要の強さを改めて示した。\n\n 売上高は前年同期比2.2倍の300億ドル（約4.3兆円）、純利益は約2.7倍の166億ドル（約2.4兆円）だった。8～10月期の売上高は325億ドルを予想しており、前期を上回ると見込む。\n朝日新聞社,['https://newsatcl-pctr.c.yimg.jp/t/amd-img/20240829-00000010-asahi-000-2-view.jpg?exp=10800'],['https://news.yahoo.co.jp/articles/77b4b6858f25086f62b2888243ac7ebb66ac6b2a/images/000']
京都市の水道水にカビ臭、消臭追いつかず　琵琶湖でプランクトン急増（朝日新聞デジタル）,https://news.yahoo.co.jp/articles/2ba3047e7fcaf1b23cd9691bcd2e039be6a80501,https://newsatcl-pctr.c.yimg.jp/t/amd-img/20240829-00000023-asahi-000-2-view.jpg?exp=10800,2024-08-29T10:15:01+09:00,2024-08-29T13:07:20+09:00,朝日新聞デジタル,asahi,朝日新聞デジタル,522,\n琵琶湖で発生したアオコ=滋賀県草津市の北山田漁港、滋賀県琵琶湖保全再生課提供\n京都市の水道水がカビ臭を放っている。水源の琵琶湖で発生している植物プランクトンが原因だ。市は「臭い消し」に懸命だが、なかなか追いつかないのが現状だ。\n【写真】カビ臭の原因物質ジェオスミンを発生させる植物プランクトン「アナベナ」=京都市上下水道局提供\n臭いの感じ方は人それぞれ。記者の場合、今月初めごろから土くさい臭いが気になり始めた。飲料は「水出し麦茶」を濃くして、お風呂も普段は使わない入浴剤でごまかしている。\n\n 市上下水道局によると、市は水道水の約99%を琵琶湖疏水を通じて取水している。蹴上（けあげ）浄水場（京都市東山区）で今月15日、カビ臭の原因物質ジェオスミンが水1リットルあたり14ナノグラム検出され、水道法が定める基準値の10ナノグラムを超過した。2004年9月以来、20年ぶりだという。\n\n 市は、ジェオスミンを発生させる植物プランクトン「アナベナ」が琵琶湖の南湖で急増しているのが原因とみる。浄水設備が許容する最大量の粉末活性炭を注入し、臭い消しに努めている。過去10年間の平均注入量の3～4倍にあたる量だという。\n朝日新聞社,['https://newsatcl-pctr.c.yimg.jp/t/amd-img/20240829-00000023-asahi-000-2-view.jpg?exp=10800'],"['https://news.yahoo.co.jp/articles/2ba3047e7fcaf1b23cd9691bcd2e039be6a80501/images/000', 'https://www.asahi.com/articles/photo/AS20240828003443.html?oai=ASS8X45SPS8XPLZB00HM&ref=yahoo']"
「幸せに元気に育って」思い詰め　神戸の生田神社で七五三準備始まる（朝日新聞デジタル）,https://news.yahoo.co.jp/articles/c3c0c08fe218c507a3680c7d2e0b76fdada1ab31,https://newsatcl-pctr.c.yimg.jp/t/amd-img/20240829-00000009-asahi-000-1-view.jpg?exp=10800,2024-08-29T09:00:00+09:00,2024-08-29T09:00:00+09:00,朝日新聞デジタル,asahi,朝日新聞デジタル,438,\n七五三の参拝シーズンに向け、紅白の千歳あめの袋詰めをする生田神社の巫女（みこ）=2024年8月25日、神戸市中央区、遠藤真梨撮影\n神戸市中央区の生田神社で、七五三の参拝客に手渡す「千歳あめ」の袋詰めが行われている。\n【写真】七五三の参拝シーズンに向け、紅白の千歳あめの袋詰めをする生田神社の巫女（みこ）=2024年8月25日、神戸市中央区、遠藤真梨撮影\n神社によると、本来の七五三は11月15日だが、コロナ禍で始まった参拝の分散傾向が今も続き、9月にお参りに来る人も多い。あめの準備も、以前は10月ごろ始めたが、前倒しした。\n\n 今年は4千袋を準備する予定で、4人の巫女（みこ）が手作業で、紅白のあめを紙の袋に詰める。子どものころ、生田神社で七五三のお参りをした巫女（みこ）の川元映月（えるな）さん（22）は、「今も忘れられない思い出。もらう側から渡す側になり、幸せに元気に育っていただけるよう、思いをこめて袋詰めしています」と話した。（遠藤真梨）\n朝日新聞社,['https://newsatcl-pctr.c.yimg.jp/t/amd-img/20240829-00000009-asahi-000-1-view.jpg?exp=10800'],"['https://news.yahoo.co.jp/articles/c3c0c08fe218c507a3680c7d2e0b76fdada1ab31/images/000', 'https://www.asahi.com/articles/photo/AS20240827002980.html?oai=ASS8W3CSWS8WPQIP00HM&ref=yahoo']"
パリパラリンピック開幕　コンコルド広場で開会式　難民選手団も参加（朝日新聞デジタル）,https://news.yahoo.co.jp/articles/7e3abbb5b4b7a7522187ff306a53d2c4ba8a3093,https://newsatcl-pctr.c.yimg.jp/t/amd-img/20240829-00000007-asahi-000-4-view.jpg?exp=10800,2024-08-29T07:44:24+09:00,2024-08-29T19:20:36+09:00,朝日新聞デジタル,asahi,朝日新聞デジタル,406,\nパリ・パラリンピック開会式で行進する日本選手団=2024年8月28日午後9時15分、コンコルド広場、伊藤進之介撮影\n第17回夏季パラリンピック・パリ大会の開会式が28日（日本時間29日未明）、パリ市内中心部のコンコルド広場で開かれ、12日間におよぶ障害者スポーツの祭典が幕を開けました。\n【写真】パリ・パラリンピック開会式で入場行進する難民選手団=2024年8月28日午後9時39分、コンコルド広場、伊藤進之介撮影\n各国の選手たちは、シャンゼリゼ通りをコンコルド広場まで行進し、沿道から多くの観客が拍手や声援を送っていました。\n\n 今大会には、史上最多となる167の国・地域と、難民選手団が参加。約4400人が22競技549種目で熱戦を繰り広げます。日本は海外開催の大会では最多となる175選手が参加。過去最多の52だった2004年アテネ大会を超えるメダルの獲得を目標に掲げています。\n朝日新聞社,['https://newsatcl-pctr.c.yimg.jp/t/amd-img/20240829-00000007-asahi-000-4-view.jpg?exp=10800'],"['https://news.yahoo.co.jp/articles/7e3abbb5b4b7a7522187ff306a53d2c4ba8a3093/images/000', 'https://www.asahi.com/articles/photo/AS20240829000853.html?oai=ASS8X7F69S8XUQIP006M&ref=yahoo']"
愛知・蒲郡の土砂崩れ、3人の死亡確認　家族5人生き埋め、全員発見（朝日新聞デジタル）,https://news.yahoo.co.jp/articles/73a24adede863b46abe9791ed2e0da143b1e442d,https://newsatcl-pctr.c.yimg.jp/t/amd-img/20240829-00000006-asahi-000-2-view.jpg?exp=10800,2024-08-29T08:00:25+09:00,2024-08-29T10:43:56+09:00,朝日新聞デジタル,asahi,朝日新聞デジタル,452,\n土砂崩れ現場で救助作業をする消防隊員ら=2024年8月28日午前6時51分、愛知県蒲郡市竹谷町、溝脇正撮影\n愛知県蒲郡市竹谷町大久古で27日夜、家族5人が生き埋めとなった土砂崩れで、同市は29日、行方がわからなかった70代男性を発見したが、死亡が確認されたと発表した。5人全員救助され、死者は3人となった。\n【写真】土砂崩れに巻き込まれた住宅=2024年8月28日午後0時21分、愛知県蒲郡市竹谷町、朝日新聞社ヘリから、筋野健太撮影\n市などによると、27日午後10時10分ごろ、女性から「家族5人が生き埋めになった」と119番通報があり、約2時間後に40代女性を救助。軽傷だった。その後、女性2人と男性1人が助け出されたが、70代女性と30代とみられる男性が死亡。40代女性が重傷を負った。\n\n 市消防本部などによると、生き埋めになったのは70代の父親と母親、40代の長女と次女、30代の長男の計5人。長女が通報した。消防隊員や自衛隊員らが約110人態勢で捜索に当たっていた。\n朝日新聞社,['https://newsatcl-pctr.c.yimg.jp/t/amd-img/20240829-00000006-asahi-000-2-view.jpg?exp=10800'],"['https://news.yahoo.co.jp/articles/73a24adede863b46abe9791ed2e0da143b1e442d/images/000', 'https://www.asahi.com/articles/photo/AS20240829000874.html?oai=ASS8X7K5BS8XUQIP007M&ref=yahoo']"
ロシア、米WSJ記者ら92人を入国禁止　「偽情報を拡散」と主張（朝日新聞デジタル）,https://news.yahoo.co.jp/articles/1ce9c836296a338f43742a8908771034d0d195a2,https://newsatcl-pctr.c.yimg.jp/t/amd-img/20240829-00000008-asahi-000-7-view.jpg?exp=10800,2024-08-29T08:00:00+09:00,2024-08-29T13:42:40+09:00,朝日新聞デジタル,asahi,朝日新聞デジタル,501,\nモスクワで2023年10月、被告人席に立つ米ウォールストリート・ジャーナル（WSJ）のエバン・ゲルシュコビッチ記者=ロイター\nロシア外務省は28日、ウクライナ侵攻を取材する米国人のジャーナリストや米軍、検察の幹部ら計92人を無期限で入国禁止にすると発表した。\n【写真】ロシアの外国人記者、強まる監視の目 「スパイだ」SNSに顔写真\n単独の組織では、ロシアで記者がスパイ罪に問われ、身柄交換で解放された米ウォールストリート・ジャーナル（WSJ）関係が14人と最多。記者のほかに編集長やキーウ支局長、元モスクワ支局長らが対象になった。ニューヨーク・タイムズやワシントン・ポストなどで侵攻関連の取材を担当する記者も含まれた。\n\n ロシア外務省は発表で「ロシアとロシア軍の偽情報を拡散し、米政府の『ハイブリッド戦争』の隠蔽（いんぺい）に関与している」と批判。米政府や米宇宙軍の幹部に加え、ウクライナ軍を支援しているとして、軍事企業や金融機関幹部も含めた。\n\n 米国が今後もウクライナへの支援やロシアへの内政干渉といった敵対行為を続ける場合、さらに入国禁止対象を増やすとしている。\n朝日新聞社,['https://newsatcl-pctr.c.yimg.jp/t/amd-img/20240829-00000008-asahi-000-7-view.jpg?exp=10800'],"['https://news.yahoo.co.jp/articles/1ce9c836296a338f43742a8908771034d0d195a2/images/000', 'https://www.asahi.com/articles/photo/AS20230419002907.html?oai=ASS8X7FVPS8XUHBI006M&ref=yahoo']"
パリ・パラリンピックが開幕　史上最多167の国と地域が参加（朝日新聞デジタル）,https://news.yahoo.co.jp/articles/f01b1e0add908a28e06ca0e58f57ca1fc793a635,https://newsatcl-pctr.c.yimg.jp/t/amd-img/20240829-00000004-asahi-000-9-view.jpg?exp=10800,2024-08-29T06:32:08+09:00,2024-08-29T13:33:43+09:00,朝日新聞デジタル,asahi,朝日新聞デジタル,729,\nパリ・パラリンピック開会式でコンコルド広場を行進し、日の丸を振る小田凱人（中央）=2024年8月28日午後9時18分、伊藤進之介撮影\n第17回夏季パラリンピック・パリ大会は28日（日本時間29日未明）、パリ市中心部のコンコルド広場で開会式が行われ、12日間におよぶ障害者スポーツの祭典が幕を開けた。セーヌ川での船上パレードが話題になったパリ五輪に続き、スタジアム外での開会式は史上初めて。五輪を3度開催しているパリで、1960年大会を第1回大会とするパラリンピックを開くのも初めてとなる。\n【画像】芥川賞作家の市川沙央さんが見つめるパラ 求められる一丁目一番地と「100点」\n今大会には、2012年のロンドン大会の164を超え、史上最多となる167の国・地域と難民選手団が参加する。エリトリア、キリバス、コソボが初参加。また、ウクライナに侵攻しているロシアと同盟国ベラルーシの選手計96人が、個人資格の中立選手（NPA）としてエントリーしている。肢体不自由、視覚障害、知的障害などのある約4400人が22競技549種目で競いあう。女性比率は史上最高の45%で、過去最多の約2千人の出場を見込んでいる。\n\n 日本は海外開催の大会では最多となる175選手が、シッティングバレーを除く、21競技に参加。過去最多の52だった04年アテネ大会を超えるメダル獲得を目標に掲げる。開会式では、車いすテニス男子の小田凱人や競泳男子の木村敬一らが笑顔で行進。旗手は競泳女子の西田杏と陸上男子の石山大輝が務めた。西田は「五輪でも使われていたコンコルド広場で開幕し、バトンを渡されたようでとてもワクワクする開会式でした」とコメントを出した。（佐藤祐生）\n朝日新聞社,['https://newsatcl-pctr.c.yimg.jp/t/amd-img/20240829-00000004-asahi-000-9-view.jpg?exp=10800'],"['https://news.yahoo.co.jp/articles/f01b1e0add908a28e06ca0e58f57ca1fc793a635/images/000', 'https://www.asahi.com/articles/photo/AS20240822002205.html?oai=ASS8X6VFHS8XUTQP01FM&ref=yahoo']"
リアルな居場所、行きにくい子たちへ　三重・桑名市がメタバース活用（朝日新聞デジタル）,https://news.yahoo.co.jp/articles/f70e4ab41997264c048af4eebea663890c3dc00a,https://newsatcl-pctr.c.yimg.jp/t/amd-img/20240829-00000003-asahi-000-1-view.jpg?exp=10800,2024-08-29T06:00:00+09:00,2024-08-29T06:00:00+09:00,朝日新聞デジタル,asahi,朝日新聞デジタル,1051,\n「メタバースから地域につながるこどもの居場所」事業の協定を締結したカタリバの今村久美代表理事（左）、太陽の家の対馬あさみ理事長（右）と桑名市の伊藤徳宇市長=2024年8月20日午後3時41分、桑名市役所、鈴木裕撮影\n学校にも、リアルな居場所にも行きにくい子どもたちに、まずはネット上の仮想空間で自分が安心できる居場所を見つけてもらいたい。こんな願いを込め、三重県桑名市が「メタバースから地域につながるこどもの居場所」事業を11月にも始める。仮想から現実へ、子どもたちと段階的に信頼関係を築きながら支援を進めていく。\n【写真】カタリバが運営するメタバース空間の居場所の画面。子どもたちはアバターで参加する=2024年8月20日午後3時50分、桑名市役所、鈴木裕撮影\n2022年度、全国で約29万9千人と過去最多だった小・中学校の不登校の児童生徒数。桑名市は今年度までに、6カ所のリアルな居場所を整備し、食事や遊び、学習の提供や資格取得の支援、SNSを活用した寄り添い支援などを進めてきた。\n\n だが、その中で、「ほかの子と会うのが怖い」「自分に自信がない」といった理由で、居場所にも行けない子がいることが分かってきたという。\n\n■オンラインで自習、ゲーム、おしゃべりも\n\n そこで注目したのが、インターネット上の仮想空間「メタバース」だ。事業は、不登校支援に取り組む認定NPO法人「カタリバ」（東京）が運営するメタバースの「居場所」を活用。ここを入り口に、桑名市内で子ども食堂などを展開するNPO法人「太陽の家」が運営するリアルな居場所への参加につなげることをめざす。リアルの居場所に抵抗感がなくなった子どもが希望すれば、学校に通うための支援を市子ども総合センターが担当する。\n\n メタバースの居場所では、おしゃべりを楽しむ部屋や、支援する専門スタッフとZoomで話ができる場所のほか、自分のペースで勉強するオンライン自習室、イラストやプログラミングを学べる部屋、オンラインゲームを楽しめる部屋などが用意されている。子どもたちはアバター（キャラクター）で行動するので、参加しやすい。「メタバースは、子どもたちとの親和性が高い。リアルな居場所に行けない子どもたちのハードルを下げるのに効果的だと感じた」（伊藤徳宇市長）という。\n\n センターが把握する市内の不登校の子どもや保護者に案内し、希望があればアプリがセットされたパソコンをカタリバが無償で提供するという。\n朝日新聞社,['https://newsatcl-pctr.c.yimg.jp/t/amd-img/20240829-00000003-asahi-000-1-view.jpg?exp=10800'],"['https://news.yahoo.co.jp/articles/f70e4ab41997264c048af4eebea663890c3dc00a/images/000', 'https://www.asahi.com/articles/photo/AS20240827003219.html?oai=ASS8W3QTSS8WONFB003M&ref=yahoo']"
議員辞職の堀井学氏、29日に略式起訴へ　虚偽記載は1700万円（朝日新聞デジタル）,https://news.yahoo.co.jp/articles/33c79ee43569a56c0208a0c332d79519ba1f7c8f,https://newsatcl-pctr.c.yimg.jp/t/amd-img/20240829-00000002-asahi-000-2-view.jpg?exp=10800,2024-08-29T04:00:00+09:00,2024-08-29T06:41:44+09:00,朝日新聞デジタル,asahi,朝日新聞デジタル,528,\n堀井学氏=2024年1月27日\n自民党派閥の裏金事件をめぐり、東京地検特捜部は、堀井学・衆院議員（52）=自民党を離党=が派閥から還流された政治資金パーティーの収入を政治資金収支報告書に記載しないことを了承したとして、政治資金規正法違反（虚偽記載）の罪で29日に略式起訴する方針を固めた。立件対象の虚偽記載額が、2019～22年の4年間で約1700万円に上ることも新たに分かった。\n【写真】堀井学衆院議員をめぐる公職選挙法違反事件の構図\n堀井氏は28日、議員辞職願を衆院に提出し許可された。同氏は、違法な香典提供をしたとする公職選挙法違反（選挙区内の寄付）の容疑でも捜査を受けており、不記載や香典提供を認めたコメントも同日出した。特捜部は同法違反の罪でも略式起訴する方針。堀井氏は特捜部に、裏金を香典の原資の一部にした、と説明したという。\n\n 関係者によると、堀井氏は「清和政策研究会」（安倍派）の政治資金パーティー券をめぐり、販売ノルマを超えた分について還流を受けたが、収支報告書に寄付収入として記載しないことを了承したとされる。\n\n また、22年ごろ、選挙区の支援者らが亡くなった際に秘書らを通じて香典を渡したとされる。\n朝日新聞社,['https://newsatcl-pctr.c.yimg.jp/t/amd-img/20240829-00000002-asahi-000-2-view.jpg?exp=10800'],"['https://news.yahoo.co.jp/articles/33c79ee43569a56c0208a0c332d79519ba1f7c8f/images/000', 'https://www.asahi.com/articles/photo/AS20240828003415.html?oai=ASS8X458PS8XUTIL00ZM&ref=yahoo']"
ロシア、クルスク原発周辺を立ち入り規制　「ウクライナ攻撃」と強調（朝日新聞デジタル）,https://news.yahoo.co.jp/articles/cca21fc59960ab2c02a216dac936dd8afe375e5b,https://newsatcl-pctr.c.yimg.jp/t/amd-img/20240829-00000001-asahi-000-2-view.jpg?exp=10800,2024-08-29T00:31:46+09:00,2024-08-29T00:47:21+09:00,朝日新聞デジタル,asahi,朝日新聞デジタル,460,\n2024年8月27日、ロシア南西部クルスク州にあるクルスク原発=ロイター\nウクライナの越境攻撃が続くロシア南西部クルスク州のスミルノフ知事代行は28日、クルスク原発があるクルチャトフへの立ち入りが規制される、とSNSで明らかにした。「ウクライナ軍が原発への攻撃を企てている」と印象づけることを狙っている可能性がある。\n【写真】「ロシア人殺す」叫ぶ少女、衝撃受けた高齢者 国営TVがあおる恐怖\nタス通信によると、「対テロ作戦」本部の決定で、29日から導入される。住民が町に入るには登録や通行証が必要になる。ウクライナ軍はクルスク原発から数十キロの地点まで迫っているとみられ、「さらなる安全対策のため」としている。\n\n ウクライナ軍の越境攻撃は6日に始まり、ウクライナ側は1294平方キロの100集落を制圧したとしている。ロシア側は、ウクライナ軍がクルスク原発の攻撃も試みている、と主張。27日には、国際原子力機関（IAEA）のグロッシ事務局長が安全対策などを協議するため、この原発を訪れていた。\n朝日新聞社,['https://newsatcl-pctr.c.yimg.jp/t/amd-img/20240829-00000001-asahi-000-2-view.jpg?exp=10800'],"['https://news.yahoo.co.jp/articles/cca21fc59960ab2c02a216dac936dd8afe375e5b/images/000', 'https://www.asahi.com/articles/photo/AS20230503003105.html?oai=ASS8X52STS8XUHBI023M&ref=yahoo']"
