headline,mainEntityOfPage,image,datePublished,dateModified,author,media_en,media_jp,str_count,body,images,external_links
EVシフトに慎重だったトヨタとBMW。「待った」をかけた2社の判断はいま正しかったのか？（carview！）,https://news.yahoo.co.jp/articles/b20a5aeed320b5873a2f57be6e418ac89684ee45,https://newsatcl-pctr.c.yimg.jp/t/amd-img/20251024-00010009-carv-000-1-view.jpg?exp=10800,2025-10-24T19:30:11+09:00,2025-10-24T19:30:11+09:00,carview！,carv,carview！,1919,"自動車業界の“EV一極化”に逆らったトヨタとBMW
2010年代初頭、多くの自動車メーカーが内燃機関の終焉を急ぐように発表を繰り返していました。
【画像】900㎰超えと噂…これが「GR GT」テストカーのスパイショットです
ボルボやベントレーは2030年までにガソリン車を廃止すると宣言し、欧州フォードも2020年代末には電気自動車のみを販売すると約束していました。当時の雰囲気は、誰が最初に全面EV化を実現できるかを競うような状況だったといえます。

ポルシェは2030年までに販売台数の80％以上をEVとする計画を掲げ、アウディも2032年までに内燃機関モデルの生産を完全に終了させると予測していました。しかし、こうした電動化計画はEV市場の伸び悩みにより、いずれも延期や再検討を余儀なくされています。
欧州連合も、2035年にガソリン車・ディーゼル車の新車販売を禁止する方針を掲げていましたが、環境負荷の少ない合成燃料を使う車を例外とする方向に転換しました。

各社はEV需要の急増を見込んで生産体制を整えましたが、実際には市場の成長が予想よりも緩やかで、在庫やコストの課題が顕在化しています。

そうした中で、BMWとトヨタの2社は安易に全面EV化へと舵を切らず、「選択肢を残す」戦略を維持しました。この判断が、いまになって再評価されつつあります。
BMWとトヨタが異なる道で貫いた“選択の自由”
BMWは「Power of Choice（選択の力）」という理念のもと、ガソリン車、ディーゼル車、プラグインハイブリッド、そして電気自動車まで幅広く展開しています。顧客の使用環境や地域事情に合わせて選べる体制を整えてきたのです。

さらに2028年には、トヨタと共同開発した燃料電池システムを搭載する水素モデルを投入する計画もあります。

一方でBMWは、伝統あるMモデル用の直列6気筒やV8エンジンの改良も続けています。これらは2028年から始まるより厳しい排ガス規制となる「ユーロ7規制」下でも存続可能とされており、2026年発売予定の次期「X5」には、ユーロ7下では環境対応のコストが合わないとされてきたディーゼルエンジンの搭載も発表済みです。
つまり、電動化を進めながらも内燃機関の価値を見失ってはいないのです。

トヨタもまた、マルチパスウェイ戦略を掲げています。ヨーロッパ担当副社長アンドレア・カルルッチ氏は、「電動車やハイブリッド、水素など、さまざまなパワートレインに対応する新型エンジンを開発している」と語ります。

トヨタはハイブリッドの先駆者として知られますが、EVだけに依存せず、顧客ニーズに合わせた柔軟なラインナップを維持しています。

また、同社はマツダやスバルと協力し、新エンジンの開発や、合成燃料やバイオ燃料への対応も推進。「GRヤリス」や「GRカローラ」の試作車では、水素燃焼エンジンのテストも進行中です。こうした多角的な取り組みが、将来の選択肢を広げる鍵となっています。
柔軟なマルチエネルギー戦略こそが現実的なシナリオ
トヨタとBMWが戦略を根本から変える必要がなかった背景には、当初から「急がない」姿勢がありました。ポルシェが「718 ボクスター」や「718 ケイマン」のガソリンモデル復活を決めるなど、EV化計画を大幅修正するブランドが増える中で、両社は安定した方針を保ち続けています。

もちろん、EVの市場成長が止まったわけではありません。国際エネルギー機関（IEA）によると、2024年には世界の新車販売の20%以上がEVとなり、出荷台数は前年比25%以上増の1700万台を突破する見込みです。

2025年にはさらに2000万台を超えると予測されており、中国では新車の約60%がEVになるといわれています。
ただし、地域差は大きく、ノルウェーでは販売の約9割がEVである一方、米国や日本は1割にも届きません。こうした偏りは今後も続くとみられ、全世界が同じペースでEV化するとは考えにくい状況です。

トヨタとBMWは、こうした“温度差”を想定し、どの地域でも販売できる体制を確立しました。マルチエネルギー戦略を維持することで、電動化の速度にかかわらず柔軟に対応できる――それが、両社がいま優位に立っている最大の理由といえるでしょう。

EV時代の波の中で、冷静に選択肢を残した2社の判断は、結果的に最も現実的だったのかもしれません。
レクサス LC
（終わり）

（写真：APOLLO NEWS SERVICE、レクサス）
carview! 文：APOLLO NEWS SERVICE",[],[]
【衝撃】「CX-3」が26年2月に生産終了へ。新型はコンセプトを一新し「CX-20」として27年に再登場か（carview！）,https://news.yahoo.co.jp/articles/d26ccff190659c760999e71728845611120ef81c,https://newsatcl-pctr.c.yimg.jp/t/amd-img/20251024-00010008-carv-000-1-view.jpg?exp=10800,2025-10-24T19:05:39+09:00,2025-10-24T19:05:39+09:00,carview！,carv,carview！,1997,"「CX-3」が生産終了へ
マツダのコンパクトSUVである「CX-3」が生産終了となる見込みです。

あるマツダ販売店関係者によれば、「2025年に最後の年次改良を行ったうえで、2026年2月をめどに生産を終了する」といいます。
【画像】スクープ！ これが「CX-3」の後継と噂の「CX‐20」予想CGです
現時点ではマツダからの正式なアナウンスはありませんが、CX-3はすでに発売から10年以上が経過していることを考えると、生産終了は既定路線と言えそうです。
CX-3が属するコンパクトSUVというカテゴリーは世界的に人気が高く、「ヤリスクロス」や「ヴェゼル」を筆頭に、各自動車メーカーによる魅力的なモデルがしのぎを削っています。

一方、CX-3の直近の販売台数は月間1000台未満と低迷しており、2025年度上半期（4月〜9月）の販売台数は3817台と、「CX-5」（9997台）や「CX-30」（5529台）はおろか「CX-60」（4497台）にもおよびません。

こうした状況のなか、新型CX-3はそもそも登場するのでしょうか？
生産工場は次期モデルの電動化にむけ“アップデート中”
ある業界関係者は、新型CX-3について次のように話します。

「結論から言えば、新型CX-3が登場することはほぼ確実です。

マツダは2025年2月、タイの生産拠点に対して新たに50億バーツ（約230億円）もの投資をおこない、小型SUVを年間10万台規模で生産することを発表しました。

また、2025年4月には電動化への移行を示すロードマップを発表し、2027年までにタイ生産の小型SUVを日本およびグローバルサウスに投入することも明らかにしています。

現在販売されているCX-3もタイ生産であり、東南アジアをはじめとする新興国をメインターゲットとしたモデルです。CX-3がまもなく生産終了となる可能性が高いことからも、この『小型SUV』が新型CX-3であると見てほぼ間違いないでしょう。

ただ、生産拠点への大規模な投資がおこなわれることを考えると、現行CX-3の生産終了から新型CX-3の発表までは多少の時間差があるかもしれません」
新型「CX-3」は“タフ系SUV”へと変貌を遂げる!?
では、新型CX-3はどのようなモデルになると考えられるのでしょうか？

前出のある業界関係者は「新型CX-3は、これまで以上に東南アジアをはじめとした新興国市場をターゲットにすると考えられる」としたうえで、次のような予想を展開します。

「現行CX-3は、マツダらしい流麗なデザインや『人馬一体』の走りが魅力であった一方、後部座席の居住性が大きな課題となっていました。

ただ、東南アジアのユーザーがコンパクトSUVに求めるのは、タフさを感じるデザインや広い室内空間であるといいます。

具体的な例を挙げると、トヨタ『カローラクロス』やホンダ『HR-V（日本名：WR-V）』のようなモデルが現地で高い人気を誇っています。そうした背景を考えると、新型CX-3はデザインやコンセプトを大きく変える可能性が高いと思います。

また、パワートレインについても、現地の事情にマッチしたガソリンエンジンがメインになると予想します。

マイルドハイブリッドも設定されることになると思いますが、整備性の観点などからストロングハイブリッドの採用は見送られると思います」
名称は「CX-20」となる可能性も
前出のある業界関係者は「新型CX-3は名称変更がおこなわれるかもしれない」と指摘します。

「マツダの命名規則を見ると、車格に応じた数字をモデル名としていることがわかります。

たとえば、いわゆるCセグメントのセダン／ハッチバックは『マツダ3』、SUVは『CX-30』となっており、『3』という数字が共通しています。

一方、CX-3はいわゆるBセグメントのモデルであり『マツダ2』と対応する車格です。こうした点を考慮すると、新型CX-3は『CX-2』もしくは『CX-20』という名称が与えられる可能性が高いと考えます。

特に、近年のマツダはSUVに2ケタの数字を用いるケースが多いことから、『CX-20』が最有力候補になると見ています。

前述のとおり、新型CX-3がタフ系へと大きくイメージを変えるものとなるのであれば、リブランディングという意味でも名称変更は効果的かもしれません」
初のフルモデルチェンジとなるCX-3ですが、新型モデルはそのコンセプトを大きく変えるものとなりそうです。

多くの競合がひしめくコンパクトSUVのなかで、新型CX-3がどのような特色を打ち出して差別化を図っていくのかに注目が集まります。
マツダ CX-3
（終わり）

（写真：マツダ）
carview! 文：ピーコックブルー",[],[]
次期コペンは「FR×電動化」が濃厚？ “来年終了”発表で様々な予測情報がネットに噴出中。予想イラストも登場（carview！）,https://news.yahoo.co.jp/articles/85000d4de14ae0c600896df17388c2723d553aee,https://newsatcl-pctr.c.yimg.jp/t/amd-img/20251024-00010007-carv-000-1-view.jpg?exp=10800,2025-10-24T18:05:12+09:00,2025-10-24T18:05:12+09:00,carview！,carv,carview！,1114,"次期モデル開発は本当か…排気量アップやHV化の噂も
ダイハツは2026年8月をもって「コペン」の生産を終了すると発表しました。しかし、その一方で早くも次期モデルの開発が進められているとの情報が入っています。
【画像】スクープ！ これがFR×電動化と噂の次期「コペン」予想CGです
初代コペンは2002年に登場しました。軽自動車ながら本格的なオープンスポーツとして人気を集め、丸型ヘッドライトや電動開閉式ルーフといった愛らしいデザインが話題を呼びました。

続く第2世代は2014年にデビュー。新たな骨格構造「D-フレーム」と、外装を着せ替えできる「ドレス-フォーメーション」を採用し、軽スポーツの新たなスタイルを確立しました。
そして前回のジャパンモビリティショー以来、最も注目されている変更点は、軽自動車から普通車へとステップアップするという予測です。排気量は660ccから1.3Lに拡大され、駆動方式も従来のFFからFRに変更される可能性が高いとされています。

さらに、さらに、ハイブリッドシステム「e-スマート ハイブリッド」を採用するという噂もあり、時代に合わせた電動化が進められていることがうかがえます。

一方、かねてより噂のあったクーペ仕様は見送られ、ボディタイプはオープンのみとなる見通しです。
好評だった初代からのデザインを次期型でも継承か
予想CGはコペンが持つ基本的なイメージを踏まえながら、新型を想定したスタイリングが描かれています。

フロントまわりは、評価の高い丸型ヘッドライトをモチーフに構成。排気量アップやFR化を想定して、サイドはホイールベースがやや延び、全長と全高も拡大したシルエットに描かれています。

バンパー下部には縦型スリット状のダクトを配置し、アンダースカートを備える構成とされています。
サイドから見ると、ホイールベースがやや延び、全長と全高も拡大したシルエットに描かれています。これにより、安定感と伸びやかさを両立したプロポーションとなり、従来モデルのコンパクトな印象から一歩踏み出した姿を想起させます。

普通車サイズへの拡大は、価格設定にも大きく影響します。現行コペンのエントリー価格は約198万円でしたが、新型では200万円台後半から300万円前後に上昇する可能性があります。さらに、電動化ユニットを搭載すれば、車両価格に上乗せされることは避けられないでしょう。
ダイハツ コペン次期型予想CG 「画像：APOLLO NEWS SERVICE」
（終わり）

（写真：APOLLO NEWS SERVICE）
carview! 文：APOLLO NEWS SERVICE",[],[]
「ランドクルーザー“FJ”」登場にネットは大盛り上がり。「大ヒット確実」の声も「どうせ買えないでしょ」と諦めムード？（carview！）,https://news.yahoo.co.jp/articles/9e43b71cb37d382f3afa8d03fa3ae698954490f3,https://newsatcl-pctr.c.yimg.jp/t/amd-img/20251024-00010006-carv-000-1-view.jpg?exp=10800,2025-10-24T17:04:04+09:00,2025-10-24T17:04:04+09:00,carview！,carv,carview！,2006,"「ランドクルーザー“FJ”」が世界初公開
2025年10月21日、トヨタは新型「ランドクルーザー“FJ”」を世界初公開しました。
【画像】ついに公開！ これが「ランクルFJ」の内外装です（49枚）
ランドクルーザーは1951年に「トヨタBJ型」として誕生して以来、「どこへでも行き、生きて帰ってこられるクルマ」という理念のもと、信頼性・耐久性・悪路走破性を磨き続けてきたモデルで、これまでに190を超える国と地域で累計1215万台（レクサス「LX」「GX」含む）が販売されてきました。

今回発表されたランドクルーザー“FJ”は、従来の「ランドクルーザー250」シリーズよりホイールベースを270mm短縮し、最小回転半径5.5mの取り回しの良さと、オフロードでの高い機動性を両立しています。
また、ボディサイズは、全長4575mm×全幅1855mm×全高1960mmで、サイコロをモチーフにした直方体のフォルムと角をそぎ落とした面取り構成により、力強さと親しみやすさを兼ね備えたデザインとなっています。

なお、ランドクルーザー“FJ”は10月30日から開催される「ジャパンモビリティショー2025」で展示され、日本での発売は2026年年央ごろを予定しています。

では、インターネット上ではランドクルーザー“FJ”に対してどのような反響が寄せられているのでしょうか。
扱いやすいサイズ感から「大ヒットは確実」の声
ランドクルーザー“FJ”の登場に対し、インターネット上では多くのユーザーから好意的な反響が寄せられています。

特に注目を集めているのはボディサイズで「全幅1855mmと大きいものの、全長が抑えられているので日本の公道でも比較的乗りやすそう」といった声があり、従来のランドクルーザーよりも扱いやすいサイズ感に期待が集まっています。

また、取り回し性能についても「ランドクルーザーでこのサイズ感と最小回転半径5.5m（※）ということだけ見ても大ヒットは確実」「ランドクルーザー250は大きすぎるし、3列シートはいらないと思っていた層に刺さりそう」といった意見が寄せられており、より現実的なランドクルーザーとしての位置づけが歓迎されています。（※最小回転半径はランドクルーザー250｜6.0m、ランドクルーザー300｜5.9m、ランドクルーザー70｜6.3m）

街乗りからアウトドアまで、幅広いシーンで活躍できそうだと感じているユーザーが多いようです。

さらに、デザイン面においても「無骨でかわいい。街を走る実車を見てみたい」と言う意見も見られ、クラシックなランドクルーザーらしさとモダンなデザインが融合したスタイルに注目が集まり、発売を心待ちにしている様子がみられます。
「どうせ買えないでしょ」と諦めの声も多数
一方で、ランドクルーザー“FJ”の販売面については、依然として慎重な見方や疑問の声も多く寄せられています。

すでにランドクルーザー250や「ランドクルーザー70」が長期の受注停止や納期の遅延が続いていることから、「どうせ買えないでしょ」といった意見が目立ちます。

トヨタの人気SUVに共通する供給不足の問題が、今回も懸念材料となっているようです。
また、「買いたいひとは多いと思うが、最近のトヨタの状況を見ると『正式発表前の事前予約で受注終了→納期数年待ち＆受注停止』という流れが多いので、“ランドクルーザーFJ”も同じになるのでは」といった意見も見られ、購入希望者の間では期待と同時に不安も広がっています。

さらに、「現行モデルの納期問題を解消してから新型を投入すべき」「ランドクルーザー“FJ”を発売する前に、まず『ランドクルーザー70』を普通に買えるようにしてほしい」といった声もあり、既存モデルの供給体制を整えるべきだという意見も根強くあります。

注目度の高いランドクルーザーシリーズだけに、ユーザーの期待が販売状況の課題と表裏一体となっています。
「ランドクルーザー」シリーズの裾野を広げる存在に
ランドクルーザー“FJ”は、ランドクルーザーシリーズの“エントリーモデル”として位置づけられます。

全長4925mm×全幅1980mm×全高1925mmのランドクルーザー250と比べてコンパクトなボディサイズを採用しており、取り回しのしやすさと都市部での実用性を両立していることから、従来の大型SUVでは持て余すと感じていたユーザー層にもアプローチできる戦略的なモデルと言えます。

ランドクルーザー伝統の高い悪路走破性を継承しながらも、日常の使いやすさを重視した「新たなランドクルーザー」として、シリーズ全体の裾野をさらに広げる存在となることが期待されるでしょう。
ランドクルーザーFJ
（終わり）

（写真：トヨタ）
carview! 文：ピーコックブルー",[],[]
サプライズはあるか？ スバル次期「レヴォーグ」がJMS2025でプロトタイプ公開の可能性。新ハイブリッド＆進化型アイサイトの全貌に迫る（carview！）,https://news.yahoo.co.jp/articles/f71e05b1ef421f003e9a6959d31fa00d9b0e70cc,https://newsatcl-pctr.c.yimg.jp/t/amd-img/20251024-00010005-carv-000-1-view.jpg?exp=10800,2025-10-24T13:30:10+09:00,2025-10-24T13:30:10+09:00,carview！,carv,carview！,1529,"“コンセプト的プロトタイプ”のお披露目が濃厚な理由
トランプ関税の影響で、米国販売比率の高いスバルは逆風にさらされていると思われがちだが、実際は違う。
【画像】噂はあるけど？ これが新型「レヴォーグ」予想CGです
10月末に開幕する「ジャパンモビリティショー（JMS）2025」では、「インプレッサ WRX STI」復活が噂される高性能モデルや、新型BEV「トレイルシーカー」の出展が予想されるなど、今後の新型モデルの展開も旺盛だ。

なかでも最も注目を集めそうなのが、来年の正式発表が見込まれる次期型「レヴォーグ」だ。今回はJMS2025での登場が期待される次期レヴォーグについて、現時点で判明している情報を整理してみよう。

まず、JMS2025でお披露目されるのは市販車そのものではなく、プロトタイプモデルである可能性が高い。というのも、現行レヴォーグは2024年末にアイサイトの機能強化や内装アップデートなどの年次改良を受けたばかりであり、1年も経たずに新型を発表すれば現行型の販売に影響を与えるのは必至だ。

したがって、さらにシャープなデザインを採用したヘッドライト周りなど、外観はほぼ市販型に近い完成度ながら、詳細なスペックや価格は伏せられた“コンセプト的プロトタイプ”としての出展になると見られている。
最大の注目はトヨタ式ハイブリッド「S:HEV」の搭載
SNSや海外メディアでは、すでに次期レヴォーグのパワートレインや装備に関する情報が飛び交っている。最大の注目は、新型「フォレスター」にも搭載されたストロングハイブリッドシステム「S:HEV」だ。

トヨタのシリーズ・パラレル式ハイブリッドを、スバル独自の水平対向エンジン（ボクサー）に最適化したS:HEVは、エンジンとモーターの駆動力をシームレスに繋ぐスムーズな走行性能が特徴。すでに「クロストレック」やフォレスターで高い評価を得ており、次期レヴォーグでもその魅力が大きな武器となるだろう。

また、純ガソリン仕様としてはフォレスターと共通の1.8L水平対向4気筒ターボに加え、より走りに振った2.4L水平対向4気筒ターボの設定も噂されている。ハイブリッドとガソリンを合わせた複数のパワートレインで幅広い層にアプローチする戦略と見られる。
車種整理で「WRX S4」が消滅する可能性も
次期レヴォーグでもうひとつ注目されるのが、運転支援システム「アイサイト」の進化だ。

スバルはこの分野のパイオニアであり、ステレオカメラ方式による高い安全性能には定評がある。現行モデルにも時速50km/h以下の渋滞時ハンズオフ機能を持つ最新型「アイサイトX」が搭載されており、その完成度は高い。

ただし、日産やホンダの最新システムがより広い速度域でのハンズオフ走行に対応している点を踏まえると、スバルが“最先端”を名乗るには一歩届かない状況でもある。それだけに、新型レヴォーグでどの程度の機能拡張を図ってくるか、注目が集まっている。
一方で、一部ファンにとっては残念なニュースもある。現行レヴォーグと同系プラットフォームを共有する「WRX S4」とSUVワゴンの「レイバック」のうち、販売が低迷しているWRX S4がカタログ落ちする可能性があるという。

トランプ関税という逆風のなかでも、スバルは独自の技術とブランド力で次のステージを見据えている。次期レヴォーグは、電動化と安全技術の“ダブル進化”で存在感を示す1台になりそうだ。JMS2025でどこまでその姿が明かされるのか、ファンならずとも見逃せない。
レヴォーグ（現行モデル）
（終わり）

（写真：スバル）
carview! 文：編集部",[],[]
新型「センチュリークーペ」が市販化されればロールス・ロイスと肩を並べる存在に…トヨタが自信を持つこれだけの理由（carview！）,https://news.yahoo.co.jp/articles/25b74ece02cdecd42472bfc7debb5277f0a183be,https://newsatcl-pctr.c.yimg.jp/t/amd-img/20251024-00010004-carv-000-1-view.jpg?exp=10800,2025-10-24T12:07:48+09:00,2025-10-24T12:07:48+09:00,carview！,carv,carview！,1681,"なぜ「センチュリー」と「レクサス」は“カニバらない”のか
10月13日、トヨタは自社オウンドメディアを通じて新しいブランド戦略を発表しました。これまでの「レクサス」「トヨタ」「ダイハツ」に加え、「GR」と「センチュリー」を加えた5ブランド体制に再構築するという内容です。
【画像】「センチュリークーペ」とロールス・ロイス「レイス／ドーン」を写真で見比べる
プレミアムブランドとして確立しているレクサスに加えて、センチュリーを“独立ブランド”として位置づけることには、「高級車市場でのカニバリゼーション（共食い）を招くのではないか？」という見方もあるかもしれません。しかし筆者は、センチュリー・ブランドには明確な存在意義があり、独立させる価値があると考えます。

たとえば、トヨタが技術・開発で関係を持つBMWグループを見てみましょう。

同社にはコンパクト系の「MINI」、メインストリームの「BMW」、電動系の「i」、スポーツの「M」、そしてハイエンドの「ロールスロイス」という5ブランドが揃っています。

BMW本体にも高級サルーン「7シリーズ」はありますが誰もそれをロールス・ロイスの競合とは考えません。

同じように、センチュリーが“日本のロールス・ロイス”として確立すれば、レクサスと競合することはないのです。つまり、トヨタの5ブランド戦略は決して突飛な試みではなく、むしろ世界的なプレミアムグループに共通する合理的な戦略といえます。
真のラグジュアリーブランドに必要なのは“クーペ”
日本のショーファードリブン文化を象徴してきたセンチュリーは、長年にわたり4ドアセダンのみのラインナップでした。しかし2023年秋、SUVスタイルの新型「センチュリー」が登場したことで、そのブランドの意味合いが大きく変化します。

当初は「セダンからSUVへ完全移行」と予想されましたが、2年を経た今も、SUVとセダンが並行して販売されています。これは単なる“モデル拡充”ではなく、センチュリーが「日本を代表するハイエンドブランド」として独自の領域を築き始めた証拠でしょう。
そして今回のブランド再構築に合わせて、トヨタは「センチュリークーペ」のコンセプトモデルを公開しました。セダンとSUVに続く“第3のセンチュリー”として、このクーペが果たす役割は極めて象徴的です。

世界の超高級車ブランドであるロールス・ロイスにおいて、クーペは“ブランドの独立性”を示す必須の存在です。センチュリーが真にブランドとして確立するためには、クーペの登場が欠かせないピースなのです。
“日本の象徴”が、ロールス・ロイスに肩を並べる日は近い
日本でロールス・ロイスが特別な存在として認知されている背景には、皇室行事やロイヤルウェディングでの使用実績があります。

しかし2019年の「即位の礼」においては、トヨタがワンオフ製作した「センチュリー・オープン」がパレードカーとして採用されました。振り返ればこの瞬間、センチュリーはすでに“日本の象徴”としてロールス・ロイスと肩を並べる存在を目指していたのかもしれません。

また、皇室公用車（御料車）には専用設計の「センチュリー・ロイヤル（リムジン）」があり、セダン型センチュリーも引き続き使用されています。この事実だけを見ても、センチュリーは単なる高級車ではなく、日本の文化と伝統に根ざしたハイエンドブランドであることがわかります。
今回のセンチュリークーペ発表により、センチュリーのブランド像はさらに厚みを増しました。そして、世界の超高級ブランドが例外なくラインナップする“オープンモデル”の登場も時間の問題でしょう。

もし将来、正式な市販バージョンとしてセンチュリーのオープンモデルがロイヤルパレードを走る日が来たなら、その時こそ、センチュリーはロールス・ロイスと肩を並べる“世界的ブランド”へと進化しているはずです。
トヨタ センチュリークーペ（コンセプトカー）
（終わり）

（写真：トヨタ）
carview! 文：山本 晋也",[],[]
新型「ルークス」販売好調。初月受注1万1000台超。8割が「ハイウェイスター」選択、大型モニター含む高額オプションも7割に（carview！）,https://news.yahoo.co.jp/articles/93f011dfb163ace77d017ee49aadbbd206b896dd,https://newsatcl-pctr.c.yimg.jp/t/amd-img/20251024-00010003-carv-000-1-view.jpg?exp=10800,2025-10-24T08:30:23+09:00,2025-10-24T08:30:23+09:00,carview！,carv,carview！,851,"発表1か月で受注1万1000台と順調なスタート
日産自動車株式会社は10月21日、9月19日に発表した新型「ルークス」が、受注開始から1か月で累計1万1344台の受注を達成したと発表した。納車（デリバリー）は10月27日より順次開始される。
【画像】これが購入者の8割が選択する「ルークス ハイウェイスター」の内外装です
新型ルークスは、エクステリアに「かどまる四角」をモチーフとした新デザインを採用。さらに、日本の伝統建築様式「唐破風（からはふ）」にインスピレーションを受けた新2トーンカラーを設定した。
新型ルークス
インテリアは“リビングルームのような心地よい空間”をテーマに仕立てられており、上質感と開放感を両立させている。

また、軽自動車として初めて、「インテリジェント アラウンドビューモニター」に車体下の映像を生成する「インビジブルフードビュー」と、日産の軽自動車として初の周囲を3D映像で確認できる「3Dビュー」と交差点で死角になる前方左右の確認をサポートする「フロントワイドビュー」を搭載。

加えて、12.3インチの大型ディスプレイ（OP設定）によるシームレスなデザインも、従来の軽自動車を超えた上質感を演出している。
約8割が上級グレード。プレミアム軽自動車時代の幕開けか
受注構成の内訳を見ると、約8割が上級グレード「ハイウェイスター」シリーズとなっている。

しかも、30～40万円高（グレードによる）となる12.3インチの大型ディスプレイや「インテリジェント アラウンドビューモニター（移動物検知／3Dビュー機能付）」がつくパッケージオプションの装着率が高く、ハイウェイスター購入者の約7割が同機能を選択しているというから驚きだ。
ボディカラーの人気傾向では、定番のホワイトパールが3割以上と圧倒的で、以下はブラック、シナモンラテが続く。

受注内容の内訳は、以下の通り。
グレード内訳
グレード内訳（ルークス）
（終わり）

（写真：日産）
carview! 文：編集部",[],[]
【待望のクワトロ解禁】新型「A3 40 TFSIクワトロ」登場。2.0Lターボ＋電子制御4WDで“日常で楽しめる本格アウディ”が日本上陸（carview！）,https://news.yahoo.co.jp/articles/e7a9c8fb1e56d4ab58a7c7dd02e9842576caf5e5,https://newsatcl-pctr.c.yimg.jp/t/amd-img/20251024-00010002-carv-000-1-view.jpg?exp=10800,2025-10-24T08:02:03+09:00,2025-10-24T08:02:03+09:00,carview！,carv,carview！,882,"「A3」シリーズに待望のクワトロモデルが追加
アウディジャパンは10月21日、コンパクトモデル「アウディA3スポーツバック／セダン」に新たに四輪駆動モデルとなる「40 TFSIクワトロ」を追加し、発売を開始した。
【画像】これが新型「A33スポーツバック／セダン」クワトロモデルです
今回追加された40 TFSIクワトロは、2024年のマイナーチェンジ以降は「S3／RS3」など高性能モデルに限られていたクワトロシステムを、標準モデルにも設定したもの。ボディタイプはスポーツバック／セダンの両方に設定され、それぞれに「advanced（アドバンスト）」と「S line（エスライン）」の2グレードを展開する。

パワートレインは2.0L 直列4気筒TFSIエンジンを搭載し、最高出力204ps（150kW）、最大トルク320Nmを発揮。電子制御式油圧多板クラッチを用いるクワトロシステムと組み合わせることで、前後のトルク配分を最適化し、安定した加速とスポーティなコーナリングを実現する。
オプションの駐車アシスト機能は性能向上
アウディA3スポーツバック 40 TFSIクワトロ
40 TFSIクワトロには、最新世代のドライバーアシスタンスシステムが搭載され、快適性と安全性をさらに高めている。

特に、オプションの「パークアシスト」はアップデートされ、これまでのステアリング操作支援に加え、加速やブレーキ、ギア操作までを自動制御するよう拡張された。また、障害物を検知すると自動でブレーキを作動させる機能も備え、危機回避を支援する。

加えて、前輪駆動モデル「30 TFSI」に新たに標準装備された先進安全装備、「フロントクロストラフィックアシスト」（車両前方を横切る車両を検知）、「スワーブアシスト」（障害物を回避する操作を支援）、「ターンアシスト」（右折時に対向車を検知）も、40 TFSIクワトロに装備される。
価格とグレード
40 TFSIクワトロの価格とグレードは表の通り。
価格表
（終わり）

（写真：アウディジャパン）
carview! 文：編集部",[],[]
トヨタ＆レクサスが全長5mオーバーの大型3列電動SUVを開発中。レクサス版「TZ」の予想画像も登場（carview！）,https://news.yahoo.co.jp/articles/9158c0a1cd8b5ff2db0f66ad4391a5643183567f,https://newsatcl-pctr.c.yimg.jp/t/amd-img/20251024-00010001-carv-000-1-view.jpg?exp=10800,2025-10-24T07:31:44+09:00,2025-10-24T07:31:44+09:00,carview！,carv,carview！,1154,"トヨタとレクサスが全長5m超の3列電動SUVを開発中
トヨタとレクサスが、全長5mを超えるフルサイズSUVの新型BEV開発を進めている模様です。両ブランドの電動化戦略を象徴するモデルとして、2026年の登場が期待されています。
【画像】スクープ！ これがレクサス新型「TZ」予想CGです
レクサス版のモデル名は「TZ」とされ、CGデザイナーのTheottle氏が制作した予想イラストも話題になっています。

TZは、2024年に北米で発売された3列シートSUVの「TX」をベースにしたBEVと見られます。トヨタブランドでは、これに対応するモデルとして「bZ5X」を計画中です。

TXがトヨタ「グランドハイランダー」と兄弟関係にあるように、TZはbZ5Xのレクサス版という位置づけになりそうです。

TZとbZ5Xは、「カムリ」や「クラウンシリーズ」「RAV4」なども採用するGA-Kプラットフォームを拡張したBEV仕様で、実質的にはハイランダーのBEV版という立ち位置です。

どちらも3列シートを備え、ラグジュアリーとファミリーユースを両立する大型電動SUVとして開発が進められています。
BEV人気に陰りで計画に遅れも…2026年登場か
TZは「RX」よりも大きく、「LX」よりややコンパクトな位置づけになると見られます。ボディ全長は5000mm前後とされ、堂々とした存在感を放ちながらも、街中での扱いやすさにも配慮したパッケージになる見通しです。

予想CGは、2021年に公開されたデザインスタディのレクサス「エレクトリファイド SUV」をベースにTXを重ね合わせ造形となっています。TXがそうであるようにキャビンは7人が快適に過ごせる広さを実現することになりそうです。

2024年春、欧州連合知的財産庁に「TZ 550e」「TZ 450e」という名称が商標登録されたことが確認されています。これらは市販グレード名となる可能性が高く、上位仕様として「TZ 600e」が追加されるという見方もあります。

当初はbZ5X、TZともに2025年内の発表が予想されていましたが、世界的なEV市場の伸び悩みを受け、計画が見直されたとみられます。現時点では2026年の正式デビューが有力視されています。

価格帯はレクサス「LX」（1450万円〜）をわずかに下回る設定が見込まれ、1000万円台前半となる可能性が高いようです。

2026年、両ブランドが描く“次のフルサイズSUV像”に注目が集まります。
レクサス TZ 予想CG 「画像：APOLLO NEWS SERVICE」
（終わり）

（写真：APOLLO NEWS SERVICE）
carview! 文：APOLLO NEWS SERVICE",[],[]
オーストラリア警察の「RAV4 ハイブリッド」が容疑者追跡テスト中に警告灯点灯…通常走行では問題なし（carview！）,https://news.yahoo.co.jp/articles/092a46b4c604e5664ed48dfbd7a583eb8195f9bc,https://newsatcl-pctr.c.yimg.jp/t/amd-img/20251024-00010000-carv-000-1-view.jpg?exp=10800,2025-10-24T07:03:31+09:00,2025-10-24T07:03:31+09:00,carview！,carv,carview！,1628,"容疑者追跡を想定した特殊なテスト中に警告灯が点灯
オーストラリアで、警察が使用するトヨタ「RAV4 ハイブリッド」に関する報告が現地メディアで取り上げられています。クイーンズランド州警察（QPS）が警察車両として導入しているRAV4 ハイブリッドの訓練走行中、一部の車両でバッテリー温度の上昇が確認されたというものです。
【画像】これがオーストラリア警察の「RAV4 ハイブリッド」です
報告によると、対象となったのは現行型のRAV4 ハイブリッド。QPSでは、追跡や緊急対応などの任務を想定してRAV4をテストしており、過酷な条件下で車両性能の検証を行っていました。その中で、一部の車両が高温状態に達し、警告灯が点灯するケースがあったとされています。

ただし、この訓練は一般的な走行環境とは異なり、急加速や急ブレーキを繰り返す高負荷のドライビング訓練。容疑者追跡を想定した特殊な条件下で行われたものであり、通常の使用環境で同様の現象が発生する可能性は低いと見られます。
「過酷すぎた」訓練環境で露呈したハイブリッドシステムの限界
ブリスベンのテレビ局「セブンニュース・ブリスベン」が報じたところによると、このテストでは急加速と急減速を何度も繰り返すシナリオが設定されており、ハイブリッドシステムに強い熱負荷がかかったといいます。

映像では、訓練コースを走行するRAV4 ハイブリッドのトラクションコントロールが自動的に解除され、車両の挙動が乱れる様子も確認されました。

クイーンズランド警察は、2025年から「カムリ」などの既存車両を置き換える形で、約400台のRAV4 ハイブリッドを導入する計画を発表しています。しかし、こうした訓練結果を受けて、警察内部では配備計画の見直しを求める声も上がっています。

内部資料では、「警告灯が点灯した場合は直ちに運転を中止し、車両を停車して冷却を行う必要がある」との記述もあり、「一定温度を超えると自動的に出力を制限し、車両が“安全モード（リンプモード）”に切り替わる」と説明されています。

この“リンプモード”とは、車両を損傷から保護するために一時的に出力を抑える安全制御機能で、加速が鈍くなるなど走行性能が制限される状態を指します。

警察組合のシェーン・プライアー会長は、「安全性に懸念がある車両を現場で使用すべきではない。事前に十分なテストが行われるべきだった」とコメントしています。

（次のページに続く）
トヨタは「設計通りの動作」と説明。実用面での影響は限定的か
この件について、トヨタ・オーストラリアは現地メディア「カーエキスパート」に対しコメントを発表しています。

「問題となった車両は設計通りに動作しており、極端な条件下ではハイブリッドシステムを保護するために出力を制御することがあります。通常の運転環境で同様の現象が起きた報告はありません」と説明しました。

つまり、一般的なユーザーが日常走行でこのような症状に直面する可能性は極めて低く、今回の事例は、あくまで警察の特殊な訓練環境において発生した一例とみられます。

RAV4 ハイブリッドは、燃費性能と信頼性のバランスに優れたSUVとして高く評価されており、世界市場でも販売上位を維持しています。今回の報告は、ハイブリッド車が極端な使用条件でどのような挙動を示すかという、電動化時代ならではの課題を示したケースといえるでしょう。

トヨタは引き続き警察当局と連携し、必要に応じて制御プログラムの検証を進めていく方針です。現時点で安全性への影響は確認されておらず、一般ユーザーが懸念するような問題ではないとみられます。
クイーンズランド州警察（QPS）が警察車両として導入しているRAV4 ハイブリッド
（終わり）

（写真：APOLLO NEWS SERVICE）
carview! 文：APOLLO NEWS SERVICE",[],[]
