headline,mainEntityOfPage,image,datePublished,dateModified,author,media_en,media_jp,str_count,body,images,external_links
米総合PMIは上昇、拡大ペースの加速示す－販売価格は22年来の高水準（Bloomberg）,https://news.yahoo.co.jp/articles/e5ecba12a310806de877e5b220f1c3f97dc0f40c,https://newsatcl-pctr.c.yimg.jp/t/amd-img/20260423-53315048-bloom_st-000-1-view.jpg?exp=10800,2026-04-23T23:08:35+09:00,2026-04-23T23:08:35+09:00,Bloomberg,bloom_st,Bloomberg,249,<p>ボーイングの航空機製造現場（米ワシントン州）</p> （ブルームバーグ）： 米企業活動の拡大ペースは4月に加速した。戦争に伴う供給混乱を受けて物資確保の動きが広がり、製造業は約4年ぶりの強さとなった。 製造業とサービス業の販売価格指数は、2022年半ば以来の高水準に加速した。 原題：US Business Activity Expands While Prices Rise Most Since 2022（抜粋） (c)2026 Bloomberg L.P. Julia Fanzeres,[],[]
亡命中のイラン元皇太子パーレビ氏、ベルリンで男が赤い液体浴びせる（Bloomberg）,https://news.yahoo.co.jp/articles/ebca1b15af5fd78cae1b030dbd1b5de151de80ec,https://newsatcl-pctr.c.yimg.jp/t/amd-img/default.jpg?exp=10800,2026-04-23T22:42:36+09:00,2026-04-23T22:42:36+09:00,Bloomberg,bloom_st,Bloomberg,452,（ブルームバーグ）： 亡命中のイラン元皇太子レザ・パーレビ氏がベルリンを訪問中、赤い液体を浴びせられた。 ソーシャルメディア上の動画には、パーレビ元国王の息子であるパーレビ氏が記者会見を後にする際、身元不明の男が背後から近づき、トマトソースとみられる液体を投げつけてコートや首に飛び散らせる様子が映っていた。 警備担当者は直ちにその男を取り押さえ、パーレビ氏を待機していた車両へと誘導した。通りの向かい側では、イランとドイツの国旗を振りながらシュプレヒコールを上げる集団がいた。 パーレビ氏は評価が分かれる人物だ。イランと米・イスラエルとの戦争後に移行政府を率いる存在として自らを位置づけようとしてきたが、ほとんど支持を広げていない。ベルリン訪問中も、政府関係者との会談には招かれなかった。 原題：Iran’s Exiled Crown Prince Splattered With Red Liquid in Berlin（抜粋） (c)2026 Bloomberg L.P. Chris Reiter,[],[]
米軍、インド洋でイラン産原油輸送の超大型タンカーに乗り込み（Bloomberg）,https://news.yahoo.co.jp/articles/75c026cda80af7f718e9c710ac84b08a9ff5adc5,https://newsatcl-pctr.c.yimg.jp/t/amd-img/default.jpg?exp=10800,2026-04-23T22:30:18+09:00,2026-04-23T23:41:09+09:00,Bloomberg,bloom_st,Bloomberg,655,（ブルームバーグ）： 米軍はインド洋で、イラン産原油を積載した制裁対象の超大型タンカーに乗り込んだ。イランの海運封鎖に向けた最新の取り締まり措置となる。 米軍は22日夜から23日朝にかけて、「制裁対象の無国籍船 『Majestic X』」に乗り込んだと、米国防総省がX（旧ツイッター）への投稿で発表した。同船は「Phonix」としても知られ、200万バレルの原油を輸送できる超大型原油タンカー（VLCC）だ。 過去数日にわたり、複数の超大型タンカーの拿捕（だほ）が相次いでいる。今回の作戦は、米国がペルシャ湾沿岸から数百マイル離れた海域でもイランの石油取引を標的にする用意があることを改めて示した。米軍は20日にも、同じ海域のスリランカ東方付近で別の原油タンカーを拿捕していた。 国防総省はMajestic Xを無国籍船と説明し、国際海運データベースのエクアシスは同船が偽装船籍で航行していると記載している。 米国がイランへの圧力を強める一方、イランはホルムズ海峡の通航をほぼ停止させており、数億バレル規模の石油や燃料の輸送に加え、その他商業船の往来も阻まれている。 その結果、原油や天然ガス価格は戦争開始時より大幅に上昇している。供給量が当面増加する兆しは乏しく、産油国による減産も進んでいる。 原題：US Boards Supertanker Carrying Oil From Iran in the Indian Ocean（抜粋） (c)2026 Bloomberg L.P. Weilun Soon,[],[]
Netflix、約4兆円の追加自社株買いへ－取締役会が承認（Bloomberg）,https://news.yahoo.co.jp/articles/552f93b4d921b2fc05637210030c70988f0e127e,https://newsatcl-pctr.c.yimg.jp/t/amd-img/default.jpg?exp=10800,2026-04-23T22:29:04+09:00,2026-04-23T22:29:04+09:00,Bloomberg,bloom_st,Bloomberg,607,（ブルームバーグ）： 動画配信サービスの米Netflixは、追加で250億ドル（約4兆円）の自社株買いを実施する計画を明らかにした。同社は、4－6月期の業績見通しが市場の予想を下回ったことで、株価が急落していた。 23日に規制当局へ提出された書類によると、Netflixの取締役会が自社株買いの計画を承認した。2024年12月に承認され、なお68億ドル分の枠が残っている自社株買いに上乗せされるもので、期限は設けられていない。Netflixは3月、約13億ドルを投じて1350万株を買い戻している。 Netflix株は、23日のニューヨーク市場の時間外取引で一時1.3%上昇した。 Netflixは16日、市場予想を下回る業績見通しを示したうえ、共同創業者のリード・ヘイスティングス会長の退任も発表した。こうしたことから、株価は同日以降、13%以上下落している。 また、同社は2月にワーナー・ブラザース・ディスカバリーのストリーミング、スタジオ事業の支配権を巡る争いから撤退した。パラマウント・スカイダンスとの数カ月にわたり買収を争う中で、Netflix株は買収に伴う債務規模への懸念により下落した。 原題：Netflix Buying Back $25 Billion in Stock After Share Decline (1)（抜粋） (c)2026 Bloomberg L.P. Amy Thomson,[],[]
トランプ氏、ホルムズ海峡に機雷敷設する船舶の撃沈を海軍に命令（Bloomberg）,https://news.yahoo.co.jp/articles/718af3495bb80266ff5ccef0f42dda5d6ac1d3ef,https://newsatcl-pctr.c.yimg.jp/t/amd-img/default.jpg?exp=10800,2026-04-23T21:56:54+09:00,2026-04-23T21:56:54+09:00,Bloomberg,bloom_st,Bloomberg,192,（ブルームバーグ）： トランプ米大統領は23日、ホルムズ海峡で機雷を敷設する船舶を撃沈するよう海軍に命じたと、トゥルース・ソーシャルへの投稿で明らかにした。 原題：Trump Orders Navy to Shoot Boats Placing Mines in Hormuz Strait（抜粋） (c)2026 Bloomberg L.P. Maria Luiza Rabello,[],[]
米失業保険申請は小幅に増加、レイオフは依然抑制水準（Bloomberg）,https://news.yahoo.co.jp/articles/970f59acb77c6afd5718229355b62c52dc882c92,https://newsatcl-pctr.c.yimg.jp/t/amd-img/20260423-48478016-bloom_st-000-1-view.jpg?exp=10800,2026-04-23T21:47:58+09:00,2026-04-23T21:47:58+09:00,Bloomberg,bloom_st,Bloomberg,241,"<p>米ワシントン州の酪農工場で働く労働者</p> （ブルームバーグ）： 先週の米新規失業保険申請件数は前週比で増加したものの、依然レイオフが低水準にとどまる状況と整合する水準だった。 統計の詳細は表をご覧ください。 原題：US Jobless Claims Edge Up to 214,000, Suggesting Layoffs Limited（抜粋） --取材協力：Mark Niquette. (c)2026 Bloomberg L.P. Jarrell Dillard",[],[]
片山財務相、為替で米国との緊密な連携強調-市場は介入の兆候注視（Bloomberg）,https://news.yahoo.co.jp/articles/95191f128c447fc66778dd7016d364e897cc238d,https://newsatcl-pctr.c.yimg.jp/t/amd-img/20260424-45554015-bloom_st-000-3-view.jpg?exp=10800,2026-04-23T20:59:14+09:00,2026-04-24T00:22:37+09:00,Bloomberg,bloom_st,Bloomberg,888,<p>片山財務相</p> （ブルームバーグ）： 片山さつき財務相は23日、為替市場について、日本の当局者は米国側と24時間態勢で緊密に連絡を取り合っていると述べた。円安をもたらしている投機的な動きに対して、日本は警戒を続けている。 片山氏は、都内で開催されたブルームバーグのイベントで登壇し、過去の為替介入は効果があったとし、当局は再び行動を取り得ると語った。 介入に関して片山氏は「われわれにフリーハンドがある」と述べ、あらゆる可能性が想定される中でも、強い姿勢を貫いていくと表明した。 ドル・円の水準が過去に介入が行われた節目となる160円付近を推移する中、トレーダーらは当局による介入の兆候を注視している。 片山氏は先週、ワシントンでベッセント財務長官と二国間の会談を行った。会談後には、円を支えるために必要ならば断固たる措置も取る構えを示し、必要に応じて日本が介入することに対し、米国から了承を得た可能性が示唆された。 この日のブルームバーグのイベントで、片山氏は日米両国の当局者が「昼夜を問わず24時間、緊密に連絡を取り合っている」と話し、断固としたあらゆる措置を取り得ると述べた。 さらに各国の財務・中央銀行当局者が中東情勢を慎重に見守っているとも述べ、原油先物市場で投機的な動きが広がっている点にも言及した。 事情に詳しい関係者によると、日本銀行はイラン戦争をめぐる不透明感がくすぶる中で、来週の会合では政策金利を据え置く方向に傾いている。ただし、環境が整えば今後も利上げが必要との見解は維持される可能性が高いという。 金利スワップ市場に織り込まれている日銀の利上げ確率は、4月会合がわずか5%となっており、3月下旬の73%から大きく低下している。植田和男日銀総裁が近い将来の利上げを示唆しなければ、円は不安定な状態に置かれる可能性がある。 2024年4月の日銀会合で金利が据え置かれると、財務省は複数回にわたり介入を実施した。 原題：Japan’s Katayama Stresses Constant Close Contact With US on Yen,[],[]
片山財務相、為替で米国との緊密な連携強調-市場は介入の兆候注視（Bloomberg）,https://news.yahoo.co.jp/articles/04ab0525d95346a38052d1cb05d9a50874b98082,https://newsatcl-pctr.c.yimg.jp/t/amd-img/20260423-45554015-bloom_st-000-2-view.jpg?exp=10800,2026-04-23T20:59:14+09:00,2026-04-23T23:55:06+09:00,Bloomberg,bloom_st,Bloomberg,888,<p>片山財務相</p> （ブルームバーグ）： 片山さつき財務相は23日、為替市場について、日本の当局者は米国側と24時間態勢で緊密に連絡を取り合っていると述べた。円安をもたらしている投機的な動きに対して、日本は警戒を続けている。 片山氏は、都内で開催されたブルームバーグのイベントで登壇し、過去の為替介入は効果があったとし、当局は再び行動を取り得ると語った。 介入に関して片山氏は「われわれにフリーハンドがある」と述べ、あらゆる可能性が想定される中でも、強い姿勢を貫いていくと表明した。 ドル・円の水準が過去に介入が行われた節目となる160円付近を推移する中、トレーダーらは当局による介入の兆候を注視している。 片山氏は先週、ワシントンでベッセント財務長官と二国間の会談を行った。会談後には、円を支えるために必要ならば断固たる措置も取る構えを示し、必要に応じて日本が介入することに対し、米国から了承を得た可能性が示唆された。 この日のブルームバーグのイベントで、片山氏は日米両国の当局者が「昼夜を問わず24時間、緊密に連絡を取り合っている」と話し、断固としたあらゆる措置を取り得ると述べた。 さらに各国の財務・中央銀行当局者が中東情勢を慎重に見守っているとも述べ、原油先物市場で投機的な動きが広がっている点にも言及した。 事情に詳しい関係者によると、日本銀行はイラン戦争をめぐる不透明感がくすぶる中で、来週の会合では政策金利を据え置く方向に傾いている。ただし、環境が整えば今後も利上げが必要との見解は維持される可能性が高いという。 金利スワップ市場に織り込まれている日銀の利上げ確率は、4月会合がわずか5%となっており、3月下旬の73%から大きく低下している。植田和男日銀総裁が近い将来の利上げを示唆しなければ、円は不安定な状態に置かれる可能性がある。 2024年4月の日銀会合で金利が据え置かれると、財務省は複数回にわたり介入を実施した。 原題：Japan’s Katayama Stresses Constant Close Contact With US on Yen,[],[]
ノルウェー政府系ファンド、第1四半期は損失1.9%－テック株下落響く（Bloomberg）,https://news.yahoo.co.jp/articles/cb22c77edcd09f0e35c8f85da447de2f8ac6db26,https://newsatcl-pctr.c.yimg.jp/t/amd-img/20260423-43003071-bloom_st-000-1-view.jpg?exp=10800,2026-04-23T20:16:43+09:00,2026-04-23T20:16:43+09:00,Bloomberg,bloom_st,Bloomberg,854,"<p>ノルウェーの政府系ファンドは23日、1－3月期に1.9%の損失を計上した</p> （ブルームバーグ）： ノルウェーの政府系ファンド（SWF）、ノルウェー政府年金基金グローバルは23日、1－3月期（第1四半期）に1.9%の損失を計上したと発表した。中東での戦争が市場を動揺させる中、米国のテクノロジー株への投資が重しとなった。 運営するノルウェー中央銀行投資管理部門（NBIM）によると、同ファンドの資産額は、1兆2700億ノルウェークローネ（約22兆円）減少した。資産額の減少は1年ぶり。昨年第1四半期の減少は、テック企業の価値下落が主な要因だった。ノルウェー政府年金基金グローバルは、世界最大の政府系ファンドだ。 トロンド・グランデ副最高経営責任者は、発表した声明の中で「今回の結果は、市場環境が厳しい四半期だったことを反映している。債券や不動産への影響は限定的だったが、結果を左右したのは株式、特に米国の大手テック企業の下落だった」とコメントした。 第1四半期は、資産の大半を占める株式が2.6%、続く資産クラスの債券は0.2%、それぞれ下落した。非上場不動産は1.2%のリターンを記録した一方、非上場の再生可能エネルギーインフラは1.9%の損失だった。 2月下旬に始まったイランを巡る戦争で、市場の変動性が高まった。第1四半期の実績には、7日の最初の停戦合意後に見られた市場の回復は反映されていない。 ノルウェー・クローネの上昇も、ファンドの資産価値下落の一因となった。クローネは第1四半期に主要10通貨（G10）の中で最も強い通貨となり、対ドルで4.1%、対ユーロで5.8%上昇した。 原題：Norway $2.2 Trillion Fund Lost 1.9% Led by Tech Stocks Slide (1)（抜粋） --取材協力：Stephen Treloar. (c)2026 Bloomberg L.P. Heidi Taksdal Skjeseth, Ott Ummelas",[],[]
ロレアル株が一時9.8%高－決算で業績回復の兆し、16年ぶり上昇幅（Bloomberg）,https://news.yahoo.co.jp/articles/3e53f41b79e471ba464996b475708d82139cd0fa,https://newsatcl-pctr.c.yimg.jp/t/amd-img/20260423-35174392-bloom_st-000-1-view.jpg?exp=10800,2026-04-23T18:06:14+09:00,2026-04-23T18:06:14+09:00,Bloomberg,bloom_st,Bloomberg,903,<p>ロレアルの第1四半期は、ケラスターゼのシャンプーやラロッシュポゼのスキンケア製品の売上高が好調だった</p> （ブルームバーグ）： ロレアルは22日、1－3月期（第1四半期）決算で既存店売上高が7.6%増だったと発表した。業績回復の兆しが見られたことを受け、同社の株価は23日のパリ市場で一時9.8%高と、取引時間中では約16年ぶりの急騰を見せた。 ケラスターゼのシャンプーやラロッシュポゼのスキンケア製品が好調で、ロレアルは4事業部門全てで増収となった。特にプロフェッショナル向け製品部門と、皮膚科学美容部門がいずれも2桁成長を記録し、全体をけん引した。 広範な消費が減速している環境の中、ロレアルはニコラ・イエロニムス最高経営責任者（CEO）の下で、専門的なスキンケア製品から大衆向けのメイクアップ、高価格帯の石鹸まで幅広い商品構成が奏功し、業界他社よりも高い耐性を維持している。ロレアルは先月、香水ブランドのハウス・オブ・クリードなどケリングの美容部門を40億ユーロ（約7500億円）で買収した。 21日まで、ロレアル株は年初来で5.9%下落していた。競合のエスティローダーは27%下落している。 第1四半期は、欧州と北米で売上高が増加した。かつて成長エンジンだった中国を含む地域では、既存店ベースで4%の減収となったが、下落幅は市場予想よりも小さかった。ロレアルによると、イランを巡る戦争の影響で、中東地域、特にアラブ首長国連邦（UAE）で消費の落ち込みが顕著だ。 ただ、同社は、イラン戦争勃発後の原油価格高騰による物流費や原材料コストの上昇に直面しているとも述べた。アナリスト説明会では、原油価格が1バレル＝90－100ドル程度で推移した場合、事業への影響は9000万－1億ユーロに達する可能性があると明らかにした。 クリストフ・バビュール最高財務責任者（CFO）は、長期的なインフレを背景に、年内に価格引き上げを実施する可能性があるとしている。 原題：L’Oréal Soars as Sales Rise on Haircare and Fragrance Demand (1)（抜粋）,[],[]
朝日生命、26年度は超長期債を500億－600億円買い増し－前年度も増加（Bloomberg）,https://news.yahoo.co.jp/articles/8cae514cbfb32a4b6f61370041ae5bfb9591feaf,https://newsatcl-pctr.c.yimg.jp/t/amd-img/default.jpg?exp=10800,2026-04-23T17:00:00+09:00,2026-04-23T17:00:00+09:00,Bloomberg,bloom_st,Bloomberg,679,（ブルームバーグ）： 朝日生命保険は2026年度に超長期債の残高を積み増す。内村伸明資産運用企画部長が22日の運用説明会で明らかにした。 超長期債は500億－600億円積み増す。25年度は円建て債券全体で残高を450億円減らす計画だったが、金利上昇を受けて外債から円債への入れ替えを行った結果、50億円増加した。内村氏は、国内金利が海外金利と「あまり変わらない水準に上昇しているため、外債から超長期債への入れ替えを継続する」と述べた。 巨額の資産を運用する生命保険会社の投資判断は世界の市場を動かす可能性があり、市場の関心は高い。日本生命保険が2年連続で残高を削減、第一生命保険が横ばいにとどめる一方で、朝日生命は明治安田生命保険、富国生命保険に続き残高積み増しを表明した。金利の先行き不透明感が強まる中、生保の間で投資スタンスに違いが出ている。 朝日生命は26年度末の10年金利は2.4%と足元と同水準を想定するが、上限は3%までの上昇を見込む。内村氏は「財政拡張懸念に焦点が当たれば上限まで行く可能性がある」と語る。ただ、日本銀行がインフレに対して後手に回るビハインド・ザ・カーブにならない限り、「今の金利水準は相応に良い水準な上、超長期債も発行が減額されるため、レンジ上限では一定の買いが入る」とみている。 26年度は円建て債券全体では保有国債の償還が多いため、残高は650億円減少する見込み。 【朝日生命の26年度運用計画】 【金融環境見通し：26年度末の見通しとレンジ】 (c)2026 Bloomberg L.P. Masahiro Hidaka,[],[]
イラン戦争下でも株価上昇、5つの理由は－投資家はなぜ強気なのか（Bloomberg）,https://news.yahoo.co.jp/articles/caa80b97f55cd49ca5b4e8f176971455f2a39792,https://newsatcl-pctr.c.yimg.jp/t/amd-img/20260423-31090603-bloom_st-000-1-view.jpg?exp=10800,2026-04-23T16:58:10+09:00,2026-04-23T16:58:10+09:00,Bloomberg,bloom_st,Bloomberg,858,Bloomberg （ブルームバーグ）： イランで戦争が始まって2カ月近くが経過する中、逆風をはね返すかのように世界の株式市場は上昇基調を強めている。地政学リスクにもかかわらず、なぜ株式は過去最高値に向けて力強さを見せているのか。五つの理由に分けて見ていく。 開戦当初はショックが見られたが、金融市場は原油価格が高止まりする中でも紛争をおおむね織り込み、企業のファンダメンタルズ（基礎的諸条件）に焦点を移している。投資家は人工知能（AI）関連や新興国株に再び資金を振り向けており、変動の最も激しい局面はすでに過ぎたことを示している。米ドルは、開戦時に上昇した分の大半を吐き出した。 「影響は時間をかけて経済全体に広がっていくが、市場は『一時的なもの』と見ている可能性がある」とPGIMフィクスト・インカムの新興国マクロ調査責任者マグダレナ・ポーラン氏は指摘する。「投資家は引き続き世界の流動性に注目している。コップ半分の水を『半分もある』と前向きに捉える発想で、ファンダメンタルズを評価している」と述べた。 1.不透明感はピーク越え アナリストによると、市場はすでに最悪シナリオを織り込んだ上で、戦争がいずれ収束に向かう可能性を信じている。米国とイランの当局者が対話の余地を残し、停戦が延長されたことから、市場は最終的に合意に至るとの見方を維持している。 つまり、緊張は続いているものの、協議が完全に崩壊したわけではなく、外交的解決に向かうとの見方が強まっている。 2.押し目買いの定着 これまで投資家たちは、次々と流れるニュース速報やトランプ大統領の方針転換に振り回されてきた。そこで投資家の多くが引き合いに出すのが、2022年のロシアによるウクライナ侵攻時に起きたことだ。当時、侵攻直後には株価は下落し、コモディティ価格は急騰したが、程なくすると反転して通常時に戻った。 ニュースで変動する相場が何年も続き、調整局面を好機と捉える押し目買いも定着したことで、投資家が弱気姿勢を長く維持しにくい状況が生まれている。,[],[]
NEC、米アンソロピックと戦略的協業（Bloomberg）,https://news.yahoo.co.jp/articles/4c7d401044717baaef62e04d827cde9f0d298c47,https://newsatcl-pctr.c.yimg.jp/t/amd-img/default.jpg?exp=10800,2026-04-23T16:20:41+09:00,2026-04-23T16:20:41+09:00,Bloomberg,bloom_st,Bloomberg,101,（ブルームバーグ）： NECは23日、米アンソロピックと日本の事業領域でのAI利活用を促進するため、戦略的協業を開始すると発表した。 (c)2026 Bloomberg L.P. Go Onomitsu,[],[]
キオクシアが時価総額トップ10入り、昨年末43位から急浮上－業績期待（Bloomberg）,https://news.yahoo.co.jp/articles/5fecef250f11c0e0395f604e9c06c47c1e22800a,https://newsatcl-pctr.c.yimg.jp/t/amd-img/default.jpg?exp=10800,2026-04-23T16:07:30+09:00,2026-04-23T16:07:30+09:00,Bloomberg,bloom_st,Bloomberg,615,（ブルームバーグ）： 半導体メモリー大手、キオクシアホールディングスの株式時価総額が国内トップ10に入った。NAND型フラッシュメモリーの価格上昇による業績急拡大への期待が株価を押し上げ、昨年末の43位から大きく順位を上げた。 23日の株価終値は前日比1.7%高。時価総額は約19兆3200億円と昨年末の3.4倍に膨らみ、三菱商事やみずほフィナンシャルグループ、三菱重工業などを抜いて10位になった。 岩井コスモ証券の斎藤和嘉シニアアナリストは「投資家はメモリー価格上昇による2027年3月期の利益急拡大を本格的に織り込み始めた」と指摘。地政学リスクに強い半導体株の中でも割安感があるメモリー株に関心が向かっていると話した。 キオクシアの今期純利益の市場予想は前期見込み比5倍の約2兆5300億円。国内ではトヨタ自動車に次ぐ水準になる。株価収益率（PER）は8倍弱で「まだ値ごろ感があり、株価の上昇基調は続きそうだ」と斎藤氏は語る。 キオクシア株は値動きが大きいことから、個人のデイトレーダーや短期目線のヘッジファンドの間で人気が高い。売買代金は8日以降ほぼ連日で1兆円を超え、圧倒的な首位になっている。アイザワ証券投資顧問部の三井郁男ファンドマネジャーは「長期目線の投資家がバイ・アンド・ホールドする中、短期筋が株価上昇を加速させている」と述べた。 (c)2026 Bloomberg L.P. Kentaro Tsutsumi,[],[]
庶民の味方「ロビン・フッド」開業、食品強化型ドンキで新市場開拓へ（Bloomberg）,https://news.yahoo.co.jp/articles/9fe960157bbc2feeae0bf1bff3469b8fc9a59b2f,https://newsatcl-pctr.c.yimg.jp/t/amd-img/20260423-24609422-bloom_st-000-1-view.jpg?exp=10800,2026-04-23T15:10:09+09:00,2026-04-23T15:10:09+09:00,Bloomberg,bloom_st,Bloomberg,875,「ロビン・フッド」の1号店のおにぎり売り場（23日・愛知県あま市） （ブルームバーグ）： ドン・キホーテを展開するパン・パシフィック・インターナショナル・ホールディングス（パンパシI）は、食品を軸に新業態の展開に乗り出す。物価上昇を背景に高まる節約志向と利便性ニーズを取り込み、既存のディスカウント戦略と生鮮調達力を組み合わせた新たな収益モデルの確立を狙う。 同社は新たな格安スーパー「ロビン・フッド」の1号店を24日、愛知県あま市にオープンする。店名は、貧しい人々を助けた英国の民話上の英雄に由来し、生活費上昇の負担軽減を掲げる姿勢を重ねた。 総菜は組み合わせて1食500円以下を想定。おにぎりは価格が高騰しているのりを削減し、押し麦に変更するなどの工夫で、税込み85円から販売。自社ブランドの41本入りウインナーは同735円となっている。生鮮食品では、下味付きの肉や、骨なしの切り身魚、カット済み野菜など、調理の手間を省く商品を中心に展開する。 ロビン・フッドでは、売り場面積の約4割を食品が占め、一般的なスーパーの3倍以上の構成比となっている。非食品売り場は、兄弟店ドン・キホーテの品ぞろえを迷わずに選択できるよう設計している。パンパシI・業態転換PJ第1ブロックの古崎芳匡ブロック責任者は23日、メディア向けイベントで「利益率の高い非食品で利益を確保し、その分を食品の価格に還元していく」と話した。 訪日客需要を取り込むドン・キホーテに対し、ロビン・フッドは国内の地元客の獲得を狙う。25年6月時点で、パンパシIの売上高のうち、国内事業が80%超を占めた。6月末までに5店舗を出店し、35年までに200－300店舗に拡大する計画で、売上高6000億円、営業利益360億円を見込む。 今回の出店は、07年の長崎屋、19年のUNYと総合スーパー買収による、生鮮調達力の強化が背景にある。さらに6日には、首都圏を地盤にスーパーマーケットなどを手がけるOlympicグループの買収も発表しており、食品ディスカウント分野への拡大を後押しすると見られる。,[],[]
太陽生命、26年度国内債積み増し微増にとどめる－前年度は大幅な未達（Bloomberg）,https://news.yahoo.co.jp/articles/8af27862861b0876dc15e59594c155f489b2882b,https://newsatcl-pctr.c.yimg.jp/t/amd-img/default.jpg?exp=10800,2026-04-23T15:00:00+09:00,2026-04-23T15:00:00+09:00,Bloomberg,bloom_st,Bloomberg,755,（ブルームバーグ）： 中堅生命保険の太陽生命保険は、2026年度の国内債券の積み増しを数百億円規模と微増にとどめる。佐藤義剛運用企画部長が明らかにした。 佐藤氏は記者説明会で20日、年限の短い金利が上昇して長い債券を買うニーズが少なくなったとして「貸し付けや社債投資で国債利回りを上回る収益を上げていきたい」と述べた。前年度は2700億円増の計画に対して実績は半分以下。低利回り債から高利回り債への入れ替えが主因で、26年度も「入れ替えを中心にする」とした。債券売却による損失は株式売却で埋める。 日本生命保険が2年連続で残高を削減、第一生命保険は横ばいにとどめるのに続き太陽生命は残高微増の計画で、明確な積み増しを表明した明治安田生命保険、富国生命保険や大同生命保険と比べ慎重姿勢を維持している。金利の先行き不透明感が強まる中、生保の間で投資スタンスに違いが出ており、債券相場のボラティリティーを高める要因になり得る。 太陽生命は26年度の市場見通しで、新発10年債利回りの上限を3%と足元（22日は2.395%）を大幅に上回る水準に設定した。佐藤氏は、政府が説得力のある財政再建計画を示せなければ安心して買えないと語り、日本国債への投資を増やしている外国人投資家が「売りに転じることがリスク要因だ」と述べた。 日本銀行の利上げは年度内に2回想定。利上げ継続に加え、物価上昇や財政拡張懸念により国内金利は引き続き上昇を見込んでいる。年度末は新発10年債利回りが2.6%、新発20年債が3.4%、新発30年債が3.7%を想定している。 【太陽生命の2026年度運用計画】 【金融市場見通し：2026年度の想定レンジ（27年３月末）】 (c)2026 Bloomberg L.P. Masahiro Hidaka,[],[]
英住宅金融MFS、バークレイズが昨秋に口座凍結－関係先融資からも撤退（Bloomberg）,https://news.yahoo.co.jp/articles/c92f43f12a7772bda123286f199afc0dfdeb2016,https://newsatcl-pctr.c.yimg.jp/t/amd-img/20260423-23789941-bloom_st-000-1-view.jpg?exp=10800,2026-04-23T14:56:29+09:00,2026-04-23T14:56:29+09:00,Bloomberg,bloom_st,Bloomberg,858,"<p>ウェルズ・ファーゴのニューヨークの銀行支店</p> （ブルームバーグ）： 今年2月に破綻した英住宅金融会社マーケット・フィナンシャル・ソリューションズ（MFS）に関係する企業は昨年秋、英銀バークレイズから米銀ウェルズ・ファーゴに借入先を変更したが、バークレイズがその数日前、MFSの口座凍結を開始していた。 事情に詳しい複数の関係者やブルームバーグが内容を確認した文書によれば、MFSの関係企業は昨年11月後半に成立した取引で、ウェルズ・ファーゴから1億4300万ポンド（約308億円）を借り入れた。関係者によると、ほぼ同額がバークレイズに返済されたという。 MFSは複雑なリフォームや時間的制約のある取引など、リスクの高い状況で短期不動産ローンを専門に手掛け、英国での「ブリッジローン（つなぎ融資）」市場拡大の波に乗り急成長した。しかし、今年にかけてローン返済金の流用や同一物件の多重担保の疑惑が浮上し、経営破綻に追い込まれた。 ウェルズ・ファーゴが貸し付けた1億4300万ポンドを含む未払い債務の総額は20億ポンド余りに上る。最大の貸し手で、MFSの銀行口座を管理していたバークレイズも5億ポンドの債権を引き続き抱える。 法的提出文書などによると、借り換え契約はバークレイズがMFSの口座を一部凍結し始めた直後に成立した。凍結の引き金となった原因は通常機密扱いとなり、バークレイズも明らかにしていないが、不正行為の「重大な懸念や強い疑念」があったに違いないと債権者ら主張している。 バークレイズとウェルズ・ファーゴの広報担当者はコメントを控えた。 原題：Wells Fargo Lent to MFS as Barclays Exited Deal, Froze Accounts（抜粋） --取材協力：Yizhu Wang、Constantine Courcoulas、Max Harlow. (c)2026 Bloomberg L.P. Donal Griffin, Jonathan Browning",[],[]
日本もソーシャルメディアに年齢制限検討、青少年保護で世界的な流れ（Bloomberg）,https://news.yahoo.co.jp/articles/5ad1ae359025dfdbfb2791c5aff34d923c6eddfe,https://newsatcl-pctr.c.yimg.jp/t/amd-img/20260423-23518692-bloom_st-000-1-view.jpg?exp=10800,2026-04-23T14:51:58+09:00,2026-04-23T14:51:58+09:00,Bloomberg,bloom_st,Bloomberg,848,Bloomberg （ブルームバーグ）： 日本政府は、ソーシャルメディアの利用を巡り年齢に応じた制限を設けることを検討している。青少年ユーザーに対するリスク管理を目的とした、世界的な流れに歩調を合わせるものだ。 総務省の有識者会議が22日公表した資料によると、政府はソーシャルメディアのプラットフォーム事業者に対し、有害なコンテンツから青少年を守るため、利用開始時の年齢制限を厳格化する案を検討している。現時点で具体的な年齢基準は議論されていない。プラットフォームごとにリスクが異なるため、一律の年齢制限は適さないとの指摘もある。 同会議は今夏に報告書を取りまとめる見通しで、法改正や新たなガイドラインの策定など年内に対策の方向性を示す予定だ。現行法では、インターネットに接続する携帯電話などの利用者が青少年の場合、事業者はフィルタリング（閲覧制限）を有効化することを条件にサービスを提供しなければならないとされているが、保護者が不要と申し出れば同規定は適用されない。 オンライン上での未成年保護を目的とした対応は海外で先行。オーストラリアでは昨年12月、16歳未満のSNS利用を禁じる法律が施行され、約470万件のSNSアカウントが停止された。英国やギリシャ、インドネシアなどでも同様の措置が検討されている。 米カリフォルニア州の地裁では3月、プラットフォームが意図的に依存性を高める設計になっていたとして、メタ・プラットフォームズとアルファベット傘下のグーグルに計600万ドル（約9億6000万円）の支払いを命じる陪審評決が示された。この判断は、規制強化に向けた動きと受け止められている。 中毒性の高い設計や有害コンテンツを巡り、子どもの脳の発達やメンタルヘルスに悪影響を及ぼす可能性があると専門家が指摘するなど、ソーシャルメディア企業に対する圧力が高まっている。総務省の調査報告書によると、10代のソーシャルメディア平均利用時間は平日に1日当たり約70分と、全年代平均のほぼ倍となっている。,[],[]
ホルムズ海峡の通航、ほぼ停止状態－イランが初めて船舶拿捕（Bloomberg）,https://news.yahoo.co.jp/articles/df301bb38cf1550037d5020e4f971848b0832b01,https://newsatcl-pctr.c.yimg.jp/t/amd-img/20260423-23485252-bloom_st-000-1-view.jpg?exp=10800,2026-04-23T14:51:25+09:00,2026-04-23T14:51:25+09:00,Bloomberg,bloom_st,Bloomberg,993,Photographer: Getty Images/Getty Images Europe （ブルームバーグ）： イランが商船に発砲し、少なくとも2隻を拿捕（だほ）したと発表したことを受け、ホルムズ海峡の通航は23日にほぼ停止状態となった。イランによる拿捕は約8週間に及ぶ戦争で初めてだった。 同日早朝、ホルムズ海峡を航行していたのはばら積み船「LB Energy」のみで、新たに進入する船舶は確認されていない。石油製品タンカー「Ocean Jewel」は現在、航路の入り口で停船しており、イランの部隊が3隻に発砲した直後に通航を中止した。 攻撃を受けた船舶のうちの2隻、「MSC Francesca」と「Epaminondas」にはイラン部隊がその後乗り込み、同国がホルムズ海峡の航行に対する管理を強める新たな段階に入ったことを示した。 発砲後の数時間で、少なくとも1隻は通過した。ギリシャ所有でマーシャル諸島船籍のばら積み船「Ascanio」は、イランに食料を輸送した後、22日遅くに海峡を通過し、現在はオマーン湾を南下している。 ペルシャ湾内に船舶を持つ船主はここ数日、緊張を余儀なくされている。週末にはイランの部隊が通航再開の短い機会を突然打ち切り、通過中の船舶に発砲した。イランは後に、米国が海上封鎖を維持する決定への対応だったと説明している。 米軍は、自国の軍艦が13日にイラン沿岸の封鎖を開始して以降、31隻を引き返させたとしており、その大半は原油タンカーとなっている。 船舶追跡データでは、数十隻の船が封鎖ラインを越えたことが示されているが、その一部はその後米軍により阻止されたと、米側は別途明らかにした。このうち、イランの超大型タンカー2隻は現在、オマーン湾に面するイランのチャーバハール港に停泊しており、別の1隻は米軍艦の監視下で航行している。 海運データベース「Equasis」によると、LB Energyの船主はWoody Charteringで、運航会社のGrehel Shipmanagementと同じギリシャの住所を持つ。Ocean Jewelの船主兼運航会社は上海に拠点を置くOcean Jewel Shippingとなっている。Ascanioの船主Ascanio Maritimeは、運航会社Minoa Marineと同じアテネの住所を使用している。,[],[]
中国人民元が円を抜く見通し、為替オプション対ドル取引－LCH（Bloomberg）,https://news.yahoo.co.jp/articles/be436fec88d1841d21c8e145a7c92f567fe257a4,https://newsatcl-pctr.c.yimg.jp/t/amd-img/20260423-22956731-bloom_st-000-1-view.jpg?exp=10800,2026-04-23T14:42:36+09:00,2026-04-23T14:42:36+09:00,Bloomberg,bloom_st,Bloomberg,655,"<p>人民元紙幣</p> （ブルームバーグ）： ロンドンに本拠を置く清算機関LCHは外国為替オプション市場において、人民元が対ドル取引で円を抜き、2位の取引通貨となるとみている。 LCHの外為清算部門LCHフォレックスクリア責任者アンドリュー・バチェラー氏は上海でのインタビューで、国際決済銀行（BIS）が2028年に公表する次回の3年ごとの外為・店頭デリバティブ（金融派生商品）市場調査で、ドル・オフショア人民元はユーロ・ドルに次ぐ2位に浮上する可能性が高いと述べた。 「人民元の国際化は現実だ。ドルに取って代わるという話では必ずしもない。通貨の利用を多様化することに意味がある。市場は選択肢、すなわち複数の通貨で取引・決済できる能力を求めている」と語った。 同氏は、ユーロ・ドルやドル・円の外為オプションを相当量取引しているすべての銀行がドル・オフショア人民元オプションについてもLCHで清算できるようになることを歓迎するとの期待も示した。 昨年公表されたBISの最新調査によると、スポットやフォワード、スワップ、オプションを含む世界の通貨取引に占める人民元の割合は8.5%と、2022年の7%から上昇した。ドルは89%、ユーロは28.9%、円は16.8%、ポンドは10.2%だった。 原題：Yuan to Surpass Yen in Global Currency Options Trading, LCH Says （抜粋） (c)2026 Bloomberg L.P. Bloomberg News",[],[]
明治安田生命、超長期債を数千億円積み増し－26年度は「良い頃合い」（Bloomberg）,https://news.yahoo.co.jp/articles/7434f0eb85addc98ee7be3ec47b3caefad1ad81b,https://newsatcl-pctr.c.yimg.jp/t/amd-img/default.jpg?exp=10800,2026-04-23T13:00:00+09:00,2026-04-23T13:00:00+09:00,Bloomberg,bloom_st,Bloomberg,741,（ブルームバーグ）： 明治安田生命保険は金利上昇余地が限定的との見方から2026年度に超長期債の残高を数千億円増額する。北村乾一郎執行役員・運用企画部長が23日の運用説明会で明らかにした。 北村氏は「前年度は金利先高観から買い入れをかなり抑制したが、26年度は逆転させていく」と述べた。超長期債は1兆円単位で買い入れ、償還を差し引いた残高は数千億円増えるという。 超長期債投資を積極化する明治安田生命の方針は、保有債券の入れ替えに徹して残高削減を継続する日本生命保険、2年連続で残高を横ばいにとどめる第一生命保険とは対照的だ。大手生保で国債投資姿勢の違いが鮮明になっており、市場を動かす要因になり得る。 明治安田生命は、日本銀行の利上げは6月か7月の年度内1回を想定。北村氏は「利上げペースが緩やかになるため、金利上昇ペースも緩やかになる」と予想。長期金利（新発10年債利回り）は潜在成長率と期待インフレ率を合わせた「2－2.5%、足元の2.4%がほぼフェアバリュー」で、投資するのに「良い頃合いだ」と述べた。 主な投資対象は20年債と30年債で、年度内の利回り上限はそれぞれ3.5%、4%を想定している。 前年度は国内公社債の残高を1兆4200億円減らした。北村氏によると買い入れが1兆円、売却が1兆8000億円、償還が6000億円あったという。3月末の公社債の含み損は2兆1600億円で、前年同月末と比べ7700億円増加した。株式の含み益は1兆9000億円増え、有価証券全体の含み益は1兆4500億円増加した。 【明治安田生命の2026年度運用計画】 【金融環境見通し：27年３月末の見通しとレンジ】 (c)2026 Bloomberg L.P. Masahiro Hidaka,[],[]
ファストリ柳井氏が保有株売却、日経平均ウエート上限超え調整の見方（Bloomberg）,https://news.yahoo.co.jp/articles/3dc63ef79c6c27d2baed1c6394693fc6e27c3990,https://newsatcl-pctr.c.yimg.jp/t/amd-img/20260423-14671153-bloom_st-000-1-view.jpg?exp=10800,2026-04-23T12:24:31+09:00,2026-04-23T12:24:31+09:00,Bloomberg,bloom_st,Bloomberg,810,ファストリの柳井氏 Photographer: Akio Kon/bloomberg （ブルームバーグ）： ファーストリテイリングの柳井正会長兼社長が、同社株が日経平均株価の構成比率（ウエート）の上限を上回った後、保有株を売却したことが分かった。過去には同氏の売りがウエートの押し下げに作用したとの見方があった。 22日の変更報告書によると、柳井氏は13日から15日までの3日間で41万7700株を市場内で売却。22日の終値で計算すると300億円規模となる。ファストリ株は通期営業利益の上方修正を受けて10日に最高値を更新し、日経平均の指数ウェブサイトによると、ウエートは上限の10%を上回る10.68%まで上昇した。 日本経済新聞社は日経平均の定期見直しの基準日にウエートが10%を超えた銘柄について、指数算出に使う「株価換算係数」を調整してウエートを引き下げるルールを設けている。ウエートが引き下げられれば、日経平均に連動するパッシブファンドによるリバランスの売りが出やすくなる。次回の定期見直しは10月で、7月末が基準日。 東海東京インテリジェンス・ラボの山藤将太エクイティマーケットアナリストは、過去にもウエートキャップに抵触しないよう、柳井氏が売ったという見方はあったと話し、今回も上限を上回ったことに合わせた売りの可能性はあると述べた。 柳井氏は過去、株価が当時のキャップ11%に接近した2023年7月や、24年1月から2月にかけて売却している。 山藤氏は、アドバンテストの株価がウエート上限に達した後も上昇を続けるなど、「ウエートキャップに対してのマーケットの警戒感は薄らいでいる」とも指摘。加えて、足元の人工知能（AI）関連株の上昇により、ファストリ株の相対的なウエートは下がる可能性もあると話した。 --取材協力：堤健太郎. (c)2026 Bloomberg L.P. Momoka Yokoyama,[],[]
中国の対イラン関係、なぜ限定的か－軍事支援に踏み込まない理由は（Bloomberg）,https://news.yahoo.co.jp/articles/f24810fb12255d94a2b328d4dc3649eb047209a4,https://newsatcl-pctr.c.yimg.jp/t/amd-img/20260423-14086187-bloom_st-000-1-view.jpg?exp=10800,2026-04-23T12:14:46+09:00,2026-04-23T12:14:46+09:00,Bloomberg,bloom_st,Bloomberg,856,習主席とアブダビのハリド皇太子の会談（4月14日、北京） （ブルームバーグ）： 中国はイランにとって最も重要な経済パートナーだ。イラン産原油輸出の約9割を買い入れ、厳しい制裁下にある体制にとって資金面の生命線となっている。 しかし、米国とイスラエルが対イラン戦争を始めると、中国は攻撃を批判する以外に目立った支援を示さなかった。その理由は単なる軍事的自制にとどまらない。中国とイランの関係は一般に考えられているほど戦略的でも対等でもない。 中国の対イラン投資は公表された合意額を大きく下回り、軍事的結び付きも限定的で、中東全体での戦略はイランの地域的競合国との関係の均衡に依存している。 習近平国家主席は4月20日、この戦争について異例の直接的な発言を行い、中国向けイラン産原油の大半が通過するホルムズ海峡の航行再開を求めた。 ただ、トランプ米大統領との5月半ばの首脳会談を前に、習氏には紛争の積極的当事者となることを避ける動機が依然としてある。 中国にとってイランの外交面での重要性は 中国とイランの関係は、深い戦略的同盟というより実利主義に基づくものとみられる。 イランは主要新興国から成るBRICSや上海協力機構（SCO）といった中国主導の枠組みに参加しており、米国の影響力を弱め、グローバルサウス（新興・途上国）の擁護者としての地位を高める中国の取り組みを後押ししている。 中国は、国際的合意を経ずに軍事介入するトランプ氏の姿勢に警戒感を抱く国々の支持獲得を狙う。ただし、対イラン支援には限界がある。中国は長年、中東で二正面戦略と呼ばれる手法を取り、イランとの関係と米国および地域の米同盟国との関係のバランスを保ってきた。 中国は2023年、イランとサウジアラビアの関係正常化を仲介し、中東での外交的信頼を高めた。だが、西側外交官の一部は、中国が決定的役割を果たしたのかを疑問視している。 清華大学で国際関係学を研究している佘綱正氏は、イランへの軍事支援は中東での「中国のやり方ではない」と指摘している。,[],[]
バズる中国EV動画、人気なのに米国では買えず－ネット上で広がる羨望（Bloomberg）,https://news.yahoo.co.jp/articles/8f2be796798d9c37a47ac2d2eafa42479d59513b,https://newsatcl-pctr.c.yimg.jp/t/amd-img/20260423-13242692-bloom_st-000-1-view.jpg?exp=10800,2026-04-23T12:00:42+09:00,2026-04-23T12:00:42+09:00,Bloomberg,bloom_st,Bloomberg,829,マルケス・ブラウンリーさん （ブルームバーグ）： 「米国で違法になっている安価な中国車に乗ってみたら、その理由が見えてきた」。そんなタイトルのYouTube動画が1年ほど前に投稿され、200万回近い再生回数を稼いでいる。 動画は、投稿主のリチャード・ブノワさんが、中国の最新電気自動車（EV）を試乗するために、アラスカを訪れる内容だ。広々とした車内、カラオケ機能を内蔵したワイドスクリーン、そして2万4000ドル（約380万円）という驚きの価格。「なぜこれらを米国に入れたがらないのか分かった。これはすごい」とブノワさんは口にした。 試乗したのは、中国のEVメーカー奇瑞汽車の「iCar 03」。自動車系インフルエンサーのために、特別に米国内に持ち込まれたものだった。 ブノワさんによると、米国の視聴者は比亜迪（BYD）、小米（シャオミ）、極氪（ジーカー）といった中国ブランドに夢中になっている。スタイリッシュで手頃な価格なのが魅力だ。 こうした車についての投稿はSNSに次々と流れてくるが、米国では販売されていない。ブノワさんはマサチューセッツ州の自宅で電話インタビューに応じ、「中国車についての話題に触れた瞬間、再生回数が跳ね上がる。米国人はこうした車を求めている。間違いない」と力説した。 中国ブランドは世界各国の市場で急速に存在感を高めているが、関税や国家安全保障の規制、自動車規制の壁により、米国ではほとんど見かけることがないのが実情だ。 それでもネット上では影響力を拡大している。TikTokなどではアルゴリズムの力によって、高機能や最先端技術を備えたEVやハイブリッド車といった、思わず欲しくなるようなコンテンツが次々と流れてくる。 中国メーカーについて「長期戦で臨んでいる」とブノワさんは指摘する。実際、中国車の波は米国の目前に迫っている。メキシコは中国車の主要輸入国であり、カナダも最近、限定的ながらEVの受け入れで中国と合意したばかりだ。,[],[]
「食べログ」カカクコム、スウェーデンEQTが買収検討と関係者－株価9%高（Bloomberg）,https://news.yahoo.co.jp/articles/ee8ff90b3e981542ddc5b6826310188863cb8158,https://newsatcl-pctr.c.yimg.jp/t/amd-img/default.jpg?exp=10800,2026-04-23T11:06:47+09:00,2026-04-23T12:45:55+09:00,Bloomberg,bloom_st,Bloomberg,835,（ブルームバーグ）： スウェーデンの投資会社EQTが、グルメサイト「食べログ」を運営するカカクコムの買収を検討している。事情に詳しい複数の関係者が明らかにした。プライベートエクイティー（PE、未公開株）投資会社主導による日本企業買収の動きが相次いでいる。 EQTによる買収検討が伝えられたことを受け、23日の取引で、カカクコムの株価は一時9.2%上昇し、取引時間中では昨年12月26日以来の大幅高となった。 非公開情報を理由に関係者が匿名を条件に語ったところでは、EQTは東証プライムに上場するカカクコムへの買収案の評価に向け、複数のファイナンシャルアドバイザーを起用した。 買収検討のニュースが伝えられる前の段階で、カカクコムの株価は年初来で7%下落し、時価総額は約27億ドル（約4300億円）だったが、その後29億ドルに増加した。1997年に設立された同社は、価格比較やレストランの予約・口コミ、求人検索などのウェブサービスを提供している。 関係者によると、検討は今も続けられており、買収提案につながらない場合もあり得る。 投資家が米国以外の国・地域にも目を向ける状況で、EQTは新たなPEアジアファンド向けに同地域としては過去最大級の156億ドルの資金を集めた。 昨年は日系企業が関係する企業の合併・買収（M&A）が過去最高額を記録し、PE投資会社が大きな存在感を示した。その流れは今年に入っても続いている。 米オルタナティブ資産運用会社KKRは、半導体材料大手の太陽ホールディングスに対し、株式公開買い付け（TOB）を実施する。エリオット・インベストメント・マネジメントもトヨタ自動車グループとの間で、トヨタの源流企業、豊田自動織機の非公開化に向けTOBに応募することで合意した。 EQTの広報担当者はコメントを控えた。 原題：EQT Is Said to Consider Takeover of Tokyo-Listed Kakaku.com (2)（抜粋）,[],[]
東京都心の中古マンション価格、2カ月連続で下落－上昇トレンド一服（Bloomberg）,https://news.yahoo.co.jp/articles/01b0c3c6f293f35ca98d4c5002bf74591e913ce0,https://newsatcl-pctr.c.yimg.jp/t/amd-img/20260423-09600003-bloom_st-000-1-view.jpg?exp=10800,2026-04-23T11:00:00+09:00,2026-04-23T11:00:00+09:00,Bloomberg,bloom_st,Bloomberg,852,Bloomberg （ブルームバーグ）： 不動産調査会社の東京カンテイは23日、3月の東京都心の中古マンションの平均価格が2カ月連続で前月比マイナスになったと発表した。中古マンションは需給を反映しやすく、新築に比べて価格動向の変化がいち早く現れる傾向がある。 三大都市圏・主要都市別中古マンション価格推移を発表した。それによると、都心6区（千代田・中央・港・新宿・文京・渋谷）の平均価格は前月比0.2%安の1億8732万円（70平方メートル換算）だった。2カ月連続の下落は2022年12月－23年1月以来、約3年ぶりとなる。 都心の中古マンション市況は近年、売却益を狙う国内外の投資家などがけん引しバブル期を超える価格水準に到達していた。日本銀行が2026年度の考査方針で、地銀を中心とした不動産融資の審査や管理体制を重点的に点検する意向を明らかにしたほか、地方自治体が転売規制を設けたりして価格高騰をけん制している。こうした動きを背景に、都心の中古マンション市況は、上昇一辺倒のトレンドが転換する可能性がある。 東京カンテイの高橋雅之上席主任研究員は「2カ月連続で前月比マイナスになったとはいえ、マイナス幅は極めて小さい。これをもって価格調整トレンドに入ったと考えるのは早計」との考えを示した。 一方、「イラン情勢に伴う原油高や供給不安によって実体経済に影響が出てくれば、先行き不透明感から消費者マインドが冷え込む可能性がある」とも指摘。在庫がさらに積み上がり、大幅に値下げする物件の割合が拡大すれば調整局面に入るとの見通しを示した。 東京カンテイの発表によると、城南・城西6区(品川・世田谷など）は25カ月連続で上昇し、前月比2.3%高の1億330万円。城北・城東11区（台東・江東など）は13カ月連続の上昇となり、同0.7%高の7966万円だった。東京23区の平均は同0.6%高の1億2425万円で23カ月連続の上昇となった。 (c)2026 Bloomberg L.P. Ryo Horiuchi,[],[]
インドネシアがサムライ債総額1721億円、投資家需要底堅く前回上回る（Bloomberg）,https://news.yahoo.co.jp/articles/9a65cd10dc4baf4f987bb3627059dfd2795d1234,https://newsatcl-pctr.c.yimg.jp/t/amd-img/default.jpg?exp=10800,2026-04-23T10:56:51+09:00,2026-04-23T12:43:19+09:00,Bloomberg,bloom_st,Bloomberg,767,（ブルームバーグ）： インドネシアが23日、サムライ債の発行条件を決めた。発行総額は1721億円と、昨年の前回債（1032億円）を上回る規模となった。 起債したのは年限3年2カ月から10年までの4本。このうち発行額が最も大きい3年2カ月債のスプレッド（基準金利に対する上乗せ金利）は80ベーシスポイント（bp、1bp＝0.01%）、発行利率は2.35%になった。前回は3年1カ月物のスプレッドが75bpだった。 中東情勢の緊迫化で市場に先行き不透明感がくすぶる中でも、発行規模はサムライ債の定例発行体であるインドネシアに対する投資家の需要が底堅いことを反映している。ブルームバーグのデータによると、26年のサムライ債としては仏銀クレディ・アグリコルやポーランドに続く起債となった。 半面、中東情勢が財政見通しに与える影響は懸念されている。格付け会社フィッチ・レーティングスは3月、プラボウォ大統領の下で意思決定の中央集権化が進み政策の不確実性が高まっているとして、同国の格付け見通しを「安定的」から「ネガティブ」（弱含み）に引き下げている。 アセットマネジメントOneの加藤晴康ファンドマネジャーは、発行額を確保するためにスプレッドを厚めに設定していると指摘。格付け見通しの引き下げを受け、資金調達への警戒感も出ていたが、プライスに対する安心感や過去の実績への信頼感が今回の調達規模につながったとの見方を示した。 主幹事を務めた大和証券の杉崎慎上席課長代理は、インドネシア政府が日本の投資家向けにIR（投資家向け情報提供）を実施したことを明らかにした。昨今の地政学リスクを踏まえると短い年限に投資家の関心が集まり、そこから需要のモメンタムが形成されたと述べた。 (c)2026 Bloomberg L.P. Atsuko Fukase,[],[]
羽田空港国際線チェックインシステムで不具合、順次復旧（Bloomberg）,https://news.yahoo.co.jp/articles/b3fb27b42bb4ff3fd275c5092fc3c39785af6fa1,https://newsatcl-pctr.c.yimg.jp/t/amd-img/default.jpg?exp=10800,2026-04-23T10:55:57+09:00,2026-04-23T11:25:50+09:00,Bloomberg,bloom_st,Bloomberg,141,（ブルームバーグ）： 羽田空港の国際線チェックインシステムの不具合で23日、一部のカウンターで手続きができない状況となっていた問題で、東京国際空港ターミナルは同日午前10時半時点で順次復旧していると発表した。 (c)2026 Bloomberg L.P. Junko Hayashi,[],[]
マスク氏、半導体研究製造施設に30億ドル投資へ－インテル技術活用（Bloomberg）,https://news.yahoo.co.jp/articles/119042571247f18564cf546e8f2339759bba7bdf,https://newsatcl-pctr.c.yimg.jp/t/amd-img/20260423-04950823-bloom_st-000-1-view.jpg?exp=10800,2026-04-23T09:42:30+09:00,2026-04-23T09:42:30+09:00,Bloomberg,bloom_st,Bloomberg,841,<p>イーロン・マスク氏</p> （ブルームバーグ）： 米電気自動車（EV）メーカーのテスラは、テキサス州に半導体研究・製造施設を建設するため、約30億ドル（約4800億円）を投じる計画だ。大規模な半導体生産体制の構築に向けた初期段階に当たると、イーロン・マスク最高経営責任者（CEO）が22日の決算説明会で明らかにした。 マスク氏によれば、同施設はテスラの既存の「ギガ・テキサス」拠点内に建設される。月産数千枚規模のウエハー生産能力を持つが、新技術や製造プロセスの試験場としての役割を担う。 同氏の宇宙開発企業スペースXがより大規模な半導体製造構想「テラファブ」の初期段階を主導する。インテルも同構想に参加し、半導体の設計や製造、パッケージングの知見を提供するパートナーとして位置付けている。 マスク氏は「これまでに分かっているのは、テスラが研究用のファブを担うということだ」と述べ、「スペースXが大規模なテラファブの初期部分を担当する。残りについてはこれから詰めていく必要がある」と語った。 テラファブは、マスク氏が先端半導体製造への参入を目指す野心的な取り組みで、テスラやスペースX、同氏の人工知能（AI）企業xAIのチームが関与している。 テラファブの目標は、マスク氏が率いる各企業のニーズを満たすのに十分な半導体を確保することだ。同氏は、台湾積体電路製造（TSMC）やサムスン電子といった受託製造業者には対応し切れないと述べている。 提案されている30億ドルの予算は、半導体業界の大手企業1社が最先端工場の建設・設備投資に投じる額の約10分の1に相当する。ASMLホールディングなどの装置メーカーの装置1台だけでも数億ドルに達する場合がある。 決算説明会でインテルの関与の詳細について質問されたマスク氏は、同社の最先端製造プロセス「14A」を活用する考えを示した。同プロセスはまだ顧客を獲得していない。マスク氏の発言を受け、インテル株は22日の時間外取引で約3%上昇した。,[],[]
ソニーの卓球ロボット、エリート選手と互角－AIエージェント開発進む（Bloomberg）,https://news.yahoo.co.jp/articles/c6a59f258aee10f8a237fee7a48d8892383d2fe3,https://newsatcl-pctr.c.yimg.jp/t/amd-img/default.jpg?exp=10800,2026-04-23T09:33:15+09:00,2026-04-23T09:33:15+09:00,Bloomberg,bloom_st,Bloomberg,912,（ブルームバーグ）： ソニーグループの子会社ソニーAIは、経験豊富な卓球選手に勝てるスピードと正確さを備えた卓球ロボットを開発した。 「Ace（エース）」と名付けられたこのロボットは、人工知能（AI）エージェント。視覚センサーとモデルフリー強化学習、高速ロボットハードウエアを組み合わせ、卓球ラケットを取り付けたクレーン状のレバーで構成される。 Aceは空間内の卓球ボールを自律的に特定し、相手コートに返球するために必要な適切な技術を判断し、ラリーが終わるまでそのプロセスを繰り返すことができる。AIエージェントは、限られた人間の監督の下で推論し、多段階の問題を解決するために行動できるシステムだ。 ソニーAIの研究チームは、上位ランクの卓球選手との一連の試合でAceをテストした。対戦相手のプレースタイルに関する事前知識なしで、ロボットは10年以上の集中的なトレーニングを受けたエリート選手5人を相手に13試合中7勝を挙げた。公認リーグに所属するプロ選手2人との対戦では、7試合中1勝だった。 卓球は精密な動きや瞬時の意思決定、パワフルな反応を必要とするため、AIシステムが複雑な物理環境でどのように相互作用するかを示す事例となる。 従来のロボットも卓球ボールを打ち返すこと自体は可能だったが、アマチュアレベルを超えたものはなかった。英科学誌ネイチャーに掲載された今回の研究は、ロボットが経験を積み重ねた選手と競い合える水準に達した初の例。 ソニーAIのチーフサイエンティスト、ピーター・ストーン氏は発表資料で、「AIシステムが、精度と速度を要する複雑で急速に変化する現実世界の環境において、知覚し、推論し、効果的に行動できることを示している」と説明。「こうした条件下でAIが人間の熟練レベルで動作できるようになれば、これまで手の届かなかったまったく新しい種類の実世界の応用への道が開ける」とコメントした。 原題：Ping Pong Robot Uses Agentic AI to Beat Expert Human Players （抜粋） (c)2026 Bloomberg L.P. Annika Inampudi,[],[]
ソフトバンクG、OpenAI株を担保に100億ドルのローン模索－関係者（Bloomberg）,https://news.yahoo.co.jp/articles/75c96c5a9282a9efc77ebdc795cbae59254a33ed,https://newsatcl-pctr.c.yimg.jp/t/amd-img/20260423-04271192-bloom_st-000-2-view.jpg?exp=10800,2026-04-23T09:31:11+09:00,2026-04-23T14:30:43+09:00,Bloomberg,bloom_st,Bloomberg,912,<p>孫正義氏</p> （ブルームバーグ）： ソフトバンクグループは、「ChatGPT」を手がける米OpenAIの株式を担保に100億ドル（約1兆6000億円）のマージンローン（証券担保ローン）の調達を探っている。事情に詳しい関係者が明らかにした。同社は対話型人工知能（AI）分野への巨額投資により、債務が拡大している。 匿名を条件に話した関係者によると、協議中のマージンローンの借入期間は2年で、ソフトバンクGが1年延長できるオプションを付帯することも検討している。マージンローンとは、企業が株式などの保有資産を担保に融資を受ける仕組みだ。 ソフトバンクGのメディア担当者は同件についてコメントを控えた。 トレーダーによると、同社の信用リスクを示すクレジット・デフォルト・スワップ（CDS）はブルームバーグの報道後に10ベーシスポイント（bp、1bp＝0.01%）程度拡大した。5年物CDSは約360bpとなり、CMAのデータで3月下旬に付けた1年ぶりの高水準（376bp）に近づいた。 創業者の孫正義氏が大規模な投資を通じて世界的なAIブームの中核的な地位の確立を狙う中、ソフトバンクGは記録的な規模で負債を積み上げている。2月にはOpenAIへの300億ドルの追加出資を発表し、累計出資額は646億ドルに達する見込みだ。こうした投資資金を賄うため、3月にはドル建てとして同社史上最大となる400億ドルの融資枠を確保した。 積極的な資金調達は信用面にも影響を及ぼしている。S&Pグローバル・レーティングは3月、OpenAIへの巨額投資により「投資資産の流動性や質、財務余力が大きく悪化した状態が続く可能性が高い」とし、ソフトバンクGの格付け見通しを「安定的」から「ネガティブ」に引き下げた。 もっとも、投資家や金融機関の資金供給姿勢は必ずしも後退していない。ソフトバンクGは先週、ドル建ておよびユーロ建ての社債発行で36億ドルを調達。その一部はOpenAIへの投資に関連するブリッジローン（つなぎ融資）の返済に充当する。ドル建て10年債の表面利率は同社のドル債として過去最高の8.5%となり、高い利回りで需要を確保した。,[],[]
【日本市況】株下落、日経平均一時初の6万円も原油高重し－債券下落（Bloomberg）,https://news.yahoo.co.jp/articles/49a6d9a83a673a46205867cb8eb5fa5bbd486bad,https://newsatcl-pctr.c.yimg.jp/t/amd-img/20260423-03934335-bloom_st-000-4-view.jpg?exp=10800,2026-04-23T09:25:34+09:00,2026-04-23T15:42:31+09:00,Bloomberg,bloom_st,Bloomberg,927,<p>日経平均初の6万円台、米株最高値追い風</p> （ブルームバーグ）： 23日の日本市場は株式が下落。イランと米国の和平交渉で進展が見られず、原油価格が上昇していることが重しとなった。円は対ドルで159円台半ばを中心に推移し、債券は下落した。 前日に米国株が最高値を更新したことを追い風に日経平均株価は朝方に初めて6万円台に乗せたが、短期的な過熱感も意識されて下げに転じた。東証株価指数（TOPIX）は3日続落。TOPIX構成銘柄の約8割が下げ、朝方は相場を支えていた人工知能（AI）関連株も弱含んだ。 米国はイランによる和平案の提示に期限を設定していない。ただ、ホルムズ海峡の開放を巡る両国の駆け引きは続いており、アジア時間23日の取引で米原油先物は上昇。和平交渉が長引けば原油価格の高止まりが続く可能性があり、企業業績や景気動向の不確実性を高めるため、投資家はリスクを取りにくい。 しんきんアセットマネジメント投信の藤原直樹シニアファンドマネジャーは、「ホルムズ海峡封鎖の影響が大きい日本市場では停戦延長は好感されていない」と述べた。ソフトバンクグループなど一部の大型株には短期の資金が流れているが、長期目線の投資家はあまり動けていないだろうと話した。 株式 株式は下落。原油価格の上昇に加え、短期的な過熱感が重しになった。 東洋証券の大塚竜太ストラテジストは「日経平均は6万円台に乗せたことによる達成感もあり、売りが優勢になっている」と指摘。決算発表が本格化するのを前に、国内機関投資家も積極的に買いづらいと話した。 日経平均をTOPIXで割ったNT倍率は16倍弱と過去最高水準にある。AI関連がけん引してきた日経平均について、大塚氏は一部の銘柄が無理やり引っ張り上げていた面があり、今後も短期的には小幅な調整が起きやすいとみていた。 為替 円相場は対ドルで159円台半ばを中心に推移。SBI FXトレードの上田真理人取締役は、原油価格が上昇し「なかなか先が見えない中で円は買いにくい」と話す。その上で、足元は原油の高止まりと日本銀行の利上げ見送り、介入への警戒感が重なっているとし、ドル・円水準は「そのバランスの上に成り立っている」と述べた。,[],[]
政府がMBKによる牧野フ買収計画に中止勧告－株価1年ぶり下落率（Bloomberg）,https://news.yahoo.co.jp/articles/1ba7d3454bc8757ddd33cdd68ebf907d1f0cb0a9,https://newsatcl-pctr.c.yimg.jp/t/amd-img/20260423-01942469-bloom_st-000-7-view.jpg?exp=10800,2026-04-23T08:52:22+09:00,2026-04-23T14:46:18+09:00,Bloomberg,bloom_st,Bloomberg,936,<p>MBKパートナーズのロゴ</p> （ブルームバーグ）： 工作機械メーカーの牧野フライス製作所は23日、政府がアジア系投資ファンドのMBKパートナーズに対し、買収計画を中止するよう勧告していたと発表した。政府が経済安全保障の観点から重要技術を守る姿勢を強めるなか、海外勢による日本企業買収を巡る環境が今後大きく変化する可能性がある。 牧野フの発表資料によると、MBKは当局との間で買収計画の承認取得に向けた協議を続けていたが、22日付で財務相と経済産業相から、外為法第27条第5項に基づき、同社株式の取得を中止することの勧告を受領した。 勧告によれば、牧野フは、軍事転用の可能性が特に高い機微な製品として輸出に際して経産相の許可が必要となる高性能な工作機械を製造するほか、関連の技術と情報を保有。日本の防衛装備品の製造業でも広く利用されているなどとして、外為法第で規定される「国の安全等に係る対内直接投資等」に該当すると判断したとしている。 片山さつき財務相は23日午前の参院財政金融委員会での答弁で、中止勧告を「行ったことは事実」と述べた。国の安全の確保などに関わる技術や情報が流出する可能性などを考慮して審査を行い、買収が国の安全を損なう事態を生ずるおそれがあると認められたため決定したとしている。 午後に記者団の取材に応じた片山財務相は、買収計画が完全子会社化を念頭に進められていることを指摘した上で、「中止勧告が必要不可欠との判断に至った」と説明した。一方で「健全な投資は日本経済の発展に重要との考えは変わっていない」とも強調した。財務省は、事前に有識者から意見を聞く審議会を開いたが非公開だった。 勧告を踏まえ、MBKは中止勧告を応諾するか5月1日までに政府へ通知を予定しているという。牧野フ株は23日、一時前日比10%安の1万420円と昨年5月9日以来の日中下落率となった。 ブルームバーグのデータによると、MBKは韓国に本拠を構えるプライベートエクイティ（PE）会社。日本では24年に米ブラックストーン傘下のアリナミン製薬を買収（価格非公表）したほか、過去にはゴルフ場運営のアコーディア・ゴルフ、介護サービスのツクイホールディングスの買収なども手掛けた。,[],[]
世界最大のコンドームメーカー受難、イラン戦争の影響で値上げ必至（Bloomberg）,https://news.yahoo.co.jp/articles/52357eded8cf579a4701fc8c6ef733adef061333,https://newsatcl-pctr.c.yimg.jp/t/amd-img/20260423-01769527-bloom_st-000-1-view.jpg?exp=10800,2026-04-23T08:49:29+09:00,2026-04-23T08:49:29+09:00,Bloomberg,bloom_st,Bloomberg,885,カレックスの工場で （ブルームバーグ）： イラン戦争の影響が広範な業界に及ぶ中で、世界最大のコンドームメーカーも苦境に立たされている。 マレーシアのカレックスは、世界のコンドームの5個に1個を製造している。同社のゴー・ミア・キアット最高経営責任者（CEO）はブルームバーグ・ニュースとのインタビューで、戦争の長期化によってサプライチェーンが不安定化しコストが上昇していることを受け、価格を最大30%引き上げる準備を進めていると明らかにした。 中東での戦争がエネルギー市場を混乱させ、食品や肥料の価格を押し上げてきたのに続き、コンドーム価格の上昇は消費者生活のほぼあらゆる側面に影響が及んでいることを示している。 カレックスは「Durex」などのブランド向けや自社ブランドの「ONE Condoms」「Carex」を含め、年間約50億個のコンドームを生産している。 英パサンテ・ヘルスケアも傘下に持ち、国家医療制度（NHS）向けに供給するほか、テスコやブーツなど小売企業のプライベートブランド製品も手がけている。 ゴー氏は今後数カ月以内に価格が引き上げられるとの見通しを示し、「大半の顧客と価格調整を進めており、最大級の値上げの一つ」になると語った。 同氏によると、カレックスの生産コストは戦争開始以降、石油由来化学品の不足や原材料価格の上昇がサプライチェーン全体に波及したことで、約25－30%上昇した。これにより、包装材や潤滑剤のコストも押し上げられているという。 ゴー氏は今後2、3カ月の生産を維持できる原材料を確保しているが、その先は主要原料の供給が見通せないと指摘。追加値上げの可能性も排除せず、「今後、これ以上の価格調整が行われないとは断言できない」と述べた。 コンドームのような医療製品は規制要件が厳しく、代替材料の確保は容易ではないという。 同氏によれば、インドなどにある競合メーカーは、さらに深刻なサプライチェーンの混乱に直面している。現時点では価格上昇が需要を抑制する可能性は低く、コンドーム市場は事実上、インフレに対して耐性があるとゴー氏はみている。,[],[]
SKハイニックス、営業利益5倍－AI開発ブームでメモリー価格上昇鮮明（Bloomberg）,https://news.yahoo.co.jp/articles/e5ebab0334c47eff95bd7dba2a9b38383838568b,https://newsatcl-pctr.c.yimg.jp/t/amd-img/20260423-99342105-bloom_st-000-3-view.jpg?exp=10800,2026-04-23T08:09:02+09:00,2026-04-23T09:34:59+09:00,Bloomberg,bloom_st,Bloomberg,961,Bloomberg （ブルームバーグ）： 半導体メモリー大手、韓国のSKハイニックスが23日発表した1－3月（第1四半期）の営業利益は5倍に急増した。世界的に活発な人工知能（AI）開発を支えるメモリーチップ価格の上昇が鮮明となっており、同社は今年の設備投資を「大幅に」引き上げる方針を改めて示した。 1－3月の営業利益は37兆6100億ウォン（約4兆円）と過去最高を更新。アナリスト平均予想の35兆7000億ウォンを上回った。一方、売上高は52兆5800億ウォンとほぼ3倍に拡大した。 SKハイニックスはメモリーとストレージの両方で良好な価格環境が続くとの見通しを示した。 同社はメモリー市場の構造を変えつつあるAI投資ブームに乗り、イラン戦争に起因するサプライチェーン混乱への懸念を相殺している。投資家の間では、AIの普及が需要の長期的な拡大局面をもたらし、長年続いた半導体市況のサイクルを脱するか議論が交わされている。 CLSAセキュリティーズ・コリアの調査責任者サンジーブ・ラナ氏は、顧客のメモリー在庫の少なさと供給面の制約を背景に、「今後数四半期は力強い利益成長が続く」と指摘。「需要は旺盛で、各社はあらゆる手段で生産能力の拡大を図っている」と述べた。SKハイニックスの今年の設備投資については45%増加すると予想している。 メタ・プラットフォームズやアマゾン・ドット・コムなどは、AI向けハードウエアに多額の資金を投じている。これがSKハイニックスの収益を押し上げており、同社はエヌビディアのアクセラレーターと組み合わせ、AIモデルの学習や推論に重要な広帯域メモリー（HBM）で優位性を持つ。 SKハイニックスや競合するサムスン電子、米マイクロン・テクノロジーは、収益性の高いHBMに生産能力を振り向けている。結果として、従来型メモリーでは供給不足と価格上昇が生じており、メモリーメーカーの売上高をさらに押し上げている。 需要増への対応として、SKハイニックスは1月に2026年の設備投資が前年の30兆2000億ウォンから大幅に増加するとの見通しを示した。先月には、オランダの半導体製造装置大手ASMLホールディングの最先端極端紫外線（EUV）露光装置に約80億ドル（約1兆2800億円）を投じる計画も発表した。,[],[]
日本の半導体株、AI投資堅調で復調鮮明－成長期待のマネー集める（Bloomberg）,https://news.yahoo.co.jp/articles/fea4644082c0ccedb72f918fa7982e53050c6011,https://newsatcl-pctr.c.yimg.jp/t/amd-img/default.jpg?exp=10800,2026-04-23T08:02:58+09:00,2026-04-23T08:45:32+09:00,Bloomberg,bloom_st,Bloomberg,877,（ブルームバーグ）： 日本株市場で半導体関連銘柄の復調が鮮明だ。米国のハイパースケーラー（大規模クラウド事業者）が進める巨額の人工知能（AI）投資に陰りが見えず、国内でも関連企業の利益成長が続くとの期待が背景にある。 東証株価指数（TOPIX）の業種別指数は4月に入り、半導体企業やAI関連銘柄が含まれる非鉄金属指数と電気機器指数が共に20%超上昇し、イラン戦争を受けた3月の下落分を全て取り戻した。月初来の上昇率は全33業種の1位と2位だ。 キオクシアホールディングスやルネサスエレクトロニクス、アドバンテストの上昇率はTOPIXの7%高の5倍を超える。 中東情勢を巡っては紛争終息に向けた投資家の期待がある半面、ホルムズ海峡の実質封鎖は続いており、原油高とサプライチェーン（供給網）の混乱がさまざまなセクターに悪影響を及ぼすとの懸念が根強い。こうした中で、利益成長の確実性が高い半導体関連株に買いが殺到している。 MSCIジャパン半導体指数の今年の予想1株利益（EPS）は、米国とイスラエルがイランに対する軍事行動を開始した2月末から18%増加した。TOPIXの予想EPSは同期間に0.5%減少しており、半導体セクターの堅調ぶりが目立つ。 先週には半導体供給網の要である台湾積体電路製造（TSMC）とASMLホールディングがそろって今年の売上高見通しを引き上げ、市場の強気ムードに拍車がかかった。 楽天投信投資顧問第二運用部の平川康彦部長は、AI銘柄には米半導体大手エヌビディアの決算発表が予定される5月下旬まで悪材料は考えづらく、「行き場のない資金が集中しやすい」と指摘。「イラン情勢のはっきりしない状況が続けば続くほど、増益の確実性が高い半導体・AI関連により資金が向かうのではないか」と話す。 BNPパリバのアジア太平洋現物株調査の責任者、ウィリアム・ブラットン氏も、「テクノロジーセクターの12カ月先予想EPSが他のセクターを大きく上回るペースで上がっている現状では、テクノロジー株がアウトパフォームを続けると考えるのが合理的だ」とみている。,[],[]
元芸人・井村氏の投資助言会社、近鉄グループに書簡－親子上場に懸念（Bloomberg）,https://news.yahoo.co.jp/articles/86adfded94612bce275182fbd20b51c70414cdce,https://newsatcl-pctr.c.yimg.jp/t/amd-img/default.jpg?exp=10800,2026-04-23T08:00:00+09:00,2026-04-23T08:00:00+09:00,Bloomberg,bloom_st,Bloomberg,847,（ブルームバーグ）： 元お笑い芸人の井村俊哉氏などが設立した投資助言会社のKaihou（東京都港区）は、私鉄大手の近鉄グループホールディングスと旅行子会社のKNT－CTホールディングスの取締役会に対し、親子上場を巡るガバナンス（統治）に懸念を示す書簡を送ったことが分かった。 ブルームバーグが入手した書簡によると、「近畿日本ツーリスト」や「クラブツーリズム」を傘下に置くKNTCTには近鉄GHDとの親子関係の現状維持あるいは解消、強化、完全子会社化などあらゆる選択肢のメリット、デメリットについて見解を示すよう求めた。近鉄GHDにも資本政策の比較検討を要求。Kaihouは、同社が関与する公募投資信託でKNTCT株を7%弱保有している。 さらにKaihouは、KNTCTの人事・報酬諮問委員会の議長や独立社外取締役の一部で実質的な独立性に疑義が残るとも指摘。近鉄グループ各社の資金管理を一元化するキャッシュ・マネジメント・システム（CMS）にKNTCTが多額の資金を預け入れ、近鉄GHDが保有するKNTCT優先株の配当率がCMSの運用利回りを上回る逆ざやとなっている点にも懸念も示した。 KNTCTの有価証券報告書によると、CMSの預入残高は2025年3月末時点で762億円。同社の時価総額は514億円だ。 井村氏は、ブルームバーグの取材で書簡の内容や送付事実について認めた。両社との対話を通じ現実的な解決策を模索したいとし、株主提案は現時点では考えていないが、対話の結果次第では可能性は排除しないと説明。「社外取締役の独立性基準が機能していないことなど、昭和のガバナンスとなっていることに危機感を持っている」と述べた。 親子上場企業のCMSを巡っては、物言う株主（アクティビスト）として知られるストラテジック・キャピタルが大阪製鉄や日産車体に対し資本効率の悪化やガバナンスへの懸念を表明。12年にはエッフィシモ・キャピタル・マネージメントが日産車体にCMSを巡る訴訟を起こしたが、棄却された。,[],[]
円は対ドルで159円台半ば、ホルムズ海峡で緊張高まる－債券は上昇へ（Bloomberg）,https://news.yahoo.co.jp/articles/1172d183ea204d45b0147aa9e4e434a66f325612,https://newsatcl-pctr.c.yimg.jp/t/amd-img/default.jpg?exp=10800,2026-04-23T07:53:44+09:00,2026-04-23T07:53:44+09:00,Bloomberg,bloom_st,Bloomberg,896,（ブルームバーグ）： 23日朝の外国為替市場の円相場は対ドルで159円台半ばと前日夕からやや円安水準で推移。米国とイランの新たな和平協議が実現せず、ホルムズ海峡の支配を巡る対立が強まっていることを受け、ドルが買われている。債券は上昇（利回りは低下）が見込まれている。 三井住友信託銀行ニューヨークグローバルマーケッツ部の山本威調査役は「ホルムズ海峡で緊張が高まり原油先物価格が上昇しており、ドル買いが優勢だ」と語る。ただ、和平協議への期待感もあり、一段の事態の悪化がない限りドルは160円越えには材料不足だと指摘。介入への警戒感もあり、もみ合いが続くと予想する。 野村証券の後藤祐二朗チーフ為替ストラテジストは23日付のリポートで「米国とイランの直接協議待ちの展開が継続、原油価格高止まりの中でドル・円も高止まりやすい」と指摘。ドルが160円に向けて上昇した場合、夕方に予定される片山さつき財務相のインタビューも注目だとしている。 ブルームバーグ主催のBloomberg New Voicesのキックオフイベントが都内で開かれ、片山財務相とのインタビューが行われる。 債券 債券相場は上昇が見込まれている。日本銀行の定例の国債買い入れや、日本株高を受けた年金勢のリバランス買いが支えになるとの見方がある。 三菱UFJアセットマネジメントの小口正之エグゼクティブ・ファンドマネジャーは、先物の寄り付きと引け値を比べると8営業日連続で上昇しており、国内投資家の買いが入っている可能性があると指摘。「恐らく年金勢のリバランス買いで、株価の堅調が続いているため、引き続き相場の支えになる」と話す。 先物の夜間取引で中心限月6月物は22日の日中取引終値比1銭高の130円17銭で終えた。小口氏の先物の予想レンジは130円08銭－130円29銭、新発10年債利回りは2.38－2.405%（22日は2.395%で終了）。22日の米10年国債利回りは前日比1ベーシスポイント（bp、1bp＝0.01%）高い4.3%程度で引けた。 (c)2026 Bloomberg L.P. Masahiro Hidaka,[],[]
原油価格が上昇継続、米イラン和平交渉に進展見られず－海峡巡り対立（Bloomberg）,https://news.yahoo.co.jp/articles/67bee03083523347bc683eabd964c8f8ed3c3167,https://newsatcl-pctr.c.yimg.jp/t/amd-img/20260423-96631821-bloom_st-000-4-view.jpg?exp=10800,2026-04-23T07:23:51+09:00,2026-04-23T15:12:38+09:00,Bloomberg,bloom_st,Bloomberg,857,<p>テキサス州にある貯蔵タンク</p> （ブルームバーグ）： アジア時間23日の取引で、原油価格が上昇。米国とイランが新たな和平協議の開催に至らないまま、ホルムズ海峡の支配を巡る対立が続いている。 北海ブレント先物は103ドル近辺で推移。直近3営業日では約13%上昇していた。米ウェスト・テキサス・インターミディエート（WTI）は94ドル前後となっている。 トランプ米大統領は、4月7日に合意された停戦はイランが新たな和平案を提示するのを米国側が待つ間、無期限に維持されると述べた。一方、イラン側は近く交渉に参加する予定はないとしている。 北海ブレントは序盤に一時4.2%上昇した。イランで爆発があったとの情報を受けた動きだったが、それが否定されると上げ幅を縮小した。 2月末に始まった戦争はエネルギー市場を揺るがしている。ホルムズ海峡が事実上封鎖されたことで、ペルシャ湾岸の主要産油国からの供給は急減した。米国はイランの港に出入りする船舶に対する海上封鎖を維持し、イランへの圧力を強めている。イランのアラグチ外相はこれを停戦違反だと批判した。 BOKフィナンシャル・セキュリティーズのトレーディング担当シニアバイスプレジデント、デニス・キスラー氏は「緊張は依然として高く、米国とイランは合意を巡り膠着（こうちゃく）状態にある。どちらかが譲歩するまで、原油価格にとって最も抵抗の少ない動きは依然として上方向だ」と指摘。「海峡を通る石油の流れが止まる期間が長いほど、価格はさらに上昇する」と語った。 米国とイランは、イランの核能力やイスラエルによるレバノン侵攻を含む複数の主要問題でも行き詰まりが続いている。イランのペゼシュキアン大統領は投稿で、イランは対話を歓迎するものの、「封鎖と威嚇が（外交の）主な障害になっている」と指摘した。 イランが商船に発砲し、少なくとも2隻を拿捕（だほ）したと発表したことを受け、ホルムズ海峡の通航は23日にほぼ停止状態となった。イランによる拿捕は約8週間に及ぶ戦争で初めてだった。,[],[]
アメリカン航空とアラスカ・エア、収益分配など戦略的提携検討-関係者（Bloomberg）,https://news.yahoo.co.jp/articles/61a114dd55bcdfd2146e75715fc4fa4e568a242d,https://newsatcl-pctr.c.yimg.jp/t/amd-img/default.jpg?exp=10800,2026-04-23T06:30:13+09:00,2026-04-23T08:20:26+09:00,Bloomberg,bloom_st,Bloomberg,888,（ブルームバーグ）： アメリカン航空グループとアラスカ航空を運営するアラスカ・エア・グループは、収益分配を含む戦略的提携の可能性を検討している。事情に詳しい複数の関係者が明らかにした。米航空各社がコスト上昇や激しい競争に直面する中で、規模の拡大を図る動きとして注目される。 米航空会社は、イラン戦争に伴う燃料費高騰で利益率が圧迫され、成長戦略の見直しを迫られている。経営難に直面する米格安航空会社スピリット・アビエーション・ホールディングスの救済策を巡り、トランプ政権内で最終調整が行われているとブルームバーグが22日に伝えた。 非公開情報を理由に関係者が匿名を条件に語ったところでは、日本航空との太平洋路線での共同事業やインターナショナル・エアラインズ・グループ （IAG）傘下の英ブリティッシュ・エアウェイズ（BA）との大西洋路線での提携など、アメリカン航空の共同事業の枠組みにアラスカ航空を組み入れる計画が検討されているという。 合意が実現すれば、アメリカン航空とアラスカ航空は、米運輸省の承認を得て、特定路線の運航スケジュール・運賃の調整、それらの航空便の収益分配が可能になる。 売り上げの拡大と債務返済を目指すアメリカン航空は、アラスカ航空が拠点とするシアトルを通じて、米西海岸への接続を強化できる。一方のアラスカ航空は、グローバルな成長推進に向け、収益性の高い長距離路線へのアクセス拡充が期待できる。 関係者によれば、より強力な提携を巡る協議の過程で合併案も浮上したが、実現には至らなかった。 アメリカン航空の担当者はコメントを控えた。アラスカ・エア・グループはうわさや臆測にはコメントしないと回答とした。 ブルームバーグの先の報道によると、米ユナイテッド航空を運営するユナイテッド・エアラインズ・ホールディングスのスコット・カービー最高経営責任者（CEO）は、トランプ大統領や政府高官に対し、アメリカン航空との事業統合の可能性を提案した。アメリカン航空は反トラスト法（独占禁止法）上の懸念を理由に合併に関心がなと表明し、トランプ氏も支持できないと21日に述べた。,[],[]
米IBM、ソフトウエア部門の売上高が予想と一致－AI懸念払拭できず（Bloomberg）,https://news.yahoo.co.jp/articles/5eb95f2534055c1560c1336f2e277ffc6d0c8030,https://newsatcl-pctr.c.yimg.jp/t/amd-img/20260423-90933318-bloom_st-000-2-view.jpg?exp=10800,2026-04-23T05:48:53+09:00,2026-04-23T07:52:13+09:00,Bloomberg,bloom_st,Bloomberg,837,<p>ロンドン市内のIBMのオフィス</p> （ブルームバーグ）： 米IBMが22日発表した1－3月（第1四半期）決算は、ソフトウエア部門の売上高が市場予想とほぼ一致した。ただ、人工知能（AI）が同部門に与える影響を巡る投資家の懸念を払拭するには至らなかった。 ソフトウエア事業の売上高は前年同期比11%増の70億5000万ドル（約1兆1200億円）。同社全体の売上高は同9%増の159億ドルで、アナリスト予想平均の157億ドルを上回った。 IBMはレッドハットやハシコープなどの大型買収を通じ、高成長のソフトウエア分野へ軸足を移してきた。ただ、この戦略は、AIツールが既存のソフトウエア製品を置き換えるとの投資家の懸念にも直面している。2月には、AIスタートアップのアンソロピックがIBMのメインフレームで使われる旧来型のプログラミング言語の刷新を支援するツールを発表したことを受け、同社株は数十年ぶりの大幅安となった。 ジェフリーズのアナリスト、ブレント・ティル氏はブルームバーグテレビジョンのインタビューで、投資家はソフトウエア部門でより堅調な結果を期待していたと指摘。顧客がAI企業のツールを試す間、IBMでの購入を先送りしているかどうかがウォール街で問われる可能性があると述べた。 株価は22日の通常取引を251.86ドルで終えた後、時間外で約6%下落した。年初来では15%下落している。 IBMは多くのソフトウエア企業と同様に、自社製品へのAIの組み込みを進め、顧客に最新技術を提供できる強みをアピールしている。ジム・カバノー最高財務責任者（CFO）はインタビューで、生成AI関連事業がソフトウエア部門の今年の成長率を2ポイント押し上げる見通しだと述べた。 インフラ部門の売上高は15%増の33億3000万ドルと、アナリスト予想を上回った。コンサルティング部門の売上高は4%増の52億7000万ドルで、苦戦が続く同部門としては2023年以来の高い伸び率となった。,[],[]
米TI、業績見通しがアナリスト予想上回る－時間外で株価大幅高（Bloomberg）,https://news.yahoo.co.jp/articles/ece38257fde204621070bbe9a5b72c3e12501ae1,https://newsatcl-pctr.c.yimg.jp/t/amd-img/20260423-89444903-bloom_st-000-1-view.jpg?exp=10800,2026-04-23T05:24:04+09:00,2026-04-23T05:24:04+09:00,Bloomberg,bloom_st,Bloomberg,432,<p>テキサス州シャーマンにあるTIの半導体ウエハー工場</p> （ブルームバーグ）： アナログ半導体最大手、米テキサス・インスツルメンツ（TI）は、4－6月（第2四半期）の業績に強気な見通しを示した。顧客である電子機器メーカーの間で、将来的な需要への自信が高まりつつあることを示唆している。 同社の22日発表によると、4－6月の売上高は50－54億ドルが見込まれている。ブルームバーグがまとめたデータによると、アナリスト予想平均は48億5000万ドルだった。1株利益は1.77－2.05ドルの見通しで、市場予想の1.57ドルを上回った。 この見通しは、TIの業績回復が順調に進んでいることを示している。株価は通常取引終了後の時間外で一時6%余り上昇した。 原題：Texas Instruments Delivers Strong Forecast After Demand Picks Up（抜粋） (c)2026 Bloomberg L.P. Ian King,[],[]
テスラ、26年設備投資を250億ドル超に増額－1～3月利益は予想上回る（Bloomberg）,https://news.yahoo.co.jp/articles/765249549c43ebb038e880639b141096772f7ad4,https://newsatcl-pctr.c.yimg.jp/t/amd-img/20260423-88772242-bloom_st-000-4-view.jpg?exp=10800,2026-04-23T05:12:52+09:00,2026-04-23T08:27:06+09:00,Bloomberg,bloom_st,Bloomberg,893,"<p>A Tesla vehicle at the company's store in Vallejo, California.</p> （ブルームバーグ）： 米電気自動車（EV）メーカーのテスラは、2026年の設備投資額見通しを250億ドル（約4兆円）超と、従来計画から50億ドル引き上げた。最高財務責任者（CFO）が22日に明らかにした。 株価はニューヨーク市場の通常取引終了後の午後5時59分（日本時間23日午前6時59分）時点で0.5%下落し、それまでの上昇を帳消しにした。 同日これに先立ち発表した1－3月（第1四半期）決算では、利益がウォール街の予想を上回った。同社はEV需要が世界的に回復しつつあるとし、長く低迷してきた自動車事業の回復の可能性を示唆した。 発表資料によると、1－3月期の調整後1株利益は41セントに増加し、ブルームバーグがまとめたアナリスト予想平均の34セントを上回った。テスラの利益が市場予想を上回るのは2四半期連続。 テスラは、アジア太平洋や南米の一部地域で「車両需要の継続的な成長が見られた」としたほか、北米や欧州・中東地域でも需要が持ち直したと明らかにした。同社が数週間前に発表した1－3月期の自動車販売は、ここ数年で最も低調な部類に入っていただけに、今回の見解は予想外に楽観的な内容となった。 テスラのバイブハブ・タネジャCFOは、ガソリン価格の上昇を背景に顧客の関心が高まっていると述べ、「受注残に関しては、四半期ベースで納車台数にわずかな増加が見られた」と語った。 ザックス・インベストメント・リサーチのアナリスト、アンドリュー・ロッコ氏は、「従来のEV事業はもはや急成長していないものの、ロボットや自動運転技術への巨額投資を賄える程度には安定していることを裏付けている」と指摘した。 イーロン・マスク最高経営責任者（CEO）がロボットや自動運転車といった新規事業へと軸足を移す中、テスラの中核である自動車事業の動向は投資家の注目点となっている。同社は今年、200億ドルを超える設備投資を計画しており、その一環として生産拡大を進めている。",[],[]
【米国市況】S&P500最高値、停戦延長でリスクオン－原油は上げ円下落（Bloomberg）,https://news.yahoo.co.jp/articles/a2e3d7dde9eca42b5dc1dba987e60da5b319aea1,https://newsatcl-pctr.c.yimg.jp/t/amd-img/20260423-76092319-bloom_st-000-3-view.jpg?exp=10800,2026-04-23T01:41:32+09:00,2026-04-23T05:48:26+09:00,Bloomberg,bloom_st,Bloomberg,961,<p>米国株は反発</p> （ブルームバーグ）： 22日の米株式相場は反発し、S&P500種株価指数は最高値を更新した。堅調な企業決算が好感されたほか、トランプ米大統領が前日引け後にイランとの停戦を延長したことを受けて、リスクテーク意欲が復活した。一方、紛争解決に向けた試みは難航しており、原油価格は上昇。円は対ドルで下落し、1ドル＝159円台後半を付けた。 フィラデルフィア半導体株指数（SOX）は16営業日続伸し、過去最長の連騰を記録した。人工知能（AI）関連需要に支えられた同セクターへの成長期待が背景にある。ボーイングも高い。1－3月（第1四半期）の納入機数が2019年後で最多となった。引け後に決算を発表したテスラは、通常取引終了後の時間外に上昇。利益が市場予想を上回った。 インタラクティブ・ブローカーズのシニアエコノミスト、ホセ・トーレス氏は「株式相場は今月初の続落となった後、持ち直している。トランプ大統領による停戦延長と堅調な決算が株価を押し上げている」と述べた。 米国とイランは新たな和平協議が実現せず、ホルムズ海峡の支配を巡る対立を強めている。停戦期間が延長されるなか、エネルギー輸送の要衝である同海峡の封鎖を材料にした駆け引きが続いている。 トランプ大統領は21日、イランとの停戦を無期限に延長すると表明。イランが新たな提案を提出し、「協議が何らかの形で決着する」まで停戦を延長するとした。一方、イラン側は当面、協議に参加する予定はないとしている。 ホルムズ海峡では、武装したイランの小型艇が2隻の商業船に発砲した。一方で、満載状態のイランの超大型原油タンカー（VLCC）2隻が米国による封鎖の突破を試みるなど、エネルギー海上輸送の要衝である同海峡をイランが依然として掌握していることを改めて示した。 スレートストーン・ウェルスのケニー・ポルカリ氏は現在の状況について、「落ち着きと混乱が同居している」と説明。「イラン紛争は続いているが、投資家はそれを受け流し、本当に重要なことに目を向け始めているという印象だ」とし、「こうした展開はこれまでも繰り返されてきた。ニュースが出て、相場が反応し、ボラティリティーが高まるが、その後は落ち着きを取り戻し、ファンダメンタルズに再び焦点が絞られる」と述べた。,[],[]
