headline,mainEntityOfPage,image,datePublished,dateModified,author,media_en,media_jp,str_count,body,images,external_links
2025年注目の国「アイルランド」緑の島の四季と人々の暮らしを描くエッセイの魅力（リアルサウンド）,https://news.yahoo.co.jp/articles/bca5d1390c8ae51e01d31827399f30a8f9685e97,https://newsatcl-pctr.c.yimg.jp/t/amd-img/20250219-00010069-realsound-000-1-view.jpg?exp=10800,2025-02-19T21:02:14+09:00,2025-02-19T21:02:14+09:00,リアルサウンド,realsound,リアルサウンド,693,"『季節で綴るアイルランド211 ケルトが彩る緑の島の心豊かな日々』（イカロス出版）
2025年後期のNHK朝ドラ『ばけばけ』でも注目の国・アイルランド。そんなアイルランドにまつわるエッセイ『季節で綴るアイルランド211 ケルトが彩る緑の島の心豊かな日々』（イカロス出版）が発売された。
【写真】旅するような気分で読める“アイルランドを知る入門書”
ヨーロッパの北西、イギリスの西に位置するアイルランド。高緯度にありながら暖流の影響で一年中大地が緑に覆われ、「エメラルドの島」とも称される。この豊かな自然の中に古くからケルト人が暮らし、万物に神が宿る精霊信仰に基づいたケルト文化が花開いた。神話、音楽、絵画、建築、言語……今も息づく独自の文化は、島の美しい風景とともに、世界中の人々を魅了し続けている。

　本書では、ケルト暦に沿って1年を4つに分け、緑の島の季節の移ろいや人々の営みを綴った。211のトピックを通じて、アイルランドの自然や動植物、ケルトの行事や風習を存分に堪能できる。ページをめくるたび、まるでアイルランドを旅しているような気分になれる一冊だ。

　さらに、季節のトピックの合間には、アイルランド発祥のウイスキーやハロウィーン、ギネスビール、音楽、文学、スポーツなど、この島にゆかりのある多彩な文化も紹介。「アイルランドを知る入門書」としても楽しめる。

　また、2025年後期のNHK朝ドラ『ばけばけ』では、アイルランドにルーツを持つ小泉八雲の妻・セツが主人公。八雲の創作の根底に流れるアイルランド文化について知りたい人にもおすすめの一冊だ。
文＝リアルサウンド編集部",[],[]
大人気ぬりえシリーズ最新版『キミとアイドルプリキュア♪　ミニパレットぬりえ』が登場（リアルサウンド）,https://news.yahoo.co.jp/articles/0ff6f322b5205a93cd1df4066e378820de546d39,https://newsatcl-pctr.c.yimg.jp/t/amd-img/20250219-00010068-realsound-000-1-view.jpg?exp=10800,2025-02-19T20:00:51+09:00,2025-02-19T20:00:51+09:00,リアルサウンド,realsound,リアルサウンド,301,"『キミとアイドルプリキュア♪　ミニパレットぬりえ』（講談社）
累計24万部を超える大人気ロングセラーぬりえの最新版『キミとアイドルプリキュア♪　ミニパレットぬりえ』（講談社）が発売された。
【写真】絵の具＆絵筆＆ぬりえシート20枚付きの豪華パレットセット
『キミとアイドルプリキュア♪　ミニパレットぬりえ』は、誰でも簡単にぬりえ遊びが楽しめる豪華パレットセット。12色の絵の具、絵筆、ぬりえシートがセットになっているので、一冊揃えるだけで、気軽にぬりえ遊びができる。かわいいぬりえシートは20枚付き。絵の具は、混ぜると違う色に変わるので、好きな色を作って、自由に塗って遊ぼう。
文＝リアルサウンド編集部",[],[]
『キャプテン・アメリカ：BNW』で3年前の水準に？　迷走していたMCUに復調の兆し（リアルサウンド）,https://news.yahoo.co.jp/articles/edd13c924dfa8fca5c69e451f73ac37a34cbc1c4,https://newsatcl-pctr.c.yimg.jp/t/amd-img/20250219-00010067-realsound-000-1-view.jpg?exp=10800,2025-02-19T20:00:23+09:00,2025-02-19T20:00:23+09:00,リアルサウンド,realsound,リアルサウンド,1538,"『キャプテン・アメリカ：ブレイブ・ニュー・ワールド』©2025 MARVEL.
2月第3週のランキングは、2023年にTBS系で放送された連続テレビドラマの映画版、劇場版『トリリオンゲーム』がオープニング3日間で動員43万8000人、興収6億1600万円を記録して初登場1位となった。監督（テレビドラマではチーフ演出）、脚本、主要キャスト、そして原作者の稲垣理一郎が監修を務めているのもテレビドラマ版と同じ。連載中のコミックが原作、しかも映画版は時系列的に原作を追い越した後のオリジナルストーリーという難しい企画ながら、興行的にも成功を収めたかたちだ。
【写真】『キャプテン・アメリカ：ブレイブ・ニュー・ワールド』場面カット（複数あり）
2位に初登場したのは、長編映画としては2024年7月公開の『デッドプール＆ウルヴァリン』以来7ヶ月ぶりのマーベル・シネマティック・ユニバース作品となる『キャプテン・アメリカ：ブレイブ・ニュー・ワールド』。オープニング3日間の動員は27万6000人、興収は4億6300万円。このオープニング週末成績は『デッドプール＆ウルヴァリン』との興収比で90%。もっとも、『デッドプール＆ウルヴァリン』は水曜日に公開された作品で、MCU的にも外伝的な作品だったので、比較対象としては長編映画ではその前の2023年11月公開の『マーベルズ』の方が相応しいだろう。

　『キャプテン・アメリカ：ブレイブ・ニュー・ワールド』のオープニング成績は『マーベルズ』との興収比で143%。その前の2023年5月公開の『ガーディアンズ・オブ・ギャラクシー:VOLUME 3』はゴールデンウィーク中の祝日公開だったため正確な数字の比較が困難なのだが、さらにその前の2023年2月公開の『アントマン＆ワスプ：クアントマニア』とのオープニング成績の興収比で113%。近年、海外だけでなく日本国内でもMCUのフランチャイズとしての疲弊が盛んに語られてきたがーーというか何よりも本コラムで散々自分も語ってきたがーーとりあえず2022年の『ブラックパンサー／ワカンダ・フォーエバー』（オープニング成績の興収比は94%）の時期くらいまでは持ち直してきたことがわかる。

　その『ブラックパンサー／ワカンダ・フォーエバー』の内容も直接のシリーズ前作『ブラックパンサー』（2018年）と比べると顕著だったが、今回の『キャプテン・アメリカ：ブレイブ・ニュー・ワールド』も主人公のヒーローが黒人であることからくるアイデンティティ・ポリティクス的なテーマを前景化させることなく（もちろん設定としてそれが重要なものであることには違いないが）、当たり前の前提としてストーリーは展開していき、多くの観客もそれを楽しんでいる。トランプ第二期政権発足以降、ディズニーがこれまでのDEI推進の見直しを進めていると多くの報道が伝えていて、それに対して感情的で党派性に満ちた賛否の声が上がっているが、2010年代後半から2020年初頭までの「アイデンティ・ポリティクスの時代」を通り過ぎたことは、ディズニーにとっても、観客にとっても、一定の意義があったことは認めなくてはいけないだろう。

　一方で、トランプ第二期政権の政策が、現在起こっている急激な変化の「原因」ではなく、ここ数年起こってきた様々な出来事の「結果」であるという視点も必要だ。公開時期の延期だけでなく、その期間に何度かの撮り直しがあったと言われている今回の『キャプテン・アメリカ：ブレイブ・ニュー・ワールド』のエンターテインメントに振り切った姿勢からは、マーベル（とディズニー）は意外にも冷静に時代の変化に対処していることが伺えた。
宇野維正",[],[]
人気YouTuber、新車購入を報告　3か月での“乗り換え”に妻も驚愕「嘘でしょ？」（リアルサウンド）,https://news.yahoo.co.jp/articles/a62deabee3636ce820cfad85949c7bbc86434caf,https://newsatcl-pctr.c.yimg.jp/t/amd-img/20250219-00010066-realsound-000-2-view.jpg?exp=10800,2025-02-19T19:48:38+09:00,2025-02-19T20:08:31+09:00,リアルサウンド,realsound,リアルサウンド,725,"動画サムネイルより
2025年2月18日、YouTuberのカノックスター（かの）が自身のYouTubeチャンネルを更新。新車を購入したことを報告した。
【写真】「1番派手なセット」の赤と白…約800万円の新車
かのは2024年1月に一般女性と結婚し、6月には第一子が誕生したと報告している。そして同年11月、約1000万円の「BMW X2」を購入してたことを動画で明かしていたが、その車については「売った」と報告。まだ3か月ほどしか乗っていなかったようだ。車の売却についてかのは「だいぶ損したっすね」と振り返った。

　今回購入した車は、770万円のテスラ「Model 3」。以前アメリカに行った際に運転したようで、かのは「運転しやすかった」「めっちゃかっこいいじゃん」と気に入ったことがきっかけで、購入を決断したという。カラーは赤、内装は白となっており、「1番派手なセット」だと紹介した。トランクも見せ「めっちゃ広いんだよね」と、収納力もあることを解説。乗り心地については「運転しやすいよ」と語り、かのは「5年間タダなんだよ電気代」と特典があることも明かした。

　その後、新車を購入したことを妻にサプライズで報告。前の車を売ったことも伝えると、妻は「嘘でしょ？　本当に？」「まだ2か月とかじゃなかったっけ」と驚きを隠せないようだ。だが妻は「かっこいい」「いいんじゃない」と新車を見てうれしそうな様子も見せた。前の車の売却金額についてかのは「プラスマイナスゼロ」「はじめからこれ買ってたらだいぶ浮いてた」と明かしている。

　今回の動画に視聴者からは「とーっても素敵な奥様」「理解力ありすぎる」「いい奥さんですね」といった声が集まった。
向原康太",[],[]
まるで『ヴィンチェンツォ』？　『ボゴタ：彷徨いの地』ソン・ジュンギの華と魅力を再確認（リアルサウンド）,https://news.yahoo.co.jp/articles/777063c8a7873f3a5b6cbac2194caf0993f9cdd1,https://newsatcl-pctr.c.yimg.jp/t/amd-img/20250219-00010065-realsound-000-1-view.jpg?exp=10800,2025-02-19T19:41:57+09:00,2025-02-19T19:41:57+09:00,リアルサウンド,realsound,リアルサウンド,3182,"『ボゴタ：彷徨いの地』Netflixにて配信中
Netflixで2月4日より配信中のソン・ジュンギ主演の韓国映画『ボゴタ：彷徨いの地』が、世界配信からわずか1日でNetflixグローバルランキング1位となり、世界73カ国でトップ10入りする大ヒットを記録している。
【写真】『ヴィンチェンツォ』で主人公を演じたソン・ジュンギ
本作は、2020年1月の撮影開始から世界的パンデミックによる撮影延期を経て、2024年12月31日の韓国公開まで、実に4年の月日がかかった作品だ。さらに、公開日の1週間前にはヒョンビン主演の『ハルビン』が封切られ大ヒットを飛ばす中、公開日の2日前にムアン（務安）国際空港でチェジュ航空旅客機事故が発生。国家哀悼期間の中での公開となり、舞台挨拶などのプロモーション活動も中止され、期待されていたほどの興行成績が伸びずに劇場公開が終了となった経緯がある。しかし、12月31日から2カ月も経たぬ2月4日にNetflixで世界配信されるやいなや、再生回数1300万と圧倒的な強さで初登場にしてグローバルランキング1位の座に着いた。日本ランキングも配信後より2位の座に君臨中だ。“信じて観る俳優”と呼ばれるソン・ジュンギの世界的人気を堂々と知らしめたのである。

　ソン・ジュンギは、2021年『ヴィンチェンツォ』での無双マフィア弁護士ヴィンチェンツォ・カサノ役、2022年『財閥家の末息子～Reborn Rich～』でのチン・ドジュン／ユン・ヒョヌ役とドラマで大ヒットを飛ばし、人生キャラクターを更新中。一方、映画は2020年の『スペース・スウィーパーズ』での宇宙船「勝利号」の操縦士キム・テホ役の明るくカッコいいキャラクターを最後に、『このろくでもない世界で』のチゴン、『ロ・ギワン』の脱北者ロ・ギワン、本作『ボゴタ：彷徨いの地』のソン・クッキ役と、シリアスでハードなキャラクターへの挑戦が続いている。

　本作は、韓国で戦後最大の経済危機となった1997年のアジア通貨危機、通称IMF危機により、成功を夢見てコロンビアの首都ボゴタへ移住した男が成り上がっていく物語だ。1985年生まれで2025年に40歳になるソン・ジュンギが画面に最初に登場するのは、なんと19歳のソン・クッキとしてだ。乙女のような無造作なマッシュカットにピュアなあどけなさを感じさせ、かわいさを醸し出すソン・ジュンギは、やはり人を魅了する天性の華と魅力がある。この19歳の青年クッキは、ボゴタに着いた早々、強烈な洗礼を受ける。

　クッキは、IMF危機で破産した父グンテ（キム・ジョンス）と母（キム・ホジョン）と共に、アメリカに行くためにまずコロンビアの首都ボゴタに家族と一緒に移住をする。「ここには長居しない」「ここはアメリカに行くための料金所だと思おう」というグンテの当初の目論見は大きく道を外れて、思いもよらぬ人生へと飲み込まれていく。

　グンテ一家は、戦友であるボゴタの韓人会会長パク兵長（クォン・ヘヒョ）を頼り、彼の下でクッキは働くことになる。パク兵長は、韓国から買ってきた下着を売って成功し、今は密輸業のトップに君臨し、コロンビア人の中でも権力を持っていた。パク兵長は仏教を信心しており、「六道」の話をクッキに聞かせる。

　仏教の六道とは、地獄、餓鬼、畜生、修羅、人間、天上の6つの世界を指し、生きとし生けるものは前世の行いによって来世が決まるという教えだ。それをパク兵長はボゴタに例えてクッキに話して聞かせる。「衆生は前世の行いによって地の果てから天空まで6つの道を巡るんだ。この国はそれを体現してる」「ここは6区だ、金持ちの街だよ」と言い、1区に住んでいるクッキに向けて「君は必ず生き延びおいて6区まで来るんだぞ」「上り詰めるには努力だけじゃかなわない」と告げる。パク兵長の言葉の通り、クッキは着々と闇世界でのし上がるために力をつけていく。希望のない人生を送っていたクッキが、パク兵長の言葉で生きる希望の灯がついたのだ。それがたとえ闇の中であっても、ラ・クラーチャ（この単語はぜひ映画を観てご自分の目で確かめてもらいたい）のように生き延びることがクッキの目標となる。クッキは、韓人会の密輸業のナンバー1のパク兵長と、ナンバー2のスヨン（イ・ヒジュン）の両方から見込まれて、どんどんと頭角を現していく。
『ボゴタ：彷徨いの地』は“映画”としては残念な点も
ここからは少し残念に思っているところを記したい。本作は、エンドクレジットを省くと正味1時間40分ほどで描かれるのだが、底辺から成りあがっていくさまを描くには、すこし尺が足りないようで、キャラクターの心情が台詞で表現されてしまっている。そこに関して、演技力のある俳優陣なのにもったいないと思ってしまった。前半の期待から後半のサラッとした感じに、お味噌汁の上澄み液だけを飲んだような物足りなさを感じたところがある。ソン・ジュンギもイ・ヒジュンも深みのある心象風景を十二分に演じられる俳優たちなので、もっと濃く描いてもいい。鋭さと熱さを併せ持ち、人間味もあり、セクシーさも持つ実力派俳優イ・ヒジュンと、ソン・ジュンギ演じるクッキの心の深い葛藤の心理描写を描くことができれば、本作は内容的に見応えが増し、成り上がりものとして名を残せたのではないかと惜しく感じる。コロンビアという海外ロケでの風景や映像描写も活かしつつ、クッキの心の変化を深堀りする時間が加味されたら、6話ほどのドラマでも成立するほどの俳優たちなのだから。

　中でも、主演のソン・ジュンギは、10代のクッキから成長していく中で、純粋無垢な青年から、心にも見た目にも垢がついていくように薄汚れていく姿を見せ、これまで演じたキャラクターたちの姿が垣間見えるようでもあった。さらに、本作では珍しいアクセサリーをつける姿を披露しており、ピアス姿も新鮮だ。しかし、イ・ヒジュンやクォン・ヘヒョ、パク・ジファンら周囲のアクの強い俳優たちとソン・ジュンギの薄汚れた姿は、一線を画す。顔を汚しても、髪を無造作にしても、ソン・ジュンギが持つ品の良さはどうにも消えないのが、彼の最大の持ち味だろう。ギラギラ感が足りないとも言えるし、それが彼の良さでもある。このままサラッとしたままでいてもらいたいという気がするのは、筆者だけではないだろう。

　ソン・ジュンギが『ヴィンチェンツォ』や『財閥家の末息子～Reborn Rich～』で見せた無双感は、本作でも神々しく発揮されている。クッキが上り詰めていく中で、クッキとして、辛酸をなめながら、動じない大人の男として闇社会でスマートさを身につけていくさまは、ヴィンチェンツォ・カサノのパラレルワールドのよう。プリクエル（前日譚）のような無双感に思わず安心し、そしてときめきを感じ、それでこそ無双ソン・ジュンギと嬉しくなる。ソン・ジュンギは、最近の作品では、闇社会や汚れ役のような苦しい環境にいるキャラクターを立て続けに演じている。彼の定評ある演技力の幅をさらに拡げる新しい挑戦として、「ソン・ジュンギ主演作品だから観る」という層を共に成熟させてきたように感じる。ソン・ジュンギが挑戦する姿を見て、何か言葉にできないものが心に残る人もいるだろう。一方で、単純明快なカッコいいキャラで胸をときめかせる役からの脱皮をはかっているのかもしれないが、無条件にカッコいいだけのキャラクターもまだまだ観たい。“オジサン”パーツが全くない彼も、いずれイケオジジャンルに進むこともあるのだろうか。Netflixで10月に配信されるドラマ『匿名の恋人たち』へのカメオ出演も決定しているソン・ジュンギ。今後の挑戦も楽しみにしている。
にこ",[],[]
なにわ男子 大西流星、香港公演オフショット公開　「いつもほんと天使」「カラコン、だいすき」（リアルサウンド）,https://news.yahoo.co.jp/articles/a38458c42fa0ae9e702fa84d557bf46aa969764d,https://newsatcl-pctr.c.yimg.jp/t/amd-img/20250219-00010064-realsound-000-1-view.jpg?exp=10800,2025-02-19T19:21:57+09:00,2025-02-19T19:21:57+09:00,リアルサウンド,realsound,リアルサウンド,473,"なにわ男子 大西流星
なにわ男子の初アジアツアー『Naniwa Danshi ASIA TOUR 2024+2025 ‘+Alpha’』が、1月25日、26日に香港・ASIAWORLD-ARENAで幕を閉じた。メンバーの大西流星が、ツアーを終えての感謝を自身のInstagramを通じてファンに伝えている。
【画像】なにわ男子 大西流星、“天使すぎる”香港公演オフショット
大西は「遅くなりましたが、香港ありがとうございました！とても幸せな時間でした」「香港で見た素敵な景色は忘れないです！」と感謝を述べながら、「好鍾意你（愛しています）」と広東語で香港のファンに愛を伝えている。大西は煌びやかなステージ衣装のほか、香港のパン・菠蘿包を手にした写真などを数多くアップしている。

　コメント欄には「いつもほんと天使」「恋やけどめオフショありがたい」「カラコン、だいすき」といったファンからの声が寄せられている。

　また、2月22日放送の『with MUSIC』（日本テレビ系）では、香港公演に密着した映像がオンエアとなる。
リアルサウンド編集部",[],[]
日本のウイスキー蒸留所を網羅したガイドブックが今年も発売　動向も詳しく解説（リアルサウンド）,https://news.yahoo.co.jp/articles/500fc51dad4cee6a1fb937699493dd5fcfc47623,https://newsatcl-pctr.c.yimg.jp/t/amd-img/20250219-00010063-realsound-000-1-view.jpg?exp=10800,2025-02-19T19:10:51+09:00,2025-02-19T19:10:51+09:00,リアルサウンド,realsound,リアルサウンド,829,"日本蒸留所年鑑『JAPANESE WHISKY YEARBOOK 2025』
日本のウイスキー蒸留所を網羅したガイドブック、日本蒸留所年鑑『JAPANESE WHISKY YEARBOOK 2025』（ウイスキー文化研究所）が、2025年2月17日に発売された。
【画像】日本蒸留所年鑑『JAPANESE WHISKY YEARBOOK 2025』の内容は？
『JAPANESE WHISKY YEARBOOK』は、毎年の最新情報を収録し、ウイスキーファン必携の1冊として定着している。本書は、世界的評価を受ける老舗蒸留所から、注目の新規蒸留所、さらには準備・計画中の蒸留所まで、日本国内124の蒸留所を網羅。蒸留所の個性やヒストリー、発売ボトル、設備情報に加え、ビジターセンターやツアー情報なども掲載。旅好きなウイスキーファンにも役立つ内容となっている。

　販売価格の高騰、輸出市場の変化、アジア各国でのウイスキーブームなど、世界のウイスキー市場が激動する中、日本のウイスキーがどのような立ち位置にあるのか。本書では、統計資料や市場データを基に、ウイスキー評論家・土屋守が2024年の動向を詳しく解説。2025年版では、「世界的なウイスキー“バブル”の中でジャパニーズウイスキーが選択すべき道とは」と題した特別総論が書き下ろされている。

　ウイスキー＆スピリッツフェスティバル2024 in 横浜」で開催されたスペシャルトークショーには、独自のウイスキー造りを追求する6名の新規蒸留所の造り手が登壇。司会の土屋守、トムセン陽子両氏が熱く語り合ったトークの模様を完全収録。

また日本で唯一、アジア最大級のウイスキー品評会「東京ウイスキー＆スピリッツコンペティション（TWSC）」にて、最高金賞・金賞を受賞したジャパニーズウイスキー23本を掲載。さらに、ツーリズムやデザインの観点から評価された特別賞受賞蒸留所も紹介される。
リアルサウンドブック編集部",[],[]
『MGS3』リメイクから「デジモンストーリー」新作まで　『State of Play』に登場した5つの注目作たち（リアルサウンド）,https://news.yahoo.co.jp/articles/bd73efccef99784dc7b056c2c95ed398e7bf09ff,https://newsatcl-pctr.c.yimg.jp/t/amd-img/20250219-00010062-realsound-000-1-view.jpg?exp=10800,2025-02-19T19:04:42+09:00,2025-02-19T19:04:42+09:00,リアルサウンド,realsound,リアルサウンド,3420,"©2025 Sony Interactive Entertainment Inc.
ソニー・インタラクティブエンタテインメント（以下、SIE）は2月13日、PlayStationプラットフォームにおける新作情報番組『State of Play』を配信した。
【画像】『State of Play』にて初公開！　『モンスターハンターワイルズ』最新PV第7弾のスクリーンショット
本稿では、番組に登場した数々の注目作のなかから、選りすぐりの5本を紹介。全体を振り返りながら、総評をまとめていく。

■発売迫る『モンスターハンターワイルズ』から第7弾となるPVが到着

　最初に取り上げるのは、発売が間近に迫った『モンスターハンターワイルズ』。同タイトルからは、最新PVとして第7弾となるプロモーション映像が公開となった。

　動画には、すでに発表されている情報とあわせ、迫力のあるモンスターたちとの対峙シーンが収められており、そのなかには、ジン・ダハドやヌ・エグドラ、アルシュベルドといった新種たちのほか、リオレウスの変異種と見られるモンスターの姿もあった。開発／発売元のカプコンによると、2025年春には、第1弾となる無料アップデートの配信を予定しているという。同パッチでは、生み出す泡を用いて獲物を襲う「泡狐竜 タマミツネ」の実装が決定しているそうだ。

　『モンスターハンターワイルズ』は、2025年2月28日発売予定。対応プラットフォームは、PlayStation 5、Xbox Series X|S、PC（Steam）となっている。2025年屈指の注目作がまもなくヴェールを脱ぐ。

■『METAL GEAR SOLID Δ:SNAKE EATER』の発売日が2025年8月28日に決定

　続いては、2004年発売のステルスアクション『METAL GEAR SOLID 3: SNAKE EATER』を原作とするリメイクタイトル『METAL GEAR SOLID Δ:SNAKE EATER』（メタルギア ソリッド デルタ：スネークイーター）だ。2023年5月に配信となった『PlayStation Showcase 2023』で存在が明かされた同タイトル。その後は目立った続報がなく、発売がいつになるのかに注目が集まっていた。

　今回の『State of Play』では、ついに発売日が決定に。同時公開された最新トレーラーには、スネークの前に立ちはだかるコブラ部隊のメンバーが収められるとともに、原作で人気を集めながら移植版などではカットとなっていた『サルゲッチュ』とのコラボミニゲーム“猿蛇合戦”が復活することも明らかとなった。

　『METAL GEAR SOLID Δ:SNAKE EATER』は、2025年8月28日発売予定。対応プラットフォームは、PlayStation 5、Xbox Series X|S、PC（Steam）となっている。

■映画化も話題を呼んだ「ボーダーランズ」からは、新作『ボーダーランズ4』が発売に

　3本目は、シューティングRPGというジャンルを確立したシリーズの待望の続編『ボーダーランズ4』。同タイトルは、2024年8月にドイツ・ケルンで開催されたゲームの見本市『gamescom2024』でその存在が明らかとなっていたが、このたび発売日が2025年9月23日に決定したことが発表された。

　プレイヤーは今作でも伝説のヴォルト・ハンターとなり、視界に入るものすべてを吹き飛ばしながら、エイリアンの秘宝を探し求めていくとのこと。同時公開されたトレーラーでは、惑星カイロスで待ち受ける激しいアクションのほか、シリーズらしい破滅的なアクションスキル、新たな移動能力なども公表された。ゲームプレイの全貌は、今春後半に開催される別のState of Playで初お披露目される予定だという。期待を寄せているフリークは、まもなくの続報にも注目だ。

　『ボーダーランズ4』は、2025年9月23日発売予定。対応プラットフォームは、PlayStation 5、Xbox Series X|S、PC（Steam、Epic Games Store）となっている。

■「デジモンストーリー」約7年ぶりの新作『デジモンストーリー タイムストレンジャー』

　誰もが知る人気IPからも待望の新作が登場する。『デジモンストーリー タイムストレンジャー』は、バンダイの人気携帯ゲーム『デジタルモンスター』から派生した育成RPG「デジモンストーリー」シリーズの最新作だ。舞台は、「人間世界」と「デジタルワールド・イリアス」という個性豊かな2つの世界。プレイヤーは、多種多様なデジモンの収集と育成を通じて、いずれ訪れる世界崩壊の真相を追う主人公の目線から、壮大な物語の行方を見つめていく。

　同シリーズから新作が登場するのは、2017年12月発売の『デジモンストーリー サイバースルゥース ハッカーズメモリー』以来、約7年ぶりのこと。この日を待ち焦がれていたファンにとっては、これ以上ないうれしいサプライズとなった。

　今回の『State of Play』の配信にあわせ、発売元のバンダイナムコエンターテインメントは、公式サイトをオープンするとともに、同タイトルに描かれる世界観や、登場する一部のデジモンを紹介するアナウンストレーラーを公開している。続報は今後、公式サイトや公式Xでアナウンスされるとのことだ。

　『デジモンストーリー タイムストレンジャー』は、2025年発売予定。対応プラットフォームは、PlayStation 5、Xbox Series X|S、PC（Steam）となっている。

■2024年の『黒神話：悟空』に続けるか。新規IPからは『Tides of Annihilation』に注目

　新規IPからは、Eclipse Glow Studioが開発を手掛ける『Tides of Annihilation』を取り上げる。同タイトルは、廃墟と化したロンドンへとプレイヤーをいざなうアクションアドベンチャーだ。公式によると、『Tides of Annihilation』では、信頼できる仲間とともに戦うスリルを、シングルプレイのシステムで実現しているという。プレイヤーは主人公のグウェンドリンとなり、霧の力によって出現した2人の騎士を使役しながら、ダイナミックでスピード感のある戦略アクションバトルに身を投じていく。

　特徴となっているのは、現代的な廃墟と中世の面影が共存する独特の世界観と、美しいグラフィック、他のAAAと比較しても引けを取らないアクション性。SNS上には、『State of Play』の配信直後から、そうした点に魅了されたフリークたちの好意的な声が相次いだ。

　公式は今後、さらに多くの情報をお届けすると明言している。近い将来、『Tides of Annihilation』は、屈指の期待作へと名を上げていきそうだ。

　発売時期は現時点で未定。対応プラットフォームは、PlayStation 5、Xbox Series X|S、PC（Steam、Epic Games Store）となっている。

　本稿で紹介した以外にも、新規IPからは『Lost Soul Aside』『SAROS』『Dreams of Another』など、人気シリーズの続編からは『無双アビス』『ソニックレーシングクロスワールド』『鬼武者 Way of the sword』など、リメイク／リマスター作品からは『Days Gone Remastered』『鬼武者2』など、注目作が目白押しとなった今回の『State of Play』。総評としては、及第点の新作発表となったのではないか。

　その一方で、不足があるとするならば、SIEによるファーストパーティータイトルが少なかったことだろうか。PCが参入したことにより、レッドオーシャン化しつつあるゲームハード市場。そのなかでPlayStationプラットフォームが生き残っていくためには、魅力的な独占タイトルの存在が不可欠である。次回の『State of Play』では、そのような注目作が多く登場することを期待したい。
結木千尋",[],[]
乃木坂46、6期生夏組の新たな集合写真公開　学校内で制服を着た6人の正面からの姿を撮影（リアルサウンド）,https://news.yahoo.co.jp/articles/7b7634c81b5f61d965e0a91c1d0fb52c666d581e,https://newsatcl-pctr.c.yimg.jp/t/amd-img/20250219-00010061-realsound-000-1-view.jpg?exp=10800,2025-02-19T19:04:37+09:00,2025-02-19T19:04:37+09:00,リアルサウンド,realsound,リアルサウンド,300,"乃木坂46 6期生夏組 集合写真
乃木坂46が、6期生夏組の新たな集合写真を公開した。

　6期生オーディションは2024年の春と夏の2回に分けて実施され、春オーディションで合格した春組5名と、夏オーディションで合格した夏組6名の、合わせて11名が合格。本日2月19日に夏組最後のメンバーとして増田三莉音の加入が発表され、6期生11名の全員が出揃った。
【写真】乃木坂46、6期生春組の集合写真
これまでは学校内で制服を着た夏組6名の後ろ姿を写した集合写真が公開されていたが、新たに公開された集合写真は、同じシチュエーションにて夏組6名の正面からの姿を撮影した写真となっている。
リアルサウンド編集部",[],[]
ダフト・パンクのMVもレゴで再現　『ファレル・ウィリアムス：ピース・バイ・ピース』場面写真（リアルサウンド）,https://news.yahoo.co.jp/articles/715438d0dfe03570bbc6a9649b5cdfff2d05798e,https://newsatcl-pctr.c.yimg.jp/t/amd-img/20250219-00010060-realsound-000-1-view.jpg?exp=10800,2025-02-19T19:00:55+09:00,2025-02-19T19:00:55+09:00,リアルサウンド,realsound,リアルサウンド,933,"『ファレル・ウィリアムス：ピース・バイ・ピース』©2024 FOCUS FEATURES LLC
4月4日に全国公開される『ファレル・ウィリアムス：ピース・バイ・ピース』の場面写真が公開された。
【写真】スヌープ・ドッグやグウェン・ステファニー、ジャスティン・ティンバーレイクも“レゴ”になって登場
「ゲット・ラッキー」「ハッピー」をはじめ、数々のヒット曲を世に送り出す一方で、自身のファッションブランド「ビリオネア・ボーイズ・クラブ」でストリートの流行を生み出し、ルイ・ヴィトンのクリエイティブ・ディレクターとしてランウェイショーも手がけるなど、音楽界のみならずポップカルチャー界で最も革新的な存在であるファレル。本作ではそんなファレルの人生を、『バックコーラスの歌姫たち』のモーガン・ネヴィルがレゴアニメーションで表現した。

　公開された場面写真には、本人の特徴を捉え、レゴのミニフィギュアになったファレルの様々な姿が収められている。ファレルとネヴィル監督が向き合ってインタビューを行う様子はまさに伝記映画やドキュメンタリー映画のワンシーン。そんな本作のインタビューシーンは、実は先に実写で撮影が行われており、その映像をアニメーションで描き直しているのだという。それだけでなく、カメラを動かしたときに生じるボケや周囲のノイズなど、細部まで徹底的にこだわり抜いて完全再現した。

　このほか、音を聴くと色が見えるという“共感覚”の持ち主であるファレルが音楽の喜びと出会う瞬間を切り取った幼少期の姿、予告編の公開時に音楽ファンの注目を集めたアーティストたちとの共演シーン、グウェン・ステファニーやジャスティン・ティンバーレイクをプロデュースする様子も。さらに煌びやかなステージにド派手なスーツとサングラスでキメたファレルがダフト・パンクとともにパフォーマンスしている「ゲット・ラッキー」のミュージックビデオも再現。また、大ヒット曲「ドロップ・イット・ライク・イッツ・ホット」をはじめ20年以上に渡って数多くの作品を共に作り上げてきた盟友スヌープ・ドッグがインタビューに応じる姿も確認でき、劇中で彼がファレルについてどのように語るのかも注目だ。
リアルサウンド編集部",[],[]
『メダリスト』スケート靴を電車に置き忘れてしまういのり　第8話あらすじ＆場面写真公開（リアルサウンド）,https://news.yahoo.co.jp/articles/bf5d40ce982c5e511fd4f66e97b285d46f336e2a,https://newsatcl-pctr.c.yimg.jp/t/amd-img/20250219-00010059-realsound-000-1-view.jpg?exp=10800,2025-02-19T18:55:32+09:00,2025-02-19T18:55:32+09:00,リアルサウンド,realsound,リアルサウンド,496,"『メダリスト』©︎つるまいかだ・講談社／メダリスト製作委員会
TVアニメ『メダリスト』第8話「西の強豪（前）」あらすじと先行カット、WEB予告が公開された。
【写真】『メダリスト』最新場面写真（8枚）
原作漫画の『メダリスト』は、2022年に「次にくるマンガ大賞2022」にてコミックス部門1位を受賞し、第68回小学館漫画賞一般向け部門や、漫画のキャラクターを讃える漫画アワード、マガデミー賞2022で主演女優賞を主人公・結束いのりが受賞している。

　スケーターとして挫折した青年・明浦路司が出会ったのは、フィギュアスケートの世界に憧れを抱く少女・結束いのり。リンクへの執念を秘めたいのりに突き動かされ、司は自らコーチを引き受ける。才能を開花させていくいのりと、指導者として成長していく司。タッグを組んだ2人は栄光の“メダリスト”を目指す。

　第8話で描かれるのは、大会会場へ来る途中、スケート靴が入ったバッグを電車に置き忘れてしまったいのり。司は忘れ物として届けられていたバッグを引き取るために、10駅離れた保管先へダッシュで向かう。いのりは司を信じて待つことに。
リアルサウンド編集部",[],[]
乃木坂46、6期生夏組最後のメンバー 増田三莉音の加入発表　出身地 大阪の街で撮影された映像も（リアルサウンド）,https://news.yahoo.co.jp/articles/20c2c7f4f733dfee82bed0f9af5210cf52fafb35,https://newsatcl-pctr.c.yimg.jp/t/amd-img/20250219-00010058-realsound-000-1-view.jpg?exp=10800,2025-02-19T18:40:50+09:00,2025-02-19T18:40:50+09:00,リアルサウンド,realsound,リアルサウンド,339,"乃木坂46 6期生 増田三莉音
乃木坂46の6期生として、増田三莉音（ますだ みりね）の加入が発表された。

　6期生オーディションは、2024年の春と夏の2回に分けて実施され、合わせて11名が合格。夏オーディションで合格した夏組6名のうち、最後のメンバーとして増田が、公式YouTubeチャンネルにて発表された。
【写真】乃木坂46、6期生夏組の4人目 鈴木佑捺
増田は大阪府出身の15歳。地元である大阪の街を望む河川敷や、道頓堀などで撮影された映像により、増田が紹介されている。また、映像内で映し出されている写真によって、増田の幼少期の様子を伺うことができる。

　なお、増田の発表により、春組5名と夏組6名の、6期生11名が全員発表されたこととなる。
リアルサウンド編集部",[],[]
山田涼介、新曲「snow moon」配信スタート　オリジナル画像がもらえるダウンロードキャンペーンも（リアルサウンド）,https://news.yahoo.co.jp/articles/c2671ae3bd0a4b90906613fcbb019074fbe1638d,https://newsatcl-pctr.c.yimg.jp/t/amd-img/20250219-00010057-realsound-000-1-view.jpg?exp=10800,2025-02-19T18:40:37+09:00,2025-02-19T18:40:37+09:00,リアルサウンド,realsound,リアルサウンド,398,"山田涼介
山田涼介が、第2弾デジタルシングル「snow moon」を本日2月19日に配信リリースした。
【写真】音楽ドキュメントバラエティ『うぶごえ』で初MCを務める山田涼介
同楽曲は、山田の繊細で艶やかな歌声と緻密な表現力が聴きどころの、冬のミディアムバラード。2024年に配信された第1弾シングル「SWITCH」のエッジーでダンサブルな楽曲とは打って変わり、今作はアーティストとして、そして俳優としてオールラウンドに活躍する彼の魅力が凝縮された、山田の“現在地”を感じ取れる1曲に。歌詞のストーリーに寄り添い、フレーズ一つひとつにもこだわった歌声や息づかいもポイントだという。

　また、同楽曲のリリースを記念したダウンロードキャンペーンも開催。対象の音楽配信サービスで同楽曲をダウンロードし、応募期間内に特設サイトから応募すると全員にオリジナル画像がプレゼントされる。
リアルサウンド編集部",[],[]
BMSG POSSE、peko＆KennyDoes＆テークエム参加の「MINNA BLING BLING -Remix-」ライブ映像使用したMV公開（リアルサウンド）,https://news.yahoo.co.jp/articles/f501003c17b4db0f702054bff15e6ad24a1115dd,https://newsatcl-pctr.c.yimg.jp/t/amd-img/20250219-00010056-realsound-000-1-view.jpg?exp=10800,2025-02-19T18:31:33+09:00,2025-02-19T18:31:33+09:00,リアルサウンド,realsound,リアルサウンド,314,"「MINNA BLING BLING -Remix-」MVより
BMSG POSSEが、梅田サイファーからpeko、KennyDoes、テークエムを迎えた新曲「MINNA BLING BLING -Remix-」が本日デジタルリリース。あわせて本日21時に本楽曲のMVが公開される。
【写真】BMSG POSSE、peko＆KennyDoes＆テークエム
MVは、昨年12月11日に東京 豊洲PITで開催された『BMSG POSSE presents TYOISM』にて本楽曲をサプライズ披露した際のライブの模様に、ODDJOB INCによる多彩なグラフィックが融合したユーモアのある作品に仕上がっている。
リアルサウンド編集部",[],[]
Snow Man 佐久間大介、『プリキュア』最新作に声優として出演　“レジェンドアイドル”響カイトに（リアルサウンド）,https://news.yahoo.co.jp/articles/d1099ef8682a54ba7f7abf0d313874b60f7efee0,https://newsatcl-pctr.c.yimg.jp/t/amd-img/20250219-00010055-realsound-000-1-view.jpg?exp=10800,2025-02-19T18:31:25+09:00,2025-02-19T18:31:25+09:00,リアルサウンド,realsound,リアルサウンド,1839,"『プリキュア』最新作で声優を務める佐久間大介（Snow Man）　（C）ABC-A・東映アニメーション
Snow Manの佐久間大介が、ABCテレビ／テレビ朝日系列で放送中のテレビアニメ『キミとアイドルプリキュア♪』に声優として出演。“レジェンドアイドル”響カイトを演じる。
【写真】“レジェンドアイドル”響カイト、アフレコ中のSnow Man 佐久間大介
佐久間が演じる響カイトは、世界中から注目され、赤ちゃんからお年寄りまでみんなに愛される“レジェンドアイドル”。現在は活動を休止しており、歌の勉強のため海外に留学していたが、主人公 うたの家である喫茶グリッターにお忍びで来店したことから、うたたちと出会うことになる。

　なお、佐久間が演じる響カイトは、2月23日放送の第4話から登場する。

＜Snow Man 佐久間大介　コメント＞

・『キミとアイドルプリキュア♪』にご出演が決まったときの率直なお気持ちをお聞かせください。

やはりすごく嬉しかったですね。プリキュアって日本のアニメの中でも、もう文化として確立しているすごい作品だと思っているので、そこに自分が携われるということがすごく光栄です。
Snow Manのメンバーにもその嬉しさを伝えたところ、「え！プリキュア！？」ってメンバーも信じられないといった感じで、めちゃくちゃ喜んでくれて…。みんなも「応援しているよ」とか「すごく放送が楽しみ」って言ってくれて、より背中を押してもらったような気持ちになりました。

・佐久間さんが演じる響カイトというキャラクターのご感想をお聞かせください。

僕が感じたのは、カイトは“アイドル”に対してすごく真摯に向き合っている人だなということです。ちょっとした言い回しや口調も軽い感じではなく、今思っていることや自分が感じたことを優しく素直な気持ちで届けようという思いがある。とにかく優しい子なんですよ。僕はカイトの生き方がすごく好きですね。

・演じてみて共通点は感じましたか？

何かを作り上げたり、成し遂げるときの向き合い方ですかね。カイトは、困っている人がいると自分から率先して助けに行くような人なんです。僕もスタッフさんと一緒に何かを作り上げていくことが好きなので、例えばスタッフさんが机や椅子を動かしたりとかするときも、「自分も手伝った方が早いだろうな」と思ったら真っ先に自分でやりたい。「人の手を煩わせずに自分1人でできるようになりなさい」とアイドルとして育てられてきたので、そこはカイトとも共感できる部分だと思いました。

・プリキュアシリーズの印象や思いをお聞かせください。

僕は『ふたりはプリキュア』の世代なので、このシリーズの放送当初から観てました。そこからいろんなテーマで各シリーズを生み出して、プリキュアという幅がすごく広がっていますよね。
『キミとアイドルプリキュア♪』では、意外とありそうでなかった“アイドル”がテーマで、“プリキュア”と“アイドル”という、近いようで遠かった存在が一緒になっています。皆さんの中でもアイドルって身近な存在だと思っているのですが、プリキュアというみんなの憧れと、身近な存在のアイドルが一緒になったことによって、プリキュアになりたいということはもちろん、プリキュアみたいなアイドルになりたいという子が、どんどん出てくるんじゃないかなと思っています。
いろんな夢やキラッキランランが詰まっている『キミプリ』を見て、アイドルはもちろん、いろんな夢を追いかけてほしいなと思います。

・「アイドル」がテーマのこの作品で、佐久間さんにお声がかかったというのは運命ではないですか？

嬉しいですよね。アイドルをやっててよかったなと思いますし、「ここわかるな」とか、「こういう気持ちだよね」というのは作品からもすごく共感できる部分があるので、自分の経験が活かせるのではないかなと。カイトと一緒に『キミプリ』を盛り上げていけたらいいなと思いますね。

・視聴者の皆さんへメッセージをお願いします！

この作品を通じて日頃の生活の中でも、「自分も頑張ろう」とか、「誰かを応援したいな」という気持ちがどんどん湧いてくると思います。
その気持ちを大事に、毎日をキラッキランランさせていけたらとても素敵なことだと思います。
日頃の糧になる『キミとアイドルプリキュア♪』をぜひ観てください！よろしくお願いします！
リアルサウンド編集部",[],[]
梅田修一朗×関根明良×内田雄馬、『映画 先輩はおとこのこ』を経て考える“自分らしさ”（リアルサウンド）,https://news.yahoo.co.jp/articles/e4d961d41343b17c6397159352332e428ae72d7e,https://newsatcl-pctr.c.yimg.jp/t/amd-img/20250219-00010054-realsound-000-1-view.jpg?exp=10800,2025-02-19T18:30:23+09:00,2025-02-19T18:30:23+09:00,リアルサウンド,realsound,リアルサウンド,5815,"（左から）関根明良、梅田修一朗、内田雄馬（撮影：はぎひさこ）
2024年に放送されたテレビアニメ『先輩はおとこのこ』の待望の続編が、『映画 先輩はおとこのこ あめのち晴れ』（以下、『映画 先輩はおとこのこ』）としてスクリーンに登場。テレビシリーズから成長した3人が、劇場という新たな舞台でどんな選択をするのか。その姿を目にできるのは、ファンにとっても感慨深い瞬間となるだろう。
【写真】梅田修一朗×関根明良×内田雄馬 撮り下ろしカット（複数あり）
春休みに入り、まことは次第に咲のことを意識し始める。一方の咲は、ハワイで暮らす父親に会いに行き、「一緒に暮らさないか」と提案される。父と母のどちらを選ぶのか、自分を特別に思っているのは誰なのか、悩み続ける咲。そして、3年生になったまことと竜二もまた、それぞれの進路を考え始めていた。

　「自分らしさ」「好き」「特別」ーー本作には、さまざまなテーマが織り込まれ、一言では語り尽くせない繊細でやわらかな魅力が息づいている。そんな本作で声優を務めた花岡まこと役の梅田修一朗、蒼井咲役の関根明良、大我竜二役の内田雄馬に、映画のアフレコ現場の様子や、作品が描く複数のテーマについて、じっくりと語ってもらった。【インタビューの最後には、サイン入りチェキプレゼント企画あり】

■『映画 先輩はおとこのこ』が描いた“成長”と“選択”

ーーテレビシリーズから観ていた視聴者にとっては、咲の選択の一つの答えが描かれた作品になったのではないかと思います。本作のシナリオを読んだ時の感想を聞かせてください。

関根明良（以下、関根）：今作の映画の台本は、練習中からすでに泣いてしまうシーンがいくつもありました。実際に収録で泣いてしまうと、その後のシーンが大変になることもあるため、「頑張れ、自分……！」と何度も思いながら挑みましたが、案の定、大号泣してしまいました。

ーー咲は家族との掛け合いのシーンも多かったのではないでしょうか。

関根：収録の前に、おばあちゃん役のさとうあいさんに「すみません、今日は泣いてしまうかもしれません……」と先に謝っていたんですが、「あそこは仕方ないよ」と優しく言ってくださって。収録の合間では、いつもたくさんお喋りをさせていただきました。そのやり取りのおかげで、緊張をほぐしていただいた気がしています。泣いてしまった際に、さとうさんがそっと背中を撫でてくださったのが、とても心に残っています。改めて素敵な現場だと思います。

梅田修一朗（以下、梅田）：おすすめののど飴とか、教えてくれましたよね！

関根：そうですね！　テレビシリーズの時からとにかくあたたかい現場でした。

ーー内田さんはいかがですか？

内田雄馬（以下、内田）：竜二は、自分の気持ちを整理して、まことの迷いや悩みに寄り添っているように感じました。だからこそ、ストレートに2人のことを思いやっているように思いました。今回の竜二は「そばにいるから、、頼れる時は頼ってほしい」という気持ちも強かったのかなと。そういう意味では、本当に「見守る」存在だったのかなと感じています。

ーー『映画 先輩はおとこのこ』では、キャラクター同士の関係性や状況にさまざまな変化がありました。映画の中で描かれる“変化”について、演じる側として皆さんはどう捉えているのでしょうか？

梅田：まことにとっては、竜二や蒼井さんとの関係だけでなく、お母さんとの関係や、おじいちゃんとの交流もありました。竜二との何気ない会話の空気感も変わりましたし、まこと自身も蒼井さんへの気持ちと向き合うことで、大きく成長したと思います。いろいろな人との関係が変化する中で、個人的には「家に帰ってお母さんに笑いながら話せるまこと」という姿に成長を感じましたね。まことにとって、心の中にしっかりとした軸ができて、笑顔になれる要素が増えたのかなと。でも、それはまことが自分で頑張ったからこそ得られたものだし、周りの人が支えてくれたからこそ、そういう変化を迎えられたのだと思います。

関根：咲ちゃんに関していえば、テレビシリーズではいろいろな問題を抱えながらも、まこと先輩と師匠に背中を押されて前を向く姿が描かれていました。今回の映画では、テレビシリーズでの問題がより明確に描かれ、咲ちゃんの抱えていたものがはっきりと見えてきたと感じます。咲ちゃんにとって難しい壁でしたが、周りのみんなのおかげで乗り越える姿を見れて、咲ちゃんを演じる身としてはこの映画があって本当に良かったと思います。

ーー特に咲は、思わずグッとくるような印象的なセリフも多かった印象です。

関根：そうですね！　おばあちゃんが「言ってくれなきゃわからないよ」と伝えてくれたシーンは、特に印象に残っています。咲ちゃんはずっと自分の気持ちを飲み込んできた子でした。そんな彼女が、今回の映画ではしっかりと自分の思いを伝えることができました。人によってはなんてことのない一歩かもしれません。でも、今まで出来なかった「思いを言葉にする」という一歩を踏み出した。彼女の姿と笑顔を見れたことが、とても嬉しかったです。

内田：竜二は、家庭環境がすごく良くて、両親とも仲が良く、温かい家庭で育ってきました。でも、彼自身の「好き」という気持ち、本音をどう扱うかについては、ずっと迷いがあったんです。本当にこれでいいのか？　ちゃんと自分の気持ちを認めていいのか？　そんな葛藤がありました。だけど、自分の大切にしたいことと向き合い、少しずつ気持ちを整理していくことで、「これをどこかにしまい込まなきゃいけない」「隠さなきゃいけない」と思うことが減っていったんだと思います。

ーーなるほど。

内田：もし、そのまま気持ちを抑え込んでいたら、いずれどこかで爆発してしまったり、心が疲弊してしまったかもしれない。でも、竜二はそうならなかった。自分の気持ちをしっかりと認めて、まことと話すことで、それを受け止めてもらえた。この経験は、竜二にとってすごく大きかったと思います。

■梅田修一朗「遠慮しすぎないことも大事」

ーー咲やまこととはまた少し事情が違いますが、竜二もまた、気持ちを言葉にすることで変化した人物ですよね。

内田：もちろん、すぐに変われるわけではないし、怖さもまだあるのかもしれません。でも、「自分の気持ちを受け止めてくれる人がいた」という事実が、彼にとって未来に向かう力になったんじゃないかなと。自分一人では作れない「自分」がある。誰かと関わることで、自分らしくなれる。だからこそ、これから先、自分はどうしていくのかを考えることができるようになったんじゃないかと思います。そういう意味では、竜二は本当にちょっとずつ成長していてますよね。そして、“本当にいいやつ”だと思います。彼が自分の気持ちに整理をつけて、前を向けるようになったことが、個人的にはすごく嬉しいですし、「よかったな」と思いながら観ていました。

ーー先ほど咲とおばあちゃんとの掛け合いのシーンの話もありましたが、本作では「思いを言葉にすること」の難しさと大切さが描かれています。皆さんが悩んだ時は、人に話すことと自分で向き合うことのバランスをどのように取っていますか？

梅田：僕自身は、基本的に悩みを自分の中で解決しようとすることが多いのですが、誰かが寄り添おうとしてくれた時は、素直に頼るようにしています。誰かが耳を傾けてくれたり、心配してくれた時は、遠慮しすぎないことも大事なのかもしれません。

関根：私も、基本的には自分で向き合うことが多い気がします。悩みの大小によっての部分もありますが。ただ、どうしても堂々巡りになってしまっていると感じた時は、人に意見を求めるようにしています。ただ、そのタイミングって、大抵「もう無理！」ってなっている時なので、バランスが取れているかと言われると微妙ですね（笑）。結局、大人になっても試行錯誤しながら生きているんだな、と日々実感します。

内田：世の中には、一人では解決できないこともありますよね。特に人間関係はそうで、コミュニケーションの正解は人それぞれ。自分の考えが相手に合うとは限らないからこそ、たくさん話をして、お互いが心地よくいられる形を探していく必要があると思います。とはいえ、自分の気持ちを素直に話すのが怖い時もあるじゃないですか。無理をせず、少しずつでも歩み寄ることが大切なのかなと。そして、一人で悩みすぎて心が壊れてしまう前に、誰かに頼れるようになることも、とても大事なことだと思います。
梅田修一朗×関根明良×内田雄馬が語る“好き”の多様性
■『先輩はおとこのこ』はいろいろな“好き”に溢れた作品

ーーこの作品で描かれる「好き」という感情には、さまざまな形があるように思います。人としての「好き」と、恋愛としての「好き」に明確な違いはあると思いますか？

内田：僕は、お2人のことが人として「好き」です（笑）。

関根：ありがとうございます（笑）！　映画の収録は少し間が空いていたこともあって、実はすこし不安や緊張があったんです。でも、集まった時に「3人だったら大丈夫だ！」と思えて。私は、お2人といると「今日も頑張ろう！」って前向きな気持ちになれます。

梅田：僕もです。そういう意味でも、本当にいろいろな「好き」に溢れた作品ですよね。でも、「一緒に何かをしたい」「同じ方向を向いて頑張りたい」という気持ちは、どんな形の「好き」にも共通しているんじゃないかなと。もちろん、好きな人に会った時のドキドキする感じは、本人にしか分からないものだと思います。でも、そこにも「大切にしたい」という気持ちが根底にあって……。うまく言えないけど、どの形の「好き」も、根本的には似ているのかもしれませんね。

内田：「好き」という感情を明確に定義するのは難しいですよね。例えば、まことが竜二に対して抱く「好き」と、竜二がまことに対して抱く「好き」は、まったく同じではないはずなんです。それぞれが違う感情を持っていて、それが「好き」という言葉ひとつにまとめられているだけで、全員同じものではないからこそ、大切な人とは、言葉にしなくても、お互いの「好き」の形がどういうものなのかを理解しようとすることが大事なんだと思います。一概に「好きです」と言っても、その意味するものは人によって違う。それを知るためには、コミュニケーションを取ることが必要なんですよね。

関根：「離れたくない」という気持ちも愛と仮定するなら、この3人はそれぞれがそれぞれにこの「離れたくない」という気持ちを持っているんじゃないかなと。好きという感情の中に、どんどん膨らみ変更していくものもあるのなら、この作品の3人には、それぞれに向ける「好き」が、どの組み合わせでも、どう変化するか分からないくらい、たくさん「もしも……」と想像してしまうくらい、関係性の可能性があるのではと思います。

梅田：恋愛って、その瞬間しか見えなくなってしまうものなのかもしれません。でも、「ずっとその人と一緒にいたい」と最初から思えるのは、もしかすると「愛」なのかもしれませんね。もう、このインタビューでは収まらないくらい深いテーマになってきている気がします（笑）。哲学者や詩人たちが長年向き合ってきた話ですから。

内田：でも、こういった要素があるからこそ、お芝居って楽しいのかもしれません。感情を深く考えて、キャラクターたちがそれぞれの答えを出していく。その過程を、僕たちは作品の中でどう組み上げていくかを考えるんです。「好きって何だろう？」と考えながら、それを形にしていくことが、作品作りなんじゃないかなと思います。

■梅田修一朗×関根明良×内田雄馬が“自分らしさ”と感じる瞬間

ーー観客の中には、咲たちと同年代の方も多くいらっしゃいます。「自分らしさ」と周囲の目に関する悩みに共感できる部分も多い本作ですが、皆さんご自身は10代の頃と比べて「自分らしさ」との向き合い方に変化はありましたか？　また、自分らしいと感じる瞬間についても教えてください。

梅田：「自分らしさ」は、自分の「好き」や経験によって形作られるものだと思っています。ただ、10代の頃と比べると、「自分って、周りの人との関わりの中で作られるものでもあるんだな」と感じるようになりました。

ーー思わぬ出会いによって、新しい価値観に出会うこともあります。

梅田：そうですね。流されるという意味ではなく、周りの人が認めてくれる部分を素直に受け入れたり、自分では気づけなかったことを教えてもらったり。そうやって、少しずつ「自分らしさ」が広がっていくのかもしれませんね。自分らしいと感じる瞬間は、何かに夢中になっている時。好きなことについて話している時は、特にそう感じますね！

関根：好きなもの、考え方、ちょっとした癖……。咲ちゃんたちのように、たくさんの人と出会い、いろいろな経験を重ねて変わっていった部分もありますが、大きな意味での「自分らしさ」は、意外と昔から変わっていないのかもしれません。むしろ、「変わらないなあ」と思うところが、自分らしさなのかもしれませんね（笑）。

ーー変わっていった部分とはどのような部分なのでしょうか？

関根：10代の頃とは違い、今は「自分を支えてくれる人」の存在に気づくことが増えましたし、そのことに感謝する機会も多くなりました。そんな支えに応えられるよう、これからも精進していきたいと思っています。

内田：「自分らしさ」とは何か、まだ明確な答えは出せていないのですが、「自分の好きなものを好きと言えること」は、とても大切なことなんじゃないかと思っています。僕自身、「あれが好き」というより、「あれは嫌い」という言葉の方が印象に残ってしまうタイプで、そういう意見を気にしすぎて、何も言えなくなってしまうことがよくあります。でも、言葉には力があると信じていて、できるだけ前向きな言葉を使うようにしたいなと思っていて。関わる人たちに、ポジティブな気持ちを届けられる自分でいたいですからね。
すなくじら",[],[]
CUTIE STREET、即完の豊洲PITを“KAWAII”で染め上げた1stワンマン　現在の勢いを証明した熱狂の一夜（リアルサウンド）,https://news.yahoo.co.jp/articles/ae6d2df9ec69b3a85a39674256883a59bda763b3,https://newsatcl-pctr.c.yimg.jp/t/amd-img/20250219-00010053-realsound-000-1-view.jpg?exp=10800,2025-02-19T18:01:49+09:00,2025-02-19T18:01:49+09:00,リアルサウンド,realsound,リアルサウンド,4447,"『CUTIE STREET 1stワンマンライブ-CROSS STREET-』
「KAWAII LAB.」所属の8人組アイドルグループ・CUTIE STREETの1stワンマンライブ『CUTIE STREET 1stワンマンライブ-CROSS STREET-』が、2月2日豊洲PITにて開催された。デビュー半年でのワンマンライブの会場として異例とも言えるが、一般発売後に即完売させ、グループの注目度の高さを証明してみせた。この日のステージにはキューブが積み上がったようなセットが組まれ、FRUITS ZIPPER「NEW KAWAII」、SWEET STEADY「ぱじゃまぱーてぃー！」など、KAWAII LAB.所属グループの楽曲が流れるなか、足場が見えないほどに詰めかけた超満員のきゅーてすと（ファン呼称）が開演を待ち望んでいた。
【写真】CUTIE STREET「かわいいだけじゃだめですか？」初ワンマンで弾ける笑顔
会場が暗転するとオープニングSEが流れ、重低音のビートに誘われるようにフロアから盛大なコールが向けられると、ヘアアクセサリー含めて全身メンバーカラーであしらわれた衣装を身にまとった8人が、ステージ下手から佐野愛花、梅田みゆ、増田彩乃、板倉可奈、川本笑瑠、古澤里紗、真鍋凪咲、桜庭遥花の並びでポジションにつき、記念すべき初ワンマンライブのオープニングを飾る「ハロハロミライ」で開演。歌詞が表示されるステージ後方のスクリーンでは歌唱メンバーにフォーカスを当てた映像がスイッチング。川本のパート〈たくさんの坂を登りここに来れたよ〉ではゆびきりのサインである小指をフロアに向け、きゅーてすととの約束が果たせたことを実感しているようで、会場一体で「3、2、1！」と叫ぶと、サビではワイパーの振りで8色のペンライトが揺れる光景が広がっていた。続く「ラブトレ」では8人グループならではのフォーメーションダンスを見せつけ、梅田によるラスサビ前の〈ずっとだよ〉には、これからもきゅーてすととともに歩んでいきたいという揺るぎない思いが込められていた。

　MCに入ると、8人で「CUTIE STREETです！」と名乗り、佐野が「『CUTIE STREET 1stワンマンライブ -CROSS STREET-』、ついに始まりましたー！」と満面の笑みで喜びを伝ると、川本「今日はみんなのことをいっぱい幸せにします！」、梅田「ここにいる全員のことを笑顔にして帰らせます！」、桜庭「みんなのことを世界でいちばん幸せな人にします！」、古澤「こんなにもたくさんの方が来てくれて最初からうるうるしちゃいました！」、増田「今日は絶対に幸せな1日にしようね！」、板倉「今日は日本で、いや世界でいちばんここが盛り上がってる会場にしようね！」、真鍋「今日はハッピーな1日にしようね！」、佐野「一緒に楽しい時間を作りましょう！」と初めてのワンマンライブに懸ける思いをそれぞれの形でぶつけた。「今日CUTIE STREETのライブに初めて来たよって人―？」「朝ちょっと早起きしちゃった人―？」「今日遠征してきたよって人―？」とメンバーから質問を投げかけるたびに歓声が上がり、この日初披露の新衣装の感想を求められたフロアからはさらに大きな歓声が沸き起こった。

　そして、真鍋が「わたしたち、かわいいだけじゃないんです」と意味深に告げると、「解」のイントロが鳴り始める。グループのイメージを一変させたロックナンバーを6本のスモーク噴射がヒートアップさせるなか、指で誘うようなフリや鋭い目つきでメンバーが楽曲に憑依し、キメのポイントは関節レベルのパフォーマンスで表現。続く「daylight」では拳を突き上げるフリでフロアと共鳴し、〈迷いながらでもいい／青の向こうへ行こう〉の強力なユニゾンパートで雨上がりの曇天を晴れやかに塗り替えてみせた。

　インターバルのダンスパートを挟んで、乙女心の葛藤を綴った新曲「チョットヒトサジ」が披露されると再びMCへ。ここで、デビュー6カ月を迎えるにあたって「こんなことしちゃってるけど、許してほしい」ことをメンバーごとに発表していくミニコーナー、題して「生後6カ月！この可愛さに免じてゆるして！おねがい！のコーナー」が川本の進行でスタート。各メンバーの発表のあとに特大の「いいよー！」を聞かせてほしいとお願いし、増田「冷蔵庫の中身、空っぽじゃだめですかー？」、桜庭「タクシーに鍵を忘れて家に帰れなくなっちゃだめですかー？」、真鍋「なぎくん封印だめですかー？」、佐野「深夜に爆食しちゃだめですかー？」、梅田「いつも『かわいいだけじゃだめですか？』のセリフを字余りしてちゃだめですかー？」、古澤「人一倍汗っかきだけど汗だくでもだめですかー？」、板倉「深夜にとんこつラーメン作り始めちゃだめですかー？」、川本「幕張と舞浜を間違えちゃったらだめですかー？」と順番に問いかけると、真鍋のあとにだけ「ダメー！」と瞬時に返せるフロアの対応力はさすがのひと言。そして、ありぼぼ（ヤバイTシャツ屋さん）が楽曲提供した新曲「ちきゅーめいくあっぷ計画」を初披露。歌詞にはCUTIE STREETのあるあるやメンバーの名前が散りばめられ、「なんでやねん！」「どないやねん！」と豪快にツッコミを入れながら怒涛のトップスピードでめまぐるしく展開していく様子はCUTIE STREETのこれまでの急成長を体現しているようで、原宿から日本を通り越して地球規模で“きゅーすと旋風”を巻き起こしていくことを予感させる楽曲だった。

　「ひたむきシンデレラ」では冒頭に桜庭がスポットライトを浴び、間奏でステージとフロアが高揚感を分かち合うように〈I LOVE YOU! I NEED YOU!!〉でシンガロングすると、続く新曲「ハルフレーク」では新たな環境で頑張る人たちにエールを送り、〈ハルフレ 私が風を作る〉と高らかに宣言。「ハッピー世界！」ではハイテンションで跳びはね、この瞬間は豊洲PITが世界の中心であることを実感することができた。そして「次が最後の曲」と披露された「かわいいだけじゃだめですか？」ではオープニングからこの日一番のコールが送られ、モンキーダンスとともに8色のペンライトが揺れると、ラスサビではカラーテープも噴射されて最高潮に。「それでは以上、わたしたち！CUTIE STREETでした！ありがとうございましたー！」と感謝を伝えて、ステージをあとにした。
CUTIE STREET メンバーそれぞれが語る1stワンマンへの思い　サプライズ発表も
「アンコール！」「きゅーすと！」という歓声に応える形で、この日のグッズであるTシャツをアレンジした衣装に着替えたメンバーがステージに登場すると、「ちきゅーめいくあっぷ計画」を再び披露。川本が「これからきゅーすとがKAWAII MAKERとして地球をメイクアップしていっぱいいっぱいかわいくできるように頑張りたいと思います！」と意気込みを語り、TikTok撮影と記念撮影を挟んで、1stワンマンライブにかける思いをメンバーひとりずつ語る時間に。

板倉「半年前にワンマンライブが発表されたときは不安でしかなかった。まだまだ通過点だと思ってるので、みんな一緒にもっともっと大きなところへ一緒に行ってくれるとうれしいです！」

古澤「ファンのみなさんがいないと頑張れない性格なので、半年間でみなさんと出会えて幸せです。アイドルでいたくて、きゅーすとでいたくて、わたしはこの大好きな8人でどこまでも大きな夢を叶えていきたいと思います！」

佐野「わたしの人生でアイドルに出会えて、素敵な仲間たちと本当にやさしいきゅーてすとのみなさんと出会えて本当に幸せ。わたしのことが好きな人がみんな幸せになってほしいって本気で思ってるので、これからもよろしくお願いします！」

増田「毎日幸せだなと思いながら生きています。今いるみなさんと、これから出会いたいきゅーてすとのみなさんと、これからも楽しい時間を、幸せな時間を一緒に笑い合って生きていけたらなって思います！」

梅田「出身が九州で、アイドル活動を高校を辞めてまで背中を押してくれた家族はこの場には足を運べてなくて……でもきゅーすとならもっともっと大きなところでイベントができると思ってるし、みなさんもついて来てくださったらうれしいです！」

真鍋「デビュー半年間でいろいろなことを経験させていただいて本当に幸せな雰囲気で、大好きなきゅーてすとのみなさんがいてくれるからこそ感じられる気持ちだなと思っています。もっともっと高いところへ行けるんじゃないかなと思っているので、これからもよろしくお願いします！」

桜庭「いつも本当にたくさんの愛をくれて、みんなわたしをアイドルにしてくれてありがとう。わたしはみんながいないとアイドルでいられないので本当に感謝しているし、毎日幸せです。誰ひとりの手も離さず絶対に寂しい思いをさせずに大きくなります！」

川本「CUTIE STREETになってから、毎日みんながわたしの幸せを更新してくれてて本当にうれしいです。7人と出会えて、絶対にここでアイドルやりきるぞって思えた。わたしはとっても自信を持ってこの8人は最強だなって言えるので、この8人でCUTIE STREETの道を進んでいくので、きゅーてすとのみんなも一緒に進んでくれたらうれしいです！」

　最後に8人で「よろしくお願いします！」と一礼し、ラストナンバーとして「かわいいだけじゃだめですか？」が再び披露されるかと思いきや、スクリーンに半年間の軌跡を描いたムービーが流れ始める。そして、ぴあアリーナMMにて10月12日・13日の2日間にわたる結成1周年ライブ『CUTIE STREET 1st ANNIVERSARY LIVE』開催がサプライズで発表。興奮を隠せない8人にフロアからの祝福の大歓声と拍手喝采が送られ、会場一体となって恒例の円陣「今日もかわいい！明日もかわいい！ウチらかわいい！KAWAII MAKER！」を組むと、梅田が「絶対に満員の景色を観たいです。よかったらこの日だけはきゅーすとに会いに来てください！絶対に幸せにします！」と願いを込めた。

　真鍋が「もっともっともーっとかわいくなれる準備できてますかー？」と呼びかけると、板倉が「まだまだ足りません！ぴあアリーナ行けないよ」と制止し、「もっともっと声聞かせてください！行けますか！」と力強く発破をかけると、「行けるかも」と笑いを誘い、満を持してラストナンバー「かわいいだけじゃだめですか？」へ。歌唱が聞き取れないほどの盛大なコールが沸き起こり、記念すべき1stワンマンライブのエンディングを8色のペンライトで彩った大団円となった。
栄谷悠紀",[],[]
失われた時間を“再演”する母の姿が　『Four Daughters フォー・ドーターズ』本予告公開（リアルサウンド）,https://news.yahoo.co.jp/articles/74b0942afd59436031566dd63a684f3621d68492,https://newsatcl-pctr.c.yimg.jp/t/amd-img/20250219-00010052-realsound-000-1-view.jpg?exp=10800,2025-02-19T18:00:40+09:00,2025-02-19T18:00:40+09:00,リアルサウンド,realsound,リアルサウンド,771,"『Four Daughters フォー・ドーターズ』©2023, TANIT FILMS, CINETELEFILMS, TWENTY TWENTY VISION, RED SEA FILM
3月14日に公開される映画『Four Daughters フォー・ドーターズ』の本予告とポスタービジュアル、場面写真が公開された。
【写真】ドキュメンタリー×フィクション『Four Daughters』場面写真ほか（8枚）
第76回カンヌ国際映画祭最優秀ドキュメンタリー賞に輝き、第96回アカデミー賞では長編ドキュメンタリー映画賞にノミネートされるなど世界の映画祭で20以上もの賞を獲得した本作。『皮膚を売った男』でアカデミー賞国際長編映画賞にノミネートされたカウテール・ベン・ハニアが監督を務めた。実話に基づき、ドキュメンタリーとフィクションを融合させた異例の手法で、2人の娘を「イスラム国（IS）」に奪われた母オルファと残された娘たちの軌跡を追う。

　公開された予告編では、娘たちと向き合い、失われた時間を“再演”する母オルファ（本人）と、彼女を支えるヘンド・サブリーの姿が映し出される。娘を演じるヌール・カルイ、イシュラク・マタルらが本物の妹たちと共に家族の記憶を辿るシーンは、ドキュメンタリーの枠を超えた新たな映画体験へと視聴者を誘う。

　あわせて公開されたポスタービジュアルには、4人の娘たちがベッドに寄り添って横たわる姿が描かれている。しかし、そこに写っているのは姉妹の親密な関係性だけではなく、喪失感と、取り戻せない時間。「大好きな姉たちが、消えた。」というコピーが、物語の痛ましさと深い感情を象徴する。場面写真では、母オルファと残された娘たちが俳優たちとともに、家族の記憶を紡ぎ直すシーンが切り取られている。
リアルサウンド編集部",[],[]
LUNA SEAベーシスト・Jを特集したムック本　音楽にかける熱い想いに迫る保存版の内容（リアルサウンド）,https://news.yahoo.co.jp/articles/3cf2bf3a0653195cc778ce0582b5fc78953b4aab,https://newsatcl-pctr.c.yimg.jp/t/amd-img/20250219-00010051-realsound-000-1-view.jpg?exp=10800,2025-02-19T17:58:49+09:00,2025-02-19T17:58:49+09:00,リアルサウンド,realsound,リアルサウンド,605,"LUNA SEAのベーシスト・Jのムック本が発売
『BASS MAGAZINE SPECIAL FEATURE SERIES J PLAYER’S BOOK 2025 SOLO WORKS and LUNA SEA -The Blazing Life-』（リットーミュージック）が発売された。
【画像】LUNA SEAのベーシスト・Jを特集したムック本の内容は？
GLAYとの対バン・イベントを含む東京ドーム2デイズ公演を控えたLUNA SEAのベーシストとして、また13枚目のソロ・アルバム『BLAZING NOTES』をリリースし全国ツアーを敢行中のソロ・アーティストとして、精力的な活動を続けるベーシスト・J。

　本書は、そんな彼のキャリアをさまざまな視点から振り返るアーティスト・ブックだ。LUNA SEA、ソロ・ワークス、ヴォーカリスト、ベーシスト、ソングライターという5つのテーマごとに語った最新インタビューのほか、フェンダー・ベースを中心とした所有ベース・ギャラリー、2011年以降のベース・マガジンに掲載されたインタビュー記事の再掲、ベース・プレイとソングライティングの視点からピックアップした代表曲5曲に関するJ本人のコメント、LUNA SEAの「WISH」、Jの「BURN OUT」のベース・スコアなどを収録。Jの音楽にかける熱い想いに迫る一冊となっている。
リアルサウンドブック編集部",[],[]
押井守と大塚明夫が登壇　『イノセンス 4Kリマスター版』公開記念トークイベント開催決定（リアルサウンド）,https://news.yahoo.co.jp/articles/37691ccbb08f2f7c599b103d6db593ad267627da,https://newsatcl-pctr.c.yimg.jp/t/amd-img/20250219-00010050-realsound-000-1-view.jpg?exp=10800,2025-02-19T17:19:01+09:00,2025-02-19T17:19:01+09:00,リアルサウンド,realsound,リアルサウンド,775,"『イノセンス 4Kリマスター版』©2004 士郎正宗/講談社・IG, ITNDDTD／『GHOST IN THE SHELL / 攻殻機動隊 4Kリマスター版』©1995 士郎正宗／講談社・バンダイビジュアル・MANGA ENTERTAINMENT
『イノセンス』『GHOST IN THE SHELL / 攻殻機動隊』の4Kリマスター版同時公開を記念して、押井守監督と大塚明夫によるトークイベントが3月2日にTOHOシネマズ 新宿で開催されることが決定した。
【写真】　『イノセンス』『GHOST IN THE SHELL / 攻殻機動隊』場面写真
『イノセンス』の公開20周年を記念した本上映では、士郎正宗のSFコミック『攻殻機動隊』を原作に押井監督がアニメーション映画化した『イノセンス』『GHOST IN THE SHELL / 攻殻機動隊』が4Kリマスター版として蘇る。

　『GHOST IN THE SHELL / 攻殻機動隊』は、西暦2029年、高度に発達したネットワーク社会において多発するコンピューター犯罪、サイバーテロなどに対抗するため結成された非公認の超法規特殊部隊「公安9課」の草薙素子とバトーの活躍を中心に描き、『GHOST IN THE SHELL / 攻殻機動隊』から3年後の2032年が舞台の続編『イノセンス』は、公安9課のバトーを中心に描かれる。

　『イノセンス』公開20周年を記念したトークショーでは、押井監督とバトー役の大塚グ登壇。今だから話せる、ここでしか聞けない2作品の制作秘話が明かされる予定だ。本イベントは、TOHOシネマズ 新宿にて3月2日14時30分の回に実施され、サイン入りグッズが当たるプレゼント抽選会なども予定。チケットは、劇場公式サイトにて2月26日より発売される。
リアルサウンド編集部",[],[]
妻夫木聡主演映画『宝島』アザービジュアル公開　“戦果アギヤー”が生きた戦後の沖縄を描く（リアルサウンド）,https://news.yahoo.co.jp/articles/b929a33ddd4568514ab9e2b9522868a29b87f815,https://newsatcl-pctr.c.yimg.jp/t/amd-img/20250219-00010049-realsound-000-1-view.jpg?exp=10800,2025-02-19T17:11:15+09:00,2025-02-19T17:11:15+09:00,リアルサウンド,realsound,リアルサウンド,1449,"『宝島』©真藤順丈／講談社 ©2025「宝島」製作委員会
9月19日に公開される妻夫木聡主演映画『宝島』の4種のアザービジュアルが公開された。
【写真】『宝島』アザービジュアル（全4種）
本作は、戦後沖縄を舞台に、史実に記されない真実を描いた真藤順丈の同名小説を映画化するサスペンス。主演の妻夫木をはじめ、広瀬すず、窪田正孝、永山瑛太が共演に名を連ねる。

　2019年に原作権を取得してから、6年の歳月を経て公開される。当初開発は順調に進み2021年にクランクイン予定だったが、度重なるコロナ禍に二度の撮影延期を経て実際にクランクインできたのは2024年2月。スタッフ・キャスト全員が「どうしても今の時代に届けたい」という強い情熱を持ち進んできたからこそ実現したプロジェクトがいよいよ本格始動を迎える。

　沖縄がアメリカだった時代。米軍基地から奪った物資を住民らに分け与える、“戦果アギヤー”と呼ばれる若者たちがいた。その中心にいるのは、いつか「でっかい戦果」を上げることを夢見る幼なじみのオン（永山瑛太）、グスク（妻夫木聡）、ヤマコ（広瀬すず）、レイ（窪田正孝）。その中でも、英雄的存在であり、リーダーとしてみんなを引っ張っていたのが、一番年上のオンだった。全てを懸けて臨んだある襲撃の夜、オンは「予定外の戦果」を手に入れ、突然消息を絶つ。残された3人はやがて、警察官、小学校の先生、ヤクザになり、それぞれの想いを胸に、憧れの存在オンの失踪の謎を追う。

　公開されたアザービジュアルには、米軍による営業許可証である通称「Aサイン」を掲げるバーが立ち並ぶ繁華街の雑踏に巨大なアメ車……と、全てをアメリカに支配されていた当時の沖縄のリアルな空気感が漂う中、激動と混沌の時代を懸命に生き抜く、‟戦果アギヤー”の日常が写し出されている。米軍基地から物資を奪い、戦果として困窮する住民らに分け与えていた、何も恐れず未来を信じ突き進む‟戦果アギヤー”の勇ましい姿とともに「1952:WHEN OKINAWA WAS STILL UNDER US OCCUPATION.」というコピーが添えられている。

　本編は、現在完成に向けて編集中だが、大友啓史監督は映画化にあたり「自分にできることの全てをこの作品に投げ打った」と語る。また、「戦争という悲劇は、その渦中のみではなく、それが終わった後の日常にも大きな影響を及ぼす。戦争を通して生まれた勝者と敗者という関係性は、その後の日々の暮らしの中にどんな爪痕を残していくのか。そして、その関係性は我々に何を与え、何を奪っていくのか。宝島は、沖縄を舞台にした物語ですが、決してあの時代の沖縄だけにと留まる物語ではない。いまだ世界中で起きている戦争や紛争の本質に真正面から踏み込んでいく、そんな普遍性を持った物語だと思います。スタッフキャストが心を一つにし、同じ願いを持って取り組んだ作品です」とコメントしている。

　さらに、企画開始からおよそ6年、戦後80年となる今年の公開に向け「アメリカに統治された沖縄で“戦果アギヤー”と呼ばれた若者たちが何を考え、何を感じ、何を大切にして生きていたのか。そこには混沌として今の時代を生きていく上で、本当に大事なものは何かをもう一度考えるヒントがある。映画というエンタテイメントの中で、日常の時間を忘れて、少しでもあの時代を追体験し、1人1人が心の中に何かを持ち帰っていただけたら」と思いを寄せた。
リアルサウンド編集部",[],[]
AKB48・小栗有以がモデルに！　総フォロワー56万人・カフカのエッセイ『好きな人が幸せでありますように』（リアルサウンド）,https://news.yahoo.co.jp/articles/435693ce2bed0e02dc86107d56ab3ad4fc9d96a1,https://newsatcl-pctr.c.yimg.jp/t/amd-img/20250219-00010048-realsound-000-1-view.jpg?exp=10800,2025-02-19T17:02:30+09:00,2025-02-19T17:02:30+09:00,リアルサウンド,realsound,リアルサウンド,559,"『好きな人が幸せでありますように』（著：カフカ、モデル：小栗有以）
フォトエッセイ『好きな人が幸せでありますように』（著：カフカ、モデル：小栗有以）が4月1日にKADOKAWAより発売される。
【写真】AKB48・小栗有以のカット満載『好きな人が幸せでありますように』を試し読み
SNS総フォロワー56万人を突破、読者に優しく寄り添う言葉を綴ったベストセラーエッセイ『だから、そばにいて』の著者・カフカによる待望の新作が登場。

　どこからでも読める恋愛や自愛にまつわる短いエッセイや言葉を収録し、出逢いやかけがえのない想いを大切にできるようになる、心のおまもり本に仕上がった。

　またイメージモデルとしてAKB48の小栗有以が登場。あたたかなカフカの言葉に、優しくてやわらかな雰囲気を放つ小栗の写真を添え、奇跡のコラボが実現。

　二人のコラボが生み出す美しく優しい世界観を楽しんでほしい。

■著者プロフィール
カフカ
SNSで恋に悩む女性にむけて優しく背中を押す言葉を投稿している。
著書に『だから、そばにいて』『ただそれだけで、恋しくて。』（ワニブックス）、『何度も諦めようと思ったけど、やっぱり好きなんだ』『人生を変えてしまうほどの、恋をした』（KADOKAWA）などがある。
リアルサウンド ブック編集部",[],[]
少女漫画誌、ターゲットは大人女子？　1990～2000年代の名作コラボや付録展開を読み比べ（リアルサウンド）,https://news.yahoo.co.jp/articles/7bafe3036fb3c0d2ec8959df08e126ec39c37514,https://newsatcl-pctr.c.yimg.jp/t/amd-img/20250219-00010047-realsound-000-1-view.jpg?exp=10800,2025-02-19T17:00:54+09:00,2025-02-19T17:00:54+09:00,リアルサウンド,realsound,リアルサウンド,1918,"（左から）ちゃお2025年3月号（小学館）、なかよし2025年3月号（講談社）
■少女漫画誌、今どんな漫画が載っている？



  数ある少女漫画雑誌のうち、「りぼん」「なかよし」「ちゃお」は“3大少女漫画雑誌”といわれている。そのうち、現時点で部数がトップなのは、どの雑誌かご存じだろうか。
  日本雑誌協会が2025年2月13日に公表した、2024年10月〜12月の3ヶ月ごとの平均印刷部数を見てみよう。データによると、「りぼん」が約11万部で、「ちゃお」が約9万2500部、「なかよし」約2万4125部となっている。「りぼん」が現在の少女漫画雑誌のトップであり、唯一10万部以上の部数を維持している少女漫画雑誌でもある。
大人気で完売となった「なかよし」表紙＆巻頭カラー全部が『しゅごキャラ！』
しかし、この数字を見ると寂しい気持ちになってしまう。1990年代までは「りぼん」は約250万部、「なかよし」は約200万部を突破していたのである。メディアミックスされる作品も少なく、少女漫画ファンは残念な思いを抱いている人もいるかもしれない。現在の少女漫画雑誌の特徴をそれぞれ見てみよう。

■総合雑誌的な「ちゃお」と往年の名作復活の「なかよし」）

  3誌のうちもっとも読者の対象年齢が低いと言われるのが「ちゃお」である。最新号では、サンリオの人気キャラクター“クロミ”とコラボを行っている。漫画以外にも、ゲームからアイドルまで女児向けの様々なコンテンツが掲載されているのが「ちゃお」の特徴であり、女児全般の興味関心を引く誌面にしているようだ。

  例えば、「ちゃお」は冒頭のカラーページに、女児向けのおもちゃなどの情報を扱った記事を、かなりのページで扱っている。言ってしまえば、「ちゃお」は女児向けの総合月刊誌といってもいいような内容かもしれない。

  一方で、「なかよし」と「りぼん」はそういった特集は少なく、漫画に特化した構成になっているのが特徴といえる。

　「なかよし」は2024年1月号まで「カードキャプターさくら　クリアカード編」が連載されていたが、現在も「しゅごキャラ！ ジュエルジョーカー」や「ぴちぴちピッチ　aqua」が連載されているなど、1990～2000年代の名作の続編やスピンオフ作品が目立っている。どちらかといえば、30～40代の読者をターゲットにした作品が目立つ印象だ。

　往年の名作をリメイクした作品を連載する動きは、2008年には既に手塚治虫の『リボンの騎士』を花森ぴんくの作画で『サファイア リボンの騎士』としてリメイクしたように、近年の「なかよし」最大の特徴となっている。おそらく、「なかよし」の連載作品は、雑誌よりも単行本で読まれるケースが多いのではないだろうか。

　既に述べたように、少女漫画のメディアミックスは少年漫画や異世界物などと比べるとかなり低調である。そんななかで、メディアミックスを比較的行っているのが「りぼん」であろう。看板作品の『ハニーレモンソーダ』は今年1月からアニメが放送されている。そしいて、「りぼん」は他誌と比べても作画密度が高い、少女漫画らしい少女漫画が多い。

■かつての名作のメディアミックスは盛んである

　繰り返すようだが、かつて少女漫画を読んでいた30～40代の女性をターゲットにしたコラボカフェやグッズの発売は盛んである。『美少女戦士セーラームーン』は不動の人気を誇っているし、作者のCLAMPの原画展も好評だった『カードキャプターさくら』は相次いでグッズ化され、『きらりん☆レボリューション』はコラボカフェのイベントも実施された。ただ、「ちゃお」も女児向けの内容と書いたが、お金を出して購入するのは親世代だと考えると、「なかよし」「りぼん」にも近い年齢層をターゲットにしているとも言えるだろう。

  かつての名作のメディアミックスが盛んな一方で、現在進行形で連載中の作品が注目を集めていないのは、かなり寂しいものがある。なかには、単行本の初版の発行部数が2000部程度に落ち込んだタイトルもあるといわれており、他ジャンルへの漫画家の移籍も進む。近年の深刻な少子化もあり、少女漫画雑誌を取り巻く現状は厳しさを増している。

  少女漫画が注目されるためには、何と言ってもヒット作の誕生である。メディアミックスが相次ぐヒット作が1本でも生まれれば、少女漫画界全体が活気づくのは間違いない。漫画ファンの間からは「注目度は高くないが、個々の漫画のクオリティは上がっている」という意見もある。今後の少女漫画界から目が離せなくなっている。
文＝元城健",[],[]
ピクサーお馴染みの“トリビア”も　『星つなぎのエリオ』日本版ティザーポスター公開（リアルサウンド）,https://news.yahoo.co.jp/articles/6653142c29458e528ade8c2f7305eb6fac28b6d8,https://newsatcl-pctr.c.yimg.jp/t/amd-img/20250219-00010046-realsound-000-1-view.jpg?exp=10800,2025-02-19T17:00:24+09:00,2025-02-19T17:00:24+09:00,リアルサウンド,realsound,リアルサウンド,675,"『星つなぎのエリオ』©2024 Disney/Pixar. All Rights Reserved.
今夏に公開されるディズニー＆ピクサーの新作映画『星つなぎのエリオ』の日本版ティザーポスターが公開された。
【写真】『星つなぎのエリオ』新場面写真
本作は、ひとりぼっちの少年・エリオが地球を飛び越えて宇宙の仲間たちと出会い、絆をつなぎ、自分の居場所を見つけ成長していく姿を描いた冒険ストーリー。『リメンバー・ミー』でストーリーアーティストを務めたマデリーン・シャラフィアンと『私ときどきレッサーパンダ』で監督を務めたドミー・シー、さらに『リメンバー・ミー』で脚本・共同監督を務めたエイドリアン・モリーナの3人が監督を務める。

　エリオは宇宙が大好きなひとりぼっちの少年。ここではない自分の居場所を求めて、いつか宇宙に行けると信じている。ある日、願いが叶い宇宙で開催されるさまざまな星のリーダーが集まる宇宙サミットに“地球のリーダー”と間違えられ転送されてしまう。

　日本のためにオリジナルで制作されたという日本版ティザービジュアルは、宇宙に憧れを抱くエリオの姿とともに「この星空の彼方で――きっと君を待っている」というキャッチコピーが描かれている。さらにピクサーからのサプライズも。ピクサー作品では毎度話題を呼ぶトリビアだが、本編に先駆けポスターに描かれるのは異例のこと。しかし、今回公開された日本版ティザービジュアルでは、ピクサー作品のトリビアの1つとして、ほぼ全てのピクサー作品に隠されている“あるもの“が隠されている。
リアルサウンド編集部",[],[]
Snow Man 佐久間大介が「守りたい、その笑顔」で届けた幸せが巡るやさしい世界　愛溢れる“宮田一派”の革新（リアルサウンド）,https://news.yahoo.co.jp/articles/4578c6989cc63a725f33d4bb1f8fb231d1c46b7c,https://newsatcl-pctr.c.yimg.jp/t/amd-img/20250219-00010045-realsound-000-1-view.jpg?exp=10800,2025-02-19T17:00:03+09:00,2025-02-19T17:00:03+09:00,リアルサウンド,realsound,リアルサウンド,2130,"Snow Man 佐久間大介が「守りたい、その笑顔」で届けた幸せが巡るやさしい世界（C）リアルサウンド
Snow Man 佐久間大介の初ソロ曲「守りたい、その笑顔」のMVが、2月7日にYouTubeにアップされると9日には100万回再生を突破し、「急上昇」音楽ランキング1位を獲得。その後も再生数を伸ばし、現時点（2月19日）で370万再生を達成している。
【写真】愛を叫ぶオタク姿の佐久間大介＆オーイシマサヨシ＆REAL AKIBA BOYZ
「守りたい、その笑顔」は、“アニメオタク兼Snow Man”を自称している佐久間の“人生のテーマソング”であり、“全推し活応援ソング”。力強いコール＆レスポンスが繰り広げられ、ライブで盛り上がること間違いなしの1曲だ。

　楽曲提供は“アニソンシンガー兼佐久間担”の大石昌良（オーイシマサヨシ）が担当。そして、振り付けはアニソンダンスパフォーマーのREAL AKIBA BOYZ（以下、RAB）と、アニメ＆Snow Man＆佐久間ファンにとって最強の布陣。

　MVのコメント欄を覗くと、各界隈のファンがそれぞれの推しを通じて、このMVにたどり着いている様子が伝わってくるのがなんとも微笑ましい。ほかならぬ佐久間本人も、幸福感に包まれているようだ。X（旧Twitter）のポストを見れば、ファンはますます「守りたい、その笑顔」という気持ちが湧いてくるだろう。

　佐久間がパーソナリティを務めるレギュラーラジオ『Snow Man 佐久間大介の待って、無理、しんどい、、』（文化放送）には、1月25日放送回にオーイシマサヨシが、2月8日放送回にはRABの涼宮あつきとマロンがゲスト出演。楽曲制作の裏話やMV撮影の思い出話に花が咲いたのだが、そこでもお互いの愛とリスペクトが止まらない。

　オーイシにオファーをしたのが「焼き肉を食べながら」というのも、お互いのライブに行き来するなどもともと交流のあった彼ららしいエピソード。佐久間は「ソロ曲ってその人の『人生のテーマソング』だと思うんです。だからオーイシさん、俺のテーマソング作ってください！」と口説いたそう。

　そんな熱いラブコールにオーイシも「俺、肉焼く手、震えたもん。『俺なんかでいいのかな……』『できるのかな……』って」と振り返る。そして「（2秒ほどの沈黙の後）……やるよ」（オーイシ）、「マジっすか！！！　オーイシさんじゃなきゃ、ヤなんです！！！」（佐久間）、「オーイシじゃなきゃダメみたい」（オーイシ）と、脳内ですぐにでもアニメ化されそうな2人のやりとりが、またオタク感マシマシでニヤけてしまう。

　さらに佐久間が「MVにも友情出演を！」と頼んだところ、せいぜい2秒ほどかと思っていたオーイシが全編に出るノリのよさにもまた笑ってしまった。早朝6時に現場入りして深夜11時半までの長時間撮影だったにもかかわらず、「せっかくの佐久間くんのMVで僕出過ぎちゃう？」と心配するオーイシに、「これでこそ俺の初めてのMVだなって感じ。楽しかったっすね、あの日！」と“好き”が詰まった自信作になったと笑う佐久間が可愛らしかった。

　RABにとっても「夢が叶った」と言わずにはいられない振り付け参加＆MV出演。ラジオでも「さっくん（佐久間）をイメージした体全体を使うような大きな動き」を意識したと語る。それも、これまで散々“沼って”見てきたからこそ。そんな2人に佐久間も「めっちゃわかってくれてる！」と嬉しそうに受け答える。また、逆にRAB側としても、佐久間が振り入れの際に「この振り、RABさんっぽい！」と率直な感想がこぼれたのが嬉しかったと声を弾ませるのだった。
宮田俊哉「ヲタクだったってIt’s Alright！」の革新　“推し推される”関係に
かつては、一方的に“推される側”だったはずのアイドルが、“推す”側の気持ちに寄り添う。そんな革命を起こしたのは、佐久間が敬愛してやまない、先輩のKis-My-Ft2 宮田俊哉が発表したソロ曲「ヲタクだったってIt’s Alright!」（2016年）だった。前山田健一（ヒャダイン）が楽曲を手掛け、CDデビュー前の佐久間を筆頭にジュニアたちを引き連れて全力でヲタ芸ダンスを披露したパフォーマンスは、実に革新的で当時大きな話題になった。

　今ほど“推し”という言葉が浸透していなかったタイミングで、オタクが市民権を得ただけでなく、アニメ好きとアイドル好きの架け橋となった宮田。そんな宮田の思いを受け継ぐかのごとく、Snow Manとしてデビューし、さらなる注目を集める存在になった佐久間が満を持してオタク全開の楽曲を披露する姿にちょっぴり胸が熱くなる。

　推しを“推し”て、推しからも“推され”て。〈君の幸せを願って止まないよ〉と双方の幸せを願い合う、やさしい世界。宮田と佐久間によって構成される「宮田一派」の躍進は、より愛を叫びやすい世の中へと変えていった、と言っても過言ではないかもしれない。この曲を聴きながら思わずこぼれる笑顔を、お互いに守っていくそんな世界になることを願わずにはいられない。
佐藤結衣",[],[]
Perfume あ～ちゃん、35歳の誕生日公演に本田翼、西野カナら著名人続々　「すごい豪華メンバー」（リアルサウンド）,https://news.yahoo.co.jp/articles/21fddac9632b64373e1e56238a974053b37c63a7,https://newsatcl-pctr.c.yimg.jp/t/amd-img/20250219-00010044-realsound-000-1-view.jpg?exp=10800,2025-02-19T16:54:44+09:00,2025-02-19T16:54:44+09:00,リアルサウンド,realsound,リアルサウンド,701,"Perfume あ～ちゃん 公式Instagramより
Perfumeのあ～ちゃんが2月18日、自身のInstagramを更新。Perfumeの東京公演に駆けつけた本田翼、近藤春菜（ハリセンボン）、きゃりーぱみゅぱみゅ、西野カナなど、多くの著名人たちとの写真を公開した。
【画像】Perfume あ～ちゃんの誕生日に本田翼、西野カナら「交友録とんでもない」
Perfumeは現在、全国11都市を巡るアリーナツアー『Perfume 10th Tour ZOZ5 “ネビュラロマンス” Episode 1』を開催中。あ～ちゃんが35歳の誕生日を迎えた2月15日と16日に有明アリーナにて東京公演が行われた。

　あ～ちゃんは「東京公演ってたのしーたくさんのおめでとうをもらったよ」と報告し、駆けつけた著名人たちとのショットを公開。近藤春菜と本田翼との3ショットに次いで、きゃりーぱみゅぱみゅ、上原香代子、栗原類が加わった集合写真やおどけた集合写真などを投稿した。「ばっさーわたしの誕生日とか知ってるんだ驚」「この日持ってきてたbag、私も持っててさ、おそろいなんだーぁ♪て言うの忘れたわ　今度言おーっと」と綴ったあ～ちゃんに向けて、コメント欄で本田が「おめでとうお揃いなの尊い」とリアクションを書き込んでいる。

　コメント欄には「すごい豪華メンバー」「大好きなPerfume の3人がこんなにもたくさんの人に愛されているのみてとっても幸せです」「まじで一時代を築いてた人達が勢揃いくらいの勢いで凄いな」「西野カナいるのがとても嬉しい！　あ～ちゃんの交友録とんでもない」など多くの反響が寄せられた。
本 手",[],[]
“宇宙人”角田晃広、若かりし姿を晒すバカリズムへのツッコミが定番に　「晒さないで……」（リアルサウンド）,https://news.yahoo.co.jp/articles/860ac96c4ca412cdc8b420791a72afdde404d460,https://newsatcl-pctr.c.yimg.jp/t/amd-img/20250219-00010043-realsound-000-1-view.jpg?exp=10800,2025-02-19T16:02:07+09:00,2025-02-19T16:02:07+09:00,リアルサウンド,realsound,リアルサウンド,585,"バカリズム公式Instagramより
脚本作『ホットスポット』（日本テレビ系）が放送中のバカリズムが、自身の公式Instagramで角田晃広（東京03）の若かりし頃の姿を投稿し続けている。
【写真】20代の頃？　髪型も現在とは少し違う角田晃広
角田は『ホットスポット』に“宇宙人”高橋役で出演。宇宙人であるということが絶対にバレてはいけないのに少しずつ広まり続け、「実は私、宇宙人なんですね」という自己紹介がお決まりのフレーズになるなど、同作でのコミカルで愛らしいキャラクターを演じている。

　バカリズムは、『ホットスポット』の放送日に角田の若かりし頃の姿を毎週投稿中。それに対して角田がコメント欄でツッコミを入れるのが定番の流れとなっている。投稿される写真の角田は、どれも笑顔で楽しそうなポーズをしている。

　角田はバカリズムの投稿に対して、第3話では「この辺までさかのぼるのはやめていただきたい」、第4話では「昔のやつを引っ張り出してこないでください」、第5話では「どれほど持ってらっしゃるのでしょうか？」、第6話では「何年も前のテンションの写真を晒さないで下さい」とツッコミ。

　コメント欄には、「毎回楽しみにしています」「角田さんフォルダの写真集が欲しい」「何歳の頃の宇宙人ですか？」「プラスドライバーの角ちゃん」との声が寄せられた。
リアルサウンド編集部",[],[]
「おぱんちゅうさぎ」初のシールブックが発売決定　おぱんちゅワールド炸裂シール388枚収録（リアルサウンド）,https://news.yahoo.co.jp/articles/2eb4a30c738c0c477cc2454915f3a1f4b12e88c7,https://newsatcl-pctr.c.yimg.jp/t/amd-img/20250219-00010042-realsound-000-1-view.jpg?exp=10800,2025-02-19T16:01:46+09:00,2025-02-19T16:01:46+09:00,リアルサウンド,realsound,リアルサウンド,646,"『おぱんちゅうさぎ　シールいっぱいBOOK』（講談社）
2025年3月17日に、「おぱんちゅうさぎ」初となるシールブック『おぱんちゅうさぎ　シールいっぱいBOOK』（講談社）が発売される。発売前からAmazon1位を獲得するなど話題に。
【写真】ファン必見！　ミニカード付き豪華シールブック
「おぱんちゅうさぎ」は、クリエイター「可哀想に！」氏が手掛ける大人気キャラクター。地球に住むピンクのうさぎが、ひたむきに、精一杯生きている日常が描かれ、SNS総フォロワー数は驚異の136万人超え。（2025年2月現在）

　2024年10代女子が選ぶ人気キャラクターランキング※でも1位に選ばれるなど、Z世代から絶大な支持を受けている。※マーケティング・広報ラボ（https://cm-marketinglab.mynavi.jp/column/research_character-trend-24/）

　そんな「おぱんちゅうさぎ」初となるシールブックがついに3月17日に発売決定。ネット書店での予約受付が開始すると、Amazonのシールブックランキングで即1位を獲得するなど、早くも話題沸騰中。

　シールは、たっぷり388枚収録。スマホやPCへのデコレーションにピッタリな、「ビッグfaceシール」や「ちょ〜ビッグ全身シール」。自分で可愛くアレンジできちゃう「プロフィールシール」、「きせかえシール」や、「おまもりシール」「買い物シール」など、盛りだくさんの内容だ。
文＝リアルサウンド編集部",[],[]
【シリーズ累計10万部突破】猫のレオンが季節をめぐりながら旅をする物語仕立てのぬりえが話題（リアルサウンド）,https://news.yahoo.co.jp/articles/5086ba805b4eb2bf5fe2a371fac3ebb5b0d2e373,https://newsatcl-pctr.c.yimg.jp/t/amd-img/20250219-00010041-realsound-000-1-view.jpg?exp=10800,2025-02-19T15:33:32+09:00,2025-02-19T15:33:32+09:00,リアルサウンド,realsound,リアルサウンド,409,"『レオンの足跡をたどれば ~猫と一緒に季節をめぐる旅のぬりえ~』（ナツメ社）
海外でも人気を集める江種鹿乃子氏の新作ぬりえ『レオンの足跡をたどれば ~猫と一緒に季節をめぐる旅のぬりえ~』（ナツメ社）が発売された。『森が奏でるラプソディー』『幸せのメヌエット』『心ときめく四季のワルツ』『愛らしい動物たちのシンフォニー』に続く、待望の続刊だ。
【写真】猫のレオンと動物たちが紡ぐ心温まるぬりえ
本書は、猫のレオンが季節をめぐりながら旅をする物語仕立てのぬりえ。農村で暮らすレオンは、ある出合いをきっかけに、旅に出ることを決意する。真夏の大海原を航海したり、秋の森で不思議なレストランに迷い込んだり、レオンにとって初めて目にする景色の連続だ。四季の美しい景色、旅の途中で出合う愛らしい動物たちに癒されながら、あなたの思い描く色でぬりえを楽しもう。そして、レオンの旅のゴールがどうなるか見届けよう。
文＝リアルサウンド編集部",[],[]
今田美桜×北村匠海による夫婦の姿が　朝ドラ『あんぱん』メインビジュアル公開（リアルサウンド）,https://news.yahoo.co.jp/articles/1529ae06395dd4acaf144bffb7c78826c76890c6,https://newsatcl-pctr.c.yimg.jp/t/amd-img/20250219-00010040-realsound-000-1-view.jpg?exp=10800,2025-02-19T15:30:49+09:00,2025-02-19T15:30:49+09:00,リアルサウンド,realsound,リアルサウンド,1295,"『あんぱん』写真提供＝NHK
3月31日から放送が開始されるNHK連続テレビ小説『あんぱん』のメインビジュアルが公開された。
【写真】わずかな情けなさも漂う嵩（北村匠海）ソロビジュアル
朝ドラ第112作目となる本作は、『アンパンマン』を生み出したやなせたかしと小松暢の夫婦をモデルとした勇気の物語。実在の人物である2人をモデルとするが、登場人物名や団体名などは一部改称して、フィクションとして描かれる。

　実在の人物である小松暢をモデルとした朝田のぶを今田美桜、のぶの夫・柳井嵩を北村匠海がそれぞれ演じる。脚本は、NHK連続テレビ小説『花子とアン』、NHK大河ドラマ『西郷どん』などを手がけた中園ミホが担当する。

　公開されたビジュアルは、あんぱんを食べる嵩（北村匠海）と嵩を後ろから抱きしめるのぶ（今田美桜）の笑顔が印象的な一枚に仕上がっている。

　ビジュアルの撮影を手がけたフォトグラファーの須田卓馬は、「台本の中から現れた『のぶ』と『嵩』に、ワクワクしながらシャッターを切りました」とコメント。

　デザインを担当した伊達美貴子は、「『明るく思いのままに突き進むのぶに引き寄せられながら進んでいく嵩の人生！　君がいるから僕も頑張れる！』そんな二人の姿をメルヘンチックな世界で包み込みビジュアル化しました」とビジュアルコンセプトについて明かした。

【コメント】
●須田卓馬（撮影）
今回のビジュアルは、多くの才能あるスタッフの皆さんの力が結集し、完成したものです。美術、小道具、スタイリング、ヘアメイク、細部にまでこだわり抜いた美術デザイナー伊達さんの演出すべてが、この一枚に詰まっています。そして今田さんと北村さん、お二人の存在感や表情が、ビジュアルをより魅力的なものにしてくれました。撮影当日、台本の中から現れた「のぶ」と「嵩」に、ワクワクしながらシャッターを切りました。ワクワクが、皆さんにも伝わり、日本の朝を少しでも明るく、楽しくする一助になればうれしいです。この作品に、自分もフォトグラファーとして関わることができたことを光栄に思います。

●伊達美貴子（デザイン）
美術デザイナーとして本編の番組制作に携わり、「のぶと嵩の生きた世界をどう表現するか」を番組スタッフと共に考えてきました。今回キービジュアルのデザインを考える過程で、「明るく思いのままに突き進むのぶに引き寄せられながら進んでいく嵩の人生！君がいるから僕も頑張れる！」そんな二人の姿をメルヘンチックな世界で包み込みビジュアル化しました。
3シリーズで発表されたキービジュアルですが、並べると陰（緑）から陽（オレンジ）に向かって走る二人、そして最後には二人で希望に満ちた表情！やなせさんの言葉にあった「絶望の隣は希望」という前向きなイメージを、須田フォトグラファーにすてきに収めて頂きました。番組スタッフと一緒に作り上げたこのキービジュアルで、視聴者の皆様に明るい希望が届けばうれしいです。また、本編を見て頂くと、このビジュアルにつながるシーンも出てくるので楽しみにしていてください！
リアルサウンド編集部",[],[]
発売後即重版、編み物レシピ本『韓国発信！かぎ針編みのガールズニットこもの GIRLS CROCHET ACCESSORIES』が話題（リアルサウンド）,https://news.yahoo.co.jp/articles/36e160aeef02f641cb94e134e22fcbba13319d27,https://newsatcl-pctr.c.yimg.jp/t/amd-img/20250219-00010039-realsound-000-1-view.jpg?exp=10800,2025-02-19T15:29:42+09:00,2025-02-19T15:29:42+09:00,リアルサウンド,realsound,リアルサウンド,655,"『韓国発信！かぎ針編みのガールズニットこもの GIRLS CROCHET ACCESSORIES』
1月21日に発売された、かぎ針編みのレシピブック『韓国発信！かぎ針編みのガールズニットこもの GIRLS CROCHET ACCESSORIES』（ブティック社）が、発売直後から大きな話題となり、即重版が決定した。
【画像】『韓国発信！かぎ針編みのガールズニットこもの GIRLS CROCHET ACCESSORIES』の内容は？
手芸店や100円ショップで毛糸が品薄となるなど、編み物をする人が急増している。テレビニュースでは若者を中心とした「編み物ブーム特集」が放送され、さらに芸能人やインフルエンサーが自身で編んだアイテムをSNSに投稿し、話題となっている。色や毛糸、デザインを自由に選び、オリジナルアイテムを生み出せる「編み物」は、今後さらに流行が拡大することが予想される。

本書では、アームウォーマー、バッグ、アクセサリーなど、編んだらすぐに使いたくなるデザインが多数掲載。すべての作品には編み方図が付属し、初心者でも挑戦しやすい構成となっている。

　編み物を始めたいが、何から手をつけてよいかわからない初心者のために、必要な道具やかぎ針の持ち方などの基礎情報を紹介。各作品はカラーのイラストや編み方図で解説し、「ねこ耳帽子」の編み方は写真プロセス解説を用いて詳しく説明している。さらに、基礎的な編み方については、QRコードを読み取ることで一部動画でも確認できる。
リアルサウンドブック編集部",[],[]
桜田ひより＆BALLISTIK BOYZが表紙に　この春に要チェックの情報満載『Ray』2025年4月号（リアルサウンド）,https://news.yahoo.co.jp/articles/e2fc4338a68e8fcf351cef6093e0469b097b9ac9,https://newsatcl-pctr.c.yimg.jp/t/amd-img/20250219-00010038-realsound-000-1-view.jpg?exp=10800,2025-02-19T15:01:05+09:00,2025-02-19T15:01:05+09:00,リアルサウンド,realsound,リアルサウンド,800,"Ray 2025年4月号
2月21日にDONUTSより発売される女性ファッション誌『Ray』。今号の通常版表紙は表紙初登場となるモデル・俳優の桜田ひよりが、特別版表紙はBALLISTIK BOYZが務めた。
【写真】桜田ひより＆BALLISTIK BOYZが表紙『Ray』2025年4月号を見る
今号の通常版表紙を飾るのは、現在放送中のドラマ『相続探偵』(日本テレビ系列)に出演し、大ヒット上映中の映画『大きな玉ねぎの下で』でも主演を務めるなど各所に引っ張りだこのモデル・俳優の桜田ひより。色鮮やかな小物にも負けない、清楚な小花柄のワンピースを身にまとい、大きな瞳とぽってりした唇のベビーフェイスが目を惹く一枚となっている。

　カバーガール企画の「WE ARE 桜田ひより♡まにあ」では、桜田が行なっている“ご自愛法”やお気に入りのファッションについてとことん深掘り。たくさんの花に囲まれ、かわいいこだわりがたっぷり詰まった誌面をお楽しみに。

　特別版表紙に登場するのは、実力派ボーイズグループのBALLISTIK BOYZ。女性ファッション誌の表紙を務めるのは初めてだという彼らは、『Ray』らしいパステルカラーの衣装に身を包み、いつもの力強いスタイルとは一味違ったビジュアルを披露した。

　カバーボーイ企画では、メンバーがそれぞれの“愛”について語りつくす「知るほどに好きになる7人の“愛トーク” BALLISTIK BOYZ 愛するということ」をお届け。ファンへの愛、メンバーへの愛、そしてもしもの恋バナまで……？

　知れば知るほど好きになる7人の”愛トーク”は必見。2025年3月26日発売予定の1stベストアルバム『Chapter 1』に込めた想いも語ったほか、男の子っぽさとエモさのバランスが絶妙なこだわりカットを使用した両面ピンナップも付属される。
リアルサウンド ブック編集部",[],[]
ヤギの睾丸を患者に移植……デタラメ治療で巨万の富を築いた最も危険な偽医者のノンフィクション（リアルサウンド）,https://news.yahoo.co.jp/articles/e6812d638a4b477a89bb2e8b47472c26e5b76526,https://newsatcl-pctr.c.yimg.jp/t/amd-img/20250219-00010037-realsound-000-1-view.jpg?exp=10800,2025-02-19T14:20:13+09:00,2025-02-19T14:20:13+09:00,リアルサウンド,realsound,リアルサウンド,2187,"『ヤギの睾丸を移植した男―アメリカで最も危険な詐欺師ブリンクリーの天才人生』（ポープ・ブロック 著、杉田七重 訳、国書刊行会）
勃起不全の解消に、ヤギの睾丸を患者の玉袋にぶち込む。そんなデタラメな治療法を引っ提げてアメリカで巨万の富を築いた偽医者、ジョン・R・ブリンクリー。1月24日に翻訳刊行された本書『ヤギの睾丸を移植した男―アメリカで最も危険な詐欺師ブリンクリーの天才人生』（ポープ・ブロック 著、杉田七重 訳、国書刊行会）は、彼のめっぽう面白い生涯を当時の社会情勢など時代背景と共に、立体的に描いたノンフィクションである。

『ヤギの睾丸を移植した男―アメリカで最も危険な詐欺師ブリンクリーの天才人生』（ポープ・ブロック 著、杉田七重 訳、国書刊行会）

　1885年にノースカロライナ州の小さな町で生まれたブリンクリーは、人生の成功者となるべく、二十歳そこそこで商売を始める。成り上がりの手段となるのは、詐欺の常套手段であった医療詐欺だ。「なんでも治す薬」を芝居仕立てで宣伝して売りつける、電気薬品だと偽って患者の尻に色水を注射するといった商法に手を出してはみるが、どれも長続きはしない。シカゴの医科大学に入学し、電信技手の仕事をしながら医師免許の取得を目指したこともあったが、途中で挫折してしまった。こうしてうだつの上がらないまま、時は過ぎていく。

　それでもなんとか実体のない大学から金で免許を手に入れると、1917年にカンザス州のミルフォードという町でクリニックを開業。するとある日、農場で働く中年の男性が〈ムスコがまったく立ちゃしねえ〉と相談に来る。〈俺にも、ヤギのキンタマと同じもんがついてればなあ〉。ブリンクリーはそれが成功への切符になるかもしれないと、精力旺盛な家畜とされていたヤギの内分泌腺移植、実際にはヤギの睾丸を患者の玉袋にただぶち込むだけのインチキ手術を秘密裏に施す。果たして結果はというと、〈農夫が満面の笑みでまたやってきた〉。やがて口コミで評判が広まり、地元の人々が手術を希望してクリニックに次々とやってくる。

「若返り」はミルフォードだけでなく、社会全体において関心のある話題だった。第一次世界大戦で多くの若者が命を落とし、年配者は彼らの分もまだ現役で頑張る必要があったからだ。そこでは真面目なものから胡散臭いものまで（ほとんどが今から見ると荒唐無稽な代物だが）、数々の若返り術が存在することになる。その中でブリンクリーが、世間から注目を集められた理由。それは市場の潮目を読む力と、優れたメディア戦略にあった。

　ブリンクリーは未開のメディアだったラジオに可能性を見出し、1924年に自前の放送局を開設する。放送では自らパーソナリティーとなって、巧みな話術でリスナーの男性機能や健康への不安を煽り、全国のリスナーをクリニックへと誘導していく。とはいえ一日中喋ることはできないし、宣伝ばかりだと飽きられてしまう。そこで、間を埋めるために音楽の演奏や語学講座、物語の朗読に占いなど、さまざまなプログラムを用意する。その副産物として、アメリカでカントリーミュージック・ブームの基礎を築いた功労者として、後に評価されることにもなる。

　こうした広報にまつわるノウハウは、政治の世界にも応用される。1930年にブリンクリーは、カンザス州知事選挙に出馬。派手な飛行機で州内を飛び回り、ラジオもフル活用するショー的要素の強い選挙活動は、現代の選挙戦の先駆けとなるものだった。結局落選こそしたものの、商売の方は右肩上がりで、大恐慌の時期にあっても年間で一千二百万ドルを稼ぎ出す。得意絶頂のブリンクリーだが、その行く手には一人の天敵が常に存在していた。米国医師会が発行する雑誌の編集者で、偽医者バスターとしての活動をライフワークとする、モリス・フィッシュベイン医師その人である。

　人工的な若返り術などあり得ないし、品質管理の杜撰なブリンクリーのクリニックでは医療事故が多発している。ところが法律は穴だらけで、刑事責任を問うことができない。そこでフィッシュベインは、ブリンクリーがとんだ食わせ物であることを記事の執筆を通じて告発し、世間に注意喚起を行う。さらには州や国に働きかけての医師免許・ラジオ免許の剥奪など、間接的に活動を制限しようと試みる。

　実はこの二人、同時期にシカゴで別々の大学に入学をしている。その後歩んだ道は違えども、仕事熱心で好戦的と、案外似たもの同士な彼らのライバルストーリーという側面が本書にはある。最終決戦の場となる、ブリンクリーがフィッシュベインを名誉毀損で告発した裁判の模様は、法廷ドラマとしての読み応えも十分。〈名誉を毀損されたという人物の全人生が俎上に載せられ〉る場面でも、堂々と白を切るブリンクリーのこれまでの嘘と矛盾が、フィッシュベイン側の弁護士たちの尋問を通じて炙り出されていく。

　だが困ったことに、我らが主人公のただの詐欺師に収まらない才能と魅力を知れば知るほど、読者としては悪事を憎み断罪することが難しくなっていく。それどころか、本書の中でブリンクリーが窮地に陥る度に、どんな手を使って挽回するのだろうとワクワクさえしてしまうのだ。どうやら私も詐欺師に騙される素質が、十分にあるらしい。
藤井勉",[],[]
滝沢眞規子、1日の食卓を一挙公開　ラグジュアリーな食器に視聴者羨望「どれも素敵」（リアルサウンド）,https://news.yahoo.co.jp/articles/9d5830b3af8225068cefdde8ea8ba04c1cf53cc5,https://newsatcl-pctr.c.yimg.jp/t/amd-img/20250219-00010036-realsound-000-1-view.jpg?exp=10800,2025-02-19T14:01:36+09:00,2025-02-19T14:01:36+09:00,リアルサウンド,realsound,リアルサウンド,888,"動画サムネイルより
ファッションモデル・タレントの滝沢眞規子が2月15日、自身のYouTubeチャンネルを更新。1日の食事レシピを公開した。
【画像】「どれも素敵でした」と羨望の声…滝沢眞規子が公開した1日の食卓
イタリアンジュエラー『Buccellati（ブチェラッティ）』とのタイアップ動画を、「【1日のご飯】朝・昼・夜ごはんレシピと、素敵なお皿。夫と2人の夕食も【Buccellati】」と題して投稿。朝食、昼食、夕食を同社製の食器とともに楽しむ様子を公開している。

　「朝はパンが多いかな」という滝沢の朝食は、フォカッチャを使ったアボカドトースト。オリーブオイル、塩コショウ、バルサミコ酢で味付けしたシンプルな仕上がりだ。いちごとヨーグルトを添え、コバルトブルーのスクエアプレートに盛り付けている。食器のビジュアルに「やっぱ美味しそうに見える！」との感想も語っていた。

　続いて昼食は余りものを活用した、ウインナー入りのナポリタンだ。「ポイントはなにもないです」と語るとおりベーシックながら、さまざまな具材を入れた彩り豊かなパスタが完成していく。そして出来上がった「ゴロゴロ野菜のナポリタン」と、マッシュルームといんげんのサラダを皿に盛り付け。今度はナポリタンとの色の対比が美しいホワイトの食器で「気分が上がります」と満足げだった。

　夫が帰宅して迎える夕食は、ミラノ風カツレツとかぼちゃのポタージュ、そしてサーモンのサラダ。6点セットで約20万円のカトラリーセットを使用するゴージャスな食卓が完成した。ミラノ風カツレツには「ソースいらないね。めちゃくちゃ美味しい！」と舌鼓を打ち、「食器が素敵だとパーティーみたいだね」と充実の夕食を楽しんでいる。

　この動画に、コメント欄では「これぞタキマキ！っていう動画でめちゃくちゃ嬉しいです」「パパさんと一緒で幸せ満ち溢れた感じで素敵すぎる」「お忙しいのに、お料理、身の周りの事に手を抜かないで尊敬します」「先生もジュエリーも食器もお料理もご主人と過ごすひと時も、どれも素敵でした」などの声が寄せられている。
向原康太",[],[]
せいろ料理を始めるならこの1冊！　レシピ数＆内容充実の決定版『世界一カンタンでおいしい せいろレシピ』（リアルサウンド）,https://news.yahoo.co.jp/articles/b8a20bd0c9ee7abd812e491c50a03b9f9ecbc6d2,https://newsatcl-pctr.c.yimg.jp/t/amd-img/20250219-00010035-realsound-000-1-view.jpg?exp=10800,2025-02-19T14:00:43+09:00,2025-02-19T14:00:43+09:00,リアルサウンド,realsound,リアルサウンド,716,"『世界一カンタンでおいしい せいろレシピ』（著者：サヤ）
書籍『世界一カンタンでおいしい せいろレシピ』（著者：サヤ）がKADOKAWAより発売された。
【写真】塩レモンでさっぱりうまい！「蒸しエビマヨ」を見る
話題沸騰の「せいろ蒸し」。SNSで人気が広がり、メディアで連日取り上げられたり、ライフスタイル関連ショップから手頃な価格の「せいろ」が相次いで発売されるなど、大きなトレンドとなっている。

　本書はカンタンかつ実用的で、一年中使えるせいろレシピをたっぷり89品掲載。一気に完結して見栄えも◎なせいろワンプレート、定番おかず、冷凍食品格上げレシピ、素材を蒸すだけの超ミニマルレシピ、ほっこりおやつなど……。毎日楽しめるバリエーション豊かなメニューを収録している。

　せいろの選び方、用意するもの、使い方、お手入れについてもわかりやすく丁寧に紹介。知りたいことが1冊ですべてわかるので、ビギナーの方でも安心。掲載メニューはすべてせいろ1段でできるレシピにしているので、何段も買いそろえる必要がなく、初心者の方でも始めやすいことも大きな特徴だ。

■著者プロフィール
サヤ
せいろ料理インフルエンサー。栄養士。せいろ蒸しが大好きな30代女子。食物栄養学科在学中にアルバイト先のオーガニックカフェでせいろに出会う。現在は約10組のせいろを使い分けながら、インスタグラムを中心にレシピを発信。素材の旨みを生かす蒸すだけのミニマルレシピから、一気に主菜と副菜が完成する同時調理レシピ、朝食プレート、スイーツまでさまざまなレシピを投稿している。栄養士ならではのヘルシーで栄養価の高いせいろレシピが好評。
リアルサウンド ブック編集部",[],[]
“有木野”松田龍平の抱える過去が明らかに　三上博史登場で動く『東京サラダボウル』（リアルサウンド）,https://news.yahoo.co.jp/articles/eb3f11b8fe53c5bc4a6d2091a78988d06505720a,https://newsatcl-pctr.c.yimg.jp/t/amd-img/20250219-00010034-realsound-000-1-view.jpg?exp=10800,2025-02-19T13:57:48+09:00,2025-02-19T13:57:48+09:00,リアルサウンド,realsound,リアルサウンド,2406,"『東京サラダボウル』写真提供＝NHK
キリスト教の教会、ヒンドゥー教や道教の寺院、日本の神社など、たくさんの宗教施設が共存する神様の街・新大久保。コリアタウンとして有名だが、韓国人のみならず、様々な国から人が集まってくるのは、少しでも信じる神様のそばにいたいという気持ちの現れなのかもしれない。
【写真】有木野（松田龍平）が警戒する阿川（三上博史）
神様に限らず、人は何かを心の拠り所にして生きている。有木野（松田龍平）にとっては、亡き恋人・織田（中村蒼）がそうだったのだろう。2人の過去に何があったのか、そして織田はなぜ亡くなったのか――。

　その鍵を握る阿川（三上博史）がついに本格登場となった『東京サラダボウル』（NHK総合）第7話。物語が大きく動き始めるとともに、彼の存在が鴻田（奈緒）と有木野の関係性を大きく揺るがしていく。

　東新宿署国際捜査係に新たに警部補の阿川が着任し、鴻田の相棒となる。1人で自由気ままにやってきた鴻田は初めこそ憂鬱だったが、すぐにその気持ちはどこかへ消えた。阿川はいわゆる“捜査は足で稼ぐ”タイプ。会議もそこそこに、鴻田を連れて街に出た阿川は知り合いの中国人に接触し、巧みに有力な情報を引き出していく。中国人コミュニティに精通しているためか、彼らの内情に詳しい。

　鴻田とはまた違うベクトルの変わった刑事であり、意外にも波長が合う2人。ある程度、独断専行が許されるだけの政治力もあり、鴻田の弱点も補える。傍から見ると、かなりいいコンビだ。阿川が中国語もできるので、鴻田が有木野を頼ることは減っていった。
誤訳事件を経て戻ってきた阿川（三上博史）は何を狙っているのか
ただ、それだけが理由ではない。一緒にお酒を飲んでからというものの、明らかに様子がおかしい有木野。鴻田を避けるようになり、顔を合わせても気まずい空気が流れる。それはひとえに、鴻田が警察官になるきっかけを作ったのが織田だということを知ってしまったから。有木野は織田について深掘りされることを恐れているのではないか。しかし、そんな有木野の思いに反し、織田の死を招いた人物が鴻田の近くに現れた。それが、阿川だ。

　鴻田は「あいつのことは信じないでください」という有木野の言葉をきっかけに、2人の間にある因縁を知る。4年前、上麻布署内で起きた誤訳事件。週刊誌の報道によりバッシングを受けたのが、取り調べで通訳を担当していた阿川と相棒の織田だった。

　八柳（阿部進之介）によると、その件で有木野が情報漏洩を疑われたのは当時、監察官・豊角（三浦誠己）の要請で阿川の内偵に協力しており、内情に詳しかったためだという。記事が出た1週間後、織田が自ら命を絶ったことで、誤訳を行った阿川ではなく、理不尽にもその情報を外に流したと思われる有木野が警察官達から恨まれるようになったのだ。

　だが、鴻田には有木野がやったとはどうしても思えなかった。警察学校の同期と有木野は言うが、織田の遺品にあったツーショット写真や、2人の共通の友人である柏傑（朝井大智）から聞く話を総合すると、より深い関係であったことは明らかだ。

　有木野が大切な人を貶めるようなことをするはずがない。鴻田がそう信じられるのは、今までの彼を見てきたから。鴻田は人を一面的に判断しない。「“胃”も合って気が合うんじゃないですか」と今井（武田玲奈）が2人のことを話すのを聞いてハッとした。食事で冒険する鴻田と保守的な有木野。最初は何もかもが正反対だった。けれど、外国人居住者の人生と共に向き合う中で少しずつ互いを知り、影響し合って“胃”の合うコンビとなったのだ。だから、鴻田は自分の目で見てきた有木野はそんな人じゃないと言い切れる。でも、それこそが最も有木野の恐れていたことだったのかもしれない。

　不法滞在者を人身売買組織に売り渡すブローカー、通称・ボランティア（絃瀬聡一）を知るリンモンチ（李丹）にかねてより接触していた鴻田。ところが、「織田さんになら話す」という連絡を受けた直後、モンチが何者かに殺害された。織田は5年前、風営法違反の件でモンチを取り調べており、その時に彼を信頼するようになったのだと考えられる。

　その死に責任を感じ、もう後に引けない鴻田は意を決して有木野の過去に踏み込んだ。しかし、「あいつが死んだ時に誓ったんです。この件は俺が永久に埋めるって」と拒絶されてしまう。ここにきて開きかけた心を閉ざしてしまった有木野。だが、それは鴻田を守るためなのだろう。豊角は有木野だけではなく、織田にも阿川の内偵をさせていたと見られる。阿川が今回、国際捜査の現場に復帰したのは豊角の差し金であり、有木野は鴻田にも危険が及ぶことを危惧しているのだ。情報漏洩を疑われていることは、むしろ彼にとって好都合だったのかもしれない。他人と関わらなければ、自分の過去に踏み込ませなければ、誰も危険な目に遭わせることがないから。だとしたら、切ないほどに優しい。

　有木野が自分の感情を入れず、正確な“逐語訳“でつなぐことに徹するのも、参考人や被疑者の大事な人生を預かっているものとしての矜持であり、優しさだ。もちろん、間違いはどうしたって起きる。大事なのは、自分の誤訳に気づいた時、ミスを認めて通訳内容を修正できるかどうかと鴻田は有木野に教わった。

　あの時の自分はそれを怠った、と振り返る阿川は「またこうして戻ってこれたのも、最後に“神様”がチャンスをくれたのかもしれないな」と語る。その最後のチャンスを阿川は何に使おうとしているのだろうか。誤訳事件を経て心を入れ替えたようにも見えるが、ボランティアと繋がっているところを見ると油断できない。三上が醸し出す清濁併せ持つ雰囲気が、阿川を信じるべきか信じざるべきかという判断を難解なものにしている。
苫とり子",[],[]
Snow Man 目黒蓮、映像業界で欠かせない存在に　『トリリオンゲーム』で際立つ“目の力”（リアルサウンド）,https://news.yahoo.co.jp/articles/5c8d19c5878f9c0fb9b03528a0d985d6dd536fc2,https://newsatcl-pctr.c.yimg.jp/t/amd-img/20250219-00010033-realsound-000-1-view.jpg?exp=10800,2025-02-19T12:30:26+09:00,2025-02-19T12:30:26+09:00,リアルサウンド,realsound,リアルサウンド,1567,"劇場版『トリリオンゲーム』 ©︎2025 劇場版『トリリオンゲーム』製作委員会 ©︎稲垣理一郎・池上遼一／小学館
無邪気さがにじみつつも、真意が読めない瞳。スクリーンに映る目黒蓮が演じる天王寺陽を見た瞬間、改めてその瞳に心を奪われるのを実感した。
【写真】目黒蓮演じるハルの魅力が詰まった場面カット
2023年にドラマ『トリリオンゲーム』（TBS系）を観た時、目黒の瞳の力は、青年漫画らしい型破りな役柄をも物にするのかと、驚かされたのを今でも覚えている。『トリリオンゲーム』は、ビッグコミックスペリオールで連載中の同名漫画が原作の作品。目黒演じる天王寺陽（ハル）と佐野勇人演じる平学（ガク）が、1兆ドルを稼ぐことを目指し、嘘やハッタリ、コミュニケーション力を武器にビジネスの世界を駆け上がる物語だ。

　ドラマでは、AIオンラインショップやソーシャルゲーム、芸能事務所、アニメ制作会社、TV局といったメディア事業など、原作と同じ流れで、時に裏切られ、敵を出し抜き、仲間を増やし、大金を稼いできた。劇場版で描かれるカジノ編は、原案を担当する稲垣理一郎監修の元制作された、原作にはない完全オリジナルストーリーだ。日本初のカジノを建設するべく、ハルとガクが奔走する。

　特筆したいのは、やはりハルを演じる目黒が持つ目の力だ。ハルは持ち前のコミュニケーション力で、カジノ建設予定地の住民たちと仲を深めていくのだが、住人たちの前で心底楽しそうな笑顔を見せていても、真意が読み取れない。しかし、自分のワガママを通して、自分だけが得をしようとするエゴがチラつくわけでもない。お金のためだとしても、この人を信じたら、明るい未来があるのかもしれないと思わせる力がある。

　ハルは設定上は分かりやすいが、演じるのは極めて難しいキャラクターだ。笑顔で人を懐柔しつつも、その心の内は読ませない。でもどこか魅力的。そして、ハルのハッタリ力や人を惹きつける存在感にも説得力を出さなければならない。目黒本人が持つ凛々しい顔つきと、人懐っこいタレ目が際立つ笑顔のギャップ、普段よりも抑揚や響きを付けた中低音ボイスがあるからこそ、ハルという非現実なキャラクターをリアルに落とし込めている。ハルを存在させるために、使えるものは全て使って表現するという意気込みが感じられる。特に、劇場版ではドラマ版以上にアクションシーンが多く、見どころの一つ。ハルの大胆さやスマートさが際立つ身体表現にも注目だ。
目黒蓮が『silent』『海のはじまり』で披露した“丁寧で緻密な芝居”
正直、ハルは目黒が演じてきた役柄のなかでは、異質なキャラクターだろう。『silent』（フジテレビ系）や『海のはじまり』（フジテレビ系）など、生方美久脚本作品で演じてきたキャラクターは、口にできない感情に揺れ動き、それらを微細な表情の変化で表現してきた。セリフに出てこない気持ちをどこまで見せられるのか。それが、芝居のポイントとなる役柄だった。映画『月の満ち欠け』や『わたしの幸せな結婚』でも、自身が置かれた状況と抱える感情の間で葛藤する役柄だった。どれも丁寧で緻密な芝居が求められる役柄ばかりで、つくづくハルと真逆だ。

　だからこそ、目黒が演じるハルを見るたびに、新たな芝居の引き出しを感じ、驚かされる。繊細に感情表現を積み上げていく作品にも、エンターテインメント性が高い作品にも馴染む幅の広さがあるのだ。

　これまでの作品で見せてきたような表情による繊細な芝居、ハルのようなあえて真意を読ませない芝居、役柄に合わせた声の響かせ方や台詞回し、身体表現。彼が、映像業界で欠かせない存在になりつつあることを、ひしひしと感じる。目黒が次にどんな役を生きるのか。改めて今後の活躍が楽しみだ。
古澤椋子",[],[]
ルーターを隠せる『扉付き収納ボックス』　小物もスッキリ整理で生活感を無くそう（リアルサウンド）,https://news.yahoo.co.jp/articles/88ef7bd8e8c55a0e44fb7fd0e5f21a423c94912f,https://newsatcl-pctr.c.yimg.jp/t/amd-img/20250219-00010032-realsound-000-1-view.jpg?exp=10800,2025-02-19T12:11:58+09:00,2025-02-19T12:11:58+09:00,リアルサウンド,realsound,リアルサウンド,368,"扉付きルーター収納ボックス
サンワサプライは、扉と小物の整理に便利な引き出し付きで、大型ルーターやモデム、電源タップや生活雑貨が収納でき、電話台としても使用できる木製収納ラックを発売した。
【画像】収納棚を設置する前後の比較　スッキリとした見た目になった
カラーはライトブラウン／ダークブラウン／ホワイトの3色展開。幅は40cm／48cm／60cmの3種類から幅を選ぶことができる。価格は11,800円（税込）から幅によって異なる。

　本商品はスッキリとした扉付きのデザインで、ルーターや配線を隠してスマートに収納できる木製ラックだ。電源タップや小物を整理できる引き出し＆オープンスペースも備えており、シンプルながら多機能。背面はフルオープンになっているので配線もラクラク、巾木よけ加工で壁にぴったり配置可能だ。
リアルサウンド編集部",[],[]
DIESEL＆CASETiFYがコラボコレクションを発表　グランジなデザインのテックアクセサリーが多数登場（リアルサウンド）,https://news.yahoo.co.jp/articles/a0cc6b7502ed07b2bdada0a30844105ffc0bf015,https://newsatcl-pctr.c.yimg.jp/t/amd-img/20250219-00010031-realsound-000-1-view.jpg?exp=10800,2025-02-19T12:10:13+09:00,2025-02-19T12:10:13+09:00,リアルサウンド,realsound,リアルサウンド,591,"「DIESEL + CASETiFY」
CASETiFYは、DIESELとコラボレーションをしたテックアクセサリーのコレクション「DIESEL + CASETiFY」を発表した。販売は2月18日よりおこなわれている。
【画像】DIESELのアイコニックな1DRハンドバッグなどのデザインからインスパイアされたアイテムも　MagSafe対応の『オーバルDコレクティブルグリップスタンド』
登場するのは「グランジ」「バンダナ」ふたつのラインの要素を反映したケースやテックアクセサリーたち。iPhone、iPadやMacなどのケース類やチャームをはじめ、ワイヤレス充電器、モバイルバッテリーなどMagSafe対応のアクセサリーも展開する。

　グランジラインはダメージ加工とインダストリアルな要素を特徴としており、DIESELのエッジの効いた美学を、また、バンダナラインは、DIESELのSS25ランウェイコレクションの鮮やかなプリントを表現している。

　本コレクションはCASETiFYの実店舗（CASETiFY OSAKA 心斎橋店、札幌PARCO店、渋谷PARCO店、池袋PARCO店、新宿マルイ店、ルクア大阪店、名古屋PARCO店、広島PARCO店、アミュプラザ博多店）のほか、オンラインやdiesel.comおよび一部のDIESELストアでも購入可能だ。
リアルサウンド編集部",[],[]
3児の母・ギャル曽根、鞄の中身を公開　大ボリュームに尊敬の声「スーパーお母さん」（リアルサウンド）,https://news.yahoo.co.jp/articles/95632283e74fb29e73b12676d5ee8b4c6281fea8,https://newsatcl-pctr.c.yimg.jp/t/amd-img/20250219-00010030-realsound-000-1-view.jpg?exp=10800,2025-02-19T12:03:54+09:00,2025-02-19T12:03:54+09:00,リアルサウンド,realsound,リアルサウンド,1122,"動画サムネイルより
タレントのギャル曽根が、2月17日にYouTubeチャンネルを更新。マザーズバッグの中身について紹介した。
【写真】おもちゃや便利グッズなどが続々…ギャル曽根が公開した鞄の中身
現在、3人の子供を育てながら仕事もこなしているギャル曽根。日常的に使用しているというマザーズバッグは、ぱっと見で分かるように内容量がかなり多い。中身を取り出すと、ジップロックに入った離乳食や水筒、オムツなどが次々と出てくる。撮影を担当しているスタッフ「あず姉」は、芸能人が大量のジップロックを持ち歩くギャップに驚いたようで「かなり良いよ、ジップロックに入れてるの」とコメント。ギャル曽根は「これが一番汚れないし、楽」と利便性について語っていた。

　ほかにも「3COINS」で購入したおもちゃや大きめの鍵盤型のおもちゃなどがバッグの中から登場。それだけでもかなり重そうだが、出かけ先で子供と遊ぶために持っているようだ。なかでも特に気に入っているのが、シリコンでできたメイク道具のおもちゃ。安全性が高く、洗えるので重宝しているとのこと。さらに、バッグからはポータブル充電器が4つ出てきている。ウェットティッシュやハンドクリーム、絆創膏、マスクなどの日用品も入っており、かなり充実していた。また、過去にゲームセンターで入手したおもちゃやガチャガチャの景品などもバッグから紹介している。

　動画後半に「必要最低限にしています」と話すギャル曽根だが、あず姉は思わず「え？」と驚きの反応。あず姉から「半分にはホンマにできる」と指摘されたギャル曽根は「無理無理！　これでめっちゃ減らしたんだよ！」と返答していた。

　コメント欄では「お子さんのための物がいっぱい 本当に良いお母さん おもちゃとか一緒にに楽しんでくれそうだし、パワフルだし、スーパーお母さんだと思う」「私も最近は何でもジップロックに入れちゃいます 透明で中身見えるし、汚れたらすぐ捨てれるし、最高ですよね」（いずれも原文ママ）などの反応が寄せられている。

　2023年11月18日に第3子を出産し、育児や仕事で忙しい日々を送っているギャル曽根。毎日使うバッグの中には、子供のためのおもちゃや日用品など、大量の荷物が入っていた。相当な重量がありそうなバッグだが、仕事でもプライベートでも必ず持ち歩いているようで、その労力に尊敬の念を抱かざるを得ない。

　また、視聴者からはジップロックを収納として使っていることについて、共感の声も寄せられている。この飾らない姿も彼女が長く愛される要因の一つだろう。マザーズバッグの紹介は定期的に行われるようなので、今後も動向に注目していきたい。
小林嵩弘",[],[]
【ライトノベル最新動向】斜線堂有紀『コールミー・バイ・ノーネーム』ドラマ化で人気再燃　『転スラ』『わた婚』新刊も（リアルサウンド）,https://news.yahoo.co.jp/articles/182bb8dfcc48ec74a3119345c4fb2dfd18b701dd,https://newsatcl-pctr.c.yimg.jp/t/amd-img/20250219-00010029-realsound-000-1-view.jpg?exp=10800,2025-02-19T12:02:19+09:00,2025-02-19T12:02:19+09:00,リアルサウンド,realsound,リアルサウンド,2247,"左上から、『転生したらスライムだった件22』（GCノベルズ）、『わたしの幸せな結婚 九』（富士見L文庫）、『コールミー・バイ・ノーネーム』（星海社FICTIONS）
Rakutenブックスのライトノベル週間ランキング（2025年2月10日～16日）は、伏瀬による人気シリーズ『転生したらスライムだった件22』（GCノベルズ）が1位。発売前からランキングの上位に顔を出して人気のほどを伺わせていたが、1月30日の刊行後もしっかりと売れ続けている。
【画像】発売から6年経ってのランクイン　斜線堂有紀『コールミー・バイ・ノーネーム』などランキング作
イラストのみっつばーもキャラクター原案となっている川上泰樹のコミック版『転生したらスライムだった件28』（講談社）も、漫画の週間ランキングで15位に顔を出している。TVアニメの第4期制作や、2作目となる劇場アニメ『劇場版 転生したらスライムだった件 蒼海の涙編』の2026年公開と、これから先の予定も決まっている。「転スラ」の盛り上がりは続きそうだ。

　2位は、TVアニメの第2期が放送中の顎木あくみによる人気シリーズ最新作『わたしの幸せな結婚 九』（富士見L文庫）が3月14日の発売を前にランクイン。アニメの方では斎森美世の前に現れた甘水直による様々な妨害に、九堂清霞が挑むスリリングな展開が続いている。原作は苦労を乗り越えようやく結婚を果たした美世と清霞を、新たなアクシデントが見舞うことになりそう。どちらも追っていきたいシリーズだ。

　3位は、『まきこまれ料理番の異世界ごはん』などの著作がある朝霧あさきの『ベル・プペーのスパダリ婚約～「好みじゃない」と言われた人形姫、我慢をやめたら皇子がデレデレになった。実に愛い！～1』（SQEXノベル）。誰をも魅了する公爵令嬢でありながら、正体を隠し最強の傭兵に変身して活躍する主人公を軸にした恋模様が描かれる。3月7日の発売を前にランキングに入る人気ぶりを見せている。

　4位は。衣笠彰梧による大ヒットシリーズの最新刊『ようこそ実力至上主義の教室へ　3年生編1』（MF文庫J）。Aクラスで卒業すれば将来が約束されるエリート高校で、クラス単位での順位をめぐる争いが繰り広げられてきたストーリーが、最終学年に入ってとてつもない変化の中からスタートしていく。まるで予想ができない展開が行き着く先は？　そそられる興味の強さから、続刊が出るたびにランキングに顔を現しそうだ。3月24日発売。

　5位はFUNA『私、能力は平均値でって言ったよね！20』（SQEXノベル）。転生する時に平均的な能力を臨んだところ、超常的な存在も含めた平均値という人間としては破格の能力を与えられてしまった少女を主人公にしたファンタジーで、少女たち7人となった新しいクランによる冒険が繰り広げられる。

　6位は、鎌池和馬による人気シリーズのアニメパッケージに付けられた特典小説を集めた文庫の第2弾『とある魔術の禁書目録 外典書庫2』（電撃文庫）。常盤台中学に通うレベル5の美坂美琴と食蜂操祈がたっぷり登場してファンを楽しませる。『とある』シリーズは『とある暗部の少女共生』（電撃文庫）のアニメ化が決まり、冬川基が描くコミックによるシリーズ『とある科学の超電磁砲』も長井龍雪監督によるアニメの第4期制作が決まって大いに盛り上がっている。本編も含め新刊が出るたびにランキングを賑わせそうだ。
7位はくまなの『くまクマ熊ベアー 21』（PUSH!文庫）、8位はTVドラマ化されて放送中の斜線堂有紀『コールミー・バイ・ノーネーム』（星海社FICTIONS）、9位は川原礫『ソードアート・オンライン　プログレッシブ9』（電撃文庫）、10は天岸久弥『魔導具師ダリヤはうつむかない　～今日から自由な職人ライフ～12　小冊子付き特装版』（MFブックス）と人気作が並んだ。『コールミー・バイ・ノーネーム』は2019年の発売から6年経ってのランクインと、ドラマ化の威力を見せた。

　11位以下では、TVアニメの第2期が評判となっている日向夏『薬屋のひとりごと』（ヒーロー文庫）から15巻が11位、13巻が14位、9巻が15位、8巻が16位、14巻が19位、12巻が20位に入った。既刊本の再浮上となるが、TVアニメの第1期放送時も相当に売れておきながら、改めて売れ行きを伸ばすところに読者の広がりが感じられる。

　気になるところでは、18位の神坂一『スレイヤーズすぴりっと。 『王子と王女とドラゴンと』』（ファンタジア文庫）が、ライトノベルを代表するシリーズの最新短篇集として登場し、人気の不滅ぶりを見せている。

　ほか、公開中の安田現象による長篇アニメ『メイクアガール』を、『アオハルデビル』などの作品を持つライトノベル作家の池田明季哉がノベライズした『メイクアガール』（電撃文庫）が32位、映画に登場する水溜明という主人公の母親で、天才的な研究者だった水溜稲葉が登場するスピンオフ小説『メイクアガール episode 0』（電撃文庫）が31位と、並んで名前を連ねているところも注目点だ。映画に描かれた内容やキャラクターの真実が分かるとあって、映画を見終わった人たちが続々とノベライズに手を伸ばしており、映画の評判とともに一段のランクアップもありそうだ。

参考：Rakutenブックス「ライトノベル週間ランキング」
タニグチリウイチ",[],[]
長澤まさみ、川村壱馬＆吉野北人の「かずほく」コンビが表紙に『VOCE』2025年4月号（リアルサウンド）,https://news.yahoo.co.jp/articles/338a6ebbc652555fbaee9cf8f8e88e5a8382e3be,https://newsatcl-pctr.c.yimg.jp/t/amd-img/20250219-00010028-realsound-000-1-view.jpg?exp=10800,2025-02-19T12:01:38+09:00,2025-02-19T12:01:38+09:00,リアルサウンド,realsound,リアルサウンド,438,"『VOCE』2025年4月号
2月20日に講談社より発売される『VOCE』2025年4月号。今号は通常版の表紙を長澤まさみ、増刊表紙は川村壱馬＆吉野北人が飾った。
【写真】後藤真希、藤田ニコル、本田真凜も登場！　『VOCE』2025年4月号を見る
長澤ならではの、光が満ち溢れるような透明感とハッピー感で、春に向けてポジティブな気持ちを盛り上げる表紙が完成。今回、撮影の準備段階から、長澤の「新しいトライがしたい」という思いが伝わってきた表紙撮影。はじめましてのスタッフを含む新しいチームで、VOCEでしか見られない長澤の美しさを追求している。

　また約1年半ぶりに「THE RAMPAGE」川村壱馬＆吉野北人の「かずほく」コンビが登場。今回のテーマは「運命を語る夜」。運命のヒト、出会い、恋……そんなことを語らう中で、いきついたのはやっぱり「かずほくって運命？」という話。正反対だけど引きつけ合う二人のキズナについてもたっぷり語ってもらった。
リアルサウンド ブック編集部",[],[]
『ポケモン』歴代“御三家”デザインのスイーツ缶が登場　ホワイトデーのお返しにピッタリ（リアルサウンド）,https://news.yahoo.co.jp/articles/9f66b7e9371c11afa9507054d1b4f8175f534771,https://newsatcl-pctr.c.yimg.jp/t/amd-img/20250219-00010027-realsound-000-1-view.jpg?exp=10800,2025-02-19T11:47:21+09:00,2025-02-19T11:47:21+09:00,リアルサウンド,realsound,リアルサウンド,563,"©Nintendo・Creatures・GAME FREAK・TV Tokyo・ShoPro・JR Kikaku ©Pokémon
松風屋は、同社が手がける洋菓子ブランド・マイネローレンより、『ポケットモンスター』のポケモンたちをあしらったスイーツ缶の販売を開始した。登場するのは4種類で、価格は以下の通り。
【画像】ホワイトデーのギフトにピッタリ！　歴代のパートナーポケモンたちが描かれたスイーツ缶
『スイート旅立ちトランク缶（ポケモン）』1,210円（税込）／8個入り
『スイートサークル缶（ポケモン）』756円（税込）／7個入り
『チョコ入り旅立ち缶（ポケモン）』540円（税込）／3個入り
『スイーツアソート缶（ポケモン）』1,080円（税込）／9個入り

　登場するのは『ポケモン』のゲームに登場する“最初の3匹”のポケモンたち（御三家とも）が勢揃いしたデザインのスイーツ缶。フシギダネからニャオハ、ゼニガメからクワッス、ヒトカゲからホゲータなど、初代『ポケモン』から最新作に至るまで9世代の御三家たちにくわえて、もちろんピカチュウの姿も。

　缶の中にはクランチチョコや、種類によってクッキーなどが入っている。価格も手ごろなので、ホワイトデーのお返しにもピッタリ。ぜひチェックしてみてほしい。
リアルサウンド編集部",[],[]
『STPR BOYS PROJECT』より7人組新グループ誕生　すとぷり冠番組にてメンバーが初顔合わせ（リアルサウンド）,https://news.yahoo.co.jp/articles/cd41ba0385b0ed4064ff811b253d7e35804b3e56,https://newsatcl-pctr.c.yimg.jp/t/amd-img/20250219-00010026-realsound-000-1-view.jpg?exp=10800,2025-02-19T11:41:15+09:00,2025-02-19T11:41:15+09:00,リアルサウンド,realsound,リアルサウンド,1592,"にしき / おさでい / たちばな / ゆたくん / らお / やなと / だいきり（左から）
STPRが、バラエティ番組『全力挑戦！すとぷりnoりみっと -苺学園放送部』（TBS系）と連携し進行してきたプロジェクト『STPR BOYS PROJECT』より、新グループが誕生した。
【画像】STPRからデビューした2.5次元歌い手アイドルグループ Meteorites
本情報は、公式YouTubeチャンネルにて発表されたもの。今回発表されたメンバーは、にしき、らお、だいきり、たちばな、ゆたくん、やなと、おさでいの7名。また、グループ結成に合わせ、メンバーの公式SNSも開設された。

　さらに、2月18日放送の『全力挑戦！すとぷりnoりみっと -苺学園放送部』では、見届け人としてこれまでSTPR BOYSを見守ってきた出演者、ボスうさ（アルコ&ピース 平子祐希）に加え、すとぷりの莉犬、ななもり。らに迎えられ、メンバーがグループとして初顔合わせする。

＜『STPR BOYS PROJECT』新メンバー　コメント＞

■にしき

にしきだよ。
BOYSに加入してから半年間。
「STPRで絶対にデビューする」を目標に過ごしてきて
今回、「新グループ」のメンバーに選んでいただきました。
俺もスタートラインに立つことができたよ。
俺の武器は「イケボ」 ,声に対して誇りを持ってる。
声を使って演技すること、表現することが大好き。
絶対に幸せにしてやる。
迷うな、掴め。

■らお

らおです！歌うことや演じることに、常に全力。
“「好き」に一途”を大切に！想いを貫き通して、ここまで前へ進んできました。
新グループとしてこの7人で、音楽や表現、そしてこの声で！足を踏み出していく。
俺たちの「好き」を、どうかあなたの愛で、受け取ってください。よろしくお願いします！

■だいきり

だいきりだぞー
努力はいつか報われる。
それを証明するため、ずっと頑張ってきた。
今回新グループに選んでいただき本当に嬉しく思う。
中低音イケボで攻め倒すぜ！
夜はドS俺様彼氏ボイスでお前に幸せを与える。お前の笑顔の理由になる。
応援よろしくな！

■たちばな

もしもし～たちばなです！
今までは生放送を中心に企画配信をやってきたので、これからは僕の得意なことでグループの生放送を引っ張っていきたいです！
僕にしか出せない魅惑のトークと、ミステリアスな雰囲気で、皆さんを誘います。
ここが終着点ではなく、僕たちの新たな始まりです。たくさん盛り上げていくので皆さん応援よろしくお願いします！！

■ゆたくん

ゆたくんです！なんとこの度！
STPR BOYS初のグループとして選ばれました～！やった～！！
ぼくはオタ活インフルエンサーとして、
全オタクの味方として、
みんなと最高の景色を見に行きたいなっ～！！
そしてそして...！楽しいことも、幸せなことも、ぎゅ～～～っと詰め込んで、
みんなにいっぱい届けていくよっ！
選ばれたみんなと一緒に、全力でがんばるぞーっ！
これから応援よろしくお願いしますっ！

■やなと

新グループの太陽！歌って踊れる最強アイドル！やなとだよ！
BOYSに入ってから半年間、リスナーさんとデビューを目標に走り抜けてきたので
選んでもらえて嬉しいよ～！
ダンスならだれにも負けないっ！
全員で一丸となって頑張っていきます！
応援よろしくお願いします！

■おさでい

地球の皆さん、初めましておさでいです。
この星は気に食わん！なぜか！
人間どもには笑顔が足りん！だからこそ、この私が来た！
人間どもの表情筋がはち切れるまで笑顔にさせてやる。覚悟しておけ！
元気が欲しい時はこのキノコを崇め奉るといい。
信仰せよ！よろしくお願いいたします。
リアルサウンド編集部",[],[]
BUDDiiS「Iris」、初のドラマ主題歌がバイラルヒット　ミニマルなバラードで楽しめるボーカルの魅力（リアルサウンド）,https://news.yahoo.co.jp/articles/e9d1a207a3baae467da29ba8311b956a05173527,https://newsatcl-pctr.c.yimg.jp/t/amd-img/20250219-00010025-realsound-000-1-view.jpg?exp=10800,2025-02-19T11:03:04+09:00,2025-02-19T11:03:04+09:00,リアルサウンド,realsound,リアルサウンド,2111,"BUDDiiS「Iris」
■Viral Chart Focus

　Spotifyの「Daily Viral Songs（Japan）」は、最もストリーミング再生された曲をランク付けした「Spotify Top Songs」とは異なり、純粋にファンが聴いて共感共有した音楽のデータを示す指標を元に作られたランキング。同チャートの2月12日付のTOP10は以下の通り（※1）。
【写真】さいたまスーパーアリーナのステージに立つBUDDiiS
1位：やみの おねえさん「きょういくばんぐみのテーマ」
2位：BUDDiiS「Iris」
3位：Number_i「GOD_i」
4位：joyful「chess」
5位：JEONGHAN「Better Half (feat. Omoinotake)」
6位：CUTIE STREET「ハッピー世界！」
7位：櫻坂46「UDAGAWA GENERATION」
8位：RAP VIỆT「KHÔNG SAO CẢ (feat. 7dnight)」
9位：ZEROBASEONE「Doctor! Doctor!」
10位：照井順政「コロニーの彼女（I_006A）」

　今回はBUDDiiS「Iris」を取り上げる。本曲は1月20日にリリースされた彼らの14枚目のデジタルシングルだ。2月6日付デイリーバイラルチャートで初登場2位にランクイン。以降2位をキープし続け、2月10日付の同チャートで首位を獲得し、以降も上位を維持している。BUDDiiSは、EBiDANの10人組“DIY”ダンス＆ボーカルグループである。2021年、デジタルシングル「CLICK ME」でデビューした彼らは、2022年、男性アーティストとして初の横浜武道館公演を大成功に収めている。同年には初の全国ツアー（全国5大都市）も開催。2023年には初の野外ワンマンライブも行っている。2024年9月にリリースされた1stミニアルバム『UtopiiA』は、初週で12.7万枚を売り上げ、オリコン週間アルバムランキングで初登場1位を獲得。コンスタントなリリースと積極的なライブ活動で、確実にステップアップしてきたBUDDiiS。その努力の結果が実を結んだのが「Iris」という1曲である。

　「Iris」は、現在放送中で板垣李光人と中島裕翔がW主演を務めるドラマ『秘密～THE TOP SECRET～』（フジテレビ系）の主題歌として書き下ろされた曲だ。作詞・作曲と編曲を担当したのは、HYBE LABELS JAPAN（現・YX LABELS）とプロデューサー契約をしているUTA。メンバーのKEVINが共作として作詞に携わり、メンバーの想いが込められた内容になっていることも、ファンにとって特別な意味を持つ1曲になっていると考える。ミディアムバラードに仕上がった「Iris」は、あえて空白を作ったと思うような最小限の音数、フックのように耳に残るアコースティックな楽器の音色で構成されたミニマルで静謐なトラックが印象的だ。このトラックの繊細さを壊さず、歌い紡いで切なさと内面から湧き上がるような激しさを加えていくのが、KEVIN、MORRIE、SHOW、SHOOTを中心にしたメンバーの歌声だ。それぞれがじつに丁寧に、クリアな声で歌唱している。発声、メロディへの一音の置き方、ファルセットのニュアンスまで同じ解釈でこの曲を歌っている。こういった部分から、彼らが「Iris」という曲に対して、しっかり共通認識を持って臨んでいることが窺える。

　そんな中で面白いと思ったアプローチは、フレーズ終わりでバックトラックが空白になったところでブレスし、次の歌い出しと一緒にバックトラックが再開するパターン。この“空白”こそ、この楽曲の最大のポイントで、歌うメンバーが入れ替わる中でも、ずっとボーカルに集中して聴けるという効果に繋がっていることに加え、それぞれの声質の違いが明確にわかる理由にもなっている。また、言葉の母音に余韻が感じられ、メンバー一人ひとりの吐息までも楽曲の要素として聴かせているのも、前述した空白効果によるもので、そこがこの曲の持つ崩れ落ちる一歩手前のような脆さ、そこで踏みとどまる強さ、そしてやりきれない切なさを増幅させている。また、後半へ向け、クレシェンドがかかっていくようにスケールアップしていくコーラスワークにも注目してほしい。特に、ラストサビでのユニゾンは、張り詰めていた感情が溢れ出したような、抗えない激しさを感じる。

　2021年以降、じつに様々なジャンルの楽曲にチャレンジしてきたBUDDiiSだが、初のドラマタイアップ曲である「Iris」で、これまでのイメージとは異なる成熟した音楽性を打ち出したことが、ファン層を確実に広げたと言えるだろう。それが証明されたのが、今回のバイラルチャートだったと思う。BUDDiiSのさらなる進化に期待が募る。

※1：https://charts.spotify.com/charts/view/viral-jp-daily/2025-02-12
伊藤亜希",[],[]
山田涼介、音楽ドキュメントバラエティ『うぶごえ』で初MC　syudou、近藤春菜と音楽制作の裏側を見守る（リアルサウンド）,https://news.yahoo.co.jp/articles/acb1d26a9e17ffbb9d439004d7163177da495361,https://newsatcl-pctr.c.yimg.jp/t/amd-img/20250219-00010024-realsound-000-1-view.jpg?exp=10800,2025-02-19T11:02:26+09:00,2025-02-19T11:02:26+09:00,リアルサウンド,realsound,リアルサウンド,877,"『うぶごえ』MC 山田涼介
Hey! Say! JUMPの山田涼介が、2月27日24時59分より放送される『うぶごえ』（日本テレビ）で初めてMCを担当する。
【画像】山田涼介、アクセに勝る美しすぎる顔に反響　「お顔も心も綺麗すぎ」「どの角度から見ても完璧」
同番組は、令和のJ-POPを牽引するボカロP、シンガー、絵師の3つの才能をマッチングし、テーマに基づいて新たな作品を作り上げ、次なるヒット曲が生み出される瞬間に密着する、新感覚音楽ドキュメントバラエティ。スタジオでは、近藤春菜（ハリセンボン）と、Adoの「うっせぇわ」作詞作曲などで知られるボカロP syudouが、それぞれの視点で作品の制作過程を見守る。

　番組では、参加するクリエイターたちの発想力、楽曲に加わるシンガーの歌声、曲の世界観を表現するイラストやアニメーションが化学反応を起こす。また、合間には山田やsyudou、近藤による音楽トークが繰り広げられる。

＜山田涼介　コメント＞

Q.はじめての「うぶごえ」はいかがでしたか？

なかなか普段見られない音楽制作の裏側といいますか、僕らも音楽を作っていますけれど、
こういった場面って、テレビでなかなか見られないので、すごく貴重な時間でした。
「ボカロP」「シンガー」「絵師」の3人が組み合わせて生んだ曲を、我々が一番最初に見られるなんて…これがバズっていった時、また嬉しい気持ちになるんじゃないかな。
今回生まれた曲が、どういう広がり方をしていくのか、ちゃんと追っていきたいですね。

Q.山田さんにとって初のMC番組でしたが、いかがでしたか？

お二人（近藤、syudou）がいて下さったので、のびのびできたな…といいますか。

（横で近藤とsyudouが「初めてだったんですか？みたいな」「信じられない」「普通にやっちゃってるから」「さすが」と口々に挟んでいく）

いやいや、やってない、やっちゃってないです！（笑）お二人がいて、三人で音楽について語り合う…本当に楽しい番組でした。また次も楽しみです。
リアルサウンド編集部",[],[]
吉柳咲良の歌声が響く　実写版『白雪姫』劇中歌の日本版ミュージックトレーラー公開（リアルサウンド）,https://news.yahoo.co.jp/articles/99a7e607d49f213de0b16362be19e0373e18c9ed,https://newsatcl-pctr.c.yimg.jp/t/amd-img/20250219-00010023-realsound-000-1-view.jpg?exp=10800,2025-02-19T11:02:11+09:00,2025-02-19T11:02:11+09:00,リアルサウンド,realsound,リアルサウンド,846,"『白雪姫』日本オリジナルポスター／吉柳咲良 ©2025 Disney Enterprises, Inc. All Rights Reserved.
3月20日に公開される実写映画『白雪姫』より、吉柳咲良が歌う劇中歌「夢に見る ～Waiting On A Wish～」の日本版ミュージックトレーラーが公開された。
【写真】白雪姫のプレミアム吹替版声優を務める吉柳咲良
本作は、ディズニー初の長編映画であり、世界初のカラー長編アニメーションでもある『白雪姫』を新たに実写化したミュージカル映画。雪のように純粋な心を持つ白雪姫の願いは、かつてのような人々が幸せに暮らす希望に満ちた王国。だが、外見の美しさと権力に執着する邪悪な女王によって、王国は闇に支配されていた。女王は、白雪姫の“本当の美しさ”に嫉妬し、彼女の命を狙うが、不思議な森で出会った7人のこびとたちや、城の外の世界へいざなってくれたジョナサンに救われる。誰もが希望を失いかけた時、仲間たちと力を合わせ、白雪姫の優しさが起こした素晴らしい奇跡とは。

　公開されたのは、白雪姫の心中を歌った劇中歌「夢に見る ～Waiting On A Wish～」のプレミアム吹替版ミュージックトレーラー。『ラ・ラ・ランド』『グレイテスト・ショーマン』の作曲家パセク＆ポールが手がけたミュージカルナンバーで、白雪姫の“変わりたいのに、変われずにいる葛藤”が表現されている。

　初代ディズニープリンセスとして誕生した白雪姫の純粋さを“声”だけで再現しているのが、白雪姫役のプレミアム吹替版声優を務める吉柳。幼いころからディズニープリンセスを夢見ていたという吉柳は、ミュージカル『ピーター・パン』の10代目ピーター・パン役でデビューし、その後、ミュージカル『ロミオ＆ジュリエット』でジュリエット役を担当。そんな吉柳は先日、本作のイベントに出演し、「夢に見る ～Waiting On A Wish～」を観客たちの前で初めて生歌唱した。
リアルサウンド編集部",[],[]
ゲーマーを魅了する“魔力”は健在！　徹夜必至の歴史ストラテジー『Civilization VII』プレイレポ（リアルサウンド）,https://news.yahoo.co.jp/articles/8b8e22b1879429bba83aff855e70e4ecb251f736,https://newsatcl-pctr.c.yimg.jp/t/amd-img/20250219-00010022-realsound-000-1-view.jpg?exp=10800,2025-02-19T11:01:09+09:00,2025-02-19T11:01:09+09:00,リアルサウンド,realsound,リアルサウンド,2627,"©2024 Take-Two Interactive Software, Inc.
2月11日、歴史ストラテジーシリーズの最新作『Sid Meier's Civilization VII』が発売された。およそ9年ぶりとなる作品である。
【画像】複雑だった前作に比べてとっつきやすさ＆快適性がアップ　“もう1ターン”と遊びたくなる魔力は健在の『Sid Meier's Civilization VII』
「Civilization」シリーズはターン制ストラテジーのなかで最も有名な作品であると同時に、ゲームデザイナーのシド・マイヤーの代表作でもある。

　前作と打って変わってシンプルになったゲームシステムはとっつきやすく、全体的に楽しく遊べるものの、いくつか見過ごせない欠点もあった。まだ隅々までやりこんでいるとは言えない状態だが、現時点までで気づいた点について列挙していこう。

■シンプルかつ大胆な歴史戦略ゲーム――「Civilization」に触れるなら今

　基本的な設計はシリーズ通して変わらない。「Civilization」シリーズは、世界史に登場してきた偉人や指導者を選び、自らの文明を操作して、偉業を成し遂げることを目的とするストラテジーゲームだ。

　プレイヤーはユニットに仕事を命じ、彼らが産出した食料や技術を使って国力と支配地域を増やしていく。効率的な内政によってライバル国家よりも早く成長して、武力で圧倒したり、外交を繰り返したりしながら、自分だけの歴史を紡いでいくのだ。

　敵国の都市をすべて占領したり、自国が開いた宗教を世界中に広めたりするなど、いくつかの勝利条件が決まっているため、ただただ大規模な戦争をすればよいわけではなく（とはいえ戦争はもっとも簡単な手段ではあるが）大胆な戦略でもって他国を出し抜いていくことも求められるという奥深いゲームシリーズなのだ。

　さて、そんな「Civilization」シリーズの最新作『Civilization VII』だが、前作『Civilization VI』のシステムが複雑すぎたという点を反省したためか、かなりシンプルになった。

　まず、都市計画について。前作ではひとつのマスにひとつの建物しか建てられなかったが、今回は同じ属性の建物であれば同じマスに詰めて建てられるようになった。都市計画をスムーズに進められるようになっただけでなく、自国の工業地帯にみっちりと建物が集い、風景としてとても見応えのあるものになっている。

　続いて、外交政策もわかりやすくなった。前作は金品のやり取りによって機嫌を窺うことで他国との距離感を図っていたが、今作は「影響力」というリソースに集約されている。影響力さえ払えば他国にスパイを送ることができたり、相手の戦争疲弊を増やしたりもできる。Paradox Interactiveの『Stellaris』にも似たような要素があったので、上手く借りてきている感じがした。

　また、本作のフィーチャーとして蛮族が廃止されたのも大きい。まだ内政もままならない序盤のうちからワラワラとどこかからやってきて国を破壊しようとするお邪魔者が消えたのは、間違いなく良くなった点と言えるだろう。

　その代わりに「独立勢力」という前作の都市国家と蛮族をあわせたような勢力が登場する。彼らは影響力さえ払えば友好関係を結ぶことができるし、なんなら戦争にも加担してくれるほど心強い味方になるのだが、敵対関係のまま放っておくとこちらの都市を攻撃してくる。こういった具合で、前作にあったいくつかの要素を上手く統合しているのが本作の良いところだ。

　都市はほぼワンクリックで大きくなっていくし、外交もわかりやすくなった。そして、エマージェントナラティブと開発が呼称するイベントシステムのおかげで、ゲーム全体にストーリーイベントやランダムイベントが発生し、物語性を感じながら遊べるようにもなり、一般的なRPGのような感覚も覚えた。

　これらいくつかの施策により、初心者でもすんなり入っていけるような作品にはなったのだが、気になる点もいくつかあったのは事実だ。

　今作では時代が「古代」「探検」「近代」と大きく三つに分けられている。それぞれの時代で「レガシーパス」というメインミッションに相当する一連の目標をこなすことで、次の時代にボーナスポイントを持ち込むことができるという作りだ。

　この施策のおかげで、序盤に走った文明にいつまでも追いつけずに中盤以降はただ付き合わされることがなくなり、すべての文明に勝ち目が残されるようになった。そして、指導者と文明それぞれの特徴を見比べてオリジナルのシナジーを作れるという楽しみも追加されたわけだ。

　しかし、それらの裏返しとして、結局のところレガシーパスを最速でこなすという目標に縛られているとも言えるし、指導者と文明のシナジーはゲーム性こそ増したが、チグハグな見た目になってしまっているのは否めない。

　また、ゲームのボリュームも問題だ。近代だけをサクッと遊ぶならまだしも、すべての時代を跨いで遊ぶとなると、かなりのボリュームがある。マルチプレイで誰かと集まって遊ぶ際は一晩では終わらないだろう。

　1プレイを終えると、レガシーパスの達成度に応じて「記念品」という要素がアンロックされる。これはローグライトでよく見られるもので、各指導者に最初から軽微なバフをかけられるようになるのだ。

　これ自体はゲームプレイが無駄にならなかった感じがしてうれしいのだが、1プレイがとても長いゲームゆえに、解禁される伝統の数が見合っていないように感じてしまった。

　といった具合で、現時点でもいくつか欠点は見受けられるが、すべての仕事をそっちのけで、何時間も本作に縛り付けられたことも事実である。“One More Turn”と呼ばれるとおり、ゲーマーの心を掴む強烈な魔力は今作にもしっかりと感じられた。忙しい方はなんとか時間を作って――暇な方なら言うまでもなく――いますぐ買って遊ぶべき一本である。

　なお、本作でもゲーム内百科事典「シヴィロペディア」は健在である。中立な視点から世界史の偉人や地域、イベントについて教えてくれるうえに、ちょっとニヤッとできるツッコミも入っている。ゲームに疲れたら読んでみてほしい。
各務都心",[],[]
大森元貴＆菊池風磨が暴露系配信者に　『#真相をお話しします』新予告＆場面写真公開（リアルサウンド）,https://news.yahoo.co.jp/articles/222961305ff210fb0e4c9487e7ab03effc0cde8c,https://newsatcl-pctr.c.yimg.jp/t/amd-img/20250219-00010021-realsound-000-1-view.jpg?exp=10800,2025-02-19T10:58:46+09:00,2025-02-19T10:58:46+09:00,リアルサウンド,realsound,リアルサウンド,860,"『#真相をお話しします』©2025 映画「#真相をお話しします」製作委員会
Mrs. GREEN APPLEの大森元貴とtimeleszの菊池風磨がW主演を務める4月25日公開の映画『
#真相をお話しします
』の新予告と場面写真15点が公開された。
【写真】『#真相をお話しします』先行カット（15枚）
本作は、2023年本屋大賞にノミネートされた結城真一郎の同名小説を原作とするミステリー映画。Mrs. GREEN APPLEのフロントマンを務める大森が謎の男・鈴木役で映画初出演にして初主演を務め、timeleszの菊池が心を閉ざした警備員・桐山役で映画初主演を飾る。監督は、『ヒーローマニア-生活-』『怪談新耳袋』などの豊島圭介が務める。

　公開されたのは、映画館では2月14日より先行上映されていた本予告。借金を抱え、人生のドン底にいた警備員の桐山（菊池風磨）は、あるビルの警備室で知り合った鈴木（大森元貴）と、一夜で大金が稼げる視聴者参加型の生配信暴露チャンネル“
#真相をお話しします
”をきっかけに親交を深めていく。“
#真相をお話しします
”での一攫千金を狙うスピーカー（話し手）たちから、「これ、知りたいと思いませんか？」と衝撃的な「
#真相
」の暴露が続く。そして、「このクソみたいな人生とも今日でオサラバするんだ……！」と意気込む桐山に、ついにスピーカーのチャンスが。“
#真相
”を語るごとに増えていく投げ銭。果たして、桐山の
#真相の値段とは
。さらに、桐山を応援していた鈴木が、突如、「次のスピーカーは僕です」と名乗り出る。怪しげな笑みを浮かべる鈴木は一体何者なのか。

　あわせて公開された場面写真は、警備室で生配信暴露チャンネルに参加している鈴木と桐山の場面をはじめ、中条あやみ、岡山天音、福本莉子、伊藤健太郎、栁俊太郎、綱啓永、田中美久、齊藤京子、原嘉孝、桜井ユキ、伊藤英明が演じる、衝撃的な“
#真相
”を抱えている登場人物たちの劇中の一部が切り取られている。
リアルサウンド編集部",[],[]
なにわ男子、8thシングル収録曲「Don’t Worry!!」MV公開　“7人の人生のクロスロード”がテーマに（リアルサウンド）,https://news.yahoo.co.jp/articles/68b547cf416bcddf9124c1a0311ad97486df0876,https://newsatcl-pctr.c.yimg.jp/t/amd-img/20250219-00010020-realsound-000-1-view.jpg?exp=10800,2025-02-19T10:20:30+09:00,2025-02-19T10:20:30+09:00,リアルサウンド,realsound,リアルサウンド,481,"なにわ男子「Don’t Worry!!」MVより
なにわ男子が2月26日にリリースする8枚目のシングル『Doki it』より、カップリング曲「Don’t Worry!!」のMVが公開された。
【写真】『ハイチュウ』50周年記念CM出演するなにわ男子
ソフトバンク『トビデル』CMソングとしてもオンエアされている本楽曲は、ミディアムで都会的なグルーヴをまとったフュージョンポップスなサウンドに、君は君のままでいい、と普遍的で力強いメッセージが込められた人生讃歌となっている。

　MVは、“7人の人生のクロスロード”をテーマに、メンバー7人が“なにわ男子”として人生を歩んでいない世界線という設定。1つの街を舞台にそれぞれが仕事を頑張りながら人生を歩んでいる中で出会い、みんなで協力して道を進んでいく様子が描かれている。道の途中で困難があっても、7人なら笑って乗り越えられる、そんな“なにわ男子”としてのメンバーの姿とも重なる映像となっている。

　なお、本MVと撮影の風景に密着したメイキングは、『Doki it』初回限定盤2に収録される。
リアルサウンド編集部",[],[]
トム・クルーズの“不可能”アクションの数々　『ミッション：インポッシブル』特別映像公開（リアルサウンド）,https://news.yahoo.co.jp/articles/5b8d03593fba0a495c7c44f35b881d9d5236c07e,https://newsatcl-pctr.c.yimg.jp/t/amd-img/20250219-00010019-realsound-000-1-view.jpg?exp=10800,2025-02-19T10:00:59+09:00,2025-02-19T10:00:59+09:00,リアルサウンド,realsound,リアルサウンド,1242,"『ミッション：インポッシブル／ファイナル・レコニング』©2025 PARAMOUNT PICTURES.
5月23日に日米同時公開される『ミッション：インポッシブル／ファイナル・レコニング』の特別映像が公開された。
【写真】『ミッション：インポッシブル』歴代ロゴデザインを振り返る
本作は、2023年公開の『ミッション：インポッシブル／デッドレコニング』に続く、シリーズ第8弾となる最新作。前作に続きクリストファー・マッカリーが監督を務める。

　キャストには、スパイ組織IMFに所属する主人公イーサン・ハント役のトム・クルーズをはじめ、ベンジー・ダン役のサイモン・ペッグ、ルーサー・スティッケル役のヴィング・レイムスらお馴染みのメンバーが集結。さらに、前作『ミッション：インポッシブル／デッドレコニング』より参加したグレース役のヘイリー・アトウェル、パリス役のポム・クレメンティエフ、ガブリエル役のイーサイ・モラレスも続投する。監督も『ミッション：インポッシブル／デッドレコニング』に続きクリストファー・マッカリーが務める。

『ミッション：インポッシブル／ファイナル・レコニング』特別映像＜シリーズ不可能アクションプレイバック映像＞
　公開されたのは、イーサン（トム・クルーズ）がこれまでのシリーズで魅せてきた“不可能”アクションシーンの数々を詰め込んだ特別映像。お馴染みのテーマソングとともに、1作目『ミッション：インポッシブル』（1996年）のトンネル内で爆破したヘリコプターより走行する列車に飛び移るシーンから、7作目『ミッション：インポッシブル／デッドレコニング』（2023年）の断崖絶壁からバイクに乗ったまま飛び降りる”崖ジャンプ”まで、イーサンの相棒であるベンジー（サイモン・ペッグ）が「なんてこった！」と声を上げるような、約30年にも及ぶシリーズの中で繰り広げられてきたアクションシーンの数々が映し出されている。

　また、マッカリー監督は『ファイナル・レコニング』には小型飛行機のスタントを含む、「（観た人の）脳が溶けるようなスタントがある」と語っているが、果たしてどのような興奮が待ち受けているのか。

　さらに、シリーズ7作品を振り返るスペシャル企画「“ファイナル”への導火線に火をつけろ！【ミッションを語ろうウィーク】」の実施も決定。2月19日より『ミッション：インポッシブル』公式Xアカウントにて、シリーズ過去作品を象徴するスタントや舞台裏の豆知識などを、1週間につき1作品、7週間に渡って紹介するという内容だ。なお期間中、公式Xアカウントをフォローし、ハッシュタグ「
#ミッションを語ろうCP
」をつけてお気に入りのスタントやシーン、セリフ、シリーズにまつわる思い出などを投稿すると、国内ではここでしか手に入らない『ミッション：インポッシブル／ファイナル・レコニング』USオリジナル版“イーサン”ポスターが10名にプレゼントされる。
リアルサウンド編集部",[],[]
原嘉孝＆寺西拓人がグループを牽引の予感　新生timeleszは“芝居力”にも要注目！（リアルサウンド）,https://news.yahoo.co.jp/articles/87b9f25836b898d177f955cec07f82d95cd18d98,https://newsatcl-pctr.c.yimg.jp/t/amd-img/20250219-00010018-realsound-000-1-view.jpg?exp=10800,2025-02-19T08:30:24+09:00,2025-02-19T08:30:24+09:00,リアルサウンド,realsound,リアルサウンド,2270,"劇場版『トリリオンゲーム』 ©︎2025 劇場版『トリリオンゲーム』製作委員会 ©︎稲垣理一
大注目のうちに幕を閉じた『timelesz project -AUDITION-』、通称タイプロ。本オーディションは、2024年4月1日にSexy Zoneから改名したtimeleszが新メンバーを募集するべく行ったオーディションだ。
【写真】目黒蓮×原嘉孝、『トリリオンゲーム』共演シーンのワンショット
その結果、1万8922件ものエントリーから選ばれたのは、寺西拓人、原嘉孝、橋本将生、猪俣周杜、篠塚大輝の5名。今後は佐藤勝利、菊池風磨、松島聡と共に8名体制で歩んでいくことになる。

　本稿では、この度、新生timeleszの“芝居力”に注目。既存メンバーの活躍に触れながら、新メンバーの行く末について考察してみたいと思う。

●佐藤勝利

　まずは、直近で髙石あかりとのW主演連続ドラマ『アポロの歌』（MBS／TBS）を控えている佐藤勝利だ。本作は、1970年に『週刊少年キング』で連載された鬼才・手塚治虫の壮大なSF青春ストーリーを現代解釈し、実写ドラマ化したもの。佐藤は、愛を憎むが故に犯してしまった罪の元、女神に「何度生まれ変わっても1人の女性を愛し、結ばれる前に死ぬ」という罰を言い渡される人物・近石昭吾を演じる。昭吾は逃れられない転生のループの中、愛と向き合っていく。実をいうとここ数年の佐藤は一風変わった役を演じることが多い。主演を務めたドラマ『赤いナースコール』（2022年／テレビ東京系）は、秋元康が企画・原作を担当した、病院を舞台にしたミステリー＆ラブサスペンス。その本格的な怖さに視聴者も「こんなはずでは……！」と困惑。佐藤の真骨頂を叩き出した。果たして、今回の『アポロの歌』ではどんな姿を見せてくれるのか、期待してしまう。

●菊池風磨

　2023年には1月期、4月期、7月期、10月期と全クールのドラマに出演し、今やtimelesz演技番長とも呼び声の高い菊池。そんな彼は2025年4月25日公開の映画『
#真相をお話しします
』にて、Mrs. GREEN APPLEのボーカル・ギターとして活躍する大森元貴とダブル主演を務めることが発表されている。直近だと『私たちが恋する理由』（2024年／テレビ朝日系）に出演し、『隣の男はよく食べる』（2023年／テレビ東京系）や『ウソ婚』（2023年／カンテレ・フジテレビ系）でのイメージから、ラブコメのイメージが強くなっていた菊池。しかしながら、今度挑むのは人気のミステリー短編集が原作の映画。果たして、菊池はどんな演技プランで挑んだのか、公開が待ちきれない。

●松島聡

　そして、松島といえば、得意のダンスを生かし、舞台でも活躍中。2025年4月からは長澤まさみと森山未來がダブル主演をする舞台『おどる夫婦』で板の上に立つことが決まっている。同作は、現代社会では非常に生きづらい性質を持っている夫婦の約10年間の軌跡を描くもの。松島はそこで「母と姉から愛情を注がれ、自立を望みながらしかねている青年」を演じることが発表されている。これについて松島は「等身大で現実とも地続きの設定になるのかな」とコメント。果たして、どのような一面を見せるのか。（※）

●原嘉孝＆寺西拓人

　そんな3人に続けとばかりに映像での出演作が相次いでいるのが、新メンバーの原だ。原は「timelesz新体制発表記者会見」にて「こんなお仕事に挑戦してみたいということは？」と問われ、「ここ数年は俳優としてひとりでやってきた部分もあるので、映画の主演なんかをちょっと目標に。それで主題歌をtimeleszがやっちゃう、みたいな。そこを切り開ける存在でありたいなと思います」とコメント。実際に原はこれまでに数多くの舞台に立ってきたのに加え、現在上映中の劇場版『トリリオンゲーム』、そして菊池が主演を務める『
#真相をお話しします
』にも出演することが発表されている。ゆえに、原が演技の面でもグループを引っ張っていく存在になることはもはや疑う余地なし。盟友・目黒蓮とともに事務所の演技の底上げをしてくれる存在になるのではないかと感じている。

　また、寺西は劇団☆新感線作品への出演経験もあり、ミュージカルからストレートプレイまで幅広く活躍してきた。2024年には日テレプラスにて放送された『ラーメンD 松平國光』にて、主演を務めたことでも知られている。彼もまた、原とともに「ずっと役者として芝居をしていたので、芝居のお仕事を続けていきたい」と明言しているため、きっとこれからもパフォーマンスに加え、演技においてもグループを引っ張っていくことは間違いないだろう。先述した会見で芝居に興味を示したのは、寺西と原のほか、猪俣、橋本も。特に橋本は恋愛ものやサスペンス系に興味を示している様子。もちろん、他のメンバーに刺激を受け、猪俣もきっと演技の仕事を視野に入れていることだろう。（※2）

　このように会見での発言を見るとグループ全員が芝居も含めてマルチな活躍が期待されるtimelesz。果たして、これからどんなジャンルで、どんな演技を見せてくれるのか。

参照
※1. https://www.bunkamura.co.jp/cocoon/lineup/25_odorufuufu/
※2. https://realsound.jp/2025/02/post-1929566.html
於ありさ",[],[]
坂元裕二が『ファーストキス 1ST KISS』で純愛を描いた理由　ベテラン作家の未来への手紙（リアルサウンド）,https://news.yahoo.co.jp/articles/7a2aa1cd62aa0ab0b3c4f9026f04e56929395d0c,https://newsatcl-pctr.c.yimg.jp/t/amd-img/20250219-00010017-realsound-000-1-view.jpg?exp=10800,2025-02-19T08:30:10+09:00,2025-02-19T08:30:10+09:00,リアルサウンド,realsound,リアルサウンド,2220,"『ファーストキス 1ST KISS』©2025「1ST KISS」製作委員会
塚原あゆ子が監督を務め、坂元裕二が脚本を手掛けた映画『ファーストキス 1ST KISS』（以下、『ファーストキス』）が劇場公開された。
【写真】『ファーストキス 1ST KISS』の胸キュンカット（6枚）
本作は、2024年7月10日に、赤ん坊を救おうとして駅のホームで事故死した44歳の夫・硯駈（松村北斗）の運命を変えるために、2009年8月1日にタイムトラベルした45歳の妻・カンナ（松たか子）が29歳の駈と出会い直す物語。

　時間SFを題材にしたラブストーリーは、日本では若手俳優が出演する青春映画の人気ジャンルとして定着しているが、劇中で描かれるのが45歳の中年女性と29歳の青年の恋愛で、作品の根底にあるのが破綻した夫婦関係の再生というのが、坂元裕二ならではだと言える。

　坂元裕二は1980年代後半から活躍するベテラン脚本家で、『東京ラブストーリー』（フジテレビ系）や『カルテット』（TBS系）といったテレビドラマのヒット作を多数手掛けてきた。

　近年は土井裕泰監督の『花束みたいな恋をした』、是枝裕和監督『怪物』といった映画の脚本で高い評価を獲得しており、今年は『ファーストキス』の他にも土井監督と再タッグを組んだ映画『片思い世界』の公開が4月4日に控えている。

　今回の『ファーストキス』は、時間SFという設定こそ坂元にとっては新機軸だが、破綻寸前の恋人や夫婦の関係を通して男女の在り方を見つめるポップなラブストーリーは『最高の離婚』（フジテレビ系）を筆頭とする彼がもっとも得意としているジャンルである。

　回想で描かれる次第に険悪になっていく夫婦関係の生々しさと、過去パートで描かれるカンナと駈の初々しいやりとりのコントラストが実に見事で、松たか子と松村北斗のキュンキュンするやりとりに引き込まれる。

　一方、塚原あゆ子監督は、近年もっとも勢いのあるディレクターだ。昨年は大ヒットした映画『ラストマイル』を手掛け、現在は『ファーストキス』と共に映画『グランメゾン・パリ』が劇場公開されている。

　『最愛』（TBS系）や『海に眠るダイヤモンド』（TBS系）といったテレビドラマの話題作を多数手掛ける塚原は、スタイリッシュな映像とエモーショナルなヒューマンドラマに定評がある。今回、坂元裕二とは初めてのタッグだったが、二人の相性はとても良く、お互いの長所が活きていた。

　まず映画が始まって感じるのが、説明を最小限に抑えた状態で次々とシーンが切り替わっていく映像のテンポ感の心地よさ。また、カンナが駈を助けるために過去で試す行動を付箋紙に書いて貼り付けた螺旋状のオブジェの見せ方も見事で、塚原が得意とする象徴的なガジェットで物語の全体像を可視化する手腕がより洗練されていると感じた。逆に後半は、坂元裕二が得意としている男と女がお互いの思っていることを吐露し合う対話劇が炸裂する。その意味で前半は塚原、後半は坂元の個性が色濃く出ている映画だと感じた。

　『ファーストキス』は、坂元裕二作品の中ではハッピーエンドと言える綺麗な終わり方をする映画で、気持ち良く映画館を後にした。だが、映画に対する満足感とは別に「なぜ坂元裕二は今、こういう映画を作りたいと思ったのだろうか？」という疑問は残った。

　2010年代の坂元裕二は、貧困、ブラック労働、女性差別といった社会問題を積極的に取り入れることで、新たな作風を切り開こうとした。

　その極北と言えるのが、10年前の2015年に書かれたドラマ『問題のあるレストラン』（フジテレビ系）だ。本作は男社会の大企業で起きた女性社員に対するハラスメントを描いた先見的なフェミニズムドラマで、今観ても古びておらず、現在の私たちが直面している現実をいち早く描いた作品だったと言えるだろう。

　対して、2020年代の坂元裕二は、連続ドラマ『大豆田とわ子と三人の元夫』（カンテレ・フジテレビ系）やNetflix映画『クレイジークルーズ』で、1980年代のトレンディドラマが描いていたようなキラキラとした世界を再構築しようとしている。
『ファーストキス』での坂元裕二の作風の変化は現代社会へのカウンター
今回の『ファーストキス』もロマンチックなラブストーリーで、シリアスな社会派ドラマが全盛の時代にこういう甘い映画をぬけぬけと作ってしまうことに感動と困惑を同時に感じた。

　この作風の変化に対しては、トレンディドラマが成立した1980年代の豊かだった日本への郷愁を感じると同時に、分断が加速し経済と文化がどんどん貧しくなっていく現在の日本社会に対する強烈なカウンターだと感じる。

　だが、10年前の『問題のあるレストラン』が今観た方がしっくりくるように、『クレイジークルーズ』や『ファーストキス』といったトレンディドラマに回帰した作品も、数年後に観たほうがしっくりくる可能性は大きい。

　『ファーストキス』の終盤に、駈が書いた手紙をカンナが読む場面がある。手紙は坂元裕二が作中で好んで使用する小道具だが、過去の人間が現在の人間に気持ちを届けようとする手紙は、タイムマシンのようなものではないかと、本作を観て感じた。

　坂元裕二の書く物語もまた、未来の私たちに宛てた手紙なのかもしれない。
成馬零一",[],[]
朝ドラ『おむすび』第99話、孝雄（緒形直人）が歩（仲里依紗）のブランドの裁縫の甘さ指摘（リアルサウンド）,https://news.yahoo.co.jp/articles/07dc3859dfe1fa19e0cc1f15f12d3d5dfe51e34e,https://newsatcl-pctr.c.yimg.jp/t/amd-img/20250219-00010016-realsound-000-1-view.jpg?exp=10800,2025-02-19T08:20:24+09:00,2025-02-19T08:20:24+09:00,リアルサウンド,realsound,リアルサウンド,308,"『おむすび』写真提供＝NHK
毎週月曜日から金曜日まで放送されているNHK連続テレビ小説『おむすび』（土曜日は1週間の振り返り）。2月20日放送の第99話では、孝雄（緒形直人）が歩（仲里依紗）のブランドの裁縫の甘さを指摘する。
【写真】病室で体育座りの孝雄（緒形直人）
聖人（北村有起哉）が居酒屋で孝雄に悩みを吐露した第98話。

　第99話では、結（橋本環奈）は病院で聖人の胃の精密検査結果を愛子（麻生久美子）と一緒に森下医師（馬場徹）から聞く。一方、歩は、古着店に寄った孝雄に自分が立ち上げているオリジナルブランドのサンプルを見せるが、孝雄はそれを見て縫製が甘いのではないかと心配して……。
リアルサウンド編集部",[],[]
『ウシジマくん』作者がナガノクマとコラボ！　『ちいかわ』作者と“相思相愛”なイラスト合戦続く（リアルサウンド）,https://news.yahoo.co.jp/articles/7b9580df40803cd95453d2c1e407af6be2ff4313,https://newsatcl-pctr.c.yimg.jp/t/amd-img/20250219-00010015-realsound-000-1-view.jpg?exp=10800,2025-02-19T08:11:01+09:00,2025-02-19T08:11:01+09:00,リアルサウンド,realsound,リアルサウンド,814,"真鍋昌平 公式Xより
2月17日、『闇金ウシジマくん』（ 小学館）の原作者である真鍋昌平が、自身の公式Xでナガノクマとのコラボイラストを公開した。
【写真】かわいすぎる!?　『ちいかわ』作者が投稿したウシジマくんのイラスト
ナガノクマは、『ちいかわ』の作者・ナガノが生んだ白いクマのキャラクター。ナガノのエッセイ漫画では自身のアバターとして登場することも多い。

　絵柄だけを見ると相容れない両者だが、実はナガノは『闇金ウシジマくん』の大ファン。人間の心の暗部に踏み込む作風は、どこか通じる部分もあり、SNSでは「ナガノ先生がウシジマくん好きなの『納得』しかない」「ちいかわとウシジマくんって読後感似てる時ある」などの声が挙がった。

　2018年9月13日に、ナガノは自身のXに「今ウシジマくんがマイブームです。らーめん滑皮さんも」と書き添え、二頭身のかわいらしいクマになった丑嶋と戌亥のイラストを公開。

　この投稿に対し、今回真鍋が「ナガノクマ×ウシジマくんのアンサーイラスト描きました！　感謝しかない」と、クマ耳をつけた丑嶋と戌亥のリアルなタッチのイラストを描き下ろし、約6年越しに反応する形となった。

　ナガノは真鍋からのお返しに興奮した様子で、地団駄を踏んで喜ぶナガノクマ、さらにピースサインをするナガノクマの2枚を追加で公開。前者には「シャーラタンタンターン!!」と『闇金ウシジマくん』13巻に登場する独特な奇声が、後者は同作に登場する板橋というキャラクターの1コマをオマージュしたものと思われ、ナガノの『ウシジマくん』愛が伝わってくるイラストとなっている。

　また、『闇金ウシジマくん』は20周年を記念した原画展が3月に東京、7月から大阪で開催されることが決まっており、会場ではナガノ監修のコラボグッズが販売されるという。今後も『闇金ウシジマくん』とナガノの相思相愛な関係は続きそうだ。
リアルサウンド編集部",[],[]
本田真凜、“本命チョコ”を手作り　心を込めた調理に視聴者ほっこり「可愛い」（リアルサウンド）,https://news.yahoo.co.jp/articles/8e968f1829a232018cdc94104ccfd4041e359dfd,https://newsatcl-pctr.c.yimg.jp/t/amd-img/20250219-00010014-realsound-000-1-view.jpg?exp=10800,2025-02-19T07:03:11+09:00,2025-02-19T07:03:11+09:00,リアルサウンド,realsound,リアルサウンド,1112,"動画サムネイルより
プロフィギュアスケーターの本田真凜が2025年2月14日のバレンタインデーに公式YouTubeチャンネル「まりん日記」を更新し、「本命」に渡すためのマカロンを手作りする模様を公開した。
【画像】「意外といい感じ」と自画自賛　本田真凜が“本命”のために作ったマカロン
「【バレンタイン】本命チョコだけ作るけど、、、」と題した動画の冒頭。本田は「今日は何の日ですか？」と耳をそばだてる仕草をし、「そうです。バレンタインです」と切り出した。今回はAmazonで材料のほか、ラッピング用の箱、粉ふるい、電動ハンドミキサーなどを買い揃えて気合十分だ。

　本田は「今回はもう聞いたんですよ。どうせやったら欲しいなって思ってもらえてるものを作れたらいいなと思って」としたうえで、お相手から「マカロン」との返答があったと明かした。なお、本田はプロフィギュアスケーターの宇野昌磨との交際を公表している。

　「マカロンってどうやって作るんですか？　っていう感じなんですけど……」「しかもチョコレート味のしっとり系のが欲しいということで」とつぶやく本田。昨年のバレンタインに手作りしたガトーショコラは比較的簡単だったとした一方、マカロンは「（レシピを）調べるだけでちょっと大丈夫かなっていう気持ちはあるんですが」と不安がりつつも、「バレンタインは気持ちが大事なんじゃないかなということで頑張ります」と意気込んだ。

　早速、スマホでレシピを確認しながらマカロンづくりを開始。アーモンドパウダーとココアパウダー、パウダーシュガーを計量して合わせる際、「あっ！　これのぶん忘れてた」と、粉ふるいの重さを差し引くことをうっかり忘れて慌てるも、何とか軌道修正した。その粉類をメレンゲと混ぜ合わせれば、ひとまず生地の出来上がり。生地を搾り袋に入れ、クッキングシートを敷いたトレーの上に一口サイズとなるよう慎重に絞っていく。焼き上げた生地でクリームをサンドすれば完成だ。

　その出来栄えに本田は「ちょっと生地の艶感がお店ではないんですが、いい感じ」とニッコリ。ためしに一つ食べてみると、「成功してるかもしれません。何かほんまに、お店のしっとり系のチョコもどき？　ぐらいまでいってます」と自己評価した。そして「ということで、意外といい感じにマカロン完成しました」といい、「じゃーん」とマカロンを入れてラッピングしたギフトボックスをカメラに向けていた。

　本動画に対し、コメント欄には「真凜ちゃん天才」「彼氏のリクエスト聞いて作ってくれる真凛ちゃん素敵です！」「本命の方に頑張って作ってるの可愛い」などの声が寄せられている。
こじへい",[],[]
阿部寛、菜々緒、津田健次郎ら共演　日台共同製作映画『キャンドルスティック』7月公開へ（リアルサウンド）,https://news.yahoo.co.jp/articles/9c7f011e0112178a19a2e75daec5af7fe7ddd5cd,https://newsatcl-pctr.c.yimg.jp/t/amd-img/20250219-00010013-realsound-000-2-view.jpg?exp=10800,2025-02-19T07:02:57+09:00,2025-02-20T00:21:11+09:00,リアルサウンド,realsound,リアルサウンド,1811,"（上段左から）阿部寛、菜々緒、（下段左から）YOUNG DAIS、サヘル・ローズ、津田健次郎、アリッサ・チア、リン・ボーホン
阿部寛が主演を務める日本×台湾共同製作映画『キャンドルスティック』が、7月4日に全国公開されることが決定した。
【写真】津田健次郎『チ。』での活躍（5枚）
本作は、川村徹彦による『損切り：FXシミュレーション・サクセス・ストーリー』を実写映画化するマネーサスペンス。映画のタイトルにもなっている“キャンドルスティック”は、株取引などを行う人にはおなじみの「ローソク足」を意味する。

　日本、台湾、イラン、ハワイの4カ国6都市を舞台に、元天才ホワイトハッカー・野原が、「金融市場の番人」である難攻不落のAIを騙し、FX市場で大金を手に入れることを目論む。「老後2000万円問題」やNISA、iDeCoなどの浸透で、“1億総株主化”が求められる昨今の日本。暗号通貨や株などで“億り人”が誕生し、誰にでもそのチャンスがあるといっても過言ではない時代を舞台に、マネーゲームが繰り広げられる。

　主人公・野原を演じるのは、主演映画『ショウタイムセブン』が現在公開中の阿部。また、野原にも自分と同じ共感覚を感じ、計画をサポートするFXトレーダーの杏子を菜々緒が、杏子の元夫で数学者の功を津田健次郎がそれぞれ演じる。台湾からは、映画『瀑布』で金馬奨主演女優賞を獲得したアリッサ・チアが台湾の大企業の幹部リンネ役、『オーバー・エベレスト 陰謀の氷壁』で役所広司とも共演経験のあるリン・ボーホンが台湾の若き経営者リー役で出演る。そのほか、サヘル・ローズ、YOUNG DAIS、マフティ・ホセイン・シルディ、デイヴィッド・リッジスら国際色豊かな面々が参加している。

　監督を務めるのは、GUCCIやUNIQLOなどの広告映像ディレクションやMVなどで知られる米倉強太。本作が映画初監督作となる。撮影は日本、台湾、イランにて2024年5月から9月にかけて行われた。

　本作の撮影にあたり、主演の阿部は「今回のお話を頂いた際、米倉強太という新進気鋭の監督、そして同じメンズノンノの後輩にもあたる、才能ある方と一緒にやりたい、そして自分の世界をまた新しく広げたいという気持ちがあり、チャレンジしてみました。作品の完成が楽しみです」とコメント。監督の米倉は「阿部寛さん演じる野原を中心に巻き起こる台風は日本を飛び越えネットワークを通じて世界中に広がっていく。次々と現れる人物と刻一刻と変化する人間模様を楽しんでいただけると思います」と作品をアピールした。

　あわせて公開された特報映像では、世界4カ国6都市を舞台に、たった7日間でAIを騙して大金を手に入れる面々が映し出される。阿部が自分を罠にはめた相手に復讐の意味も込めつつ大金をかっさらおうとする、知的で軽快な悪人を演じる姿が垣間見える。

コメント
阿部寛
今回のお話を頂いた際、ちょうど新たな挑戦を求めていた時期でした。同じ『MEN'S NON-NO』出身の米倉監督という才能ある映像作家とご一緒できると知り、大変興味を惹かれました。 本作は、日本、台湾、イラン、ハワイの4カ国を舞台に展開するスケールの大きなサスペンスです。国際色豊かなキャストとともに、国境を超えた物語の奥行きを体感しながら撮影に臨みました。 菜々緒さんとの初共演も非常に刺激的で、監督が描く「ネットワークが生む新たな世界観」の中で、どのように物語が紡がれていくのか、撮影を重ねるごとに期待が高まりました。完成を楽しみにしていますし、ぜひ多くの方にご覧いただきたいと思います。

米倉強太（監督）
2年前の深夜にプロデューサーの小椋悟さんから、日本、台湾、イランの3カ国共同制作の作品を作らないか？と突然の電話を頂いたことから始まった僕の初めての長編監督作品。日本映画を代表するプロデューサーの方々、そして『MEN'S NON-NO』の大先輩（先輩と呼ぶのも気が引けてしまいます）阿部寛さんを中心とした3カ国の俳優の方々の力をお借りして、3カ国を駆け抜ける素晴らしい映画が完成しました。
阿部寛さん演じる野原を中心に巻き起こる台風は日本を飛び越えネットワークを通じて世界中に広がっていく。
次々と現れる人物と刻一刻と変化する人間模様を楽しんでいただけると思います。
リアルサウンド編集部",[],[]
【訂正】櫻坂46 的野美青＆石森璃花、谷口愛季＆村山美羽……重めの愛を感じるコンビの関係性の変化（リアルサウンド）,https://news.yahoo.co.jp/articles/acf029a78dde9ba2063877827a0b6205190a7ca7,https://newsatcl-pctr.c.yimg.jp/t/amd-img/20250219-00010012-realsound-000-2-view.jpg?exp=10800,2025-02-19T07:02:15+09:00,2025-02-19T11:24:36+09:00,リアルサウンド,realsound,リアルサウンド,2091,"櫻坂46公式YouTubeチャンネルより
バレンタイン前日の2月13日に、櫻坂46公式YouTubeチャンネル『櫻坂チャンネル』で「櫻坂46のバレンタイン前夜祭」と題した企画が緊急生配信された。
【写真】初の『Mステ』出演にど緊張の的野美青
生配信では的野美青が愛する石森璃花にバレンタインチョコを手作り。「簡単なお菓子しか作れない」と言いながらも、手際よくチョコを作っていた的野。チョコを混ぜ合わせてできた固体を見て、「ハンバーグじゃん、これもう」という自虐も交ぜながら、石森のために丹精込めて作る姿を娘を見守るかのような気持ちで見ていた視聴者も多かったのではないだろうか。

　できあがったチョコを「いつもありがとう」と照れくさそうに手渡す的野に、石森は「嬉しい。美青に会えると思ってなかった」と笑顔で応える。的野のサプライズにデレデレな石森と、それを少し恥ずかしそうに見つめる的野の2人の微笑ましい関係性が浮き彫りになった配信だった。

　そんな的野と石森のこの関係性は、加入初期まで遡る。2024年8月9日に『櫻坂チャンネル』でアップされた動画では、料理好きの石森が個人的に溺愛している的野に料理を振る舞った。「私が好きって言いすぎて、そろそろ困らせてるんじゃないかな」と心配していた石森だったが、手作り弁当を見た的野は「めっちゃ美味しい」と次々と食べていく。と、ここまで書くと石森の一方的な愛のようにも思えるが、実は的野が先にブログで彼女にしたいメンバーに石森の名前を挙げたことがきっかけ（※1）。そこから石森も自分の気持ちをオープンにしたという経緯があるのだ。だが、今では三期生最年長の石森が、最年少の的野にぞっこんというわけである。しかし、メンバーから人気のある的野には村井優というライバルも。的野を巡る三角関係にも注目だ。

　三期生の凸凹コンビと言えば、谷口愛季と村山美羽の“みうあいり”である。冠番組『そこ曲がったら、櫻坂？』（テレビ東京系／以下、『そこさく』）でも、度々彼氏彼女のような関係性が話題になっていた2人による真冬のイルミネーションデートの様子が『櫻坂チャンネル』に投稿されている。「ヒートテック着てるよ」と話す谷口に、「頭いいね」とイケボで返す村山。その何気ないやりとりですら微笑ましい。お互いカメラで撮り合ったり、手を繋いでスケートをしたり、無邪気な谷口に付き合う村山という構図を見ているだけでほのぼのしてしまう。

　谷口に振り回されているかと思いきや、動画後半ではもんじゃ焼き屋の前で扉の開け方に困っている谷口に「一緒に開ける？」と手を差し伸べたり、「愛季のこと、なんでも知ってる自信がある」と谷口にまつわるクイズをしたりと、村山のほうが谷口に惹かれている雰囲気すら感じられる。普段は“おバカ女王”としてイジられることが多いが、谷口の無邪気な一面が村山のかっこいい一面を引き出してくれているように思う。
二期生は井上梨名＆幸阪茉里乃の“いのまり”も人気
二期生の井上梨名＆幸阪茉里乃の“いのまり”コンビも人気の組み合わせだ。幸阪はかねてから井上に対して“ガチ恋”であり、『櫻坂46 こちら有楽町星空放送局』（ニッポン放送）の中で『4th ARENA TOUR 2024 新・櫻前線 -Go on back?-』開催期間中に幸阪から「好きです」と告白されていたことを井上が明かしていた。『そこさく』の企画「今こそ一致団結！二期生決起集会！後半」では幸阪が「今気になっている人がいます」と武元唯衣の名前を挙げたことがあったが、それでも井上への愛は揺るがない。そんな2人が満を持して『櫻坂チャンネル』の企画にて浅草・花やしきデートを行った動画が公開されると、幸阪のメロメロぶりが話題となった。ようやく叶った井上とのデートに終始高いテンションの幸阪は「独り占めできてるので嬉しい」と、これまでに見せたことのない表情を浮かべていた。お化け屋敷では、怖さに紛れて井上と手を繋ぐことにも成功した幸阪。ここまで積極的で饒舌な幸阪を見たことがなかっただけに、印象が180度変わった人も多いのではないだろうか。続きを楽しみにしているファンも多いため、第二弾もぜひ実現してほしいところだ。

　それぞれのコンビとしての関係性が明かされてから、日を追うごとに互いの愛情が増している気もするが、その変化もファンとしては追うのが楽しい。これから加入するであろう四期生のなかに、関係性に待ったをかけるメンバーが現れるのか。今後のグループの相関図も楽しみである。

※1：https://sakurazaka46.com/s/s46/diary/detail/52551

※記事初出時、本文に誤りがありました。以下訂正の上、お詫び申し上げます。（2025年2月19日11:20、リアルサウンド編集部）

誤：谷口の無邪気な一面が村井のかっこいい一面を引き出してくれているように思う。
正：谷口の無邪気な一面が村山のかっこいい一面を引き出してくれているように思う。
川崎龍也",[],[]
King & Prince 永瀬廉、今に活かされている大学卒業の経験　6年半の“人生の夏休み”で見つけたもの（リアルサウンド）,https://news.yahoo.co.jp/articles/f25322ffacb6c972a417ab4fe697f8e08412a4a1,https://newsatcl-pctr.c.yimg.jp/t/amd-img/20250219-00010010-realsound-000-1-view.jpg?exp=10800,2025-02-19T07:00:03+09:00,2025-02-19T07:00:03+09:00,リアルサウンド,realsound,リアルサウンド,1894,"King & Prince 永瀬廉、今に活かされている大学卒業の経験（C）リアルサウンド
King & Princeの永瀬廉が2月12日、ラジオ『永瀬廉のRadioGARDEN』（文化放送／以下『庭ラジ』）にて、大学4年生のリスナーからのメールをきっかけに、自身の大学時代を振り返る一幕があった。
【写真】永瀬廉は“全部溜めちゃう”性格？　恋愛観を赤裸々告白
リスナーの卒業論文のテーマが「推し活」であり、もちろん「推し」は永瀬であることを読み上げると、「うわー、卒論に僕の名前が出てくるかも」と声を弾ませた永瀬。しかし次の瞬間、「卒論書いてた時のことは覚えてますけど……めっちゃしんどかったな、マジで。いつまで俺はこれ……文字を打つんだっていう」と、思い出しただけでお疲れモードな声が聞こえてきた。

　さらに「他の仕事もしながらやったからね。ちょっと大変でした。もう書きたくない。やっぱ！　文字打つって大変」とも。それでも授業に出て単位を取得するより、自分のタイミングで取り組める卒業論文を書くほうが、多忙を極めていた永瀬にとってはありがたかったのだろう。

　そんな卒業論文の大変さを知っているからこそ、「素敵な論文にしてほしいですね、せっかく僕らで書いてくださるなら。ありがたいです！　頑張ってください」とリスナーを応援せずにはいられないといった様子だった。

　永瀬が明治学院大学社会学部に進学したのは、2017年4月のこと。すでにジュニアとして活動していた永瀬は、仕事を頑張りたいと大学進学には消極的だったと、2024年4月19日放送のテレビ番組『徹子の部屋』（テレビ朝日系）に出演した際に明かされている。

　しかし、将来がどうなるかわからないと心配する親との話し合いを重ねた上で受験を決意。そして見事入学を果たすと、その翌年にKing & PrinceとしてCDデビューすることに。デビュー直後という最も忙しいタイミングでの大学生活。きっと苦労も多かったはずだが、永瀬はコツコツと6年半かけて卒業までこぎつけたのだった。
永瀬廉、大学生活で学んだことは今も活きている？
『庭ラジ』では2023年9月27日に大学卒業記念スペシャルを放送。「2023年9月を持ちまして、私、永瀬廉、明治学院大学社会学部社会学科、卒業させていただきました。ありがとうございます！」と嬉しそうに報告していたのを思い出す。

　「寝る時間を削ってレポートをやってた時期もあった」と学生ならではの苦労を語りながらも、「どこか学生じゃなくなる自分に対してちょっと寂しさがある」と心境を明かしていた。というのも、大変ながらも「なんだかんだ楽しかった」というから実にたくましい。その理由は「親友と呼べる存在にも巡り会えた」と人間関係が良好だったことが大きかったようだ。

　そして、大学1年生のころに仲の良い友人たちとサークルを立ち上げようという計画まであったとか。ちなみに、そのサークルの活動内容が「月1で鬼ごっこ」というから微笑ましい。そんな学友との友情も卒業しても変わらずに続いているようで、「いい人生の夏休みだった」とまとめていたのも永瀬の言葉選びのセンスが光る。

　ちなみに現在は、髙橋海人とともにKing & Prince株式会社の代表取締役社長を務めている永瀬。巨大アパレルメーカー「服天」の御曹司役を演じている今期の主演ドラマ『御曹司に恋はムズすぎる』（カンテレ・フジテレビ系）で披露していたような「パワーポイントを使ったプレゼンをすることはある？」というメールに、「大学の授業でワードでいろいろ作ったけど、もう全部忘れたし。社長は、出していただいた提案に対して、もっとこうしてほしい、これどうっすかっていう感じなんで。一から提案ってあんまりないんですよね。パワポとかプレゼンってないですね、我々は！」とキッパリ回答。

　かつて「大学で学んだことって必ずしも将来に活きるとは限らない」と語っていたことが思い出されてついニヤけてしまった。しかし、永瀬の言葉はそこで終わりではなかった。「将来に活きるとは限らないけど、『大学を卒業した』っていう自信が僕の人生において、仕事にもプライベートにおいても必ずどこかで役に立つ場面がありそうやなっていうのを感じます」と続けていたのだ。大変な思いを経験することで、人は誰かの苦悩に寄り添い、心から応援する優しさに繋がる。大学での苦労、そして卒業したという経験から磨かれた人間力が、活躍を続ける永瀬の芯の部分になっているのではないかと感じた。
佐藤結衣",[],[]
ENHYPEN JUNGWON、Stray Kids HAN、BABYMONSTER AHYEON……洋楽カバーで見せる圧倒的な歌唱力（リアルサウンド）,https://news.yahoo.co.jp/articles/3c16fa30e9942a8e479af9b4cd53884bfe896b59,https://newsatcl-pctr.c.yimg.jp/t/amd-img/20250219-00010009-realsound-000-1-view.jpg?exp=10800,2025-02-19T06:50:20+09:00,2025-02-19T06:50:20+09:00,リアルサウンド,realsound,リアルサウンド,1783,"ENHYPEN 公式YouTubeチャンネルより
2月11日、ENHYPENのJUNGWONによるカバー歌唱動画がグループの公式YouTubeで公開された。彼が歌うのは、ショーン・メンデス＆ジャスティン・ビーバーによる「Monster」。室内や街の風景のなかで物憂げな表情を浮かべ、ハイトーンの美声をのびやかに響かせている。彼は昨年のツアー『ENHYPEN WORLD TOUR 'FATE PLUS' IN JAPAN』で米津玄師の「Lemon」のカバーを披露し、音程の上下が激しく難易度の高い曲調を見事に攻略していたが、細かなリズムをひとつも落とさず丁寧に歌っていく音楽的感度の高さは、言語が変わっても健在だ。高い歌唱力にも定評があるが、こうしたウェットな楽曲で表現力がぐっと深まるのがJUNGWONの強みではないだろうか。
【写真】ENHYPEN、韓国でのスタジアム公演に続いて自身最大規模の日本ドームツアー開幕！
ほかにも、ここ1年の間に圧倒的な歌唱力が際立ったK-POPグループのメンバーによる洋楽カバーをいくつか紹介したい。Stray KidsのHANは、2024年4月4日、自身のInstagramでベンソン・ブーン「Beautiful Things」のカバー動画を公開した。ピンク色の照明が彼のシルエットを映し出しており、顔がよく見えないからこそ、見る者の感覚を聴覚の一点に集中させる。HANはBang Chan、Changbinとの音楽ユニット「3RACHA」としてStray Kidsの音楽制作を担うクリエイター、さらにはグループのなかでもラッパーとしての立ち位置のイメージが強いため、再現度の高さと、何をしても期待値を超えてくるオールマイティな魅力には驚かされる。「そこまで？」と思った人がもしいるのなら、だまされたと思ってぜひ一聴してほしい。
BABYMONSTER AHYEON、TOMORROW X TOGETHERによる絶品の洋楽カバー
オールラウンドなスキルの高さでBABYMONSTERを牽引するAHYEONは、昨年12月にオリヴィア・ロドリゴの「vampire」をカバー。思わずため息が漏れてしまう歌声を堪能できる。5歳から英語力を伸ばしていたAHYEON。彼女の洋楽カバーと言えば、デビュー候補生だった時代に披露し、圧巻の歌唱力が世界中の人々に鮮烈な印象を残したチャーリー・プース「Dangerously」だろう。また同時期、15歳の頃には、ショーン・メンデス＆ジャスティン・ビーバーの「Monster」も披露（※1）している。彼女の歌声が世界を唸らせるだけでなく、もはや本場の洋楽アーティストとしても通用する次元であることに共感する人も多いのではないだろうか。

　TOMORROW X TOGETHERは昨年11月8日、韓国の音楽番組『THE SEASONS ～イ・ヨンジのレインボー～』（KBS）に出演し、ファンへの愛を伝える曲として、メンバー全員でテイラー・スウィフトの「Love Story」をカバー歌唱した。同月4日に多様な愛の感情を表現したミニアルバム『The Star Chapter: SANCTUARY』をリリースしていたことから、その文脈での選曲とも思われるが、K-POPのなかでもメロウな音楽でグループの独自性を切り拓いてきた彼らだからこそぴったりとハマる楽曲で、魅力が存分に引き出されている。たとえるならば、彼らの歌声は何度も聴き返して味わいたくなるような、噛めば噛むほど“うまみ”が感じられるような、そんな歌唱とでも言うべきだろうか。

　K-POPは数十年にわたる文化発展の過程において、欧米進出のために音楽的にアメリカナイズされてきた歴史を持ち、アーティストによってはワールドツアーで欧米を回れるほど現地にファンを抱えているグループもいるため、洋楽との相性は非常に良いと言えるだろう。また、目指す先がグローバル進出であることが当たり前とされるなかで、英語ネイティブのメンバーが所属しているグループも多くなってきた。そうした背景からも、洋楽カバーのクオリティは年々上がり続けている。

※1：https://youtu.be/rAPDbBdxxMA?si=1-z-AP9CXMPv9sqL
風間珠妃",[],[]
池松壮亮の『ホットスポット』での役割を分析　コメディ要素を際立たせる存在に（リアルサウンド）,https://news.yahoo.co.jp/articles/38fb4eeb1ca56e8d95eef1d0e99712fdc6fa5f5e,https://newsatcl-pctr.c.yimg.jp/t/amd-img/20250219-00010008-realsound-000-1-view.jpg?exp=10800,2025-02-19T06:31:13+09:00,2025-02-19T06:31:13+09:00,リアルサウンド,realsound,リアルサウンド,1434,"『ホットスポット』©日本テレビ
ピンと張り詰めた独特な空気感にシュールな笑いが加わる面白さ。これぞバカリズム脚本といったところだ。そう、市川実日子主演のドラマ『ホットスポット』（日本テレビ系）はそんな作品なのである。主人公・遠藤清美（市川実日子）を中心とした日常と非日常の連続。第5話で『月曜から夜ふかし』のディレクター・岸本（池松壮亮）が取材で山梨を訪れたことで物語が大きく動いた。
【写真】『ホットスポット』池松壮亮場面カット（複数あり）
清美、日比野美波（平岩紙）、中村葉月（鈴木杏）、そして「レイクホテル浅ノ湖」でフロント業務を担当している宇宙人の高橋孝介（角田晃広）との会話劇など見どころはたくさんあるが、第1話から細かな伏線がちりばめられていた。伏線というよりも、伏線と捉えられるような仕掛けといったほうがいいかもしれない。いたって普通の日常のなかに宇宙人という異物が存在するだけで、この物語はすべてが疑わしく思えてくる。

　そんな本作において、物語の展開の鍵を握っているのが岸本である。岸本は、日テレのバラエティー番組『月曜から夜ふかし』のディレクターで、富士山の麓で地元の人たちに聞き込みを行っている。聞き込み調査を行っていると、ある男性から高速移動をする人物の目撃情報を耳にする。そこから事態は急展開を迎え、これまでの平和な日常コメディが“ホラー”展開へ。淡々と聞き込みを行っていく岸本だが、彼の演技は妙に違和感を覚える。あまりにも普通すぎるのだ。あえて淡々と演じることで、視聴者に違和感を抱かせているのだろう。

　池松は、そんなコメディのなかで異物でありながら、違和感なく溶け込んでいる。それはインタビュイーを立てつつも、しっかりと自らの意見を主張するインタビュアーのよう。池松という存在が作中のなかでどういう存在なのか、そのバランス感覚を大事にしながらも、あくまでもコメディ作品であるという体裁を保っている。そのスタンスは池松の存在感を大きいものにしている。
柔軟さこそが池松壮亮の魅力
そんな池松は10代から子役として活動し、劇団四季のミュージカル『ライオン・キング』のヤングシンバ役でデビューしており、俳優としてのキャリアは長い。2003年には映画『ラスト サムライ』で、トム・クルーズ演じるネイサン・オールグレンと心を通わせていく少年・飛源を演じ、大きな注目を集める。2016年に放送された『宮本から君へ』（テレビ東京系）ではバイオレンスな宮本浩役を生き生きと演じ、これまでの池松の俳優像を覆した。近年では『海のはじまり』（フジテレビ系）の津野役や主人公・本郷猛／仮面ライダー1号役を演じた映画『シン・仮面ライダー』など、印象的な役柄を引き受けているが、筆者は特に『愛にイナズマ』での演技の貫禄の凄まじさに圧倒された。

　池松という役者は、作品の世界観に溶け込むのが本当に上手いし、それも自然にやってのける。これまでの出演作をざっと見てきただけでも、ひとつとして同じものはない。時には淡々と演じ、時には大胆に人間の本能をむき出しにする。その柔軟さこそが彼の魅力なのかもしれない。

　池松が登場したことで、一気に物語が引き締まった『ホットスポット』。このあと、池松は物語をかき乱す存在となるのか、それとも自らの立ち位置に徹するのか、というところは今後の注目ポイントだろう。ある意味で、池松が今後のキーパーソンとも言えそうだ。
川崎龍也",[],[]
『地面師たち』五頭岳夫が『問題物件』にゲスト出演　小関裕太は内田理央の元同僚役に（リアルサウンド）,https://news.yahoo.co.jp/articles/1236190e248975e9dbc35ecdb4c2f9135a7162c8,https://newsatcl-pctr.c.yimg.jp/t/amd-img/20250219-00010007-realsound-000-1-view.jpg?exp=10800,2025-02-19T06:02:16+09:00,2025-02-19T06:02:16+09:00,リアルサウンド,realsound,リアルサウンド,1630,"（左から）五頭岳夫、小関裕太 ©フジテレビ
フジテレビ系で放送中の上川隆也主演の水10ドラマ『問題物件』の第7話に、五頭岳夫と小関裕太（友情出演）がゲスト出演することが決定した。
【写真】『地面師たち』で一躍“時の人”となった五頭岳夫
本作は、自殺、ポルターガイスト、失踪、ゴミ屋敷など、さまざまな不動産物件で起こる奇々怪々な事件の謎を、頭が切れて腕っ節が強く、人間離れした破天荒さを持つヒーローとお人よしのヒロインが鮮やかに解決していく不動産ミステリー。

　2024年に配信されたNetflixシリーズ『地面師たち』に出演したことで一躍時の人となった五頭が演じるのは、第7話のキーマンでマンション“コーポゴア”301号室の住人・猪俣広巳。再開発計画を進めるため立ち退いてほしい、新しくて住みやすい部屋を紹介すると言われるも、引っ越す意志はなく、恵美子（内田理央）から占有屋ではないかと疑われる。仮に占有屋だった場合、その背景には暴力団がいるのではないかとにらんだ犬頭（上川隆也）は、再開発を快く思っていない“太平洋組”という暴力団を調べるために動き出し……。

　ヒロインの内田とは『来世ではちゃんとします』シリーズ（テレビ東京系）で共演経験のある小関が演じるのは、恵美子の営業部時代の先輩で現在は開発事業部で働く岩下圭吾。大島不動産販売の本社に出社した恵美子と偶然再会。クレーム対応の部署に異動した恵美子のことを心配しているそぶりではあるが、空気の読めない言動で恵美子を引かせる。今の部署で成果を上げている恵美子に、タワマン開発事業計画で取り壊しになる予定のマンション住人の立ち退きについて相談する。恵美子は岩下から、住人を立ち退かせてくれたら新築マンションの売り出し広告のコピー＝大好きなマンションポエムを考えていいと言われ、やる気を出すが……。

コメント
■五頭岳夫
私は1500世帯のマンモス団地に居住。築55年で建て替えが始まりました。毎日、救急車のサイレンが聞こえます。私は自治会で1棟（40世帯）の班長立候補3期目突入。40世帯の75％が70歳以上の高齢者で、その80％が独居。車椅子や脳障害からの歩行困難者、サポートが必要な糖尿病などの持病のある方が多数。最近ご主人を亡くした80代の方が、毎日、車椅子のご主人を押した散歩コースを1人で歩き、認知症でよく鍵が無いと私を訪ねて来ます。よく探さず依存する行為は“誰かとしゃべりたい、関わりたい”シグナルだと思い対応してます！　ご主人ロス!?　台本を読み、猪俣自身の境遇など随分身近に感じ、そして役作りの参考になりました！　ひとごとではないし、若いからとか年齢関係無く、必ずや誰もが通る道。行政対応がAI主流になり、独居高齢者が切り捨てられている現状を垣間見たようです。プライバシーの枠をどんどん狭め、棟の班長としても踏み込めず、居住者の隣組として歯がゆい思いです。そんな悲哀を猪俣の役を借りて表現出来たらという思いで演じました。すごい問題提起しているのですが、サラッと解決し、さらにコメディーになっていて笑えるドラマです！！　どうぞお楽しみにして下さい。

■小関裕太
若宮恵美子の営業時代の上司、岩下を演じさせていただきました。第7話は岩下がきっかけで、若宮たちがとある事件に巻き込まれていきます。ピンポイントの役どころにはなりますが、テンション高めだけど憎めない岩下のキャラクターを楽しんでいただけるとうれしいです！ 今回は“タワマン開発事業”をきっかけに住人を立ち退かせるところから始まりますが、そこから分かっていく人物像たち。何が真実なのかわからないところが見どころになります。そして2人（若宮と岩下）の掛け合いによって、若宮の営業時代がひもとける面白いシーンにもなっていると思います。ドラマのいちファンとしては犬頭さんの正体も気になるところ。ぜひご覧ください！
リアルサウンド編集部",[],[]
一ノ瀬ワタル、『対岸の家事』で多部未華子の夫役に　「ぜひご家族でご覧ください！」（リアルサウンド）,https://news.yahoo.co.jp/articles/2ac44dbb24665735eab7e3e1f6b0d4f87611592d,https://newsatcl-pctr.c.yimg.jp/t/amd-img/20250219-00010006-realsound-000-1-view.jpg?exp=10800,2025-02-19T06:01:48+09:00,2025-02-19T06:01:48+09:00,リアルサウンド,realsound,リアルサウンド,1474,"『対岸の家事～これが、私の生きる道！～』©TBS
多部未華子が主演を務める4月期TBS火曜ドラマ『対岸の家事～これが、私の生きる道！～』に、一ノ瀬ワタルと永井花奈が出演することが決定した。
【写真】Netflix『サンクチュアリ』では力士を演じた一ノ瀬ワタル
本作は、TBSで吉高由里子主演でドラマ化もされた『わたし、定時で帰ります。』（新潮文庫）の著者・朱野帰子による小説『対岸の家事』（講談社文庫）を原作としたヒューマンドラマ。主人公・専業主婦の詩穂は、過去のある出来事から、「家族のために“家事をすること”を仕事にしたい」と専業主婦になることを選んだ。しかし、今の時代に専業主婦は珍しく、夫が帰ってくるまでの間、長い長い昼間を娘と2人きりで過ごしていた。そんな中、ひょんなことから、働くママや育休中のエリート官僚パパなど、出会うはずのなかった人たちと交流していくことに。生き方も考え方も正反対な「対岸にいる人たち」とぶつかり合いながら、どう繋がっていくのか。

　主人公・詩穂を多部が演じるほか、これまでに仕事と育児の両立に悩む働くママ・長野礼子役を江口のりこ、慣れない育児に奮闘する育休中のエリート官僚パパ・中谷達也役をディーン・フジオカがそれぞれ演じる。

　GP帯のTBS連続ドラマへのレギュラー出演は本作が初となる一ノ瀬が演じるのは、詩穂の夫・村上虎朗。チェーン展開の居酒屋の店長として朝から晩まで、時に休日も返上して忙しく働く村上家の大黒柱。こわもてで大柄な体格ゆえ一見すると怖そうにも映るが、一人娘を溺愛し、大好きな家族に惜しみない愛情を注ぐ心優しい人物だ。「家族のために“家事をすること”を仕事にしたい」という詩穂の思いを理解して尊重しており、自分は仕事、詩穂は家事と、夫婦それぞれが自分の役割を果たして家族を支えていけば良いという価値観を持っている。

　NHK大河ドラマ『光る君へ』（2024年）で紫式部と藤原道長の娘・藤原賢子を演じた永井は、詩穂と虎朗の2歳になる一人娘・村上苺役を担当する。

●一ノ瀬ワタル（村上虎朗役）コメント
村上虎朗を演じさせて頂きます一ノ瀬ワタルです。『対岸の家事』で初めて自分の奥さん役の多部未華子さんと共演させて頂きましたが、多部さん本当に素敵なんです！　初対面の顔合わせの時から優しく、みんなに気を遣ってくださるんです。自分は健康の為に足ツボ激痛サンダルを履いて現場で過ごしたりしているんですけど、それを見た多部さんが「健康になってください（笑）」と言いながら体重をかけてきたりして。俺はその時の多部さんと詩穂の笑顔を守る為に、旦那役の虎朗として支えていく！と思いました。初めてパパ役なんですけど、娘役の花奈ちゃんがめちゃくちゃ可愛くて、撮影してないところでも自分の事をパパと呼んでくれます。あまりにも愛おしいから、撮影後におもちゃ屋さんで花奈ちゃんと遊ぶものを選ぶのが、最近楽しくなってきています。いまは撮影の合間で、花奈ちゃんが魔法使い、自分はその弟子だったり怪獣だったりっていう事で遊んで過ごさせて貰っています。
本作の見どころは、多部未華子さんと花奈ちゃんがとにかく可愛いところです！　自慢の妻と娘ですから！　この二人から生きるパワーを貰ってます！　家事って本当に大変で、主婦の方にはもちろん共感できる事もたくさんあると思いますし、お仕事で大変な旦那さんにも、普段では見られない主婦の姿が見られるので、とても勉強になると思います！　ぜひご家族でご覧ください！
リアルサウンド編集部",[],[]
石丸謙二郎演じる三木田辰雄が登場　『クジャクのダンス、誰が見た？』第5話先行カット（リアルサウンド）,https://news.yahoo.co.jp/articles/6f443b40ea54d2b233a71033532c93468980649f,https://newsatcl-pctr.c.yimg.jp/t/amd-img/20250219-00010005-realsound-000-1-view.jpg?exp=10800,2025-02-19T06:01:35+09:00,2025-02-19T06:01:35+09:00,リアルサウンド,realsound,リアルサウンド,607,"『クジャクのダンス、誰が見た？』©TBSスパークル／TBS
広瀬すず主演ドラマ『クジャクのダンス、誰が見た？』（TBS系）第5話の場面写真が公開された。
【写真】石丸謙二郎演じる三木田辰雄　『クジャクのダンス、誰が見た？』第5話先行カット（全40枚）
本作は、浅見理都の同名漫画を実写化するヒューマンクライムサスペンス。クリスマスイブの夜に元警察官の父親を殺された娘が、遺された手紙を手がかりに真相に迫っていく。広瀬演じる主人公・山下心麦とともに事件の真相を追う弁護士・松風義輝役を松山ケンイチ、 殺された心麦の父・山下春生役をリリー・フランキー、心麦の運命を左右する週刊誌記者・神井孝役を磯村勇斗がそれぞれ演じる。

　第5話では、ラーメン屋台店主・染田（酒井敏也）が亡くなり、真実はさらに闇の中へー。そんな中、心麦（広瀬すず）と松風（松山ケンイチ）は春生（リリー・フランキー）の手紙に名前のあった東賀山事件の元弁護人・三木田辰雄（石丸謙二郎）に会いに行くことに。そこには“新たな手がかり”が……。一方、検察の阿南（瀧内公美）は友哉（成田凌）起訴に向けて新たな動きに乗り出す。松風は友哉に言われた“ある一言”で、自分の本心と対峙し……。

　公開された場面写真には、意味深な表情を浮かべる阿南や、東賀山事件の元弁護人・三木田辰雄、松風と一緒に赤沢に向かい合う心麦の姿などが切り取られている。
リアルサウンド編集部",[],[]
『御曹司に恋はムズすぎる』永瀬廉×小関裕太の後継者争いが勃発　成田が思いを打ち明ける（リアルサウンド）,https://news.yahoo.co.jp/articles/1298a78f9c78c7f94c07042bead0ce647a489e1d,https://newsatcl-pctr.c.yimg.jp/t/amd-img/20250219-00010004-realsound-000-1-view.jpg?exp=10800,2025-02-19T06:01:17+09:00,2025-02-19T06:01:17+09:00,リアルサウンド,realsound,リアルサウンド,1346,"『御曹司に恋はムズすぎる』©︎カンテレ
天堂昴（永瀬廉）の真剣な気持ちにようやく花倉まどか（山下美月）が気づいたことに安堵したのだが、やはりそう簡単にはいかなかった。『御曹司に恋はムズすぎる』（カンテレ・フジテレビ系）第7話では、昴の前に新たな問題が立ちふさがる。
【写真】亘（鹿賀丈史）の話を聞く昴（永瀬廉）
同僚の瀬沼楓（岡本夏美）に襲われていたまどかを助けた昴。刺された傷を心配するまどかは、冗談でキスをしてほしいと語る昴の気持ちに応えたのだ。そのムードの中で、昴は勢い余ってもう一度キスをしようとしたのだが、冷静になったまどかは昴を拒否するのだった。これが最終回であればこのまま結ばれる展開になったかもしれないが、まだ折り返しに差し掛かったところ。そんな理想的な展開とはならなかった。

　驚異的な回復力で仕事場に復帰した昴は、社内でもまどかとの恋人関係を匂わせる。まどかは全力で恋人関係を否定するが、昴の言う通り、「付き合ってもいないのにキスはしない」というまどかの発言を考えると、まどかは昴と付き合っているからキスをしたということになる。だが、まどかがその場のムードに押されてキスをするという行為を取るとは思えない。と思ったら、まどかには昴の気持ちをそのまま受け入れられない理由があった。

　服天では展示会に向けた準備が着々と進んでいく中で、昴は「いい加減、お前の気持ちを聞かせてほしい」とまどかに本当の気持ちを迫る。何気なくまどかにバックハグをする昴を拒まずに受け入れるまどか。これまで散々はぐらかしてきたまどかだったが、「もう少し考える時間をもらえませんか？」と展示会が終わるまで時間がほしいことを伝える。まどかは昴の気持ちを受け入れるべきか、それとも恋愛を否定するべきか、その間で葛藤していた。

　真実を知るために、まどかは楓と面会しに行く。かつては同じ服天の同僚であり、社員寮も隣だった楓とは仲良しだった。それは恋愛や結婚に対する価値観が一緒だったから。まどかも楓も両親が離婚しており、恋愛への冷めた考えは2人の絆を強くしていた。だが、まどかは服天での功績が注目を集め、さらには御曹司である昴からは好意を持たれている。その事実が楓は気に食わなかったのだ。端的に言えば、嫉妬である。嫉妬は時に人を狂わせてしまう。

　その頃、天堂亘（鹿賀丈史）は昴を呼び出し、成田理人（小関裕太）から直接会いたいと連絡が来たことを伝える。その写真に描かれていた成田の母親の隣には亘の姿が。成田の母親は日系カナダ人の男性と結婚したが、成田が生まれてすぐに病気でこの世を去った。それから異国の地で母親と暮らしていた成田はまどかと同様に貧しい生活を送ってきたのだ。それが、まどかに成田が惹かれた理由だった。成田は「花倉が好きだ」と胸に秘めていた思いを伝える。

　亘から告げられたのは、成田の母親は亘の娘であるということ。つまり成田と昴は従兄弟であるということだ。2人は恋のライバルでもあり、服天の後継者を争うライバルでもある。ここにきて成田と昴の後継者争いが勃発。予想外の展開に驚かされたが、物語が一気に動いてきて面白くなってきた。まどかを巡る三角関係と後継者争いの行方はいかに。
川崎龍也",[],[]
『まどか26歳』芳根京子が学んだ“チーム医療”の重要性　城崎の新人育成スキルの高さが光る（リアルサウンド）,https://news.yahoo.co.jp/articles/285f28e374a547483c757f6f285b13770e03ca0f,https://newsatcl-pctr.c.yimg.jp/t/amd-img/20250219-00010003-realsound-000-1-view.jpg?exp=10800,2025-02-19T06:01:06+09:00,2025-02-19T06:01:06+09:00,リアルサウンド,realsound,リアルサウンド,1293,"『まどか26歳、研修医やってます！』©TBS
救命救急科だからこそ求められる“チーム医療”の重要性が説かれた『まどか26歳、研修医やってます！』（TBS系）第6話。
【写真】橋口（森田哲矢）と話す五十嵐（大西流星）
救命医でリーダーの榎本（菅野莉央）は他の医師や看護師への指示出しがまるで下手で、研修医のまどか（芳根京子）が「何をしたらいいか」問うと「自分で考えて」と言い捨て、「まだ突っ立ってる方がまし。これ以上私の仕事を増やさないで」と言い放ってしまう。

　まさにカリスマ救命センター長の城崎（佐藤隆太）が「生死を彷徨う救急の現場では1つの伝達ミスが命取りになる」と言っていた通り、榎本率いるチームでは余計なコミュニケーションコストがかりそうだ。そんな状況下でも城崎は「ここにいる医者は全員がスタメンだ。ベンチなんか誰もいない」と周囲を鼓舞する。

　医者もかつては「主治医制」で1対1で患者に対応していたが、何人もの医師で患者を診る「チーム医療」に切り替えることで、医者個人の腕に左右されず多くの患者を救うことができるようになる。

　城崎曰く「診断がついていない患者、どこが悪いのかわからない患者がどんどん来て、次々判断しなければならない」救命救急は、病院の中のあらゆる科と繋がっている必要がある。早朝から病院のロビーに職域や科を問わず集まり、1つの症例について新たな視点や経験則をシェアし合う場に初めて参加したまどかにとっても、大変刺激をもらったようだ。

　それにしても城崎の新人育成スキルの高さには驚かされる。「医者に必要なものは？」とまどかにお題を与え、答えられなかった場合にはその観点で考えてみるように促し、すぐには答えを与えてしまわない。

　「医者も1人だとただの点、それをつなげていくと線になり、さらに広げていくと面になる。俺は大きな面を作ってこの街の医療を支えていきたい」という視座や志の高さが光る。そして「チームになることを恐れるな。そしてチームであることに甘えるな」と、まどかに要望したいことをキャッチーかつありがたい言葉としてサラリと口にする。非常に高い専門性がありながらも、それを自分や一部の人のものとして閉じてしまわずに、出し惜しみせずオープンマインドに業界発展のために用いたいと思っていることがまず素晴らしい。

　救命救急科でのこの時間がまどかをさらに、線にも面にもなれる医師にしたことかと思われる。

　そういえば、病院内の噂やスキャンダルに詳しい橋口（森田哲矢）いわく、榎本は菅野（鈴木伸之）の元カノとのことだが真偽のほどはいかに。

　まどかの誕生日当日にサプライズでお祝いをしようとみんなに声かけしてくれたのも、実は菅野だった。2人の共通点である『ドクターK』の限定キラシールをこっそりプレゼントしてくれる菅野と、それを知って満面の笑みを見せるまどかの双方がかわいらしい。

　ついに次週からは研修医2年目突入のまどかの奮闘ぶりが描かれるようだ。どんどん吸収し、周囲を巻き込んでいくまどかの成長ぶりにも引き続き注目したい。
佳香（かこ）",[],[]
佐久間大介、『キミプリ』にレジェンドアイドル役で出演　「アイドルをやっててよかった」（リアルサウンド）,https://news.yahoo.co.jp/articles/aef15439bdd6ab2bf8df6edeb710f983fb0dea83,https://newsatcl-pctr.c.yimg.jp/t/amd-img/20250219-00010002-realsound-000-1-view.jpg?exp=10800,2025-02-19T04:30:03+09:00,2025-02-19T04:30:03+09:00,リアルサウンド,realsound,リアルサウンド,1970,"佐久間大介 ©ABC-A・東映アニメーション
Snow Manの佐久間大介が、ABCテレビ ・テレビ朝日系列全国24局ネットにて毎週日曜8時30分より放送中のTVアニメ『キミとアイドルプリキュア♪』に声優として出演することが決定した。
【写真】佐久間大介が演じる“レジェンドアイドル”響カイト
『プリキュア』シリーズ第22弾となる本作のモチーフは「アイドル」、そしてテーマは「“キミ”がいるから輝ける、強くなれる！」。歌うことが大好きな中学2年生の咲良うたが、伝説の救世主“アイドルプリキュア”を探しにきた妖精・プリルンと出会い、共に“アイドルプリキュア”を探していく。

　佐久間が演じるのは、世界中から注目され、赤ちゃんからお年寄りまでみんなに愛される“レジェンドアイドル”響カイト。現在は活動を休止しており、歌の勉強のため海外に留学していた。主人公うたの家・喫茶グリッターにお忍びで来店したことから、うたたちと出会うことになる。そんな響カイトは、2月23日放送の第4話より登場する。

　佐久間は“アイドル”をテーマにした本作への出演について、「アイドルをやっててよかったなと思いますし、『ここわかるな』とか、『こういう気持ちだよね』というのは作品からもすごく共感できる部分があるので、自分の経験が活かせるのではないかなと」と思いを明かしている。

【佐久間大介 コメント】
■『キミとアイドルプリキュア♪』に出演が決まったときの率直な気持ち
やはりすごく嬉しかったですね。プリキュアって日本のアニメの中でも、もう文化として確立しているすごい作品だと思っているので、そこに自分が携われるということがすごく光栄です。Snow Manのメンバーにもその嬉しさを伝えたところ、「え！　プリキュア!?」ってメンバーも信じられないといった感じで、めちゃくちゃ喜んでくれて…。みんなも「応援しているよ」とか「すごく放送が楽しみ」って言ってくれて、より背中を押してもらったような気持ちになりました。

■響カイトというキャラクターについて
僕が感じたのは、カイトは“アイドル”に対してすごく真摯に向き合っている人だなということです。ちょっとした言い回しや口調も軽い感じではなく、今思っていることや自分が感じたことを優しく素直な気持ちで届けようという思いがある。とにかく優しい子なんですよ。僕はカイトの生き方がすごく好きですね。

■響カイトとの共通点
何かを作り上げたり、成し遂げるときの向き合い方ですかね。カイトは、困っている人がいると自分から率先して助けに行くような人なんです。僕もスタッフさんと一緒に何かを作り上げていくことが好きなので、例えばスタッフさんが机や椅子を動かしたりとかするときも、「自分も手伝った方が早いだろうな」と思ったら真っ先に自分でやりたい。「人の手を煩わせずに自分1人でできるようになりなさい」とアイドルとして育てられてきたので、そこはカイトとも共感できる部分だと思いました。

■プリキュアシリーズの印象や思い
僕は『ふたりはプリキュア』の世代なので、このシリーズの放送当初から観てました。そこからいろんなテーマで各シリーズを生み出して、プリキュアという幅がすごく広がっていますよね。『キミとアイドルプリキュア♪』では、意外とありそうでなかった“アイドル”がテーマで、“プリキュア”と“アイドル”という、近いようで遠かった存在が一緒になっています。皆さんの中でもアイドルって身近な存在だと思っているのですが、プリキュアというみんなの憧れと、身近な存在のアイドルが一緒になったことによって、プリキュアになりたいということはもちろん、プリキュアみたいなアイドルになりたいという子が、どんどん出てくるんじゃないかなと思っています。
いろんな夢やキラッキランランが詰まっている『キミプリ』を見て、アイドルはもちろん、いろんな夢を追いかけてほしいなと思います。

■「アイドル」がテーマの本作に出演することについて
嬉しいですよね。アイドルをやっててよかったなと思いますし、「ここわかるな」とか、「こういう気持ちだよね」というのは作品からもすごく共感できる部分があるので、自分の経験が活かせるのではないかなと。カイトと一緒に『キミプリ』を盛り上げていけたらいいなと思いますね。

■視聴者へのメッセージ
この作品を通じて日頃の生活の中でも、「自分も頑張ろう」とか、「誰かを応援したいな」という気持ちがどんどん湧いてくると思います。
その気持ちを大事に、毎日をキラッキランランさせていけたらとても素敵なことだと思います。日頃の糧になる『キミとアイドルプリキュア♪』をぜひ観てください！　よろしくお願いします！
リアルサウンド編集部",[],[]
Aぇ! group 正門良規、デビュー2年目に挑戦したいことは“三味線”　佐野晶哉「青かピンク、どっちかあげるわ」（リアルサウンド）,https://news.yahoo.co.jp/articles/897a09ec655660a49fbaf35c14878b5cdd4c2188,https://newsatcl-pctr.c.yimg.jp/t/amd-img/20250219-00010001-realsound-000-1-view.jpg?exp=10800,2025-02-19T04:00:03+09:00,2025-02-19T04:00:03+09:00,リアルサウンド,realsound,リアルサウンド,2926,"Aぇ! group
Aぇ! groupが1stアルバム『D.N.A』の発売を記念し、札幌・東京・名古屋・神戸・福岡の5都市にあるタワーをメンバーカラーに染める点灯式を2月18日に開催した。
【画像】Aぇ! group、5色カラーの東京タワー前で記念撮影
日没後、会場であるThe Place of Tokyoにメンバーが登場。簡単に自己紹介を行った後、点灯式を執り行った。明が落とされた部屋の中で、5人が白く大きなボタンに手をかけると、点灯10秒前のカウントダウンがスタート。司会者が告げる秒数に合わせてメンバーも大声でカウントし、「ゼロ！」の合図でボタンを押すと、東京タワーがメンバーカラーの赤・黄・青・紫・緑に染め上げられた。カラフルに光を放つ東京タワーの様子を見て、思わず「すごいな！」と感想を漏らすメンバーたち。末澤誠也が「引きで見たいね」と小島健や正門良規に話しかけると、2人も大きく頷いていた。

　ここでステージ上のモニターが東京以外の4つのタワーを中継映像で映し出す。さっぽろテレビ塔、中部電力 MIRAI TOWER、神戸ポートタワー、福岡タワーも、それぞれカラフルに彩られた。その様子を見て小島は「日本ジャック、大成功ということですか？　よっしゃー！」と笑顔を見せる。

　点灯式が終わると、司会者からのインタビューセッションへ。まずは1stアルバム『D.N.A』の発売日を迎えた気持ちを尋ねられると、正門は「いよいよ来たかという気持ちですね」と話し始め、「アルバムを出すのはデビューしてからの夢の1つでもあったので」「タイトル決めから、Aぇ! groupが一発目に出すアルバムとしてどういうものがふさわしいのか、かなり考えた作品でもあるので。この日を無事に迎えられて本当にほっとしています」と思いの丈を語った。

　アルバムの中で最も好きな曲について問われた草間リチャード敬太は、「バラエティ豊かな曲が集まったアルバムで、好きな曲を1曲選ぶのが難しいんですけど、シンガーソングライターのAyumu Imazuさんに楽曲提供していただいた『AKAN』とか、ヒャダイン（前山田健一）さんに提供していただいた『ばんざいデスコ』は、どちらも作曲者のカラーが出つつ、グループの色に染められていて。僕らの中でも新鮮な曲になったと思うので、ヘビロテしてもらえるのでは」と語った。

　アルバム制作の思い出について聞かれると、佐野晶哉は「Aぇ You Ready？」で作詞作曲とレコーディングディレクションを担当したことに触れ、「小島くんが本当に（歌詞などを）覚えてきてくれなくて」と冗談を飛ばす。そして、友人がカラオケで佐野のクレジットを見つけて写真を送ってくれたエピソードを披露すると、「これからは印税生活かな（笑）？」とおどけてみせ、メンバーから総ツッコミを受ける場面もあった。しかし、佐野は最後に真面目なトーンで「メンバーのボーカルレコーディング風景を見られたのは、いい時間でした。楽しかったです」と微笑んだ。

　2月末から始まるアリーナツアーについては、末澤誠也が「デビュー2年目に突入しますし、今までとは違った姿を見せられるように、いろいろ試行錯誤しているところです」「これまでやってこなかったような演出もするので、初めてライブに来る方も、今までのファンの方にもすごく楽しんでいただけると思います」と期待の高まるコメントを述べた。

　最後に、アルバムの発売に寄せて、ファンへのメッセージが語られた。最初にマイクを握った小島は、「1曲でも皆さんがAぇ! groupを好きになるきっかけになればなと思っていて。皆さんの人生に寄り添えるような曲がたくさんあると思うので、本当にちょっとでも聴いていただきたい。そして、グループの魅力がここからどんどん皆さんに伝わるように頑張っていきたいと思います」と、アルバムにかける想いを語った。

　末澤は「グループが挑戦してこなかったジャンルの楽曲が入っているので、ぜひ手にとっていただけると嬉しい」とコメント。リチャードは「長年、Aぇ! groupのファンでいてくださっている皆さんも、これからファンになってくださる皆さんも、グループのことが細胞、遺伝子レベルで好きになる作品になっているので、ぜひ1枚お手にとって聴いてみてください！」と、いかに魅力的なアルバムが完成したかをアピール。佐野もその言葉を受け、「いい意味で統一感のない、ぐっちゃぐちゃな、最高の、Aぇ! groupにしか歌えん13曲が含まれています」「皆さんの生活のいろんなタイミングで聴きたくなる楽曲が揃っていますので、DNAレベルで、細胞レベルで僕たちに恋していただけたら嬉しいです」と言葉を紡ぐ。

　最後に正門は「念願の1stアルバム。これはもう今回しかないもの。今までグループでやってきたこと、これから見たい景色、そんな想いも詰まっています。ファンの皆さんが見たいもの、聴きたいものも入っているし、サプライズもある。グループの名刺代わりになるアルバムになっているので、皆さんぜひチェックしていただけると嬉しいなと思います」と熱い言葉で締めた。

　点灯式の終了後は、5人のメンバーが記者からの質問に答える公開インタビューが行われた。ツアーの見どころについて尋ねられると、末澤は「ネタバレなしにしたい」と語るが、正門が「僕と小島が、佐野と歴代先輩たちがやってきた演出をやる予定」と演出の一部をにおわせる。グループの中で同演出の唯一の経験者となる佐野は、「（会場の）スタッフさんのマッチョさによって、動くスピードとか変わってくるから」と意味深な発言をし、ツアーで披露されるパフォーマンスや演出への期待を大いに高めた。

　デビューしてから変わったことと、2年目の抱負について聞かれると、正門は応援してくれるファンが増えた実感があることを挙げ、「心強い変化だなと感じています」と力強く述べる。そして、彼は挑戦したいこととして三味線を挙げ、「そろそろチャレンジしてみたい。マーティ・フリードマンが弾いているのを見て、やってみたいと思って」と語ると、佐野が「俺、三味線2個あんねん。青かピンク、どっちかあげるわ」とまさかの提案。メンバーから三味線を譲り受けることが決まり、早速目標に近づけた正門は笑顔を見せた。

　末澤はこれまで視聴者側だった番組に出演を果たしたときに変化を感じるといい、「デビューしたなと実感する。今年はお芝居に力を入れて頑張りたい」と意気込みを見せた。一方のリチャードは、街中でファンなどからフランクに話しかけられる機会が増えたといい、「友だちみたいに話しかけてくれる人が増えた」「『曲聴いたで！　めっちゃええな！』と言ってくれる人が増えました（笑）」とコメント。さらに「挑戦したいことは、逆に僕から（街中で人に）話しかけたいですね。『俺リチャードやねんけど、曲出してて』って（笑）。そうやってもOKなくらい、知名度上げたいです！」と挑戦したいことを語り、会場を沸かせながら公開インタビューを終えた。
市岡光子",[],[]
覚せい剤＆違法賭博で“消えた”レジェンド芸能人息子、逮捕時の様子を語る「ナメくさって見てた」（リアルサウンド）,https://news.yahoo.co.jp/articles/5f77ed5f5d433316e7c94dd1707e35218284e187,https://newsatcl-pctr.c.yimg.jp/t/amd-img/20250219-00010000-realsound-000-1-view.jpg?exp=10800,2025-02-19T00:00:11+09:00,2025-02-19T00:00:11+09:00,リアルサウンド,realsound,リアルサウンド,1186,"（C）AbemaTV,Inc.
お笑いコンビ・ニューヨークがMCを務める、ABEMAオリジナル番組『愛のハイエナ3』。本番組は、“愛に飢えたハイエナ”となったニューヨークとお笑いコンビ・さらば青春の光の4名が、“愛”をテーマに人間の『欲望』をあぶり出し、つい覗き見したくなる“瞬間”にしゃぶりつく遠慮を知らないドキュメントバラエティ。
【写真】清水アキラの息子の現在の姿　覚せい剤＆違法賭博を振り返る「ナメくさって見てた」
今回は、タレントの清水良太郎のいまに迫る特集が放送。清水といえば、モノマネ界のレジェンド・清水アキラの息子。もともと2006年に俳優としてデビューし、その後、父・アキラと共にモノマネ界で一世を風靡したが、2017年違法賭博報道で9か月の謹慎処分、さらに同年覚せい剤取締法違反で逮捕された過去を持つ。

　清水によると薬に手を出したのは謹慎処分の期間中。地元のワルな先輩から「お前暇だろう？差し入れ持ってくな」と言われ、その差し入れが覚せい剤だったという。そして、その後、風俗嬢からの通報により逮捕。しかし当日は捕まらず、翌日に捕まるまでの経緯を赤裸々に話した。

　ちなみに、清水は既婚者で子どももいるが、父・アキラもろとも家族のことが頭によぎることはなかったという。ただ、今振り返ると「ナメくさって見てた」と清水。しかし、逮捕から5日後、父が涙を流し保釈金は払わないと宣言したのを見て、ごめんしか言えなかったと清水。そこで世間の厳しさを体感し、1時間ほど泣き続けたという。この時の経験もあり、また薬をやりたいとは全く思えないという清水。そこには「再び親父と（ステージを）やりたい」との気持ちがあるそうだ。

　番組の後半では、前回から放送が始まった新たな恋愛企画「シャッキング・ラブ〜借金男と金持ち女〜」の2話が放送。同企画は、さまざまな理由から借金がある男性陣が、お金がありすぎて本当の恋をできない女性参加者と出会い、恋に発展していくというものだ。

　今回、見せ場を作ったのは、借金1200万円、ホストのkeishi。keishiは最初から動画制作会社の社長りなに狙い撃ち。コイン5枚中、一気に3枚使うという本気ぶりを見せた。そして「なんでそんなに美貌もあってスタイルも良くて、絶対モテモテで年収もあるのに……来る必要なくない？」と核心に迫った。するとりなは「男の人には困っていない」と素直に告白。ただ、自分の優先順位が高い男性となかなか会えないと彼女なりの苦労を吐露した。そして「りなだけ」「約束する」といい、指切りをした。

　にも関わらず、選ぶ側の立場であるりなが奥手なこうきにモーションをかけると、その約束をあっけなく破り、残りのコイン2枚をあすぴーに使うという荒技に。あまりにも一貫性のない行動に、脱落の危機が見えてきた。
於ありさ",[],[]
