headline,mainEntityOfPage,image,datePublished,dateModified,author,media_en,media_jp,str_count,body,images,external_links
“エヴァンゲリオンカラー”を使って初号機を丁寧に塗装【達人のプラモ術＜エヴァ初号機“ヤシマ作戦”＞】（＆GP）,https://news.yahoo.co.jp/articles/78979ec57663c51d07f7c87b95aa8b6bcfb530af,https://newsatcl-pctr.c.yimg.jp/t/amd-img/20250825-00010005-andgp-000-1-view.jpg?exp=10800,2025-08-25T22:00:02+09:00,2025-08-25T22:00:02+09:00,＆GP,andgp,＆GP,2255,"海洋堂「ARTPLA SCULPTURE WORKS エヴァンゲリオン初号機“ヤシマ作戦”」
海洋堂アートプラ「エヴァンゲリオン初号機“ヤシマ作戦”」製作の第2回。今回はエヴァ本体の塗装を進めます。
【膝と足首アーマー、足裏パーツは個々に塗装後に取り付けている】
谷明氏によるアナログ（手作り）の原型を3Dデジタルデータに変換、再構築されたモデルであるわけですが、目立たぬように配慮されたパーツの分割線、さらにディテール自体も細部のモールドを強調し、塗装を考慮したパーツ分割等が図られています。プラモデルとしての組みやすさ、そして完成度の高さが、キットを組んでみることで分かります。（全4回の2回目）
エヴァ本体の塗装
前回樹脂系ボンドで仮組みしたパーツを取り外して、パーツ単位でグレーサーフェイサーで下地塗装
キットの箱を開けた第一印象「うわぁこれは塗装が大変だなぁ～」ではありました。しかしパーツを組んでいくと、基本的には塗装に配慮した分割がなされているのが分かります。

前回の組み立て編では樹脂ボンドで仮組みをしましたが、パーツの精度が高く、パチパチと組み上げていけるので、腕や脚の合わせ目を除けば、パーツ単位で塗装を済ませて組んでいけます。

今回、塗装にあたっては、エヴァ初号機のパープルがなかなかに難しい色ということもあり、ガイアノーツから発売されているエヴァンゲリオンカラーを使用しました。

使用したのは「EV-01エヴァパープル」と「EV-02エヴァグリーン」の2色で、劇中の初号機のイメージをズバリ再現できます。

劇中の“ヤシマ作戦”は午前零時に発動された野戦です。なのでダークなイメージの初号機で仕上げたいならば、夜間戦闘をイメージした暗めの「EV-03 エヴァナイトパープル」もお勧め。
パープルのグラデーション塗装
事前に塗装サンプルを製作。左側がガイアノーツ「EV-01エヴァパープル」。右側が調色した下地色パープル
初号機の機体のメインカラーは紫。ガイアノーツ「EV-01エヴァパープル」を使用してエアブラシ塗装で仕上げています。

塗装に際しては、下地色としてタミヤラッカー塗料の「LP-81調色用ブルー」と「LP-82調色用レッド」と「ホワイト」を使い、暗めパープルを調色。そこに「エヴァパープル」を重ねることで、腕や脚の筋肉のうねり、装甲の陰影といったグラデーションを強調しています。
塗装→マスキング→塗装を繰り返して塗り上げる
腕はエヴァパープル→マスキング→エヴァグリーン用下地ホワイト→エヴァグリーン→マスキング→セミグロスブラックの順番で塗装を仕上げている。マスキングの手間は掛かるが塗分けが目立つ部分なので丁寧に仕上げたい
先にも書いたようにパーツは塗装を考慮した分割がなされているので、パーツ単位で塗装していけばOKです。ただし両腕はパープルとグリーン、ブラックをマスキングで塗り分けていかないといけません。特に「エヴァグリーン」は下地色として白を塗装しないと鮮やかな色が出てくれません。マスキングの手間はかかりますが丁寧に塗装を進めます。
機体を組み上げる
胴体に片膝をついたポーズの両脚を取り付けた状態。脚側は接着のための凸が大きく取られているので位置決めもピタリと決まる
個々のパーツを塗り上げたのち、装甲を取り付けた胴体、両腕、両脚を合体させて初号機の機体を組み上げます。正直なところ、組み上げにあたっては、手足の位置調整に手間がかかると考えていましたが、腕と脚は取り付け基部がしっかりと固定できるようになっているので、パーツを接着、組み上げるだけで陽電子砲の射撃ポーズがピタリと決まります。
頭部の製作
塗装を完了させた初号機の頭部。赤の細いラインは水性塗料を使用しての筆塗り
初号機の頭部は8パーツで構成されています。かなり小さいので、パーツ単位でパープルとシルバーグレーで塗装。エヴァグリーンの部分と目のイエローは筆塗りで仕上げています。
初号機本体の完成！
陽電子砲を構える迫力あるポーズの完成した初号機本体が完成。マーキングデカールはまだ貼っていない
塗装した頭部を機体に取り付けて、初号機の機体の完成です。このあと陽電子砲を組み合わせる際に、機体へのスミ入れとウエザリングを入れていきます。個人的な意見ですが、エヴァの機体は常にスタイリッシュな印象なので、今回ウエザリングは抑えめに、塗装の鮮やかさを活かした仕上げにしていくつもりです。
陽電子砲の製作開始！
仮組みした陽電子砲を完成した初号機と組み合わせてみた
初号機の製作＆塗装に2日。エヴァ本体が完成したのでモチベーションもアップ！　大出力型第2次試作自走460mm陽電子砲の製作も進めます。

エヴァ本体同様に、陽電子砲も塗装を考慮した分割となっているので、パーツ単位で組み上げていきます。

キットはノンスケールですが、陽電子砲は組み上げると全長360mmにもなり、エヴァと組み合わせせると迫力満点の仕上がりとなります。
次回は陽電子砲の塗装を進めます
塗装されるのを待つ陽電子砲のパーツたち
というわけで今回はここまで。完成した初号機は思っていた以上に雰囲気満点でカッコ良いです。陽電子砲も細かな塗分けが必要ですが、パーツ分割が巧みなので効率的に進められるでしょう。同時の初号機の細部仕上げ、スミ入れやマーキングも進めていきます。お楽しみに！
＜製作・写真・文／長谷川迷人＞",[],[]
GoogleがPixel 10シリーズ、Pixel Watch 4を発表。新機能と価格をまとめてチェック（＆GP）,https://news.yahoo.co.jp/articles/52550b09e6d0e317c90f6f96be2d712933de4ddd,https://newsatcl-pctr.c.yimg.jp/t/amd-img/20250825-00010004-andgp-000-1-view.jpg?exp=10800,2025-08-25T21:30:24+09:00,2025-08-25T21:30:24+09:00,＆GP,andgp,＆GP,5087,"写真左よりPixel 10（カラー：Indigo）、Pixel 10 Pro（カラー：Moonstone）、Pixel 10 Pro XL（カラー：Moonstone）
Googleが自社ブランド「Pixel」の新製品を発表しました。スマートフォンは「Google Pixel 10」「Google Pixel 10 Pro」「Google Pixel 10 Pro XL」「Google Pixel 10 Pro Fold」の全4モデル。スマートウォッチは「Google Pixel Watch 4」が41mmと45mmの2サイズで登場し、それぞれBluetooth/Wi-FiモデルとLTEモデルから選べます。さらに、ワイヤレスイヤホンの新モデル「Google Pixel Buds 2a」と、発売済みの「Google Pixel Buds Pro 2」の新色も発売されます。それぞれの発売日とGoogleストアでの価格は下記の通り。
【Pixel 10 Pro／10 Pro XLは高倍率で撮影した画像はAIが補完してくれる】
▼Google Pixel 10
8月28日発売
128GB：12万8900円
256GB：14万3900円

▼Google Pixel 10 Pro
8月28日発売
256GB：17万4900円
512GB：19万4900円

▼Google Pixel 10 Pro XL
8月28日発売
256GB：19万2900円
512GB：21万2900円

▼Google Pixel 10 Pro Fold
10月9日発売
256GB：26万7500円
512GB：28万7500円

▼Google Pixel Watch 4
10月9日発売
41mm Bluetooth/Wi-Fiモデル：5万2800円
41mm LTEモデル：6万9800円
45mm Bluetooth/Wi-Fiモデル：5万9800円
45mm LTEモデル：7万6800円

▼Google Pixel Buds 2a
10月9日発売
2万3800円

▼Google Pixel Buds Pro 2（新色 Moonstone）
8月28日発売
3万6800円

前世代のPixel 9は12万9800円〜、Pixel Watch 3は5万2800円〜だったので、価格は据え置き。されど、機能はしっかり進化しています。それでは、それぞれの特徴を一気に紹介していきます。
Google Pixel 10シリーズはAI機能が大きく進化
Googleが開催したメディア向けの説明会で、デモを見せてもらった。少しタイムラグが生じるが、翻訳の精度は高かった
まず、Pixel 10シリーズに共通する進化点を紹介しておきましょう。

4モデルはいずれもAIの処理能力を高めた最新プロセッサー「Google Tensor G5」を搭載。これにより、いくつかの新しい用途を実現しています。

Pixel 10シリーズには「Gemini」に加えて、「NotebookLM」アプリをプリイン。ユーザーがアップロードした情報をAIが要約したり、音声で読み上げてくれたり、内容について質問したりできるようになりました。例えばwebブページの情報や「レコーダー」アプリで文字起こししたテキストデータなどもアップロード可能。NotebookLMはビジネスで使われることが多いGoogleのAIサービスですが、より手軽に利用できるようになるわけです。

通話中にリアルタイムで翻訳が行われる「マイボイス通訳」にも対応。しかも、AIによって自分の声も相手の声も本来の声質に近い声が生成され、自然に会話ができる趣向です。
「カメラコーチ」は写真を撮ることに苦手意識がある人に役立ちそうだ
通話中にユーザーの役立つ情報が表示されたりする「マジックサジェスト」も新搭載。例えば、航空会社に問い合わせの電話をしようとすると、AIが先回りしてGmailからフライト情報を引き出し、通話画面に表示されたりするわけです。

カメラには「カメラコーチ」という新機能を搭載。写真の構図など撮り方に迷った場合に、理想的な写真が撮れるようにアドバイスが得られる機能です。実際に試してみましたが、AIによって勝手に設定が変更されたり、トリミングされたりするわけではなく、ユーザーの主体的な操作に導かれる仕組み。活用することで、ワンランク上の撮影テクニックを身に付けられそうです。
ベーシックなPixel 10でも十分すぎるほどハイエンド
Pixelsnap対応の充電器やアクセサリーも発売される
Pixel 10は6.3インチの有機ELディスプレイを搭載。ディスプレイのスペックは上位モデルのPixel 10 Pro/10 Pro XLより若干低いものの、最大輝度は2000ニト（ピーク輝度は3000ニト）と明るく、60〜120Hzの可変リフレッシュレートにも対応しています。

背面カメラは広角（48メガピクセル）＋望遠（10.8メガピクセル）＋超広角（13メガピクセル）の3眼。望遠カメラは光学5倍、超解像ズームでは最大20倍で撮影できます。前面カメラは10.5メガピクセル。

RAMはハイエンドスマホとして十分な12GBで、ヘヴィなアプリを使ったり、マルチタスクを多用する人でも安心。バッテリー容量は4970mAhで、30時間以上の連続使用が可能。「スーパーバッテリーセーバー」使用時は最長100日間の連続使用を見込めます。「Google Pixelsnap」という新しいワイヤレス充電にも対応。iPhoneのMagSafeのようなもので、対応の充電器やアクセサリーも同時に発売されます。
超ハイエンドのPixel 10 Pro／10 Pro XLは画面サイズで選べる
Pixel 10 Pro／10 Pro XLのカラバリは4色
Pixel 10 Proは6.3インチ、Pixel 10 Pro XLは6.8インチのディスプレイを搭載。解像度はPixel 10 Proが1280×2856（495ppi）で、Pixel 10 Pro XLは1344×2992（486ppi）。最大輝度はどちらも2200ニト（ピーク輝度は3300ニト）と明るく、1〜120Hzの可変リフレッシュレートにも対応しています。

2モデルの最大の違いは画面サイズで、機能は共通。カラバリも同じ4色展開なので、シンプルに画面の見やすさや持ちやすさで選べます。両モデルはPixel 10の上位モデルで、Pixel 10がハイエンドであるのに対して、Pixel 10 Pro／10 Pro XLは「超ハイエンド」とでも呼ぶべき高いスペックを備えています。

背面カメラは広角（50メガピクセル）＋5倍望遠（48メガピクセル）＋超広角（48メガピクセル）で、望遠カメラは光学5倍、ロスレス10倍、最大100倍の超解像ズームで撮影可能。高倍率で撮影した画像は、撮影後すぐにAIで補完される仕組みで、明瞭な画質で記録されることが利点。前面カメラは48メガピクセルで、自撮りも高画質で楽しめます。

また内蔵スピーカーは音質を向上させ、「Google Pixel史上最高のオーディオ」と謳っています。

RAMはたっぷり16GB。バッテリー持続時間はPixel 10と同じく30時間以上で、Google Pixelsnap（ワイヤレス充電）にも対応。なお、急速充電の仕様は10 Proと10 Pro XLとでは若干差があり、有線・無線ともに10 Pro XLのほうがスピーディに充電できます。
Pixel 10 Pro Foldは長く使い続けられるタフなマシンに進化
Pixel 10 Pro Foldのカラバリは2色
Pixel 10 Pro Foldは折りたたみ時には6.4インチ、開くと8インチの大画面スクリーンを利用可能。競合のGalaxy Z Flip7は折りたたんだ状態で8.9mm、開くと4.2mmという薄さが話題になりましたが、Pixel 10 Pro Foldは前モデルと同等のサイズ感。折りたたみ時は10.8mm、開いて5.2mmという厚さです。しかし、折りたたみスマホとして初めてIP68準拠の防塵・防水性能を備え、耐落下性能も向上。Googleによると「10年以上の折りたたみ動作に対応」とのことで、長く安心して使えそうです。

背面カメラは広角（48メガピクセル）＋望遠（10.8メガピクセル）＋超広角（10.5メガピクセル）の3眼。望遠カメラは光学5倍、超解像ズームでは最大20倍で撮影できます。前面カメラは10メガピクセル。さらに10メガピクセルの内側カメラを備えています。機種名は “10 Pro” ですが、カメラの性能はPixel 10に近いようです。

しかし、高画質の背面カメラで自撮りができたり、撮った写真を大画面で見比べられる「インスタントビュー」など、折りたたみスマホならではの使い方ができることが利点。

RAMは16GB。電池持ちや充電の使用はPixel 10 Proとほぼ同じ。発売が少し先ということもあり、まだ実機には触れていませんが、前モデルから操作性が向上していることを期待できそうです。
Pixel watch 4は待望のGemini、心電図に対応
従来のデザインを継承しているが、ディスプレイのドーム感が強くなった
4世代目となるPixel Watch 4は、これまでで最も大きな進化を遂げた印象。円形のデザインはそのままに、ベゼルは16％細く、画面は10％広くなり、保護ガラスだけでなく、ディスプレイのエッジ部もカーブする新しいドーム型ディスプレイを採用。

初めて「Gemini」に対応し、話しかけて、知りたいことを調べることが可能。その際「OK Google」などと呼びかける必要はなく、手を上げるだけで、Geminiが起動して、音声の聞き取りが始まります。従来の「Googleアシスタント」よりも使い勝手はよくなり、できることは増えた印象です。

日本では使えなかった心電図（ECG）アプリが使えるようになったことも魅力。睡眠トラッキングと皮膚温センサーの精度も向上し、ヘルスケア機能の強化も図られています。

ワークアウトは40種類以上の運動をプリセットし、AIがトレーニングプランを作成してくれたりもします。「Fitbit」アプリはリニューアルされ、サブスクリプション「Fitbit Premium」も進化する予定。

バッテリー駆動時間は前モデルから25％向上し、41mmモデルは最長30時間、45mmモデルは最長40時間に。バッテリーセーバーモードにすると、それぞれ最長2日間、最長3日間持たせることができます。
Pixel Buds 2aはACNに対応し、Geminiも利用可能に
Pixel Buds 2aのカラバリは2色
Pixel Buds 2aは、コスパで人気のAシリーズの最新ワイヤレスイヤホン。Aシリーズ初のアクティブノイズキャンセリング機能を搭載。さらにGeminiにも対応しているので、スマホを取り出すことなく、音声による検索を利用可能。バッテリー駆動時間はANCオンで7時間、充電ケース使用時で20時間となっています。

既存の上位モデルのPixel Buds Pro 2には、新色のMoonstoneが登場。環境に合わせて音量や音質が調整される「アダブティブサウンド」や聴覚保護機能を備え、もちろん、Geminiにも対応しています。
通信キャリアでの販売価格も要チェック！
Googleストアおよび各キャリアが行う割引施策も要チェック！
気になるデバイスはありましたか？　なお、Pixel 10シリーズはドコモ、KDDI、ソフトバンク、楽天モバイルも取り扱います（Pixel 10 Pro Foldは楽天モバイルは取り扱わない）。通信キャリアで購入する場合、分割払いで購入して、1〜2年使った後に返却することで、以降の分割金の支払いが免除され、実質的な負担金を安く抑えられるプログラムも利用できます。また、Googleストアで購入する場合も下取りサービスが利用できます。事前によく調べて、賢く購入しましょう。
＜取材・文／村元正剛（ゴーズ）＞",[],[]
オンライン専売！スズキ・エブリイのオーナーが考案した理想のテールランプがついに登場!!【CARGoodsPress】（＆GP）,https://news.yahoo.co.jp/articles/8ef25d3cc84a8611c72eac5defa128571838f4b0,https://newsatcl-pctr.c.yimg.jp/t/amd-img/20250825-00010003-andgp-000-1-view.jpg?exp=10800,2025-08-25T21:20:14+09:00,2025-08-25T21:20:14+09:00,＆GP,andgp,＆GP,787,"「エブリイ LEDテールランプ」
軽バンのドレスアップで重視したいのは何といっても商用車感を無くすこと。スタイリッシュなエクステリアへと変貌させるパーツが不可欠だ。
【詳しく画像を見る】純正パーツと入れ替え装着ができ、光源をLED化
コラントが展開するオンライン専売パーツブランドのINTEC（インテック）から、エブリイ（DA64V／DA17V専用設計の新型フルLEDテールランプ、「エブリイ LEDテールランプ」（4万9500円）が新登場した。

エブリイオーナーの声を基に開発しており、機能性とデザイン性を両立させた注目アイテムに仕上げられている。
アウターレンズの仕上げ違いで3タイプを用意
リヤバンパーに組み込まれている純正リヤコンビランプと入れ替え装着ができるもので、LEDを光源としたポジション、ブレーキ、ウインカー、バックの各ランプを搭載。

ポジションランプ、ブレーキランプは後方車両からの視認性を高めるため上部に配置し、バックランプはスモークレンズを通すと暗くなるため透明としている。

さらにウインカーは光が流れるシーケンシャルタイプとしており、通常の発光（光が流れない）の選択もできる。

ラインアップは「レッドレンズ／クローム」、「ライトスモーク／グロスブラック」、「クリアレンズ／グロスブラック／レッドバー」の3種類を用意しており、好みに合わせた選択が可能だ。

■適合車種
スズキ エブリイ、ニッサン NV100クリッパー、マツダ スクラム、三菱 ミニキャブ
■型式
エブリイ DA64V/DA17V、クリッパー DR64V/DR17V、スクラム DG64V/DG17V、ミニキャブ DS64V/DS17V
■年式
エブリイ 2005.8～、クリッパー 2013.12～、スクラム 2005.9～、ミニキャブ 2014.2～
＜文／CGP編集部＞",[],[]
定番vs.コスパ.vs.新製品、夏に快適なイヤーカフ型ワイヤレスイヤホン3機種比較（＆GP）,https://news.yahoo.co.jp/articles/7681c11b7d56c7ac1bafa60e0f07cc062b2435a9,https://newsatcl-pctr.c.yimg.jp/t/amd-img/20250825-00010002-andgp-000-1-view.jpg?exp=10800,2025-08-25T21:00:02+09:00,2025-08-25T21:00:02+09:00,＆GP,andgp,＆GP,2760,"写真左からShokz「OpenDots ONE」（実勢価格2万7800円）、EarFun「EarFun Clip」（実勢価格7990円）、SOUNDPEATS「Clip1」（実勢価格9980円）
2025年、ワイヤレスイヤホンの新トレンドは「耳を塞がない快適さ」。中でも注目を集めているのが、耳をクリップのように挟んで装着する「イヤーカフ型」。暑い夏が続くなか、オープンで蒸れにくい装着感と、周囲の音も聞こえる安心感で支持を集めています。
【最小サイズのShokz「OpenDots ONE」を装着】
そんななか出揃った今夏の注目3モデル。定番のShokz、高コスパのEarFun、そしてハイスペックな新製品SOUNDPEATS。それぞれの実力を徹底比較してみました。
耳をクリップのように挟み込む「イヤーカフ型」の人気が急上昇
2025年夏の最新注目モデルといえば、まずは骨伝導イヤホンのパイオニアとして絶大な信頼を誇るShokzが送り出した初のイヤーカフ型Shokz「OpenDots ONE」。

そして、ネット通販を主戦場に、1万円を切る価格ながらLDACコーデックとハイレゾワイヤレスに対応する驚異的なコストパフォーマンスを実現したEarFun「EarFun Clip」。

3つめは、イヤーカフ型ながらLDAC対応、Dolby Audio対応という高音質ハイスペック路線に挑んだSOUNDPEATS「Clip1」。

このの3台を装着感、音楽リスニングの音質、通話マイク音質などをレビューしていきます。
3機種のプロフィールと装着感を紹介
Shokz「OpenDots ONE」
まずは各モデルのプロフィールとデザインをチェックしていきます。

2025年6月に発売されヒットモデルとなっているのがShokz「OpenDots ONE」。最大の特徴は骨伝導技術とスポーツ向け製品を牽引してきた同社らしい完成度の高さ。なおDolby Audio対応でデフォルトはオフの状態。バッテリー性能はイヤホン単体で約10時間です。

見た目にも小型、かつ耳に触れる部分のシリコン素材の素材選定なども作りが細かく、形状が秀逸で圧迫感なく、吸い付くようなフィットが快適です。長時間の装着でもストレスなく装着できます。激しい動きでもズレる気配はありません。
EarFun「EarFun Clip」
2025年5月発売のEarFun「EarFun Clip」は、1万円未満というお手頃価格でLDACに対応し、IP55の防水性能と欲しいスペックをすべて備えた価格破壊モデルになります。バッテリーはイヤホン単体で10時間、ケース込みで最大40時間再生と、十分なスタミナを確保しています。

今回は白色を用意した本体は、耳の外側に来る本体部こそ若干大柄ですが、クリップの型がちょうどよく、耳にストレートに挟まり装着感は快適。
SOUNDPEATS「Clip1」
SOUNDPEATS「Clip1」は、2025年8月に通常価格9980円で発売予定の最新モデル。最大の特色は、LDACコーデック対応と共にオープンイヤー型では珍しいDolby Audioへの対応です。独自のアルゴリズムや構造設計が多数投入されており、コスパ大賞受賞など技術評価の高モデルになります。バッテリー駆動時間はイヤホン単体で8時間、ケース併用で最大40時間。

0.6mmの超薄型ニッケルチタン合金を用いた「N-Flex Arch構造」で耳を軽く挟むようにフィットし、安定した装着感。左右どちらの耳に装着したかを自動で判別する「AutoSense 左右自動識別テクノロジー」もユニークです。

では音質を聴き比べてしていきましょう。宇多田ヒカルの『BADモード』と、ROSÉ & Bruno Marsの『APT.』の2曲を使いました。
Androidスマホをプレイヤーにして音質テスト
Shokz「OpenDots ONE」のサウンドは、バランスの取れた優等生的なもの。『BADモード』では、ボーカルの息遣いや繊細なニュアンスを伝えながら、メリハリを効かせた低音で空間を満たしてくれます。『APT.』ではグルーヴィーなベースラインとキレのあるギターカッティングが心地よく、ボーカルとのセパレーションも良好。周囲の音を聞きながらこれだけの音質も出せるとは正直驚きです。

EarFun「Clip」は、価格を考えるとかなり優秀。『BADモード』をLDACコーデック接続で聴くと、オープン型とは思えないほど深く厚みのある重低音が空間を満たします。ボーカルはナチュラル思考で自然に聞こえるのでBGMに心地よいサウンド。『APT.』では、リッチな低音で楽曲をドライブするタイプのサウンド。男性・女性ボーカルの歌声もクセなく聞けるオールラウンダーですね。

SOUNDPEATS「Clip1」は、他の2機種とは異なるタイプ。Dolby Audioがデフォルトで無効ですが、宇多田ヒカルのボーカルもクリアに立てつつ空間的な定位の広がりも重視。『APT.』も耳の外からハッキリ鳴るサウンド設計が面白いですね。なお、アプリからDolby Audioはオフにしてみても傾向はほぼ同じでした。

サウンドの完成度で考えると、やはり最も高額なShokz「OpenDots ONE」が頭ひとつ抜けますが、EarFun「Clip」、SOUNDPEATS「Clip1」でも音楽リスニングとしては十分な音質に到達しています。

最後にオンライン会議向けにマイク性能テストをしてみます。3機種とも厚みがある声の拾い方。通話マイク音質は3機種ほぼ同等というレベルで、通話用にも実用性があることを確認できました。

最新イヤカフ型ワイヤレスイヤホン、Shokz「OpenDots ONE」、EarFun「Clip」、SOUNDPEATS「Clip1」。どの機種も甲乙つけがたい完成度です。

Shokz「OpenDots ONE」は唯一の2万円オーバーですが、ブランドの信頼性と音質はやはりトップ。EarFun「Clip」は7990円で買えるコスパの高さは魅力的。最新のSOUNDPEATS「Clip1」は9980円でDolbyAudio対応の性能の高さは驚きです。空間志向サウンドという他機種にはない特徴があるので、映像コンテンツへの没入感を求めるユーザーにはピッタリですね。

まだ試した事もない人も多いであろうイヤーカフ型ワイヤレスイヤホン。まだまだ暑さが続くと考えると、3機種どれでも快適でハマるはず。まずは気になる1台から手に取って、使い始めてみてはいかがでしょうか。
＜取材・文／折原一也＞",[],[]
プロレベルの深く美しい艶と撥水性を発揮する史上最強のガラスコーティング剤が誕生!?【CARGoodsPress】（＆GP）,https://news.yahoo.co.jp/articles/85869fe02dc5dde0e27de0bb02a9a93b6b007942,https://newsatcl-pctr.c.yimg.jp/t/amd-img/20250825-00010001-andgp-000-1-view.jpg?exp=10800,2025-08-25T20:40:55+09:00,2025-08-25T20:40:55+09:00,＆GP,andgp,＆GP,764,"「ウルトラハードW（ダブル）コーティングPRO」
せっかくコーティング剤を施工するのならばツヤや撥水性が長く続く方が嬉しい。一度作業をすればいつも愛車をキレイな状態に保てるというものだ。
【詳しく画像を見る】撥水効果
リンレイから9月1日に発売される「ウルトラハードW（ダブル）コーティングPRO」はそんなニーズに応える、クルマ用ガラスコーティング剤。

リンレイが展開するプロ推奨の住居用強力洗剤、「ウルトラハードシリーズのクルマ用第7弾。ユーザー自身で簡単に施工が可能でありながらも専門店レベルのクオリティを達成している商品。

コーティング剤の重視ポイントである「ツヤ」は圧倒的な深みと鏡面のような美しい透明感を実現。液剤が空気中の湿気と反応することで被膜がボディに密着し、効果が長期間持続する。

白系、黒系、メタリック系など、さまざまなボディカラーに対応し、施工後の輝きは新車のような印象となる。

プロの世界でも使われている湿気硬化技術による強靭な被膜が、滑水性に優れた撥水効果と高い防汚性を発揮するのも特徴。

これにより雨ジミやウォータースポットはもちろん、砂埃・花粉・黄砂などの汚れが付着しにくくなる。

汚れが付着した場合でも簡単に洗い流せ、洗車の頻度や手間が大幅に軽減。同社の試験によるとボディ塗装面での耐久期間は1年以上を達成している。

また、ボディ以外にもガラスや未塗装樹脂にも施工が可能。複数のケミカルを使い分けず、1本でそれぞれの部位において専用品と遜色ない性能を生み出している。ガラスに使えば高い撥水性を発揮し、白くくすんだ未塗装樹脂に使用すれば黒い艶が復活する。

施工作業は塗布→30秒～60秒の乾燥→拭き上げというお手軽さで、誰でも簡単に手早く行える点も見逃せない。
＜文／CGP編集部＞",[],[]
4万円台で満足必至！「CMF Phone 2 Pro」が“買い”な5つの理由（＆GP）,https://news.yahoo.co.jp/articles/c12c649071e0cc19646361d1a94aca336481687d,https://newsatcl-pctr.c.yimg.jp/t/amd-img/20250825-00010000-andgp-000-1-view.jpg?exp=10800,2025-08-25T20:00:14+09:00,2025-08-25T20:00:14+09:00,＆GP,andgp,＆GP,3028,"「CMF Phone 2 Pro」カラバリは写真のオレンジのほか、ホワイト、ブラックの3色
独特なデザインで人気のNothingがサブブランドとして展開する「CMF by Nothing」。その最新スマホ「CMF Phone 2 Pro」が7月24日に発売されました。昨年発売された前モデル「CMF Phone 1」は、背面パネルを交換したり、アクセサリーを取り付けたりできるギミックが注目されましたが、性能面では物足りなさも指摘されていました。
【夜景の撮影画質はまずまず】
CMF Phone 2 Proは一見すると、前モデルと同じようにパネルを取り外せそうですが、パネル交換はできません。しかし、おサイフケータイやeSIMに対応するなど、機能は大幅に強化されています。Nothing公式サイトでの価格は、8GB＋128GBモデルが4万2800円、8GB＋256GBモデルが4万7800円とお手頃。楽天モバイル、IIJmioも取り扱っています。

筆者はNothing Japanからお借りして1週間ほど使ってみました。前モデルはメイン端末として使うには厳しいように感じましたが、今回はコレ1台で満足できる人もいそうです。筆者が気に入った5つのポイントをレビューします。
1. 遊び心が感じられるデザインが◎
約6.77インチの大画面ディスプレイを搭載。リフレッシュレートは最大120Hz
ディスプレイは約6.77インチの有機EL。大きめの画面で情報は見やすいですが、横幅は約78mmあり、片手持ちでの操作には制約が生じます。厚さは約7.8mmで、重さは約185g。Nothing史上最薄・最軽量のスマホに仕上がっています。

カラバリはオレンジ、ホワイト、ブラックの3色。筆者はオレンジを借りましたが、背面パネルは艶消しと艶ありのツートーンで趣のある仕上がり。ケースを付けずに、そのまま使いたくなること請け合い。パネルを留めるステンレス製のネジや、アルミを用いたカメラリングもいい感じのアクセントになっています。

前モデルのようにネジを外してパネルを着せ替えることはできませんが、右下の円形の留め具は回して外すことが可能。CMF Phone 1用のストラップを取り付けられます。
2. カメラが3眼に進化
望遠（2倍）で撮影
前モデルのカメラは約5000万画素のシングルカメラでしたが、Phone 2 Proは3眼に進化。広角（5000万画素）＋超広角（800万画素）＋望遠（5000万画素）と、4万円台とは思えない仕様を実現しています。望遠カメラは光学2倍で、デジタルズームと組み合わせて最大20倍（動画は最大8倍）で撮影できます。

ただし、撮影画質は「4万円台のミッドレンジなので、こんなものかなぁ」と思ったのが本音。使用するカメラによって色味が変わったり、室内の撮影では照明の影響を受けやすかったり、不満を感じることもありました。画質を重視する人は、なるべくメインの広角カメラだけを使うのが正解でしょう。

なお、フロントカメラは1600万画素で、自撮りやビデオ通話には十分な画質という印象でした。
3. 便利な「Essentialキー」を新搭載
Essentialキーを押すとスクショが撮れて、任意でメモを入力して保存できる
右側面の電源ボタンの下には「Essentialキー」が搭載されています。これは、日本では今年4月に発売された「Nothing Phone（3a）」から搭載された新機能で、このボタンを押すとスクリーンショットが撮れて、メモを追加して保存できる仕組み。長押しするとボイスレコーダーが起動し、音声メモも保存できます。

カチカチと2回押すと「Essential Space」というアプリが起動し、保存したスクショを確認できます。ただ画像が保存されるだけでなく、AIによって保存した情報が整理され、ユーザーに必要と思われる情報が検索されたり、行動が提案されたりする仕組み。現在は、いわばベータ版の状態で、今後さらに新機能が追加される予定なので、使い続けるほどに便利な機能になりそうです。
4. 日本向けのローカライズも万全
待望のeSIMに対応。筆者はau回線のIIJmioのeSIMをインストールして使ったが、スムーズに導入できた
前モデルのPhone 1は、プラチナバンドと呼ばれるBand 18、19、26に対応しておらず、ドコモまたはKDDI回線で使う場合に、つながりにくい状況が発生する恐れがあることが指摘されていました。しかし、Phone 2 Proはこれらの周波数にしっかり対応。日本の4キャリアのどのSIMを挿しても、快適に使えることが期待できます。

SIMスロットには2枚のnanoSIMを装着でき、2枚目のSIMの代わりにmicroSD（最大2TB）を装着することも可能。eSIMにも対応しているので、nanoSIM＋eSIMでデュアル回線を使い、microSDも装着してストレージを拡張するといった使い方もできます。

先述の通り、FeliCaを搭載し、おサイフケータイにも対応したので、SuicaやPASMOなどの交通系ICカードも利用できます。

防塵・防水は、日本で多くのスマホが対応するIP68ではないものの、前モデルのIP52から性能を上げて、IP54となっています。粉塵が内部に侵入する恐れが少なく、あらゆる方向から水しぶきがかかっても問題ないという水準です。雨天で使っても心配ないレベルと考えていいでしょう。
5. 電池持ちも十分
CMF Phone 2 Proの同梱品一式。透明のスマホケース、USBケーブル、SIMピンが付いているが、充電器は付属されてない
バッテリー容量は5Gスマホとして十分な5000mAh。筆者は試用した期間では1日で電池がピンチになることはなく、ライトユーザーならフル充電で2日使い続けられそうです。充電器は同梱されていませんが、33Wの急速充電にも対応しています。

プロセッサーはMediaTek Dimensity 7300 Pro 5G。最大2.5GHzのミッドレンジ向けのチップで、普段使いには支障はなさそう。RAMが8GBあるので、マルチタスク操作もスムーズに行えます。
CMFブランドで揃えて使うのもアリ
7月22日に発売されたスマートウォッチ「CMF Watch 3 Pro」も3色展開。Nothing公式サイトでの価格は1万3800円
スマホは折りたためるタイプを除くと、デザインが似たり寄ったりなのが現状。そんな中で、Nothingは異色の存在です。CMF PhoneもNothingブランドのスマホと同じように、モノクロ主体のクールなホーム画面が初期設定されています。それをNothing独自のウィジェットなどでカスタマイズすることも可能。

CMF Phone 2 Proは、普段使いに必要な機能はもれなく搭載し、おサイフケータイにも対応。4万円台ながら、コレ1台で満足できる仕様を備えています。弱点を挙げるとしたら、スピーカーがモノラルだということくらいでしょう。

CMFブランドのスマートウォッチやワイヤレスイヤホンも手頃な価格でリリースされているので、組み合わせて使うのもおすすめですよ！
＜取材・文／村元正剛（ゴーズ）＞",[],[]
