headline,mainEntityOfPage,image,datePublished,dateModified,author,media_en,media_jp,str_count,body,images,external_links
【山形】木と触れ合う体験型イベント　天童市で開催（YTS山形テレビ）,https://news.yahoo.co.jp/articles/5dab4f4027c0586de4c12dc4dff47fde19852169,https://newsatcl-pctr.c.yimg.jp/t/amd-img/20250118-00000003-yts-000-1-thumb.jpg?exp=10800,2025-01-18T18:33:07+09:00,2025-01-18T18:33:07+09:00,YTS山形テレビ,yts,YTS山形テレビ,272,"YTS山形テレビ
木と触れ合いながらものづくりを体験できるイベントが天童市で開かれました。

このイベントは天童市に自社工場を持つ住宅メーカー「ウンノハウス」が地元の人たちに木の魅力を感じてもらおうと初めて企画しました。
こちらはＤＩＹ体験コーナー。
参加した親子が力を合わせて箱や棚、木製のカレンダーづくりに挑戦していました。

「（難しかったところは？）トントンするとき（釘が）曲がったりするところ」
「（木の）ぬくもりもそうですけど、この香りもすごくいいなと思いました」

このイベントは19日も天童市のウンノハウス天童工場で行われます。",[],[]
【山形】黒川能「王祇祭」で振る舞われる豆腐焼き作業（YTS山形テレビ）,https://news.yahoo.co.jp/articles/4e408b2de2b1eb717dd76433d044fdc68df8050d,https://newsatcl-pctr.c.yimg.jp/t/amd-img/20250118-00000002-yts-000-2-thumb.jpg?exp=10800,2025-01-18T12:57:07+09:00,2025-01-18T18:27:18+09:00,YTS山形テレビ,yts,YTS山形テレビ,296,"YTS山形テレビ
鶴岡市に伝わる国の重要無形民俗文化財・黒川能の「王祇祭」で振る舞われる豆腐を焼く作業が始まりました。

来月1日から2日にかけ行われる「王祇祭」を前に上座の当屋・遠藤甚太郎さんの家ではおよそ20人が作業しました。
そして火の熱さを防ぐため段ボールで顔を隠し豆腐がこげないよう声を掛け合いながら焼いていきました。

「地域の方々に大勢来ていただいて本当にうれしく思う。これならやれるという形になっている。ありがたい」
豆腐は、19日までにおよそ6000本を焼きいったん凍らせます。
そして、みそで煮た後しょうゆやサンショウで味付けした汁をかけて王祇祭の観客らに振る舞われます。",[],[]
【山形】大学入学共通テスト 県内3492人の受験生が挑む（YTS山形テレビ）,https://news.yahoo.co.jp/articles/28a17c65046d8d1449a21c7ba5fed22934388c7a,https://newsatcl-pctr.c.yimg.jp/t/amd-img/20250118-00000001-yts-000-2-thumb.jpg?exp=10800,2025-01-18T12:51:06+09:00,2025-01-18T18:27:07+09:00,YTS山形テレビ,yts,YTS山形テレビ,301,"YTS山形テレビ
大学入学共通テストが全国で一斉に始まり、県内でもおよそ3500人の受験生が関門に挑んでいます。

大学入学共通テストは18日と19日の2日間、県内では6つの会場で行われ、志願者数は去年より96人少ない3492人となっています。
受験生は高校の恩師らから激励を受け会場入りしました。

「最後までやり切りたいです。」
「簡単なミスで間違えたら悔しいので、そこだけちゃんと意識して、あとはいつも通り頑張ります。」

試験は午前9時半から「地理歴史・公民」が始まり、午後には「国語」と「外国語」が行われます。
今のところ雪などによる交通機関のトラブルはなく、順調に進んでいるということです。",[],[]
