headline,mainEntityOfPage,image,datePublished,dateModified,author,media_en,media_jp,str_count,body,images,external_links
毛づくろいの途中でウトウト→完全に電池切れ（笑）　子猫の姿に視聴者もん絶！「めっちゃかわいい」「キュン死にした」（オトナンサー）,https://news.yahoo.co.jp/articles/b66c9cbc77086d1cbf53d8993f678cfaea6be740,https://newsatcl-pctr.c.yimg.jp/t/amd-img/20260813-00384430-otonans-000-3-view.jpg?exp=10800,2026-08-13T22:15:00+09:00,2026-08-14T02:02:22+09:00,オトナンサー,otonans,オトナンサー,674,一生懸命、毛づくろいを頑張る子猫 YouTubeチャンネル「めるにゃんちゅーぶ《mel nyan tube》」では、毛づくろいの途中の子猫がウトウトする様子が配信され、動画のコメント欄には「突然の電池切れにやられた」「かわいすぎて疲れた体に染みる」の声が続出しました。 【画像5枚】真っ白な子猫が一生懸命、毛づくろい→突然の電池切れ！ かわいすぎる姿 睡魔に勝てない～毛づくろいする子猫 注目を集めたのは「毛づくろい途中で力尽きた子猫が可愛すぎました…」という動画。まだ体毛も十分に生えてないくらいの子猫・マオくんが、一生懸命に毛づくろいしているシーンから始まります。 ミルクでお腹いっぱいになったマオくん。「もう自分でペロぺロできるニャン」と、入念に毛づくろいを始めます。小さな口と舌を使ってぺろぺろする姿が、何とも愛らしいですね。 すると、「なんだか気持ちよくなってきたニャン……」とぺろぺろが止まり、お目目がうつらうつら。どうやら、おなかいっぱいで眠たくなってしまったようです。と、思いきやハッと目を覚まし、「そういえばまだ途中だったニャン……」と思い出したように毛づくろいを再開しました。 顔から遠い位置にある後ろ足も何とかぺろぺろしようと、体をひねり、顔を近づけるマオくん。けれども、最後は睡魔に勝てず夢の中へ。マオくんにとって毛づくろいは、大変な作業だったようです。 動画の視聴者からは、「ずっと見てられる」「かわいさにキュン死にした」「めっちゃかわいいピンクのプニプニのきれいな肉球」などの声が寄せられていました。 オトナンサー編集部,[],[]
ゲリラ豪雨で車内に閉じ込められたらどうする？　警視庁が紹介する「脱出法」に「勉強になった」（オトナンサー）,https://news.yahoo.co.jp/articles/9a22101549f856130d9b4dc2dd90891c868e9998,https://newsatcl-pctr.c.yimg.jp/t/amd-img/20260813-00385040-otonans-000-5-view.jpg?exp=10800,2026-08-13T21:45:00+09:00,2026-08-14T01:22:27+09:00,オトナンサー,otonans,オトナンサー,557,警視庁災害対策課の公式Xアカウントより 気象庁が8月13日午後6時ごろ、千葉県北西部と南部で線状降水帯が発生したと発表しました。さらに午後7時半には千葉県北西部に「レベル5大雨特別警報」を発表しており、警戒が必要です。 【画像】「えっ…！？」 これがゲリラ豪雨で車内に閉じ込められたときの“脱出法”です！ こうした中、車を運転中にゲリラ豪雨による道路の冠水や河川の氾濫に巻き込まれ、車内に閉じ込められてしまうケースは珍しくありません。警視庁警備部災害対策課の公式Xアカウントが過去に、水没してドアが開かなくなった車から脱出する方法について紹介しています。 同アカウントの2019年1月31日の投稿では、車が水没してドアが開かなくなったときに緊急脱出ハンマーを使うよう、アドバイスしています。 緊急脱出ハンマーの使い方について、警視庁災害対策課は「使用のコツは、ガラスの隅を垂直に数回たたくことです。これはガラスの性質上中央に行くほど弾性が有り割れにくくなるからです。また、フロントガラスはたたいても割れないのでサイドガラスと覚えておきましょう」と解説しています。 この投稿に対し、SNS上では「使ったことがないので勉強になります」「いざというときこういう知識大切！」といった声が上がっています。 オトナンサー編集部,[],[]
coca人気のTシャツが《790円均一セール》！「生地がめちゃくちゃ気持ちいい」「何枚あっても使える」（オトナンサー）,https://news.yahoo.co.jp/articles/d7cff470f38b5a81d79251811bea347ac748f575,https://newsatcl-pctr.c.yimg.jp/t/amd-img/20260813-00384862-otonans-000-3-view.jpg?exp=10800,2026-08-13T21:15:00+09:00,2026-08-14T00:42:29+09:00,オトナンサー,otonans,オトナンサー,838,coca人気のTシャツ各種が790円均一！（画像はイメージ） ファストファッションブランド「coca（コカ）」が、8月16日までの期間限定で「ファイナルセール」を開催し、人気Tシャツの790円（以下、税込み）均一セールを実施しています。 【画像】790円…！？ cocaのプチプラTシャツを見る！ 人気Tシャツ各種が790円均一！ 同セールでは、「レギュラーウェイトロールアップロゴTシャツ」「フレンチスリーブプリントTシャツ」「クルーネックロゴTシャツ」（いずれも通常価格990円）、「テールカットカレッジビッグTシャツ」（通常価格1290円）、「ロールアップロゴプリントビッグTシャツ」（通常価格1490円）など、在庫限りの人気のTシャツ各種が790円で販売されています。 通販サイトのレビューでは、「レギュラーウェイトロールアップロゴTシャツ」に対して「グレーとピンクを購入しましたが、どちらもかわいくて何にでも合わせやすそうです」「丈も丁度いいし、柄もかわいくて大満足です。色違いでグレーも買いましたが、そちらも気に入っています。この夏、たくさん着たいです」「短めのTシャツが欲しかったので、2枚買いました」「めっちゃかわいいです！色違いもほしいくらい！」といった声があがっています。 また、「フレンチスリーブプリントTシャツ」には「この安さなので、複数枚買って、たくさん洗って、たくさん着ようと思います」「お安いのにかわいいので大満足です」「袖に折り返しがあり普通のTシャツよりフレンチスリーブ気味。サイズはレビューを参考にワンサイズ上を購入しましたが、おなか周りに余裕があってよかった」「生地がめちゃくちゃ気持ちいい」といった感想が寄せられました。 さらに、「テールカットカレッジビッグTシャツ」についても「何枚あっても使える」「お尻が隠れるデザインなのがいいです」「インでもアウトでもバランスとりやすい」など、さまざまな反応が寄せられました。 オトナンサー編集部,[],[]
【豪雨】下水の逆流を防止　警視庁災害対策課が紹介する“ライフハック”に「役に立ちます」「こういう知識って大事」（オトナンサー）,https://news.yahoo.co.jp/articles/9470c00fbb399c1c005ae7c378ed4d7ed34dce89,https://newsatcl-pctr.c.yimg.jp/t/amd-img/20260813-00385030-otonans-000-6-view.jpg?exp=10800,2026-08-13T20:45:00+09:00,2026-08-14T00:42:25+09:00,オトナンサー,otonans,オトナンサー,414,警視庁災害対策課の公式Xアカウントより 気象庁が8月13日午後6時ごろ、千葉県北西部と南部で線状降水帯が発生したと発表しました。さらに午後7時半には千葉県北西部に「レベル5大雨特別警報」を発表しており、浸水に注意が必要です。 【画像】「えっ…！？」 これが下水の逆流を防止する“ライフハック”です！ そんな中、過去には警視庁災害対策課の公式Xアカウントが大雨の際に下水の逆流を防ぐ方法について、紹介しています。 警視庁災害対策課は2024年8月15日に「豪雨の時など、急激な水位上昇で下水管が満水となり、下水が逆流してトイレや風呂場、洗濯機の排水口などから水が吹き出ることがあります」と投稿し、「ビニール袋に水を入れた『水のう』を置くと効果があります」とアドバイスしています。 こうした投稿に対し、SNS上では「役に立ちます」「これは良い方法ですね！」「こういう知識って大事ですね」などの声が上がっています。 オトナンサー編集部,[],[]
SNSで他人の“キラキラ”を見て焦る…落ち込んだ時に効果的な「自分を親友扱いする」技術【心理カウンセラー解説】（オトナンサー）,https://news.yahoo.co.jp/articles/576c3d7a0f9e4baed334c7f0a382dbacd897b6ec,https://newsatcl-pctr.c.yimg.jp/t/amd-img/20260813-00385025-otonans-000-1-view.jpg?exp=10800,2026-08-13T20:15:00+09:00,2026-08-13T20:15:00+09:00,オトナンサー,otonans,オトナンサー,1198,SNSで他人が楽しそうにしているのを見てつい焦ることも（画像はイメージ） SNSを見て、他人が楽しそうにしているのを見て、つい自分と比較したり、孤独を感じたりした経験はありませんか。そんな生活を続けているうちに、自分のことを評価したり必要以上に責めすぎてしまったりしているかもしれません。 【画像】「えっ…！？」 これが“ネガティブ思考”にハマってしまう人の特徴5選です そこで、「一人ぼっちな感覚」「自分のことをなかなか受け入れられない」と感じている場合によりよく自分と向き合うことのできる方法について、心理カウンセラーのうるかすさんに聞きました。 他人のSNSにモヤっとしたら…比較対象を「過去の自分」に変える Q.他人と自分を比較してしまった時、まず自分に何と言い聞かせればよいのでしょうか。 うるかすさん「『他者との比較』というのは、もともと人間が周囲との得意・不得意の違いを把握して生き延びるため、そして社会の中での適切な立ち位置を把握するために必要としていた、非常に高度な情報処理の一つです。そのため、『比較しないほうがいい』というわけではなく、他人と比べることで社会に順応しやすくなったり、自分にとってのある程度の基準を設定したりできるというメリットもありますね。 問題なのは、比較することで『やっぱり自分はダメなんだ』『あの人は〇〇できているのに…』と、比較をするたびに自分のことをネガティブに捉えて自己否定をしてしまう思考のクセになっている場合です。自己肯定感の低下はメンタルヘルスの悪化につながる可能性もあるため、『考え方のクセ』というのを意識して変えてみると良いでしょう。 まず一つは、比較をして『うらやましいな』と思う感情が、自分ではなく他人軸になっていないかという点です。特にSNSとの関わり方に大きいのですが、人気があってキラキラした生活をしている人を見ると、あたかもそれがすべての人にとっての幸せと感じてしまうことがあるかもしれません。 しかし、そのキラキラしている人と自分はまったくの別人で、価値観や考え方、生活スタイル、大事にしているものなどは異なります。多くの人に評価されている他人だから正解なのではなくて、『わたしは何を大事にしていたっけ？』『わたしがしたいことってなんだろう』など、自分の軸や大切にしていることを改めて振り返ってみるとよいかもしれません。 これに加えて、評価する対象を他人ではなく『過去の自分』にするというのも有効です。他人との比較の場合、『自分にないもの』に焦点をあてがちなので、どうしてもネガティブな感情が湧きやすくなってしまいます。 そこで、過去の自分と今の自分を比較することで、『今自分にあるもの』『過去と比べて成長できたこと』『これから目指したい姿』がそれぞれ明確になり、比べるということをポジティブな体験に変えることができます」,[],[]
聞いたことある？　「ナ」は納豆のナ？　老若男女に人気の謎グルメ「ナピラ」とは（オトナンサー）,https://news.yahoo.co.jp/articles/f0261bf048bcfc8c726cde239f16d21016c4c7bf,https://newsatcl-pctr.c.yimg.jp/t/amd-img/20260813-00385004-otonans-000-11-view.jpg?exp=10800,2026-08-13T19:15:00+09:00,2026-08-14T02:02:26+09:00,オトナンサー,otonans,オトナンサー,1088,ナピラって何？ 日本各地には、その土地ならではの食文化が息づく郷土料理やご当地グルメが数多く存在します。なかには、初めて名前を聞いた人が「何だろう？」と首をかしげてしまうようなユニークな一品も。そんな一風変わったご当地グルメのひとつ、「ナピラ」を紹介します。 【画像】意外と、見た目は普通…？ これが「ナピラ」です！ 「納豆ピザライス」＝「ナピラ」 「ナピラ」とは、本庄市を中心に埼玉県北部で愛されるグルメ「納豆ピザライス」のこと。1970年代から80年代にかけて喫茶店で人気を博していたメニューで、世代を超えて受け継がれてきました。しだいに「納豆・ピザ・ライス」の頭文字をとって「ナピラ」の愛称で呼ばれるようになりました。家庭や飲食店でその味が守られ、40年以上にわたり地域で愛されています。 大人から子どもまで幅広い世代に人気のナピラですが、作り方はとてもシンプル。ご飯の上に納豆を乗せ、サラミとピーマンをトッピングし、ピザ用チーズを盛り付けてオーブンで加熱するだけ。とろりとチーズが溶け、見た目はグラタンにそっくりですが、味わうと納豆の優しい甘みが広がります。納豆とチーズのダブル発酵食品のパワーで、腸内環境を整えることも期待できます。 もともとは喫茶店のまかないメニューだったというナピラ。広まるにつれ、それぞれの家庭でアレンジされるようになりました。具材もベーコンや玉ねぎなどいろいろで、しょうゆをたらしたりピザソースを加えたりと味付けのバリエーションもあります。「お昼ご飯にしょっちゅう食べる」という声もあり、各家庭のおふくろの味となっているようです。 また現在は昔ながらの喫茶店に加え、そば処やダイニングバーなど市内約30店舗の飲食店で提供されています。鉄板で焼かれた和風ナピラや、ザーサイが入った中華風、パン屋さんが販売する“ナピラパン”など、その店ならではのナピラに出会えます。 市内では学校給食に登場することも。“初代給食ナピラ”は、具材にひきわり納豆とホールコーンが使われ、トマトケチャップで味付けされました。「ナピラを食べて地元愛を深めてほしい」と、納豆が苦手な子どもでも食べやすいように試作が重ねられているようです。 地元の本庄商工会議所青年部では、新しく「焼き納豆ピザライス」を考案。ナピラを混ぜ合わせて丸く形作り表面をこんがり焼いたもので、食べ歩きにも最適です。持ち運べる“進化系ナピラ”として、市内のイベントで販売されているようです。地域に愛され、ますます広がりを見せているナピラを、機会があったらぜひ味わってみてください。 オトナンサー編集部,[],[]
「ファミマ算数できるもん！」大盛たこ焼きの数が…？　“45％増量”商品にSNSの反応「合ってるね」「信頼しかない（笑）」（オトナンサー）,https://news.yahoo.co.jp/articles/f4f6f5f0ae5732053d450cb04b9c226d93623c37,https://newsatcl-pctr.c.yimg.jp/t/amd-img/20260813-00384880-otonans-000-2-view.jpg?exp=10800,2026-08-13T18:15:00+09:00,2026-08-13T20:02:29+09:00,オトナンサー,otonans,オトナンサー,898,「お値段そのまま おかわり 45％増量作戦」第2弾の商品 2026年9月に創立45周年を迎えるファミリーマート（東京都港区）が、「お値段そのまま おかわり 45％増量作戦」キャンペーンを実施中です。8月13日、ファミリーマートの公式「X」アカウントが、増量された「だし香る！大盛とろーりたこ焼き」の写真を投稿しました。 【画像】ファミマ「算数できるもん！」おや…たこ焼きの数が…？ 45％増量作戦ラインアップを見る！ 45％増量された「だし香る！大盛とろーりたこ焼き」の数は何個？ 公式アカウントは、「ほんとだもん！ファミマ算数できるもん！！」とコメント。投稿された写真には、10個入りのところ、15個に増量された「だし香る！大盛とろーりたこ焼き」（538円、以下、税込み）が写っています。 さらに写真には「＋45％」の文字が。X上では、「10個（100％）に4.5個（45％）を足して14.5個…0.5個を四捨五入で繰り上げれば、15個…合ってるね」「数学ができるとは言ってない」「ファミマの算数、信頼しかない（笑）」と、さまざまな反応がありました。 キャンペーンは、さまざまな人気商品を“値段そのまま”で45％増量するというもの。今年3、4月にも行われ、年に2回実施されるのは、今回が初めて。今回のキャンペーンは、第2弾までとなっています。 開催中の第2弾ではほかに、「3色そぼろ＆チキン南蛮弁当」（680円）、「大盛ミートソース」（598円）、「赤城 たべる牧場ミルク」（248円）、「ポテトチップス わさビーフ」（159円）、「Afternoon Tea監修 白桃香るルイボスティー 950ml」（118円）が販売されています。 今年3、4月に開催されたキャンペーンでは、通常は2個入りのところ1個増量され、3個になった「テリヤキチキンとたまごのサンド」について、公式アカウントは「％計算難しかったんで、1個増やしときました！」と紹介。「ファミマは計算が苦手なのね（褒め言葉）」「サンドイッチのコメントほんと好き（笑）」とのコメントが寄せられ、ファンを楽しませました。 オトナンサー編集部,[],[]
【ファミマ】今年も「東京ばな奈」コラボ　バナナ味のザクほろシュー、もっちりクリームロール、アイス…全7種（オトナンサー）,https://news.yahoo.co.jp/articles/efae3710520f086d86341f1a6aea676a60b8bccb,https://newsatcl-pctr.c.yimg.jp/t/amd-img/20260813-00384898-otonans-000-1-view.jpg?exp=10800,2026-08-13T17:15:00+09:00,2026-08-13T17:15:00+09:00,オトナンサー,otonans,オトナンサー,1222,「ファミマで東京ばな奈『見ぃつけたっ』」キャンペーンのキービジュアル ファミリーマート（東京都港区）が、グレープストーン（同中央区）の人気商品「東京ばな奈」とコラボした商品7種類を展開する「ファミマで東京ばな奈『見ぃつけたっ』」キャンペーンを8月18日から期間・数量限定で実施します。ファミリーマートでは2022年から毎年「東京ばな奈」とのコラボを展開していて、今年で5周年目になります。 【写真】ヤバイ！ おいしそう！ バナナ味のアイス、パンケーキ、バナナミルクもある！ 1991年に発売を開始し、35周年を迎える「東京ばな奈」は、たっぷりのバナナカスタードをスポンジケーキで包みこんだ、優しい甘さとふんわり食感が特長の生菓子で“東京みやげ”の定番としても知られています。 今回のキャンペーンは、“ダブルバナナ”味がテーマ。ザクほろ食感のシューパフの中に、バナナ味のホイップクリームとバナナカスタードを詰めた「東京ばな奈 ザクほろシュー ダブルバナナ味」（254円、以下、税込み）、バナナ味のホイップとカスタードを入れ、もっちり食感の生地でロールした「東京ばな奈 もっちりクリームロール ダブルバナナ味」（380円）、バナナ味のパンケーキ生地に、バナナ味のカスタードクリームとホイップクリームの2種類をサンドした「東京ばな奈 バナナかすたあどパンケーキ2個入」（168円）、バナナとバナナカスタードの2種類の生地の味わいが楽しめるしっとり食感の「東京ばな奈 バナナかすたあどパウンドケーキ」（190円）が登場。 さらに、バナナ生地でバナナカスタード生地を包んで焼き上げた「東京ばな奈 バナナかすたあどクッキー」（205円）、バナナミルクに「とろっとバナナ果肉」とバナナジャムを入れた「東京ばな奈 バナナミルク」（298円）も発売。そして、「東京ばな奈」の味わいをイメージしたアイス「ワッフルコーン 東京ばな奈」（348円）もラインアップされています。 また、同キャンペーンを記念して、「東京ばな奈」コラボレーション商品や東京ばな奈のキャラクターがデザインされたオリジナルシール（L判）を9月8日まで期間限定で販売。店内のマルチコピー機に二次元コードをかざすと購入できます。価格は200円です。コラボフレームやスタンプもファミマネットワークプリントアプリ内に登場します。 コラボ商品を監修した担当者は、“ダブルバナナ”味になっている6種類の商品について、「今回のキャンペーンでは、東京ばな奈35周年のテーマ『ワクワクを届けるダブルバナナ味』に挑戦しました。長年愛されてきたバナナカスタード味に、もう一つのバナナ味を組み合わせた新時代の東京ばな奈のおいしさを、豊富なバリエーションで表現していただきましたので、たっぷり楽しんでもらえましたらうれしいです」とコメントを寄せています。 ※コラボ商品の消費税は8％で計算しています。 オトナンサー編集部,[],[]
旬の「モモ」は1カ月保存できる？　食品メーカーが紹介する“冷凍テク”とは　解凍後の食感に驚き（オトナンサー）,https://news.yahoo.co.jp/articles/d5ba441967cc9632752d8d2fdbeeaa68eee9d2a0,https://newsatcl-pctr.c.yimg.jp/t/amd-img/20260813-00384927-otonans-000-2-view.jpg?exp=10800,2026-08-13T16:15:00+09:00,2026-08-13T20:02:25+09:00,オトナンサー,otonans,オトナンサー,337,モモを長持ちさせる保存方法とは？ ニチレイフーズ（東京都中央区）が8月13日までに公式Xアカウントを更新。旬のモモを長持ちさせる保存方法について、紹介しています。 【画像】「えっ…！？」 これがモモを1カ月長持ちさせる“保存術”です！ 同社は「モモは『丸ごと冷凍』すれば1カ月も保存可能です」と投稿。冷凍保存のコツについて、次のように紹介しています。 （1）モモをやさしく洗い、キッチンペーパーで水気を拭き取る。 （2）モモを1個ずつラップで包む。冷凍用保存袋に入れて空気を抜くように口を閉じ、冷凍庫で保存する。 また「食べるときは常温におきます。15分待つとシャリトロ、30分でとろ〜り食感に」とアドバイスしています。ぜひ試してみてはいかがでしょうか。 オトナンサー編集部,[],[]
「父をかっこよくしたい」息子からカット依頼→ダンディーさが引き立つ“あか抜け”スタイルに「イケおじになってる！」「すてき」（オトナンサー）,https://news.yahoo.co.jp/articles/3e80b006ca576efca83aaf60e901718525975f34,https://newsatcl-pctr.c.yimg.jp/t/amd-img/20260813-00384847-otonans-000-7-view.jpg?exp=10800,2026-08-13T14:15:00+09:00,2026-08-13T19:22:22+09:00,オトナンサー,otonans,オトナンサー,895,普段は妻にカットしてもらっているという男性……どう変わる？ 「年齢を重ねて、どんな髪型が似合うか分からなくなってきた」という悩みを抱えている人も多いのではないでしょうか。お父さん世代になっても、かっこよくいたいですよね。そんな思いに寄り添う美容師・大月ショウさんが、お父さまを自然体で魅力あふれる姿へと大変身させていきます。インスタグラムに投稿された動画には、1300件以上の「いいね」が寄せられています。 【画像8枚】「父をかっこよくしたい」息子からカット依頼 ダンディーさが引き立つ大変身！ 「尊敬する父をかっこよくしてほしい」息子の勧めで来店 東京都渋谷区のヘアサロン「DIECE group」の代表を務める大月さんの元を訪れたのは、ひとりの男性。実は「尊敬する父をかっこよくしてほしい」という、息子さんからのリクエストがあったといいます。普段は奥さまに自宅で髪を整えてもらっているそうですが、今回は息子さんの強い勧めもあり来店しました。 目指すのは無理な“若作り”ではなく、男性の雰囲気になじむような自然なスタイルです。施術前は、前髪が目元にかかる長さで全体的にメリハリのない印象。ここから大月さんによって、“あか抜け”スタイルへと生まれ変わっていきます。 カットが終わると、トップには自然なボリュームが生まれ、軽やかな動きがプラスされました。前髪を立ち上げて縦のラインを強調し、サイドをすっきり整えたことでメリハリのある仕上がりに。おでこが見えることで爽やかさも格段にアップし、優しく笑う表情がより明るく映ります。 完成した姿を見た息子さんは、思わず「いいじゃん！」とうれしそうなひと言。優しい目元がしっかり見え、お父さまが持つダンディーな雰囲気がさらに引き立ちました。 「尊敬する父をかっこよくしたい」という、息子さんの作戦は見事に大成功ですね。このほほ笑ましいイメチェンに、SNSでは「お父さんかっこいい！ 親孝行な息子さんも素敵」「イケおじになってる！ 笑顔が最高」といった絶賛の声が寄せられています。多くの人が驚かされる大満足のビフォーアフターでした。 オトナンサー編集部,[],[]
【デニーズ】初の「お月見フェア」開催　背徳＆季節感、定番メニューの月見バージョン…全8商品が登場（オトナンサー）,https://news.yahoo.co.jp/articles/1707f8c9005507649e71658863eed81e0b274569,https://newsatcl-pctr.c.yimg.jp/t/amd-img/20260813-00384793-otonans-000-1-view.jpg?exp=10800,2026-08-13T12:45:00+09:00,2026-08-13T12:45:00+09:00,オトナンサー,otonans,オトナンサー,388,デニーズ「お月見フェア」のキービジュアル デニーズジャパン（東京都千代田区）のフェミレスチェーン「デニーズ」が、初となる「お月見フェア」を9月3日から開催します。 【写真】スイーツもあるぞ！ ボリューミーな月見メニューも！ おいしそう！ 同フェアでは、竹炭で和えた黒麺、麻辣（マーラー）が効いた肉みそ、香味高いガーリックライス、卵黄が楽しめる「黒麺×ガーリックライスの満月仕立て」（1199円、以下、税込み）といった背徳感のあるメニューや、人気メニュー「とろ～り卵とチーズのオムライス」に月見ハンバーグを乗せた「月見バーグ＆オムライス」（1650円）といった定番メニューのお月見バージョンが登場。 さらに、アボカドときんぴらごぼうが味わえる「アボカドときんぴらの月見バーグ」（1276円）といった季節を感じるメニューなど全8商品がラインアップされています。 オトナンサー編集部,[],[]
【なか卯】1羽からわずかしか取れない“希少部位”使用　「絶品炭火焼き親子重」発売（オトナンサー）,https://news.yahoo.co.jp/articles/38c8fbcd3f9ace15b942b346d1f19d1e5c795733,https://newsatcl-pctr.c.yimg.jp/t/amd-img/20260813-00384757-otonans-000-1-view.jpg?exp=10800,2026-08-13T12:15:00+09:00,2026-08-13T12:15:00+09:00,オトナンサー,otonans,オトナンサー,395,「絶品炭火焼き親子重」のキービジュアル なか卯（東京都港区）が展開する丼ぶりと京風うどんの「なか卯」が、「絶品炭火焼き親子重」を8月19日午前11時から期間限定で販売します。 【写真】親子丼に温たま！ おいしそうな「温たま絶品炭火焼き親子重」も見る！ 新商品は鶏1羽からわずかしか取れない希少部位「オイスターミート（鶏もも肉）」を使用したこだわりの親子重です。 オイスターミートは、鶏もも肉の中でも特にやわらかな食感とジューシーな味わいが特長の部位で、今回は備長炭で香ばしく焼き上げて、鶏肉本来のうまみが堪能できます。親子丼では、シャキシャキ食感の白ネギ、「こだわり卵」を使用しています。 同時に、濃厚な卵のコクが加わった「温たま絶品炭火焼き親子重」も販売。 価格は「絶品炭火焼き親子重」並盛が690円（以下、税込み）で、「温たま絶品炭火焼き親子重」並盛が800円です。 オトナンサー編集部,[],[]
実は多い…フードコートで「嫌な思いをした」人たち　SNS「席を奪われた」「真横で圧をかけられて…」（オトナンサー）,https://news.yahoo.co.jp/articles/d902205e14e88236819a6d0b6fba9db5cd5c8cec,https://newsatcl-pctr.c.yimg.jp/t/amd-img/20260813-00384804-otonans-000-9-view.jpg?exp=10800,2026-08-13T11:45:00+09:00,2026-08-14T01:22:30+09:00,オトナンサー,otonans,オトナンサー,784,フードコートの席を巡って争いが…… ショッピングモールやサービスエリアなどに入っている「フードコート」。幅広いジャンルの食べ物を楽しめるため、休日に家族で利用する機会も多いのではないでしょうか。SNS上に上がっているのは、席を確保する時など、いろいろな場面で「嫌な思いをした」という声です。熾烈（しれつ）な「フードコート戦争」の実態を見ていきましょう。 【画像】フードコートで会ったヤバい男 席を空けろ圧力で詰め寄り、なぜか鍵を…「こんな人、嫌だ」 席を取っておいても奪われる！？ 空席待ちで残念な経験をした人からは、「すぐ空きそうな席の近くで待っていたのに、空いた瞬間すごい勢いで走ってきた家族に取られた」「食べ終わってるのに、これみよがしに話し込んでて席を空けようとしない」といった声が上がっています。 また、席を取っておいたのに“奪われた”という人も。「ハンドタオルを置いておいたのに、床に落とされて別の家族が座ってた」「水とお手拭きを置いて注文しに行ったら席を取られてた。『片付け忘れかと思った。まぎらわしい』って言われて、めっちゃモヤモヤ」といった体験談も寄せられていました。 一方で、「真横に立って圧かけてくる人いるよね」「『どれくらいで食べ終わりますか』って聞いてくるのプレッシャーになるからやめてほしい」などのように、“待たれる側”からのクレームも続出。 空きそうな席への声がけについても、「片付け始めている時ならOK」「『早くどけ』って言われてるみたいで居心地が悪い」と意見が分かれており、タイミングを見極めるのもひと苦労です。 激しい座席争奪戦を避けるため、対策として「昼も夜もドンピシャで混むタイミングでは行かないようにしてる」「不快な気持ちになるくらいなら、多少高くついても専門店に入った方がいい」などの意見が見られました。 オトナンサー編集部,[],[]
寝起きの子猫、肉球を見せて…《あざとかわいい》しぐさに視聴者もん絶！「最高の猫動画」「抱きしめたい…」（オトナンサー）,https://news.yahoo.co.jp/articles/edac55a64a6c3835b806d4e9bd80a8e92c1004e6,https://newsatcl-pctr.c.yimg.jp/t/amd-img/20260813-00384407-otonans-000-2-view.jpg?exp=10800,2026-08-13T11:15:00+09:00,2026-08-13T12:42:33+09:00,オトナンサー,otonans,オトナンサー,648,まだ眠い……？ 子猫のしぐさにもん絶！ YouTubeチャンネル「Momo ＆ Yogi」では、子猫の寝起きの様子が配信され、動画のコメント欄には「なでたくてたまらないよ」「このかわいい子と毎日一緒に起きたい！」の声が続出しました。 【画像5枚】あざとかわいすぎる（笑） 肉球を見せて…子猫の姿がたまらん！ 寝起きの子猫がかわいすぎ！ 注目を集めたのは「Cutest Kitten Says Good Morning!」という動画。小さな灰色のしま模様の子猫・モモが、どうやらちょうど目覚めたところのようです。 まだぼんやりとした目をしながら、足を伸ばして体をひねり、周りの様子を見回すモモ。ぐっと開いた小さな手がとってもキュートですね。 起きたものの、まだ眠気が覚めない様子。ベッドに頭をこすりつけながら大きな目を瞬かせている姿は、「もうちょっと寝ていたいニャン」と言っているようです。 そして……飼い主さんを見つめながらベッドの縁に手をかけて、今度は顔を半分のぞかせました。なんともあざとかわいいしぐさがたまりません。 それでもようやく起きる気になったのか、頭を起こしてベッドの外へ出ようとするモモ。完全には体が目覚めていないのか、起き上がろうとじたばたする姿は愛らしいだけでなく、ユーモラスで笑いを誘います。 動画を見た視聴者からは、「肉球がかわいすぎるんですけど！」「思わず手をのばして抱きしめたくなっちゃった」「これこそ最高の猫動画」といった声が寄せられていました。 オトナンサー編集部,[],[]
【漫画】手をつなぐと思いきや…？　娘がパパの手に乗せた“まさかのプレゼント”に「笑った」【作者取材】（オトナンサー）,https://news.yahoo.co.jp/articles/2851e47dc44696738fe5a447981ba705a8f9fb51,https://newsatcl-pctr.c.yimg.jp/t/amd-img/20260813-00383198-otonans-000-2-view.jpg?exp=10800,2026-08-13T09:45:00+09:00,2026-08-13T10:42:24+09:00,オトナンサー,otonans,オトナンサー,732,漫画「並んでユーチューブ」のカット（いちご父さんさん提供） イラストレーターのいちご父さんさんの漫画がインスタグラムで多くの「いいね」を集めて話題となっています。 【漫画】本編を読む 並んで寝転びながらYouTubeを見ていた父と娘。すると娘が突然、手を伸ばしてきました。手をつなぎたいのかと思った父は、手を伸ばしたのですが…という内容で、読者からは「プレゼントかな？（笑）」「パパなら許されると思っていますね」などの声が上がっています。 思わず「こら！」とツッコミ 「いちご父さん」さんは、インスタグラムで作品を発表しています。いちご父さんさんに作品について話を聞きました。 Q.今回の漫画を描いたきっかけを教えてください。 いちご父さんさん「娘の行動があまりに突拍子もなかったので、これはいいネタだと思って描きました」 Q.このときの娘さんの行動を、どのように感じましたか。 いちご父さんさん「不快感などはありませんでしたが、突拍子もなさすぎて、ポカーンとしました」 Q.この後、娘さんにどのような反応をしたのでしょうか。 いちご父さんさん「『こら！』『人の手に付けるんじゃない』とツッコミを入れました。娘は笑っていました」 Q.このことを、奥さまには話しましたか。 いちご父さんさん「話しました。どうやら、妻も同じようなことをされたみたいで、笑いながら『最近よくやる』と言っていました」 Q.ちなみに、娘さんからもらった「プレゼント」はその後どうされたのですか。 いちご父さんさん「ティッシュで包んで捨てました」 Q.作品について、どのようなコメントが寄せられていますか。 いちご父さんさん「『笑った』というリアクションが多かったですね」 オトナンサー編集部,[],[]
【雷】空の急変、ヒヤッとした風、セミの鳴き声、鳥の飛び方…予兆の感じ方【気象予報士・解説】（オトナンサー）,https://news.yahoo.co.jp/articles/605083749659dbdc2a08630843d7fc8a98d9b3a7,https://newsatcl-pctr.c.yimg.jp/t/amd-img/20260813-00384821-otonans-000-2-view.jpg?exp=10800,2026-08-13T09:15:00+09:00,2026-08-13T16:02:49+09:00,オトナンサー,otonans,オトナンサー,1817,落雷のイメージビジュアル 気温が高い日に、遠くの方でゴロゴロという音を聞くと、歩くスピードを早めたり、慌てて洗濯物を取り込んだりした経験があると思います。また、自宅や勤務先の近くで落雷があり、怖い思いをしたことがある人もいるかもしれません。急速に発達した積乱雲や落雷を避けたい時にどうすればよいのか、気象予報士で防災士の橋本真希さんに夏の雷と冬の雷の違いや正しい避難方法と一緒に聞いてみました。 【写真】でわかりやすく！ 落雷の危険から身を守る方法がコレです！ 冬の雷は、夏の100倍以上の破壊力がある場合も Q．夏の雷と冬の雷の違いについて、教えてください。 橋本さん「『雷』は、発達した積乱雲の中で氷の粒が激しく衝突して静電気が生じることで発生します。夏は、強い日差しで暖められた地上の空気が急上昇したり、南から暖かく湿った空気が流れ込む、または上空に冷たい空気が流れ込んだりすることで大気の状態が不安定になって積乱雲が発達し、雷が発生します。 雲の高さは10キロメートル以上で時に成層圏まで達し、積乱雲の上部に電気がたまり何度も雷が発生します。大雨や突風、ひょうを伴うことも多く危険です。 一方、『冬の雷』は、大陸から流れ込む非常に冷たい空気が、暖流の対馬海流上空を通過するときに地表付近と上空の温度差が大きくなり、さらに海から大量の水蒸気が供給されることで積乱雲が発達して雷が発生します。 雲の高さは夏の半分以下ですが、寒気と海面との温度差が大きくエネルギーが凝縮されることに加え、雲の底が地表に近いため場合によっては夏の100倍以上の破壊力を持つことがあります。 一度、落雷するとしばらくの間はおさまるため『一発雷（いっぱつらい）』と呼ばれ、日本海側やノルウェーの大西洋沿岸、北米の五大湖周辺や地中海の東部沿岸など、一部の地域のみで見られる、世界的に珍しい現象です」 Q．雷がくる予兆や、気を付け方があったら教えてください。 橋本さん「空が急に暗くなり、『ヒヤッ』とした冷たい風が吹いたときは雷雲が近づいているサインです。 川の水が急に濁り、水位が上昇したときは、上流で雷雨が発生している可能性があります。また、AMラジオの電波が約50キロメートル先の雷を感知すると『ガリガリ』と独特のノイズが入ることもあります。他にも、セミが急に鳴き止む、鳥が一斉に低く飛ぶなど生き物達が気圧の変化を察知して起こす行動にも注意しましょう。 積乱雲は想像以上に早く成長しますし、雷は放電しやすいルートを求めて雲から水平方向へ10キロ以上離れたところに落ちることもあるため、雨が降っていない場所や青空が見えている場所でも、雷鳴が聞こえるなど、雷の予兆に気づいたときはすぐに頑丈な建物や車の中などへ避難しましょう」 Q．では、雷から身を守る方法も教えてください。 橋本さん「電気が人へ飛び移る『側撃雷』の危険性があるため、高い木の下での雨宿りやテント内へは決して避難してはいけません。 特に、冬は前触れなく強烈な一撃が落ちるので一刻も早い避難が必要です。雪の降り方が強まったり、暗雲が広がりだしたら、落雷による停電や雷サージによる電子機器への損傷に備え、パソコンなどの精密機器はコンセントからプラグを抜いておきましょう。 グラウンドやゴルフ場、山頂など見晴らしのよいところは落雷しやすく危険です。避難できる場所が近くにない場合は、落雷の爆音や衝撃波から鼓膜を守るためにしゃがみ込んで低い姿勢をとり、両手で耳をふさぎましょう。 地面を伝わる電流で感電しないように、両足をそろえ、つま先立ちの姿勢を保って地面と接する面積を最小限にします。また、傘やゴルフクラブ、釣り竿などの長いものは、体より高く突き出さないように注意しましょう。雷から身を守るためには、今自分のいる場所で落雷が発生する可能性を確認し、早めに避難・対策することが大切です。気象庁や気象会社などの防災アプリやホームページで雷雨予想をこまめにチェックするようにしましょう」 雷は発達した積乱雲が原因で発生する現象です。何度も落雷して激しい雨やひょうを伴う夏の雷と、一発のエネルギーが大きい冬の雷はそれぞれ危険性が異なるため注意が必要です。雷の予兆を一つでも感じたら、気象庁や気象会社などの防災アプリやホームページをチェックして、早めに避難・対策するようにしましょう。 オトナンサー編集部,[],[]
プロテイン飲み続けると便秘に…野菜食べると逆効果？　「食物繊維」の正しい取り方とは【管理栄養士解説】（オトナンサー）,https://news.yahoo.co.jp/articles/2f3e9d0a0bbd5becc2eefbfb52becaf0244fa9c1,https://newsatcl-pctr.c.yimg.jp/t/amd-img/20260813-00384829-otonans-000-5-view.jpg?exp=10800,2026-08-13T08:15:00+09:00,2026-08-13T12:02:43+09:00,オトナンサー,otonans,オトナンサー,950,プロテインを飲むと便秘になりやすい原因とは？（画像はイメージ） 筋力をつけるため、筋トレのほかにプロテインを飲んでいる人は多いのではないでしょうか。一方、市販のプロテインを飲み続けていたら、便秘になってしまった経験がある人もいるようで、SNS上では「なぜかプロテイン飲むと便秘になる」「おなかの調子が悪いのはプロテインのせいかもしれない」などの声が上がっています。 【画像】「えっ…！？」 これが「血糖値」が爆上がりする食べ物です！ この場合、どのような原因が考えられるのでしょうか。また、便秘の改善には食物繊維の摂取がよいといわれていますが、どのような食材がおすすめなのでしょうか。管理栄養士の松田加奈さんに聞きました。 プロテインを摂取すると大量の水分を消費 Q.筋肉をつけるためにプロテインや鶏のむね肉の摂取量を増やしたところ、便秘気味になるケースは珍しくないようです。なぜなのでしょうか。 松田さん「プロテインや鶏のむね肉のようなタンパク質ばかりの食事だと、食物繊維不足で便秘気味になってしまいます。筋トレをしていてプロテインを1日3回飲む人もいると思いますが、プロテインは体内で分解や代謝する際に水分をとても消費します。プロテインは水分だから大丈夫だと思いがちですが、天然のものではないので飲み過ぎると腸に悪く、悪玉菌が増えて腸が荒れる可能性があるため、実は便秘になりやすいのです。 プロテインは1日1杯までにするとともに、毎日飲まないのが望ましいです。タンパク質はなるべく自然のものから摂取し、食べ過ぎにも注意しましょう。 食物繊維を取りたいときにはただ野菜や芋を食べればいいというわけではありません。食物繊維には水に溶ける水溶性と溶けない不溶性があり、不溶性食物繊維ばかり取ると繊維が水分を吸収して便が硬くなり、むしろ便秘になってしまいます。 水溶性食物繊維は便に水分を与えて軟らかくしてくれるので、両方の食物繊維を取ることが重要です。不溶性食物繊維が含まれているのは、繊維が見て分かるサツマイモや野菜類に加えて、玄米や豆類などが挙げられます。一方で水溶性食物繊維が含まれているのは、海藻やオクラ、納豆などのネバネバした食品や、キムチ、もち麦などです。これらをバランスよく取りましょう」,[],[]
「手足口病」って大人がかかると重症化？　実は歩行、仕事に支障も…家庭でできる予防策とは【医師解説】（オトナンサー）,https://news.yahoo.co.jp/articles/b359099ef4cb1487bd4d9c3e25963b6dd85e1ed5,https://newsatcl-pctr.c.yimg.jp/t/amd-img/20260813-00384809-otonans-000-7-view.jpg?exp=10800,2026-08-13T07:15:00+09:00,2026-08-13T18:02:23+09:00,オトナンサー,otonans,オトナンサー,1116,大人が手足口病にかかると重症化？（画像はイメージ） 主に乳幼児が感染する「手足口病」が全国的に流行しています。自治体によっては、1医療機関当たりの患者報告数が警報レベルを上回っているケースもあり注意が必要です。 【画像】「えっ…！？」 これが「手足口病」の感染に注意が必要な人の“特徴”です！ 実際にSNS上では「お盆前に子どもが手足口病になってしまった」「お盆に初めての家族旅行を計画していたのに、上の子が手足口病になってしまったのでキャンセル」という声のほか、「大人はかかりにくいけど重症化しやすいらしい」「何を飲み込んでも痛すぎ」といった声も上がっています。 大人が手足口病にかかった場合、子どもより症状が重くなる可能性はあるのでしょうか。手足口病の注意点や感染対策などについて、対面診療とオンライン診療を提供するクリニックフォアの監修医・渥美義大さんが解説します。 大人が発症すると「歩行や仕事に支障」が出ることも 手足口病はコクサッキーウイルスやエンテロウイルスなど複数のウイルスが原因で、主に子どもがかかる感染症です。ただし、大人も決して無縁ではありません。特に子どもの看病をする保護者は濃厚に接触するため、家庭内でうつるケースが少なくなく、注意が必要です。 大人が発症した場合、子どもよりも症状が強く出やすい傾向が指摘されています。手足の発疹の強い痛みや喉の痛み、高い熱が出ることがあり、痛みで食事や歩行、仕事に支障が出ることもあります。一方で、発疹や軽い痛みのみで発熱を伴わない軽症のケースもあります。 免疫力が低下している人や妊娠中の人が感染すると、症状が長引いたり合併症のリスクが高まったりする場合があるため、より注意が必要です。 回復後に「爪がはがれる」ことも 手足口病には原因ウイルスを直接排除する特効薬やワクチンはなく、治療は症状をやわらげる対症療法が中心となります。発熱や痛みには解熱鎮痛薬、喉や口の痛みには刺激の少ない食事の工夫などで対応します。 多くの場合、症状は1週間から10日ほどで軽減していきますが、痛みや発疹が思ったより長引くこともあります。また、まれに回復後しばらくたってから爪がはがれる「爪甲脱落症」といった経過をたどることもあります。 もし高熱が続く、水分が取れない、頭痛や嘔吐（おうと）を繰り返すなど、いつもと様子が違う場合は医療機関への受診が必要です。 こうした「救急に行くほどではないが、経過を見ながら対応したい」「一度受診したが長引いていて相談したい」という段階は、お子さんの場合は小児科の受診を推奨しますが、大人に関しては自宅から受診できるオンライン保険診療の検討も可能です。,[],[]
【マクドナルド】炭酸ドリンクS・Mサイズが特別価格“150円”　最大“140円”お得な「トクニナルド」キャンペーン実施（オトナンサー）,https://news.yahoo.co.jp/articles/bacb43f621663f4425c7ab630fea326fbee908dc,https://newsatcl-pctr.c.yimg.jp/t/amd-img/20260813-00384745-otonans-000-2-view.jpg?exp=10800,2026-08-13T06:45:00+09:00,2026-08-13T09:22:26+09:00,オトナンサー,otonans,オトナンサー,507,「トクニナルド」キャンペーンのキービジュアル 日本マクドナルド（東京都新宿区）が、炭酸ドリンクが最大140円お得になる「トクニナルド」キャンペーンを8月17日から12日間限定で実施します。 【画像】めちゃお得…！ これがS・Mとも“150円”になる炭酸ドリンクのラインアップです！ 同キャンペーンでは、炭酸ドリンクS・Mサイズを特別価格150円（通常価格：Sサイズ160円～、Mサイズ290円～、以下、税込み）で販売。 マクドナルドの炭酸ドリンクは、「コカ・コーラ」「コカ・コーラ ゼロ」「ファンタ メロン」「ファンタ グレープ」「スプライト」「Qoo 白ぶどう」の全6種類がラインアップ。 特別価格での販売期間は、同月28日まで。 また、同期間中、「マックフライポテト」M・Lサイズが特別価格250円で提供されます。 同月14日からは、アイドルグループ「日向坂46」の大野愛実さんが、黄色の衣装に身を包んだ新キャラクター「Ms.トクニナルド」として初登場する新テレビCMが放送されます。 さらに、1000円分の「マックカード」が当たるキャンペーンが、同社の公式「X」アカウントで実施されます。 オトナンサー編集部,[],[]
【漫画】エアコンから「カリカリ」…　故障ではなかった“まさかの原因”にゾッ！　「これは発狂しそう」【作者取材】（オトナンサー）,https://news.yahoo.co.jp/articles/dce252b11e18d932001ec1c596e5456d1111c3de,https://newsatcl-pctr.c.yimg.jp/t/amd-img/20260813-00383190-otonans-000-8-view.jpg?exp=10800,2026-08-13T06:15:00+09:00,2026-08-13T23:22:36+09:00,オトナンサー,otonans,オトナンサー,1672,エアコンから鳴る謎の音の正体について描いた漫画のカット（メェメェさんさん提供） イラストレーターの「メェメェさん」さんの漫画がインスタグラムで800以上の「いいね」を集めて話題となっています。 【漫画】本編を読む 「カリカリ」「キリキリ」と、エアコンから変な音がすることに気付いた作者。「自分で本格的に掃除をしたせい？」と故障を疑い、業者を呼んで確認してもらったところ…という内容で、読者からは「まさかうちのエアコンにも…」「これは発狂しそう」「しばらくエアコン怖くて使えない（笑）」などの声が上がっています。 修理後もしばらくはビクビク 「メェメェさん」さんは、インスタグラムで作品を発表しています。「メェメェさん」さんに作品について話を聞きました。 Q.今回の漫画を描いたきっかけを教えてください。 メェメェさんさん「自宅のエアコンから『カリカリ』という異音が聞こえ、恐怖を感じました。『自分で掃除したことが原因かも？』と青ざめていましたが、プロを呼んだところ、まさかの原因が判明…。この恐怖と絶望、そして最終的な安堵（あんど）感までの一連の出来事がドラマのようで衝撃的だったので、自分の中で整理して昇華するために漫画として描き上げました。 この実体験をお伝えすることで、皆さんが同じ失敗をしないよう、また万が一の際には迷わずプロに頼るきっかけになればと思っています」 Q.異音の原因が分かったとき、どのように感じましたか。 メェメェさんさん「『自分のせいじゃなかった！』という安堵と、『なぜうちのエアコンに…』という絶望が入り混じった複雑な心境でした。エアコンを分解して直してもらっている間は、恥ずかしさと申し訳なさでいっぱいでしたが、原因が分かった瞬間、ある意味で開き直りました。ただ、修理代の1万4300円は痛い出費でした（笑）」 Q.その後、そのエアコンを使うことに抵抗はありませんでしたか。 メェメェさんさん「しばらくは、『また音がするのではないか』とビクビクして、電源を入れることが怖かったです。ただ、プロの方にしっかりと分解・洗浄していただいたので、衛生面は問題ないと言い聞かせて使っています。今でも時々、エアコンの下で寝ているときにふと頭をよぎって、少しだけヒヤッとしています」 Q.駆除が終わった後、何か対策はされましたか。 メェメェさんさん「修理してくださった方から、『外からドレンホース（排水ホース）を通って侵入することが多い』と教わったので、すぐに『防虫ドレンキャップ』を購入して取り付けました。それ以来、今のところ同様の現象は起きていません。もっと早く付けておけばよかったです。 また、今回の件で痛感したのは、自分の知識だけで無理に掃除をしようとするのはリスクがあるということです。今回はたまたま虫でしたが、自己流の清掃が故障の原因になることもありますよね。虫トラブルに限らず、何か異変を感じたら自分で触りすぎず、早い段階でプロの業者さんに相談するのが一番安全で近道だと学びました」 Q.もし「エアコンからの謎の音」が聞こえていたら…。体験からのアドバイスをお願いします。 メェメェさんさん「エアコンからの『カリカリ』『カサカサ』という音は、機械の故障だけでなく、生き物が住み着いているサインかもしれません。『様子を見よう』と放置して被害が拡大すると、修理費用もメンタルへのダメージも大きくなります。少しでも違和感を覚えたら、迷わずプロの業者さんに相談してください。それが一番の近道ですし、何より精神衛生上にいいです」 Q.作品について、どのようなコメントが寄せられていますか。 メェメェさんさん「『怖すぎて、ドレンホースを確認した』『修理代は痛いけれど、自分のせいじゃなくてよかったですね』『内容がホラーすぎた（笑）』などといった、驚きや共感のコメントを多数いただきました。エアコンの侵入経路はあまり意識されていなかったようで、これを機に対策を検討するきっかけになったという方も多かったです」 オトナンサー編集部,[],[]
