headline,mainEntityOfPage,image,datePublished,dateModified,author,media_en,media_jp,str_count,body,images,external_links
自慢の愛車写真でロードマップを完成させよう！ スズキが「Vストローム ロケーションマップ」を開催（バイクのニュース）,https://news.yahoo.co.jp/articles/2f794e81c73f38523a8e0c4fb7449aa1fb765460,https://newsatcl-pctr.c.yimg.jp/t/amd-img/20240213-10351185-bikeno-000-1-view.jpg?exp=10800,2024-02-13T19:10:00+09:00,2024-02-13T19:10:00+09:00,バイクのニュース,bikeno,バイクのニュース,544,\nVストロームオーナーで作るロケーションマップ\n昨年11月に実施されたイベント「V-Strom Meeting 2023」で発表されたVストロームオーナー投稿型WEBイベント「Vストローム ロケーションマップ」が、スズキホームページ特設サイト上で開催されています。\n【画像】スズキが開催中の「V ストローム ロケーションマップ」を画像で見る(10枚)\nスズキが開催中の「V ストローム ロケーションマップ」\nイベント名：「V ストローム ロケーションマップ」（通称Ｖロケマップ）\n \n 実施期間：2024年2月9日からV-Strom Meeting 2024まで \n \n 内容：Vストロームオーナーが住んでいるスポットで撮影した自慢の愛車を投稿することで、ロケーションマップを作り上げていきます。\n 都道府県ごとに投稿数を日本地図で確認でき、そこからユーザーの投稿写真を見る事ができます。 \n\n 投稿資格：投稿者本人がVストロームを所有していること。\n 日本在住であること。 \n\n 投稿方法：投稿フォームより、「ハンドルネーム」「都道府県名」「メールアドレス」を入力し、画像を送信してください。投稿はおひとりにつき1台1回のみです。\nバイクのニュース編集部,['https://newsatcl-pctr.c.yimg.jp/t/amd-img/20240213-10351185-bikeno-000-1-view.jpg?pri=l&w=640&h=426&exp=10800'],"['https://bike-news.jp/photo/351185', 'https://news.yahoo.co.jp/articles/2f794e81c73f38523a8e0c4fb7449aa1fb765460/images/000']"
自転車のチェーンが突然外れた！ その原因は小さな部品たちがやせ細ったからかも？（バイクのニュース）,https://news.yahoo.co.jp/articles/16b4a3b6fbe5e996c5ae0d2a59b96b28cbdac432,https://newsatcl-pctr.c.yimg.jp/t/amd-img/20240213-10350945-bikeno-000-1-view.jpg?exp=10800,2024-02-13T12:10:00+09:00,2024-02-13T12:10:00+09:00,バイクのニュース,bikeno,バイクのニュース,1926,\n身を削って働く、小さな部品たち\nどれだけ気をつけて自転車に乗っていても、どうしても不具合は発生してしまいます。日々のメンテナンスを欠かさず行なっていたとしても「毎日乗るもの」だからこそ調子が悪くなってしまうこともあります。そんな経年劣化と言える現象のひとつが「チェーン伸び」です。\n【画像】自転車のチェーンを見る（5枚）\n金属製なのに「伸びる（？）」自転車のチェーンに注目\n自転車の修理と言ったら、まずパンク修理ではないでしょうか。そしてその次に思い浮かべるのが、突然チェーンがギアから外れてしまうトラブルだと思います。\n\n「チェーン外れ」の原因としては、無理な段差の乗り越え、転倒、変速機の調整不足など、さまざまな要因が考えられますが、一般的なママチャリ（シティサイクル）においてはチェーンの「伸び」が主な原因と言えます。\n\n チェーンが伸びてしまうと、ギアから外れなかったとしてもペダルを踏み込んだ力が十分に後輪へ伝えられなかったり、「カシャカシャ」と不快な音がする、ギア自体を痛めてしまうなど、さまざまな悪い状況を招くことになります。\n\n そもそも「鉄でできているチェーンがどうして伸びるの？」という疑問もあると思いますが、その理由はチェーンの構造にあります。\n\n チェーン（chain）は直訳すると「鎖」ですが、その名が表す通り「リンク」と呼ばれる約2cmほどの小さな金属プレートが連なったもので、間にローラーを挟みながら、フレキシブルに動けるようわずかに隙間がある状態で、ボールペンの芯ほどの太さのピンでいくつも連結された構造になっています。\n\n チェーン全体を見ると頑丈そうですが、構成する部品自体は使い続けることで金属プレートが摩耗したり、ローラーが摩耗で削れてリンクの隙間が広がるなど、徐々に長さが伸びます。1カ所だけ見るとわずか1ミリ以下の伸びですが、自転車のチェーンは（車種によって異なりますが）約90～116リンクで構成されているので、塵も積もれば山となるように、全体ではけっこうな長さで伸びてしまうことになります。\n\n 一般的には、チェーンの長さが初期状態より1％伸びると、ギアの歯と噛み合わなくなり、不具合が発生すると言われています。外部環境が大きく影響するので具体的な耐用年数を測ることは難しいですが、おおむね3000～5000km走行したら交換時期と言われています。\n\n 意外と知られていませんが、チェーンは消耗品です。チェーンが伸びてしまったからといって、自転車が寿命を迎えるわけではありません。修理すれば気持ちよく走れるようになります。\n\n チェーンまわりの修理については装備しているギアによって異なりますが、多くのスポーツタイプの自転車に見られる、後輪に何枚ものギアが装着されている「外装変速機」の場合、チェーンの交換になります。多少の伸びは後輪に装備されたリアディレーラーという装置がバネの力などで吸収してくれますが、それにも限度があります。\n\n この修理についてはそこまで複雑ではなく、必要な知識といくつかの専用工具さえあれば自分でも作業が可能なので、中・上級者向けにはなりますが挑戦しても良いかもしれません。\n\n 一方、ママチャリなどに多く装備されている、ギアが後輪のハブ軸に収納された「内装変速機」や、そもそも変速が無い自転車の多くについては、チェーンを交換する手前で通称「チェーン引き」という方法で調整することができます。\n\n「チェーン引き」とは、ざっくり説明すると後輪を後方にずらして固定することで、チェーンの伸びでできてしまった弛みを「張る」という方法になります。\n\n チェーンが張ることでペダルを踏み込んだ力のロスが少なくなり、また交換ではないので修理費用を抑えることができます。ただ、根本的な解決にはなっていないので、いずれチェーンを交換する必要はあります。\n\n ちなみに「チェーン引き」については、個人で挑戦するのはオススメしません。まず修理の際に後輪全体が自由に動くようさまざまなネジやナットを外すため、複数の工具が必要になります。またその際に、後輪のブレーキにも触れることになるので、チェーンを引いた後のブレーキ調整など細かな対応が必要になります。\n\n 相当慣れた人でない限り、チャレンジすることは控えた方が良いと思います。\n\n 自転車のチェーンは頑丈そうに見えますが、じつは意外と繊細で緻密な部品です。日々、人間の足で踏み込まれる強い力を後輪に伝えるため、地味に身を削って働いているわけです。\n史（ちかし＠自転車屋）,['https://newsatcl-pctr.c.yimg.jp/t/amd-img/20240213-10350945-bikeno-000-1-view.jpg?pri=l&w=640&h=426&exp=10800'],"['https://bike-news.jp/photo/350945', 'https://news.yahoo.co.jp/articles/16b4a3b6fbe5e996c5ae0d2a59b96b28cbdac432/images/000']"
冬の間乗っていなかったバイク、久しぶりに乗る時に気をつけることは？（バイクのニュース）,https://news.yahoo.co.jp/articles/a7d03f1a722ce0c90f706099a8581c118414b73d,https://newsatcl-pctr.c.yimg.jp/t/amd-img/20240213-10351337-bikeno-000-4-view.jpg?exp=10800,2024-02-13T16:10:00+09:00,2024-02-13T16:41:50+09:00,バイクのニュース,bikeno,バイクのニュース,1580,\n冬眠明けは細心の注意を！どんなところに目を向けるべきなの？\n春が近づき、バイクに乗りやすい気温の日も増えてきました。寒さの厳しい冬の間は乗れなかったものの、春になったらツーリングに出かけたいという人も多いのではないでしょうか。\n【画像】バイクを長期保管後、走行前に確認する事を画像で見る（10枚）\n長い間乗っていなかったバイクを久々に動かす時は、いくつかの点に注意しておくことでより安全で快適なツーリングを楽しむことができます。では、どのような点に注意すればよいのでしょうか。\nバッテリーは、盗難防止装置等がついている現代のバイクは、保管しているだけでも少しづつ電気を消費している\nまず気をつけたいのが、バッテリーの状態です。盗難防止装置等がついている現代のバイクは、保管しているだけでも少しづつ電気を消費していきます。保管前のバッテリー残量やバッテリーの劣化具合によっては、久々に乗ろうとした時にバッテリーが上がってしまっていることも考えられます。\n\n 上がってしまったバッテリーは再充電して使えることもありますが、キーをオフにして保管したのにバッテリーが上がってしまった場合は、高確率で劣化しています。前回の交換からの経過年数なども考慮しつつ、バッテリーの交換も視野に入れるとよいでしょう。\n\n また、バッテリーが上がっていなくても保管中に充電が少なくなっていることは事実。走行中にオルタネーターを用いて充電するため、冬眠明けの際は時間をかけて乗り、しっかりと充電するようにしましょう。\n\n バッテリーの他、タイヤの状態にも注意が必要です。長い間動かさず保管していた場合、タイヤのある面にだけ負荷が集中していたことになります。タイヤの空気圧や車重によってはタイヤに変形がみられることも。\n\n 変形が見られなくとも、タイヤの空気は確実に減っているので、久しぶりに乗る際はかならず空気圧の点検・補充を忘れないようにしましょう。\nガソリンタンクの状態も走行前に確認しましょう\nその他に見落としがちなのが、ガソリンタンクです。長期保管中に限らず、日中と夜間の気温差によりガソリンタンク内には結露が発生します。日常的に乗っていれば給油の際や走行中にガソリンの液面が揺れ、ずっとタンクの内側の同じ面が空気に晒されることにはなりません。\n\n しかし長期保管の際はタンクの内側の同じ面が空気に晒され続けることになります。外装のような塗装がされていないタンクの中は、非常に錆びやすい環境。万が一サビが発生してしまうと、剥がれたサビが燃料ラインにつまり、始動しなくなってしまうことも考えられます。\n\n そのため屋外でバイクを長期保管する際にはガソリンタンクにはガソリンを満タンに入れておく必要があります。もしガソリンを満タンにせず長期保管してしまった場合、バイクを始動させる前にタンクの中にサビが発生していないか、見える範囲で確認するとよいでしょう。\n\n なお、何ヶ月以上も長期保管するとガソリンが腐ってしまうこともありますが、冬の間乗らない程度であれば腐るほど劣化することはないと考えて差し支えありません。\n\n 最後に、余裕がある場合にはツーリングを再開する直前にエンジンオイルを交換しておくとよいでしょう。エンジンオイルは乗っていなくても徐々に劣化していくもの。長期保管前と比べると、どうしてもオイルのパフォーマンスは低下してしまいます。\n \n※ ※ ※\n\n バイクは常に乗っていると調子のよい状態を保てる乗り物ですが、反対に乗らない期間が長いと調子が悪くなってしまいます。久しぶりにバイクに乗る際には大きなトラブルを避けるためにもいくつかのポイントに注意するとよいでしょう。\nPeacock Blue K.K.,"['https://newsatcl-pctr.c.yimg.jp/t/amd-img/20240213-10351337-bikeno-000-4-view.jpg?pri=l&w=640&h=426&exp=10800', 'https://newsatcl-pctr.c.yimg.jp/t/amd-img/20240213-10351337-bikeno-001-4-view.jpg?pri=l&w=640&h=426&exp=10800']","['https://bike-news.jp/photo/351337', 'https://news.yahoo.co.jp/articles/a7d03f1a722ce0c90f706099a8581c118414b73d/images/000', 'https://news.yahoo.co.jp/articles/a7d03f1a722ce0c90f706099a8581c118414b73d/images/001']"
トヨタが英国で2台の新型Versoバージョンを公開！ 電気自動車ラインナップのさらなる拡大へ（バイクのニュース）,https://news.yahoo.co.jp/articles/4da3794eb48fe74377f4a74c354ed672d05bf9db,https://newsatcl-pctr.c.yimg.jp/t/amd-img/20240213-10350963-bikeno-000-1-view.jpg?exp=10800,2024-02-13T10:10:00+09:00,2024-02-13T10:10:00+09:00,バイクのニュース,bikeno,バイクのニュース,1509,\nトヨタが電気自動車のラインナップを拡大\nトヨタが2024年2月6日、9人乗りの「プロエース Verso EV」とコンパクトな「プロエース シティ Verso EV」の2つの新型ピープル キャリアの英国導入を発表。\n【画像】トヨタが英国で公開した「プロエース Verso EV」と「プロエース シティ Verso EV」を画像で見る（10枚）\n同新型車は、トヨタの現在のバッテリー電気自動車のフラッグシップであるミッドサイズSUV「bZ4X」と、コンパクトな「ヤリス ハッチバック」や「ヤリス クロス」から、受賞歴のある「カローラ」や新型クロスオーバーSUVの「C-HR」まで、ユーザーの幅広い選択肢に対応するハイブリッド電気自動車およびプラグインハイブリッド電気自動車のラインアップに加わる事になります。\n\n それにより、プロエースファミリーは、ミディアムデューティ、コンパクトバン、ピープルキャリアなど、あらゆる種類のバッテリー電気自動車を提供することを実現。\n\n プロエースVersoはディーゼルエンジン搭載モデルの販売終了に伴いオール電化シリーズとなります。\nトヨタ新型「プロエース Verso EV」\n9人乗りのシャトル形式で提供されるプロエース Verso EVは、ボディ長を4959㎜のミディアムまたは、5309㎜のロングから選択可能。シャトル仕様は、仕事用とプライベート用の両方のスペースとシートアレンジを満たすことができ、最大9人乗りの車両を必要とするユーザーに対応します。\n\n 座席にはチルト＆タンブル機構が付いており、簡単にアクセス可能。標準装備には、運転席の高さ調整とランバーサポート、パワーウィンドウ、ダークトーンのリアウィンドウ、夕暮れ感知ヘッドライト、フロントフォグライト、雨感知ワイパー、電気的に調整可能なヒーター付きドアミラー、ボディと同色のバンパーとドアハンドルが含まれます。 \n\n そしてテールゲートにはヒーターとリアワイパーシステムを装備。キャビンには、カーテンエアバッグと後部キャビンの空調制御を含む多機能ルーフが採用されました。\n\n パワートレインは、100kWの電気モーターと50kWhのリチウムイオンバッテリーで構成されており、後者は車両の床下に配置されているため、キャビンスペースに影響しない事が特徴。走行距離は最大143マイル（230km）、急速DC電源を使用すると、バッテリーは30分以内に10％から80％まで充電することができます。\n\n 価格は中型バージョンが4万2998ポンド、ロングボディモデルが4万3488ポンドです。\nトヨタ新型「プロエース シティ Verso EV」\nそしてプロエース シティ Verso EVは、姉妹モデルと同様の全電動パワートレインを採用した、機敏で実用性の高い5人乗りモデルです。\n\n 繰り返しになりますが、50kWhのリチウムイオンバッテリーは床下に収納されているため、キャビンスペースに影響しません。エントリーレベルのシャトルモデルまたはファミリーグレードの4つのバージョンから選択することができ、ボディ長は4403mmのミディアムまたは4753mmのロングです。\n\n シャトルの仕様には、11kWの車載充電器、エアコン、リアプライバシーガラス、Bluetooth、および4つのエアバッグが含まれます。\n\n 価格は、ミディアムボディとロングボディの両方で、シャトルが3万4113ポンド、ファミリーが3万7701ポンド。納車は3月以降になる予定です。\nバイクのニュース編集部,"['https://newsatcl-pctr.c.yimg.jp/t/amd-img/20240213-10350963-bikeno-000-1-view.jpg?pri=l&w=640&h=426&exp=10800', 'https://newsatcl-pctr.c.yimg.jp/t/amd-img/20240213-10350963-bikeno-001-1-view.jpg?pri=l&w=640&h=426&exp=10800']","['https://bike-news.jp/photo/350963', 'https://news.yahoo.co.jp/articles/4da3794eb48fe74377f4a74c354ed672d05bf9db/images/000', 'https://news.yahoo.co.jp/articles/4da3794eb48fe74377f4a74c354ed672d05bf9db/images/001']"
ヤマハ「FZ-X」 クロスオーバーバイクの最新モデルをインドで発表（バイクのニュース）,https://news.yahoo.co.jp/articles/8bfcc1af2539dc9678e8fb32b5f25e17b5c69317,https://newsatcl-pctr.c.yimg.jp/t/amd-img/20240213-10351075-bikeno-000-2-view.jpg?exp=10800,2024-02-13T07:10:00+09:00,2024-02-13T08:22:12+09:00,バイクのニュース,bikeno,バイクのニュース,612,\n個性的な外観の原付二種ネイキッド\nヤマハ発動機の二輪車製造子会社であるIndia Yamaha Motor Pvt. Ltd.（ヤマハ・インド）は小排気量車「FZ-X」の新型モデルをインド市場で発表しました。\n【画像】やっぱカッコいい！ ヤマハ「FZ-X」2024年モデルを画像で見る（32枚）\nヤマハ「FZ-X」2024年モデル\nネオレトロなデザインを採用するFZ-Xは、様々な路面状況で走りを楽しめるクロスオーバーネイキッドモデルです。\nヤマハ「FZ-X」2024年モデル\n環境性能に優れた排気量149ccの単気筒ブルーコアエンジンを搭載するFZ-Xの最新モデルでは、ホイールスピンを抑制するトラクションコントロールを採用。\n\n ボッシュ製シングルチャンネルABSと2ポットキャリパー付きフロントディスクブレーキを併せて備えることで、優れた安定性を実現しています。\n\n また、FZ-Xでは視認性に優れた個性的なデザインのデイタイムランニングライト、 スマートフォンとBluetooth接続することで電話＆メッセージ通知／駐車場の場所／推奨メンテナンスなどの情報を得られるY-コネクトも搭載されています。\n\n\n なお、FZ-Xの2024年モデルでは、マットチタン、ダークマットブルー、メタリックブラック、マットカッパーに加えて、クロームメッキ仕様も用意されています。\nバイクのニュース編集部,"['https://newsatcl-pctr.c.yimg.jp/t/amd-img/20240213-10351075-bikeno-000-2-view.jpg?pri=l&w=640&h=426&exp=10800', 'https://newsatcl-pctr.c.yimg.jp/t/amd-img/20240213-10351075-bikeno-001-2-view.jpg?pri=l&w=640&h=426&exp=10800']","['https://bike-news.jp/photo/351075', 'https://news.yahoo.co.jp/articles/8bfcc1af2539dc9678e8fb32b5f25e17b5c69317/images/000', 'https://news.yahoo.co.jp/articles/8bfcc1af2539dc9678e8fb32b5f25e17b5c69317/images/001']"
エンジンの「可変バルブ機構」って、ナニ？（バイクのニュース）,https://news.yahoo.co.jp/articles/a04242efc568f7d8f323410ed0abe6ea0a9bdc45,https://newsatcl-pctr.c.yimg.jp/t/amd-img/20240213-10350886-bikeno-000-4-view.jpg?exp=10800,2024-02-13T11:10:00+09:00,2024-02-13T12:45:00+09:00,バイクのニュース,bikeno,バイクのニュース,2308,\n低中回転で扱いやすく、高回転でパワフルに！\n「可変バルブ」は、4輪車では相応にメジャーですが、じつはバイクでもけっこう昔から存在するメカニズムです。しかしバイクの場合、可変バルブを採用したエンジンは、過去から現在までそれほど多くありません。\n【画像】「え…！」 これが可変バルブ機構です！ 画像で見る（17枚）\nBMW Motorradの水平対向2気筒エンジンが装備する可変カムシャフトコントロール「Shift-Cam（シフトカム）」\nまず可変バルブの「バルブ」とは、4ストロークエンジンのシリンダーヘッドに備わる「吸気バルブ」と「排気バルブ」のことです。そのバルブが開いたり閉じたりするタイミングなどをエンジンの回転数によって「可変」するのが「可変バルブ機構」です。それにはどんなメリットがあるのでしょうか？\n【図解】4ストロークエンジンの構造\n4ストロークエンジンを簡単におさらいすると、まずピストンが下って混合ガスを吸い込み（1行程）、クランクが回転する勢いでピストンが上昇して混合ガスを圧縮（2行程）、点火プラグから飛ばした火花で混合ガスを爆発させてピストンが押し下げられ（3行程）、クランクが回転する勢いでピストンが上がって排気ガスを排出（4行程）、を繰り返してエンジンが回ります。\n\n その行程には吸気バルブや排気バルブが適切なタイミングで開閉する必要があり、その開閉タイミングをコントロールしているのがカムシャフトです。\n\n そしてバルブの開閉タイミングはエンジンの特性に大きく影響するのですが、ここが重要なトコロです。\n【図解】4ストロークエンジンの作動行程\nたとえば、高回転まで回ってパワーが出るエンジン特性にするには、吸気バルブと排気バルブの両方が開いている時間（オーバーラップと呼ぶ）を相応に長くします。\n\n 一方、低～中回転でトルクの大きな扱いやすい特性にするには、オーバーラップが短い方が有利です。\n\n これらを決定づけるのは主に吸気バルブのカムシャフトですが、従来のエンジンは高回転のパワー型か、低中回転のトルク型か、どちらの特性にするかでカム山の形状を決めていました。\n\n しかし理想を言えば、低中回転ではトルクがありながら高回転までビュンビュン回ってパワーが出るエンジンが良いハズです。\n\n そこで、低中回転域と高回転域に対応する2種類のカム山を設けて、それぞれの回転域でカム山を切り替え、吸気バルブの開閉タイミングを変化させる「可変バルブ機構」が生まれたわけです。\nBMW Motorradの「Shift-Cam（シフトカム）」の仕組み。エンジンの回転域によってアクチュエーター（図中の左下の部品）でカムシャフトを左右にスライドさせて、低中回転用のカム山と高回転用のカム山を切り替えている\nそして「可変バルブ機構」はパワーやトルクのような「動力性能」だけでなく、燃費や排出ガスといった「環境性能」にも影響するのが特徴です。そのため4輪車ではスポーツタイプだけでなく、省エネ目的の乗用車や商用車にも採用されています。\n\n ちなみにBMW Motorradが採用する「Shift-Cam（シフトカム）」可変カムシャフトコントロールは、吸気バルブの開閉するタイミングだけでなく、バルブの開く量も変化させています。\n\n このシステムはBMWの「R」シリーズが搭載する水平対向2気筒エンジンのほか、スーパースポーツの「S 1000 RR」や「M 10000 RR」などの並列4気筒エンジンも採用しています。\n注目のヤマハ「125」シリーズも可変バルブを装備！\n「可変バルブ機構」はBMWの「Shift-Cam（シフトカム）」だけでなく、ドゥカティでは2気筒エンジン用に2017年から「DVT」というシステムを導入し、スズキも「GSX-R1000」（2017年～）に「SR-VVT」と呼ぶMotoGPワークスマシンからフィードバックした可変バルブ機構を備えています。\n\n また、ホンダは低中回転時は2バルブ（吸気×1／排気×1）で、高回転時は4バルブ（吸気×2／排気×2）に切り替える「可変バルブ機構」を、古くは1983年登場の「CBR400F」に採用し、近年は「CB400 SUPER FOUR」や「VFR（800）」などに装備していました。\n\n とはいえ、メジャーな「可変バルブ機構」はこれくらいで、採用したバイクはそれほど多くありません。理由はいろいろ考えられますが、メカニズムが複雑化することで重量増やコスト増を避けたかったからではないでしょうか。そのためか、比較的高額なバイクしか装備していませんでした。\n\n ところが！ ヤマハが近年、スクーター用のエンジンに「可変バルブ機構」の「VVA」を開発し、国内モデルでは2016年に「NMAX」（排気量125ccクラス）に採用しました。さらに2023年秋から国内導入が始まり、注目を集めている「MT-125」や「YZF-R125／R15」、「XSR125」も「VVA」を装備しています。\nヤマハの「VVA（バリアブル・バルブ・アクチュエーション）」の仕組み\n小排気量車こそスタート時や低中回転での力強さが求められ、コミューターなら低燃費も必須。そしてスポーツ車なら、やはり高回転の伸びの良さやパワーも気になります。\n\n それをプライス面でも厳しい目で見られる125～155ccクラスに投入したのは、ヤマハの技術力の高さと言えるのではないでしょうか。\n伊藤康司,"['https://newsatcl-pctr.c.yimg.jp/t/amd-img/20240213-10350886-bikeno-000-4-view.jpg?pri=l&w=640&h=426&exp=10800', 'https://newsatcl-pctr.c.yimg.jp/t/amd-img/20240213-10350886-bikeno-001-4-view.jpg?pri=l&w=640&h=426&exp=10800', 'https://newsatcl-pctr.c.yimg.jp/t/amd-img/20240213-10350886-bikeno-002-4-view.jpg?pri=l&w=640&h=426&exp=10800', 'https://newsatcl-pctr.c.yimg.jp/t/amd-img/20240213-10350886-bikeno-003-4-view.jpg?pri=l&w=640&h=426&exp=10800', 'https://newsatcl-pctr.c.yimg.jp/t/amd-img/20240213-10350886-bikeno-004-4-view.jpg?pri=l&w=640&h=426&exp=10800']","['https://bike-news.jp/photo/350886', 'https://news.yahoo.co.jp/articles/a04242efc568f7d8f323410ed0abe6ea0a9bdc45/images/000', 'https://news.yahoo.co.jp/articles/a04242efc568f7d8f323410ed0abe6ea0a9bdc45/images/001', 'https://news.yahoo.co.jp/articles/a04242efc568f7d8f323410ed0abe6ea0a9bdc45/images/002', 'https://news.yahoo.co.jp/articles/a04242efc568f7d8f323410ed0abe6ea0a9bdc45/images/003', 'https://news.yahoo.co.jp/articles/a04242efc568f7d8f323410ed0abe6ea0a9bdc45/images/004']"
通学で原付一種を購入する人必見！いま新車で買える50ccエンジン搭載車一覧（バイクのニュース）,https://news.yahoo.co.jp/articles/a8da16a326a84b634f2bf2ab5247e4d859d92c01,https://newsatcl-pctr.c.yimg.jp/t/amd-img/20240213-10350869-bikeno-000-8-view.jpg?exp=10800,2024-02-13T09:10:00+09:00,2024-02-13T10:42:31+09:00,バイクのニュース,bikeno,バイクのニュース,2828,\n50ccの原付バイクは通勤通学におすすめ！どんな車種がラインナップしてる？\n50cc原付バイクは、取り回しのしやすさや免許の取得のしやすさ、他の排気量のバイクと比べても維持費が安いなどといった特徴があります。こういった点から、50ccバイクは通勤通学におすすめされることが多いですが、2024年2月現在販売されている50ccバイクには、どのようなモデルがラインナップしているのでしょうか。\n【画像】カッコよすぎ！ 原付一種エンジン搭載車の画像を見る（17枚）\n◆ホンダ「スーパーカブ50」\nホンダ「スーパーカブ50」\n「スーパーカブ50」のいちばんの特徴は、燃費が105km/Lと優れている点。また、左手でクラッチ操作をしなくてもシフトチェンジできるので、運転中に疲れることが少ない点も魅力と言えます。\n\n 通勤通学で毎日使用するのに、この燃費のよさと操作のしやすさは非常に助かりそうです。\n\n◆ホンダ「スーパーカブ50プロ」\n\n「スーパーカブ50プロ」の大きな特徴は、積む、運ぶ、配るの利便性を追求している点です。大型のフロントバスケットと大型リアキャリアが搭載されているので、多くの荷物を積めます。\n\n 日ごろから荷物が多かったり、通勤通学のときに買い物に行ったりする人にぴったりのバイクと言えるかもしれません。\n\n◆ホンダ「クロスカブ50」\n\n「クロスカブ50」は、丸目のヘッドライトをヘッドライトガードで囲んだり、マフラーにスリットを入れたりしてタフさを演出することで、スーパーカブ50に比べてアウトドア要素が強くなったモデルです。通勤通学だけでなく、アウトドアで\n\n◆ホンダ「ダンク」\nホンダの原付一種スクーター「ダンク」\n「ダンク」は、ヘッドライトがボディーに組み込まれていることと、ウインカーとテールランプが一体になっていることが特徴のスクーターです。シンプルでありながら存在感もあるので、一味違ったスクーターで通勤通学したい人におすすめです。\n\n◆ホンダ「ジョルノ」\n\n くすみカラーとやさしい曲線によるシルエットで、大人らしさも可愛らしさも感じられる「ジョルノ」。アイドリングストップシステムが採用されているので、ガソリンをムダに消費することが少ないのが魅力です。ガソリンの給油頻度や料金が抑えられるのは、通勤通学時には大きなメリットと言えそうです。\n\n◆ホンダ「タクト」\n\n「タクト」は、日常的に使用するために必要なものをとことん磨き上げたスクーターです。シート高を低くして足つきをよくしたり、低燃費でありながら軽快な走りができたりと通勤通学に便利な機能を多く備えています。\n\n◆ホンダ「ジャイロX」\nホンダ の3輪スクーター「ジャイロX」\n3輪スクーターである「ジャイロX」は、低速時にバランスを崩して転倒したり、白線などで滑ったりするリスクを抑えやすいのが魅力。バイクに乗るのが初めてで、うまくバランスを取って走行できるか不安な人におすすめと言えるかもしれません。\n\n◆ホンダ「ジャイロキャノピー」\n\n「ジャイロキャノピー」は、前述のジャイロXにウインドスクリーンとルーフがついたもの。この装備によって、雨をしのぎやすいという特徴があります。\n\n 完全に濡れないというわけではないためカッパは必要ですが、雨の日でも視界が保てるので安全性が確保しやすいのは嬉しい点と言えそうです。\nヤマハの原付一種モデル\n◆ヤマハ「ビーノ」\nヤマハの原付一種スクーター「ビーノ」\n「ビーノ」は、レトロなデザインで人気を集めているスクーターです。装備も充実しており、シート下トランクは約20Lと大容量でヘルメットの収納が可能です。\n\n 加えて、バッグなどがかけられる大型フックや500mlのペットボトルが入るインナーボックスなども兼ね備えています。通勤通学で荷物が多くなったとしても、心配する必要がなさそうです。\n\n◆ヤマハ「ジョグ」\n\n 日本で最も長い歴史を持つスクーターの1つとして挙げられるのが「ジョグ」です。\n\n ジョグには、後輪ブレーキを操作すると前輪にも制動力がかかり、バランスよくブレーキをサポートしてくれるコンビブレーキシステムが搭載されています。これによって雨の日でも安定して停止できるので、安心感が増すでしょう。\n\n◆ヤマハ「ジョグデラックス」\n\n「ジョグデラックス」とジョグの異なる点は、アイドリングストップシステムの有無やシートの質感、シート高、車両重量、カラー展開。アイドリングストップがあったほうがよい人や、ジョグデラックスに好みのカラーがある人などは、ジョグデラックスがおすすめと言えそうです。\n\n◆ヤマハ「ギア」\n\n「ギア」は、外装パーツに壊れにくい柔軟な素材を使用しているので、万が一転倒してしまったときでも修理費の心配が少なくて済むのが魅力と言えます。\n\n 原付であっても修理費は大きな出費となるので、壊れにくいことは選ぶときの大きなポイントになるでしょう。\n\n◆スズキ「アドレスV50」\nスズキの原付一種スクーター「アドレスV50」\n「アドレスV50」は、スポーティーなデザインで装備や走行性能も優れているスクーターです。\n\n エンジンには、スズキ独自の先進技術であるSEPエンジンを搭載。パワーを維持したまま低燃費を実現したSEPエンジンは、給油回数や維持費を抑えられ通勤通学にぴったりと言えます。\n\n◆スズキ「レッツ」\n\n 50ccの原付バイクの中でトップクラスの軽さを誇る「レッツ」は、圧倒的な取り回しやすさが魅力のスクーターです。\n\n また乗り降りがしやすいようにシート高が低めになっており、足を大きく上げる必要がありません。小柄な人や女性、スーツなど動きにくい服装でもスムーズに乗り降りができるので、さまざまな人に対応できるスクーターと言えそうです。\n\n◆スズキ「レッツバスケット」\n\n「レッツバスケット」には、スーパーの買い物カゴと同じサイズのカゴが搭載されています。加えて、カゴの上にはロール式のシャッターがついているので、荷物が飛び出る心配をする必要がありません。\n\n 通勤や通学に使うバッグが大きかったり、予期せぬ荷物を持ち帰らなければいけなかったりしたときに活躍しそうです。\n\n※ ※ ※\n\n 50ccの原付バイクでの通勤通学は、人ごみを避けられたり通勤通学時間を短縮できたりするのでおすすめです。また、他の排気量のバイクに比べて維持費が抑えられるという魅力もあります。国内メーカーからさまざまな50ccの原付バイクが発売されているので、自分に合う原付バイクを探してみるとよいでしょう。\nPeacock Blue K.K.,"['https://newsatcl-pctr.c.yimg.jp/t/amd-img/20240213-10350869-bikeno-000-8-view.jpg?pri=l&w=640&h=426&exp=10800', 'https://newsatcl-pctr.c.yimg.jp/t/amd-img/20240213-10350869-bikeno-001-8-view.jpg?pri=l&w=640&h=426&exp=10800', 'https://newsatcl-pctr.c.yimg.jp/t/amd-img/20240213-10350869-bikeno-002-8-view.jpg?pri=l&w=640&h=426&exp=10800', 'https://newsatcl-pctr.c.yimg.jp/t/amd-img/20240213-10350869-bikeno-003-8-view.jpg?pri=l&w=640&h=426&exp=10800', 'https://newsatcl-pctr.c.yimg.jp/t/amd-img/20240213-10350869-bikeno-004-8-view.jpg?pri=l&w=640&h=426&exp=10800']","['https://bike-news.jp/photo/350869', 'https://news.yahoo.co.jp/articles/a8da16a326a84b634f2bf2ab5247e4d859d92c01/images/000', 'https://news.yahoo.co.jp/articles/a8da16a326a84b634f2bf2ab5247e4d859d92c01/images/001', 'https://news.yahoo.co.jp/articles/a8da16a326a84b634f2bf2ab5247e4d859d92c01/images/002', 'https://news.yahoo.co.jp/articles/a8da16a326a84b634f2bf2ab5247e4d859d92c01/images/003', 'https://news.yahoo.co.jp/articles/a8da16a326a84b634f2bf2ab5247e4d859d92c01/images/004']"
