headline,mainEntityOfPage,image,datePublished,dateModified,author,media_en,media_jp,str_count,body,images,external_links
香港ＧＤＰ、第2四半期速報値は前年比＋3.3％　予想上回る（ロイター）,https://news.yahoo.co.jp/articles/c6b734ec94d0c3ea47a54772946fedec62188bc4,https://newsatcl-pctr.c.yimg.jp/t/amd-img/20240731-00000115-reut-000-1-view.jpg?exp=10800,2024-07-31T18:54:08+09:00,2024-07-31T18:54:08+09:00,ロイター,reut,ロイター,439,\n香港政府が３１日発表した第２・四半期の域内総生産（ＧＤＰ）速報値は前年比３．３％増と、好調な外需を背景に６四半期連続で拡大した。写真は香港で２０２１年９月撮影（２０２４年 ロイター／Tyrone Siu）\nJessie Pang\n\n[香港 ３１日 ロイター] - 香港政府が３１日発表した第２・四半期の域内総生産（ＧＤＰ）速報値は前年比３．３％増と、好調な外需を背景に６四半期連続で拡大した。\n\n第１・四半期の成長率は２．８％に改定された。２０２３年第４・四半期は４．３％、第３・四半期は４．２％、第２・四半期は１．６％、第１・四半期は２．８％だった。\n\nロイターが集計した１１人のエコノミストの予想の平均２．７％を上回った。\n\n政府報道官は「経済は年内も成長を続けるだろうが、さまざまな面で不確定要素がある中、各経済セグメントのパフォーマンスには差が出る可能性がある」と述べた。\n\n前期比（季節調整後）では０．４％増。第１・四半期は２．３％増だった。,['https://newsatcl-pctr.c.yimg.jp/t/amd-img/20240731-00000115-reut-000-1-view.jpg?pri=l&w=640&h=426&exp=10800'],['https://news.yahoo.co.jp/articles/c6b734ec94d0c3ea47a54772946fedec62188bc4/images/000']
ヒズボラ、司令官の生死確認せず　イスラエルは殺害と主張（ロイター）,https://news.yahoo.co.jp/articles/1afff101fb013215b5b614a417ddf44981c4c8d2,https://newsatcl-pctr.c.yimg.jp/t/amd-img/20240731-00000116-reut-000-1-view.jpg?exp=10800,2024-07-31T19:50:52+09:00,2024-07-31T19:50:52+09:00,ロイター,reut,ロイター,568,\nレバノンに拠点を置く親イラン武装組織ヒズボラは３１日、イスラエル軍が殺害したと主張するヒズボラのフアド・シュクル司令官について、イスラエル軍が攻撃したベイルート南部郊外の建物の内部に司令官がいたことは認めたが、その生死は確認しなかった。写真はイスラエル軍が攻撃した現場で撮影（２０２４年 ロイター/Mohamed Azakir）\nMaya Gebeily\n\n[ベイルート ３１日 ロイター] - レバノンに拠点を置く親イラン武装組織ヒズボラは３１日、イスラエル軍が殺害したと主張するヒズボラのフアド・シュクル司令官について、イスラエル軍が攻撃したベイルート南部郊外の建物の内部に司令官がいたことは認めたが、その生死は確認しなかった。\n\nイスラエル軍は３０日、レバノンの首都ベイルートを空爆し、シュクル司令官を殺害したと発表した。２７日に起きたゴラン高原へのロケット弾攻撃の報復としている。\n\n周辺国の治安当局高官も、司令官が空爆で負った傷が原因で死亡したと確認した。\n\nヒズボラの発表によると、イスラエルはヒズボラの拠点があるベイルート南部郊外で住宅建物を攻撃。「多数の市民」が死亡し、負傷者も出たとした。\n\nシュクル司令官は「当時この建物にいた」が、生死についてはまだ確定的な情報を待っているところだという。,['https://newsatcl-pctr.c.yimg.jp/t/amd-img/20240731-00000116-reut-000-1-view.jpg?pri=l&w=640&h=426&exp=10800'],['https://news.yahoo.co.jp/articles/1afff101fb013215b5b614a417ddf44981c4c8d2/images/000']
中国、ドローン輸出規制を調整　一部の臨時措置廃止へ（ロイター）,https://news.yahoo.co.jp/articles/36e45701d2ec9751cca0854a96e4577111a7b40f,https://newsatcl-pctr.c.yimg.jp/t/amd-img/20240731-00000118-reut-000-1-view.jpg?exp=10800,2024-07-31T20:19:22+09:00,2024-07-31T20:19:22+09:00,ロイター,reut,ロイター,525,\n中国商務省は３１日、ドローン（無人機）の輸出規制を９月１日から調整すると発表した。安徽省ののドローン生産工場で５月撮影。（2024年 ロイター/China Daily）\n[北京 ３１日 ロイター] - 中国商務省は３１日、ドローン（無人機）の輸出規制を９月１日から調整すると発表した。\n\n一部の消費者向けドローンについて、臨時の輸出規制措置を廃止するほか、赤外線画像装置や目標指示レーザーなど、無人航空機の重要部品の管理基準も調整する。\n\n同省報道官は、今回の調整について、世界の産業チェーンとサプライチェーンの安全・安定を守る上で寄与すると述べた。\n\n中国政府は昨年、米国が半導体製造技術などの対中輸出を制限する中、一部のドローンや関連機器の輸出を規制すると発表。「国家の安全保障と利益を守る」ことが狙いと説明していた。\n\n昨年発表した輸出規制には、一部の消費者向けドローンを対象とした２年間の臨時の輸出規制措置が含まれていた。また、いかなる民生用ドローンも軍事目的で輸出することはできないとしていた。\n\n商務省はドローンの輸出規制を「適切に」拡大することを決定したと表明。特定の国や地域を標的にするものではないと述べた。,['https://newsatcl-pctr.c.yimg.jp/t/amd-img/20240731-00000118-reut-000-1-view.jpg?pri=l&w=640&h=426&exp=10800'],['https://news.yahoo.co.jp/articles/36e45701d2ec9751cca0854a96e4577111a7b40f/images/000']
日銀利上げ、成長型経済への移行が重要という認識に沿うもの＝岸田首相（ロイター）,https://news.yahoo.co.jp/articles/f3c7e8fd00cf658dafdfa2c6887f5d908d92e729,https://newsatcl-pctr.c.yimg.jp/t/amd-img/20240731-00000117-reut-000-2-view.jpg?exp=10800,2024-07-31T19:50:18+09:00,2024-07-31T20:41:59+09:00,ロイター,reut,ロイター,556,\n岸田文雄首相は３１日、日銀が金融政策決定会合で追加利上げを決定したことについて、デフレ型経済から成長型経済への移行が重要という政府との共通認識に沿って行われたものだとの見解を示した。写真は７月１２日、ドイツのベルリンを訪問した際の岸田首相（２０２４年 ロイター/Liesa Johannssen）\nHitoshi Ishida\n\n［東京 ３１日 ロイター］ - 岸田文雄首相は３１日、日銀が金融政策決定会合で追加利上げを決定したことについて、デフレ型経済から成長型経済への移行が重要という政府との共通認識に沿って行われたものだとの見解を示した。\n\n官邸で記者団に述べた。\n\n岸田首相は春闘による賃上げや企業収益の増加など、新しい成長型経済への移行の兆しか明確になっているとした上で、金融政策の変更が経済に与える影響について「貸出金利上昇による影響がある一方、１０００兆円規模の国民の預貯金の金利増のプラス効果もある」と指摘。\n\n「金融政策の正常化が経済ステージの移行を後押しし、経済ステージの移行が金融政策のさらなる中立化を促すと申し上げているところだが、そうした考え方に基づいて経済ステージの移行を何より重視し、経済・物価動向に応じた機動的な政策運営をこれからも行っていきたい」と語った。,['https://newsatcl-pctr.c.yimg.jp/t/amd-img/20240731-00000117-reut-000-2-view.jpg?pri=l&w=640&h=426&exp=10800'],['https://news.yahoo.co.jp/articles/f3c7e8fd00cf658dafdfa2c6887f5d908d92e729/images/000']
焦点：日銀利上げ、来年度にかけ1％も視野か　0.5％超えは難路（ロイター）,https://news.yahoo.co.jp/articles/b1387a73f0dcfc86998a0ce279a851e1bf9c4238,https://newsatcl-pctr.c.yimg.jp/t/amd-img/20240731-00000119-reut-000-1-view.jpg?exp=10800,2024-07-31T20:26:10+09:00,2024-07-31T20:26:10+09:00,ロイター,reut,ロイター,2246,\n日銀が追加利上げに踏み切ったが、日銀内には中立金利を意識し、来年度にかけて１％までの利上げを視野に入れる声も出始めている。写真は会見に臨む植田総裁。日銀本店で３１日撮影。（2024年 ロイター/Issei Kato）\nTakahiko Wada\n\n［東京 ３１日 ロイター］ - 日銀が追加利上げに踏み切ったが、日銀内には中立金利を意識し、来年度にかけて１％までの利上げを視野に入れる声も出始めている。植田和男総裁も、政策金利について２００６年以降の前回利上げ局面でのピーク０．５％が「壁」になるとは思っていないとする。しかし、秋以降は米大統領選挙など日銀のシナリオを狂わせかねないイベントが相次ぐ。日銀財務への懸念も含めて、利上げ戦略は難路となりそうだ。\n\n＜今回の利上げ、実質金利がきわめて低い中での「少しの調整」＞\n\n植田総裁は３１日、金融政策決定会合後の記者会見で、現状の実質金利が非常に低いことを強調し、０．２５％への利上げでも実体経済への影響は出ないと述べた。 \n\nこの日の声明文には、現在の実質金利が極めて低い水準にあるとの記述が２度登場し、利上げ決定を後押しした要因の１つだったことをうかがわせる。植田総裁は会見で、今回の利上げが実質金利が非常に低い中での「少しの調整」に過ぎず、「強いブレーキが景気等にかかるとは考えていない」と明言した。\n\n植田総裁は、利上げの主たる理由として、経済・物価情勢が展望リポートで示してきた想定に沿って進捗していたことを挙げた。決定会合前、日銀では個人消費の回復がデータで確認できることが必要との声が根強かったが、総裁は「個人消費は底堅い」と発言。賃金上昇が個人消費を支えていくことに期待感を示した。\n\n＜年度内にあと２回利上げの声も＞\n\n日銀では、経済・物価情勢が順調に進めば来年度にかけて政策金利を１％まで引き上げておくのが望ましいとの声が出ている。７月の追加利上げを踏まえ、年内にあと１回、来年の春闘を見ながら来年１―３月期にもう１回利上げすれば、来年度冒頭に政策金利は０．７５％になっているとの予想もある。\n\nこうした見方はいずれも中立金利を意識したものだ。４月展望リポートで日銀は、中立金利導出の前提となる日本の自然利子率についてマイナス１．０―プラス０．５％の範囲と示した。もし、このレンジの下限マイナス１％に物価目標２％を足すと、中立金利の下限は１％になる。\n\n決定会合で議論された展望リポートでは、生鮮食品およびエネルギーを除く消費者物価指数（コアコアＣＰＩ）の前年度比上昇率が２６年度にかけて２％付近で推移するとの予想が改めて示された。\n\n植田総裁はこれまで「見通し期間後半について、見通し通りであれば政策金利もほぼ中立金利の近辺にある」と述べてきたが、３１日の会見ではこの発言を踏襲せず、「政策金利が中立金利付近に行った時、どこでストップするかは大きな課題として残っている」と話し、ターミナルレートがどこになるのかは「走りながら考えている」と語った。\n\n＜金利水準上がれば増す難度＞\n\n今後の利上げは、金利水準が高くなるに従って難しさが増しそうだ。０．５％は前回の利上げ局面のピーク、０．７５％は中立金利の下限が迫り、金融緩和から金融引き締めへの局面転換を見据える水準となる。 \n\n日銀では、政策金利が中立金利の下限に迫ってくれば、景気の良好なモメンタムが利上げの必須条件になるとの声が出ている。この点は０．２５％への利上げ判断に当たって、個人消費を示す経済指標の明確なピックアップまで待たなかったのと対照的だ。\n\n日銀が０．５％を上回る水準に利上げすると「日銀の収益が悪化し始めるのではないか」（金融機関）との声もある。\n\n大和総研の中村文香研究員によると、日銀が保有する長期国債の残高５７９兆円の表面利率は平均で０．５７％。これに対して、所要準備残高を除く当座預金残高は約５３６兆円で、日銀当預の超過準備への付利金利が０．６２％を超えると、利払い額が利息収入を超えることになるという。\n\n植田総裁はこれまで「日銀の財務配慮のため必要な政策が妨げられることはない」と述べてきたが、日銀の収益性が悪化を始めた場合には国会での追及が一段と激しくなりそうだ。\n\n＜米大統領選、市場動向もリスク＞\n\n日銀の３月と７月の利上げ決断の背景には、海外経済の緩やかな成長もあった。しかし、１１月の米大統領選は米経済や日本経済の先行きも左右しかねず、日銀でも警戒されている。\n\n段階的な利上げが日本経済や物価、マーケットに思わぬひずみを生むのではないかとの警戒感も日銀では出ている。長くデフレ経済が続いた結果、段階的な利上げは絶えて久しく、さまざまなデータの蓄積がないのも事実だ。利上げの決断に失敗は許されず、慎重な対応が必要だとの声が、日銀では出ている。\n\n野村総合研究所の木内登英エグゼクティブ・エコノミスト（元日銀審議委員）は今後の政策運営について「経済・物価動向ともに不確実性が高いため流動的だが、年内に１回、年明けに１回追加利上げして、１％手前の水準が最終到達点ではないか」と指摘する。「金融市場の波乱など経済・物価情勢が下振れる場合には、マイナス金利の復活ではなく、国債買い入れの拡大など量的政策で対応する公算が大きいとみている」としている。,['https://newsatcl-pctr.c.yimg.jp/t/amd-img/20240731-00000119-reut-000-1-view.jpg?pri=l&w=640&h=443&exp=10800'],['https://news.yahoo.co.jp/articles/b1387a73f0dcfc86998a0ce279a851e1bf9c4238/images/000']
ロシア、戦術核演習の第3段階開始　配備を訓練（ロイター）,https://news.yahoo.co.jp/articles/906e131661d0726e80f078e0b29cbe4133ce576d,https://newsatcl-pctr.c.yimg.jp/t/amd-img/20240731-00000114-reut-000-1-view.jpg?exp=10800,2024-07-31T18:49:59+09:00,2024-07-31T18:49:59+09:00,ロイター,reut,ロイター,324,\n７月３１日、ロシア国防省は戦術核演習の第３段階を開始したと発表した。写真は同国の国旗。ニューヨークで２０２１年８月撮影（２０２４年 ロイター／Andrew Kelly）\n[モスクワ ３１日 ロイター] - ロシア国防省は３１日、戦術核演習の第３段階を開始したと発表した。\n\n南部軍管区と中央軍管区の兵士が作戦・戦術ミサイルシステム「イスカンデルＭ」に模擬弾頭を配備し、発射地点まで密かに移動させる訓練を行う。\n\n「非戦略核兵器の戦闘用部隊について、人員・装備の戦闘任務遂行に向けた準備態勢を維持することが目的」としている。\n\nロシアは５月に戦術核演習の第１段階を実施。６月に実施した演習の第２段階には同盟国のベラルーシが参加した。,['https://newsatcl-pctr.c.yimg.jp/t/amd-img/20240731-00000114-reut-000-1-view.jpg?pri=l&w=640&h=426&exp=10800'],['https://news.yahoo.co.jp/articles/906e131661d0726e80f078e0b29cbe4133ce576d/images/000']
ユーロ圏7月インフレ率、2.6％に加速　ＥＣＢに「厳しい数字」（ロイター）,https://news.yahoo.co.jp/articles/aea51d7f79c30eb49a601b51e26c2c9e0f779088,https://newsatcl-pctr.c.yimg.jp/t/amd-img/20240731-00000113-reut-000-2-view.jpg?exp=10800,2024-07-31T18:47:37+09:00,2024-07-31T19:30:45+09:00,ロイター,reut,ロイター,694,\nＥＵ統計局が３１日発表した７月のユーロ圏消費者物価指数（ＨＩＣＰ）上昇率（速報値）は前年比２．６％と、６月の２．５％から加速した。写真はベルリンの市場で２０２０年３月撮影（２０２４年 ロイター／Annegret Hilse）\n[フランクフルト ３１日 ロイター] - 欧州連合（ＥＵ）統計局が３１日発表した７月のユーロ圏消費者物価指数（ＨＩＣＰ）上昇率（速報値）は前年比２．６％と、６月の２．５％から加速した。市場予想は２．５％だった。\n\nただ、注目度が高いサービス価格の上昇率は４．１％から４．０％に鈍化した。\n\n変動の激しい食品、エネルギー、アルコール、たばこを除くコアインフレ率は２．９％で、前月と同水準。市場では鈍化が予想されていた。\n\n欧州中央銀行（ＥＣＢ）は９月と１２月に利下げを実施すると広く予想されている。今回の統計だけで政策見通しが変わることはないとみられるが、インフレ目標達成に向けた最後の１マイルに対する懸念は強まりそうだ。\n\nＨＳＢＣのエコノミスト、ファビオ・バルボーニ氏は「ＥＣＢにとっては厳しい数字だ。モノの価格はディスインフレが終わりつつある。サービスインフレは高止まりしている」とした上で、９月と１２月の利下げ見通しに変更はないと述べた。\n\nバリンジャー・グループの為替市場アナリスト、カイル・チャップマン氏は「引き続き９月の追加利下げを予想する。予想を多少上回る変則的なデータがあっても、それほど大きな問題ではないと思う」と述べた。\n\nＥＣＢは個々の指標には惑わされず、インフレ全体のトレンドに注目する姿勢を明確にしている。,['https://newsatcl-pctr.c.yimg.jp/t/amd-img/20240731-00000113-reut-000-2-view.jpg?pri=l&w=640&h=454&exp=10800'],['https://news.yahoo.co.jp/articles/aea51d7f79c30eb49a601b51e26c2c9e0f779088/images/000']
パナソニック、プロジェクター事業をオリックスに売却　1185億円（ロイター）,https://news.yahoo.co.jp/articles/978cc3b3590cdec92782556156791f959956c7d7,https://newsatcl-pctr.c.yimg.jp/t/amd-img/20240731-00000112-reut-000-1-view.jpg?exp=10800,2024-07-31T18:22:31+09:00,2024-07-31T18:22:31+09:00,ロイター,reut,ロイター,406,\n７月３１日、パナソニック ホールディングスは、子会社のパナソニックコネクトがオリックスに業務用プロジェクター事業などを売却すると発表した。写真は千葉で２０１７年１０月撮影（２０２４年 ロイター／Toru Hanai）\nMiho Uranaka\n\n［東京 ３１日 ロイター］ - パナソニック ホールディングスは３１日、子会社のパナソニックコネクトがオリックスに業務用プロジェクター事業などを売却すると発表した。事業ポートフォリオの見直しの一環で、事業譲渡額は１１８５億円。\n\n業務用プロジェクター事業は今後、オリックスが８０％、コネクトが２０％出資して来年４月に設立する新会社が運営する。\n\nオリックスはこれまで自己資金を活用し、主に中小企業の事業承継を含めたプライベートエクイティ投資事業を展開してきた。コネクトが持つ技術力や顧客基盤と同社の事業投資ノウハウを生かして、企業価値向上を目指す。,['https://newsatcl-pctr.c.yimg.jp/t/amd-img/20240731-00000112-reut-000-1-view.jpg?pri=l&w=640&h=403&exp=10800'],['https://news.yahoo.co.jp/articles/978cc3b3590cdec92782556156791f959956c7d7/images/000']
日銀追加利上げ、中期的に投資行動への影響など気にしている＝日立ＣＦＯ（ロイター）,https://news.yahoo.co.jp/articles/a14bb8c4110688775af6714837a3d8f4fac97691,https://newsatcl-pctr.c.yimg.jp/t/amd-img/20240731-00000111-reut-000-1-view.jpg?exp=10800,2024-07-31T18:20:31+09:00,2024-07-31T18:20:31+09:00,ロイター,reut,ロイター,562,\n７月３１日、日立製作所の加藤知巳ＣＦＯは、日銀が追加利上げを実施したことは「想定通りだ」としながらも、金利コストの上昇で顧客の投資行動に影響が出ることなどを気にしていると述べた。写真は同社のロゴ。チューリヒで２０２０年９月撮影（２０２４年 ロイター／Arnd Wiegmann）\nRitsuko Shimizu\n\n［東京 ３１日 ロイター］ - 日立製作所の加藤知巳・最高財務責任者（ＣＦＯ）は３１日、日銀が追加利上げを実施したことは「想定通りだ」としながらも、金利コストの上昇で顧客の投資行動に影響が出ることなどを気にしていると述べた。\n\n加藤ＣＦＯは、今期業績予想にも国内での利上げを織り込んでいたとした上で「これまでマイナス金利が続いてきた中での利上げなので、金利コストが上がると、顧客の投資行動への影響が中期的には出てくるのかなというところを気にしている」と述べた。\n\n日銀の政策決定を受けて、為替市場では円高が進行している。同社にとっては円安が収益にはプラス要因になるものの、加藤ＣＦＯは「営業利益率が下がったり海外Ｍ＆Ａが高くなるという影響もあり、必ずしも円安が良いわけではない」と指摘。急速な変化ではなく、「日本経済が強くなり、現状よりも円高に徐々に戻っていくのが望ましい」との見解を示した。,['https://newsatcl-pctr.c.yimg.jp/t/amd-img/20240731-00000111-reut-000-1-view.jpg?pri=l&w=640&h=430&exp=10800'],['https://news.yahoo.co.jp/articles/a14bb8c4110688775af6714837a3d8f4fac97691/images/000']
東京マーケット・サマリー（31日）（ロイター）,https://news.yahoo.co.jp/articles/8f58eff52d6757fffe9aab29b19f5f56b0e80da2,https://newsatcl-pctr.c.yimg.jp/t/amd-img/default.jpg?exp=10800,2024-07-31T18:18:14+09:00,2024-07-31T18:18:14+09:00,ロイター,reut,ロイター,1579,"\n■レートは終値（前日比または前週末比）、安値─高値\n\n＜外為市場＞\n\n ドル／円 ユーロ／ドル ユーロ／円 \n\n 午後５時現在 150.92／150.94 1.0818／1.0819 163.25／163.29 \n\n ＮＹ午後５時 152.76／152.77 1.0815／1.0816 165.18／165.23 \n\n午後５時のドル／円は、前日ＮＹ午後５時と比べてドル安／円高の１５０円後半で推移している。\n\n日銀がきょうの金融政策決定会合で利上げを決定したことを受け、ドルは激しく上下に変動した。夕刻に入って、ドル／円は水準を切り下げた。\n\n＜株式市場＞\n\n 終値 前日比 寄り付き 安値／高値 \n\n 日経平均 39101.82 +575.87 38140.77 37,954.38─39,188.37 \n\n ＴＯＰＩＸ 2794.26 +39.81 2733.28 2,720.64─2,799.48 \n\n プライム市場指数 1438.22 +20.51 1407.62 1,400.38─1,440.57 \n\n スタンダード市場指数 1269.35 +13.40 1252.77 1,250.00─1,269.35 \n\n グロース市場指数 836.80 +2.81 829.06 820.85─836.80 \n\n グロース250指数 648.20 +1.83 642.17 635.14─648.20 \n\n 東証出来高(万株) 213138 東証売買代金(億円) 55335.14 \n\n東京株式市場で日経平均は、前営業日比５７５円８７銭高の３万９１０１円８２銭と、大幅に３日続伸して取引を終えた。日銀は３０―３１日の金融政策決定会合で、政策金利引き上げを賛成多数で決め、日経平均は一時的に下げ幅を拡大する場面もあった。ただ、為替の円高進行が一服していることやイベント通過の安心感で、先物主導の買い戻しが入ったとみられ、後場終盤に指数寄与度の大きいハイテク株が大幅高となった。日中値幅は１２３３円で、今年最大となった。\n\nプライム市場の騰落数は、値上がり１４５０銘柄（８８％）に対し、値下がりが１７７銘柄（１０％）、変わらずが１８銘柄（１％）だった。\n\n＜短期金融市場＞ \n\n 無担保コール翌日物金利(速報ベース) 0.079 \n\n ユーロ円金先（24年9月限） ─── \n\n 3カ月物ＴＢ ─── \n\n無担保コール翌日物の加重平均レートは、速報ベースで０．０７９％になった。前営業日（０．０７７％）から横ばい圏。「０．２５％への利上げだが、適用は即日ではなく翌日からなので、きょうについては前日比横ばいで、明日以降はレートの上方シフトが見込まれる」（国内金融機関）との声が聞かれた。\n\n＜円債市場＞ \n\n 国債先物・24年9月限 142.72 (-0.65) \n\n 安値─高値 142.60─143.16 \n\n 10年長期金利(日本相互証券引け値) 1.055％ (+0.060) \n\n 安値─高値 1.060─1.020％ \n\n国債先物中心限月９月限は、前営業日比６５銭安の１４２円７２銭と大幅反落して取引を終えた。１０年最長期国債利回り（長期金利）の引け値は、前営業日比６ｂｐ上昇の１．０５５％。日銀の追加利上げを受けて、２年金利と５年金利は１５年ぶりの水準に上昇した。\n\n＜スワップ市場・気配＞ \n\n 2年物 0.63─0.53 \n\n 3年物 0.72─0.62 \n\n 4年物 0.77─0.67 \n\n 5年物 0.82─0.72 \n\n 7年物 0.94─0.84 \n\n 10年物 1.12─1.02",[],[]
独アディダス、第2四半期は「イージー」除き北米で増収確保（ロイター）,https://news.yahoo.co.jp/articles/ad85cc76754e7940e7a08fc081ec3d7c4961f763,https://newsatcl-pctr.c.yimg.jp/t/amd-img/20240731-00000106-reut-000-1-view.jpg?exp=10800,2024-07-31T17:25:48+09:00,2024-07-31T17:25:48+09:00,ロイター,reut,ロイター,590,\n独スポーツウエア大手アディダスが３１日発表した第２・四半期決算は、撤退した米ラップ歌手との協業ブランド「Ｙｅｅｚｙ（イージー）」を除く北米の売上高が前年を上回った。写真はニューヨークで２０２２年２月撮影（２０２４年 ロイター／Andrew Kelly）\nLinda Pasquini Paolo Laudani\n\n[３１日 ロイター] - 独スポーツウエア大手アディダスが３１日発表した第２・四半期決算は、撤退した米ラップ歌手との協業ブランド「Ｙｅｅｚｙ（イージー）」を除く北米の売上高が前年を上回った。\n\nイージーの商品を含む売上高は為替変動の影響を除いたベースで８％減の１３億ユーロ（１５億１０００万ドル）となった。同ブランドの取り扱いを大幅に減らしたことが主因だという。\n\nアディダスは、米ラップ歌手カニエ・ウエスト氏の反ユダヤ的な発言を巡りイージーを打ち切った後、商品在庫の解消に注力してきた。\n\n６月末時点で全体の在庫は１年前から１８％減少し、４５億ユーロ相当となった。\n\n同期のアパレル売上高は６％増。サッカーユニフォームが２桁台の伸びを記録し、全体をけん引した。\n\n欧州の売上高は為替変動の影響を除いたベースで１９％増の１９億ユーロとなった。\n\n同社は今月半ばに第２・四半期の決算速報値を発表した際、通期の業績見通しを上方修正した。,['https://newsatcl-pctr.c.yimg.jp/t/amd-img/20240731-00000106-reut-000-1-view.jpg?pri=l&w=640&h=426&exp=10800'],['https://news.yahoo.co.jp/articles/ad85cc76754e7940e7a08fc081ec3d7c4961f763/images/000']
台湾ＧＤＰ、第2四半期は予想上回る前年比＋5.09％　ＡＩ好調（ロイター）,https://news.yahoo.co.jp/articles/2a8edde9d822e1ca2a3f3cc7973767e87543de87,https://newsatcl-pctr.c.yimg.jp/t/amd-img/20240731-00000109-reut-000-2-view.jpg?exp=10800,2024-07-31T18:03:24+09:00,2024-07-31T19:26:54+09:00,ロイター,reut,ロイター,654,\n台湾主計総処が３１日発表した第２・四半期のＧＤＰ速報値は前年同期比５．０９％増と、市場予想を上回った。写真は新北市の市場で１月撮影（２０２４年 ロイター／Ann Wang）\n[台北 ３１日 ロイター] - 台湾主計総処が３１日発表した第２・四半期の域内総生産（ＧＤＰ）速報値は前年同期比５．０９％増と、市場予想を上回った。\n\n人工知能（ＡＩ）関連製品などの需要拡大が寄与した。\n\nロイターがまとめた市場予想は４．８％増だった。第１・四半期の６．５６％増からは鈍化した。\n\n主計総処の高官は「投資に関する全ての指標は、第２・四半期は第１・四半期よりも良好だった。機械設備の需要が顕著に増加している」と指摘した。\n\n一部のアナリストは通年の見通しについて楽観的な見方を示している。\n\nファースト・キャピタル・マネジメントのアナリストは「第２・四半期のＧＤＰは市場予想を上回った。アナリストは、最近の輸出と投資が堅調であることから、通年のＧＤＰ伸び率予想を３．５─４％、あるいは４％を超える水準に引き上げている」と述べた。\n\nアナリストは、台湾中央銀行が次回９月の金利決定会合で利上げに踏み切る可能性は限定的と見ている。\n\n第２・四半期ＧＤＰは前期比年率（季節調整済み）では０．１３％増だった。\n\nＡＩ関連製品の需要が世界的に高まっており、ハイテク部門の輸出が経済成長に寄与する可能性が高い。\n\n第２・四半期の輸出は前年同期比９．９％増。第１・四半期は１２．９％増だった。,['https://newsatcl-pctr.c.yimg.jp/t/amd-img/20240731-00000109-reut-000-2-view.jpg?pri=l&w=640&h=426&exp=10800'],['https://news.yahoo.co.jp/articles/2a8edde9d822e1ca2a3f3cc7973767e87543de87/images/000']
米投資会社、サン電子ＴＯＢ価格再引き上げ　1株5500円に（ロイター）,https://news.yahoo.co.jp/articles/6f07881826d5b3b00bfe359e5e37dff82e93ea1d,https://newsatcl-pctr.c.yimg.jp/t/amd-img/default.jpg?exp=10800,2024-07-31T18:04:55+09:00,2024-07-31T18:04:55+09:00,ロイター,reut,ロイター,614,\nKuniko Mutoh\n\n［東京 ３１日 ロイター］ - 米投資会社トゥルー・ウィンド・キャピタル・マネジメントは３１日、サン電子に対して進めている株式公開買い付け（ＴＯＢ）について、買い付け価格を１株４７５０円から５５００円に引き上げると発表した。今回の買い付け価格は最終的な条件で今後変更は予定していないとした。\n\nまた、８月５日までとしていた買い付け期間を１５日までに延長し、買い付け予定数の下限を１５％から５％に引き下げた。\n\nＴＯＢ後、応募状況や市場の動向を踏まえ、買い付け予定数の上限を超えない範囲で追加取得する可能性があるとした。従来はＴＯＢ成立後に追加取得する予定はないとしていた。\n\nトゥルー・ウィンドは２２日に買い付け価格を１株４４００円から４７５０円に引き上げるとともに買い付け期間を８月５日までに延長し、買い付け予定数の下限を１７％から１５％に引き下げていた。\n\nトゥルー・ウィンドは３１日に関東財務局に提出した訂正届出書で再度の条件変更について「ＴＯＢ開始後におけるサン電子の株主による応募状況、今後の応募の見通し、応募手続きに要する時間などを考慮し慎重に検討した結果」と説明している。\n\nトゥルー・ウィンドは６月、サン電子の賛同を事前に取り付けずＴＯＢを開始。サン電子はその後の取締役会で「中立」の立場を取ることを決議し、応募するかどうかの判断は株主に委ねるとしていた。,[],[]
独失業者、7月は予想以上に増加　景気低迷が重し（ロイター）,https://news.yahoo.co.jp/articles/8aba7927f9ad9309e542a7779187c61e6ffe936b,https://newsatcl-pctr.c.yimg.jp/t/amd-img/20240731-00000107-reut-000-2-view.jpg?exp=10800,2024-07-31T17:34:28+09:00,2024-07-31T19:10:42+09:00,ロイター,reut,ロイター,720,\nドイツ連邦雇用庁が３１日発表した７月の失業者数（季節調整済み）は１万８０００人増と、ロイターがまとめたアナリスト予想の１万５０００人増を上回る伸びとなった。写真はフランクフルトで２０２１年３月撮影（２０２４年 ロイター／Kai Pfaffenbach）\n[ベルリン ３１日 ロイター] - ドイツ連邦雇用庁が３１日発表した７月の失業者数（季節調整済み）は１万８０００人増の２８０万人と、ロイターがまとめたアナリスト予想の１万５０００人増を上回る伸びとなった。\n\n同国では景気低迷の兆しが増えている。\n\n７月の失業率（季節調整済み）は６．０％で、前月と同水準。\n\n雇用庁は「弱い経済動向が労働市場の重しになっている。夏休みが始まり、失業と不完全雇用が通常よりも急激に増加した」と述べた。\n\n７月の求人数は７０万３０００件で、前年同月から６万９０００件減少した。\n\n連邦統計庁が３０日発表した第２・四半期の国内総生産（ＧＤＰ）速報値は前期比（季節調整後）で０．１％減と、予想外のマイナス成長となった。\n\nＩＮＧのエコノミスト、カールステン・ブルゼスキー氏は「強い労働市場は過去数年間、経済の底堅さを支える重要な原動力」だったが、それでも今年と昨年の個人消費鈍化を防げなかったと指摘。\n\n「倒産が増えていることに加え、製造業・サービス業とも人材採用計画を縮小しており、今後数カ月の労働市場にとっては悪い兆候だ」と述べた。\n\nＩＦＯ経済研究所の７月の雇用バロメーターは９５．４と、２月以来の低水準。３１日発表のＩＦＯの調査によると、サービス業のみが一部で人材の新規採用を続けているが、採用人数は前月を下回った。,['https://newsatcl-pctr.c.yimg.jp/t/amd-img/20240731-00000107-reut-000-2-view.jpg?pri=l&w=640&h=435&exp=10800'],['https://news.yahoo.co.jp/articles/8aba7927f9ad9309e542a7779187c61e6ffe936b/images/000']
三菱ＵＦＪ銀、17年半ぶり短プラ引き上げ　3メガの普通預金金利0.1％に（ロイター）,https://news.yahoo.co.jp/articles/641fc170ec8fb69fec8e1c59bd4d37366c85a19d,https://newsatcl-pctr.c.yimg.jp/t/amd-img/20240731-00000105-reut-000-3-view.jpg?exp=10800,2024-07-31T17:21:46+09:00,2024-07-31T19:07:52+09:00,ロイター,reut,ロイター,416,\n７月３１日、三菱ＵＦＪ銀行は、日銀金融政策決定会合の結果と市場金利の上昇を受けて、円の普通預金金利を従来の０．０２％から０．１０％に引き上げると発表した。写真は２０１６年５月に都内で撮影（２０２４年 ロイター／Thomas Peter）\nShiho Tanaka Miho Uranaka\n\n［東京 ３１日 ロイター］ - 三菱ＵＦＪ銀行は３１日、日銀金融政策決定会合の結果と市場金利の上昇を受けて、短期プライムレート（短プラ）を、従来の１．４７５％から１．６２５％に引き上げると発表した。短プラの引き上げは１７年半ぶり。\n\nあわせて円の普通預金金利を従来の０．０２％から０．１０％に引き上げる。適用はいずれも９月２日から。\n\n三井住友銀とみずほ銀行も同日、円普通預金金利を０．０２％から０．１０％引き上げると発表した。適用はそれぞれ８月６日と９月２日から。\n\n３行とも円定期預金金利の引き上げも予定している。,['https://newsatcl-pctr.c.yimg.jp/t/amd-img/20240731-00000105-reut-000-3-view.jpg?pri=l&w=640&h=426&exp=10800'],['https://news.yahoo.co.jp/articles/641fc170ec8fb69fec8e1c59bd4d37366c85a19d/images/000']
仏ＥＵ基準ＣＰＩ、7月は前年比＋2.6％に加速　予想は下回る（ロイター）,https://news.yahoo.co.jp/articles/53bdbee58e904b013d8cbcb1f81ec413df5dc9b0,https://newsatcl-pctr.c.yimg.jp/t/amd-img/20240731-00000103-reut-000-1-view.jpg?exp=10800,2024-07-31T16:56:13+09:00,2024-07-31T16:56:13+09:00,ロイター,reut,ロイター,432,\nフランス国立統計経済研究所が３１日発表した７月の消費者物価指数（ＣＰＩ）速報値はＥＵ基準で前年同月比２．６％上昇と、６月の２．５％上昇から加速したが、市場予想をわずかに下回った。写真はパリの百貨店で２０１４年１月撮影（２０２４年 ロイター／Charles Platiau）\n[３１日 ロイター] - フランス国立統計経済研究所（ＩＮＳＥＥ）が３１日発表した７月の消費者物価指数（ＣＰＩ）速報値は欧州連合（ＥＵ）基準で前年同月比２．６％上昇と、６月の２．５％上昇から加速したが、市場予想をわずかに下回った。\n\nエネルギー価格が高騰したが、食品価格とサービス価格が鈍化した。\n\nロイターがまとめた市場予想は２．７％上昇だった。\n\n項目別では、エネルギー価格が前年同月比８．５％上昇。６月は４．８％上昇だった。特にガス価格が値上がりした。\n\n食品価格は６月の０．８％上昇から０．５％上昇に鈍化。サービス価格も２．９％上昇から２．５％上昇に鈍化した。,['https://newsatcl-pctr.c.yimg.jp/t/amd-img/20240731-00000103-reut-000-1-view.jpg?pri=l&w=640&h=426&exp=10800'],['https://news.yahoo.co.jp/articles/53bdbee58e904b013d8cbcb1f81ec413df5dc9b0/images/000']
金融資本市場の状況、実体経済に与える影響を注視＝日銀利上げで鈴木財務相（ロイター）,https://news.yahoo.co.jp/articles/4ec11b5cd332eb159102ad0b53d7547edc896042,https://newsatcl-pctr.c.yimg.jp/t/amd-img/20240731-00000104-reut-000-2-view.jpg?exp=10800,2024-07-31T17:18:00+09:00,2024-07-31T17:29:32+09:00,ロイター,reut,ロイター,540,\n７月３１日、鈴木俊一財務相は、日銀が金融政策決定会合で追加利上げを決定したことについて、政府として「金融資本市場の状況や実体経済に与える影響についてしっかりと注視したい」と述べた。写真はリオデジャネイロで２６日撮影（２０２４年 ロイター／Tita Barros）\nAmi Miyazaki\n\n［東京 ３１日 ロイター］ - 鈴木俊一財務相は３１日、日銀が金融政策決定会合で追加利上げを決定したことについて、政府として「金融資本市場の状況や実体経済に与える影響についてしっかりと注視したい」と述べた。\n\n財務省内で記者団の取材に応じた。\n\n同時に決定した国債買い入れ減額計画に関しては「日銀には引き続き債券市場の安定に十分配慮しながら適切な金融政策が行われることを期待する」とした。\n\n財務相は、同日の金融政策決定会合で政府側から議決延期請求を行わなかったことについて、今回の決定は経済・物価動向など幅広い分野にわたって熟慮された結果だとしたうえで「金融政策は一義的に日銀の独立性が大事であり、守らなければいけないと思っているので、そうした要望は出していない」と述べた。\n\n政府と日銀の共同声明（アコード）については、「当面は見直す必要はない」と明言した。,['https://newsatcl-pctr.c.yimg.jp/t/amd-img/20240731-00000104-reut-000-2-view.jpg?pri=l&w=640&h=426&exp=10800'],['https://news.yahoo.co.jp/articles/4ec11b5cd332eb159102ad0b53d7547edc896042/images/000']
パレスチナ人拘束者にイスラエルが残虐行為、水責めなど＝報告書（ロイター）,https://news.yahoo.co.jp/articles/5cf5894726e798ff87eb6db2bb2f0392ec1ab758,https://newsatcl-pctr.c.yimg.jp/t/amd-img/20240731-00000102-reut-000-1-view.jpg?exp=10800,2024-07-31T16:53:12+09:00,2024-07-31T16:53:12+09:00,ロイター,reut,ロイター,640,\n国連人権高等弁務官事務所が３０日公表した報告書によると、何千人ものパレスチナ人がガザからイスラエルに連行され、拘束されている。写真はイスラエルの空爆でガザ地区ラファの上空に立ち上る煙。２９日撮影（２０２４年 ロイター／Mohammed Salem）\nEmma Farge\n\n[ジュネーブ ３１日 ロイター] - 国連人権高等弁務官事務所が３０日公表した報告書によると、何千人ものパレスチナ人がガザからイスラエルに連行され、拘束されている。拷問を受ける例も多く、これまでに５０人以上の死者が出ているという。\n\n報告書は拘束経験者や目撃者とのインタビューに基づいている。昨年１０月７日のイスラム組織ハマスによるイスラエル奇襲攻撃後、多くの人々がガザで、イスラエルの軍事攻撃から逃れようと検問所に行ったところを拘束されたり、避難先の学校や病院から連れ去られたりした。\n\nイスラエルに移送される前に目隠しをされ、手錠をかけられることも多く、「檻のような」軍事センターに入れられて長時間オムツだけを着用させられることもあったという。５３人が拘束中に死亡した。\n\nターク国連人権高等弁務官は「証言によると、水責めや、犬を拘束者に放つなど、さまざまなぞっとするような行為が行われており、国際人権法や国際人道法に著しく違反している」と批判した。\n\nその上で、拘束者の即時解放を求め、奇襲攻撃の際にハマスが連れ去った人質の残りの人々についても、早急に解放するよう要求した。,['https://newsatcl-pctr.c.yimg.jp/t/amd-img/20240731-00000102-reut-000-1-view.jpg?pri=l&w=640&h=426&exp=10800'],['https://news.yahoo.co.jp/articles/5cf5894726e798ff87eb6db2bb2f0392ec1ab758/images/000']
ロシア、ウクライナ首都に大規模無人機攻撃（ロイター）,https://news.yahoo.co.jp/articles/983a1b27fbef84b08abb9192230de3b8f1d71b26,https://newsatcl-pctr.c.yimg.jp/t/amd-img/20240731-00000101-reut-000-1-view.jpg?exp=10800,2024-07-31T16:43:49+09:00,2024-07-31T16:43:49+09:00,ロイター,reut,ロイター,559,\nロシア軍がウクライナの首都キーウ（キエフ）に大規模な無人機（ドローン）攻撃を仕掛けたと、キーウの軍当局トップ、セルヒイ・ポプコ氏が３１日、明らかにした。写真は同日、ロシア軍のドローン攻撃中に損壊した住宅で作業する消防隊員。キーウ州で撮影。提供写真（２０２４年 ロイター／Press service of the State Emergency Service of Ukraine）\n[キーウ ３１日 ロイター] - ロシア軍がウクライナの首都キーウ（キエフ）に大規模な無人機（ドローン）攻撃を仕掛けたと、キーウの軍当局トップ、セルヒイ・ポプコ氏が３１日、明らかにした。\n\nウクライナの防空システムが同日午前６時３０分（日本時間午後１２時３０分）までに３０機以上のドローンを破壊したという。同氏は通信アプリ「テレグラム」に、ロシアのウクライナ侵攻開始以降で攻撃型無人機を使った最大級の攻撃だったと投稿した。\n\nまた、キーウで死傷者や被害は現時点で報告されていないとした。\n\nロシアの国営通信社はウクライナにいるロシア人兵士の話として、ウクライナ国内数カ所にある軍の空港と倉庫を標的に攻撃が行われたと伝えた。\n\nキーウのクリチコ市長はテレグラムへの投稿で、同市が複数の方向から攻撃を受けたと述べた。,['https://newsatcl-pctr.c.yimg.jp/t/amd-img/20240731-00000101-reut-000-1-view.jpg?pri=l&w=640&h=480&exp=10800'],['https://news.yahoo.co.jp/articles/983a1b27fbef84b08abb9192230de3b8f1d71b26/images/000']
ＨＳＢＣ、30億ドルの自社株買い発表　上半期利益は予想上回る（ロイター）,https://news.yahoo.co.jp/articles/0bba92f59bb255920a8abb05890fcc86d6696db0,https://newsatcl-pctr.c.yimg.jp/t/amd-img/20240731-00000099-reut-000-1-view.jpg?exp=10800,2024-07-31T16:21:15+09:00,2024-07-31T16:21:15+09:00,ロイター,reut,ロイター,556,\n７月３１日、英金融大手のＨＳＢＣホールディングスは、３０億ドル相当の自社株買いを実施することを明らかにした。写真はロンドンで２０１４年１１月撮影（２０２４年 ロイター／Stefan Wermuth）\nSelena Li Sinead Cruise Lawrence White\n\n[香港 ３１日 ロイター] - 英金融大手のＨＳＢＣホールディングスは３１日、３０億ドル相当の自社株買いを実施することを明らかにした。低迷する株価の押し上げを目指す。同日発表した上半期決算は利益がほぼ横ばい。ウェルスマネジメントが伸びたほか、中国の不動産に関連する損失が縮小した。\n\nまた２０２５年の平均有形株主資本利益率について、１０％台半ばという新たな目標を打ち出した。２４年の推定値に沿った水準となる。\n\n上半期の税引き前利益は０．４％減の２１６億ドル。同行が集計したブローカーの予想の平均（２０５億ドル）は上回った。\n\nウェルスマネジメント部門の収入は４３億ドルとなり、前年同期比１２％増加した。プライベートバンキング収入などが増加したほか、資産運用と生命保険の伸びも寄与した。\n\n中国の景気悪化や不動産不況については、同行への影響が一服する兆しが見られた。昨年は３０億ドルの評価損を計上していた。,['https://newsatcl-pctr.c.yimg.jp/t/amd-img/20240731-00000099-reut-000-1-view.jpg?pri=l&w=640&h=439&exp=10800'],['https://news.yahoo.co.jp/articles/0bba92f59bb255920a8abb05890fcc86d6696db0/images/000']
経済財政運営に万全を期す、日銀には適切な政策運営期待＝官房長官（ロイター）,https://news.yahoo.co.jp/articles/397b8f40adf61794ef1bb2dd28eb169e206b1e1d,https://newsatcl-pctr.c.yimg.jp/t/amd-img/20240731-00000100-reut-000-2-view.jpg?exp=10800,2024-07-31T16:29:44+09:00,2024-07-31T16:44:53+09:00,ロイター,reut,ロイター,541,\n林芳正官房長官は３１日午後の会見で、日銀が追加利上げを決定し国債買い入れ縮小計画を発表したことについて、政策決定に関するコメントは差し控えるとした上で、日銀には引き続き政府と密接な連携を図り、経済・物価・金融情勢を踏まえつつ、２％の物価安定目標の持続的、安定的な実現に向けて適切な金融政策運営を行うことを期待すると述べた。写真は３０日、首相官邸で会見する林氏（２０２４年 時事通信）\nKuniko Mutoh\n\n［東京 ３１日 ロイター］ - 林芳正官房長官は３１日午後の会見で、日銀が追加利上げを決定し国債買い入れ縮小計画を発表したことについて、日銀には引き続き政府と密接な連携を図り、経済・物価・金融情勢を踏まえつつ、物価安定目標実現に向けて適切な金融政策運営を行うことを期待すると述べた。政府として経済金融市場を注視し、経済財政運営に万全を期すとも語った。\n\nデフレ脱却を巡る質問も出たが、政府の判断が金融政策の変更そのものに連動するわけではないとし、「政府として物価の基調や背景について、さまざまな指標の動きを丁寧に見ながら見極めていく」とした。\n\n利上げによる利払い費の増加などの影響を問われたが、国債市場への影響を予断を持って言うことは控えると述べた。,['https://newsatcl-pctr.c.yimg.jp/t/amd-img/20240731-00000100-reut-000-2-view.jpg?pri=l&w=640&h=444&exp=10800'],['https://news.yahoo.co.jp/articles/397b8f40adf61794ef1bb2dd28eb169e206b1e1d/images/000']
住友ファーマ、700人の早期退職募集　40歳以上対象に（ロイター）,https://news.yahoo.co.jp/articles/4b12bae560ab576239c577c58d36ab3b1dfbf37b,https://newsatcl-pctr.c.yimg.jp/t/amd-img/default.jpg?exp=10800,2024-07-31T16:19:34+09:00,2024-07-31T16:19:34+09:00,ロイター,reut,ロイター,274,\nShinichi Uchida\n\n［東京 ３１日 ロイター］ - 住友化学子会社の住友ファーマは３１日、２０２４年３月期まで２期連続で多額の純損失を計上したことなどを受け、早期退職者を募集すると発表した。国内事業の黒字体質の確立に向けた事業構造改革の一環で、退職日の１１月末時点で４０歳以上かつ勤続５年以上の社員を対象とし、募集人員は約７００人。\n\n特別退職金を加算するほか、希望者には再就職支援も行う。今回の募集に伴う業績見通しへの影響については確定次第速やかに公表する。\n\n同社の従業員数は３月末で２９０８人（連結４９８０人）。,[],[]
サイバーエージェント、通期予想を上方修正　ゲーム事業など好調（ロイター）,https://news.yahoo.co.jp/articles/e2c7f75b7121bd852bd40ab83848e4f3cfc2c381,https://newsatcl-pctr.c.yimg.jp/t/amd-img/default.jpg?exp=10800,2024-07-31T15:43:54+09:00,2024-07-31T15:43:54+09:00,ロイター,reut,ロイター,219,\nShinichi Uchida\n\n［東京 ３１日 ロイター］ - サイバーエージェントは３１日、２０２４年９月期通期の連結業績予想を上方修正すると発表した。メディア、広告、ゲームの主要３事業が好調に推移し、ゲーム事業は第２・四半期および第３・四半期に提供を始めた新規タイトルが大きく貢献したという。\n\n売上高は７９００億円（従来７５００億円）、営業利益は４１０億円（同３００億円）、純利益は１６５億円（同８０億円）に見直した。,[],[]
日経平均は3日続伸、日銀会合通過で買い戻し　日中値幅は今年最大（ロイター）,https://news.yahoo.co.jp/articles/a80d19179487a7636fef00f3c45b261c529d6eb6,https://newsatcl-pctr.c.yimg.jp/t/amd-img/20240731-00000096-reut-000-1-view.jpg?exp=10800,2024-07-31T15:50:40+09:00,2024-07-31T15:50:40+09:00,ロイター,reut,ロイター,1844,"\n７月３１日、東京株式市場で日経平均は、前営業日比５７５円８７銭高の３万９１０１円８２銭と、大幅に３日続伸して取引を終えた。写真は都内にある東京証券取引所で２０１５年７月撮影（２０２４年 ロイター／Toru Hanai）\n［東京 ３１日 ロイター］ - \n\n東京株式市場で日経平均は、前営業日比５７５円８７銭高の３万９１０１円８２銭と、大幅に３日続伸して取引を終えた。日銀は３０―３１日の金融政策決定会合で、政策金利引き上げを賛成多数で決め、日経平均は一時的に下げ幅を拡大する場面もあった。ただ、為替の円高進行が一服していることやイベント通過の安心感で、先物主導の買い戻しが入ったとみられ、後場終盤に指数寄与度の大きいハイテク株が大幅高となった。日中値幅は１２３３円で、今年最大となった。\n\n日経平均は前営業日比３８５円安と軟調にスタート。前日の米ハイテク株安が嫌気されたほか、日銀が金融政策決定会合で追加利上げを検討するとの観測報道があり、一時５７１円安の３万７９５４円３８銭まで下落。ただ、その後は下げ幅を縮小した。\n\n後場に入り、日銀会合の結果が伝わると日経平均は４００円超安まで再び下げ幅を広げたが、終盤には買い戻しが強まり６６０円超高となる場面があった。米バイデン政権による半導体の対中輸出規制強化をめぐって、日本、オランダ、韓国など同盟国からの出荷は除外され、東京エレクトロンやＡＳＭＬは引き続き出荷が可能で新規則の影響は限定的とみられると伝わったことも、半導体株の上昇を支援した。\n\n物色動向としては、空運株や自動車株などがやや軟調に推移した一方、銀行、保険など金融セクターはしっかりだった。\n\n市場では、今回の日銀会合について「事前に観測報道があったとはいえ、実際に利上げが決まりタカ派的な印象を受けた」（松井証券のシニアマーケットアナリスト・窪田朋一郎氏）との見方が聞かれた。\n\n日経平均は節目の３万９０００円を上抜けたが、先行きについては慎重にみる意見もある。窪田氏は「日銀が利上げに踏み切り、タカ派化している中ではどんどん上値を試すのは難しいのではないか」と話した。\n\nＴＯＰＩＸは１．４５％高の２７９４．２６ポイントで取引を終了。プライム市場指数は１．４５％高の１４３８．２２ポイントだった。東証プライム市場の売買代金は５兆５３３５億１４００万円だった。東証３３業種では、銀行、海運、証券など３１業績が値上がり。空運、輸送用機器は値下がりした。\n\n新興株式市場は、東証グロース市場２５０指数が０．２８％高の６４８．２０ポイントと反発した。スタンダード市場に新規上場したＦａｂｅｒ Ｃｏｍｐａｎｙは公開価格を１９％上回る１１９０円で初値を付け、１３８８円まで上昇。１１６２円で取引を終えた。\n\n個別では、りそなホールディングス、みずほフィナンシャルグループ、三菱ＵＦＪフィナンシャル・グループが大幅高。指数寄与度の大きいハイテク株も買われ、東京エレクトロンが７％超高、ＳＣＲＥＥＮホールディングスが９％超高となった。\n\n昼休み中に業績と配当予想の引き上げを公表した商船三井は５％超高だった。一方、村田製作所、オリエンタルランドは軟調だった。\n\nプライム市場の騰落数は、値上がり１４５０銘柄（８８％）に対し、値下がりが１７７銘柄（１０％）、変わらずが１８銘柄（１％）だった。\n\n 終値 前日比 寄り付き 安値／高値 \n\n 日経平均 39101.82 +575.87 38140.77 37,954.38─ \n\n 39,188.37 \n\n ＴＯＰＩＸ 2794.26 +39.81 2733.28 2,720.64─2 \n\n ,799.48 \n\n プライム市場指数 1438.22 +20.51 1407.62 1,400.38─1 \n\n ,440.57 \n\n スタンダード市場指数 1269.35 +13.40 1252.77 1,250.00─1 \n\n ,269.35 \n\n グロース市場指数 836.80 +2.81 829.06 820.85─836 \n\n .80 \n\n グロース250指数 648.20 +1.83 642.17 635.14─648 \n\n .20 \n\n 東証出来高(万株) 213138 東証売買代金(億円 55335.14 \n\n )",['https://newsatcl-pctr.c.yimg.jp/t/amd-img/20240731-00000096-reut-000-1-view.jpg?pri=l&w=640&h=410&exp=10800'],['https://news.yahoo.co.jp/articles/a80d19179487a7636fef00f3c45b261c529d6eb6/images/000']
政策金利0.5％「壁ではない」、経済・物価次第で追加利上げ＝日銀総裁（ロイター）,https://news.yahoo.co.jp/articles/dd97c00bbea65cdb4c4781bc4c8615b484859100,https://newsatcl-pctr.c.yimg.jp/t/amd-img/20240731-00000097-reut-000-3-view.jpg?exp=10800,2024-07-31T16:18:41+09:00,2024-07-31T18:17:06+09:00,ロイター,reut,ロイター,1211,\n７月３１日、日銀の植田総裁は、金融政策決定会合後の記者会見で、今後も経済・物価情勢が見通し通りに推移していけば追加利上げしていく方針を示し、政策金利について２００６年からの前回の利上げ局面のピークである０．５％が「壁」になるとは「認識していない」と明言した（２０２４年 ロイター／Issei Kato）\n(本文1段落目の余分な記号を削除しました)\n\nKentaro Sugiyama Takahiko Wada\n\n［東京 ３１日 ロイター］ - 日銀の植田和男総裁は３１日、金融政策決定会合後の記者会見で、今後も経済・物価情勢が見通し通りに推移していけば追加利上げしていく方針を示し、政策金利について２００６年からの前回の利上げ局面のピークである０．５％が「壁」になるとは「認識していない」と明言した。\n\n日銀はこの日の決定会合で、無担保コール翌日物金利の誘導目標をこれまでの０―０．１％程度から、０．２５％程度に引き上げることを決めた。利上げはマイナス金利の解除を決めた３月以来。\n\n植田総裁は利上げに踏み切った理由として、経済・物価がこれまで日銀が示してきた見通しにおおむね沿って推移していることを最大の理由に挙げた。為替円安で輸入物価が再び上昇に転じ、物価の上振れリスクに注意する必要があることも理由としたが、物価見通しには大きな影響を与えていないと説明した。\n\n植田総裁は、今回の利上げは実質金利が非常に低い中での「少しの調整」に過ぎず、「強いブレーキが景気等にかかるとは考えていない」とも語った。\n\nこのタイミングでの利上げについて、先行きの急激な利上げを回避するというプラス面もあると指摘。少しずつ早めに調整しておいた方が後で楽になるとの認識を示した。\n\n今後の金融政策運営については「経済・物価情勢に応じて引き続き政策金利を引き上げ、金融緩和の度合いを調整していく方針だ」と語った。次の利上げタイミングについては「前もって決めてパスを思い描いているわけではない」とも述べた。年内の追加利上げの可能性については「データが見通し通りに出て、ある程度の蓄積なら次のステップにいく」と述べ、排除しなかった。\n\n決定会合前に岸田文雄首相や自民党幹部から金融政策の正常化を容認するような発言があったことについては、コメントを控えた。その上で、政府とは日頃から緊密に情報交換しており、経済・物価情勢に関する基本的な認識は共有していると強調した。\n\n日銀はあわせて２６年３月までの国債買い入れ減額計画を公表した。原則として四半期ごとに４０００億円程度ずつ減額していき、２６年１―３月の買い入れ額を月３兆円程度にするとした。 \n\n植田総裁は日銀の国債保有残高は買い入れを減額して行っても７―８％の減少にとどまるため、買い入れ減額に伴う金利上昇圧力は「大したものではない」と述べた。,['https://newsatcl-pctr.c.yimg.jp/t/amd-img/20240731-00000097-reut-000-3-view.jpg?pri=l&w=640&h=427&exp=10800'],['https://news.yahoo.co.jp/articles/dd97c00bbea65cdb4c4781bc4c8615b484859100/images/000']
ファストリ株、初の日経ウエート上限超過 リバランス売り圧力にも（ロイター）,https://news.yahoo.co.jp/articles/60e23cbdc8b61637ce74c8a8d76378a9d4e0360a,https://newsatcl-pctr.c.yimg.jp/t/amd-img/20240731-00000093-reut-000-2-view.jpg?exp=10800,2024-07-31T15:37:25+09:00,2024-07-31T15:53:01+09:00,ロイター,reut,ロイター,832,\n日経平均算出の定期見直しの基準日となった３１日、ファーストリテイリング株式のウエート（構成比率）がキャップ（上限）の１０％を上回った。東京都内で２０２２年１２月撮影（２０２４年 ロイター/Issei Kato）\nNoriyuki Hirata\n\n［東京 ３１日 ロイター］ - 日経平均算出の定期見直しの基準日となった３１日、ファーストリテイリング株式のウエート（構成比率）がキャップ（上限）の１０％を上回った。１０月の定期見直し実施の前には、パッシブ連動資金によるリバランス売り圧力の高まりが見込まれる。\n\n基準日に上限を上回るのは初めて。\n\nこの日のファーストリテ株の終値ウエートは１０．４５％となった。１０％のキャップを上回ったことで、日経平均算出時に用いられる株価換算係数にキャップ調整比率０．９が設定され、指数に対するウエートは低下する。\n\nこれによって、定期見直し前の９月末には日経平均をベンチマークとするパッシブ連動資金のリバランス売りが見込まれ、その規模は約３３００億円になりそうだと、フィリップ証券の増沢丈彦・株式部トレーディング・ヘッドは試算している。\n\nファーストリテイリングは「回答できる立場になく、コメントは控える」（広報）としている。\n\n日経平均株価を管理する日本経済新聞社は一昨年１０月の定期見直しの際、特定の銘柄の値動きに過度に影響を受けるのを避けるため、ウエートにキャップを導入した。１２％から毎年１％ずつ水準を引き下げ、最終的な上限となる１０％に今回引き下げた。\n\n昨年７月と今年１月の基準日にかけても同社株のウエートがキャップを上回るリスクが浮上した経緯があった。売却の理由やウエート判定との関連は不明だが、基準日前の数日間には、大株主の柳井正会長兼社長が保有株をそれぞれ約６００億円規模で売却していたことが明らかになっていた。結果としてウエートは抑え込まれ、キャップの超過は回避されていた。,['https://newsatcl-pctr.c.yimg.jp/t/amd-img/20240731-00000093-reut-000-2-view.jpg?pri=l&w=640&h=438&exp=10800'],['https://news.yahoo.co.jp/articles/60e23cbdc8b61637ce74c8a8d76378a9d4e0360a/images/000']
みずほＦＧの4ー6月、純利益18％増　大企業向けと市場部門堅調（ロイター）,https://news.yahoo.co.jp/articles/70aa82943a9e04e0bda6e4fead6c302a1a0d7c66,https://newsatcl-pctr.c.yimg.jp/t/amd-img/20240731-00000094-reut-000-3-view.jpg?exp=10800,2024-07-31T15:41:12+09:00,2024-07-31T17:31:47+09:00,ロイター,reut,ロイター,629,\n７月３１日、みずほフィナンシャルグループが発表した２０２４年４ー６月期の連結純利益は前年同期比１７．９％増の２８９３億円だった。写真はみずほフィナンシャルグループのロゴで、２０１８年８月に都内で撮影（２０２４年 ロイター／Toru Hanai）\nMiho Uranaka\n\n［東京 ３１日 ロイター］ - みずほフィナンシャルグループが３１日に発表した２０２４年４ー６月期の連結純利益は前年同期比１７．９％増の２８９３億円だった。\n\n４─６月期の本業のもうけを示す連結業務純益は、前年同期比３２％増の３２８７億円。国内大企業の資金需要の高まりから貸出金残高が１兆円強増加し、貸出収支も改善した。堅調な市場部門も収益を押し上げた。与信関係費用は前年同期に計上した戻入益の剥落（はくらく）により悪化したが、総じて低位に推移しているという。\n\nみずほＦＧは、日銀による金融政策変更の影響について、今期４５０億円程度のプラス効果を見込んでいる。財務企画部の峯岸寛部長は、四半期分に当たる１１０―１２０億円についてのプラス効果は実現できたと述べた。企業法人の貸出、スプレッドの改善の効果もあったいう。\n\n２５年３月期通期に対する進ちょく率は３８％。堅調に推移しているが、不動産の売却益が利益を押し上げた面もあり、通期予想は前期比１０％増の７５００億円のまま据え置いた。ＩＢＥＳがまとめたアナリスト１２人による事前予想の平均値は７６４５億円だった。,['https://newsatcl-pctr.c.yimg.jp/t/amd-img/20240731-00000094-reut-000-3-view.jpg?pri=l&w=640&h=424&exp=10800'],['https://news.yahoo.co.jp/articles/70aa82943a9e04e0bda6e4fead6c302a1a0d7c66/images/000']
午後3時のドルは152円後半、日銀利上げで乱高下（ロイター）,https://news.yahoo.co.jp/articles/feb8622006baec7762859598b2ba80d5337fa777,https://newsatcl-pctr.c.yimg.jp/t/amd-img/20240731-00000091-reut-000-1-view.jpg?exp=10800,2024-07-31T15:25:03+09:00,2024-07-31T15:25:03+09:00,ロイター,reut,ロイター,1010,\n７月３１日、午後３時のドル／円は、前日ニューヨーク市場の終盤と変わらずの１５２円後半で取引されている。写真は米ドル紙幣。２０２０年５月撮影（２０２４年 ロイター/Dado Ruvic）\nShinji Kitamura\n\n［東京 ３１日 ロイター］ - \n\n午後３時のドル／円は、前日ニューヨーク市場の終盤と変わらずの１５２円後半で取引されている。日銀がきょうの金融政策決定会合で利上げを決定したことを受け、ドルは上下２円超の激しい変動となった。\n\n午後１時前、日銀が会合結果を発表した直後は円高で反応した。ドルは１５２円半ばから１５１円半ばへ一時１円近く下落したが、数分後には一転して１５３円後半へ２円超切り返した。その後も１５２円半ばから１５３円前半を上下する不安定な動きが続いている。\n\n利上げを実施したにもかかわらず、円が下落したのは「利上げは直前報道である程度織り込まれていたため、出尽くしの円売りが強まったのではないか」（ＦＸ会社関係者）との声が聞かれた。米連邦公開市場委員会（ＦＯＭＣ）を今夜に控え、短期筋が速やかに円買いの手じまいに動いたとの見方もあった。\n\n前日海外市場では、利上げ報道を受けて円が全面高となった。ドルは前日午後の高値１５５円前半から、きょう朝方には１５２円半ばまで、すでに３円近い下げとなっていた。\n\n円は他通貨に対しても同様の動きで、ユーロは前日午後の１６７円後半から１６４円前半へ下落した後、１６５円半ばへ反発。豪ドルも１０１円後半から９８円半ばへ売られたが、９９円半ばへ切り返した。\n\nみずほリサーチ＆テクノロジーズ調査部主任エコノミストの東深澤武史は、日銀は利上げに際して、賃金上昇機運の高まりを評価したのではないかと分析。「この後の日銀総裁会見で、追加利上げ期待の確度をどこまで持てるかが焦点になるが、今回の利上げで日本発の円安トレンドは一巡したのではないか」と話していた。\n\n ドル／円 ユーロ／ドル ユーロ／円 \n\n 午後３時現在 152.86／152.88 1.0824／1.0825 165.50／165.51 \n\n 午前９時現在 152.65／152.68 1.0815／1.0816 165.11／165.12 \n\n ＮＹ午後５時 152.76／152.77 1.0815／1.0816 165.18／165.23,['https://newsatcl-pctr.c.yimg.jp/t/amd-img/20240731-00000091-reut-000-1-view.jpg?pri=l&w=640&h=343&exp=10800'],['https://news.yahoo.co.jp/articles/feb8622006baec7762859598b2ba80d5337fa777/images/000']
アドテストが営業益見通し上方修正　市場予想上回る　ＡＩ関連需要増（ロイター）,https://news.yahoo.co.jp/articles/bbb71e3c43f3207780074aa1a04e703ba129e744,https://newsatcl-pctr.c.yimg.jp/t/amd-img/default.jpg?exp=10800,2024-07-31T15:29:38+09:00,2024-07-31T17:29:27+09:00,ロイター,reut,ロイター,542,\nRitsuko Shimizu\n\n［東京 ３１日 ロイター］ - アドバンテストは３１日、２０２５年３月期（国際会計基準）の連結営業利益を９００億円から前年比６９．１％増の１３８０億円に上方修正した。生成ＡＩ（人工知能）関連を中心に複雑化した半導体需要が増加し、試験装置も想定以上に伸びているという。\n\n修正後の会社予想は、ＩＢＥＳがまとめたアナリスト１７人のコンセンサス予想の平均値１１３５億円を上回った。 \n\nダグラス・ラフィーバ・グループ最高経営責任者（ＣＥＯ）は会見で「高性能コンピューター（ＨＰＣ）と生成ＡＩ向け半導体の複雑化が進んでいることから試験装置の需要が想定以上に増えている」とし「幸先の良いスタートになった」と述べた。足元１カ月で顧客の生産計画が強い方向に変化してきたという。\n\n自動車や産業機器向けの試験装置の回復には時間を要するものの、２４年の半導体試験装置市場は従来見通しよりも強くみているという。\n\n通期の為替前提は１ドル１４３円、１ユーロ１５８円。\n\n２４年４―６月期の連結営業利益は前年同期比２．２倍の３１３億円となった。製品構成の変化により、売上総利益率は５５．４％となり、２４年１―３月期の５１．３％から大きく向上した。,[],[]
パリ上空に浮かぶ五輪聖火台、毎晩人が集まる人気のアトラクションに（ロイター）,https://news.yahoo.co.jp/articles/f2c12164a0f4d4ef416643a901d2f31dcc2d57c2,https://newsatcl-pctr.c.yimg.jp/t/amd-img/20240731-00010005-reutv-000-1-thumb.jpg?exp=10800,2024-07-31T14:56:31+09:00,2024-07-31T14:56:31+09:00,ロイター,reut,ロイター,200,\n気球の形をしたパリ五輪の聖火台。五輪が開幕してから毎晩、聖火台がライトアップされ、パリ上空に浮かび上がる景色を見るために、数千人の人々が集まっている。\n気球は五輪期間中毎日、日没後に空に浮かび上がるが、一部の人々からは閉幕後も残してほしいという声があがっている。\nまるで本物の炎のようだが、火は使っておらず、電気でライトアップされている。水蒸気に光が投影され、炎のように見える仕組みだという。,[],[]
10月予算で増税必要、支出削減に加え＝リーブス英財務相（ロイター）,https://news.yahoo.co.jp/articles/233b06946e660997a3f6762b039b7213f58d6ae3,https://newsatcl-pctr.c.yimg.jp/t/amd-img/20240731-00000089-reut-000-1-view.jpg?exp=10800,2024-07-31T15:00:50+09:00,2024-07-31T15:00:50+09:00,ロイター,reut,ロイター,513,\n７月３０日、英国のリーブス新財務相は１０月３０日に発表する予算案で増税が必要になると述べた。同相は今週、今年の予算が２２０億ポンドの赤字になるとの見通しを示し、増税の動きは予想されていた。２９日、代表撮影（２０２４年 ロイター）\n[ロンドン ３０日 ロイター] - 英国のリーブス新財務相は３０日、１０月３０日に発表する予算案で増税が必要になると述べた。同相は今週、今年の予算が２２０億ポンドの赤字になるとの見通しを示し、増税の動きは予想されていた。\n\n「予算で増税しなければならなくなると思う」とニュース・エージェンツとのインタビューで述べた。\n\nこれまで明確に増税を認めていなかったが、予算では税金を含め「難しい決断」が必要になると発言していた。\n\n具体的な増税対象は明らかにせず、所得税、付加価値税（ＶＡＴ）、法人税の税率などは上げないとの方針を繰り返した。\n\n２９日には、今後２年間で１３５億ポンドの支出削減が発表されていた。リーブス氏は、前保守党政権が財政の実態を隠してきたため今回の削減が必要だったと述べた。\n\n保守党はこうした非難を否定し、労働党は常に増税を計画していたと反論している。,['https://newsatcl-pctr.c.yimg.jp/t/amd-img/20240731-00000089-reut-000-1-view.jpg?pri=l&w=640&h=426&exp=10800'],['https://news.yahoo.co.jp/articles/233b06946e660997a3f6762b039b7213f58d6ae3/images/000']
米、中国半導体メーカーへの製造装置輸出阻止へ新規則＝関係筋（ロイター）,https://news.yahoo.co.jp/articles/bfeb9129991d7cb772abf966967f17ebae1e9fcf,https://newsatcl-pctr.c.yimg.jp/t/amd-img/20240731-00000090-reut-000-4-view.jpg?exp=10800,2024-07-31T15:12:11+09:00,2024-07-31T18:02:46+09:00,ロイター,reut,ロイター,932,\n７月３１日、米政府は来月、一部外国諸国から中国半導体メーカーへの製造装置の輸出を阻止する権限を拡大する新規則を公表する計画だ。２人の関係筋が明らかにした。２０２１年１１月撮影（２０２４年 ロイター/Brian Snyder）\nKaren Freifeld\n\n[ニューヨーク ３１日 ロイター] - 米政府は来月、一部外国諸国から中国半導体メーカーへの製造装置の輸出を阻止する権限を拡大する新規則を公表する計画だ。２人の関係筋が明らかにした。\n\n日本、オランダ、韓国など同盟国からの出荷は除外され、ＡＳＭＬや東京エレクトロンは引き続き出荷が可能なため、新規則の影響は限定的なものにとどまるとみられる。報道を受け、両社の株価は急上昇した。\n\n関係者の１人によると、新規則は「外国直接製品（ＦＤＰ）ルール」を拡大したもので、中国の先進半導体製造を目指す取り組みで中心的な役割を果たしている半ダースほどの中国工場は、多くの国から輸入ができなくなるという。\n\nイスラエル、台湾、シンガポール、マレーシアなどは新規則の対象となる。\n\nロイターは、中国のどの半導体工場が影響を受けるのか特定できなかった。\n\n輸出規制を管轄する米商務省の報道官はコメントを控えた。\n\n米国は、スーパーコンピューティングや人工知能（ＡＩ）技術が中国軍に利益をもたらす可能性があると警戒。２０２２年と２３年に、中国向けの半導体と半導体製造装置の輸出規制を導入した。\n\n新規則は、米国が中国の急成長する半導体産業に対して、同盟国を敵に回すことなく圧力をかけ続けようとしていることを示している。\n\nＦＤＰルールは、ある製品が米国の技術を使って作られている場合、米政府は外国で作られた製品も含めて、その製品の輸出を差し止める権限を持つと定める。\n\n関係筋によれば、新規制では、輸出規制の対象になる要件を厳しくし、ＦＤＰルールの抜け穴をふさぐ。米国の技術を含む半導体が組み込まれているというだけで、輸出規制の対象となる可能性があるという。\n\n関係筋は、新規則はまだ草案の段階であり、修正の可能性もあるが、来月何らかの形で公表することを目指しているとしている。,['https://newsatcl-pctr.c.yimg.jp/t/amd-img/20240731-00000090-reut-000-4-view.jpg?pri=l&w=640&h=427&exp=10800'],['https://news.yahoo.co.jp/articles/bfeb9129991d7cb772abf966967f17ebae1e9fcf/images/000']
消費者態度指数7月は0.3ポイント改善、判断「足踏み」で据え置き（ロイター）,https://news.yahoo.co.jp/articles/122d7e580d6ca75930e4dc8bb9ef7a4d23b9e241,https://newsatcl-pctr.c.yimg.jp/t/amd-img/20240731-00000087-reut-000-2-view.jpg?exp=10800,2024-07-31T14:49:38+09:00,2024-07-31T14:55:53+09:00,ロイター,reut,ロイター,688,\n７月３１日、内閣府が発表した消費動向調査によると、消費者態度指数（２人以上の世帯・季節調整値）は前月比０．３ポイント改善の３６．７と２カ月連続でプラスとなった。基調判断は「改善に足踏みがみられる」で据え置いた。都内で２０１８年３月撮影（２０２４年 ロイター/Kim Kyung-Hoon）\nYoshifumi Takemoto\n\n［東京 ３１日 ロイター］ - 内閣府が３１日発表した消費動向調査によると、消費者態度指数（２人以上の世帯・季節調整値）は前月比０．３ポイント改善して３６．７、２カ月連続でプラスとなった。ただ、３カ月移動平均値は５月以降前月比マイナスが続いているため、基調判断は「改善に足踏みがみられる」との従来文言を据え置いた。\n\n指数を構成する４つの指標のうち、「暮らし向き」（前月比０．７ポイント上昇）、「雇用環境」（同０．３ポイント上昇）、「耐久消費財の買い時判断」（同０．４ポイント上昇）が改善した。\n\n「収入の増え方」は、前月比０．２ポイント悪化した。定額減税などの押し上げ要因はあったものの、４月の賃上げから時間が経過したことが下押し要因となった可能性があると内閣府では分析している。\n\n１年後の物価が上昇するとの回答比率は９３．２％で、６月より０．６ポイント低下した。上昇するとの回答比率が前月からマイナスに転じたのは昨年１２月以来。\n\n物価が５％以上上がるとの回答が減り、２％以上５％未満上昇するとの回答が増えた。内閣府では、４月、５月と比べ新年度入りに伴う値上げや宿泊料金上昇の影響が和らいだ可能性があるとみている。,['https://newsatcl-pctr.c.yimg.jp/t/amd-img/20240731-00000087-reut-000-2-view.jpg?pri=l&w=640&h=424&exp=10800'],['https://news.yahoo.co.jp/articles/122d7e580d6ca75930e4dc8bb9ef7a4d23b9e241/images/000']
インド土砂崩れの死者167人に、捜索続く　さらに大雨の予報（ロイター）,https://news.yahoo.co.jp/articles/8cfeb7701f0c124357e8f5dcd67166b316978f19,https://newsatcl-pctr.c.yimg.jp/t/amd-img/20240731-00000088-reut-000-2-view.jpg?exp=10800,2024-07-31T14:55:22+09:00,2024-08-01T01:02:29+09:00,ロイター,reut,ロイター,504,\n７月３１日、インド南部のケララ州ワヤナド地区で３０日に発生した土砂崩れではこれまでに少なくとも１５１人が死亡した。多数の人が依然として行方不明となっており、捜索活動が行われている。３１日撮影（２０２４年 ロイター/Francis Mascarenhas）\nChris Thomas Jose Devasia\n\n[チョーラルマラ（インド） ３１日 ロイター] - インド南部のケララ州ワヤナド地区で３０日に発生した土砂崩れではこれまでに少なくとも１６７人が死亡した。地元テレビ局は死者が２３０人に達したと報じている。\n\n多数の人が依然として行方不明となっており、捜索活動が続く中、気象局は今後２４時間以内にさらに大雨が降ると予測しており、当局は住民らに「厳重な警戒」を呼びかけている。\n\n同州では２０１８年にも洪水で多数の死者が出ており、今回の災害はそれ以来最悪の被害状況となっている。\n\nテレビの映像からは救助隊がロープに引かれて泥水の流れを渡る中、多くの家屋が破壊され、木々が根こそぎなぎ倒されている様子がうかがえる。\n\n当局によると、８０００人超が避難所に身を寄せているという。,['https://newsatcl-pctr.c.yimg.jp/t/amd-img/20240731-00000088-reut-000-2-view.jpg?pri=l&w=640&h=449&exp=10800'],['https://news.yahoo.co.jp/articles/8cfeb7701f0c124357e8f5dcd67166b316978f19/images/000']
6月新設住宅着工戸数は前年比6.7％減＝国交省（ロイター）,https://news.yahoo.co.jp/articles/10812f1684b61998ab0f6b9501aaf099e8f23bab,https://newsatcl-pctr.c.yimg.jp/t/amd-img/default.jpg?exp=10800,2024-07-31T14:45:39+09:00,2024-07-31T14:45:39+09:00,ロイター,reut,ロイター,270,\nFumika Inoue\n\n［東京 ３１日 ロイター］ - 国土交通省が３１日発表した６月の新設住宅着工戸数は、前年比６．７％減の６万６２８５戸と２カ月連続の減少となった。季節調整済み年率換算は７６万５０００戸。ロイターの事前調査の予測中央値は、前年比２％減だった。持ち家は前年比５.６％減で３１カ月連続の減少。貸家は同６．２％減、分譲住宅も同８．６％減で、ともに２カ月連続の減少となった。\n\n※建設業の各銘柄の株価情報はをダブルクリックしてご覧ください。\n\n※不動産業の各銘柄の株価情報はをダブルクリックしてご覧ください。,[],[]
トヨタに初の是正命令、新たに7車種で認証不正　国交省が対策要請（ロイター）,https://news.yahoo.co.jp/articles/7851e28ea38da345bca46608a140e5aad2024696,https://newsatcl-pctr.c.yimg.jp/t/amd-img/20240731-00000085-reut-000-3-view.jpg?exp=10800,2024-07-31T14:35:23+09:00,2024-07-31T19:37:53+09:00,ロイター,reut,ロイター,1178,\n７月３１日、国土交通省は自動車の量産に必要な認証「型式指定」の不正申請問題で、トヨタ自動車に是正命令を出す。同日午後４時から佐藤恒治社長に是正命令書を手渡す予定。２０２２年１１月撮影（２０２４年 ロイター/Johanna Geron）\nMaki Shiraki Nobuhiro Kubo\n\n［東京 ３１日 ロイター］ - 国土交通省は３１日、自動車の量産に必要な型式指定の取得不正行為を巡り、これまでにトヨタ自動車から報告があった車種のほかに新たに７車種の不正を認定したと発表した。国交省は同日、トヨタに道路運送車両法に基づく是正命令を出し、１カ月以内に再発防止策を講じ、四半期ごとに実施の報告をするよう求めた。\n\nトヨタへの是正命令は初めてで、グループとしては２０２２年９月の日野自動車、今年１月のダイハツ工業、２月の豊田自動織機に続く４例目となる。\n\nこれでトヨタの不正対象は計１４車種となる。同社は６月３日、７車種で不正行為があったことを国交省に報告。同省が翌４日から立ち入り検査を実施し、その中で新たな不正が判明した。トヨタは７月５日、過去１０年分の国内向けモデル全ての調査を終え、すでに不正が判明している７車種以外に新たな事案は確認されなかったと同省に報告していた。\n\n新たに判明した７車種のうち６車種は、国連の型式認定相互承認協定に基づき、海外当局の認可を用いて日本の型式指定が取得できた車両。国交省は同６車種について海外当局に通知し、基準適合性の確認を要請した。６車種のうち「プリウスα」は英国、「カムリ」などの５車種はベルギーで認証を取得している。残る１車種の「ノア・ヴォクシー」は、国交省が基準に適合していることを確認した。\n\n是正命令を受け取ったトヨタの佐藤恒治社長は記者団の取材に応じ、社内調査では確認されず国交省の検査で新たな不正が判明したことについて、「調査そのものの前提条件の置き方や結果の理解に対して考えが甘かった部分があった。真摯（しんし）に受け止める」と謝罪した。「現場と経営の両面に課題がある」と不正の背景を説明し、「認証業務の基盤作りに全力で取り組みたい」と語った。経営責任については「現場で先頭に立って組織の改善に取り組むことだ」とした。\n\n新たな不正７車種のうち、「ＲＡＶ４」「ハリアー」などの４車種は現行生産車。海外当局が基準適合性を確認中だが、佐藤社長は国内外問わずに対象車は「乗り続けていただいて問題ない」と話した。トヨタとしては使用や生産を止めるほどではないとみている。\n\n国交省はもともとの７車種について全て基準に適合していることを確認し、現行生産車の３車種の出荷停止をこの日解除した。トヨタは６月から生産を停止している同３車種について９月初旬から生産を再開する予定。,['https://newsatcl-pctr.c.yimg.jp/t/amd-img/20240731-00000085-reut-000-3-view.jpg?pri=l&w=640&h=409&exp=10800'],['https://news.yahoo.co.jp/articles/7851e28ea38da345bca46608a140e5aad2024696/images/000']
インドネシアＧｏＴｏ、第2四半期は赤字縮小　コスト削減が奏功（ロイター）,https://news.yahoo.co.jp/articles/7eec385f59d292004af1f6e590eb25b9612ef779,https://newsatcl-pctr.c.yimg.jp/t/amd-img/default.jpg?exp=10800,2024-07-31T14:28:55+09:00,2024-07-31T14:28:55+09:00,ロイター,reut,ロイター,559,\n[ジャカルタ ３０日 ロイター] - インドネシアのＩＴ（情報技術）大手ＧｏＴｏ（ゴートゥ）ゴジェック・トコペディアが３０日発表した第２・四半期決算は、基調的損益が７００億ルピア（４３０万ドル）の赤字となったが、赤字幅は第１・四半期の１３９０億ルピアから縮小した。コスト削減策が功を奏した。\n\n純売上高は前年同期比３％増の３兆６６００億ルピアだった。プロフォーマベースでは同１１５％増の３兆５２００億ルピア。\n\n同社のジャッキー・ロー最高財務責任者（ＣＦＯ）は声明で、コスト削減を継続しながら業績を達成したと説明。「当社は収益目標への確約を維持しつつ、成長を続ける軌道に乗っていると考えている」と述べた。\n\n第２・四半期の調整後基調的損失はプロフォーマベースでは４８０億ルピアとなった。前年同期は８８５０億ルピアの損失。プロフォーマベースの数字は、ｅコマース部門のトコペディアと配送・フルフィルメント事業のＧｏＴｏロジスティクスが昨年１月をもって連結から外れたことを前提としている。\n\n今年通期の業績については、調整後の利払い・税引き・償却前損益（ＥＢＩＴＤＡ）が損益分岐点に到達する目標を達成できるとの見通しを示した。通期見通しには、オンデマンドとフィンテックサービスの利用者増加が含まれている。,[],[]
ＭＬＢ＝大谷28盗塁目、松井は1回無安打無失点　パドレス競り勝つ（ロイター）,https://news.yahoo.co.jp/articles/3780720ad1a2836224c083e7ef59c66bb68a3909,https://newsatcl-pctr.c.yimg.jp/t/amd-img/20240731-00000083-reut-000-1-view.jpg?exp=10800,2024-07-31T14:21:45+09:00,2024-07-31T14:21:45+09:00,ロイター,reut,ロイター,425,\nＭＬＢは３０日、各地で試合を行い、ドジャースの大谷翔平選手は「１番・指名打者」で先発出場。初回に四球で出塁し、今季２８個目となる二盗を決めた。大谷は４打数無安打１四球、２三振（２０２４年 ロイター/USA TODAY Sports）\n［３０日 ロイター］ - 米大リーグ（ＭＬＢ）は３０日、各地で試合を行い、ドジャースの大谷翔平選手はパドレス戦に「１番・指名打者」で先発出場。初回に四球で出塁し、今季２８個目となる二盗を決めた。大谷は４打数無安打１四球、２三振。\n\nパドレスの松井裕樹投手は五回に２番手で登板し、１回を無安打無失点、２三振。試合は延長戦の末、パドレスが６─５で競り勝った。\n\nレッドソックスの吉田正尚外野手はマリナーズ戦に「３番・指名打者」で先発し、５打数２安打１三振。チームは６─１０で敗れた。\n\n鈴木誠也外野手の所属するカブスはレッズに３─６の黒星。鈴木は「３番・右翼」で先発し、４打数２安打１四球の成績だった。,['https://newsatcl-pctr.c.yimg.jp/t/amd-img/20240731-00000083-reut-000-1-view.jpg?pri=l&w=640&h=426&exp=10800'],['https://news.yahoo.co.jp/articles/3780720ad1a2836224c083e7ef59c66bb68a3909/images/000']
ハリス氏「言いたいことがあるなら面と向かって言え」、討論会日程調整に応じないトランプ氏を挑発（ロイター）,https://news.yahoo.co.jp/articles/9c9b5746d3c98d02629d300a97351b2be421a96c,https://newsatcl-pctr.c.yimg.jp/t/amd-img/20240731-00010004-reutv-000-2-thumb.jpg?exp=10800,2024-07-31T14:20:54+09:00,2024-07-31T14:31:00+09:00,ロイター,reut,ロイター,201,\nハリス米副大統領は30日、南部ジョージア州アトランタで演説し、トランプ陣営がテレビ討論会の日程調整に応じていないことに触れ、「言いたいことがあるなら面と向かって言え」と挑発した。\n ハリス氏は、トランプ氏がプレッシャーを感じているようだと述べ、選挙戦の勢いが徐々に自陣営に傾きつつあるとの認識を示した。\n また大統領選に当選した場合、不当な値上げなど物価高の問題に最優先で取り組む方針を示した。,[],[]
午後の日経平均は乱高下、一時下げ拡大　日銀が利上げ決定（ロイター）,https://news.yahoo.co.jp/articles/907cb514de7fa24c48c9f6f56daa2a676b922905,https://newsatcl-pctr.c.yimg.jp/t/amd-img/20240731-00000082-reut-000-2-view.jpg?exp=10800,2024-07-31T13:42:50+09:00,2024-07-31T13:46:14+09:00,ロイター,reut,ロイター,559,\n７月３１日、 東京株式市場は後場に入り、日経平均は乱高下して不安定な値動きとなっている。都内で２０２０年１０月撮影（２０２４年 ロイター／Issei Kato）\n［東京 ３１日 ロイター］ - ３１日の東京株式市場は後場に入り、日経平均は乱高下して不安定な値動きとなっている。一時４００円超安まで下げ幅を拡大した。\n\n日銀は３０―３１日の金融政策決定会合で、政策金利引き上げを賛成多数で決めた。決定を受けて日経平均は一時的に下げ幅を広げたが、その後は小幅高に転じた。現在は、前営業日比約２０円高の３万８５００円台半ばで推移している。\n\n市場では「事前に観測報道があったとはいえ、実際に利上げが決まりタカ派的な印象を受けた。ただ、日本時間のあす未明に米連邦公開市場委員会（ＦＯＭＣ）の結果発表を控えて手掛けにくさもあり、きょうの段階で日本株がどちらかに動くのは難しいのではないか」（国内証券・シニアマーケットアナリスト）との声が聞かれた。\n\n個別では、前場に引き続き銀行株がしっかりで、りそなホールディングスが４％超高、みずほフィナンシャルグループが３％超高、三菱ＵＦＪフィナンシャル・グループが２％超高となっている。\n\n昼休み中に業績見通しと配当予想の上方修正を公表した商船三井は３％超高と堅調。,['https://newsatcl-pctr.c.yimg.jp/t/amd-img/20240731-00000082-reut-000-2-view.jpg?pri=l&w=640&h=427&exp=10800'],['https://news.yahoo.co.jp/articles/907cb514de7fa24c48c9f6f56daa2a676b922905/images/000']
国債買い入れ、2026年1─3月に月3兆円へ　来年6月に中間評価＝日銀（ロイター）,https://news.yahoo.co.jp/articles/e9b848bcc0342a85c87e73f0e87bd30d6121e602,https://newsatcl-pctr.c.yimg.jp/t/amd-img/20240731-00000081-reut-000-1-view.jpg?exp=10800,2024-07-31T13:36:26+09:00,2024-07-31T13:36:26+09:00,ロイター,reut,ロイター,652,\n日銀は３１日、２０２６年３月までの国債買い入れ減額計画を公表した。原則として四半期ごとに４０００億円程度ずつ減額していき、２６年１―３月の買い入れ額を月３兆円程度にするとした。都内で昨年１月撮影（２０２４年 ロイター／Issei Kato）\nTakahiko Wada\n\n［東京 ３１日 ロイター］ - 日銀は３１日、２０２６年３月までの国債買い入れ減額計画を公表した。原則として四半期ごとに４０００億円程度ずつ減額していき、２６年１―３月の買い入れ額を月３兆円程度にするとした。買い入れ額は、現行の６兆円から１年半程度かけて半減する。債券市場における日銀の存在感を徐々に落とし、金利の形成を市場に委ねていく。\n\n国債買い入れの減額計画は、全員一致で決定した。減額計画は市場の大方の予想に沿った内容になった。日銀の公表資料によると、国債の保有残高は７―８％程度減少する見込み。\n\n来年６月の金融政策決定会合で、国債買い入れの減額計画について中間評価を行う。中間評価では計画を維持することが基本になるが、国債市場の動向や機能度を点検した上で「必要と判断すれば、適宜、計画に修正を加える」とした。同時に２６年４月以降の国債買い入れ方針についても検討し、結果を公表する。\n\n長期金利が急激に上昇する場合、毎月の予定額に関わらず機動的に買い入れの増額や指し値オペ、共通担保オペなどを実施する方針を改めて示した。\n\n必要な場合には、金融政策決定会合で減額計画を見直すこともありうるとした。,['https://newsatcl-pctr.c.yimg.jp/t/amd-img/20240731-00000081-reut-000-1-view.jpg?pri=l&w=640&h=437&exp=10800'],['https://news.yahoo.co.jp/articles/e9b848bcc0342a85c87e73f0e87bd30d6121e602/images/000']
日銀、追加利上げを決定　無担保コール翌日物の誘導目標0.25％に（ロイター）,https://news.yahoo.co.jp/articles/8cf91709cdc4513ce145df736e9bd52b08ced9b2,https://newsatcl-pctr.c.yimg.jp/t/amd-img/20240731-00000078-reut-000-3-view.jpg?exp=10800,2024-07-31T13:20:28+09:00,2024-07-31T14:15:48+09:00,ロイター,reut,ロイター,1392,\n日銀は３０―３１日の金融政策決定会合で、政策金利引き上げを賛成多数で決めた。都内で３月撮影（２０２４年 ロイター／Kim Kyung-Hoon）\nTakahiko Wada Takaya Yamaguchi Kentaro Sugiyama\n\n［東京 ３１日 ロイター］ - 日銀は３０―３１日の金融政策決定会合で、政策金利の引き上げを賛成多数で決めた。無担保コール翌日物金利の誘導目標をこれまでの０―０．１％程度から、０．２５％程度に引き上げる。\n\n利上げはマイナス金利の解除を決めた３月の決定会合以来。２％物価目標の持続的・安定的な実現という観点から、緩和の度合いを調節することが適切だと判断した。\n\n日銀当座預金への付利金利を０．１％から０．２５％に引き上げ、無担保コール翌日物金利を誘導していく。新たな市場調節方針は８月１日から実施する。\n\n日銀は声明で、経済・物価がこれまでの「経済・物価情勢の展望」（展望リポート）で示してきた見通しに概ね沿って推移していると指摘した。輸入物価が再び上昇してきており、先行き物価が上振れるリスクに注意する必要があるとした。\n\nその上で、追加利上げ後も「実質金利は大幅なマイナスが続き、緩和的な金融環境は維持される」とし、引き続き経済活動をしっかりとサポートしていくと表明した。\n\n追加利上げの決定は賛成７、反対２。中村豊明委員、野口旭委員は反対した。中村委員は次回の決定会合で法人企業統計などを確認してから金融市場調節方針を変更すべきだと主張した。野口委員は、賃金上昇の浸透による経済状況の改善を「データに基づいてより慎重に見極める必要がある」として反対した。\n\n日銀は、現在の実質金利がきわめて低い水準にあることを踏まえると、今回改訂した展望リポートで示した経済・物価見通しが実現していけば、それに応じて「引き続き政策金利を引き上げ、金融緩和の度合いを調整していくことになる」と明記した。\n\n２％物価目標の下、経済・物価・金融情勢に応じて適切に金融政策を運営していくとした。\n\n＜展望リポート、為替変動の物価に対する影響に言及＞\n\n日銀は展望リポートで、２４年度の消費者物価指数（生鮮食品除く、コアＣＰＩ）の前年度比上昇率の見通しを前回の２．８％から２．５％へ引き下げた。政府の施策がエネルギー価格を押し下げることを主因に下振れる。一方、２５年度は１．９％から２．１％へ引き上げた。２６年度は１．９％で変更しなかった。\n\n物価の基調をより反映した生鮮食品とエネルギーを除くＣＰＩの上昇率見通しは、２４年度と２５年度が１．９％、２６年度が２．１％でそれぞれ据え置いた。\n\n経済・物価の見通しに対するリスク要因として、海外の経済・物価や資源価格の動向、企業の賃金・価格設定行動などをあげ、不確実性は「引き続き高い」とした。その上で、金融・為替市場の動向やその影響を十分注視する必要があると指摘。特に企業の賃金価格設定行動が積極化するもとで「過去に比べると、為替の変動が物価に影響を及ぼしやすくなっている面がある」とした。\n\nリスクバランスは、経済の見通しについて「２５年度は上振れリスクの方が大きい」とし、物価の見通しについては「２４年度と２５年度は上振れリスクの方が大きい」とした。,['https://newsatcl-pctr.c.yimg.jp/t/amd-img/20240731-00000078-reut-000-3-view.jpg?pri=l&w=640&h=457&exp=10800'],['https://news.yahoo.co.jp/articles/8cf91709cdc4513ce145df736e9bd52b08ced9b2/images/000']
ベネズエラで抗議行動拡大、マドゥロ政権退陣求める（ロイター）,https://news.yahoo.co.jp/articles/5bfb3adc26a1606054533d361f4e463210f7914f,https://newsatcl-pctr.c.yimg.jp/t/amd-img/20240731-00000080-reut-000-1-view.jpg?exp=10800,2024-07-31T13:32:39+09:00,2024-07-31T13:32:39+09:00,ロイター,reut,ロイター,885,\nベネズエラでは３０日、マドゥロ政権退陣を求める野党支持者らの抗議行動が各地に広がる展開になった。マラカイボで撮影（２０２４年 ロイター／Isaac Urrutia）\nDeisy Buitrago Mayela Armas\n\n[カラカス ３０日 ロイター] - ベネズエラでは３０日、マドゥロ政権退陣を求める野党支持者らの抗議行動が各地に広がる展開になった。\n\n２８日の大統領選では、独裁色を強めるマドゥロ政権の影響下にある選挙管理当局はマドゥロ氏が得票率５１％で勝利したと発表。これに反発した人々が２９日、首都カラカスで大規模なデモを行い、警察と衝突して負傷者も発生した。\n\n３０日には幾つかの地域で抗議行動をしていた人々を治安部隊が攻撃する様子をロイターが目撃した。\n\n人権団体によると、大統領選以降に開票作業やそれに対する抗議などに絡んで少なくとも１１人が殺害されている。また治安当局は新たに２人の野党指導者を拘束した。\n\n野党側は、独自集計に基づくと自陣営のゴンサレス候補が最大でマドゥロ氏の２倍以上の票を得て大勝したと主張し、マドゥロ氏に敗北を認めるよう要求している。\n\n自らの大統領選出馬を禁じられながら今回の野党連合を率いたマチャド元国会議員は、マドゥロ政権が不正集計を行ったと非難。「われわれが戦っているのは体制側による詐欺行為だ」と訴えつつ、支持者らには平和的な抗議を促した。\n\nただ野党側が選挙結果を覆せる手段は乏しいように見える。軍のマドゥロ氏支持姿勢に変化の兆しはなく、米国などによる制裁も政権崩壊をもたらしていないためだ。\n\nそれでも世界の多くの国は、ベネズエラに集計結果の公表を求めている。複数の関係者の話では、ベネズエラの選挙結果について透明性が高まらなければ、米政府は選挙に関係する個人を対象に新たな制裁を検討するという。\n\n一方マドゥロ氏は国営テレビで放映された演説で、野党の抗議行動参加者が市民に暴力を振るったり、放火したりしていると主張し、マチャド氏とゴンサレス氏は責任を取るべきだと語った。,['https://newsatcl-pctr.c.yimg.jp/t/amd-img/20240731-00000080-reut-000-1-view.jpg?pri=l&w=640&h=426&exp=10800'],['https://news.yahoo.co.jp/articles/5bfb3adc26a1606054533d361f4e463210f7914f/images/000']
ハマスの指導者ハニヤ氏が殺害される、テヘラン市内の自宅で（ロイター）,https://news.yahoo.co.jp/articles/97d02e5fd722f4825322df0a808cdb4e03af532c,https://newsatcl-pctr.c.yimg.jp/t/amd-img/20240731-00010003-reutv-000-2-thumb.jpg?exp=10800,2024-07-31T12:59:23+09:00,2024-07-31T13:20:52+09:00,ロイター,reut,ロイター,252,\nイスラム組織ハマスの指導者イスマイル・ハニヤ氏がイランの首都テヘランで殺害された。ハマスとイラン革命防衛隊がそれぞれ31日声明を発表した。\n\nハマスはハニヤ氏の死を悼むとともに、同氏は「テヘランの自宅でシオニストの不誠実な襲撃」により死亡したと明らかにした。\n\nハニヤ氏は前日、イランの新大統領の宣誓式に出席していた。\n\n一方イラン革命防衛隊は「今朝早く、テヘランのイスマイル・ハニヤ氏の邸宅が襲撃され、ハニヤ氏と護衛1人が殉教した。原因は調査中で、間もなく発表される」との声明を出した。,[],[]
日銀、追加利上げを決定　無担保コール翌日物の誘導目標0.25％に（ロイター）,https://news.yahoo.co.jp/articles/d2b75402c4b5b07cab89415520e10d795d05537c,https://newsatcl-pctr.c.yimg.jp/t/amd-img/20240731-00000079-reut-000-3-view.jpg?exp=10800,2024-07-31T13:20:28+09:00,2024-07-31T14:13:37+09:00,ロイター,reut,ロイター,1392,\n日銀は３０―３１日の金融政策決定会合で、政策金利引き上げを賛成多数で決めた。都内で３月撮影（２０２４年 ロイター／Kim Kyung-Hoon）\nTakahiko Wada Takaya Yamaguchi Kentaro Sugiyama\n\n［東京 ３１日 ロイター］ - 日銀は３０―３１日の金融政策決定会合で、政策金利の引き上げを賛成多数で決めた。無担保コール翌日物金利の誘導目標をこれまでの０―０．１％程度から、０．２５％程度に引き上げる。\n\n利上げはマイナス金利の解除を決めた３月の決定会合以来。２％物価目標の持続的・安定的な実現という観点から、緩和の度合いを調節することが適切だと判断した。\n\n日銀当座預金への付利金利を０．１％から０．２５％に引き上げ、無担保コール翌日物金利を誘導していく。新たな市場調節方針は８月１日から実施する。\n\n日銀は声明で、経済・物価がこれまでの「経済・物価情勢の展望」（展望リポート）で示してきた見通しに概ね沿って推移していると指摘した。輸入物価が再び上昇してきており、先行き物価が上振れるリスクに注意する必要があるとした。\n\nその上で、追加利上げ後も「実質金利は大幅なマイナスが続き、緩和的な金融環境は維持される」とし、引き続き経済活動をしっかりとサポートしていくと表明した。\n\n追加利上げの決定は賛成７、反対２。中村豊明委員、野口旭委員は反対した。中村委員は次回の決定会合で法人企業統計などを確認してから金融市場調節方針を変更すべきだと主張した。野口委員は、賃金上昇の浸透による経済状況の改善を「データに基づいてより慎重に見極める必要がある」として反対した。\n\n日銀は、現在の実質金利がきわめて低い水準にあることを踏まえると、今回改訂した展望リポートで示した経済・物価見通しが実現していけば、それに応じて「引き続き政策金利を引き上げ、金融緩和の度合いを調整していくことになる」と明記した。\n\n２％物価目標の下、経済・物価・金融情勢に応じて適切に金融政策を運営していくとした。\n\n＜展望リポート、為替変動の物価に対する影響に言及＞\n\n日銀は展望リポートで、２４年度の消費者物価指数（生鮮食品除く、コアＣＰＩ）の前年度比上昇率の見通しを前回の２．８％から２．５％へ引き下げた。政府の施策がエネルギー価格を押し下げることを主因に下振れる。一方、２５年度は１．９％から２．１％へ引き上げた。２６年度は１．９％で変更しなかった。\n\n物価の基調をより反映した生鮮食品とエネルギーを除くＣＰＩの上昇率見通しは、２４年度と２５年度が１．９％、２６年度が２．１％でそれぞれ据え置いた。\n\n経済・物価の見通しに対するリスク要因として、海外の経済・物価や資源価格の動向、企業の賃金・価格設定行動などをあげ、不確実性は「引き続き高い」とした。その上で、金融・為替市場の動向やその影響を十分注視する必要があると指摘。特に企業の賃金価格設定行動が積極化するもとで「過去に比べると、為替の変動が物価に影響を及ぼしやすくなっている面がある」とした。\n\nリスクバランスは、経済の見通しについて「２５年度は上振れリスクの方が大きい」とし、物価の見通しについては「２４年度と２５年度は上振れリスクの方が大きい」とした。,['https://newsatcl-pctr.c.yimg.jp/t/amd-img/20240731-00000079-reut-000-3-view.jpg?pri=l&w=640&h=457&exp=10800'],['https://news.yahoo.co.jp/articles/d2b75402c4b5b07cab89415520e10d795d05537c/images/000']
ドル乱高下、151円台から153円台へ上下2.3円　日銀が利上げ（ロイター）,https://news.yahoo.co.jp/articles/e646f2bdcb394e545e232acff12110230204683e,https://newsatcl-pctr.c.yimg.jp/t/amd-img/20240731-00000077-reut-000-2-view.jpg?exp=10800,2024-07-31T13:15:43+09:00,2024-07-31T13:18:58+09:00,ロイター,reut,ロイター,175,\n７月３１日、日銀の利上げ発表後、ドルが荒い値動きとなっている。写真は米ドル紙幣（２０２４年 ロイター／Rick Wilking）\n［東京 ３１日 ロイター］ - 日銀の利上げ発表後、ドルが荒い値動きとなっている。発表直後に一時１５１円半ばへ１円近く下落した後、数分後に１５３円後半へ２円超切り返した。現在は１５３円前半へ反落して取引されている。,['https://newsatcl-pctr.c.yimg.jp/t/amd-img/20240731-00000077-reut-000-2-view.jpg?pri=l&w=640&h=444&exp=10800'],['https://news.yahoo.co.jp/articles/e646f2bdcb394e545e232acff12110230204683e/images/000']
米カリフォルニア州の森林火災拡大、ロサンゼルスの面積上回る（ロイター）,https://news.yahoo.co.jp/articles/a217fe5d1dfa2386bacf88a1ac690bdfd4e0ead9,https://newsatcl-pctr.c.yimg.jp/t/amd-img/20240731-00000076-reut-000-1-view.jpg?exp=10800,2024-07-31T12:56:59+09:00,2024-07-31T12:56:59+09:00,ロイター,reut,ロイター,638,\n米カリフォルニア州で発生している米国最大規模の森林火災は３０日、ロサンゼルス市の総面積を上回る１５００平方キロ超に拡大した。州都サクラメント北部ジョーンズビルで２８日撮影（２０２４年 ロイター/Fred Greaves）\nRich McKay\n\n［３０日 ロイター］ - 米カリフォルニア州の消防当局によると、同州で発生している米国最大規模の森林火災は３０日、ロサンゼルス市の総面積を上回る６００平方マイル（１５００平方キロ）超に拡大し、州都サクラメント北部の自然保護区で数千人の消防士が消火活動に当たった。\n\n火災はサクラメントの北約１４５キロにあるセントラルバレーで発生。カリフォルニア州以外からも消防士が加わり、２４時間体制で５５００人以上が消火に当たっている。\n\nカリフォルニア州の消防当局者は、枯れ草、低木、木材など「燃えやすい燃料がたくさんあり、現場到達が困難。現場に人を派遣するのに２─３時間かかる可能性がある」と述べた。\n\n米国立気象局の気象学者アシュトン・ロビンソン・クック氏は、３０日に雷雨の可能性が少しあるものの、その後降雨はなく極度の乾燥と猛暑が続くと予想。３１日には気温が摂氏３７．８度に達し、週明けまでこのレベルの高温が続く可能性があるとした。相対湿度は７％まで低下する見込みという。\n\n消防当局者らによると、３０日時点の鎮火率は１４％で、４０００人以上が避難、１９２棟以上の建物が損壊している。死傷者は報告されていない。,['https://newsatcl-pctr.c.yimg.jp/t/amd-img/20240731-00000076-reut-000-1-view.jpg?pri=l&w=640&h=426&exp=10800'],['https://news.yahoo.co.jp/articles/a217fe5d1dfa2386bacf88a1ac690bdfd4e0ead9/images/000']
商船三井、25年3月期業績予想を上方修正　コンテナの運賃上昇で（ロイター）,https://news.yahoo.co.jp/articles/8b0f6d1ae7941ffbc83e5a76896ac2c7c8b0ecdd,https://newsatcl-pctr.c.yimg.jp/t/amd-img/20240731-00000075-reut-000-1-view.jpg?exp=10800,2024-07-31T12:50:45+09:00,2024-07-31T12:50:45+09:00,ロイター,reut,ロイター,467,\n商船三井は３１日、２０２５年３月期の純利益予想を２１５０億円から３３５０億円（前期比２８．０％増）に上方修正した。都内で２０２０年９月撮影（２０２４年 ロイター／Kim Kyung-Hoon）\nAtsuko Aoyama\n\n［東京 ３１日 ロイター］ - 商船三井は３１日、２０２５年３月期の純利益予想を２１５０億円から３３５０億円（前期比２８．０％増）に上方修正した。コンテナ船の需給逼迫で、運賃が前回発表時の想定を上回って推移しているため。為替の前提を円安方向に見直したことも影響する。\n\nＩＢＥＳがまとめたアナリスト１１人の予測平均値２６２２億円を上回った。\n\n営業利益見通しは前期比５１．３％増の１５６０億円で、従来の１５２０億円から修正。売上高見通しは同１１．５％増の１兆８１５０億円とした。従来は１兆８０００億円だった。為替の前提は１ドル＝１４０円から１５０円に見直した。\n\n日本郵船、商船三井、川崎汽船の海運大手３社は２０１７年にコンテナ船事業を切り出して統合。それぞれ持ち分法適用会社にしている。,['https://newsatcl-pctr.c.yimg.jp/t/amd-img/20240731-00000075-reut-000-1-view.jpg?pri=l&w=640&h=426&exp=10800'],['https://news.yahoo.co.jp/articles/8b0f6d1ae7941ffbc83e5a76896ac2c7c8b0ecdd/images/000']
ハマス最高指導者、イランで暗殺　ハメネイ師「報復」宣言（ロイター）,https://news.yahoo.co.jp/articles/e06faba350a3af32b9f8992e84571f8b3bb8c05f,https://newsatcl-pctr.c.yimg.jp/t/amd-img/20240731-00000072-reut-000-9-view.jpg?exp=10800,2024-07-31T12:27:36+09:00,2024-08-01T01:45:52+09:00,ロイター,reut,ロイター,1612,\n７月３１日、イスラム組織ハマスは、イスマイル・ハニヤ最高指導者がイランの首都テヘランで暗殺されたと発表した。写真は３月、イランのテヘランで撮影。提供写真（２０２４ ロイター／WANA）\n[カイロ ３１日 ロイター] - イスラム組織ハマスのイスマイル・ハニヤ最高指導者が、イランの首都テヘランで３１日未明、暗殺された。ハマスとイランが確認した。イスラエルへの報復の懸念が高まっている。\n\nハニヤ氏の拠点はカタールだが、３０日に行われたイラン新大統領の宣誓式に出席していた。\n\nイランの革命防衛隊は「テヘランのハニヤ氏の滞在地が襲撃され、護衛１人とともに死亡した」と明らかにした。空爆とみられるという。\n\nハマスの軍事部門は声明で、殺害は「戦いを新たな次元に引き上げ多大な影響を及ぼす」とした。\n\nイランも報復を表明。最高指導者のハメネイ師は、イスラエルが「厳しい処罰」を下す根拠を与えたとし、イランの首都で起きた殺害への報復はイランの義務と述べた。\n\nイスラエルは関与について言及していない。イスラエル軍は状況を評価中としたが、民間人に対する新たな安全ガイドラインは発行していない。\n\nブリンケン米国務長官は、ハニヤ氏暗殺に関する質問に直接答えず、ガザでの停戦合意が地域全体の緊張拡大を回避する鍵だと指摘。また米国は殺害について認識も関与もしていないと述べた。\n\nオースティン米国防長官は、緊張緩和に取り組む考えを示すとともに、イスラエルが攻撃された場合の防衛支援を確約。「戦争が避けられないとは思わない。それは変わらない。外交の余地と機会は常にある」と語った。 \n\nイランのメディアによると、イランのペゼシュキアン大統領は「領土の一体性、尊厳、名誉、誇りを守り、テロリストの占領者たちに卑怯な行為を後悔させる」と強調した。\n\n＜紛争拡大の恐れ＞ \n\nイスラエルは３０日、レバノンの首都ベイルートを空爆し、同国に拠点を置く親イラン武装組織ヒズボラの司令官を殺害したと発表したばかり。これに続くハニヤ氏殺害を受け、パレスチナ自治区ガザでの停戦合意の可能性は後退しそうだ。\n\nイスラエルのガラント国防相は、戦争をエスカレートしようとしていないとした上で、あらゆるシナリオに備えていると述べた。\n\nハマスの幹部サミ・アブ・ズーリ氏は「イスラエルによるハニヤ氏暗殺はハマスの意志をくじくことを狙った重大なエスカレーションだ」と非難。ハマスは進んできた道を今後も続けるとし、「勝利を確信している」と述べた。\n\nガザ停戦協議を仲介しているカタールはハニヤ氏殺害について、紛争の危険なエスカレーションと非難。中国、ロシア、トルコ、エジプト、イラクも暗殺を非難した。\n\n関係筋によると、イランの最高安全保障委員会は近く会合を開き、同国と密接な関係にあったハニヤ氏殺害への対応を決める見通し。\n\nパレスチナ自治政府のアッバス議長はハニヤ氏暗殺を非難。ヨルダン川西岸のパレスチナ諸派はストライキと大規模デモを呼びかけている。\n\nハニヤ氏は２０１７年にハマスの最高指導者に選出された。トルコとカタールの首都ドーハを行き来しながら停戦協議の交渉官を務め、イランと対話を続けてきた。\n\nハマスでは今年に入って、ハニヤ氏の副官の立場だったサレハ・アルーリ氏がイスラエルによって殺害されている。 \n\n＜ハニヤ氏の後任はハレド・メシャール氏の公算＞ \n\nハマス関係筋によると、ハニヤ氏の後継者として最も可能性が高いのは、副官を務めるハレド・メシャール氏。アナリストによると、同氏のカリスマ性により、ハマスは中東紛争で重要な役割を担うようになった。\n\nメシャール氏の現在の拠点はカタール。１９９７年にイスラエルのネタニヤフ首相が同氏の暗殺を命令したが、未遂に終わっている。,['https://newsatcl-pctr.c.yimg.jp/t/amd-img/20240731-00000072-reut-000-9-view.jpg?exp=10800'],['https://news.yahoo.co.jp/articles/e06faba350a3af32b9f8992e84571f8b3bb8c05f/images/000']
五輪＝バド姉妹チーム同士の対戦実現、「興味深い経験」と意気投合（ロイター）,https://news.yahoo.co.jp/articles/4cb04cc9f4f1e12d51bd96fcff194d60a3320c7e,https://newsatcl-pctr.c.yimg.jp/t/amd-img/20240731-00000073-reut-000-1-view.jpg?exp=10800,2024-07-31T12:36:51+09:00,2024-07-31T12:36:51+09:00,ロイター,reut,ロイター,590,\nパリ五輪は３０日、バドミントン女子ダブルス１次リーグの試合を行い、Ｂ組の米国─ブルガリアで姉妹同士の対決という珍しい組み合わせが見られた。写真奥は米国のシェイ姉妹（２０２４年 ロイター/Hamad I Mohammed）\n［パリ ３０日 ロイター］ - パリ五輪は３０日、バドミントン女子ダブルス１次リーグの試合を行い、Ｂ組の米国─ブルガリアで、姉妹同士の対決という珍しい組み合わせが見られた。\n\n米国からは双子のケリー・シェイ、アニー・シェイ、ブルガリアからはステファニ・ストエバ、ガブリエラ・ストエバの姉妹が出場。試合は２─０でブルガリアに軍配が上がったが、いずれのペアも姉妹での五輪挑戦を感慨深い経験と感じたようだ。\n\nアニーは「五輪に双子が臨むだけでいつも驚かれるが、同じようなユニークな道のりを歩んできた選手と戦うのはとても興味深い」とコメント。\n\nステファニは「五輪の舞台で自分の姉と一緒に戦えるなんて、他人と組んでいたらどうなのかとても言葉にはできない。きっと彼女ら（シェイ姉妹）も同じことを思っているだろう」と語った。\n\n４人はそろってインタビューに応じ、姉妹げんかをして親に叱られた経験があるなど、共通の出来事があるとテレビカメラの前で明かした。今でもプレー中にけんかになることはあるが、うまく隠すことを覚えたとの意見で一致し笑顔を見せた。,['https://newsatcl-pctr.c.yimg.jp/t/amd-img/20240731-00000073-reut-000-1-view.jpg?pri=l&w=640&h=458&exp=10800'],['https://news.yahoo.co.jp/articles/4cb04cc9f4f1e12d51bd96fcff194d60a3320c7e/images/000']
五輪＝張本・早田組破った謎の北朝鮮ペアが銀、シード次々倒す　卓球（ロイター）,https://news.yahoo.co.jp/articles/0d4724de91e80e6cbfe9eacb573119cbf6b212e1,https://newsatcl-pctr.c.yimg.jp/t/amd-img/20240731-00000074-reut-000-1-view.jpg?exp=10800,2024-07-31T12:47:06+09:00,2024-07-31T12:47:06+09:00,ロイター,reut,ロイター,592,\nパリ五輪は３０日、卓球の混合ダブルス決勝を行い、「ダークホース」としてシード組を次々と倒した北朝鮮ペアは銀メダルを獲得した（２０２４年 ロイター/Kim Hong-Ji）\n［パリ ３０日 ロイター］ - パリ五輪は３０日、卓球の混合ダブルス決勝を行い、中国の王楚欽、孫穎莎ペアが４─２で優勝。「ダークホース」としてシード組を次々と倒した北朝鮮ペアは銀メダルを獲得した。\n\nリ・ジョンシク（２４）、キム・グムヨン（２２）の北朝鮮ペアは、金メダル有力候補とみられていた第２シードの張本智和、早田ひな組と１回戦で当たり、４─１で勝利。その後も第８シード、第４シードのペアを破り、決勝進出を果たした。\n\n五輪初出場の２人は国際大会への出場がほとんどなく、対戦相手にとっては研究や事前の対策がしにくい相手。準々決勝で敗れたスウェーデンのクリスティアン・カールションは「キムのサーブにかなり苦戦した。簡単に返せるように見えたのに、ミスしたものもあった」と振り返った。\n\n中国ペアは北朝鮮ペアを警戒し、決勝を控えた練習でキムにプレースタイルが似ている元中国代表で、現在はルクセンブルク代表のシャリャン・ニの助けを得たという。\n\nキムは会見で「五輪に向けて多くの準備をしてきた。良いパフォーマンスだったが、悔しい思いもある。次はもっと良いプレーで金メダルを獲得したい」と話した。,['https://newsatcl-pctr.c.yimg.jp/t/amd-img/20240731-00000074-reut-000-1-view.jpg?pri=l&w=640&h=411&exp=10800'],['https://news.yahoo.co.jp/articles/0d4724de91e80e6cbfe9eacb573119cbf6b212e1/images/000']
東邦ガス、自社株取得枠を拡大　発行済み株式の9.5％・300億円上限（ロイター）,https://news.yahoo.co.jp/articles/49f30edfa5c6736d4dc74d77a0834f7f93a68a90,https://newsatcl-pctr.c.yimg.jp/t/amd-img/default.jpg?exp=10800,2024-07-31T12:08:55+09:00,2024-07-31T12:08:55+09:00,ロイター,reut,ロイター,156,\n［東京 ３１日 ロイター］ - 東邦ガスは３１日、３月に決議した１００億円を上限とする自社株取得の枠を、上限３００億円に拡大すると発表した。取得の上限４００万株（発行済み株式数に対する割合は３．８％）を、１０００万株（同９．５％）に増やす。\n\n９月末までとしていた取得期間は、２０２５年３月末に変更する。,[],[]
午前の日経平均は反落、日銀追加利上げ警戒　底堅さも意識（ロイター）,https://news.yahoo.co.jp/articles/457be6b009633e06a231a504888962e192feba37,https://newsatcl-pctr.c.yimg.jp/t/amd-img/20240731-00000069-reut-000-1-view.jpg?exp=10800,2024-07-31T12:03:05+09:00,2024-07-31T12:03:05+09:00,ロイター,reut,ロイター,937,\n７月３１日、午前の東京株式市場で日経平均は、前営業日比１５６円４１銭安の３万８３６９円５４銭と反落した。写真は都内にある東京証券取引所で２０１１年３月撮影（２０２４ ロイター／Toru Hanai）\n［東京 ３１日 ロイター］ - 午前の東京株式市場で日経平均は、前営業日比１５６円４１銭安の３万８３６９円５４銭と反落した。米ハイテク株安を嫌気したほか、日銀が金融政策決定会合で追加利上げを検討するとの報道で輸出関連株を中心に売られた。節目の３万８０００円を割り込んだ水準では押し目買いが入り、底堅さも意識された。 \n\n日経平均は３８５円安で寄り付いた後、一時５７１円安まで下げ幅を拡大した。米国市場でのハイテク株安が嫌気され、指数寄与度の高いソフトバンクグループや東京エレクトロン、信越化学工業など、半導体関連やハイテク株を中心とした下落が指数を押し下げた。 \n\n追加利上げに関する前日深夜の観測報道を受けてドル／円は１５２円台に下落し、輸出関連株を中心に嫌気された。一方、国内金利が上昇する中、銀行株はセクター別値上がり率でトップだった。ＴＯＰＩＸグロース指数は０．６２％下落した一方、同バリュー指数は０．４５％高で、バリュー株優位だった。 \n\n市場では「ディフェンシブセクターの一角で堅調さが目立った。日銀会合の結果発表前で不透明感がある中、景気敏感株などを買う動きではなかった」（野村証券投資情報部の沢田麻希ストラテジスト）との見方が聞かれた。日銀の結果発表を機に、物色傾向が変わる可能性があるという。 \n\nＴＯＰＩＸは０．０７％安の２７５２．４９ポイントで午前の取引を終了した。東証プライム市場の売買代金は１兆９３８９億００００万円だった。東証３３業種では、値上がりは銀行や証券、パルプ・紙など２０業種、値下がりは空運やサービス、輸送用機器など１３業種だった。 \n\n村田製作所や第一三共は軟調。トヨタ自動車はさえなかった。一方、三井住友フィナンシャルグループやＴＤＫが堅調。ファナックはしっかりだった。 \n\n東証プライム市場の騰落数は、値上がりが９６７銘柄（５８％）、値下がりは６２１銘柄（３７％）、変わらずは５７銘柄（３％）だった。,['https://newsatcl-pctr.c.yimg.jp/t/amd-img/20240731-00000069-reut-000-1-view.jpg?pri=l&w=640&h=493&exp=10800'],['https://news.yahoo.co.jp/articles/457be6b009633e06a231a504888962e192feba37/images/000']
英中銀、新たな自己資本規則の公表を先送り（ロイター）,https://news.yahoo.co.jp/articles/123673012ea7350b1474cfc38dc123e8ad53c105,https://newsatcl-pctr.c.yimg.jp/t/amd-img/20240731-00000071-reut-000-1-view.jpg?exp=10800,2024-07-31T12:07:12+09:00,2024-07-31T12:07:12+09:00,ロイター,reut,ロイター,565,\n７月３０日、イングランド銀行（英中銀、ＢＯＥ）は、バーゼル銀行監督委員会が策定した国際的な銀行の自己資本規制（バーゼル３）に基づく英国の規則（バーゼル３．１）について、公表を夏休み以降に先送りすると明らかにした。写真は英中銀。ロンドンで２０２２年１１月撮影（２０２４ ロイター／Toby Melville）\nHuw Jones\n\n[ロンドン ３０日 ロイター] - イングランド銀行（英中銀、ＢＯＥ）は３０日、バーゼル銀行監督委員会が策定した国際的な銀行の自己資本規制（バーゼル３）に基づく英国の規則（バーゼル３．１）について、公表を夏休み以降に先送りすると明らかにした。このため新規則の適用を予定通り来年７月に開始できるかどうかを巡り、疑念が生じている。\n\nＢＯＥの健全性規制機構（ＰＲＡ）は昨年１２月、「ほぼ最終的な」規則を今年第２・四半期に公表する方針を示していた。\n\nだが７月上旬の英下院総選挙を控え、最終版の公表は数週間にわたって保留される事態が発生。銀行は規則の変更に１年間から準備できるよう新規則が夏休み時期の前に公表されると予想していた。\n\nＰＲＡの広報は「われわれは現在、バーゼル３．１に関する作業を完了する最終段階にあり、ほぼ最終的な規則を夏休み直後に公表できると想定している」と述べた。,['https://newsatcl-pctr.c.yimg.jp/t/amd-img/20240731-00000071-reut-000-1-view.jpg?pri=l&w=640&h=426&exp=10800'],['https://news.yahoo.co.jp/articles/123673012ea7350b1474cfc38dc123e8ad53c105/images/000']
ＵＡＥ、ＡＩ企業Ｇ４２と米下院スタッフの会談を阻止＝米報道官（ロイター）,https://news.yahoo.co.jp/articles/eaf11f59d24fcfa74175dad063bb6d6c0fd013a3,https://newsatcl-pctr.c.yimg.jp/t/amd-img/20240731-00000068-reut-000-1-view.jpg?exp=10800,2024-07-31T11:58:36+09:00,2024-07-31T11:58:36+09:00,ロイター,reut,ロイター,742,\n７月３０日、アラブ首長国連邦（ＵＡＥ）が今月、同国の人工知能（ＡＩ）企業Ｇ４２幹部らと米下院スタッフとの会談を阻止していたことが、下院報道官の話で分かった。写真はボスニア・ヘルツェゴビナのサラエボで昨年１２月撮影（２０２４ ロイター／Dado Ruvic）\nAlexandra Alper\n\n[ワシントン ２９日 ロイター] - アラブ首長国連邦（ＵＡＥ）が今月、同国の人工知能（ＡＩ）企業Ｇ４２幹部らと米下院スタッフとの会談を阻止していたことが、下院報道官の話で分かった。米マイクロソフトによるＧ４２への投資計画を巡り、米国のＡＩ技術が同社を通じて中国に流出しかねないとの懸念を米議員らが提起したことがきっかけだとしている。\n\n報道官によると、ＵＡＥの駐米大使が「個人的に介入」し、下院中国特別委員会のスタッフとＧ４２幹部及びＵＡＥ政府高官らとの会談を中止させた。スタッフらは１６―１９日、米エヌビディアなどの最先端半導体をＵＡＥおよびサウジアラビアに出荷することなどについて話し合うために中東を訪問し、その一環として会談を求めていたという。\n\nＧ４２は中国と長年関係を築いており、マイクロソフトがＧ４２に１５億ドルを投資する計画を巡っては、高い機密性が求められる技術がそうした企業に流出することを懸念する声が米議員から上がっている。\n\n下院中国特別委員会の報道官はロイターに対し、ＵＡＥ側が会談を拒否したことで、「委員会はマイクロソフトとＧ４２の合意についてますます懸念を募らせている」と述べた。\n\n駐米ＵＡＥ大使館の報道官は、下院委員会スタッフのＵＡＥ訪問については到着の直前に知らされたとし、「訪問を巡る意思疎通に明らかな行き違いがあった」と語った。,['https://newsatcl-pctr.c.yimg.jp/t/amd-img/20240731-00000068-reut-000-1-view.jpg?pri=l&w=640&h=385&exp=10800'],['https://news.yahoo.co.jp/articles/eaf11f59d24fcfa74175dad063bb6d6c0fd013a3/images/000']
デンソー、通期営業益6920億円へ下方修正　4─6月実績の計画下振れ反映（ロイター）,https://news.yahoo.co.jp/articles/05cc1efea5267397304b7ddd3d31cc2c75cf3ec5,https://newsatcl-pctr.c.yimg.jp/t/amd-img/20240731-00000067-reut-000-3-view.jpg?exp=10800,2024-07-31T11:52:53+09:00,2024-07-31T14:40:02+09:00,ロイター,reut,ロイター,1022,\n７月３１日、デンソーは、２０２５年３月期通期の連結営業利益予想（国際会計基準）を従来の７１４０億円から６９２０億円に下方修正した。写真はデンソー。愛知県刈谷市で撮影、提供写真（２０２４ ロイター／デンソー）\nMaki Shiraki\n\n［東京 ３１日 ロイター］ - デンソーは３１日、２０２５年３月期通期の連結営業利益予想（国際会計基準）を従来の７１４０億円から６９２０億円に下方修正した。２４年４─６月期の連結営業利益は前年同期比２７．７％増の１２０５億円で、４─６月期の実績が当初計画を下振れていることを通期予想に反映した。下方修正後の営業利益予想はＩＢＥＳがまとめたアナリスト１７人の事前予想の平均値７０９８億円を下回っている。\n\n４─６月期実績は、主要な部品納入先であるトヨタ自動車で生産停止が発生した影響により当初計画からは下振れたが、前年同期に対しては円安効果や合理化努力により増益となった。\n\n会見した松井靖副社長は、４─６月期は「稼ぐ力、収益は安定してきている」と評価。７─９月期以降の為替レートは１ドル＝１４５円に設定しており、「１ドル＝１５０円くらいで推移するなら、まだ想定よりも利益が出る状況だ」と述べた。「１５０円は絶対値としてはまだ円安。この水準でちゃんと収益が出せると確信を持って言える」と話した。\n\nトヨタでは認証不正やリコール（回収・無償修理）などにより生産停止が時折発生しているが、トヨタの今期世界生産計画１０００万台の水準は「いけるだろう」と松井氏は語り、認証不正で６月から８月も生産停止が続く予定のトヨタ３車種の影響に関しては「極めて軽微」とした。\n\n松井氏はまた、今後の北米市場は「好調継続」とみる一方、中国市場は「弱含みが継続する」との見方を示した。中国では現地メーカー以外の減産が厳しく「車種の入れ替えやいろいろな抜本的な対策で手を打たないと克服は難しいのではないか」と語った。中国以外のメーカーは「しばらく計画に対して１─２割は落ちていくだろう」とみており、デンソーとして「固定費のコントロールで乗り切りたい」と述べた。\n\n一方、デンソーは５月、保有するルネサスエレクトロニクス株の半分超を売却すると発表したが、残りの売却も「前向きに議論を続けたい」と語った。大型の自社株買いも「前向きに考えたい」といい、実施の時期については「株価を見ながら機動的に行う」と話した。,['https://newsatcl-pctr.c.yimg.jp/t/amd-img/20240731-00000067-reut-000-3-view.jpg?pri=l&w=640&h=423&exp=10800'],['https://news.yahoo.co.jp/articles/05cc1efea5267397304b7ddd3d31cc2c75cf3ec5/images/000']
再送-ハリス氏、激戦州ジョージアで集会　人気ラッパー登場で新風（ロイター）,https://news.yahoo.co.jp/articles/1f6ad8b7dfdc7011c77ac5dcf7793225f000825f,https://newsatcl-pctr.c.yimg.jp/t/amd-img/20240731-00000066-reut-000-2-view.jpg?exp=10800,2024-07-31T11:36:05+09:00,2024-07-31T12:41:56+09:00,ロイター,reut,ロイター,721,\n７月３０日、米民主党の大統領候補となる見通しのハリス副大統領（写真右から２人目）は、激戦州ジョージアで集会を開いた。写真は米ジョージア州 アトランタでの代表撮影（２０２４ ロイター）\n(第１段落の表記を修正しました)\n\nNandita Bose\n\n[アトランタ ３０日 ロイター] - 米民主党の大統領候補となる見通しのハリス副大統領は３０日、激戦州ジョージアで集会を開いた。人気ラッパーのミーガン・ザ・スタリオンさんやクエヴォさんも登場し、選挙戦に新風を吹き込んだ。\n\nハリス氏は民主党が勝利を断念していた州を勝ち取ると表明。また、共和党候補のトランプ前大統領が討論会を白紙にしたことを皮肉った。\n\n選挙戦のモメンタムが変化しているとし、「ドナルド・トランプもそれを感じている」と述べた。約１万人の聴衆は歓声を上げ、ハリス氏のスローガンになりつつある「私たちは後戻りしない」というフレーズを叫んだ。\n\nハリス氏はバイデン大統領が重視した政策の一部を継承し、「就任初日に価格つり上げに対処し、コストを引き下げる」と表明。隠れた銀行手数料の禁止を拡大し、不当な家賃引き上げを抑制すると述べた。\n\n南部国境の移民問題にも言及し、国境警備についてトランプ氏は「大言壮語」しているが、行動が伴っていないと指摘。国境警備強化向け資金を提供する法案を否決するようトランプ氏が共和党に迫ったと批判した。\n\nハリス陣営の激戦州責任者はペンシルベニア、ウィスコンシン、ミシガンの「青い壁」３州で勝利を目指すと同時に、バイデン陣営が勝利は困難とみていたジョージア、アリゾナ、ネバダ州を含む「サンベルト」にも期待していると語った。,['https://newsatcl-pctr.c.yimg.jp/t/amd-img/20240731-00000066-reut-000-2-view.jpg?pri=l&w=640&h=426&exp=10800'],['https://news.yahoo.co.jp/articles/1f6ad8b7dfdc7011c77ac5dcf7793225f000825f/images/000']
アルファベットとアンスロピックの提携、英競争当局が審査（ロイター）,https://news.yahoo.co.jp/articles/43eb1ea9357dde542862bc9968eef28aa69cf52b,https://newsatcl-pctr.c.yimg.jp/t/amd-img/20240731-00000063-reut-000-1-view.jpg?exp=10800,2024-07-31T11:25:20+09:00,2024-07-31T11:25:20+09:00,ロイター,reut,ロイター,726,\n７月３０日、英競争・市場庁（ＣＭＡ）は、グーグル親会社アルファベットと、対話型人工知能（ＡＩ）を開発する新興企業アンスロピックの資本提携関係について、英国における競争を弱めないかどうか審査していると明らかにした。写真はアルファベットのロゴとフィギュア。ボスニア・ヘルツェゴビナのサラエボで２月撮影（２０２４ ロイター／Dado Ruvic）\nMartin Coulter\n\n[３０日 ロイター] - 英競争・市場庁（ＣＭＡ）は３０日、グーグル親会社アルファベットと、対話型人工知能（ＡＩ）を開発する新興企業アンスロピックの資本提携関係について、英国における競争を弱めないかどうか審査していると明らかにした。\n\n８月１３日まで意見を募集中で、正式な調査に乗り出すかどうかを決定する。\n\nアンスロピックは、マイクロソフトが出資するオープンＡＩの「ＧＰＴ」シリーズと並んで成長が有望視されている対話型ＡＩ「クロード」を開発。昨年アルファベットから５億ドルの出資を受け、今後１５億ドルの追加出資の約束も取り付けた。またグーグルのクラウドサービスを事業に活用している。\n\n一方で世界中の競争当局はこうした新興企業と巨大ＩＴ企業の大規模提携に対する警戒感を強めており、先週にはＣＭＡが米国や欧州連合（ＥＵ）の当局とＡＩ業界の公正な競争確保に力を合わせて取り組むとする共同声明を発表した。\n\nアンスロピックの広報担当者は、ＣＭＡに協力し、グーグルとの提携に関する「完全な構図」を提供すると述べた。その上で「われわれは独立した企業で、どのような戦略的提携や投資家との関係も当社の企業統治の独立性や、他者と手を組む自由を阻害しない」と強調した。,['https://newsatcl-pctr.c.yimg.jp/t/amd-img/20240731-00000063-reut-000-1-view.jpg?pri=l&w=640&h=409&exp=10800'],['https://news.yahoo.co.jp/articles/43eb1ea9357dde542862bc9968eef28aa69cf52b/images/000']
豪小売売上高、6月は前月比0.5％増　予想上回る（ロイター）,https://news.yahoo.co.jp/articles/4590621bb005b8f58d0130b22e3fcef70501d8be,https://newsatcl-pctr.c.yimg.jp/t/amd-img/20240731-00000064-reut-000-1-view.jpg?exp=10800,2024-07-31T11:29:02+09:00,2024-07-31T11:29:02+09:00,ロイター,reut,ロイター,325,\n７月３１日、オーストラリア統計局が発表した６月の小売売上高は前月比０．５％増と、伸び率は前月の０．６％から鈍化したが、市場予想の０．２％を上回った。写真はシドニーのショッピングモール前で２０１８年２月撮影（２０２４ ロイター／Daniel Munoz）\n[シドニー ３１日 ロイター] - オーストラリア統計局が３１日発表した６月の小売売上高は前月比０．５％増と、伸び率は前月の０．６％から鈍化したが、市場予想の０．２％を上回った。販促イベントにより日用品が好調だった。\n\n第２・四半期の小売売上高は前期比０．３％減で、前年同期比では０．６％減となった。オーストラリアの人口が毎年２．６％増加していることを踏まえると非常に弱い結果となった。,['https://newsatcl-pctr.c.yimg.jp/t/amd-img/20240731-00000064-reut-000-1-view.jpg?pri=l&w=640&h=402&exp=10800'],['https://news.yahoo.co.jp/articles/4590621bb005b8f58d0130b22e3fcef70501d8be/images/000']
中国ＢＹＤ、輸入関税検討中のカナダで市場参入を模索（ロイター）,https://news.yahoo.co.jp/articles/34c7f4668de18da02ee447f712d78a0d214b1a27,https://newsatcl-pctr.c.yimg.jp/t/amd-img/20240731-00000065-reut-000-1-view.jpg?exp=10800,2024-07-31T11:30:52+09:00,2024-07-31T11:30:52+09:00,ロイター,reut,ロイター,506,\n７月３０日、中国電気自動車（ＥＶ）大手のＢＹＤ（比亜迪）は、カナダ当局が中国からの輸入車に関税の適用を検討する中、カナダ市場への参入を模索している。写真はＢＹＤのロゴ。イタリアのミラノで３月撮影（２０２４ ロイター／Claudia Greco）\n[３０日 ロイター] - 中国電気自動車（ＥＶ）大手のＢＹＤ（比亜迪）は、カナダ当局が中国からの輸入車に関税の適用を検討する中、カナダ市場への参入を模索している。今月規制当局に提出した書類で明らかになった。\n\nＢＹＤの計画のスケジュールは明記されていないが、ＥＶへの関税適用の可能性と、同社がカナダで乗用車の販売を開始する計画が記載されている。\n\n米国と欧州連合（ＥＵ）に続いてカナダも６月、中国製ＥＶに関税を課すことを検討していると表明。中国政府がＥＶ業界に対し、多額の補助金を支給しているとの考えに同調する姿勢を見せた。\n\nカナダ政府は７月２日、対応を検討する１カ月の公開協議を開始しており「中国のＥＶセクターへの不当な支援を放置すれば、輸入の急増につながり、カナダの自動車分野が計画している投資や変革に悪影響を及ぼす可能性がある」と指摘した。,['https://newsatcl-pctr.c.yimg.jp/t/amd-img/20240731-00000065-reut-000-1-view.jpg?pri=l&w=640&h=426&exp=10800'],['https://news.yahoo.co.jp/articles/34c7f4668de18da02ee447f712d78a0d214b1a27/images/000']
北朝鮮の中国国境付近で洪水、4000戸超が浸水＝ＫＣＮＡ（ロイター）,https://news.yahoo.co.jp/articles/aab743f4d494f1158935cba032396c0eefebd256,https://newsatcl-pctr.c.yimg.jp/t/amd-img/20240731-00000062-reut-000-1-view.jpg?exp=10800,2024-07-31T11:21:25+09:00,2024-07-31T11:21:25+09:00,ロイター,reut,ロイター,389,\n７月３１日、北朝鮮国営の朝鮮中央通信社（ＫＣＮＡ）が伝えたところによると、中国との国境に近い新義州市と義州郡を襲った熱帯暴風雨の影響で洪水が発生し、４０００戸以上の家屋が浸水している。写真は浸水した地域。北朝鮮の平安北道で撮影、提供写真（２０２４ ロイター／KCNA）\n［ソウル ３１日 ロイター］ - 北朝鮮国営の朝鮮中央通信社（ＫＣＮＡ）が３１日伝えたところによると、中国との国境に近い新義州市と義州郡を襲った熱帯暴風雨の影響で洪水が発生し、４０００戸以上の家屋が浸水している。\n\nまた、農地約３０００ヘクタールのほか多くの公共の建物、施設、道路も浸水。今週に入り２日にわたって労働党政治局の緊急会議が開かれたという。\n\n金正恩総書記は２８日に被災地を視察。ＫＣＮＡによると、週明けに召集した緊急会議で被害に重大な懸念を表明し、被災地復興に向けた指示を行った。,['https://newsatcl-pctr.c.yimg.jp/t/amd-img/20240731-00000062-reut-000-1-view.jpg?pri=l&w=640&h=424&exp=10800'],['https://news.yahoo.co.jp/articles/aab743f4d494f1158935cba032396c0eefebd256/images/000']
スケボー男子ストリート金の堀米「パリのメダルは、東京よりも重い」（ロイター）,https://news.yahoo.co.jp/articles/6208ee56dc420c955d1808e803c1a17114c6c0d2,https://newsatcl-pctr.c.yimg.jp/t/amd-img/20240731-00010002-reutv-000-2-thumb.jpg?exp=10800,2024-07-31T11:22:11+09:00,2024-07-31T11:33:35+09:00,ロイター,reut,ロイター,586,\nスケートボード男子ストリートの堀米雄斗がパリ五輪で金メダルを獲得し、東京大会に続く2連覇を達成した。30日パリで会見した堀米は今大会の金メダルは、東京大会の時よりも重く感じていると感想を語った。\n\nスケートボード男子ストリート金 堀米雄斗\n「本当にすごくうれしい。今でも信じられなくて、夢なのかなって思っちゃうくらい自分でもびっくりしています。\n\n東京五輪で金メダルを取った時よりこのパリの金メダルはすごく重く感じていて、その理由は東京大会が終わってからいろいろ自分を見失う時もあったりとか、何をしていけばいいかわからなくなった時期とかも本当にいろんなことがあって。\n \nやっぱり五輪は違う舞台っていうか、日本を背負って行っている部分もあるし、みんな応援してくれている人の気持ちも乗っかっているので、そういった気持ちとか、サポートしてくれているみんなの気持ちが最後の逆転につながったのかなって思っています」\n\n当初27日に予定されていたものの雨により29日に順延となった同種目で、堀米は45秒間に何回も技を披露する「ラン」を4位で通過した。\nそして、1回の大技で競う「ベストトリック」では最初の4回のうち3回で失敗し、表彰台を逃すかと思われたが、最後の5回目の演技で大技を成功させ、97．08点をマーク。合計281．14点で逆転の金メダルとなった。,[],[]
バークシャー、7月に米銀BofA株を30億ドル以上売却（ロイター）,https://news.yahoo.co.jp/articles/16f0b31046ec67d336b9ac4c277347664e2910a1,https://newsatcl-pctr.c.yimg.jp/t/amd-img/20240731-00000060-reut-000-1-view.jpg?exp=10800,2024-07-31T11:12:17+09:00,2024-07-31T11:12:17+09:00,ロイター,reut,ロイター,595,\n著名投資家ウォーレン・バフェット氏が率いる米投資会社バークシャー・ハサウェイは今月、値上がりしていた米銀大手バンク・オブ・アメリカ（ＢｏｆＡ）の株式７１２０万株、３０億５０００万ドル相当を売却して利益を確定した。写真は５月３日、ネブラスカ州オマハで撮影（２０２４年 ロイター/Scott Morgan）\nJonathan Stempel\n\n[３０日 ロイター] - 著名投資家ウォーレン・バフェット氏が率いる米投資会社バークシャー・ハサウェイは今月、値上がりしていた米銀大手バンク・オブ・アメリカ（ＢｏｆＡ）の株式７１２０万株、３０億５０００万ドル相当を売却して利益を確定した。２９日夜の規制当局への提出書類で、最新の売却状況が明らかになった。\n\nバークシャーは１７日から売却を進めており、今回新たに２５日から２９日にかけて１８４０万株を７億６７００万ドルで売却したことが分かった。この結果、２９日夜時点でバークシャーが保有するＢｏｆＡ株は９億６１５０万株に減少したが、保有比率は１２．４％と、引き続き最大株主の座は維持している。\n\nバークシャーは保有比率が１０％を下回るまで、株式売却を当局に報告する義務がある。\n\nＢｏｆＡ株は昨年１０月末から６６％程度上昇している。バフェット氏は長年、同行のブライアン・モイニハン最高経営責任者（ＣＥＯ）による経営を支持してきた。,['https://newsatcl-pctr.c.yimg.jp/t/amd-img/20240731-00000060-reut-000-1-view.jpg?pri=l&w=640&h=427&exp=10800'],['https://news.yahoo.co.jp/articles/16f0b31046ec67d336b9ac4c277347664e2910a1/images/000']
中国ＰＭＩ、7月は製造業3カ月連続50割れ　非製造業は50.2に低下（ロイター）,https://news.yahoo.co.jp/articles/d43322954eba5d23f4dd9de11f811e3c05e558c4,https://newsatcl-pctr.c.yimg.jp/t/amd-img/20240731-00000059-reut-000-4-view.jpg?exp=10800,2024-07-31T11:11:10+09:00,2024-07-31T16:18:41+09:00,ロイター,reut,ロイター,1149,\n７月３０日、中国国家統計局が発表した７月の製造業購買担当者景気指数（ＰＭＩ）は、３カ月連続で景況拡大と縮小の分かれ目となる５０を下回った。写真は中国の南昌にある工場で５月撮影（２０２４ ロイター／Kevin Krolicki）\n[北京 ３１日 ロイター] - 中国国家統計局が３１日発表した７月の製造業購買担当者景気指数（ＰＭＩ）は、３カ月連続で景況拡大と縮小の分かれ目となる５０を下回った。不動産部門の低迷や雇用不安が長引き景気が減速する中、中国当局が追加刺激策を打ち出す必要があるとの見方が強まった。\n\n７月の製造業ＰＭＩは４９．４で、前月の４９．５から低下した。ロイターがまとめた市場予想の４９．３は上回った。\n\n新規受注と新規輸出の動向を示すサブ指数は３カ月連続で縮小した。雇用と卸売価格は引き続きマイナス圏にある。\n\nキャピタル・エコノミクスのアシスタントエコノミスト、ゲーリー・ウン氏は「唯一の明るい兆しは、このところの失速により、当局が目先の政策支援のギアを上げることをより真剣に考えるようになったことだ」とし、それが「今後数カ月の活動の回復を下支えするはずだ」と説明した。\n\n中国指導部は３０日、低・中所得層の消費を促すため、所得引き上げに向けた追加刺激策を講じる意向を示したが、具体的な措置は明らかにしなかった。\n\n消費者は高額商品への支出を減らしている。中国の小売売上高で最大部分を占める自動車販売は、６月に３カ月連続の減少を記録した。米スターバックスは、消費者の低価格志向を背景に中国の四半期売上高が１４％減少したと発表した。\n\nまた、当局が先週発表した超長期国債３０００億元（４１４億ドル）の半分は消費者の下取りプログラムを支援するために割り当てられるが、この金額は国内生産のわずか０．１２％、２０２３年の小売売上高の０．３％にしか満たないため、景気回復を後押しするには不十分と見られている。\n\n一方、７月のサービス業と建設業を含む非製造業ＰＭＩは５０．２と５０を上回ったものの、６月の５０．５から低下。国内のサービス需要鈍化を示すとともに、不動産危機の問題を改めて浮き彫りにした。\n\n中国では不動産が家計資産の７０％を占めることから、国内消費の低迷は不動産評価額の低下と密接に関係している。\n\n景気好転の兆しがほとんどみられないなか、どの程度の追加刺激策がとられるか、アナリストの間で意見が分かれている。\n\nＵＢＳの中国担当チーフエコノミスト、タオ・ワン氏は、預金準備率と金利の引き下げが実施される可能性があると指摘。「年内は緩やかな政策支援となり、過去数カ月の支援策をほぼ踏襲するが大規模な新規策はないと予想する」と述べた。,['https://newsatcl-pctr.c.yimg.jp/t/amd-img/20240731-00000059-reut-000-4-view.jpg?pri=l&w=640&h=426&exp=10800'],['https://news.yahoo.co.jp/articles/d43322954eba5d23f4dd9de11f811e3c05e558c4/images/000']
豪ＣＰＩ、第2四半期は加速もコアが予想下振れ　年内利下げ観測（ロイター）,https://news.yahoo.co.jp/articles/f96a7f4efff079ffcd292991db763450370fabf6,https://newsatcl-pctr.c.yimg.jp/t/amd-img/20240731-00000061-reut-000-4-view.jpg?exp=10800,2024-07-31T11:15:23+09:00,2024-07-31T17:20:08+09:00,ロイター,reut,ロイター,1244,\n７月３１日、オーストラリア統計局が発表した第２・四半期の消費者物価指数（ＣＰＩ）は、住宅や食品の値上がりを受けて前年比の伸びが加速した。写真はシドニーのスーパーマーケット前で２０２０年６月撮影（２０２４ ロイター／Loren Elliott）\n[シドニー ３１日 ロイター] - オーストラリア統計局が３１日発表した第２・四半期の消費者物価指数（ＣＰＩ）は、住宅や食品の値上がりを受けて前年比の伸びが加速した。ただ、コアインフレ率は予想を下回り、追加利上げ観測が大きく後退。年内にも利下げが実施されるとの見方が高まった。\n\nこの日発表の６月の小売売上高は予想を上回る伸びとなったが、第２・四半期全体ではマイナスとなり、引き締め的な金融政策が個人消費抑制の効果を表した格好となった。\n\n豪ドルは統計発表後に０．７％下落し０．６４９５米ドルと、３カ月ぶりの安値を付けた。３年物国債先物は２３ティック上昇し９６．２８を付けた。\n\nスワップ市場では利下げを織り込み直す動きが見られ、１２月までの利下げ確率は７０％となった。\n\n第２・四半期ＣＰＩは前期比１．０％上昇し、市場予想と一致した。\n\n前年比では３．８％上昇と第１・四半期の３．６％上昇から加速し、予想と一致。６月単月でも前年比３．８％上昇した。\n\nコアインフレ率の指標として注目されるＣＰＩの中銀トリム平均値は第２・四半期に前期比０．８％上昇し、伸び率は予想の１．０％を下回った。前年比伸び率は３．９％と第１・四半期の４．０％から鈍化し、２０２２年初め以来の低水準となった。\n\nデロイト・アクセス・エコノミクスのパートナー、スティーブン・スミス氏は「きょう発表されたＣＰＩデータを受け、景気後退を招くだけである利上げを巡る観測に終止符が打たれるだろう」と指摘。\n\n「世界ではオーストラリアよりも早くパンデミック後のインフレ上昇に見舞われた多くの国で金利が低下している。これは高水準の金利を引き下げる世界的な傾向にオーストラリアが数カ月遅行していることを示す」と述べた。\n\nＵＢＳの豪州担当チーフエコノミスト、ジョージ・サレノー氏は８月の利上げ予想を撤回。「選挙に先立ち、追加の財政刺激策が導入されると予想しており、中銀が長期間、金利を高めに維持するとの見方は変えていない」とし、利下げ開始は来年８月で利下げ幅は２５ベーシスポイント（ｂｐ）になると予想した。 \n\n第２・四半期は住居費と食品価格が特に上昇した。家賃は２％上昇、果物・野菜は６．３％上昇。\n\nオーストラリア準備銀行（中央銀行）は先月、政策金利のオフィシャルキャッシュレートを５会合連続で４．３５％に据え置いた。理事会はインフレの上振れリスクを踏まえ利上げの是非を議論したが、労働市場が急速に軟化するとの懸念が利上げの障害となってきた。\n\nアナリストは新たな電気代補助金が第３・四半期に物価上昇圧力を大幅に抑えるとみている。,['https://newsatcl-pctr.c.yimg.jp/t/amd-img/20240731-00000061-reut-000-4-view.jpg?pri=l&w=640&h=426&exp=10800'],['https://news.yahoo.co.jp/articles/f96a7f4efff079ffcd292991db763450370fabf6/images/000']
米民主党、ハリス氏正式指名へ8月1─5日にオンライン投票　大統領選（ロイター）,https://news.yahoo.co.jp/articles/e1a923822ff56ea32638756e1c3f0ada6d7ab53c,https://newsatcl-pctr.c.yimg.jp/t/amd-img/20240731-00000057-reut-000-1-view.jpg?exp=10800,2024-07-31T11:10:25+09:00,2024-07-31T11:10:25+09:00,ロイター,reut,ロイター,355,\n米民主党全国委員会（ＤＮＣ）は３０日、１１月の大統領選に向けハリス副大統領を大統領候補に正式指名するため、党全国大会の代議員が８月１─５日にオンラインで投票を行うと発表した。写真は７月３０日、ジョージア州アトランタで撮影（２０２４年 ロイター/Dustin Chambers）\n[ワシントン ３０日 ロイター] - 米民主党全国委員会（ＤＮＣ）は３０日、１１月の大統領選に向けハリス副大統領を大統領候補に正式指名するため、党全国大会の代議員が８月１─５日にオンラインで投票を行うと発表した。\n\nＤＮＣの幹部らは候補指名に向けた手続きの結果を公表し、ハリス氏が唯一、投票資格を得たと明らかにした。\n\nＤＮＣは８月１９─２２日にシカゴで開く党大会に先立ち、同月７日までに候補者を選ぶ方針を示していた。,['https://newsatcl-pctr.c.yimg.jp/t/amd-img/20240731-00000057-reut-000-1-view.jpg?pri=l&w=640&h=426&exp=10800'],['https://news.yahoo.co.jp/articles/e1a923822ff56ea32638756e1c3f0ada6d7ab53c/images/000']
中国非製造業ＰＭＩ、7月は50.2に低下　サービス需要減速で（ロイター）,https://news.yahoo.co.jp/articles/92a235c3f441af4fef3882a2ea5ab1c93de26a4d,https://newsatcl-pctr.c.yimg.jp/t/amd-img/20240731-00000058-reut-000-1-view.jpg?exp=10800,2024-07-31T11:07:47+09:00,2024-07-31T11:07:47+09:00,ロイター,reut,ロイター,302,\n７月３１日、中国国家統計局が発表した７月のサービス業と建設業を含む非製造業購買担当者景気指数（ＰＭＩ）は５０．２と、６月の５０．５から低下した。写真は北京のスーパーマーケットで６月撮影（２０２４ ロイター／Florence Lo）\n[北京 ３１日 ロイター] - 中国国家統計局が３１日発表した７月のサービス業と建設業を含む非製造業購買担当者景気指数（ＰＭＩ）は５０．２と、６月の５０．５から低下した。国内のサービス需要の減速を示した。長期化する不動産不況の深刻さも浮き彫りにした。\n\n景況拡大・縮小の分かれ目となる５０は上回った。\n\n製造業とサービス業を含めた総合ＰＭＩは５０．２だった。,['https://newsatcl-pctr.c.yimg.jp/t/amd-img/20240731-00000058-reut-000-1-view.jpg?pri=l&w=640&h=426&exp=10800'],['https://news.yahoo.co.jp/articles/92a235c3f441af4fef3882a2ea5ab1c93de26a4d/images/000']
英国で女児3人死亡の襲撃事件巡りデモ、暴徒化し警察と衝突（ロイター）,https://news.yahoo.co.jp/articles/f31e08fe380c118f5ed80e812bd81897b889de99,https://newsatcl-pctr.c.yimg.jp/t/amd-img/20240731-00000056-reut-000-1-view.jpg?exp=10800,2024-07-31T11:06:04+09:00,2024-07-31T11:06:04+09:00,ロイター,reut,ロイター,633,\n英イングランド北西部サウスポートで２９日にダンス教室のイベントに参加していた子どもが刃物で襲撃され、女児３人が死亡した事件を受け、現地で３０日に反イスラムの大規模なデモが実施され、暴徒化した参加者が警察と衝突した。写真は７月２９日、サウスポートで撮影（２０２４年 ロイター/Temilade Adelaja）\nTemilade Adelaja\n\n[サウスポート（英イングランド） ３０日 ロイター] - 英イングランド北西部サウスポートで２９日にダンス教室のイベントに参加していた子どもが刃物で襲撃され、女児３人が死亡した事件を受け、現地で３０日に反イスラムの大規模なデモが実施され、暴徒化した参加者が警察と衝突した。\n\n警察はこの襲撃事件についてテロとの関連はなく、殺人などの疑いで逮捕された１７歳の少年は英国生まれだと指摘。それでもなお、極右団体が少年とイスラム教を関連付けた臆測をかき立てた。\n\n警察によると、デモに参加した数百人がモスク（イスラム教礼拝所）に物を投げ始めて暴徒化。警察は参加者が反イスラムの暴力的なデモを実施してきた「イングランド防衛同盟」という団体と関連があるとみている。\n\nスターマー首相は「犠牲者の追悼が暴力に取って代わられた」とデモ参加者を非難した。\n\n襲撃事件では３人が死亡したほか、８人が負傷し、うち５人が重体。子どもを守ろうとした大人２人も重体となっている。\n\n警察によると、犯行の動機はなお不明。,['https://newsatcl-pctr.c.yimg.jp/t/amd-img/20240731-00000056-reut-000-1-view.jpg?pri=l&w=640&h=426&exp=10800'],['https://news.yahoo.co.jp/articles/f31e08fe380c118f5ed80e812bd81897b889de99/images/000']
インドネシアをＢＢＢに据え置き、財政に先行き不透明感も＝Ｓ＆Ｐ（ロイター）,https://news.yahoo.co.jp/articles/03ccc1e8f7f1a87934e3fe186361e4a0bcf50b6b,https://newsatcl-pctr.c.yimg.jp/t/amd-img/20240731-00000054-reut-000-1-view.jpg?exp=10800,2024-07-31T11:03:44+09:00,2024-07-31T11:03:44+09:00,ロイター,reut,ロイター,680,\n大手格付け会社の米Ｓ＆Ｐグローバル・レーティングは３０日、インドネシアのソブリン格付けを「ＢＢＢ」、格付け見通しを「安定的」にそれぞれ据え置いた。写真は２０１８年４月、ジャカルタで撮影（２０２４年 ロイター/Beawiharta）\n[ジャカルタ ３０日 ロイター] - 大手格付け会社の米Ｓ＆Ｐグローバル・レーティングは３０日、インドネシアのソブリン格付けを「ＢＢＢ」、格付け見通しを「安定的」にそれぞれ据え置いた。ただ、１０月にプラボウォ国防相が大統領に就任した後の財政政策には先行き不透明感があると警鐘を鳴らした。\n\n次期政権移行チームは財政赤字を対国内総生産（ＧＤＰ）比３％までとする法定上限を守り、公的債務残高の対ＧＤＰ比も現状水準を維持すると市場に保証している。\n\nＳ＆Ｐは「財政支出計画を考慮すると、財政赤字は法定上限に近い水準を念頭に置くだろう」と指摘。移行チームは財政規律を守る方針を表明したものの、Ｓ＆Ｐは「次期政権が計画の詳細を発表するまで政策の先行き不透明感は残りそうだ」との見通しを示した。\n\n大統領選でプラボウォ氏が掲げた公約の柱には、ＧＤＰの約２％に相当する４５０兆ルピア（２７６億２０００万ドル）を支出し、妊婦や幼児、学生など計８０００万人以上に栄養価の高い食事を無料提供することがあった。\n\n次期政権では、住宅供給の拡大や食糧増産により、ＧＤＰを現在の約５％増から８％増へ引き上げる方針だが、Ｓ＆Ｐの予想では２０２６、２７の両年にいずれも４．９％増に減速する。ニッケルなど主要商品の価格も鈍化が見込まれる。,['https://newsatcl-pctr.c.yimg.jp/t/amd-img/20240731-00000054-reut-000-1-view.jpg?pri=l&w=640&h=426&exp=10800'],['https://news.yahoo.co.jp/articles/03ccc1e8f7f1a87934e3fe186361e4a0bcf50b6b/images/000']
米国で「プレティーン」世代の自殺率が増加、女子に顕著（ロイター）,https://news.yahoo.co.jp/articles/bb1a80482433e81cd648663f0dc631f4ae9a8ece,https://newsatcl-pctr.c.yimg.jp/t/amd-img/default.jpg?exp=10800,2024-07-31T11:06:03+09:00,2024-07-31T11:06:03+09:00,ロイター,reut,ロイター,469,\nMariam Sunny\n\n［３０日 ロイター］ - ８─１２歳の「プレティーン」と呼ばれる世代の自殺率が米国で２００８─２２年に年平均８．２％上昇し、特に女子の増加が目立っていることが、米国立衛生研究所（ＮＨＩ）の最新調査で分かった。\n\n米疾病対策センター（ＣＤＣ）による０１─２２年のプレティーンの自殺に関する記録を調査したもので、医学誌「ＪＡＭＡネットワーク・オープン」が結果を掲載した。\n\n０８─２２年の米国のプレティーン自殺者数は１７５９人（１００万人当たり５．７人）と、０１─０７年の４８２人（同３．３４人）から３倍以上増えた。\n\n共同執筆者した国立精神衛生研究所のリサ・ホロウィッツ氏はロイターの取材に、「若者の間で増加傾向が見られたのには驚いた」と指摘。年齢の低い子どももソーシャルメディアの影響を受けているとした上で、「物事が起こるスピードが加速し、ストレス要因から逃れられなくなっている」と述べた。世界中の小児科医に対し、１０歳に満たない子どもの自殺リスクに関する検査を呼び掛けるものになるとした。,[],[]
米ＡＭＤ、ＡＩ向け半導体の通期売上高見通しを上方修正（ロイター）,https://news.yahoo.co.jp/articles/8d259eab3d359a3a5f4ea50b541cb7626c10be90,https://newsatcl-pctr.c.yimg.jp/t/amd-img/20240731-00000052-reut-000-1-view.jpg?exp=10800,2024-07-31T10:59:41+09:00,2024-07-31T10:59:41+09:00,ロイター,reut,ロイター,803,\n米半導体大手アドバンスト・マイクロ・デバイセズは３０日、今年通期の人工知能（ＡＩ）向け半導体の売上高見通しを５億ドルほど上方修正した。写真は２０２３年２月撮影（２０２４年 ロイター/Florence Lo/Illustration）\nMax A. Cherney Arsheeya Bajwa\n\n[３０日 ロイター] - 米半導体大手アドバンスト・マイクロ・デバイセズは３０日、今年通期の人工知能（ＡＩ）向け半導体の売上高見通しを５億ドルほど上方修正した。ＡＩ向け半導体の需給は２０２５年末まで逼迫すると見込んだ。\n\nＡＤＭのリサ・スー最高経営責任者（ＣＥＯ）は四半期決算発表後の電話会見で、２０２４年のＡＩ向け半導体の売上高見通しを従来の４０億ドルから４５億ドルに引き上げた。\n\nＡＭＤが設計したＡＩ向け半導体は、大半がクラウドコンピューティング大手に販売されている。専門家や市場関係者はＡＭＤのＡＩ向け半導体について、市場で圧倒的なシュアを握るエヌビディアに対抗できる可能性を秘めていると考えている。\n\nＡＭＤの主要法人顧客としてはメタ・プラットフォームズやマイクロソフトなどが挙げられる。\n\nＡＭＤが３０日発表した第２・四半期決算は、売上高が前年同期比９％増の５８億ドルとなり、市場予想の５７億２０００万ドルを上回った。調整後の１株利益は０．６９ドルで、市場予想の０．６８ドルより高い水準だった。\n\n部門別では、データセンター部門の売上高が１１５％増の２８億ドルと大きく伸びた。ＡＩ向け半導体の売上高は四半期として初めて１０億ドルを超えた。\n\nＡＭＤは今年第３・四半期の売上高を、６７億ドルを中心とする上下３億ドルの範囲と予想。ＬＳＥＧが集計したアナリスト予想平均は６６億１０００万ドルとなっていた。調整後の粗利益率は約５３．５％と予想、市場予想は５３．６％だった。,['https://newsatcl-pctr.c.yimg.jp/t/amd-img/20240731-00000052-reut-000-1-view.jpg?pri=l&w=640&h=426&exp=10800'],['https://news.yahoo.co.jp/articles/8d259eab3d359a3a5f4ea50b541cb7626c10be90/images/000']
ＯＰＥＣプラス、8月会合では現行方針維持の公算大（ロイター）,https://news.yahoo.co.jp/articles/bb0c44ea4d9d6569a25cbd0932ac5ad4bd2546cd,https://newsatcl-pctr.c.yimg.jp/t/amd-img/20240731-00000053-reut-000-1-view.jpg?exp=10800,2024-07-31T11:02:04+09:00,2024-07-31T11:02:04+09:00,ロイター,reut,ロイター,680,\n石油輸出国機構（ＯＰＥＣ）加盟・非加盟産油国で構成する「ＯＰＥＣプラス」は８月１日開催の合同閣僚監視委員会（ＪＭＭＣ）で現行の生産方針を維持する公算が大きい。写真はＯＰＥＣ本部。５月２８日、オーストリアのウィーンで撮影（２０２４年 ロイター/Leonhard Foeger）\nOlesya Astakhova\n\n[モスクワ／ロンドン ３０日 ロイター] - 石油輸出国機構（ＯＰＥＣ）加盟・非加盟産油国で構成する「ＯＰＥＣプラス」は８月１日開催の合同閣僚監視委員会（ＪＭＭＣ）で現行の生産方針を維持する公算が大きい。関係者５人がロイターに語った。\n\n原油価格はこのところ大幅に下落しているものの、ＯＰＥＣプラスは１０月以降、一部の減産を段階的に縮小する方針を掲げている。\n\n関係者の１人は「８月１日の会合で何らかの変更や動きがある可能性は低く、とりわけ新たな減産に踏み切る公算は小さい」との見方を示した。\n\n原油価格は今月、地政学的リスクの後退や中国の需要拡大を巡る懸念を背景に、これまでのところ約９％下落している。３０日の取引では１バレル＝８０ドルを下回った。\n\nＯＰＥＣプラスは現在、合計で日量５８６万バレル（世界需要の約５．７％に相当）の減産を実施している。\n\n６月の会合では、正式な枠組みとしては２０２５年末まで日量３６６万バレルの減産を延長し、８カ国による自主的取り組みとしては今年９月末までの３カ月間で同２２０万バレルの減産を行うと決めた。２４年１０月─２５年９月には２２０万バレルの自主減産を段階的に縮小する方針だ。,['https://newsatcl-pctr.c.yimg.jp/t/amd-img/20240731-00000053-reut-000-1-view.jpg?pri=l&w=640&h=445&exp=10800'],['https://news.yahoo.co.jp/articles/bb0c44ea4d9d6569a25cbd0932ac5ad4bd2546cd/images/000']
五輪＝男子テニス複、マリーが現役最後の大会で8強入り　ナダル組も（ロイター）,https://news.yahoo.co.jp/articles/34dfe30fc5827e4f8813b05f065fda0094877fc4,https://newsatcl-pctr.c.yimg.jp/t/amd-img/20240731-00000049-reut-000-1-view.jpg?exp=10800,2024-07-31T10:45:07+09:00,2024-07-31T10:45:07+09:00,ロイター,reut,ロイター,648,\nパリ五輪は３０日、テニス男子ダブルスの２回戦を行い、今大会を最後に現役を引退するとの意向を示している英国のアンディ・マリー（写真奥）、ダニエル・エバンズ組がベスト８入りを決めた（２０２４年 ロイター/Claudia Greco）\n［パリ ３０日 ロイター］ - パリ五輪は３０日、テニス男子ダブルスの２回戦を行い、今大会を最後に現役引退の意向を示している英国のアンディ・マリー、ダニエル・エバンズ組がベスト８入りを決めた。\n\nシングルス元世界ランク１位のマリーは五輪テニスのシングルスで、２０１２年ロンドン大会と１６年リオデジャネイロ大会でいずれも金メダルを獲得し、四大大会では３回優勝。ノバク・ジョコビッチ（セルビア）、ラファエル・ナダル（スペイン）、ロジャー・フェデラー（スイス）とともに「ビッグフォー」として男子シングルスで栄華を極めてきたが、近年はけがに苦しみ、パリ五輪を最後に引退の意向を表明している。\n\nパリ大会はダブルスのみ出場。３０日の２回戦ではベルギーのサンデル・ジル、ヨラン・フリーゲン組に６─３、６─７、１１─９で勝利し、準々決勝に駒を進めた。\n\nマリーは「勝ち上がるために非常に高いのパフォーマンスをする必要があると分かっているが、こうした試合に勝てると自信になる」とコメントした。\n\n今年限りでの引退を表明しているナダルもカルロス・アルカラスと組み、オランダのタロン・フリークスポール、ウェスリー・コールホフ組に６─４、６─７、１０─２で勝利した。,['https://newsatcl-pctr.c.yimg.jp/t/amd-img/20240731-00000049-reut-000-1-view.jpg?pri=l&w=640&h=426&exp=10800'],['https://news.yahoo.co.jp/articles/34dfe30fc5827e4f8813b05f065fda0094877fc4/images/000']
パリのホテル、宿泊料こぞって値下げ 五輪特需が想定下回る（ロイター）,https://news.yahoo.co.jp/articles/d7863e350439e5ee0de9bd2368baad9c78fa1e98,https://newsatcl-pctr.c.yimg.jp/t/amd-img/20240731-00000051-reut-000-1-view.jpg?exp=10800,2024-07-31T10:58:01+09:00,2024-07-31T10:58:01+09:00,ロイター,reut,ロイター,550,\n五輪が開催されているフランス・パリのホテルは、宿泊料高騰への反発を受け、値下げや最低滞在日数の緩和など、旅行者囲い込みに向けて最後の取り組みを急いでいる。写真は７月１０日、パリで撮影（２０２４年 ロイター/Gonzalo Fuentes）\nDoyinsola Oladipo\n\n［ニューヨーク ３０日 ロイター］ - 五輪が開催されているフランス・パリのホテルは、宿泊料高騰への反発を受け、値下げや最低滞在日数の緩和など、旅行者囲い込みに向けて最後の取り組みを急いでいる。\n\nパリ観光局は２９日、ホテルの平均宿泊料は初夏の１泊３４２ユーロから２５８ユーロに下落したと発表。２０２３年７月は２０２ユーロだった。\n\n旅行代理店によると、物価高や安全上の懸念を背景に五輪特需が想定ほど伸びず、ホテルはこぞって割引プランを打ち出した。これにより、宿泊客は最大７０％安く泊まれる可能性があるという。旅行代理店関係者は「パリは全く混雑していない。十分な空室があり、料金は２割ほど安くなっている」と語った。\n\nブッキング・ホールディングス（ＨＤ）の旅行検索エンジンＫＡＹＡＫによると、７月のパリのホテル宿泊料は、前月比１６％下落した。四つ星ホテルの料金は８月上旬までに最大６６％下落している。,['https://newsatcl-pctr.c.yimg.jp/t/amd-img/20240731-00000051-reut-000-1-view.jpg?pri=l&w=640&h=426&exp=10800'],['https://news.yahoo.co.jp/articles/d7863e350439e5ee0de9bd2368baad9c78fa1e98/images/000']
五輪＝選手村でエアコン注文急増、熱波で「環境配慮」に早くも限界か（ロイター）,https://news.yahoo.co.jp/articles/eb90f321e51bc88a6608bc8d442eb7c483c42e77,https://newsatcl-pctr.c.yimg.jp/t/amd-img/20240731-00000048-reut-000-2-view.jpg?exp=10800,2024-07-31T10:40:28+09:00,2024-07-31T11:57:12+09:00,ロイター,reut,ロイター,674,\n７月３０日、パリ五輪の大会組織委員会は、地下水を利用した冷房システムや壁の断熱、ブラインドの活用などで選手村のエアコン設備が不要になり、史上最も環境に優しい大会が実現できると期待していた。写真はパリ五輪選手村の外観。２３日撮影（２０２４年 ロイター/Benoit Tessier）\nMichael Rose\n\n［パリ ３０日 ロイター］ - パリ五輪の大会組織委員会は、地下水を利用した冷房システムや壁の断熱、ブラインドの活用などで選手村のエアコン設備が不要になり、史上最も環境に優しい大会が実現できると期待していた。\n【パリ五輪】フォトギャラリー：7月30日のハイライト\nだが、パリでは気温が急上昇し、多くの代表団が対策に追われている。開会式で大雨が降るなど週末は雨が続いたが、３０日には熱波で気温が３０度半ばまで上昇した。\n\n選手村の担当者によれば、エアコンの注文が急増したため一時は在庫がなくなった。特にアジアの選手団から注文が多いという。\n\n室内温度は２６度以下になるよう設計されており、パリのイダルゴ市長は大会前、冷房設備を信頼するよう各団に呼びかけていたが、暑さを考慮して選手団はエアコンの購入やレンタルが認められている。\n\nフランスは伝統的にエアコン保有者が少ないが、同国の選手らも手を伸ばし始めている。\n\n競泳のアシア・トゥアティ選手は「携帯式のクーラーを持っている。寝室にはエアコンがなかったが、暑くなりすぎたため設置してもらった」と説明。また、こうした機器の調達が間に合っていない選手もいるという。,['https://newsatcl-pctr.c.yimg.jp/t/amd-img/20240731-00000048-reut-000-2-view.jpg?pri=l&w=640&h=419&exp=10800'],"['https://news.yahoo.co.jp/articles/eb90f321e51bc88a6608bc8d442eb7c483c42e77/images/000', 'https://jp.reuters.com/life/sports/olympics/C4VTZSM57VHE3KSH46YVUT2GEQ-2024-07-30/?rpc=122']"
五輪＝選手のコロナ陽性反応相次ぐ　出場辞退やマスク着用も（ロイター）,https://news.yahoo.co.jp/articles/82ee1d2562ed9826de37ec1cf2ef0f9b15cf8009,https://newsatcl-pctr.c.yimg.jp/t/amd-img/20240731-00000050-reut-000-2-view.jpg?exp=10800,2024-07-31T10:55:20+09:00,2024-07-31T11:02:43+09:00,ロイター,reut,ロイター,719,\n新型コロナウイルスのパンデミック（世界的大流行）後初の五輪となるパリ大会だが、陽性反応を示す選手が相次ぎ、出場辞退やマスク着用が求められる状況となっている（２０２４年 ロイター/Lisa Leutner）\n［パリ ３０日 ロイター］ - 新型コロナウイルスのパンデミック（世界的大流行）後初の五輪となるパリ大会だが、陽性反応を示す選手が相次ぎ、出場辞退やマスク着用が求められる状況となっている。\n\n前回の東京大会はコロナ禍のため１年延期された上、ほぼ無観客で開催。２２年の北京冬季大会も厳格な予防措置を講じた中で開かれた。今大会は厳格なプロトコルや制限は設けられていないが、大会組織委員会側は、陽性反応が出た場合は全員マスクを着用する方針。ただ、感染者はまだ少ないという。\n\n水球女子では開会式数日前にオーストラリアの選手数人が陽性反応を示し、隔離を余儀なくされた。競泳女子１５００メートル自由形でメダルが期待されていた同国のラニ・パリスターも陽性反応を示したことで出場を辞退した。ただ、豪選手団の広報担当者は８月１日の試合に向けて体力を温存させるためと説明した。\n\n英国の選手団では、競泳男子のアダム・ピーティが陽性と判明。２８日に行われた１００メートル平泳ぎでは金メダルを逃し、２位に終わった。同じ英国代表で競泳に出場するマット・リチャーズは３０日、「アダムは大丈夫。少し風邪を引いただけだ」と話した。\n\n同じくチームメートのジェーコブヘンリー・ホイットルは「われわれは手の消毒をし、泳ぐときやこのようなに取材を受けるとき以外は、できる限りマスクを着用している」とし、チームが厳格な予防措置を講じていると述べた。,['https://newsatcl-pctr.c.yimg.jp/t/amd-img/20240731-00000050-reut-000-2-view.jpg?pri=l&w=640&h=426&exp=10800'],['https://news.yahoo.co.jp/articles/82ee1d2562ed9826de37ec1cf2ef0f9b15cf8009/images/000']
原油先物は1ドル超反発、ハマス指導者ハニヤ氏殺害受け　上値は重い（ロイター）,https://news.yahoo.co.jp/articles/a46663d995c5614057ba800e664c13517c26affd,https://newsatcl-pctr.c.yimg.jp/t/amd-img/20240731-00000046-reut-000-2-view.jpg?exp=10800,2024-07-31T10:28:35+09:00,2024-07-31T14:50:45+09:00,ロイター,reut,ロイター,974,\nアジア時間の原油先物は前日に付けた７週間ぶりの安値から反発している。イスラエルがレバノンに拠点を置く親イラン武装組織ヒズボラに報復攻撃を行ったことから地政学的な緊張が高まった。写真は２０２３年６月、ロシアのタタルスタン共和国で撮影（２０２４年 ロイター/Alexander Manzyuk）\nFlorence Tan\n\n[シンガポール ３１日 ロイター] - アジア時間の原油先物は１ドル超上昇。前日に付けた７週間ぶりの安値から反発している。イスラム組織ハマスの指導者イスマイル・ハニヤ氏が殺害され、中東情勢が一段と緊迫化した。ただ、中国の需要を巡る懸念などから上値は依然として重い。\n\n０３４６ＧＭＴ（日本時間午後０時４６分）時点で、北海ブレント先物の期近物は３１日の期日を控え、１．１７ドル（１．５％）高の１バレル＝７９．８０ドル。より活発に取引されている１０月限は１．１１ドル高の７９．１８ドル。\n\n米ＷＴＩ原油先物は１．１５ドル（１．５％）高の７５．８８ドル。ブレント、ＷＴＩともに前日には約１．４％下落し、７週間ぶりの安値で取引を終えていた。\n\nハマスは３１日、ハニヤ氏がイランの首都テヘランで暗殺されたと発表した。イラン革命防衛隊もハニヤ氏の死亡を確認した。\n\nまた、イスラエル軍は３０日、レバノンの首都ベイルートを空爆し、同国に拠点を置く親イラン武装組織ヒズボラの司令官を殺害したと発表した。２７日に起きたゴラン高原へのロケット弾攻撃の報復としている。\n\nこれとは別に、米政府当局者によると米軍は３０日、イラクで自衛目的の攻撃を実施した。\n\nＩＧのアナリスト、トニー・シカモア氏は「中東情勢が緊迫化する可能性が確実に高まった」と指摘。\n\nその上で、「３週間連続の下落後、投機筋による原油のロングポジションが大幅に減少したことも注目に値する。反発の条件が整っている」と語った。\n\n中国の需要見通しに対する懸念などを背景に、月間ではブレント、ＷＴＩともに２０２３年以来の大幅な下落率を記録する見通しだ。\n\n石油輸出国機構（ＯＰＥＣ）とロシアなど非加盟産油国で構成する「ＯＰＥＣプラス」が８月１日開催の合同閣僚監視委員会（ＪＭＭＣ）で現行の生産方針を維持する公算が大きいことも重しになっている。,['https://newsatcl-pctr.c.yimg.jp/t/amd-img/20240731-00000046-reut-000-2-view.jpg?pri=l&w=640&h=437&exp=10800'],['https://news.yahoo.co.jp/articles/a46663d995c5614057ba800e664c13517c26affd/images/000']
サッカー＝松木がサウサンプトンと4年契約、来季トルコ1部へレンタル（ロイター）,https://news.yahoo.co.jp/articles/43637a54c8691c4e707b12a832adb055627adfbd,https://newsatcl-pctr.c.yimg.jp/t/amd-img/20240731-00000047-reut-000-1-view.jpg?exp=10800,2024-07-31T10:37:27+09:00,2024-07-31T10:37:27+09:00,ロイター,reut,ロイター,406,\nサッカーのイングランド・プレミアリーグ、サウサンプトンは３０日、Ｊ１のＦＣ東京からＭＦ松木玖生を４年契約で獲得したと発表した。来季はトルコ１部ギョズテペに期限付き移籍となる。英サウサンプトンで２０２３年３月撮影（２０２４年 ロイター）\n［３０日 ロイター］ - サッカーのイングランド・プレミアリーグ、サウサンプトンは３０日、Ｊ１のＦＣ東京からＭＦ松木玖生（２１）を４年契約で獲得したと発表した。来季はトルコ１部ギョズテペに期限付き移籍となる。\n\n松木はＵ─２０（２０歳以下）日本代表でキャプテンを務め、Ｕ─２３（２３歳以下）では１８キャップを数える。今年はアジア・カップで日本の全６試合に出場し、優勝に貢献した。\n\n昨季はイングランド２部だったサウサンプトンは、昇格プレーオフを制して１年でプレミアリーグに復帰を果たした。同クラブには今月、オランダ１部ＡＺアルクマールから菅原由勢も加入している。,['https://newsatcl-pctr.c.yimg.jp/t/amd-img/20240731-00000047-reut-000-1-view.jpg?pri=l&w=640&h=436&exp=10800'],['https://news.yahoo.co.jp/articles/43637a54c8691c4e707b12a832adb055627adfbd/images/000']
ハリス氏、ペンシルベニアで副大統領候補と集会へ　シャピロ氏優位か（ロイター）,https://news.yahoo.co.jp/articles/a167e544affd3f8901b49e16885ef0361d136dc7,https://newsatcl-pctr.c.yimg.jp/t/amd-img/20240731-00000043-reut-000-2-view.jpg?exp=10800,2024-07-31T10:21:37+09:00,2024-07-31T13:20:18+09:00,ロイター,reut,ロイター,605,\n１１月の米大統領選に向け民主党の大統領候補となる見通しのハリス副大統領は、フィラデルフィアで来週８月６日に副大統領候補と共に集会を開く計画だと、関係筋２人が明らかにした。写真は７月３０日、ジョージア州アトランタで撮影（２０２４年 ロイター/Dustin Chambers）\nJarrett Renshaw Nandita Bose\n\n[ワシントン ３０日 ロイター] - １１月の米大統領選に向け民主党の大統領候補となる見通しのハリス副大統領は、ペンシルベニア州フィラデルフィアで来週８月６日に副大統領候補との最初の集会を開き、ミシガンやアリゾナなど激戦州を回る４日間の遊説を開始する。同氏の陣営が発表した。\n\n最初の遊説地にフィラデルフィアが選ばれたのは、ペンシルバニア州のシャピロ知事が副大統領候補として上位に浮上したことを示唆している。\n\n陣営はハリス氏と副大統領候補がフィラデルフィアに続いてウィスコンシン西部やデトロイト、ラスベガスなど６カ所を回る予定だと発表。その上で、ハリス氏がまだ副大統領候補を決定していないと強調した。\n\n関係筋によると、同氏は早ければ８月５日にも副大統領候補を発表する見通し。\n\n有力候補にはシャピロ氏のほか、ケンタッキー州のベシア知事、アリゾナ州選出のマーク・ケリー上院議員、ミネソタ州のワルツ知事、ブティジェッジ運輸長官らの名前が挙がっている。,['https://newsatcl-pctr.c.yimg.jp/t/amd-img/20240731-00000043-reut-000-2-view.jpg?pri=l&w=640&h=426&exp=10800'],['https://news.yahoo.co.jp/articles/a167e544affd3f8901b49e16885ef0361d136dc7/images/000']
テスラ、米国で185万台リコール　ボンネット開く恐れ（ロイター）,https://news.yahoo.co.jp/articles/6e566c8af4d0efa93bdf2ab2b28a1797f410bf33,https://newsatcl-pctr.c.yimg.jp/t/amd-img/20240731-00000044-reut-000-1-view.jpg?exp=10800,2024-07-31T10:23:56+09:00,2024-07-31T10:23:56+09:00,ロイター,reut,ロイター,737,\n米電気自動車（ＥＶ）大手テスラはボンネットのラッチ（掛け金）が外れているのをソフトウエアが検知できない恐れがあるとして、米国で１８５万台をリコール（回収・無償修理）すると発表した。写真は２０２３年１２月、カリフォルニア州サンフランシスコで撮影（２０２４年 ロイター/Carlos Barria）\nDavid Shepardson Disha Mishra\n\n[ワシントン ３０日 ロイター] - 米電気自動車（ＥＶ）大手テスラはボンネットのラッチ（掛け金）が外れているのをソフトウエアが検知できない恐れがあるとして、米国で１８５万台をリコール（回収・無償修理）すると発表した。\n\n米運輸省道路交通安全局（ＮＨＴＳＡ）は、ラッチがかかっていないボンネットが走行時に完全に開いてドライバーの視界を妨げ、衝突事故の危険性を高める恐れがあると指摘した。\n\n対象車両は２０２１─２４年式「モデル３」、「モデルＳ」、「モデルＸ」と、２０２０─２４年式「モデルＹ」。テスラによるとこれらの車両にはマグナ・クロージャーズが中国で生産したラッチが装着されている。\n\nＮＨＴＳＡによると、テスラは６月中旬にこの問題を修正するソフトウエアアップデートの配布を開始した。\n\nテスラは、中国で３月、モデル３とモデルＹの一部でボンネットが開かなくなったとの顧客からの苦情について調査を開始し、ラッチ金具の回収と車両点検に着手した。\n\nこのような事象は欧州と北米ではほとんどなかったが、テスラは先月、これらの地域でボンネットのラッチ部品の検査を始め、今月になってリコールの実施を決めた。\n\nテスラによると、この問題で米国内で３件の報告があったが、事故や負傷はないという。,['https://newsatcl-pctr.c.yimg.jp/t/amd-img/20240731-00000044-reut-000-1-view.jpg?pri=l&w=640&h=426&exp=10800'],['https://news.yahoo.co.jp/articles/6e566c8af4d0efa93bdf2ab2b28a1797f410bf33/images/000']
資産運用大手による銀行への影響、米ＦＤＩＣが監督強化を提案（ロイター）,https://news.yahoo.co.jp/articles/489acbdac269bd7d8f192c2f6a801784ba1390ff,https://newsatcl-pctr.c.yimg.jp/t/amd-img/20240731-00000045-reut-000-1-view.jpg?exp=10800,2024-07-31T10:26:05+09:00,2024-07-31T10:26:05+09:00,ロイター,reut,ロイター,809,\n米連邦預金保険公社（ＦＤＩＣ）は３０日の採決で、銀行株を大量に保有するブラックロックやバンガードなどの資産運用大手が銀行経営に影響力を行使するのを防ぐため、こうした企業への監督強化を提案することを決めた。写真は２０１１年２月、ワシントンで撮影（２０２４年 ロイター/Jason Reed）\nPete Schroeder\n\n[ワシントン ３０日 ロイター] - 米連邦預金保険公社（ＦＤＩＣ）は３０日の採決で、銀行株を大量に保有するブラックロックやバンガードなどの資産運用大手が銀行経営に影響力を行使するのを防ぐため、こうした企業への監督強化を提案することを決めた。\n\nＦＤＩＣはまた同じ目的で、「パッシビティ（受動）合意」の見直しを開始することも示唆した。法律では、銀行株を１０％以上保有する株主は銀行の支配権を持っているとみなされて厳しい規制・監督対象となるが、銀行に影響力を行使しないと約束するパッシビティ合意を規制当局と結べば、そうした規制・監督を免れる。\n\nＦＤＩＣは、米連邦準備理事会（ＦＲＢ）の承認が得られる限りにおいて、こうした免責事項の中から、銀行への新たな大規模投資を精査しないという項目を除外することを提案している。\n\nインデックス投資の拡大に伴って大手資産運用会社の銀行株保有が拡大し、一部投資家からは銀行経営への影響を懸念する声が高まっている。ＦＤＩＣ理事のロヒット・チョプラ氏は、ブラックロックとバンガードは合計１７兆ドル以上の資産を管理しており、監督を強化する必要があると述べた。\n\nただ、ＦＤＩＣ幹部からは、規制を強化すれば銀行への投資が減りかねないと懸念する声も出ている。また資産運用企業を代表する投資企業協会のエリック・パン代表は「明らかに特定できる問題が存在しないにもかかわらず、ＦＤＩＣが現在の枠組みの修正を提案しているのは警戒すべきことだ」と批判した。,['https://newsatcl-pctr.c.yimg.jp/t/amd-img/20240731-00000045-reut-000-1-view.jpg?pri=l&w=640&h=475&exp=10800'],['https://news.yahoo.co.jp/articles/489acbdac269bd7d8f192c2f6a801784ba1390ff/images/000']
五輪＝体操橋本、会心演技後「しーっ」　ライバル気遣いにＳＮＳ称賛（ロイター）,https://news.yahoo.co.jp/articles/01cfea00e82859bf8add52332c07dab434486502,https://newsatcl-pctr.c.yimg.jp/t/amd-img/20240731-00000039-reut-000-1-view.jpg?exp=10800,2024-07-31T09:40:24+09:00,2024-07-31T09:40:24+09:00,ロイター,reut,ロイター,568,\nパリ五輪の体操男子団体決勝で劇的な優勝を果たした日本だが、エースの橋本大輝が見せたスポーツマンシップにもソーシャルメディア（ＳＮＳ）上で称賛の声が上がった。パリで２９日撮影（２０２４年 ロイター/Hannah Mckay）\n［パリ ３０日 ロイター］ - パリ五輪の体操男子団体決勝で劇的な優勝を果たした日本だが、エースの橋本大輝が見せたスポーツマンシップにもソーシャルメディア（ＳＮＳ）上で称賛の声が上がった。\n\n２９日の団体決勝では橋本が最終種目の鉄棒で高得点をたたき出し、日本が逆転で２大会ぶりの金メダルをつかんだ。\n\n橋本は演技後、大きな歓声に包まれた会場に向かって人差し指を口元に当てて、中国のエース張博恒の最終演技のために観客に静かにするよう促した。\n\nファンらはこの様子を映した写真や動画をＳＮＳに投稿。「真のスポーツマンシップ」などと称賛するコメントが見られた。\n\n橋本は演技直後について「着地の瞬間はちょっと一歩動いてしまって悔しかったが、目の前でスタンディングオベーションで立ち上がってる観客の皆さんを見て、やっぱりこの瞬間は最高だなと思えた」とコメント。「演技前から若干目が潤んでいて、着地を決めた瞬間に一気にすごいグッと（来た）。そういう思いがすごい出てきてなんか幸せだった」と振り返った。,['https://newsatcl-pctr.c.yimg.jp/t/amd-img/20240731-00000039-reut-000-1-view.jpg?pri=l&w=640&h=462&exp=10800'],['https://news.yahoo.co.jp/articles/01cfea00e82859bf8add52332c07dab434486502/images/000']
ブラジル政府が国産ＡＩ計画を発表、40億ドル超投資へ（ロイター）,https://news.yahoo.co.jp/articles/d40358dd3b6dd5d6bd1ba366362a620f42a8e5ba,https://newsatcl-pctr.c.yimg.jp/t/amd-img/20240731-00000042-reut-000-1-view.jpg?exp=10800,2024-07-31T09:59:55+09:00,2024-07-31T09:59:55+09:00,ロイター,reut,ロイター,540,\n７月３０日、 ブラジル政府は持続可能で社会志向の技術開発を目的とする人工知能（ＡＩ）への投資計画に２３０億３０００万レアル（４０億７０００万ドル）を拠出する案を公表した。写真はAIのイメージ。２０２３年３月撮影（２０２４年 ロイター/Dado Ruvic）\n［サンパウロ ３０日 ロイター］ - ブラジル政府は３０日、持続可能で社会志向の技術開発を目的とする人工知能（ＡＩ）への投資計画に２３０億３０００万レアル（４０億７０００万ドル）を拠出する案を公表した。\n\n同国は外国製ＡＩツールに依存しない「国家主権」を目指し、ＡＩ分野における技術的自立と競争力の実現を模索している。今回の案は公衆衛生、農業、環境、ビジネス、教育などの分野で「即時効果のある取り組み」に資金を投じる見込みだという。\n\n資金は２０２４─２８年に支出する予定で、このうち約１４０億レアルがビジネスイノベーションに、５０億レアル余りがＡＩインフラと開発に充てられる。残りは訓練事業、公共サービス改善、ＡＩ規制の支援策などに配分されるという。\n\nルラ大統領は発表で「中国、米国、韓国、日本からのＡＩを待つのでなく、自前で持ってはどうか。それは知的で、収入と雇用の根源になる必要がある」と述べた。,['https://newsatcl-pctr.c.yimg.jp/t/amd-img/20240731-00000042-reut-000-1-view.jpg?pri=l&w=640&h=434&exp=10800'],['https://news.yahoo.co.jp/articles/d40358dd3b6dd5d6bd1ba366362a620f42a8e5ba/images/000']
米軍、イラク領内に自衛目的の攻撃　中東情勢緊迫化（ロイター）,https://news.yahoo.co.jp/articles/5ded9528008a8a77b9bcb492eab9c97e95d38bb3,https://newsatcl-pctr.c.yimg.jp/t/amd-img/default.jpg?exp=10800,2024-07-31T09:55:09+09:00,2024-07-31T09:55:09+09:00,ロイター,reut,ロイター,522,\n[バグダッド／ワシントン ３０日 ロイター] - 米軍が３０日、イラクで自衛目的の攻撃を実施したと、米政府当局者がロイターに明らかにした。イスラエル軍は同日にレバノンの首都ベイルートで親イラン武装組織ヒズボラの司令官を標的に空爆を行っており、中東地域の緊張が高まっている。\n\nイラクの首都バグダッドの南にある同国の治安組織「人民動員隊（ＰＭＦ）」の基地で先に爆発が起きたと伝えられており、これが米軍の攻撃によるものだったかは現時点で不明。\n\n警察・医療関係者によると、爆発により４人が死亡し、３人が負傷した。\n\nＰＭＦは爆発後に出した声明で、誰が仕掛けたかには触れなかった。\n\n前出の米政府当局者によると、イラクに駐留する有志連合への脅威に対応した攻撃だったという。死傷者についてはコメントしなかった。\n\n米・イラク筋によると、イラクでは先週、米軍が駐留するアサド空軍基地に向けて複数のロケット弾が発射されたが、被害や死傷者は報告されていない。\n\n米軍がイラク領内で攻撃を実施したことが明らかになったのは、 ２月にイラクとシリアで、イランの革命防衛隊とその支援を受ける武装組織に関連する８５以上の標的を空爆して以来。,[],[]
英子供向けダンスイベント刺殺事件、犠牲者は3人に　T・スウィフトさんもコメント「ショック受けている」（ロイター）,https://news.yahoo.co.jp/articles/1ab4bcea0bc145c7cb3f3546f182b0d0df297774,https://newsatcl-pctr.c.yimg.jp/t/amd-img/20240731-00010001-reutv-000-2-thumb.jpg?exp=10800,2024-07-31T10:04:19+09:00,2024-07-31T11:31:31+09:00,ロイター,reut,ロイター,469,\n英イングランド北部で29日、ダンスイベントに参加した子供たちが次々と刺された事件の犠牲者は3人となった。\n\n警察は17歳の容疑者を逮捕した。単独犯とみている。\n \n亡くなったのは7歳のエルシー・ドット・スタンコムちゃん、9歳のアリス・ダシルバ・アギアールちゃん、6歳のベベ・キングちゃんの3人。\n\n翌30日にはスターマー英首相が現場を訪れて献花した。\n \nスターマー英首相\n「事件の犠牲者と遺族に敬意を表したいと思い、訪れた。遺族は我々のほとんどが想像できないほどの痛みと悲しみを経験している。私自身父親だが、想像もつかない」\n \n現場となったのはリバプールの北に位置するサウスポートにあるダンススクールで、当時米人気歌手テイラー・スウィフトさんをテーマにしたイベントが開かれていた。\n \nスウィフトさんは「完全にショックを受けている」とコメントを発表した。スウィフトさんのファンは遺族や、治療を受けている子供たちを支援するため、クラウドファンディングで12万5000ポンド（約2500万円）の資金を集めた。,[],[]
ベネズエラは大統領選の結果公表を、米・ブラジル大統領が要請（ロイター）,https://news.yahoo.co.jp/articles/2e303897aeb224c353583d065ba598aec592ffc6,https://newsatcl-pctr.c.yimg.jp/t/amd-img/20240731-00000041-reut-000-1-view.jpg?exp=10800,2024-07-31T09:57:48+09:00,2024-07-31T09:57:48+09:00,ロイター,reut,ロイター,606,\n7月３０日、バイデン米大統領（写真左）はブラジルのルラ大統領（同右）と電話会談し、ベネズエラで２８日に投開票された大統領選について、同国政府が速やかに集計結果を公表して危機を収束させる必要があるという見解で一致した。ニューヨークで２０２３年９月撮影（２０２４年 ロイターS/Kevin Lamarque）\nLisandra Paraguassu\n\n[ブラジリア ３０日 ロイター] - バイデン米大統領は３０日、ブラジルのルラ大統領と電話会談し、ベネズエラで２８日に投開票された大統領選について、同国政府が速やかに集計結果を公表して危機を収束させる必要があるという見解で一致した。\n\n米ホワイトハウスは声明で「両首脳は完全で透明性のある詳細な投票データを直ちに公表する必要性で合意した」とした。\n\n会談はホワイトハウスが要請し３０分間行われた。会談に参加したブラジル当局者によると、ルラ氏は両国が結果の公表を待ってから選挙に関する最終的な見解を示すべきだと述べたという。\n\nベネズエラ大統領選では、選挙管理委員会が現職のマドゥロ大統領が３期目の当選を果たしたとする一方、野党も勝利を主張。マドゥロ氏に敗北を認めるよう求める抗議デモが起きている。\n\n米政権は２９日、マドゥロ氏側の「選挙操作」があったと非難、マドゥロ氏が勝利したとする同国当局の発表は「全く信頼できない」との見解を示した。,['https://newsatcl-pctr.c.yimg.jp/t/amd-img/20240731-00000041-reut-000-1-view.jpg?pri=l&w=640&h=424&exp=10800'],['https://news.yahoo.co.jp/articles/2e303897aeb224c353583d065ba598aec592ffc6/images/000']
サムスン電子、第2四半期営業益が15倍超に増加　半導体価格回復（ロイター）,https://news.yahoo.co.jp/articles/cc1393e1869577070f184ffb201625d4ee273e29,https://newsatcl-pctr.c.yimg.jp/t/amd-img/20240731-00000036-reut-000-4-view.jpg?exp=10800,2024-07-31T09:08:36+09:00,2024-07-31T14:12:53+09:00,ロイター,reut,ロイター,1187,\n７月３１日、韓国サムスン電子が発表した第２・四半期決算は、営業利益が前年同期の１５倍以上に増加した。 奢侈は同社のロゴ。ソウルで１月撮影（２０２４年 ロイター/Kim Hong-Ji）\n[ソウル ３１日 ロイター] - 韓国サムスン電子が３１日に発表した第２・四半期決算は、営業利益が前年同期の１５倍以上に増加した。人工知能（ＡＩ）ブームを背景に半導体価格が回復しており、比較対象の前年同期が低調だったこともあり、利益が押し上げられた。\n\n営業利益は１０兆４０００億ウォン（７５億２０００万ドル）。前年同期は６７００億ウォンだった。サムスン電子が今月上旬に示した見通しと一致した。\n\n２０２２年第３・四半期以降で最高の営業利益となった。同社の半導体部門が収益の柱として回復しつつあることが示された。\n\n売上高は２３％増の７４兆ウォンだった。\n\n同社は「２４年下期には大手クラウドサービスプロバイダーや企業のＡＩ投資拡大に伴い、ＡＩ用サーバー向けが（メモリー）市場のより大きな部分を占めるようになると予想している」とした。\n\n半導体部門の利益は６兆４５００億ウォンで、２２年第２・四半期以来の高水準を記録し、２四半期連続の黒字となった。\n\nＡＩ向けの「広帯域メモリー（ＨＢＭ）」などハイエンドのＤＲＡＭやデータセンター向けの需要拡大が半導体価格を押し上げている。\n\nＨＢＭの第２・四半期の売上高は前四半期から約５０％増加した。\n\n競合でＨＢＭ市場をリードするＳＫハイニックスも先週、１８年以降で最高の四半期利益を発表し、ＡＩ向け半導体の需要は引き続き堅調になるとの見通しを示した。\n\n一方、関係者がロイターに語ったところによると、サムスンは「ＨＢＭ３」の次世代品にあたる第５世代「ＨＢＭ３Ｅ」について、エヌビディアの基準をまだ満たしていない。ただ、「ＨＢＭ３」は、中国市場向けに開発されたグラフィックプロセッサー「Ｈ２０」での使用がエヌビディアから承認されている。\n\nサムスンは第４・四半期までに「ＨＢＭ３Ｅ」がＨＢＭ全体の売上高の６割を占めると見込んでいる。アナリストは、第３・四半期までにサムスンの「ＨＢＭ３Ｅ」がエヌビディアの最終承認を獲得できれば、この目標は達成できると指摘する。\n\nサムスンは生産能力をＨＢＭやサーバー向けＤＲＡＭ、ＡＩアプリケーション向けサーバーソリッド・ステート・ドライブ（ＳＳＤ）に集中させているため、パソコンやモバイル向けメモリーチップの供給が下期に影響を受ける可能性があると説明した。\n\nモバイル機器部門の営業利益は前年同期から約８１００億ウォン減少した。スマートフォンの出荷台数が５４００万台と安定していたものの、部品価格の高騰やＡＩサービスの営業や開発費用が増加し、収益を圧迫した。,['https://newsatcl-pctr.c.yimg.jp/t/amd-img/20240731-00000036-reut-000-4-view.jpg?pri=l&w=640&h=426&exp=10800'],['https://news.yahoo.co.jp/articles/cc1393e1869577070f184ffb201625d4ee273e29/images/000']
日経平均は反落で寄り付く、米ハイテク株安と円高で　一時500円超安（ロイター）,https://news.yahoo.co.jp/articles/e0a1e91f32a0b26d4d888aef7a89c28cc407b24f,https://newsatcl-pctr.c.yimg.jp/t/amd-img/20240731-00000037-reut-000-1-view.jpg?exp=10800,2024-07-31T09:18:34+09:00,2024-07-31T09:18:34+09:00,ロイター,reut,ロイター,517,\n７月３１日、寄り付きの東京株式市場で日経平均は、前営業日比３８５円１８銭安の３万８１４０円７７銭と、反落してスタートした。都内で２０２０年１０月撮影（２０２４年 ロイター／Issei Kato）\n［東京 ３１日 ロイター］ - 寄り付きの東京株式市場で日経平均は、前営業日比３８５円１８銭安の３万８１４０円７７銭と、反落してスタートした。前日の米ハイテク株安に加え、日銀の利上げに絡む報道や米長期金利の低下を受けたドル安／円高進行で、日本株は下値を探る展開となっている。足元は５００円超安の３万８０００円近辺。\n\n主力株はトヨタ自動車、ソニーグループが２％超安。半導体関連は東京エレクトロン、ＳＣＲＥＥＮホールディングス、アドバンテストが３─４％超安と軒並み安。指数寄与度の高いファーストリテイリングは小幅安、ソフトバンクグループは４％超安。このほかリクルートＨＬＤＧが１％超安。前日に決算を公表した村田製作所は６％を超す下落となっている。\n\n３０日の米国株式市場はまちまちで、ナスダック総合は１．２８％安となった。エヌビディアは７．０４％急落。他の半導体銘柄も売られ、フィラデルフィア半導体指数は３．８８％安となった。,['https://newsatcl-pctr.c.yimg.jp/t/amd-img/20240731-00000037-reut-000-1-view.jpg?pri=l&w=640&h=427&exp=10800'],['https://news.yahoo.co.jp/articles/e0a1e91f32a0b26d4d888aef7a89c28cc407b24f/images/000']
エーザイの認知症薬レカネマブ、継続使用で効果大の研究結果（ロイター）,https://news.yahoo.co.jp/articles/6b0a367a25243f69c1a83465f79a0167560a8e70,https://newsatcl-pctr.c.yimg.jp/t/amd-img/20240731-00000038-reut-000-1-view.jpg?exp=10800,2024-07-31T09:22:45+09:00,2024-07-31T09:22:45+09:00,ロイター,reut,ロイター,605,\n７月３０日、 エーザイと米バイオジェンが共同開発したアルツハイマー病治療薬「レカネマブ」について、初期段階の患者への継続使用で効果が大きくなり、安全性について新たな問題はないとする研究結果が米フィラデルフィアで開催されたアルツハイマー協会の国際会議で発表された。エーザイ提供（２０２４年 ロイター）\nJulie Steenhuysen\n\n[シカゴ ３０日 ロイター] - エーザイと米バイオジェンが共同開発したアルツハイマー病治療薬「レカネマブ」について、初期段階の患者への継続使用で効果が大きくなり、安全性について新たな問題はないとする研究結果が３０日、米フィラデルフィアで開催されたアルツハイマー協会の国際会議で発表された。\n\n治療を継続した治験者の約９５％を対象に効果を調べたところ、３年後には治療を受けなかった患者と比較して認知機能の低下が３１％抑制されていた。\n\nまた、この３年間に安全性に関する新たな問題は見つからなかった。イェール大学アルツハイマー病研究チームのクリストファー・バン・ダイク氏によると、レカネマブに関連する脳の腫れや出血といった症状は、主に治療開始から６カ月以内に発生した。レカネマブは脳からアミロイドを除去する働きを持つ。\n\nエーザイのチーフクリニカルオフィサーであるリン・クレイマー氏はロイターの取材に「間違いなく短期よりも長期で効果が大きい」と述べた。,['https://newsatcl-pctr.c.yimg.jp/t/amd-img/20240731-00000038-reut-000-1-view.jpg?pri=l&w=640&h=458&exp=10800'],['https://news.yahoo.co.jp/articles/6b0a367a25243f69c1a83465f79a0167560a8e70/images/000']
インド南部の土砂崩れで100人超が死亡　川で遺体の一部を多数発見、正確な犠牲者数把握は困難と当局（ロイター）,https://news.yahoo.co.jp/articles/9e54a5b4bbd72762b65ce943ef78958bf2730713,https://newsatcl-pctr.c.yimg.jp/t/amd-img/20240731-00010000-reutv-000-2-thumb.jpg?exp=10800,2024-07-31T09:04:29+09:00,2024-07-31T11:28:27+09:00,ロイター,reut,ロイター,472,\nインド南部ケララ州当局は30日、州内の茶園で土砂崩れが発生し、少なくとも106人が死亡したと発表した。また多数が行方不明になっている。前日の集中豪雨により丘陵の斜面が崩壊し、大量の土砂が住宅地に流れ込んだ。\n\n犠牲者のほとんどは、テントで生活していた紅茶やカルダモン農園の労働者とその家族だった。州当局によると、この地域には約350世帯が住んでおり、これまでに約250人が救助されたという。\n\n州首相は取材に対し、遺体の一部が多数川で発見されており、正確な犠牲者数を特定するのは困難だと述べた。\n\nケララ州当局の幹部\n「この悲劇による犠牲者数は、これらの数字よりもはるかに大きいのではないかと懸念している」\n\nこの幹部によると、被災地につながる橋が崩落したため、救助活動は難航しているという。仮設橋設置のため軍の部隊が動員された。\n\n気象当局によると30日現在、ケララ州北部と中部で非常に激しい雨が降っており、日中はさらに降雨が予想されている。ケララ州では2018年に洪水で400人が死亡して以来、最悪の災害となった。,[],[]
6月鉱工業生産速報は前月比－3.6％＝経産省（ロイター）,https://news.yahoo.co.jp/articles/a8ebfe5589d3a1afb6b088ffe3262504a7804b8b,https://newsatcl-pctr.c.yimg.jp/t/amd-img/20240731-00000034-reut-000-1-view.jpg?exp=10800,2024-07-31T09:03:57+09:00,2024-07-31T09:03:57+09:00,ロイター,reut,ロイター,261,\n７月３１日、 経済産業省が発表した６月鉱工業生産指数速報は前月比３．６％低下となった。写真は２０１２年１０月、京浜工業地帯で撮影（２０２４年 ロイター／Kim Kyung-Hoon）\n［東京 ３１日 ロイター］ - 経済産業省が３１日発表した６月鉱工業生産指数速報は前月比３．６％低下となった。２カ月ぶりの低下。ロイターの事前予測調査では同 ４．８％低下と予想されていた。\n\n生産予測指数は７月が前月比６．５％上昇、８月が同０．７％上昇となった。経済産業省は生産の基調判断を「一進一退ながら弱含み」で据え置いた。,['https://newsatcl-pctr.c.yimg.jp/t/amd-img/20240731-00000034-reut-000-1-view.jpg?pri=l&w=640&h=429&exp=10800'],['https://news.yahoo.co.jp/articles/a8ebfe5589d3a1afb6b088ffe3262504a7804b8b/images/000']
五輪＝「復活」バイルスが体操団体で躍動、米国4回目の金　日本8位（ロイター）,https://news.yahoo.co.jp/articles/46fb5ae78eceadc9c532911f27316929ae29d9fe,https://newsatcl-pctr.c.yimg.jp/t/amd-img/20240731-00000035-reut-000-1-view.jpg?exp=10800,2024-07-31T09:03:15+09:00,2024-07-31T09:03:15+09:00,ロイター,reut,ロイター,668,\nパリ五輪は３０日、体操女子団体総合決勝を行い、前回の東京大会でメンタルヘルスの保護を理由に一部競技を棄権したシモーン・バイルス（写真）が全種目で躍動し、米国を金メダルに導いた（２０２４年 ロイター/Hannah Mckay）\n［パリ ３０日 ロイター］ - パリ五輪は３０日、体操女子団体総合決勝を行い、前回の東京大会でメンタルヘルスの保護を理由に一部競技を棄権したシモーン・バイルスが全種目で躍動し、米国を４回目の金メダルに導いた。\n\n２０１６年リオデジャネイロ大会で４冠を達成したバイルスは東京大会の団体決勝で一時的に平衡感覚を失う「ツイスティーズ」に襲われ、急きょ棄権。２年間の休養を経て競技に復帰し、チームメートやセラピストの支援も借りてパリ大会出場を実現した。\n\n決勝では跳馬、段違い平行棒、平均台、床運動の全４種目に出場。最初の跳馬ではチームトップの１４．９００点を記録して詰めかけた観客を沸かせると、最終の床運動でも自信に満ちた演技で１４．６６６点をマークし、米国の勝利を決定付けた。\n\n米国は１７１．２９６点で２大会ぶりの金メダル。２位イタリアに５．８０２点差をつけての圧勝だった。これで自身５個目の金メダルとなったバイルスは記者会見で「今朝はセラピーから始めた。落ち着き、準備が整ったと感じていた」とコメント。「自分は好きなことをして、楽しんでいる。それが自分にとって一番大切なことだ」と語った。\n\n予選５位で決勝に進んだ日本（岸里奈、中村遥香、岡村真、牛奥小羽）は１５９．４６３点で８位だった。,['https://newsatcl-pctr.c.yimg.jp/t/amd-img/20240731-00000035-reut-000-1-view.jpg?pri=l&w=640&h=446&exp=10800'],['https://news.yahoo.co.jp/articles/46fb5ae78eceadc9c532911f27316929ae29d9fe/images/000']
訂正（発表者側の申し出）小売業販売額6月は＋3.7％、食品値上げ・家電好調で28カ月連続増（ロイター）,https://news.yahoo.co.jp/articles/5014a36ab51bc9eb75f19cbe6d236ca74927f197,https://newsatcl-pctr.c.yimg.jp/t/amd-img/20240731-00000033-reut-000-2-view.jpg?exp=10800,2024-07-31T09:01:05+09:00,2024-07-31T11:01:36+09:00,ロイター,reut,ロイター,583,\n７月３１日、経済産業省が発表した６月の商業動態統計速報によると、小売業販売額（全店ベース）は前年比３．７％増だった。都内で２０２２年１０月撮影（２０２４年 ロイター／Kim Kyung-Hoon）\n(経済産業省の申し出により、見出しと本文１段落目の「３８カ月連続」を「２８カ月連続」に訂正します。)\n\nYoshifumi Takemoto\n\n［東京 ３１日 ロイター］ - 経済産業省が３１日に発表した６月の商業動態統計速報によると、小売業販売額（全店ベース）は前年比３．７％増となり、２８カ月連続（訂正）で前年を上回った。飲食料品の値上げや家電販売などが販売額を押し上げた。\n\nロイターの事前予測調査では３．２％の増加が予想されていた。\n\n業種別では、飲食料品が前年比２．４％増、家電などの機械器具小売が１０．１％増、各種商品小売が７．７％増、燃料小売が４．７％などとなった。食品や石油の値上げの影響や、スマートフォン・エアコン販売の好調で販売が伸びた。自動車小売は、一部メーカーの生産停止の影響では１．６％減だった。\n\n業態別では、家電大型専門店が１０．３％増、ドラッグストア７．５％増、百貨店１３．５％増、スーパー４．４％増、コンビニエンスストアが１．６％増。ドラッグストアで飲料・コメ、コンビニでアイスクリーム・菓子の販売が伸びた。,['https://newsatcl-pctr.c.yimg.jp/t/amd-img/20240731-00000033-reut-000-2-view.jpg?pri=l&w=640&h=472&exp=10800'],['https://news.yahoo.co.jp/articles/5014a36ab51bc9eb75f19cbe6d236ca74927f197/images/000']
五輪＝米陸上ライルズ、選手村で気苦労　「ネトフリ人気」逆効果に（ロイター）,https://news.yahoo.co.jp/articles/5064e5281960c6ffa12e65ee792b15484f98d393,https://newsatcl-pctr.c.yimg.jp/t/amd-img/20240731-00000032-reut-000-1-view.jpg?exp=10800,2024-07-31T08:58:16+09:00,2024-07-31T08:58:16+09:00,ロイター,reut,ロイター,831,\n７月２９日、世界選手権で６度の優勝を誇る陸上の米国代表ノア・ライルズ（２７・写真）は、パリ五輪に先駆けてネットフリックスで公開された人気ドキュメンタリー番組「スプリント：人類最速と呼ばれるために」でも大きく取り上げられ、今大会のスター選手の１人となった。写真は２０日、ロンドンスタジアムで撮影。提供写真（２０２４年 ロイター/Action Images via Reuters/Paul Childs）\n［パリ ２９日 ロイター］ - 世界選手権で６度の優勝を誇る陸上の米国代表ノア・ライルズ（２７）は、パリ五輪に先駆けてネットフリックスで公開された人気ドキュメンタリー番組「スプリント：人類最速と呼ばれるために」でも大きく取り上げられ、今大会のスター選手の１人となった。\n\nただ、繊細で傷つきやすく、一人の時間を必要とする側面もあるというライルズにとって、同番組の人気がパリ五輪の選手村での生活に悪影響を及ぼしているという。\n\n「スプリントは世界中から人気だ。アスリートたちからの人気も例外ではないようだ」とライルズは２９日、記者会見で明かした。\n\n「視聴者の目にはスーパースターのように映っているかもしれないが、私たちは人間だ」\n\nまた、選手村での生活についてライルズはこう語った。\n\n「私や彼女（陸上ジャマイカ代表ジュネル・ブロムフィールド）のプライバシーを確保するため、カフェテリアの奥で不規則な時間に食事をしている」\n\n数人のトップ短距離走者を１年間追いかけた「スプリント」は、公開から１週間で２４０万再生を記録。ネットフリックスの再生回数では世界で６番目に入っている。この中で、ライルズが３つの金メダルを獲得した２０２３年の世界陸上選手権ブタペスト大会がクライマックスのシーンとして使われた。\n\nライルズは今大会で男子１００ｍ、２００ｍ、４００ｍリレーへの出場を予定しており、世界の注目を再び集めることになりそうだ。,['https://newsatcl-pctr.c.yimg.jp/t/amd-img/20240731-00000032-reut-000-1-view.jpg?pri=l&w=640&h=434&exp=10800'],['https://news.yahoo.co.jp/articles/5064e5281960c6ffa12e65ee792b15484f98d393/images/000']
マイクロソフト、クラウド事業が予想下回る　ＡＩ投資回収に時間（ロイター）,https://news.yahoo.co.jp/articles/a4fdb0fd141e58175ace01f39c030e861c4d1385,https://newsatcl-pctr.c.yimg.jp/t/amd-img/20240731-00000030-reut-000-1-view.jpg?exp=10800,2024-07-31T08:53:43+09:00,2024-07-31T08:53:43+09:00,ロイター,reut,ロイター,1018,\n７月３０日、米マイクロソフトは、第１・四半期（７─９月）のクラウドサービス「アジュール」の増収率が為替変動の影響を除いたベースで２８─２９％になるとの見通しを示した。写真は同社のロゴ。パリ近郊で２月撮影（２０２４年 ロイター/Gonzalo Fuentes）\nAditya Soni Yuvraj Malik Anna Tong\n\n[３０日 ロイター] - 米マイクロソフトは３０日、第１・四半期（７─９月）のクラウドサービス「アジュール」の増収率が為替変動の影響を除いたベースで２８─２９％になるとの見通しを示した。市場調査会社ビジブル・アルファの予想（２９．７％）を下回った。\n\nまた、設備投資額は今年度に増加するとした。人工知能（ＡＩ）技術への多額の投資が利益をもたらすまでに時間がかかる可能性があることが改めて示された。\n\n設備投資の増額見通しが嫌気され株価は引け後の時間外取引で一時７％下落した。ただその後、アジュールの増収率が２０２５年度下期に加速するという見通しを受け、下げ幅を３％に縮小した。\n\nマイクロソフトはデータセンター網の拡大に向け多額の投資を行っている。\n\n第４・四半期（４─６月）のアジュールの売上高は２９％増で、予想の３０．６％増を下回った。\n\n４─６月期の設備投資（ファイナンスリース含む）は７７．６％増の１９０億ドルと、前四半期の１４０億ドルから大きく増加した。\n\nブレット・アイバーセン副社長（投資家向け広報担当）は「顧客の旺盛な需要」に対応するため、引き続き支出を増やしているとロイターに語った。\n\nアジュールの伸びに占めるＡＩサービスの割合は８％ポイントと、１─３月期の７％ポイントから上昇した。\n\nアジュールを含むインテリジェント・クラウド部門の売上高は１９％増の２８５億ドル。ＬＳＥＧがまとめた市場予想の２８６億８０００万ドルに届かなかった。\n\n業務用ソフト「オフィス」事業やビジネス向け交流サイト（ＳＮＳ）リンクトインを含む部門の売上高は１１％増加。市場予想は１０％増だった。\n\n総売上高は１５％増の６４７億ドルで、市場予想の６４３億９０００万ドルを上回った。\n\n基本ソフト（ＯＳ）「ウィンドウズ」やゲーム機「Ｘｂｏｘ」などを含む「モアパーソナルコンピューティング」部門の売上高は１４％増の１５９億ドル。パソコン販売の安定化が寄与した。,['https://newsatcl-pctr.c.yimg.jp/t/amd-img/20240731-00000030-reut-000-1-view.jpg?pri=l&w=640&h=428&exp=10800'],['https://news.yahoo.co.jp/articles/a4fdb0fd141e58175ace01f39c030e861c4d1385/images/000']
米インテル、数千人規模の削減計画　業績回復目指す＝ＢＢＧ（ロイター）,https://news.yahoo.co.jp/articles/8109d4027849ac5eea6c159c9a7abe5663fd3433,https://newsatcl-pctr.c.yimg.jp/t/amd-img/20240731-00000031-reut-000-1-view.jpg?exp=10800,2024-07-31T08:56:26+09:00,2024-07-31T08:56:26+09:00,ロイター,reut,ロイター,548,\n７月３０日、米半導体大手インテルは、業績不振と市場シェア低下からの回復に向け、数千人規模の人員削減を計画している。しゃしんはインテルのロゴ。北京で２０２３年１１月撮影（２０２４年 ロイター/Florence Lo）\n[３０日 ロイター] - 米半導体大手インテルは、業績不振と市場シェア低下からの回復に向け、数千人規模の人員削減を計画している。ブルームバーグが３０日、関係筋の話として報じた。\n\n同社株は引け後に約１％上昇した。株価は今年に入って４０％下落している。同社は８月１日に決算を発表する。\n\nインテルはパソコンとサーバー向け市場で主要メーカーの地位を維持しているが、需要が急拡大する人工知能（ＡＩ）向け半導体では苦戦している。\n\nパット・ゲルシンガー最高経営責任者（ＣＥＯ）は、競争力を取り戻すために再建に着手し、先端チップ技術への投資や新市場への参入に注力している。\n\n当局への提出書類によると、インテルは２０２３年に年間コストを３０億ドル削減し、従業員数を１３万１９００人から２３年末までに１２万４８００人に削減する計画を２２年１０月に明らかにした。\n\nこの計画により、２５年までに年間８０億─１００億ドルのコスト削減が見込まれると昨年２月に発表していた。,['https://newsatcl-pctr.c.yimg.jp/t/amd-img/20240731-00000031-reut-000-1-view.jpg?pri=l&w=640&h=426&exp=10800'],['https://news.yahoo.co.jp/articles/8109d4027849ac5eea6c159c9a7abe5663fd3433/images/000']
ウクライナが中国外相の訪問要請、対話進展なら首脳会談実現か（ロイター）,https://news.yahoo.co.jp/articles/b9e5027720f12b37f05523ec94d2048b2a2db8ca,https://newsatcl-pctr.c.yimg.jp/t/amd-img/default.jpg?exp=10800,2024-07-31T08:30:39+09:00,2024-07-31T08:30:39+09:00,ロイター,reut,ロイター,406,\nDan Peleschuk\n\n[キーウ ３０日 ロイター] - ウクライナ外務省は３０日、中国の王毅外相にウクライナ訪問を要請していることを明らかにした。今後の対話次第で、最終的にゼレンスキー大統領と習近平国家主席の会談につながる可能性も出ている。\n\n中国はロシアのウクライナ侵攻問題では中立を唱えているが、ロシアとの緊密な関係を維持し、６月にウクライナ主催で開催された平和サミットにも出席していない。\n\nただ先週、ウクライナのクレバ外相が中国を訪れて王毅氏と会談。ウクライナ外務省の報道官は、両国の対話が「非常に活発に進展している」と強調した。\n\nこうした中で同報道官は、ウクライナが王毅氏を招待し、中国側はこの提案に関心を示したと述べた。\n\nまた「クレバ氏訪中でウクライナ・中国首脳会談の可能性が高まったことに間違いない」と語ったが、具体的な日程に言及するのは時期尚早だと付け加えた。,[],[]
ハリス氏支持率、激戦6州で勢い　4州でリード＝ＢＢＧ調査（ロイター）,https://news.yahoo.co.jp/articles/86634e894eb29e28450cf26d6a73896cf4f8628a,https://newsatcl-pctr.c.yimg.jp/t/amd-img/20240731-00000027-reut-000-1-view.jpg?exp=10800,2024-07-31T08:12:47+09:00,2024-07-31T08:12:47+09:00,ロイター,reut,ロイター,709,\n７月３０日、 公表されたブルームバーグ・ニュースとモーニング・コンサルトの世論調査によると、民主党の大統領候補となる見通しのハリス副大統領（写真）の支持率が激戦７州のうち６州で共和党候補トランプ前大統領との差を縮めたり、逆転もしくはリードを拡大したりするなど勢いを見せている。ジョージア州アトランタで３０日撮影（２０２４年 ロイター/Dustin Chambers）\n[ワシントン ３０日 ロイター] - ３０日公表されたブルームバーグ・ニュースとモーニング・コンサルトの世論調査によると、民主党の大統領候補となる見通しのハリス副大統領の支持率が激戦７州のうち６州で共和党候補トランプ前大統領との差を縮めたり、逆転もしくはリードを拡大したりするなど勢いを見せている。\n\n２４─２８日に実施した調査で、ハリス氏はミシガン州でトランプ氏を１１％ポイント差でリード。アリゾナ、ウィスコンシン、ネバダ各州では２％ポイント差をつけた。\n\nトランプ氏はペンシルベニア州で４％ポイント差、ノースカロライナ州では２％ポイント差でハリス氏をリードしている。ジョージア州では両氏が並んだ。\n\nトランプ氏がバイデン氏との対決を想定した前回調査と比べてハリス氏を追い上げたのはウィスコンシン州のみだった。\n\n１─５日に実施された前回調査では、トランプ氏がアリゾナ州で３％ポイント差、ジョージア州で１％ポイント差、ネバダ州で３％ポイント差、ノースカロライナ州で３％ポイント差、ペンシルベニア州では７％ポイント差でバイデン氏をリード。バイデン氏はミシガン州で５％ポイント差、ウィスコンシン州で３％ポイント差でリードしていた。,['https://newsatcl-pctr.c.yimg.jp/t/amd-img/20240731-00000027-reut-000-1-view.jpg?pri=l&w=640&h=426&exp=10800'],['https://news.yahoo.co.jp/articles/86634e894eb29e28450cf26d6a73896cf4f8628a/images/000']
メキシコ第2四半期ＧＤＰ鈍化、来月利下げ再開との観測強まる（ロイター）,https://news.yahoo.co.jp/articles/0d59e54e2175b3b11027fe70b70106237a390947,https://newsatcl-pctr.c.yimg.jp/t/amd-img/default.jpg?exp=10800,2024-07-31T08:14:33+09:00,2024-07-31T08:14:33+09:00,ロイター,reut,ロイター,606,\n[３０日 ロイター] - メキシコ国家統計地理情報局（ＩＮＥＧＩ）が３０日発表した第２・四半期国内総生産（ＧＤＰ）速報値は、前期比０．２％増と第１・四半期の０．３％増から伸びが鈍化し、ロイターがまとめたエコノミスト予想の０．４％増を下回った。\n\nプラス成長は１１期連続。ただ高金利や物価高、最近のメキシコペソ安による競争力低下などを背景に、成長ペースは減速が続いている。\n\nこうした中で市場では、メキシコ中央銀行が８月８日の会合で利下げを再開するとの観測が強まりつつある。\n\n中銀は３月に２５ベーシスポイント（ｂｐ）の利下げを決めた後、５月と６月の会合では根強いインフレを理由に政策金利を１１％に据え置いた。\n\nパンテオン・マクロエコノミクスのエコノミスト、アンドレス・アバディア氏は「実質ＧＤＰ成長率はここ数四半期で急減速しており、中銀は今後の会合で緩やかな利下げを迫られるとの見方を助長する材料になる」と指摘した。\n\nキャピタル・エコノミクスの新興国市場エコノミスト、キンバリー・スパーフェッチャー氏は、第２・四半期ＧＤＰは幅広い分野で精彩を欠き、メキシコ経済に前向きの力がなかなか働かないことが改めて示されたと説明。こうした経済の弱さや、７月前半のコア物価上昇率の下振れ、９月に米連邦準備理事会（ＦＲＢ）の利下げが見込まれる点が、メキシコ中銀に利下げ再開を促す要素になると予想した。,[],[]
パリ五輪開会式「最後の晩餐」騒動で脅迫か、出演ＤＪが被害届（ロイター）,https://news.yahoo.co.jp/articles/30cc36dbca18e67ff462fe0ea61525593ce2639f,https://newsatcl-pctr.c.yimg.jp/t/amd-img/20240731-00000028-reut-000-1-view.jpg?exp=10800,2024-07-31T08:24:59+09:00,2024-07-31T08:24:59+09:00,ロイター,reut,ロイター,523,\nパリ五輪開会式のパフォーマンスに参加したフランスのＤＪ兼プロデューサーが２９日、式典後に嫌がらせや脅迫を受けているとして被害届を出したと明らかにした。２６日撮影（２０２４年 ロイター/Louisa Gouliamaki）\n[パリ ３０日 ロイター] - パリ五輪開会式のパフォーマンスに参加したフランスのＤＪ兼プロデューサーが２９日、式典後に嫌がらせや脅迫を受けているとして被害届を出したと明らかにした。\n\n被害を訴えているのはバーバラ・ブッチさんで、２６日の開会式ではレオナルド・ダビンチの名画「最後の晩餐」をパロディー化したとされるシーンに参加していた。\n\n弁護士は、ブッチさんが式典以来、「殺害や拷問、暴行の脅迫を受けており、反ユダヤ主義、同性愛嫌悪、性差別、肥満嫌悪といった侮辱の標的にもなってきた」と述べた。加害者は明らかにしていない。\n\nこの騒動を巡っては、カトリック教会と極右の政治家ら強く反発し、五輪組織委員会が２８日に謝罪していた。\n\n式典の芸術監督を務めるトマ・ジョリー氏は問題のシーンについて、「最後の晩餐」にヒントを得たものではなく、オリンポスの神々にまつわる異教の祝宴を描いたものだと説明している。,['https://newsatcl-pctr.c.yimg.jp/t/amd-img/20240731-00000028-reut-000-1-view.jpg?pri=l&w=640&h=412&exp=10800'],['https://news.yahoo.co.jp/articles/30cc36dbca18e67ff462fe0ea61525593ce2639f/images/000']
五輪＝サッカー男子、日本が3連勝で1次リーグ首位通過（ロイター）,https://news.yahoo.co.jp/articles/5e33c7c7b28af5f5ceda23a2f9c652208e4c82c9,https://newsatcl-pctr.c.yimg.jp/t/amd-img/20240731-00000025-reut-000-1-view.jpg?exp=10800,2024-07-31T07:48:20+09:00,2024-07-31T07:48:20+09:00,ロイター,reut,ロイター,288,\nパリ五輪は３０日、サッカー男子１次リーグの試合を行い、Ｄ組の日本はイスラエルを１─０で下し、３連勝のグループ首位で予選を突破した。写真は決勝ゴールを決めた細谷真大（２０２４年 ロイター/Stephane Mahe）\n［パリ ３０日 ロイター］ - パリ五輪は３０日、サッカー男子１次リーグの試合を行い、Ｄ組の日本はイスラエルを１─０で下し、３連勝のグループ首位で予選を突破した。\n\n日本はスコアレスで前半を折り返すと、後半アディショナルタイムに佐藤恵允のアシストから細谷真大が決勝ゴールを決めた。\n\n日本は準々決勝で、２勝１敗でＣ組２位通過のスペインと対戦する。,['https://newsatcl-pctr.c.yimg.jp/t/amd-img/20240731-00000025-reut-000-1-view.jpg?pri=l&w=640&h=438&exp=10800'],['https://news.yahoo.co.jp/articles/5e33c7c7b28af5f5ceda23a2f9c652208e4c82c9/images/000']
アックマン氏の新ファンド、最終的な調達規模は約20億ドルに（ロイター）,https://news.yahoo.co.jp/articles/05ec424a41f0e064b2dde68bdb8dd1ed38255b7c,https://newsatcl-pctr.c.yimg.jp/t/amd-img/20240731-00000024-reut-000-1-view.jpg?exp=10800,2024-07-31T07:39:27+09:00,2024-07-31T07:39:27+09:00,ロイター,reut,ロイター,638,\n７月３０日、 米著名投資家でヘッジファンド運用者のビル・アックマン氏（写真）は、米国で新規上場するクローズドエンド型ファンド「パーシング・スクエアＵＳＡ」について、最終的な資金調達規模が約２０億ドルになると明らかにした。ラスベガスで２０１７年５月撮影（２０２４年 ロイター/Richard Brian）\nSvea Herbst-Bayliss Niket Nishant\n\n[３０日 ロイター] - 米著名投資家でヘッジファンド運用者のビル・アックマン氏は３０日、米国で新規上場するクローズドエンド型ファンド「パーシング・スクエアＵＳＡ」について、最終的な資金調達規模が約２０億ドルになると明らかにした。\n\nパーシング・スクエアＵＳＡは１口当たり５０ドルで、最大４０００万口を売り出す方針。事情に詳しい関係者の話では、ＰＳＵＳのシンボルで８月６日からニューヨーク証券取引所で取引される見通しだ。\n\n約２０億ドルというのは、クローズドエンド型ファンドの規模としてそれなりに大きい。しかも業界データによると、同ファンドは昨年新規組成がなく、２０２２年もわずか６本が設立されただけだった。\n\nただアックマン氏が２月にこの上場計画を発表していた時点で想定していた調達額の２５０億ドルを大幅に下回ることになる。\n\n先週までにクローズドエンド型ファンドに対する投資家の警戒感が強いことを認識した同氏は２４日、調達額を２５億─４０億ドルにする予定だと説明していた。,['https://newsatcl-pctr.c.yimg.jp/t/amd-img/20240731-00000024-reut-000-1-view.jpg?pri=l&w=640&h=427&exp=10800'],['https://news.yahoo.co.jp/articles/05ec424a41f0e064b2dde68bdb8dd1ed38255b7c/images/000']
五輪＝永瀬、柔道男子81キロ級で連覇　3大会連続メダル（ロイター）,https://news.yahoo.co.jp/articles/222ef21835d10ca596fa0372415a2b1a894885ef,https://newsatcl-pctr.c.yimg.jp/t/amd-img/20240731-00000022-reut-000-1-view.jpg?exp=10800,2024-07-31T07:38:13+09:00,2024-07-31T07:38:13+09:00,ロイター,reut,ロイター,468,\nパリ五輪は３０日、柔道で各階級の試合を行い、男子８１キロ級では永瀬貴規が金メダルを獲得し、東京五輪に続く連覇を達成。３大会連続でのメダルとなった（２０２４年 ロイター/Kim Kyung-Hoon）\n［パリ ３０日 ロイター］ - パリ五輪は３０日、柔道で各階級の試合を行い、男子８１キロ級では永瀬貴規が金メダルを獲得し、東京大会に続く連覇を達成した。永瀬は２０１６年リオデジャネイロ大会でも銅メダルを獲得しており、これで３大会連続のメダルとなった。\n\n決勝では世界選手権３回優勝のタト・グリガラシビリ（ジョージア）と対戦し、１分５２秒に谷落としで技ありを奪うと、２分４８秒に再び谷落としで一本勝ちを決めた。\n\n今大会では６６キロ級の阿部一二三に続く柔道日本男子の連覇。８１キロ級での連覇は永瀬が初めてとなった。\n\n永瀬は「ここまでやってきて間違っていなかったと思う。ずっと勝てない時期が続いて、本当につらい日々でなかなか結果が出なかったが、周りの人に支えられてここまで来られたのでたくさんの人に感謝したい」と喜んだ。,['https://newsatcl-pctr.c.yimg.jp/t/amd-img/20240731-00000022-reut-000-1-view.jpg?pri=l&w=640&h=426&exp=10800'],['https://news.yahoo.co.jp/articles/222ef21835d10ca596fa0372415a2b1a894885ef/images/000']
米スターバックスの第3四半期、利益が予想と一致　中国は低調（ロイター）,https://news.yahoo.co.jp/articles/fbcc583e696b7eec11edb1ced713439162ba25b8,https://newsatcl-pctr.c.yimg.jp/t/amd-img/20240731-00000023-reut-000-1-view.jpg?exp=10800,2024-07-31T07:37:39+09:00,2024-07-31T07:37:39+09:00,ロイター,reut,ロイター,648,\n７月３０日、 スターバックスが発表した第３・四半期決算は、米国と中国で個人消費が低迷し、世界的に売上高が減少する中、利益が市場予想と一致した。写真は北京のスターバックス店舗で２０２２年８月撮影（２０２４年 ロイター/Thomas Peter）\nJuveria Tabassum Waylon Cunningham\n\n[３０日 ロイター] - スターバックスが３０日発表した第３・四半期決算は、米国と中国で個人消費が低迷し、世界的に売上高が減少する中、利益が市場予想と一致した。\n\n株価は年初からは２２％下げていたが、通年見通しを維持したことから時間外取引で一時５％上昇した。\n\n１株当たり利益は０．９３ドルで市場予想と一致した。\n\nカーネギー・インベストメント・カウンセルのリサーチディレクター、グレッグ・ホルター氏は「潜在的に懸念されていたほど（業績は）悪くはないと投資家は受け止めた」と指摘した。\n\n同社は飲み物とクロワッサンのセットを５ドルで提供したり、金曜日に商品を５０％値引きするなどのキャンペーンを展開している。\n\n中国では地元コーヒーチェーンとの競争が激化し、既存店売上高は第２・四半期の１１％減に続いて１４％減となった。\n\n売上高は市場予想の９２億４０００万ドルに対し、０．６％減の９１億１０００万ドルだった。\n\n全世界と米国の既存店売上高は横ばいもしくは１桁台前半の減少率になると予想。通年利益は横ばいから１桁台前半との見通しを再確認した。,['https://newsatcl-pctr.c.yimg.jp/t/amd-img/20240731-00000023-reut-000-1-view.jpg?pri=l&w=640&h=426&exp=10800'],['https://news.yahoo.co.jp/articles/fbcc583e696b7eec11edb1ced713439162ba25b8/images/000']
ＮＹ市場サマリー（30日）円上昇、Ｓ＆Ｐ・ナスダック下落（ロイター）,https://news.yahoo.co.jp/articles/fc24852b7f9afe008e73fe7687c0a4f26b779f0e,https://newsatcl-pctr.c.yimg.jp/t/amd-img/default.jpg?exp=10800,2024-07-31T07:26:18+09:00,2024-07-31T07:26:18+09:00,ロイター,reut,ロイター,1753,\n＜為替＞ 円が上昇。日銀が３１日に開く２日目の金融政策決定会合で追加利上げを検討し、短期金利を０．２５％程度に引き上げる案を議論するという報道が材料視された。\n\n終盤の取引で、ドル／円は０．４７％安の１５３．２９円。ドルは今月３日に３８年ぶりの高値となる１６１．９６円を付けた後、下落基調にあり、月初来約４．７％値下がりしている。\n\n主要通貨に対するドル指数は０．０３％安の１０４．５５。一時、７月１１日以来の高値となる１０４．７９を付ける場面もあった。\n\nユーロ／ドルは０．０６％安の１．０８１２ドル。一時７月８日以来の安値となる１．０７９８ドルに沈んだ。\n\n＜債券＞ 米連邦公開市場委員会（ＦＯＭＣ）の結果発表を翌日に控え、国債利回りが低下した。連邦準備理事会（ＦＲＢ）は今回の会合で金利を据え置いた上で、９月の利下げを示唆するとの見方が大勢となっている。\n\n国債利回りは、朝方発表されたコンファレンス・ボード（ＣＢ）の７月の米消費者信頼感指数と労働省の６月の雇用動態調査（ＪＯＬＴＳ）を受け、やや上昇。ただ、ＦＲＢの金融政策を巡る予想を変えるには至らなかった。 \n\n終盤の取引で指標１０年債利回りは３．１ｂｐ低下の４．１４７％。 \n\n３０年債利回りは２．９ｂｐ低下の４．０４％。\n\n＜株式＞ Ｓ＆Ｐ総合５００種とナスダック総合が下落して取引を終えた。ハイテク企業の決算を控え、半導体関連株と大型株が下げた。\n\n]\n\n＜金先物＞ 米国の利下げが９月にも開始されるとの観測が強まる中、上伸した。中心限月１２月物の清算値（終値に相当）は前日比２６．４０ドル（１．０９％）高の１オンス＝２４５１．９０ドル。\n\n＜米原油先物＞ 中国のエネルギー需要見通しに引き続き警戒感が強まる中、３営業日続落した。米国産標準油種ＷＴＩの中心限月９月物の清算値（終値に相当）は前日比１．０８ドル（１．４２％）安の１バレル＝７４．７３ドルと、中心限月の清算値ベースで６月上旬以来約１カ月半ぶりの安値を付けた。１０月物は０．９２ドル安の７３．８８ドル。 \n\n ドル／円 ＮＹ終値 152.76/152.77 \n\n 始値 154.73 \n\n 高値 155.02 \n\n 安値 152.66 \n\n ユーロ／ドル ＮＹ終値 1.0815/1.0816 \n\n 始値 1.0833 \n\n 高値 1.0833 \n\n 安値 1.0799 \n\n 米東部時間 \n\n ３０年債（指標銘柄） 17時05分 103*23.00 4.3994% \n\n 前営業日終値 103*05.00 4.4330% \n\n 1０年債（指標銘柄） 17時05分 101*27.50 4.1414% \n\n 前営業日終値 101*18.00 4.1780% \n\n ５年債（指標銘柄） 17時03分 99*27.00 4.0348% \n\n 前営業日終値 99*22.00 4.0700% \n\n ２年債（指標銘柄） 17時04分 100*00.88 4.3606% \n\n 前営業日終値 99*31.25 4.3870% \n\n 終値 前日比 ％ \n\n ダウ工業株３０種 40743.33 +203.40 +0.50 \n\n 前営業日終値 40539.93 \n\n ナスダック総合 17147.42 -222.78 -1.28 \n\n 前営業日終値 17370.20 \n\n Ｓ＆Ｐ総合５００種 5436.44 -27.10 -0.50 \n\n 前営業日終値 5463.54 \n\n ＣＯＭＥＸ金 12月限 2451.9 +26.4 \n\n 前営業日終値 2425.5 \n\n ＣＯＭＥＸ銀 9月限 2852.5 +65.9 \n\n 前営業日終値 2786.6 \n\n 北海ブレント 9月限 78.63 ‐1.15 \n\n 前営業日終値 79.78 \n\n 米ＷＴＩ先物 9月限 74.73 ‐1.08 \n\n 前営業日終値 75.81 \n\n ＣＲＢ商品指数 274.7414 ‐0.1938 \n\n 前営業日終値 274.9352,[],[]
ロシア下院、対外貿易で暗号資産決済認める法案可決（ロイター）,https://news.yahoo.co.jp/articles/92358ef22bb9980c0a523451b797b4ac3acdfcaa,https://newsatcl-pctr.c.yimg.jp/t/amd-img/20240731-00000021-reut-000-1-view.jpg?exp=10800,2024-07-31T07:29:26+09:00,2024-07-31T07:29:26+09:00,ロイター,reut,ロイター,551,\n７月３０日、 ロシア議会下院は国内企業が対外貿易決済手段として暗号資産（仮想通貨）を利用するのを認める法案を可決した。写真はモスクワのロシア中銀。２０２３年８月撮影（２０２４年 ロイター/Shamil Zhumatov）\nGleb Bryanski\n\n[モスクワ ３０日 ロイター] - ロシア議会下院は３０日、国内企業が対外貿易決済手段として暗号資産（仮想通貨）を利用するのを認める法案を可決した。西側諸国の対ロシア制裁を回避する狙いがある。\n\nロシアは現在、中国やインド、アラブ首長国連邦（ＵＡＥ）などの主な貿易相手国との決済に大幅な遅れが生じている。多くの取引は依然としてドルやユーロで、国際銀行間通信協会（ＳＷＩＦＴ）を通じて決済されており、これらの国の銀行が西側からの二次制裁対象となるのを懸念して関与を消極化させているためだ。\n\nこうした中で今回の法案で、ロシア中央銀行が暗号資産決済のための新たな「実験的」インフラを創設することが定められた。法案発効は９月になる見通し。中銀のナビウリナ総裁は、年内に第一弾の暗号資産決済が実行されると述べた。\n\nただこのインフラの詳細はまだ明らかにされていない。\n\nロシア国内の取引決済に暗号資産を利用することは禁止されている。,['https://newsatcl-pctr.c.yimg.jp/t/amd-img/20240731-00000021-reut-000-1-view.jpg?pri=l&w=640&h=417&exp=10800'],['https://news.yahoo.co.jp/articles/92358ef22bb9980c0a523451b797b4ac3acdfcaa/images/000']
中国対抗へさらなる取り組み必要、米国務副長官が強調（ロイター）,https://news.yahoo.co.jp/articles/12b6d45051467a7ef5d624562d85f07b2ab93198,https://newsatcl-pctr.c.yimg.jp/t/amd-img/20240731-00000019-reut-000-1-view.jpg?exp=10800,2024-07-31T07:22:09+09:00,2024-07-31T07:22:09+09:00,ロイター,reut,ロイター,483,\n７月３０日、キャンベル米国務副長官（写真）は、中国の行動に対抗していくために米国はさらなる取り組みが必要だと強調した。ワシントンで２０２２年５月撮影（２０２４年 ロイター/Elizabeth Frantz）\nPatricia Zengerle Michael Martina David Brunnstrom\n\n[ワシントン ３０日 ロイター] - キャンベル米国務副長官は３０日、中国の行動に対抗していくために米国はさらなる取り組みが必要だと強調した。\n\nキャンベル氏は上院外交委員会が開いた公聴会で「われわれはもっと努力し、中国の前進基地戦略だけでなく、アフリカのレアアース（希土類）狙いという点でも、争っていかなければならない」と語った。\n\nまたキャンベル氏は、米国が中国に対して造船分野で格差をつけられていることを「深く懸念している」と表明。この問題を改善しなければ、２１世紀に必要とされる大海軍力が手に入らなくなると警告した。\n\n長年インド太平洋重視を唱えてきたキャンベル氏は、同地域での米国の海軍力と空軍力を強化すべきだとも訴えた。,['https://newsatcl-pctr.c.yimg.jp/t/amd-img/20240731-00000019-reut-000-1-view.jpg?pri=l&w=640&h=418&exp=10800'],['https://news.yahoo.co.jp/articles/12b6d45051467a7ef5d624562d85f07b2ab93198/images/000']
焦点：世界の大手企業、通期予想引き下げ　高金利と中国低迷が重し（ロイター）,https://news.yahoo.co.jp/articles/209fae2c3786977d58abade2c26e5b0079d4769b,https://newsatcl-pctr.c.yimg.jp/t/amd-img/20240731-00000016-reut-000-1-view.jpg?exp=10800,2024-07-31T06:51:47+09:00,2024-07-31T06:51:47+09:00,ロイター,reut,ロイター,2355,\n世界の大手企業が通期の業績予想を引き下げている。高金利と中国経済の低迷が消費者心理を圧迫していることが背景で、第２・四半期の増益決算に暗い影を落としている。写真はニューヨーク証券取引所で７月撮影（２０２４年 ロイター／Brendan McDermid）\nMedha Singh\n\n[３０日ロイター] - 世界の大手企業が通期の業績予想を引き下げている。高金利と中国経済の低迷が消費者心理を圧迫していることが背景で、第２・四半期の増益決算に暗い影を落としている。\n\n投資家はマクドナルド、日産、テスラ、ネスレ、ユニリーバなど多くの大手企業の決算に失望。米欧企業の約４０％が決算を発表したが、利益はほぼ予想通りだった。ただ、世界的に株価が大幅に上昇した後だけに「ほぼ予想通り」の決算が投資家の失望を招いているようだ。\n\nザックス・インベストメント・マネジメントのクライアント・ポートフォリオ・マネジャー、ブライアン・マルベリー氏は「今シーズンの決算は、これまでのところ非常にまちまちだ」と指摘。金利の高止まりが企業を圧迫し、持続的な業績拡大が難しくなりつつあるとの認識を示した。 \n\n今週はアップル、マイクロソフト、サムスン電子、トヨタ、エクソンモービル、シェル、ロレアル、アディダスなどが決算発表を予定しており、市場が大きく動く可能性がある。\n\n＜高金利と中国経済の低迷＞\n\n企業は高金利と中国経済の低迷が利益を圧迫していると説明している。\n\nマクドナルドは中国経済の低迷が響き、世界の既存店売上高が１３四半期ぶりに減少。ユニリーバ、ビザ、アストン・マーチンなども中国経済の低迷を指摘した。アナリストは、長引く不動産不況と雇用不安が中国の消費を圧迫する限り、同国の需要拡大は見込めないと分析している。\n\nＤＷＳのポートフォリオマネジャー、ステファン・グエンター・バウクネヒト氏は「中国人は将来に不安があるため、消費に消極的だ」とし、中国は経済成長が上向くまで「主要地域で最弱の国、少なくとも最も予想を下回る国」になるだろうと述べた。\n\nＬＳＥＧのデータによると、米国企業の１株利益は前年同期比で１２％近く増加し、過去１０四半期で最大の伸びを記録。バンク・オブ・アメリカ・セキュリティーズによると、欧州企業は市場予想をわずかに上回る４％の増益と、２０２２年以来初の増益を確保している。\n\n同社によると、さまざまな業種で消費低迷が報告されており、業績予想の下方修正が増えている。ＬＳＥＧのデータによると、米国企業は第３・四半期の予想を７月初め時点の前年同期比８．６％増から今月２６日時点で７．３％増に引き下げた。\n\nバンク・オブ・アメリカのアナリストはリポートで「第２・四半期決算は全体的にまずまずだが、市場は消費者のストレスの兆しに動揺している」と指摘する。\n\nネスレとユニリーバの上期の増収率はともに予想を下回った。ユーロ圏の２大経済国でも企業が悲観的な見方を強めており、ユーロ圏経済の回復の鈍さに対する懸念が強まっている。\n\nネスレのマーク・シュナイダー最高経営責任者（ＣＥＯ）は電話会見で「消費者の間に割安な商品を求める動きが見られる。特に低所得層はプレッシャーを感じている」と語った。\n\n自動車メーカーは米国で困難に直面しており、高水準の在庫と物流の問題がフォード・モーター、ステランティス、日産の利益を圧迫した。投資家はテスラの決算に失望。電気自動車（ＥＶ）の販売は鈍化しており、同社が大幅に過大評価されているとの見方が依然多い。\n\nテスラや現代自動車にＥＶ用バッテリーを供給するＬＧエナジー・ソリューションは今年２０％以上の減収を予想。世界のＥＶ販売が想定以上に鈍化していることが背景だ。ライバルである中国の寧徳時代新能源科技（ＣＡＴＬ）も第２・四半期決算が１３％の減収だった。\n\n＜高い期待がプレシャーに＞\n\n好決算を発表している企業も少なくない。\n\nグーグルの親会社アルファベットはクラウドコンピューティング事業の売上高が好調で、今週決算発表を予定している他のハイテク大手企業にとっては良い兆候と言える。\n\n３Ｍも決算発表を受けて株価が約２年ぶりの高値を付けた。ゼネラル・モーターズ（ＧＭ）とジョンソン・エンド・ジョンソンも好決算を発表。ＪＰモルガンは過去最高益を計上した。\n\nアジアの半導体メーカーも、人工知能（ＡＩ）ブームを背景に需要見通しに一段と強気になっている。\n\n台湾積体電路製造（ＴＳＭＣ）の魏哲家会長兼最高経営責任者（ＣＥＯ）は「ＡＩは非常にホットだ。当社の全ての顧客がデバイスにＡＩ機能を埋め込むことを望んでいる」と語った。同社の株価は今年５６％値上がりしている。\n\nこうした明るい見通しにもかかわらず、アジアの大手半導体メーカーには、市場の高い期待に応えるというプレッシャーがかかっている。これはエヌビディアの株価にも見て取れる。同社の時価総額は今年３兆ドルを突破した後、伸び悩んでいる。\n\nＢＮＫ投資証券のアナリスト、イ・ミンヒ氏は「投資家の期待は非常に高く、期待に応えるのは難しいかもしれない。短期的には株価がそれほど上昇しない可能性がある」と述べた。\n\nＭＳＣＩインターショナル指数は、米連邦準備理事会（ＦＲＢ）の利下げ観測などを背景に今年１１％上昇。今月ピークを付けたが、その後反落している。\n\nチェリー・レイン・インベストメンツのパートナー、リック・メックラー氏は「利下げ観測が続く限り、アナリストが全体として来年の業績予想を引き下げることはないだろう」と述べた。,['https://newsatcl-pctr.c.yimg.jp/t/amd-img/20240731-00000016-reut-000-1-view.jpg?pri=l&w=640&h=426&exp=10800'],['https://news.yahoo.co.jp/articles/209fae2c3786977d58abade2c26e5b0079d4769b/images/000']
ハリス氏、副大統領候補を来週5日にも発表＝関係筋（ロイター）,https://news.yahoo.co.jp/articles/ea639a84bcb8f4b6eb19ef9201096f1aea73a40d,https://newsatcl-pctr.c.yimg.jp/t/amd-img/20240731-00000018-reut-000-1-view.jpg?exp=10800,2024-07-31T07:02:55+09:00,2024-07-31T07:02:55+09:00,ロイター,reut,ロイター,229,\n７月３０日、１１月の米大統領選に向け民主党の大統領候補となる見通しのハリス副大統領（写真）は、早ければ週明け８月５日にも副大統領候補を発表し、同週に激戦州を共に遊説する見通し。ジョージア州アトランタで同日代表撮影（２０２４年 ロイター）\n[３０日 ロイター] - １１月の米大統領選に向け民主党の大統領候補となる見通しのハリス副大統領は、早ければ週明け８月５日にも副大統領候補を発表し、同週に激戦州を共に遊説する見通し。関係筋２人が３０日明らかにした。,['https://newsatcl-pctr.c.yimg.jp/t/amd-img/20240731-00000018-reut-000-1-view.jpg?pri=l&w=640&h=426&exp=10800'],['https://news.yahoo.co.jp/articles/ea639a84bcb8f4b6eb19ef9201096f1aea73a40d/images/000']
イスラエル軍、ヒズボラ司令官殺害と発表　ベイルート空爆で（ロイター）,https://news.yahoo.co.jp/articles/d6da5ba41e092be09dc43b52be428082c5cdf8ce,https://newsatcl-pctr.c.yimg.jp/t/amd-img/20240731-00000017-reut-000-1-view.jpg?exp=10800,2024-07-31T07:00:29+09:00,2024-07-31T07:00:29+09:00,ロイター,reut,ロイター,419,\nイスラエル軍は７月３０日夜、レバノンの首都ベイルート周辺への空軍戦闘機による攻撃で同国に拠点を置く親イラン武装組織ヒズボラの司令官で作戦本部トップのファド・シュクル氏を殺害したと発表した。写真はイスラエルの攻撃を受けたベイルート近郊の街。動画より（２０２４年 ロイター）\n[カイロ ３１日 ロイター] - イスラエル軍は３０日夜、レバノンの首都ベイルート周辺への空軍戦闘機による攻撃で同国に拠点を置く親イラン武装組織ヒズボラの司令官で作戦本部トップのファド・シュクル氏を殺害したと発表した。\n\nイスラエル軍は、シュクル氏がヒズボラの指導者ナスララ師の右腕として、戦時作戦の顧問を務めていたとしている。\n\n声明で「ファド・シュクルは昨年１０月８日以降、イスラエルに対するヒズボラの攻撃を指揮してきた」と主張。子ども１２人が死亡したゴラン高原への攻撃の責任はシュクル氏にあるとした。\n\nヒズボラは攻撃への関与を否定している。,['https://newsatcl-pctr.c.yimg.jp/t/amd-img/20240731-00000017-reut-000-1-view.jpg?pri=l&w=640&h=359&exp=10800'],['https://news.yahoo.co.jp/articles/d6da5ba41e092be09dc43b52be428082c5cdf8ce/images/000']
ＮＹ外為市場＝円上昇、日銀が追加利上げ検討との報道受け（ロイター）,https://news.yahoo.co.jp/articles/5541cc7c7d1ebf7e4a098c27b4f09f4058dad5eb,https://newsatcl-pctr.c.yimg.jp/t/amd-img/20240731-00000015-reut-000-2-view.jpg?exp=10800,2024-07-31T05:51:29+09:00,2024-07-31T06:05:00+09:00,ロイター,reut,ロイター,1177,\nニューヨーク外為市場では円が上昇。日銀が３１日に開く２日目の金融政策決定会合で追加利上げを検討し、短期金利を０．２５％程度に引き上げる案を議論するという報道が材料視された。（２０２４年 ロイター／Dado Ruvic）\n［３０日 ロイター］ - ニューヨーク外為市場では円が上昇。日銀が３１日に開く２日目の金融政策決定会合で追加利上げを検討し、短期金利を０．２５％程度に引き上げる案を議論するという報道が材料視された。\n\n終盤の取引で、ドル／円は０．４７％安の１５３．２９円。ドルは今月３日に３８年ぶりの高値となる１６１．９６円を付けた後、下落基調にあり、月初来約４．７％値下がりしている。\n\n日銀の政策決定を控えたポジション解消の動きから、円は序盤の取引では下落していた。\n\nスコシアバンクのチーフ外為ストラテジスト、ショーン・オズボーン氏は「円が大きな動きを見せた」とし、「こうした動きがおそらく終わったと考える向きもあるだろうが、キャリートレードやポジションの一部がさらに幾分巻き戻される可能性はまだあるだろう」と述べた。\n\n半面、ジェフリーズの外為グローバル責任者、ブラッド・ベクテル氏は、日米金利差が引き続き円を圧迫する見通しで、円上昇は一時的となる可能性が高いと述べた。 \n\n主要通貨に対するドル指数は０．０３％安の１０４．５５。一時、７月１１日以来の高値となる１０４．７９を付ける場面もあった。\n\n３０─３１日の米連邦公開市場委員会（ＦＯＭＣ）では、金利が据え置かれるという予想が大勢。市場では９月会合での利下げがほぼ確実視され、年内に計２回、もしくは３回の利下げが実施される可能性があるとみられている。\n\nユーロ／ドルは０．０６％安の１．０８１２ドル。一時７月８日以来の安値となる１．０７９８ドルに沈んだ。\n\n欧州連合（ＥＵ）統計局が３０日発表した第２・四半期のユーロ圏域内総生産（ＧＤＰ）速報値は前期比０．３％増だった。フランスとスペインが予想以上となり、イタリアは予想と一致、ドイツは予想外にマイナス成長と、まだら模様の結果となった。\n\nポンド／ドルは０．２％安の１．２８３３ドル。市場では英中銀が８月１日の金融政策委員会（ＭＰＣ）で政策金利を０．２５％ポイント引き下げ、５％にするという見方が大勢となっている。\n\n暗号資産（仮想通貨）のビットコインは２．６４％安の６万５５８６ドルだった。\n\n ドル／円 ＮＹ終値 152.76/152.77 \n\n 始値 154.73 \n\n 高値 155.02 \n\n 安値 152.66 \n\n ユーロ／ドル ＮＹ終値 1.0815/1.0816 \n\n 始値 1.0833 \n\n 高値 1.0833 \n\n 安値 1.0799,['https://newsatcl-pctr.c.yimg.jp/t/amd-img/20240731-00000015-reut-000-2-view.jpg?pri=l&w=640&h=426&exp=10800'],['https://news.yahoo.co.jp/articles/5541cc7c7d1ebf7e4a098c27b4f09f4058dad5eb/images/000']
米大統領選支持率ほぼ拮抗、ハリス氏のリードわずか1％ポイント（ロイター）,https://news.yahoo.co.jp/articles/0db5ba38e941961983b27e3373166b64332ee537,https://newsatcl-pctr.c.yimg.jp/t/amd-img/20240731-00000013-reut-000-2-view.jpg?exp=10800,2024-07-31T05:28:08+09:00,2024-07-31T07:28:38+09:00,ロイター,reut,ロイター,730,\nロイター／イプソスが実施した最新の世論調査によると、１１月の米大統領選に向けて民主党の大統領候補となる見通しのハリス副大統領と共和党候補のトランプ前大統領の支持率がほぼ拮抗している。７月３０日撮影（２０２４年 ロイター／Erin Schaff）\nBo Erickson\n\n［ワシントン ３０日 ロイター］ - ロイター／イプソスが実施した最新の世論調査によると、１１月の米大統領選に向けて民主党の大統領候補となる見通しのハリス副大統領と共和党候補のトランプ前大統領の支持率がほぼ拮抗している。\n\n２８日までの３日間、登録有権者８７６人を含む米国の成人１０２５人を対象にオンラインで実施された調査によると、ハリス氏の支持率は４３％、トランプ氏は４２％で、ハリス氏がわずか１％ポイントリードしている。誤差は３．５％ポイント。\n\n約１週間前の調査では、ハリス氏への支持が４４％、トランプ氏が４２％となっていた。\n\nハリス氏はバイデン大統領が選挙戦撤退を表明して以降の１０日間で、民主党の大統領候補指名に向けた支持を固めてきた。\n\n調査ではハリス氏に好意的な見方を持つ有権者が４６％、好意的でない見方をする有権者が５１％となり、過去１カ月でハリス氏の好感度が上がった。７月２日まで実施されたロイター／イプソス調査では好意的な見方が４０％、好意的でない見方は５７％だった。\n\nこの期間にトランプ氏の好感度はほとんど変化せず、最新の調査によると、好意的な見方は４１％、好意的でない見方は５６％。\n\n調査ではまた、登録有権者が経済、移民、犯罪についてはトランプ氏のアプローチを、医療保険についてはハリス氏の計画を選好していることが分かった。,['https://newsatcl-pctr.c.yimg.jp/t/amd-img/20240731-00000013-reut-000-2-view.jpg?pri=l&w=640&h=426&exp=10800'],['https://news.yahoo.co.jp/articles/0db5ba38e941961983b27e3373166b64332ee537/images/000']
米国株式市場＝Ｓ＆Ｐ・ナスダック下落、ハイテク決算控え警戒感（ロイター）,https://news.yahoo.co.jp/articles/a75f01f60f82322250e9cdf1b7a83e877d2cb472,https://newsatcl-pctr.c.yimg.jp/t/amd-img/20240731-00000014-reut-000-1-view.jpg?exp=10800,2024-07-31T05:26:30+09:00,2024-07-31T05:26:30+09:00,ロイター,reut,ロイター,1061,\n米国株式市場は、Ｓ＆Ｐ総合５００種とナスダック総合が下落して取引を終えた。ハイテク企業の決算を控え、半導体関連株と大型株が下げた。（２０２４年 ロイター／Brendan McDermid）\n［ニューヨーク ３０日 ロイター］ - 米国株式市場は、Ｓ＆Ｐ総合５００種とナスダック総合が下落して取引を終えた。ハイテク企業の決算を控え、半導体関連株と大型株が下げた。\n\n 終値 前日比 ％ 始値 高値 安値 コード \n\n ダウ工業株３０種 40743.59 +203.66 +0.50 40622.13 40866.2 40529.1 \n\n 5 0 \n\n 前営業日終値 40539.93 \n\n ナスダック総合 17190.27 -179.93 -1.04 17424.10 17468.5 17015.3 \n\n 6 8 \n\n 前営業日終値 17370.20 \n\n Ｓ＆Ｐ総合５００種 5447.53 -16.01 -0.29 5478.73 5489.46 5401.70 \n\n 前営業日終値 5463.54 \n\n ダウ輸送株２０種 16013.45 +118.21 +0.74 \n\n ダウ公共株１５種 986.61 +10.31 +1.06 \n\n フィラデルフィア半導体 4911.60 -176.03 -3.46 \n\n ＶＩＸ指数 17.01 +0.41 +2.47 \n\n Ｓ＆Ｐ一般消費財 1489.94 -8.22 -0.55 \n\n Ｓ＆Ｐ素材 574.50 -2.06 -0.36 \n\n Ｓ＆Ｐ工業 1069.85 +2.93 +0.27 \n\n Ｓ＆Ｐ主要消費財 836.01 -5.56 -0.66 \n\n Ｓ＆Ｐ金融 728.86 +8.56 +1.19 \n\n Ｓ＆Ｐ不動産 259.09 +1.95 +0.76 \n\n Ｓ＆Ｐエネルギー 709.46 +10.78 +1.54 \n\n Ｓ＆Ｐヘルスケア 1749.47 +1.88 +0.11 \n\n Ｓ＆Ｐ通信サービス 293.51 +0.47 +0.16 \n\n Ｓ＆Ｐ情報技術 4087.49 -91.89 -2.20 \n\n Ｓ＆Ｐ公益事業 365.08 +1.98 +0.55 \n\n ＮＹＳＥ出来高 5.06億株 \n\n シカゴ日経先物9月限 ドル建て 38165 - 325 大阪比 \n\n シカゴ日経先物9月限 円建て 38105 - 385 大阪比,['https://newsatcl-pctr.c.yimg.jp/t/amd-img/20240731-00000014-reut-000-1-view.jpg?pri=l&w=640&h=426&exp=10800'],['https://news.yahoo.co.jp/articles/a75f01f60f82322250e9cdf1b7a83e877d2cb472/images/000']
トランプ氏銃撃容疑者、暴力コンテンツ投稿の可能性＝ＦＢＩ副長官（ロイター）,https://news.yahoo.co.jp/articles/d5ed9fcee0a9efaa2af81f8e540dce9cabd5411d,https://newsatcl-pctr.c.yimg.jp/t/amd-img/20240731-00000011-reut-000-2-view.jpg?exp=10800,2024-07-31T04:19:57+09:00,2024-07-31T09:20:07+09:00,ロイター,reut,ロイター,1021,\nトランプ前米大統領の暗殺未遂事件を起こしたトーマス・クルックス容疑者（２０）が、１０代の頃に反ユダヤ主義や反移民主義に関連する暴力的なコンテンツをソーシャルメディアに投稿していた可能性があることが３０日、連邦捜査局（ＦＢＩ）副長官の議会証言で分かった。写真は高校のイヤーブックに載っているトーマス・クルックス容疑者の写真（２０２４年 ロイター／Aaron Josefczyk）\nAllende Miglietta David Morgan Sarah N. Lynch\n\n[ワシントン ３０日 ロイター] - トランプ前米大統領の暗殺未遂事件を起こしたトーマス・クルックス容疑者（２０）が、１０代の頃に反ユダヤ主義や反移民主義に関連する暴力的なコンテンツをソーシャルメディアに投稿していた可能性があることが３０日、連邦捜査局（ＦＢＩ）副長官の議会証言で分かった。\n\nＦＢＩのポール・アバテ副長官は上院公聴会で、クルックス容疑者のものとみられるソーシャルメディアアカウントの存在を明らかにした。アカウントは２０１９─２０年にかけて作成されたもので、クルックス容疑者のものだとすれば、１５歳か１６歳だったときに作成されたことになる。\n\nアバテ副長官によると、このアカウントから７００件以上のコメントが投稿されており、これらのコメントの一部は反ユダヤ主義や反移民主義を反映。「政治的暴力を唱えるようなもので、極端な性質を持つものといえる」と述べた。 \n\nトランプ氏の暗殺未遂事件は今月１３日にペンシルベニア州バトラーの選挙集会で発生。クルックス容疑者は現場で射殺された。ソーシャルメディアアカウントの解析が動機解明の一助になる可能性がある。\n\n同じく上院公聴会で証言したシークレットサービス（大統領警護隊）のロナルド・ロウ長官代行は、トランプ氏銃撃事件でセキュリティー体制の不備を「恥じている」とし、「法執行官として、またシークレットサービスで２５年間勤務したベテランとして、なぜあの屋根がもっとしっかりしたセキュリティー体制で守られていなかったのか弁解できない」と述べた。\n\nその上で、シークレットサービスではなく地元当局が建物とその屋根を警護すると想定したのは誤りだったと語った。\n\n米シークレットサービスを巡っては、キンバリー・チートル長官がトランプ氏銃撃事件を巡る警備体制の不備の責任を取って辞任している。,['https://newsatcl-pctr.c.yimg.jp/t/amd-img/20240731-00000011-reut-000-2-view.jpg?pri=l&w=512&h=640&exp=10800'],['https://news.yahoo.co.jp/articles/d5ed9fcee0a9efaa2af81f8e540dce9cabd5411d/images/000']
イスラエル「ヒズボラ司令官殺害」、レバノン首都に報復攻撃（ロイター）,https://news.yahoo.co.jp/articles/c168ac9b1e0e5faf1dbaca8d3a4ef9d8239dd292,https://newsatcl-pctr.c.yimg.jp/t/amd-img/20240731-00000012-reut-000-3-view.jpg?exp=10800,2024-07-31T04:23:28+09:00,2024-07-31T09:23:35+09:00,ロイター,reut,ロイター,1274,\nイスラエル軍は、２７日に起きたゴラン高原へのロケット弾攻撃の報復として、レバノンに拠点を置く親イラン武装組織ヒズボラの司令官を標的に、３０日夜にレバノンの首都ベイルート南部の郊外で「的を絞った」攻撃を実施したと発表した。 写真は７月３０日、イスラエルによる攻撃があったベイルート南部郊外で撮影（２０２４年 ロイター／Reuters TV via REUTERS）\nLaila Bassam Emily Rose\n\n[エルサレム／ベイルート／カイロ／ワシントン／モスクワ ３０日 ロイター] - イスラエル軍は３０日、レバノンの首都ベイルートを空爆し、同国に拠点を置く親イラン武装組織ヒズボラの司令官を殺害したと発表した。２７日に起きたゴラン高原へのロケット弾攻撃の報復としている。\n\n目撃者によると、現地時間午後７時４０分ごろ、ヒズボラの拠点があるベイルート南部郊外で大きな爆発音が聞こえ、煙が上がるのが見えた。\n\nイスラエル軍によると、殺害したのはフアド・シュクル司令官。ヒズボラ指導者ナスララ師の右腕として戦時作戦顧問を務め、２７日のゴラン高原攻撃を統括したとしている。\n\nイスラエルのガラント国防相は、今回の攻撃で「わが人民の血には代償があり、この目的のためにわが軍の手の届かない場所はないことを示した」と述べた。\n\n周辺国の治安当局高官もシュクル司令官が空爆で負った傷が原因で死亡したと確認した。\n\n医療関係者や治安筋によると、このほか子ども２人を含む市民３人が死亡。レバノンのテレビ局は保健省の情報として、ヒズボラの意思決定機関周辺への攻撃で３人が死亡、７４人が負傷したと伝えた。\n\nイスラエルが占領するゴラン高原へのロケット弾攻撃では、子どもを含む１２人が死亡。ヒズボラは関与を否定しているが、イスラエルはヒズボラによる攻撃と主張している。\n\nレバノンのハビブ外相はイスラエルによる攻撃を非難し、国連に苦情を申し立てる考えを示した。さらに、ヒズボラの対抗措置が事態をエスカレートさせないことを望むと述べた。\n\nパレスチナ自治区ガザでイスラエルと戦闘を続けるイスラム組織ハマスやイエメンのフーシ派、これらの組織を支援するイラン、シリアも攻撃を非難した。\n\n一方、米ホワイトハウスは「ヒズボラを含めイランが支援する全ての脅威」に対するイスラエルの安全保障へのコミットメントを改めて表明。その上で、外交的解決に取り組んでいると述べた。\n\nロシアのタス通信によると、同国外務省はイスラエルによる報復攻撃を「明白な国際法違反」と非難した。\n\nイスラエル軍は国内の民間防衛について新たな指示は出していないとしている。現時点で追加攻撃の計画がないことを示している可能性がある。テレビ局チャンネル１２は、イスラエルが全面戦争を望んでいないとする当局者の発言を伝えた。\n\nイスラエルメディアによると、軍はヒズボラの反応次第で、ベイルート空爆によってゴラン高原攻撃への対応を終了したと見なすという。,['https://newsatcl-pctr.c.yimg.jp/t/amd-img/20240731-00000012-reut-000-3-view.jpg?pri=l&w=640&h=359&exp=10800'],['https://news.yahoo.co.jp/articles/c168ac9b1e0e5faf1dbaca8d3a4ef9d8239dd292/images/000']
ハリス氏、中間層重視のバイデン氏の取り組み堅持へ＝米財務長官（ロイター）,https://news.yahoo.co.jp/articles/4af590b97129769347a28284c34c8abb52b3955e,https://newsatcl-pctr.c.yimg.jp/t/amd-img/20240731-00000010-reut-000-2-view.jpg?exp=10800,2024-07-31T04:20:04+09:00,2024-07-31T08:01:50+09:00,ロイター,reut,ロイター,505,\nイエレン米財務長官は３０日、１１月の大統領選で民主党の大統領候補となる見通しのハリス副大統領について、中間層に対する増税を実施せず、格差是正を目指すバイデン大統領のコミットメントを堅持するという認識を示した。（２０２４年 ロイター／Kevin Lamarque）\n［フィラデルフィア ３０日 ロイター］ - イエレン米財務長官は３０日、１１月の大統領選で民主党の大統領候補となる見通しのハリス副大統領について、中間層に対する増税を実施せず、格差是正を目指すバイデン大統領のコミットメントを堅持するという認識を示した。\n\nイエレン氏はフィラデルフィアで行われたイベントで、ハリス氏が当選すれば、育児支援や家族休暇、児童税額控除の拡大などバイデン氏の経済政策における複数の優先事項を踏襲する可能性が高いと述べた。\n\nハリス氏はバイデン氏の税制案を採用するかとの質問に対しては「ハリス副大統領は中間所得層への増税回避を支持すると表明している。それを守ると信じている」と述べた。\n\n一方、トランプ政権時代の減税措置が期限を迎える２０２５年にハリス氏が議会での交渉にどう臨むかについては言及しなかった。,['https://newsatcl-pctr.c.yimg.jp/t/amd-img/20240731-00000010-reut-000-2-view.jpg?pri=l&w=640&h=431&exp=10800'],['https://news.yahoo.co.jp/articles/4af590b97129769347a28284c34c8abb52b3955e/images/000']
マグニフィセント・セブン下落で米株10％超下げも＝モルガンＳ（ロイター）,https://news.yahoo.co.jp/articles/6e98ade8c6547ac55380a8a15b779d7f5eaa6b63,https://newsatcl-pctr.c.yimg.jp/t/amd-img/20240731-00000009-reut-000-1-view.jpg?exp=10800,2024-07-31T04:16:38+09:00,2024-07-31T04:16:38+09:00,ロイター,reut,ロイター,779,\nモルガン・スタンレー・インベストメント・マネジメント（ＭＳＩＭ）の幹部は、米株の相場上昇をけん引してきた「マグニフィセント・セブン」と呼ばれる超大型の７つの銘柄が売られることで、米国株は２０２４年に１０％から１３％下落する可能性があるとの見方を示した。（２０２４年 ロイター／Brendan McDermid）\n［ニューヨーク ３０日 ロイター］ - モルガン・スタンレー・インベストメント・マネジメント（ＭＳＩＭ）の幹部は、米株の相場上昇をけん引してきた「マグニフィセント・セブン」と呼ばれる超大型の７つの銘柄が売られることで、米国株は２０２４年に１０％から１３％下落する可能性があるとの見方を示した。\n\nマグニフィセント・セブンは、マイクロソフト、アップル、グーグルの親会社アルファベット、アマゾン・コム、エヌビディア、メタ・プラットフォームズ、電気自動車（ＥＶ）大手テスラ。\n\nＭＳＩＭのソリューション・マルチアセットグループで副最高投資責任者（ＣＩＯ）を務めるジタニア・カンダリ氏はロイターのインタビューに対し、米国株が世界の他の市場の銘柄に比べて割高だと指摘した上で、「上昇が顕著だった超大型７銘柄とそれ以外の銘柄の差異が縮小し、それが続くことになるだろう」と述べた。\n\nただ、大手テクノロジー企業は膨大なキャッシュを生んでおり、事業が堅調に推移していると言及。「ナスダックで１９９９年から２０００年に起きたようなテクノロジー株の大幅下落が起こるとは思わない」と述べ、テクノロジー企業の株価が過大に高騰した「ドットコムバブル」が崩壊した際の急落に比べれば、今回予想される下落は、より落ち着いたものになるだろうとの見解を示した。\n\nＭＳＩＭは１兆５０００億ドルの資産を運用。ＭＳＩＭはテクノロジー株をアンダーウエートにしている。,['https://newsatcl-pctr.c.yimg.jp/t/amd-img/20240731-00000009-reut-000-1-view.jpg?pri=l&w=640&h=426&exp=10800'],['https://news.yahoo.co.jp/articles/6e98ade8c6547ac55380a8a15b779d7f5eaa6b63/images/000']
欧州市場サマリー（30日）（ロイター）,https://news.yahoo.co.jp/articles/c0fd7c029cc6a5db09e4134e798c9e9fbf12ab3f,https://newsatcl-pctr.c.yimg.jp/t/amd-img/default.jpg?exp=10800,2024-07-31T04:16:28+09:00,2024-07-31T04:16:28+09:00,ロイター,reut,ロイター,2454,\n＜ロンドン株式市場＞ まちまちで取引を終えた。酒造大手のディアジオが売られて飲料株が下落したほか、鉱業株も下げ、ＦＴＳＥ１００種指数は反落した。\n\n中型株で構成するＦＴＳＥ２５０種指数は０．８５％高と反発した。\n\n飲料株指数は４．２４％安。通期決算の営業利益が市場予想を下回ったディアジオが５．１％下落し、全体を押し下げた。\n\n資源価格の値下がりを受けＦＴＳＥ３５０種鉱業株指数は１．９０％安。\n\n一方、金価格の上昇を受けて貴金属株指数は１．７８％上げた。\n\n他の個別銘柄では、投資運用会社セント・ジェームス・プレイスは２４．８％高と急伸。１日の上げ幅としては２００８年以来の大きさだった。昨年１２月就任の最高経営責任者（ＣＥＯ）による新たな戦略発表の内容などが好材料視された。\n\n大手銀行スタンダード・チャータード（スタンチャート）は５．９％高。過去最大規模の自社株買いの発表などが好感された。\n\n投資家の関心は３１日の米連邦準備理事会（ＦＲＢ）と８月１日のイングランド銀行（英中央銀行）の金融政策発表に向けられている。マイクロソフトなどの大手ハイテク企業の四半期決算も注目されている。\n\nロンドン株式市場：[.LJP]\n\n＜欧州株式市場＞ 反発して取引を終えた。決算を好材料に買われた銘柄が相場を押し上げた。今後の金利動向の手がかりを得ようと米連邦準備理事会（ＦＲＢ）が開く連邦公開市場委員会（ＦＯＭＣ）後の金融政策発表が注目されている。\n\nＳＴＯＸＸユーロ圏銀行株指数は１．２０％高。\n\nイタリアの銀行最大手インテーザ・サンパオロは３．５％上昇。四半期利益が予想を上回り、見通しを上方修正したことが好材料視された。オーストリアの銀行大手ライファイゼン・バンク・インターナショナル（ＲＢＩ）も四半期利益が予想を上回り、３．７％高だった。\n\nＳＴＯＸＸ欧州６００種建設・資材株指数は１．３４％上昇。上半期決算の増益を発表したスペインの建設大手ＡＣＳは４．４％上げた。\n\n欧州連合（ＥＵ）統計局が発表した第２・四半期のユーロ圏域内総生産（ＧＤＰ）速報値は前期比０．３％増で、市場予想をわずかに上回った。ただ、ドイツ経済が勢いを欠くほかインフレ懸念もくすぶっており、欧州経済の先行きを見通しにくい状況が続いている。\n\n投資家の関心は３１日のＦＲＢのほか、８月１日のイングランド銀行（英中央銀行）の金融政策発表に向けられている。\n\n欧州株式市場：[.FJ]\n\n＜ユーロ圏債券＞ 利回りが数カ月ぶりの低水準に低下した。域内各国で発表された経済指標はまちまちの内容だったが、投資家は欧州中央銀行（ＥＣＢ）による金融緩和見通しをやや高めた。\n\n投資家はまた、３１日に予定されている米連邦公開市場委員会（ＦＯＭＣ）の結果や、イングランド銀行（英中央銀行、ＢＯＥ）および日銀の政策決定にも注目している。\n\nドイツの２年債利回りは一時、２．５５１％と２月上旬以来の低水準を記録した。終盤は４．５ベーシスポイント（ｂｐ）低下の２．５６％だった。\n\n独連邦統計庁が３０日発表した第２・四半期の国内総生産（ＧＤＰ）速報値は前期比（季節調整後）で０．１％減と、予想外のマイナス成長となった。一方、７月の消費者物価指数（ＣＰＩ）速報値は伸び率が拡大した。\n\n金融市場では、ＥＣＢの追加利下げ幅を約６０ｂｐとみている。前日は５５ｂｐだった。＜EURESTECBM3X4=ICAP\n\nユーロ圏の指標となる独１０年債利回りは２．５ｂｐ低下の２．３４％。一時、４月１２日以来の低水準となる２．３３２％を記録した。\n\nイタリアの10年債利回りは１ｂｐ低下して３．７０％。独伊１０年債利回り格差は１３５ｂｐとなった。\n\n独仏１０年債利回り格差は７０．７ｂｐだった。 \n\nユーロ圏金融・債券市場：[DE/BJ]\n\n ＜為替＞ 欧州終盤 アジア市場終盤 コード \n\n ユーロ／ドル 1.0806 1.0817 \n\n ドル／円 153.72 154.90 \n\n ユーロ／円 166.15 167.55 \n\n ＜株式指数＞ 終値 前日比 ％ 前営業日終値 コード \n\n ＳＴＯＸＸ欧州６００種 514.08 +2.29 +0.45 511.79 \n\n ＦＴＳＥユーロファースト３００種 2038.11 +8.71 +0.43 2029.40 \n\n ユーロＳＴＯＸＸ５０種 4841.00 +25.61 +0.53 4815.39 \n\n ＦＴＳＥ１００種 8274.41 -17.94 -0.22 8292.35 \n\n クセトラＤＡＸ 18411.18 +90.51 +0.49 18320.67 \n\n ＣＡＣ４０種 7474.94 +31.10 +0.42 7443.84 \n\n ＜金現物＞ 午後 コード \n\n 値決め 2390.25 \n\n ＜金利・債券＞ \n\n 米東部時間14時10分 \n\n ＊先物 清算値 前日比 前営業日終盤 コード \n\n ３カ月物ユーロ 96.43 +0.01 96.42 \n\n 独連邦債２年物 106.04 +0.07 105.97 \n\n 独連邦債５年物 117.36 +0.16 117.20 \n\n 独連邦債１０年物 133.38 +0.20 133.18 \n\n 独連邦債３０年物 133.46 +0.14 133.32 \n\n ＊現物利回り 現在値 前日比 前営業日終盤 コード \n\n 独連邦債２年物 2.546 -0.036 2.651 \n\n 独連邦債５年物 2.255 -0.030 2.303 \n\n 独連邦債１０年物 2.333 -0.018 2.334 \n\n 独連邦債３０年物 2.561 -0.002 2.570,[],[]
日銀が追加利上げ検討、0.25％程度への引き上げ議論へ＝関係筋（ロイター）,https://news.yahoo.co.jp/articles/da8f530db828c8a0c01c6099dd6b7fd9319aaa3a,https://newsatcl-pctr.c.yimg.jp/t/amd-img/20240731-00000007-reut-000-3-view.jpg?exp=10800,2024-07-31T01:57:11+09:00,2024-07-31T11:23:33+09:00,ロイター,reut,ロイター,581,\nＮＨＫや時事通信は、日銀が３１日に開く２日目の金融政策決定会合で追加利上げを検討し、短期金利を０．２５％程度に引き上げる案を議論すると報じた。写真は日銀本店。３月１８日、東京で撮影（２０２４年 ロイター /Kim Kyung-Hoon）\n［東京 ３１日 ロイター］ - 複数の関係筋によると、日銀が３１日に開く２日目の金融政策決定会合で追加利上げを検討し、短期金利を０．２５％程度に引き上げる案を議論する見通しだ。\n\n関係者２人によると、政策委員の多くが物価は見通しに沿って上昇しているという見方を示している。日銀が追加利上げを決めれば、３月にマイナス金利政策を解除し、政策金利を０─０．１％程度に引き上げて以来となる。\n\n利上げ検討についてはＮＨＫや時事通信、日本経済新聞が先に報じていた。時事通信は、物価高で個人消費が鈍る一方、賃上げや政府の定額減税などの効果で景気の腰折れは回避できると日銀は判断していると報じた。急速な円安で輸入インフレが再燃する恐れもあり、利上げが妥当との見方が広がっているとしている。\n\n日本経済新聞は、会合に参加する財務省と内閣府も議決延期請求権を行使せず容認する構えと伝えている。\n\nＮＨＫと時事は、実質賃金はマイナスが続いていることから委員の間で追加利上げに慎重な声もあり、会合で最終判断すると報じている。,['https://newsatcl-pctr.c.yimg.jp/t/amd-img/20240731-00000007-reut-000-3-view.jpg?pri=l&w=640&h=457&exp=10800'],['https://news.yahoo.co.jp/articles/da8f530db828c8a0c01c6099dd6b7fd9319aaa3a/images/000']
日鉄のＵＳスチール買収に反対、民主副大統領有力候補シャピロ氏（ロイター）,https://news.yahoo.co.jp/articles/84a1bec103292cdca1f1b199860d56453b825123,https://newsatcl-pctr.c.yimg.jp/t/amd-img/20240731-00000006-reut-000-1-view.jpg?exp=10800,2024-07-31T01:50:28+09:00,2024-07-31T01:50:28+09:00,ロイター,reut,ロイター,430,\n１１月の米大統領選に向け、民主党の副大統領有力候補であるシャピロ・ペンシルベニア州知事は３０日、日本製鉄によるＵＳスチール買収について、現在の形のままでは支持できないという認識を示した。全米鉄鋼労働組合（ＵＳＷ）が反発していることが背景。７月２９日撮影（２０２４年 ロイター／Rachel Wisniewski）\n［フィラデルフィア ３０日 ロイター］ - １１月の米大統領選に向け、民主党の副大統領有力候補であるシャピロ・ペンシルベニア州知事は３０日、日本製鉄によるＵＳスチール買収について、現在の形のままでは支持できないという認識を示した。全米鉄鋼労働組合（ＵＳＷ）が反発していることが背景。\n\nシャピロ氏は「州知事として州の立場から言えば、米国の鉄鋼労働者がこの買収に満足していないのであれば、私も満足できない」とし、「ペンシルベニア州でＵＳスチールの操業が継続し、拡大する未来が見えなければ、私は満足できず、深刻な懸念を抱いている」と述べた。,['https://newsatcl-pctr.c.yimg.jp/t/amd-img/20240731-00000006-reut-000-1-view.jpg?pri=l&w=640&h=426&exp=10800'],['https://news.yahoo.co.jp/articles/84a1bec103292cdca1f1b199860d56453b825123/images/000']
米ＣＢ消費者信頼感、7月は100.3に上昇　労働市場の認識は悪化（ロイター）,https://news.yahoo.co.jp/articles/21dfd8304a3e89c1626db3c1da0091ab59acc25d,https://newsatcl-pctr.c.yimg.jp/t/amd-img/20240731-00000005-reut-000-2-view.jpg?exp=10800,2024-07-31T01:50:18+09:00,2024-07-31T06:00:55+09:00,ロイター,reut,ロイター,658,\nコンファレンス・ボード（ＣＢ）が３０日に発表した７月の米消費者信頼感指数は１００．３と、前月の９７．８（前回発表の１００．４から下方改定）から上昇した。 （２０２４年 ロイター／Rachel Wisniewski）\n[ワシントン ３０日 ロイター] - コンファレンス・ボード（ＣＢ）が３０日に発表した７月の米消費者信頼感指数は１００．３と、前月の９７．８（前回発表の１００．４から下方改定）から上昇した。 \n\nエコノミスト予想の９９．７は上回ったものの、物価上昇を巡る懸念を反映し、過去２年間の狭い範囲内にとどまった。\n\nコンファレンス・ボードの主任エコノミスト、ダナ・ピーターソン氏は「消費者の労働市場に対する見方は比較的楽観的だが、物価や金利の高止まりに加え、将来の不確実性などが引き続き懸念要因になっている。こうしたことは来年まで改善しない公算が大きい」と述べた。\n\n１年先のインフレ期待は５．４％と安定的に推移。２０２２年に７．９％とピークを付けていた。\n\n消費者の労働市場に対する認識は悪化している。職を得るのが「難しい」と考える消費者の割合は１６．０％に増加した。これは２０２１年３月以来の高水準となる。６月は１５．７％だった。 \n\n仕事が「それほど豊富ではない」と考える人の割合も４９．９％に増加。こちらも２１年３月以来の高水準となった。６月は４８．８％だった。 \n\n職が「十分」と「就職困難」の回答から算出する労働市場格差に関する指数は１８．１。６月は１９．８だった。,['https://newsatcl-pctr.c.yimg.jp/t/amd-img/20240731-00000005-reut-000-2-view.jpg?pri=l&w=640&h=426&exp=10800'],['https://news.yahoo.co.jp/articles/21dfd8304a3e89c1626db3c1da0091ab59acc25d/images/000']
米Ｐ＆Ｇ、売上高が予想下回る　値上げ抑制も需要鈍化（ロイター）,https://news.yahoo.co.jp/articles/a07f29862e31c3c59e5689d2cea39e9b32e0b052,https://newsatcl-pctr.c.yimg.jp/t/amd-img/20240731-00000004-reut-000-1-view.jpg?exp=10800,2024-07-31T01:50:07+09:00,2024-07-31T01:50:07+09:00,ロイター,reut,ロイター,721,\n米日用品大手プロクター・アンド・ギャンブル（Ｐ＆Ｇ）が３０日発表した２０２３―２４年度第４・四半期決算（４―６月期）の純売上高は２０５億３０００万ドルと、ＬＳＥＧによる市場予想の２０７億４０００万ドルを下回った。（２０２４年 ロイター／Brendan McDermid）\n［３０日 ロイター］ - 米日用品大手プロクター・アンド・ギャンブル（Ｐ＆Ｇ）が３０日発表した２０２３―２４年度第４・四半期決算（４―６月期）の純売上高は２０５億３０００万ドルと、ＬＳＥＧによる市場予想の２０７億４０００万ドルを下回った。\n\n値上げ抑制にもかかわらず、トイレットペーパー「チャーミン」や紙おむつ「パンパース」の需要が世界的に鈍化したことが響いた。全体の販売数量は、ヘルスケア部門などが堅調で、前年同期から１％増加を確保した。平均価格も１％上昇したものの、前年同期の７％上昇からは鈍化した。\n\n低価格志向の顧客向けに、Ｐ＆Ｇは多額の資金を投じて日用品の新製品を投入。また、販促を強化し、割引も実施したことから一部の商品の価格が下がり、最大部門の「ファブリック＆ホームケア」部門の売上高に影響した。中国で日用品向けの支出が低迷していることも響いた。\n\n第４・四半期の調整後の１株当たり利益は１．４０ドル。主に商品コスト減が寄与し、予想の１．３７ドルを上回った。\n\nＰ＆Ｇは２４─２５年度に６０億─７０億ドルの自社株買いを計画していることも表明した。\n\n２４─２５年度の中核利益は１株当たり６．９１─７．０５ドルに上昇すると見込む。市場予想は６．９７ドル。通期売上高の伸びは２─４％と見込んでいる。市場予想は３．０４％増となっている。,['https://newsatcl-pctr.c.yimg.jp/t/amd-img/20240731-00000004-reut-000-1-view.jpg?pri=l&w=640&h=426&exp=10800'],['https://news.yahoo.co.jp/articles/a07f29862e31c3c59e5689d2cea39e9b32e0b052/images/000']
インタビュー：為替介入判断「国際合意の中で」、無秩序なら選択肢＝三村財務官（ロイター）,https://news.yahoo.co.jp/articles/2bac0ff38e449a6d0916c7dc3a6b4b51cc3d3c20,https://newsatcl-pctr.c.yimg.jp/t/amd-img/20240731-00000002-reut-000-2-view.jpg?exp=10800,2024-07-31T00:16:44+09:00,2024-07-31T00:45:09+09:00,ロイター,reut,ロイター,1298,\n三村淳財務官は３１日までにロイターのインタビューに応じ、為替介入の判断は「国際合意の枠組みの中でやっていく」と述べ、一方的で無秩序な動きへの選択肢として排除しない考えを示した。為替市場の動きは「絶え間なく注視している」と語った。写真は７月３０日、ロイターのインタビューに応じる三村淳財務官（２０２４年 ロイター／Issei Kato）\nTakaya Yamaguchi Makiko Yamazaki\n\n［東京 ３１日 ロイター］ - 三村淳財務官は３１日までにロイターのインタビューに応じ、為替介入の判断は「国際合意の枠組みの中でやっていく」と述べ、一方的で無秩序な動きへの選択肢として排除しない考えを示した。為替市場の動きは「絶え間なく注視している」と語った。\n\n三村氏は３１日付で財務官に就いた。急速に進んだ円安に、円買い介入で対抗した神田真人前財務官の後任として日本の通貨政策を指揮する。\n\n三村財務官は、過度な為替変動や無秩序な動きが「経済や金融の安定に悪影響を及ぼし得る」とする主要７カ国（Ｇ７）や２０カ国・地域（Ｇ２０）の合意に言及。「何年もの間、国際的に共有されている為替政策についての考え方」とし、「日本として、それに沿って行動していく」と述べた。\n\n為替の動向次第で「介入することも含めて許されているというのが国際的な理解。それ以上でもそれ以下でもなく、その枠組みの中でやっていく」と語った。「財務官が代わるから、政策が大きく変わるということではない」との認識も示した。\n\n長引くデフレなど「複合的な要因によってここ数年、実効為替レートが円安方向に向かっていること自体は明らか」としつつ、足元の為替水準や今後の見通しには明言を避けた。市場への影響に配慮し、「コメントしない」とした。\n\n市場との対話手法については「不必要な憶測や不透明感を与えるのは良くない。非常に大事」とした。一方で「何を、どのタイミングで伝えるのか、場合によって今は伝えない」などの選択肢があると説明。あえて何も発信せず、市場の疑心暗鬼を誘う戦略にも理解を示した。\n\n＜Ｇ２０存立に意義＞\n\n三村氏は１９８９年に大蔵省（当時）に入省し、フランス大使館書記官や主計官補佐を経て、２００４年から金融庁へ出向した。１５年に財務省に戻った後は副財務官などを歴任、２１年に国際局長に就いた。\n\n０８年のリーマン危機時には、９７年のアジア通貨危機を受けて設立された金融安定化フォーラム（ＦＳＦ）のメンバーをＧ２０に広げ、現在の金融安定理事会（ＦＳＢ）に改組。危機の連鎖回避に尽力した。\n\nロシアによるウクライナ侵略が長期化し、存立意義が問われるＧ２０の枠組みについて、三村氏は「一堂に会する場があること自体に意味がある」との見方を示した。\n\nまた、今後の経済安全保障政策について、財務省が投資審査などで得られる膨大なデータを「能動的、主体的に分析することで経済安全保障上のインテリジェンスに組織的に貢献する」との選択肢も示した。\n\n※写真を差し替えて再送しました。,['https://newsatcl-pctr.c.yimg.jp/t/amd-img/20240731-00000002-reut-000-2-view.jpg?pri=l&w=640&h=425&exp=10800'],['https://news.yahoo.co.jp/articles/2bac0ff38e449a6d0916c7dc3a6b4b51cc3d3c20/images/000']
ファイザー、通年見通し上方修正　がん・心臓病治療薬が好調（ロイター）,https://news.yahoo.co.jp/articles/8d1c48533820a76005e346f5d95a5ffa3ff8dd1f,https://newsatcl-pctr.c.yimg.jp/t/amd-img/20240731-00000001-reut-000-1-view.jpg?exp=10800,2024-07-31T00:05:09+09:00,2024-07-31T00:05:09+09:00,ロイター,reut,ロイター,570,\n米製薬大手ファイザーは３０日、通年の利益見通しを上方修正した。新型コロナウイルス感染症関連製品が苦戦する中、買収した米シージェンのがん治療薬のほか、心臓病治療薬などの売上高が伸びていることが追い風になっている。（２０２４年 ロイター／Yves Herman）\nBhanvi Satija Michael Erman\n\n[３０日 ロイター] - 米製薬大手ファイザーは３０日、通年の利益見通しを上方修正した。新型コロナウイルス感染症関連製品が苦戦する中、買収した米シージェンのがん治療薬のほか、心臓病治療薬などの売上高が伸びていることが追い風になっている。\n\nファイザーは通年の１株当たり利益は２．４５─２．６５ドルになると予想。従来見通しは２．１５─２．３５ドルだった。\n\n新型コロナ感染症治療薬「パクスロビド」の通年売上高見通しも５億ドル上方修正し、３５億ドルとした。\n\n第２・四半期の売上高は３％増の１３３億ドル。新型コロナ感染症関連製品の売上高が２０２２年終盤にピークを付けて以降、四半期ベースで初めての増収となった。\n\n新型コロナワクチン「コミナティ」の売上高は１億９５００万ドル。パクスロビドは２億５１００万ドル。アナリスト予想はコミルナティが１億７６００万ドル、パクスロビドが２億４７７０万ドルだった。,['https://newsatcl-pctr.c.yimg.jp/t/amd-img/20240731-00000001-reut-000-1-view.jpg?pri=l&w=640&h=427&exp=10800'],['https://news.yahoo.co.jp/articles/8d1c48533820a76005e346f5d95a5ffa3ff8dd1f/images/000']
米、対中関税引き上げ開始を少なくとも2週間延期（ロイター）,https://news.yahoo.co.jp/articles/ff3fb1615581ecc974d7ec0b5191c02428404491,https://newsatcl-pctr.c.yimg.jp/t/amd-img/20240731-00000003-reut-000-1-view.jpg?exp=10800,2024-07-31T00:36:17+09:00,2024-07-31T00:36:17+09:00,ロイター,reut,ロイター,436,\n米国通商代表部（ＵＳＴＲ）は３０日、電気自動車（ＥＶ）や半導体、医療製品など中国からの輸入品に対する大幅な関税引き上げについて、一部の開始を少なくとも２週間延期すると発表した。（２０２４年 ロイター／Tingshu Wang）\n［ワシントン ３０日 ロイター］ - 米国通商代表部（ＵＳＴＲ）は３０日、電気自動車（ＥＶ）や半導体、医療製品など中国からの輸入品に対する大幅な関税引き上げについて、一部の開始を少なくとも２週間延期すると発表した。\n\nＵＳＴＲは５月、対中関税引き上げの一部が３０日間の意見公募期間を経て、８月１日に発効すると発表していた。しかし、現在１０００件を超える意見の審査が続いており、８月中に最終決定を出した上で、その約２週間後に発効する見通しという。\n\nバイデン大統領は５月、中国からの輸入品に対する関税を大幅に引き上げると発表。ＥＶの関税は２５％から１００％に、２０２５─２６年には半導体の関税を２倍の５０％にそれぞれ引き上げる考え。,['https://newsatcl-pctr.c.yimg.jp/t/amd-img/20240731-00000003-reut-000-1-view.jpg?pri=l&w=640&h=426&exp=10800'],['https://news.yahoo.co.jp/articles/ff3fb1615581ecc974d7ec0b5191c02428404491/images/000']
米求人件数、6月は818.4万件に微減　自発的な離職も減少（ロイター）,https://news.yahoo.co.jp/articles/bf55e7f3501235352a3641c8f64733a52235c14d,https://newsatcl-pctr.c.yimg.jp/t/amd-img/20240731-00000000-reut-000-3-view.jpg?exp=10800,2024-07-31T00:04:47+09:00,2024-07-31T05:06:27+09:00,ロイター,reut,ロイター,1206,\n米労働省が３０日発表した６月の雇用動態調査（ＪＯＬＴＳ）は、求人件数が４万６０００件減の８１８万４０００件となった。減少幅がわずかだったことに加え、前月分が上方改定されたことで、労働市場が引き続き堅調に推移していることが示された。（２０２４年 ロイター／Brian Snyder）\n[ワシントン ３０日 ロイター] - 米労働省が３０日発表した６月の雇用動態調査（ＪＯＬＴＳ）は、求人件数が４万６０００件減の８１８万４０００件となった。減少幅がわずかだったことに加え、前月分が上方改定されたことで、労働市場が引き続き堅調に推移していることが示された。\n\nエコノミスト予想は８００万件だった。５月の求人件数は８２３万件と、８１４万件から上方改定された。\n\n６月の失業者１人当たりの求人件数は０．９件と、前月の１．１件から減少。ただ、求人率は４．９％と、前月から横ばいだった。\n\n業種別では、宿泊・飲食サービスが１２万件、州・地方政府（教育を除く）が９万４０００件、それぞれ増加。一方、耐久財製造は８万８０００件減少。連邦政府は６万２０００件減少した。 \n\nバークレイズのエコノミスト、ジョナサン・ミラー氏は「労働需要は安定化しつつあり、労働市場で需給がうまく均衡していることが示された」と指摘。\n\nオックスフォード・エコノミクスの米国担当リードエコノミスト、ナンシー・バンデン・ハウテン氏は「労働市場はここ数カ月冷え込んでいるが、弱体化しているわけではない。それは連邦準備理事会（ＦＲＢ）が警戒したいシナリオであるため、９月に利下げに着手する」との見方を示した。\n\n＜採用急減、自発的な離職も減少＞\n\n採用件数は３１万４０００件減の５３４万１０００件。減少幅は１年４カ月ぶりの大きさとなった。採用率は３．４％と、前月の３．６％から低下し、２０２０年４月以来の低水準を付けた。 \n\n業種別では、専門・ビジネスサービスが１１万５０００件減、宿泊・飲食サービスが１１万１０００件減。建設は４万１０００件減少した。\n\n企業規模別では、採用が増加したのは従業員１０人未満の企業のみだった。 \n\nレイオフ・解雇件数は１８万件減の１４９万８０００件。２２年１１月以来の低水準となった。レイオフ・解雇率は０．９％と、前月の１．１％から低下。労働市場の減速は、解雇ではなく採用減で引き起こされている可能性があることが示唆されている。 \n\n業種別では、小売業が２万５０００人増加。ただ、小売業以外のほぼ全ての業種で減少した。\n\n自発的な離職件数は１２万１０００件減の３２８万２０００件。建設業で６万４０００件減少した。\n\n労働市場に対する信頼感の目安となる自発的な離職率は２．１％と横ばい。離職率が安定していることは、賃金インフレと全体的な物価上昇圧力にとって良い兆候となる。,['https://newsatcl-pctr.c.yimg.jp/t/amd-img/20240731-00000000-reut-000-3-view.jpg?pri=l&w=640&h=426&exp=10800'],['https://news.yahoo.co.jp/articles/bf55e7f3501235352a3641c8f64733a52235c14d/images/000']
