headline,mainEntityOfPage,image,datePublished,dateModified,author,media_en,media_jp,str_count,body,images,external_links
"賞味期限3分の""炎を放つ""プリン、まぐろの切り身をトッピングしたソフトクリーム、日本有数の港町「焼津」には個性的なスイーツがそろっていた!（おとなの週末）",https://news.yahoo.co.jp/articles/d8206f0f1f48c8d48db56b06bab8a18a4a5edd89,https://newsatcl-pctr.c.yimg.jp/t/amd-img/20250411-01458319-matomeshi-000-1-view.jpg?exp=10800,2025-04-11T18:00:00+09:00,2025-04-11T18:00:00+09:00,おとなの週末,matomeshi,おとなの週末,2329,"華麗に燃え上がる「炎の焼きプリン」
焼津港・小川港・大井川港と3つの港から魚が水揚げされ、まぐろの水揚げ量では全国トップクラスを誇るのが静岡県・焼津市(やいづし)だ。そんな日本有数の港町の観光スポットといえば、『焼津さかなセンター』。新鮮な海の幸を使った海鮮丼や人気の静岡茶のほか、炎を放つ焼きプリンや幻のまぐろソフトなど、ユニークなご当地スイーツも続々と登場している。焼津の注目グルメを味わう、日帰り食べ歩きの旅にいざ！
【画像】えっ？「まぐろ」の切り身がけっこうのった“幻のソフトクリーム”
海の幸の宝庫！50軒以上の店舗が立ち並ぶ焼津が誇る「さかなの国」
「見て！買って！食べ尽くす!!」をテーマに、特販店やお食事処が約50店舗も楽しめる観光スポット『焼津さかなセンター』。同施設は、2025年に記念すべき40周年を迎える。
本物の魚市場の活気あふれる雰囲気を満喫
施設に一歩足を踏み入れると、地元漁師直送の珍しい魚がずらりと市場に並び、店主たちの威勢のよい掛け声がつぎつぎと飛び交う。本物の魚市場の臨場感を体現したここでは、例え、はじめて訪れたとしても、地元の人々との交流が楽しめる、温かみのあるスポットなのだ。
「炎の焼きプリン」 が衝撃！個性派ご当地スイーツが味わえるスポット
そんな『焼津さかなセンター』で最近とりわけ話題になっているのが、独自のご当地スイーツを発信する『焼津プリン商店』だ。

名物は、ゲストの目の前で臨場感たっぷりに焼き上げる「炎の焼きプリン」(580円)。焼きプリンの上にメレンゲと砕いたサブレを乗せた、究極のスイーツだ。賞味期限はなんと、3分。「焼津の新しい名物を生みだしたい」という想いが、同店をオープンするきっかけとなったそうだ。
揺らめく炎に魅了される、ショータイムのようなひととき
店内にはイートインスペースのほか、黒い遮光カーテンで仕切られたフォトスポットが設置されている。木製の板の上に焼きプリンを置くと、スタッフが目の前でアルコールに火をつける「フランベ」をしてくれるのがうれしい。まるでショータイムのような、ドラマティックなひとときが楽しめるのだ。

炎が消えた後プリンを一口食べてみると、はっとするようななめらかな食感が口の中いっぱいに広がった。パリっと香ばしく焼き上げた表面のメレンゲや、ザクザクとしたサブレとのコントラストも心地いい。
溢れるまぐろの切り身に驚く「幻のまぐろソフト」
だが、注目すべきはプリンだけではない。2023年に発売スタートした「幻のまぐろソフト」(580円)は、まぐろの切り身をイメージしたジェラートと、わさびを表現した静岡抹茶のメレンゲがインパクト大のスイーツだ。牛乳とラズベリーソースのジェラートを組み合わせることで、リアルなまぐろの霜降りを表現している。

シャリッとした甘酸っぱいジェラートは、やさしい味わいのソフトクリームと相性抜群。静岡抹茶のほのかな渋みも、程よいアクセントになっている。唯一無二のまぐろの水揚げ量を誇る焼津を表現したスイーツは、一度はトライしてみる価値あり！
ランチに食べておきたい、『スマル水産』の「生しらす生桜えび丼」
昼は創業53年の魚屋『スマル水産』が手掛ける食堂『焼津ごきげん食堂 スマル家』へ。この日は「生しらす生桜えび丼」(1760円)をオーダー。桜えびは駿河湾以外にも生息しているが、漁業許可を受けているのは日本では静岡のみだ。

春漁が行われる 3 月中旬〜6 月初旬、秋漁が行われる10 月下旬〜12 月下旬は、水揚げされたばかりの生桜えびが提供される。つやつや透き通った生しらすはぷりっとした食感が魅力。ほどよい甘みを感じるスマル屋特選だし醤油をかけて楽しもう。
日本屈指のお茶の産地「牧之原台地」、深蒸し茶を満喫
温暖な気候と長い日照時間で、日本屈指のお茶の産地として知られる静岡・牧之原台地。同施設では、そんなエリアで深蒸し茶やほうじ茶、くき茶などを栽培し続ける『まるとう農園』のお茶も試飲できる。

『まるとう農園』深蒸し茶は、一般的な深蒸し茶より長く蒸すところが特徴的で、まろやかな風味が味わえる点が魅力だ。

そして、なによりグッときたのが、焼津さかなセンター限定の「農家が飲んでいるいつものできたてほうじ茶」(648円)。一度焙煎したほうじ茶を、この場でもう一度強火焙煎することで、より香ばしく、奥深い味わいに仕上げている。あまりにもおいしかったので、この日はお土産用に購入！焙煎したての香り高さはもとより、自宅に帰ってからも思わず毎日リピートしてしまうほどのおいしさであった。
40周年を迎える""新旧""入り混じった観光スポットへ！
1985(昭和60)年10月に誕生した『焼津さかなセンター』は、「買う」「食べる」「学ぶ」を一か所で体験できる、当時としては画期的な観光スポットだった。

日本一の「まぐろ水揚げ都市」を押し出し、古き良き行商の精神を現代に蘇らせる姿勢や、魚と気風の良さだけで勝負する潔さは、今もなお着々と受け継がれているようだ。週末は新しさとノスタルジックな空気を同時に感じられる焼津のグルメスポットに、ぜひ足を運んでみてほしい。

写真・文/中村友美
フード＆トラベルライター。東京都生まれ。美術大学を卒業後、出版社で編集者・ディレクターを経験し、現在に至る。15歳からカフェ・喫茶店巡りを始め、食の魅力に取り憑かれて以来、飲食にまつわる人々のストーリーに関心あり。古きよき喫茶店や居酒屋からミシュラン星付きレストランまで幅広く足を運ぶ。休日は毎週末サウナと温泉で1週間の疲れを癒している。",[],[]
うどん生まれの「丸亀うどーなつ」、いちごみるく味が新登場! 新作全3種は何が魅力なのか（おとなの週末）,https://news.yahoo.co.jp/articles/c7fad258179498c2e70e39f009976d4bda7fc56c,https://newsatcl-pctr.c.yimg.jp/t/amd-img/20250411-01460615-matomeshi-000-1-view.jpg?exp=10800,2025-04-11T16:00:00+09:00,2025-04-11T16:00:00+09:00,おとなの週末,matomeshi,おとなの週末,2075,"うどん生まれの「丸亀うどーなつ」から今度は初めてのディップ　きゅんと甘酸っぱい「いちごみるく味」
讃岐うどん専門店『丸亀製麺』が提供する「丸亀うどーなつ」に、新しい味が3種類登場する。2025年4月15日に発売されるのは、「いちごみるく味」「きなこ味」「みたらし味」。何が魅力なのか。
【画像】丸亀うどーなつ、春のラインナップ全4種
初めてのディップソース、きゅんと甘酸っぱい
「丸亀うどーなつ」は、原材料にうどんを30％以上使った新感覚のスイーツ。丸亀製麺のうどんの特長である""もちもち""の食感などが支持され、2024年6月25日の販売開始以降、累計販売数が1300万食を超える大ヒットとなっている。

今回新登場する3種のうち、まず注目したいのは、「いちごみるく味」だ。

「これまでの『丸亀うどーなつ』は、季節ごとに変化するさまざまな味わいのパウダーで味の変化をつけておりましたが、この春登場する『丸亀うどーなつ いちごみるく味』では、パウダーに加えて初めてディップソースが登場します」(同社)

どんな味わいなのか。

「もっちもちのうどーなつにいちごみるく味パウダーをまとわせて、さらにいちごの果肉入りのディップソースをつけると、いちごみるくの味わいが濃くなり、甘酸っぱさが口いっぱいに広がります。まずはパウダーだけで楽しんで、さらにディップソースを付けて濃厚な味わいをお楽しみいただけます」(同社)

つまり、1袋(5個入り)で、""味変""させて、2度楽しめる。食べ方のバリエーションが広がるのがうれしい。
相性抜群、やみつきの味！
他の2種は、どうか。

「きなこ味」は、「香ばしいきなこがうどーなつのほんのり香る白だしとも相性抜群」(同社)で、「みたらし味」は「もっちもち食感のうどーなつに甘じょっぱいみたらし味がやみつき」(同社)。

大好評「きび糖味」と合わせて、この春のラインナップ計4種を味わいたい。
春のラインナップ全4種
※商品説明は、ニュースリリースより

■「丸亀うどーなつ いちごみるく味」

甘酸っぱさとミルキーな甘さがベストバランスないちごみるく味パウダーに、いちごの果肉入りのいちごみるくディップソース。きゅんと甘酸っぱい味わいは春の気分にぴったりです。
※350円(税込)5個入り
※ディップソースは要冷蔵です。お早めにお召し上がりください。

■「丸亀うどーなつ きなこ味」

もっちもちのうどーなつに合わせて、きなこときび糖を黄金比でブレンド！程よい甘さと、ふんわり香ばしいきなこで間違いないおいしさです。

■「丸亀うどーなつ みたらし味」

だんごでおなじみのみたらしがうどーなつに！もっちもちの食感に甘じょっぱさがクセになります。

■「丸亀うどーなつ きび糖味」

さとうきびのまろやかな甘さが、口に入れた瞬間に心がほどけるような素朴な味わいです。もっちもちの食感とやさしい甘さでほっと一息つきたいときにおすすめ。

「丸亀うどーなつ きなこ味」「丸亀うどーなつ みたらし味」「丸亀うどーなつ きび糖味」 各300円(税込)5個入り

※販売店舗は全国の丸亀製麺
※一部店舗では販売していない
※手づくりのため1日の製造数に限りがあり、一時的な欠品や売り切れの場合がある

※新作3種は、無くなり次第終了
※税込価格は、店内飲食でもお持ち帰りでも同一価格
4月12日と13日、「丸亀うどーなついちごみるく味きゅんもちサンプリング」を開催
発売前に一足早く新作「丸亀うどーなつ いちごみるく味」を楽しめる。「丸亀うどーなつ いちごみるく味」の発売を記念し、2025年4月12日(土)13日(日)の2日間限定で『丸亀うどーなつ いちごみるく味』の先行無料サンプリングを実施する。

「丸亀うどーなつ いちごみるく味」のスペシャルフォトスポットも用意。来場者全員に、かわいい「丸亀うどーなつ」キャラクターのオリジナルノベルティのプレゼントもある。

日 時:2025年4月12日(土)13日(日)11時〜19時
場 所:「MIYASHITA PARK 吹き抜け広場」
住 所:東京都渋谷区神宮前6-20-10
商 品:『丸亀うどーなつ いちごみるく味』3個入り
※なくなり次第終了
※無料で誰でも来場できる
※配布状況により時間が変更となる場合がある
※予告なく中止となる場合がある
※1人につき、1袋限定
※ディップソースは要冷蔵
※アンバサダーの2人はイベントには参加しない

■オリジナルグッズが当たる抽選会も開催！

【参加概要】
丸亀製麺公式アカウント(X:@UdonMarugame/Instagram:marugame_/TikTok:udonmarugame)をフォローした上で、会場内で自身で撮影した写真または動画に、「
＃丸亀うどーなついちごみるく味先行体験
」をつけてSNSで投稿した方の中から、「丸亀うどーなつ」オリジナルグッズをプレゼント。
※1人につき、1日1回のみ参加できる",[],[]
4月13日開幕!大阪・関西万博最大規模のパビリオン「未来の都市」プレスレビューで体感した楽しみ方のポイント（おとなの週末）,https://news.yahoo.co.jp/articles/bfa0df9db82ce2a523ebcf9fcced055df0ae4038,https://newsatcl-pctr.c.yimg.jp/t/amd-img/20250411-01459770-matomeshi-000-1-view.jpg?exp=10800,2025-04-11T12:00:00+09:00,2025-04-11T12:00:00+09:00,おとなの週末,matomeshi,おとなの週末,3002,"4月13日開幕！大阪・関西万博最大規模のパビリオン「未来の都市」プレスレビューで体感した楽しみ方のポイント
2005年に開催された「愛・地球博」に続き、20年ぶりに日本で開催される国際博覧会「EXPO 2025 大阪・関西万博」。開幕が近づき、内覧会などが開催されるようになってきました。今回、万博最大規模のパビリオン「未来の都市」の内覧会が開催されたので参加。館内と共に楽しみ方を紹介したいと思います。
【画像】大阪・関西万博最大規模のパビリオンの中を公開！
協会と12の企業や組織が未来を提案！
「いのち輝く未来社会のデザイン」をテーマに、4月13日〜10月13日(月)の184日間、大阪・夢洲で開催される「EXPO 2025 大阪・関西万博」。

今回、プレスレビューに参加した「未来の都市」は、協会と協賛する12者(社)が、万博のコンセプトである「未来社会の実験場」を体現する施設のひとつ。

協賛者がイメージする「未来の都市」を来館者に体験を中心としたプログラムで提案しています。全長約150m×幅約33mと会場内のパビリオンでも最大級。

パビリオンの外壁ですが、折り紙のような山と谷が連続する形状が特徴で、軽量化と工期短縮のために小さな凹凸がある縞模様の膜構造となっています。この外壁を作ったのは、東京ドームの屋根を作ったことで知られる大阪市の太陽工業株式会社。
3つのブロックに構成される館内！
館内はHall A、B、Cの3つにブロック分けされています。
巨大スクリーンに人類の生活の歴史を映し出す！
Hall Aには、高さ約5m、長さ約92m、3層紗膜スクリーンを2面配置。

画面を湾曲させることで、映像の真ん中を歩いて進みながら、人類が誕生してから、社会が形成され、成熟していく様子が楽しめます。
これからの生活スタイルを立体的にみせる！
「未来との対話」をキーワードにしたHall Bには、歩くと突然3D空間が見える不思議な体験となる「Mirai Clip」が4つ。

それぞれのキューブにストーリーが用意され、2035年の生活を観ることができます。

120人が一度に入場できるシアターでは、スマートデバイスを活用してスクリーンに映った2035年の未来に住む子どもからの問いかけに、観客が解決策を選択。未来の都市を創っていくインタラクティブな体験ができます。
出展者が得意な分野で未来の世界を提案し、体験できる！
Hall Cでは、産業・技術の視点から都市生活を「交通・モビリティ」、「環境・エネルギー」、「ものづくり・まちづくり」、「食と農」の4つにカテゴライズ。協賛者が得意のジャンルで、未来の姿やそこで活躍する機器を展示し、また、さまざまな体験も用意されています。

たくさんあるので、そのなかでも注目の展示＆体験をピックアップ。

★交通・モビリティ

川崎重工業株式会社は、より自由な移動を実現する未来のパーソナルモビリティ空間を展示。車、電車、飛行機などで人が移動して乗り降りするのではなく、ユニット化されたキャビンごと乗り換えるという発想の未来の公共交通システム「ALICE SYSTEM」が展示されています。

快適な座り心地や実際に動くロボットアームなど、乗り込んで体験することができます。

株式会社商船三井は、自然エネルギーの""風""を捉えてグリーン水素を製造、貯蔵、運搬する未来のゼロエミッション船「ウインドハンター」の大型模型(高さ約4m・高さ約3m)を展示。

うちわで風を起こすと、シミュレーション航海を開始。帆が回転し拡縮するだけでなく、風量によってスクリーンの映像が変化するなど、模型と映像が連動したゲーム感覚の展示体験になっています。

★環境・エネルギー

株式会社IHIは、外壁自体がスクリーンになっている立方体形の展示。中に入ると「不思議な空飛ぶキューブ」に乗って、海の中から宇宙、そしてミクロの世界を駆け抜ける映像が体験できます。

三方をスクリーンに囲まれたキューブの内部の映像は迫力があり、想像以上の没入感が魅力です。

★ものづくり・まちづくり

「""未来の豊かさ""を創造する力」がテーマの株式会社神戸製鋼所の展示は、つい見入ってしまう複数の展示で目を引きます。特に目立つのが、ほぼ360度で映像を出力する球体モニター。

未来の都市生活など、KOBELCOの製品が活躍する街をイメージした俯瞰映像など、ずっと見ていても飽きない魅力があります。

精巧な機械仕掛けと映像を組み合わせて表現した斬新なボールコースターもついつい凝視。

下にいる人の動きをセンサーで読み取って光が飛散するような画像が変化する壁面も意外な楽しさがあって好評でした。

水陸両用ブルドーザーから進化した水中施工ロボットのコンセプトモデルを展示しているのは青木あすなろ建設株式会社と株式会社小松製作所。防災や自然再生などで活躍が期待される、未来の水中工事の世界を迫力のある巨大映像と共に伝えます。

★食と農

Hall Cでも最大のスペースとなっているのが「未来につづく、地球と人にやさしいプラネタリーコンシャスな""食と農業""へ」がコンセプトの株式会社クボタ。全幅20m超の天幕スクリーンと横に長い巨大LEDモニターが大きな特徴です。

ドラマ『下町ロケット』の無人トラクターのシーンに協力したクボタが、こちらの展示でさらなる進化を見せてくれます。

こちらに展示されているのが、農業や様々なフィールドにおいて求められる各種作業を完全無人で実現する未来のプラットフォームロボット。その作業中のイメージシーンも背景にある横長なモニターに写し出しています。

上の写真は、4本の脚を柔軟に曲げ伸ばしすることで、果樹園などの傾斜地や凹凸のある地形でも機体を水平に保ちながらの移動が可能な「Type:S」。

大型で、農作物の間隔や生育状況、作業内容に応じて車体の高さや幅などをトランスフォーム(変形)することができ、田植えなどの現場での活躍が期待できる「Type:V」。

展示エリアの中央では、「食と農業」をテーマにしたシミュレーションゲームがスタンバイ。一度に9人がプレイでき、野菜や果実など、それぞれが育てたいものから選択していき、さまざまな判断をすることで、未来の農家を疑似体験できます。

ホール同士をつなぐ、コリドールのベンチにCO2を吸収するコンクリートを使うなど、未来社会を想像させてくれるパビリオンになっていました。

各ブースのスタッフ解説などを聞きながら、観たり、体験するたびに「へぇ〜」「はぁ〜」「すごいですね〜」を連発。車好きが東京モーターショーで人気メーカーのコンセプトカーを見たような感じでした。すべてがすぐに実現するものではないのですが、2035年にこんな未来が来ればいいなと思わせてくれる展示が楽しめます。

■「EXPO 2025 大阪・関西万博」
[開催期間]2025年4月13日(日)〜10月13日(月)の184日間
[開場時間]9時〜22時
[開催場所]大阪・夢洲(ゆめしま)
[交通]Osaka Metro中央線夢洲駅すぐ
[公式サイト]https://www.expo2025.or.jp/

写真・文/高田 強",[],[]
御茶ノ水で見つけたいなり寿司専門店 たっぷりのダシで煮含めたお揚げが旨すぎる（おとなの週末）,https://news.yahoo.co.jp/articles/291027a83a8045848091ea70b5cb7c80edc6ddf6,https://newsatcl-pctr.c.yimg.jp/t/amd-img/20250411-01431870-matomeshi-000-1-view.jpg?exp=10800,2025-04-11T11:00:00+09:00,2025-04-11T11:00:00+09:00,おとなの週末,matomeshi,おとなの週末,822,"『銀座白金（プラチナ）や』焼きいなり（六歌仙姿彩）　1700円（8個入り）　紅生姜、五目、紫蘇など6種の味が入った「六歌仙姿彩」。各24個入りもある。験を担いで全て個数は、末広がりの8の倍数。縁起物としても好評だ
全店実食調査！『おとなの週末』が自信を持っておすすめするお店をご紹介します。今回は、東京・お茶の水のいなり寿司店『いなり寿司みやび門前店』です。
【画像】よく見ると色が違う！「餅いなり」と「いなり」では煮含める時間が異なる
おいしいお揚げを丁寧に煮含め、ふっくらバランスよし
神田明神の大きな鳥居をくぐってすぐの参道脇に、「江戸の味、粋なお弁当」で知られる『みやび本店』からいなり専門店として2021年にオープン。

うっすら綺麗なきつね色のお揚げは、明治2年創業以来、いなり揚げ専門の卸売を続ける「相模屋」のもの。

 餅いなり1000円(4個入り)、いなり寿司700円(5個入り) 

そのお揚げをたっぷりのおダシで煮含め、やや硬めに炊くというシャリを包んだそれは、とてもいい塩梅のバランス。

中につきたての柔らかなお餅を包んだ「餅いなり」もたまらない。餅に負けないようにタレも少し甘めだ。
お茶の水『いなり寿司みやび門前店』
[住所]東京都千代田区外神田2-18-13
[電話]03-4363-3898
[営業時間]11時半〜17時
[休日]年末年始
[交通]JR中央線ほか御茶ノ水駅聖橋口から徒歩5分、地下鉄銀座線末広町駅3番出口から徒歩5分

※画像ギャラリーページでは、餅いなりやいなりなどの人気メニューをご覧いただけます。

 ■おとなの週末2025年4月号は「おいしい空港」

撮影/鵜澤昭彦、文/池田一郎

『おとなの週末』2024年11月号より(本内容は発売時点の情報です)

…つづく「厳選！いなり寿司 東京 4選！いなり寿司、ニューウェイブも！」では、最近のいなり寿司専門店のニューウェイブを紹介します。",[],[]
黒板のメニューにワクワクする! 東京・神楽坂で見つけたパスタの気になるお店（おとなの週末）,https://news.yahoo.co.jp/articles/dc657978df2d0bc984642136e70c3c9da826df9f,https://newsatcl-pctr.c.yimg.jp/t/amd-img/20250411-01429942-matomeshi-000-1-view.jpg?exp=10800,2025-04-11T08:00:00+09:00,2025-04-11T08:00:00+09:00,おとなの週末,matomeshi,おとなの週末,940,"『BERETTA（ベレッタ）』チェリートマトとバジリコのスパゲッティーニ　1500円　定番パスタ。トマトは、千葉県の川村さんが作るものをはじめ、厳選したものを使用
全店実食調査！『おとなの週末』が自信を持っておすすめするお店をご紹介します。今回は、東京・神楽坂のパスタ店『BERETTA(ベレッタ)』です。
【画像】イカスミのリゾットは、見た目のインパクト大！
素材の持ち味を生かす多彩なパスタを召し上がれ！
黒板のメニューを見ているだけでワクワクしてくる。特にパスタ。例えば「チェリートマトとバジリコのスパゲッティーニ」は、トマトの甘み、旨み、かすかな酸味を余すところなく引き出した逸品。

チェリートマトとバジリコのスパゲッティーニ1500円

シンプルなだけに味のバランスが難しいが、素材の持ち味を生かすことに定評のある川田シェフならではの仕上がりに大満足！

「イカスミとイタリア熟成米のリゾット」は、1年間熟成させた米が鶏のブロード(ダシ)をしっかり吸い込み、旨みたっぷり。イカスミのコクも相まって、抜群のおいしさである。

これに、ラビオリなどのパスタをもう1品か、トリュフがけの香り高いスクランブルエッグなどの前菜を組み合わせれば、心もお腹もいっぱいに。メインは次回のお楽しみ。そんな楽しみ方も、また一興である。

オーナーシェフ:川田恭大さん「〆にパスタだけなど、自由にご利用ください」
神楽坂『BERETTA(ベレッタ)』
[住所]東京都新宿区納戸町12第3長森ビル1階
[電話]03-5579-2729
[営業時間]12時〜14時(前日までの完全予約制)、17時半〜23時(料理22時LO、22時からはワインバーとして営業)
[休日]日、第2・4月
[交通]都営大江戸線牛込神楽坂駅A1出口から徒歩4分

※画像ギャラリーページでは、リゾットやラビオリなど絶品メニューがご覧になれます。

 ■おとなの週末2025年4月号は「おいしい空港」

撮影/浅沼ノア、取材/松田有美
※2024年11月号発売時点の情報です。


…つづく「""ワインの角打ち""が人気気軽に「飲めて買える」オススメ6軒」では、覆面調査隊が""飲めて買える""個性派店を実食レポートしています。",[],[]
【追悼】畠山重篤さん「海と森」を愛した「カキじいさん」国連授賞式で拍手喝采を浴びた「感動のスピーチ」…美智子さまがご縁をつないだ（おとなの週末）,https://news.yahoo.co.jp/articles/b4a5cbf1e5fab25612a7249a3f399fba1a622e5a,https://newsatcl-pctr.c.yimg.jp/t/amd-img/20250411-01434406-matomeshi-000-1-view.jpg?exp=10800,2025-04-11T06:01:00+09:00,2025-04-11T06:01:00+09:00,おとなの週末,matomeshi,おとなの週末,4516,"おとなの週末Web
4月3日、「森は海の恋人」のスローガンで植樹活動に取り組まれた、三陸の気仙沼湾のカキ養殖業・畠山重篤さんが逝去されました。2011年の東日本大震災で養殖施設を失った後は養殖業を立て直し、精力的にさまざまな活動に取り組んで、ついには国連森林フォーラムが創設した「フォレストヒーローズ(森の英雄たち)賞」を受賞。本稿での連載『カキじいさん、世界へ行く！』は、生前に出版された最後の著書となりました。多くの人々の心にあたたかな思い出を残した畠山さんを偲び、追悼記事をお送りします。
【写真】オイスターバーで生ガキを頬張る故・畠山重篤さん
**

春カキが旨い季節だ。夏の産卵期を控え、たっぷりと太った甘く旨みの濃いカキである。ジューシーなカキフライ、セリがたっぷり入ったカキ鍋、炊きたてのカキご飯。茹でたカキに甘味噌をつけて焼くカキ田楽もオツだ。カキ漁師は、海で採れたてのカキの殻からナイフで身をいて、海で洗ってそのまま生で食べるのが好みだという。レモンをちょいと絞ればなおさらよい。うーん、旨い！

そんなカキ漁師の旅の本が出版された。『カキじいさん、世界へ行く！』には、畠山重篤さんの海外遍歴が記されている。「カキをもっと知りたい！」と願う畠山さんは不思議な縁に引き寄せられるように海外へ出かけていく。フランス、スペイン、アメリカ、中国、オーストラリア、ロシア……。世界中の国々がこんなにもカキに見せられていることに驚く。そして、それぞれの国のカキの食べ方も垂涎だ。これからあなたをカキの世界へ誘おう。

に引き続き、海の仕事人である畠山さんが『フォレスト・ヒーローズ(森の英雄たち)賞』に選ばれて、大都市ニューヨークの授賞式に出かける旅。どんな胸躍る出会いがあるのだろうか。
美智子さまが「森は海の恋人運動」を世界に伝える
わたしの乗った飛行機が、ジョン・F・ケネディ国際空港に着陸しました。国連職員の方が出迎えてくれ、国連本部へ下見に行きました。イースト川に面して、おなじみのビルが建っていました。表彰式場を見たあと、国連森林フォーラム事務局長のジャン・マッカールパイン女史を訪ねました。仕事で横浜に住んでいたことがあるという、親日的な方でした。

東日本大震災で母の小雪を亡くしたことが伝わっていて、お悔やみの言葉をいただきました。

手土産にと、2005年(平成17年)に出版した本『カキじいさんとしげぼう』(講談社)の英語版を手わたしました。じつは、林野庁からアジア代表に選ばれたと知らせを受けた時点で、英語版の制作を決意し、わが水山養殖場に出版部を立ちあげました(といっても、机が1つあるだけの出版部で、耕が家業の合間にとりしきります)。

出版部の名前は「カキの森書房」です。

英訳のきっかけは2009年(平成21年)にさかのぼります。天皇陛下(今の上皇陛下)と美智子さまがカナダ国及びアメリカ合衆国に公式訪問されました。そして、カナダのノバスコシア州シドニー市の海洋科学研究所を見学されたのです。

その折、研究所の所長から、

「カナダでは森・川・海のかかわりの研究を開始しました」

と説明を受けられたそうです。そのとき美智子さまが、

「日本では気仙沼のカキ漁師たちが、もう20年も前から、海に注ぐ川の上流の山に植林をしています」

とお話しされたところ、

「その活動の英語の資料はありませんか」

と問われたというのです。

宮内庁から問い合わせがあったので、「森は海の恋人運動」の心を伝える資料として、『カキじいさんとしげぼう』を急きょ英訳し、簡易な冊子にしてお送りした経緯がありました。国連大使が、そのときの駐カナダ大使だったこともあり、話が弾みました。
国連本部での受賞スピーチ
2月9日、表彰式です。いならぶ各国関係者を前に、ブラジル(中南米)、ロシア(ヨーロッパ)、カメルーン(アフリカ)、アメリカ合衆国(北アメリカ)代表に続き、アジア代表のわたしが金メダルを首にかけてもらいました。

わたしを除くヒーロー諸君は、巨大開発・環境破壊者と対決し、うち勝ったような人々でした。グリーンピース(環境問題に取り組む民間の国際協力組織)に属する方々がいたことにも、驚きました。力強いスピーチに圧倒されそうでした。

私の番が来ました。

「敬愛する国連森林フォーラムのマッカールパイン事務局長、審査員のみなさま方、フォレスト・ヒーローズの仲間たち、本日お越しのみなさまにごあいさつ申し上げます。

わたしたち北日本の太平洋側は、昨年歴史的な津波にあってしまいました。2万人の方が亡くなりました。その中の1人にわたしの母もおりました。世界じゅうの方々からたくさんの支援をいただきましたことを深く感謝いたします。

大津波で、カキも、船も、家も、ぜんぶ流されてしまいました。

わたしたちは絶望の淵に立たされました。1カ月ほど、海辺から生き物の姿がぜんぶ消えてしまいました。海は死んだと思いました。これで終わりだと思いました。

しかし、どうでしょう。まもなく、海に魚たちが戻ってきました。以前にもまして、海は豊かになったのです。なぜでしょう。それは、海に流れ込んでいる川と背景の森林の環境を整えていたからです。

今日は、わたしのような漁民がフォレスト・ヒーローになるという、20年前ならまったく考えられないことが起きました。漁師のわたしをフォレスト・ヒーローに選出してくださったことに感謝します。

地球上には、3つの森があると思っています。山の森、植物プランクトンや海藻の海の森、そして、森と海の間の川の流域に暮らす人々の心の森です。

わたしたちは、山に木を植えると同時に、環境教育を通して子どもたちの心の中に木を植えてきました。科学的な解明がいくら進んでも、大切なのは人の心に木を植えること。

森は海の恋人――このスローガンをかかげ、今後も運動を推進してゆくつもりです。

本日の授賞、まことにありがとうございます」

思わぬ大きな拍手があがり、ほっとしました。「森は海の恋人」という言葉の力を実感した一瞬でもありました。
グランドセントラル駅地下の巨大なオイスターバー
「どこか行きたいところはありませんか」

授賞式のあと、国連職員の方に問われたので、わたしは間髪を入れず、

「グランドセントラル駅地下のオイスターバーに行きたいですね」

と答えました。

カキ博士、今井丈夫先生からいつも話をきかされていて、いつか行ってみたいと、ずっと思っていたのです。グランドセントラル駅地下のオイスターバーは、500人は入るのではないかと思うような、巨大なオイスターバーです。

いろいろな名前のカキが、氷の上にズラリとならんでいました。ですが、いくらさがしても、世界一のカキの産地であったニューヨーク湾のカキは、一個もありません。

国連職員の方に問うと、

「あぶなくて、食べられませんよ」

と、笑っています。大西洋カキ(ヴァージニカ)は、ボストンやニューオーリンズなど遠隔地産のものばかりです。

「『牡蠣と紐育』の話は今でも引きずっているのだなあ」

と実感しました。

シアトル産などの西海岸のカキは、まちがいなく宮城種のカキです。
生ガキをおいしく食べられる海と共存
翌日、2001年(平成13年)9月11日に起きたアメリカ同時多発テロで大惨事のあった、ワールドトレードセンタービル跡を訪れ、祈りをささげました。

耕が、

「マンハッタンのはじっこから、スタテン島にフェリーが出ている。無料だから行ってみよう」

と言いました。船が出航しました。

400年前、ハドソンがここにたどりついたのか……。18世紀、この海が世界一のカキの産地だったのか……と思うと感無量です。

自由の女神が見えたと思ったら、あっというまにスタテン島です。少し島を見物し、帰りの船に乗りました。船上から、マンハッタンの摩天楼が見え、歓声があがっています。

でも、わたしは悲しくなりました。

ハドソンが来たときには、大森林が見えていたはずです。カキじいさんはカキの身になって考えます。森林がビル群に変われば変わるほど、カキは住みづらくなるのです。

地球にカキが出現したのは、5億年むかしのカンブリア期といわれています。カキの歴史からすると、400年なんて一瞬にすぎないでしょう。カキは、つくづく「人間はせっかちだなぁ」と思っているはずです。人間はもう少しゆっくり進むべきです。ニューヨーカーも、ハドソン川流域に木を植えるべきだと思いました。

森は海に恋い焦がれ、海は森に恋い焦がれているのです。

「人類が生き延びる道は明白だ。生ガキを安心して食べられる海と共存することである」 

思わずわたしはそうつぶやいたのでした。

…つづく

連載『カキじいさん、世界へ行く！』第16回
構成/高木香織

**

畠山さんに初めてお会いしたのは、今から20年前のこと。

気仙沼の舞根湾にある養殖場で「牡蠣は海のミルクだからパワーがつくよ」と、あの優しい笑顔を浮かべながら生ガキを剥いてくれた。剥きたての生ガキは潮の香りが口いっぱいに広がり、世の中にこんなに美味しい食べ物があるのかと感動したことを鮮明に覚えている。

以来、毎年6月に開催される「森は海の恋人」植樹祭に参加し、山に木を植えた後、舞根の海に移動して牡蠣をご馳走になった。

森や川を守ることが、豊かな海をつくるという「森は海の恋人」の理念は、畠山さんの精力的な活動により、日本のみならず世界中の人たちに知られるようになった。その思いが、これからもさらに広がってくれることを切に願う。

最後にお話をしたのは昨年10月。81歳の誕生日に『カキじいさん、世界へ行く！』の出版記念祝いを兼ねてオイスターバーに行った。

ふだんお店ではあまり牡蠣を召し上がらない畠山さんだったが、この時は生ガキを山盛りに頼んで「やっぱり牡蠣は美味いな！」と舌鼓を打っていた。

きっと天国でも白ワインを片手に、牡蠣をほおばっていることと思う。

心からご冥福をお祈りいたします。 

(書籍『カキじいさん、世界へ行く！』編集)講談社山室秀之

●プロフィール
畠山重篤(はたけやま・しげあつ)
1943年、中国・上海生まれ。宮城県でカキ・ホタテの養殖業を営む。「牡蠣の森を慕う会」代表。1989年より「海は森の恋人」を合い言葉に植林活動を続ける。一方、子どもたちを海に招き、体験学習を行っている。『漁師さんの森づくり』(講談社)で小学館児童出版文化賞・産経児童出版文化賞JR賞、『日本〈汽水〉紀行』(文藝春秋)で日本エッセイスト・クラブ賞、『鉄は魔法つかい:命と地球をはぐくむ「鉄」物語』(小学館)で産経児童出版文化賞産経新聞社賞を受賞。その他の著書に『森は海の恋人』(北斗出版)、『リアスの海辺から』『牡蠣礼讃』(ともに文藝春秋)などがある。",[],[]
【追悼】畠山重篤さん…養殖技術で世界中から称賛された、宮城県の漁師「カキじいさん」が私たちに教えてくれた「海と森」の深いつながり（おとなの週末）,https://news.yahoo.co.jp/articles/763b056a544c38a9dae2f3d350e2e4a3e783e15a,https://newsatcl-pctr.c.yimg.jp/t/amd-img/20250411-01431562-matomeshi-000-1-view.jpg?exp=10800,2025-04-11T06:00:00+09:00,2025-04-11T06:00:00+09:00,おとなの週末,matomeshi,おとなの週末,3292,"おとなの週末Web
4月3日、「森は海の恋人」のスローガンで植樹活動に取り組まれた、三陸の気仙沼湾のカキ養殖業・畠山重篤さんが逝去されました。2011年の東日本大震災で養殖施設を失った後は養殖業を立て直し、精力的にさまざまな活動に取り組んで、ついには国連森林フォーラムが創設した「フォレストヒーローズ(森の英雄たち)賞」を受賞。
【写真】オイスターバーで生ガキを頬張る故・畠山重篤さん
本稿での連載『カキじいさん、世界へ行く！』は、生前に出版された最後の著書となりました。多くの人々の心にあたたかな思い出を残した畠山さんを偲び、追悼記事をお送りします。

**

春カキが旨い季節だ。夏の産卵期を控え、たっぷりと太った甘く旨みの濃いカキである。ジューシーなカキフライ、セリがたっぷり入ったカキ鍋、炊きたてのカキご飯。茹でたカキに甘味噌をつけて焼くカキ田楽もオツだ。カキ漁師は、海で採れたてのカキの殻からナイフで身をいて、海で洗ってそのまま生で食べるのが好みだという。レモンをちょいと絞ればなおさらよい。うーん、旨い！

そんなカキ漁師の旅の本が出版された。『カキじいさん、世界へ行く！』には、畠山重篤さんの海外遍歴が記されている。「カキをもっと知りたい！」と願う畠山さんは不思議な縁に引き寄せられるように海外へ出かけていく。

フランス、スペイン、アメリカ、中国、オーストラリア、ロシア……。世界中の国々がこんなにもカキに見せられていることに驚く。そして、それぞれの国のカキの食べ方も垂涎だ。これからあなたをカキの世界へ誘おう。連載15回目は、海の仕事人である畠山さんが『フォレスト・ヒーローズ(森の英雄たち)賞』に選ばれて、大都市ニューヨークの授賞式に出かける旅である。

どんな胸躍る出会いがあるのだろうか。
漁師が「フォレスト・ヒーロー(森の英雄)」に選ばれる
東日本大震災のあった2011年(平成23年)11月、林野庁から連絡がありました。

「今年は国際連合(国連)が定めた国際森林年で、世界じゅうで森林の大切さをアピールするイベントが行われています。国連森林フォーラムでは、民間人で森林保全活動をしている個人または団体を、アジア、アフリカ、ヨーロッパ、北アメリカ、中南米(ラテンアメリカ)地域から1人ずつ選出し、「フォレストヒーローズ(森の英雄)」として表彰することになりました。そこで、長年にわたり『森は海の恋人』運動をされている畠山さんがアジア代表に選ばれたのです」

というのです。

「寝耳に水」というたとえがありますが、まさに寝ていて耳に水を入れられた感じでした。みんなに報告すると、

「世界から認められたんだ」

「いがった、いがった(よかった、よかった)」

と、喜びあいました。

ニューヨークへの出発は、翌年の2月7日に決まりました。ニューヨークへは林野庁の職員の方がつきそいで行ってくれることになっていました。でも、英語のできないわたしは心ぼそく、息子の耕をつれていくことにしました。
世界一のカキ産地だったニューヨーク
ニューヨークに向かう飛行機の中で、わたしは一冊の本を読みふけっていました。アメリカの作家マーク・カーランスキーが書いた『牡蠣と紐育』(扶桑社)という本です。

アメリカ東海岸のカキについての知識は、著名なカキ博士であった今井丈夫先生から学んでいました。

東海岸のカキは、学名を「クラスオストレア・ヴァージニカ」といい、日本では「大西洋ガキ」とよばれていること。貝柱が付着しているところの貝殻が青紫色をしているので「ブルーポイント」とよばれていること、日本のマガキに比べて殻は平べったいが、独特の味わいがある、ということなどでした。

サンフランシスコから北のアメリカ西海岸のカキは、百年前、沖縄出身の宮城新昌が、宮城県産の種ガキを移植に成功し、「パシフィック・オイスター」の名で今でも養殖されています。そのことを調べるため、わたしはシアトル沿岸を訪れ、『牡蠣礼讃』(文春新書)という本を出版したほどです。

でも、ニューヨークとカキについては、まったく知識がありません。成田からニューヨークへのフライトの13時間をかけ、この大作を一気に読みました。驚くことに、なんと18世紀中ごろまで、世界一のカキの生産地はニューヨーク湾だったというのです。

1609年、オランダにやとわれたイギリスの探検家、ヘンリー・ハドソンが、「ハーフ・ムーン号」でニューヨーク湾にたどりつきました。そのときハドソンが目にしたのは、ニューヨーク湾のカキをふんだんに味わっている先住民の人々だったのです。

ニューヨーク湾は大きな川がそそぐ大汽水域でした。ハドソンの名にちなんで、もっとも大きな川が「ハドソン川」と命名されました。

カーランスキーは、「近代文明の象徴、摩天楼が大きな顔をしているこの地は、白人が足を踏み入れる前は、大自然の恵み豊かなエデンの園のような地であった」と書いています。

ハドソン川の河口の汽水域には、250平方マイル(約650平方キロメートル)にわたって、カキの繁殖地が広がっていました。かつてニューヨーク湾には、世界じゅうのカキの優に半数が生息していただろうという生物学者がいるそうです。ですから、この地域の人々は、わざわざ遠くへ行かなくても、熟した果実をもぎとるように、浅瀬でカキをとることができたというのです。 

ニューヨークの人口は、急速に増えていきました。汚物処理は黒人奴隷の仕事でした。夜遅く、奴隷たちは次々と汚物の入った桶を頭にのせて川に運び、まさにカキの繁殖地である川に捨てていたのです。

1800年代になると、ニューヨークでは恐ろしい伝染病が流行るようになりました。原因はおそらく生ガキにちがいない、ということになり、「オイスター・パニック」といわれました。

オイスター・パニックから2〜3年して、フランスの化学者ルイ・パスツールは、「病気は細菌によって引き起こされる」という理論を展開させました。

長年疑われていた、カキと腸チフスとの因果関係も、1890年代にわかりました。公衆衛生機関の調査で、水とカキからサルモネラ菌が検出され、それが腸チフスをくりかえし発生させる原因であることがつきとめられたのです。サルモネラ菌の発生源は汚水であり、カキのせいではないこともたしかめられました。

1924年7月25日の『ニューヨークタイムズ紙』の社説には、

「ハドソン川には毎年、1400万トンもの汚物が流れこんでいると試算されました。ニューヨークの半径20マイル(約32キロメートル)以内の港や海岸の海は、あらゆる種類の廃棄物であふれています。工場からの排出物や船から流れ出る油に加えて、ゴミや下水も……。そのせいで、どんよりしているのです」

と記されていたということです。

…つづく「【追悼】畠山重篤さん「海と森」を愛した「カキじいさん」国連授賞式で拍手喝采を浴びた「感動のスピーチ」…美智子さまがご縁をつないだ」では、授賞でニューヨークを訪れたカキじいさんが、かつて世界一のカキの産地だった、アメリカのスタテン島をめぐります。

連載『カキじいさん、世界へ行く！』第15回
構成/高木香織

●プロフィール
畠山重篤(はたけやま・しげあつ)
1943年、中国・上海生まれ。宮城県でカキ・ホタテの養殖業を営む。「牡蠣の森を慕う会」代表。1989年より「海は森の恋人」を合い言葉に植林活動を続ける。一方、子どもたちを海に招き、体験学習を行っている。『漁師さんの森づくり』(講談社)で小学館児童出版文化賞・産経児童出版文化賞JR賞、『日本〈汽水〉紀行』(文藝春秋)で日本エッセイスト・クラブ賞、『鉄は魔法つかい:命と地球をはぐくむ「鉄」物語』(小学館)で産経児童出版文化賞産経新聞社賞を受賞。その他の著書に『森は海の恋人』(北斗出版)、『リアスの海辺から』『牡蠣礼讃』(ともに文藝春秋)などがある。",[],[]
